# <P(N_2)> as a function of N_tot.
# number_of_species: 2
# species_total_upper_bound: 100
# species_total_lower_bound: 0
# volume: 512
# Bin widths for each species index 
1	1	1	1	1	1	1	1	1	1	1	1	1	1	1	1	1	1	1	1	1	1	1	1	1	1	1	1	1	1	1	1	1	1	1	1	1	1	1	1	1	1	1	1	1	1	1	1	1	1	1	1	1	1	1	1	1	1	1	1	1	1	1	1	1	1	1	1	1	1	1	1	1	1	1	1	1	1	1	1	1	1	1	1	1	1	1	1	1	1	1	1	1	1	1	1	1	1	1	1	1	
# Bin lower bound for each species index 
0	0	0	0	0	0	1	2	3	3	4	4	4	5	7	7	8	9	10	11	12	12	13	13	13	15	16	16	17	18	19	20	20	21	22	24	24	25	26	26	28	29	29	30	30	30	31	31	32	34	35	36	37	37	38	39	40	40	42	44	44	45	46	47	47	48	49	51	51	52	52	53	54	55	56	57	58	59	59	60	62	62	63	64	64	64	65	67	68	69	70	71	72	72	73	74	76	76	77	79	80	
# Bin upper bound for each species index 
0	1	2	3	4	5	6	7	8	9	10	11	12	13	14	15	16	17	18	19	20	21	22	23	24	25	26	27	28	29	30	31	32	33	34	35	36	37	38	39	40	41	42	43	44	45	46	47	48	49	50	51	52	53	54	55	56	57	58	59	60	61	62	63	64	65	66	67	68	69	70	71	72	73	74	75	76	77	78	79	80	81	82	83	84	85	86	87	88	89	90	91	92	93	94	95	96	97	98	99	100	
# Normalized histogram for each species index 
1	
0.0786496194036244	0.921350380596376	
0.00628596538952479	0.144830400301325	0.848883634309151	
0.0004419579364963	0.0166247400093419	0.201187212125147	0.781746089929014	
8.01645482833184e-05	0.00182268867675755	0.0315257634091029	0.249149306471178	0.717422076894679	
4.23315363596149e-06	0.000201074797708171	0.00404901145279716	0.0492506259775939	0.287386683768607	0.659108370849657	
8.44450167940027e-06	0.000464447592367015	0.00817427762565946	0.0671126770970337	0.315167802803997	0.609072350379264	
3.9926451273969e-05	0.00106540583136328	0.0119380089309167	0.0864365642237983	0.338635145784082	0.561884948778566	
0.000149311170788847	0.00199572255040303	0.017696528199833	0.106557704561561	0.3559283895213	0.517672343996114	
3.16238865756601e-05	0.000269857165445633	0.00310968217993991	0.0249449217308807	0.127347282981078	0.36957571285511	0.47472091920097	
6.99048869870994e-05	0.000550765776261995	0.00503950685279725	0.0335077424958163	0.146349058402356	0.379236130234923	0.435246891350859	
1.06299974275406e-05	0.000131811968101504	0.000846147795232234	0.00724115424764067	0.0436680294323369	0.1651433880353	0.380303039966664	0.402655798557297	
1.06132325783787e-05	2.97170512194604e-05	9.55190932054085e-05	0.0013648617095795	0.0100040330283798	0.0525312559699433	0.180121415380697	0.384065292606822	0.371777291927575	
2.12624810763918e-06	2.76412253993094e-05	0.000176478592934052	0.00197103199578152	0.0131210770722414	0.0627498341526476	0.196427052679923	0.384644661416251	0.340880096616714	
1.92150030744005e-05	0.000249795039967206	0.00284168545466967	0.0173191227710596	0.0727437316389971	0.213100789096126	0.380042870806859	0.313682790189246	
4.25409722739213e-06	7.65737500930584e-05	0.000540270347878801	0.00388611781722271	0.0211258468312293	0.0840737235049507	0.226849734650685	0.373486339030279	0.289957139970434	
2.11870242188874e-06	0.00016737749132921	0.000898329826880825	0.00533277399589395	0.0267083627303294	0.0955344109053851	0.23905743166655	0.366967734280817	0.265331460400392	
2.12001399209235e-06	0.00014416095146228	0.00133136878703399	0.00727376800686885	0.0319910111406735	0.109524162859475	0.248406279481445	0.357917722256967	0.243409406502083	
6.39527943107594e-06	0.000240888858570527	0.00177788768183911	0.00921133414055971	0.0386019066459744	0.120698108702696	0.256141600013643	0.34980046728175	0.223521411395535	
3.6218915648276e-05	0.000313187094135092	0.00212839392544869	0.0113407816468102	0.0450584615909052	0.13108264730446	0.264366126365666	0.340008266434866	0.20566591672206	
6.02014598854022e-05	0.000455811053418045	0.00296062179507853	0.0144655507896066	0.0514485976284925	0.141619634276131	0.271874092946754	0.328880575353952	0.188234914696681	
2.154810182771e-06	5.8179874934817e-05	0.000571024698434315	0.0038786583289878	0.0171005736104707	0.0601041204280315	0.150950917733657	0.27525760755735	0.31892914553157	0.173147617426381	
2.15134728123487e-05	0.000154897004248911	0.000933684720055935	0.00504490937449578	0.0206529338998548	0.0658441348894745	0.1600344215565	0.278724251062228	0.307309202387995	0.161280051632335	
8.60091126654869e-06	6.66570623157524e-05	0.000230074376380177	0.00143635218151363	0.00628296568021382	0.0237815196520071	0.0734130781156263	0.170285141710764	0.279609174592048	0.294047954380767	0.150838481337098	
2.14069045830042e-06	1.49848332081029e-05	6.20800232907122e-05	0.000451685686701389	0.00182600896093026	0.00779211326821353	0.0275228572223685	0.0809138179428393	0.178366610366508	0.280695895654184	0.28495801035666	0.137393794994638	
1.49047162780794e-05	7.66528265729799e-05	0.000536569786010859	0.00237623762376238	0.0093324816352603	0.0322857447035026	0.0890727137229852	0.187113808155009	0.280800596188651	0.272211221122112	0.126179069519855	
6.37717142687085e-06	8.92803999761919e-05	0.000665351552203525	0.00292712168493372	0.0111749300636867	0.0365433179997789	0.0969053712789205	0.19387451427211	0.281866725620074	0.261264210463663	0.114682799493227	
8.54405099089631e-06	1.49520892340685e-05	9.61205736475835e-05	0.000721972308730739	0.00357141331419466	0.0136042651902547	0.0414066071146313	0.104421119185239	0.201983501437537	0.28022564838667	0.247997488049009	0.105948368299862	
8.56179044161715e-06	1.71235808832343e-05	0.000190499837325982	0.00104239798626689	0.00436223223000394	0.0159591773831744	0.0464284491172794	0.112966403534307	0.207916659531841	0.27599359578075	0.236433843045258	0.0986810561824689	
8.56296347039784e-06	1.71259269407957e-05	0.000308266684934322	0.00125233340754568	0.0051613262317823	0.0184210751656933	0.052206247538148	0.119521844119813	0.212907382987104	0.272203764278742	0.226284872668733	0.0917071980270932	
4.26432867739714e-06	1.91894790482871e-05	0.000360335773240058	0.00157566944629824	0.0062621666627577	0.0210231403795679	0.0574852827356521	0.126341397889584	0.216870963546386	0.268511983829666	0.216764355329451	0.0847812505996712	
4.26202957848527e-06	7.24545028342497e-05	0.000507181519839748	0.00196053360610323	0.00734987000809786	0.0230554490048161	0.0628862464305502	0.133898052252483	0.221557345607979	0.26415206921536	0.20692153603546	0.0776349997868985	
2.13796273530952e-06	8.55185094123809e-06	0.000124001838647952	0.000579387901268881	0.00228762012678119	0.00826750189744193	0.0260532138924819	0.0674954835537217	0.141888034891552	0.223842560424172	0.261808502677798	0.196164494852855	0.0714785081296033	
2.14592274678112e-06	1.71673819742489e-05	0.000124463519313305	0.000639484978540773	0.00264592274678112	0.00995064377682403	0.0294721030042918	0.0732789699570815	0.147051502145923	0.228920600858369	0.256274678111588	0.186427038626609	0.0651952789699571	
6.45584738376785e-06	8.60779651169046e-06	0.000187219574129268	0.000843564058145665	0.00329893801310537	0.0114957122413626	0.0339943403737936	0.080646445518028	0.154238801794726	0.231151615575808	0.250151174426237	0.175203090198948	0.0587740345818225	
1.29474978960316e-05	0.000222265380548542	0.00111780065169073	0.00399214518460974	0.0135905569582012	0.03687878984053	0.0866748667486675	0.161302086705078	0.231328629075764	0.244869553958697	0.165346021881271	0.0546643361170454	
4.29402936686684e-06	3.64992496183681e-05	0.000311317129097846	0.00144064685258382	0.00457099426102975	0.0152266281349098	0.0414309423462147	0.093034440262537	0.166810158814676	0.230941487408832	0.237004656874848	0.157805579232356	0.0513823554039286	
2.15052376006176e-05	8.38704266424088e-05	0.000399997419371488	0.00153977501220422	0.00522147168942996	0.0177160147353888	0.0460835736543635	0.0979004436530517	0.170742984453864	0.232626456173401	0.230282385274934	0.150822682864412	0.0465588394053372	
1.28568857194285e-05	0.000100712271468856	0.000389992200155997	0.00208710111512055	0.00623773238820938	0.0196281788649941	0.0500025713771439	0.103707925841483	0.176473613384875	0.231839648921307	0.225154068347204	0.140857897127772	0.0435077012745459	
1.28402121203042e-05	2.14003535338404e-06	8.77414494887456e-05	0.000522168626225705	0.00212505510591035	0.00755004472673889	0.0223740696196301	0.0555724380566767	0.108822937754932	0.181853784224515	0.231740148347251	0.216295513201878	0.133720109056202	0.0393210095830783	
2.14378356361142e-05	0.000111476745307794	0.000726742628064271	0.00251037055298897	0.00877236234229792	0.0245356028855327	0.0598115614247586	0.116023710246214	0.184779136698359	0.229391272657113	0.211347046402195	0.126236695143258	0.0357325844382751	
2.79921449734721e-05	0.000172259353682905	0.000925894026045614	0.00316526562392338	0.00991352580445118	0.0270231861090057	0.0636390649762282	0.121169382622476	0.187958640529181	0.228874543512713	0.205912371666782	0.118656549300627	0.0325613243299111	
2.15496341949595e-06	3.23244512924393e-05	0.000295229988470946	0.00119600469782025	0.0035169003006174	0.0119277225269101	0.0297255654085272	0.0686506696548826	0.124744367464362	0.191309032529173	0.229548858408129	0.198872954131604	0.110194054455926	0.0299841610188667	
1.07620615805164e-05	9.4706141908544e-05	0.000325014259731594	0.00120965572165004	0.00435433011547692	0.0127917863946018	0.032576760404223	0.0718496755238433	0.12946329598898	0.195624145761362	0.227410970845575	0.191293492181362	0.104968843831724	0.0280265607679807	
4.29278511605545e-06	3.43422809284436e-05	0.000137369123713774	0.000401375408351184	0.00143593662132055	0.00503972972624909	0.0140975063211261	0.0356065061451219	0.0757590717281465	0.135467419907362	0.198788146761738	0.222990869246058	0.184276386676912	0.0996634456469013	0.0262976016209557	
4.28470125991641e-06	4.28470125991641e-06	4.49893632291223e-05	0.000111402232757827	0.000546299410639342	0.00166674879010748	0.00576292319458757	0.0160312097639772	0.0388729521805916	0.079241265100894	0.141127347748497	0.200269079239123	0.219560946661896	0.177817244637161	0.0949639763741573	0.0239750458998622	
6.42888368863631e-06	1.28577673772726e-05	5.57169919681813e-05	0.000137149518690908	0.000572170648288631	0.00208724423757725	0.00619315795338631	0.0177458619418657	0.0414534420243269	0.0850112719760674	0.14665998062763	0.201378352662844	0.217154833234757	0.171282605155108	0.0883521485329287	0.0218967778434953	
1.50040082136228e-05	2.14342974480325e-06	1.7147437958426e-05	5.35857436200814e-05	0.000135036073922605	0.000681610658847435	0.00257425912350871	0.0070497404306579	0.0201396658821714	0.0458929742659825	0.0903712849003948	0.151750539072581	0.202558397743397	0.212135241843178	0.163460095768441	0.0830600460408709	0.0201032275765097	
2.14762794493482e-06	4.29525588986964e-06	1.93286515044134e-05	8.59051177973928e-05	0.000180400747374525	0.000850460666194189	0.00258789167364646	0.0082898438674484	0.0221828490432317	0.0494448381762344	0.0960913171402186	0.155387324699869	0.202845607027039	0.207709984322316	0.157492000085905	0.0778729892833366	0.0189528166140498	
4.30684551560478e-06	1.72273820624191e-05	5.38355689450597e-05	0.000312246299881346	0.000962579972737668	0.00307078085262621	0.00904222216001223	0.0244671893741507	0.0524530715345506	0.100179380115725	0.159669837222774	0.203963589928011	0.203065612638007	0.151635416913413	0.0730828615542975	0.0180198416372904	
2.15389585913521e-06	4.30779171827042e-05	0.000112002584675031	0.000318776587152011	0.00121048947283399	0.00339453987399709	0.00993161380647246	0.0259867535404663	0.0569188519735071	0.104382101125411	0.163782241128641	0.202722524365947	0.200165849981153	0.145370739324754	0.0686683538850897	0.0169899305368585	
1.293083940544e-05	4.31027980181333e-05	0.00010344671524352	0.000405166301370453	0.0012607568420304	0.00360339391431595	0.0115968078067788	0.0290749924031318	0.0602620219091522	0.110067305019105	0.166120338701787	0.204380537362583	0.194591891932665	0.138452652653947	0.0652425502201475	0.0147821045803188	
1.08088476903654e-05	3.67500821472424e-05	0.000136191480898604	0.000479912837452225	0.00143541497328053	0.0047148193625374	0.0132235442643931	0.0311856873562423	0.0645050412465628	0.114545682513879	0.169629732113519	0.204293706656521	0.189974145236325	0.132367310585753	0.0599026339000052	0.0135586185427944	
2.17051571453377e-06	6.51154714360132e-06	7.81385657232158e-05	0.000167129710019101	0.000488366035770099	0.00181021010592117	0.00540675464490363	0.0140692828616079	0.0338426810210106	0.0689594547664525	0.118805348150721	0.173211495051224	0.202246483764542	0.185974127452683	0.126159055391561	0.0563791456850148	0.0123936447299878	
4.34940511011606e-06	1.52229178854062e-05	5.65422664315088e-05	0.000204422040175455	0.000593693797530843	0.00217470255505803	0.0059021427344275	0.0154795327869031	0.036948196410436	0.0731896144904781	0.123307809574345	0.174863483047106	0.200738094047187	0.179423834305063	0.122129120789504	0.0537977918070256	0.0111714470253331	
2.18191021875832e-06	3.05467430626165e-05	0.000104731690500399	0.000209463381000799	0.000746213294815345	0.00239355550997788	0.00648027334971221	0.0174618274807228	0.0400533258857465	0.0774709042272329	0.127246822047766	0.175576133393263	0.199732061425136	0.176291799945016	0.115820158232129	0.0496188202847829	0.010761181198916	
4.36734622573939e-06	2.40204042415667e-05	0.00014630609856227	0.000270775465995842	0.000912775361179533	0.00291957095190678	0.00765159058749541	0.0193495274531384	0.0426384012018937	0.0816431703439722	0.131826162150831	0.176862236430655	0.198733906329158	0.171407420994707	0.109511206610415	0.0466432576908967	0.00945530457872578	
4.3711356428957e-06	2.18556782144785e-05	2.84123816788221e-05	0.000135505204929767	0.000288494952431116	0.0011736499201175	0.00342478477620878	0.00873134344668417	0.0209661521111492	0.045848841758333	0.0859802380957585	0.134263802407184	0.179817592509622	0.194893639341969	0.167209051747689	0.105018719388391	0.0433616655775254	0.00883187956647077	
2.63313804226187e-05	3.9497070633928e-05	0.000122879775305554	0.000340113663792158	0.00134290040155355	0.00362275908981195	0.00995984464485551	0.0238057621837491	0.0491343558686064	0.0888333004191078	0.138250718627257	0.179511991749501	0.194602067013363	0.162089395036535	0.0999912228731925	0.039745024466241	0.0085818357360718	
3.73149889920783e-05	0.000158039953378214	0.000368759891215832	0.001459674569396	0.00407391879819395	0.0110913317280571	0.0258944073611498	0.0523836595468204	0.0936935473604035	0.139957548712523	0.180343341798714	0.190714713739159	0.15858650821698	0.0945122821188768	0.0387527135679495	0.00797223764818989	
8.79234889798897e-06	6.15464422859228e-05	0.000158262280163801	0.000542927544450819	0.00154965149327056	0.00436320314062703	0.0122367515787761	0.0277728320815227	0.0565985479435795	0.0971708419333496	0.143069101268077	0.181904906350494	0.188558516379047	0.151344899668309	0.0914360323646363	0.0361959023257961	0.00702728485671768	
4.412673197423e-06	9.04598005471715e-05	0.000167681581502074	0.000586885535257259	0.00182022769393699	0.00501941576206866	0.0135248433501015	0.0305312858529697	0.0588672667902215	0.100207395640279	0.147206777866031	0.182631718294943	0.1840746624305	0.147890742211632	0.0874062306945548	0.0337039978819169	0.00626599594034066	
6.62299902641914e-06	9.05143200277283e-05	0.000220766634213971	0.000779306218775319	0.00217675901334976	0.0060092677833043	0.0151203067773149	0.0324129572352953	0.0613841626431948	0.103058280183766	0.150074950272316	0.180220634174233	0.183103846417068	0.144306318120305	0.0837875606832286	0.0316402740155464	0.00560747250903487	
1.10082694119823e-05	9.02678091782547e-05	0.00034786131341864	0.000979735977666423	0.00249667550263758	0.00672385095683878	0.0164617660786783	0.0348037445729232	0.0642552685577406	0.105798275664679	0.151733582266999	0.181867618955359	0.181405271640056	0.139884281071941	0.0793542108832155	0.0289759667462198	0.00481061373303626	
8.78780955059142e-06	1.75756191011828e-05	0.000129620190871223	0.000503102096771359	0.00103037066980684	0.00261437334130095	0.00760365221364923	0.0177513752921947	0.0360871399195037	0.0680989331599206	0.110001406049528	0.154652266376083	0.18220864017435	0.177597237112677	0.134756665553544	0.0753115278485685	0.0268138038912421	0.00481352268133645	
4.39027816802473e-06	1.31708345040742e-05	0.000142684040460804	0.000414881286878337	0.0012073264962068	0.00311270722112953	0.00820762503512223	0.0187706343073897	0.0378639540601292	0.0710544570103962	0.114478698370329	0.15629390278168	0.183395089912897	0.173894527957291	0.129524181652149	0.071726169570104	0.0254021494801911	0.00449344970497331	
4.40304602724165e-06	3.52243682179332e-05	0.000162912703007941	0.000541574661350722	0.00130110010104991	0.00344538351631659	0.00881489814653777	0.0200382624699767	0.0405828752330862	0.0746052118855824	0.117473268006807	0.159311011357657	0.183459517294064	0.16946663701949	0.125504423960496	0.0673930224929606	0.0237940607312139	0.00406621300615766	
4.18020650220121e-05	0.000206810216424691	0.000635831410071658	0.00141686999337767	0.00407020106793276	0.00999949397500237	0.0218888813107368	0.0428185152346526	0.078726489088561	0.122057629646905	0.161397773049989	0.180725727850956	0.16575838846439	0.120275541611756	0.0635897413332219	0.0223223027217545	0.00406800095924739	
6.5963785881551e-06	6.15662001561143e-05	0.000193493771919216	0.000692619751756286	0.00158972723974538	0.00450752536857265	0.0112886025571961	0.0232566321089722	0.0468738662474302	0.0830637979749118	0.124414296551193	0.162200551897009	0.178260534966304	0.161305643201882	0.116287558130586	0.061568398948977	0.0207610022097868	0.00366758649501424	
1.96855560513399e-05	7.87422242053597e-05	0.000220915684576148	0.000664934337734149	0.00177170004462059	0.0050285659291145	0.0118944504230207	0.0252718794019091	0.0502441008950366	0.0854243768427868	0.127341487528107	0.163118892009414	0.176564126792479	0.159131473267015	0.112111428996387	0.0581073868955441	0.0196133756791517	0.00339247749284758	
2.1715573758032e-06	2.38871311338353e-05	9.77200819111442e-05	0.000228013524459337	0.0006775259012506	0.00205863639226144	0.00547232458702408	0.0129663690909209	0.0278393655577971	0.0530055439859804	0.0877938931463478	0.130121889515504	0.164056816627181	0.174992779571725	0.155500880566516	0.108760279609728	0.0550033767717194	0.0182454250714985	0.00315310130966625	
4.33407012525463e-06	3.03384908767824e-05	7.36791921293287e-05	0.000273046417891041	0.000732457851168032	0.00228188792094656	0.00628656871668184	0.0141615741342695	0.029590863780176	0.0551120357127378	0.0923026914575478	0.131170632340831	0.16434360507953	0.175332639882113	0.153079356823993	0.104266892038313	0.0514930871581502	0.016664499631604	0.00279980930091449	
1.08284406828848e-05	3.03196339120774e-05	0.000110450094965425	0.000324853220486544	0.00100704498350828	0.00277857787922824	0.00668114790133991	0.0153005866849162	0.031883260746686	0.0584584198706218	0.0950520523143626	0.133947811247285	0.164969128115613	0.174218782146933	0.149430315735673	0.0994245766621115	0.0482190463608859	0.0156514281630417	0.00250136979774638	
8.62245502850799e-06	4.5267888899667e-05	0.000153048576756017	0.000394477317554241	0.00117912072514847	0.00314288485789116	0.00748429096474494	0.0167340295965769	0.0338302023043511	0.0618768928983305	0.0984555027430185	0.137204815641133	0.166575053081989	0.17132387018894	0.144445522251323	0.0949871202078012	0.0452937562647525	0.0145331479505502	0.00233237408521141	
2.15066251158669e-05	6.45198753476008e-05	0.000133341075718375	0.000445187139898446	0.00137642400741548	0.00340664941835332	0.00798110858049822	0.0179838399218879	0.0356128205293641	0.0652575525890751	0.101691926197865	0.140270510330707	0.167358104664142	0.169528123138333	0.139169371124775	0.0902977162114789	0.04325197377052	0.0138997318123848	0.00224959298711968	
3.2113862912342e-05	4.28184838831227e-05	0.000137019148425993	0.000618727092111123	0.00147295584557942	0.00348328366389203	0.00860865618470181	0.0196536841023533	0.0380634912479019	0.0676360771417806	0.105108673312095	0.142180916658103	0.168379406021992	0.166095039906827	0.134788305415682	0.0871398965505429	0.0414204603843387	0.0131281471585654	0.00201032781831261	
2.35688864986705e-05	7.92771636773462e-05	0.000272113507757378	0.000747776489821455	0.00155983176100292	0.00393600404527797	0.0101239080642016	0.0216490935620515	0.0401206726988732	0.0710366239069929	0.107253431951268	0.145745708855688	0.165774977127467	0.163287388288835	0.131229417398552	0.0829603378492748	0.0400949611863292	0.012277247239762	0.00182766001666963	
3.22340103191812e-05	7.95105587873136e-05	0.000320191169170533	0.000636084470298508	0.00170195574485277	0.0044783785003449	0.010970308178628	0.0228324239760867	0.0428411486482131	0.0728725015955835	0.110646463821621	0.146370342991359	0.165904153244783	0.161791093528055	0.126795702991531	0.0803271537153995	0.0383756637519958	0.0112066909209687	0.00181799818200182	
8.61641858561489e-06	2.80033604032484e-05	8.18559765633414e-05	0.000310191069082136	0.000687159382202787	0.00187622514701764	0.00518492988389376	0.0120737565430929	0.0242379854813347	0.044232384809254	0.0765374921913707	0.112952631238826	0.149104969519419	0.166574758201753	0.157770932511901	0.124134588458307	0.0765224134588458	0.0355491889796006	0.0105098765698038	0.001622040798742	
2.15654814278074e-06	2.15654814278074e-05	8.62619257112296e-05	0.000306229836274865	0.000795766264686093	0.00223849697220641	0.00557467694908821	0.013101029967393	0.0255831306178079	0.0473427013784656	0.0784530648862205	0.116285388955023	0.150363162707244	0.166006762934976	0.15578041164191	0.119750961820472	0.0736116143056778	0.0333510170281041	0.00987267739765023	0.00147292238151925	
1.72344335364842e-05	9.69436886427237e-05	0.000346842974921745	0.00104699183734142	0.00221677901363028	0.00607298351741863	0.0133092912985499	0.0273833605852814	0.0497751983575585	0.0816244315329813	0.118510427909442	0.151374338359325	0.165312686481957	0.153978892127526	0.117276011607391	0.0699524114203974	0.0312632624351824	0.0090868550821113	0.00135505733680607	
2.15484268570973e-06	4.74065390856141e-05	0.000120671190399745	0.000458981492056172	0.00106449228674061	0.0025470240545089	0.00622965020438683	0.014476233162598	0.0294286865587378	0.0526751294521743	0.0850947376586772	0.121623630866829	0.151112653020766	0.165679389576164	0.151116962706138	0.112961163270275	0.066166599507403	0.0295472029064518	0.00850085439512488	0.00114637630879758	
4.30256497410932e-06	6.45384746116397e-05	0.000178556446425537	0.000441012909846205	0.00120902075772472	0.00276654927835229	0.00735953738821398	0.016295964839439	0.0310365524407375	0.0561613806070489	0.0872775304998075	0.122410124795897	0.152254866738806	0.164349376881028	0.147810317120551	0.109364747794398	0.0641813617187887	0.0280290595238351	0.00770589386862978	0.00109930535088493	
2.3547998313107e-05	5.99403593424543e-05	0.000171258169549869	0.000494507964575248	0.00132296935977274	0.00338877102996804	0.00791640888744271	0.0171579278617775	0.0334060466978214	0.0576818922315154	0.0907068895020883	0.125530097552935	0.153295328291207	0.162217878924756	0.144017416955843	0.105927459320833	0.0618456064786966	0.0265171868276779	0.00729131656858569	0.00102754901729922	
4.2712591244773e-06	8.54251824895461e-06	4.9119479931489e-05	0.000179392883228047	0.00057021309311772	0.00144154995451109	0.00392528713539464	0.00871763987305818	0.0191523259141562	0.0354386369557882	0.060698863417947	0.0934316577183788	0.128261640248929	0.153797362924617	0.160022723098542	0.140513747047492	0.102463235137086	0.0581788205345054	0.0252089713526651	0.00697710177983368	0.000958897673445155	
4.28738330278573e-06	8.57476660557146e-06	1.71495332111429e-05	4.7161216330643e-05	0.000261530381469929	0.000643107495417859	0.00149200938936943	0.00421235409498698	0.00961874443979978	0.0202450239557542	0.0380848258786456	0.0636547798964597	0.0965604467453401	0.129442532986055	0.154847422746712	0.157685670493156	0.138165214315573	0.0974393603224112	0.0560768299087859	0.0238292763968831	0.00652968477014266	0.00113401288358682	
4.28234346964033e-06	1.2847030408921e-05	3.21175760223024e-05	8.77880411276267e-05	0.000308328729814103	0.000822209946170943	0.00167867864009901	0.00486902452498105	0.0104424945507179	0.0214352702372847	0.040136264169204	0.0664212883858563	0.0983183237194722	0.132191660564327	0.154847398690459	0.156136384074821	0.134457020259767	0.0937319338634875	0.0545035265098473	0.0223217153355002	0.00617299811148653	0.00106844469567526	
1.07170338679704e-05	1.28604406415645e-05	0.000132891219962833	0.000327941236359895	0.000928095132966239	0.00208339138393345	0.00517847076500331	0.0112485987478218	0.0223685930892279	0.041393471611649	0.0687197645682	0.102358390472986	0.13464881351718	0.154299566817491	0.153585812361884	0.130441306020615	0.093210330363286	0.0518425796329202	0.0204481006200876	0.00581291916998716	0.000947385793928586	
8.57364547118612e-06	3.42945818847445e-05	0.000150038795745757	0.000297934180123718	0.000880942072164374	0.00240062073193211	0.00556429591079979	0.012208871150969	0.0240469321353093	0.0430739948472391	0.0714484745341295	0.104772091069262	0.136295242055446	0.153948378080618	0.150763268788072	0.12958850788561	0.0892838005255645	0.0492770273456422	0.0193357139488925	0.0058086448067286	0.000812352908394885	
2.14217164792981e-06	4.71277762544557e-05	0.000102824239100631	0.000347031806964628	0.000863295174115712	0.00274412188099808	0.00639224019742254	0.0137463154647656	0.0255196908417878	0.0458253358925144	0.0736585721140664	0.106493779133534	0.136190704688785	0.154253496024129	0.150037702221004	0.126191047436249	0.0870728509734028	0.0465108308198519	0.0183991122840691	0.00498697559638059	0.000614803262955854	
6.43340567340602e-06	6.00451196184562e-05	0.000102934490774496	0.000405304557424579	0.00113656833563506	0.00290361042726392	0.00666929721476424	0.0148697449797991	0.0269452474287822	0.0468158930853756	0.0760321327168701	0.10941936369329	0.137732782061949	0.154427469784438	0.150119232451814	0.122779402808396	0.0833490594360905	0.0443604765866923	0.01711285909126	0.00424604774444797	0.000506094579641273	
8.53715798010842e-06	6.18943953557861e-05	0.000134460238186708	0.000379903530114825	0.00135100525035216	0.00314380842617493	0.00716480983480599	0.0152025440730781	0.027871686515559	0.0498975541042387	0.0793336748196525	0.110426004183207	0.140037136637213	0.155681478635762	0.147808084688607	0.119801937934861	0.0794019720834934	0.041814999786571	0.0157958765526956	0.00415546164681777	0.000527169505271695	
6.40105147938968e-06	9.17484045379188e-05	0.000110951558976088	0.000546223059574586	0.00151064814913596	0.00340109201938238	0.00763218704725896	0.016393092838717	0.0305671544979122	0.0527937389181796	0.0814107063987044	0.113420231163306	0.140622566266885	0.15508680892648	0.145363611729287	0.115846229673994	0.0768744945836436	0.0392235097818735	0.0147181510349433	0.00385770035824551	0.000522752537483491	
4.25174587314916e-06	2.33846023023204e-05	6.80279339703866e-05	0.000136055867940773	0.000663272356211269	0.00157952359187491	0.00381806779408795	0.00883725379734053	0.0172068155486347	0.0329722892462717	0.0550239692173599	0.0840782746415247	0.115477417914731	0.141236620287205	0.154627493914689	0.143060619266786	0.112917866899095	0.0726198195133877	0.0376470838337993	0.0139627334474218	0.00356721478757215	0.000471943791919557	
1.05720538328981e-05	2.53729291989555e-05	8.45764306631849e-05	0.000236814005856918	0.000600492657708613	0.00189451204685534	0.00438317351911956	0.0091215680470245	0.018615272388967	0.0344627810844813	0.0576790113015255	0.0872934484982398	0.118062353973506	0.141891763312859	0.152322151624396	0.14055545570838	0.110645001004345	0.0692913552315808	0.0355369017539037	0.0136464070875049	0.0031441288099039	0.000496886530146212	
2.10784138072042e-06	1.05392069036021e-05	0.0001032842276553	0.000263480172590052	0.000737744483252146	0.0020024493116844	0.00469205491348365	0.00991317801352813	0.0201277773444993	0.0366300675141594	0.0592408820051473	0.0900195818464269	0.119139410521079	0.143025469047403	0.151277668052924	0.138795031396297	0.106199372284837	0.0671705812794176	0.0342566381194682	0.0128367540085873	0.00313436013313126	0.000421568276144084	
1.89048226202504e-05	0.000109227864028114	0.000336085735471119	0.000737288082189767	0.00219295942394905	0.00513791068101473	0.0108450665764837	0.0212805286628619	0.037719322199093	0.0614028638705734	0.0925286040468924	0.12101187012807	0.143168322239003	0.15049079020058	0.135742928020938	0.104119360848953	0.0649548699873338	0.0323881622201824	0.0123427486351768	0.00313189894742149	0.000340286807164508	
2.09671737927101e-06	3.98376302061493e-05	0.000115319455859906	0.000337571498062633	0.000895298320948723	0.00252025428988376	0.00576806951037456	0.0113537246087525	0.0219987587433115	0.0392128084271265	0.0652456514081554	0.0929894157706694	0.122421037623497	0.143765620544476	0.149653202945469	0.133483318516531	0.10006374020833	0.0635410201788081	0.031310280624654	0.0120016102789473	0.00295427478739286	0.000327087911166278	
2.08287770383562e-06	3.12431655575343e-05	9.78952520802741e-05	0.000435321440101644	0.00115599712562877	0.00261192864060987	0.00610908030534987	0.0122827298195186	0.0232032576207288	0.0415638245800398	0.0661459472407078	0.0942127242998927	0.123760427406505	0.145630643296779	0.148698722154529	0.130740150592058	0.0982535070453338	0.060884598160819	0.0300205163453828	0.0110663292404786	0.00275564720217452	0.00033742618802137	
2.69303911535737e-05	0.000134651955767868	0.000551037234373123	0.00116007838815394	0.00281526165982359	0.00627892427588321	0.0126510691365288	0.0246868824136259	0.0431383434909245	0.067626355323724	0.0971731375562949	0.125758711981538	0.146128445536391	0.146675339633664	0.128277739338672	0.0953107974295977	0.0590334889771837	0.0288942381392343	0.0105525701951003	0.00275725774041589	0.000368739201948932	
4.13694102170032e-05	0.000213052462617567	0.000690869150623954	0.00133830042052005	0.00299100835868933	0.00665013269238327	0.0136519053716111	0.0258351966805185	0.0446893053869178	0.0695316362222282	0.0995678965102834	0.126189111984925	0.147283374254575	0.145463120205027	0.126819995490734	0.0916456544537273	0.0564485602411009	0.0275230686173723	0.0105554050168684	0.00246768531944424	0.000403351749615782	
