# <P(N_1)> as a function of N_tot.
# number_of_species: 2
# species_total_upper_bound: 100
# species_total_lower_bound: 0
# volume: 512
# Bin widths for each species index 
1	1	1	1	1	1	1	1	1	1	1	1	1	1	1	1	1	1	1	1	1	1	1	1	1	1	1	1	1	1	1	1	1	1	1	1	1	1	1	1	1	1	1	1	1	1	1	1	1	1	1	1	1	1	1	1	1	1	1	1	1	1	1	1	1	1	1	1	1	1	1	1	1	1	1	1	1	1	1	1	1	1	1	1	1	1	1	1	1	1	1	1	1	1	1	1	1	1	1	1	1	
# Bin lower bound for each species index 
0	0	0	0	0	0	0	0	0	0	0	0	0	0	0	0	0	0	0	0	0	0	0	0	0	0	0	0	0	0	0	0	0	0	0	0	0	0	0	0	0	0	0	0	0	0	0	0	0	0	0	0	0	0	0	0	0	0	0	0	0	0	0	0	0	0	0	0	0	0	0	0	0	0	0	0	0	0	0	0	0	0	0	0	0	0	0	0	0	0	0	0	0	0	0	0	0	0	0	0	0	
# Bin upper bound for each species index 
0	1	2	3	4	5	6	6	6	7	7	7	8	9	9	8	8	8	9	9	9	10	10	10	11	10	11	11	11	11	11	11	12	12	12	12	12	12	12	13	13	13	13	13	14	15	15	16	16	15	15	15	15	16	16	16	17	17	17	17	17	17	18	19	19	19	17	17	18	17	18	18	18	18	18	18	19	19	19	19	19	19	20	20	20	21	21	21	21	22	22	21	22	22	21	22	21	21	22	23	23	
# Normalized histogram for each species index 
1	
0.920912750754619	0.0790872492453808	
0.847702856063392	0.145995257306167	0.00630188663044054	
0.780312835643298	0.20204385762932	0.0171963782345109	0.000446928492871312	
0.718363433988008	0.24800473950666	0.0317159168432013	0.00185199813292162	6.39115292090051e-05	
0.66129075081751	0.284896750124322	0.0495012417827422	0.00413401350927588	0.00017509100785685	2.15275829332193e-06	
0.609007939770708	0.314979033428544	0.0676993254233531	0.0077932013255592	0.000507630545059361	1.21545341774776e-05	7.14972598675156e-07	
0.560285737436781	0.339377025270209	0.0870485247392201	0.0121808417953386	0.00105409062454511	5.01947916450052e-05	3.58534226035752e-06	
0.515623170099963	0.356691389851065	0.107580698816147	0.0180168140645533	0.00194638496175127	0.0001293279044353	1.22143020855562e-05	
0.474241315889227	0.36915302002706	0.127581784532346	0.0255144867647916	0.00319650369820517	0.000282679107424534	2.73328399036445e-05	2.8771410424889e-06	
0.436133611913554	0.377822623335487	0.146736441360952	0.0336370491526998	0.00503000066980249	0.000586977455024203	4.6814152854691e-05	6.48195962603414e-06	
0.402501903245899	0.381021898862666	0.164858583062265	0.0433010069901031	0.0072460320206704	0.000960274067409509	0.000100929706784783	9.37204420144416e-06	
0.370701276217605	0.384228420735534	0.181124978161732	0.0523996212543326	0.0100308647522803	0.00136817199136966	0.000111438076018023	3.01961238242384e-05	5.03268730403974e-06	
0.340795738947211	0.383056646420815	0.19764704020419	0.0630266337380825	0.0132150762654497	0.00199988633739521	0.000221570140977599	2.73365758348986e-05	9.35198646983373e-06	7.19383574602595e-07	
0.31384871445832	0.379123282371673	0.212987356061339	0.0734052888300567	0.017298623010265	0.00293615381173105	0.000365214805490636	3.10360407828011e-05	2.8870735611908e-06	1.4435367805954e-06	
0.289401638038132	0.37305492885948	0.226612099043697	0.0848566914917626	0.0214225508200646	0.00405003089617659	0.000548704559727681	5.19142290412523e-05	1.44206191781257e-06	
0.265780527594235	0.36716841057953	0.237691699627508	0.0961345464650668	0.0267634349923903	0.00548011478579893	0.000868956719188033	0.000110149443277356	2.15979300543836e-06	
0.244386753241889	0.358729868307504	0.247958197249167	0.108093448222706	0.0321012163655407	0.0072494982834306	0.00129949273681526	0.000170720498129278	1.08050948183087e-05	
0.225230664035452	0.350172240686885	0.257007916724369	0.118385178645617	0.038014846743295	0.00918039975995938	0.00172457069657942	0.000260380602871255	2.308082906338e-05	7.21275908230624e-07	
0.208331231234261	0.339101493187037	0.264723222020581	0.129467200767999	0.044293990206861	0.0114731366152986	0.00216936624235497	0.000377657113287044	5.83782942294858e-05	4.32431809107302e-06	
0.190312339531851	0.329267659429613	0.270973367335753	0.140332100553309	0.0512769658610324	0.0143599159940227	0.00287544498358537	0.000522873742939401	6.85144904541285e-05	1.08180774401255e-05	
0.174737546241166	0.31943311141418	0.275116558013742	0.149761549839544	0.0590048814524988	0.0172162745838655	0.00395446668761876	0.000664604135250546	9.73118853132578e-05	1.22540892616695e-05	1.44165756019641e-06	
0.161225718454335	0.307461583775383	0.278894085147263	0.160155580488634	0.065517504605338	0.0205925942996069	0.00495460915479265	0.00100532476454804	0.000167794176317832	2.4484987102173e-05	7.20146679475676e-07	
0.149337516024345	0.294869610911569	0.280596394377909	0.170025523461952	0.0734420294039521	0.0239224710406874	0.0061607111922113	0.00137217480684167	0.000222319747768141	4.47526764987816e-05	6.49635626595216e-06	
0.136914439735939	0.284808584853988	0.281164057770475	0.178280578857851	0.080940644008187	0.02793176511286	0.0078475885727464	0.00172244803828303	0.000328634437429733	4.97275793479201e-05	1.08103433365044e-05	7.20689555766958e-07	
0.126001649564075	0.271436776066639	0.282150306090576	0.187029042979349	0.0888000932737801	0.0322830916803531	0.00951666045321269	0.00223036608519293	0.000481482707645715	6.3334048240393e-05	7.1970509364083e-06	
0.115201984892983	0.260006004790873	0.281322292390116	0.194796423909436	0.0968542527815358	0.0371303435618778	0.01124278291097	0.0027266358555135	0.000611999069761414	9.57598544450212e-05	8.63998686721996e-06	2.87999562240665e-06	
0.106595899202567	0.249409829958836	0.27886057837386	0.201288050626844	0.104730456528111	0.0413559400343923	0.0134248343553322	0.0034002457417517	0.000783283785520295	0.000127779935518057	1.87699340309011e-05	4.33152323790025e-06	
0.0982158469668965	0.237554932866654	0.277006883136965	0.207278812568553	0.11221839906009	0.0465915971681303	0.0156160357004022	0.0042674582105578	0.00102603973230479	0.000193646935392735	2.74574012870296e-05	2.89025276705574e-06	
0.091428521827442	0.226035963505556	0.273213561072786	0.21361387732132	0.119697032168089	0.0515249298893202	0.0178935041017551	0.00503740803511429	0.00124777841191444	0.000277042974935206	2.67639427483097e-05	3.61674902004185e-06	
0.0841719409054218	0.216707315488284	0.269072816984998	0.217348454983777	0.127002658418494	0.0573429966340177	0.0203496809464605	0.00611248532526999	0.00150971023094018	0.000333565818600843	4.5486247991024e-05	2.88801574546184e-06	
0.0769482239275802	0.206354487052734	0.265192704326628	0.221849205238082	0.134234154916872	0.0625930036703524	0.023081508380614	0.0072937970611201	0.00194847650786824	0.000438768043253292	6.20625850654327e-05	3.60828982938562e-06	
0.0709170293039895	0.195678014230576	0.26156695496786	0.224627505453125	0.141345719070925	0.0681483249953879	0.0263848043205388	0.0084153562889089	0.00230496261489544	0.000502808856670537	0.000101285237314928	6.51119382738825e-06	7.23465980820917e-07	
0.0654210414597447	0.185649157352007	0.256300028036347	0.228564328927932	0.147033616811956	0.0738775862081456	0.0297091102190675	0.00993805198822618	0.00273698501323214	0.000639692368100577	0.000115912546881192	1.30401615241341e-05	1.4489068360149e-06	
0.0598313110688325	0.175984175979822	0.24987193050434	0.231339947959523	0.153988149399416	0.0796875249427134	0.0334141658648718	0.0114493403513966	0.00336971522858772	0.000875081086493711	0.000169066246395551	1.45121241541246e-05	5.0792434539436e-06	
0.055400683183478	0.166234769065662	0.244590009932191	0.231721061042982	0.160529212710296	0.0858225613418201	0.0370319473346683	0.0132354074597586	0.00406958059398281	0.00110301121334142	0.000220311402532927	3.92634182731949e-05	2.18130101517749e-06	
0.0512654101878192	0.158106478496982	0.237967889233009	0.232885364373306	0.16564143581146	0.0919350359199413	0.0408465605396222	0.0149596929455947	0.00463293641441613	0.00135529161974389	0.000329939907428289	6.81634094467234e-05	5.80114122950838e-06	
0.0471615549827246	0.149801330927154	0.231497065025484	0.233062095214931	0.171433783369998	0.097546550961567	0.0450051142175247	0.0170025111423345	0.00541173251447943	0.0015541719781417	0.000403201579797357	0.00010061942476092	2.02686611029192e-05	
0.0437503704228386	0.140702133780105	0.224764627907548	0.232595908797199	0.17639210323558	0.103849217305577	0.0495578777554038	0.0195597714292323	0.0063524806404376	0.00186693110641146	0.000465467918129686	0.0001293769523994	1.37327491373665e-05	
0.0397382079099456	0.133422831199274	0.217732565067091	0.232226019903767	0.18085188584617	0.109282960333284	0.0541645032399046	0.0219654915678712	0.00768290313938197	0.00221048655979399	0.000559662555975282	0.00013792973960165	1.66093403708793e-05	7.94359756868143e-06	
0.0362206757106586	0.125802490234551	0.212531647121347	0.230763850280182	0.18456680490086	0.114516609375552	0.0586345173016282	0.02446968762822	0.00893150088298263	0.00261758018773025	0.000729028531624046	0.000171620959966887	3.82181129338026e-05	5.76877176359285e-06	
0.0332790714950807	0.118813230848901	0.205388150051173	0.229807419759435	0.188170534595708	0.120179994475246	0.0631250058601343	0.0269349802774927	0.00989767664608467	0.00326797149919184	0.000888576668948212	0.000198343006461655	4.39960850696761e-05	5.04873107356939e-06	
0.0307201181720549	0.111887673076549	0.198017531066686	0.228563824377747	0.191288850036748	0.12582684014532	0.0672471407252896	0.0297593932141948	0.0115077828098031	0.00372749743409982	0.00113166475892079	0.000272638163717053	4.61609589362207e-05	2.88505993351379e-06	
0.0283958145039345	0.105939783402453	0.19142633506744	0.226081077769561	0.194742471483821	0.130426290381403	0.0716850528088057	0.0323779170252361	0.0127939007883482	0.00441598952905241	0.00131607587400844	0.000326496369619837	6.34253433257079e-05	9.36965299129775e-06	
0.0263796666654644	0.0999693427445097	0.183609549194075	0.223619070976957	0.198285357734104	0.135267024695321	0.0759571375500886	0.0355689084935025	0.0142357867553443	0.00504582358011823	0.00151050101168943	0.000416938674668811	0.000111087466953282	2.16404156402497e-05	2.16404156402497e-06	
0.0241255289546759	0.0945818588030181	0.17738816180673	0.220030712566173	0.200100739526264	0.140941524890457	0.0800251415837755	0.0389398680283341	0.015686067925574	0.00579468764973819	0.00173551977554425	0.000505862520855102	0.00011329588555528	2.45354147062389e-05	5.05140891010801e-06	1.44325968860229e-06	
0.0223643735414383	0.0883316499624479	0.171350610185977	0.216667817689494	0.201067142039094	0.14626982277126	0.0852792813013464	0.0418828431414866	0.0176221594914781	0.00633494188773499	0.00209414215707433	0.000564001185553513	0.000116541061300598	4.81990809082721e-05	4.31633560372586e-06	2.15816780186293e-06	
0.0203238687830749	0.0831940360906166	0.164174880235499	0.21291179485485	0.202082885870123	0.150796598249991	0.090414745418276	0.0454771077223231	0.0200092377956579	0.00733205134375447	0.00238846582913526	0.000693912177727718	0.000140075439603421	4.74101487888503e-05	7.18335587709853e-06	7.18335587709853e-07	5.02834911396897e-06	
0.0184770923265739	0.0783041204871018	0.157770195787232	0.208902670844342	0.202757524160114	0.154340346475105	0.0959136964884979	0.0492846940101876	0.021931358488913	0.00839149690372795	0.00276915807109756	0.000866798182524573	0.000219033509254345	5.74514122634348e-05	1.22084251059799e-05	1.43628530658587e-06	7.18142653292935e-07	
0.017265585886709	0.0733117465485757	0.151500329564651	0.20442949297469	0.203594595860092	0.158593713419224	0.100410965318273	0.0529075526132856	0.0240549778669423	0.00934883067580563	0.00327115426867263	0.000948713977503161	0.000278779278127352	7.20359891801944e-05	7.92395880982139e-06	3.60179945900972e-06	
0.0162374371180333	0.068859041347708	0.145516491451079	0.200364050647141	0.203606061457687	0.161686191512835	0.104841109763576	0.0570273953156223	0.0261767692162462	0.01037746114307	0.00377237754905712	0.00113279417518965	0.000284639757760757	8.86346587457547e-05	2.88242792669121e-05	7.20606981672803e-07	
0.0145369450630148	0.0649711706525683	0.139268146474582	0.19601215067004	0.203617500600536	0.165097337370091	0.109296878437755	0.0606097985877118	0.0288856138923334	0.0117885448699776	0.00412404301931599	0.0013287541090747	0.000329663750188457	9.9548353448593e-05	2.9575960082553e-05	4.32818928037361e-06	
0.0135652764776255	0.0601885953657153	0.132782269577883	0.191206352533821	0.204105147880019	0.168927666557032	0.113785388738493	0.0642359140803175	0.0312082319816971	0.0130115622187605	0.00477958052169136	0.00163801111042841	0.000414201397297209	0.000109875414291755	3.54203638177369e-05	6.50578110938025e-06	
0.0124956169710879	0.0567359547468565	0.126896293913603	0.18659242322817	0.202222086988272	0.171669839834705	0.119202448120876	0.0684274126944109	0.0335544408414256	0.0143567742066355	0.00530527615255549	0.00182855619405299	0.000511474117670924	0.000143444582576265	5.14371988026e-05	5.0712731213831e-06	1.44893517753803e-06	
0.011452044878755	0.0539695982627579	0.121462178791169	0.181357220412595	0.201279768367716	0.173640246109301	0.122275063336953	0.0731118349619978	0.0364002895403547	0.0159406442272892	0.00607021353601158	0.00210712993123417	0.000671009771986971	0.000204125950054289	4.56026058631922e-05	9.41006152732537e-06	3.61925443358668e-06	
0.0107852916137143	0.0503099026350946	0.116405346426228	0.176975416826096	0.199496430821443	0.175800759621303	0.126043466656444	0.0766080471251639	0.0396533603948121	0.0174100978567569	0.00700237463029762	0.00238837320826802	0.000751520219076462	0.000269071724250668	8.39040860566598e-05	1.37429106472115e-05	2.89324434678137e-06	
0.00974785246243256	0.0473710030331797	0.110977332191067	0.172265362708097	0.19786577600778	0.176524983213318	0.130248008752229	0.0807439394290213	0.0424847762161662	0.0195087290745329	0.00796064970247054	0.00293984000555697	0.000914584732223483	0.000301726133969298	0.000119388038620945	2.09833522424691e-05	4.34138322257982e-06	7.23563870429971e-07	
0.00897723675709427	0.044115797826442	0.106469363065703	0.168046760837798	0.195646957987226	0.178727374429257	0.133157527306786	0.0842430777280408	0.0452251246999036	0.0214082019365162	0.00902132075662597	0.00338651839025469	0.0010941504146064	0.000322319078543233	0.000119966293807571	2.52940980919578e-05	1.08403277536962e-05	2.16806555073924e-06	
0.00842248342775019	0.0409869182397197	0.100982502820962	0.163169924360702	0.193772672309553	0.180195981103162	0.137346939364468	0.0875919518171035	0.0483538857128015	0.0235250914107119	0.0101208324074421	0.00369538805181912	0.00132895446924069	0.000367951563144817	0.000101006311451518	2.45301042096545e-05	1.22650521048272e-05	7.21473653225132e-07	
0.00768402902341083	0.0388692962864384	0.0958688218207909	0.158702249661509	0.190586196521357	0.181067229467788	0.140213278094731	0.0925497321004941	0.0514534850080428	0.0256544154236052	0.0111239049680025	0.0042022033721778	0.00142122713017717	0.000431792670084362	0.000128742203140731	3.54402694039091e-05	6.5094372374527e-06	1.44654160832282e-06	
0.00694885103192106	0.0362497670300152	0.091937751870468	0.152979876469705	0.187928637577025	0.182345335125057	0.143601610810678	0.0964390583153786	0.0548975185886479	0.0274183009616856	0.0122290205542981	0.00457527668131809	0.00169551385020157	0.000526494035605791	0.000155917655172514	5.36646813151908e-05	1.45039679230245e-05	2.90079358460491e-06	
0.00639747853386693	0.0335000396342594	0.0878193375915315	0.14871428644152	0.184857822093809	0.182771387409978	0.14753980334135	0.0994965358202801	0.0582201817648954	0.0295220690101544	0.0132887490336877	0.00514663585133298	0.0018399023179133	0.000650147301270551	0.000157082569434495	6.47238364799542e-05	7.99957529527523e-06	5.81787294201835e-06	
0.00589904333539193	0.0317907456390776	0.0832813829105443	0.144215587457323	0.183045129866347	0.181700730607441	0.150065836236731	0.103223790768944	0.0615881972523567	0.0318577471189364	0.0144075030005011	0.00589103228888708	0.00203480581223272	0.000725363847166711	0.000192265116116478	6.33600950838392e-05	9.46760041482655e-06	4.36966172991995e-06	3.64138477493329e-06	
0.00524008119686746	0.0297855330947132	0.0790868556017975	0.138902560846684	0.180373977394186	0.182788331882002	0.152517889230931	0.106592731307683	0.0645242789700696	0.0343615939981885	0.0156882075238159	0.00651715531376415	0.0024143544878161	0.000851140047122142	0.000259200903999557	6.55283184268544e-05	1.60180333932311e-05	5.82473941572039e-06	6.55283184268544e-06	2.18427728089515e-06	
0.00497172838877286	0.0274354701383381	0.0749827168399834	0.134314531680942	0.176793264297722	0.182798343727486	0.154894954772699	0.110611496394187	0.0682710290575402	0.0362174985627688	0.0172256707685366	0.00737899968708384	0.00273619712262675	0.000908184576871857	0.000345663200331837	8.22314560789422e-05	1.89205120181637e-05	1.01879680097804e-05	1.45542400139721e-06	1.45542400139721e-06	
0.00460202663932636	0.0255667337552829	0.0710882045396954	0.12933806545946	0.173937674578463	0.182369140789976	0.15649147896903	0.114907216735066	0.0716685550510155	0.0385565364797991	0.0186360233829556	0.00805209028127703	0.00318282570261005	0.00111409822122932	0.000353161854441975	0.000112137990894978	1.74760505290874e-05	5.09718140431717e-06	0	1.45633754409062e-06	
0.00423946932782695	0.0241213959392348	0.067353307634262	0.123854217240996	0.170429884237188	0.181708569021895	0.158977906208139	0.117807233567121	0.0753262592642422	0.0413680953244459	0.0203272244418056	0.00887378402250911	0.00363403976531561	0.00136075412540289	0.000448222610893052	0.000133077512532684	3.36349756950741e-05	2.92478049522383e-06	
0.0039443315053296	0.0225536729117363	0.064051845639794	0.119408599081754	0.165613625287043	0.180523052019805	0.160803589853921	0.121404182015897	0.0786714847517559	0.0444663004804913	0.0223538950822455	0.00999547755682691	0.00395530830914778	0.00151699428767129	0.000504201188714675	0.000187337451830126	3.73211329817829e-05	8.78144305453715e-06	
0.00355402119534238	0.020886551575016	0.0611932642627327	0.115388245899924	0.161414174083378	0.178321568306063	0.162760560535803	0.124395132227589	0.08235641044591	0.0474242675913805	0.024067389568871	0.0110908584018539	0.00453381003218888	0.00177518126825213	0.000590507536471341	0.00017707908776464	6.00020049450433e-05	8.78078121146975e-06	2.19519530286744e-06	
0.00324697653660714	0.0196333067507554	0.0577351643608109	0.111384171903922	0.158519472348022	0.177085330075138	0.163786480930049	0.127435415310102	0.0849562119094827	0.0502001009650207	0.0259414256553581	0.0120726362844872	0.00498898895969447	0.00203539628770641	0.000684074597054455	0.000215831022600069	6.8773274997988e-05	1.02428281911897e-05	
0.00305692566248592	0.0184619628396351	0.0548028177133846	0.107185052370559	0.155331813992386	0.175850944041987	0.165145501342376	0.129829946195481	0.0873445904675586	0.0531878794247521	0.0278706385537509	0.0129822648688529	0.0056847579161531	0.00213233153157887	0.000778643991853063	0.000256142494039761	7.29750695269975e-05	2.33520222486392e-05	1.45950139053995e-06	
0.00273175825762537	0.0170731244867926	0.0523467889078655	0.102795348572645	0.151301194943695	0.175251116112123	0.165757052909767	0.1325559077007	0.0909961364508145	0.0553738920919026	0.0298750508649595	0.0139905985511326	0.00632256916540629	0.00238463681325012	0.000808005378923894	0.000309200614317447	9.33435816807387e-05	2.77113758114693e-05	6.56322058692694e-06	
0.00245374815859606	0.0157847112838902	0.0495521618191541	0.0995465520029958	0.146780475508417	0.173384846502316	0.165798480832642	0.135600913307212	0.0951417534973925	0.0580127845524605	0.031663405202121	0.0151778311722184	0.00676237838719971	0.0028012653413901	0.0010287091448746	0.000345331540134956	0.000119481798696483	3.7155925204394e-05	8.01402308330067e-06	
0.00226264958891068	0.0147917801089483	0.0465235453328114	0.0952557982218082	0.143445714997999	0.170366434059874	0.166318594766311	0.13790207771589	0.0985426174861117	0.0614151910969404	0.0339011096750867	0.0166484065596428	0.00750887674464206	0.00325766140877637	0.00120494837966152	0.000441741511237073	0.000155265580682338	4.22788905144393e-05	1.53078741517798e-05	
0.00220618007653052	0.0137864368076049	0.0434232269031404	0.0913806499622454	0.139807907667278	0.168227067290681	0.166649765265066	0.140308383703158	0.102117538912741	0.0646642761518792	0.0359496459825125	0.0177807608548948	0.00805722644351953	0.00357774705532595	0.00135332805620506	0.000481507556385629	0.000175093656867502	4.450297112049e-05	8.75468284337508e-06	
0.00198450672963916	0.0130779502890889	0.0414745168814063	0.0871705678803911	0.135615237111076	0.165916988381867	0.167123556829883	0.142241903147048	0.105146836760313	0.0676326006353041	0.0385563386687722	0.0192628871043449	0.00883458441430853	0.00364808662841258	0.00147146043539801	0.000571264313445815	0.00019139173813535	6.47675463651944e-05	1.45545048011673e-05	
0.00181013005367271	0.0119185637361665	0.039636406902726	0.0832318838266512	0.132070571130493	0.163795367518069	0.167019502972386	0.14490617069345	0.107121973019993	0.0702736742520427	0.0408639580252968	0.0208349959444381	0.00985886064102546	0.00404903239661219	0.00160989121807605	0.000656580239909341	0.000243769017248109	7.69033209175582e-05	2.03140847706757e-05	1.45100605504827e-06	
0.00177117981464262	0.0110484775251642	0.0374275970413609	0.0801883165958533	0.127796933726542	0.162427778366076	0.167054459790157	0.146396497676868	0.110473170469892	0.0724892692033753	0.0428180181643846	0.0223645903294452	0.0105175587600871	0.00451208420429638	0.00167979215835885	0.000681780927831313	0.00023862332474096	8.05081733928465e-05	2.97372532351956e-05	3.62649429697507e-06	
0.00158359218509594	0.010378988010567	0.0352541585624292	0.0773028130170987	0.124168287514152	0.159415188550527	0.167156791592882	0.148356170348652	0.112604871251488	0.0764173948384475	0.0440996313176764	0.0237996051905826	0.0115024530438064	0.00495834180044706	0.00190945510494383	0.000738816152349987	0.000247481638459082	7.18495079397335e-05	2.9755856823526e-05	4.35451563271112e-06	
0.00141259026393745	0.00991642718412791	0.033183174577148	0.0739037915025477	0.121245517184338	0.156279496981468	0.16640052121461	0.149659839267978	0.115315830370183	0.0787292346691876	0.0471784833554496	0.0253090902759086	0.0125667570424553	0.00549147185811122	0.00218019195846535	0.000824917889109851	0.000301816923368248	7.47287093916575e-05	2.39422078633466e-05	2.17656435121333e-06	
0.00125250773831955	0.00898392941810306	0.0309060822501864	0.0704802441409866	0.118236730497365	0.154500641501789	0.165463170100716	0.150679948331333	0.118127090689547	0.081389041973168	0.0498505340765605	0.0271195153775276	0.0132235773508844	0.00610933339722938	0.00225887047763021	0.000954084155450369	0.000334728154994384	9.2939704640523e-05	3.04958405851716e-05	6.53482298253677e-06	
0.00108570220967633	0.00840892701394129	0.0295325525476238	0.066750714784214	0.113645061797879	0.151602518248149	0.165423979421767	0.151999761799114	0.120926891935956	0.084418248802278	0.0521478385085139	0.0288571658887616	0.0144656202772862	0.00653091636897608	0.00265071108048067	0.000986209766381576	0.000410315550814131	0.000116921776426682	3.12275551947038e-05	8.71466656596385e-06	
0.00106837141899743	0.00784052616385757	0.0281069444867538	0.0642183336307076	0.109627382801904	0.147633263559178	0.16409474198794	0.153260890062913	0.123058545013034	0.0876724589369668	0.05510780179498	0.0307136837127394	0.015643336568185	0.00730017537828182	0.00294545575868877	0.0011089883907991	0.000382234716776405	0.000153764250392026	5.51230331594057e-05	7.25303067886917e-06	7.25303067886917e-07	
0.00100393606680159	0.00743752924525159	0.0261472468538266	0.0613501998455706	0.106068815254033	0.144498705603354	0.162447865585564	0.154122294768957	0.125689028992457	0.0903730788676528	0.0579559398101938	0.0327575791378319	0.0168554056814379	0.0079264591479147	0.00343265008699331	0.00126252565976563	0.000447642488660448	0.000149214162886816	5.93959289161112e-05	1.37624713342209e-05	7.24340596537942e-07	
0.000948346212867584	0.00698754789618211	0.0250552780309673	0.0585994111868712	0.101457865454827	0.141198776112952	0.160738177657339	0.154177096427004	0.128511031391561	0.0933716237754443	0.0605011633866079	0.035336738802178	0.0183142134111478	0.00866450156527723	0.00387217276092351	0.00146733446045823	0.000518265422733275	0.000187934462915832	7.80650845958072e-05	1.22880225752659e-05	2.16847457210576e-06	
0.000922652304358396	0.00646217305898554	0.0234681194412724	0.0563092032222856	0.098210169951256	0.137684395201054	0.158980422313614	0.155148421499891	0.129076821084084	0.0964658593398888	0.063550472832254	0.0374363106604214	0.0199932045467498	0.00956485293470522	0.00420351444683063	0.00155386478779358	0.000618948926614155	0.000240942822248401	8.44021263564756e-05	1.94774137745713e-05	4.32831417212695e-06	1.44277139070899e-06	
0.000850628483861146	0.0062098043770932	0.0219871951193116	0.0538522143035452	0.0946535222079689	0.134579671205757	0.156828764662339	0.156110167571647	0.132285355193307	0.0981469430042842	0.0660221899318487	0.039217652669415	0.0212635476474603	0.0104391378566471	0.00470695524063623	0.00170414289981342	0.000759000139967706	0.000258290922156311	8.0806098551695e-05	3.82386002074985e-05	4.32889813669795e-06	1.44296604556598e-06	
0.000810691884338401	0.00574926499436779	0.0207701861917929	0.051156681018755	0.0919051476044488	0.130937577447448	0.154667294796326	0.155425241130258	0.135138435393565	0.101955703853243	0.0682397364745597	0.0416292450233128	0.0220454724447852	0.0111813341445069	0.00516545123095831	0.00199999566474928	0.000796241048610444	0.000271675711685596	0.000111271435105271	3.46820057470974e-05	7.22541786397862e-06	1.44508357279572e-06	
0.000733398717203191	0.00536017543707381	0.0194068583629152	0.048938814006035	0.0885322189144542	0.128005560522029	0.152924481630315	0.155027759213773	0.137038515728292	0.104944727485238	0.0709451151595106	0.0430253348030239	0.0237587913820588	0.0120352610002575	0.0056400820480774	0.00227107689548128	0.000887455844189659	0.00032691934928584	0.000131635667190316	5.06291027655062e-05	1.08490934497513e-05	4.33963737990054e-06	
0.000601729973674314	0.00490352069893251	0.0182883964474788	0.0466196082969306	0.0858839355454624	0.125329794312495	0.151669945323575	0.154784910463737	0.137435993866983	0.10723016171493	0.0738435502068447	0.0451789278791911	0.02470275117887	0.012974079324211	0.00629140509734718	0.00271718691237307	0.000983597072352243	0.000371741834697833	0.000112824370063934	5.13495530419186e-05	1.80808285358868e-05	4.33939884861284e-06	2.16969942430642e-06	
0.000510281632032658	0.00436381270854595	0.0172446239477703	0.0438979726257428	0.0827951852575656	0.121918224654203	0.149673926418112	0.154772399916039	0.13890517447289	0.109949406119037	0.0766196918043703	0.0477218277491875	0.0265194449872972	0.01385432726062	0.00660470906708937	0.00286191996178316	0.00116966683314153	0.000409672913092886	0.000133903690675237	4.8494850136437e-05	1.88188970678711e-05	2.89521493351863e-06	3.61901866689828e-06	
0.000490064980592559	0.00408676607709488	0.0162111760836725	0.0419034470794874	0.0790753818242271	0.119025797078403	0.14746040809836	0.154700792922247	0.140103650911824	0.111751440198339	0.0792336771498168	0.0503567065898561	0.0283724493852503	0.0150163716398384	0.00702643315094435	0.00319265047091052	0.00130756275795271	0.000445250778827458	0.000163354993530853	5.05966794122111e-05	2.52983397061056e-05	7.22809705888731e-07	
0.000464954927616947	0.0037869927048427	0.0149415655944941	0.0397811670078992	0.0764336653439834	0.115781743494071	0.145437466821265	0.154189772584896	0.140501847145705	0.113808219852706	0.0818291703451458	0.0526782345328253	0.0305458005951713	0.0162401079390692	0.00783325934128488	0.00348064389739415	0.00143397314124853	0.000569968112203329	0.00015208806043545	7.53198013585085e-05	2.67964677910078e-05	3.62114429608214e-06	3.62114429608214e-06	
0.000458967575928416	0.00356838255489541	0.0139663471963225	0.0379497520852306	0.0727734651690591	0.11283446810356	0.142974543562167	0.153574164823569	0.141732078581031	0.116008210821516	0.0843271607615248	0.0550985154025182	0.0326698180030935	0.0171386443471096	0.0085989563005045	0.00381702010783931	0.00161036182546222	0.000596296456914871	0.000187200948292062	7.51694927504806e-05	2.67429926131518e-05	9.39618659381008e-06	4.33670150483542e-06	
0.000470062573921131	0.00333015144535216	0.0134888463032575	0.0359717009333378	0.0700306587663421	0.109798963407325	0.140138578201516	0.151964514969074	0.143080260115732	0.117795081600263	0.0871933581819048	0.0576429575095204	0.0343124017092659	0.0184075348647794	0.00918102246913545	0.00427460896714761	0.0018614766752207	0.000683793022278511	0.000253443876261623	8.73695413893346e-05	2.45501190680775e-05	8.66474790638029e-06	
0.000441371405037106	0.00321200299815747	0.0127659298716279	0.0342664054439167	0.0678552733802641	0.106276906195256	0.137823081348422	0.151162866048459	0.143246261483397	0.119646931676715	0.0895551941062157	0.0597802647220404	0.0364653422644441	0.0197414701195879	0.00997009762732269	0.00457211814353283	0.0019836512575485	0.000807860875125013	0.000289447479322866	0.000106562753581553	2.23205767637036e-05	6.48016744752684e-06	2.16005581584228e-06	
0.000339575429990985	0.00308495644873166	0.0122534930584883	0.0321776497495272	0.0649222178016664	0.103917275971945	0.135314333896175	0.150307452457641	0.14376055327773	0.121631314610161	0.0920868133220046	0.0616034435250807	0.0379698569250725	0.0212673501821261	0.0108074197231453	0.00498283777143552	0.00218853486871309	0.000877716153790259	0.000355403098338023	0.00012374358889502	2.5180381461196e-05	2.87775788127954e-06	
0.00032252735017563	0.00281870227636787	0.011582251657532	0.0308139326068686	0.0622671733243303	0.100058184221301	0.133422884357064	0.14956864660628	0.144850696414846	0.123375690488676	0.0938260076285979	0.0643653969097714	0.0393907178208932	0.0223958969349127	0.0114249387629029	0.00551959946269386	0.00246528700624223	0.00100349823651527	0.000352696946405867	0.000124270003519786	3.80711571476802e-05	1.29298269558159e-05	
0.000321215571498428	0.0026213485031211	0.0109241974271206	0.0296600994334274	0.0597539832881863	0.0965145242496246	0.130477334943235	0.14911931007484	0.145119889410068	0.125025274216284	0.0957337122912278	0.0664780003183476	0.0418132332211469	0.0237756882832318	0.0122728726279879	0.00600558398855096	0.00262780149451281	0.00115436846007247	0.000418727441417593	0.00012045583931191	4.37369416549198e-05	1.50569799139888e-05	3.58499521761638e-06	
0.00031391953625914	0.00255722581135299	0.0102848067244718	0.0283652819327123	0.0581231338630307	0.0939522469615026	0.127515835735511	0.146717247370028	0.14616394626959	0.126789807219003	0.0979120767282417	0.0687770468915515	0.0432563919894615	0.0253421937958606	0.0129731906982345	0.00620815302072299	0.00285394427713218	0.00117899003914677	0.0005110151355086	0.000131874873679639	4.22859649298841e-05	1.29008028599647e-05	1.57676479399568e-05	7.16711269998036e-07	
0.000269093821175316	0.00225967051434952	0.00968378964469569	0.0268921601129763	0.056288686721691	0.091238592215941	0.125397003084174	0.144323986090361	0.146234911012467	0.127855444234432	0.100749444231561	0.0706496857701752	0.0456828022497679	0.0265742706122279	0.0138737598362761	0.00684000614251496	0.00299088812442324	0.00132322401665942	0.000607075660571512	0.000184418965445483	4.80780960499897e-05	5.7406681850734e-06	2.29626727402936e-05	4.30550113880505e-06	
