# <P(N_2)> as a function of N_tot.
# number_of_species: 2
# species_total_upper_bound: 100
# species_total_lower_bound: 0
# volume: 512
# Bin widths for each species index 
1	1	1	1	1	1	1	1	1	1	1	1	1	1	1	1	1	1	1	1	1	1	1	1	1	1	1	1	1	1	1	1	1	1	1	1	1	1	1	1	1	1	1	1	1	1	1	1	1	1	1	1	1	1	1	1	1	1	1	1	1	1	1	1	1	1	1	1	1	1	1	1	1	1	1	1	1	1	1	1	1	1	1	1	1	1	1	1	1	1	1	1	1	1	1	1	1	1	1	1	1	
# Bin lower bound for each species index 
0	0	0	0	0	0	1	2	2	2	3	4	4	5	6	7	8	9	9	10	11	12	12	13	13	15	15	16	17	18	19	20	20	21	22	23	24	25	26	26	27	28	29	30	30	30	31	31	32	34	35	36	37	37	38	39	39	40	41	42	43	44	44	44	45	46	49	50	51	52	52	53	54	55	56	57	57	58	59	60	61	62	62	63	64	64	65	67	68	69	70	70	70	71	73	73	75	76	76	76	77	
# Bin upper bound for each species index 
0	1	2	3	4	5	6	7	8	9	10	11	12	13	14	15	16	17	18	19	20	21	22	23	24	25	26	27	28	29	30	31	32	33	34	35	36	37	38	39	40	41	42	43	44	45	46	47	48	49	50	51	52	53	54	55	56	57	58	59	60	61	62	63	64	65	66	67	68	69	70	71	72	73	74	75	76	77	78	79	80	81	82	83	84	85	86	87	88	89	90	91	92	93	94	95	96	97	98	99	100	
# Normalized histogram for each species index 
1	
0.0792186613281646	0.920781338671835	
0.00635890600660882	0.145397608535391	0.848243485458	
0.000437390820349787	0.0171675896987291	0.202067388660284	0.780327630820637	
7.30026344037082e-05	0.00186382034502307	0.0318093207240059	0.247723174010341	0.718530682286226	
1.8043815797902e-06	0.000175927204029545	0.00412210971903072	0.0495050130231241	0.285353022745132	0.660842122927104	
8.08294175971031e-06	0.000480485982382779	0.00787997011107758	0.0677000258654136	0.315030858875429	0.608900576223937	
3.9602035544627e-05	0.00104495371062073	0.0122262284281412	0.0868697651059264	0.339101429813492	0.560718020906275	
6.31124158350855e-06	0.000134339285134682	0.00193304313643462	0.0179158116436998	0.107009805866209	0.356715882329605	0.516284806497333	
3.61613628494431e-06	2.71210221370823e-05	0.000277538459869476	0.00316773538561121	0.0253373629145335	0.127499541202709	0.369408210256628	0.474278874622227	
8.15405732302298e-06	5.70784012611609e-05	0.000568971999873159	0.00503830141925898	0.0335412617950704	0.146526598081985	0.377600804533656	0.436658829711573	
1.08818861936069e-05	0.000112446157333938	0.000914078440262979	0.00723010655180231	0.0432908637497166	0.164523237361143	0.38109000226706	0.402828383586488	
6.33168438181504e-06	3.52765272701124e-05	0.000107638634490856	0.00137668908987464	0.0101415493269872	0.0523530800478675	0.180474713513895	0.384534951350051	0.370969769825182	
7.23831893661857e-06	3.07628554806289e-05	0.000207196879560706	0.00202853888198735	0.0132551715526827	0.0629842322269864	0.196998992968878	0.382790353854269	0.341697512461218	
2.718159479853e-06	2.8087647958481e-05	0.000363327317140351	0.00298000884307884	0.0172077616137894	0.0731184900080458	0.21209345394713	0.379405230463682	0.314800921999696	
1.80857172569393e-06	5.78742952222056e-05	0.000581455809810597	0.0040186463744919	0.0212027906261727	0.0843544981439533	0.226112158575569	0.373962897151047	0.289707870452007	
9.01549854354621e-07	0.000121709230337874	0.000869995609452209	0.00541831462467127	0.0265867052049178	0.0958221278199353	0.23758272846851	0.367296819963199	0.266300697529122	
2.70535687715245e-06	0.00015059819949482	0.0013256248698047	0.00719264215072265	0.0319809254304448	0.107816587625157	0.247470716766269	0.359176705795145	0.244883493806085	
9.01920640002886e-07	1.98422540800635e-05	0.000244420493440782	0.00173439339072555	0.00918245403586938	0.0380267780238017	0.118416768508539	0.256669477652661	0.35008049641712	0.225624467303122	
5.40180906585616e-06	6.21208042573458e-05	0.000368223317989195	0.00216252422936441	0.011379811098737	0.0442174084100765	0.129708239289338	0.264863302720081	0.339032842098819	0.208200126222272	
1.17263220751621e-05	7.93781802010974e-05	0.000515056146532121	0.00289640155256504	0.0143701566907237	0.0512611659391837	0.140905290104698	0.270667868163667	0.329315714985428	0.189977241914926	
1.53602891348543e-05	9.75830133273097e-05	0.000679466907612379	0.00392590919358482	0.0171773209848656	0.0591813869437542	0.150404337022815	0.275036819516603	0.319259995482268	0.174221820646036	
9.03536623049942e-07	3.0720245183698e-05	0.000193356837332688	0.000999311505093236	0.00497939032962823	0.020697313424205	0.0658434243315184	0.160076872895889	0.278910009559417	0.307058789513915	0.161209907821194	
8.15906181667857e-06	5.07674957482222e-05	0.000208509357537341	0.00140426519489279	0.006168250733409	0.023964071118009	0.0735167732179702	0.170025782635341	0.28056203244043	0.294713471880247	0.149377916864599	
9.03935191462513e-07	1.17511574890127e-05	4.06770836158131e-05	0.000324512733735042	0.00173193982684217	0.00778468986887516	0.0277616576001967	0.0809582436177656	0.178506409804443	0.281068704498162	0.285070425590767	0.136740084282917	
9.03042983942993e-06	6.14069229081235e-05	0.000442491062132066	0.00222871008437131	0.00941693223655753	0.0323244236102394	0.0890201712711323	0.187481656939389	0.282220799427832	0.271239796743085	0.125554581272514	
3.61100127648895e-06	9.93025351034462e-06	8.84695312739793e-05	0.000589495958386821	0.00278047098289649	0.011195909457754	0.0370272070891177	0.0972280148701033	0.194789144607963	0.281509145763483	0.260077853187521	0.114700747296714	
5.43405413042454e-06	1.992486514489e-05	0.000130417299130189	0.000764390281013053	0.00335824545260237	0.0134628691081268	0.0414890032857914	0.104769469310274	0.201373366613896	0.279456196089655	0.249002851067067	0.10616783257317	
3.63002099967148e-06	2.0872620748111e-05	0.000197836144482096	0.0010209434061576	0.00421808440161826	0.0156472055190839	0.0465169041002902	0.112527020968816	0.207444810068226	0.276866239171194	0.237383408263017	0.0981530453153671	
3.6350913543896e-06	2.2719320964935e-05	0.000288989762673973	0.00126410301848898	0.00509821562453141	0.0180182390708707	0.0514765286695111	0.119876225139383	0.213744280410947	0.273280715385979	0.225725541515015	0.0912008069902807	
1.81438974361766e-06	4.80813282058679e-05	0.000366506728210767	0.00153950969745958	0.00615894598471014	0.0205071400772386	0.0571705136265206	0.127092558371186	0.217613369875143	0.269063112640037	0.216015799705887	0.0844226475756578	
3.62593084443397e-06	7.52380650220049e-05	0.000478622871465284	0.00197159989666097	0.00747123050495619	0.0232295259548662	0.0627675823652853	0.134425947161123	0.221715699827315	0.264393812349014	0.206374386424515	0.0770927286489328	
9.07941949823496e-07	8.17147754841146e-06	0.000118940395426878	0.000533869866496216	0.00230889637840115	0.00851467960544475	0.0263893327716199	0.0683253555500676	0.141264872089138	0.224102771765184	0.261502716562314	0.195792233827738	0.0711372517686709	
1.81733262820827e-06	1.63559936538745e-05	0.000124487285032267	0.000622436425161334	0.00271236894760085	0.00996352613415186	0.0298578664151478	0.0736892034085891	0.146762331056216	0.228386008719562	0.256577381114643	0.185864059884745	0.0654221572828696	
6.36555181604647e-06	1.72779263578404e-05	0.000170051169942956	0.000865715046982319	0.00336646754614343	0.0114616307270642	0.033541001883294	0.0795539385033133	0.153972695420167	0.231322334266038	0.250023416137038	0.175681955206521	0.0600171506153215	
2.7348607226596e-06	4.19345310807805e-05	0.000210584275644789	0.00115137636423969	0.00408770516013521	0.0133661759718783	0.0367155052017051	0.0859958721835493	0.160401404624467	0.232069341482003	0.244297815393255	0.166359754518902	0.0552997954324179	
7.26059547773811e-06	6.44377848649257e-05	0.000313113179977456	0.00140220250163817	0.00461955387271087	0.0150956855726522	0.0410023978116565	0.092193226227449	0.165580602593122	0.232810993993672	0.237631121816456	0.157837177516114	0.0514422265342092	
1.62927186030261e-05	0.000102282066785664	0.000391930397506128	0.00160211732929757	0.00540827742517116	0.0170620969815023	0.0453019040757141	0.0976105823017629	0.171545129020228	0.233102640506595	0.231133031857696	0.14960336281712	0.0471203525020185	
1.26374891114491e-05	0.00014081773581329	0.000459462996980543	0.00185229483262097	0.00635394898967788	0.0195980375784766	0.0497366437536953	0.104141937056277	0.176744312001553	0.232398008692787	0.224624147533659	0.140436805784359	0.0435009455549889	
9.91519801551819e-06	1.98303960310364e-05	0.000129798955839511	0.000530012403011336	0.00217413251031181	0.00769689780495544	0.0221965228301941	0.0545227725056967	0.109502545501745	0.181008249444749	0.232650206236119	0.21704098041478	0.133067365658081	0.0394507701404713	
7.20468881147851e-06	4.50293050717407e-05	0.00016840960096831	0.000726772983857895	0.00262160614127674	0.00885816489371283	0.0245184566115628	0.0588596058314751	0.115052576216602	0.185176713004824	0.230262755000955	0.212012377655378	0.125449842757667	0.0362404853078383	
6.30980796550158e-06	4.59714580343686e-05	0.000210927866275338	0.000896894132239153	0.00324864970109538	0.00979732896814809	0.0269654150411399	0.0633775140077737	0.120755302041493	0.188333345352015	0.229555320790637	0.205189546631284	0.118480165569361	0.0331373086325384	
3.60566955480798e-06	5.31836259334177e-05	0.000274030886165406	0.00118085677919961	0.00377153035432915	0.0115210156450002	0.0298242957225942	0.0680597170991667	0.126023559444871	0.191395249890928	0.228383109601537	0.19772049570745	0.11139175239146	0.0303975971818087	
9.90846380978632e-06	7.20615549802641e-05	0.000324276997411189	0.00134845184756819	0.00448943487527046	0.0128891098776575	0.0325943420870107	0.0721156011464993	0.131008807723557	0.194856246205509	0.225809386377844	0.190746035263322	0.105564773429463	0.028171564150097	
1.80140906216843e-06	2.43190223392738e-05	0.000113488770916611	0.000427834652265002	0.00152849558924991	0.0051178031456205	0.014353627407358	0.0355138789561195	0.0763770421223481	0.135755087629544	0.198237861655387	0.22310451234956	0.183376236892497	0.0997827500671025	0.0262852603306306	
1.80290465969724e-06	4.5072616492431e-06	2.614211756561e-05	0.000106371374922137	0.000517433637333107	0.0017316899256392	0.00579183121927738	0.0157817259386598	0.0389968277892513	0.0800489668905574	0.141023202481518	0.200393754377678	0.219446850821358	0.177248965808815	0.0947453442240794	0.0241345832270371	
2.69749241105468e-06	5.39498482210937e-06	4.67565351249479e-05	0.000107899696442187	0.000557481764951301	0.00208426246960825	0.00622491332057719	0.0176227179214202	0.0419415111712152	0.0850393474226359	0.146199592858479	0.201134924973744	0.21632540390453	0.171547029881023	0.0884291962191946	0.0227308693838208	
6.28695833363271e-06	8.98136904804673e-07	8.08323214324206e-06	4.58049821450383e-05	0.000126637303577459	0.000695157964318817	0.00236838701796992	0.00717611386938934	0.0199943237747616	0.045388246621209	0.090017567557858	0.150778325441704	0.201673947563175	0.21243272954583	0.164906018954281	0.0838105434087529	0.0205709276676462	
8.97974797439335e-07	1.79594959487867e-06	1.16736723667114e-05	5.29805130489208e-05	0.00020204432942385	0.000876423402300791	0.00267147502238202	0.00826047016164444	0.021966259494961	0.0491210173695265	0.0955660698426838	0.154193048417903	0.202119759306835	0.208846488514453	0.158677534556315	0.0787649613825938	0.0186671000891689	
4.50053916459192e-06	9.00107832918384e-06	6.03072248055317e-05	0.000277233212538862	0.000953214195060568	0.0031530777387131	0.00933141790386488	0.0241804968235195	0.0525761986285957	0.100132495873006	0.158168748616084	0.202887905971135	0.204941952045855	0.152116423547541	0.0736396220267188	0.0175674045750681	
8.99873747713196e-07	3.50950761608146e-05	8.45881322850404e-05	0.000286159851772796	0.00112934155338006	0.00379026822536798	0.0102801576938755	0.0261188355273755	0.0567658357532438	0.104279169632501	0.160919023061065	0.203583837187643	0.201102885265197	0.146119699406173	0.0691058044556349	0.0163983993045776	
5.40368206896179e-06	3.3322706091931e-05	9.3663822528671e-05	0.000347636879769875	0.00130408860597611	0.00413291616907761	0.0117575115683827	0.0286539247843481	0.0604888170799583	0.108939131123948	0.164416933698622	0.203764745297446	0.196536419916531	0.139611331161053	0.0652764793930584	0.0146376741111393	
8.11536075483675e-06	3.87733902731089e-05	0.00011181163706664	0.000417490225498824	0.0015833970539437	0.00484757549088915	0.012880880931427	0.031219792823857	0.0640680680391846	0.113587097658448	0.168677773289282	0.204499877367882	0.191295283713012	0.13293592111148	0.0603106560096952	0.0135174858973064	
1.80778704268637e-06	6.3272546494023e-06	5.06180371952184e-05	0.000152758005106998	0.000487198608003977	0.00181592208437846	0.00535014575283032	0.0142959799335638	0.0334856393916797	0.0683027139402978	0.119019275529343	0.171908797143696	0.202411587914944	0.186622375884121	0.126960884007864	0.0566804510428671	0.012447517682417	
4.52280761423707e-06	1.0854738274169e-05	4.43235146195233e-05	0.000210762834823448	0.000620529204673327	0.00207777781798051	0.00609855378703727	0.0159148554329774	0.0361055731844546	0.0730795254308427	0.122238825951508	0.173875720483253	0.201379818146951	0.181490319382582	0.121542313578916	0.0538395018398781	0.0114662218636138	
3.6177683072643e-06	1.62799573826893e-05	7.59731344525503e-05	0.000230632729588099	0.000697324841225193	0.00240491148225394	0.00689908416195302	0.0173309190759496	0.0395403987142451	0.0765492640554821	0.126231171777066	0.176124718944625	0.199510877724858	0.176835610417002	0.11661152584805	0.050153122043605	0.0107845673239549	
9.03748114555496e-07	5.42248868733298e-06	2.53049472075539e-05	0.000110257269975771	0.000270220686252093	0.000916400588159273	0.00295164134213825	0.00792496721653714	0.0193700333392679	0.0424264552378078	0.080879130015915	0.130066524898712	0.176761382481566	0.198116046680398	0.172332112972129	0.111044434583548	0.04720999400815	0.00958876749543381	
2.70870578037814e-06	1.35435289018907e-05	2.79899597305741e-05	0.000110154035068711	0.00031962728208462	0.00111688968344258	0.00340123155822815	0.0089694277407588	0.0212371562200914	0.0454376365639164	0.0847364429275692	0.13325839247341	0.179071636238872	0.195747331924806	0.167728479332575	0.106240858117991	0.0437898405475197	0.00879065315925384	
9.01078681289372e-07	1.53183375819193e-05	2.61312817573918e-05	9.28111041728053e-05	0.000355025000428012	0.00132638781885795	0.003696224750649	0.0100506316111016	0.0236443045970331	0.0487618728379743	0.0878416552454944	0.137202745406526	0.180359908846881	0.193772465017873	0.162787973483057	0.10092802093386	0.0407107348206538	0.0084268878274182	
1.80574678915649e-06	8.12586055120421e-06	2.97948220210821e-05	0.000108344807349389	0.000399070040403584	0.00144098593774688	0.00421732162607498	0.0110583933367943	0.0258212762115432	0.0515937972597793	0.0927576010653906	0.140390492743155	0.18122565063314	0.19046294833307	0.158252939981491	0.0957090941922669	0.038944541001738	0.00757781640069521	
3.6159041930025e-06	1.62715688685113e-05	3.79669940265263e-05	0.000134692431189343	0.000503514658875598	0.00170489882700068	0.00453705578616989	0.0122389317172652	0.027509799100363	0.0554137317577633	0.0965491618334081	0.143790950114986	0.18250824426156	0.18768079520965	0.152383242453608	0.091827694933395	0.0363497808762059	0.00680965157147196	
4.53302992253052e-06	8.15945386055493e-06	6.07426009619089e-05	0.000147776775474495	0.000640970431045815	0.00186488851012906	0.00509149920898628	0.0133153220944411	0.0295481022470229	0.0583147101354016	0.0998517699215332	0.147690647905967	0.182724622965236	0.184581352021505	0.148599973708426	0.0878501198986415	0.0334392551325231	0.00626555395892168	
4.54531405392924e-06	3.63625124314339e-06	7.27250248628679e-06	5.54528314579368e-05	0.000178176310914026	0.000740886190790466	0.00209902603010452	0.00578436666503035	0.0145195512138716	0.0318426521362067	0.0616490035762531	0.103329533450784	0.150532619900839	0.181589841768527	0.1829697991153	0.144541895977761	0.0830547055818275	0.0313863026051922	0.0057107325773567	
2.72878844521821e-06	8.18636533565462e-06	7.27676918724855e-06	1.45535383744971e-05	6.5490922685237e-05	0.000249229344663263	0.000901409783070415	0.00240952019712768	0.00654181549933645	0.0159179325971062	0.0342735828719407	0.0644930957104355	0.106609216573933	0.1527948706054	0.182779707637606	0.180967792109981	0.138948998034363	0.0785572713570902	0.0293472101321734	0.0051101111617453	
1.82130452758093e-06	1.82130452758093e-06	1.27491316930665e-05	2.09450020671806e-05	8.92439218514653e-05	0.000359707644197233	0.000927954656802481	0.002711922441568	0.0074955787832593	0.0173779771499134	0.0362530666214983	0.068193284121685	0.110426604159495	0.155319939459837	0.183216860908795	0.177137346395729	0.13397698235338	0.0745086575710719	0.0270591213662698	0.00490841570183059	
1.82203127334478e-06	0	6.37710945670672e-06	1.54872658234306e-05	0.000130275236044151	0.000372605395399007	0.00111052806110364	0.00316486832179988	0.00813992471366779	0.018522769924823	0.0383601354133642	0.0717251720908538	0.115151465459753	0.156660070913457	0.182655902105904	0.173807207226905	0.129183839311418	0.0709426096589522	0.0254382896228031	0.00461065013719896	
3.66094521944621e-06	2.74570891458466e-05	0.000142776863558402	0.0004832447689669	0.00136827827576802	0.00359138726027673	0.00882379321517023	0.0202194004470014	0.0410684834717476	0.0754914361338954	0.117981281587093	0.159205355230667	0.182167718883338	0.170050905443276	0.123974248911326	0.067224106592081	0.0239013961014594	0.00427506878000831	
4.57464912441216e-06	3.84270526450621e-05	0.000177496386027192	0.000541638456330399	0.00150597449175648	0.00400281798386064	0.0100047576350894	0.0224176105692693	0.0443082215594064	0.0788971435890867	0.121384654796977	0.161112737653022	0.180264048747461	0.165385459935223	0.119581328112134	0.0640679609873923	0.0223306922359055	0.00397445515928928	
9.15132447119072e-06	6.22290064040969e-05	0.000183941621870933	0.00062137493159385	0.00177810234475236	0.00454088720260483	0.0112314205234924	0.0240936070677509	0.0470936308611945	0.0822008569300235	0.124221908636837	0.163101310652691	0.17826322503656	0.16132595370528	0.115732224924913	0.0612187001824774	0.0207954697283338	0.00352600531874978	
1.18725364486869e-05	7.67148508992076e-05	0.000229231280663109	0.000707785826748642	0.00206125498189895	0.00509879776869377	0.0120981146412119	0.0258574711132055	0.0497395348157565	0.0846922821206907	0.127632506639488	0.163737803251979	0.176998513193128	0.158822573162223	0.111726047614351	0.0577589765508272	0.0195476746267457	0.00320284502504192	
1.82052864510797e-06	2.63976653540655e-05	7.73724674170886e-05	0.000257604803282777	0.000829250797846679	0.00216369829471082	0.00575742184015394	0.0130286132487152	0.0276247016608683	0.0527698433070995	0.0873771825862794	0.129838282440455	0.165120127582647	0.175645513944339	0.155459492327382	0.107562293938914	0.0551246971095467	0.0183090565838508	0.00302662887249199	
7.28048429781549e-06	2.73018161168081e-05	9.64664169460553e-05	0.000332172096087832	0.000842716057472143	0.00243623205815651	0.00637770424488637	0.0140813666925124	0.029635211334258	0.0551587691613246	0.0911553036507989	0.132362844776435	0.165560943113936	0.175517915451736	0.151497777632168	0.102969709545079	0.0522174535050072	0.0170099415013087	0.0027128904614735	
9.1000091000091e-06	3.64000364000364e-05	0.000128310128310128	0.000376740376740377	0.00107289107289107	0.00284011284011284	0.00682773682773683	0.0151578851578852	0.0315488215488215	0.0582418782418782	0.0951715351715352	0.135506415506416	0.165438165438165	0.173782873782874	0.146976976976977	0.0995322595322595	0.0491336791336791	0.0156929656929657	0.00252525252525253	
1.91047513516612e-05	4.09387528964168e-05	0.000165574511714397	0.000473070033469705	0.0012308918370856	0.00323052247855947	0.00757457903590147	0.0166738991796784	0.0339673381531892	0.0615182091024133	0.0982884872039105	0.137728881744318	0.166338701768463	0.170716419078187	0.143799643923825	0.0950625134756728	0.0461971082684454	0.0146961025397493	0.0022780141611695	
1.09175073147299e-05	4.09406524302371e-05	0.000189236793455318	0.000506754297858713	0.00139380176718052	0.00356365634598309	0.00810533938891072	0.0177500473091984	0.0357939575236182	0.0647908569515408	0.101903103483413	0.140195350597552	0.166764924232499	0.16851809394879	0.1399715416976	0.0912403380060265	0.043239697512264	0.0137879019462276	0.00223354003813849	
1.6314426121934e-05	6.16322764606396e-05	0.000207555754551272	0.000593663839437044	0.00152630519940761	0.00366893316342161	0.00884513802910856	0.019215674900618	0.0384213798741614	0.0674275231619533	0.105030462658998	0.142259076712244	0.166995372141123	0.166214092401284	0.135717898194356	0.0871561961284054	0.0415383416204576	0.013088701534825	0.00201573798306563	
1.80705038779301e-06	2.16846046535162e-05	9.21595697774437e-05	0.000268346982587262	0.000687582672555241	0.00166248635676957	0.00405863517098311	0.00995233001077002	0.0207639124809356	0.0407742849501615	0.0702987777111177	0.107083998930226	0.145095303837452	0.166718468777783	0.164080175211606	0.132110743275966	0.0831170896369274	0.0394280324112558	0.0119120761563315	0.00187210420175356	
4.52371603367816e-06	3.61897282694253e-05	9.04743206735632e-05	0.000266899245987011	0.000702080728426851	0.00175610656427386	0.00452914449291857	0.0105556389929846	0.0224113939740483	0.0427364501133643	0.0722301739097392	0.110659141615835	0.146392879309066	0.167200163577572	0.162811254281697	0.127530792935041	0.0800046322852185	0.0372799438335417	0.011054152499896	0.00174796387541324	
5.4356294640107e-06	3.53315915160695e-05	7.5192874252148e-05	0.000255474584808503	0.000770047507401515	0.00195954442177586	0.00506963041343398	0.0115833263878068	0.0237437354370427	0.0440566827440507	0.0763805592900343	0.112869939881938	0.148869207883837	0.167470837847926	0.159467779400414	0.123603496196871	0.0768244690295952	0.0350009240570089	0.0104173838677765	0.00154100095304703	
2.71548259556688e-06	2.71548259556688e-05	7.24128692151169e-05	0.000306849533299058	0.000827317030782711	0.00219954090240918	0.00553777417322607	0.0126514334127461	0.0252286436345467	0.0473553009840909	0.0788214081406548	0.115792703679298	0.150138127548028	0.166534211460061	0.155737452660087	0.12061811625162	0.0735687596399632	0.0332519895435817	0.00989793406084129	0.00143015416699856	
8.15101475605371e-06	2.98870541055303e-05	0.000104151855216242	0.000346870961285397	0.000964536746133023	0.00227232178032653	0.00617846918508871	0.013256266998262	0.0271800115382142	0.0500807403295002	0.0816568658261461	0.118356356931125	0.150610827989136	0.165304390589382	0.154414634875294	0.117985032925571	0.070003631729908	0.0309702333997792	0.00899509761745839	0.00128152065331289	
5.4418609713359e-06	3.53720963136834e-05	0.00011065117308383	0.000421744225278533	0.000975907067526239	0.00266197699181181	0.00651300060586052	0.0143447455204414	0.0290250724674486	0.0525701909367619	0.0846798915981295	0.120920871713569	0.151987549022098	0.165362736312813	0.15174085132473	0.113438312877983	0.0662419596504149	0.0294223283183561	0.0084339775287421	0.00110741870766686	
9.06376722795556e-07	2.71913016838667e-06	5.52889800905289e-05	0.000153177666152449	0.000365269819286609	0.00111665612248412	0.00288862261554944	0.00723923088496811	0.0158026781619405	0.0310524665229757	0.0553270479128863	0.0876783522796281	0.123408629068952	0.153011799212177	0.16422730478005	0.14782823073451	0.108870346435311	0.0639503160535632	0.0280351384127893	0.00791176241328241	0.00107405641651273	
9.05525607811426e-07	1.53939353327942e-05	6.06702157233655e-05	0.000147600674073262	0.000439179919788542	0.00125596401803445	0.00344461941211466	0.00797949165603429	0.0169930935561892	0.0327655385930486	0.0580450969863202	0.0907119332881174	0.125780223501831	0.153967424621785	0.162647793098265	0.144185031480598	0.105495544361247	0.061133844834565	0.0263996935701343	0.00753940621063793	0.000991550540553512	
2.71200169228906e-06	9.94400620505987e-06	7.59360473840936e-05	0.000197976123537101	0.000530648331124559	0.00143374489465681	0.00387906642053745	0.00868925342209413	0.0185238755588983	0.035295798024578	0.0605336857730199	0.0936897144623818	0.128382544110708	0.154236960243863	0.160674348260793	0.140931879941493	0.101247159178227	0.0584671404834957	0.0251664717038783	0.00710906043605371	0.000922080575378279	
1.80665046101203e-06	3.61330092202406e-06	1.62598541491083e-05	8.94291978200956e-05	0.000254737715002696	0.000625101059510163	0.00150403650879252	0.00427182501506295	0.00956711751628921	0.0201468626159757	0.0374076011204846	0.0636148727079251	0.0966738661687538	0.129226997500499	0.155137978412334	0.158600424020863	0.137784197409083	0.0977623730715135	0.0562690319334502	0.023580401817129	0.00653104141655849	0.000930424987421196	
1.80463719573817e-06	5.41391158721451e-06	2.79718765339416e-05	9.29388155805157e-05	0.000262574711979904	0.000766068489590853	0.00171169838015765	0.00474258655039991	0.0103441804059712	0.0212378728380446	0.0392472497329137	0.0658629414142581	0.0983933315046343	0.132459467848584	0.156134503219473	0.156417831259204	0.134619618571882	0.0944790734270782	0.0540398608263795	0.0220111598764184	0.00627833280397309	0.000863518898160714	
5.41758276486336e-06	2.70879138243168e-05	0.000120992681748615	0.000286228956076948	0.00080541397104302	0.00203971991097106	0.00519726773242559	0.0111710556611483	0.0222120893359398	0.0415203543099128	0.0682678633505041	0.102190960763157	0.135240021489745	0.155159570385687	0.15433880659681	0.130787671387488	0.0919553410594083	0.0513740344287385	0.0207032925359253	0.0057886871842565	0.000808122762425452	
5.41844873425038e-06	5.3281412553462e-05	0.00014629811582476	0.000319688475320772	0.000888625592417062	0.00232451450699341	0.00576613252803144	0.0122149895965784	0.0237887960929372	0.0430504782684083	0.0711379103571841	0.104937290486649	0.136749906080222	0.154866489423188	0.15254649029014	0.127890742399723	0.0887903132585828	0.0490008380534042	0.019411592590452	0.00536968269564212	0.000740521327014218	
1.35458160135025e-05	6.14076992612112e-05	0.000115590963315221	0.00038199201158077	0.000964462100161376	0.0027624434123536	0.00644509925922448	0.0131511812403091	0.0250245405033445	0.0454398913444945	0.0735890000749535	0.107143792449201	0.136943684624505	0.154641744773347	0.15139436114771	0.125226553772826	0.0862218280891459	0.0467944729458447	0.0181820973077239	0.00488552430886989	0.000616786155814812	
1.53777684506084e-05	5.60836261139836e-05	0.000143827363743926	0.000420627195854877	0.00114880976072192	0.00289554334178809	0.00659706266531101	0.0140923679230605	0.0268287784986232	0.0475462509000517	0.0762800635373209	0.109648916500526	0.138821447825945	0.154996146512141	0.149704385015902	0.122117572990126	0.0827170164958227	0.0438583001957499	0.0172601882238858	0.00433562612845683	0.000515607530402753	
9.04128885380869e-07	1.80825777076174e-05	5.15353464667095e-05	0.000172688617107746	0.000431269478326674	0.00127030108396012	0.00315088916555233	0.00705672595039768	0.015076349163726	0.0283543859744294	0.050397048200015	0.0791058526975137	0.111751234361961	0.140657138956473	0.154953224892115	0.147346788579406	0.118575599188816	0.0789720416224774	0.0420049238859098	0.0161305634440801	0.0040170446377472	0.000505408046927906	
4.53349025254261e-06	4.53349025254261e-06	2.44808473637301e-05	8.5229616747801e-05	0.0001595788568895	0.000567592979618334	0.00144527669251058	0.00347718702370018	0.00780304342267634	0.0161990673703852	0.0306853821233599	0.0528015609713638	0.0821223625287083	0.114044480792962	0.141137525240207	0.154168589622115	0.144688154805998	0.1155387191802	0.0764092581124541	0.0396254249013739	0.0148236064277638	0.00373650266614562	0.00044790883695121	
5.43222887066678e-06	1.1769829219778e-05	3.07826302671117e-05	8.05780615815572e-05	0.000180168924210448	0.000609315004993124	0.00159798065945448	0.00386412547000097	0.00863633853288173	0.0170916027700746	0.0328043247784782	0.0552584428153794	0.0842891792717011	0.11679654220525	0.142078135369333	0.153363590848143	0.14257427893952	0.112570268143871	0.0728353246979002	0.0374289622903725	0.0138530889916787	0.00357531196837719	0.00046445556844201	
1.08609472918228e-05	2.89625261115274e-05	9.23180519804937e-05	0.000250706866652909	0.000656182232214294	0.00191967243382968	0.00433261289049631	0.00911776525148524	0.0185251557640857	0.0344391587834291	0.0578064868817858	0.0878858804064891	0.118120042430101	0.142915585097332	0.151664983219836	0.140018427407238	0.109834044725381	0.0696213873774071	0.0357578588004446	0.0132422099855549	0.003309873687183	0.000449824233669661	
2.7131716343332e-06	8.13951490299959e-06	2.26097636194433e-05	0.000110335646462883	0.000272221553978097	0.000813951490299959	0.00204030506901856	0.00460063470128433	0.0101309828826002	0.0196958172841695	0.0365527526482816	0.0601275009790028	0.0898792367305558	0.120103064346483	0.143372128673069	0.151033220977881	0.138096818625381	0.105822737644442	0.0671980262580751	0.0340819576799489	0.0124968685477387	0.00313280884711007	0.000405166964060424	
3.61580613493827e-06	2.53106429445679e-05	0.000111186038649352	0.000342597631285401	0.000877736939256265	0.00222824053065571	0.00505941673431237	0.0108962317876365	0.0212654598311057	0.0381530823843349	0.0620201147295287	0.0925565014906161	0.121956621173799	0.143684904190177	0.150130078625704	0.135560187804971	0.103349682803407	0.0644291455669313	0.0320143475187434	0.0120279791078722	0.00299388747972889	0.000313671182205895	
1.26349115240321e-05	4.24172029735362e-05	0.000105591760593696	0.000350167547951745	0.000988230579915364	0.00244034291149876	0.00563065807131686	0.0114697921827802	0.0223998931447483	0.0394507062464295	0.0649569826387291	0.0941327983350797	0.12327612425894	0.144470285846823	0.149623524761268	0.133541989872216	0.0997508214948725	0.0621529347740742	0.0306838826361118	0.0114589622586168	0.00275711819327985	0.000304140370257057	
3.60174108163886e-06	1.71082701377846e-05	5.13248104133538e-05	0.000115255714612444	0.000416001094929289	0.00112374321747133	0.00261126228418818	0.0060428210997196	0.0122207074900007	0.0237489802570563	0.0417378760893016	0.0666610239389721	0.0957468840437467	0.124755306715266	0.145347360914266	0.14942183051287	0.130645954254287	0.0963834917799264	0.0596187196890977	0.0295144672934897	0.0108871628545239	0.00259595488459121	0.000333161050051595	
8.99493315415426e-07	1.43918930466468e-05	1.34923997312314e-05	4.31756791399405e-05	0.000130426530735237	0.000499218790055562	0.00119452712287169	0.00285319279649773	0.0062388856357214	0.0129032316096343	0.0252307874974027	0.0431576892736322	0.0687149928445307	0.0981814943642246	0.12664506083723	0.146373647724237	0.146992499125243	0.127622810071087	0.0939664686881879	0.0579363644459076	0.0282899642631306	0.0101219982783698	0.00254556608262566	0.000329214553442046	
4.50070526051432e-06	2.52039494588802e-05	7.20112841682292e-06	4.14064883967318e-05	0.000189929761993704	0.000619297043846771	0.00129710325608023	0.00296236420247053	0.00680956705915817	0.0136605406067131	0.026549660331774	0.0455309346974671	0.0706025634216882	0.100880607991272	0.127543686095611	0.146866113920051	0.144539249300365	0.125931533471295	0.0907999283487722	0.0562453136406475	0.0265910668201707	0.00971522237534622	0.0022953596828623	0.000291645700881328	
