# <P(N_1)> as a function of N_tot.
# number_of_species: 2
# species_total_upper_bound: 100
# species_total_lower_bound: 0
# volume: 512
# Bin widths for each species index 
1	1	1	1	1	1	1	1	1	1	1	1	1	1	1	1	1	1	1	1	1	1	1	1	1	1	1	1	1	1	1	1	1	1	1	1	1	1	1	1	1	1	1	1	1	1	1	1	1	1	1	1	1	1	1	1	1	1	1	1	1	1	1	1	1	1	1	1	1	1	1	1	1	1	1	1	1	1	1	1	1	1	1	1	1	1	1	1	1	1	1	1	1	1	1	1	1	1	1	1	1	
# Bin lower bound for each species index 
0	0	0	0	0	0	0	0	0	0	0	0	0	0	0	0	0	0	0	0	0	0	0	0	0	0	0	0	0	0	0	0	0	0	0	0	0	0	0	0	0	0	0	0	0	0	0	0	0	0	0	0	0	0	0	0	0	0	0	0	0	0	0	0	0	0	0	0	0	0	0	0	0	0	0	0	0	0	0	0	0	0	0	0	0	0	0	0	0	0	0	0	0	0	0	0	0	0	0	0	0	
# Bin upper bound for each species index 
0	1	2	3	4	5	6	6	6	7	7	7	8	9	9	8	8	8	9	9	9	10	10	10	11	10	11	11	11	11	11	12	12	12	12	12	12	12	12	13	13	13	13	13	14	15	15	16	16	15	16	16	16	16	16	16	17	17	17	17	17	17	18	19	19	19	17	17	18	18	18	18	18	18	18	18	19	19	19	19	19	19	20	20	20	21	21	21	21	22	22	21	22	22	21	22	22	22	22	23	23	
# Normalized histogram for each species index 
1	
0.921036801924886	0.0789631980751141	
0.847696493944737	0.146039816021288	0.00626369003397494	
0.780377108138804	0.202028517356932	0.0171201291583551	0.000474245345908292	
0.718787024737012	0.247698375655867	0.0316021357022326	0.00185219853208939	6.02653727990316e-05	
0.661009398082947	0.285239285409798	0.0494500316987383	0.00412628469633634	0.00017307703402374	1.92307815581933e-06	
0.608373287222615	0.3152839521793	0.0679366284349002	0.00787831269022428	0.000514400333817061	1.27801325171941e-05	6.39006625859704e-07	
0.559838705229124	0.339385414842736	0.0873902354706109	0.0122420601706205	0.00107303225574726	6.413821014628e-05	6.413821014628e-06	
0.515954064217084	0.356238060306453	0.107663757674485	0.0180365651709745	0.00195916962040928	0.000134893645995393	1.34893645995393e-05	
0.474544280662082	0.36926259391432	0.127317463325635	0.0253551800231915	0.00322239746114139	0.000269175545498055	2.63393731871605e-05	2.56969494508883e-06	
0.436562134239995	0.377813396202498	0.146398589047098	0.0335841279380643	0.00501825140416452	0.000575886011889633	4.18241237685208e-05	5.79103252179519e-06	
0.402787732225081	0.381340266784917	0.164481486446769	0.0431205172760507	0.007225854521267	0.000942306601560284	9.34572210849803e-05	8.37892326968789e-06	
0.370967025968136	0.384211322017106	0.181107883723997	0.0522926779056938	0.0099182645449545	0.00135871925270441	0.000112583271412534	2.70199851390082e-05	4.50333085650136e-06	
0.340947282010108	0.383360868356854	0.197253703074659	0.06307450411224	0.0131080865474683	0.00200529598863601	0.000216806143140948	2.44469834995728e-05	8.36344172353807e-06	6.4334167104139e-07	
0.314174205794644	0.379334595338838	0.212533082480705	0.0734253642460162	0.0172196650910954	0.00291951682480447	0.000360019975301855	2.96790660643107e-05	2.58078835341832e-06	1.29039417670916e-06	
0.2895299269245	0.373156193886614	0.226456063822794	0.0848134699196801	0.0213812545680244	0.00403855251471758	0.000569109778246987	5.41395485535073e-05	1.2890368703216e-06	
0.265612344887351	0.367337399708735	0.237685307868913	0.0962384096068441	0.0266529146434582	0.00549115196371938	0.000871734055443316	0.0001088058016026	1.93146393377396e-06	
0.244532454719852	0.358463732384609	0.2481765183115	0.107995094851979	0.0321096453949153	0.00724237501441838	0.00129845944070229	0.000168831947128536	1.28879348953081e-05	
0.225370622708116	0.350484147798533	0.256780037915928	0.118303633383832	0.0378797805601152	0.00916075669192889	0.00175249819747653	0.000245930686275712	2.19465704288037e-05	6.4548736555305e-07	
0.208315312568686	0.33960724508863	0.264498846563636	0.129293158469072	0.0442514781324064	0.0113964282468476	0.00220309890547623	0.000376421814159777	5.41428636805158e-05	3.86734740575113e-06	
0.190598514781616	0.329589460788263	0.270869651238552	0.140076858085792	0.0511532257388874	0.0142457486703216	0.00284979419227153	0.000543922726883123	6.31569043063342e-05	9.66687310811238e-06	
0.17510013359735	0.319271900882876	0.275133887219101	0.149718569516357	0.0588916959648962	0.0171641031520987	0.00395123503471341	0.00066154522019085	9.34021975926711e-05	1.22389086500741e-05	1.28830617369201e-06	
0.161583467231669	0.307516446150329	0.278902881578058	0.159916151198323	0.0654239613084792	0.0205397364107947	0.00493046409860928	0.00100013202000264	0.00016357600327152	2.25400004508e-05	6.4400001288e-07	
0.149438538974166	0.295077382544007	0.280840957913352	0.169690017709952	0.0731817588785506	0.023942666775174	0.00618750331012051	0.00136086320192316	0.00023316165918095	4.13361390237696e-05	5.8128945502176e-06	
0.137351658919285	0.284783292469442	0.281193199836029	0.178240687029002	0.0806288398522197	0.0278312746698017	0.00785888680057648	0.00170674421782388	0.000333872169498779	5.929775983376e-05	1.16017356196487e-05	6.44540867758261e-07	
0.126200031539548	0.2718020346227	0.282289899942392	0.186857019641415	0.0884768007312026	0.0321033982254177	0.00951271397813473	0.00219875708432967	0.000478886203378594	7.08030677038243e-05	9.65496377779423e-06	
0.115483653808405	0.260022126584918	0.281507053412083	0.194769295920226	0.0966451643629404	0.0369761106252015	0.0111817128087698	0.0026972809014363	0.00060497352597235	9.91126840422786e-05	1.09410105760957e-05	2.57435542966958e-06	
0.106505582800525	0.249656777871281	0.278891758477377	0.201378692176986	0.104548458966497	0.041387849066094	0.013341974341365	0.00335516155138337	0.000782204682265621	0.000127035715091778	2.06352430605935e-05	3.86910807386127e-06	
0.0982229295909911	0.237665579797135	0.277082026379175	0.207201607844048	0.11214053920088	0.0465901727373881	0.0156331079563497	0.00422614114846741	0.00101329285325196	0.000194268247661682	2.77526068088116e-05	2.58163784268015e-06	
0.0915321372097109	0.226442272910487	0.273275447771221	0.213341799559722	0.119559179180834	0.0513483520572155	0.017922475893217	0.00505518980538876	0.00122277974720175	0.000269360356356646	2.77757681614767e-05	3.22974048389264e-06	
0.084152979388962	0.216796032425161	0.269587192435247	0.217196478396875	0.126801442637243	0.0571083673862872	0.02030731810177	0.006142106087875	0.00152762722542529	0.000325644469750853	4.96527211303281e-05	5.15872427328084e-06	
0.0772330301830381	0.206290314883342	0.265605834106149	0.222031257456762	0.13370514495623	0.0623968951493803	0.0229819825281213	0.00730746559732131	0.00194569091052143	0.000424350221784257	7.09400066812588e-05	5.80418236483027e-06	1.28981830329561e-06	
0.0712689597164772	0.195793412332287	0.261577709400738	0.225022981963923	0.14095776809761	0.0677572251870696	0.026269531439262	0.00846601931712397	0.00228689113945966	0.000474820617938658	0.000111114484742108	1.29202889235009e-05	6.46014446175045e-07	
0.0655057421008923	0.185925579060929	0.256340371147463	0.228472619272452	0.147003086427738	0.0736609741521379	0.0296716175416719	0.0099461621448215	0.00272229135567393	0.000616380057485687	0.000120300829687658	1.35823517389291e-05	1.29355730846944e-06	
0.0598981226609381	0.176119656314601	0.250230464602386	0.231440878298494	0.153753414860254	0.0793109189367079	0.0333844901047602	0.0114717278399296	0.00335315469276461	0.000855132185944607	0.000158069888917033	1.9434822407832e-05	4.53479189516079e-06	
0.0554447386339811	0.166248533830462	0.244766415743691	0.231973173722347	0.160456555619673	0.0855639340793299	0.0369938834684881	0.013163232784557	0.0040244609331946	0.00109244641138169	0.000231731056959753	3.89463961276897e-05	1.94731980638448e-06	
0.0511827439037023	0.157965069302008	0.238054726831997	0.233203456813144	0.165776436281517	0.0917901982721114	0.0407058652909856	0.0149552230302277	0.00461560175689394	0.00133696417842418	0.000339258706776887	6.92761099716162e-05	5.1795222408685e-06	
0.0470933468840733	0.149689128181854	0.231639426188227	0.233321631597015	0.1715765471344	0.0974715844991431	0.0448040734972482	0.0169410109653674	0.00538732423959725	0.00153738834054509	0.000414409556892096	0.000105380277337616	1.87486382993304e-05	
0.0436116742733916	0.140635014687401	0.224862146264701	0.232696717909593	0.176561863618555	0.1039136067107	0.0493743250927685	0.0195270469577296	0.00631839033051978	0.00187247424137684	0.000486675483625694	0.000125864349213541	1.42000804240919e-05	
0.0397847694395817	0.133495820155459	0.217611766109247	0.23236453789586	0.180952933628647	0.10937684369348	0.0538766325250904	0.0219531302892846	0.00763430148398183	0.00220775745617853	0.000576441345158763	0.000141853574871284	1.61197244171914e-05	7.0926787435642e-06	
0.0361984276897653	0.125883997843821	0.212420954604968	0.230894022013889	0.184577397348055	0.114640054046152	0.0583681694442173	0.0245635638001555	0.00889971128586949	0.00261021273910045	0.000729674570293808	0.000171953318860059	3.67091354869789e-05	5.15215936659353e-06	
0.0332453200243808	0.118720031339439	0.205207604452984	0.230094881697484	0.187938697377255	0.120401691195705	0.0630351834169009	0.0270405750374669	0.00992759197906237	0.00325378631193308	0.000896885256675416	0.00019329423635246	3.99474755128418e-05	4.51019884822408e-06	
0.0304838251392174	0.111928013509709	0.198013748100117	0.228654782744839	0.191392908433839	0.125883578629558	0.067255386197392	0.029750610314361	0.0114750052993778	0.0037350143582534	0.00112172847985495	0.000259653404584461	4.18795813845905e-05	3.86580751242374e-06	
0.028265753951883	0.105956995738705	0.191586436196744	0.225844133527015	0.194917725018069	0.130411976678404	0.0716413741437667	0.0325392774784667	0.0127497742562685	0.00437971801180754	0.00131616801383489	0.000321801470375278	5.98550734898018e-05	9.0104411705078e-06	
0.0264239773819665	0.0999544780525621	0.183662707480602	0.223455457064176	0.198222004163294	0.135240104127431	0.0761227405628882	0.0356172215901518	0.0142927325208921	0.00500419484423703	0.00147254163777279	0.000404997240996538	0.000105595465061101	1.93162436087379e-05	1.93162436087379e-06	
0.0241249253305272	0.0943880131895126	0.177348294507355	0.219919076656792	0.200009150433776	0.140921190922512	0.080171976603243	0.0391348587063478	0.0157593667899827	0.00583243493687167	0.0017527591457619	0.000491674716256003	0.000116635810802538	2.384267955632e-05	4.51077721335783e-06	1.28879348953081e-06	
0.022340497333989	0.0881143154667207	0.170996885636323	0.216771925088144	0.201173751924381	0.146098689010378	0.0855341181915478	0.0419741658872722	0.0177476947602197	0.0063778568421188	0.00210516842954435	0.000583661964588174	0.000129845503135255	4.56387659534806e-05	3.85679712282935e-06	1.92839856141467e-06	
0.0203711334383372	0.0829735860100973	0.163835541880237	0.212886335249846	0.20243280330775	0.150626621430286	0.0906974027591111	0.045532265580172	0.0199378962515677	0.00738171982968323	0.00238312544366697	0.000719494646472037	0.000163025548799195	4.74956323273245e-05	6.41832869288169e-06	6.41832869288169e-07	4.49283008501718e-06	
0.0185780670337993	0.0780484204310599	0.15743122681352	0.208993466065904	0.20301536565641	0.154366439455206	0.0960122463126276	0.049321574819322	0.0218623637693996	0.00840746588618888	0.00279457259855458	0.000865200703456952	0.000224644099562265	6.61095492997522e-05	1.09112848358814e-05	1.28368056892723e-06	6.41840284463614e-07	
0.0173349104440228	0.0732326240413225	0.151360129190864	0.204553488584728	0.203565111512758	0.158797103250312	0.100413959361283	0.0528237643193945	0.023964441605588	0.00939827475079698	0.00324329336254894	0.000943304501912687	0.000282669403644826	7.46916875234619e-05	9.0145140114523e-06	3.21946928980439e-06	
0.0162119167764228	0.0688465464662826	0.14534049082718	0.200188061326026	0.203765734839971	0.161794568763143	0.105076045688597	0.0570012591092205	0.0261199148571668	0.0103800835327191	0.00375285392722928	0.00110840254140408	0.000288532445409082	9.27425717386334e-05	2.96260993053968e-05	2.57618254829537e-06	6.44045637073843e-07	
0.0145525160919414	0.0650902676221824	0.139393240192246	0.195667824431392	0.203391698511105	0.16517128322397	0.109607599611486	0.0606721136822268	0.0288420698487258	0.0117108471318737	0.00410040778497415	0.00132705747080506	0.000332570012110447	9.73218446292199e-05	3.3514807421983e-05	5.80063974611244e-06	3.86709316407496e-06	
0.0135357771370802	0.0602973778022809	0.132836799857457	0.191141286734848	0.2039036646727	0.16871077323135	0.113834936727166	0.0645104021546721	0.0312645657925147	0.0129876837145886	0.00476628237721481	0.00162749530989551	0.00041897836418968	0.000116849127763224	3.74433669075523e-05	7.10132820660475e-06	2.58230116603809e-06	
0.0124636836606999	0.056739737585578	0.126972969725239	0.186437119191243	0.20233006020582	0.171513906000361	0.119061386161642	0.0685011599908777	0.0337873589097701	0.0143152758943494	0.00530087727742291	0.00185223828816228	0.000512967283153418	0.000146654374402803	5.81449061508912e-05	5.16843610230144e-06	1.29210902557536e-06	
0.0114696901084178	0.0538943005556227	0.121643960922304	0.181440742949096	0.201021580846942	0.173814093474583	0.122069673441676	0.0730726818532125	0.0364723871490375	0.0159949043697226	0.00606010492295508	0.00213631456989793	0.000653749726258452	0.000196383316978824	4.71578359850464e-05	9.0439685450774e-06	3.22998876609907e-06	
0.0107217261088677	0.050405274536965	0.116575060792794	0.177302045179901	0.1994177827873	0.175679398582007	0.125865760995447	0.0765489177947233	0.0395887058635286	0.0173994168795248	0.00698028371475744	0.00241493686517581	0.000758095329035954	0.000247106817890017	7.87128767169246e-05	1.41941253096094e-05	2.58075005629261e-06	
0.00977157327680687	0.0474227854238066	0.111213616893985	0.172649394119907	0.197808439255976	0.176406005420557	0.130057274300317	0.0805856625999593	0.0424148299435509	0.0194786775077814	0.0079464545892935	0.00290819865749659	0.00091674983173579	0.00028559787303724	0.000109597377914968	2.06300946663469e-05	3.86814274994004e-06	6.44690458323341e-07	
0.00900358946874704	0.0443411018298634	0.106687452429406	0.168156863451565	0.1960374941532	0.178436293846175	0.132915216091938	0.0840015467078093	0.0452289790248664	0.0212183347927547	0.00905634738902983	0.00337650689809808	0.00107639025162311	0.000309470239707541	0.00011838362600039	2.44487923261675e-05	9.65083907611874e-06	1.93016781522375e-06	
0.00845620330346939	0.0410104019523012	0.101150041079778	0.163318937745668	0.19407320615625	0.180334766468366	0.137068991544439	0.0873428674391849	0.0483296043558055	0.0233162269299627	0.0100968249410462	0.00369685885836116	0.00130401798131593	0.000367437578971779	9.63560084716203e-05	2.56949355924321e-05	1.09203476267836e-05	6.42373389810802e-07	
0.00767544565753564	0.0389246004505195	0.0961050284826715	0.158658719252174	0.190787533309206	0.181477698770151	0.14001586735305	0.0923326683298194	0.0512604370992109	0.0255056108866527	0.0110279391631259	0.00423215276963875	0.00139805290062169	0.000427594254266605	0.0001275055155795	3.47742315216817e-05	7.08363975441665e-06	1.28793450080303e-06	
0.0070141179950032	0.0364240784041752	0.0918609238979175	0.153277398615903	0.187867551858431	0.182393543550234	0.143603443388215	0.096156441565268	0.0547239393745669	0.0274145981734364	0.0122382217125116	0.00459191613537726	0.00169315203304165	0.000515952888787291	0.000157562584310512	5.101411541201e-05	1.35607142234457e-05	2.58299318541823e-06	
0.00640314092411569	0.033605972208828	0.087548211256402	0.148664453538879	0.185135755260601	0.18278562843401	0.147558321138261	0.0994839559022746	0.0582191980313562	0.0294604028548442	0.0132496409438565	0.00514749618614092	0.00188023090918388	0.000624586171209102	0.000159868170247304	6.08405182317674e-05	7.1196351122281e-06	5.1779164452568e-06	
0.00589427627929642	0.0318761372531739	0.0832663725576597	0.144223142680885	0.182927983037756	0.181734353210748	0.150044842119451	0.103391541687619	0.0615114645488053	0.0318566970279784	0.0143766945396295	0.00586446793399655	0.00207297601335414	0.000701792129560029	0.000183386124344864	5.8320675586706e-05	8.42409758474642e-06	3.88804503911373e-06	3.24003753259478e-06	
0.00522103774519549	0.0297799238374725	0.0792616081158872	0.139080467957281	0.180108642653217	0.18264307670192	0.152530969760977	0.106725963185306	0.0646507318064998	0.0342666620907851	0.0156838342089024	0.00649019736079553	0.00237514156633722	0.00085409261886554	0.000237643662716947	6.28104503638797e-05	1.42456691546944e-05	5.18024332897977e-06	5.82777374510224e-06	1.94259124836741e-06	
0.00501656553527608	0.0275011823282842	0.0751268536351985	0.134395951552683	0.176847197898141	0.182515904013705	0.154963611461371	0.110615464142296	0.0681551602887792	0.0361750402250403	0.0172416135562429	0.00737022370104013	0.00273924922315694	0.000915455278877438	0.000317659746946164	7.44009590607105e-05	1.68210863963346e-05	9.05750805956476e-06	1.29392972279497e-06	1.29392972279497e-06	
0.00464253694558975	0.0256940518344393	0.0711782353831565	0.129280778719754	0.174123920870523	0.182252403420095	0.156492371542678	0.114678489600381	0.0716142211573417	0.0385950908260572	0.0186490650886655	0.00802886562193953	0.00319938522124661	0.00111066405678941	0.000337662572885307	0.000100910653965724	1.55247159947268e-05	4.52804216512864e-06	0	1.2937263328939e-06	
0.0042217478750103	0.0242654775247902	0.0674545099365213	0.124015547454588	0.170354179011196	0.181635104693506	0.158759786115414	0.117650151119753	0.0753794543334084	0.0413809171804046	0.0203954878893273	0.00884457802315763	0.00367334250154624	0.00137133793388113	0.000447161304516848	0.000118767080880382	2.98540203305878e-05	2.5960017678772e-06	
0.00397268269373726	0.0226804538687723	0.06424072678214	0.119475883757967	0.165695732368826	0.18058404083962	0.160505729843294	0.121032105430934	0.0786849569782941	0.0444630126296121	0.0223831032111923	0.0100125367711744	0.00401293540284197	0.00152311057354267	0.000517442083168589	0.00017399558129132	3.37603366684651e-05	7.79084692349194e-06	
0.00359628589466136	0.0209386065869773	0.0612719563743307	0.115735845429203	0.161317811130365	0.178791330983006	0.162597327693934	0.124009186539226	0.082053383769235	0.0473089883115837	0.0240886854363736	0.0110629470189213	0.00459067160980071	0.00181015871201395	0.000591695223051563	0.000167571204772012	5.65065690510274e-05	9.09301111165958e-06	1.94850238106991e-06	
0.00325349681110565	0.0196196700534804	0.0580149579045169	0.111736286910243	0.158525349810965	0.177376932311554	0.163801325681459	0.127061029523	0.0845337812437305	0.0500198352280142	0.0259188969665411	0.0120783877822787	0.00501561821308943	0.00204130791740494	0.00069926483048509	0.000220752128472545	6.68749095078591e-05	1.23361483558187e-05	3.89562579657432e-06	
0.0030607188316799	0.0184258512523036	0.0548318871841711	0.107187345142202	0.155314152828655	0.176011737613805	0.165123999598382	0.130188404248083	0.08724182269855	0.0527752136835184	0.0278645251351413	0.0129955854393994	0.00566929337880687	0.00213246272886566	0.000801940722459198	0.000268825040242785	7.64369993943339e-05	2.65586184336245e-05	3.23885590653957e-06	
0.00276472554899272	0.0171112343621628	0.0522770919778252	0.102727663842547	0.151070513136172	0.175340747402441	0.165825866997717	0.132627130724155	0.091230759661313	0.0552549871320719	0.0297653449719186	0.0140400370098719	0.00629660250412733	0.00238309364171438	0.000830000803435594	0.000325261829293262	9.45980619060084e-05	2.7213141096249e-05	7.12725123949378e-06	
0.00247554244360581	0.0159191042201426	0.0494972505484657	0.0993221559429855	0.146706486011858	0.173197315561404	0.165859401103925	0.13569508155109	0.0951487656607361	0.0582390300380494	0.0316290532717567	0.015251491282827	0.00674023575607975	0.00277923833846616	0.00102311196989202	0.000347081022697545	0.000123679991297073	3.75572748441373e-05	8.41800987885836e-06	
0.00226715507664604	0.0148628209238981	0.0465822637219561	0.0953973513151119	0.143246630845616	0.170041165058606	0.166328212801653	0.138039947272451	0.0985629475607031	0.0614502667146008	0.0339146966708447	0.0167056941219146	0.00756258157709785	0.00321223486431077	0.00118604598438254	0.000423634120036145	0.000163882924111842	3.82177570063189e-05	1.42506890532037e-05	
0.00220303137116673	0.0139050156544817	0.0436284445043439	0.0913221298388936	0.139985148976757	0.167938377324846	0.166465586058181	0.140329210640901	0.102280267059238	0.064566961786477	0.0359742063903461	0.0177700398100728	0.00806503866968007	0.00354493665636857	0.00131728316987704	0.000483371000850111	0.000171058906467063	4.21167762134815e-05	7.77540483941197e-06	
0.0019908520381178	0.013150356853277	0.0416831008409556	0.0872910057973301	0.135546052112605	0.165666822279438	0.16679964877206	0.142315207678391	0.105127203741948	0.0676922022483244	0.038600157509437	0.0193039582975014	0.00887574729692857	0.00367909973916541	0.00144642286757698	0.000563180293991752	0.000195270320075211	6.07795035995691e-05	1.29318092765041e-05	
0.00184306002133255	0.0119605438123355	0.0396896333355259	0.0835039034437751	0.132081883971053	0.163610591984688	0.166858195297295	0.144663444858456	0.107004530909626	0.0703168025423652	0.0410438761783525	0.0208701719630459	0.00987500983438255	0.00408014022217321	0.00160832459524261	0.00064874680946835	0.000235380303634143	8.57687133790165e-05	1.87014487818908e-05	1.28975508840626e-06	
0.00176917714578767	0.0111530318902878	0.0374381335632104	0.0803178076119716	0.128028894412467	0.162083299508934	0.16706869381123	0.146243816577692	0.11038157787923	0.0725034049895177	0.0427952741193737	0.0225276941295017	0.0105029591517227	0.0044860817429423	0.00170023979888334	0.000662958223967776	0.000224851720276729	8.11785580368705e-05	2.77037936157574e-05	3.22137135066947e-06	
0.00159713315243663	0.0103652523637957	0.0352697015204347	0.0773101390240601	0.124458437800107	0.159486442414907	0.167157579937223	0.148143445502182	0.11253987998943	0.0763291718497225	0.0441654366979691	0.0238197134441487	0.0114912376815144	0.00489387894529916	0.00192712999426373	0.00071091116510799	0.000234607129736454	6.89641837412103e-05	2.70700534311293e-05	3.86715049016132e-06	
0.00144255518466188	0.00990653350574413	0.0332251578016206	0.0739349799981573	0.121172702655165	0.156592296793971	0.166491098873982	0.14942848656697	0.115240121976127	0.0784907226112633	0.0473652911816002	0.0252785407191643	0.0125358625404048	0.00548866798487475	0.00219379205170778	0.000827906838897061	0.000286707037594702	7.47371154179448e-05	2.19057062431907e-05	1.93285643322271e-06	
0.00126698174643601	0.00901265692197585	0.0311342226921911	0.0706182741967723	0.117955033431554	0.154434436112526	0.165524556234002	0.15092041549264	0.118004036287905	0.0812106284616327	0.0498475108483297	0.0270611826452516	0.0131862817793195	0.00611955407400721	0.00228443579013882	0.000967161638500771	0.000330769280367263	8.83340963164037e-05	2.77253003036888e-05	5.80296983100462e-06	
0.00108486328528355	0.00840527033166742	0.0296462609970675	0.0670633957705175	0.113538267729544	0.151471051381603	0.165257398496551	0.152019614018421	0.121104559910784	0.0842463136590806	0.0521896038990542	0.0288176087315683	0.0144007372681839	0.00654790178018256	0.00265246169096692	0.000993221056544546	0.000413680764941556	0.000108421791747553	3.16230225930362e-05	7.74441369625377e-06	
0.00107681703202144	0.0078813979535318	0.0280617228943552	0.0643801177019048	0.109924319751468	0.14761549507469	0.163773553760574	0.153157556386202	0.123190447665725	0.0876258247805905	0.0550002031121947	0.0306576901823303	0.0156144917649289	0.00729333978993685	0.0030189564933679	0.0011393626919652	0.000375273959662563	0.000156041749550413	5.02944482021992e-05	6.44800617976912e-06	6.44800617976912e-07	
0.00100603232957671	0.00752656453484852	0.0261684337712558	0.0614355991173709	0.106418512025371	0.144760452237939	0.162043340542588	0.154096844459158	0.125730210725773	0.0902240965997138	0.0577631302676613	0.0325794746218362	0.0168848550270057	0.00793941134871451	0.00345155393994979	0.00131325218950506	0.00044827048744263	0.000142982827891184	5.41016105534208e-05	1.223726905375e-05	6.44066792302629e-07	
0.000935397804256445	0.00701419864482958	0.025160016626439	0.0588381922409523	0.10184978770453	0.141576569312913	0.160725241671201	0.153826040421263	0.128270921013493	0.0931575265152513	0.0602579924795558	0.0351911301674144	0.0183102835296105	0.00865499946355964	0.00393111206335521	0.00152002143191672	0.000521021716519215	0.000176029531844963	7.0668790156737e-05	1.09215402969503e-05	1.92733064063828e-06	
0.000893284272168904	0.00646524912563309	0.0236858204428074	0.0566212692716623	0.0984607038284894	0.137970417092575	0.15928098631922	0.154932557999351	0.128770807495636	0.0961143096060443	0.0633763708675182	0.0372768232169264	0.0198690020738559	0.0095106238625535	0.00422787021278506	0.00158136325568451	0.00062138726470328	0.000239833681113547	7.88757828261129e-05	1.73141962301223e-05	3.84759916224941e-06	1.28253305408314e-06	
0.000825981478263156	0.00612944951027892	0.0220142020076224	0.0540876784469496	0.0949493926022072	0.134874823404775	0.157075640792968	0.155720595091438	0.132162808131813	0.0980513121754672	0.0659528254274037	0.0390641783760871	0.0212113069681927	0.0103869736051462	0.004654482584809	0.00172378743289702	0.000740048622605343	0.000255874697070652	7.95199559818566e-05	3.39883682825678e-05	3.84773980557371e-06	1.28257993519124e-06	
0.000776780303419374	0.00569681686987068	0.0207580091826987	0.0512559446162063	0.0921094528385221	0.130999825384924	0.154707031851844	0.155524256088417	0.134990293456043	0.101955303676161	0.0681050155612848	0.0414794262354017	0.0220464373388662	0.0112395616134433	0.00514986082151258	0.00201320911696129	0.000771644565876105	0.000268342286635784	0.000113628193144818	3.14563924525201e-05	6.41967192908574e-06	1.28393438581715e-06	
0.000706260527234087	0.00529856055236128	0.0193492249449419	0.049010881810289	0.0886887139053637	0.128309351107878	0.152807401661737	0.154997516199329	0.137037677296134	0.104870370025249	0.070892748008943	0.0429295866608658	0.0237397362480022	0.0120687649694778	0.00563080504060516	0.00229550737332135	0.00084507060356035	0.000323890178094613	0.000131741044661499	5.26964178645998e-05	9.63958863376825e-06	3.8558354535073e-06	
0.000596602324048924	0.00483646474549575	0.0181790128417364	0.0466018418810974	0.0859750237065848	0.125466497372185	0.151925296131407	0.154725726867999	0.137447403526254	0.107179478937302	0.0737003166235394	0.0451244796605538	0.0247403526254038	0.0130204599881065	0.00624053745640399	0.0027007827191051	0.000972693228756489	0.000365161767305807	0.000125363634902522	5.46456870087915e-05	1.60722608849387e-05	3.85734261238528e-06	1.92867130619264e-06	
0.000511584986814621	0.00438933483655664	0.0170895125721206	0.0438277110465034	0.0827499977477391	0.122088630972835	0.149822972289468	0.154785668413134	0.138834512874567	0.109947657455563	0.0765916728121215	0.047701599877477	0.0265490085547306	0.0138867975037227	0.00657209744696569	0.00287388496995484	0.00115508811488333	0.000408624486323628	0.000135779160022497	5.34107596297026e-05	1.86615907139925e-05	2.57401251227482e-06	3.21751564034353e-06	
0.000484701371884878	0.0041141761008796	0.0160305014730679	0.041582749259609	0.0790333228978971	0.119087398600023	0.147642994940206	0.154660236552269	0.140084482034872	0.11176673650052	0.0793650283460305	0.0504076569959957	0.0284437421774406	0.0150848838098814	0.00701917013211005	0.00319748623840236	0.00129082275165097	0.000454487891144043	0.000164567044035184	5.65699213870945e-05	2.69992806620224e-05	1.28568003152487e-06	
0.000452530631109646	0.0038082094077449	0.0148137801048738	0.0395355992908851	0.0764429161254108	0.1156141735426	0.145415536412945	0.154339337464258	0.140751831686929	0.11361737408641	0.0820586732033633	0.0528282842587574	0.0305004357940786	0.0162795158759075	0.00783785627936139	0.00347412207126424	0.00140651412371917	0.00055552480035224	0.000157066108094955	7.46707727008805e-05	2.96108236572457e-05	3.21856778883105e-06	3.21856778883105e-06	
0.000454675937431967	0.00359052707087871	0.0139189919038142	0.0378106711414999	0.0729157635762189	0.112811650492919	0.142744483040523	0.153465972836324	0.141900635326137	0.116120252794684	0.084465688342764	0.0552302824449492	0.0326506130097685	0.0171055766517484	0.00854122876814289	0.00376392043684853	0.00159907215283277	0.000604307990287403	0.000187521714308099	7.96325088157683e-05	2.63301037213427e-05	8.34856947262087e-06	3.8531859104404e-06	
0.000470356925829269	0.00336051735411716	0.0135094466022969	0.0359274405460504	0.0699971958256946	0.109994860083253	0.140141979772727	0.151687862673745	0.142980163514805	0.117974885635248	0.0872515305850714	0.0576723043190059	0.0343687816472246	0.0183753627940613	0.00918383127212619	0.00421973689529778	0.00183715126691568	0.000679547045638739	0.000245766306401924	8.72694978346256e-05	2.5025811879047e-05	8.98362477709381e-06	
0.000428719606499389	0.00321155776868722	0.0127688055935751	0.0342143841186901	0.0677057038264185	0.10638325101277	0.13786278797	0.151265714653188	0.143095086809322	0.119848885936909	0.0895889602781686	0.0598729326276737	0.0363688601113519	0.0197761315798062	0.00998788707141637	0.00447468090783616	0.00193627690935396	0.000786412531922014	0.000278347804219753	0.0001100593616685	2.11160403201192e-05	1.15178401746105e-05	1.91964002910174e-06	
0.000341877720244337	0.00308520679128908	0.0121657346504891	0.0322163836749874	0.0647478060716205	0.103927631835398	0.13542639180976	0.15017314349215	0.143864061750146	0.121720609858731	0.0921855699485011	0.0616913553502585	0.0380378902757835	0.021192584512492	0.0107854432939886	0.00493837574214624	0.00213817355502346	0.000855013812498922	0.000343155767796652	0.000122692565022267	2.49219272701479e-05	1.15024279708375e-05	4.47316643310348e-06	
0.000320285015382613	0.0028410939711131	0.0115060158713347	0.03064655463922	0.0623943282755523	0.100124158294808	0.133486755385191	0.14938871499355	0.144893240454932	0.123402243526351	0.0939098633748343	0.0643760120559873	0.0395111761605866	0.0223612534245614	0.01143136777014	0.00544484526150442	0.00244233274678216	0.00098573774654609	0.000345167715780864	0.00012951764566269	3.82810775357705e-05	1.78645028500262e-05	3.19008979464754e-06	
0.000324454498921778	0.00262304570346389	0.0109409371699281	0.0294252820809963	0.0596919785796287	0.0967964420918837	0.130576681219311	0.148939276013888	0.145099366580677	0.125018884016759	0.0958186165489643	0.0664124575229142	0.0417762258356297	0.0238706720542687	0.0123962016513395	0.00595746905092916	0.00259882316719861	0.0011244356308409	0.000417520032993644	0.000119200375831773	4.52578967061813e-05	2.03979252760254e-05	6.37435164875793e-06	
0.000318671268279781	0.00254363406340921	0.0102401825349025	0.028132299563739	0.0580529822850642	0.0940825932193128	0.127793552005558	0.146884510345663	0.146183433555447	0.126660994318091	0.0978104097156496	0.0687163602642422	0.0431710340563984	0.02526999423205	0.0131432777889313	0.00626125307916113	0.0028431850555922	0.00116697418444056	0.000513698084467006	0.000140852700579663	3.82405521935737e-05	1.33841932677508e-05	1.78455910236677e-05	6.37342536559561e-07	
0.000259705620170002	0.00237882690907559	0.00962186989322717	0.0266705548065002	0.0559139181155199	0.0912447301135367	0.125536719630873	0.144485658443081	0.146292750129374	0.127921927513418	0.100579456200679	0.0708964438196762	0.0456309793709509	0.0263974491420462	0.013980712869594	0.00696674683296334	0.00300990518511523	0.00132532818941792	0.000599173408696884	0.000208657832421599	4.27525222392878e-05	8.93336285597058e-06	2.23334071399265e-05	4.46668142798529e-06	
