# <P(N_2)> as a function of N_tot.
# number_of_species: 2
# species_total_upper_bound: 100
# species_total_lower_bound: 0
# volume: 512
# Bin widths for each species index 
1	1	1	1	1	1	1	1	1	1	1	1	1	1	1	1	1	1	1	1	1	1	1	1	1	1	1	1	1	1	1	1	1	1	1	1	1	1	1	1	1	1	1	1	1	1	1	1	1	1	1	1	1	1	1	1	1	1	1	1	1	1	1	1	1	1	1	1	1	1	1	1	1	1	1	1	1	1	1	1	1	1	1	1	1	1	1	1	1	1	1	1	1	1	1	1	1	1	1	1	1	
# Bin lower bound for each species index 
0	0	0	0	0	0	1	2	3	3	4	4	4	5	7	7	8	9	10	11	12	12	13	13	13	15	16	16	17	18	19	20	20	21	22	24	24	25	26	26	27	29	29	30	30	30	31	31	32	34	35	36	37	37	38	39	40	40	42	44	44	45	46	47	47	48	49	51	51	52	52	53	54	55	56	57	58	59	59	60	62	62	63	64	64	64	65	67	68	69	70	71	72	72	73	74	76	76	77	79	80	
# Bin upper bound for each species index 
0	1	2	3	4	5	6	7	8	9	10	11	12	13	14	15	16	17	18	19	20	21	22	23	24	25	26	27	28	29	30	31	32	33	34	35	36	37	38	39	40	41	42	43	44	45	46	47	48	49	50	51	52	53	54	55	56	57	58	59	60	61	62	63	64	65	66	67	68	69	70	71	72	73	74	75	76	77	78	79	80	81	82	83	84	85	86	87	88	89	90	91	92	93	94	95	96	97	98	99	100	
# Normalized histogram for each species index 
1	
0.0787288834574564	0.921271116542544	
0.0063551062046118	0.145018029028251	0.848626864767138	
0.000433218550661266	0.0168003773455039	0.20163894270381	0.781127461400025	
8.77654906090925e-05	0.00180021308644697	0.0317302864420687	0.249313184009536	0.717068550971339	
4.09571690404759e-06	0.000210929420558451	0.00404247258429497	0.0494045851550741	0.287158903576585	0.659179013546584	
8.17136997103249e-06	0.000465768088348852	0.00827759778065592	0.0671135044145826	0.31502674080823	0.609108217538211	
3.8670153764743e-05	0.00109701120416824	0.0119612891408102	0.0863545238991727	0.339057872938016	0.561490632664068	
0.000144628772570237	0.00201869174108598	0.0177506355517893	0.106652516133238	0.355682892249527	0.517750635551789	
3.06128071740093e-05	0.00026122928788488	0.00306740327883573	0.0250004591921076	0.127271725399038	0.369572094181322	0.474796475853638	
6.76881422681681e-05	0.000533300514840112	0.00496174594383935	0.0333825610731647	0.146315098558037	0.379449469776219	0.435290135991631	
1.02950775116386e-05	0.000127658961144318	0.000821547185428759	0.00717361001010977	0.043521410672701	0.165151574426204	0.380398996024041	0.40279490764286	
1.02756758311994e-05	2.87718923273584e-05	9.24810824807948e-05	0.00133583785805592	0.00984820771662152	0.0523257964676337	0.180087384347269	0.384242456626372	0.372028788333409	
2.05927414704865e-06	2.67705639116324e-05	0.000170919754205038	0.00193571769822573	0.0130043162386122	0.0626513566498081	0.196417686693794	0.384781552198481	0.341009620928815	
1.86044204102895e-05	0.000243924623157129	0.00278652874589669	0.0172628349829253	0.0727246793838216	0.212859375387592	0.380067637403981	0.314036415052216	
4.11809883849022e-06	7.4125779092824e-05	0.000529175700745994	0.00384630431514987	0.0211567327827435	0.0840277477499737	0.226569561896055	0.373591867578414	0.290200366098987	
2.04867235787848e-06	0.000170039805703914	0.00087478309681411	0.00531630476869465	0.0266593733930726	0.0954865699283579	0.23871130314	0.367044236982224	0.265735340212775	
2.04948691095184e-06	0.000143464083766629	0.00130552316227632	0.00723673828257096	0.0319371545333626	0.10940366079352	0.248348625921501	0.358082254107684	0.243540529628408	
6.18268600610849e-06	0.000253490126250448	0.00175794372107018	0.00927196811382737	0.0385366818760742	0.120378957434268	0.256126011384386	0.349731877516868	0.22393688714125	
3.49923119832202e-05	0.000319047550435243	0.00213453103097643	0.0113766181371328	0.0449280702151615	0.130813612421036	0.264278407067624	0.340055287852933	0.206059433412718	
6.02480975105071e-05	0.000448744450423087	0.00291060636593863	0.0143909852225959	0.0513064488317063	0.141437602707425	0.272198827031867	0.328701154893704	0.18854538239883	
6.24893247403569e-06	5.83233697576664e-05	0.000560320945171866	0.00382642965160118	0.017051253744152	0.0599564241108811	0.150855478855695	0.275621664632292	0.319037164484401	0.173026691273574	
2.49384850701603e-05	0.000149630910420962	0.00091025470506085	0.00501263549910221	0.0206532220522711	0.0658729301057392	0.160107152357518	0.278712509144111	0.307429174702401	0.161127552038306	
8.30030503621008e-06	6.64024402896806e-05	0.000224108235977672	0.00140482662737856	0.00620447801456704	0.0237284970222656	0.073329044842398	0.170401112240875	0.280014940549065	0.29397812869623	0.150640161025918	
2.06604740339162e-06	1.44623318237414e-05	6.19814221017487e-05	0.000438002049519024	0.00178919705133715	0.00780346104261016	0.027432977422234	0.0807969158044362	0.17875855343625	0.280912201249545	0.284806700604939	0.1371834815378	
1.43942883463842e-05	7.40277686385471e-05	0.000522307034283082	0.00233804369283411	0.00934600579061657	0.0323275152990722	0.0890081101533197	0.187395127327762	0.280770875830756	0.272195992630124	0.126007600184247	
6.16037931508903e-06	8.62453104112464e-05	0.000644786368312652	0.00290359211717863	0.0111256450430508	0.0364673920855553	0.0968904458677202	0.194234706344985	0.281827086366465	0.261204189879318	0.114609750237688	
8.26036676028416e-06	1.44556418304973e-05	9.29291260531968e-05	0.000712456633074508	0.00352924169833141	0.0135263505699653	0.0412935734346605	0.104545266809846	0.202269535767388	0.280170989591938	0.248011316702462	0.10582562365769	
8.28615404374675e-06	1.65723080874935e-05	0.000184366927473365	0.00102334002440272	0.00430465702572644	0.0158493411471766	0.0462243103330412	0.113203365007157	0.207961751112934	0.276262447357028	0.236227894094665	0.0987336685082644	
8.2840089632977e-06	1.65680179265954e-05	0.000298224322678717	0.00123638833777218	0.00510709152587303	0.0184215649321333	0.0521064163791425	0.119685290499484	0.213081278553943	0.27210691341968	0.226401964966926	0.0915300150354763	
4.12498710941528e-06	1.85624419923688e-05	0.000348561410745591	0.00156337011446839	0.00627204289986594	0.0210250592966897	0.0576281324120862	0.126408167474477	0.217015571826338	0.26871403526864	0.216396823759926	0.0846055481076622	
4.12402595661937e-06	7.01084412625293e-05	0.000490759088837705	0.00195066427748096	0.00739025451426191	0.0231213515257865	0.0630089305782091	0.133919494889301	0.221540612376614	0.264100560248926	0.206795157568722	0.0776079824646416	
2.06921525011639e-06	8.27686100046557e-06	0.000120014484506751	0.000566964978531892	0.00226372148362733	0.00827272256996534	0.0261714344834721	0.0673902022657907	0.141997827323987	0.223715275981584	0.262146810821996	0.196035383580777	0.0713092959495111	
2.07805161880221e-06	1.66244129504177e-05	0.000120526993890528	0.000654586259922697	0.00265574996882923	0.00995802335730019	0.0295166451934666	0.0730476705041353	0.146897468933128	0.228963883462865	0.256485599102282	0.186355513070945	0.0653256306886663	
6.2507552995987e-06	8.33434039946494e-06	0.000191689829187694	0.000845935550545691	0.00327122860678999	0.0113888761558688	0.0338103354155294	0.0803201220147435	0.153987356805614	0.231182101170558	0.250326081068129	0.175735818078018	0.058925870209317	
1.46160672339093e-05	0.000221329018113483	0.00110873310017226	0.00394425014355066	0.0134551338936159	0.0367239129299995	0.086512501957509	0.160937516312575	0.231290911938195	0.245182439839223	0.165754554470951	0.0548541003288615	
4.15159120111761e-06	3.52885252094997e-05	0.000307217748882703	0.0014260715775839	0.00449409747520981	0.0151200951544703	0.0412585133567068	0.0929188384678137	0.166522398872428	0.230845077146943	0.237462713521525	0.158049001230947	0.051556535331079	
2.07790048934557e-05	9.14276215312049e-05	0.000392723192486312	0.00151894525771161	0.00517189431798111	0.0175769602393741	0.0461023781571101	0.0978317108393679	0.170464722444442	0.232822516129703	0.230690590227634	0.150635318074617	0.0466800344931481	
1.24174241295386e-05	0.000105548105101078	0.000393218430768721	0.00205715326412689	0.00626666004404046	0.0196236692660475	0.0499697842679515	0.10351578668521	0.176302587791189	0.232251361777513	0.22514445603404	0.140846702759979	0.0435106541499031	
2.27361041065538e-05	1.44684298859888e-05	8.68105793159326e-05	0.000529131150116161	0.00212065843757493	0.00755665423759642	0.0224426016717237	0.0554636925086604	0.108604168561342	0.181669739485585	0.232108752986697	0.216460112605723	0.133727563599084	0.0391929096425884	
6.20574527897928e-06	2.68915628755769e-05	0.000109634833261967	0.000719866452361596	0.00251746400150593	0.00874596367984146	0.0246057800311528	0.0596641036938664	0.115728875125925	0.184819505898561	0.229724278737255	0.211555925142163	0.12603248087079	0.035743024225161	
3.1141782306485e-05	0.000166089505634586	0.000915568399810658	0.00319722298346579	0.00994045691223	0.0269750118338773	0.0637845985201425	0.12077198402219	0.188110897962912	0.22911009242881	0.206017422789141	0.11856299359725	0.0324165192622304	
2.0787384552063e-06	3.53385537385072e-05	0.000291023383728883	0.00119319587328842	0.00350891051238824	0.0118883052253249	0.0297529835093678	0.0686939909907475	0.124657787681812	0.191325008678733	0.229604977331357	0.198989317363079	0.110139878310651	0.0299172038473291	
1.03807449637816e-05	9.13505556812779e-05	0.000319726944884473	0.00120624256479142	0.00431423760694763	0.0127683163054513	0.0325996914842597	0.0719240295560571	0.12975931204727	0.19557738741563	0.227595757181918	0.191072144101349	0.10481230575031	0.0279491177404855	
4.14362637749679e-06	3.31490110199744e-05	0.000132596044079897	0.000399859945428441	0.00144612560574638	0.0049702798398074	0.0140634679252241	0.035597894209075	0.0759340251808175	0.13553801880792	0.198651663976763	0.223372538944908	0.184016375611444	0.0994283867412243	0.0264114745301646	
4.13706082513678e-06	4.13706082513678e-06	4.34391386639362e-05	0.000109632111866125	0.000531612316030076	0.00163000196510389	0.00573189777322701	0.015925615646364	0.0389338794253622	0.0794274307818011	0.141152378292842	0.200357855761374	0.219394541148241	0.177541965310745	0.095108959839482	0.0241025163672469	
6.20311479070691e-06	1.24062295814138e-05	5.37603281861265e-05	0.000132333115535081	0.00055414492130315	0.00206356952037516	0.00613074511814866	0.0177222989570496	0.0414698900808059	0.0851956462404989	0.146955924801707	0.201291074958439	0.216811268164788	0.171090176747417	0.0885473959324109	0.0219631617689629	
1.44761794467204e-05	2.06802563524577e-06	1.65442050819662e-05	5.17006408811444e-05	0.000130285615020484	0.000663836228913894	0.00250851509555312	0.00701060690348318	0.0200619166875193	0.0458212440001406	0.0905671146699534	0.151844782267921	0.202542430715971	0.21166035574177	0.163618052209375	0.083335229023499	0.0201508417898348	
2.07159859048432e-06	4.14319718096864e-06	1.86443873143589e-05	8.28639436193728e-05	0.000174014281600683	0.000826567837603243	0.0026019278296483	0.00827810796757534	0.0220853125731533	0.0493827671999652	0.0962547569082634	0.155345035103238	0.202683134494395	0.207700546280548	0.157368986926141	0.0780992668612588	0.0190918526099035	
4.15490309727251e-06	1.66196123890901e-05	5.81686433618152e-05	0.000317850086941347	0.000945240454629497	0.00308086064662757	0.00900782991488681	0.0243851262778924	0.052532517310365	0.100095770516392	0.159604370127078	0.203750215535598	0.203112437910167	0.151824314077435	0.0732093925739417	0.0180551314091977	
2.07653700077455e-06	4.1530740015491e-05	0.000124592220046473	0.000321863235120055	0.00117324340543762	0.00334322457124702	0.00984486192067213	0.0259317940656726	0.0568327411741986	0.104345984288921	0.163633192198035	0.202636786683584	0.200319371390719	0.145750055547365	0.0687250685776345	0.0169736134443312	
1.24700199935987e-05	4.36450699775955e-05	0.000112230179942389	0.000396962303129559	0.00122829696936947	0.00357058239150043	0.0115056717807604	0.0289158980284898	0.0603507400956866	0.109987654680206	0.166017532848111	0.204385706031749	0.194852375746642	0.138699875715467	0.0651994995365309	0.0147208586024433	
1.25049238137517e-05	4.16830793791722e-05	0.000139638315920227	0.000475187104922563	0.00143598208461248	0.00472060873969125	0.0131530956980978	0.0310017902882593	0.0645983522678721	0.114492998284741	0.169983597708264	0.204409652967523	0.190070673661087	0.132245821792331	0.05971934782654	0.0134990652569449	
4.18133618779217e-06	8.36267237558434e-06	8.15360556619473e-05	0.000163072111323895	0.000485034997783892	0.0018167905735957	0.00537928900559463	0.0140952842890474	0.0337831057292668	0.0689857750942891	0.118875387818931	0.173523361125281	0.202324404786794	0.185764222815043	0.126029654036244	0.0562243370491474	0.0124562005034329	
1.04693624577038e-05	2.30325974069483e-05	5.44406847800596e-05	0.000198917886696372	0.000607223022546819	0.00214831317632081	0.00596125498341653	0.0155490971221816	0.0369463801132366	0.073415357298402	0.123454722101243	0.17486138564106	0.20080446581125	0.179465811249958	0.121618395926162	0.0536659519581896	0.0112147810646923	
6.30265341708859e-06	3.1513267085443e-05	0.000100842454673418	0.000210088447236286	0.000756318410050631	0.00243492510346856	0.00658627282085758	0.0175318809218681	0.0401605075736885	0.0773545662724007	0.127364020252526	0.17587764448833	0.199941175234774	0.176026807285867	0.115466711485535	0.0494086010210299	0.0107418223071913	
1.05140088654123e-05	2.3130819503907e-05	0.000140887718796524	0.000271261428727637	0.000931541185475528	0.00294602528408852	0.00771517970543953	0.0193899351495933	0.0425817359049197	0.0816959516860265	0.132142166222275	0.176976002826166	0.198409861299195	0.171237456787424	0.109402467848161	0.0467536946227153	0.0093721875026285	
4.21055290875521e-06	2.10527645437761e-05	2.73685939069089e-05	0.000130527140171412	0.000301054532975998	0.00118316536736021	0.00343370589708988	0.00875584477375647	0.0209706587620553	0.0457329204184447	0.0861037017075897	0.134070320444129	0.179820083074209	0.194763335347381	0.167140002989493	0.10533119156542	0.0434213268715381	0.00878952919702651	
2.53397640023313e-05	3.80096460034969e-05	0.000120363879011073	0.000346310108031861	0.00133878419812317	0.00360458142933162	0.010042993132924	0.0237137958121817	0.0491105742835182	0.0887588583591658	0.138139723458709	0.179496329957514	0.194594606008903	0.162330751492934	0.100032941693203	0.0397517547786572	0.00855428199778699	
3.59125592557228e-05	0.000152100250965414	0.000359125592557228	0.00145128989462833	0.00409614425863803	0.011075855775162	0.0257133924270975	0.0523161488216456	0.0937782547341203	0.140232206383141	0.180253584918415	0.190547814403894	0.15873562441378	0.0945155184506054	0.0387517639404105	0.00798526317568424	
8.46671944255119e-06	5.92670360978583e-05	0.000152400949965921	0.000529169965159449	0.00153035953924113	0.0043794106316596	0.0121709091986673	0.027665005778536	0.0566571698296919	0.0971852391213239	0.143282293126294	0.181824916708647	0.18827232356415	0.151581794859855	0.0915950876093794	0.0360618747856862	0.00704431057620259	
4.2477004011953e-06	8.70778582245037e-05	0.000161412615245422	0.000588306505565549	0.00183500657331637	0.00499954337220687	0.0134460956199837	0.0304241541235614	0.0587626873501358	0.100345550427637	0.14733573611586	0.18255129629197	0.184163298594224	0.148032358981656	0.0874070550055963	0.0335483377686405	0.00630783509577502	
6.37523349292668e-06	8.71281910699979e-05	0.000214632860928532	0.000784153719629981	0.00218032985458092	0.00596084331588644	0.0150072996423494	0.0324541886346587	0.0613786229920671	0.103140652526399	0.150104872590959	0.180491360496078	0.183094580839023	0.144256658400114	0.0837068157621273	0.0315276547003534	0.00560383024028255	
1.05978905958558e-05	8.69027028860176e-05	0.000334893342829043	0.000977125512937905	0.0024841455556686	0.00670210601281921	0.016420371689219	0.0348161901855055	0.0642380540577203	0.105925916505579	0.151869891816733	0.181927629124699	0.181588496625632	0.139671719740903	0.0791005358293485	0.0289873503577848	0.0048580730491403	
8.46383509063709e-06	1.69276701812742e-05	0.000124841567586897	0.000488786476484292	0.00102200808719443	0.00264283250705143	0.00756666857102956	0.0177338504736574	0.0360580534448867	0.0681486841910372	0.10993252207474	0.154879718323568	0.182488748389226	0.177465462262933	0.134460716167406	0.0751842471101293	0.0268917200417267	0.00488574880607026	
4.22957274970869e-06	1.26887182491261e-05	0.000137461114365532	0.000406038983972034	0.00119908387454241	0.00316583520315695	0.00821171549355942	0.0186883671945878	0.0379984815833829	0.0711541023683493	0.114642569380854	0.156428633361601	0.183290649895001	0.173706438044161	0.129331875540592	0.0717927678535553	0.0253245668388808	0.00450449497843975	
4.24043252411746e-06	3.39234601929397e-05	0.000156896003392346	0.000542775363087035	0.0012742499734973	0.00347079402099014	0.0088413018127849	0.0200402841089791	0.040650906392452	0.0748054701579561	0.117426057457861	0.159170995441535	0.183046750768578	0.169411639987279	0.125578288985477	0.0676454998409838	0.0238333510018022	0.00406657479062864	
4.02477567171388e-05	0.000201238783585694	0.000631254289563545	0.00139384336420407	0.00407773324634169	0.0100386378464485	0.0219244358959151	0.0430905193231598	0.0786504715342445	0.121901981884273	0.160971962141689	0.180564146450995	0.165933027732823	0.120455180945441	0.0637630381548734	0.0223502147959227	0.0040120658538032	
6.35165291180942e-06	5.92820938435546e-05	0.000190549587354282	0.000690212949749957	0.00160273375141324	0.00450120469683561	0.0113758103650507	0.0232788079217815	0.0467333449074564	0.0828128506641712	0.124107063461481	0.162045486303719	0.178413695857452	0.161552174594235	0.116593058066811	0.0616195021151004	0.020818601027274	0.00359926998335867	
1.89557488573896e-05	7.58229954295583e-05	0.000212725626066261	0.000665557404326123	0.00176920322668969	0.00506118494492302	0.0119631837233303	0.0251690220939784	0.050131637144843	0.0851639672276164	0.127230986330799	0.163099475557615	0.176888729754207	0.159186166515723	0.112171696960762	0.0582236357126308	0.0195960319299059	0.00337201710229786	
2.09171763485304e-06	2.30088939833834e-05	9.41272935683866e-05	0.000219630351659569	0.000690266819501502	0.00205406671742568	0.00548030020331495	0.0129749244889934	0.0277508178615952	0.0529581070792092	0.0875446581715041	0.129893573406739	0.164195650900694	0.175078857754834	0.155519206151323	0.108934562705511	0.0551000259372987	0.0183150796107732	0.0031710439344372	
4.17242983537678e-06	2.92070088476375e-05	7.09313072014053e-05	0.000273294154217179	0.000748951155450132	0.00226771561552728	0.0063254036304312	0.0141341060673388	0.0294803030018546	0.0550030563048544	0.0919540949269512	0.131126952436386	0.164583581071355	0.175459019437264	0.152840277299687	0.104327435603761	0.0517840266868612	0.0167919438724739	0.00279552798970244	
1.04133690997851e-05	2.91574334793982e-05	0.000106216364817808	0.000345723854112864	0.00100593145503924	0.00274288142088339	0.00667288691914227	0.0152930738599444	0.0317711891234442	0.0583856778686749	0.0947033439410853	0.133815958279878	0.164999833386094	0.1744031056832	0.149436011929556	0.0995684699845049	0.0486345990436362	0.0155825655209184	0.00249296056248855	
8.28636002991376e-06	4.35033901570472e-05	0.000147082890530969	0.000426747541540559	0.00118702107428515	0.00313638727132236	0.00755094557725891	0.0166970154602762	0.033777275071936	0.0616443038525359	0.0981167175242014	0.137002533554579	0.166748494471962	0.171380569728684	0.144746137002534	0.0950590506731632	0.0453968234238825	0.014604709552723	0.00232639557839829	
2.06502345866649e-05	6.19507037599947e-05	0.000138356571730655	0.000460500231282627	0.00137530562347188	0.00343619903522104	0.00796892552699399	0.0178376726359611	0.0355060133483116	0.0649945483380691	0.101423627172405	0.140105646600145	0.167533288178154	0.169726343091258	0.139610040970065	0.0903055408709443	0.0433778827727483	0.0138893477829908	0.00222816031190114	
3.08165776752385e-05	4.51976472570164e-05	0.000147919572841145	0.00064098481564496	0.0014730324128764	0.00351308985497719	0.00850948431538918	0.0194575871441456	0.0379002816635199	0.0673938009372348	0.105020842278701	0.142082913029454	0.16868378287872	0.166504023617825	0.134826636206192	0.0873341811316258	0.0414256981495672	0.0130436301106726	0.00196609765568021	
2.46382286756131e-05	8.4180614641678e-05	0.000277180072600647	0.00074120004599136	0.00152962336361098	0.00392569110231435	0.00999696128513001	0.0214906949623035	0.0399857919547971	0.0707076099275636	0.106966869795174	0.146006143131683	0.166049342159294	0.16365943397776	0.131401833084213	0.0830513624940458	0.040055600269378	0.0122513592089486	0.00179448432187382	
4.73104035577423e-05	8.22789627091171e-05	0.000325001902701013	0.000627377090657018	0.00168877570960463	0.00442249424561505	0.0108731649220098	0.0227377913446645	0.0426513572943386	0.0725062789133417	0.110502703892412	0.146719846302898	0.166230245335297	0.162254114462379	0.126816565223562	0.0802343304857956	0.0382967431929586	0.0111919959025077	0.00179162441299103	
8.24091490637291e-06	4.12045745318645e-05	8.44693777903223e-05	0.000309034308988984	0.000712839139401256	0.00183978425284775	0.00514233090157669	0.0119596277578737	0.0240140260371706	0.0440518106320164	0.0764262448417023	0.112923196733301	0.149381004279095	0.166983598519108	0.157720810164344	0.124357466165894	0.0764859914747735	0.0353617658632461	0.0105504313088839	0.00164612275254799	
2.06133714818128e-06	2.06133714818128e-05	8.45148230754326e-05	0.000303016560782648	0.000816289510679788	0.00220975342285033	0.00556561030008946	0.0129493199648748	0.0253626922712225	0.0472066820304995	0.0783143209337033	0.116350113991944	0.150762076343683	0.166112854086189	0.15557117591039	0.119922411269742	0.0736412696187763	0.0333421283718322	0.0100016078429756	0.00146148803806053	
1.64492622505881e-05	9.86955735035284e-05	0.000345434507262349	0.00103013504844308	0.00224738045498659	0.00607183392824832	0.0132087575872222	0.0273078314937575	0.0496438734722748	0.081672643231951	0.118695820242462	0.151433964436695	0.165226670833813	0.15395892619216	0.117129028013094	0.0699175891961245	0.0314962248943135	0.00915401444245226	0.00134472718898557	
2.05550268345875e-06	4.52210590360926e-05	0.00011510815027369	0.000446044082310549	0.00105036187124742	0.00258171137042419	0.00618500757452739	0.0143741302654271	0.0292909132392872	0.0526619787502133	0.0851450876569119	0.121735090925161	0.1513178855455	0.165340524852055	0.151079447234218	0.112902595894339	0.0663598486327824	0.0296958472679286	0.00853444714172074	0.00113669298395269	
4.10419736264278e-06	6.15629604396416e-05	0.000172376289230997	0.000426836525714849	0.00118200884044112	0.00277648951582784	0.00725006464110846	0.0161520687206806	0.0310831387259751	0.0560099814079859	0.0873332156796756	0.122803741386316	0.152349858199981	0.164161738209667	0.147822928508986	0.109177806142342	0.0642799390937111	0.028113751934103	0.00775898511407617	0.00107940390637505	
2.248638040823e-05	5.72380592209491e-05	0.000167625744861351	0.000480390854175823	0.00128376789966986	0.00333411694962029	0.00784774676247228	0.0170998701922586	0.0334515571818433	0.0575262937334546	0.0909308339380807	0.125672291668796	0.153504297964983	0.162190173451762	0.143921011478275	0.105773889223913	0.0617721311978086	0.0266402281345503	0.00729989676707176	0.00102415241677484	
4.08142441712158e-06	8.16284883424315e-06	4.69363807968981e-05	0.000177541962144789	0.000565277281771338	0.00139584715065558	0.0038773531962655	0.0085607877149125	0.0191582062139687	0.0353308504668129	0.0606356818529667	0.0933360542829448	0.128497525636447	0.154269680118361	0.160036732819754	0.140296923626346	0.102253966634355	0.0582500892811591	0.0253721748890363	0.00698739860211214	0.000938727615937962	
4.09695862276639e-06	8.19391724553278e-06	1.63878344910656e-05	4.50665448504303e-05	0.000258108393234283	0.000653464900331239	0.0014626142283276	0.00415226756417374	0.00951108944275217	0.0201406485895196	0.038030018415829	0.0635643130322205	0.0963789031212679	0.129769115896814	0.155082174747576	0.157698082828212	0.138118717570012	0.0974400154045644	0.0562348540560915	0.0237848932844703	0.00654079444124654	0.00110617882814693	
4.09431667901786e-06	1.22829500370536e-05	3.07073750926339e-05	8.3933491919866e-05	0.000298885117568303	0.000833193444180134	0.00168071699673683	0.00480672778116696	0.0103749984646312	0.0213498143227386	0.0399339177288007	0.0663361188334473	0.0983127320965767	0.132492087733018	0.155143894759684	0.156241171629661	0.134297681388465	0.0939256717750091	0.0542742618970607	0.0223201673756658	0.00620903124373058	0.00103790927813103	
1.02351631075593e-05	1.22821957290711e-05	0.000126916022533735	0.00031933708895585	0.0009150235818158	0.00207569107821302	0.00510325232542906	0.0111972684396699	0.0222860441503996	0.0412988831390017	0.0684466297654919	0.102529722913664	0.134956766671034	0.154407670640639	0.153660503733788	0.130479906327787	0.0931174669199528	0.0517244202803616	0.0205890541071663	0.00580538451460762	0.00093754094065243	
8.18477958388581e-06	3.27391183355432e-05	0.000143233642718002	0.000288513480331975	0.000886002389955639	0.00236949368953494	0.00554518816808263	0.0121953215799899	0.0238463553176513	0.0429700928154005	0.0713242154888769	0.104832703105305	0.136716511974333	0.15421557072468	0.150908919772791	0.129329748399876	0.0892570675571707	0.049170063350194	0.0193631423005778	0.00576208482705561	0.000834847517556352	
2.04478905956062e-06	4.49853593103335e-05	0.000102239452978031	0.000349658929184865	0.00089561760808755	0.00274410691793035	0.00637769707676956	0.0135487723086486	0.0253308468698369	0.045727617738954	0.0737064664409219	0.106588719307716	0.13640378858517	0.1545042613404	0.149958695260997	0.126327068099655	0.0869526099687556	0.0464719209566341	0.018317220395544	0.00499133009438746	0.000654332499059397	
6.14172648025844e-06	5.73227804824121e-05	0.000104409350164394	0.000405353947697057	0.00117102251556928	0.00287228075060087	0.00665148977811989	0.0146439231710962	0.0268454864452097	0.0469084596140539	0.0760100069196785	0.109443518636045	0.137898137419083	0.154605680687546	0.150384267353448	0.122599096756759	0.0831835434486204	0.0443555486404265	0.0170801413415987	0.00427259438809979	0.000501574329221106	
8.15787112195202e-06	5.91445656341521e-05	0.000150920615756112	0.000379341007170769	0.00140111436519526	0.00309795155856128	0.00707695319829337	0.0150879826400503	0.0278101826547344	0.0497548559727853	0.0791578629640809	0.110643166559255	0.140076765567258	0.155943824899454	0.1478593746176	0.119598469583378	0.0794433884533492	0.0418417209844919	0.0159425196400747	0.00413604065882967	0.000530261622926881	
6.11861547968926e-06	9.78978476750281e-05	0.000108095540141177	0.000550675393172033	0.00151129802348325	0.00332852682095096	0.00754425288645685	0.0162877544069328	0.030395242164603	0.0526975955880703	0.0813204788020567	0.113628808073309	0.140693483878468	0.155247630566155	0.145480280722078	0.115835588722984	0.0768742848868158	0.0393243416879628	0.0147254679211188	0.00382005559781933	0.000522121854266817	
4.05940533771208e-06	2.23267293574164e-05	7.10395934099614e-05	0.000135990078813355	0.000681980096735629	0.00156084135235029	0.00375697964005253	0.00876222642145152	0.0170941558771056	0.0330395000436386	0.0548567740311722	0.0842854330269159	0.115230279916295	0.141218592888328	0.154791214634968	0.143169137153098	0.113001666385891	0.0726044941676494	0.0377057864793386	0.0139542058483853	0.00357430639985549	0.000479009829850025	
1.01030307071515e-05	2.42472736971637e-05	8.68860640815032e-05	0.000240452130830206	0.00059607881172194	0.00184481340712587	0.00430793229352941	0.00899573854164772	0.0186461534731189	0.0345584268368825	0.0576014192737537	0.087298267734355	0.11797511017355	0.142074879622389	0.152238528513784	0.140688743809368	0.110737298974947	0.0693310379247567	0.0355121529356376	0.0135804938765531	0.00315820739905557	0.000493027898508995	
2.01369311316955e-06	1.00684655658478e-05	0.000100684655658478	0.000259766411598872	0.0007209021345147	0.00194925493354813	0.00462545308095046	0.00989528795811518	0.0201107531212243	0.0366612968183649	0.0591381393475634	0.0899154248892469	0.119077728554168	0.142935964559001	0.151377366089408	0.139039468385018	0.106322996375352	0.0673801852597664	0.0341401530406766	0.0128111155859847	0.00311316955296013	0.000412807088199758	
1.80669198712029e-05	0.000106394083685973	0.000327211993222898	0.00074074371471932	0.00213992628696693	0.00511896063017417	0.0108441667938043	0.0212888539149008	0.0377297509976955	0.0613432152693577	0.0924082802701205	0.120685017304094	0.143216473819026	0.150680119161374	0.136005765354874	0.104314380465243	0.064954591808057	0.0323819427158194	0.0122915278190417	0.00307539124918699	0.000329219428764142	
2.00413252125884e-06	3.80785179039179e-05	0.000114235553711754	0.000336694263571484	0.00087781004431137	0.00249314085644599	0.00578593058887426	0.0114275636362179	0.0220955610468787	0.0392028362483441	0.0652224887718476	0.092534806771563	0.122081732532482	0.144014958845139	0.149951199373107	0.133833965637144	0.100258733508495	0.063398728177502	0.0312203764161701	0.0118584521282885	0.00293605414364419	0.000314648805837637	
1.99117114713361e-06	2.98675672070041e-05	0.000103540899650948	0.000424119454339459	0.00112899404042476	0.0026422841122463	0.00611687776399445	0.0122835348066672	0.023308649448346	0.0416254328308281	0.0658958179432397	0.0937343817513147	0.123526284454728	0.145982712652101	0.149369694773375	0.130941405806653	0.0981687198959812	0.060834260887226	0.0299113729722411	0.0109494501380877	0.00269405456207177	0.000326552068129912	
2.57778976339856e-05	0.000128889488169928	0.000537370019908469	0.00116397122393458	0.00287126121338547	0.00621049041458791	0.0126470331622738	0.0247646279654497	0.0430490890487559	0.0673854073304409	0.0969427413406093	0.12567518262649	0.146612784250894	0.147181880914045	0.128399708114882	0.0951878613862957	0.0589659493801407	0.0287919287419593	0.0104301339657511	0.00267495260832666	0.000352958906065341	
3.96366900985566e-05	0.000204128954007567	0.000691660242219813	0.00133377462181643	0.00298662459892624	0.00656779954933083	0.013565657186231	0.0258074489231702	0.0448290965014675	0.0694672630667303	0.0996050203831679	0.126328076847615	0.147664507127668	0.145716363809324	0.126704625403551	0.0916083181557841	0.0563395913060884	0.0272442789392429	0.010517595717652	0.00239207424744789	0.000386457728460927	
