# <P(N_1)> as a function of N_tot.
# number_of_species: 2
# species_total_upper_bound: 100
# species_total_lower_bound: 0
# volume: 512
# Bin widths for each species index 
1	1	1	1	1	1	1	1	1	1	1	1	1	1	1	1	1	1	1	1	1	1	1	1	1	1	1	1	1	1	1	1	1	1	1	1	1	1	1	1	1	1	1	1	1	1	1	1	1	1	1	1	1	1	1	1	1	1	1	1	1	1	1	1	1	1	1	1	1	1	1	1	1	1	1	1	1	1	1	1	1	1	1	1	1	1	1	1	1	1	1	1	1	1	1	1	1	1	1	1	1	
# Bin lower bound for each species index 
0	0	0	0	0	0	0	0	0	0	0	0	0	0	0	0	0	0	0	0	0	0	0	0	0	0	0	0	0	0	0	0	0	0	0	0	0	0	0	0	0	0	0	0	0	0	0	0	0	0	0	0	0	0	0	0	0	0	0	0	0	0	0	0	0	0	0	0	0	0	0	0	0	0	0	0	0	0	0	0	0	0	0	0	0	0	0	0	0	0	0	0	0	0	0	0	0	0	0	0	0	
# Bin upper bound for each species index 
0	1	2	3	4	5	6	6	6	7	7	7	8	9	9	8	8	8	9	9	9	10	10	10	11	10	11	11	11	11	11	12	12	12	12	12	12	12	12	13	13	13	13	13	14	15	15	16	16	15	15	15	15	16	16	16	17	17	17	17	17	17	18	19	19	19	17	17	18	18	18	18	18	18	18	18	19	19	19	19	19	19	20	20	20	21	21	21	21	22	22	21	22	22	21	22	22	22	22	23	23	
# Normalized histogram for each species index 
1	
0.921077727907193	0.0789222720928072	
0.84780012127168	0.14592981924247	0.00627005948584989	
0.780365998965263	0.202052620026861	0.0171312966088851	0.000450084398990348	
0.718642823911776	0.247799306734115	0.0316549921041078	0.00184390378150985	5.89734684917863e-05	
0.661030511981822	0.285263292307995	0.0494478113816666	0.0040855082001565	0.000170911626901883	1.96450145864233e-06	
0.608438080850089	0.315300852190933	0.0679036808145726	0.00784031327303863	0.000504015475625433	1.2404525954512e-05	6.52869787079576e-07	
0.5598974604413	0.339443309851075	0.0873185970962423	0.0122070591012054	0.00107063362759914	5.63836448092627e-05	6.55623776851891e-06	
0.51606921233214	0.356197261713235	0.107630429786256	0.0180273828676495	0.00193059066881177	0.000131332698558624	1.37899333486555e-05	
0.474655328361768	0.369154836044091	0.127310263920373	0.0253725882509815	0.00320548400509462	0.000273911235681241	2.4960736105245e-05	2.62744590581526e-06	
0.436680929630271	0.377742407324184	0.146370511130836	0.033557334021149	0.00501846640351576	0.000581660456366583	4.27691512034252e-05	5.92188247432041e-06	
0.402850223240028	0.381280129166186	0.164541245860586	0.0430472675750037	0.00723330642371122	0.000943703972189729	9.55566172957477e-05	8.56714499892911e-06	
0.371005172949107	0.384203955227415	0.181065716977061	0.05232217000742	0.0099018823640851	0.00135441279397138	0.000114457419208849	2.76276529124809e-05	4.60460881874681e-06	
0.340963962393826	0.383181792771433	0.197300878990066	0.0631564063018951	0.0131391421872482	0.00200461034071141	0.00021900762580607	2.4991861203095e-05	8.54984725369041e-06	6.57680557976185e-07	
0.314123123994408	0.379229419987867	0.212593965130694	0.0734299580618785	0.0172981563052251	0.00292907445994778	0.000362013029831456	3.03326035924353e-05	2.63761770369003e-06	1.31880885184501e-06	
0.289523509824343	0.373193362396658	0.226414137889718	0.0847877065034345	0.0214143419737693	0.00404942257380272	0.000564851986396152	5.13501805814684e-05	1.31667129696073e-06	
0.265795671197237	0.367347797750696	0.237608011264278	0.0961666071490814	0.0266053471124764	0.00550060865773706	0.00086941710252611	0.000104566807338617	1.97295862903051e-06	
0.244531082926187	0.358528681175871	0.24819095560052	0.10803467732649	0.0320248729210877	0.00722499136356907	0.00128773297800589	0.000167135501488756	9.87020678083206e-06	
0.225416047274146	0.350532677567975	0.256764557042098	0.118249280450391	0.0378929847866654	0.0091215432625908	0.00175209012029393	0.000249074864787931	2.10857028391899e-05	6.58928213724684e-07	
0.208419837308896	0.339639730963311	0.264527731079161	0.129241218063742	0.0441923962511799	0.0113533588116888	0.00218799656134355	0.000380463902664432	5.33176057367111e-05	3.94945227679341e-06	
0.190549128667577	0.329536441277625	0.270951307410028	0.140139873948888	0.0511168523424773	0.0142269907354079	0.00285935263045303	0.00054633118859945	6.38483437278876e-05	9.87345521565272e-06	
0.175004587297756	0.319339060823951	0.275097780142492	0.149793851113743	0.0588916957085912	0.0171587954775492	0.00393948581489152	0.000666884577011686	9.40478249631865e-05	1.24958648552486e-05	1.31535419528932e-06	
0.16137803897488	0.307440808241252	0.278925281601756	0.160082207397482	0.0655266066240596	0.0205603962049426	0.00490193822479621	0.00099734982390234	0.000163704750264788	2.30107078685444e-05	6.57448796244127e-07	
0.149348153568756	0.294892358810557	0.280822364842815	0.169911230217985	0.0732625943982411	0.0239464150918518	0.00618388826808276	0.00135148944025263	0.000233379152121674	4.21928410615455e-05	5.93336827427984e-06	
0.137110241142218	0.284608349508175	0.28130802381814	0.178320886929631	0.0808296871401783	0.0278619600618482	0.00785077474750798	0.00170674737638583	0.000335559430206928	5.52686120340823e-05	1.18432740073034e-05	6.57959667072409e-07	
0.126123674709604	0.271354666803378	0.282332287626548	0.187117102728368	0.0886596352579991	0.0321500612241276	0.00950600706295733	0.00220249116144438	0.000477173555120447	6.70409127028727e-05	9.85895775042246e-06	
0.115295211529521	0.259809423859302	0.281425632102959	0.19499301992363	0.0967892963833144	0.0370525994619785	0.0112187548701075	0.00269865599829559	0.000605619438213995	9.79775204059557e-05	1.11786432677936e-05	2.63026900418673e-06	
0.106402807757584	0.249531875628203	0.27871014516634	0.201566676003889	0.10463708415034	0.0414691294962843	0.013393530952891	0.00335546804198454	0.000779712962810394	0.000128524114748966	2.10911367793175e-05	3.95458814612203e-06	
0.0981922492546599	0.237522521839009	0.277015156183305	0.207181126715404	0.112272398302887	0.0466349684083995	0.0156879329124639	0.00426323320914847	0.00100412270880903	0.000195282734433294	2.83687756102421e-05	2.63895587072019e-06	
0.0914420213784407	0.226374446227082	0.273164709067021	0.213381662606215	0.119605046843742	0.0514495480684797	0.018001333676656	0.00504750397792171	0.00122935937303992	0.000272677454922389	2.83901466384086e-05	3.30117984167541e-06	
0.0841250128540805	0.21681735604089	0.269476898251054	0.217212207025843	0.126798582491556	0.057163743846521	0.0203377920513003	0.00616270760987932	0.00152403251620933	0.000326295889067308	5.00979546850816e-05	5.27346891421912e-06	
0.0772129736200598	0.206390830238381	0.265498824643075	0.221928218190544	0.133838413802105	0.0623275363121347	0.0230193291170782	0.00732175511178086	0.0019578295383082	0.000431118019546654	6.65793883397737e-05	5.27361491800188e-06	1.31840372950047e-06	
0.0711514762465179	0.195798644545093	0.261649555072125	0.225006571222142	0.141012483340796	0.0677384032788747	0.0262954553559753	0.00845078980146324	0.00229431414272298	0.000482109765166315	0.000110290864085993	9.24594070181973e-06	6.60424335844267e-07	
0.0654264795808749	0.185788751714678	0.256396780537789	0.228657180160973	0.147006462062241	0.0736780868329284	0.0296382236765994	0.00993471829705654	0.00271902424512866	0.000618110301287454	0.000120977738112946	1.38826912588626e-05	1.32216107227263e-06	
0.0597943318101105	0.176086504580924	0.250175781948286	0.231476025460906	0.153855881313088	0.0794064330234363	0.0333462659412047	0.0114625720176325	0.00335674002942279	0.0008540817826342	0.000160885173007838	1.98623670380047e-05	4.63455230886775e-06	
0.0554494348102731	0.166114757698583	0.244723137647269	0.232006783470995	0.160443951106461	0.0856433117722813	0.0370078682690273	0.0132060061319287	0.00404526825695183	0.00108479803183799	0.000232883247201918	3.98091020857979e-05	1.9904551042899e-06	
0.0511874227420836	0.15782981685738	0.238108567390079	0.233121709507587	0.165885815777423	0.0918300497891703	0.0407332851588039	0.014917560674761	0.00464143062470718	0.00133406389213141	0.000334177711074583	7.08059704653077e-05	5.29390433385478e-06	
0.0471253590451629	0.149644935968214	0.231525404241738	0.233383485673545	0.171601617297337	0.097506985976507	0.0448331526131087	0.0169275711664351	0.00538460369409319	0.00153893017591644	0.000405051179835455	0.000103740677380369	1.91622907263103e-05	
0.0437115689402838	0.140710689762292	0.2248585103836	0.232693285599619	0.176427213230013	0.10394284617551	0.0493658772092397	0.0194969096860616	0.00631715439170183	0.00186124553073528	0.000477513027729393	0.000122675998836557	1.45100643785175e-05	
0.0398347332791929	0.133697958140598	0.21769339242679	0.232326465661973	0.180774472048176	0.109280742000944	0.053903349397638	0.0219268866666271	0.00761720718210757	0.00220381973465905	0.000576312692117952	0.000140949618415134	1.64660769176558e-05	7.24507384376854e-06	
0.0362344098976926	0.125979601661541	0.212585727476725	0.230853868029011	0.184512362908381	0.114496000042091	0.0583775507788146	0.0245278576483246	0.008871330522007	0.00261621712629134	0.000728699993949422	0.000173625269316469	3.74872740569649e-05	5.26137179746875e-06	
0.0332713797447951	0.118780490211881	0.205362000848709	0.230042994693922	0.18799043392732	0.120254875966723	0.0630104180715877	0.0270225105348514	0.00988910855913498	0.00324154333516453	0.000893447503380034	0.000195400521725972	4.07906813030649e-05	4.60539950195894e-06	
0.0305318102730918	0.111894933840289	0.198243634820762	0.228631383680276	0.191320793192934	0.125835342408983	0.0671826126425402	0.0297424326644454	0.0114565003601535	0.00373770297694031	0.00111170679884356	0.000264441498896516	4.27579538016755e-05	3.94688804323158e-06	
0.0283249006440643	0.106069893755342	0.191658240547471	0.225969135108961	0.194844726169194	0.130285213458401	0.0715605829757571	0.0324988683048488	0.0127137491270015	0.00436778482746659	0.00131401468937021	0.000322590606240387	6.11016830557149e-05	9.19810282559149e-06	
0.0264457586327652	0.100052495990528	0.183789185563143	0.223489032017298	0.198237080828714	0.135117715195782	0.0760672815946692	0.0355619272007416	0.0142540740239458	0.00497956335687878	0.00146975633056311	0.000406696096834406	0.000107751469920586	1.97106347415706e-05	1.97106347415706e-06	
0.0241583247037165	0.0944260893863931	0.177388760129526	0.219999013758075	0.20004273715009	0.140837319394447	0.0801959333957953	0.0390578102141789	0.0157187238029489	0.00579844502523136	0.00173184082055328	0.000496408435655933	0.000118349031017309	2.43273008202245e-05	4.60246231733978e-06	1.31498923352565e-06	
0.0223585622974061	0.0881949861345555	0.171009773055443	0.216700463755984	0.201194914625994	0.146153003392392	0.0855504814363118	0.0419663411168325	0.0176914805749288	0.00634392469164393	0.00207243620485038	0.000580597037446213	0.00013055232819412	4.65789713657414e-05	3.93625110133026e-06	1.96812555066513e-06	
0.0203422813075356	0.0830490817242486	0.163928765651311	0.212842101124994	0.202337786572142	0.150717781723593	0.0906724412441113	0.0455737339719439	0.0199091879991875	0.00734161954620208	0.00235678764013288	0.000711557235803254	0.000156595008616002	4.84854838392641e-05	6.55209241071136e-06	6.55209241071136e-07	4.58646468749795e-06	
0.0185269538077976	0.0780985687947846	0.15756365445278	0.208923060185073	0.202813386228787	0.154440000078648	0.0960671185894138	0.0494082687050598	0.0218727900604086	0.00837540479375426	0.00275597285841902	0.000859234344206263	0.000217594052079694	6.48849733611137e-05	1.11418641125145e-05	1.31080754264876e-06	6.55403771324381e-07	
0.0172977621390054	0.0732357400299539	0.151385333128206	0.204536339764603	0.203582365881528	0.158740333700196	0.100464429463132	0.0528972272298729	0.0239749218609263	0.00936288219770336	0.00322220951133658	0.000932935175798123	0.00028205016942734	7.36354754682099e-05	8.5469748311315e-06	3.28729801197365e-06	
0.0161869486355559	0.0688022591884757	0.145335951691037	0.200344481521769	0.203800476933943	0.161765576312719	0.104965584730748	0.0570413522510993	0.0261195649457498	0.0103831123819996	0.0037401038837365	0.00110881222929132	0.000282793154564216	9.33875068560898e-05	2.89369739554081e-05	6.57658498986548e-07	
0.014502714691726	0.0650044734643574	0.139312041091354	0.195826478300571	0.2035080650736	0.165226533733345	0.109571897031977	0.0606054022595768	0.0288467678808551	0.0117093505609441	0.00410018190113347	0.00132064304651152	0.000332464974321195	9.80936260868478e-05	3.09422847388043e-05	3.95007890282608e-06	
0.0135050810608289	0.0602069099261093	0.132713773282973	0.191325059926571	0.204022105220109	0.168839238480708	0.113801118981123	0.0643922053901592	0.0312633985522638	0.0129582552232092	0.00476906007960307	0.00162794471320337	0.000415561251749645	0.000118731786214184	3.56195358642553e-05	5.93658931070921e-06	
0.0124292561401608	0.0566419807554246	0.126866386322072	0.186489697765455	0.202560087286811	0.171500486431115	0.119145572023837	0.0684768200548316	0.0337087185759886	0.0143247853990089	0.00529427266164671	0.00183806896424186	0.000513840335673795	0.000143980968093685	5.94416840753747e-05	5.28370525114442e-06	1.3209263127861e-06	
0.0114297264038966	0.0537971276405317	0.121531334980683	0.181326030567781	0.201123288992283	0.173870683716141	0.122223565289934	0.0731340000673736	0.036471554156123	0.0159932943491417	0.00607088623313762	0.00212226715994681	0.000652598802996406	0.000192873330440233	4.82183326100583e-05	9.24735145946324e-06	3.30262552123687e-06	
0.0107332849316877	0.0502877697841727	0.116524981849383	0.177151343145667	0.199398719556465	0.175765956042505	0.126009504323147	0.0766523661804501	0.0395894660418454	0.0174021516731569	0.00697643719886476	0.00240116163949574	0.00076034585175896	0.000249488482608409	7.98627153323213e-05	1.45204936967857e-05	2.64008976305194e-06	
0.00977870395054625	0.0472867214451815	0.11112907440499	0.172463898178478	0.197843392924544	0.176431733177779	0.130243705441866	0.0806949287201835	0.0424742450357521	0.0194736036361813	0.00793830950300771	0.00290147521901288	0.000913928400803465	0.00028902573252846	0.000111519061181073	2.11160352532209e-05	3.95925660997891e-06	6.59876101663152e-07	
0.00898081129626007	0.0441498922763706	0.106511697449081	0.168038982056161	0.195972697279805	0.178593328973013	0.133143903092864	0.0841476001441145	0.0452511696131763	0.0212503054529695	0.0090545810700174	0.00335718336465255	0.00107493098903531	0.000315497514551417	0.000120534541049915	2.50290303819496e-05	9.87988041392747e-06	1.97597608278549e-06	
0.00843055118130945	0.0409376834854694	0.101019332670128	0.16306166689789	0.193975660416189	0.180432994476286	0.137318963743107	0.0874760092235043	0.0483721119839148	0.0233631863301723	0.0101019332670128	0.0036938727606143	0.00130712336206857	0.000372148804291152	9.86260082043689e-05	2.63002688544984e-05	1.11776142631618e-05	6.57506721362459e-07	
0.00766756820358606	0.0388717758739228	0.0959968728556089	0.158442861389852	0.190765695542435	0.181400082661026	0.140147352836677	0.0925546409815436	0.0513289374894119	0.0255398839449744	0.0110557474132175	0.00422204043534807	0.00140207338110622	0.00043044377896679	0.000129858230408051	3.55956570661664e-05	7.25096718014501e-06	1.31835766911727e-06	
0.00700363334961522	0.0363473765127114	0.091883360025487	0.153054108950255	0.187948674392519	0.182302672498181	0.143635292865693	0.0962682320188191	0.0548062731298032	0.0274533702506859	0.0122761874483204	0.0045811799496209	0.00169076010837257	0.000518861096588141	0.00016127657014969	5.2216594433711e-05	1.388036054567e-05	2.64387819917524e-06	
0.00640948760543054	0.0335489265947021	0.0876164299690757	0.148591708417016	0.184999161790363	0.182879452201841	0.14748712702156	0.0994666601288524	0.0582446366179003	0.029525520336026	0.0133199131442536	0.00517768387768368	0.00186128922605752	0.000634786428822749	0.000162340996932749	6.22859335170547e-05	7.28877945412343e-06	5.30093051208977e-06	
0.00591666898901067	0.0318565879591108	0.0832653218304317	0.144295858663471	0.182877954850978	0.181702185259353	0.150040010669512	0.103344308067558	0.0615056220630642	0.0318605691202563	0.0144045045511307	0.00590273492500156	0.00206091441963296	0.000705992576461517	0.000185787520121452	5.90538903243187e-05	8.62584914849598e-06	3.98116114545968e-06	3.31763428788307e-06	
0.00524485260578545	0.0298050301789522	0.0792913515291023	0.139035334302171	0.180145537864242	0.182641666047883	0.152485255274687	0.106705004720434	0.0646646370569953	0.034260270921068	0.0156523480179483	0.00648794433070616	0.00239469189888725	0.00085723605350532	0.00024132554019794	5.9668402796194e-05	1.4585609572403e-05	5.30385802632835e-06	5.96684027961939e-06	1.98894675987313e-06	
0.00502474960682063	0.0275043456667494	0.0751308666501117	0.134416687360318	0.176842314377949	0.182550451121596	0.154926910024005	0.110574290207764	0.0681519741743233	0.0362102474960682	0.0172376458902409	0.00734442513037	0.00273950831884778	0.000917804817481997	0.000323814253786938	7.48282426951411e-05	1.72171177882626e-05	9.27075573214138e-06	1.3243936760202e-06	1.3243936760202e-06	
0.00460773638740751	0.0257051684535968	0.0711619417002461	0.12926763682798	0.174098520914633	0.182334427480309	0.156526599958142	0.114652297046333	0.071594434421387	0.0385733171198237	0.0186587824502004	0.00805045792567748	0.00318243112569974	0.00111534110628062	0.000345729250284134	0.000103321385142385	1.5895597714213e-05	4.63621599997881e-06	0	1.32463314285109e-06	
0.0042136128939213	0.0241844100310571	0.0674317630646922	0.123889523589254	0.170400765096398	0.181707736100228	0.158843901592865	0.117685410597967	0.0753578746377057	0.0413179968457718	0.0204214011658548	0.00891106020216037	0.00366863457010182	0.00135712894785289	0.000453927067278903	0.000121623211291419	3.05719547508485e-05	2.65843084789987e-06	
0.00397456967102721	0.0225764336484302	0.0641810530880398	0.119316900766781	0.1656828897303	0.180662681012185	0.16066745634857	0.121031499262749	0.0786999379472305	0.044494429550154	0.0224021804265745	0.0100494892451843	0.00400848919131208	0.00151906243785578	0.000514778601970392	0.000175583399121684	3.45846089179074e-05	7.98106359644018e-06	
0.00357164002072868	0.020884348446779	0.0611489518244368	0.115614965364605	0.16118015128746	0.178696421241978	0.162802656411423	0.124195815546646	0.0821131283215953	0.0473832697702482	0.0240801313969709	0.0110781376914127	0.00460541327314298	0.00181675337988639	0.000590062339055009	0.000169634607056401	5.72101027719625e-05	9.31327254427297e-06	1.99570125948706e-06	
0.00322979714000665	0.0196042567342867	0.0578762886597938	0.1116168939142	0.158380445626871	0.17727435982707	0.163823744595943	0.127281010974393	0.0846890588626538	0.0500857998004656	0.0259674093781177	0.0120678417026937	0.00502560691719322	0.0020691719321583	0.000705686730961091	0.000218822746923844	6.71765879614233e-05	1.26371799135351e-05	3.99068839374792e-06	
0.0030367925736618	0.0183959550135282	0.0547903478308767	0.107097374461875	0.1552029295492	0.175883115340382	0.165194614205898	0.130212436116861	0.0873389773255918	0.052913588784042	0.0279138044653327	0.0129966227628043	0.00568004974606017	0.00215482200320801	0.00080963438371228	0.000273417513188081	7.49907257044981e-05	2.72090243706586e-05	3.31817370373885e-06	
0.00275481727927607	0.0170626080353041	0.0522266889353262	0.10268365669799	0.151084136766389	0.175241560965766	0.16579419722633	0.132683948775002	0.091232246364305	0.0553446110463526	0.0298376582858266	0.0140508957470932	0.00630023392713475	0.00239967818423687	0.000841049034419948	0.000331241884905725	9.55888405339168e-05	2.78800784890591e-05	7.30192531856309e-06	
0.0024889331012186	0.0158235928044433	0.0494576805106524	0.0993384730166625	0.146640802453784	0.173258393434469	0.165857912625383	0.135582856669154	0.095217441764072	0.0582561551852773	0.0317022299593799	0.0152771284091851	0.0067379590483296	0.00279930365580701	0.0010345685152947	0.000353477576059023	0.000126005139683329	3.84647268507005e-05	8.62140429412252e-06	
0.00227603606090487	0.0148605911323512	0.0464789124927174	0.0953353868531379	0.143247604853597	0.170065016330393	0.16635766546384	0.138045900281751	0.0985563428413689	0.0614529736444314	0.0339912382565166	0.0167172526187686	0.00755139661023247	0.00322161955559566	0.00120172049746318	0.000425346680769685	0.000161246869620957	3.91504745170225e-05	1.45984820232965e-05	
0.00221921044715563	0.0139102395113753	0.0435222893858392	0.091323630872657	0.139842131929471	0.167916272948276	0.1664839459182	0.140398594632857	0.102314101282852	0.0646021324872621	0.036018675366432	0.0178028222885226	0.00807070130901543	0.00354861179820458	0.0013220969480212	0.000484746746386479	0.00016999337955471	4.1834308249792e-05	7.96843966662705e-06	
0.00200284852513601	0.0131457645585946	0.0416535496215332	0.0872557992803796	0.135495817678485	0.165752615732103	0.166789166060797	0.142285752536201	0.10518666190366	0.0676885921804075	0.0386360217145364	0.0192775827434253	0.00888358095000765	0.003659738436731	0.00145276107448648	0.000566656349765484	0.00019153647378038	6.22990606759713e-05	1.32551192927599e-05	
0.00185389042608405	0.0119491304103485	0.0396979824726693	0.083446887427727	0.132107544157171	0.163749301650584	0.16685807225809	0.144662957563496	0.106971593294523	0.0702699843635847	0.0410414579882909	0.0208417217908158	0.00987639628560756	0.00407009609949124	0.00160860035900945	0.000651902981497459	0.000238017315759722	8.39672197263462e-05	1.91736171028665e-05	1.32231842088734e-06	
0.00177831447232217	0.0111217319673165	0.0374311415101008	0.0802764975132003	0.128020145422789	0.162271856191699	0.16705190207644	0.146311946217217	0.110316271775599	0.0724398910551178	0.0427799573653729	0.0225473363927565	0.0104730303284531	0.00448079757271965	0.00170036458089052	0.000660592300268267	0.000225922566691747	8.05922606327285e-05	2.84054689115355e-05	3.30296150134133e-06	
0.00160435687293137	0.0103932987044224	0.0352998158425616	0.0773249794004014	0.124412985775539	0.159472280241764	0.167213236076356	0.148191563382338	0.11254087707045	0.0762274354276093	0.0441171709135649	0.0238314394477523	0.011470358713845	0.00490822193250997	0.0019420118820203	0.00071627794491664	0.000232592100194333	6.93811662511506e-05	2.77524665004602e-05	3.96463807149432e-06	
0.00144237694205517	0.00995524204578341	0.0332744401291334	0.0739959853951901	0.121221111165438	0.156562319537699	0.166409201611656	0.149440955047791	0.115246115889668	0.0784684771591715	0.0472931811184071	0.0252749634285095	0.0125010406521685	0.00548605393947963	0.00220155747637554	0.00083912905011913	0.000290061144096298	7.3341200443483e-05	2.24648722079137e-05	1.98219460658062e-06	
0.00126487032599669	0.00898368694161893	0.0311245378231271	0.070707771976874	0.118038254227695	0.154514522536247	0.165519489449937	0.150776774521161	0.117980730067548	0.0812432888479828	0.0498529497331408	0.0270317268885116	0.0131492295729724	0.00609557738388054	0.00227451851616759	0.000983861497691099	0.000335227002237491	8.86004305716447e-05	2.84314814520949e-05	5.95077518764778e-06	
0.0010869083444527	0.00836780502068301	0.0296349562425122	0.0671137787298057	0.113564391215558	0.151555906318159	0.165314591496447	0.152077198938627	0.120963703347453	0.0842310966925042	0.0522053390155111	0.0287570941773334	0.0143765624720913	0.00654857315991313	0.00263821696754557	0.000993631365409588	0.000419415636264766	0.000110476989363117	3.24154040646271e-05	7.93846630154132e-06	
0.00107772220669404	0.00785660149453837	0.0280676923198912	0.0644327223157217	0.109893965614649	0.147702125775666	0.163771485888843	0.153259234149852	0.123199308566207	0.0875254480542522	0.0549565640286591	0.0306473535675512	0.0155744404731934	0.00728371053610568	0.00301841510740549	0.00113520953470285	0.000382588079506957	0.00015660341078264	5.1540363042388e-05	6.6077388515882e-06	6.6077388515882e-07	
0.00100182215478878	0.00752422555121667	0.0262110465741708	0.0614965691880951	0.106373977966512	0.144737562853121	0.162173756087324	0.154099122316677	0.125719440959479	0.0901969920256804	0.057683969327611	0.032577039001768	0.0168389277203134	0.00793010211590383	0.00346216009487612	0.0013060645878307	0.000455373706722174	0.000143211730954655	5.54367990792212e-05	1.25392759822048e-05	6.59961893800252e-07	
0.000932603134257337	0.00702117871295502	0.0251960803025925	0.0588862862584844	0.101817621789611	0.141502945564804	0.160838171308073	0.153948623242155	0.128308947659048	0.0930378576322411	0.0602473471488473	0.0351335360006529	0.0182400587599208	0.00866985256709379	0.00391930251552748	0.00151572690063137	0.000519941055796257	0.000178359526735172	7.23968558703649e-05	1.11886049981473e-05	1.97445970555541e-06	
0.000896632406331473	0.00650107760107149	0.023713135434847	0.0566244712988952	0.0984252770200011	0.138019644460618	0.1591979048361	0.155141710616982	0.128776119755932	0.0961150527173874	0.0632871397951737	0.03722371077069	0.019827728340744	0.00950233288644036	0.00422632447057633	0.001565329688123	0.000617461144286875	0.000237788227906222	7.81679533724874e-05	1.77355860593039e-05	3.94124134651197e-06	1.31374711550399e-06	
0.000829483100020688	0.00616168681266357	0.0220762034236702	0.0540713959681736	0.0950536405638909	0.134899696907007	0.157022530021969	0.155764185113307	0.132212250473685	0.0979952516525628	0.0658759321833532	0.0390119759495874	0.0211725068713119	0.0103754346905201	0.00466625291025098	0.00171019318484075	0.000733596692575699	0.000252194386704627	7.55269647683128e-05	3.48080794149616e-05	3.9405372922598e-06	1.31351243075327e-06	
0.00078194464173914	0.00572614970195348	0.020771843153348	0.0512874136506884	0.0921662168347617	0.131124684986137	0.15470403165133	0.155470192717458	0.135009417533448	0.101928358350301	0.0679877519453257	0.041444381310142	0.0220207185735857	0.0112326446433175	0.00515333743706299	0.00200517175160861	0.000773395204949729	0.000265032540471718	0.00010785443334333	3.15671512224379e-05	6.5764898380079e-06	1.31529796760158e-06	
0.000713753315265629	0.00533537187601236	0.0193681307827846	0.0489941609184504	0.0886509272208658	0.128359052156668	0.152876215158435	0.154997063339681	0.137004422110023	0.104881572258963	0.0708604283046647	0.0428778744373596	0.023735589952671	0.0120626944055962	0.0056481327844544	0.00228019163354693	0.000847417450873492	0.000318686904601997	0.000127738139447908	4.67495252618632e-05	9.87666026659081e-06	3.95066410663633e-06	
0.000594556548385249	0.00485653278060863	0.0182205574346235	0.0465841310684438	0.0859993455269002	0.125510689837034	0.151893725156853	0.154769719623461	0.137364949080808	0.107120917526513	0.0737263288470541	0.0450967520620182	0.0247284167084217	0.013032179138637	0.00627806942287193	0.00270348747250258	0.000971174871393402	0.000360157731967587	0.00011456571364234	5.13570440465664e-05	1.64605910405661e-05	3.95054184973587e-06	1.97527092486794e-06	
0.000518557027765533	0.00439027379415724	0.0171117230127966	0.0437966544835416	0.0827556397194916	0.122107990324662	0.149881430321288	0.154757974873375	0.138863905465802	0.109917617299642	0.0765784197254613	0.0476855027400501	0.0265419494186165	0.0138791426084539	0.00657453878404637	0.00287874924308464	0.00115703448634851	0.00040390782467633	0.000125191658545681	4.87588564862128e-05	1.91082005148672e-05	2.63561386411961e-06	3.29451733014951e-06	
0.00049309275147072	0.00413302575932334	0.0160798270422862	0.041602149858063	0.0790054404786357	0.119019686843311	0.147735591684968	0.154702090344599	0.140106149900196	0.111806970975336	0.0792878660999721	0.0503454940934203	0.0284295292116309	0.0150561164567895	0.00701521543347395	0.00320609038673218	0.00128901950250957	0.00044964265588051	0.000159317017164104	4.9375108625239e-05	2.6991726048464e-05	1.31666956333971e-06	
0.000456463175558904	0.00382782631180393	0.0148832061129126	0.0395849879024066	0.0764074501122688	0.115663283210335	0.145445526528954	0.154323471442028	0.140690921659837	0.113687035126556	0.0820037414149303	0.0527815230038971	0.0304577032778278	0.0162585322993871	0.00781726169587943	0.00348218078580268	0.00141160577412724	0.000556067134387508	0.000153693525874602	7.25591753056061e-05	2.83640412558278e-05	3.298144332073e-06	3.298144332073e-06	
0.000454799151217098	0.00359100458616568	0.0139243572259753	0.0378562703047089	0.0728731722471159	0.112838894476066	0.142800351728895	0.153479904590905	0.141856528309437	0.11612187300902	0.0844689051648334	0.0551741795186369	0.0326112711208463	0.0171033440572033	0.00855035567794691	0.00378977353503336	0.00159475881823304	0.000608154002495801	0.000182972741010641	8.02973899399217e-05	2.63270130950563e-05	8.5562792558933e-06	3.94905196425845e-06	
0.000470878840112301	0.00334152986956788	0.0134871274483562	0.0359847451039452	0.0699741740055151	0.109990325938913	0.14014630126644	0.151692697629362	0.142928169274366	0.117953834144109	0.0872862055517667	0.0576228115807258	0.034366263504062	0.0183951844089122	0.00920975876666572	0.00424317077710135	0.00185392101993935	0.0006833004397719	0.000249250112294081	8.54947614729038e-05	2.56484284418711e-05	9.2071281586204e-06	
0.000432179041480662	0.00321412668026817	0.0127620700261209	0.0341932974867379	0.067768165783618	0.106419006434156	0.137871672336147	0.15120495320465	0.143072904472692	0.119779175528304	0.0895489401776328	0.0598518786672097	0.0364007552312355	0.0197674365224736	0.0100102896648875	0.00450935218394694	0.00196743114482851	0.000798121234418765	0.000282654274473696	0.000110176144110396	2.16417425931136e-05	1.18045868689711e-05	1.96743114482851e-06	
0.000341331809897181	0.00308836497477027	0.0121752597987125	0.0321847725393645	0.0647665644199914	0.103962724731946	0.135304977679127	0.150286889058645	0.143820583946005	0.121646464103817	0.092162864409378	0.0616611656120977	0.0380188603841522	0.0212490516740982	0.0108066568219847	0.00497322412462476	0.00216133136439693	0.000872001226435985	0.000349848726458915	0.000125133158714706	2.55507496852017e-05	1.17926537008623e-05	4.58603199477978e-06	
0.000317339841526372	0.00285540426478575	0.0115249978734959	0.0306236218617707	0.0623523715427951	0.100086368781611	0.133475100272847	0.149368264707229	0.144895408714087	0.123377150222792	0.0938952974815648	0.0644154076671923	0.0394751133590259	0.0223845635432138	0.0114746160842226	0.00548441763231763	0.00244580686108367	0.00100370993175558	0.000351363907009612	0.000132824717174956	3.9258537096046e-05	1.83206506448215e-05	3.27154475800383e-06	
0.000324896271798938	0.00264689135717083	0.0109909074803935	0.0295145709767611	0.0596691287746312	0.0967713678133043	0.130543583494746	0.148978341773881	0.145079586512294	0.124958897679901	0.0957554949634541	0.0663971618316828	0.0417867595290377	0.0238547079561671	0.0123944332259716	0.00596384041774993	0.00261355190070856	0.00113484894938221	0.000424914641185734	0.000122244673694973	4.6413753114134e-05	2.091887464299e-05	6.53714832593437e-06	
0.000322702654327318	0.00257574203646279	0.0103140732979231	0.0282737171752935	0.0580773323595639	0.0941174702986175	0.127695530698886	0.146875434815697	0.146126816917197	0.126488988588476	0.097903020666688	0.0687226004869283	0.0431559274402429	0.0252707534061788	0.013094934025598	0.0062339097778251	0.0028487981285859	0.00116865394451735	0.000517369437706956	0.000144366976935906	3.91946543717391e-05	1.37181290301087e-05	1.82908387068116e-05	6.53244239528985e-07	
0.000266149451745208	0.00240776973298736	0.00969581798777936	0.0268503599229932	0.0559822811165983	0.0913226123713066	0.125439440863815	0.144339321587009	0.146239641751067	0.127709231397003	0.100665308236377	0.0709540051895873	0.0456946566083536	0.0263821461454759	0.013937860969281	0.00687476458525153	0.00301330878044697	0.00133009332886917	0.000604885117602745	0.000209911484054574	4.38133004101448e-05	9.15501799614966e-06	2.28875449903742e-05	4.57750899807483e-06	
