# <P(N_2)> as a function of N_tot.
# number_of_species: 2
# species_total_upper_bound: 100
# species_total_lower_bound: 0
# volume: 512
# Bin widths for each species index 
1	1	1	1	1	1	1	1	1	1	1	1	1	1	1	1	1	1	1	1	1	1	1	1	1	1	1	1	1	1	1	1	1	1	1	1	1	1	1	1	1	1	1	1	1	1	1	1	1	1	1	1	1	1	1	1	1	1	1	1	1	1	1	1	1	1	1	1	1	1	1	1	1	1	1	1	1	1	1	1	1	1	1	1	1	1	1	1	1	1	1	1	1	1	1	1	1	1	1	1	1	
# Bin lower bound for each species index 
0	0	0	0	0	0	1	2	2	2	3	4	4	4	5	7	8	9	9	10	11	12	12	13	13	15	15	16	17	18	19	20	20	21	22	23	24	25	26	26	27	28	29	30	30	30	31	31	32	34	35	36	37	37	38	39	39	40	41	42	43	44	44	44	45	46	49	50	51	52	52	53	54	55	56	57	57	58	59	60	61	62	62	63	64	64	65	66	67	67	68	70	70	71	73	73	75	76	76	76	77	
# Bin upper bound for each species index 
0	1	2	3	4	5	6	7	8	9	10	11	12	13	14	15	16	17	18	19	20	21	22	23	24	25	26	27	28	29	30	31	32	33	34	35	36	37	38	39	40	41	42	43	44	45	46	47	48	49	50	51	52	53	54	55	56	57	58	59	60	61	62	63	64	65	66	67	68	69	70	71	72	73	74	75	76	77	78	79	80	81	82	83	84	85	86	87	88	89	90	91	92	93	94	95	96	97	98	99	100	
# Normalized histogram for each species index 
1	
0.0792202370499086	0.920779762950091	
0.00633447050658837	0.145746679654139	0.847918849839272	
0.00045160759223912	0.0171395467460019	0.201949375327454	0.780459470334305	
6.33573524662236e-05	0.00181727430488485	0.0316902659927093	0.247997675866875	0.718431426483064	
1.54391750539985e-06	0.000172146801852083	0.0041515941720202	0.0495481725420447	0.284930747580295	0.661195794986282	
7.68732275916463e-06	0.000505057105277117	0.00781800724607043	0.0677053264690666	0.315036480190154	0.608927441666673	
4.85372565818061e-05	0.00105009969398415	0.0122051939487138	0.0870041880718536	0.339120566545349	0.560571414483517	
6.94777894946494e-06	0.000130463849162175	0.00194460613041135	0.0179754480931435	0.107461297011374	0.356573139269001	0.515908097867958	
3.09266474045198e-06	2.55144841087288e-05	0.000274473995715113	0.00317462035607396	0.0254650014728816	0.127602574024863	0.369411844751323	0.474042878250294	
6.97169106113011e-06	5.03511021081619e-05	0.000572453299352795	0.00503433557847607	0.0336957321631221	0.146555790957717	0.378116636391453	0.43596772881671	
1.00830611553171e-05	0.000104708711997524	0.000939275927622236	0.00727919453405011	0.0433338943651976	0.164796775902415	0.381096276946011	0.402439790551551	
5.4127198917456e-06	3.17030736516528e-05	0.000109027643533733	0.00136941813261164	0.0101063212835879	0.05249178426445	0.18097042335202	0.38424279914943	0.370673110380824	
7.73637527609189e-07	1.00572878589195e-05	2.862458852154e-05	0.000216618507730573	0.00201919394705998	0.0132825827115222	0.062960169271891	0.197614101864853	0.382719258545794	0.341148619637241	
1.55213585534715e-06	3.10427171069429e-06	3.02666491792694e-05	0.000363199790151232	0.00294905812515958	0.0172550943038942	0.0733671336784766	0.212795497564311	0.379054857913603	0.314180235567659	
1.55051139742165e-06	5.19421318136254e-05	0.000568262427155036	0.00402590284340533	0.0213009255777787	0.0847749859097277	0.226396371183125	0.373308876600225	0.289571182815372	
7.73072344109962e-07	0.000109776272863615	0.000876664038220697	0.00547412526864264	0.0266934149697729	0.0959135395890347	0.237610742613294	0.367288216831331	0.266032747344497	
9.28175462289391e-06	0.000167845062763998	0.00130795392227613	0.00724672992182442	0.0320792909358252	0.107981612844092	0.247833677144994	0.358789318866172	0.244584289547429	
7.74204736894262e-07	2.32261421068279e-05	0.000260132791596472	0.00172183133485284	0.00920839114062036	0.037920548013081	0.118248934694282	0.256822292141512	0.350423644832029	0.225370224705183	
4.64109987878994e-06	5.64667151919443e-05	0.00036742040707087	0.002154243860405	0.0114774400002475	0.0442884691099995	0.12939463813731	0.264890775581936	0.339295341805403	0.208070563282557	
1.00703218319929e-05	7.04922528239506e-05	0.000496544330331345	0.00287314028268168	0.0143657014134084	0.0512354735607573	0.140497256999261	0.271211583658811	0.329132976275871	0.190106760904222	
1.31714229708067e-05	0.000100722646247345	0.000663994675645961	0.0039165613598487	0.0173049254148805	0.059070732865722	0.14994192952049	0.275166521651882	0.319407007042063	0.174414433400249	
7.73913541474801e-07	2.63130604101432e-05	0.000177226200997729	0.00100453977683429	0.00495769014668757	0.020699091580285	0.0655504769629156	0.160118842163429	0.278916892520435	0.307253736841535	0.161294416832929	
6.98160966440954e-06	4.80955332437102e-05	0.000222635774853949	0.00137770430711015	0.0061562282551949	0.023988035072504	0.0734985078748678	0.170175184101168	0.280657605571635	0.2948318246592	0.149037197240558	
7.7363872464109e-07	1.16045808696163e-05	4.40974073045421e-05	0.000324154625624617	0.00172753527212355	0.00785088577765778	0.0279415098178622	0.0810471664321252	0.178500889297714	0.281010341228832	0.284654953260616	0.136886088660545	
7.72513953533286e-06	5.79385465149964e-05	0.000465825913980571	0.00224569806292126	0.00957299291218448	0.0324015527530466	0.0888916356051681	0.187065026362039	0.282070337395469	0.271416597462292	0.125804669846849	
3.0897144949321e-06	8.49671486106326e-06	9.7326006590361e-05	0.000625667185223749	0.00276992904470662	0.0113145344804413	0.0372225629490707	0.0969621927085828	0.194722304185482	0.281402699483554	0.259901376313322	0.114969821213671	
4.64724685478206e-06	1.93635285615919e-05	0.000129348370791434	0.000789257424170486	0.00345445349538799	0.0134917321605748	0.0416044774674364	0.104694726226815	0.201373726170274	0.278784466112663	0.249133482096869	0.106520319699602	
3.10192458911131e-06	2.94682835965575e-05	0.000191543843377624	0.0010282880012904	0.00430779777312834	0.0156748004299267	0.0466839650661253	0.112382727863503	0.207131789919055	0.276872360456045	0.237446123447293	0.0982480329920699	
3.88256634529371e-06	2.4071911340821e-05	0.000284980369744558	0.00126261057548951	0.00511023382367558	0.0179529867806381	0.0515697992247292	0.119777171752311	0.213579974654607	0.273274432213498	0.225763467846139	0.091396388281483	
3.0997827827215e-06	4.57217960451421e-05	0.00035027545444753	0.00153981709731691	0.00617554224887691	0.020429118429526	0.0573049093584767	0.127008949847839	0.217448212316522	0.269126240978663	0.216333840406134	0.0842342722833697	
3.87141932426699e-06	6.58141285125387e-05	0.000451407493209531	0.00196280959740336	0.00739441090934994	0.0231890274684944	0.0627471901238544	0.134057959792987	0.221820713022525	0.264823664592618	0.206335810009322	0.0771473214423979	
7.760691322383e-07	6.9846221901447e-06	0.00010476933285217	0.000509101350748325	0.00231113387580566	0.00847157064751328	0.0264561967180036	0.0682599365951519	0.141362544575471	0.224675894128649	0.261350593110834	0.195650908582937	0.070839590390712	
1.55441823954362e-06	1.39897641558926e-05	0.000113472531486684	0.000624098923176765	0.00270779657328499	0.00994905394219896	0.0297562283595836	0.0738908254349457	0.147182422638547	0.228340153343359	0.256244292370527	0.185840804255997	0.0653353074444976	
5.44909494425187e-06	1.47904005629694e-05	0.000165808174732235	0.000871076748945406	0.00335586404352426	0.0114368718458498	0.033555526666703	0.0797412769720469	0.153894117857696	0.231172403914941	0.249918847407437	0.175850856714492	0.0600171101581249	
2.34118201597623e-06	3.66785182502942e-05	0.000216169139475138	0.00112298697366326	0.0040635115857294	0.0132690392725479	0.0369391698480729	0.0860259527830411	0.160326485636068	0.231688054665039	0.244335900309348	0.166527496402384	0.055446213684365	
6.22387915716228e-06	5.83488670983964e-05	0.000331421565118892	0.00136536349010248	0.00463834594187519	0.0150345580890201	0.0408519868178239	0.091827891069667	0.165639207949138	0.232824427480916	0.237807420731119	0.158190780567805	0.0514240235511587	
1.39812340769279e-05	9.6315168085503e-05	0.0004070092586839	0.00158764680295781	0.0054456906729634	0.0169235071148947	0.0448960728266948	0.0974406574286957	0.171472068601255	0.233067172062387	0.231566519604797	0.14981591375132	0.0472674454731871	
1.08508290033359e-05	0.000133310184898126	0.000477436476146778	0.00189812001636925	0.00635083520380957	0.0194586366398393	0.0494084748074753	0.103905988417515	0.176487183620829	0.232654949838168	0.224784223514677	0.14077012983792	0.0436598606133509	
8.51467659323145e-06	1.78034146949385e-05	0.000139331071525606	0.000574353639288885	0.00226567803530804	0.00763456865809471	0.0218873632136557	0.0540937403967994	0.1094205607766	0.181150518582508	0.232265670294693	0.217674610859928	0.133227596531276	0.0396396898490348	
6.18514775931425e-06	4.09766039054569e-05	0.00018246185889977	0.000757680600515996	0.00265342838874581	0.0088184744178423	0.0243949959062053	0.0585238680986315	0.11481644414309	0.184732581270909	0.230825075516788	0.212460598675914	0.125588652109406	0.0361985772613867	
5.41700909902757e-06	4.72053650058117e-05	0.000204298628877611	0.000899997368881295	0.00326026561917188	0.0098218113549797	0.0268234813414991	0.0630741062321916	0.120300164212762	0.188261186510719	0.230018588079794	0.205354945651922	0.118719171414288	0.0332093612108099	
3.09520143184018e-06	4.72018218355628e-05	0.000270830125286016	0.00115760533550823	0.00369489670925922	0.0114298050874278	0.0298122063911267	0.0673771185686551	0.125908151445111	0.191562016616589	0.228663422379699	0.197711408061297	0.111745283493368	0.0306169587634051	
8.50942031508063e-06	6.65281951906304e-05	0.000322584388308056	0.00131431864684745	0.00438699296425657	0.0128167341618414	0.0325253251952332	0.0718241489612705	0.130614960334498	0.194893574227287	0.225788958640349	0.191161033043626	0.105932999918774	0.0283433319022036	
1.54837231231599e-06	2.09030262162658e-05	0.000109934434174435	0.000405673545826788	0.00149959858447803	0.00501904885037227	0.0143108310965805	0.0356621110972618	0.0762596589400308	0.135531351055487	0.1982613327305	0.223302383951431	0.183459667610916	0.0998529820489456	0.0263029746554678	
1.54984935464273e-06	3.87462338660682e-06	2.32477403196409e-05	0.000101515132729099	0.000515324910418707	0.00169863489268843	0.00578636256555863	0.0157325207989783	0.0390128079550668	0.080216327972921	0.141020792778942	0.200402495877401	0.219883327340582	0.17715475555776	0.0943292561962977	0.0241172058075955	
2.31975862138292e-06	4.63951724276583e-06	4.25289080586868e-05	0.00011134841382638	0.000552875804762928	0.00208005023050668	0.00630201092142359	0.0176696014190737	0.0419752590010501	0.0853315476346968	0.146392234066738	0.201072811037102	0.216653856444057	0.171103849407456	0.0882111413367068	0.0224939260986763	
5.41338544619056e-06	7.73340778027223e-07	6.96006700224501e-06	4.40804243475517e-05	0.000124507865262383	0.000678993203107902	0.0023749295293216	0.00725857654256352	0.0200241127654589	0.045535851691799	0.0904282838562793	0.150963853278694	0.201803276026204	0.212673354002155	0.164362755598794	0.0833692292344468	0.0203450491883402	
7.73398793807241e-07	1.54679758761448e-06	1.00541843194941e-05	4.94975228036634e-05	0.000201083686389883	0.000865433250270303	0.00274401892042809	0.00834419958638632	0.0219382301851362	0.0493173208847063	0.0960259676379009	0.15436730564875	0.202301789490129	0.208984728467417	0.157980624813418	0.0782965736886637	0.0185708518368995	
3.87658203312772e-06	7.75316406625544e-06	6.59018945631712e-05	0.0002853164376382	0.00094821196530304	0.00323927194688152	0.00936272092641007	0.0241115649296478	0.0528455662755971	0.100413553771294	0.158356050104047	0.203287186500811	0.204520714903752	0.151604594835152	0.0735108497777943	0.0174368659850085	
7.75295969236256e-07	3.10118387694502e-05	9.14849243698782e-05	0.000285308916678942	0.00112572974733104	0.00380825380088849	0.0103827636200119	0.0261453059705543	0.0571672235876046	0.104807610305234	0.161225897986556	0.203438437623563	0.200171340409201	0.14589364489894	0.0690850732267043	0.0163401378476233	
4.65653043469488e-06	3.18196246370817e-05	9.77871391285924e-05	0.000341478898544291	0.00132555899707647	0.00416216212021144	0.0117616197896335	0.0288782495791661	0.0608166157423324	0.1091560581849	0.164621544369362	0.203485723465731	0.196066318306451	0.139529054033603	0.065142532516164	0.0145788207026239	
6.99883663782109e-06	3.81047772503593e-05	0.000112759034720451	0.000416041955692698	0.00163306188215825	0.00478331601769306	0.0129828419631581	0.0313750069988366	0.0642151038005238	0.113689102344766	0.168536652129824	0.20435047685407	0.191236989940339	0.132946790177988	0.0602257669169658	0.0134509863693768	
1.55922319500425e-06	5.45728118251487e-06	5.53524234226508e-05	0.000145007757135395	0.000504408703583875	0.00180713968300992	0.00530993459058697	0.0143721397999517	0.0336924744092493	0.0685504681567643	0.11911061908957	0.171628374743703	0.202301413435826	0.186638236830411	0.126849043806376	0.0565795320771192	0.0124488379889139	
3.89650569162586e-06	1.01309147982272e-05	4.28615626078845e-05	0.000205735500517846	0.000643702740256593	0.00208696844843481	0.00609335560056453	0.0159725561311127	0.0364370040235318	0.0730758470418898	0.122268452097528	0.173822339602291	0.201387779467129	0.181358181609896	0.12129042916893	0.0538723083912809	0.0114284511935387	
3.11665564149734e-06	1.4024950386738e-05	7.55788993063104e-05	0.000252449106961284	0.000726180764468879	0.00239437069658033	0.0069610503752843	0.0174353508224465	0.0396469764154876	0.0767180369432776	0.126103783074534	0.175933652634704	0.199497906776155	0.176822678656441	0.116470979650576	0.0501968557619561	0.0107470078157932	
7.79456640775715e-07	4.67673984465429e-06	2.182478594172e-05	0.000109903386349376	0.00028372221724236	0.000904949159940605	0.00293387479587979	0.00795591393239773	0.0194521199271987	0.0424912993152473	0.0808483606078203	0.130240189563855	0.176460409448573	0.198013944479303	0.172227959889161	0.111070232940617	0.047291972765785	0.00968786658820136	
2.33621206575658e-06	1.16810603287829e-05	2.64770700785746e-05	0.000111359441801064	0.000323954739784913	0.00109568345883984	0.00338283507121553	0.00899363771580759	0.0213545357557257	0.0453801406399664	0.0845708767803883	0.133294915623808	0.178602633689735	0.195535498742339	0.167887207681465	0.106433928029094	0.0440531721866166	0.00893912610093994	
7.77387356572033e-07	1.32155850617246e-05	2.56537827668771e-05	0.000102615131067508	0.000368481607015143	0.0013371062533039	0.00370969246556174	0.0100951522124444	0.0235509499673497	0.0486628937466961	0.0877740290431916	0.13710314375447	0.18012065051774	0.193683727727852	0.163154171460555	0.100988059330203	0.0408773593706272	0.00843232065673684	
1.55783622779304e-06	7.0102630250687e-06	3.27145607836539e-05	0.000130079325020719	0.000436194143782052	0.00143476716579739	0.00425133506564722	0.0111174982396451	0.0257011820861296	0.0516274715071754	0.092564291901121	0.140120358426959	0.181125723614928	0.190595031125568	0.158520741031537	0.0957968020737916	0.0388423095856779	0.00769493204718374	
3.12074554611097e-06	1.56037277305548e-05	5.07121151243032e-05	0.000157597650078604	0.000528186183679281	0.00171406949120145	0.00461714303547117	0.0122387838454607	0.0274812852790532	0.0551755614416284	0.0965176380637334	0.14359564499959	0.182304592567164	0.187676175838408	0.152733187958603	0.0920315663411989	0.0362763264143804	0.00688280430194774	
6.2599131593547e-06	7.82489144919337e-06	6.88590447529017e-05	0.000154150361549109	0.000647118522848292	0.00185058682773423	0.00518164311765585	0.0133257901379763	0.0295452251338643	0.05834943304749	0.0998197927499251	0.147530503383092	0.182636096380753	0.184857583063179	0.148700324654746	0.0876520865464294	0.0333661196285055	0.0063006025948905	
3.92200850762085e-06	4.70641020914503e-06	8.62841871676588e-06	6.11833327188853e-05	0.00019374722027647	0.000718511958596141	0.00207631130393448	0.00588065955632671	0.014374945582132	0.0319094612180033	0.0617457487388782	0.103371593833661	0.150158017722772	0.181718420183597	0.183051118674487	0.144316578251522	0.0831199107037103	0.0314498018209101	0.00583673306104136	
2.35326786542132e-06	7.05980359626395e-06	6.27538097445685e-06	1.64728750579492e-05	6.58915002317969e-05	0.000254937352087309	0.000854236235147938	0.00242151263351854	0.0065679706123909	0.0157480685553995	0.0344392907878192	0.0645932807927061	0.106697165018203	0.152665115078721	0.182895978500545	0.180466621640808	0.138815349268094	0.0787528935389462	0.0295688107290189	0.00516071642886895	
1.56929332367695e-06	1.56929332367695e-06	1.09850532657386e-05	1.88315198841234e-05	8.31725461548783e-05	0.000347598471194444	0.000910974774394469	0.00275803301636224	0.00743452712091954	0.0173281368800409	0.0363220786231648	0.0683301698995417	0.110475896046872	0.15524155739808	0.182955277494215	0.176843664645155	0.133914861129311	0.07473131736682	0.0273182581785683	0.00497152124940857	
1.56984269391286e-06	0	5.494449428695e-06	1.6483348286085e-05	0.000116953280696508	0.000364988426334739	0.00111537323402508	0.0031993394101944	0.00808782955903904	0.018626183563276	0.0385427778209484	0.0717308222129601	0.115127553643487	0.156662451639034	0.182529534627983	0.173644224980436	0.129087379799107	0.0709890715400863	0.0254746223154709	0.00467734630651336	
3.1516387339552e-06	3.07284776560632e-05	0.000136308375243563	0.000464866713258393	0.00138041776547238	0.00365353720233757	0.00886240811988203	0.0201917614587675	0.0412423444725378	0.0755124761558832	0.11794692797954	0.159242850310555	0.182018955531165	0.170126246768585	0.123604119506989	0.067263849679439	0.0240485793594452	0.0042704704845093	
3.94160434333266e-06	3.7051080827327e-05	0.000190773650217301	0.00052502169853191	0.0015309191269504	0.00396840725286732	0.010004580144247	0.0222803127111222	0.044447895538025	0.0787201453033025	0.121481034182381	0.161124902346752	0.180491581127283	0.165556053949527	0.119169677395451	0.0639761800966324	0.0225333637099641	0.00395815908157466	
7.88150628195458e-06	5.75349958582684e-05	0.000182850945741346	0.000610028586223285	0.00178279672097813	0.00453423056400847	0.0111499669370811	0.0240693320344611	0.0472204685870745	0.0822892307886314	0.124617648426497	0.162974575048885	0.178510600231874	0.161248525173137	0.115294614645573	0.061053300262533	0.0208323974044624	0.00356401714069986	
1.10235960072535e-05	7.08659743323441e-05	0.000218109721000659	0.000697636147316187	0.00204330225991592	0.0050448699727481	0.0120794990248055	0.0258904900224645	0.049970748100595	0.0848887758532854	0.127539068805349	0.164103549361694	0.177212179813748	0.158476003599992	0.111406823448449	0.0574951397752604	0.0196251504917705	0.00322676403126607	
1.57087225823883e-06	2.43485200027019e-05	7.14746877498669e-05	0.00025526674196381	0.000794861362668849	0.00213795714346305	0.00568891388321193	0.0130445232324153	0.0276866235514594	0.0529423222832942	0.0872132569051617	0.129986537624747	0.165439553620939	0.175858363873708	0.155378116806919	0.107234023836416	0.0547708175918842	0.0184129791749465	0.00305848828679101	
7.06531808061999e-06	2.59061662956066e-05	9.34192057326421e-05	0.000316369242943317	0.000816436755982754	0.00237865708714206	0.00631560932873198	0.013982264481547	0.0296923917514767	0.0552052553405954	0.0909526246871634	0.132685888518701	0.165795539115171	0.175502501122601	0.151522026521634	0.102669277170858	0.0522024951563319	0.0170784438715431	0.00275782915746867	
8.6265240519254e-06	3.60745551262335e-05	0.000122339795645487	0.000355255945047473	0.0010477305575793	0.00281146261146841	0.00678750596994676	0.0151254335808623	0.0315017131492538	0.0580071004135242	0.0950360627916843	0.135737571727587	0.165757091198828	0.173672319131199	0.146861082377815	0.0993853993727733	0.049416650916725	0.01581163435772	0.00251894502316222	
1.64670623466505e-05	4.07755829536107e-05	0.000158397456858257	0.000454804579097966	0.00122248334278229	0.00327224053202726	0.00755602917963448	0.0165729220331647	0.0337002351653332	0.0613484328453594	0.0986925936642586	0.137943012986239	0.166385550388035	0.170590924453039	0.14343909108089	0.0950298485108679	0.0464731865255518	0.0147944792997264	0.00230852531183519	
9.41522064569583e-06	4.62915015080045e-05	0.000181242997429645	0.000498222092501404	0.00136834540050779	0.0035565995989116	0.00805942887271563	0.0176574617192821	0.0357268393418133	0.0646566739791547	0.102228896567524	0.140366032394636	0.16696952293077	0.168268038778155	0.139774442697398	0.0913692241544347	0.0432511698411652	0.0137948674493853	0.00221728446206137	
1.56329141627949e-05	6.80031766081579e-05	0.000196193072743076	0.000587015926812949	0.00148747178258994	0.00364559558276377	0.0088005490279454	0.0192136331517831	0.0384608770690162	0.0674654043609577	0.105067252796728	0.142514335382287	0.167158061268517	0.16611065601961	0.135492811986068	0.0870854932809735	0.0415718269874124	0.0130644263658477	0.00199475984717263	
1.55807773717254e-06	2.18130883204156e-05	8.17990812015584e-05	0.000257082826633469	0.000665299193772675	0.00161338949684217	0.00404087461135698	0.00987977093141108	0.0207364566040293	0.0408255319082635	0.0702186684200235	0.107156796374041	0.145028991931494	0.167235494880546	0.16369008898961	0.131918546812056	0.0831585040272414	0.0397013788208935	0.0119263060391872	0.00184164788533794	
3.89659982699097e-06	3.19521185813259e-05	8.57251961938013e-05	0.00025016170889282	0.000689698169377401	0.00168800704505249	0.00448186912100501	0.0105566682512839	0.022332972248416	0.0428306459783193	0.0723699899467724	0.110544978451803	0.146439676738078	0.167112697460196	0.16249210938535	0.12765338965219	0.080254370036706	0.0373208538229541	0.0110819299079623	0.00177840816103868	
4.67952287584758e-06	3.19767396516251e-05	7.01928431377137e-05	0.000258933599130233	0.00073468509150807	0.00189130716232173	0.00493611671353989	0.0115428230937574	0.0238094123923125	0.0441325802421185	0.0763932109482117	0.112537065720779	0.148566272182888	0.16732725931264	0.15939390819712	0.124092367542205	0.0771606526998507	0.0351634947300773	0.0103955600686954	0.00155750119717794	
2.33833893755232e-06	2.41628356880406e-05	7.24885070641219e-05	0.000305542954506837	0.000793476346142754	0.00214347735942296	0.00545300640237201	0.012624691923845	0.0253281079252542	0.0472757571931203	0.078614955080509	0.115503810713022	0.149790095108039	0.16661210542479	0.156142582555056	0.121163370388211	0.0737667990166505	0.0331225710504286	0.00987324644065841	0.00138741443628104	
7.02140905636943e-06	2.80856362254777e-05	9.90798833509909e-05	0.000335467321582095	0.000931506934811678	0.00222578667086911	0.00612188854059233	0.0133250740758655	0.027261790896197	0.0499690277844958	0.0815013957000891	0.118087617823145	0.150674757410317	0.165550782731078	0.154573979906288	0.11796123246013	0.0702718221492689	0.0308310071665182	0.00898116233965832	0.00126151316046104	
9.36462575053574e-06	3.19958046476638e-05	0.000119398978319331	0.000421408158774108	0.000955972212033856	0.0026283382939837	0.00657786920427214	0.014528436466477	0.0290740414134966	0.0524145907112277	0.0844767281246244	0.120865322634769	0.151945735115318	0.165263793703538	0.151707717544158	0.113496922940055	0.066493525141679	0.0294470656725596	0.00843674741575349	0.00110502583856322	
7.79703385238188e-07	7.79703385238188e-06	5.30198301961968e-05	0.000156720380432876	0.000380495251996236	0.00111731495104632	0.00291842977094654	0.00733311033816516	0.01577807770368	0.0310649422746599	0.0552716135727646	0.0877080541020585	0.123052008554906	0.153083843844125	0.164109629414778	0.147818506883611	0.109279327958058	0.0639668657249409	0.0279929109368214	0.00782978139456188	0.00107677037501394	
7.79105633479104e-07	1.4803007036103e-05	5.9991133777891e-05	0.000147250964727551	0.000449543950517443	0.00126526754877006	0.00347948575911768	0.0079827163206269	0.0170226789858849	0.0328774786271847	0.0580550562786954	0.090359892265273	0.125667401363279	0.154153840640176	0.162493387340936	0.144392426158316	0.105733204625083	0.0612267953125889	0.0261654835947622	0.00745214538422763	0.00100037163338717	
2.3325464876515e-06	9.330185950606e-06	7.77515495883833e-05	0.000192046327483307	0.000518602835754517	0.00146561670974103	0.00390701536681626	0.00875404696815608	0.0184955386160846	0.0354422663643686	0.0605288038390605	0.0934581401207326	0.128622055937575	0.154165772523846	0.160614486046707	0.140934013814895	0.101191309242793	0.0585228138596802	0.0251604014468008	0.00700930219539275	0.000928353502085297	
1.5526865358787e-06	3.10537307175741e-06	1.86322384305444e-05	8.53977594733287e-05	0.000244548129400896	0.000626509017227057	0.0015604499685581	0.00429395461497256	0.00965771025316554	0.0201577529520453	0.0375796722278723	0.0636679114037063	0.0966888959622387	0.129264259484974	0.15509941075546	0.158773067099349	0.137415863798337	0.0977385120604927	0.0562864396121389	0.0234665279600028	0.00645917598925541	0.00091065065329286	
1.55220331379885e-06	4.65660994139656e-06	3.95811845018708e-05	8.30428772882387e-05	0.000261546258375107	0.00077299725027183	0.00174855703299441	0.00479242773135396	0.0104913421979665	0.0213202886166842	0.039340592988232	0.0660672057468775	0.0985354185632651	0.132368794194139	0.156133803030056	0.156606448939108	0.134141410378497	0.0944802874059656	0.0538443807523685	0.0219225435024381	0.00620726105188162	0.000835861484480683	
1.55398344230642e-06	7.76991721153211e-06	3.65186108942009e-05	0.000109555832682603	0.000280494011336309	0.000813510332047412	0.00203571830942141	0.00523692420057264	0.0112081055776351	0.0221100764171358	0.0416234465021775	0.0684856042858863	0.102358558369561	0.135342633924236	0.155254600762229	0.154462069206653	0.130535386145461	0.0917277576407423	0.0511773367054774	0.020681188641935	0.00571322012563956	0.000797970497624348	
4.66849049028487e-06	1.16712262257122e-05	5.13533953931336e-05	0.000136164305966642	0.00032601625257156	0.000902574828121742	0.00232023977367158	0.00571734468710221	0.0120750506531218	0.0237703974130338	0.043220106877309	0.0712520580262245	0.105198986626331	0.13703031095259	0.15481025698484	0.152591945920206	0.127780475127839	0.0885239166767817	0.0488720926975472	0.0193477807552373	0.00532130107717637	0.000735287252219867	
2.33553184731227e-06	4.67106369462454e-06	1.71272335469566e-05	5.52742537197237e-05	0.000115998081749843	0.000374463606185734	0.00101907039604392	0.00274269289936038	0.00639079364486214	0.0130501734521652	0.0247854424742936	0.0453856118782036	0.0739351531797488	0.107420451785281	0.137270884325779	0.154598973611604	0.151358033918151	0.125193849143327	0.0858370234736521	0.0467044088613192	0.0182342756425827	0.00490228134750845	0.000601010195375024	
3.89793643245266e-06	3.11834914596213e-06	2.02692694487538e-05	5.22323481948656e-05	0.000138766536995315	0.000418638372845416	0.00119978483390893	0.0028735587380041	0.00668028345793737	0.0139327839841588	0.0265847060566136	0.0477411458373937	0.0766692912771978	0.109932721617176	0.138793042963055	0.154786276145409	0.149505351866722	0.121899386464806	0.0827212273822238	0.0439016784514278	0.0172709767449112	0.00435477458233611	0.000516086783656732	
7.79035227193939e-07	2.72662329517878e-05	5.45324659035757e-05	0.000165934503392309	0.000454177537454066	0.00130020979418668	0.0032127412769478	0.00708065117996571	0.0150291476030255	0.0283451967414515	0.0504495422778523	0.0793244829737956	0.111680153064841	0.140253607127861	0.1547904044673	0.147284400053286	0.118784175301623	0.0790081946715549	0.0419681857593919	0.0162195134301778	0.00407669134390588	0.000490013157904987	
3.90130935744655e-06	3.90130935744655e-06	2.88696892451044e-05	8.11472346348882e-05	0.000159953683655308	0.000578954308645067	0.00143724236728331	0.00352834418287466	0.00786894097396968	0.0162286666651061	0.0305527141019069	0.052695765752902	0.0820336121209	0.114092231634781	0.140660928620864	0.153937084364254	0.145261352615165	0.115597356784884	0.0763938793137753	0.0396934819264041	0.0148983201742169	0.00378895164795209	0.0004743992178655	
4.67264245718691e-06	1.01240586572383e-05	2.8814628485986e-05	8.09924692579065e-05	0.000192357114487528	0.000614452483120079	0.00162218570638672	0.00387673569197941	0.0085563871128521	0.0170948624296183	0.0326516467170793	0.055134844673577	0.0844743666622536	0.116417329273326	0.141733706106365	0.153589757567734	0.142845795011175	0.112722826637177	0.0726642628517137	0.0376996581183269	0.0139439438659886	0.00357145638477653	0.00046882179320442	
9.33897199709247e-06	2.64604206584287e-05	9.33897199709247e-05	0.000269273692582833	0.000687970937119145	0.00190826327807256	0.00429514887099611	0.00915141430948419	0.0183580842032845	0.034256905780668	0.0576362439277226	0.0874291210937804	0.117807240504989	0.143031803869136	0.151934957173031	0.140137500797704	0.109856662344798	0.0699831431555453	0.0359737201328002	0.0133710731568371	0.0033145568113014	0.000467726847521048	
2.32870257888286e-06	6.98610773664858e-06	2.32870257888286e-05	0.00011410642636526	0.00030117886686885	0.000810388497451235	0.00202209007266328	0.00456348082041744	0.010018854728547	0.0197194534379801	0.0364232370363068	0.0597661516870286	0.0896907560598663	0.119704627364894	0.143136808947807	0.151118825154024	0.137900333082092	0.106177970318357	0.0678389872938225	0.0343669926591532	0.0126805617762101	0.00319187500145544	0.000420718932584837	
3.10124158206738e-06	2.55852430520559e-05	0.000129476836051313	0.000366721817079468	0.000879201988516102	0.00220730869603646	0.00500385329266572	0.0108651998827731	0.0212256726980647	0.0379653994476689	0.061813947213767	0.0923231865877504	0.121445395664154	0.143537865384407	0.150047371465166	0.135395555610689	0.103812511338915	0.0650043494913188	0.0322963298356497	0.0122274202476962	0.00308961192613463	0.000334934090863277	
1.16138533139356e-05	3.94871012673811e-05	0.000123881102015313	0.000357706682069217	0.000989500302347315	0.00245903987500397	0.00556690702181314	0.0114380970004514	0.0223210518124967	0.039437548826575	0.0646883887017338	0.09388174464853	0.123126975806795	0.14460795889625	0.14958023662839	0.133330133071531	0.0999999225743112	0.0624182675073032	0.0308936240719563	0.011588302836645	0.00281906932773597	0.000320542351464623	
3.09062166309442e-06	1.46804528996985e-05	4.48140141148691e-05	0.000115125656950267	0.000420324546180842	0.00113194018410833	0.00261157530531479	0.00596180918810914	0.0122821304891372	0.0237205212642497	0.0418493352845458	0.0665302672306021	0.0957320060143498	0.124738262977907	0.145181952623861	0.14910704213599	0.130391009999706	0.0965286137480123	0.0599217454594905	0.0298051826634668	0.0109268928898703	0.00264943542068769	0.00033224182878265	
7.72183480061064e-07	1.2354935680977e-05	1.1582752200916e-05	3.93813574831143e-05	0.000122777173329709	0.000513502014240608	0.00116831360533239	0.00283622992226429	0.00620681081273083	0.0129665049971854	0.0253129466598817	0.0431642843519334	0.0687189244410743	0.0978649898959792	0.126494464602723	0.146272400077527	0.146704822826361	0.127668183492416	0.0940975066967612	0.0582759150567285	0.0283947309288055	0.0102576853491312	0.00257832063992389	0.000316595226825036	
3.86383535115695e-06	2.16374779664789e-05	6.18213656185112e-06	3.78655864413381e-05	0.000185464096855534	0.000603531081850715	0.00131988615595521	0.00294578807172206	0.00683589750326687	0.0138078020108945	0.026637280910876	0.0454842969867494	0.0704949032147883	0.100513812824997	0.127650301263242	0.146301034503277	0.144367571293558	0.125900756616238	0.0914191171754436	0.0565356388581285	0.0267215125215312	0.00962558662680219	0.00230748247171093	0.000272786775791681	
