# <P(N_2)> as a function of N_tot.
# number_of_species: 2
# species_total_upper_bound: 100
# species_total_lower_bound: 0
# volume: 512
# Bin widths for each species index 
1	1	1	1	1	1	1	1	1	1	1	1	1	1	1	1	1	1	1	1	1	1	1	1	1	1	1	1	1	1	1	1	1	1	1	1	1	1	1	1	1	1	1	1	1	1	1	1	1	1	1	1	1	1	1	1	1	1	1	1	1	1	1	1	1	1	1	1	1	1	1	1	1	1	1	1	1	1	1	1	1	1	1	1	1	1	1	1	1	1	1	1	1	1	1	1	1	1	1	1	1	
# Bin lower bound for each species index 
0	0	0	0	0	1	2	2	3	3	4	5	5	7	7	8	9	9	10	11	12	13	13	14	14	15	16	16	17	18	19	21	21	22	23	24	25	25	26	26	28	29	29	30	30	30	31	31	32	35	35	36	37	37	38	39	41	41	42	44	44	45	47	48	49	49	50	51	52	53	54	54	55	55	56	57	58	59	59	60	62	62	63	64	66	66	68	68	69	70	70	71	72	74	75	75	77	77	78	79	80	
# Bin upper bound for each species index 
0	1	2	3	4	5	6	7	8	9	10	11	12	13	14	15	16	17	18	19	20	21	22	23	24	25	26	27	28	29	30	31	32	33	34	35	36	37	38	39	40	41	42	43	44	45	46	47	48	49	50	51	52	53	54	55	56	57	58	59	60	61	62	63	64	65	66	67	68	69	70	71	72	73	74	75	76	77	78	79	80	81	82	83	84	85	86	87	88	89	90	91	92	93	94	95	96	97	98	99	100	
# Normalized histogram for each species index 
1	
0.0785659121962811	0.921434087803719	
0.00578290335667777	0.14493837998896	0.849278716654363	
0.000461873812087138	0.0163848904129617	0.199928226803302	0.78322500897165	
9.03977501004419e-05	0.00171420918708986	0.0312274005624749	0.249554707379135	0.7174132851212	
0.000201936571722822	0.0038334292532049	0.0490638557095883	0.287544215695183	0.659356562770301	
0.000392912793509215	0.00762653806888399	0.066761592606523	0.315958975874483	0.609259980656601	
2.01388912197791e-05	0.000886111213670279	0.0113751170573052	0.0860333432908962	0.339870641188732	0.561814648358177	
0.000117234472294145	0.00189249933846262	0.017293759441562	0.10614744077147	0.355987499455697	0.518561566520514	
3.03227349759271e-05	0.000242581879807417	0.00287729062993797	0.0248208431741839	0.127298210621717	0.371975728335248	0.472755022624129	
9.52478144028302e-05	0.000469435656699663	0.00500051025614859	0.0326529918018845	0.146739463210532	0.380562642446508	0.434479708813825	
0.00014013213434912	0.0008852249462542	0.00729028884308961	0.0436221080658006	0.165092743547941	0.381760948250228	0.401208554212338	
2.04449502676585e-05	9.54097679157395e-05	0.00137321915964439	0.00994306081350457	0.053180723137891	0.180777657758348	0.382940733496666	0.371668750915763	
0.000173953973825043	0.00195442405885784	0.0133364713265866	0.0633056030233883	0.196203028163489	0.384489445086823	0.340537074367029	
1.02359034549586e-05	0.000211542004735811	0.00295476413066472	0.0174590393263411	0.0729239881809435	0.211562476542721	0.380376408289717	0.314501545621422	
5.4083836707376e-05	0.000598302443575347	0.00405966799284741	0.0216064927645967	0.0841781115952366	0.226023114079713	0.373580721816406	0.289899505470918	
0.000185879259592215	0.00104430347661808	0.00535670229915746	0.0268037892331974	0.0960218458824364	0.238554062137747	0.367267000348101	0.264766417363151	
3.38903781827301e-06	0.000162673815277105	0.00155895739640559	0.00727626419583216	0.0324568151856007	0.10975737878259	0.247555656473571	0.357943396290359	0.243285468822547	
1.02715454224858e-05	0.000260212484036306	0.00193789823637565	0.0094874841219027	0.038672368515659	0.120423598533223	0.256055931988674	0.350126168816273	0.223026065758434	
3.43268672957637e-05	0.000267749564906957	0.00240288071070346	0.0116436733867231	0.0454899645403461	0.131368921140888	0.263482735302094	0.340951609415173	0.20435813907187	
6.60628292275864e-05	0.000514594669772779	0.00317796978494811	0.0146763790615601	0.0521200952695537	0.14152396516055	0.27313502894595	0.326649397611307	0.18813650666713	
5.60512588762423e-05	0.000634079866037491	0.00401467141701086	0.0174494575289102	0.0602761225140391	0.151968975628212	0.274955947213727	0.318132932566832	0.172511762006355	
3.50803339647793e-06	0.000157861502841507	0.000905072616291307	0.00528309829509577	0.0209254192099909	0.0665894899319441	0.160015435346945	0.276875043850417	0.307514207535256	0.161730863677822	
4.56866528200965e-05	0.000249519411555912	0.00143737238487842	0.00650156213209066	0.0239398060777306	0.0733973649344397	0.169680228573838	0.278909986750871	0.294770283995263	0.151068189086513	
3.50298278984555e-06	3.85328106883011e-05	0.000455387762679922	0.00174798841213293	0.00812692007244168	0.0277120968504682	0.0806491727706142	0.178161704691545	0.280620448311737	0.286092107429476	0.136392137905426	
1.3932621840778e-05	8.01125755844735e-05	0.000585170117312676	0.00245562459943712	0.00959609329283585	0.0329018864769972	0.0902311421963385	0.187393763758464	0.27990637278123	0.27059589823613	0.126240003343829	
6.94186534863783e-06	7.98314515093351e-05	0.000656006275446275	0.00301276956130882	0.0115790314015279	0.0370730318944003	0.097418667370109	0.193445490737816	0.280246575057184	0.261010666176108	0.115470988209242	
1.39417027698678e-05	1.74271284623347e-05	7.31939395418059e-05	0.000693599712800923	0.0036701532541677	0.0138719942560185	0.0417693414985239	0.104792808869711	0.200945247447797	0.278889822208435	0.248134425898107	0.107128044083664	
1.39526447238074e-05	6.9763223619037e-06	0.000191848864952352	0.00109877077199983	0.0042381158348565	0.016010659820569	0.0466855492458596	0.112273443931297	0.207179333342635	0.274804314157749	0.238070488761145	0.0994265463018515	
1.38987338253485e-05	2.08481007380228e-05	0.000330094928352027	0.00126478477810671	0.00492015177417337	0.0187007463620064	0.0526171315793131	0.118361617256668	0.212000861721497	0.27246382854522	0.22767863347649	0.0916274027436101	
6.9129521070678e-06	1.72823802676695e-05	0.000390581794049331	0.0014171551819489	0.00614907089923681	0.0213990432474284	0.0575606957195001	0.125286887512443	0.215981362681119	0.268976053533901	0.217816751465546	0.0849982026324522	
8.30619399808265e-05	0.000515676210714298	0.00175814439626083	0.00721946695000017	0.0233507878771099	0.0622064712173073	0.132944095853479	0.222415648869492	0.265441733779561	0.207955949484497	0.0761089634215982	
1.04262240387021e-05	0.000100786832374121	0.00053521283398671	0.00215127755998554	0.00815330719826508	0.0260829371368199	0.0671796368893708	0.14171323713404	0.223639030222148	0.263866877971474	0.196409208441071	0.0701580615564267	
1.40031507089095e-05	0.000115525993348503	0.0006266409942237	0.00263959390862944	0.00975319446875547	0.0295816558725713	0.0731909679677928	0.146189392613338	0.229812707859268	0.257727988797479	0.186192893401015	0.0641554349728689	
1.05749233318058e-05	0.000162148824421023	0.000824844019880856	0.00325002643730833	0.0114984666361169	0.0337093306073531	0.0805421410694772	0.154700553420988	0.230656702738905	0.25172899996475	0.174859882265854	0.0580563290916141	
7.06351869183634e-06	0.000204842042063254	0.0011266312313479	0.00383195889032121	0.0132370340285013	0.0369351392396122	0.0866587790707941	0.161758109802398	0.231044164650621	0.245404298151124	0.165688957954405	0.0541030214201204	
3.16593732851173e-05	0.00026031040256652	0.00150557908511447	0.00452025496348619	0.0149256356498614	0.0415968987885013	0.0932790668223839	0.167031335744136	0.231240062474497	0.237090011115958	0.157639055002885	0.0508801305773263	
3.53877077258444e-06	8.49304985420264e-05	0.00040695863884721	0.00157829176457266	0.00524445828497013	0.0175239928658381	0.0460677179175042	0.097716077343374	0.170628910341704	0.233849050193925	0.230483679189197	0.150585312685785	0.0458270815049684	
1.4122698000226e-05	9.53282115015253e-05	0.000360128799005762	0.00213605807253418	0.00605863744209694	0.0191186024178059	0.0494965258162919	0.103851259744662	0.177790645124845	0.233864817534742	0.22438848717659	0.140298412608745	0.0425269743531804	
2.11682025373619e-05	3.52803375622698e-06	5.29205063434047e-05	0.000518620962165366	0.00212387632124864	0.00751823993451969	0.0219761222675379	0.0564485400996317	0.109605424704704	0.181947756876138	0.232493896501602	0.214522092547381	0.133606638348316	0.0391611746941195	
1.41800727437732e-05	9.92605092064122e-05	0.000712548655374602	0.00247087767560248	0.00884836539211446	0.0246556014832356	0.0604638301794488	0.117804499337082	0.184028984068688	0.229274051175883	0.210138043008161	0.125599994327971	0.0358897641144899	
4.27607783887026e-05	0.000128282335166108	0.000805327992987232	0.00320705837915269	0.010226952831298	0.026597204157773	0.0645794655615381	0.121732809276238	0.188482384341003	0.227227212959367	0.205736358420844	0.118629089444858	0.0326050935213857	
3.57279388909333e-06	3.93007327800267e-05	0.000210794839456507	0.00122189551006992	0.00352277477464603	0.0120295970245772	0.0299042848517112	0.0689977955861704	0.125712325781638	0.190240556212553	0.228705255222531	0.198032819684665	0.110667290714666	0.0307117362706463	
1.43117821746753e-05	9.66045296790583e-05	0.000361372499910551	0.00112347490071201	0.00426491108805324	0.0132706000214677	0.033070950660131	0.0716483595119682	0.129070807542309	0.193692082006512	0.227686142616909	0.192042649110881	0.105209488711582	0.0284482450177108	
7.12913356075269e-06	2.49519674626344e-05	0.000171099205458065	0.000491910215691936	0.00135097080976264	0.00507594309525592	0.0143295584571129	0.0357240882729317	0.0752551338673054	0.1348725132691	0.196942314615793	0.223544676497742	0.184933289132705	0.100135809994332	0.0271406114657855	
7.11374161467707e-06	3.55687080733854e-06	2.84549664587083e-05	0.00014583170310088	0.000661577970164968	0.00158992125088033	0.00547402417249401	0.0161944327858124	0.0386240600968892	0.0782511577614478	0.140034003684918	0.200589729179857	0.218875602000384	0.179113343245147	0.0962524809173881	0.024154709652636	
1.06447526691717e-05	7.09650177944782e-06	3.9030759786963e-05	0.000202250300714263	0.000642233411040028	0.00194798973845843	0.0061739565481196	0.017890280985988	0.0406806964506846	0.0840332258213314	0.145811822062314	0.200887772372609	0.217759705353246	0.172977230874041	0.0888375575260175	0.0220985065412005	
2.48166228830534e-05	3.54523184043621e-06	1.7726159202181e-05	6.38141731278517e-05	0.000187897287543119	0.00079413193225771	0.00253484076591189	0.00717554924504288	0.0204772591103595	0.0455916814680096	0.0887867862118843	0.151629565815457	0.2035104885684	0.213231514274876	0.162935310154608	0.0827634373149832	0.0202716356636142	
3.55917484090488e-06	3.55917484090488e-06	1.77958742045244e-05	9.2538545863527e-05	0.000242023889181532	0.000900471234748936	0.00276191967654219	0.00851710539428539	0.0222697569795419	0.0492518614484418	0.0950691191754104	0.155984396577497	0.20342819720676	0.207606668469982	0.156770974217337	0.0780598226107259	0.0190202303497957	
1.07275035311366e-05	7.86683592283349e-05	0.000321825105934097	0.000983354490354186	0.00318606854874756	0.00932577640306807	0.0245338005757094	0.0524825231088305	0.100809926516601	0.161177164720817	0.20340061861937	0.20188446478697	0.151636838247126	0.0722354329441633	0.01793281006955	
3.58155926764276e-06	2.86524741411421e-05	0.000139680811438068	0.000290106300679064	0.00107446778029283	0.00346694937107819	0.0100212028308644	0.0260486805535658	0.05688590584797	0.104560041259563	0.163999598865362	0.202730580785651	0.200198418383427	0.144891980172488	0.0687802641758116	0.0168798888284003	
1.79802433086525e-05	3.59604866173049e-05	8.63051678815318e-05	0.000402757450113815	0.00120108025301798	0.00360683680771568	0.0118525763890637	0.0294588306368962	0.0596512552007854	0.109301899073298	0.16555848433741	0.20499994605927	0.195236673942672	0.138512602352535	0.0655020263734209	0.0145747852259937	
1.08274323826848e-05	4.69188736583007e-05	0.000108274323826848	0.000461970448327884	0.00145448508340732	0.00473880623948837	0.0135018081812079	0.0307282531020594	0.0635895103835077	0.113698867450573	0.170849664710511	0.20379754145102	0.191580588579224	0.131694060070595	0.0602005240477273	0.0135378996224835	
3.62546088671522e-06	1.08763826601457e-05	9.06365221678806e-05	0.000119640209261602	0.000435055306405827	0.00181635590424433	0.00556508246110787	0.0140921664666621	0.0332708545573856	0.0680934063742853	0.118639582056869	0.173840849517995	0.201717018275948	0.18638494418603	0.1264633266504	0.0574744314370964	0.0119821482305938	
7.26493397991246e-06	2.54272689296936e-05	7.26493397991246e-05	0.00019252075046768	0.000592092119362865	0.00216495032601391	0.00604442507128716	0.0154089249713943	0.0367315062024374	0.0727546813418333	0.123078879020687	0.174500081730507	0.201260466045515	0.17928404075628	0.123122468624566	0.0537387166494124	0.0110209048475272	
3.6484765786046e-06	3.6484765786046e-05	0.00013499363340837	0.000193369258666044	0.000799016370714408	0.0022985402445209	0.00635199772335062	0.0174652573817802	0.0400055456843995	0.0769755588553999	0.127583577477224	0.175743468314805	0.200728235925089	0.175674147259812	0.116152900356456	0.0496594147113873	0.0101938435606213	
2.55863851189584e-05	0.000171794300084435	0.000270484642686132	0.00092476506215664	0.00284008874820438	0.00746025886111345	0.0196722749586049	0.0432446460489139	0.0815949821443584	0.131484777928453	0.177496408768089	0.198714832427453	0.170511325630613	0.110058007990263	0.0464137026057906	0.00911606349809747	
3.66672411201109e-06	2.56670687840776e-05	0.000139335516256421	0.000326338445968987	0.00110001723360333	0.00335505256249015	0.00877813752415454	0.0216703395019855	0.0461017222603154	0.0852660025007058	0.134147101637926	0.179849150970032	0.193845036905578	0.167187952611258	0.104934310637533	0.0444846969269185	0.00878547097237857	
1.4711399127614e-05	3.67784978190351e-05	0.000110335493457105	0.000331006480371316	0.00127253602453861	0.00358590353735592	0.00993755011070328	0.0244834459981317	0.0487829995071681	0.0889451191255544	0.138654936777762	0.178794989297457	0.194212535583197	0.161943081596775	0.1007032048783	0.0396876769965208	0.00850318869576091	
4.06627285430175e-05	0.000170044137543528	0.000406627285430175	0.0012938140900051	0.00418086781655934	0.011056565552015	0.0260685056077599	0.0526249639580361	0.0952727729762899	0.139768887837408	0.179784709335423	0.190966959684753	0.157409118801706	0.0949289880895171	0.0379161460605209	0.00811036603848912	
1.47782523238802e-05	9.60586401052212e-05	0.000140393397076862	0.000598519219117147	0.00148151979546899	0.00439653006635435	0.0123250624381161	0.0281008467938582	0.0570218865916917	0.0982716833907222	0.14225176230659	0.181048369219856	0.188744144117517	0.151329303796533	0.0914256580016847	0.035770759749952	0.00698272422303338	
7.44031011212547e-06	8.55635662894429e-05	0.000133925582018259	0.000598944964026101	0.0015475845033221	0.00512637366725445	0.0138464171186655	0.0306838389024055	0.060069343690245	0.0999680066665179	0.14646250455719	0.182123910924607	0.184080712484096	0.148292820844773	0.0874794461433153	0.0334702350393964	0.00602293103576557	
6.35773081367735e-05	0.000198211607720529	0.000590894981506483	0.00195219734396446	0.00627919413892016	0.0152286352195848	0.0326413379657505	0.0626236485147219	0.102022880351246	0.149904073061547	0.180163131892996	0.184108664839131	0.143845529580278	0.0835966805165469	0.0312837754449477	0.00549756723300335	
6.36513404223454e-05	0.000258349558184814	0.000812490639508761	0.00242249513254456	0.00675078628126404	0.0163097199341021	0.0346525385652239	0.0640369926613749	0.105556387599221	0.152201587539314	0.181990414856972	0.182686835405122	0.139718436423544	0.0795828965104089	0.0282012880035944	0.00475512954919874	
6.36563456015337e-05	0.00038568256452694	0.000981056620447167	0.00251629789671945	0.00771365129053879	0.0179173890413729	0.0361755267562599	0.0679175762659188	0.110702129491985	0.154224347428845	0.182914636840548	0.176522790843971	0.13434110065566	0.0761704342486117	0.0266757532979604	0.00477797041103277	
3.74198280184704e-06	0.00010103353564987	0.000318068538156999	0.00124233829021322	0.0032218471923903	0.00834836363092075	0.0193385671199455	0.0373599562936409	0.0709292840090107	0.114837710205884	0.156605722240101	0.183069024614763	0.173040510705813	0.129715833826028	0.0725271106653994	0.0249477993399142	0.00439308780936843	
2.25028409836742e-05	0.000135017045902045	0.000528816763116343	0.00139892661448508	0.00350669271995589	0.00873860324866014	0.0201512941008802	0.0406213784490292	0.0748894547936677	0.118372444521121	0.161019078658681	0.182528044165576	0.168996335787393	0.126004658088084	0.0660195849726028	0.0231329205312171	0.0039342466986457	
2.6300958106331e-05	0.000229194063498027	0.000627465714822468	0.00148036821341349	0.00410294946458764	0.0103738493330828	0.0217696787525831	0.0428592898741311	0.079383806124366	0.122848018034943	0.161829795228255	0.180465902686455	0.16573360886718	0.120240465902686	0.0625925230133383	0.0214089798985534	0.00402780386999812	
6.78180667329777e-05	0.000173312837206498	0.000730928052566537	0.00160502757934714	0.00451366910811707	0.0114989299816138	0.0230807487114567	0.046410163667601	0.0845728968863972	0.125372999367031	0.162819875214757	0.178323838803991	0.160826777586882	0.115927449739277	0.0608441088706031	0.0197501281007927	0.00348132742562619	
6.7730282962071e-05	0.000161800120409392	0.00075632149307646	0.00154650812763396	0.00502332931968694	0.0118415111378688	0.0248871161950632	0.0493527995183624	0.0859497290788682	0.129075105358218	0.16376806140879	0.176520168573149	0.158819987959061	0.11257149307646	0.0572433774834437	0.0191940096327514	0.00322095123419627	
0.0001008832892436	0.000224185087207999	0.000683764515984397	0.00193546458622906	0.00533934149367051	0.0131036183473075	0.0279222526117563	0.0523247993543469	0.088145839872065	0.131361251849527	0.163935345020849	0.174625237262551	0.155218281546578	0.108658775351597	0.0550187568189631	0.0184055956597767	0.00299660733234692	
3.73912848393296e-05	7.85216981625923e-05	0.000246782479939576	0.000710434411947263	0.00222104231945618	0.00650608356204336	0.0145900793443064	0.029898071357528	0.054886667015652	0.0928799515408948	0.131220975015143	0.163736436311425	0.175286604198293	0.153072441875248	0.103876728412142	0.0516149295922106	0.0165493826698873	0.00258747691088161	
3.35963805499354e-05	0.000126919659855312	0.000294901562604989	0.000981760898292557	0.00284076062205565	0.00692458732445891	0.0154879314335202	0.0317933747937556	0.059297611670636	0.0947828553937123	0.13365760062116	0.164622264694684	0.175298447847219	0.149272451714535	0.0984187303554497	0.0480801534981298	0.01558872057517	0.00249733095421187	
7.42732363820021e-06	5.57049272865016e-05	0.000189396752774105	0.000441925756472913	0.00112895319300643	0.00311204860440589	0.00732705476908451	0.0171459766187852	0.033534366226474	0.0621184212480875	0.0979292621696698	0.137086112390261	0.167333887906832	0.17274840683908	0.143989809711968	0.0938962254341271	0.0454180840475943	0.0141193422362186	0.00241759384423417	
2.59304397432146e-05	8.14956677643886e-05	0.000129652198716073	0.000418591384426178	0.00135579156371665	0.00333761802980519	0.00806807110867447	0.0182402121850841	0.0351987197771464	0.0649742732994262	0.100747167099458	0.140561505150897	0.16941097153949	0.169548032435276	0.138701922186455	0.090145321593018	0.0430482343222709	0.0137134982756258	0.00229299174300712	
4.06652840470091e-05	6.28463480726504e-05	0.000151570604175216	0.000646947700747872	0.00150461550973934	0.0035637576201197	0.00863952443798729	0.0196967848547695	0.0374970887353466	0.0668130616892359	0.103833257548031	0.143644570630053	0.169618596604079	0.165799756747665	0.135256431584356	0.0863767601598515	0.0416079792680988	0.0132716699753421	0.00197411469828208	
2.97187859875924e-05	8.17266614658791e-05	0.000286043315130577	0.000776403283925852	0.00169397080129277	0.00389316096437461	0.0101563951112597	0.0214792525725324	0.0395111259705041	0.0702997882536498	0.107381403469668	0.147494334856421	0.164656933764256	0.163594487165199	0.130896392882351	0.0835729410453583	0.0397934544373862	0.0125450425350124	0.00185742412422453	
2.99020707183972e-05	7.10174179561935e-05	0.000366300366300366	0.000687747626523137	0.00185766614338043	0.00454511474919638	0.0107198923525454	0.0222658294086866	0.0423824474844883	0.0725274725274725	0.110200343873813	0.147032219481199	0.165455632802572	0.161986992599237	0.12686327278164	0.0813112058010017	0.0383830455259027	0.0115870524033789	0.00172684458398744	
3.75096587371248e-06	2.25057952422749e-05	8.62722150953871e-05	0.00040885528023466	0.000757695106489921	0.00197300804957276	0.00534512637004029	0.0118005386386995	0.0234060270519659	0.0440325883915108	0.0764709412673763	0.113084119160684	0.148605765984741	0.166816705301615	0.158065701918244	0.123838138320618	0.077206130578624	0.0360280272170084	0.0106789998424594	0.00136910254390506	
3.74821022961536e-06	2.99856818369229e-05	0.00010494988642923	0.000371072812731921	0.000892074034648455	0.00238386170603537	0.0055398547193715	0.0124590508032415	0.0249893176008456	0.0471712257397093	0.0790834876346544	0.116179524277158	0.1497747325652	0.16751126337174	0.155888063449703	0.119391740443938	0.0739971663530664	0.0330292285433705	0.00985779290388839	0.0013418592622023	
2.2517451024544e-05	6.00465360654507e-05	0.000405314118441792	0.00115964872776402	0.00216918111536441	0.00599714778953689	0.0130150866921864	0.026533063123921	0.0501838925167004	0.0820686031674548	0.118329205133979	0.150998273662088	0.165987390227426	0.153873001576222	0.117694963596788	0.0695451474893042	0.0312767394730916	0.00949861142385349	0.00118216617878856	
3.77160659125968e-06	3.77160659125968e-05	9.4290164781492e-05	0.000543111349141394	0.00112016715760412	0.00274572959843705	0.00593273716805148	0.0142755309479179	0.0287773582913113	0.0525535662426124	0.0854004880458929	0.121193034596947	0.151026442733811	0.165030418007159	0.151871282610253	0.113065222392783	0.0665311402698207	0.0301200502377998	0.00857286178193325	0.00110508073123909	
3.77663471633697e-06	4.15429818797066e-05	0.000139735484504468	0.000517398956138164	0.00114809695376644	0.00271540036104628	0.00728512836781401	0.0159185153293603	0.0310590439071552	0.0562001012138104	0.0874895198386622	0.122687755394923	0.150642405565249	0.163887063515443	0.147239657685829	0.111350297976479	0.064063054693224	0.028736413556608	0.0077949740545195	0.00108011752887237	
1.50983278601895e-05	4.52949835805684e-05	0.000154757860566942	0.000603933114407579	0.00121541539274525	0.00343109500622806	0.00763220473332578	0.0169214509493074	0.0330766617597101	0.0576718378439588	0.0916657230211754	0.124697089797305	0.15098705318386	0.16213716830861	0.145136451138036	0.106748952553505	0.0631563054391726	0.0267768844600461	0.00693390706979202	0.000992715056807459	
3.76595352060165e-05	0.000203361490112489	0.000549829214007841	0.00139716875614321	0.00349480486711833	0.00827003393124122	0.0184908317861541	0.0348538998331683	0.0609745534520613	0.0940358594094232	0.127451164997722	0.152570074980135	0.160648045281825	0.141008597671888	0.103785913074261	0.0591292362269665	0.0255557605908028	0.00656029103288807	0.00098291386887703	
3.7762211355097e-06	4.15384324906066e-05	0.000207692162453033	0.000645733814172158	0.001363215829919	0.0040518852784019	0.00911957404225591	0.0195117346071786	0.0374978758756113	0.0638407945169269	0.0966183939731511	0.129354454996885	0.154692898816155	0.157925344108151	0.138545777240715	0.0984460850027378	0.0570662537998225	0.0238015218171176	0.00624964597926855	0.00101580348545211	
7.90484077392155e-05	0.000207031544078898	0.00080554091696153	0.0016148460438154	0.00468644131596778	0.0101671309192201	0.0208499585936912	0.0405857110592487	0.0668900097869457	0.0978054656327637	0.132078596702552	0.154140630881578	0.156666415719341	0.13406609952571	0.094236994654822	0.0557931190243168	0.0221222615373033	0.00627493789053678	0.000929759843408869	
3.76110937682179e-06	9.40277344205447e-05	0.000240711000116594	0.000823682953523971	0.00183918248526585	0.00499475325241933	0.010764295036464	0.0224237341046115	0.0423124804892451	0.0689749848615348	0.102114119580712	0.134124921486842	0.154355928824766	0.153464545902459	0.130119340000527	0.0939938844361533	0.0523922536191275	0.020302468416084	0.00586356951846517	0.000797355187886219	
1.12901222720242e-05	0.000127954719082941	0.000270962934528581	0.000647300343596054	0.00218652034668202	0.00535904470512082	0.011640116062457	0.0243716106112096	0.0434443905027491	0.0722831261595896	0.10586371317068	0.136358333427418	0.153459105295444	0.150072068613836	0.129550389697387	0.0892973404235301	0.0492813837173857	0.0192609485960733	0.00577677922918572	0.000737621321772248	
5.25857147149854e-05	9.01469395114036e-05	0.000274196941013853	0.000717419393611587	0.00254665104119715	0.00670467862616064	0.0141418011358514	0.0260449532738364	0.0461589891523183	0.0744726404038583	0.10685417230085	0.134345232729349	0.153467652273205	0.150188557348478	0.125691126536254	0.0875965323477268	0.0469102136482466	0.0181570960665885	0.00499188677544397	0.000593467351783407	
1.12448414289944e-05	5.62242071449722e-05	5.99724876213037e-05	0.000348590084298828	0.00103452541146749	0.0030361071858285	0.00703552245407419	0.0156078399034443	0.0273849371600778	0.0466810850522323	0.0762850042542983	0.108422761058364	0.136047588168928	0.154462890149144	0.15003242262612	0.122999823830818	0.0838302928531536	0.0447657137288269	0.0170846624111189	0.00431427082825754	0.000498521303352087	
1.48882635818185e-05	2.60544612681823e-05	9.67737132818199e-05	0.000346152128277279	0.0012543362067682	0.00323447526315006	0.00745902005449104	0.0157629490672503	0.0277442791847187	0.0491126594905236	0.0784946476692423	0.109815832179493	0.139532806288803	0.156107165721262	0.148614647073712	0.120535381958402	0.0797452618101151	0.0418322985990144	0.0158038917921003	0.00401610910119553	0.000450369973350008	
3.71993363638393e-06	5.57990045457589e-05	0.000100438208182366	0.000524510642730134	0.00151401299000826	0.00353021702092835	0.00791229884458861	0.0167173817619094	0.0303509385392565	0.051788916085737	0.0817790210622642	0.114205682570623	0.140561412384403	0.155660623014485	0.146431467662617	0.115332822462447	0.0762400398776886	0.0389663048411216	0.0142510657609868	0.00361949542820156	0.000453831903638839	
6.2884241209153e-05	9.24768253075779e-05	0.000669532215226864	0.00162389305240107	0.00387292944388136	0.00915150663243791	0.0172857681864925	0.0325814350923658	0.0548239611153445	0.0848641330482581	0.115559040904349	0.141082644689241	0.155608904408555	0.143287292204574	0.112514703815224	0.0728014559551376	0.0366615126249362	0.0138345330660137	0.00324038795877753	0.000381004520267221	
6.60201581549566e-05	0.000187057114772377	0.000572174704009624	0.00195859802526371	0.00450770968735787	0.00911444961194818	0.0187937383547777	0.0344331802643741	0.0573311717844515	0.0877444579745015	0.117669928551518	0.143769897742111	0.15300905209724	0.140538577779082	0.109938234474259	0.0689250451137747	0.035078710699667	0.0130499845952964	0.00291589031851059	0.00039612094892974	
7.32828902771925e-06	5.12980231940348e-05	0.000234505248887016	0.000696187457633329	0.00198596632651192	0.00480735760218383	0.0100324276789477	0.0203469944854625	0.0359415935364491	0.0596302878185516	0.0901452833299745	0.119810197314182	0.145169741494605	0.152179249949618	0.137680230108275	0.105237894582562	0.0662660535331513	0.0338273821519521	0.0125093893703168	0.00298994192330946	0.000450689775204734	
7.69656476659251e-05	0.000296867498139997	0.000773321507500486	0.00224666390567677	0.00495878672819032	0.0109144618451964	0.0205315027725958	0.03761421152359	0.0619976617103233	0.0918749931280672	0.123302632591653	0.145476069181122	0.150896649795308	0.134561607335926	0.103735032930302	0.0636212703729902	0.0317904775168683	0.0120836066835502	0.00296500995055873	0.000282207374775059	
2.93265882180432e-05	0.000106308882290407	0.000296931705707687	0.000942116646504637	0.0025477473514425	0.00582499358480883	0.01135305546391	0.0216283588108068	0.0394479269767953	0.065222332196928	0.0938230873565747	0.12469665310312	0.144525092562044	0.149774551853074	0.132512188863228	0.0990138934711683	0.0629605190806115	0.0301587301587302	0.0119359214047436	0.00287767146889549	0.000322592470398475	
1.82016082941089e-05	6.18854681999701e-05	0.000440478920717435	0.00129231418888173	0.00267199609757518	0.00635236129464399	0.0125918726178645	0.023367224727977	0.0416161572036505	0.0665013960633562	0.0950123952952483	0.124360668508669	0.145321640620165	0.148645254294669	0.13019974444942	0.097203868933859	0.060294647635065	0.0295703328346093	0.0113905664704533	0.00271932027913986	0.000367672487540999	
1.80509325111735e-05	0.000115525968071511	0.000617341891882135	0.00123107359726203	0.00300728535636151	0.00646584402550236	0.0129136371184935	0.0250330332064954	0.0430947962771757	0.0675068774052868	0.0986663971060745	0.125053250250908	0.146389452479115	0.146580792363734	0.128150790269825	0.0949659559412839	0.0574272366910475	0.0284266085185961	0.0110074586453136	0.00284121677725871	0.000487375177801685	
3.95837231730312e-05	0.000215911217307443	0.000852849308364401	0.00147539331826753	0.0031666978538425	0.00676521814229989	0.0139802513206569	0.0255674866494897	0.0441106616959106	0.0704158450045341	0.0993983274077699	0.125293279403509	0.147798425287522	0.146186288198293	0.127819440646006	0.0904020266866265	0.0540605702934953	0.0280072834050638	0.0111518143739294	0.00269529169605458	0.000597354367883926	
