# <P(N_2)> as a function of N_tot.
# number_of_species: 2
# species_total_upper_bound: 100
# species_total_lower_bound: 0
# volume: 512
# Bin widths for each species index 
1	1	1	1	1	1	1	1	1	1	1	1	1	1	1	1	1	1	1	1	1	1	1	1	1	1	1	1	1	1	1	1	1	1	1	1	1	1	1	1	1	1	1	1	1	1	1	1	1	1	1	1	1	1	1	1	1	1	1	1	1	1	1	1	1	1	1	1	1	1	1	1	1	1	1	1	1	1	1	1	1	1	1	1	1	1	1	1	1	1	1	1	1	1	1	1	1	1	1	1	1	
# Bin lower bound for each species index 
0	0	0	0	0	0	1	2	2	2	3	4	4	5	6	7	8	9	10	10	11	12	13	13	13	15	15	16	17	18	19	20	20	21	22	23	24	25	26	26	27	28	29	30	30	30	31	31	32	34	35	36	37	37	38	39	39	40	41	42	43	44	44	44	45	46	49	51	51	52	52	53	54	55	56	57	58	59	59	60	61	62	62	63	64	64	65	67	68	69	70	71	72	72	73	74	76	76	76	76	77	
# Bin upper bound for each species index 
0	1	2	3	4	5	6	7	8	9	10	11	12	13	14	15	16	17	18	19	20	21	22	23	24	25	26	27	28	29	30	31	32	33	34	35	36	37	38	39	40	41	42	43	44	45	46	47	48	49	50	51	52	53	54	55	56	57	58	59	60	61	62	63	64	65	66	67	68	69	70	71	72	73	74	75	76	77	78	79	80	81	82	83	84	85	86	87	88	89	90	91	92	93	94	95	96	97	98	99	100	
# Normalized histogram for each species index 
1	
0.0790391687525815	0.920960831247419	
0.00641530388774154	0.145224710337986	0.848359985774273	
0.000404485292465338	0.0170682806129201	0.20152231285689	0.781004921237725	
8.03430648870678e-05	0.00181148504112561	0.031697849818726	0.248309029556205	0.718101292519056	
2.5208474080647e-06	0.000186542708196787	0.00405100178475996	0.0494602865699333	0.286786726225888	0.659512921863814	
1.12972223895885e-05	0.000470717599566187	0.00795449980920247	0.0674896065554016	0.315330581832058	0.608743296981382	
4.7658045995031e-05	0.00105851028473174	0.0123095716168745	0.0865281991403993	0.338733324386998	0.561322736525001	
1.25519021152465e-06	0.000129284591787039	0.00195307596913236	0.0180282970081286	0.106436364366656	0.356430088415598	0.517021634458486	
1.25695093869096e-06	2.26251168964373e-05	0.000262702746186411	0.00323790561806792	0.0253866381087413	0.127319074481885	0.369465645016944	0.474304151960341	
8.82474559519127e-06	6.30338971085091e-05	0.00055721965043922	0.0051284378687483	0.0335491613970329	0.146431525016893	0.37800923824796	0.436252559176223	
8.84346436399699e-06	0.000126335205199957	0.000896979956919695	0.00721626692102155	0.0433304486794813	0.164556658181152	0.380736407911111	0.403128059680751	
7.56624245267315e-06	2.52208081755772e-05	0.000100883232702309	0.00131148202513001	0.00993573738076863	0.0521818521152692	0.180512890355059	0.384013286321747	0.371911081518696	
7.55539997028209e-06	1.88884999257052e-05	0.000176292665973249	0.00192914545907869	0.0132534307812032	0.0628105584196118	0.19623388496148	0.383572545691281	0.341997698121476	
3.77676784208075e-06	1.38481487542961e-05	0.000283257588156056	0.00287034355998137	0.0171314189316783	0.0733007692017172	0.212156156761044	0.379827024032833	0.314413405007994	
2.51449606984264e-06	6.16051537111448e-05	0.00052301518252727	0.00380820429777668	0.0210186726478147	0.0846404522069732	0.225718768701565	0.373989801203941	0.290236966109622	
1.25328674448742e-06	0.000132848394915666	0.000832182398339646	0.00521116628357869	0.0266674353492033	0.096224849668255	0.237745988855774	0.36718419053969	0.266000085223499	
3.76200550005204e-06	0.000136686199835224	0.00126027184251743	0.00722681256559997	0.0318767266037743	0.10866051286167	0.24793121047543	0.358934198761799	0.243969818683875	
1.25745355595291e-05	0.000225084186515571	0.00171516665031977	0.00916683642289672	0.0382630542540911	0.119588862985346	0.256595972627751	0.349577118369133	0.224855329968388	
1.25465162088443e-06	4.76767615936083e-05	0.000348793150605871	0.0021354170587453	0.011365889033592	0.0447007279488704	0.130106118434094	0.264873267639774	0.339287909926051	0.207132945395052	
7.56232299437741e-06	8.31855529381515e-05	0.000516758737949123	0.00288880738385217	0.0143394247845053	0.0515800843703169	0.141238985791655	0.271563018728093	0.328332117059718	0.189450055267977	
1.13540886073075e-05	7.44323586479047e-05	0.00062952113500516	0.00385408229948049	0.017260737813909	0.0596543815427936	0.150567830586905	0.275045227119619	0.318932564283065	0.173969868771967	
2.64387395519767e-05	0.000178776238875271	0.000936686772698602	0.00486976402795456	0.0208337267669576	0.065770771092134	0.160089085962414	0.278503164465327	0.306965097086829	0.161826488847258	
5.04144064207788e-06	5.41954869023372e-05	0.000209219786646232	0.00132463852870596	0.00618584766782956	0.0239354998084253	0.0731916352416867	0.170330113533243	0.280745225755712	0.294301659642259	0.149716923107947	
1.258192405299e-06	1.1323731647691e-05	4.90695038066611e-05	0.000339711949430731	0.00168346143829007	0.00775549798626306	0.0275820939089647	0.0809093208151577	0.179388040377911	0.281208518969138	0.284284799400094	0.136786903726892	
1.00562015966734e-05	6.28512599792088e-05	0.000462585273446977	0.00225258915765484	0.00938495014009546	0.0324149088216771	0.0893858049172312	0.188106278966574	0.281574901732055	0.271019661131147	0.125325412398542	
5.0257696337973e-06	1.00515392675946e-05	8.5438083774554e-05	0.000619426107365517	0.0028860482122081	0.0112036969561426	0.0370298706618185	0.097277540589372	0.1949797587128	0.281345096984789	0.260079809221785	0.114478237161043	
7.58246882657504e-06	1.26374480442917e-05	0.000111209542789767	0.000799950461203666	0.00339568228950119	0.0136497076326395	0.0414697857573433	0.105094281681134	0.201926199830911	0.279851231961623	0.247956840587439	0.105724890338545	
5.07092962817409e-06	1.39450564774787e-05	0.000173679339764962	0.000996437671936208	0.00429507739506345	0.0158808838630342	0.0463913997033506	0.112473219152901	0.207775002852398	0.277245471025976	0.236940454608841	0.0978093584006288	
5.07714080815389e-06	1.52314224244617e-05	0.00025766489601381	0.00124897663880586	0.00510887293820485	0.0183310168878396	0.0518071448064023	0.119684709555814	0.213920250810756	0.273089249788981	0.225861685991534	0.0906701191224162	
2.5321648236727e-06	2.5321648236727e-05	0.000339310086372142	0.00154715270726402	0.00626077752653076	0.0209675908224218	0.0574421590250153	0.127109609818722	0.217719329786614	0.267944819064163	0.216498826341604	0.0841425710082321	
2.53266184025742e-06	7.851251704798e-05	0.000501467044370969	0.00200080285380336	0.00752707098924505	0.0232270417370008	0.0630708778079305	0.134518534652512	0.221359710162179	0.263765333684529	0.207024844146322	0.0769232717432185	
1.26918532263325e-06	8.88429725843279e-06	0.000131995273553859	0.000563518283249165	0.00229341787799829	0.00842104461567165	0.026211215283022	0.0681577901960511	0.141517971029576	0.224049285004448	0.261568941512133	0.196360738005881	0.0707139294358344	
2.54518336773573e-06	2.29066503096216e-05	0.000120896209967447	0.000621024741727518	0.00270552991990308	0.00997075584310472	0.0297099254515792	0.0737454154884589	0.147130687530383	0.228761081092087	0.256438677624529	0.185561683791509	0.0652088704730732	
8.93460000433966e-06	2.04219428670621e-05	0.000168481028653262	0.000864103457562565	0.00331984208732678	0.0114745791484305	0.0336030306163215	0.0803195012961552	0.154176734046314	0.231773735084004	0.249762914007028	0.175102843627907	0.0594048790574252	
3.84437459073429e-06	2.17847893474943e-05	0.000192218729536714	0.001143060711645	0.00409554039732893	0.0135347614757785	0.0366317640169101	0.086230603528367	0.160819159337794	0.232083612584432	0.244204925669017	0.166000094827907	0.0550386295573459	
2.55215650844572e-06	4.84909736604688e-05	0.000290945841962813	0.0014457966620345	0.00450710839391515	0.0151317359385747	0.0411560758551957	0.0923000162061938	0.166242370647138	0.232353432841916	0.237378629007045	0.157727100456708	0.0514157450191476	
1.27471025835828e-05	8.41308770516462e-05	0.000387511918540916	0.00158319014088098	0.00518807075151818	0.0172621263186878	0.0457468017519618	0.0977626285545296	0.171368223002911	0.233580457162087	0.23075187509879	0.149587248818344	0.0466849885021135	
1.14417930561029e-05	0.000128402344296266	0.000448772549867148	0.00191586468172746	0.00626501735338613	0.0197256512287214	0.0498468071040822	0.104266517499587	0.177237188370053	0.232445111176089	0.224491793691758	0.139945842179534	0.0432715900278417	
1.39726009996761e-05	2.15940197267721e-05	0.000132104591269665	0.000552552857714464	0.00213272700713238	0.00764047227391379	0.0225517780134772	0.0548094327759112	0.109601082241459	0.181408819251704	0.232627293570698	0.216227270706442	0.132857841487193	0.0394230586023588	
1.01532763988359e-05	4.94972224443251e-05	0.000167529060580793	0.000753880772613568	0.00260812287495098	0.00882700466923798	0.0246851532446698	0.0590603396524787	0.115477019962611	0.185191954036118	0.230127817058266	0.211752925095473	0.125183552199898	0.0361050508742606	
8.89510134061884e-06	5.59120655696042e-05	0.000200775144545397	0.000926361268187305	0.00325433636190355	0.00982146260880615	0.0271326005464134	0.0633737848656204	0.12122498252748	0.188140288455429	0.229511404790647	0.205291314568905	0.118454793824258	0.032603087870894	
5.08754391186339e-06	6.61380708542241e-05	0.000282358687108418	0.00121210733700145	0.00368210990621113	0.0116415723563214	0.0297048970153924	0.0683676869735982	0.1260159189249	0.191470987008957	0.228470150107983	0.198149660279255	0.110975867235454	0.0299554585530516	
1.39894646613405e-05	9.15674050560469e-05	0.000342105999445508	0.00131500967816601	0.00447281338308496	0.0127520329235692	0.0326068985865554	0.0725379178080798	0.130694665944302	0.195066551698703	0.226193110570185	0.190739991809804	0.105268178037558	0.0279051666908303	
2.54423146400167e-06	3.18028933000209e-05	0.000134844267592088	0.000452873200592297	0.00150745714242099	0.00495361866041125	0.0142108048421813	0.0357299145647074	0.0762887804480901	0.135725843794365	0.198644687899126	0.222798349302626	0.183467075100624	0.0997554993563094	0.0262959042961892	
2.54411818955461e-06	6.36029547388654e-06	3.43455955589873e-05	0.000106852963961294	0.000503735401531814	0.00162823564131495	0.00565811885356946	0.0157875254252812	0.0386947656040309	0.0798280684927499	0.14160561843061	0.200889932542706	0.219072745243453	0.177359383407516	0.0946997113697914	0.0241220566142621	
3.80482273964993e-06	7.60964547929986e-06	5.3267518355099e-05	0.000103998488217098	0.00054789447450959	0.00202416569749376	0.00622976309905349	0.0175820858799223	0.0415993952868392	0.0854246118763737	0.146842060539803	0.200845177957901	0.216562900695395	0.171067366923154	0.0887639779675398	0.0223419191272244	
8.86554015203135e-06	1.26650573600448e-06	1.13985516240403e-05	4.30611950241523e-05	0.000116518527712412	0.000676314063026391	0.00236076669191235	0.00711142970766515	0.0200411867665349	0.0454890865200729	0.0903626512524475	0.151268912096903	0.20186328323881	0.21217770595283	0.164631814117486	0.0834449969223911	0.0203907423496721	
1.26642072776134e-06	2.53284145552267e-06	1.64634694608974e-05	6.07881949325441e-05	0.000165901115336735	0.000833304838866959	0.00255437060789461	0.00825199746209286	0.0218229619807833	0.0493701456510479	0.096049147255603	0.154704689682597	0.202756491356045	0.208052662839543	0.158007514940599	0.0785598770052189	0.0187898843377949	
6.35910636750039e-06	1.27182127350008e-05	5.59601360340034e-05	0.000281072501443517	0.000883915785082554	0.00301548823946868	0.00924105337325156	0.024252359864373	0.0529891615391072	0.100476424249053	0.158612646482015	0.203229408577671	0.204277389307035	0.151550222950269	0.073624461701646	0.0174913579744466	
1.27237309032704e-06	4.19883119807923e-05	9.79727279551819e-05	0.000276104960600967	0.00109424085768125	0.00356646177218669	0.0100695606368482	0.0261536288716723	0.05691961019578	0.104673044648844	0.161696989438031	0.203153449467067	0.200954788766981	0.146028987203744	0.0687997577401636	0.0164721420273738	
7.6315391160897e-06	4.32453883245083e-05	8.64907766490166e-05	0.000321796566061782	0.00126937933964292	0.003913707643368	0.0116711671548732	0.0288217793950988	0.060577885580334	0.108917326264832	0.164563965652986	0.204443845227299	0.195871082953558	0.139645718515767	0.065086853274757	0.0147581247273315	
8.90158282859239e-06	4.70512235225598e-05	0.000104275684563511	0.000413287774184647	0.00156413526845266	0.00489587055572582	0.0131018582689982	0.0312292958720817	0.063852325284183	0.113426511711304	0.169077935900974	0.204446467788351	0.190863924046609	0.132830690622945	0.0604163143123464	0.0137211541029303	
2.55300028593603e-06	7.6590008578081e-06	6.12720068624648e-05	0.000144244516155386	0.00048251705404191	0.00181645970344349	0.00546086761161717	0.0144589171193987	0.0336753502716392	0.0681868081369225	0.119248090355786	0.172525376822842	0.20186062660839	0.185908204321719	0.126884114211021	0.0565693803357706	0.0127075589232466	
6.40005734451381e-06	1.53601376268331e-05	4.09603670048884e-05	0.000207361857962247	0.000623365585355645	0.0020838586713737	0.00613125493604423	0.0157761413542265	0.036344645648025	0.0731308952528215	0.122963021748675	0.174026519277613	0.200851719631408	0.180628818434213	0.121928772481801	0.0536836810057818	0.011557223552723	
5.12177008374094e-06	2.1767522855899e-05	8.45092063817255e-05	0.000235601423852083	0.000722169581807473	0.00238418397398141	0.00684780660196164	0.0175100514737893	0.039738533637225	0.0770672744500499	0.126456503367564	0.176258034776819	0.199158749263746	0.176418090091936	0.116383262055366	0.0497912878690876	0.0109170529334938	
1.28045891647566e-06	7.68275349885399e-06	1.79264248306593e-05	0.000120363138148712	0.000266335454626938	0.00095394189277437	0.00297194514514002	0.00792091885731846	0.019311881378286	0.042780132399452	0.0814026146971074	0.131080579279614	0.176614978808405	0.197529994750118	0.172183310498483	0.110227025365891	0.0471925938256271	0.00941649487176204	
3.84045225165715e-06	1.40816582560762e-05	2.94434672627049e-05	0.000126734924304686	0.000317477386136992	0.00116749748450378	0.00347560928774973	0.00892137058059957	0.0211890552231431	0.0456668177244552	0.0853297284288198	0.133679742126433	0.178963794776473	0.195650559809923	0.16755509128755	0.105924793703707	0.0433548654689576	0.00862949620947363	
1.28074754672807e-06	2.04919607476492e-05	3.32994362149299e-05	0.000107582793925158	0.000365013050817501	0.00133966193387757	0.00371544863305814	0.0101038173961378	0.0237681129721796	0.0490603155249656	0.0881666611167606	0.137385789337521	0.180164038145785	0.194412354603135	0.162400069672667	0.100491294758925	0.0401014864356027	0.00836328148013432	
2.56765778257074e-06	1.15544600215683e-05	3.97986956298465e-05	0.000133518204693678	0.000397986956298465	0.00140579263595748	0.00429440764134956	0.0111808658142043	0.0258075283726185	0.0518692548657115	0.0937297796949623	0.140027217172495	0.181149540389257	0.190043906948082	0.158027782057207	0.0953859189647204	0.0388332563035999	0.00765932316540851	
5.15279983820208e-06	2.31875992719094e-05	4.50869985842682e-05	0.000142990195510108	0.000486939584710097	0.00169011834693028	0.00453575205757739	0.0125109980071547	0.0274657113375767	0.0561268722376162	0.0974420213403205	0.143739927886566	0.182187543879311	0.187315867918282	0.151698427236669	0.0917984173175297	0.0357939240760708	0.00699106118048068	
6.46827183300475e-06	1.16428892994085e-05	6.59763726966484e-05	0.000155238523992114	0.000620954095968456	0.00185510036170576	0.0051810857382368	0.0132599572576597	0.0297747489016874	0.0586128920419558	0.100613968362389	0.147561978980704	0.182662702909687	0.184168516592411	0.147982416649849	0.0877873853175404	0.0333115999399744	0.00636736679240987	
6.49067419931043e-06	5.19253935944834e-06	5.19253935944834e-06	6.62048768329664e-05	0.000194720225979313	0.000764601420678769	0.00213023927221368	0.00569102313795539	0.0144508370373447	0.0321184522078677	0.0621157520874008	0.103518464669962	0.150044915465459	0.181039182902006	0.182852677273294	0.144276004237112	0.0834376168321356	0.031484962406015	0.00579747019482408	
3.89515287176637e-06	1.16854586152991e-05	1.29838429058879e-06	1.29838429058879e-05	7.66046731447387e-05	0.000297330002544833	0.000938731842095696	0.00232410788015394	0.00653996167169574	0.0160181669929939	0.0349031664996079	0.0646244812954759	0.106323391172026	0.151899276540273	0.182420396059144	0.181438817535459	0.138814159659719	0.0790793936026009	0.0291188644850348	0.00515328724934691	
2.59860402991513e-06	2.59860402991513e-06	7.79581208974539e-06	2.85846443290664e-05	0.000114338577316266	0.000424871758891124	0.000923803732634829	0.00266097052663309	0.00760741329757654	0.0177094864638716	0.0366169293855341	0.0685095966446825	0.109862481874737	0.154837821122493	0.183113231572	0.17697792745737	0.133825508936599	0.0747176616721497	0.0270800525957456	0.00497632671728747	
2.5981786767476e-06	0	3.8972680151214e-06	1.9486340075607e-05	0.000144198916559492	0.000368941372098159	0.00106265507878977	0.00320225521909142	0.00829468542551671	0.0188082154409759	0.0385621679202879	0.0716603660833756	0.115083726307858	0.156210296582096	0.182955947880536	0.1735739246788	0.128924224118893	0.0708822115696896	0.0255141146056614	0.00472608701300388	
2.60599221850724e-06	2.99689105128332e-05	0.000147238560345659	0.000450836653801752	0.00128084517539631	0.00361060221874177	0.00885516155848759	0.0202120756467421	0.0410691343675648	0.075348356009809	0.117776515319325	0.159257396457414	0.182513271015373	0.16968657731588	0.124411371507645	0.0672267812608312	0.0238174658810469	0.0043037961488647	
3.91197533890746e-05	0.000170822923132293	0.000537244613209958	0.0014852466370052	0.00406193439356558	0.0100094409004846	0.0224990741658365	0.0441140419050798	0.0789058465775432	0.121817608061799	0.160881289804349	0.180198624027874	0.165724315273917	0.119147032897105	0.0639295009884258	0.0224169226837194	0.00406193439356558	
5.22616899601374e-06	5.48747744581443e-05	0.000165930865623436	0.000666336546991752	0.00169197221245945	0.00457420441376103	0.0113812895310689	0.0238522352978067	0.0470041639501476	0.0824545747923578	0.124450762302075	0.162578278212493	0.177979798243746	0.161388018223651	0.115742658212467	0.0615237679633227	0.020907289068553	0.00357861922002041	
1.4336114105042e-05	8.08035522284186e-05	0.000221558127077922	0.000686830193941558	0.00195492465068755	0.00509323035659129	0.0120514588299385	0.0255352257872807	0.0500304316603957	0.0847212212283965	0.127755629205532	0.162885625178387	0.176773409896871	0.159306809784528	0.111782591526314	0.0582802136862971	0.0195714023195833	0.00325429790184454	
2.5963573106931e-06	3.24544663836637e-05	7.91888979761395e-05	0.00025574119510327	0.000751645441445652	0.00218743103425893	0.00571847697680155	0.0130648699874077	0.0277005361477847	0.0527722605184926	0.0877815424958783	0.129451779153847	0.164615544391219	0.175600732172762	0.15549583933741	0.107986395087692	0.0552582726434812	0.0181680102815749	0.00307668341317132	
1.03863326248989e-05	3.11589978746967e-05	8.04940778429664e-05	0.000292115605075281	0.000814028819476451	0.00242520866791389	0.00652651176317084	0.0141747474498308	0.0296438916030396	0.0553903118885858	0.0912075799455496	0.131867475588873	0.165147881902205	0.175408280244027	0.151975415550677	0.103345307909322	0.0520601939907276	0.0168803870986169	0.00271862256456729	
1.16922141545945e-05	3.24783726516513e-05	0.000118221276452011	0.00035856123407423	0.00102241917107398	0.00293344661789714	0.00684774008987415	0.0151388190603877	0.0316833020891388	0.0585130361692149	0.0948199593890428	0.1351593973573	0.165048594141161	0.173785276384456	0.147846748849941	0.0998203296424911	0.0488552672775199	0.0155129699133347	0.00249174074983468	
1.42859925842711e-05	4.54554309499536e-05	0.000151951012032702	0.000418189964739573	0.00118313993129736	0.00323382923043955	0.00757157606966369	0.0164275927453132	0.0337889699149983	0.0615791216712014	0.098346071676721	0.137371507237154	0.16625778424255	0.171317623070579	0.144302811093723	0.0952745832711027	0.0459814152223745	0.0144989837464366	0.00223510847613915	
1.55866827382684e-05	4.54611579866162e-05	0.000154567937154495	0.000468899372376242	0.0013625358493703	0.00352778585976142	0.00789465480693296	0.0174856602518808	0.0354817843634399	0.0645782243651025	0.10183299389002	0.140097001122241	0.167581518350721	0.168892098590964	0.140602269421007	0.0909197181927761	0.0431452367097552	0.0137266719315017	0.00218733114427034	
1.9404112636993e-05	4.39826553105175e-05	0.000169462583696406	0.000617050781856379	0.00151352078568546	0.00354319096751493	0.00856756253298699	0.0191479783501847	0.0378522493247369	0.0670774301710667	0.105223328400377	0.142217915946558	0.1675920272382	0.166824917985284	0.136004719080193	0.0873521406617061	0.0412828964389573	0.0130033426818036	0.00194687930124497	
1.93462265185176e-05	8.25438998123416e-05	0.000270847171259246	0.000710651387446878	0.00160315730416782	0.00391696599578252	0.00977500338558964	0.0205856747641373	0.0403381720395437	0.0707762350953447	0.107323836485693	0.145077352662363	0.166555533343221	0.164805344717513	0.132298525172665	0.0825052073593046	0.0396236514067931	0.0119456500009673	0.00178630158187645	
3.87270171289597e-05	8.13267359708153e-05	0.000296907131322024	0.000671268296901968	0.0016936615491065	0.00442004355498526	0.0104007859002676	0.0223519433862646	0.0425945552395718	0.0728339011144345	0.110614688124877	0.146340361426342	0.166963788948084	0.163341521945955	0.127231160274342	0.0797273101633893	0.0375742429190876	0.0111275629217211	0.00169624335024843	
5.16577621599144e-06	3.09946572959486e-05	7.74866432398715e-05	0.000262163142961565	0.000737414554832777	0.00191392008802483	0.00508183235248157	0.0116707799159786	0.0238090625795045	0.0441363919894308	0.0764405735561333	0.113173116783994	0.148486362996512	0.167607483660004	0.159065872686862	0.123410393800035	0.0769158249680045	0.0351879761392797	0.0104193706276547	0.0015678130815534	
3.87303669314963e-06	2.45292323899477e-05	7.22966849387931e-05	0.000307260910989871	0.000845613011337669	0.00218051965824324	0.00545452667618573	0.0126932322556824	0.0251385901630032	0.047265248790967	0.0791364677388954	0.11578701396617	0.150304807987751	0.166472154157188	0.155663799758839	0.120324921958311	0.073716798392948	0.0332267817905307	0.00987107951860736	0.00151048431032836	
1.03376402527036e-05	2.06752805054072e-05	0.000109837427684976	0.000370862844065742	0.00104797828061783	0.00222517706439445	0.0059738638610311	0.0131546472215654	0.0271156303828416	0.0500251333878644	0.0821351362177934	0.118004163484612	0.150485029158607	0.165278192360225	0.154546429572887	0.117754767913515	0.07001554522653	0.0312416410487019	0.00911779870288459	0.00136715292342005	
5.17303143521877e-06	3.87977357641408e-05	0.000111220175857204	0.00046298631345208	0.00109668266426638	0.00250892024608111	0.00630075228809647	0.0143939599684962	0.0289625097479311	0.0528192374693013	0.0845738909343917	0.120701049220101	0.151655176070591	0.165524073348413	0.152018581528915	0.113266109789833	0.066196696760777	0.0297332914317787	0.00847601200660596	0.00115487926791259	
1.29312239920757e-06	3.87936719762272e-06	6.0776752762756e-05	0.00016551966709857	0.000403454188552763	0.00115605142489157	0.00275952319990896	0.00730872780032121	0.0158161800647078	0.0312651133680407	0.0557426272626409	0.087570248874337	0.122452225592961	0.152938879276679	0.164394650611259	0.147968116774125	0.108879612890879	0.0639811100679924	0.0282223963627053	0.00789580536956145	0.00101380796097874	
1.29323946139163e-06	2.06918313822661e-05	5.94890152240149e-05	0.000143549580214471	0.000464272966639595	0.00127772058785493	0.0033520766839271	0.0079560091664813	0.0171923253997403	0.0331431409165447	0.0580095492801829	0.0905125366633387	0.125691236492114	0.154037752246357	0.162176108176894	0.144136710929943	0.105453332160796	0.0615090552627087	0.0265812438894435	0.0073533595774728	0.00092854593327919	
3.87404198170161e-06	1.29134732723387e-05	5.42365877438225e-05	0.000175623236503806	0.000563027434673967	0.00143985226986576	0.0038585458137748	0.00856679816886949	0.0186199371113852	0.0349993866100196	0.0607088205479187	0.0937040361060713	0.127985433602149	0.154101641948127	0.160254911962396	0.141234657179568	0.102126203374291	0.0584889944924036	0.025217430606223	0.00696681883042673	0.000916856602336047	
2.58639195735557e-06	5.17278391471114e-06	2.19843316375223e-05	6.07802109978559e-05	0.00023924125605539	0.000655650361189637	0.00152209166690375	0.00422099167440429	0.00935368651377642	0.0200147941619961	0.0375505316328668	0.0633032363522562	0.0964336241300024	0.12895620979777	0.154711500909117	0.158345381609201	0.138774153667892	0.0982259937564498	0.0561945380574645	0.0238827433342213	0.0065138281446	0.00101127925532603	
2.58239119094717e-06	7.74717357284151e-06	3.35710854823132e-05	7.48893445374679e-05	0.000262112705881138	0.000778590944070572	0.00170179579483418	0.00472061109705143	0.0103282735681932	0.0211833549393396	0.0392717140363291	0.0657709212422335	0.0979191091783348	0.132143539631958	0.155804698919011	0.157089438536507	0.135365072642664	0.0941720595602704	0.0540791451252201	0.0221569164183267	0.0061783709243411	0.000955484740650453	
7.74434372495189e-06	2.32330311748557e-05	0.000109711536103485	0.000285249993869061	0.000850587085790549	0.0020006221289459	0.00515773292081796	0.0112576943281717	0.0219113298457972	0.0411121393878613	0.0681863650502931	0.102145312284207	0.135328534421672	0.155076610920299	0.154804268165972	0.131039458722003	0.0918827661246917	0.0517670656294409	0.020477335532727	0.00570499987738122	0.000871238669057087	
7.74184557856747e-06	4.64510734714048e-05	0.00014193383560707	0.000291609516792708	0.000872247935185269	0.00234319859511309	0.00563348296600427	0.0121714715571045	0.023492630408163	0.0431401441789708	0.0711759476341565	0.1049342652795	0.136869378291091	0.155027877095621	0.152479519592676	0.127910772649092	0.0889886440028438	0.0490420111250321	0.0192475184159152	0.00540251790624367	0.000780636095838887	
1.03228070809295e-05	5.80657898302285e-05	0.000113550877890225	0.000345814037211139	0.000934214040824121	0.00275618949060818	0.00645820618000653	0.0131951281511982	0.0249721606796536	0.0457416485264838	0.0736790355401344	0.107175254166866	0.136930745577645	0.155372440427726	0.150634271977579	0.125571786735967	0.0861283408797354	0.0462964994070838	0.0180816869531332	0.00491107546875222	0.000633562284592049	
5.18232051356796e-06	6.21878461628155e-05	0.000116602211555279	0.000401629839801517	0.00111160775016033	0.00290209948759806	0.00653879290799438	0.0141827156655071	0.0269066081064449	0.0475205835292898	0.0763861087898634	0.110046576105616	0.139092187004036	0.155314145791632	0.149428325268347	0.122261305556095	0.0822045591464718	0.0436221829229583	0.0171055444351595	0.00428837022497749	0.000502685089816092	
1.55399551672293e-05	5.827483187711e-05	0.000146334577824743	0.00039885884929222	0.00127686631624068	0.00316497086905904	0.006956719929863	0.0149131769754844	0.0282063136247852	0.0505708991029561	0.079428595848501	0.112005521864069	0.140970703299521	0.156116979602514	0.147053300751227	0.11839891841912	0.0783498639606425	0.0414463554272646	0.0159893188708151	0.00398470350413039	0.000547783419644834	
1.81904172881726e-05	8.57548243585279e-05	0.000120836343414289	0.000506733053027665	0.00146432859169789	0.00336262856727076	0.00765556704727949	0.0162167570124059	0.0307197168531618	0.053069243122723	0.0821765094148403	0.114546356979143	0.141544834181353	0.154908294310557	0.14452026672349	0.115155735958297	0.0759073120280236	0.0389794656175127	0.0148394825605871	0.00371604238886954	0.000485944004698325	
2.5950872403453e-06	2.07606979227624e-05	7.26624427296685e-05	0.000162192952521581	0.000618928306822355	0.00157911058575012	0.00376157895488052	0.00860271420174468	0.0172352719067533	0.0330717917909605	0.0552766557629751	0.0848723281954931	0.116576509010792	0.14241838775015	0.154564693578586	0.142000578704455	0.112485353976387	0.0717827081551914	0.0370370850942082	0.0138759314741263	0.00351504566704771	0.000467115703262154	
6.48013385364488e-06	2.33284818731216e-05	8.81298204095704e-05	0.000269573568311627	0.000637645171198656	0.00178074078298161	0.00434946584256644	0.00914606092103439	0.0188740378621261	0.0345754021895076	0.0579259165177316	0.0881233402757167	0.118569601173682	0.143392401913454	0.151969507082138	0.139968299185188	0.109564807170657	0.068702379116343	0.0350847407104041	0.0132544657842452	0.00320118612370057	0.000492490172877011	
1.29475649514596e-06	1.29475649514596e-05	0.000103580519611677	0.000266719838000067	0.000745779741204072	0.0019382504732335	0.00459897507075844	0.010130174818022	0.0199806822330924	0.0365250807280675	0.0598371714231704	0.0908077467870618	0.120684252912555	0.143408524158861	0.150881858648844	0.138062474590404	0.105582213153172	0.0666255797272207	0.0337038063251444	0.0125630222724012	0.00311777364031147	0.000422090617417582	
2.06798233426091e-05	9.56441829595671e-05	0.000334754640358485	0.000791003242854798	0.00217655140680961	0.0051130863214601	0.0110378557091176	0.0213545025791617	0.0382835229630051	0.0619929404253064	0.0935309635117442	0.121903681137804	0.14356191862231	0.149861509808052	0.135454135383048	0.103459863694114	0.0638954841728264	0.0317512837646584	0.0120511670529055	0.00302571665281549	0.000303734905344571	
1.81006005520683e-05	3.36154010252697e-05	0.00010472490319411	0.000332275310134397	0.000889515227130214	0.00242935917409545	0.00568358857334945	0.0114525085493015	0.0223193333807397	0.0398782088162854	0.0655939906006167	0.0941554453717411	0.123240524658836	0.144539759908463	0.149403649856811	0.133176461461882	0.0995300308356659	0.0619208615885863	0.0305913078330349	0.0116154139542701	0.00279007828509739	0.000301245709187994	
5.16456232271026e-06	2.32405304521962e-05	2.9696233355584e-05	0.000108455808776915	0.000451899203237148	0.00107293782254306	0.0026184330976141	0.00595990492040764	0.0121509240047566	0.0237763537931774	0.0420150056358286	0.0668849555008399	0.0954850105034286	0.124481445664285	0.146153240310958	0.148989876166707	0.130332894775916	0.0961434921995742	0.0598379102115017	0.0295813218439037	0.0109140113284675	0.00266620529909917	0.000317620582846681	
1.28805726187363e-06	2.06089161899781e-05	1.28805726187363e-05	2.70492024993463e-05	0.000136534069758605	0.000512646790225706	0.00117986045187625	0.00280152454457515	0.0061942673723503	0.0129720246843294	0.0252446342754614	0.0433199418313341	0.068558135820486	0.0984397762386925	0.126425396367421	0.146400588384557	0.146645319264313	0.127597528475726	0.0938774774171361	0.0578466516307449	0.028478946060026	0.0103134744958222	0.0026624143602928	0.000331030716301524	
6.44368093984953e-06	3.60846132631574e-05	1.28873618796991e-06	2.96409323233078e-05	0.000186866747255636	0.000666276609180441	0.00120110212718795	0.00285326192016537	0.00680710454485704	0.0136722022181727	0.0264435778409545	0.0455336269933527	0.0704616510772546	0.101248269871668	0.127301360647667	0.146543480670246	0.14491580686484	0.125663376952758	0.0909809086621114	0.0555960791490217	0.0269848470399018	0.0101616848421427	0.00236225343254884	0.000342803825999995	
