# <P(N_1)> as a function of N_tot.
# number_of_species: 2
# species_total_upper_bound: 100
# species_total_lower_bound: 0
# volume: 512
# Bin widths for each species index 
1	1	1	1	1	1	1	1	1	1	1	1	1	1	1	1	1	1	1	1	1	1	1	1	1	1	1	1	1	1	1	1	1	1	1	1	1	1	1	1	1	1	1	1	1	1	1	1	1	1	1	1	1	1	1	1	1	1	1	1	1	1	1	1	1	1	1	1	1	1	1	1	1	1	1	1	1	1	1	1	1	1	1	1	1	1	1	1	1	1	1	1	1	1	1	1	1	1	1	1	1	
# Bin lower bound for each species index 
0	0	0	0	0	0	0	0	0	0	0	0	0	0	0	0	0	0	0	0	0	0	0	0	0	0	0	0	0	0	0	0	0	0	0	0	0	0	0	0	0	0	0	0	0	0	0	0	0	0	0	0	0	0	0	0	0	0	0	0	0	0	0	0	0	0	0	0	0	0	0	0	0	0	0	0	0	0	0	0	0	0	0	0	0	0	0	0	0	0	0	0	0	0	0	0	0	0	0	0	0	
# Bin upper bound for each species index 
0	1	2	3	4	5	5	5	6	7	7	7	8	9	9	8	8	8	9	9	9	9	10	10	11	10	11	11	11	11	11	11	12	12	12	12	12	12	12	13	13	13	13	13	14	15	15	16	16	15	15	15	15	16	16	16	17	17	17	17	17	17	18	19	19	19	17	17	17	17	18	18	18	18	18	18	19	19	19	19	19	19	20	20	20	21	21	21	21	22	22	21	22	22	21	22	21	21	22	23	23	
# Normalized histogram for each species index 
1	
0.920696868998134	0.0793031310018661	
0.847927246076655	0.145745141867505	0.00632761205583983	
0.780467047029884	0.201936616157294	0.0171435728522107	0.000452763960611091	
0.718547469798196	0.247855562569138	0.0317142375021093	0.00181867043316855	6.40596973882393e-05	
0.661161669420726	0.284991714404136	0.0495262418831992	0.00414552987614927	0.000173283304934125	1.56111085526239e-06	
0.608851296264201	0.315145660194348	0.0676752737127708	0.00782025385125352	0.000499743910391176	7.7720670356326e-06	
0.56065887653543	0.3390755755939	0.086954659005843	0.0122156694275648	0.00104770280449398	4.75166327688721e-05	
0.515926907622999	0.356613342824228	0.107442235105695	0.0179320152228955	0.00194813101181054	0.000130343701511363	7.02451085989379e-06	
0.473917934981889	0.369477092143521	0.127675892980699	0.0254507415216968	0.00317577218877315	0.000273638667176416	2.58002171909193e-05	3.12729905344476e-06	
0.435727596522382	0.37827358315428	0.146588533323516	0.0337461157226773	0.00503751700778853	0.000568688749440907	5.09156593852052e-05	7.04986053025918e-06	
0.402253065679523	0.38117928785435	0.164908819606549	0.0433448937489856	0.00726243973123798	0.000937797227225289	0.000103502704008142	1.0193448122014e-05	
0.370683615801539	0.384190641800707	0.181017604873945	0.0524963955201241	0.0100964530667009	0.00136907684657269	0.000108681714262481	3.20571962932499e-05	5.4731798549451e-06	
0.341136977190031	0.382850659258969	0.19753120231621	0.062915607026879	0.0132853398020267	0.00202198834070191	0.000218318400563402	2.89526194295551e-05	1.01725419617356e-05	7.82503227825815e-07	
0.314290715261802	0.379076117883547	0.212750493117547	0.0733400992278874	0.0171870989618041	0.00295595810796704	0.00036419664421049	3.06113558711403e-05	3.13962624319388e-06	1.56981312159694e-06	
0.289690847757458	0.373366455107607	0.226277234896424	0.0847522218406109	0.0212735259477422	0.00401319225213951	0.000572417026975741	5.25369052155817e-05	1.5682658273308e-06	
0.266071993964671	0.367499130271629	0.237486270018411	0.0958069320282847	0.0266672399707615	0.00547166639955908	0.000884973048192724	0.000111012520179653	7.81778311124314e-07	
0.244616395186074	0.358971371374502	0.247721674395327	0.107919204873357	0.032027932655088	0.00724591215133056	0.0013184338319818	0.000169691661648902	9.38387069026189e-06	
0.225437203649605	0.350458626569742	0.256818357896977	0.118184087641851	0.0378819833828571	0.00920461686427925	0.00173105020436879	0.000259814045140343	2.34771727536454e-05	7.82572425121514e-07	
0.208165537777263	0.339315847667961	0.264926441034752	0.129369005300124	0.0442057555374488	0.0114345992221063	0.00215429944996943	0.000366739180412218	5.70830707251427e-05	4.69175923768296e-06	
0.190054918937205	0.32922074311673	0.271261804282471	0.140491615719361	0.051163180427464	0.0143691370138601	0.00285832198488143	0.000498835919005335	7.12622741436193e-05	1.01803248776599e-05	
0.174464851568528	0.319319396951857	0.27517028785404	0.150036623149748	0.0590341672444115	0.0172822097664344	0.00391378087997399	0.000663525301308641	0.000101839774699083	1.33175089991109e-05	
0.161371848499502	0.307099453695575	0.278867987124054	0.160182529212655	0.0655987831385823	0.0207066747415187	0.00496227823498758	0.00100466181862568	0.00017839789302699	2.66031945742002e-05	7.82446899241183e-07	
0.149181834723085	0.294714395065911	0.280538458160006	0.1701990827012	0.0735337022606208	0.0240038022097992	0.00617153236584034	0.00138112447531387	0.000220383860058602	4.86256203688018e-05	7.05855779547123e-06	
0.13695838494551	0.284726392903169	0.28090787382856	0.178435024961525	0.0810318994532237	0.0279612877394492	0.00785834490697296	0.00173917395493162	0.000324531111194525	4.45741526218986e-05	1.17300401636575e-05	7.82002677577168e-07	
0.125911021930136	0.271387096547431	0.282014351402374	0.187020471095288	0.0889007438141113	0.0323980526332644	0.00958061943633215	0.00225260936363785	0.000468642724751287	5.85803405939109e-05	7.81071207918812e-06	
0.115006098198962	0.260037042068984	0.28140025891969	0.194614532921685	0.0969355964600775	0.0371818356437777	0.0113101679854705	0.00277971681244564	0.000624655463470929	9.83832354966714e-05	8.58901262272528e-06	3.12327731735465e-06	
0.106501213497221	0.249164644171299	0.278884365458389	0.201381821028732	0.104670007046113	0.0415446645267361	0.0134627730368747	0.00345416112111485	0.000781335629844203	0.000130744539262507	1.95725358177405e-05	4.69740859625773e-06	
0.0982783863261582	0.237321850683755	0.276859555951269	0.207223002501771	0.112448036517083	0.046647218895584	0.0156846639538019	0.00428639951845605	0.00102594568836331	0.000192021920281904	2.97829917171933e-05	3.13505175970455e-06	
0.09144832348533	0.22579862991125	0.273244819008608	0.213540808399444	0.119825482395223	0.0515289907954519	0.0179288589656065	0.00510212889506187	0.00126886226135267	0.000284846630099579	2.43257452702119e-05	3.92350730164709e-06	
0.0843734437494715	0.216312950823266	0.269156563109776	0.217366894577436	0.126980646899088	0.0572872458711401	0.0204015635326065	0.00617410587045105	0.0015433307128293	0.000353924648502711	4.61981288974777e-05	3.13207653542222e-06	
0.0771919145766701	0.206408940407714	0.264812009839205	0.221837465340585	0.134018489193774	0.0626795561091326	0.0231615645087595	0.00739661636487679	0.00196846697419399	0.000454562524644956	6.65022626416889e-05	3.91189780245229e-06	
0.0708830603201191	0.195733575488958	0.261430835476113	0.224643255675718	0.141250912592641	0.0682191916174004	0.0264128424035828	0.00848328867412738	0.00231569157466243	0.00051363968215506	0.000105864667314402	7.05764448762677e-06	7.84182720847419e-07	
0.0653451614879224	0.185874067221321	0.256392213899443	0.228317362288019	0.147054296318518	0.0738605218063276	0.0297468245080285	0.00994152414190644	0.00271096779665543	0.000626695336538537	0.000114658545281487	1.41359850347038e-05	1.57066500385598e-06	
0.0600711132503286	0.175788620149698	0.249912504433764	0.231258842950767	0.153864000824228	0.0797039385981677	0.0335621194925965	0.0114243649001607	0.00335117849646046	0.000875348900859069	0.000167519600973029	1.49430629975942e-05	5.50533899911364e-06	
0.0555009784458086	0.166500570037324	0.244311059039467	0.231724508766591	0.160364193140945	0.0859707743519472	0.036919969282636	0.0132661798353436	0.0040643740075595	0.00112194068142719	0.000216030742593851	3.70563682551497e-05	2.36530010139253e-06	
0.0515104433132853	0.158151144139493	0.237812205045263	0.232819439172425	0.165602177232579	0.0918352992398076	0.0408466875870866	0.0150238792997082	0.00463990078911321	0.00136430687159562	0.000330074243127972	5.81559380749284e-05	6.2871284405328e-06	
0.0473118431416853	0.149851564534907	0.231580508195332	0.233024066629636	0.171425702244106	0.0974260725482258	0.0449480162055125	0.0168990481928845	0.00544080312059675	0.0015784997662063	0.000406393080961661	9.33605726533545e-05	1.4121767292104e-05	
0.0436901868924742	0.140801934061529	0.224883975097705	0.232608008066941	0.176429877743261	0.103925274326085	0.0493653860607275	0.0194455230985069	0.00634144202825934	0.00189068919731436	0.000475216705080669	0.000131526205030564	1.09605170858803e-05	
0.0396477493271362	0.133268484011567	0.217622386152689	0.232426954589315	0.181057846741869	0.109393351276369	0.0540410145895335	0.0218975933290691	0.00764742403793373	0.00225903967746324	0.000575511665840411	0.000136058464478575	1.79847395575129e-05	8.60139717968006e-06	
0.0361904717273655	0.125633329350007	0.212469060880065	0.23079626692035	0.184831806001076	0.114743227759566	0.0584806968790248	0.0243920155396587	0.00882267715453041	0.00265398875452322	0.000756050945961883	0.000182764381565166	4.13953513801444e-05	6.24835492530482e-06	
0.033199928086234	0.118674910694046	0.205381025709171	0.23010919949035	0.188231155857454	0.120328927312379	0.0630339792544418	0.0267886595117681	0.00982404577467541	0.00327989306735662	0.000888760347374757	0.000206361241606804	4.76819535530872e-05	5.47169958805919e-06	
0.0306176034809355	0.11171674262458	0.197701569796883	0.22876616840776	0.191588989540939	0.125853354338979	0.0674095225591878	0.0297462755615572	0.0114069718736911	0.00370724632244916	0.00116203104584357	0.000272729546065505	4.76690610601599e-05	3.12584006951868e-06	
0.0283247228551158	0.105927634478168	0.191156523179532	0.225869564537956	0.194928881512944	0.130572198312909	0.0717818532999541	0.0325158848477461	0.0128125791116987	0.00438884357058248	0.00132048168671611	0.000325041645960889	6.71961095015299e-05	8.59485121531196e-06	
0.0262757238491957	0.0998855979287204	0.183514059412444	0.223290478823105	0.198349576133679	0.135525401091472	0.0761989735874316	0.0355928850200536	0.0143037777706532	0.00501867733063919	0.00150607238061874	0.000405059965296214	0.000111039604386221	2.11131642142814e-05	1.56393808994677e-06	
0.0241264617680005	0.0943750846394886	0.177139784121358	0.219981259936578	0.200430223009886	0.14098570854896	0.08020183533637	0.0389102895785991	0.0157286589112759	0.00577857761822718	0.0016955295476944	0.000515077766566443	0.000102545877538304	2.34837887492299e-05	3.91396479153832e-06	1.56558591661533e-06	
0.0224957339716431	0.0882179520720988	0.171117523712089	0.21667050641759	0.201187849726467	0.146380416489322	0.0852768330255025	0.041930080088093	0.0176318759200759	0.00629458829409628	0.00208361806062641	0.000552143166740208	0.000110897213121796	4.2953145927456e-05	4.68579773754066e-06	2.34289886877033e-06	
0.0203474162420138	0.0833386691487318	0.164444885191472	0.212738179086623	0.201810949717879	0.150979109111438	0.0903452454761395	0.0454994088957673	0.0200124311484601	0.00724317419068695	0.0023815956534708	0.000676216995378924	0.000124936165427977	4.45085089337167e-05	7.02765930532369e-06	7.80851033924854e-07	5.46595723747398e-06	
0.0185505014936281	0.0782932820310219	0.157954486896205	0.209074356599993	0.202300327770551	0.154425370908529	0.0959677507507179	0.0492920687022066	0.0219445429092096	0.00832153057448074	0.00274131111343609	0.000869786550944976	0.00020222146920534	4.99697838963002e-05	1.0150112353936e-05	1.56155574675938e-06	7.80777873379691e-07	
0.0174220419795035	0.0735181517118274	0.151541936443564	0.204629332414722	0.203339883659936	0.158299994519647	0.100371881091999	0.0528392142739707	0.0241213819884286	0.00936983770326238	0.003232625323928	0.000952798503080741	0.000284195445043804	6.49813276546438e-05	7.82907562104142e-06	3.91453781052071e-06	
0.0163776772408003	0.0690794497075387	0.145882164989064	0.200162735204449	0.203539608166833	0.161162671770611	0.104777821024167	0.0571656351489246	0.0261316087682793	0.0103788723029851	0.00381699416017122	0.00111988133956603	0.000283494437009024	9.00603874476181e-05	3.05422183518009e-05	7.83133803892332e-07	
0.0145788180332431	0.0651355471857841	0.139478975195081	0.196084671429859	0.203482643611038	0.164685225611501	0.109157322526661	0.0608008590991217	0.0288919110644285	0.0117538242060584	0.00416067348354504	0.00131921881552492	0.000340190710598822	9.56296467581942e-05	2.97862834164867e-05	4.70309738155053e-06	
0.0134550315581792	0.060165535138124	0.132817678863717	0.191216804219905	0.204424428449801	0.168613984875951	0.113709978919325	0.0642206590617057	0.0313932409888753	0.0130002733261912	0.00478556460708575	0.00162424874568412	0.000413130967229132	0.000113885913019438	3.8485584399672e-05	7.06878080810302e-06	
0.0124302094955242	0.0565496976105684	0.126752390258344	0.186588570065297	0.20239895878197	0.17164901251997	0.119163718622323	0.0685444915204193	0.0337049457069047	0.0143876112061642	0.00531317246315305	0.00180780141899813	0.000499979922066122	0.000146450811817793	5.59032668766845e-05	5.51158969206748e-06	1.57473991201928e-06	
0.0113673306333857	0.0538171198721657	0.121303216716061	0.181232608755545	0.201397203232066	0.173849865592985	0.122371388426434	0.0731103318259282	0.0364768438162934	0.0159729847803242	0.0061051877565639	0.0020836039184663	0.000647830005628171	0.000207022225370849	4.32936212752726e-05	1.02330377559735e-05	3.93578375229751e-06	
0.0107420491361966	0.0501311369081916	0.116477281672003	0.176841190527917	0.199383987128747	0.175927325279355	0.126201563567554	0.0767316211544456	0.0396921352489082	0.0174445147619542	0.00695749778814699	0.00239683004467786	0.000727313944591901	0.000251883617174684	7.63522214560762e-05	1.4168453466076e-05	3.14854521468356e-06	
0.00970046030345231	0.0472867918022372	0.110964070823909	0.172288267890784	0.198024166915306	0.176401634640137	0.130274457999967	0.0808652476797856	0.0425318185647066	0.0194591769015366	0.00795119697004288	0.00293013417054452	0.000909270544594013	0.000282621753687663	0.00010312938644313	2.20429222931882e-05	4.72348334854033e-06	7.87247224756721e-07	
0.0089342110748663	0.0439937921470503	0.10631852767222	0.167904645113282	0.195530849300673	0.178640958457256	0.133357141115384	0.0846154269708085	0.0454175394657251	0.0213656489888641	0.00897668751420798	0.00337373052474921	0.00109809461705523	0.000325652701619532	0.000108550900539844	2.43846225850374e-05	1.17990109282439e-05	2.35980218564878e-06	
0.00842515040142393	0.0408548315009194	0.100874013131798	0.163099632155703	0.193664563390106	0.180099961275414	0.137282193838156	0.0878309754275611	0.0486877235205912	0.0235544457474827	0.0100903861697457	0.0036886543245466	0.00133847252321708	0.000370750605022571	0.000100542536955273	2.35646570988922e-05	1.33533056893723e-05	7.85488569963074e-07	
0.00766483769481856	0.0388507623514633	0.0956916181874997	0.158475911016099	0.190617382290274	0.181131181438153	0.1401670396237	0.0926848734766548	0.0516664213519804	0.0257265578204092	0.0110611998485608	0.0042401397270474	0.00142544886684293	0.000429759846105046	0.000127511163130068	3.06971318646461e-05	7.08395350722603e-06	1.57421189049467e-06	
0.00685350543439698	0.0362345691665576	0.0919188080750424	0.152742584764136	0.187586427646756	0.182349917455192	0.143716266609482	0.096578214162387	0.0552175099061654	0.0274865539474078	0.0122555782788107	0.0046152560465846	0.001711602473033	0.000516397798174396	0.000150583174734824	4.88804022699428e-05	1.41910845299834e-05	3.15357433999631e-06	
0.00629432554020826	0.0333130401094253	0.0876090101914152	0.148699784153891	0.184774547553349	0.182582088726192	0.147596043611983	0.0998821938819883	0.0584365784043201	0.0295519414290119	0.0133579487503854	0.00519770080408605	0.001841412408384	0.00063725994038536	0.000151013211679409	6.40422520734667e-05	7.11580578594075e-06	3.95322543663375e-06	
0.00581623855769962	0.031451270380607	0.0830430496741639	0.14427916677232	0.183076013642011	0.181602936328828	0.150243584704719	0.10335551005401	0.0618248725815858	0.0319702943935898	0.0143884550041839	0.00589864847731825	0.00207054923041814	0.00071553997515024	0.000192553946801227	5.62606182011816e-05	7.92403073256079e-06	3.16961229302432e-06	3.9620153662804e-06	
0.00513862398980674	0.0295694728492858	0.0786894884434446	0.138856158939978	0.180412849016372	0.182894602344987	0.152630206868244	0.106741541872456	0.0645976936809584	0.0344862287254232	0.0157851239014557	0.00656491900625272	0.00242628630019865	0.000856569395987832	0.000251978786238789	6.57680479805644e-05	1.6640108525203e-05	6.33908896198211e-06	7.13147508222987e-06	2.37715836074329e-06	
0.00497921824450253	0.0273020659673089	0.0746565639509673	0.13391885324981	0.17680228119701	0.18301500741611	0.15514771575093	0.110565439738458	0.0683613924687838	0.0363052472446238	0.0173658262799033	0.00745495436575414	0.00275398888415886	0.000913239837234025	0.000343257681877025	8.16525201693616e-05	1.90258299423755e-05	1.10984007997191e-05	1.58548582853129e-06	1.58548582853129e-06	
0.0046832984821704	0.0254964605650567	0.0709504653561995	0.129051596373576	0.17365236222689	0.182520179180177	0.156589169416301	0.11514047120041	0.071768813482444	0.0385686203142235	0.0186515177106553	0.00811132072030495	0.00319171628695155	0.00111650597069013	0.000365560548642153	0.000118152975591498	1.66524328014864e-05	5.55081093382878e-06	0	1.58594598109394e-06	
0.00426324991003786	0.0240358128914945	0.0672829205690065	0.123576926383904	0.170140691227657	0.182085752226762	0.159213078106241	0.11789418542072	0.07546151372042	0.041254406552428	0.0202311310390069	0.00887838711423758	0.00365978708430328	0.00138207317345018	0.000468121558749256	0.00013772964228507	3.10488788966343e-05	3.1845003996548e-06	
0.00394089219123639	0.0225432729710855	0.0639532985562272	0.119200641499848	0.165547731458735	0.180593833288077	0.161137818151993	0.121423116768739	0.078649028075174	0.0444112829439556	0.0223035864587472	0.0100158702730595	0.00398707763215207	0.00153048995586105	0.000527947367708573	0.000192704770717156	3.74261331558114e-05	3.98150352721397e-06	
0.00355776672898863	0.0208099095110539	0.0610465949592465	0.115333592388864	0.161223049996656	0.17849908109606	0.163025821678489	0.124607037179777	0.0822036813489573	0.047207296447648	0.0241272005121655	0.0111622144151662	0.00455152073028179	0.00178604985969595	0.000609948369383458	0.000183143766263963	5.81282388576925e-05	7.96277244625925e-06	
0.00322610679575338	0.0196025379131211	0.0575096906550334	0.111370713412058	0.158382426551161	0.177224991107118	0.164126392720808	0.127591966723512	0.084859182109511	0.0499728239893747	0.0259369755288579	0.0121014815103655	0.00505720490552855	0.00204118498547297	0.000694719100318871	0.000218840495518545	7.16205258060691e-05	1.11409706809441e-05	
0.00305733434741671	0.0183987856404524	0.0547557387539159	0.107167071294401	0.155350851147274	0.175839992886597	0.165414411310311	0.130006970500018	0.0872384276203284	0.0529742123255589	0.027743860323247	0.0130740540205812	0.00569072256616021	0.0021435478416061	0.000797876141042272	0.000247698861696705	7.22455013282058e-05	2.46111048480701e-05	1.58781321600452e-06	
0.00275262626254611	0.0170783439172038	0.0521419939361286	0.102675578118962	0.151538860115961	0.1754579048142	0.165763010701836	0.132678331538717	0.0909429946891532	0.0552255066649421	0.0297535967041486	0.0140218099410356	0.00632572400259948	0.00237968468186099	0.000824438941131568	0.000313429626320471	9.36321415337103e-05	2.53917671955825e-05	7.14143452375757e-06	
0.00251996591427043	0.0157848635579953	0.0493957709914587	0.0994050851152375	0.146827054556985	0.173696121757397	0.16573512217356	0.135693704048671	0.0950151602227463	0.0580273874873665	0.0315316779294901	0.0151657715859773	0.00680446285249995	0.00282356671488873	0.00105190146846079	0.000357503814827292	0.000122074473355661	3.40857295733339e-05	8.71960523969006e-06	
0.00231440750375299	0.014785259443496	0.0464712419015553	0.0950603251901064	0.143404493438021	0.170534580577048	0.166366269254364	0.137938687223678	0.0986230860563289	0.0613952072742145	0.0337237707087952	0.0166153851031417	0.00757968457479103	0.00328931203444346	0.00122774562442239	0.000457333263584066	0.000158521061900889	3.80450548562135e-05	1.66447114995934e-05	
0.00221659855615766	0.0137714611548042	0.0432605490661339	0.0914507498764811	0.139786080395514	0.168210883776481	0.16693485262197	0.140290465612586	0.102166556563709	0.0646858179724507	0.0357772488958643	0.0176923424648735	0.00807016347315219	0.00357510779647898	0.00137833570325654	0.00049883380745015	0.000180024283451803	4.44112769748941e-05	9.51670220890589e-06	
0.00200214911033153	0.0130202901298948	0.0415718529755697	0.0871235106349357	0.135540121993616	0.166116747258304	0.167105970102083	0.142433077336367	0.105045668594545	0.067523940457002	0.0384690749344205	0.0192218956417307	0.00880108087607851	0.00365743813406656	0.00149805631933251	0.000589425112986315	0.000195158180841313	6.87399260453209e-05	1.58022818494991e-05	
0.00184513759387128	0.0119095244695328	0.0396401391058918	0.0831721561413235	0.131893081245905	0.163774664835442	0.167203486467416	0.145026397359004	0.107122719368983	0.0702341426843405	0.0408544806209364	0.0207438196159468	0.00988404692303815	0.00403992994304723	0.00162227206290006	0.000669384103623809	0.000258303512927776	8.26886245652941e-05	2.20502998840784e-05	1.57502142029132e-06	
0.00178351274809852	0.0110894474182786	0.0373222100117772	0.0801989908657993	0.1276456292515	0.162525750253071	0.167126330840039	0.146434746987762	0.110574639299514	0.0723378275648828	0.0428192735966851	0.0223529921498655	0.0105498245240881	0.00447847613645763	0.00169449466482328	0.00069087485869364	0.000252086607505091	8.6654771329875e-05	3.22985965865898e-05	3.93885324226705e-06	
0.00156062708977352	0.0103976089836603	0.0352343700712889	0.0771363005488613	0.124060784808529	0.159415021134313	0.167338022837676	0.148532426976216	0.112521292032048	0.0763563813008643	0.0441628288436061	0.0237966058923727	0.0115552646520724	0.00493265409122453	0.00189814522743045	0.000738912371459214	0.000254715790801842	7.0973440161504e-05	3.23323449624629e-05	4.7315626774336e-06	
0.00139513107138184	0.00990543060681108	0.0331836260481218	0.0738497262547903	0.121063483981215	0.156161671256674	0.166602296212337	0.14975589147299	0.11547507759924	0.0785309033355456	0.0472894258523305	0.0253401518722344	0.0126405180744354	0.0054607164195104	0.00215102412079155	0.000799244579876377	0.000296366826463035	7.25152873260618e-05	2.44344989903034e-05	2.36462893454549e-06	
0.00126548123789943	0.00897197795348646	0.0308969926674672	0.0703959441484116	0.117980089972245	0.154624608087403	0.165517687546055	0.150613569051568	0.118014803921414	0.0814476032384959	0.0499099804181769	0.0272607064919819	0.013339623921698	0.00612464516821275	0.00223037123412823	0.00093885453435182	0.000333727284059512	9.86191737764516e-05	2.76133686574065e-05	7.10058051190452e-06	
0.0011072300623616	0.00842694412394663	0.0294761531213155	0.0665663872416792	0.113534092110808	0.151750496793531	0.165213246354348	0.151882291106015	0.120918519547385	0.0844754191769406	0.0523318123059585	0.0290263162463717	0.014528152685684	0.00659050481167619	0.0026272051871716	0.00096359793737955	0.000425372062446829	0.000117588937485301	3.15674999960541e-05	7.10268749911216e-06	
0.00107851902308882	0.00786104764562766	0.0279878840055944	0.0640630839021575	0.109313579405963	0.147839098837438	0.164104395595732	0.153017251574023	0.123097020985394	0.0877337382510017	0.0552110286454022	0.0309845585719399	0.0157504773708103	0.00733992112935448	0.00291468189207557	0.00111241984033503	0.000382369682893332	0.000153736264256082	5.1245421418694e-05	3.15356439499655e-06	7.88391098749139e-07	
0.00099873346733795	0.00747080988777638	0.0262033635578856	0.0613047491824248	0.105778318977196	0.144354005330779	0.162486373746857	0.154154668212551	0.125660833895187	0.0903467842042583	0.0580383866516279	0.0328392700739126	0.0169887083257194	0.00797726542365833	0.00347823895249557	0.00126180679390804	0.000438718092513595	0.000145714267710979	5.9073351774721e-05	1.33899597356034e-05	7.87644690329614e-07	
0.000925201724632612	0.00701329633574525	0.0251730331602674	0.0586060660847145	0.101207793075529	0.140970243405874	0.160547260357425	0.154165962480987	0.128622691417319	0.0934650258812802	0.0604934147175462	0.0354178539564754	0.0185103230345359	0.00873871501507285	0.00389968203560101	0.00145501137833047	0.000515660434459637	0.000186298053303253	7.54625026038494e-05	8.64674509002441e-06	2.35820320637029e-06	
0.000913559530882472	0.00645691946784372	0.0234495976492324	0.0562569017303477	0.0977697060834117	0.137506406296968	0.158737247250492	0.155021006375296	0.129327536991705	0.0967384198088589	0.0636689775118374	0.0375469827812865	0.0201807183999837	0.00966615050029942	0.00425621420616464	0.0015367264273779	0.000616103291875207	0.00024565647179228	8.31935655270979e-05	1.72665890716618e-05	3.13937983121124e-06	1.56968991560562e-06	
0.000840258997479223	0.00618386687033729	0.0219047910453967	0.0537844213942023	0.0944385210500178	0.134226471375098	0.156650638196715	0.156146168976006	0.132383550380627	0.0985582222598809	0.0660886061350675	0.0393023104376486	0.0213477566026234	0.0104949996351817	0.00478108154121231	0.00172523766149095	0.000756311553286621	0.00025733422145022	8.39474441926021e-05	3.92277776600944e-05	4.70733331921133e-06	1.56911110640378e-06	
0.000801765926754246	0.00571523253175064	0.0206857179652893	0.0511057066730326	0.0917217079106263	0.130577122264985	0.154446345682832	0.155252037985329	0.135325681088768	0.102315069665685	0.0685223241945629	0.0416659141113159	0.0221408328157061	0.0112286493503026	0.00522757666444957	0.00202836570891892	0.000805692302497411	0.000277202127467433	0.000110723795957246	3.69079319857488e-05	7.85275148632954e-06	1.57055029726591e-06	
0.000739888647151743	0.00531524681694557	0.0193566192514151	0.0488806137380259	0.0884909967109945	0.127818319202587	0.152541293413418	0.154792410519471	0.137021716242875	0.105130235341202	0.0712596899072427	0.0432799476023598	0.0238069590419346	0.0120953316250109	0.00572804335228528	0.00230851548144263	0.000902648423942828	0.00032551955358217	0.000137598845113236	5.18944215855633e-05	1.17941867239917e-05	4.71767468959666e-06	
0.000605043021784696	0.00490092715565263	0.0182512132332114	0.046724427687524	0.0858563129040177	0.125140835761898	0.151375627073197	0.154547972279745	0.137273954668194	0.107412052394051	0.0738538014640625	0.0454451039509545	0.0248240733164225	0.0130670409698312	0.00640055264267685	0.00273803604136637	0.00101102767619419	0.000374512975773102	0.000117232002920572	5.58622295796013e-05	1.73094232500173e-05	4.72075179545927e-06	2.36037589772963e-06	
0.000518349411618274	0.00434846314913811	0.0172812021925077	0.0439052980351564	0.0827633853100722	0.121909006833074	0.149519384534911	0.154793471633368	0.138712035632189	0.109975941654968	0.0766392997083694	0.0477228075316642	0.0266209447823957	0.0139127187820522	0.00667630891104084	0.0028698281254185	0.00119346407082323	0.000417515483522318	0.000140222181258439	5.2780259237727e-05	2.04818916444911e-05	3.15106025299863e-06	3.93882531624828e-06	
0.000492665889104529	0.00407590517519545	0.0162453822410474	0.0420048825865431	0.0790626441205127	0.118736414305255	0.147314183898168	0.154815140110716	0.140231914990737	0.111728910988023	0.0792837928662609	0.0503975168379979	0.0283558338409523	0.0150176525493492	0.00705393668377618	0.00318501414250164	0.00129619923219674	0.000451741566047922	0.000166845317076933	5.5090434883893e-05	2.75452174419465e-05	7.87006212627043e-07	
0.00047532450948166	0.00377343022701278	0.0149155727502686	0.0397538402357862	0.0764208300915886	0.115610271739002	0.145200207786966	0.153904243000393	0.140681077749059	0.114115719052473	0.0820979231550827	0.0526640638117242	0.0305437381316673	0.0162406482070491	0.00783378934532129	0.00349517226375071	0.00141966739896595	0.00057701084733097	0.000158441503160553	8.19796832273509e-05	2.91658488404999e-05	3.94133092439187e-06	3.94133092439187e-06	
0.000465871380151833	0.0035632865022424	0.0139289247106207	0.0377552554147711	0.072733382281306	0.112731430657957	0.142850172773753	0.153414908041554	0.14177363215205	0.116386789713371	0.0845249646465004	0.0551734938071371	0.0326401135718878	0.0171058212675007	0.00856353438988555	0.00385366916993839	0.00160851537336207	0.000610669241550376	0.000189653720636135	8.18422694861329e-05	2.91169612594896e-05	1.02302836857666e-05	4.72166939343074e-06	
0.000469562960370302	0.0033152560769863	0.0133624876611911	0.0359958942736128	0.0700749963622635	0.109917059607754	0.140135048509708	0.151863897529879	0.142913885928449	0.117849291526237	0.0874386009068779	0.0576390500198601	0.0342427019140393	0.0183507092603007	0.00916001714652016	0.00429292234120789	0.00190578065825334	0.000687433881681146	0.000254838189547702	9.43845146472969e-05	2.67422791500674e-05	9.43845146472969e-06	
0.00041583434415078	0.00319721689134798	0.012683732089701	0.0343494860130588	0.0679285015997853	0.106220567951255	0.137991096437477	0.1510082805956	0.143124689104983	0.119681047212105	0.0896687918678494	0.0597601028130801	0.0364019815683388	0.019710547912747	0.0100114079837056	0.00458045453047595	0.00202268101739757	0.00081362304695162	0.000285591889190347	0.000111412220508322	2.35377930651385e-05	7.06133791954155e-06	2.35377930651385e-06	
0.000330665028490475	0.00308255028929272	0.0121734878735261	0.0322915556614241	0.0650430648103456	0.103809229785554	0.135440238956415	0.150069423984655	0.143474145442464	0.121467682586647	0.0923252803600644	0.0617842120769525	0.0379825985569841	0.0212322992346123	0.0108610141230011	0.00502657857290615	0.002212007998646	0.000886213619011202	0.000358873419546534	0.000119885661988253	2.58576918013879e-05	3.1342656728955e-06	
0.000323085853220454	0.00280138121157977	0.0115528616957861	0.0308574369982586	0.0624150237268618	0.100045529289727	0.133387519967957	0.149532425146562	0.144593044814276	0.123146558940091	0.0938763887606802	0.0647086985976666	0.0394156918026939	0.0223289092214804	0.0114574222912028	0.00557147081509945	0.00245952039352326	0.000994290846109436	0.00035907120248956	0.000122819561635863	3.91145100751155e-05	1.17343530225347e-05	
0.000335536429112077	0.00263513144444531	0.0108986914079265	0.0298034380779225	0.0599174424320929	0.0965509976356387	0.130475291253424	0.149093661482759	0.145154619868439	0.124769611323964	0.0957144975146895	0.0664861532699196	0.0418164225574118	0.0237567594984121	0.012279072670948	0.00596942716908695	0.00261484319524319	0.00112599783071797	0.000422931964136618	0.00011626727427372	4.52584020662802e-05	1.48260282630918e-05	3.12126910801932e-06	
0.000318052024892248	0.00256000698467192	0.0102400279386877	0.0284305769604049	0.0582697813938006	0.0941231313469113	0.127675281355213	0.146801277508967	0.146210386737231	0.126498956586678	0.0979163694673174	0.0686852056697451	0.0430757813517055	0.0253194357071084	0.0129543837001455	0.00620747126033572	0.00284064112428273	0.00116930891504503	0.00051527546189651	0.000123946744994773	3.9756503111531e-05	1.16930891504503e-05	1.2472628427147e-05	7.79539276696687e-07	
0.000275371634693394	0.00228878293538362	0.0096021230919008	0.0267562937630275	0.0565385551492155	0.0915029518591096	0.125805832574046	0.144486638625045	0.14633857137508	0.127573515645477	0.100596456520925	0.0704569140902907	0.0453996555124253	0.0266275789762728	0.0138192875597549	0.00682344387723262	0.00293469713800721	0.00131289082489796	0.000603009273705363	0.00018722150800684	3.82243912180631e-05	6.24071693356133e-06	2.18425092674646e-05	3.90044808347583e-06	
