# <P(N_1)> as a function of N_tot.
# number_of_species: 2
# species_total_upper_bound: 100
# species_total_lower_bound: 0
# volume: 512
# Bin widths for each species index 
1	1	1	1	1	1	1	1	1	1	1	1	1	1	1	1	1	1	1	1	1	1	1	1	1	1	1	1	1	1	1	1	1	1	1	1	1	1	1	1	1	1	1	1	1	1	1	1	1	1	1	1	1	1	1	1	1	1	1	1	1	1	1	1	1	1	1	1	1	1	1	1	1	1	1	1	1	1	1	1	1	1	1	1	1	1	1	1	1	1	1	1	1	1	1	1	1	1	1	1	1	
# Bin lower bound for each species index 
0	0	0	0	0	0	0	0	0	0	0	0	0	0	0	0	0	0	0	0	0	0	0	0	0	0	0	0	0	0	0	0	0	0	0	0	0	0	0	0	0	0	0	0	0	0	0	0	0	0	0	0	0	0	0	0	0	0	0	0	0	0	0	0	0	0	0	0	0	0	0	0	0	0	0	0	0	0	0	0	0	0	0	0	0	0	0	0	0	0	0	0	0	0	0	0	0	0	0	0	0	
# Bin upper bound for each species index 
0	1	2	3	4	5	5	5	6	7	7	7	8	8	8	8	8	8	9	9	9	9	10	10	11	10	11	11	11	11	11	11	12	12	12	12	12	12	12	13	13	13	13	13	14	15	15	16	16	15	15	15	15	16	16	16	17	17	17	17	17	17	18	19	19	19	17	17	17	17	18	18	18	18	18	18	19	19	19	19	19	19	20	20	20	21	21	20	20	21	21	21	22	22	21	22	21	21	22	23	23	
# Normalized histogram for each species index 
1	
0.920831859216012	0.0791681407839878	
0.848290527856734	0.145367043544187	0.00634242859907889	
0.780518683666518	0.201920850285575	0.0171116929479237	0.00044877309998259	
0.718504316758917	0.24778425638633	0.0317984385052006	0.00184330152384692	6.96868257056004e-05	
0.660894233860064	0.285353599776858	0.0494832192963211	0.00408696406430973	0.000180282226723609	1.70077572380763e-06	
0.608728251807972	0.315358951071228	0.0676422147064206	0.00778004080221769	0.000482916613009265	7.62499915277787e-06	
0.561156013234667	0.338870130156742	0.0867909666094568	0.0121040506978079	0.00103809635367595	4.07429476504051e-05	
0.516348897761691	0.356524555436641	0.10728685228145	0.0177697833776359	0.00193135035562519	0.000130910191358397	7.65059559886737e-06	
0.474216170035886	0.369397731367083	0.127638497424641	0.0253251460165194	0.00312092476135232	0.000270866286602085	2.72569848153041e-05	3.40712310191301e-06	
0.436314920801894	0.377772958314584	0.146599531923868	0.0336934553871874	0.00499753666610598	0.000559266447343143	5.46458818778033e-05	7.68457713906608e-06	
0.402443841406799	0.38105253438255	0.164813950346861	0.043408450848727	0.0072424365228781	0.000921655834218225	0.000106871038290611	1.02596196758986e-05	
0.370435981718327	0.384494540415263	0.180918077215834	0.0525171433350059	0.0101247222421332	0.0013636161940943	0.000106665847472958	3.32797444115629e-05	5.97328745848565e-06	
0.341289141483141	0.382808657576917	0.197288786272474	0.0630259850265042	0.0132956377397672	0.00203306874692606	0.000222860538827258	2.90316410732827e-05	6.83097437018416e-06	
0.314531657523736	0.379173449372855	0.212412544791523	0.0732711904857629	0.0172451106775122	0.00297341293229327	0.000363550200294775	2.65177793156189e-05	2.56623670796312e-06	
0.289562352844689	0.373718958559014	0.226285996452895	0.0845307945447027	0.0212476036537233	0.00400843377199427	0.00058947555470504	5.46759934798878e-05	1.70862479624649e-06	
0.266396326554953	0.367394767555779	0.237332492780045	0.0957855907584574	0.0266171421756132	0.00546331240469233	0.000893655810466592	0.000115860047877461	8.51912116746037e-07	
0.244927527590792	0.359140671514344	0.247296285538822	0.107816390169612	0.0320595758381579	0.00725022209767528	0.00134664017110252	0.000160131785052039	2.55529444231976e-06	
0.225635636522189	0.350321394993937	0.256616955757518	0.118145446989413	0.0380291861399899	0.00923818996879726	0.00173641863443747	0.000256332520336281	1.95868703246992e-05	8.51603057595618e-07	
0.20820843019699	0.339278552687032	0.264869420993243	0.129403897657599	0.0442216580339057	0.0114401076716016	0.0021445953478255	0.000367062278233207	6.11770463722012e-05	5.09808719768343e-06	
0.190088886998682	0.329390549908561	0.270905456555948	0.140690681750521	0.0511147025049972	0.0143316463233105	0.00288266065580743	0.000508654786713733	7.57028027048867e-05	1.10577127546464e-05	
0.174402136561794	0.319280920234061	0.27517601000832	0.150139283594343	0.0590441508980832	0.0172514079523225	0.00391918741159047	0.000665972306793514	0.000106453373848068	1.44776588433373e-05	
0.161198518967637	0.307127723713208	0.278873829531404	0.160196233381815	0.0656816393543135	0.0207090766028905	0.00499524829773247	0.000997176228544957	0.000190749338338233	2.8953024569196e-05	8.51559546152824e-07	
0.149233048296825	0.294630697706189	0.280644128432925	0.170075008858474	0.0735693031476398	0.0239874657934844	0.00616976677666827	0.00140625600348362	0.000226264627154317	5.03758981211498e-05	7.68445903542962e-06	
0.136673353860407	0.284926395454979	0.281015408929277	0.178495279227237	0.0811693619804085	0.0277796700227524	0.00778450660090737	0.00176603223477159	0.000332088993038052	4.59815528821919e-05	1.10696331012684e-05	8.51510238559108e-07	
0.12568596121352	0.271058690203325	0.282161690310527	0.187510528706998	0.0889652344221931	0.0323748168643086	0.00946264882699569	0.00224527335501183	0.000463688510224119	6.29595408377703e-05	8.50804605915815e-06	
0.114702078651542	0.259994269189924	0.281388726629306	0.19473615741532	0.097230760335652	0.0372451638850131	0.0112397000592637	0.00275231932005724	0.000609642555601187	8.84279299616784e-05	9.35295413056214e-06	3.40107422929532e-06	
0.106122222696064	0.249042603096081	0.279347520150113	0.201403044905966	0.104778028913813	0.0415113650901957	0.0134973772868779	0.00338351315621135	0.000764211693462408	0.000125378480958676	1.96170412384323e-05	5.11748901872148e-06	
0.0981063919949695	0.237215326571343	0.276944015364847	0.207474984279739	0.112522042540394	0.0465405172649479	0.0156860868852011	0.00427779068813735	0.00100900155835634	0.000194794543018837	2.56308609235312e-05	3.41744812313749e-06	
0.0910644481108502	0.225345893435384	0.273372195713044	0.214017498339848	0.1200537752189	0.0515579752312232	0.0179099547480335	0.00510796119695217	0.00126308439046765	0.000278973923639874	2.48166987287004e-05	3.42299292809661e-06	
0.0843010965753267	0.215808996546885	0.269014124204515	0.217722174155533	0.127316845272615	0.0573363955563034	0.0204240250694595	0.00613497980487297	0.00153652076694507	0.000353596218741112	4.78294402161891e-05	3.41638858687065e-06	
0.0770450121748013	0.206302883092015	0.264511329696693	0.221735970367106	0.134418176026018	0.0628759519703876	0.0231923345298887	0.00742359682319251	0.00195155530844396	0.000467177572743477	7.1742076984373e-05	4.2703617252603e-06	
0.0708921425770649	0.195561460974862	0.261496590019879	0.224349809339048	0.141384470763894	0.0683571309935773	0.026465657912986	0.00853137130342916	0.00231412911522017	0.000523953761936643	0.000114721902123383	7.70520238142122e-06	8.56133597935691e-07	
0.0653150509340698	0.185733490875223	0.25621863478357	0.22860482033627	0.147086317589712	0.073800206837992	0.02978672723861	0.00999402791713114	0.00268786570439304	0.000633195012925232	0.000122526233894869	1.54228825881653e-05	1.71365362090726e-06	
0.0599882873559178	0.175721386550695	0.249775993538325	0.23120039167905	0.154130164688693	0.079825184928588	0.033513938989643	0.0114159694956789	0.00335773896237635	0.00087287493965759	0.000175775405333797	1.62913790309373e-05	6.00208701139796e-06	
0.0554145734259001	0.166410491821317	0.244273890453447	0.231755708916604	0.160315593655116	0.0861873618117235	0.0368307217253462	0.0133167937225128	0.0040893414071392	0.00113903244995994	0.000224367901463807	3.9543768074081e-05	2.57894139613571e-06	
0.0515486077688161	0.157976319138404	0.237533120834739	0.232736487470176	0.165588758698769	0.0921508545903293	0.040936238432329	0.0150904260876565	0.00465447283277982	0.00139677004420679	0.000320289390884941	6.08036009433978e-05	6.85110996545328e-06	
0.0472100987786574	0.149764607290126	0.231181183618273	0.23314770155741	0.171462083022594	0.0975314305435603	0.0451538830186648	0.0169921843298761	0.00543995926864668	0.00160345533091235	0.000398941736566897	9.90947354213278e-05	1.53767692895164e-05	
0.0435271594240684	0.140561191669627	0.224790211309547	0.232512070997145	0.176558195966366	0.104027414604139	0.0496165482784504	0.019542788883862	0.00636033129956095	0.0018804087311629	0.000475427309464838	0.000136323242857301	1.19282837500138e-05	
0.0394963689618141	0.132999644299517	0.217280235817507	0.232594077672051	0.181036228689882	0.109453633846348	0.0544026018894673	0.0220866173224433	0.00770202170623905	0.00223291403791529	0.000553973719010234	0.000132749462619964	1.95720361555075e-05	9.36053903089488e-06	
0.0361918290985772	0.125474296647596	0.212134007813044	0.230492452884692	0.184897952941616	0.114990068020044	0.0587456648479277	0.0245325852204662	0.00890989510673692	0.00266438743727729	0.00073746437996068	0.000177569188262422	4.50295070713318e-05	6.7969067277482e-06	
0.0332162422255698	0.118522441706651	0.205248356700547	0.229812835588442	0.18806469822119	0.120541498199427	0.0633626684530712	0.0269320882910026	0.00983684323280274	0.00329339993811061	0.000900286663515522	0.000210832004298252	5.18578720249734e-05	5.95090334712809e-06	
0.0304718490545506	0.11149603916121	0.197780093958339	0.228523140174076	0.191366578648027	0.12594685215759	0.0678026908879454	0.0298214859564078	0.0115144023545695	0.00377295611706876	0.00116895328097556	0.000279698639593425	5.18590182832795e-05	3.400591362838e-06	
0.028316040089386	0.105717862998748	0.190782433226148	0.225969020910843	0.194835231807669	0.130751204237079	0.0719839248056263	0.032592388592664	0.0128562455003141	0.00444209844526554	0.00134044953084266	0.000330649884272541	7.3099974415009e-05	9.34999672750115e-06	
0.0263636927874793	0.0998203480299924	0.183290921411403	0.22320545706675	0.198369613735511	0.135606204242099	0.0763423096968703	0.0355452433038618	0.0143406993758518	0.00503416618274848	0.00152189790020601	0.000422560478437087	0.00011222934236156	2.29560018466828e-05	1.70044458123576e-06	
0.0242051119808543	0.0947436100239321	0.177068715949469	0.219609023784131	0.200490548771672	0.140897547766421	0.080232959638586	0.0388492855235383	0.0157940035345366	0.00576275741478756	0.00169753007672904	0.000514531912034604	0.000103756848377226	2.46635131388488e-05	4.25232985152565e-06	1.70093194061026e-06	
0.0226327274701062	0.0884598194029458	0.17142047801311	0.216447613369305	0.201068791244766	0.146211185075936	0.085173383858216	0.0418594355472742	0.017650915240495	0.00628281664912488	0.00207702726426928	0.000554665508710538	0.000109406499424556	4.41018447292783e-05	5.0886743918398e-06	2.5443371959199e-06	
0.0205041264967606	0.08368049112979	0.164683694555363	0.212586810630188	0.20165907113367	0.150828730686038	0.0901652886260177	0.0454300139202016	0.0199923917583595	0.00723037128727551	0.00236889127246571	0.000687961270830527	0.000124544712822768	4.32093901630011e-05	7.62518649935313e-06	8.4724294437257e-07	5.93070061060799e-06	
0.0185710620635699	0.0788023345703881	0.158140641524228	0.208799769015377	0.202304596577059	0.15420594378979	0.0958425308057113	0.0492493423119292	0.0219638603897781	0.0082741265893952	0.00270611016984313	0.000877199667070551	0.000198978688959054	4.99563516961028e-05	1.10073317296498e-05	1.69343565071535e-06	8.46717825357675e-07	
0.0174676272191259	0.0736670805807481	0.151801715336961	0.204745629695816	0.203133573075087	0.158212570644262	0.100234589061457	0.052742619617489	0.0242122750722368	0.0093020253478492	0.00316041237393598	0.000972499910818785	0.00027348905788965	6.11528328200459e-05	8.49344900278415e-06	4.24672450139208e-06	
0.0163645017891901	0.0691460336078741	0.1460684567067	0.200561831178656	0.203535031576442	0.161043255050956	0.104488699628562	0.0570007904735191	0.0262139718319436	0.0102702059481007	0.00377302360370928	0.00113386201562248	0.000283040518142642	8.32972095434803e-05	3.31488895122013e-05	8.4997152595388e-07	
0.0145726540077138	0.0650984468652334	0.139593282509242	0.196364620035762	0.203606287397134	0.164465726063708	0.10910393191999	0.0607141459630235	0.0288671422422373	0.0117340020654021	0.00411719370715864	0.00129045100284291	0.000344517242024639	9.10206046830526e-05	3.14744147034855e-05	5.10395914110576e-06	
0.0135214143748871	0.0601734900163979	0.132832022527452	0.191455216121037	0.204353614176476	0.168711285203405	0.113639540314525	0.0641740900211706	0.0312556463517323	0.0129452734283114	0.00480770869768282	0.00157245568998844	0.000405685045221951	0.000108239497359638	3.66480187910586e-05	7.67051556091923e-06	
0.0124721797799691	0.0566382486450067	0.126886708967366	0.186536338786367	0.202227669650972	0.172064266738944	0.119103460010277	0.0684127319349193	0.0335843387658467	0.014260027035739	0.00532506585793155	0.00181264284181357	0.000476246256080262	0.000144498415220044	4.7881131670547e-05	5.98514145881838e-06	1.71004041680525e-06	
0.0114573605224358	0.0538368517017135	0.121471796608546	0.18132339911673	0.201345771629328	0.173886420158523	0.122338988037205	0.0731605108048289	0.0362184980312873	0.0158967990886793	0.00609514133338807	0.00209015369984572	0.000620033319307752	0.000201831535664317	4.19057002014894e-05	1.02626204575076e-05	4.27609185729484e-06	
0.0107076768293778	0.0500624101170265	0.116692802774619	0.176673245608407	0.199532715477452	0.176030750777881	0.126241251247988	0.0767246623052304	0.0396011227832431	0.0173482159432825	0.0069485259833978	0.00240058654388257	0.000711791876161902	0.000231845671201773	7.35746410455812e-05	1.53993434746565e-05	3.42207632770145e-06	
0.00958012342469315	0.0471428962384204	0.111014661813604	0.172366107469794	0.198029412569615	0.176619093882131	0.130264706284807	0.0808931185944363	0.0424400665015531	0.0193920102352185	0.00795093800030104	0.00295990065817381	0.000932184836003886	0.00027708980446354	0.000107757146180266	2.39460324845035e-05	5.13129267525075e-06	8.55215445875125e-07	
0.00881063293303133	0.0437437497328946	0.106300269242275	0.167879823924099	0.195590409846575	0.178983717252874	0.133354416855421	0.0846873798025557	0.0454207444762597	0.0212855250224369	0.0089661951365443	0.00339501688106329	0.00111201333390316	0.000319671780845335	0.000108551647506304	2.64968588401214e-05	1.2821060729091e-05	2.5642121458182e-06	
0.00846705779987995	0.040679618862856	0.100921590912002	0.162863634772318	0.193628018139792	0.180403150128039	0.137370242509993	0.0878359050726352	0.0487052215515482	0.0235764353481732	0.0100100159931416	0.00371351697979809	0.00133546575221987	0.000355213397009889	9.47804977598501e-05	2.47624723877086e-05	1.45159320893464e-05	8.53878358196848e-07	
0.00764070788433086	0.0388239351228683	0.0956213754985628	0.158403709025003	0.190420405798689	0.181226569365802	0.140543158575708	0.0927675552729784	0.0516502953511397	0.0257194664768113	0.0109934118255122	0.00419900924945812	0.00142562653547936	0.000406466149071246	0.000117233394574233	3.16615737171287e-05	7.7014638771394e-06	1.71143641714209e-06	
0.00685627178446334	0.0362810334934786	0.0917666503952248	0.152511368599543	0.18762171466742	0.182476513458195	0.144009968399147	0.0967337221351557	0.0552115715643707	0.0274242307461741	0.0121547671042828	0.00455686012554702	0.00169222995829373	0.00050098913238959	0.000135309885329154	4.79579340407129e-05	1.5415050227372e-05	3.42556671719378e-06	
0.00629345902514466	0.033374299892377	0.087747966405133	0.14854554411429	0.184745163399927	0.182724012983424	0.147648685436903	0.100067972447128	0.058320702931226	0.0294650259445338	0.0132692172354782	0.00508763467899325	0.00185465225055743	0.00063080490706141	0.000145042216725685	6.78007995344917e-05	7.72414171911931e-06	4.29118984395517e-06	
0.00577938708214937	0.0314562799432557	0.0830079309570572	0.144279069207257	0.182988402513061	0.181719483795263	0.150486017376014	0.103468922675104	0.0617124638788307	0.0318012537777216	0.0144587911118911	0.00578282821765526	0.0020758649939307	0.000726939875620157	0.000180659614059447	5.93595874766756e-05	8.60283876473559e-06	3.44113550589424e-06	4.30141938236779e-06	
0.00516581687488715	0.0295976887956459	0.0785800882178448	0.138840786566125	0.180482876623991	0.182661668228679	0.152966819428562	0.106849350403687	0.0645047849152644	0.0343439120229057	0.0158559968358512	0.00652605693748227	0.00240492506642133	0.000873580217191302	0.000247629037943991	6.27670825344144e-05	1.80562840167494e-05	6.87858438733309e-06	7.73840743574972e-06	2.57946914524991e-06	
0.00494647909617934	0.0272710145787793	0.0745756996257021	0.133868929487295	0.176830175759155	0.182875203343304	0.155326325677904	0.110692739342918	0.0683672231670714	0.0362770475627622	0.0173539691838654	0.00750316359597847	0.00273475774726159	0.000910152153696998	0.000345823408115495	8.60257234118146e-05	1.97859163847174e-05	1.2043601277654e-05	1.72051446823629e-06	1.72051446823629e-06	
0.00464412808324481	0.025439836375187	0.0710564509048087	0.129207476744927	0.173507896308973	0.182433746929022	0.156588463968625	0.115343097336448	0.0718475451973948	0.0384451166498233	0.0185592959174714	0.00812184401583222	0.00318245440662763	0.0011061546963799	0.000367570471092778	0.000124819012431974	1.63555947324655e-05	6.02574542775045e-06	0	1.72164155078584e-06	
0.00427917256072465	0.0238929835058606	0.0672579747036831	0.123834014104236	0.169906236922109	0.182173082975655	0.159193174075598	0.117943126519629	0.0754972625054905	0.0411973036630201	0.0203055341313513	0.00883935766584928	0.00362722345771669	0.00139295756624114	0.000485935538316277	0.000140073945208606	3.11275433796903e-05	3.4586159310767e-06	
0.00394388158156307	0.0224186720277411	0.0639603727629298	0.119391658642918	0.165363851814462	0.180331241108332	0.161291186898327	0.121332051838317	0.0788266368880415	0.0443576477421429	0.0224290438399215	0.0100597934972195	0.00400351950159985	0.00151947048441549	0.000545384457147994	0.000182371030837126	3.88942956761644e-05	4.32158840846271e-06	
0.00350343121781206	0.0207741104130001	0.0609930856745035	0.115486100000432	0.161218374203815	0.178423326227304	0.16306219433622	0.124545206889245	0.082171937092178	0.0472258376971275	0.0241538707682728	0.0112358870357478	0.00455852528982656	0.00177463363588012	0.000626137793556143	0.000178155228553267	6.0538184459848e-05	8.64831206569258e-06	
0.00321503145946711	0.019641657412189	0.0575631391418638	0.111326617144416	0.158628080532091	0.177099615025242	0.163950196805176	0.127732517672742	0.0848395247660186	0.0498118304176691	0.0259275059196993	0.0121157376783034	0.0050656391461816	0.00207686023637347	0.000696892395323653	0.000224525430959294	7.34025447366921e-05	1.12262715479647e-05	
0.00305893859221671	0.0183760161306708	0.055023874012711	0.107280669884306	0.155236183119618	0.175774032857116	0.165289441194854	0.129919226113504	0.0874703189113519	0.0528112446341585	0.0276819736998435	0.013035572537223	0.00571065006534575	0.00215752888040953	0.00081531518345883	0.000255700749194586	7.66241302300274e-05	2.49674132210202e-05	1.72189056696691e-06	
0.00276168444678529	0.0170847490300971	0.0522611560347409	0.102812288075788	0.151485577965734	0.175456035085183	0.16565545469254	0.132473932246216	0.0910478049385011	0.0551880768211282	0.0296822987128778	0.0140261555355895	0.00636934452809534	0.00239850874203509	0.000836508969235059	0.00032875146733312	9.89696825741068e-05	2.58181780628105e-05	6.88484748341612e-06	
0.00254670244607287	0.0158057247049919	0.0492801114666116	0.0995011525097189	0.146970791619362	0.173637630302405	0.165545119895414	0.1355695462208	0.0950519489455396	0.0581286338459421	0.0315744658891527	0.0151099184642378	0.00682302955241339	0.00282020848384766	0.00108456325042144	0.000376715863350191	0.000129872363849038	3.52633570715932e-05	8.60081879794956e-06	
0.00231627765411113	0.0147325232380083	0.0463040583007258	0.0950172517116294	0.143811265500962	0.170617837401436	0.16628878840795	0.137946629317334	0.0984031096930287	0.0613160136981944	0.0338456829450946	0.0166128867233613	0.00757905995582393	0.00325430991863795	0.00124325816178348	0.000483202688051395	0.000169378878195952	4.04101892142626e-05	1.80556164574365e-05	
0.00225212055337328	0.0137509201103444	0.0432847423347069	0.0911743359727028	0.140035634927733	0.168442966917304	0.166693897346643	0.140360683255024	0.102085812758405	0.0647783479977711	0.0356624450513542	0.0176807371889683	0.00806171446654238	0.00358413076229852	0.00139822375707711	0.000510790228600125	0.00018832164993843	4.38557266979905e-05	1.03189945171742e-05	
0.00199734315674433	0.0130812272868594	0.0414842692096534	0.087079707867151	0.135724263865133	0.166250553509012	0.16683296918079	0.142529962288585	0.105096907972328	0.0674968373972529	0.0383734843274512	0.0191657580696689	0.00879190716294192	0.00368634860490034	0.00152712815114714	0.000594406582667481	0.00020298899148731	6.76629971624366e-05	1.62733790643835e-05	
0.00184736055373011	0.0119651596677824	0.0395551992870076	0.0830911020222793	0.131951398368279	0.164105203939556	0.166830146124171	0.145163782513418	0.107055568503015	0.0702321408296561	0.0408271804446129	0.0207025604383128	0.00990608681399452	0.00403875359505413	0.00165613654077468	0.00070087015462681	0.000261225660555181	8.70752201850605e-05	2.13419657316325e-05	1.7073572585306e-06	
0.00173127323781422	0.0110892067162464	0.0374120797752934	0.08015812181635	0.12741777947544	0.162843936741019	0.167119993642313	0.1464250403978	0.110581873586291	0.0721016341134317	0.0427768050403465	0.0224202447880216	0.0105722174226246	0.0045195973123393	0.00173469134884643	0.000707548983667411	0.000263194549480148	8.63073035632953e-05	3.41811103220972e-05	4.27263879026214e-06	
0.00153420796300113	0.0104050770824051	0.035188436484731	0.0771610824290429	0.123776546116461	0.159529406935407	0.167355235848129	0.148610361633512	0.112636007022807	0.0762870798993956	0.0440404914596612	0.0237870649335989	0.0115886578074851	0.00502252138612354	0.00194555357626955	0.000762828039574698	0.000257411703937202	7.35462011249148e-05	3.33523470217637e-05	5.13113031104057e-06	
0.00140283488838407	0.00989588094528175	0.0332365929736939	0.073694966283265	0.120912064807213	0.155988917433513	0.166552896358524	0.149910251032263	0.115609998231505	0.0786330817856157	0.0472897178695705	0.0252817844196475	0.0126639595313745	0.00550540074345123	0.00218285209489725	0.000827860540099976	0.000306709942101023	7.60367265932898e-05	2.5630357278637e-05	2.5630357278637e-06	
0.0012678645879611	0.00897415743392409	0.0309140244277522	0.0701161582677757	0.117952415777567	0.154598315893076	0.165452911304158	0.150684510180508	0.118101073754861	0.0815363374775304	0.0500105940167727	0.0272385840925712	0.0132852387754684	0.00614880150913478	0.00226831568803013	0.000966276852415094	0.000342596832730727	0.000105940167727207	2.81937543144988e-05	7.68920572213603e-06	
0.00110724170274109	0.00844838244384916	0.0294132986996109	0.0662626445719934	0.113184042381279	0.151788729732988	0.165384289822012	0.152017873189617	0.120994585203318	0.0846428568374954	0.0525268623677188	0.0290712935404631	0.0143847369937576	0.00655880393955743	0.002654815047885	0.000975569716469173	0.000427506448934782	0.000117991779906	3.3345503016913e-05	5.13007738721739e-06	
0.00108566225397492	0.00792080730221045	0.0280290489393652	0.0639976971318358	0.108819916734574	0.14768765044238	0.16432450624149	0.15302627285571	0.123301677437871	0.0877763484506037	0.0552961696878999	0.0310536988538618	0.0157809678538055	0.00727761007385237	0.00291787746623001	0.00111641271907571	0.000374130658726213	0.000157169043848455	5.29591343402402e-05	2.56253875839872e-06	8.54179586132907e-07	
0.00099881268381224	0.00749322752117039	0.0263572252284219	0.0612585210407441	0.105550873769183	0.144241004715146	0.162496844058984	0.154160894990754	0.125779602726733	0.0905149472190189	0.0579891367392476	0.032804727429051	0.0169994336365311	0.0079853837283093	0.00345362302028673	0.00126152344949471	0.000433302171969785	0.000145855652375656	5.97069922005609e-05	1.45002695344219e-05	8.52957031436584e-07	
0.000912528367544635	0.00706187997868497	0.0252281746538436	0.0584469311977446	0.101226805861292	0.141030748460534	0.160691819081036	0.154264112268229	0.1284800784502	0.0935290502384321	0.0604916076332317	0.0353153585674667	0.0184923192691601	0.00871498640571079	0.00390208025823191	0.0014173131828002	0.000520958359083318	0.000187272612742369	7.40578059481187e-05	9.36363063711845e-06	2.55371744648685e-06	
0.000933999098325096	0.00652268222764739	0.0235473251728919	0.0562594101685111	0.0977687799317789	0.137484156891433	0.158680322221183	0.155225886576102	0.129378439762162	0.0966212710213595	0.0636446380115517	0.0375164810860929	0.0200971427113194	0.0095628577990626	0.00428891024932162	0.00151328269209503	0.000603952058115499	0.000245834006754055	8.42130334555415e-05	1.53114606282803e-05	3.4025468062845e-06	1.70127340314225e-06	
0.00085491149201601	0.00625717029395018	0.0219855021967656	0.0540021925165501	0.0945161591868993	0.134362173140822	0.156491293669746	0.156111427430252	0.132451794379339	0.0984337953481257	0.065927612961342	0.0393590713247729	0.0213099011667927	0.010360065605534	0.00474875289998555	0.00169792560740357	0.000755483415906793	0.000248995096581204	8.92303247134007e-05	2.97434415711336e-05	5.09887569790861e-06	1.6996252326362e-06	
0.000799766536236656	0.00577958944750596	0.0206875780091429	0.051351818150106	0.0919416714950444	0.130863075714919	0.154383018403989	0.155255955070137	0.135208190289983	0.102054464101118	0.0683221833966765	0.0414934193677931	0.0222164933980974	0.0111899249836005	0.00518997433089745	0.00203259814369082	0.000794661643452167	0.000278216656754667	0.000114860087651009	3.74358804195882e-05	5.10489278448929e-06	
0.000742217357331695	0.00536405250677103	0.0194270286281406	0.0488935684142254	0.0887485977028713	0.127908223802366	0.15260227193414	0.154789770338203	0.136928888427367	0.104948002226652	0.071122637799632	0.0431447885616815	0.0237484019345317	0.0121827488939089	0.00575218451932063	0.00229985240769523	0.00087840402840173	0.000314931676849458	0.000138740171152599	5.44746684280143e-05	1.02140003302527e-05	
0.000614326397911631	0.00491546205088018	0.0182374958626564	0.0467789982055203	0.0862549999106589	0.125197507638664	0.151362536810659	0.15463837702113	0.137227073585582	0.107144650042416	0.0735719676568213	0.0453912331709027	0.0248572456905684	0.0130982556363596	0.00643255895874228	0.00274404796851109	0.000970839916921289	0.000370127400403822	0.000114867124263255	5.87098635123303e-05	1.78682193298397e-05	8.50867587135222e-07	
0.000513848778480047	0.00434342823202786	0.0172842367726547	0.0438356467890416	0.0828728151840184	0.122228689123193	0.14959646253889	0.154941171558172	0.138714457727629	0.109784686283817	0.0763521338358769	0.0475356988556426	0.0266715637108574	0.0140179310215535	0.00664424365805792	0.0028734628209531	0.00117000725182936	0.000409033853516456	0.000138901079423296	5.45378471355274e-05	1.61909233683597e-05	8.52153861492616e-07	
0.000509383560710343	0.00402225614326796	0.0161989083177736	0.0419662205443419	0.0790345222356998	0.118822659561419	0.147428209286795	0.154971856132365	0.140443351096452	0.111634218309187	0.0791358878606572	0.0503267550733921	0.0283312662696087	0.0150276668529296	0.00705300314829706	0.00314574162157742	0.00128708789336677	0.000421646927343846	0.000163547899090946	5.53677783380808e-05	1.95916754119363e-05	8.51811974432012e-07	
0.000478813566555086	0.00373235601879749	0.014861144065699	0.0396715390143439	0.0764309356239	0.11563561007335	0.144988332653378	0.154169433429551	0.140886411083211	0.114085653857906	0.082057208405952	0.0526669318207035	0.03059115125217	0.0162267442555175	0.00777367908054139	0.0034780129834438	0.0014210776975298	0.000567577578893283	0.000158751022066392	8.53500118636517e-05	2.4751503440459e-05	4.26750059318258e-06	4.26750059318258e-06	
0.00048127868506145	0.00356486955218083	0.0138633815918143	0.0376061794479521	0.0727863735949218	0.112710357117303	0.142867364705321	0.15349297588666	0.141935472879733	0.116492440943272	0.0843626166568423	0.0551323899703226	0.0326894704741915	0.0170994483609266	0.00858975975249498	0.00381274937050452	0.00159205285376965	0.000604792683882531	0.000185696908572383	8.43302474709444e-05	2.98137238533642e-05	1.1073668859821e-05	5.11092408914815e-06	
0.000491210147703571	0.00336100114927851	0.013269484527306	0.0358200314987443	0.0698054739709701	0.109866768824756	0.140032350061721	0.151886945047461	0.14314732047844	0.117971310603158	0.0876158855829396	0.057668241603882	0.0343302260247733	0.0184276167369004	0.00911250159622015	0.00425914102072958	0.00188992465840889	0.000663176265270506	0.000251138637040821	9.19422806793513e-05	2.8093474652024e-05	1.02158089643724e-05	
0.000416554381174462	0.00321681995584524	0.0126334993033341	0.0341234548170264	0.0674231520925057	0.105979085569621	0.138044421699253	0.151000963175743	0.1434936330938	0.119986364219849	0.0897666190321146	0.0599064707897616	0.0364944143457928	0.0196936710087502	0.0100576630279083	0.00453109153399976	0.00200966236142128	0.000799104323069377	0.000276286069146327	0.000113914871586486	2.29529965136949e-05	7.65099883789829e-06	2.5503329459661e-06	
0.000319412552743423	0.00305225878193382	0.01213682750278	0.0321510821374476	0.0647099249805252	0.10364257735348	0.135496333976406	0.150036401137992	0.143479099290581	0.121702129105534	0.0925047635794934	0.0619430986925323	0.038129023982276	0.0212732158133	0.0108319932447643	0.0050197041865981	0.00220870382216196	0.000867341000933602	0.000349994605665665	0.000116381701398534	2.63345455719311e-05	3.39800588024918e-06	
0.000321464861939748	0.00280666814817579	0.0114794338825661	0.0307961641353783	0.0623514603325931	0.0999764202555094	0.133385016514303	0.149733922091846	0.144337723010947	0.123047249397359	0.093999209484825	0.0649079117676496	0.0394892864837173	0.0224083909962697	0.0114556844996259	0.00556583753047131	0.00243261536686859	0.000983903007520072	0.000357088936349957	0.000110264992222077	4.15614201452444e-05	1.2722883717932e-05	
0.00034168950235123	0.00265570553807639	0.0109433675022836	0.0296424100950641	0.0599157616969451	0.0966431543692276	0.130500016915322	0.149339456679861	0.145044656449812	0.124516221793701	0.095629080821408	0.0665888561859332	0.0418392029500321	0.0238108528705301	0.0122864440610305	0.00598802395209581	0.00259311884705166	0.00111471971311614	0.000420345749179607	0.00011840725329003	4.90544335058696e-05	1.60695558036469e-05	3.38306437971515e-06	
0.000327874393685883	0.00257567307204786	0.0102511450252666	0.028309587790904	0.0582365765857121	0.0942199462556406	0.127778904493907	0.14687758792611	0.146084943129003	0.126316990315875	0.0979617705217259	0.068621237472325	0.0432067467761835	0.0252970305396407	0.0129941354425459	0.00623130355422603	0.00283171931247782	0.00117882675049435	0.00050026196150011	0.000127600601666413	4.30968919535568e-05	1.26755564569285e-05	1.3520593554057e-05	8.45037097128564e-07	
0.000288434292384404	0.00229309491687425	0.00965789662887134	0.0267330375683551	0.056222694957475	0.091380382238876	0.126193809235818	0.1446180783171	0.146380826309268	0.127401680700701	0.100558682844926	0.0703830424319832	0.0455523178359815	0.0265672512888614	0.013806782858037	0.00682430460691312	0.00297061945704993	0.00129668554318267	0.000605627429170773	0.000188624185342294	4.14465698734188e-05	6.76678691810919e-06	2.36837542133822e-05	4.22924182381824e-06	
