# <P(N_2)> as a function of N_tot.
# number_of_species: 2
# species_total_upper_bound: 100
# species_total_lower_bound: 0
# volume: 512
# Bin widths for each species index 
1	1	1	1	1	1	1	1	1	1	1	1	1	1	1	1	1	1	1	1	1	1	1	1	1	1	1	1	1	1	1	1	1	1	1	1	1	1	1	1	1	1	1	1	1	1	1	1	1	1	1	1	1	1	1	1	1	1	1	1	1	1	1	1	1	1	1	1	1	1	1	1	1	1	1	1	1	1	1	1	1	1	1	1	1	1	1	1	1	1	1	1	1	1	1	1	1	1	1	1	1	
# Bin lower bound for each species index 
0	0	0	0	0	1	2	2	3	3	4	5	6	7	7	8	9	9	10	11	12	13	14	14	15	16	16	17	18	19	21	21	22	23	24	25	25	26	27	28	29	29	30	30	31	32	33	33	34	36	37	37	38	39	40	40	41	42	42	44	44	45	47	48	49	50	51	51	52	53	54	54	55	55	56	57	58	59	59	60	62	63	64	66	67	67	68	69	69	70	70	72	73	74	75	76	77	78	79	80	81	
# Bin upper bound for each species index 
0	1	2	3	4	5	6	7	8	9	10	11	12	13	14	15	16	17	18	19	20	21	22	23	24	25	26	27	28	29	30	31	32	33	34	35	36	37	38	39	40	41	42	43	44	45	46	47	48	49	50	51	52	53	54	55	56	57	58	59	60	61	62	63	64	65	66	67	68	69	70	71	72	73	74	75	76	77	78	79	80	81	82	83	84	85	86	87	88	89	90	91	92	93	94	95	96	97	98	99	100	
# Normalized histogram for each species index 
1	
0.079059950944042	0.920940049055958	
0.00514350178779709	0.146819250846096	0.848037247366106	
0.000458010896842587	0.0155342029179111	0.202431274510739	0.781576511674507	
1.92357631308128e-05	0.00172160080020775	0.0310946111009589	0.251719196329816	0.715445356005886	
6.81915598332229e-05	0.00422787670965982	0.0487764485835639	0.28739819974282	0.659529283404123	
0.000529033142946715	0.00788651259392788	0.0656980788259383	0.315803395609025	0.610082979828162	
1.9640963192835e-05	0.000982048159641749	0.0115587068389834	0.0858604705974781	0.343471343834702	0.558107789606002	
0.000185915437830856	0.00230926543832011	0.0181120776539429	0.107018797029267	0.35398299362995	0.518390950810689	
7.88130750891573e-05	0.000384213741059642	0.00334955569128918	0.025131519319055	0.124859614209997	0.375189643961933	0.471006640001576	
8.92405628104828e-05	0.000575105849223111	0.00516603702491795	0.031234196983669	0.143340175109815	0.385360581451845	0.434234663017719	
0.00010995931505343	0.00102961904095485	0.00734728150584284	0.0431140478023131	0.162639823265392	0.385617321591011	0.400141947479433	
0.000139454731997888	0.00179298941140142	0.00935342809614408	0.0534012013029056	0.17970734428385	0.381966510942216	0.373639071231485	
0.000169346323192477	0.00226127149204072	0.0135875520490905	0.0617018309326002	0.195306118383041	0.385272846811308	0.341701034008726	
9.87634812151859e-06	0.000177774266187335	0.00315055505076443	0.0180144589736499	0.0713566151779718	0.210632876387627	0.377898708173666	0.318759135622012	
6.79618248720861e-05	0.000669909416596278	0.00434955679181351	0.020873989067855	0.0809910775832775	0.224924513830231	0.375537626578899	0.292585364906455	
0.000397930760047752	0.00110644162549863	0.00550309124261159	0.0259431444294546	0.0938437199732125	0.239729018858036	0.36838682752128	0.26508982558986	
9.70826658900053e-06	0.000232998398136013	0.00144653172176108	0.00683461967865638	0.0302995000242707	0.108926751128586	0.251414979855347	0.358710742196981	0.242124168729673	
2.92269472453602e-05	0.000321496419698962	0.00173413220322471	0.00855375322714209	0.0371864192118467	0.120171464757173	0.260061376589215	0.351882702518389	0.220059428126066	
2.92087353591214e-05	0.000350504824309457	0.00208355645561733	0.011702966633888	0.0459940219454965	0.133152888257115	0.265225053305942	0.339833899658258	0.201627900184015	
8.86315291893169e-05	0.000699204285826834	0.00294453635862286	0.0150378161191208	0.0547447411959348	0.142480107145671	0.271320806743875	0.326124635625936	0.186559520995824	
8.90701080717311e-05	0.000643284113851391	0.00409722497129963	0.0181406120106092	0.0617552749297336	0.151943707691699	0.272831637702387	0.316980721269942	0.173518467202407	
0.000159088423334295	0.000894872381255406	0.00545872152565798	0.0209499567478349	0.0672248018851978	0.159605460710131	0.276316705278753	0.309944020761039	0.159446372286797	
4.97156266157579e-05	0.000367895636956608	0.00143181004653383	0.00689058584894404	0.0237044107703933	0.0730919142504872	0.170832836177067	0.28262339418526	0.291363401344311	0.149644036113431	
3.91554176414734e-05	0.000440498448466576	0.00155642785124857	0.00765488414890805	0.0274479477666729	0.0815215795295477	0.179292657380307	0.279481582270427	0.28248676057441	0.140078506612371	
6.787747146722e-05	0.000446051955356017	0.00274418920360332	0.00945436209721993	0.0333181417087669	0.0905970308454624	0.187943021711094	0.276920690022981	0.270084458968068	0.12842417601598	
9.67379948148435e-06	1.93475989629687e-05	0.000638470765777967	0.00305692063614905	0.0113860619897071	0.0362187052586774	0.0992338350810664	0.192547304879464	0.279959756994157	0.262227682544596	0.11470224045196	
1.95474759321703e-05	0.000107511117626936	0.000684161657625959	0.00387040023456971	0.014347847334213	0.0431412793822998	0.104598543713043	0.199628597957289	0.281053608952744	0.247041000830768	0.105507501343889	
1.9618999038669e-05	0.00021580898942536	0.00104961644856879	0.00464970277216456	0.0170096721665261	0.0488316886072473	0.113132957956485	0.205293205940633	0.275195699515411	0.237232936375586	0.0973690922289145	
9.79940615598695e-06	0.000303781590835595	0.001499309141866	0.00531127813654493	0.021009926798436	0.0531225807716052	0.117396885748724	0.212186541495585	0.271894323204014	0.225788117240095	0.0914774564661382	
0.000305247299546068	0.00160500999438739	0.00622310623590693	0.0215642447098674	0.058006833600835	0.125308939807202	0.216587729058558	0.270271867030338	0.214490384710064	0.0856366375532952	
7.92542178104041e-05	0.000534965970220228	0.0019021012274497	0.00703381183067336	0.023637570461953	0.0626603659563507	0.133216433362063	0.224398410952933	0.265214333125291	0.206179847633766	0.0751429052614894	
0.000129353233830846	0.000497512437810945	0.00219900497512438	0.0087363184079602	0.0265174129353234	0.0678805970149254	0.141134328358209	0.224706467661692	0.263950248756219	0.193601990049751	0.0706467661691542	
0.000119926844624779	0.000749542778904868	0.00268836010033879	0.0104935989046682	0.0304814063421313	0.074424600993394	0.145541219855888	0.231938517504322	0.255574099799123	0.185007145641159	0.0629815812354464	
0.00019293845263361	0.000913918986159205	0.00319871645155722	0.0118809468200697	0.0346273749200321	0.0796124983498685	0.156554322329072	0.232754856463946	0.24884998527575	0.174832702052256	0.0565817398986565	
0.000194562490399877	0.000993292714146741	0.0039117300701449	0.013598894065844	0.0372126363217449	0.0856791766934617	0.163893297834212	0.232922021401874	0.24619323127336	0.162705442629666	0.0526957145051457	
3.09434662870935e-05	0.000195975286484925	0.00175346308960196	0.00460026198801456	0.0163897226433972	0.0423203473919815	0.0930882610803395	0.16707408897278	0.232632979546369	0.236490598343493	0.156904003053089	0.0485193551381626	
5.22782877815186e-05	0.000407770644695845	0.00147424771543882	0.00548922021705945	0.0182764894084189	0.0470086363731415	0.0959829363668681	0.172204679952322	0.234489032015223	0.229480772045754	0.150551013153217	0.044582923820079	
5.27087000980382e-05	0.000421669600784305	0.00241405846449015	0.00606150051127439	0.0215262331200388	0.0495778033122147	0.102328670370331	0.179009287272957	0.231243609070113	0.226183573860701	0.14077439622184	0.0404064894951561	
6.36064878617619e-05	0.000540655146824976	0.00212021626205873	0.00781299692568642	0.0236510124032651	0.0570868228559313	0.108332449909891	0.180642425527404	0.233096575850737	0.214576486801654	0.133859853705078	0.0382168981236086	
5.34633562156498e-05	0.000662945617074057	0.00247000705716302	0.00945232137892688	0.0257051816684844	0.0603601291674686	0.116935052714869	0.185913474904301	0.230063514467184	0.208293235816172	0.125435726353158	0.0346549474989842	
3.23746829978956e-05	8.63324879943884e-05	0.000928074245939675	0.00379862947175309	0.0107052285113042	0.0264069497652835	0.0647493659957913	0.123293584416986	0.187827119192791	0.225888954837317	0.204877785571683	0.118102843576323	0.0333027572438353	
7.56258035241624e-05	0.000205270038137012	0.0016421603050961	0.00365164594159527	0.0117219995462452	0.0305960393686326	0.0711638811162369	0.125798122319335	0.187033415801471	0.226726158965439	0.199706139734878	0.110618943183414	0.0310605978759953	
1.07778364571096e-05	0.000161667546856644	0.000463446967655713	0.00147656359462402	0.00422491189118696	0.0135261847536725	0.0348231895929211	0.071586389748122	0.128320920858347	0.192847827727062	0.228069797268896	0.19125270793141	0.10429712339545	0.0289384908873393	
2.142290965959e-05	0.000332055099723644	0.000524861286659954	0.00145675785685212	0.00548426487285503	0.0156601469611603	0.0368366931596649	0.0734377343130744	0.13478223612331	0.195023458086077	0.222712568821097	0.185415283103751	0.0993915893656677	0.0289209280404465	
3.2159166434406e-05	0.000225114165040842	0.000771819994425745	0.00167227665458911	0.00612096134468195	0.016894282100208	0.0387946744420385	0.0773642347190361	0.138509529832987	0.199193876894711	0.219346954526939	0.180005574255515	0.0953626482001586	0.0257058937032352	
5.33976953554685e-05	0.000170872625137499	0.000768926813118746	0.00226406228307186	0.00627956897380309	0.0176853167017312	0.0423123337996732	0.0835994318485214	0.143511646037357	0.201661736279462	0.217990751519164	0.17234640152931	0.0875935794611105	0.0237619744331835	
4.27099460786931e-05	4.27099460786931e-05	0.000192194757354119	0.000854198921573862	0.0027547915220757	0.00703646361646468	0.0205007741177727	0.0463830014414607	0.0858469916181731	0.152004698094069	0.20619294218141	0.21370989269126	0.160258395173776	0.0834125246916876	0.0207677112807645	
2.14622211252643e-05	5.36555528131606e-05	0.000289739985191067	0.000965799950636891	0.00276862652515909	0.00860635067123097	0.0223636344125254	0.0479680642149656	0.0945947396096022	0.157296618627062	0.203494049599193	0.204932018414586	0.157586358612253	0.0802365136768004	0.0188223679268568	
4.31364513798272e-05	0.00026960282112392	0.00104605894596081	0.00325680207917696	0.00964099688339139	0.0244907202708969	0.051181399562165	0.102535344929849	0.162678342266173	0.202644264469583	0.198362971670136	0.152972640705712	0.0736123542796752	0.0172653646647759	
7.56388783834891e-05	0.000356583283807877	0.00103733318925928	0.00329569398670917	0.00984385974390837	0.0253714409206332	0.0573558809227943	0.106683235182884	0.165346588146307	0.198843805716138	0.199286833432384	0.146015451942298	0.0694148792479334	0.017072775406559	
1.08181788677694e-05	5.4090894338847e-05	0.000432727154710776	0.00107099970790917	0.00316972640825643	0.0115429968519099	0.0294795374146716	0.05882925668293	0.110453606239926	0.167595227019484	0.201477763233337	0.195625128465874	0.139933143654597	0.0660882547032033	0.0142367233899845	
3.24889808206717e-05	6.49779616413433e-05	0.000314060147933159	0.00100715840544082	0.00441850139161134	0.013428778739211	0.0318175418837111	0.0653353404303707	0.113613965929889	0.170404704404423	0.204886342715429	0.190331279307768	0.132273470581228	0.0589350112086984	0.0131363779118249	
4.34183247039413e-05	5.42729058799266e-05	0.000293073691751604	0.00159562343286984	0.00634992998795141	0.0143714654770046	0.0355813170948799	0.0703376860203849	0.116263418975979	0.173619025909885	0.201526154113344	0.184006860095303	0.127042018083732	0.0573556069339065	0.0115601289524244	
4.35298342601561e-05	0.000130589502780468	0.000587652762512107	0.0024812005528289	0.00624653121633239	0.0165304545602943	0.0381430172704617	0.0754698501485456	0.120914997116148	0.172606675300084	0.198800753066133	0.177775843118477	0.124386501398396	0.0543361156152398	0.0115462885375064	
6.63357251047552e-05	0.00013267145020951	6.63357251047552e-05	0.00100609183075545	0.00214485511172042	0.00690997136507866	0.0177558624197061	0.042344304525202	0.0780771484482968	0.126336388462006	0.173987550995589	0.197348782186647	0.174695132063373	0.118774115800064	0.050337759400325	0.010016694490818	
5.57376318194993e-05	0.000189507948186297	0.000278688159097496	0.000902949635475888	0.00289835685461396	0.0074131050319934	0.0205671861413952	0.0442445321383185	0.0838293982565269	0.130180812877622	0.174269279646846	0.195070563841883	0.173700755802287	0.112411655853566	0.0453815798274363	0.00860589035293068	
6.76467935419861e-05	0.000248038242987282	0.000372057364480924	0.00102597636872012	0.00329214395237666	0.00855731938306124	0.022853341751601	0.0480517723459908	0.0870839722197168	0.131370073058537	0.176467935419861	0.196051682150266	0.166850816271309	0.105878506358799	0.0431022819518355	0.00872643636691621	
3.41829700443239e-05	3.41829700443239e-05	0.000125337556829188	0.000341829700443239	0.00135592447842485	0.00388546426170482	0.00992445563620204	0.0259904515570343	0.0499527135581053	0.0886022583548876	0.138133381949113	0.177774232877181	0.196039333204198	0.163474357075305	0.097398675979627	0.0381937718628579	0.00873944600799881	
4.61228019602191e-05	0.000219083309311041	0.000403574517151917	0.0014528682617469	0.00416258287690977	0.0111040645719227	0.0264283655232055	0.0542288844047276	0.0944249063130585	0.139452291726722	0.180639953877198	0.192862496396656	0.157751513404439	0.0913923320841741	0.0371749783799366	0.00825598155087922	
4.60399857276044e-05	0.000138119957182813	0.000126609960750912	0.00062153980732266	0.00131213959323673	0.00385584880468687	0.0119588862927453	0.0297763607693282	0.0587240017955594	0.0960048802384871	0.142482245830504	0.182709683359998	0.189109241376135	0.151333433086636	0.0892830423222569	0.035496828995983	0.00702109782345968	
2.30922883303121e-05	0.000127007585816717	0.000184738306642497	0.000727407082404831	0.00170882933644309	0.00502257271184288	0.0129201353208096	0.0317749887425094	0.0589199736747913	0.0991236476578647	0.147698276160676	0.184195637866734	0.18535025228325	0.146266554284197	0.0873003960327449	0.0325832188340704	0.00607327183087208	
0.000116292592161879	0.000244214443539947	0.000907082218862658	0.00217467147342714	0.00579137108966159	0.0149087103151529	0.0322828235841377	0.0623677171764159	0.103256192580533	0.150424467961391	0.181242004884289	0.183591115245959	0.14292359576695	0.0832538667286894	0.0308407954413304	0.00567507849749971	
0.000175198850695539	0.00026863823773316	0.00071247532616186	0.0022425452889029	0.00643563778221615	0.0162467734211664	0.0345842531272995	0.0644848569793382	0.106520901222888	0.152131002020627	0.184052232617354	0.183736874686102	0.137250779634886	0.0785124449583611	0.0279383767242487	0.00470700912202016	
0.000151031077548649	0.000278826604705199	0.000662213186174847	0.00227708393842579	0.00723787394713912	0.0182166715074063	0.0370490851002033	0.0687772291606157	0.111879175137961	0.153772872494917	0.183653790299158	0.175370316584374	0.134045890212024	0.0760964275341272	0.0259889631135638	0.00454255010165553	
6.89409520745481e-05	0.000195332697544553	0.000919212694327309	0.00307936252599648	0.00849122726384851	0.0194183681676644	0.0385379922096724	0.0706070250830164	0.11583228964392	0.156714274224127	0.181383644908136	0.172720065264101	0.130574163229194	0.0718479622203583	0.0253357998873964	0.00427433902862199	
0.000114048493419402	0.000433384274993727	0.00131155767432312	0.00338724025455624	0.00878173399329395	0.0206427773089117	0.0409091945895395	0.0728199630482881	0.118952578636436	0.161857621860815	0.183526835610502	0.169601514563993	0.126685066490272	0.0649278073036655	0.0220683834766543	0.00398029242033713	
6.84673581869844e-05	0.000205402074560953	0.000513505186402383	0.00141499206919768	0.00366300366300366	0.0107151415562631	0.0213846382070681	0.0425524631132108	0.0773909372040213	0.12181484144101	0.161183572398526	0.182750790227426	0.16596487624525	0.123526525395684	0.061460865199183	0.0210080677370397	0.004381910923967	
5.69949958393653e-05	0.000102590992510858	0.00055855095922578	0.00150466789015924	0.00422902869128091	0.0114217971662088	0.023709918269176	0.0452768246947918	0.0817422230328177	0.126756870746748	0.157990128466721	0.177949776009666	0.16608341787591	0.117409691429093	0.0617939744890399	0.0198570565504349	0.00355648774037639	
1.13433987091212e-05	9.07471896729698e-05	0.00073732091609288	0.00150867202831312	0.0044352688952664	0.0119105686445773	0.0244109940220289	0.0483115351021473	0.0876164116292523	0.128157718615652	0.160565808727611	0.178896741041551	0.160769989904375	0.113570107875722	0.0571366992978436	0.0186825776739227	0.00318749503726306	
7.85422557335847e-05	0.000168304833714824	0.000830303846326466	0.00164938737040528	0.00480229792199632	0.0132175396077375	0.0280059243301468	0.0524213455410439	0.0861271935729994	0.12741797944437	0.16670032763341	0.175586822853552	0.156400071810062	0.10990305641578	0.0550581212692429	0.0187267178313361	0.00290606346214263	
6.72872042166648e-05	0.000100930806324997	0.000336436021083324	0.000717730178311091	0.00158124929909162	0.00636985533251093	0.0145676797129079	0.0306156779185825	0.0542222720645957	0.0914320959964113	0.129045643153527	0.167309633284737	0.174116855444656	0.15199057979141	0.105203543792755	0.0520017943254458	0.0174834585622967	0.00283727711113603	
7.84384034423254e-05	0.00022410972412093	0.000246520696533023	0.000851616951659532	0.00274534412048139	0.00695860693395486	0.0163263934022097	0.0320813070079111	0.0589632684162166	0.0942381389928509	0.130599941731472	0.166580757939087	0.174032406266108	0.150769816902355	0.0996727998027834	0.047500056027431	0.0155980367988167	0.0025324398825665	
1.11322624096895e-05	0.000122454886506585	0.000311703347471307	0.000567745382894166	0.00112435850337864	0.00316156252435182	0.00731389640316602	0.0169099066003184	0.0327288514844872	0.0627970922530586	0.0965723764040566	0.135045475291944	0.167028465194982	0.174464816484654	0.146923599283082	0.0937893108016342	0.0444733883267096	0.0137483440759666	0.00290552048892897	
2.2114353321023e-05	0.00014374329658665	0.00022114353321023	0.000597087539667621	0.00157011908579263	0.00327292429151141	0.0072092791826535	0.0176472539501764	0.0351507646037661	0.0648613982905605	0.100288592310839	0.137208505180287	0.169185860082487	0.174194761109698	0.138181536726412	0.0898063888366744	0.0438195911056071	0.0139541569455655	0.00266477957518327	
6.64900985161626e-05	0.000155143563204379	0.000166225246290407	0.000908698013054223	0.00125223018872106	0.00359046531987278	0.0078901583572513	0.0208224825186449	0.037633395760148	0.0657032990170547	0.104068085860881	0.139839758862576	0.170458449229269	0.167311251232837	0.135196533649531	0.0867695785635922	0.0419663338467847	0.0135861434634692	0.0026152772083024	
7.75984391628237e-05	0.000144111387016673	0.000410163178432068	0.000820326356864136	0.00124157502660518	0.00372472507981554	0.0102762504434197	0.0225589748137637	0.0392869811990067	0.0694506030507272	0.106797623270663	0.14467674707343	0.164785828307911	0.163610766229159	0.132360766229159	0.083174441291238	0.0406726676126286	0.013657325292657	0.00227252571833984	
8.88948152099029e-05	0.000100006667111141	0.000400026668444563	0.00062226370646932	0.00150010000666711	0.00486699113274218	0.0119785763495344	0.0241793897370936	0.0426583994488521	0.0710825166122186	0.10754050270018	0.145254128052981	0.166711114074272	0.164444296286419	0.12585283463342	0.0800386692446163	0.0385914616529991	0.0120119119052381	0.00207791630553148	
1.12641787850457e-05	6.75850727102741e-05	9.01134302803654e-05	0.000315397005981279	0.000743435799813015	0.00189238203588767	0.00628541176205549	0.0124356533786904	0.0246460231816799	0.0442907509827996	0.0750532232447593	0.111605483402233	0.146411795848024	0.169323135496807	0.159500771596247	0.123860909920362	0.0744111650540117	0.0370478840240152	0.0103067235883168	0.0017008909965419	
1.13051834266011e-05	6.78311005596066e-05	7.91362839862077e-05	0.000339155502798033	0.0010174665083941	0.00301848397490249	0.0061613249674976	0.0128992142897519	0.0267141484370584	0.0464529986999039	0.0780057656435476	0.114555423661749	0.151828613419253	0.166310553388729	0.155084506246114	0.120988073031485	0.0714487592561189	0.0330224407891018	0.0106155672375784	0.00137923237804533	
2.27961793603392e-05	5.6990448400848e-05	0.000227961793603392	0.00137916885130052	0.00265575489547952	0.00675906718034057	0.013711901885244	0.0256457017803816	0.0502199831308273	0.08265894636059	0.117491508423188	0.15322451957052	0.165386281259261	0.156495771308729	0.116477078441653	0.0662001048624251	0.0305012879841339	0.00980235712494586	0.00108281851961611	
3.46180475421186e-05	0.000115393491807062	0.00042695591968613	0.00161550888529887	0.00341564735748904	0.00695822755596584	0.0135241172397877	0.0291483960304639	0.0543157165935841	0.0869836141241634	0.121105469651512	0.151534733441034	0.166166628202169	0.149238402954073	0.111423955688899	0.0639279944611124	0.0304638818370644	0.00819293791830141	0.00140780060004616	
2.32096645042996e-05	0.000174072483782247	0.000661475438372538	0.00132295087674508	0.00346984484339279	0.00742709264137587	0.0159218298499495	0.0308688537907185	0.0591034106601989	0.0893920228383099	0.123382576504857	0.152812431096309	0.162618514349375	0.146360144364113	0.108226665583549	0.0623991830198094	0.0275266621020993	0.00722981049308932	0.00107924939944993	
0.000185908161368284	0.000720394125302101	0.00127811860940695	0.00362520914668154	0.00841234430191485	0.0175218442089608	0.0329754601226994	0.0600715746421268	0.0932561814463655	0.128021007622235	0.151979921918572	0.161042944785276	0.143021472392638	0.103667038482989	0.0611173080498234	0.0257134225692508	0.00623954266592303	0.00115030674846626	
0.000186822040330208	0.00040867321322233	0.00124937239470827	0.00351458963371204	0.00824352252957043	0.0182735308197985	0.0349707506743108	0.0628772929486356	0.0969839916864192	0.128988942470488	0.15134920542251	0.159078967341172	0.141155727846993	0.103102413507234	0.0570974860759198	0.0247422439662319	0.00643368401387154	0.00134278341487337	
3.48229831688915e-05	0.000232153221125943	0.000626813697040046	0.00147417295414974	0.00362159024956471	0.00871735345327916	0.0192803250145096	0.0365293093441671	0.066326175275682	0.0974463145676146	0.128740568775392	0.152768427161927	0.159291932675566	0.140557167730702	0.0980731282646547	0.0564712710388857	0.0225885084155543	0.00624492164828787	0.000975043528728961	
0.000115005980310976	0.000149507774404269	0.000874045450363419	0.00158708252829147	0.00425522127150612	0.00922347962094029	0.0189184837611556	0.0401025853344374	0.0676120158248229	0.0977205814702364	0.130002760143527	0.15737418345754	0.158696752231116	0.135304535835863	0.0948224307663999	0.0549613579906155	0.0212991075535928	0.00612981875057503	0.000851044254301224	
0.000103524431765897	0.000195546148891138	0.000805190024845864	0.00181742891322352	0.00408346369743259	0.00971979387135364	0.0214525628048219	0.0419849084383915	0.0696719425784485	0.101235391552406	0.134006625563633	0.156103340388332	0.15747216343057	0.130659335603202	0.0936205944602926	0.0511640747216343	0.0195316094598325	0.00549829759823318	0.000874206312689795	
3.45936970284014e-05	6.91873940568029e-05	0.000115312323428005	0.00049584299074042	0.00192571580124768	0.00438186829026418	0.0112775452312589	0.024157931758167	0.0434381522353294	0.072704419921357	0.106756149029647	0.135699542210076	0.156709447538658	0.152996390724277	0.127858304216972	0.0885829268573932	0.0473241775348531	0.0189342835068784	0.00583480356545704	0.000703405172910829	
4.61861764773803e-05	2.30930882386902e-05	0.000242477426506247	0.000715885735399395	0.00234394845622705	0.00630441308916241	0.0136364686049465	0.0254485832390366	0.0464055608156479	0.0759647137611713	0.105697064868485	0.135787358843498	0.15585525252292	0.149724037595548	0.124067616562363	0.0876844560423065	0.0462208161097384	0.0183590051497587	0.00489573470660231	0.000577327205967254	
1.15092016066845e-05	0	3.45276048200536e-05	0.000425840459447328	0.000748098104434495	0.00279673599042434	0.00728532461703132	0.0149159252822632	0.0275760470496162	0.0466237757086791	0.0775374912242338	0.10917628644101	0.136752333490626	0.154142737118326	0.150356209789727	0.122066592240496	0.0839941533255838	0.0436659108957612	0.01718323799878	0.00421236778804654	0.000494895669087435	
2.25988700564972e-05	2.25988700564972e-05	0.000338983050847458	0.0012090395480226	0.00336723163841808	0.00779661016949153	0.0145084745762712	0.0273785310734463	0.0481581920903955	0.0797627118644068	0.110440677966102	0.13909604519774	0.155728813559322	0.150282485875706	0.120497175141243	0.0799774011299435	0.0415480225988701	0.0156158192090395	0.00370621468926554	0.000542372881355932	
2.24789821516882e-05	7.86764375309086e-05	0.000573214044868048	0.00187699500966596	0.00399001933192465	0.00805871510138021	0.0156228925954233	0.0298520882974419	0.0515330665827451	0.0798228656206447	0.114013397473362	0.140774625724947	0.157476509463651	0.147552038843681	0.115564447241829	0.076630850155105	0.0380231983095805	0.0140044058805017	0.00403497729622803	0.00049453760733714	
5.55407446903048e-05	7.77570425664267e-05	0.000777570425664267	0.00177730383008975	0.00383231138363103	0.00898649249089132	0.0166622234070914	0.0334244201546254	0.0542410912645517	0.0832111436950147	0.114902692615303	0.14167333155603	0.156935928196925	0.144672531769306	0.113936283657691	0.0720585621612015	0.0358348884741847	0.0133964276193015	0.00313249800053319	0.000411001510708256	
2.21931245700082e-05	0.000166448434275062	0.00062140748796023	0.0016200980936106	0.00461616991056171	0.00925453294569342	0.018841962759937	0.0363190483588184	0.0572915510774762	0.0850995361636965	0.117923167402739	0.146119532168934	0.154830333562662	0.142368894116603	0.10841341352449	0.06756696775339	0.0337668390332675	0.0122395082003595	0.0024301471404159	0.000488248740540181	
5.50297160466652e-05	0.000176095091349329	0.000671362535769315	0.00187101034558662	0.0051617873651772	0.0101804974686331	0.0207021791767554	0.0355712084525644	0.0584855822143958	0.0871560642747083	0.120107858243451	0.149383667180277	0.154809597182479	0.138751926040062	0.104017169271407	0.0657164869029276	0.0329958177415805	0.0109509134932864	0.00275148580233326	0.000484261501210654	
2.18188165473905e-05	0.000207278757200209	0.000807296212253447	0.00269462384360272	0.00512742188863676	0.0113785128294641	0.0204224122883575	0.0377356432187118	0.0609290452085879	0.0906899109792285	0.124563623669052	0.148171583173329	0.149589806248909	0.135898498865422	0.104348490137895	0.0634818467446326	0.0304699773084308	0.0101239308779892	0.00308736254145575	0.00025091639029499	
5.46000546000546e-05	0.000196560196560197	0.00116844116844117	0.00301392301392301	0.00607152607152607	0.0114004914004914	0.0217417417417417	0.0397488397488397	0.0636636636636637	0.0932896532896533	0.125656565656566	0.143259623259623	0.152596232596233	0.133267813267813	0.0998853398853399	0.0631941031941032	0.0281081081081081	0.0105268905268905	0.00268632268632269	0.00046956046956047	
3.26683509016465e-05	0.000402909661120307	0.00152452304207684	0.0027659203763394	0.00613076051920899	0.0132415715654674	0.0225629410227372	0.0419897203589163	0.0656198275111072	0.0942917501524523	0.124825768795191	0.145700845021343	0.152789877167001	0.131511891279728	0.099464239045213	0.0575834131893022	0.0269296105932573	0.00960449516508407	0.00260257862183117	0.000424688561721404	
0.000150941768821899	0.000474388416297398	0.00121831570549105	0.00305118004118554	0.00635033584543563	0.0134985067546442	0.0251964938383414	0.0433957585362961	0.0659723345300859	0.0984571594915419	0.12488275059029	0.148968744272299	0.149906739549978	0.130295091158047	0.095718644542916	0.0534118230531207	0.0254121249366584	0.00994059363241367	0.00319134025509159	0.000506733081044948	
0.000215507952243438	0.000614197663893798	0.00121761993017542	0.00266152321020646	0.00711176242403345	0.0149239256928581	0.0266798844877376	0.044448515150209	0.0677125985948882	0.0973341666307487	0.127860868066032	0.149551743459334	0.152299469850437	0.129811215033835	0.0868281539588811	0.0484354122667126	0.0265936813068402	0.0117020818068187	0.00324339468126374	0.000754277832852032	
