# <P(N_2)> as a function of N_tot.
# number_of_species: 2
# species_total_upper_bound: 100
# species_total_lower_bound: 0
# volume: 512
# Bin widths for each species index 
1	1	1	1	1	1	1	1	1	1	1	1	1	1	1	1	1	1	1	1	1	1	1	1	1	1	1	1	1	1	1	1	1	1	1	1	1	1	1	1	1	1	1	1	1	1	1	1	1	1	1	1	1	1	1	1	1	1	1	1	1	1	1	1	1	1	1	1	1	1	1	1	1	1	1	1	1	1	1	1	1	1	1	1	1	1	1	1	1	1	1	1	1	1	1	1	1	1	1	1	1	
# Bin lower bound for each species index 
0	0	0	0	0	1	2	2	3	3	4	5	5	7	7	8	9	9	10	11	12	13	14	14	14	15	16	16	17	18	19	21	21	22	23	24	25	25	26	26	28	29	29	30	30	30	31	31	32	35	36	37	37	37	38	39	41	42	42	44	44	45	47	48	49	49	50	51	52	53	54	54	55	55	56	57	58	59	59	60	62	62	63	64	66	66	68	68	69	70	70	71	72	74	75	75	77	77	78	79	80	
# Bin upper bound for each species index 
0	1	2	3	4	5	6	7	8	9	10	11	12	13	14	15	16	17	18	19	20	21	22	23	24	25	26	27	28	29	30	31	32	33	34	35	36	37	38	39	40	41	42	43	44	45	46	47	48	49	50	51	52	53	54	55	56	57	58	59	60	61	62	63	64	65	66	67	68	69	70	71	72	73	74	75	76	77	78	79	80	81	82	83	84	85	86	87	88	89	90	91	92	93	94	95	96	97	98	99	100	
# Normalized histogram for each species index 
1	
0.0774248234106963	0.922575176589304	
0.00555593912835113	0.14470622159587	0.849737839275779	
0.000449733198818539	0.0162673765158237	0.200301442792722	0.782981447492636	
6.53589431458893e-05	0.00171158732363298	0.0310046486548313	0.249683417619137	0.717534987459253	
0.00018895127932339	0.00385707068010138	0.0490410722574338	0.287698860952397	0.659214044830745	
0.000426698176685868	0.00758209837034119	0.0665279897592438	0.315945382633384	0.609517831060345	
2.05445961548734e-05	0.000965596019279049	0.0116446771005822	0.0863612643966258	0.34007880907085	0.560929108816508	
0.000135479659576564	0.0020732493359444	0.0180146892794535	0.105912250235037	0.355404201511625	0.518460129978364	
3.30414670411366e-05	0.000256071369568809	0.00306046588468528	0.0250206509169007	0.127226168841897	0.371105237072526	0.473298364447381	
8.75832040438417e-05	0.000467110421567155	0.00522579784128255	0.0326935588809369	0.1458719116494	0.381032814507115	0.434621223495654	
0.00015118300703001	0.000890299930287836	0.0073869697046052	0.0433349291539631	0.164638294655681	0.382564399761467	0.401033923786966	
2.51358382592594e-05	0.000104732659413581	0.00145787861903705	0.00995798125704327	0.0535183889603398	0.180399911186705	0.382332857148842	0.37220311433036	
0.000184503392346464	0.0020295373158111	0.0134352015699561	0.0633307894229237	0.195984535261114	0.384437977507359	0.340597455530489	
4.1850284791188e-06	0.000200881366997702	0.00294626004929964	0.0175268992705495	0.0721080406952169	0.211360678309416	0.380494419264523	0.315358636015518	
3.71928490548884e-05	0.000628145895149226	0.00402096023671182	0.0214602739046706	0.0834359580464663	0.226140787331289	0.373345951351753	0.290930730384905	
0.000214320747484822	0.00109633305444159	0.00529207384174061	0.0264974631842293	0.0958384681012418	0.239116009347682	0.367782645789628	0.264162685933552	
4.13330743127343e-06	0.000161198989819664	0.00156239020902136	0.00726222115674742	0.0322811310382455	0.109313581634888	0.248882973666698	0.35817588876443	0.242356481232718	
1.25409147343207e-05	0.000267539514332175	0.00189785842979387	0.00929281781813165	0.0386427386013536	0.120484748157531	0.257636371996973	0.350058733284006	0.221706651283145	
2.52010836465968e-05	0.000252010836465968	0.00240250330764223	0.0119663145515257	0.0459835772938236	0.131927672889934	0.264338366549762	0.339395594010542	0.203708759476658	
5.12139848321248e-05	0.000499336352113217	0.00326489153304796	0.0149331444106337	0.0532284015688551	0.142054790428106	0.273290626560426	0.325413659623321	0.187263935538664	
4.30325928858517e-05	0.000619669337556265	0.00419998106565913	0.0174841424895216	0.0613558709366474	0.152133125629352	0.275163308690002	0.317042628086513	0.171958241171864	
0.000142368406293546	0.00100089303818493	0.00527194522699132	0.0212474060907793	0.0671720026057733	0.160656275211072	0.276570043098799	0.306609776826738	0.161329289495369	
5.18121292194503e-05	0.000276331355837068	0.00157163458632332	0.00658014041087019	0.0238897092476015	0.0740179442674197	0.170068996485411	0.277881402036217	0.294690120290493	0.150971909190608	
4.29438895139611e-06	3.43551116111688e-05	0.000463794006750779	0.00179505458168357	0.008163633396604	0.0277718133486786	0.0814688527969355	0.177650282141354	0.279934038185707	0.285886061272342	0.136827820769383	
1.70818991655492e-05	7.68685462449715e-05	0.000593595996002836	0.0025238506017099	0.00966408445290947	0.0331516958055397	0.0906621798211525	0.187482384291486	0.279694746461912	0.270756642723538	0.12537686940034	
8.50510093428534e-06	8.9303559809996e-05	0.000676155524275684	0.00306183633634272	0.0113415520958695	0.0372523420921698	0.0979277321573614	0.193525066658729	0.280608795124876	0.260566524773233	0.114942186576399	
1.7076065333026e-05	2.13450816662825e-05	8.96493429983863e-05	0.000687311629654295	0.00367135404660058	0.0141176370140792	0.0421736123562409	0.104689087540449	0.200404702748393	0.279962091134961	0.247914585521204	0.106251547518421	
1.70770130596457e-05	8.53850652982287e-06	0.000234808929570129	0.00103742854337348	0.00423082998552723	0.0162701241925775	0.0466330534126276	0.112294168626965	0.206375702825819	0.276553687994433	0.237468674354169	0.0988759056153488	
1.69635284139101e-05	2.54452926208651e-05	0.000356234096692112	0.00122985581000848	0.00482188295165394	0.0188549618320611	0.0524554707379135	0.117425784563189	0.21206106870229	0.272519083969466	0.228944020356234	0.0912892281594572	
8.42087534999263e-06	2.10521883749816e-05	0.000341045451674702	0.00143154880949875	0.00622302688364455	0.0211869223805815	0.0569251173659502	0.124262647102166	0.216917538578135	0.269577482579314	0.218037514999684	0.0850676827856256	
0.000101059865337729	0.000505299326688647	0.00176012598796545	0.00711629885086511	0.0229953301920559	0.0614570306085067	0.133133740099291	0.22319913425382	0.265745337561004	0.20795172707099	0.0760349161834742	
1.26788242503645e-05	0.000105656868753038	0.000549415717515796	0.00215540012256197	0.00826236713648754	0.0259155167677451	0.0669610971409251	0.141542167656319	0.224203875493946	0.264214018553346	0.196479513133149	0.069598292585001	
1.70154117091556e-05	0.000119107881964089	0.000659347203729778	0.00265440422662827	0.00966900770372765	0.0298960783729863	0.0728855160561679	0.145847601465027	0.230482259306367	0.257881326011034	0.186123080980598	0.0637652553800605	
1.28715037777864e-05	0.000167329549111223	0.000828066743037589	0.00309345140792799	0.0114985433748225	0.0336975968902447	0.0798676809411644	0.154887095459363	0.231373861408228	0.251633608354464	0.175365657969821	0.0575742363980384	
8.60481525461648e-06	0.000215120381365412	0.00105839227631783	0.00352367184676545	0.013427814204829	0.0369103550346774	0.0861126886605745	0.161688781041871	0.231241502744936	0.246334348701533	0.165922350147142	0.053556370144733	
3.4272397011447e-05	0.00024419082870656	0.00146086092261293	0.00435259442045377	0.0151698197271917	0.0416281102200288	0.0930067173898142	0.166816608403592	0.232075536363013	0.237143567071081	0.157781547741449	0.0502861745150456	
4.3136358342356e-06	9.05863525189476e-05	0.000388227225081204	0.00153565435698787	0.0051245993710719	0.0175176751228308	0.0457590489295713	0.0982516833963843	0.170431751810649	0.233648084961371	0.230852848940787	0.151214504169129	0.0451810217277837	
1.72401903317013e-05	6.8960761326805e-05	0.000370664092131577	0.00221105441004069	0.00588321495069306	0.0190935107923591	0.0495267567753948	0.103423901799876	0.177431728846286	0.233333045996828	0.226510240673057	0.140326529204882	0.0418031515067926	
2.58895207849703e-05	4.31492013082838e-06	3.88342811774554e-05	0.000522105335830234	0.00223944354789993	0.00742166262502481	0.0220147225074864	0.056141425822208	0.109292611993752	0.180234213864701	0.234477074829345	0.215267050406897	0.133279253001027	0.0390413973437352	
1.73718931454853e-05	0.000108574332159283	0.000777392218260465	0.00254498234581359	0.00903338443565234	0.0244987123084206	0.0601458370429563	0.11748177036963	0.184367901953035	0.230051637952375	0.209696122159153	0.125416382563831	0.035859930425568	
5.24606217458021e-05	0.000148638428279772	0.000883087132721001	0.00327441714063381	0.0104440354458934	0.0265319594479394	0.0644609889701543	0.12193160009268	0.188224339105459	0.227530459948501	0.205396449290251	0.118731502166187	0.032390062209554	
4.38192892511284e-06	4.82012181762412e-05	0.000241006090881206	0.00129266903290829	0.00346610577976425	0.0120021033258841	0.0298365540510933	0.0690197624994523	0.124683405635161	0.189627974234258	0.229332632224705	0.199097322641427	0.110963586170632	0.0303842951667324	
1.75554863089151e-05	0.000118499532585177	0.000390609570373361	0.00116305096796563	0.00421770558571686	0.0130481151991012	0.0328594814987119	0.0714288849193984	0.128593937212803	0.193882790795659	0.229160540533423	0.192144797651076	0.104841364236841	0.0281326668100365	
8.75196919306844e-06	3.06318921757395e-05	0.000205671276037108	0.000516366182391038	0.0013302993173464	0.00507176614738316	0.0142875897076842	0.0356073866619989	0.0749518641694381	0.133830736915806	0.196788027306144	0.224369858218099	0.185966217398915	0.0998643444775074	0.027170488359881	
8.74378098577387e-06	4.37189049288693e-06	3.49751239430955e-05	0.00017050372922259	0.000716990040833457	0.00163071515384683	0.00556104470695218	0.01635524233389	0.0386125368331774	0.0776098000297289	0.138921192301975	0.201028268643927	0.220045992287985	0.179313088565758	0.095350931649864	0.0246356029274179	
1.31003794743254e-05	8.73358631621696e-06	4.80347247391933e-05	0.000196505692114882	0.000716154077929791	0.00204365919799477	0.00610477683503565	0.0175588752887542	0.0407640141309427	0.083890463360422	0.145785389583452	0.201003489067733	0.218531796804381	0.172951209820044	0.0879341138248305	0.0224496836258357	
3.06138068268789e-05	4.37340097526842e-06	2.18670048763421e-05	6.56010146290263e-05	0.000196803043887079	0.000760971769696705	0.00259342677833417	0.00710677658481118	0.0199602020511251	0.0460650324725022	0.0883733135072489	0.152356169775426	0.203135728499267	0.214366622203757	0.161903304104437	0.0826310380267215	0.0204281559554788	
4.39002761327369e-06	4.39002761327369e-06	2.19501380663684e-05	0.000109750690331842	0.000206331297823863	0.000878005522654737	0.00276571739636242	0.00848592337645804	0.0223715807172427	0.0492385497104777	0.0956411415827806	0.156636185241605	0.203425099543876	0.207222473429358	0.155828420160763	0.078116151350592	0.0190439397863813	
8.83056789382125e-06	6.18139752567488e-05	0.000273747604708459	0.000949286048585785	0.00323198784913858	0.00949286048585785	0.0244695036337787	0.0526875833384845	0.101648667025776	0.161347721271955	0.203650556767306	0.200131575461618	0.151038033255919	0.0727506335932464	0.0182571991204754	
1.33012330243014e-05	0.000119711097218712	0.000257157171803159	0.0010108937098469	0.00354699547314703	0.0100645996550547	0.0261413566370936	0.0570888921403014	0.105217186966565	0.164624927397436	0.201970355985333	0.199287940658766	0.144469125621278	0.0693348940113415	0.0168526622417898	
2.22783636987431e-05	6.23794183564806e-05	0.000409921892056872	0.00118520894877313	0.00367147433755286	0.0117184193055388	0.0299064754291927	0.0601515819866063	0.10970757419809	0.165973809555636	0.204074267153226	0.194503482108246	0.138500131442346	0.0658370204025255	0.0142759754581545	
4.46661872495902e-06	1.78664748998361e-05	0.000107198849399016	0.000446661872495902	0.0015365168413859	0.00474354908590648	0.0137169861043491	0.031176998700214	0.0640423792784624	0.113961310148604	0.170160306946039	0.202940821768513	0.191260613802745	0.132453111669935	0.0601028215630486	0.0133283902752777	
4.49563473866875e-06	1.34869042160063e-05	8.54170600347063e-05	0.000121382137944056	0.000427085300173531	0.00186568841654753	0.00563303032755195	0.0145074133016841	0.033847633947437	0.068239239698253	0.11785756030894	0.172052437083592	0.201871982305182	0.186299103570433	0.127370323415963	0.0579667143203949	0.0118370062669148	
8.98093347822573e-06	2.24523336955643e-05	7.63379345649187e-05	0.000179618669564515	0.000651117677171365	0.00222278103586087	0.0060396777641068	0.0156852003197212	0.0368936747285513	0.0733203409162348	0.122059866902566	0.173799024670624	0.20165788032008	0.17943905089495	0.122378690041043	0.0543840426773959	0.011181262180391	
4.5187324051857e-06	4.06685916466713e-05	0.000149118169371128	0.000180749296207428	0.000917302678252697	0.00221417887854099	0.00632622536725998	0.0176637249718709	0.0408583784076891	0.0773019552555117	0.127252023262434	0.175259036335127	0.201056479636332	0.174563151544729	0.116072679292005	0.0498099873023619	0.0103298222782545	
2.71366738578852e-05	0.000162820043147311	0.000275889517555167	0.000954306364002298	0.00282673686019638	0.00745353975296581	0.020253004255935	0.0438709560702478	0.0815592732798741	0.130174624496275	0.177365300335138	0.198486678154525	0.171160047579635	0.109772368534122	0.0462815972646233	0.00937572081789935	
2.7249317631671e-05	0.000131705035219743	0.000345158023334499	0.00113084668171435	0.00338345693926581	0.00899227481845142	0.0221673198933643	0.0464419203502446	0.0852267824459896	0.133321828065889	0.179032558393017	0.194065098619822	0.167360767340785	0.104946205305442	0.0444345539513781	0.00899227481845142	
1.3700757195181e-05	1.3700757195181e-05	0.000114172976626508	0.000351652768009645	0.00133354036699762	0.00369920444269887	0.0100837572956532	0.0247390005754318	0.0488112309673648	0.0889087803585945	0.138185837070595	0.178415827114712	0.194139729455715	0.162267201300659	0.101212060319867	0.0393394408264297	0.00837116264625558	
4.13020233402323e-05	0.000192742775587751	0.000413020233402323	0.00132166474688743	0.00407513296956959	0.0107385260684604	0.0260982896373223	0.0522562377528028	0.0954122630296411	0.139481521933669	0.179911613670052	0.190962199470416	0.157502971451124	0.0956325404874557	0.0378234751522438	0.00813649859802576	
1.83052957220524e-05	0.000118984422193341	0.000123560746123854	0.000645261674202347	0.00148272895348624	0.00415072580497538	0.011870984275751	0.0281810027640997	0.0566869245272657	0.0982307931684636	0.14217265554925	0.181638873125995	0.188228779585934	0.151842428014425	0.0919612293836607	0.0357868531366124	0.00685990957183913	
9.18164039187241e-06	0.000100998044310597	0.000142315426074022	0.000674850568802622	0.00158842378779393	0.00491676842984768	0.0134373307135053	0.0310018087831572	0.0596898441875625	0.0996299798922075	0.146493072452324	0.182287697520039	0.184853966009567	0.147980498195808	0.0877076198433612	0.0334395343071993	0.00604611019804798	
7.36953617981668e-05	0.000230298005619271	0.000649440375846345	0.00193450324720188	0.00597853622587628	0.0149371286444659	0.0328497075215329	0.0619870111924831	0.102040440329787	0.149873336096909	0.180876053613376	0.183989682649348	0.144037584634517	0.0838883515268758	0.0311501082400626	0.00550412233430058	
7.83327112794496e-05	0.000271860586205149	0.000829405178252996	0.00240527501693369	0.00674582878312437	0.0164729084014137	0.0344525695433203	0.0631315574846906	0.105274556153034	0.152347907825438	0.182192670822908	0.182957566709519	0.140261631255673	0.0795860346599208	0.0282320307064228	0.00475986416186303	
7.83175546495289e-05	0.000331697878515652	0.000990486720567572	0.00262594153824891	0.00783175546495289	0.0178978646949071	0.0355331352359892	0.0673853454034506	0.110925298873609	0.153622186902541	0.183788266187548	0.176993066592956	0.134323820053901	0.0764287195079815	0.0264989749614171	0.00474512242876558	
4.59008266738884e-06	0.000114752066684721	0.000284585125378108	0.00123014215486021	0.00330485952051996	0.00809690582527391	0.018934091002979	0.0370373770431605	0.0705036697710926	0.114926489826082	0.15722410160607	0.183236100082162	0.172752351269846	0.1302940865965	0.0729410036674761	0.0246854645852172	0.00442942977403023	
2.74544256534153e-05	0.000150999341093784	0.000558239988286112	0.00142305439636869	0.00350043927081045	0.00833241818581155	0.0198861556482905	0.0403900358737829	0.0749826121970862	0.11916135881104	0.162122959221026	0.182800717475657	0.168702869902628	0.12570923932938	0.0655382897723113	0.0227597188666813	0.00395343729409181	
3.20125855193356e-05	0.00024695423114916	0.00067683752240881	0.0015137379724143	0.00395126769838657	0.0100153660410493	0.0217959975121648	0.0428648520103904	0.0792082830278418	0.123733216258735	0.163140709033037	0.180752204295174	0.164969999634142	0.119649324991768	0.0625891779168039	0.0208722057586068	0.00398785351040866	
8.2767753683165e-05	0.000197722967132005	0.000777097242914161	0.00156339090290423	0.00446945869889091	0.0113575750887454	0.0232209531166657	0.0461844065552061	0.0845472603873531	0.126262208243668	0.164169839430558	0.178281741433538	0.160449888723353	0.114969008074454	0.0607791204546709	0.0192251098971841	0.00346245102907907	
6.89870856175724e-05	0.000174767283564517	0.000758857941793296	0.00157750469112182	0.00509584605761801	0.01193476581184	0.0251158983038375	0.0494131498583465	0.0865098053644358	0.130289009897347	0.163991500791052	0.175420361308363	0.158132197652599	0.111961440818279	0.0572362853673792	0.0190726296037382	0.00324699216306707	
9.12829360243543e-05	0.000246463927265757	0.000707442754188746	0.00191694165651144	0.00545415542745517	0.0131310503471034	0.0278276030470244	0.0533229270786266	0.0894070716890538	0.131575223985504	0.163277787666763	0.173789017749967	0.153656566209796	0.108535410932957	0.0555319741304159	0.0186171548021671	0.0029119256591769	
3.65113413354023e-05	9.58422710054311e-05	0.000278398977682443	0.000657204144037242	0.00227739491579572	0.00646707133403313	0.0144265437451508	0.0303683081557209	0.0555839532654831	0.093341244123956	0.131865273150472	0.163744238053946	0.173542969284834	0.152087992332618	0.104399616630916	0.0516954954132627	0.0165487654602711	0.00258317739947971	
4.10696358492288e-05	0.000155151957652642	0.000278360865200329	0.000990234553253628	0.00289312768093456	0.00700465455872958	0.0156566578443004	0.0322487907273889	0.0596650543031852	0.0959432326366706	0.133937209090079	0.163876973624167	0.173619603906179	0.148973259103769	0.0990188920324906	0.0480240941863649	0.0151820753855982	0.00249155790818655	
9.08244590268159e-06	6.81183442701119e-05	0.000217978701664358	0.000472287186939443	0.00117617674439727	0.00319702095774392	0.00728866283690198	0.0174791671397107	0.0337912399809269	0.0626189232760382	0.0986716922867328	0.137471901182989	0.166249631025635	0.171762675688563	0.143974932449309	0.0943075770304943	0.045026225562544	0.0137281169819032	0.00248859017733476	
3.16624600826843e-05	9.95105888312934e-05	0.000158312300413421	0.000470413692657023	0.00144290353805375	0.00328384943143268	0.00799250956658615	0.0183235179707077	0.035529803421355	0.0652834694819117	0.101604834405334	0.139635972173221	0.168616169566043	0.169063967215784	0.138772039333822	0.0903510914502311	0.0431785491356148	0.013836495056133	0.00232492921178567	
4.96515364893655e-05	7.67341927562922e-05	0.000180551041779511	0.000654497526450728	0.00152565630303687	0.0035433141949229	0.00879734951070668	0.0199644314447694	0.0381368937998772	0.066821940562597	0.104056079153577	0.142283248474344	0.169212436355758	0.1655337088795	0.135237244068898	0.086948867944968	0.0413913263279529	0.013464593940707	0.00212147474090925	
3.62862806108795e-05	9.97872716799187e-05	0.000312969170268836	0.00080736974359207	0.00172359832901678	0.00386902467013503	0.0104141625353224	0.0217264105157641	0.0399285160271966	0.0706040304986189	0.106990098381178	0.146932221763604	0.163737305471518	0.164068417782092	0.131233869614322	0.0835264821811683	0.0392844345463535	0.0127636992048769	0.00194131601268206	
3.65759430878326e-05	8.68678648336023e-05	0.000379475409536263	0.000694942918668819	0.00177393323975988	0.00480059253027802	0.0108539111113143	0.022709088664658	0.0425149618467194	0.0728364186665326	0.110797675598817	0.146216904486497	0.1655198584511	0.161939988021379	0.126420175290207	0.0803482029781962	0.0381304206690654	0.0120654892260988	0.00187451708325142	
4.59408924477767e-06	2.7564535468666e-05	0.000101069963385109	0.000454814835232989	0.000822341974815203	0.00200761699996784	0.00554965980769142	0.0117470861988965	0.0240087103932081	0.0440297513219492	0.0773828392390351	0.112477086979892	0.147892920967883	0.166232525233035	0.158863606084412	0.12366828838017	0.0762526932848197	0.0361876409811137	0.0108420506176753	0.00144713811210497	
4.59784912617877e-06	3.67827930094302e-05	0.000119544077280648	0.000418404270482268	0.000947156919992827	0.00254261056677686	0.00566914797257843	0.0126716721917487	0.0253387465343712	0.0466681686307146	0.0790324286298869	0.115810623790191	0.149347335316539	0.167568611403585	0.156055597191634	0.119636034263172	0.0735196075275986	0.0332148620875155	0.0100738874354577	0.00132418054833949	
2.77645382063183e-05	6.47839224814093e-05	0.00038407611185407	0.00124477679624994	0.00229057440202126	0.00605729675201177	0.0133871348384798	0.0266308195628936	0.0499252671179947	0.0815629584040943	0.11782807272458	0.151325988070503	0.166031938473783	0.154037657968654	0.117129331846388	0.0699620088568877	0.0314340846725867	0.00961115764242051	0.00106430729790887	
4.66672577852653e-06	4.66672577852653e-05	9.80012413490571e-05	0.000569340544980236	0.00121801542819542	0.00270203422576686	0.00609007714097712	0.0145461842516672	0.0289196996495289	0.052514665185759	0.0851210782003239	0.121199535194112	0.151187915046924	0.164525417321953	0.151323250094501	0.113578771997779	0.0662908396839693	0.0304037184471003	0.00854010817470355	0.00112001418684637	
4.67422957011111e-06	5.14165252712222e-05	0.000158923805383778	0.000574930237123666	0.00116388316295767	0.002650288166253	0.0074086538686261	0.0162008796900051	0.0313266865788846	0.0565301324209237	0.0878942128363693	0.122287194013247	0.151281440036646	0.163196051210859	0.146237946330496	0.111723435184796	0.0637190974997546	0.0287044437900523	0.00773117570896377	0.00115453470381744	
1.86785836030054e-05	5.60357508090161e-05	0.000168107252427048	0.000611723612998426	0.00115340253748558	0.00324540390102219	0.00789170157226977	0.0170395378918417	0.0333739592526699	0.0583332165921858	0.0914643542580166	0.125081135097526	0.150820223302467	0.161294239057852	0.145043871323238	0.106892864314099	0.0631009250568529	0.0264115172146496	0.0069204152249135	0.00107868820307356	
4.18785800369462e-05	0.000186127022386428	0.000549074716039961	0.00129358280558567	0.00354571977646145	0.00841759458742619	0.0184219220406967	0.0351593945287962	0.0614405300897598	0.093952267725109	0.127157328518848	0.152261210663217	0.159478285956251	0.141642664036071	0.104459138138823	0.0589510811653413	0.0253225813956735	0.0065935497680392	0.00112606848543789	
4.64116808918469e-06	4.64116808918469e-05	0.00022741723637005	0.000668328204842595	0.00136914458630948	0.00396355754816372	0.00938444187633143	0.019576447000181	0.0376027438585743	0.064507595271578	0.0964620375656145	0.128931649517551	0.153112135262203	0.157776509191833	0.139768777005797	0.0988151097868312	0.056668662368945	0.0237999099613391	0.00629342392893443	0.00102105697962063	
9.67755314589603e-05	0.000244243007967852	0.000884804859053351	0.00166361746936594	0.00470974253100273	0.0101429973686272	0.0205993631248358	0.0406733733646087	0.066756683272119	0.0981211721821039	0.131269095886118	0.152863864477389	0.15695147859187	0.135264542827781	0.0948077623192947	0.0551850947248119	0.0224611400157606	0.00646091881454582	0.000843329631285225	
4.60062016359805e-06	0.000115015504089951	0.000285238450143079	0.000855715350429238	0.00186325116625721	0.00499167287750389	0.0106044294770935	0.0225430388016305	0.0425235321721368	0.0693865533073858	0.102308591198094	0.133565204589579	0.152584168345893	0.154456620752477	0.130671414506675	0.0936134190888932	0.0523044506399463	0.0206797876353732	0.00581058326662434	0.000832712249611248	
1.38154622653674e-05	0.000156575239007497	0.000308545323926539	0.000630906110118445	0.00218284303792805	0.00523606019857424	0.0117016965387662	0.0248908578481036	0.0436015989094995	0.0728627479875477	0.105757363641387	0.135336268351539	0.152518098255568	0.15092932009505	0.129694954593181	0.0888518429826662	0.0495882992244921	0.0192357286274799	0.00578867868918894	0.000713798883710649	
6.42658771144621e-05	0.000105579655259473	0.000284606027221189	0.000720695907640754	0.00238242787302899	0.00667447038031628	0.0140879983474489	0.0263398287773417	0.0458950170993137	0.0748467947393789	0.106089191856595	0.133365466271891	0.153021643829328	0.150740205191765	0.126080470058987	0.0884114852303243	0.0474328077302669	0.0178705042576144	0.00501732883472194	0.000569212054442379	
1.37078312840126e-05	5.02620480413794e-05	5.02620480413794e-05	0.000360972890478997	0.00096411746697555	0.00289692167802132	0.00688590058166897	0.0156908975430997	0.0272877228093743	0.0459760661265781	0.076060186517891	0.108227897264374	0.135853746578754	0.154989879051235	0.151147117014617	0.123384189387397	0.08364061721795	0.0446372679378396	0.0171530662133944	0.00425399697513856	0.000475204817845769	
1.3580990235268e-05	1.81079869803574e-05	7.69589446665188e-05	0.000371213733097326	0.00116796516023305	0.00315984372807236	0.00747859862288759	0.0155457068226368	0.0274064382947709	0.048289474279868	0.0779277219699679	0.109594064201868	0.139621633612045	0.15659787140613	0.148856706972028	0.121006622996238	0.080566961072355	0.0418475579116059	0.0160029334938908	0.00397017614544335	0.00047986165497947	
4.52196090312603e-06	3.16537263218822e-05	8.59172571593946e-05	0.000542635308375124	0.00146059337170971	0.00342764636456953	0.00785012412782679	0.016396630234735	0.0298268541170193	0.0510755484008085	0.0810832809539529	0.114274473982898	0.140149134270585	0.156292534694745	0.146705977580118	0.116535454434461	0.0770451698674613	0.0386944194480495	0.0142396548839439	0.00378488127591649	0.000492893738440737	
6.29264389928174e-05	8.54001672045379e-05	0.000687696083278647	0.00158215046610512	0.00376210210264201	0.00913781789088555	0.0168418119218633	0.0323441896423081	0.0542830431225897	0.0843708704524411	0.115348657419477	0.141090065713181	0.155145135336791	0.143481270394908	0.113397937810699	0.073489091252326	0.0369557986713532	0.0140505748779677	0.00344746990767792	0.000435990327307378	
7.57690559175633e-05	0.000187194138149274	0.000583867430894164	0.00181400033873225	0.00455505736163233	0.00898977563445442	0.0188442099070269	0.0343010973142098	0.0561359564283358	0.0865772888940392	0.117116675432106	0.143943378230213	0.152812814775857	0.141380601338884	0.110052325218616	0.0696005633652158	0.0359056184983465	0.0136607150816077	0.00301293422354546	0.000450157332216111	
8.9019846974883e-06	5.7862900533674e-05	0.000227000609785952	0.000676550837009111	0.00179374991654389	0.00487383662187485	0.00998802683058188	0.0203810939648995	0.0354477030653984	0.0587620009881203	0.0889842390360931	0.11912190822944	0.145097899576711	0.152112663518331	0.138354646168363	0.106035990724132	0.067708495609096	0.0343705629170023	0.0124093666682987	0.00305783174358723	0.000529668089500554	
7.98704324096466e-05	0.000319481729638586	0.00072770838417678	0.00225412109245003	0.00504958622678766	0.0109422492401216	0.0202649036008253	0.0374148603376744	0.0618374636700464	0.0907106249861336	0.122596676502563	0.144765158742484	0.150533578860959	0.134710358751359	0.105242606438444	0.0649524105340226	0.0322898409247221	0.0119495041377321	0.00304395092405653	0.000315044483393606	
3.54675959176797e-05	0.000124136585711879	0.000288174216831148	0.000891123347431703	0.00259356795148033	0.00589648782131425	0.0112166272089662	0.0218214383883524	0.0396926732813733	0.0651539737007776	0.0930093368446253	0.124163186408817	0.143568394825278	0.148755530728238	0.133092153681093	0.100399897143972	0.0640855123737575	0.0302183917218631	0.0117929756426285	0.00284184112290409	0.000359109408666507	
2.19653737847657e-05	6.58961213542971e-05	0.000452486699966173	0.00119930940864821	0.00268416867649837	0.00647539219174893	0.0126784137485668	0.0237621413603595	0.0416155971726171	0.0666736955862778	0.094402783452166	0.12421418875285	0.14451458720473	0.148402458364634	0.130434782608696	0.0982423307897431	0.0603784194595639	0.0294555662453708	0.0111715891069318	0.00278960247066524	0.000364625204827111	
2.18130101517749e-05	0.000135240662941005	0.000645665100492538	0.00118662775225656	0.00294911897251997	0.0065613534536539	0.0130485426727918	0.0253379925923018	0.0436129324974588	0.0671709834613757	0.097861888744923	0.125093250618399	0.146278046077803	0.146544164801654	0.128496080202076	0.0951265372718905	0.0575558085864733	0.0280907944734557	0.0108497912494928	0.00296220677861103	0.000471161019278338	
4.78700024805365e-05	0.000252405467624647	0.000848604589427692	0.00137952643512092	0.00302016197468112	0.00675837398657029	0.0143958152914195	0.0262153540857047	0.0442754004760889	0.0703340890991301	0.0993433106023352	0.125310611038823	0.148066269490707	0.146025266657673	0.127482168424076	0.0907441174294679	0.0536796800543107	0.0274338632397547	0.011018804207338	0.0028330337831663	0.000535273664100544	
