# <P(N_2)> as a function of N_tot.
# number_of_species: 2
# species_total_upper_bound: 100
# species_total_lower_bound: 0
# volume: 512
# Bin widths for each species index 
1	1	1	1	1	1	1	1	1	1	1	1	1	1	1	1	1	1	1	1	1	1	1	1	1	1	1	1	1	1	1	1	1	1	1	1	1	1	1	1	1	1	1	1	1	1	1	1	1	1	1	1	1	1	1	1	1	1	1	1	1	1	1	1	1	1	1	1	1	1	1	1	1	1	1	1	1	1	1	1	1	1	1	1	1	1	1	1	1	1	1	1	1	1	1	1	1	1	1	1	1	
# Bin lower bound for each species index 
0	0	0	0	0	0	1	2	2	2	3	4	4	5	6	7	8	9	9	10	11	12	12	13	13	15	15	16	17	18	19	20	20	21	22	23	24	25	26	26	27	28	29	30	30	30	31	31	32	34	35	36	37	37	38	39	39	40	41	42	43	44	44	44	45	46	49	50	51	52	52	53	54	55	56	57	58	59	59	60	61	62	62	63	64	64	65	67	68	69	70	70	70	71	73	73	75	76	76	76	77	
# Bin upper bound for each species index 
0	1	2	3	4	5	6	7	8	9	10	11	12	13	14	15	16	17	18	19	20	21	22	23	24	25	26	27	28	29	30	31	32	33	34	35	36	37	38	39	40	41	42	43	44	45	46	47	48	49	50	51	52	53	54	55	56	57	58	59	60	61	62	63	64	65	66	67	68	69	70	71	72	73	74	75	76	77	78	79	80	81	82	83	84	85	86	87	88	89	90	91	92	93	94	95	96	97	98	99	100	
# Normalized histogram for each species index 
1	
0.0791710788521602	0.92082892114784	
0.00638329570588707	0.145636362247256	0.847980342046857	
0.000448040658017922	0.0172681938898336	0.201773056420642	0.780510709031506	
7.77587060951306e-05	0.00187196885043833	0.0318129106331671	0.247380203593412	0.718857158216887	
1.92379279597312e-06	0.000182760315617446	0.00408036452025898	0.0494347415817232	0.285537983845912	0.660762225943692	
8.61811412681268e-06	0.00047878411815626	0.00778981760240235	0.0677565708332376	0.315023671086802	0.608942538245275	
4.2205749190417e-05	0.00102157097472259	0.012198420737603	0.0868757386006108	0.339087703546818	0.560774360391055	
6.72502063140258e-06	0.000136421847094167	0.00193200235567866	0.0179558050858449	0.106808699102402	0.356553868856333	0.516606477732016	
3.85304858019976e-06	2.31182914811986e-05	0.000272603187049133	0.0032288547102074	0.0253732881627605	0.127404904352885	0.369379244975865	0.474314133271171	
8.69576979785234e-06	5.41070120755257e-05	0.000572954610014048	0.00505803943241744	0.0334980376546156	0.146597152038772	0.377760665361657	0.436450348120651	
6.76482099800438e-06	0.00011403555396636	0.000906486013732587	0.0072132319898721	0.0433779650452035	0.164303005996531	0.381011147458602	0.403067363121095	
5.78264762376553e-06	2.60219143069449e-05	0.000107942755643623	0.00136759616302055	0.0100916838780748	0.0523715119792364	0.180259583051831	0.384603893456645	0.371165984153618	
5.78232997058721e-06	3.18028148382297e-05	0.000206236435617611	0.00205079969623493	0.0132492454059388	0.0629175324099595	0.196667643237951	0.38305044890155	0.34182050876794	
2.89332596499654e-06	2.79688176616332e-05	0.000368416839542893	0.00300423679365474	0.0172336138895077	0.0730478006382677	0.211991100129332	0.379470309171168	0.3148536603949	
1.92451475766029e-06	6.06222148662991e-05	0.000577354427298087	0.00401838681399469	0.0211754358785362	0.0842311996558968	0.226047729890505	0.373758086570447	0.290129260033698	
9.59008155405354e-07	0.000122753043891885	0.000856394282776981	0.00533975740929701	0.0265184935132688	0.0956783256484813	0.237899235095095	0.367338483846467	0.266245598152567	
2.87643965804885e-06	0.000141904356463743	0.00131645055016703	0.00716425237498034	0.0318364341352847	0.108024691358025	0.247672960316638	0.359041033370535	0.244799397098248	
9.59171889357604e-07	1.72650940084369e-05	0.000242670488007474	0.00174473366674148	0.00916200988714384	0.0379007180360764	0.118749316590029	0.25683170178195	0.349952904660233	0.225397720623922	
5.74229718684861e-06	6.31652690553347e-05	0.000361764722771462	0.00217633063381562	0.0112970126655935	0.04422047358639	0.129988381418692	0.264780194434183	0.338997471475139	0.208109463497174	
1.2480187702023e-05	7.87211839666069e-05	0.000515527753537413	0.00293284410997541	0.01433589561187	0.0512407706611907	0.14095027989221	0.270913194534446	0.329086229456891	0.189934056608211	
1.63613510241243e-05	9.72056737315622e-05	0.000662153500270444	0.0039055507326998	0.0171255223601923	0.0592146166535455	0.15040220050547	0.274962128284541	0.319423618476393	0.174190642462133	
9.62798431408796e-07	3.2735146667899e-05	0.000192559686281759	0.000996496376508103	0.00493915595312712	0.0206154400133251	0.0657292861138471	0.159957405797394	0.278727257497552	0.307590991672756	0.161217708944109	
8.69427453041257e-06	5.40977081892338e-05	0.000205764497219764	0.00139881216889304	0.00611497308639018	0.0238802740435332	0.0735255476426924	0.170014606381211	0.280571001309937	0.294889505431023	0.14933672345638	
9.63700300770864e-07	1.25281039100212e-05	4.33665135346889e-05	0.00032380330105901	0.00173755164228987	0.00775682372090468	0.0276129047179876	0.080957571166858	0.178468622400057	0.281034281710799	0.285118443585466	0.136933139436833	
9.62652917415931e-06	6.16097867146196e-05	0.000431268507002337	0.00223335476840496	0.00934832248102611	0.0323701670010281	0.0890511707784782	0.187326481811636	0.282170897847123	0.27135741762579	0.125639682863623	
3.84605029864581e-06	8.65361317195306e-06	8.55746191448692e-05	0.000577869057371532	0.00278934797909287	0.0111968139319326	0.0370730403412216	0.0970541177737523	0.194718796032415	0.281424153965086	0.260275684885407	0.114792101751107	
5.78471043185756e-06	1.44617760796439e-05	0.000121478919069009	0.000772258842652984	0.00337345030017827	0.0135015141479555	0.0413992443239939	0.104656981133167	0.20150171082811	0.279423688582042	0.249018286433794	0.106211140002526	
3.86421907030753e-06	1.73889858163839e-05	0.000201905446423569	0.00103271254653969	0.00425160703210586	0.0156298000846264	0.0464227958011396	0.112494179520025	0.207455431063298	0.277040355971861	0.237385739872365	0.0980642194567294	
3.86583242003042e-06	2.31949945201825e-05	0.000287038057187259	0.00128925511208015	0.00507680442560495	0.0180060809543967	0.0515653721926808	0.119738360461812	0.213848184895033	0.272994454463393	0.225980133487193	0.0911872551236776	
1.92799144742994e-06	4.81997861857485e-05	0.000368246366459118	0.00156938503820797	0.00617053662749952	0.0205080450263123	0.0571880823136669	0.12711344012478	0.217596970739838	0.269015538647071	0.216054577581894	0.0843650497566393	
3.85351257304815e-06	7.8997007747487e-05	0.000489396096777115	0.00198937586583611	0.00746907074471057	0.0231788781268846	0.0628035845373954	0.134330558162029	0.221785062629213	0.264444410190999	0.206360415177445	0.0770663979483899	
9.64840256222978e-07	8.68356230600681e-06	0.00012639407356521	0.000538380862972422	0.00232912437852227	0.00847901617168753	0.026287072780795	0.0681601750606161	0.141376113063841	0.224140110242648	0.261798790283287	0.195711092093038	0.0710440825864666	
1.93190797163186e-06	1.73871717446868e-05	0.000131369742070967	0.000625938182808724	0.00273654764181653	0.00991165384845727	0.0297378594073293	0.0738124078721386	0.146878133313241	0.228555338537893	0.256651076169336	0.185630275316205	0.0653100808889868	
6.78008128348876e-06	1.84030777694695e-05	0.000174344947289711	0.000869787570367558	0.00338326056046089	0.011431217043962	0.0335923970105653	0.0798180226183512	0.15397661453107	0.231437106028848	0.249985471254393	0.175468503616689	0.0598380916589503	
2.91673593914522e-06	4.27787937741299e-05	0.000198338043861875	0.00114724946939712	0.00410384746637733	0.0134286522638246	0.0368587920629782	0.0861010726782539	0.160286306799787	0.232059400299646	0.244385526378474	0.166287977117234	0.0550971418904532	
7.74194547347803e-06	5.903233423527e-05	0.000299032643913089	0.00141484053527811	0.00458516720666736	0.0151926002485164	0.0410642465345117	0.0921465705117039	0.165671826673325	0.232843848830773	0.23760708078333	0.157681171201511	0.051426840550762	
1.73822017841864e-05	0.000107190244335816	0.000383374117129001	0.00159433417476066	0.00539427662035919	0.0172218992566212	0.0454167962284485	0.0976058914075914	0.171494734158537	0.233069252623264	0.230854953251534	0.149729320491105	0.0471105952245298	
1.34942620470024e-05	0.000144581379075026	0.000461696537179584	0.00186702754178884	0.00637603881720865	0.0196659591817851	0.0498429846223245	0.104022446741039	0.176685192360705	0.232335529042544	0.224486687910491	0.140490689923063	0.0436076716807489	
1.05863591874681e-05	2.11727183749361e-05	0.000133773084278005	0.000549528281458569	0.00216924123714118	0.00766452405172688	0.0223131579783134	0.0544860659453186	0.109387887087818	0.180721662481847	0.232561138630298	0.216954920395391	0.133424696821109	0.0396016449277385	
7.69152374854101e-06	4.80720234283813e-05	0.000174982165279308	0.000748000684545614	0.00263915408621814	0.00882410062051368	0.0245321149959716	0.058679596118088	0.114759457209169	0.185139783829725	0.230228457484141	0.212058194068681	0.125839097168942	0.0363212980215478	
6.73463517038146e-06	4.90666276699221e-05	0.00021935668840671	0.000920720836865008	0.00324224578916936	0.00972673736750808	0.026966441312946	0.0630698583706224	0.120545159096135	0.18864771412051	0.229702050119155	0.205330367528283	0.118554593357918	0.0330189541496417	
3.84987415723849e-06	5.67856438192677e-05	0.000287778093253577	0.00121848517076598	0.00376325198870062	0.0114216141559873	0.029698891717477	0.067908892728069	0.126396180924836	0.19174683227542	0.22845441989615	0.197680450820264	0.111065019562173	0.0302975471489276	
1.05732529381628e-05	7.68963850048204e-05	0.00033834409402121	0.0013447255327718	0.0044571067158419	0.0127503818386118	0.0325175588089134	0.072438317084166	0.131313073058294	0.194959249721972	0.225726454567213	0.190282988308866	0.105533559985428	0.0282507706459585	
1.9228735422215e-06	2.59587928199902e-05	0.000121141033159954	0.000443222351482055	0.00150464854678832	0.00499274115237811	0.0142917576025613	0.0356116180019421	0.0765332512907289	0.135759679264693	0.198317485650556	0.222892770956918	0.183306573343204	0.0998384786224534	0.0263587505167723	
1.92370952755618e-06	4.80927381889044e-06	2.78937881495646e-05	0.00011061329783448	0.000500164477164606	0.001729414865273	0.0057374636659363	0.0157667232878504	0.0389224148710441	0.0801811749633052	0.140956930067388	0.200254314399543	0.219400033472546	0.177126516604499	0.0950052805826531	0.0242743286734676	
2.87535618474739e-06	5.75071236949477e-06	4.9839507202288e-05	0.000109263535020401	0.000562611360148905	0.00209901001486559	0.00622418768791651	0.0176479778099179	0.0419917017220508	0.0851162937808921	0.146097806199076	0.200660565160843	0.216268956983713	0.171480492145965	0.0888705505061106	0.0228121175177242	
6.70245137371528e-06	9.57493053387898e-07	8.61743748049108e-06	4.88321457227828e-05	0.000124474096940427	0.000693224970652838	0.0023975626056833	0.00720034776147699	0.0200470320587824	0.0454541102304303	0.0899670047893803	0.150590677464635	0.201648994536545	0.212311637179072	0.165004777890336	0.0839328835669297	0.0205621633215051	
9.57787434403533e-07	1.91557486880707e-06	1.24512366472459e-05	5.65094586298085e-05	0.000199219786355935	0.000876375502479233	0.00267988924146109	0.00830401705627863	0.021962065870873	0.0491996249304407	0.0954023329786327	0.154366600802817	0.202089317509408	0.20854097366755	0.158753267252386	0.0788824153100406	0.0186720660336969	
4.80308780909071e-06	9.60617561818142e-06	6.43613766418155e-05	0.000285303415859988	0.000942365828143597	0.0031133615178526	0.00931222664426506	0.0241797046485244	0.0525938115095433	0.100189529844947	0.158276152572966	0.202629786637233	0.204893001612877	0.152201207112028	0.0737590982490824	0.0175456797666084	
9.60615716249487e-07	3.746401293373e-05	9.02978773274518e-05	0.000275696710563603	0.00110855053655191	0.00371085851187177	0.0102584152338283	0.0261911875035423	0.056711870040221	0.104369936954791	0.161044342982078	0.203277812946986	0.201247071322835	0.146214357554618	0.0690192785968094	0.0164418985993262	
5.76415387985198e-06	3.55456155924205e-05	9.70299236441749e-05	0.00033047815577818	0.00127003523819405	0.0040810209469352	0.0117732842995977	0.0286516875521176	0.060552436507845	0.109014560252701	0.164512794500229	0.203828166730072	0.196335727378578	0.139595317969942	0.0652310080736582	0.0146851427012362	
8.65737569932357e-06	4.04010865968433e-05	0.000113507814724465	0.00040593472723495	0.00156987079347734	0.00484139687718839	0.012910071028958	0.0312829461241891	0.0640732375506937	0.113756954758478	0.168756300645648	0.20422653081641	0.191169284400563	0.132931118071214	0.0603794239189824	0.0135343640099425	
1.93052056487032e-06	6.75682197704611e-06	5.11587949690634e-05	0.000143823782082839	0.000479734360370274	0.0018175851118254	0.00535429878666783	0.0143524551395284	0.0335292811706677	0.068299887064547	0.119039759071034	0.172063436905762	0.202211411307059	0.18633674070213	0.127129605498123	0.056672361702333	0.0125097732603597	
4.83260344912573e-06	1.15982482779018e-05	3.9627348282831e-05	0.000206835427622581	0.000612774117349143	0.00207511992105459	0.00612000900797283	0.0159495244234946	0.0361101794925573	0.0730699306714709	0.122260034659432	0.173879971661613	0.201279866697466	0.181278687542225	0.121620197962768	0.0539270218887941	0.0115537883261698	
3.86334946603681e-06	1.73850725971657e-05	7.43694772212086e-05	0.000219245082197589	0.000693471229153608	0.0024030033678749	0.00691346386947287	0.0173956968081973	0.0394438322108693	0.0764257449745067	0.126267782273214	0.17593596884595	0.199555521643932	0.176871865254097	0.116733035791035	0.0501820120517187	0.0108637386984955	
9.65071178824794e-07	5.79042707294877e-06	2.31617082917951e-05	0.000111948256743676	0.000242232865885023	0.000948664968784773	0.00298689529846274	0.00800912571306697	0.0193467819219006	0.0423791706757332	0.0808044447318212	0.130102210688549	0.176685231419243	0.197885915075666	0.172441813445951	0.111086448180986	0.0473473571043232	0.00959184244633963	
2.89192026397448e-06	1.25316544772228e-05	2.60272823757703e-05	0.000105073102924406	0.000317147255615868	0.00114038055742727	0.00345295279518553	0.00893506964225982	0.0211312613688615	0.0454185717191406	0.0846021633491521	0.133311740328696	0.178837313097603	0.195695280289732	0.167941521516369	0.106417845847154	0.0438675384842289	0.00878468978853315	
9.62160165029711e-07	1.53945626404754e-05	2.59783244558022e-05	9.14052156778226e-05	0.000360810061886142	0.00133162966840112	0.00370239231503433	0.0100247467594446	0.023608523969334	0.0487988392499769	0.0878798608331537	0.136918277964223	0.180252047476831	0.194164883463161	0.162907186181841	0.100840158256104	0.0406791696172912	0.00839773392037932	
1.92699576542681e-06	8.67148094442062e-06	3.17954301295423e-05	0.000106948264981188	0.000407559604387769	0.00143946583677382	0.00423553669240812	0.0110041093184698	0.0257918748223551	0.051648304002852	0.092736671211165	0.140047307746041	0.181337046011841	0.190655034035563	0.158303665627695	0.0956030774122374	0.0390341897223681	0.00760681578402231	
3.85914506429818e-06	1.73661527893418e-05	4.05210231751309e-05	0.00013796443604866	0.000510371934753434	0.0016941646832269	0.00449300964110916	0.0122035814795769	0.0274800072166013	0.0552967248400626	0.0966291332649621	0.143600717415067	0.182477744792807	0.187731006011583	0.152497976360807	0.0920145605543276	0.036315519841312	0.00685577120672572	
4.83573492048601e-06	8.70432285687482e-06	6.28645539663181e-05	0.00015571066443965	0.000641218450456445	0.00180663056629357	0.00505817872682837	0.0132276693014974	0.0293828925238571	0.058176792534399	0.0999411007486685	0.147562451098631	0.182645707946757	0.184618687794315	0.14883231508875	0.0880422914033206	0.0335145444399203	0.00631740410012292	
4.84670830958446e-06	3.87736664766757e-06	5.81604997150136e-06	5.91298413769304e-05	0.000181266890778459	0.000743485054690257	0.00210928745633116	0.00573947198020992	0.0144490068125332	0.0317633875776927	0.06160747866479	0.103194174644349	0.150226632080556	0.181363824944651	0.18311833335272	0.144808981532103	0.0832742034919564	0.0315666112203236	0.00578018433001043	
2.90938713759946e-06	8.72816141279839e-06	4.84897856266577e-06	1.45469356879973e-05	6.69159041647877e-05	0.000254086476683687	0.000918396539768898	0.00237890888284383	0.00644623210120788	0.0158561598999171	0.0342609429323713	0.0642227814710831	0.106346828040673	0.152374302353209	0.182777397941124	0.181465264342066	0.139125923124294	0.0789171261073855	0.0294332998753812	0.00512440054502519	
1.94193799586173e-06	1.94193799586173e-06	7.76775198344692e-06	2.23322869524099e-05	9.03001168075705e-05	0.00036993918821166	0.000926304424026045	0.00268861315527057	0.00752598070296214	0.0173745192489749	0.0361375241649909	0.0678920942733219	0.110064190760453	0.155155991024363	0.183452940531062	0.177299909991174	0.134118976715192	0.0748034516005938	0.0271308157401842	0.00493446444748466	
1.94255477033175e-06	0	3.8851095406635e-06	1.65117155478199e-05	0.000126266060071564	0.000383654567140521	0.00111211260601493	0.00314305361839677	0.00812764915906804	0.0184766096980104	0.0380682458341913	0.0713772324810698	0.114992443461943	0.156753485914535	0.182843939034861	0.173846025338684	0.12952178186664	0.0711120737549195	0.0254338696079536	0.0046592176166407	
3.89739712333118e-06	2.92304784249839e-05	0.000146152392124919	0.000475482449046404	0.0013280380697751	0.00354663138223138	0.00882857883362596	0.0200413903574498	0.0407521586708317	0.075189559652586	0.117802725449808	0.159306107416162	0.182215007707103	0.170218819361489	0.124470197578547	0.0673382531476353	0.0239865305955418	0.00432123906049345	
4.86734063109939e-06	3.9912193175015e-05	0.000178144667098238	0.000535407469420932	0.00148259195623287	0.00399998053063748	0.0100111462100452	0.0222612691103962	0.0440260694764202	0.078633834831663	0.1213165182939	0.161138178933176	0.180271694954028	0.165723213807672	0.11976870397321	0.0641233189422295	0.0224608300762712	0.00402431723379297	
9.73672859550611e-06	6.23150630112391e-05	0.000178182133297762	0.000634834704426998	0.00174774278289335	0.00454705225410135	0.0112585792749837	0.0239942202779057	0.0469135057188675	0.0819900704841783	0.12419197323568	0.163218728792188	0.178140265364801	0.161472933355014	0.115824228680702	0.0614329154004863	0.0208005732985797	0.0035821424502867	
1.26340177731475e-05	7.96914967229302e-05	0.000237130795126768	0.000697786520086145	0.00204282348916584	0.00509442470514146	0.0120207819873893	0.0256713522675146	0.0495535332488474	0.084650834622651	0.127589973643495	0.163762138375537	0.177079364955956	0.159056452678801	0.111743027965884	0.05782978673778	0.0196789404529587	0.00319932203916934	
1.93683215606219e-06	2.80840662629017e-05	7.94101183985497e-05	0.000253725012444147	0.000781511774971093	0.00215182052538509	0.00573592843017817	0.0130358488263766	0.0276715210136605	0.0526711820680332	0.0874450665979737	0.129718365236187	0.165123657049004	0.175676487051309	0.155466611918878	0.107601678846113	0.0551987480316943	0.0183243690285044	0.00303404757247142	
7.7503608761783e-06	2.90638532856686e-05	9.49419207331841e-05	0.000304201664389998	0.00084285174528439	0.00241617500314858	0.00641536121525659	0.0141792852229682	0.0296150977029868	0.055116691370942	0.0911132424603521	0.132352912682497	0.16550411253524	0.175734588891795	0.151547650187462	0.102853101597543	0.05213958399938	0.0170488563373732	0.00268453124848626	
9.68510808096363e-06	3.58348998995654e-05	0.000121063851012045	0.000361254531419943	0.00104889720516836	0.00283579964610615	0.00688611184556514	0.0152414545870125	0.0314872548820209	0.0582026570125509	0.0952152660547615	0.135679647617028	0.165666679257307	0.173793453448044	0.147005413006906	0.0993246574135144	0.0489320715574525	0.0156453235939886	0.00250747448216148	
2.03243377169381e-05	4.16165010394447e-05	0.000161626876129936	0.000434553696900248	0.00119042549484923	0.00329157488453841	0.00763711185354089	0.0166311152060888	0.0338497005547576	0.0615643545958167	0.0983785049804306	0.137974186155448	0.166597628440136	0.17069830553093	0.143627255517574	0.0949978901401799	0.0460326892776537	0.0146335231561954	0.00223761280007433	
1.16206440741978e-05	4.26090282720586e-05	0.000179151596143883	0.000464825762967913	0.00140609793297794	0.0036266093381559	0.00814026117397557	0.0176449796396632	0.0357789947174489	0.0648916132843329	0.101904333047659	0.140428704927637	0.166965414058074	0.168409279084293	0.139963879164669	0.0910797030925439	0.0431203366113233	0.0137694948409182	0.00217209205486881	
1.44690160490326e-05	6.07698674059369e-05	0.000202566224686456	0.000596123461220143	0.0015539723236661	0.00371274951818177	0.00874121489575556	0.0192322161323741	0.0384133084080417	0.0674285085917017	0.105082675957704	0.142402126752439	0.16722227688295	0.166058967992607	0.135728051949555	0.0872510605788764	0.0412916780007292	0.0130404418644581	0.0019668215815985	
1.73174167032257e-05	9.42837131620064e-05	0.000274192431134406	0.000705203691303578	0.0017105759387964	0.00406189629561215	0.00990941066906801	0.0207520376826987	0.0408046441463283	0.0703654744587345	0.107117843096508	0.145206539056547	0.166766722852063	0.164172958661402	0.132101102927028	0.0829629330316255	0.0392980288931477	0.0118576200481809	0.0018212149899559	
3.75875718139473e-05	9.44508214812009e-05	0.00027371462551695	0.000718982783928325	0.00179071047257216	0.00455677024452161	0.0105148822689786	0.0224870057836671	0.04279200483434	0.0723705325002385	0.110802379004161	0.146392026808613	0.167229034568037	0.162865984885941	0.127478731698949	0.0797829944187275	0.0371211004098973	0.0109861725924919	0.00170493370612494	
3.86193952395802e-06	3.66884254776012e-05	7.6273305598171e-05	0.000264542857391125	0.000787835662887437	0.00198310594555245	0.00509196726233866	0.0116302308763996	0.0238503730150838	0.0440512131800272	0.0764673680592499	0.113094967989349	0.148814046646437	0.167494248123821	0.15952127397661	0.123567582493442	0.0765108148788944	0.034865590022293	0.0103519288939695	0.0015360864456543	
2.89642947483872e-06	2.70333417651614e-05	7.1445260379355e-05	0.000317641765740646	0.000835137165245163	0.00220997568930194	0.00551866362605937	0.0126960158647097	0.0252423828732194	0.0473295885718479	0.0788485341170428	0.115867799234956	0.150166351599505	0.166657655552745	0.155919626013026	0.120526223306989	0.0733221466790505	0.0331679793928698	0.00983048163760261	0.00144242187846968	
8.69894684750166e-06	3.18961384408394e-05	0.000110186660068354	0.000352790622148679	0.000971382397971019	0.00225206068385321	0.00612212548134173	0.013283291836135	0.0271523127600019	0.050048907412276	0.0818967183706293	0.118317275721819	0.150617431916243	0.165481998979324	0.154542590043765	0.117889094226992	0.0697848847099578	0.0309237894932187	0.00892125326693782	0.00129131033202914	
5.80999008428359e-06	3.77649355478433e-05	0.000117168133366386	0.000424129276152702	0.000990603309370352	0.00263676716658404	0.00648104393901834	0.014450413671294	0.0289947555156173	0.0525929985746158	0.0848461901958354	0.120928165282598	0.1520726171294	0.16528356624938	0.15181504090233	0.113219276772434	0.0662038686787308	0.0294024231531978	0.00837800570153694	0.0011193914229053	
9.678199854827e-07	2.9034599564481e-06	5.90370191144447e-05	0.000158722477619163	0.00037261069441084	0.00112363900314541	0.00287732881684007	0.00727316719090249	0.0158674086619889	0.030993467215098	0.0554318896685217	0.0876961045245584	0.123456085168159	0.152963948705541	0.164292281635616	0.1478199854827	0.10870263730946	0.0639690297604645	0.028	0.00788386160174208	0.00105492378417614	
9.66846822457918e-07	1.64363959817846e-05	6.38118902822226e-05	0.000152761797948351	0.000454418006555221	0.00127430411199954	0.0034255382919684	0.00799388952808207	0.0169642943468466	0.0328205822351565	0.058002107726073	0.0908043198716027	0.125759699890746	0.15399259395334	0.16290595480958	0.14405630915894	0.105457850312775	0.0610969844047608	0.0263311063628189	0.00746792485666496	0.000958145201055797	
2.89564388985357e-06	1.06173609294631e-05	7.52867411361928e-05	0.000203660286919701	0.000555963626851885	0.00145168280344659	0.00390815403667236	0.00867245345011143	0.0184510428661469	0.035277629510086	0.060548878951468	0.0937754273729078	0.128363893637209	0.154669853161898	0.160749740115961	0.140949327197142	0.100959519863634	0.0583858329657474	0.0250009893449957	0.00705378851568329	0.0009333625471628	
1.9293714975878e-06	3.85874299517561e-06	1.73643434782902e-05	8.19982886474816e-05	0.000268182638164705	0.000639586651450357	0.00152034474009919	0.00427259318140819	0.00952916582658616	0.0201098391193577	0.0374751472833967	0.0636422482194313	0.0966402889426755	0.129594918807224	0.155323087727557	0.158626171731428	0.13774072527004	0.0975750694332568	0.0560820060061335	0.0234380049526966	0.00645953577392397	0.000957932948552344	
1.92712202633027e-06	5.78136607899081e-06	2.98703914081192e-05	9.44289792901831e-05	0.000269797083686238	0.000763140322426786	0.00169779450519697	0.00473782950173296	0.0104006775761045	0.0212291762420542	0.039321961386256	0.066046326086391	0.0984990610097927	0.132724748197418	0.156173005452792	0.156534340832729	0.134410979970457	0.0941591822064969	0.0538437894156677	0.0219171588054541	0.00624194824328374	0.00089707530325674	
5.78395203946969e-06	2.69917761841919e-05	0.00012339097684202	0.000281485665920858	0.00080204134947313	0.00206776285411041	0.00519398893144378	0.0111842352603212	0.0221853120393926	0.0416608425482936	0.068541759651729	0.102355707266475	0.135506428380696	0.155162225394827	0.154308128476999	0.13041173062593	0.0917537231781274	0.0512082193814449	0.0206313569247884	0.00576660018335128	0.000822285181611274	
5.7843367872251e-06	5.10949749538217e-05	0.000156177093255078	0.000311390130378951	0.000888859752970257	0.00234265639882617	0.00574288237358332	0.012261829932786	0.0238160426652681	0.0432118879689651	0.0712553167695636	0.105249864068085	0.136910431472962	0.154991304213697	0.152381604266527	0.127663205062452	0.0885234901916929	0.0489248846024811	0.019226171424605	0.0053466553036584	0.000738466996502404	
1.06150658664837e-05	6.27253892110401e-05	0.000121590754470631	0.000386002395144862	0.000974656047740776	0.00280527240671528	0.00648194522047009	0.0131617166684519	0.0251191058640519	0.045553107657033	0.0738885784786295	0.107353056125713	0.136888029390222	0.154722305051903	0.151288813747089	0.125002050637724	0.085975278476603	0.0466927797286982	0.0180176267993743	0.00488872033450968	0.000606023760377433	
1.16185625901649e-05	5.61563858524636e-05	0.000148136673024602	0.000424077534541018	0.0011512059099755	0.00293078241336909	0.00662258067639399	0.0141078396251077	0.0268998770368793	0.0477561650997744	0.0766321659905309	0.109742164731853	0.138792444061462	0.155046813125103	0.149713892896217	0.121801264486895	0.0824685572649904	0.0437903624023315	0.0170850962888375	0.00431339136159871	0.000505407472672173	
9.67300409651723e-07	1.64441069640793e-05	5.32015225308448e-05	0.000176048674556614	0.000443990888030141	0.00129424794811401	0.00316887614201905	0.00702937207693907	0.0150869844893379	0.0284289590396642	0.0506101247333878	0.0793660313115143	0.111839273363932	0.140857318353074	0.155078568975774	0.14722989345186	0.118294068997538	0.0786125042923956	0.0418841077379196	0.0160436445944835	0.00397947388530719	0.000505898114247851	
4.84759171643527e-06	4.84759171643527e-06	2.32684402388893e-05	8.43480958659738e-05	0.000165787636702086	0.000584619561002094	0.00146591173505003	0.00345342433878849	0.00781334832855038	0.0163751648181184	0.0307579694407818	0.0529492748002792	0.0822083688823392	0.114119095633289	0.141214224773133	0.154001202202746	0.144735515395951	0.115338749709144	0.0762177150391685	0.0395350190025595	0.0147686729232917	0.00372391995656558	0.000454704103001629	
5.8083083979427e-06	1.25846681955425e-05	2.61373877907421e-05	7.84121633722264e-05	0.000183929765934852	0.000622457049979526	0.00161277363182876	0.00392157622001098	0.0087134306483137	0.0172545481474884	0.032938916924733	0.0552224920934402	0.0844595804658844	0.116686979611869	0.142012172278299	0.153294811341303	0.14271594564585	0.112323971953615	0.0727025962170487	0.0372990204287887	0.0138808890196834	0.00357210966473476	0.000458856363437473	
1.06426002000809e-05	2.80577641638496e-05	9.48158926916297e-05	0.000260259950347433	0.000682093921914275	0.00193501821819652	0.00441764659214266	0.00922036180970644	0.0186700232782692	0.0344355842110253	0.0578357595236759	0.0879320653803956	0.118165757530607	0.142753066520121	0.151898930128427	0.139919232339572	0.109776486045616	0.0694091034867093	0.035574342432434	0.0132229469940459	0.00330114108024327	0.00045666429949438	
2.89905490809996e-06	7.73081308826656e-06	2.4158790900833e-05	0.000112096789779865	0.000287972787537929	0.000843624978257088	0.0020650934462032	0.0046491177209563	0.0101930770568795	0.0198140739452272	0.0364797742602578	0.060093542838368	0.0900398136874046	0.120025704953518	0.14350515065422	0.151022400030923	0.138117740283334	0.105617402060262	0.0670271158269071	0.0339730581163874	0.0125374461258963	0.00315417174001276	0.000406834038770028	
3.86417054130267e-06	2.70491937891187e-05	0.000117857201509731	0.000360333902976474	0.000887793181864288	0.00224218495659087	0.00507462196336573	0.0109761764225702	0.0212297529539169	0.0381567520100932	0.0621455227305002	0.0926888927315918	0.121878837000592	0.143692079706246	0.150161667235022	0.135555102588898	0.103206198902382	0.0642447333770629	0.0319393016091372	0.0120822952400181	0.00301018885167478	0.00031879406965747	
1.34995188385785e-05	4.53198132437994e-05	0.000111853156091079	0.000356772997876719	0.000962322842921527	0.00246173368534936	0.00565147713663634	0.0114774837668286	0.0223812379830176	0.0396731573638911	0.0650696093046398	0.0942507477769185	0.123168645631845	0.144363854459759	0.149790661032867	0.133384888638612	0.0996322345367833	0.062018718047121	0.030637158004154	0.0114977330450865	0.00274233082692267	0.000308560430596081	
3.84880730272698e-06	1.82818346879531e-05	5.48455040638594e-05	0.000118350824558855	0.00041951999599724	0.00110268329223128	0.00262584878228548	0.00597912214478636	0.0122161143788554	0.0239212995882738	0.0419289067559077	0.066816256977166	0.0956823117476183	0.124696545599226	0.145350207787484	0.149371249217008	0.13031291765573	0.0963520042182928	0.0597286783291943	0.0295309362319984	0.0108825026484605	0.0025613812599648	0.000326186418906111	
9.61735432352972e-07	1.53877669176476e-05	1.44260314852946e-05	4.61633007529427e-05	0.000133681225097063	0.000495293747661781	0.00118581978809121	0.00282942564198244	0.00618972924262373	0.0128891782643945	0.0254042414456038	0.0434512068337073	0.0686304021881405	0.0982643560652326	0.126594196696054	0.146069339201202	0.146812760690411	0.127531888742598	0.0941481284147619	0.0579387893866725	0.0283731187252774	0.0100943750979768	0.00254763716030302	0.000339492607620599	
4.81361212491131e-06	2.69562278995033e-05	7.7017793998581e-06	4.4285231549184e-05	0.00018291726074663	0.000631545910788364	0.00127753265795146	0.00295555784469554	0.0067352060851759	0.0136263732031989	0.0267925650872563	0.0456070494386847	0.0705896963669744	0.100953961650915	0.127333518817854	0.146767996410971	0.144259141771467	0.125726735090558	0.0910321443390477	0.0564819619512843	0.0266414176665341	0.00969268937472141	0.00231631015450732	0.000311922065694253	
