# <P(N_2)> as a function of N_tot.
# number_of_species: 2
# species_total_upper_bound: 100
# species_total_lower_bound: 0
# volume: 512
# Bin widths for each species index 
1	1	1	1	1	1	1	1	1	1	1	1	1	1	1	1	1	1	1	1	1	1	1	1	1	1	1	1	1	1	1	1	1	1	1	1	1	1	1	1	1	1	1	1	1	1	1	1	1	1	1	1	1	1	1	1	1	1	1	1	1	1	1	1	1	1	1	1	1	1	1	1	1	1	1	1	1	1	1	1	1	1	1	1	1	1	1	1	1	1	1	1	1	1	1	1	1	1	1	1	1	
# Bin lower bound for each species index 
0	0	0	0	0	0	1	2	3	3	4	4	4	5	7	7	8	9	10	11	12	12	13	13	13	15	16	16	17	18	19	20	20	21	22	24	24	25	26	26	28	29	29	30	30	30	31	31	32	34	35	36	37	37	38	39	40	40	42	44	44	45	46	47	47	48	49	51	51	52	52	53	54	55	56	57	58	59	59	60	62	62	63	64	64	64	65	67	68	69	70	71	72	72	73	74	76	76	77	79	80	
# Bin upper bound for each species index 
0	1	2	3	4	5	6	7	8	9	10	11	12	13	14	15	16	17	18	19	20	21	22	23	24	25	26	27	28	29	30	31	32	33	34	35	36	37	38	39	40	41	42	43	44	45	46	47	48	49	50	51	52	53	54	55	56	57	58	59	60	61	62	63	64	65	66	67	68	69	70	71	72	73	74	75	76	77	78	79	80	81	82	83	84	85	86	87	88	89	90	91	92	93	94	95	96	97	98	99	100	
# Normalized histogram for each species index 
1	
0.0785343377776237	0.921465662222376	
0.00615791109054128	0.144932543278121	0.848909545631338	
0.000445915845891484	0.016611996658894	0.20125596004594	0.781686127449274	
8.31985006754405e-05	0.00182160927794649	0.0315541260982749	0.249492598617591	0.717048467505512	
4.39518902609204e-06	0.000208771478739372	0.00405456187656991	0.0495271875405182	0.287223405260602	0.658981678654545	
8.780228681056e-06	0.000469742234436496	0.00821609898829815	0.0672697220399105	0.315017044618927	0.609018611889747	
4.14766562829494e-05	0.00105219728044114	0.0119671068285857	0.086293274887631	0.338528102617614	0.562117841729446	
0.000152970356530195	0.00199735579812284	0.0176571497251997	0.106366844767867	0.356346630827897	0.517479048524382	
3.2882117608374e-05	0.000269633364388667	0.0030777662081438	0.0248720337589741	0.127376555050145	0.369682687565079	0.474688441935661	
7.04487364358663e-05	0.000532768569296239	0.00501947247105548	0.0333486706103282	0.146130493075109	0.379507343180012	0.435390803357763	
1.10428418090825e-05	0.000125888396623541	0.000841464545852088	0.00724410422675813	0.0436611879447505	0.164984473764416	0.380757185577165	0.402374652702625	
1.10269631302461e-05	3.0875496764689e-05	9.48318829201163e-05	0.00137395960602866	0.00991765063934332	0.0525500954935007	0.180275409431141	0.383590555626618	0.372155594860553	
2.2069209039548e-06	2.86899717514124e-05	0.000180967514124294	0.00195533192090395	0.0131311793785311	0.0628001412429379	0.196385063559322	0.384392655367232	0.341123764124294	
1.99404003589272e-05	0.000239284804307126	0.00285590845140635	0.0174412035139417	0.0728267733108819	0.213027728234499	0.379813668036646	0.313775493247959	
4.41831746052786e-06	7.73205555592375e-05	0.000539034730184398	0.00388370104780399	0.0212675710962508	0.0839414042738385	0.226854091693342	0.373259459065393	0.290172999220167	
2.20266257852492e-06	0.000165199693389369	0.000909699644930792	0.00533484876518736	0.0267249050652429	0.0954501801777989	0.239187129402021	0.366800588551441	0.26542524603741	
2.20523213376056e-06	0.000143340088694436	0.00135842299439651	0.00723095616660088	0.0320398176714072	0.109628705065639	0.248456888814401	0.358063541558702	0.243076122408025	
6.65496871055545e-06	0.000250670488097588	0.0017879682602359	0.00922600495573337	0.0387252629267221	0.120834266877555	0.256096505919595	0.34977628213518	0.22329638346817	
3.77232048747257e-05	0.000321756747460895	0.00215244168991082	0.0113324945467779	0.0451724283314583	0.1312834100002	0.264171165713601	0.340101320090269	0.205427259675447	
6.27131968724033e-05	0.000472588733574182	0.00299455515065726	0.0144934677486186	0.051543528558022	0.141615357566011	0.271935620423896	0.328711221406702	0.188170947215646	
2.24535940345291e-06	5.38886256828699e-05	0.000592774882511569	0.00389794392439426	0.0171096386543112	0.0597759580387235	0.151045327070278	0.275296780379151	0.318793882742841	0.173431560322703	
2.01637294834053e-05	0.000152348178319062	0.000954416528881182	0.00504989402839949	0.020748477638424	0.0657584026741586	0.160131377899656	0.278552961155695	0.307292996912709	0.161338961254274	
8.95122922755367e-06	6.26586045928757e-05	0.000234969767223284	0.00143667229102236	0.00627033607390135	0.0238684527352719	0.073281475878675	0.170366508080722	0.279464089906146	0.294137392417414	0.150868493015803	
2.2261996990178e-06	1.55833978931246e-05	6.01073918734806e-05	0.000454144738599631	0.00176982876071915	0.00776943694957212	0.0276071024675197	0.0807019652890943	0.178501144266645	0.280423245086777	0.28526745563184	0.137427759819767	
1.54894671623296e-05	5.75323066029386e-05	0.000517790759426447	0.00229907948309435	0.00928040361125863	0.0322534961940166	0.0890777128695344	0.187106124977872	0.280728890069039	0.272318109399894	0.126345370862099	
6.62677349025533e-06	8.39391308765675e-05	0.000631752406071008	0.0028627661477903	0.0111130991431582	0.0363566882920375	0.0971529172161366	0.193892765551381	0.281872019332507	0.261302514418755	0.114724911587797	
8.87788031729544e-06	1.5536290555267e-05	9.09982732522783e-05	0.000703572015145664	0.00355781053715615	0.0135054754326857	0.0413886780392314	0.104843327607101	0.202038361320851	0.279950638985436	0.247837126407699	0.10605959721057	
8.8936519335911e-06	1.77873038671822e-05	0.000191213516572209	0.000987195364628612	0.00432898507867547	0.0158618282235597	0.0466094063709676	0.113147263312129	0.207795730602389	0.275398602362599	0.236684535495677	0.0989685587170018	
8.89400788453799e-06	1.7788015769076e-05	0.000302396268074292	0.00119846756244149	0.00516964208288771	0.0183194327401771	0.0523701419261308	0.119608841533238	0.212909207744013	0.271785316437683	0.226261337080675	0.0920485346010259	
4.42587543816167e-06	1.99164394717275e-05	0.000360708848210176	0.00152028821300853	0.00620286442658358	0.0210494635838969	0.0574722055022483	0.126389724887583	0.216770527210282	0.268307633749956	0.216737333144496	0.0851649081188259	
4.42545432820497e-06	7.3019996415382e-05	0.000511139974907674	0.0019560508130666	0.00734846691198435	0.0231915934069581	0.0629432369100593	0.133827951612082	0.22148956367233	0.264000477949067	0.206885564389254	0.0777685089095459	
2.2175702526256e-06	8.87028101050241e-06	0.000126401504399659	0.000598743968208913	0.00229075007096225	0.00833141143911439	0.0261451532784559	0.0675560601759864	0.142015416548396	0.223586520720976	0.261795256173716	0.196113042861198	0.0714301554073233	
2.22616996362438e-06	1.78093597089951e-05	0.000129117857890214	0.000656720139269193	0.0026936656559855	0.00997324143703724	0.0294722641484232	0.0732632535028784	0.146668981883429	0.229101829466476	0.256361280671057	0.186530781252087	0.0651288284557949	
6.69892571561274e-06	8.93190095415032e-06	0.000194268845752769	0.000859695466836968	0.00334722988256783	0.0115534138841934	0.0341153956943771	0.0806796283436013	0.154231599725791	0.230945464045749	0.250209341428613	0.175268459448053	0.0585798724077949	
1.34346605285195e-05	0.000228389228984832	0.00114418525501225	0.00401696349802734	0.0136384195465354	0.0369318817929002	0.086702820830889	0.161321164516375	0.231452331585335	0.244792949490155	0.165264237381495	0.0544932222137634	
4.45950767035319e-06	3.79058151980021e-05	0.000323314306100607	0.00146048876204067	0.00457991437745273	0.0152314484480913	0.0413842311808776	0.093308508740635	0.166977345701035	0.230728237602569	0.23686674991081	0.157922315376382	0.0511750802711381	
2.23627597434544e-05	8.72147629994722e-05	0.000411474779279561	0.00155421180217008	0.00521723184814792	0.017673289025252	0.0460717576234648	0.098062937751022	0.17050038911202	0.232597300367644	0.230336425357581	0.151192382349521	0.0462730224611559	
1.33761966122553e-05	0.000104780206796	0.000401285898367658	0.00206885174269548	0.00621324332639257	0.0196808439488316	0.0500916269467939	0.103636541985652	0.176354005502076	0.232010130239568	0.225386683550399	0.140893708282987	0.0431449221728294	
1.33489961554891e-05	2.22483269258152e-06	9.12181403958422e-05	0.000500587355830842	0.00213806421757084	0.00754440766054393	0.0223328705681333	0.0556141428164602	0.108941157624947	0.181953492097394	0.231838690730457	0.216369429018938	0.133474387726043	0.0391859782144383	
2.22961463340676e-05	0.000109251117036931	0.000713476682690164	0.0025060868479492	0.00874900782148813	0.0246929820649799	0.0599052859703729	0.116071508200523	0.184870726943555	0.229458560382424	0.211202475764089	0.125888501431413	0.035809840627146	
2.91241472785725e-05	0.000179225521714292	0.000916290479764318	0.00318349332945011	0.00994477613612178	0.0271526665397153	0.0635802538281451	0.121299833096233	0.18828537183695	0.22849237731453	0.205829310093757	0.118470310172169	0.0326369675041726	
2.24367172390273e-06	3.3655075858541e-05	0.000307383026174674	0.00121158273090748	0.00350685890445997	0.0119812070056406	0.0297421123720546	0.068577826241087	0.124685325040723	0.191290963836499	0.229323443228374	0.198962077460523	0.110215886093274	0.0301594353127005	
1.12128238824178e-05	9.8672850165277e-05	0.000336384716472535	0.00123116806228948	0.00439542696190779	0.0128252279567095	0.032685381617248	0.0717486174588153	0.129375804520114	0.194930458066281	0.227579958647106	0.191795352508757	0.105035006436161	0.0279513273740912	
4.47228191476278e-06	3.57782553181022e-05	0.000143113021272409	0.000415922218072938	0.00146914460899957	0.00508945681900004	0.0141816059517128	0.0354853208526853	0.0758901518116096	0.135165776309875	0.198589442284084	0.223064005062623	0.184765618885552	0.0995910098188949	0.0261091818183851	
4.4649135927597e-06	4.4649135927597e-06	4.68815927239768e-05	0.000116087753411752	0.000569276483076861	0.00168996979485955	0.00578652801621657	0.0160223424276182	0.0388827000225478	0.0791718478268149	0.140832304542826	0.200541594018802	0.219673748763777	0.177752675041356	0.0950669402170394	0.023838173671744	
6.69991312445982e-06	1.33998262489196e-05	5.80659137453184e-05	0.000142931479988476	0.000591825659327284	0.00208590628608182	0.00612818720450592	0.0177346700404451	0.0413228308472933	0.0849437318962764	0.146812962991913	0.20179691669998	0.217150884276867	0.171155980677451	0.0882423224578855	0.0218126838288664	
1.56348066532803e-05	2.23354380761147e-06	1.78683504608918e-05	5.58385951902868e-05	0.000140713259879523	0.000694632124167167	0.0024725329950259	0.00699992629305435	0.0202024037398458	0.0455531259562359	0.0906908127642562	0.152164638981147	0.202796843555891	0.212224631967819	0.162974991009986	0.0827706664224659	0.0202225056341143	
2.24065032635072e-06	4.48130065270144e-06	2.01658529371565e-05	8.96260130540288e-05	0.000181492676434408	0.000858169074992326	0.00254537877073442	0.00831057206043482	0.022168994328914	0.049269660026126	0.096092529895877	0.155864118001609	0.203291963459474	0.207546958429215	0.156903779753036	0.0778805240432983	0.0189693456628852	
4.49894162398296e-06	1.79957664959318e-05	5.6236770299787e-05	0.000317175384490799	0.000976270332404302	0.0030097919464446	0.00909461049288155	0.0244584961387834	0.0523519342074777	0.100339895039692	0.159890135845542	0.20432393279481	0.202792043171844	0.151366890938907	0.0729548373745076	0.0180452548537956	
2.25180594837059e-06	4.50361189674119e-05	0.000117093909315271	0.000319756444668624	0.0011867017347913	0.00330114752031129	0.00995748590369476	0.0259858406441966	0.0569571796580858	0.10456035740664	0.163944983877069	0.202989047215867	0.200255354794545	0.144867683882474	0.0685900091873683	0.0169200698960566	
1.35148223814469e-05	4.50494079381562e-05	0.000108118579051575	0.000416707023427945	0.00124561612949002	0.00355890322711434	0.011604727484869	0.0290343434161417	0.0600733854855313	0.110240406165462	0.166462067272281	0.204609905914312	0.194518838536165	0.138281410136567	0.0650851321186511	0.0147018742806173	
1.12950956694603e-05	3.84033252761651e-05	0.000135541148033524	0.000487948132920686	0.00139833284387919	0.0046965007793616	0.0132536652585447	0.0311699460094427	0.0645537307700996	0.114685883389432	0.170133508030813	0.204355388890144	0.189631102175435	0.13189960918969	0.0599137054690853	0.0136354394921725	
2.26819089094538e-06	6.80457267283615e-06	8.16548720740338e-05	0.000154236980584286	0.000474051896207585	0.00180774814008347	0.00538922155688623	0.0140287606604972	0.033927599346761	0.0692387951369987	0.118916712030484	0.173557430593359	0.202023226274723	0.18560379241517	0.125961712937761	0.0563849573580113	0.0124410270368354	
4.54465923008928e-06	1.59063073053125e-05	5.90805699911606e-05	0.000188603358048705	0.000583988711066472	0.00218598108967294	0.0058694273956603	0.0154677476896089	0.0370139770994621	0.0734598717951631	0.123560195147667	0.174819406603844	0.200319489543875	0.179223181397801	0.12217861874172	0.0538610288654031	0.0111889510244798	
2.27821570146261e-06	3.18950198204766e-05	0.00010479792226728	0.000207317628833098	0.000751811181482663	0.0024012393493416	0.00649063653346699	0.0174420194103978	0.0401398824440698	0.077789675126441	0.127190504396956	0.175190231011072	0.199478288604365	0.17610607372306	0.115983961361462	0.0498268556066888	0.0108625324645737	
4.55700240381877e-06	2.50635132210032e-05	0.000145824076922201	0.000268863141825307	0.000931906991580938	0.00290053203003065	0.00763525752759835	0.0193627032138259	0.0428039235790697	0.0817571801269125	0.131581165909065	0.17677751575014	0.198760495346161	0.171227086822288	0.109636920833476	0.0467480091595748	0.00943299497590485	
4.56043141681203e-06	2.28021570840602e-05	2.96428042092782e-05	0.000141373373921173	0.000294147826384376	0.00115378914845344	0.00336787860131568	0.00865341861340083	0.0209711438702101	0.0459828299757157	0.0860735825609103	0.134348029323574	0.179943222628861	0.19470761934079	0.167132970779036	0.104990252077847	0.0433993455780917	0.00878339090877997	
2.74509714212512e-05	4.11764571318768e-05	0.000128104533299172	0.000338561980862098	0.00131764662822006	0.00359836483713567	0.00996012746401063	0.0238434562603084	0.0491601146535573	0.088689513500159	0.138339170477395	0.179428699533105	0.194519871071938	0.162459424032868	0.0999627124304861	0.039755869360827	0.00842973580727588	
3.88750920424973e-05	0.000157787138290136	0.000349875828382476	0.00145438579641343	0.00405444342302046	0.0110816880022319	0.0258427891277801	0.0521337851991091	0.0935563391554501	0.139991493215153	0.180380427077188	0.191109952480917	0.158807037763722	0.0943841499389432	0.038683003352405	0.00797396740895225	
9.15277351919565e-06	6.40694146343696e-05	0.000144156182927332	0.000535437250872946	0.00153537775784507	0.00440248406273311	0.012232681808405	0.0276642579617689	0.0565526993817301	0.0972436422546942	0.143087596618965	0.181700859903072	0.188842311441425	0.151425773294953	0.0914224782964858	0.0361557435942026	0.00698127800176649	
4.59330846822349e-06	9.41628235985816e-05	0.00015846914215371	0.000583350175464384	0.00182813677035295	0.00508249582008929	0.0135479633270252	0.0304651184154923	0.0589183677219027	0.100143311224209	0.147013430833961	0.18259319822882	0.184164109724953	0.147918312602201	0.0874657798519117	0.0337860804380179	0.00623311959137928	
6.8923212648788e-06	9.41950572866769e-05	0.000220554280476122	0.000797211826304314	0.00220784024518284	0.00603307854719057	0.0151148605338792	0.0323502585769195	0.0614519363976594	0.102824243510305	0.149972315842919	0.180468539999586	0.182887744763559	0.14427925847813	0.0839484730062238	0.031750626626875	0.00559196998623833	
1.14542813812947e-05	9.16342510503576e-05	0.000343628441438841	0.00099423162389638	0.00250390590995102	0.0067396991647538	0.0164346029258816	0.0346766914537316	0.064247064267682	0.105761961706046	0.151810463715127	0.181997076867391	0.181282329709199	0.140058371017919	0.0792750814399406	0.0289839136072281	0.00478788961738118	
9.13508970658092e-06	1.82701794131618e-05	0.000125607483465488	0.000488727299302079	0.00104140022655022	0.00261720320093543	0.00762094858771513	0.0177129389410604	0.0360676179340081	0.0680883911280009	0.110274235392992	0.154924270106332	0.182352376950342	0.17719333503855	0.134680911316549	0.075136112836628	0.0268411773303614	0.00480734095808821	
4.56549082450482e-06	1.1413727061262e-05	0.000136964724735144	0.000399480447144171	0.00120757232308152	0.00311823023313679	0.00818592504833713	0.0186523127635144	0.0380077111140026	0.0712102431352139	0.114815246000059	0.156580356062629	0.183254236204799	0.173751167053592	0.129317527604099	0.0714773243484474	0.0254023909475448	0.00446733277177796	
4.5819329800663e-06	2.74915978803978e-05	0.00016724055377242	0.000536086158667757	0.00128752316739863	0.00344561360100986	0.008707963628616	0.0199841006925592	0.0407173474273592	0.0748504571623631	0.117865643979226	0.159749093350012	0.182995530324378	0.169194748188418	0.125304412172363	0.0672627761473733	0.023842088261775	0.00405730165384871	
3.6652860755782e-05	0.000215335556940219	0.000643715867023421	0.00141571674669208	0.00410741120844482	0.00999935857493677	0.0218886302825936	0.042961734413371	0.0787807425869589	0.122466371000257	0.161329857420372	0.180432870285526	0.165638859362973	0.120097679873914	0.0637026719935491	0.0222643221053403	0.0040180698603526	
4.58037994251623e-06	5.9544939252711e-05	0.000201536717470714	0.000714539271032532	0.00162832506956452	0.00456663880268868	0.0112700248485612	0.0232568791581262	0.0469534747907339	0.0833400130540828	0.124318382209804	0.162170642054758	0.178245485463019	0.161343883475134	0.116195078381752	0.0614389263589415	0.0206620939206907	0.00362995110444411	
1.82292556767042e-05	5.69664239897005e-05	0.000227865695958802	0.000674482460038054	0.00177279511455948	0.00503127456677035	0.0118718027594536	0.0253136001640633	0.0501737475931686	0.0854838158389445	0.127570609882535	0.163047020086361	0.176723519157808	0.159212040423374	0.112027890761185	0.0579075093140103	0.0195258114867097	0.00336101901539233	
2.2615991767779e-06	1.35695950606674e-05	9.72487646014497e-05	0.00022615991767779	0.000671694955503036	0.00203091606074655	0.00543914602015085	0.012891115307634	0.0277339907048274	0.0529236823357796	0.0879377607906551	0.130184433412866	0.163846075560029	0.17499123630319	0.155665871337623	0.108739950018658	0.0552644374837448	0.0181945653771782	0.00314588445489806	
4.51674243502101e-06	2.93588258276366e-05	7.45262501778467e-05	0.000261971061231219	0.000736229016908425	0.0022132037931603	0.00631214755294187	0.0141351454503983	0.0294943281006872	0.0550929658511688	0.0924102918493124	0.13112103288866	0.164203912853971	0.175306065759253	0.153314046843136	0.104368367446031	0.0515540981533299	0.0165628945092221	0.00280489705214805	
1.12786873412525e-05	3.15803245555069e-05	0.000112786873412525	0.00032031472049157	0.00095868842400646	0.00277455708594811	0.00671758618044997	0.0152758541349924	0.0317292032284115	0.0586424069621081	0.0950973801865044	0.133914110540159	0.164709438456715	0.174467758744366	0.149510279395643	0.0994261403880771	0.0481802965843623	0.0155713557433332	0.00254898333912306	
8.98073183983763e-06	4.71488421591475e-05	0.00015042725831728	0.000383926286153059	0.00115177885845918	0.00317019833946268	0.00744951706114531	0.016650276831059	0.0338349072065883	0.0619558237800798	0.0983255425484623	0.137286202452638	0.166570123799388	0.171655463203696	0.144515691583707	0.0947175335318075	0.0452808499364613	0.0144859204576581	0.00235968729091734	
2.24028890765753e-05	6.27280894144109e-05	0.000134417334459452	0.000443577203716191	0.00137329710039407	0.00342092116199305	0.00800455226706036	0.0179335127057985	0.0355645864090633	0.0651274388345121	0.101570218495377	0.140235364752639	0.167513122492277	0.169598831465306	0.139287722544699	0.0901850702666616	0.0432958234293895	0.0139637207614294	0.00226269179673411	
3.12367522702425e-05	4.46239318146322e-05	0.00013833418862536	0.000633659831767777	0.00148374573283652	0.00352975300653741	0.00852540217318548	0.0196389923916196	0.0379816595640242	0.0674758472969053	0.105006805149602	0.142319105736406	0.16849773533546	0.166121510966331	0.134924920234722	0.0871193020817064	0.0414154711171601	0.0130971239875945	0.00201477052143064	
2.45656897710701e-05	8.26300474117813e-05	0.000272455832006414	0.000770469361001744	0.00154317196652813	0.00391487765169872	0.00999376924777625	0.0217071367795274	0.0399281788560875	0.0709479453033751	0.107494991949153	0.145799602035826	0.165771507819706	0.163301539375451	0.13149120436644	0.082869004575918	0.0399639107684818	0.0122873113745843	0.00183572699925633	
3.35875537960653e-05	8.28492993636278e-05	0.000326918856948369	0.000644881032884454	0.00172192192461162	0.00444251378209291	0.0108980416216967	0.022826101559806	0.0427569559823912	0.0729812760583438	0.11060157548019	0.146428299529326	0.166166585310147	0.161907683488806	0.126882582390269	0.0801152724846281	0.0381442652610649	0.0112115254571266	0.00182716292650595	
8.97797030536321e-06	2.91784034924304e-05	8.08017327482689e-05	0.000316473453264053	0.000680081250631263	0.001903329704737	0.00522517871772139	0.0120933260013243	0.0241821630174958	0.0442995499792384	0.0767549126331265	0.112981022815267	0.149305890670767	0.166819666243954	0.157765383190995	0.123947613543268	0.0760815648602242	0.0354001369140472	0.0104952472869696	0.00162950161042342	
2.24839857811274e-06	2.24839857811274e-05	8.54391459682841e-05	0.000310279003779558	0.000802678292386248	0.00227537936105009	0.00561425124954751	0.0130744377317256	0.0256452341819539	0.0476390690730527	0.0785995174936651	0.116332142431553	0.150496558825976	0.166287062040062	0.155613913989761	0.119327009337599	0.0732977936464753	0.0331773694186316	0.00990419573658662	0.00149293665586686	
1.79743775248383e-05	7.86379016711678e-05	0.000343759970162533	0.00106273507115607	0.00225803117655782	0.00605062483429871	0.0133100265571428	0.0274513680748094	0.050085602972962	0.0817070266335339	0.118709529565604	0.151506028156862	0.165553004192524	0.153600043138506	0.116781777576065	0.0696641936918922	0.0313563015920805	0.00909952862194941	0.00136380589469711	
2.25000225000225e-06	4.27500427500428e-05	0.000112500112500112	0.000456750456750457	0.00108225108225108	0.00256500256500256	0.00622350622350622	0.0144135144135144	0.0294480294480294	0.0527468027468027	0.0853470853470853	0.121911871911872	0.151191151191151	0.165690165690166	0.150669150669151	0.112774612774613	0.0661253161253161	0.0295627795627796	0.00846900846900847	0.00116550116550117	
2.24786284440069e-06	4.72051197324144e-05	0.000168589713330051	0.000436085391813733	0.00121609379882077	0.00278734992705685	0.00736175081541225	0.0162115868338177	0.0310317465669515	0.0563674086861916	0.08767339452016	0.122629909613435	0.152171323114549	0.164246842314669	0.147491272672507	0.10914722827272	0.06415625344204	0.0280151146297658	0.00773040032189396	0.00110819638228954	
1.79053033270292e-05	5.59540728969662e-05	0.000156671404111505	0.000505824818988574	0.00131603979453664	0.00336619702548149	0.00790519141888338	0.0170659922335747	0.0335455857831892	0.0577804138363231	0.0911827571928961	0.125583321209951	0.153224633221052	0.162047471435446	0.143884779373091	0.105547286787005	0.0619590640002686	0.0264819436206762	0.00736579415615663	0.00100717331214539	
4.4677961255272e-06	6.7016941882908e-06	5.13796554435628e-05	0.000178711845021088	0.000580813496318536	0.00143416255629423	0.00389368432339695	0.00870773464865251	0.0191958860533276	0.0356842876545857	0.0607731967974837	0.09358022374723	0.128292765744514	0.153546983344056	0.160045392808635	0.140235184788048	0.10241529058546	0.0580992208163557	0.0253122989491744	0.00702337550932876	0.000938237186360712	
4.48553191680235e-06	8.97106383360471e-06	1.79421276672094e-05	4.70980851264247e-05	0.00026688914904974	0.000645916596019539	0.00148919659637838	0.0042007006400854	0.00965286468495867	0.0202723614979882	0.0382750438460745	0.0637102525803022	0.0964434217431674	0.129441237289124	0.15475309389564	0.157744943684147	0.138064672399176	0.0974840651478656	0.056089333853655	0.0238630297973885	0.00643673830061138	0.00108774148982457	
4.48021648406051e-06	1.34406494521815e-05	3.36016236304538e-05	9.18444379232404e-05	0.000309134937400175	0.000808679075372922	0.00164871966613427	0.00480727228739693	0.0104299439748929	0.0215632819377832	0.0402144231609271	0.0663654467783883	0.0981324217586194	0.132282871908371	0.154827321256163	0.156420038216247	0.134260887486083	0.093658925599285	0.0545847175335512	0.0223518000389779	0.00613565647492087	0.00105509098199625	
1.12164711635743e-05	1.34597653962891e-05	0.000139084242428321	0.000325277663743654	0.000915264046947662	0.00202793798637423	0.00513490049868431	0.0112613370482286	0.0225137009195263	0.0413910218878218	0.0684967461017155	0.102146159592438	0.1344473532493	0.154679623934155	0.153762116592974	0.130104335614764	0.0932627144308875	0.052120698202897	0.0204992226985484	0.00581013206273148	0.00093769698927481	
8.97388151784232e-06	3.58955260713693e-05	0.000141338633906017	0.000278190327053112	0.000836814451538796	0.00240275677640228	0.0054920154889195	0.0123009480905824	0.0239804548860541	0.0427941974882106	0.0713064625407751	0.104716223431702	0.136492737886382	0.154079302190973	0.150449367117006	0.129616501173335	0.0894538944402317	0.0496121039713913	0.0193903144896778	0.00580610134204398	0.000805405866226348	
2.24105203946941e-06	4.9303144868327e-05	9.41241856577152e-05	0.000327193597762534	0.000817983994406334	0.0027542529565079	0.00637803410432994	0.0138317731876052	0.0254830027408066	0.0456614353041892	0.0737216478903857	0.106505998175784	0.136166321918161	0.154150764534903	0.149823293046688	0.126137614041536	0.0873718958627938	0.0466945602943846	0.0184483403889122	0.00497289447558262	0.00060732510269621	
6.72632166615472e-06	6.2779002217444e-05	9.19263961041145e-05	0.000385642442192871	0.00112553782546989	0.00287662356589217	0.00666354266393727	0.0148965603833107	0.0268312971262912	0.0467299987219989	0.075949140039775	0.109349811326677	0.137526372786199	0.154295092699923	0.150245847056898	0.122954917950086	0.0837247678858498	0.0444139019616196	0.0171386676053622	0.00422637211356721	0.000504474124961604	
8.92962783543589e-06	6.47398018069102e-05	0.000133944417531538	0.00036834714821173	0.00132828214052109	0.00314546140503229	0.00717495596577274	0.0152294802733359	0.027717564801193	0.0496174770675995	0.0792705387021232	0.110048733443912	0.139931732995198	0.155790752030932	0.147894728617448	0.120154839746666	0.079654512699047	0.0418866517690709	0.015892505140117	0.00413888250172453	0.000546939704920448	
6.6939631608894e-06	9.37154842524517e-05	0.00011602869478875	0.000539979694978412	0.00148829114277108	0.00338937668046367	0.00760880479287762	0.0165184697600214	0.0305066214452266	0.0528332199078464	0.0811977731415885	0.113375654055984	0.14043934711546	0.155043343411467	0.145404036459786	0.115972911762409	0.0768801669028148	0.0393984358439414	0.0147579574487075	0.00389811788069126	0.000531054410763893	
4.44479015034503e-06	2.22239507517251e-05	7.11166424055204e-05	0.000142233284811041	0.000653384152100719	0.00154011978709455	0.00386030024557466	0.00888513551053971	0.0173569055370973	0.0327781049637194	0.0549842765548432	0.0840465369528741	0.115320080450702	0.141359883546498	0.154440900958963	0.14311779805096	0.112975453646395	0.0727301012300957	0.0376340382029713	0.0139966441834365	0.00360472481192982	0.000475592546086918	
1.10438662366921e-05	2.20877324733843e-05	8.39333833988603e-05	0.000236338737465212	0.000602995096523391	0.00188187480673234	0.0043799973494721	0.0092194195343906	0.0187436497769139	0.0343420064496179	0.057531916773424	0.086985908026682	0.117921986128904	0.142309051552768	0.152162389009144	0.140824755930556	0.110752308168043	0.0691787781066396	0.0356076335203428	0.0135353624596899	0.00316738083668331	0.000499182753898485	
2.20101907183026e-06	8.80407628732103e-06	8.36387247295498e-05	0.00025751923140414	0.000713130179273003	0.00196551003114442	0.00473879406165054	0.00994200314745727	0.020240571384551	0.0365523237258851	0.0590555427162776	0.0897245424631604	0.119255615349907	0.143182893679774	0.151595188572309	0.138866695279915	0.106001078499345	0.0672631428351327	0.0342698669483971	0.0127505034831127	0.00312544708199897	0.000404987509216767	
1.75368602882183e-05	8.98764089771188e-05	0.000309087162579848	0.000729971809497087	0.00219868385863537	0.00516679746241632	0.0109035428841997	0.0212722115296088	0.0376187574257643	0.0610786922763283	0.0923425299551495	0.121100788720291	0.143366024963721	0.150814806371141	0.135581851103288	0.104087842133184	0.0653028834982529	0.032291936113218	0.0122955311695771	0.00309744794840656	0.000333200345476148	
2.18841366270418e-06	3.28262049405627e-05	0.000100667028484392	0.000299812671790473	0.000870988637756263	0.00249041474815736	0.00580804986081689	0.0114300845603039	0.0220482676517446	0.0390544302246188	0.0648602041352265	0.0930841751431223	0.122478947460565	0.144004184246923	0.149724697561232	0.133364117018855	0.100290621334407	0.0636346924841121	0.0311083002153399	0.0119946952852816	0.0029828078222658	0.000334827290393739	
2.1744519293912e-06	2.82678750820856e-05	7.39313655993007e-05	0.000393575799219807	0.00108940041662499	0.0025201897861644	0.00614065224860074	0.012300874564566	0.0232383677694037	0.0414233092549023	0.0660794196822691	0.0941450707349213	0.123904619840569	0.145636092422905	0.148665103960547	0.13086504046655	0.098406996516528	0.0609259686096119	0.0299726453947283	0.0110788325802481	0.00277025175804439	0.000339214500985027	
2.37767407276115e-05	0.000101591528563431	0.000492826989626857	0.00108508398593282	0.00281862453716413	0.0062900286833954	0.012653549110858	0.0247494255755592	0.0431331692017716	0.0673789601782823	0.0971647317443265	0.125703305183113	0.145723320875762	0.146765174424008	0.128839673437274	0.095403091408599	0.0590808776643459	0.0288174097618651	0.0106109109301677	0.00279700931832084	0.000367458720335814	
3.88223038449178e-05	0.00019626831388264	0.000655665576047501	0.00133074230401746	0.00303245328921969	0.00661057562692629	0.0135834927564051	0.0258470271820831	0.0447211372346873	0.0692740876219398	0.0993549027177769	0.126150919549402	0.146886343391905	0.146027939118	0.127363038147227	0.0916982816816959	0.0563074381377372	0.0274344280504086	0.0105661370297918	0.0024997250086811	0.000420574958319943	
