# <P(N_2)> as a function of N_tot.
# number_of_species: 2
# species_total_upper_bound: 100
# species_total_lower_bound: 0
# volume: 512
# Bin widths for each species index 
1	1	1	1	1	1	1	1	1	1	1	1	1	1	1	1	1	1	1	1	1	1	1	1	1	1	1	1	1	1	1	1	1	1	1	1	1	1	1	1	1	1	1	1	1	1	1	1	1	1	1	1	1	1	1	1	1	1	1	1	1	1	1	1	1	1	1	1	1	1	1	1	1	1	1	1	1	1	1	1	1	1	1	1	1	1	1	1	1	1	1	1	1	1	1	1	1	1	1	1	1	
# Bin lower bound for each species index 
0	0	0	0	0	0	1	2	2	2	3	4	4	5	6	7	8	9	10	10	11	12	13	13	13	15	15	16	17	18	19	20	20	21	22	23	24	25	26	26	27	28	29	30	30	30	31	31	32	34	35	36	37	37	38	39	39	40	41	42	43	44	44	44	45	46	49	51	51	52	52	53	54	55	56	57	58	59	59	60	61	62	62	63	64	64	65	67	68	69	70	71	72	72	73	74	76	76	76	76	77	
# Bin upper bound for each species index 
0	1	2	3	4	5	6	7	8	9	10	11	12	13	14	15	16	17	18	19	20	21	22	23	24	25	26	27	28	29	30	31	32	33	34	35	36	37	38	39	40	41	42	43	44	45	46	47	48	49	50	51	52	53	54	55	56	57	58	59	60	61	62	63	64	65	66	67	68	69	70	71	72	73	74	75	76	77	78	79	80	81	82	83	84	85	86	87	88	89	90	91	92	93	94	95	96	97	98	99	100	
# Normalized histogram for each species index 
1	
0.0790105257251579	0.920989474274842	
0.00639148790360731	0.145142648190719	0.848465863905673	
0.000399083132086284	0.0170531292210716	0.201612449347141	0.780935338299701	
8.23023040787221e-05	0.00180807874272943	0.0317944088444113	0.248225035074927	0.718090175033853	
2.58248455674235e-06	0.000188521372642192	0.00404675330041526	0.0495720823089478	0.286994091275334	0.659195969258104	
1.02885553967974e-05	0.000473273548252682	0.00803021748720039	0.0675032119583879	0.315515270145313	0.608467738305449	
4.36944421954658e-05	0.00107822461770576	0.0123873743624146	0.08653684276812	0.338727026683168	0.561226837126396	
1.28553706524743e-06	0.000124697095329001	0.00196815724689382	0.0180515114702045	0.106375621075095	0.356313593911696	0.517165133663716	
1.2869383479315e-06	2.31648902627671e-05	0.00026510929967389	0.0032353630066998	0.0253333813790317	0.127128917762066	0.369347445041298	0.47466533168262	
9.03288745280316e-06	6.19397996763645e-05	0.000562619847060311	0.00512293759823265	0.0335094316249132	0.146188250536166	0.378194093523936	0.436351694182562	
9.05258257248532e-06	0.000125442929933011	0.000903965031166749	0.00719421669296226	0.0432997956702791	0.164528101802757	0.380774901068205	0.403164524222125	
7.7448435477063e-06	2.452533790107e-05	0.000100682966120182	0.00129855210149876	0.00994696072977079	0.052107307388968	0.180392895913175	0.384234596474289	0.371886734244729	
7.73886989282955e-06	1.93471747320739e-05	0.000174124572588665	0.00193084803826097	0.0132515248798218	0.0627480469027108	0.196403489198472	0.383926625194923	0.341538255168598	
3.87036346583308e-06	1.41913327080546e-05	0.000277376048384704	0.00288858126666675	0.017110876882448	0.0732737211351518	0.212184936287367	0.379880044534982	0.314366402148826	
2.57656587570389e-06	6.31258639547452e-05	0.000523042872767889	0.00382877689129597	0.0210260658286816	0.084540991230658	0.225759990312112	0.373916393013899	0.290339037420755	
1.28428725909982e-06	0.000133565874946381	0.000827080994860282	0.00522191199549986	0.0266515292008394	0.096086519864071	0.237833304650918	0.367200844547302	0.266043958584304	
3.85620469762856e-06	0.000137537967548752	0.00125712273142691	0.00720981738299954	0.0318124033538698	0.108694841812056	0.247932110230897	0.358949672672491	0.244002637644013	
1.28868138254893e-05	0.000226807923328612	0.00171910096432028	0.00913159627674175	0.038226155850549	0.119598653070219	0.256394759190553	0.349753281949311	0.224936757961151	
1.28656580848439e-06	4.88895007224067e-05	0.000348659334099269	0.00213827237370105	0.0114169849844904	0.0446721380021949	0.130208179213471	0.264768810557044	0.339327872290332	0.207068907178137	
7.75452282543794e-06	8.52997510798173e-05	0.000518260608833435	0.00289372943435926	0.014389809523071	0.0514964936632624	0.141292575561363	0.271520739471297	0.328330373690455	0.189464963773454	
1.16410670978173e-05	7.63136620856912e-05	0.000632497978981407	0.00386871463217462	0.0173645917542441	0.0596177849636217	0.150696200485044	0.274951657235247	0.318790622473727	0.173989975747777	
2.71167881326605e-05	0.000182069863176435	0.000942631206516293	0.0048732742101267	0.0208489362471398	0.0658757173036099	0.160287334652156	0.278420976514279	0.306891021502322	0.161650921712541	
5.17053724467241e-06	5.55832753802284e-05	0.000213284661342737	0.00134046178068132	0.00620464469360689	0.0239447579800779	0.0734345552174599	0.170308448399331	0.280608934171305	0.294162204923903	0.149721954359668	
1.29045745426296e-06	1.16141170883667e-05	5.03278407162555e-05	0.000345842597742474	0.00168533743526743	0.00774919701284908	0.02762869409577	0.0810084666913574	0.17936713385528	0.281003562953031	0.284219382929055	0.136929150014389	
1.0313571241638e-05	6.44598202602372e-05	0.000473135080710141	0.00224191254865105	0.00939566340113217	0.0324078192340368	0.0893786975764397	0.18811051507264	0.281320704365348	0.271169571870766	0.125427207458775	
5.1552769414773e-06	1.03105538829546e-05	8.7639708005114e-05	0.000627654967624861	0.00288308862952118	0.0111547304821215	0.037039376005279	0.0972053243700252	0.195008660865262	0.281431723512187	0.260198426609477	0.114347909019673	
7.77290675621055e-06	1.29548445936843e-05	0.000114002632424421	0.000772108737783582	0.00339028283016717	0.0136479287794464	0.0414386614018178	0.105058607716942	0.202010073687156	0.280231425343822	0.24774456155624	0.105571619562852	
5.19466352216368e-06	1.42853246859501e-05	0.000171423896231401	0.000971402078644608	0.00430377872811261	0.0159086570366263	0.0464506812151876	0.112442387934875	0.207983938100389	0.277285944149575	0.236648091415689	0.0978142154564616	
5.20117494542017e-06	1.30029373635504e-05	0.000253557278589233	0.00124438110569178	0.00510885409013896	0.0183627481448059	0.0517919998127577	0.119645227856973	0.21396073372975	0.273013573766314	0.225789505849371	0.0908112142532998	
2.59343834165179e-06	2.4637664245692e-05	0.000344927299439688	0.00154828268996612	0.00623721921167255	0.0209575752388881	0.0574654067743203	0.127009752624884	0.21765949969981	0.267983874000392	0.216496342603579	0.0842698887544623	
2.59238280161402e-06	8.03638668500345e-05	0.000511995603318768	0.00201039286265167	0.00753216823008953	0.0232160841798543	0.0630973011998844	0.134470784493921	0.221179508250906	0.263847536782671	0.207078242001527	0.0769730301455234	
1.2993762993763e-06	9.0956340956341e-06	0.000135135135135135	0.000569126819126819	0.00229469854469854	0.00841606029106029	0.0262032224532225	0.0680327442827443	0.141392931392931	0.223883835758836	0.261635914760915	0.196630717255717	0.0707952182952183	
2.60395984173132e-06	2.34356385755819e-05	0.000123688092482238	0.000622346402173786	0.00269770239603365	0.00998748797296048	0.0296395728985068	0.0734759348541327	0.146773498459107	0.228707094879183	0.25676736613368	0.185856331723652	0.0653229365896719	
9.13647279941527e-06	2.08833663986635e-05	0.000172287772788974	0.000862744074344784	0.00333481257178657	0.0114414743656677	0.0334903936514566	0.0801177299780725	0.153847760258954	0.231785788869166	0.250061344888796	0.175321081758379	0.0595345619713898	
3.92844468946299e-06	2.22611865736236e-05	0.000195112752909995	0.00114448688619689	0.00408296351391521	0.0134693273586055	0.0365135839069954	0.0860159154389186	0.160772908397836	0.232033585583132	0.244306046793014	0.166281897334026	0.0551579824031868	
2.60735456502156e-06	4.95397367354096e-05	0.000277683261174796	0.0014392597198919	0.0044989903019447	0.0150405248083268	0.041120588844955	0.092106103686669	0.166110648305676	0.232229249042775	0.237489586877706	0.158060441086172	0.0515747769734089	
1.30185449172346e-05	7.94131239951311e-05	0.000384047075058421	0.00158435691642745	0.00519309756748488	0.0172014033991421	0.0456065665540563	0.097528429247463	0.171011606032794	0.23370501279072	0.230935968286825	0.149980146719001	0.0467769337421156	
1.16759382265028e-05	0.00012713799402192	0.000439793673198273	0.00191485386914646	0.00626478952175357	0.0195870350381933	0.0496318187479243	0.104037798904019	0.177111009631352	0.232579500166058	0.224721593739621	0.140217639488542	0.0433553532879442	
1.42531910951245e-05	2.20276589651924e-05	0.000132165953791154	0.000544212750904754	0.00214575313213874	0.00759824659834637	0.0223878759765056	0.0545949048729069	0.109505971439197	0.181193043924448	0.232752019094093	0.216612223795832	0.133025032490797	0.0394722691209798	
1.03552899998964e-05	5.04820387494952e-05	0.000165684639998343	0.000749464113742505	0.0026198883699738	0.00877222504116228	0.0245640422910044	0.058898300696911	0.115504199070095	0.1850089055494	0.230336598701447	0.211919715436631	0.125296420176247	0.036103718584639	
9.07044757475669e-06	5.57184636735054e-05	0.000191775177294856	0.000926481430850147	0.00326665690513737	0.00977535092913778	0.026988468869576	0.0632780338379526	0.121107320239926	0.188114603809329	0.229751845512137	0.20540935577794	0.118566299140769	0.0325590194587016	
5.18545117962533e-06	6.09290513605976e-05	0.000277421638109955	0.00121339557603233	0.00368685578871361	0.0115959652004371	0.0296218898636097	0.0683040593008197	0.125791267440941	0.191617977440695	0.228656358853963	0.198364249425387	0.110927171634545	0.0298772733342062	
1.4250956757415e-05	9.32789896848984e-05	0.000338136337607757	0.00129035935730776	0.00447350488030492	0.0127092623445674	0.0325323431941317	0.0725723495163744	0.1307590059569	0.195225152161352	0.226382925799155	0.190580635799958	0.105165583162106	0.0278632115437932	
2.59219800245222e-06	3.24024750306527e-05	0.000137386494129968	0.000447154155423008	0.00148273725740267	0.00492906450166289	0.0141948762614284	0.0356906781967634	0.0762404315491235	0.135940047644599	0.198690680788961	0.222961430685922	0.18342522675252	0.0995546603831787	0.026270630655852	
2.59218456354092e-06	6.48046140885231e-06	3.49944916078025e-05	0.000106279567105178	0.000506772082172251	0.00163566845959432	0.00565744280992807	0.0157475212235111	0.0386689132266217	0.0798561337567235	0.141682327781738	0.201087421424405	0.219164020478258	0.177221178147884	0.0946108482923984	0.0240114056120796	
3.87856472419526e-06	7.75712944839052e-06	5.30070512306686e-05	0.000104721247553272	0.000549463335927662	0.00203366077038638	0.00623285351178179	0.0175892910242255	0.0415290853568667	0.0854279737602168	0.147036388694242	0.201032473929581	0.216620425556122	0.17091154028148	0.0886135682536892	0.0222539115325244	
9.03923285322094e-06	1.29131897903156e-06	1.16218708112841e-05	4.26135263080416e-05	0.000114927389133809	0.00068569037786576	0.00237086164550195	0.00712549812629616	0.0200503097874231	0.0454570106998691	0.0904633510760561	0.151316757962918	0.202044932735194	0.212092685711039	0.164406858453361	0.0833765925191309	0.0204299575672583	
1.29192289804144e-06	2.58384579608289e-06	1.67949976745388e-05	5.94284533099065e-05	0.000169241899643429	0.00083199834633869	0.00255413156942794	0.00824117616660638	0.0218283292853083	0.0494134670042892	0.0960273370885226	0.154811120872306	0.203005012660844	0.207924655056586	0.157786419306496	0.078552787969614	0.0187742235543383	
6.48861054191578e-06	1.29772210838316e-05	5.70997727688588e-05	0.000284201141735911	0.000869473812616714	0.0030353720115082	0.00920993380319525	0.0243037396457997	0.0530171390158854	0.100487813740541	0.15875942957327	0.203402367823759	0.204122603593912	0.151507758431625	0.0734848121093045	0.0174387896924528	
1.29854277529756e-06	4.28519115848195e-05	9.99877936979122e-05	0.000276589611138381	0.00108688030292406	0.00355411157598942	0.0100727963079832	0.0261539500372682	0.056954086124551	0.10475474422603	0.161681560952299	0.203347902983272	0.200906642565713	0.145895176433007	0.068692912813241	0.016478507818526	
7.78596890543552e-06	4.41204904641346e-05	8.82409809282692e-05	0.000321820048091335	0.00125483865525936	0.00392672365130798	0.0116698697277636	0.0288106802730799	0.0607020089097437	0.109010052983518	0.16449546272662	0.204388172075103	0.195966349042391	0.139520669800952	0.0649855894692175	0.0148076151966541	
9.07754034966685e-06	4.79812847053819e-05	0.000106336901238955	0.000420160439041723	0.00155096260831451	0.00487593595924962	0.0130950003501337	0.0311709767692775	0.0639019936872191	0.113365511052554	0.169001755855662	0.20444177017224	0.190918828634193	0.132900377885037	0.0604421540225175	0.0137511768382668	
2.60125042107741e-06	7.80375126323223e-06	6.24300101058579e-05	0.000146970648790874	0.000486433828741476	0.00180136591659611	0.00546522713468364	0.0144187310840321	0.0336094560655307	0.0681410554053333	0.119232214925715	0.172395270406484	0.201903855183187	0.185925674471719	0.127099696824263	0.0565823991592759	0.012718813933858	
6.52107284690477e-06	1.56505748325715e-05	4.17348662201905e-05	0.000209978545670334	0.000631239851580382	0.00208804752557891	0.00612980847609049	0.015693613913361	0.0362767282473313	0.0731520909820084	0.122991346536332	0.173932663401783	0.200894691194595	0.180649368434095	0.122007968751019	0.0536827758902895	0.0115957717363661	
5.21845087676498e-06	2.21784162262512e-05	8.61044394666221e-05	0.000229611838577659	0.000730583122747097	0.0024135335305038	0.00686226290294595	0.0175092073042657	0.0397345895884077	0.0770152026520167	0.126436541680419	0.176176206212305	0.199205229931469	0.176378421183779	0.116441903638695	0.0498114182314409	0.010941786875857	
1.30429111777749e-06	7.82574670666493e-06	1.82600756488848e-05	0.000119994782835529	0.000263466805791053	0.000969088300508674	0.00300639102647711	0.00793791574279379	0.0192526411895135	0.042702491196035	0.0812912482065997	0.131000391287335	0.176710577800965	0.197637928785705	0.172176861875571	0.110256945350202	0.0472179470457806	0.00942872049041346	
3.91219470210593e-06	1.43447139077218e-05	2.99934927161455e-05	0.000126494295368092	0.000319495900671985	0.00118278686493669	0.00350402238818622	0.00891197953139732	0.0211493245595847	0.0456305349404629	0.0851645664701441	0.133738375891491	0.179178517356452	0.195669722090729	0.167501920235566	0.105892678066802	0.0433562457536387	0.00862508525324288	
1.30425879624739e-06	2.08681407399582e-05	3.39107287024321e-05	0.00010955773888478	0.00036910523933801	0.00134469081893106	0.00372365886328629	0.0100780077186036	0.0237375100917024	0.0489683965051081	0.0881744159203046	0.137356710867997	0.180299431734442	0.194378905439933	0.162378915874003	0.100606610766135	0.0400446578211835	0.00837334147190822	
2.61449186696943e-06	1.17652134013624e-05	4.05246239380261e-05	0.00013595357708241	0.000403938993446776	0.00142620531343182	0.00426292898909365	0.0111782599772278	0.0257475159059149	0.0519159650024119	0.0936576349045122	0.140114540888692	0.181223503758986	0.190053950039675	0.157983285553494	0.095340060420907	0.0388356621919638	0.00766569015395435	
5.24816609396054e-06	2.36167474228224e-05	4.59214533221547e-05	0.000145636609107405	0.00048807944673833	0.00170171785596671	0.00452654325604097	0.0125050677603845	0.0274807097095009	0.0561737457867067	0.0974938694859815	0.143744645230532	0.182152036747659	0.187405451007713	0.151620830496044	0.0917143265750074	0.03578462051167	0.00698793315410846	
6.59026354463915e-06	1.18624743803505e-05	6.72206881553193e-05	0.000155530219653484	0.000626075036740719	0.00183868352895432	0.0051812651987953	0.0133110143074622	0.0298183064340743	0.0586520274945795	0.100606963272461	0.147499324497987	0.182645199981547	0.184261132602693	0.147896058363374	0.0876597315126632	0.0333915473279776	0.00637146679495713	
6.6160932498647e-06	5.29287459989176e-06	5.29287459989176e-06	6.748415114862e-05	0.000194513141546022	0.000770113254284251	0.00212905880780646	0.00571895100518305	0.0145090924969533	0.0321647989435422	0.062151579989229	0.103475698427884	0.149996096504983	0.180992493380599	0.182848969146511	0.144143500416152	0.0834381984113437	0.031589198830804	0.00579305124958153	
3.97191590659643e-06	1.19157477197893e-05	1.32397196886548e-06	1.32397196886548e-05	7.8114346163063e-05	0.000300541636932463	0.00094796392970768	0.00234210641292303	0.00656292904966616	0.0160849354497467	0.0349621277818306	0.0645383375943165	0.10630038540824	0.151766906791049	0.182386406515001	0.181306045388407	0.138993225235435	0.0791165929434942	0.0291432709786668	0.00513965918313577	
2.65129621872133e-06	2.65129621872133e-06	7.953888656164e-06	2.91642584059347e-05	0.000115331385514378	0.000433486931760938	0.000923976732224384	0.00264997057061197	0.00761054579583959	0.0177437999437925	0.0366276572616352	0.0684988891068844	0.10983259715675	0.154834373525216	0.182948718628537	0.176886529824431	0.133972649228208	0.0747546225349573	0.0271280629099567	0.00499636772418035	
2.65021764912443e-06	0	3.97532647368665e-06	1.98766323684333e-05	0.000147087079526406	0.000373680688526545	0.00106803771259715	0.00318953694072126	0.00827927993586473	0.0188297963970291	0.0385752429918307	0.0716314077293598	0.115053898801439	0.15608059311871	0.182896820401375	0.173507099270528	0.129093426797676	0.0709184991817453	0.0256077280346648	0.00472136274191518	
2.6583195433007e-06	3.05706747479581e-05	0.000147536734653189	0.000459889280991022	0.00127998086009929	0.00357145230642449	0.00883359584238823	0.0201713286945657	0.0410072372749566	0.0753660173721182	0.117784822324568	0.1592479614012	0.182540157239601	0.169731044520207	0.124505054130032	0.0671903556166969	0.0238717094988403	0.00425862790836773	
3.85753203081769e-05	0.000174254033116247	0.000537394117396671	0.00145921125441621	0.00405838973311199	0.00995775337334525	0.0224401949516877	0.0440596667092325	0.0788665772783382	0.121864757587366	0.160751340824927	0.18029971693696	0.165820669986805	0.119224343421445	0.0639232963010258	0.0224628080704891	0.0040610501000298	
5.33175513381372e-06	5.46504901215907e-05	0.000169283225498586	0.000665136452943262	0.00167550405080096	0.00457597884359563	0.0113366443532714	0.0238076196112617	0.0469194451775608	0.0825462329817041	0.124544468170755	0.162498567090808	0.178031302734391	0.161217612919909	0.115821716771836	0.061583104734332	0.0209577964922383	0.00358960414384009	
1.46283015079119e-05	7.97907354977014e-05	0.000222084213801935	0.000690189862055117	0.00193359549022763	0.00508266985120358	0.012055050288111	0.025548993506364	0.0500713462159909	0.0848561173562138	0.127838056723234	0.162775760106494	0.176727170208267	0.159246349906312	0.111685752167316	0.0582911218178457	0.0196285209324345	0.00325280231712296	
2.64945580177831e-06	3.31181975222289e-05	7.02105787471253e-05	0.000254347756970718	0.000745821808200596	0.00216857957375555	0.00569500524592249	0.0131095073071991	0.0277742451700421	0.0526778049788573	0.0879354380610223	0.129431214828474	0.164584194406469	0.175541018874723	0.155365412944181	0.108009039943196	0.0553166629574285	0.018201761358217	0.00308396655326996	
1.05911587654416e-05	3.17734762963247e-05	7.14903216667307e-05	0.000276694022747161	0.000818167014630362	0.00239227798614412	0.00652547769435769	0.0141749421126979	0.0296353861205512	0.0553824930793397	0.0912812257148039	0.131539544077093	0.165128080206845	0.175421362632009	0.152108898294426	0.103507394614661	0.0520754037548306	0.0168823070721139	0.00273649064602097	
1.19205140125642e-05	3.17880373668379e-05	0.000101986619885272	0.000358939921933878	0.00102913770975138	0.00284900284900285	0.00683177903075625	0.0151350792912857	0.0316463157002441	0.058674094471398	0.0947800069138981	0.134998496690733	0.16507925155066	0.173781226779832	0.148105764098326	0.0997561592633652	0.0488515909250451	0.0154741516898653	0.00250330794263849	
9.26483531755223e-06	3.97064370752238e-05	0.000153531556690866	0.000424858876704895	0.00117795763323164	0.00317916206182292	0.00759584141249032	0.016408023347385	0.0337954721426255	0.0616349787239675	0.0983091675545467	0.137365742609639	0.166154233037079	0.171433865620181	0.144318339741511	0.09533383186971	0.0459588773666691	0.0144743198618216	0.00223282531153009	
1.32334647857502e-05	4.63171267501257e-05	0.000157478230950427	0.000475081385808432	0.00135775348701797	0.00353598179075245	0.0079043485165286	0.0174469999735331	0.0354934759018606	0.0646309186671254	0.101842098298176	0.140051081174073	0.167559484424212	0.168859010666173	0.140596299923246	0.0909536034724612	0.0431913823677315	0.013723102982823	0.00216234814599158	
1.97761341612941e-05	4.48259040989334e-05	0.000172711571675302	0.000627562657385068	0.00152012551253148	0.00355311210431252	0.00855647404711994	0.0190839694656489	0.0378106501074503	0.0671623884296431	0.105185302377091	0.142212817571754	0.167505174755106	0.166918482774987	0.135993882582499	0.0873511845904363	0.0413294835792166	0.0130126962781316	0.00193937955675091	
1.97272121109301e-05	8.41694383399683e-05	0.000276180969553021	0.000724646258208164	0.00159790418098533	0.00391519403028259	0.00973866704542914	0.0205649610519076	0.0402803368355711	0.0707615098419061	0.10727394916429	0.145043669471876	0.166520027723309	0.164918178099901	0.132243339106831	0.0825886310761457	0.0397082476843541	0.0119362784745867	0.00180438233441307	
3.94817364067672e-05	8.29116464542111e-05	0.000302693312451882	0.000683034039837072	0.00168060591304806	0.00438773697267206	0.0103771163855786	0.022316393474985	0.0425099855891662	0.072759575966151	0.110660726858767	0.146292993965875	0.167040646447631	0.163457020839777	0.127229895570807	0.0796938849370595	0.0376392553744514	0.0111338496667083	0.00171219130217347	
5.2649382751799e-06	3.15896296510794e-05	7.89740741276984e-05	0.00026719561746538	0.000735775123956391	0.00190459142104633	0.00505828944787909	0.0116697356869362	0.0236106156950442	0.0440820119435125	0.0763350238172645	0.113272514521358	0.148567344483595	0.167718557459562	0.159109067145074	0.1234614863184	0.076883893632452	0.0351842662584585	0.0104443213033881	0.00157948148255397	
3.94566036544706e-06	2.49891823144981e-05	7.36523268216785e-05	0.000310391948748502	0.000853577859058381	0.00218063496197041	0.00543580476346424	0.0126550480121105	0.0249786605535235	0.0471690544487978	0.0790802402644118	0.115916925436226	0.15028362721927	0.166501606541379	0.155704964561394	0.120388673850399	0.0737496531106929	0.0332895365032769	0.00990623795751576	0.00149277483826081	
1.05291420328615e-05	2.10582840657229e-05	0.000111872134099153	0.000375100684920689	0.00105291420328615	0.00222296511168787	0.00595817824784547	0.0130864074040927	0.0269374937483219	0.0499370883763537	0.0820654491468763	0.118127760609427	0.150515401502509	0.165236458207203	0.154527004617029	0.117892171056441	0.0701017115120374	0.0313439396890744	0.00911823700045802	0.00135825932223913	
5.27138402823353e-06	3.95353802117515e-05	0.000108063372578787	0.000466517486498668	0.00109908356988669	0.00250917879743916	0.0062795362236332	0.0143315753267599	0.0288305170964162	0.0528732996491894	0.0845016038185906	0.120735779782661	0.151569422809806	0.165501690796427	0.152194081817151	0.113390106139317	0.0662336224687473	0.029750373609343	0.008442121521216	0.00113861895009844	
1.31815000283402e-06	3.95445000850207e-06	5.27260001133609e-05	0.000163450600351419	0.000409944650881381	0.00114547235246277	0.00276284240594011	0.00728805136566931	0.0157743010839147	0.0312638817672173	0.0558249707700237	0.0874421167380005	0.12230718431296	0.152886946228707	0.164513029253703	0.148141606218504	0.108962233684269	0.0639895918875776	0.0282057737606424	0.00784826511687377	0.00101233920217653	
1.31878276350928e-06	1.97817414526392e-05	5.67076588308991e-05	0.000143747321222512	0.000465530315518776	0.00126735023573242	0.00332860769509743	0.00791797171210972	0.0171586825360193	0.033243875902542	0.0581438132603607	0.0904935544492434	0.125734067455738	0.154069433912499	0.16227358148429	0.14413372457222	0.105410306287297	0.0614170320793907	0.0264798391085029	0.00732583825129406	0.000915235237875441	
3.94990987622299e-06	1.1849729628669e-05	5.13488283908989e-05	0.000173796034553812	0.00056352047567448	0.00142986737519272	0.00387617822520016	0.00856867115815308	0.0186843903511602	0.0350291174189709	0.060750930532935	0.0937168783598921	0.128083727556283	0.154287429675146	0.160297875870132	0.141238244080731	0.101916891262931	0.0583783513339504	0.0250977273535209	0.00693077519614594	0.000908479271531288	
2.63702648893108e-06	5.27405297786216e-06	1.84591854225176e-05	6.06516092454149e-05	0.000238650897248263	0.000652664056010443	0.00152420131060217	0.00423506454122332	0.00939572538006144	0.0199965718655644	0.0375380720699339	0.0633571984230582	0.0964268291074984	0.129073217040465	0.15478026976781	0.158499795630447	0.138645623195285	0.0981343037590813	0.0560816423400973	0.0238202602745145	0.00651213691441531	0.00100075155254935	
2.63350209692604e-06	7.90050629077813e-06	2.37015188723344e-05	7.37380587139292e-05	0.000262033458644141	0.000772932865447794	0.00170782610985654	0.00474952103180612	0.0103588804982586	0.0211931081250123	0.0393142360539605	0.0657493301029041	0.0978306526476572	0.132296611341177	0.155986279454075	0.157125269110996	0.135063105293998	0.0941516502182515	0.0540276122694863	0.0221596033945842	0.00618609642567928	0.000957278012232617	
6.57875693072043e-06	1.71047680198731e-05	0.000107891613663815	0.000284202299407122	0.000851291146835223	0.00201836262634503	0.00518932346695227	0.0112430955946012	0.0218730510432593	0.0411988074029436	0.0681677635647389	0.102175989642405	0.135555286557494	0.155137614437477	0.154594209114999	0.130842265092326	0.0918157632279066	0.0518208683432848	0.0204928278391941	0.00572878153527135	0.000878921925944249	
5.26121263059316e-06	4.47203073600419e-05	0.000142052741026015	0.000289366694682624	0.000886514328254948	0.00236096916797868	0.00562555160526174	0.012146824660882	0.0234913143955985	0.0431419435708639	0.0711763150729796	0.105000651075063	0.137096678727997	0.154921667120446	0.152281853683046	0.127892187230774	0.0889447454296503	0.0490818526308036	0.0192534076216557	0.00543614795056039	0.000779974772485436	
1.05210829350665e-05	5.78659561428658e-05	0.000114416776918848	0.000351141142957845	0.000950842870256636	0.00275915399972119	0.00646126005749772	0.0131710806993364	0.0250309714378901	0.0456956934577276	0.0736633621698681	0.107213780514428	0.13709234091465	0.155239893842273	0.150505406521493	0.125511258873876	0.0861966022162661	0.0462756681545231	0.0181173048141845	0.00494753925021502	0.000633895246837757	
5.27913422198759e-06	6.33496106638511e-05	0.000118780519994721	0.000409132902204039	0.00112445558928336	0.00290352382209318	0.00654084730104263	0.0142563019664775	0.0269790154414676	0.047458096872113	0.0763230830143856	0.110042233073776	0.139053715190709	0.15514055694866	0.1494958426818	0.122304342087898	0.0821723637323479	0.0436637191500594	0.0171070344463508	0.00432889006202983	0.000509436452421803	
1.58298606576516e-05	5.93619774661934e-05	0.000149064521192886	0.000402342291715311	0.00128353786832458	0.00315937635625629	0.00697701108485993	0.0149420693057683	0.0282312373278668	0.0505170428237305	0.0793722404925197	0.111874901887843	0.140966228311442	0.156038893967636	0.14717944861957	0.118462762231535	0.0783274696891147	0.041515128729746	0.015961776163132	0.00400759305649545	0.000556683433127413	
1.85219485089831e-05	8.73177572566348e-05	0.000123038657952531	0.000513322572963247	0.00146587992485381	0.00333395073161697	0.00767073267536316	0.0162305188791575	0.0306868996904189	0.0530561215039822	0.0820363559389305	0.11453840658323	0.141489164660122	0.154834228560845	0.144649802873548	0.115209165718519	0.0759360198978647	0.0390191305268171	0.0148691556637473	0.00374407959145874	0.000488185642843913	
2.64212659485367e-06	2.11370127588293e-05	7.39795446559026e-05	0.000163811848880927	0.000627505066277746	0.00157999170372249	0.00376106720777419	0.00861861695241266	0.0172081705122819	0.0330939566638396	0.0552561145414721	0.0848188690112898	0.116480793060719	0.142271911816383	0.154486463064391	0.142230958854163	0.112484576586003	0.0717746900124973	0.0370743203789866	0.0139477862942325	0.00354705495359105	0.00047558278707366	
6.59655844352884e-06	2.37476103967038e-05	8.97131948319923e-05	0.000269139584495977	0.000646462727465827	0.00177975146806408	0.00435372857272904	0.00916130036637286	0.018917610304352	0.0346767884259424	0.0578570947965028	0.0880891221431954	0.118447803412004	0.143252182471361	0.151937211318111	0.140089792353533	0.109508147409334	0.0687110720594851	0.0351266737117911	0.0133356025494379	0.00321912052044208	0.000501338441708192	
1.31767756693473e-06	1.31767756693473e-05	0.000105414205354778	0.000267488546087749	0.000748440858018925	0.00193039763555937	0.00458551793293285	0.0101263521018934	0.0200497818584788	0.036557646417037	0.0598699979312462	0.090820926300976	0.120539826145622	0.143293482371451	0.150933376904538	0.138017501393444	0.105626351443055	0.0666481313355585	0.0337009214519226	0.0126128096706992	0.00312684886633611	0.000424292176552982	
2.1038734940868e-05	9.73041491015145e-05	0.000337934679987692	0.000802101769620593	0.00217750906637984	0.00509663353942527	0.0110400761602205	0.0213451115184444	0.0382720886993065	0.0619801131357971	0.0934829888678794	0.121780087363347	0.143413166566294	0.15001012489119	0.135540734935608	0.103477702885725	0.0639327707224965	0.0317579703932403	0.0120670294095216	0.00305850609202869	0.000309006419443999	
1.84122825706703e-05	3.41942390598162e-05	0.000106528206301735	0.000335366575394352	0.000903517009003606	0.00243305162541	0.00569728629258169	0.011512937258832	0.0222867528887556	0.0398257672003598	0.0654845981256296	0.0940538848601061	0.123105836430542	0.144579818560107	0.149584013930207	0.133251004126982	0.0995170721314321	0.0619744279698354	0.0305315099912936	0.0116378777477044	0.00281970955939408	0.000306432988497584	
5.25179053233462e-06	2.36330573955058e-05	3.01977955609241e-05	0.000110287601179027	0.000458218723946195	0.0010844947449271	0.00262458231853423	0.00600673542135772	0.0121578950823546	0.0237577874206487	0.0420222019444754	0.0667043044988151	0.0953856455435275	0.124479252145028	0.146261053377886	0.149110149741678	0.130319243216984	0.096162910542313	0.0598874803878447	0.0294822391008935	0.0109184725167237	0.00268497790965607	0.000322985117738579	
1.30981087640756e-06	2.09569740225209e-05	1.30981087640756e-05	2.75060284045587e-05	0.000138839952899201	0.0005199949179338	0.00118799846490165	0.00279775603200654	0.006205883932419	0.0129553393785471	0.0252898284016771	0.043377006793989	0.0684533360228117	0.0983130945722747	0.126403298627711	0.146520683878455	0.146728943807804	0.127510088818276	0.0939474949212083	0.0578491071674161	0.0283966998005158	0.0103330980039792	0.00267201418787141	0.000336621395236742	
6.5554770355084e-06	3.6710671398847e-05	1.31109540710168e-06	3.01551943633386e-05	0.000190108834029744	0.000675214134657365	0.00119047462964832	0.00284376593800354	0.00681507392611453	0.0136222812797864	0.0264710162693829	0.0455736763508544	0.0704543338914229	0.101029078785034	0.127354563464229	0.146758775489334	0.144756732802689	0.125741916113494	0.0910267319242554	0.0555825786886686	0.0269377662343111	0.0101977000764369	0.00235472735115462	0.000348751378289047	
