# <P(N_1)> as a function of N_tot.
# number_of_species: 2
# species_total_upper_bound: 100
# species_total_lower_bound: 0
# volume: 512
# Bin widths for each species index 
1	1	1	1	1	1	1	1	1	1	1	1	1	1	1	1	1	1	1	1	1	1	1	1	1	1	1	1	1	1	1	1	1	1	1	1	1	1	1	1	1	1	1	1	1	1	1	1	1	1	1	1	1	1	1	1	1	1	1	1	1	1	1	1	1	1	1	1	1	1	1	1	1	1	1	1	1	1	1	1	1	1	1	1	1	1	1	1	1	1	1	1	1	1	1	1	1	1	1	1	1	
# Bin lower bound for each species index 
0	0	0	0	0	0	0	0	0	0	0	0	0	0	0	0	0	0	0	0	0	0	0	0	0	0	0	0	0	0	0	0	0	0	0	0	0	0	0	0	0	0	0	0	0	0	0	0	0	0	0	0	0	0	0	0	0	0	0	0	0	0	0	0	0	0	0	0	0	0	0	0	0	0	0	0	0	0	0	0	0	0	0	0	0	0	0	0	0	0	0	0	0	0	0	0	0	0	0	0	0	
# Bin upper bound for each species index 
0	1	2	3	4	5	5	5	6	7	7	7	8	8	8	8	8	8	9	9	9	9	10	10	11	10	11	11	11	11	11	11	12	12	12	12	12	12	12	13	13	13	13	13	14	15	15	16	16	15	15	15	15	16	16	16	17	17	17	17	17	17	18	19	19	19	17	17	17	17	18	18	18	18	18	18	19	19	19	19	19	19	20	20	20	21	21	20	20	21	21	21	22	22	21	22	21	21	22	23	23	
# Normalized histogram for each species index 
1	
0.920801561774598	0.0791984382254019	
0.84824667876007	0.145415121645414	0.00633819959451529	
0.78051608461207	0.201947674685147	0.0170886239494135	0.000447616753369837	
0.718479120717049	0.24781117807558	0.0317999289387063	0.00184105733841936	6.87149302459659e-05	
0.661093316590371	0.285142827923305	0.0494912145549772	0.00408989898058493	0.000181065419103575	1.67653165836644e-06	
0.608693909553882	0.315327276203932	0.0676813652672811	0.00779143568328912	0.000497663237299359	8.35005431710333e-06	
0.561062737965605	0.338832052884128	0.0868440016974078	0.0121655926740282	0.00105041753050605	4.51972483245631e-05	
0.516261181264504	0.356534937339662	0.107271415269628	0.0178564993182079	0.00193684266987602	0.000131581263163364	7.54287495840943e-06	
0.474114590156775	0.369484559285424	0.127628179933957	0.0253319762031933	0.00313752364060238	0.000272937682868248	2.68738641593351e-05	3.35923301991689e-06	
0.436153982166763	0.377855801695757	0.146645953842397	0.0337181203532968	0.00500054729007216	0.000564129766686032	5.3887022489412e-05	7.57786253757357e-06	
0.402265546450782	0.381070610177176	0.164939400298511	0.0434458690142994	0.0072402758569542	0.00092283809374518	0.000105346814354473	1.01132941780294e-05	
0.37046765697137	0.384358333186142	0.18095055457568	0.0526079397641739	0.0101183672336485	0.00135332110381882	0.000105136816642233	3.28026867923767e-05	5.88766173196504e-06	
0.341421912834968	0.382678130609468	0.197296678352883	0.0630230592292485	0.0133061216242157	0.00201898757623825	0.0002197480222678	2.86261791459969e-05	6.73557156376397e-06	
0.314488127334631	0.379137380083886	0.212474650163825	0.0732816944657216	0.0172564475473506	0.00297196249067835	0.000361055902926577	2.61512453054297e-05	2.530765674719e-06	
0.289503773538802	0.373653225391952	0.226386207814684	0.0845142932735207	0.0212956167631573	0.00400398713533763	0.000587285150111601	5.39257526644799e-05	1.685179770765e-06	
0.266053203245474	0.367447782077624	0.237522111994891	0.0958044984516351	0.0266629690789225	0.00549007743925242	0.000900026471366805	0.000118490879983865	8.40360850949398e-07	
0.244647567427621	0.359003434635177	0.247544227442449	0.107939672810231	0.0320868560899629	0.0072508964851729	0.00134325673351568	0.000174001341575561	1.00870342942354e-05	
0.225474491284631	0.350233472163711	0.256794153483667	0.118233700884865	0.0379920973477596	0.00923377572377212	0.00174904412216064	0.000265720164712867	2.27039381242006e-05	8.40886597192616e-07	
0.208235762163033	0.33912297576542	0.264902579907641	0.129505689763127	0.0441844225213565	0.0114592618331797	0.00215957523597535	0.000364265702453674	6.04311764439274e-05	5.03593137032729e-06	
0.190059808501897	0.329331537706072	0.271014257762125	0.14064113302624	0.0511064866894789	0.014350175880178	0.00290431227783943	0.000506595401659583	7.47711289348307e-05	1.09216255747505e-05	
0.174437476139301	0.319252367569968	0.275125000630679	0.150175665198445	0.059030738466558	0.0172478165883783	0.00394384768170711	0.000667679117116299	0.000105113211132919	1.42953967140769e-05	
0.161309274659216	0.307239791621489	0.278809640279788	0.160055238124055	0.0656478040072015	0.0207142965208051	0.00500353853472723	0.00100188441683099	0.00018911408874746	2.85772400773939e-05	8.4050706109982e-07	
0.149324245174655	0.294641239374043	0.280590999992415	0.169996772287858	0.0735328447099652	0.0240207517451136	0.00620428636801481	0.00140316989985665	0.000225855575472422	5.22501704451125e-05	7.58470216138729e-06	
0.136740953629473	0.284982100539505	0.280994638565354	0.178395435217399	0.0810988419973445	0.0278206356409351	0.00781777845005798	0.00175633203919394	0.000331938351905074	4.78999647052892e-05	1.26052538698129e-05	8.40350257987529e-07	
0.125702001880962	0.271137310224372	0.28219551927986	0.187410150476958	0.088940951229343	0.0323407900040306	0.00948038425366116	0.00225043665188768	0.000471080209592906	6.29786376461104e-05	8.39715168614806e-06	
0.114667120899112	0.260028495813733	0.281333228166216	0.194819568467989	0.0972449012128342	0.0371997912320831	0.011222953730384	0.00276483233956001	0.00061002522332629	9.64964245976938e-05	9.2300927876055e-06	3.35639737731109e-06	
0.106102967910478	0.248979107472294	0.27925660844858	0.201486985093118	0.104909542020711	0.0414694456040183	0.0134592854930583	0.00340521942877149	0.000772612811570003	0.000132976932710306	2.01990277534641e-05	5.04975693836603e-06	
0.0982074895159421	0.237209027880218	0.276731924219754	0.207498788274714	0.112598992687501	0.0465555391650686	0.0156921585568879	0.00427201652161086	0.00100225486270626	0.000196404863759931	3.2031694518787e-05	3.37175731776705e-06	
0.0911404289378545	0.225493788489498	0.273173062797299	0.213842457113813	0.120110029094556	0.0516128650961573	0.0179430503185542	0.00511476561405049	0.00126138326632411	0.000278618793766369	2.53289812514881e-05	4.22149687524801e-06	
0.0842997632029124	0.215844337515906	0.268977053435243	0.217646017848264	0.127320990671375	0.0573529287839079	0.020469886320544	0.00614324117067087	0.0015311754742262	0.00036404392122494	4.71908786773071e-05	3.37077704837908e-06	
0.0770241839608851	0.206211173844283	0.264515389754992	0.221822100481859	0.134359457425933	0.0628388665564038	0.0232664145169485	0.00746591218348231	0.00195389350564219	0.000467620049862621	7.0774926465694e-05	4.21279324200559e-06	
0.0708851307461446	0.195640697076257	0.261351225103665	0.224443113580249	0.14135467146003	0.0683104998145894	0.0264930198613179	0.00857112206774624	0.00230686255711195	0.000522021625886191	0.000113189155127426	7.60225668766297e-06	8.44695187518108e-07	
0.0652581369769901	0.18579251141954	0.256241540494454	0.22859116314027	0.14708823924771	0.0737867557854352	0.029782532056295	0.0100021896434094	0.00268336995420348	0.000635757468670768	0.00012089536970734	1.52175989841407e-05	1.69084433157119e-06	
0.0599898666337346	0.175670954879453	0.24983146300264	0.231217534952924	0.15416335020254	0.0797719231319038	0.0335230026568367	0.01140130583396	0.00335297695124396	0.000876307800577382	0.000179321673477225	1.60712820569211e-05	5.92099865254988e-06	
0.055363985161848	0.16637104032479	0.244310359306886	0.231748996694244	0.160381319808322	0.0861574768016029	0.0368621023995358	0.0133095475008334	0.00409041670165831	0.00113584984726679	0.000226491343704431	3.98692627494692e-05	2.54484655847676e-06	
0.0514823428363222	0.15809825250171	0.237591629321721	0.232695151117051	0.165620500959091	0.0920372206737561	0.0409437555954014	0.0150935293277233	0.00465977000416776	0.00139319683724029	0.00031617452495623	6.17132094165904e-05	6.76309144291401e-06	
0.0472036643384958	0.149792489118332	0.231357762256639	0.233085332523535	0.171445321726221	0.097450821608125	0.0451007186962243	0.0170007085737423	0.0054501130343827	0.00160188278165806	0.000398150959948713	9.78506596484125e-05	1.51837230488916e-05	
0.0435260813146605	0.140578900331728	0.224770727126149	0.232626342018409	0.176509397284574	0.1039819173591	0.0495715807668292	0.0195443659210214	0.00637116875728969	0.00189258466981172	0.000479667968782872	0.000135485163112355	1.17813185315091e-05	
0.0395117109864188	0.133036570413404	0.217350966552404	0.232517977631012	0.181029302887262	0.109431396754992	0.0543879537896939	0.0220706566909058	0.00768519039859625	0.00224799172402897	0.00056725024811946	0.000134459318072761	1.93285269729594e-05	9.24407811750232e-06	
0.0361756390573746	0.125555583519996	0.212198927843354	0.230468376412554	0.184869000578864	0.11495650131293	0.058724485943674	0.0245119506036124	0.00890192031812347	0.00266277401656054	0.000741616959873824	0.000182048507118348	4.44634602639284e-05	6.71146570021561e-06	
0.0332632812250838	0.11857298484088	0.205303593639582	0.22977623051396	0.188084874955308	0.12051844155321	0.0632718251203951	0.0269132702304837	0.00984058669200181	0.00329082647499694	0.000892157241245025	0.000214856306452236	5.11962292718218e-05	5.87497712955332e-06	
0.0305112816902945	0.111597827646413	0.197750290086225	0.228561935821097	0.191399855858819	0.125956571386381	0.0677136339267061	0.0297779906987827	0.0114977342650771	0.00373944845442563	0.00116034489846772	0.000278549896089143	5.11793483778244e-05	3.3560228444475e-06	
0.0282954311025834	0.105804500634825	0.190898768422094	0.225920664444918	0.194879634769979	0.13076898563802	0.0719499452389778	0.0325220092347378	0.0128172659071126	0.00440771719496098	0.00132583730693176	0.000327895247950864	7.21201824137451e-05	9.22467449478135e-06	
0.0263441347305691	0.0999255076052708	0.18327058523507	0.223233070596644	0.198347745262854	0.135675984927034	0.0762758500354007	0.0355432743769651	0.0143020364610073	0.0050097813211998	0.00151836975742995	0.000418600281192013	0.000110731938110913	2.26497146135959e-05	1.67775663804414e-06	
0.0242073892795608	0.0946986958860698	0.1770872411012	0.219600398476925	0.200532589420219	0.140993523491088	0.0802325064181809	0.0387851992846215	0.0157628340538313	0.00576230532497102	0.00169277160507815	0.000511943817103455	0.000102388763420691	2.43383126163938e-05	4.19626079592996e-06	1.67850431837198e-06	
0.0226206137047563	0.0884112765822128	0.171484352771446	0.216536454410647	0.200994667657485	0.146210957244186	0.0852128752807597	0.0418503529789819	0.0176129649899747	0.00628801344299281	0.00207117823681224	0.000547293158333417	0.000107952320221729	4.35156639653481e-05	5.02103814984786e-06	2.51051907492393e-06	
0.0204633088424636	0.083628182447504	0.164733983673497	0.212635817311712	0.201739498299462	0.150730044177204	0.0901903866926624	0.045415402828545	0.0200268875638329	0.00722268855572983	0.0023551700036452	0.000678877544536708	0.000122900245131645	4.2638860555877e-05	7.52450480397829e-06	8.36056089330921e-07	5.85239262531645e-06	
0.018554720964578	0.0786878970564022	0.158061984469197	0.208905263105107	0.202376843039598	0.154197253399818	0.095860207729295	0.0492318596260137	0.0220099108955495	0.00828526796945325	0.00270297151348853	0.000866722776588623	0.0001964125867872	4.93120962572119e-05	1.08653771414196e-05	1.67159648329532e-06	8.35798241647659e-07	
0.0174283958885314	0.0736186908712354	0.151685633412765	0.204708424520956	0.203340505409232	0.158246951308953	0.100262938863571	0.0527361315884542	0.0241732764596376	0.00931475801997061	0.00317420936035532	0.000964751775486923	0.000272410362322546	6.03493725760716e-05	8.38185730223217e-06	4.19092865111609e-06	
0.0163476900769303	0.0690577044426245	0.146082830981566	0.20051639300243	0.203559872722635	0.161148349287757	0.104585945786287	0.0570037793859001	0.0261318018876791	0.0102389135775949	0.0037919726649034	0.00113364794651128	0.000285300001342588	8.2233529798746e-05	3.27255883892969e-05	8.39117651007613e-07	
0.0145522811173128	0.0650514264595329	0.139661580717913	0.196341140747647	0.203521946015867	0.164575589965856	0.109182846367389	0.0607105209002675	0.0288139365915324	0.01170566174031	0.00411327680412588	0.00129689593334089	0.000345222945986468	9.15554771594283e-05	3.10784647238426e-05	5.03975103629881e-06	
0.0135314866800874	0.0601097493162751	0.132872721582826	0.191416065664515	0.204351106957212	0.168680476045862	0.113734311761752	0.0641620447056429	0.0312725822720279	0.0129308350487798	0.00481278428951072	0.00157229397606984	0.000402958167221751	0.000106838595484681	3.61736976837897e-05	7.57123905009552e-06	
0.0124530174327054	0.0566373055508205	0.126822974243342	0.186544631540218	0.202299719665759	0.171928770461784	0.119170743974333	0.0684456048620523	0.033651079227756	0.0142470890639267	0.00531132965517707	0.00181348068461638	0.000476787616011288	0.000142614348860013	4.72568256577559e-05	5.90710320721949e-06	1.68774377349128e-06	
0.0114257448976233	0.053836732385521	0.121419642050725	0.181230918052187	0.201344145698506	0.173942109896826	0.122341399839452	0.0731716993347644	0.0363216461986354	0.015909606961466	0.00609102949034054	0.00209168113595674	0.000618725695180102	0.000199207727233975	4.13609264172237e-05	1.01292064695242e-05	4.22050269563507e-06	
0.0106962663975782	0.0500664980641675	0.116654915156914	0.176661923841773	0.19955076863318	0.17598385469223	0.126225569877855	0.076727366381112	0.0396387571828465	0.0174212261820823	0.00695379756722638	0.00238801937099164	0.000711001524177852	0.000228837782722325	7.26201081701844e-05	1.51995575239921e-05	3.37767944977602e-06	
0.00960866408927456	0.0471924434014823	0.11102848074553	0.172287407357385	0.198007023112117	0.176589063528776	0.130260159032971	0.0808485134975436	0.0424856076849054	0.0194477740448736	0.0079710634274813	0.00293755170259821	0.000925159961507943	0.000275184441105465	0.000106359630611315	2.3635473469181e-05	5.06474431482451e-06	8.44124052470751e-07	
0.00883582593287911	0.0437800324846542	0.106396945598751	0.167880692724703	0.195595587149577	0.17886725589048	0.133241082540553	0.0846811652287637	0.045426202881431	0.0213428396650284	0.00899782732507858	0.00337587276140654	0.00110447824160989	0.000325690298901006	0.000107157170881937	2.61564747822052e-05	1.26563587655831e-05	2.53127175311663e-06	
0.00846156309679725	0.0407056808777102	0.100920995632687	0.163053646647148	0.193699000962461	0.180333270967231	0.137176770818058	0.0877963021957925	0.0486725290803023	0.0235870285249068	0.0100712827695943	0.00370404081777131	0.00132907221151885	0.000354812556150562	9.43919389284155e-05	2.44407699011076e-05	1.43273478730631e-05	8.4278516900371e-07	
0.00765812404674597	0.0388488491700884	0.0956488545750282	0.158436519826839	0.190509770273169	0.181230164293279	0.140418646366614	0.0926203992561452	0.0516501112235263	0.0257621387346698	0.0110218545361802	0.0042040297204126	0.00142301930070214	0.000410437614327144	0.000116544013944745	3.12473080866344e-05	7.60069656161378e-06	1.68904368035862e-06	
0.00683694944765157	0.0362842629296865	0.0918318358929281	0.152623972006457	0.187634494941384	0.182428811711308	0.14397234454371	0.0965853287466297	0.0551545476828413	0.0274627471199277	0.0122040688681717	0.00457515235012213	0.0016955026074903	0.000502058100124247	0.000141996230338171	4.73320767793903e-05	1.52138818219469e-05	3.3808626270993e-06	
0.00628424583542681	0.0333784366572252	0.0877523717372462	0.148680833685659	0.184835793681524	0.182677781797632	0.147589542242214	0.099984494849833	0.0582392080342096	0.0294411452459769	0.0132954544491732	0.00512432503878406	0.00186824350372335	0.000625289662470674	0.000144036914119261	6.69348012671859e-05	7.62548368866675e-06	4.23637982703708e-06	
0.00576419792621385	0.0314669484492473	0.0829939172677056	0.144362323924819	0.183088458268175	0.181760807021687	0.150407681519995	0.103420039804055	0.061672500800583	0.031760000067954	0.0144470200897502	0.00579562665053892	0.00208873603014439	0.000718613534567774	0.000178379246169306	5.86103237413433e-05	8.49424981758599e-06	3.39769992703439e-06	4.24712490879299e-06	
0.00514558797444774	0.0296055897906375	0.0786113107882518	0.138821394714888	0.180581027946407	0.182757060861875	0.152913838771577	0.106825902939087	0.0644696428980617	0.0343302291199712	0.0158178242895855	0.0065179145049907	0.00239414541908578	0.000867357893763086	0.000244421793937151	6.19541352687918e-05	1.7822422474584e-05	6.78949427603198e-06	7.63818106053598e-06	2.54606035351199e-06	
0.00494492438771873	0.027324801846603	0.0746168468575502	0.133911811130535	0.176848724520104	0.182923165702066	0.155245336818344	0.110655306437652	0.0683463738352654	0.0362158217213463	0.017344999066515	0.00750437040682972	0.00274020265109727	0.000915663877526774	0.000341994942208795	8.48622685381626e-05	1.95183217637774e-05	1.18807175953428e-05	1.69724537076325e-06	1.69724537076325e-06	
0.00464191544379191	0.0254626210353135	0.071189902560524	0.129206205293549	0.173602374270138	0.182527959305988	0.156410818006014	0.115259235866692	0.0718045234056786	0.0383823926408492	0.0185634171560712	0.00811995633135874	0.00320129172248341	0.00111039235561079	0.000370130785203597	0.000123093953794774	1.61295525662118e-05	5.94246673492014e-06	0	1.69784763854861e-06	
0.00427994726600141	0.023937517374761	0.0673927540211379	0.123769696370189	0.169981870556112	0.182223935300227	0.159071799760889	0.117916427186321	0.0754853420973191	0.0411621945666244	0.0202527889156273	0.00883277421423443	0.00363185802070133	0.00139936112044398	0.000487772431989003	0.0001398508371437	3.06989642510561e-05	3.41099602789513e-06	
0.00396953253789254	0.0224849256639612	0.0639574628405044	0.119373228115576	0.165322463786646	0.180371228432661	0.161195240993329	0.121414677638499	0.0788536515096498	0.0443552855216479	0.0223672972572124	0.0100376240425644	0.00399510393066402	0.00151979311038488	0.000549784944586792	0.000190080686267992	3.8357089157218e-05	4.26189879524645e-06	
0.00352778492958923	0.0208086453749188	0.0610635870871818	0.115418585578197	0.161135711447995	0.178321940639775	0.163042829593836	0.12457138862413	0.0822499049424795	0.0472891982260476	0.0241556931355682	0.011209114609531	0.00454997297467804	0.00177241780295215	0.000624054753131783	0.000190967574728852	5.96773671027661e-05	8.52533815753802e-06	
0.00322613870353488	0.0196658265086455	0.0575818941264697	0.111290719360833	0.158483425393202	0.177116717271929	0.163895507154963	0.127675077610342	0.0849087360260951	0.049977910738956	0.0259189175155497	0.0121324947075152	0.00505541893411442	0.00205740824444427	0.000695449952714511	0.000230681685661729	7.66101539097992e-05	1.10659111203043e-05	
0.00307364615730585	0.0184639406655607	0.0550099498898935	0.107239870842367	0.155140210708542	0.17568068703035	0.165330255727021	0.129901010263874	0.0874571985013641	0.0529427488851456	0.0277213691387935	0.0130108069806221	0.00571535253159992	0.00214102961206037	0.000808720261709684	0.000259673032616121	7.72230260394347e-05	2.46095357708088e-05	1.69720936350406e-06	
0.00276316659909998	0.0170776926456345	0.0522287678041052	0.102796073555529	0.151415253561669	0.175399166470186	0.165707728554927	0.132537007604221	0.0910267479276251	0.0552726612737706	0.0297366934615235	0.0139880008345476	0.00636257698786005	0.0023967798677276	0.000830306967623965	0.000328221446854417	0.000100077857180417	2.62916404457027e-05	6.78493946985875e-06	
0.0025390217816882	0.0158036309028443	0.0492405816359911	0.0995337217008395	0.146859867353909	0.173623834939855	0.165594898905238	0.13567156109161	0.0950133137624133	0.0581525819885388	0.031641160627874	0.0150841284019587	0.00680264614205979	0.00281105982972622	0.00108391483937891	0.000372039573485019	0.000127968053749972	3.55937632946943e-05	8.47470554635579e-06	
0.00231857981268383	0.0147492850269047	0.0463444882690196	0.0950414413315442	0.143785833367218	0.170505834993697	0.166260894021334	0.138033857872836	0.0984180796703669	0.0613275796635899	0.0338765095758956	0.0166036406023394	0.00754449097981811	0.0032504167852641	0.00123764892449071	0.000476931105056995	0.000166883530543922	3.98148524647935e-05	1.77896149310779e-05	
0.00226134889588729	0.0137409353291495	0.0433155492519078	0.0913071511663866	0.140012997037116	0.168290449041702	0.166740802308626	0.14042815663209	0.102112315073937	0.06470135197993	0.0356816962912692	0.0176705479852474	0.00802528915018525	0.00356867798781464	0.00139629186227885	0.000506664158763807	0.000186398185498391	4.32104884564451e-05	1.01671737544577e-05	
0.00200902669786382	0.013091158848113	0.0415271978001115	0.087201546469606	0.135795354347252	0.166050570771151	0.166796467285603	0.142603769477476	0.105153689276725	0.0674563831950528	0.0383402621269357	0.0191536774638843	0.0087634402704803	0.00365691797922796	0.00151879380770889	0.000591485810668851	0.000205880938378316	6.83457213469001e-05	1.6031712414705e-05	
0.00184009661348216	0.0119774478835525	0.0395721691274174	0.0831937281972099	0.1320773917051	0.163990621226036	0.166689373526157	0.145127107953456	0.107138532026764	0.0702693201734468	0.0407857246179361	0.0206985639172865	0.00989009880006863	0.00402079611931361	0.00165507775837883	0.000694661701433392	0.000269118334695745	8.74634587761171e-05	2.10248698981051e-05	1.68198959184841e-06	
0.00172892421184119	0.0110806028844584	0.0374100816314849	0.0800894259533914	0.127591071545813	0.162777288636069	0.167039835962634	0.146424056120173	0.110607379324625	0.0721468120960723	0.042782877758156	0.022412884609881	0.0105705113204974	0.00450412534448015	0.00173397462336556	0.000705374142903078	0.000264304869775139	9.25908779467047e-05	3.36694101624381e-05	4.20867627030476e-06	
0.00152528768643926	0.0103965495314225	0.0351717359390963	0.0771352553698802	0.123716749612782	0.159524373019168	0.167357159040088	0.14861574457369	0.112616933809589	0.0763443966522841	0.0440935318874403	0.0238285142047153	0.0115967344862408	0.00500624517294034	0.00192956051332542	0.000764749430859661	0.000261092867363981	7.58011550411558e-05	3.45316372965265e-05	5.05341033607705e-06	
0.00138638266012173	0.00986535767915505	0.0332058837137894	0.0737037364190442	0.120850000630939	0.155966366760466	0.166523233266454	0.149968242751566	0.115668731939379	0.0786073920779335	0.0473296570637795	0.025342704876315	0.0126667255542797	0.00550262680816519	0.00217295291935341	0.000826950336710959	0.000308739342393613	7.57126452736381e-05	2.60788000386976e-05	2.5237548424546e-06	
0.00125968747633353	0.0089490823719486	0.0309048376374759	0.0701503715110359	0.117905738015298	0.154455187270172	0.16546756536154	0.150671075993571	0.118160704819125	0.081585169851648	0.0500222990769024	0.0272696673650906	0.0133289576654129	0.00615706964885265	0.00226104225043967	0.000966854315502487	0.000344163111436481	0.00010518432501115	2.77686618029435e-05	7.57327140080277e-06	
0.00110237427332987	0.008435815963289	0.0293893486559708	0.0662906747894836	0.113234638974531	0.151726786347402	0.165372141848368	0.152000485078366	0.120966417586786	0.0846166996649085	0.0525442612955466	0.0290794374775251	0.0144142383974897	0.00658477039202922	0.00265698306520683	0.000982788981647026	0.000438760119484234	0.000125480341272842	3.28438477157104e-05	5.05289964857083e-06	
0.00108293862590487	0.00791125793376657	0.0279906397752334	0.0639682674580729	0.108909799711048	0.147718045527177	0.16433909189664	0.153055325794555	0.12323538642902	0.0877407476904462	0.055256796134069	0.0310501307183493	0.0157770778832294	0.00730289381058924	0.0029214941018972	0.00113426671928497	0.000386222866581456	0.000163240165831814	5.30109816876509e-05	2.52433246131671e-06	8.41444153772236e-07	
0.00100521180468298	0.00749286223975646	0.0262926763260013	0.0612641294874176	0.105547239491712	0.144294120267373	0.162542580721618	0.154131916399325	0.125701063793128	0.0904808291148337	0.0580022339907833	0.0328173077973675	0.017011276694635	0.00800387292307356	0.003471174542927	0.00126744097112201	0.000444612913609778	0.000152126535658544	6.21953792195152e-05	1.42881276585373e-05	8.40478097561017e-07	
0.000915929882715682	0.00703303302799541	0.0252543341013612	0.0585096344584229	0.101228704839918	0.141129529428441	0.160635816381221	0.154246115056562	0.128423937978462	0.0934055564735358	0.060457243604637	0.0353111100113988	0.0185224172161267	0.00876340239433466	0.00392625254669607	0.00143009198720718	0.000522549740780101	0.000193754398266779	7.88437811128884e-05	9.22639991746566e-06	2.51629088658154e-06	
0.000927727745847853	0.00649409422093497	0.0235083026185891	0.0562285143450007	0.0978446881510646	0.137576074513215	0.158751229846854	0.155126638608559	0.129314520657237	0.0965834142057159	0.0635774254591289	0.0375281377227343	0.0201409945040302	0.0096091475464241	0.00429168363729616	0.00152107123641721	0.000614294885010367	0.000254768956402662	8.63197450969547e-05	1.59230597751664e-05	3.35222311056135e-06	1.67611155528067e-06	
0.000854219130656166	0.00622909989590251	0.0219827430986213	0.0539640373745994	0.0944967351242345	0.134335170462777	0.156607678090033	0.156078397216921	0.13242155211616	0.0984135810792137	0.0659557665234873	0.0393041296470149	0.0213404038111573	0.0104063989387584	0.00475850303959641	0.00170592585210452	0.000751210353135864	0.000263802966820287	8.96092617453037e-05	3.43362591734341e-05	5.02481841562451e-06	1.67493947187484e-06	
0.000796776660985789	0.00576363075188878	0.0206709027227955	0.0513191266656826	0.0918566070398154	0.13084917940391	0.154422865309518	0.155281706678834	0.13519203156242	0.102158509910224	0.0682887921201304	0.0414684509990741	0.0222384559642507	0.0112186153866799	0.00521175807512178	0.00202632885572807	0.00078838953823857	0.000286839597954884	0.00011574229391162	3.77420523624847e-05	7.54841047249695e-06	
0.000736176131608482	0.00535049790521376	0.0194075167192567	0.0488402917507141	0.0887004098914539	0.127894863639531	0.152538716400947	0.154905896208399	0.136995075090805	0.105009607224431	0.0711178041301412	0.0431053369831552	0.0237372732606895	0.0121783846264263	0.00577105006249523	0.00231681427963445	0.000873002482181096	0.000317302825254283	0.000140184052427157	5.37232296726828e-05	1.0073105563628e-05	
0.000606830239450344	0.00490416194897422	0.0182174970225031	0.0466839623077007	0.0862597015200972	0.125180769104871	0.151307202982617	0.154658618122486	0.137303105409686	0.107299001122174	0.0736253784295771	0.0453511180196687	0.0248061794287067	0.013089235939458	0.00641829991850178	0.0027512994812147	0.000972774892839487	0.000368462621187692	0.000120023131730843	5.79132593666304e-05	1.7625774589844e-05	8.39322599516382e-07	
0.000510238391446152	0.00433912780336909	0.017280017484281	0.0437930802595743	0.0828586799367876	0.122183181466662	0.14950909518846	0.154907366934535	0.138749537675263	0.109916445311187	0.076463467939881	0.047515214686796	0.0266240207121482	0.0140151642513702	0.00665999798258297	0.00288238458693386	0.0011701018795602	0.000411048720621364	0.000138697421068559	5.46383779967049e-05	1.76523990450893e-05	8.40590430718537e-07	
0.000506715876089061	0.00403692051199312	0.0162157483596859	0.0419540577605679	0.0789577619124449	0.118887477143164	0.147388774604711	0.154974386899	0.140414078466172	0.111603541464989	0.079221623910939	0.050299323706572	0.0283441567172206	0.0150233274174465	0.0070553673227923	0.00316046170807787	0.00128317602452404	0.000429405991179951	0.000164703667849844	5.46211143379585e-05	2.35290954071206e-05	8.40324835968592e-07	
0.000481605531391082	0.00373328483599311	0.0148691497978436	0.0396297362788732	0.0764211993998454	0.115641739370579	0.14498768201237	0.154102824464887	0.140908348446654	0.114120303714593	0.0820817483291151	0.0526777099151802	0.0305726895984993	0.0162339794593557	0.00779409511204064	0.00347901058690201	0.00141618969195769	0.00057001214117441	0.000159973865322213	8.50387389344393e-05	2.52590313666652e-05	4.20983856111086e-06	4.20983856111086e-06	
0.00047825173355747	0.00356545492750578	0.0138558520697626	0.0376121033830637	0.0727346081109477	0.112715276318554	0.142906492960706	0.153393570077747	0.141964278209708	0.116500945576802	0.0843824332843034	0.0551073754990544	0.032706030678714	0.0171557049800378	0.00861189325488548	0.00380163899978987	0.00158856902710654	0.000604328640470687	0.000185753309518806	8.32107585627233e-05	3.02584576591721e-05	1.09266652658121e-05	5.04307627652868e-06	
0.000485403056695581	0.00336171009680348	0.0132872788287846	0.0358383658209064	0.0697661919290405	0.109843856418112	0.14008749012188	0.151872370908401	0.143076330050564	0.117932787632804	0.0876009751730613	0.057705017707134	0.0343015360739291	0.0184377579753486	0.00918906617017828	0.00427457017055451	0.00189122436622569	0.000665119759347578	0.000252779100459117	9.23777443538303e-05	2.77133233061491e-05	1.00775721113269e-05	
0.000413171193670854	0.00320228626981001	0.0126683484047234	0.0341616312300433	0.0674449593952448	0.105998105949498	0.138103100041066	0.15098180538212	0.143361185373907	0.119886692200032	0.089726033137503	0.0599064707804997	0.036535060886181	0.0197232674885393	0.0100745049069317	0.00456918731824239	0.00201640951718474	0.000801200124035166	0.000277402971815523	0.000116492486653649	2.26280369758886e-05	7.54267899196286e-06	2.51422633065429e-06	
0.000318122341480893	0.00303974268925559	0.0121732025459833	0.0322224445357883	0.0647236647024007	0.103624166917118	0.135562812837743	0.149967894758432	0.143376064977325	0.121659192186915	0.0924270976610473	0.0619426057066125	0.0381780296339333	0.0213008022543154	0.0108538319928942	0.00504223911247215	0.00222518206225319	0.000867301962563698	0.000347423083459396	0.000118040131970542	2.67892498089173e-05	3.34865622611466e-06	
0.000319278130534607	0.0027865792858701	0.011498191732368	0.0308830547729155	0.0623678903154251	0.0999373980838297	0.133413125005746	0.149696309663011	0.144246014665063	0.123029063503752	0.0939404855535004	0.0648928621278467	0.0395587275345627	0.0224263633468706	0.011465595274015	0.00558987470422893	0.0024489134095979	0.000979565363839161	0.000356889428634233	0.000109490667801135	4.17903312218072e-05	1.25370993665422e-05	
0.000342575366580648	0.0026389138943901	0.0109365727126635	0.0296990337874332	0.0599673594857535	0.0965695786406343	0.130522881700641	0.149337020811245	0.144990231184194	0.124538231744317	0.0955726926590517	0.0665421392706395	0.041890049144145	0.0238244080364347	0.0123135423126421	0.00601132249094801	0.00258723585855555	0.00110941073702881	0.0004225929704535	0.000116692338981243	4.83439690065148e-05	1.58368174331686e-05	3.3340668280355e-06	
0.000328109125430956	0.00257907096817175	0.0102679835445779	0.028403091220999	0.0582685165137156	0.0942222814410153	0.127743541913026	0.146880465015573	0.146111823587215	0.126298695891141	0.0978156592994787	0.0685614829866258	0.0432254626005563	0.0253643343715128	0.0129986176112989	0.00623990273313236	0.00282556919438384	0.00117169933878516	0.000497993038090638	0.000126580170217018	4.24709781649206e-05	1.24914641661531e-05	1.33242284438967e-05	8.32764277743542e-07	
0.000287580282828956	0.0023264828097844	0.00969937440868909	0.0268158194162537	0.0563165550382815	0.0915463900338845	0.12606185893562	0.144552854338503	0.146333351393931	0.127401399557376	0.100473048726103	0.0703354686516653	0.0454927000454294	0.0266015929446971	0.0138288605569055	0.00679773103324678	0.0029708293565287	0.00129952945197201	0.000597666848661918	0.00018588522629234	4.08447358220837e-05	6.66852829748305e-06	2.33398490411907e-05	4.1678301859269e-06	
