# <P(N_2)> as a function of N_tot.
# number_of_species: 2
# species_total_upper_bound: 100
# species_total_lower_bound: 0
# volume: 512
# Bin widths for each species index 
1	1	1	1	1	1	1	1	1	1	1	1	1	1	1	1	1	1	1	1	1	1	1	1	1	1	1	1	1	1	1	1	1	1	1	1	1	1	1	1	1	1	1	1	1	1	1	1	1	1	1	1	1	1	1	1	1	1	1	1	1	1	1	1	1	1	1	1	1	1	1	1	1	1	1	1	1	1	1	1	1	1	1	1	1	1	1	1	1	1	1	1	1	1	1	1	1	1	1	1	1	
# Bin lower bound for each species index 
0	0	0	0	0	0	1	2	2	2	3	4	4	5	6	7	8	9	10	10	11	12	12	13	13	15	15	16	17	18	19	20	20	21	22	23	24	25	26	26	27	28	29	30	30	30	31	31	32	34	35	36	37	37	38	39	39	40	41	42	43	44	44	44	45	46	49	51	51	52	52	53	54	55	56	57	58	59	59	60	61	62	62	63	64	64	65	67	68	69	70	71	71	72	73	73	75	76	76	76	77	
# Bin upper bound for each species index 
0	1	2	3	4	5	6	7	8	9	10	11	12	13	14	15	16	17	18	19	20	21	22	23	24	25	26	27	28	29	30	31	32	33	34	35	36	37	38	39	40	41	42	43	44	45	46	47	48	49	50	51	52	53	54	55	56	57	58	59	60	61	62	63	64	65	66	67	68	69	70	71	72	73	74	75	76	77	78	79	80	81	82	83	84	85	86	87	88	89	90	91	92	93	94	95	96	97	98	99	100	
# Normalized histogram for each species index 
1	
0.0790519869787502	0.92094801302125	
0.00639714544420204	0.1457239997233	0.847878854832498	
0.000435994553167573	0.017229016987257	0.201764228196656	0.780570760262919	
8.00061511222681e-05	0.00184637572135416	0.0317998474687924	0.247689692506229	0.718584078152502	
2.08307945802439e-06	0.000176020214203061	0.00401513565534201	0.0493939801086743	0.285891198676828	0.660521582265495	
9.33512152772375e-06	0.000470905019287398	0.00779897541855055	0.0677532748124937	0.315218011390923	0.608749498237218	
4.36452060417435e-05	0.00103501488613277	0.012156229054198	0.0868362941063384	0.338912299115145	0.561016517632144	
1.04012489819778e-06	0.000134176111867513	0.00192943168615687	0.0179255124955405	0.106730336178768	0.356340549373169	0.5169389540296	
1.04259088004054e-06	1.87666358407296e-05	0.00027315881057062	0.00324662800044623	0.025436089700349	0.127200257728466	0.369438950569724	0.474385105963724	
7.31804211010517e-06	5.74989022936835e-05	0.000572898153762519	0.00503585840633952	0.0335459050327221	0.146440295230727	0.377809605452987	0.436530620779058	
7.32108063333623e-06	0.000115045552809569	0.000899447049238451	0.00718616357595046	0.0433052378148457	0.164539195496908	0.381041329591913	0.402906259837702	
6.25975478453924e-06	2.29524342099772e-05	0.000100156076552628	0.00137088629781409	0.0100375167970087	0.0523054676871458	0.18034979509736	0.38435416023303	0.371452805622094	
6.25722840239402e-06	3.12861420119701e-05	0.000192931209073815	0.00203881358778005	0.0132715814414777	0.0628726309872551	0.19665425997324	0.383337626487265	0.341594612943494	
3.1308181036426e-06	2.40029387945933e-05	0.000349608021573424	0.00298262604673685	0.0173155113252127	0.0731828731726458	0.212136929460581	0.379506290857176	0.314499027359176	
2.08282347550339e-06	6.35261160028535e-05	0.000561320926648164	0.00399589683775326	0.0212958286252844	0.0844418293438585	0.225935317916968	0.373534603508516	0.290169593901493	
1.03794304598918e-06	0.000124553165518702	0.000871872158630912	0.00528313010408493	0.0266439979905423	0.0956858935236506	0.237752272057328	0.367424572678848	0.266212670378351	
3.11183628421853e-06	0.000143144469074052	0.00131734402698584	0.00711884413953059	0.0317925940370993	0.108162242845629	0.247909623976076	0.359043670473134	0.244509424196187	
1.45392309993021e-05	0.000243012860988335	0.00172186035691735	0.00915556146356053	0.0379660862051776	0.118911177760792	0.256846939284171	0.349755740919212	0.225385081918182	
1.03614809872005e-06	5.80242935283226e-05	0.000364724130749456	0.00216140493393002	0.0112763997583703	0.0444548980274849	0.129820031436733	0.264837381736646	0.33895409138619	0.208072008148269	
6.23936707860355e-06	8.21516665349467e-05	0.000516827573010994	0.00294186157756157	0.0143245469179606	0.0514487810356517	0.140779879289045	0.271246084797158	0.328887437658324	0.189766190117674	
1.14619032386129e-05	8.54432786878413e-05	0.000637698616548279	0.00391163497797752	0.0170959496759928	0.0592955514269549	0.150422892129945	0.275046082060975	0.319384891752744	0.174108394176936	
1.04084049952017e-06	3.43477364841657e-05	0.000194637173410272	0.000955491578559518	0.00489195034774481	0.0206304995409893	0.0657249141827008	0.159960531328258	0.278867190833942	0.307587102737202	0.161152293700209	
9.39495449188432e-06	5.6369726951306e-05	0.000208776766486318	0.00134869791150162	0.00611715925804913	0.0239070275303483	0.0733745945816166	0.170200039458809	0.280707669727682	0.294828286328984	0.14924198375508	
1.04208024226281e-06	1.35470431494166e-05	4.16832096905126e-05	0.000323044875101473	0.00168816999246576	0.00771452003347162	0.0275755273707586	0.0808789738427438	0.178986660330819	0.281081345825791	0.284890149111262	0.136805336284505	
8.32585740720312e-06	5.93217340263222e-05	0.000431903852998662	0.00220843367726063	0.00938740422662151	0.032378218724437	0.0889805195751315	0.187713740370626	0.281923939129657	0.271430236600053	0.125477956251782	
4.15772755242894e-06	8.31545510485789e-06	8.52334148247934e-05	0.00057896356167573	0.00283141246320411	0.0112269038234463	0.0370380764689251	0.0970881355086564	0.194767707761646	0.281363817791748	0.260417186382611	0.114590089640606	
6.25995724449202e-06	1.04332620741534e-05	0.000121025840060179	0.000782494655561503	0.00341376335066298	0.0136122770281479	0.0416516688524351	0.104682135021018	0.201830411498289	0.279136710162936	0.248843733730632	0.105909086640938	
4.18646077652568e-06	1.36059975237085e-05	0.000197810271690838	0.00102882273583119	0.0042806561439975	0.0157745842059488	0.0465032063056472	0.112428450768791	0.207180617523897	0.277076720033575	0.237377559104977	0.0981337804473443	
4.19204601189703e-06	2.30562530654336e-05	0.000280867082797101	0.0012701899416048	0.00513525636457386	0.0180572381962464	0.0516491509010803	0.119345453935702	0.213791202572239	0.273157910181222	0.226178698537395	0.091106783988061	
2.09095224055987e-06	4.07735686909175e-05	0.000356507357015458	0.00155880489533739	0.00622058291566562	0.0205990159978756	0.056950220700009	0.126863299815369	0.217671264670644	0.268962323131577	0.216427148087511	0.084347967908065	
3.13596935948871e-06	7.42179415078995e-05	0.000494437835679387	0.00201120168255209	0.00751169193909529	0.0231267287031094	0.0626368066633077	0.134130636120931	0.221675402083538	0.264585916152542	0.206666652729025	0.0770831721793524	
1.04679267956943e-06	7.32754875698603e-06	0.000121427950830054	0.00053595785193955	0.00234167522419682	0.00848216108255112	0.0261603958551197	0.0679169558431444	0.141150571705822	0.224249161780762	0.262189115659076	0.195895735261944	0.0709484674431775	
2.09460053873126e-06	1.88514048485813e-05	0.000125676032323876	0.000611623357309528	0.00272402800062	0.00991269704954568	0.029640692223586	0.0735613236199724	0.14696555219954	0.228606797397668	0.256732046131482	0.185726135168762	0.0653724828138026	
7.35399947261318e-06	1.78597130049177e-05	0.00016283855975072	0.000869873080474816	0.00335132261680515	0.0114029014679634	0.0335836144487179	0.0800178176901508	0.153901349248789	0.231251766273088	0.250073802637564	0.175513703127446	0.0598457971367728	
3.16401293870358e-06	3.26948003666036e-05	0.000189840776322215	0.0011485366967494	0.00409001405876416	0.0134291255828376	0.0367152061407163	0.0861550176499188	0.160355339746436	0.231720706249875	0.244600348252357	0.166272043941812	0.0552879620909063	
2.09901912836132e-06	5.66735164657555e-05	0.00030330826404821	0.00140319428730954	0.00453807935551717	0.0150762048894552	0.0409749524047413	0.0921637318880887	0.165895976810037	0.2326279929389	0.23764884669394	0.157787465917177	0.0515214740151927	
1.15266044509459e-05	0.000112122425113747	0.000390856678200257	0.00158543204857102	0.00534939233837081	0.0171526352961394	0.0454389226187607	0.0975056427968153	0.171561980647879	0.233403261400336	0.230779387078048	0.149689724765643	0.0470191153016722	
1.46326422893814e-05	0.000148416800363726	0.00046197342085047	0.00189388198773994	0.00636206382967604	0.0196777683130131	0.0498722256771517	0.104160373759492	0.176812487915005	0.232611978908091	0.22412086562531	0.140365711538361	0.0434976195826561	
1.14837770769194e-05	2.29675541538388e-05	0.000130497466783175	0.000557485178097723	0.00215581815125805	0.00760643634385769	0.0222816594684264	0.054594920203409	0.10967007108458	0.181063669192054	0.232658191639184	0.216555848217874	0.133150219287943	0.039540732435302	
8.34375433484112e-06	5.2148464592757e-05	0.000164789148113112	0.000740508197217149	0.00262306776901568	0.00876198502087503	0.0245431533759352	0.0589966009630778	0.115034298045163	0.185090545379072	0.230288662610907	0.211919887442754	0.125477549564508	0.0362984602644344	
7.30271201859479e-06	5.21622287042485e-05	0.000207605670242909	0.000912839002324349	0.00326013929401553	0.00972512591962009	0.0270335966482638	0.0632946915543092	0.12047075368161	0.188690602870174	0.229861206741864	0.205143613048069	0.118418691604385	0.0329216690243994	
4.17575327979322e-06	5.74166075971567e-05	0.000273511839826456	0.00122871540257915	0.00378949610141234	0.0115021124091904	0.0296948255109295	0.0680052739763924	0.126157858089113	0.191960422210414	0.228447110430927	0.197553843728697	0.111025972141462	0.0302992657981796	
1.14808765127359e-05	8.03661355891516e-05	0.000335032850962567	0.00134430626803672	0.00449215386461959	0.0127260297563445	0.0325388914691869	0.0724662488323427	0.131213893948012	0.194963026359049	0.225785004931558	0.190312227655344	0.105551003793908	0.0281803332585337	
2.08940348575184e-06	2.82069470576498e-05	0.000124319507402234	0.000437730030265009	0.00149496819405544	0.00496546738388924	0.0142225695275127	0.0357705876760714	0.0766173811207769	0.135844657029641	0.198453632480195	0.22268131059923	0.18340574857581	0.0996196240954189	0.0263317074291875	
2.09098721779514e-06	5.22746804448784e-06	3.03193146580295e-05	0.00010768584171645	0.00049033650257296	0.00168951767197847	0.00573766892562986	0.0158590925533672	0.0390125940160128	0.0801151297562118	0.140863535901205	0.200604086207221	0.219484655290302	0.177081525500635	0.0946485364134969	0.0242679976497304	
3.12604527138762e-06	6.25209054277524e-06	5.10587394326645e-05	0.000107327554317642	0.000565814194121159	0.00210174443746294	0.00631982152365531	0.017650693617345	0.0418587881989707	0.0850273893666528	0.146331221168745	0.200659803955281	0.216475508998321	0.171218709589352	0.0887525933150564	0.0228701472054718	
7.28623235170435e-06	1.04089033595776e-06	9.36801302361988e-06	4.26765037742684e-05	0.000126988620986847	0.000699478305763618	0.00244296961849287	0.00717277530508496	0.0200881425936489	0.0454150862481732	0.0900817723447928	0.150693857497949	0.201949379421182	0.212132409577857	0.164724018336324	0.0838374712193822	0.0205752792708771	
1.04151803336399e-06	2.08303606672798e-06	1.35397344337319e-05	5.72834918350194e-05	0.000199971462405886	0.00088529032835939	0.002683991971979	0.00834360096527891	0.0220447706941822	0.0492117270764485	0.0956103139447808	0.154416505144578	0.202209684659585	0.208069265115291	0.158510712533732	0.0790189316732925	0.0187212866497177	
5.2265445745854e-06	1.04530891491708e-05	6.4809152724859e-05	0.000307320820985622	0.00095959358389388	0.00313070020017666	0.00927084476639959	0.0242584839884807	0.0526668443691822	0.10003292723082	0.15840088642196	0.202562052150462	0.204635945037657	0.152250288766588	0.0738719810171901	0.0175716428597561	
1.04558543374021e-06	3.45043193134268e-05	9.72394453378391e-05	0.000293809506880998	0.00113968812277682	0.00368882541023544	0.010118130242304	0.0261480005269751	0.0566383173602732	0.104407979071562	0.161155037316944	0.203114380772939	0.201388119221834	0.146183299491218	0.0690839207780829	0.0165077028278904	
6.27219442130121e-06	3.76331665278073e-05	0.000100355110740819	0.000334517035802731	0.00128370912489298	0.0040633366192663	0.0116788260124628	0.0286942441117161	0.0603865971568143	0.108957425389634	0.164364945541672	0.203969671849242	0.196322821483938	0.139601276600638	0.0654304868372773	0.0147678817649537	
7.32675878844717e-06	4.2913872903762e-05	0.000113041421307471	0.000407158452672278	0.00158885997726611	0.00488590143206734	0.0129306825817823	0.0312025723203426	0.0638066489289325	0.113471606716335	0.168770842012054	0.20426898834208	0.191207470781933	0.133231875168777	0.0604457600046891	0.0136183512280694	
2.09883409765875e-06	6.29650229297625e-06	5.35202694902981e-05	0.000155313723226748	0.000493226012949806	0.00182493624791428	0.00537511412410406	0.0144032489951832	0.0334879474451942	0.0681942680840793	0.118968213157591	0.172094951254578	0.202028523155387	0.186450976482564	0.127109590622409	0.0567608693370832	0.0125909057518548	
5.25335899774316e-06	1.26080615945836e-05	3.9925528382848e-05	0.000218539734306115	0.000614643002735949	0.00208558352210403	0.0061443286837604	0.0159386911991527	0.0361599206532657	0.0731362132947807	0.122269829328873	0.173779014301745	0.201084923700214	0.180993977549245	0.121855864639851	0.0541358644717432	0.0115248189692489	
4.20099668646386e-06	1.89044850890874e-05	7.98189370428134e-05	0.000228954319412281	0.000714169436698857	0.00241032184885864	0.00695054901775446	0.0175307591726137	0.039522976826252	0.07643713471021	0.126218945444807	0.175993404435202	0.19942131270644	0.176690769885155	0.116714190441682	0.0502386691242497	0.0108249182118458	
1.0496065025222e-06	6.29763901513323e-06	2.51905560605329e-05	0.000113357502272398	0.000252955167107851	0.00094254663926494	0.00297563443465045	0.00805677951336044	0.0193736368235548	0.0425395019407224	0.0808092046291845	0.130469237083018	0.176398968026887	0.197743765862178	0.172498630263514	0.111059913638377	0.0473036658556707	0.00942966481865948	
3.14462771800656e-06	1.36267201113618e-05	2.8301649462059e-05	0.00011006197013023	0.000328089491912018	0.00114254807087572	0.00344441556045652	0.00902508155067882	0.0210480415258572	0.0453864118539886	0.0848231880655089	0.133416071982625	0.178721771725185	0.19582959472038	0.167836118774685	0.106471853485505	0.0436998431878978	0.00867183503702275	
1.04654618826947e-06	1.67447390123116e-05	2.82567470832758e-05	9.94218878855999e-05	0.000352686065446812	0.00128411217300664	0.00372570443023932	0.0100363779455042	0.0235682201598285	0.0486570719312126	0.0880731410200058	0.13705568881577	0.180040480406562	0.19431432386837	0.162980730991582	0.100796003030798	0.040603899012479	0.00836609022902617	
2.09356344386999e-06	9.42103549741497e-06	3.45437968238549e-05	0.00011095886252511	0.000385215673672079	0.00140164072567096	0.00428971149648962	0.0110288922223071	0.025830385770468	0.0515937775107321	0.0930976260037328	0.139816541035414	0.180992746849449	0.190729910426888	0.158365513148102	0.09575226445056	0.0389339993656503	0.00762475806257452	
4.19294243928619e-06	1.88682409767879e-05	4.4025895612505e-05	0.000139415336106266	0.000500008385884879	0.00170547933717966	0.00450636488662284	0.0122654048705219	0.027572789480746	0.0554684355293171	0.0967699667918959	0.143656497383604	0.182254629008453	0.187637318864887	0.152363142358782	0.0919208288608614	0.0362291191466524	0.00694351267945794	
5.25397726078642e-06	9.45715906941555e-06	6.83017043902234e-05	0.000162873295084379	0.000626274089485741	0.0018178761322321	0.00512052623836244	0.0131906353109304	0.0295115902738373	0.0581489187314797	0.0998035012504466	0.1475400878465	0.182735430721056	0.184571170375975	0.148687556480256	0.0880902843452493	0.0335298320828867	0.00638042998549902	
5.26472068550875e-06	4.211776548407e-06	6.3176648226105e-06	6.42295923632068e-05	0.000188477000541213	0.000750749169753548	0.00214800603968757	0.00574802204443845	0.0144727171644636	0.0317704834487711	0.0614877258301938	0.103067436860205	0.15028039902371	0.181207474218663	0.18299221453105	0.14495460757825	0.0834121286529265	0.0316493948730044	0.00579013980992252	
3.1604130870599e-06	9.4812392611797e-06	5.26735514509983e-06	1.58020654352995e-05	7.26895010023777e-05	0.000271795525487151	0.00093021491862463	0.00239137923587532	0.00653889467712693	0.015882129233505	0.034347369430167	0.0641785085589254	0.106282585175766	0.15204958056051	0.182755100643355	0.181479347227212	0.139357361602877	0.0790029528792943	0.0293107244404225	0.00511565531692096	
2.10997395237156e-06	2.10997395237156e-06	8.43989580948623e-06	2.42647004522729e-05	9.81137887852775e-05	0.000387180220260181	0.000929443526019671	0.00271131652879745	0.00761700596806132	0.0174663643777318	0.0362968269156717	0.0680318901463161	0.109922258009725	0.155065150720714	0.18337572622666	0.17719666750714	0.133971741118856	0.0748302262208573	0.0271311000665697	0.00493206411366852	
2.11112096300894e-06	0	3.16668144451341e-06	1.7944528185576e-05	0.000135111741632572	0.000388446257193645	0.00108933841691261	0.00318462597269898	0.00815314915914052	0.018647531466258	0.0382123449909433	0.0716208342305597	0.115109926068544	0.156709564644635	0.18265207459857	0.173646032570374	0.129134102625812	0.0711331652881047	0.0255012856726665	0.00465924396536073	
2.11698232637305e-06	3.06962437324092e-05	0.000148188762846113	0.000461502147149325	0.0013273479186359	0.00358510956971276	0.00879817854840639	0.0200954547330962	0.0410736910962899	0.075214265073708	0.117940260875732	0.159507208854067	0.182028725333187	0.170115407291522	0.124262628593445	0.0672321832121184	0.0238636832740402	0.00431335148998509	
3.81345429045386e-05	0.00017902049307964	0.000534942893522	0.00149148434471084	0.00405179518360723	0.00993510771949078	0.0223817988063888	0.0441915794692095	0.0788315152336906	0.121445807636654	0.161127977407402	0.180259865724037	0.165557940141479	0.119445862719883	0.0640321347081542	0.0224294669850195	0.0040655659907672	
6.36063530025379e-06	6.0426035352411e-05	0.000171737153106852	0.00064560448297576	0.0017184316369519	0.00452241169848044	0.0112763462814666	0.0240251796349419	0.0471217065160468	0.082323582479418	0.124295294614026	0.163140754498559	0.178031001736453	0.161194400096682	0.115633169440964	0.0615476273770224	0.0207134088552765	0.00357255682697588	
1.26845871695401e-05	8.13927676712155e-05	0.000227265520120926	0.000705051636840269	0.00201579231102608	0.00503472405737662	0.0120567001046478	0.0256820608225955	0.0498620551145313	0.0846622200141645	0.127927232751604	0.163603691214866	0.176815745800873	0.158946333625784	0.111608511357991	0.057923110260774	0.0196219993023477	0.00321342874961682	
2.1080257811553e-06	2.84583480455966e-05	8.53750441367898e-05	0.000256125132410369	0.000782077564808618	0.00214491623232552	0.00572118197005549	0.0131351086423787	0.0277690236151588	0.0528555844237975	0.0875842551554405	0.129757418933234	0.165161711927737	0.175393015056574	0.15520445215045	0.107660038682273	0.0551059019451808	0.0183282301542548	0.00302501699595786	
8.43725215571793e-06	3.16396955839422e-05	9.91377128296856e-05	0.000303741077605845	0.000839506589493934	0.00242149136869104	0.0064966841599028	0.0142758306474747	0.0296158097230894	0.0552397445200047	0.0912625925988424	0.132455366936096	0.165265731256644	0.175504336747608	0.15148242520376	0.102874360878149	0.0521886232091932	0.0169145812591755	0.00271995916369957	
1.05405066399922e-05	3.68917732399725e-05	0.000126486079679906	0.000353106972439737	0.00104983446134322	0.00287755831271786	0.00690719400118686	0.0152984913372846	0.0315087364989286	0.0583364339990366	0.0952292612896732	0.135490834502451	0.165336279053589	0.173806630189487	0.147075905350467	0.099488680022894	0.0489659235960836	0.0155925714725404	0.00250864058031813	
2.21186507623035e-05	4.31840324406878e-05	0.00016115016983964	0.000435000131658635	0.00119124733391263	0.00329883877083498	0.00765515970192485	0.0165373778866156	0.0338910393132686	0.0616678515943861	0.0982173420754667	0.137520077941912	0.166449166600837	0.171040366537641	0.143938699739316	0.0950259367511915	0.046062616847039	0.0146383337283092	0.00220449219264292	
1.26379112060359e-05	4.00200521524469e-05	0.000179037075418841	0.000453911644150122	0.00141649921434319	0.00361338944565909	0.00806298734945088	0.0176530556362978	0.0357115775904559	0.0647545507011934	0.101874202231855	0.140117574700587	0.167018421861901	0.168644499770411	0.140178657938083	0.0909992796390613	0.0433269722513596	0.0137690042589761	0.00217372072743817	
1.57362685320789e-05	5.14051438714578e-05	0.000195129729797778	0.000594830950512583	0.00154005614700612	0.00365920697599275	0.00869586199082681	0.0192517509221453	0.0381436658371905	0.0673701128395362	0.105034347028783	0.14210060301381	0.167140153502054	0.166232695350038	0.136089348434556	0.0874107753574231	0.0414787056814224	0.01300445231491	0.00199116251159238	
1.77644764808781e-05	9.71821360424508e-05	0.000270647024032202	0.000701174336392307	0.00164896140510739	0.00403462609956885	0.00985196966245405	0.0206862103773802	0.040766338616001	0.070232380251754	0.107018431166834	0.144987387221699	0.166347602736147	0.164581604780107	0.13245925142586	0.0830949061931145	0.0394496774180065	0.0119189187494645	0.00183496592355423	
3.45437968238549e-05	8.89764463644747e-05	0.000281584283200514	0.000684595246145488	0.00176906111007014	0.0045074420946521	0.0104322266408042	0.0223906610321896	0.0427840625389272	0.0721389623671503	0.110644828008529	0.146255295407036	0.16709043880043	0.163094872967804	0.127748194563225	0.0799123634342396	0.0372769438998272	0.0111419446482761	0.00172300271430501	
4.19127732319882e-06	3.66736765779897e-05	7.43951724867791e-05	0.000251476639391929	0.000754429918175788	0.00200447837981984	0.00504525007780059	0.0116507031391619	0.0239856323013361	0.0440628984987892	0.076252956160287	0.112965402053516	0.148735858368357	0.167480298377033	0.159368081117981	0.123612294273772	0.0766343623966981	0.0351218561490753	0.0104226588834647	0.00153610313895237	
3.14344481735014e-06	2.51475585388011e-05	7.22992307990532e-05	0.000301770702465613	0.000813104392754569	0.00220460263190156	0.00548007213158041	0.0126921823575207	0.0252827266659472	0.0472889360172764	0.0787003322621172	0.11593338830869	0.150223132191285	0.166475789711924	0.155776551368603	0.120545869670682	0.0736666292946005	0.033200016345913	0.00985784294721003	0.00145646276537223	
9.43944386992027e-06	2.83183316097608e-05	0.000103833882569123	0.000354503558670339	0.000962823274731867	0.00224553881394437	0.00606956240835873	0.0132351491327249	0.027116375756991	0.0500049294873543	0.0818871755715583	0.118321331255257	0.150614717561351	0.165530087702922	0.154639067131227	0.118036050284966	0.0697459531006475	0.0308890068236691	0.00889720026094818	0.00130893621662894	
6.30244818599785e-06	3.46634650229882e-05	0.000112393659316962	0.000423314436492856	0.00100944211779066	0.00257770130807312	0.0064610597986788	0.0144515136904931	0.0289145818693271	0.0525687203194081	0.0848435574799031	0.121056374348616	0.151928916787726	0.165652497712737	0.152028705550671	0.113224532069482	0.0658994486408245	0.029275922231991	0.00840956669618313	0.00112078536907662	
1.05104615879416e-06	3.15313847638247e-06	6.20117233688552e-05	0.000156605877660329	0.00037942766332469	0.00114669135924442	0.00282205893636231	0.00725747372647365	0.0157940706281998	0.0310142700536979	0.0555046965997606	0.0877844262286467	0.123319245811318	0.153147935797896	0.16452866360532	0.148055617158539	0.108453248941334	0.0637974507926465	0.0279021223775085	0.00781663028295214	0.00105314825111174	
1.05046430522291e-06	1.78578931887894e-05	6.19773940081516e-05	0.000141812681205093	0.00046955754443464	0.00126265809487794	0.00339405017017522	0.00796146896928442	0.016946090171856	0.032860624395983	0.0580507584352284	0.0907779738644481	0.125807807050716	0.154129375183831	0.162962729526451	0.144161519391571	0.105319551241649	0.0609668473465272	0.0263057271313921	0.00742153031639985	0.000979032732467751	
3.14718767309532e-06	1.15396881346828e-05	5.66493781157158e-05	0.000179389697366433	0.000570690031387952	0.00145504976752774	0.00389516927673431	0.00861699984893499	0.0184058025748191	0.0351456938080132	0.0605990986454504	0.0939404048542223	0.128288811118385	0.154675881632173	0.160795063531228	0.140852384309381	0.101100256810514	0.0583131913322255	0.0251250482568777	0.00701927757356027	0.000950450677274787	
2.09840248618727e-06	4.19680497237453e-06	1.88856223756854e-05	6.08536720994307e-05	0.000247611493370097	0.000630569947099273	0.00152553860745814	0.00423037941215353	0.0094742872251355	0.0200303009319005	0.0373998275113156	0.0635154956531593	0.0968769475798075	0.12941582573187	0.155081386540427	0.158593063101061	0.137670941112531	0.0977666702339509	0.0562990895031612	0.0236280119944686	0.00653547454323024	0.000992544375966577	
2.09799746142307e-06	6.29399238426921e-06	2.9371964459923e-05	7.2380912419096e-05	0.000258053687755038	0.000763671075957998	0.00172455391328976	0.00472469028312476	0.0104102634035813	0.021127883435261	0.0391454856339624	0.0659432072087193	0.098494686821429	0.132652183490858	0.155995552245382	0.156409906744013	0.134579194159175	0.0942661729379307	0.0541125995237546	0.0220940112662464	0.00627511040711641	0.000912628895719036	
6.29654854691401e-06	2.8334468461113e-05	0.000110189599570995	0.000286492958884587	0.000826946709161373	0.00209255296709109	0.00522508586918081	0.0111774230955302	0.0219140877927764	0.0414312894386942	0.0684099011127051	0.102564479280682	0.135333816768338	0.15508504013525	0.15434414625623	0.130549489297442	0.0920114639160544	0.0514532958758656	0.0205687252532524	0.00575924307091068	0.000821699585372278	
6.30231578593554e-06	4.83177543588392e-05	0.000155457122719743	0.000306712701582196	0.000905432701246073	0.00236756996358312	0.00567523536523496	0.0121204036423184	0.0236063741621859	0.0431992235546952	0.0712319241705365	0.105207708572515	0.137036504063418	0.155056925667336	0.15221458124788	0.127940161612384	0.0886903892835422	0.048851350428715	0.0192609274277833	0.00538007690926031	0.000738421332918781	
9.46185191570962e-06	5.88737452533043e-05	0.000124055391783748	0.000376371442869338	0.000972468113559044	0.00282699108903813	0.00638464740934495	0.0130657661787155	0.0250823181116667	0.0455850998961299	0.0737793159711855	0.107316324427978	0.137060181583451	0.155041905490818	0.151184623859847	0.12522130220314	0.0859209746128	0.0464429744698209	0.0180479568707763	0.00489493139106044	0.000603455888846369	
5.27447302739983e-06	6.11838871178381e-05	0.000141355877134316	0.000406134423109787	0.00115089001457864	0.00292733253020691	0.00644329625027164	0.0140163846230123	0.0268913732828953	0.0477107732166479	0.0765726896225798	0.10957295756581	0.139049877526736	0.155223521617955	0.149858327654484	0.121865644403468	0.0825750399277608	0.0437148324510898	0.0170112304079699	0.00431451893641306	0.000487361307731745	
1.4744664537818e-05	5.68722775030121e-05	0.000165350880888387	0.0004339144135415	0.00130279643094863	0.00314587949817587	0.00688681152948512	0.0149279196542166	0.0283171282448794	0.0506416035454599	0.0794168695813358	0.111862503896804	0.14089264199112	0.155562530015924	0.147019050106583	0.11834910310312	0.0785974875091628	0.0418569430518928	0.0160443013977942	0.00399580408974867	0.000509744116878849	
1.05483785559903e-06	2.32064328231786e-05	8.64967041591202e-05	0.000146622461928265	0.000575941469157069	0.00146938913284944	0.00340501659787366	0.00768765829160571	0.0162371191112358	0.0307021106250653	0.0529655184053383	0.0822657495203125	0.114294846167721	0.141371479083093	0.154014765620303	0.144526499109189	0.115476264565992	0.0762647769598096	0.0394878551243496	0.0147983202761987	0.00374045503595415	0.000458854467185577	
9.47370415516664e-06	2.73684786704814e-05	7.36843656512961e-05	0.000177895111358129	0.000634738178396165	0.00159789810083811	0.00384842915458769	0.00871159728757324	0.0172295099568631	0.0328684902494532	0.0552969585199127	0.0845738622607627	0.116666561403287	0.141930825117527	0.15349084945442	0.142555036957973	0.112500236842604	0.0725527843216512	0.0373042890616612	0.0139326609108651	0.00357474436788288	0.000442106193907777	
9.46499634020142e-06	2.73433227605819e-05	9.1494964621947e-05	0.000270278228825752	0.000669911407634256	0.00188984426926022	0.00439806829941359	0.00922416476665629	0.0187112460983182	0.0344820333336138	0.0578300759723706	0.088017104300053	0.118349262571618	0.143007681370363	0.151828006293171	0.139852682590296	0.109795009212596	0.0691807099167922	0.0354022413111334	0.0132236515535214	0.00328225039752985	0.000457474823109735	
3.15061846640496e-06	8.40164924374655e-06	2.20543292648347e-05	0.000105020615546832	0.000284605868131914	0.000796056265844985	0.00203319911698666	0.00465976471181293	0.0102489618712153	0.0198520469568176	0.0364442540070616	0.059951018384909	0.0903439845241621	0.120187692844105	0.143364692489136	0.151008092888634	0.138215531708874	0.105689596867865	0.0667574044784991	0.0338964538738954	0.0125510137640019	0.00316742176489245	0.000409580400632644	
4.19803825672263e-06	2.72872486686971e-05	0.00011124801380315	0.000357882761385604	0.000862696861756501	0.0022302078238839	0.00510481452017472	0.0110681278638492	0.0212315784833747	0.0380898506128086	0.0622159764741936	0.0927357146005671	0.121708475629338	0.143643225520714	0.150117650022145	0.135817032700619	0.103243404357144	0.0640694103645367	0.0319439226049667	0.0120987462558746	0.00301209244919849	0.000306456792740752	
1.46807923852827e-05	4.71882612384087e-05	0.00010800868683458	0.000360728041466947	0.000932230316465452	0.00246217860861742	0.00566888311677417	0.01142165647575	0.0224102295761341	0.0397943850163638	0.0650883416681784	0.094222374156772	0.123299780731879	0.144382447225173	0.149758763122269	0.133526001256256	0.0994225205452446	0.0618533242032786	0.030638813708085	0.0115349083027221	0.00275894034040563	0.000293615847705654	
4.18541821221954e-06	1.98807365080428e-05	5.12713730996893e-05	0.000122423482707421	0.000430051721305558	0.00109134779883624	0.00262530357361471	0.00598410168892088	0.0122099112795974	0.0239426848830019	0.0420247379143433	0.0667438178757119	0.0957843421411972	0.124675237705596	0.145629533985073	0.149141099865125	0.130238704864188	0.0961390563346828	0.0598159043799355	0.0295783505057555	0.0108622066152628	0.00257298584596196	0.00031286001136341	
1.0454772133014e-06	1.67276354128224e-05	1.5682158199521e-05	4.18190885320559e-05	0.000133821083302579	0.000496601676318164	0.00116779804725766	0.00283742515689999	0.00624254444062264	0.0129816905575635	0.0254270513047033	0.043508579708751	0.0685090763104273	0.0983689509995285	0.1268038402469	0.146037484540006	0.146775591452596	0.127266986652392	0.0941117677869652	0.0578127989411407	0.0283826153867063	0.0101641294677162	0.00256455560422833	0.000331416276616543	
5.23417708267906e-06	2.93113916630027e-05	8.3746833322865e-06	3.66392395787534e-05	0.000185289868726839	0.000630194920754559	0.00126038984150912	0.00297929359546092	0.00676465046165442	0.0138182274982727	0.0269047170403869	0.0454211418880724	0.0706163766932563	0.100821765801981	0.127503506898645	0.146740154512907	0.14424345204447	0.125911270230094	0.0907114293490777	0.0561616732617298	0.026760253752905	0.00984653392793585	0.00232606829554257	0.000314050624960744	
