# <P(N_2)> as a function of N_tot.
# number_of_species: 2
# species_total_upper_bound: 100
# species_total_lower_bound: 0
# volume: 512
# Bin widths for each species index 
1	1	1	1	1	1	1	1	1	1	1	1	1	1	1	1	1	1	1	1	1	1	1	1	1	1	1	1	1	1	1	1	1	1	1	1	1	1	1	1	1	1	1	1	1	1	1	1	1	1	1	1	1	1	1	1	1	1	1	1	1	1	1	1	1	1	1	1	1	1	1	1	1	1	1	1	1	1	1	1	1	1	1	1	1	1	1	1	1	1	1	1	1	1	1	1	1	1	1	1	1	
# Bin lower bound for each species index 
0	0	0	0	0	0	1	2	2	2	3	4	4	5	6	7	8	9	9	10	11	12	12	13	13	15	15	16	17	18	19	20	20	21	22	23	24	25	26	26	27	28	29	30	30	30	31	31	32	34	35	36	37	37	38	39	39	40	41	42	43	44	44	44	45	46	49	50	51	52	52	53	54	55	56	57	57	58	59	60	61	62	62	63	64	64	65	67	68	68	69	70	70	71	73	73	75	76	76	76	77	
# Bin upper bound for each species index 
0	1	2	3	4	5	6	7	8	9	10	11	12	13	14	15	16	17	18	19	20	21	22	23	24	25	26	27	28	29	30	31	32	33	34	35	36	37	38	39	40	41	42	43	44	45	46	47	48	49	50	51	52	53	54	55	56	57	58	59	60	61	62	63	64	65	66	67	68	69	70	71	72	73	74	75	76	77	78	79	80	81	82	83	84	85	86	87	88	89	90	91	92	93	94	95	96	97	98	99	100	
# Normalized histogram for each species index 
1	
0.079128501200511	0.920871498799489	
0.0063541320971416	0.145443946546754	0.848201921356104	
0.000438852621992339	0.01716044104254	0.202132041629299	0.780268664706169	
7.08259884160161e-05	0.00185896359719074	0.0318646996278575	0.247860355633901	0.718345155152634	
1.75010434997187e-06	0.000184636008922032	0.00412237079635873	0.0495752059216531	0.285319512175914	0.660796524992803	
7.83892233979638e-06	0.000487755167809553	0.00784676126213618	0.0676847394472863	0.315181292498935	0.608791612701493	
4.18874118728124e-05	0.00104631264240629	0.0121386228989754	0.0868989265478053	0.338974753235148	0.560899497263792	
7.86511158845541e-06	0.000133706897003742	0.0019164655237203	0.0178337035761789	0.107154280281117	0.356773696270364	0.516180282340028	
3.50490423725398e-06	2.80392338980318e-05	0.00027338253050581	0.00315353758746927	0.0253045323669144	0.127524188220367	0.369522053733687	0.474190761422921	
7.90507584920277e-06	5.62138727054419e-05	0.000561260385293397	0.00500215632902331	0.0335886672832626	0.146526729257301	0.377689592264971	0.436567475531594	
1.0552688253363e-05	0.000109044445284751	0.000916325096667021	0.00721891815598808	0.0433266997962452	0.164526083167495	0.381178049353164	0.402714327296903	
6.1423390553609e-06	3.42216033084393e-05	0.000107052194964861	0.00137061908635339	0.0101234522402427	0.0523581755849042	0.180669883497378	0.384541136560869	0.370789316892924	
7.02124541095788e-06	2.9840292996571e-05	0.000217658607739694	0.00205195897135244	0.0132473347791248	0.0629138695048881	0.197175001908901	0.382773725446485	0.341583589243101	
2.63681093538231e-06	2.72470463322839e-05	0.000369153530953524	0.00297783848302509	0.0171814600549511	0.0731073410574315	0.212297558840436	0.379263943016758	0.314772821159177	
1.75421515975199e-06	5.61348851120636e-05	0.000584153648197412	0.00403469486742957	0.021197935990443	0.0843654696779524	0.226319191727823	0.373774132518676	0.289666532469207	
8.7421833952717e-07	0.000118019475836168	0.000869847247829534	0.00548047477049583	0.0266050867268304	0.0957924745536897	0.237448191635654	0.367308954880717	0.266376076490608	
2.62242346894176e-06	0.000159967831605448	0.00133219112222242	0.00719418171646357	0.0320495113550936	0.107871641112607	0.247300652109303	0.359112047413416	0.24497718491582	
8.73830268956218e-07	2.0098096185993e-05	0.000245546305576697	0.00172231946011271	0.00918919910834359	0.038081523121112	0.11829302499941	0.256656183616207	0.350195344756625	0.225595886706158	
5.23415425227053e-06	6.19374919852013e-05	0.000360284284364622	0.00215210975672523	0.0114235416555804	0.044228603431686	0.129646511392573	0.264897057271243	0.339023149791899	0.208201570769691	
1.13584634969564e-05	7.77617885560859e-05	0.000505888489595211	0.00287456499269127	0.0143693300516111	0.0511655094139819	0.140881643936634	0.270845183268809	0.329368355844934	0.189900403749691	
1.48754444039016e-05	9.97529801202811e-05	0.000664144841327135	0.00389824145996362	0.0172712659790711	0.0591123909826806	0.150339116381102	0.275235097648542	0.319252412665828	0.174112701616961	
8.75042986486711e-07	2.97514615405482e-05	0.000190759371054103	0.00098179823083809	0.00497461937817695	0.0207183927910459	0.0658321090023547	0.160127616269149	0.279088835239031	0.306970329917457	0.161084913296366	
7.89852674923845e-06	5.17792309116743e-05	0.000216770678562433	0.00139452877828221	0.0061555851799065	0.0239676406135225	0.0736142693029024	0.170045627156188	0.280714518282018	0.294625579115593	0.149205803135364	
8.75517211792867e-07	1.13817237533073e-05	4.37758605896433e-05	0.000330069988845911	0.00173527511377346	0.00777721939235603	0.0278038000949061	0.0810518813989364	0.178538971897649	0.281204746704115	0.285002740368873	0.13649926193899	
8.75227559165383e-06	6.3891611819073e-05	0.000450742192970172	0.00221520095224758	0.00942620081221117	0.0323361574009242	0.0889371236521496	0.187520130233861	0.282324779442655	0.27126715446016	0.125449866965411	
3.49950744432721e-06	9.62364547189983e-06	8.83625629692621e-05	0.000604539911007526	0.00276286112729633	0.0112010484524303	0.0370571592048419	0.0972294399563261	0.194846450362112	0.281593115768956	0.259990656315124	0.114613243186022	
5.26407679937112e-06	2.0178961064256e-05	0.000127215189318135	0.000758027059109441	0.00338216934359594	0.013456734991459	0.041414246872919	0.104815665190678	0.201424634651136	0.27941193243382	0.249025926455583	0.106158004774518	
3.51632586143391e-06	2.54933624953958e-05	0.000194277003844223	0.00101533909248904	0.00425211704793895	0.0156300684540737	0.0465341773687509	0.112606819386559	0.207533552341829	0.276814841708196	0.23729309718861	0.0980967007193524	
3.5214119453336e-06	2.55302366036686e-05	0.000285234367572022	0.00127122971226543	0.00510164555580205	0.0179759276279417	0.0515024104064766	0.119983308507379	0.213892322265536	0.273218429661557	0.225587811688975	0.0911526285579466	
3.51347505520548e-06	4.91886507728767e-05	0.000357496086867157	0.00153099675530579	0.00611432496482133	0.0204932216282497	0.0572151845364936	0.127081514378018	0.217672076832673	0.269116378590991	0.216024257031781	0.0843418470689713	
4.38955356484424e-06	7.37444998893833e-05	0.000469682231438334	0.00195598506849459	0.00745433986381849	0.0232365407508595	0.0627785171736894	0.134294879673558	0.221733908774542	0.264676911299413	0.206413488922523	0.07690761218821	
8.79633579835984e-07	7.91670221852385e-06	0.00011611163253835	0.00052778014790159	0.00232751045224601	0.0085192512207115	0.026429470539752	0.0682859548026674	0.141281467791777	0.224290729453739	0.261564322765709	0.195747499421641	0.0709011054355198	
1.76112458371418e-06	1.58501212534276e-05	0.000125039845443707	0.000636646537012675	0.00269804286225012	0.0099626817700711	0.0298316893235344	0.0737074666398976	0.146943832453652	0.228637118518401	0.256476095375463	0.185735243096832	0.0652285323316057	
6.16950449183995e-06	1.67457979064227e-05	0.000178915630263359	0.000870781491133981	0.00336061723248367	0.0114417867590095	0.0334810195194309	0.0796906081633121	0.15418561218671	0.231305299692494	0.250048254338704	0.175464233179066	0.0599499565049933	
2.65114392441765e-06	4.06508735077374e-05	0.000225347233575501	0.00113822445821665	0.00410131965107411	0.0133052076420107	0.0367422036485043	0.0862134329927792	0.160462253454661	0.231971558527979	0.2441668205803	0.166308909522644	0.0553214202708232	
7.03922343287089e-06	6.24731079667291e-05	0.000318524860337408	0.00139376623970844	0.00465468649498587	0.01510705338987	0.0409753196027414	0.0922930182342284	0.165563415044052	0.2326982487292	0.237434766196593	0.157938176260395	0.0515535126164881	
1.57968178188105e-05	9.91689118625326e-05	0.000387899637550791	0.0016042546095992	0.00543586053165068	0.0170070295839294	0.0452420862330733	0.0975190220014568	0.171462171009329	0.233013594039334	0.231238207236698	0.149784548956971	0.0471903604307266	
1.22523172194941e-05	0.000138276151477148	0.000463837723309421	0.00187197903803557	0.00634670031969796	0.0195599492754067	0.0497076509594877	0.104061555641711	0.176673163312011	0.232377448384926	0.224753006412338	0.140530577845535	0.0435036026188453	
9.61504002041885e-06	2.01041745881485e-05	0.000131114182096621	0.000549805470258496	0.0022088369210544	0.00768940973269315	0.0221390666942881	0.054472698093862	0.109570373789051	0.181020610275331	0.232576454864817	0.217189768548505	0.132996107656981	0.0394260345564538	
6.98502672209285e-06	4.36564170130803e-05	0.000171133154691275	0.000735174062500273	0.00264208635763162	0.0088989240439463	0.0245008543560809	0.0588427382352505	0.115031166316106	0.184943425649193	0.230478814850516	0.212046202459253	0.125468542495593	0.0361902965755033	
6.11730366732355e-06	4.54428272429749e-05	0.000211483926784614	0.000901865340668272	0.00327013576044639	0.00983400259548456	0.0269283707435583	0.0634268261243823	0.120554577272469	0.188252155257167	0.229765925744672	0.205133291677408	0.11847032452296	0.0331994809030888	
3.49523250286609e-06	5.15546794172748e-05	0.000283113832732153	0.00118663143472304	0.00377397729496966	0.0115307720269552	0.0298606450801107	0.0679202318038196	0.125931479462014	0.191470584123256	0.228467620166093	0.197704331292118	0.111380826552582	0.0304347370187065	
9.61029384783934e-06	7.51350246285621e-05	0.000331991969288995	0.00135592509562242	0.00448101792232436	0.012869930788411	0.0326487891903415	0.072008184475706	0.130823182824483	0.194952673671115	0.225921408764239	0.190608820851891	0.105603150778521	0.0283101783495806	
1.74830982148008e-06	2.36021825899811e-05	0.000113640138396205	0.000428335906262621	0.00152889693888433	0.00509894559434667	0.0143475045499763	0.0355746082474768	0.0762743867366224	0.135756257637929	0.198415681639775	0.223095697234698	0.183145943658968	0.099851218834192	0.0263435323900619	
1.74906359507779e-06	4.37265898769446e-06	2.53614221286279e-05	0.000104943815704667	0.000516848292345486	0.00171495685497377	0.00577978064993454	0.0157905461363622	0.038912292331493	0.0800336519835693	0.141078595047177	0.200524893984883	0.219388544857797	0.177156529822846	0.0948517187610683	0.024115214317135	
2.61708625829071e-06	5.23417251658142e-06	4.5362828477039e-05	0.000111662347020404	0.0005635459076186	0.0020840730236855	0.00626879395069235	0.0176208417770714	0.0418629117876182	0.0851189858267332	0.146289015303848	0.201116100052952	0.216315264679019	0.17149330069536	0.0884740904098619	0.0226282001512676	
6.09897415254754e-06	8.71282021792506e-07	7.84153819613255e-06	4.44353831114178e-05	0.000128078457203498	0.000694411771368627	0.00236901581725382	0.00720985873033299	0.0199802393237457	0.0453972784634767	0.0901742041274372	0.150761413358844	0.201701788044965	0.212435111271427	0.1647968954479	0.083750241780761	0.0205422162278019	
8.70741854645321e-07	1.74148370929064e-06	1.13196441103892e-05	5.13737694240739e-05	0.00020462433584165	0.000870741854645321	0.0026801434285983	0.00826856465171196	0.0219592388323003	0.0492064929478617	0.0957842162365492	0.154094315274728	0.20224372761105	0.208759488909361	0.15849591534996	0.0787533763015414	0.018613848626753	
4.36605341080459e-06	8.73210682160917e-06	6.2871169115586e-05	0.000272441732834206	0.000957038907648365	0.00315316377328307	0.00930493302910673	0.0241853162638109	0.052647618448846	0.100169490193407	0.158257211192116	0.202953373169205	0.204886661619509	0.151947390802821	0.0736954887316528	0.0174939028064118	
8.73945584652117e-07	3.40838778014326e-05	8.56466672959075e-05	0.00028053653267333	0.00113175953212449	0.00376233574192736	0.0102968268783712	0.0260968891032969	0.0568160764038188	0.10446883335256	0.161051566285277	0.203645926190052	0.200787250182655	0.146028441685107	0.0691640535693686	0.0163489000520872	
5.24757627570766e-06	3.23600537001972e-05	9.35817769167866e-05	0.0003428416500129	0.00129790053219169	0.0041140998001548	0.0117493232813094	0.0286919978834776	0.0605788951228151	0.109092737791732	0.164559619025962	0.203688171525777	0.196310079282132	0.139624011159846	0.0652186271465867	0.0146005063911106	
7.88630403104049e-06	3.76790081483046e-05	0.000110408256434567	0.000410087809614106	0.00158076583022189	0.0048071404349209	0.0128967358587616	0.0312087338188376	0.0641883810206455	0.113588189471083	0.168588150039563	0.204469957124794	0.191429515281467	0.132859687754936	0.0602890418052977	0.0135276401812448	
1.75696901760834e-06	6.1493915616292e-06	4.91951324930336e-05	0.000148463881987905	0.000479652541807078	0.00181319202617181	0.00530868188670361	0.0142718593300326	0.0334887079601238	0.0683821126498255	0.118951194914629	0.171951043815293	0.202391410529867	0.186588352700988	0.126987571201169	0.05669826868273	0.0124823863855985	
4.39397041803356e-06	1.05455290032805e-05	4.30609100967289e-05	0.000204759021480364	0.000617792240775518	0.00207659041956266	0.00607422470588959	0.0158903546197766	0.0360973457782293	0.0730787584045669	0.122260469293617	0.173958167644032	0.201378300640729	0.181389250415011	0.121560070408982	0.0538885320008472	0.011467383996984	
3.51454317967751e-06	1.58154443085488e-05	7.38054067732276e-05	0.000231081214063796	0.000708180450705017	0.00239252526956546	0.00690344144068154	0.0172871592650387	0.0395245525986532	0.0766425217550223	0.126177371965192	0.176092671474562	0.199467898162597	0.176783279209368	0.116682833565293	0.0502061279574881	0.0108072202775083	
8.77781249890277e-07	5.26668749934166e-06	2.45778749969278e-05	0.000107089312486614	0.000278256656215218	0.00091903696863512	0.00294671165588166	0.00794655365525668	0.0193594654663301	0.0424661790884417	0.0808629643023921	0.130191637202476	0.176660498790417	0.198016038818998	0.172329526103459	0.111055128173618	0.0472290201503464	0.00960117131129985	
2.63117503891946e-06	1.31558751945973e-05	2.71888087355011e-05	0.000107001118249392	0.000320126296401868	0.00110421645799987	0.00339596991689872	0.00897406099940799	0.0212511237310062	0.0454500405639485	0.0846668274606968	0.133257613962769	0.178963755563839	0.195738373495297	0.167810204573859	0.106299471572346	0.0438371302650909	0.00878110816322056	
8.75843875574116e-07	1.488934588476e-05	2.53994723916494e-05	9.19636069352821e-05	0.000349461706354072	0.00132077256436577	0.00369868868654949	0.010021405624319	0.0235803446620819	0.0487056779206766	0.0877718181467844	0.137203570640312	0.180439603558028	0.193774326563644	0.162856161912002	0.100986550541447	0.0406829480204177	0.00847554118393072	
1.75529902835422e-06	7.898845627594e-06	2.98400834820218e-05	0.000108828539757962	0.000393186982351346	0.00142091456345274	0.00420218587388001	0.0109925601650683	0.0257397049517863	0.0516057914336141	0.0927175276262126	0.140403736329512	0.181272363606683	0.19049558235117	0.158352546543948	0.0957111901190707	0.0388763628799893	0.00766802380536542	
3.51437643540313e-06	1.58146939593141e-05	4.12939231159867e-05	0.000132667710436468	0.000491134106847587	0.00169480803597316	0.00452388106647267	0.0121650140311479	0.0274332224547568	0.0552802627347823	0.0966207513385381	0.143875935483077	0.182455002802715	0.187682637750377	0.152557323872632	0.091857892674458	0.0362938440425169	0.00687499890175736	
4.40365291816868e-06	7.92657525270362e-06	6.16511408543615e-05	0.000143559085132299	0.000631483828465389	0.00185305714796538	0.00506596231706125	0.0132629218589404	0.0295027130905629	0.0583431167822332	0.0999479488225073	0.147630702620438	0.182757761218086	0.18462755224714	0.148588937495431	0.0878053162659489	0.0334615970639965	0.00630338878706665	
4.41510850129142e-06	3.53208680103314e-06	7.06417360206627e-06	5.38643237157553e-05	0.000179253405152432	0.000733791032914634	0.00208658027771032	0.00576878076778737	0.0144559482549284	0.0318179209254067	0.0616658204375373	0.103382414622839	0.150484558158017	0.181647276981832	0.183030088964436	0.144369632883728	0.0830729155168988	0.0314717764189055	0.00576436565928608	
2.64868153047882e-06	7.94604459143646e-06	7.06315074794352e-06	1.4126301495887e-05	6.35683567314917e-05	0.000247210276178023	0.00088907410039739	0.00242001202501415	0.00653164865416077	0.0158682510490986	0.0343057231827617	0.0644477189996106	0.106768352493601	0.152911916329916	0.182672502006376	0.180743378958344	0.138862426598413	0.0786693730305949	0.0294312662728372	0.00513579348759843	
1.76726217511094e-06	1.76726217511094e-06	1.23708352257766e-05	2.03235150137758e-05	8.74794776679915e-05	0.000355219697197299	0.000924278117583022	0.00272776916728374	0.00749672614682061	0.0173695362880779	0.0362271073275992	0.0682304580566832	0.110621775851069	0.155314952628537	0.183010601805788	0.176924150874706	0.133988516330386	0.0745828819451194	0.0271557505827547	0.00494656682813552	
1.76878136270454e-06	0	6.19073476946588e-06	1.50346415829886e-05	0.000128236648796079	0.000373212867530657	0.00111433225850386	0.00318911279695628	0.0081452381752544	0.018573088699079	0.0383754804452376	0.0718098701537602	0.115316585332204	0.156624705276805	0.182345439462573	0.173657185408969	0.129239547828732	0.0710033058523669	0.0254297696516031	0.00465189498391293	
3.5546645196493e-06	2.66599838973697e-05	0.000139520582396235	0.000484323040802217	0.00140320381913156	0.00360887315357395	0.00886533331200535	0.0202393711087532	0.0411150271665236	0.0756023823361611	0.117940214097444	0.159159215201167	0.182092133349685	0.169904077377937	0.123908495825935	0.0672897993569612	0.023900675563992	0.00431714005911407	
4.44220557283574e-06	3.73145268118202e-05	0.000180353546257131	0.000547279726573363	0.00152456495259722	0.00401930760230177	0.0100766991214206	0.0223700588236862	0.0443927371715766	0.0788802443568442	0.121391263247768	0.16120586335598	0.18022116853106	0.165286473395187	0.119525536907177	0.0640077400989901	0.0223487362369366	0.00398021619326082	
8.88595060122342e-06	6.04244640883192e-05	0.000181273392264958	0.000629125302566618	0.0017896304510864	0.00456115844360798	0.0112478362710286	0.0241129155514799	0.0471719573616546	0.0822217009131203	0.124478838997238	0.163150496013763	0.178295710218488	0.16117159481487	0.115561787568911	0.061054477985946	0.0207904586216824	0.00351172767760349	
1.15329918976296e-05	7.45208707231452e-05	0.000229772684729698	0.00070617396542409	0.00207948715446491	0.00508959803974624	0.0121398047020895	0.0258933411166243	0.0497923617881815	0.0848757231407708	0.127821036354652	0.163848328736401	0.176930290161205	0.158598155963311	0.111451285085801	0.057615278907666	0.0196220549839824	0.00322125335233024	
1.76843572134051e-06	2.56423179594374e-05	7.86953895996527e-05	0.000258191615315714	0.000817901521119986	0.00216721797650279	0.00574387922291397	0.0130652031092637	0.027683976999725	0.0528965650788767	0.0875216522848632	0.129963225379175	0.165255012852107	0.175526971739513	0.155169623933302	0.107354658899697	0.0550558250946334	0.0183598996589572	0.00305408849075506	
7.07157315984407e-06	2.65183993494153e-05	9.81180775928365e-05	0.000331479991867691	0.000837981419441523	0.00241229039415181	0.00639093424320908	0.0140379566689355	0.0296811604451555	0.0552316382183171	0.0911861680028993	0.132500066295998	0.165591492897489	0.175413024069867	0.151355532180078	0.102819789797488	0.0522668811710525	0.0170734294477985	0.00273846670614962	
8.83999780768054e-06	3.62439910114902e-05	0.000129947967772904	0.000372163907703351	0.00107052373451011	0.00282968329823854	0.00683597030467936	0.0151358442463106	0.031583544167281	0.0582714975486686	0.0952262243838964	0.135492414397881	0.165483874959999	0.173597224947888	0.146867723576805	0.0995127393208406	0.0492237597925076	0.0157590640917521	0.00256271536444659	
1.85626990517997e-05	4.15450883540278e-05	0.000165296415366025	0.000472022918745763	0.00124812052672101	0.00324140082966425	0.00758772422193563	0.0166586964919151	0.0339396853710905	0.061526507976215	0.0983195453729821	0.13780770988446	0.166283774167971	0.170633633312443	0.143744237828836	0.0949879828622091	0.0462334957716823	0.0147626493744812	0.00232740888587564	
1.0607912972682e-05	4.06636663952809e-05	0.000187406462517382	0.000515367771922799	0.00140378048338491	0.00358812656300968	0.00810974946761537	0.017753226352531	0.0357645785873973	0.0648576639077253	0.101912871906799	0.140245449426333	0.166612301112682	0.16836437473867	0.139973179660034	0.0912581073184876	0.0433545403193512	0.0137955908209729	0.00225241352119947	
1.58498839876547e-05	6.25189868401935e-05	0.000206929040949936	0.000601415042420453	0.00153567764858166	0.00368950077268184	0.0088574435017677	0.019198612254602	0.0384104327458603	0.0674896865685441	0.105009003614654	0.142296736244722	0.166631591460435	0.166363904530865	0.135754256354263	0.0871488260078985	0.041635884137348	0.0130849597809194	0.00200677142265917	
1.75533446142828e-06	2.10640135371394e-05	8.95220575328423e-05	0.000266810838137099	0.000705644453494169	0.00167283374174115	0.0040653546126679	0.00993519305168407	0.0207348883256216	0.0408510212535897	0.0701896814419019	0.106984124755131	0.145009057525821	0.166783981519839	0.164113240136776	0.132095061893093	0.0831343954277048	0.0395415417453642	0.0119266199981745	0.00187820787372826	
4.39486644440362e-06	3.5158931555229e-05	8.87763021769531e-05	0.000268965826397502	0.000719000150304432	0.00176146247091697	0.00452495449115797	0.010574927638524	0.0224278824390806	0.0428253365808466	0.0721188793793745	0.110572202821328	0.14632619929313	0.167098096055959	0.162828922791865	0.12754166113646	0.0800920460828116	0.0373361483917865	0.0110987957186969	0.00175618863118369	
5.27916209139285e-06	3.43145535940536e-05	7.56679899766309e-05	0.000263078244221077	0.000783075710223273	0.00196384829799814	0.00504071993693161	0.0115736830250303	0.0237791057803305	0.0441126784356787	0.0764035532280316	0.112753223808317	0.148695519047217	0.167425986147479	0.159521320775966	0.123624778275192	0.0768733986541656	0.0350853112593969	0.0104536208013064	0.00153183686685249	
2.63746465797358e-06	2.63746465797358e-05	7.82447848532163e-05	0.000312979139412865	0.000842230380779564	0.00220316214429393	0.0055413132464025	0.0126563137387292	0.0252748238173608	0.0473134784993881	0.0787924983471888	0.115773269471522	0.150024264674853	0.166518089490934	0.155838995090799	0.120568180219718	0.0736186718431306	0.0332681000407928	0.00994148345078843	0.00140488950781393	
7.91652116393972e-06	2.9027244267779e-05	0.000108192455907176	0.000349206544676008	0.000979009783940545	0.00228171732213996	0.00615817385208244	0.0132865613534788	0.0272398697116539	0.049985794242578	0.0816202128136812	0.118262270827707	0.150599500555476	0.165377886341626	0.154563918431684	0.117903388534942	0.0700216296950468	0.0309483200702283	0.00901603799226468	0.0012613657054544	
5.28253181184678e-06	3.43364567770041e-05	0.000114454855923347	0.000425243810853666	0.00097374669731709	0.00265799392332757	0.00649927497250882	0.0143746494820037	0.0290776963583106	0.0524881165044783	0.0846772240999666	0.120908348953486	0.152082330019132	0.165468265630351	0.151725759121832	0.113284775127023	0.0662570356720569	0.0294193000821434	0.00842563823989562	0.00110052746080141	
8.79420075225593e-07	2.63826022567678e-06	5.36446245887612e-05	0.000150380832863576	0.000374632952046103	0.00111950175576218	0.00290736276869581	0.00723059185850483	0.0157759167294719	0.0310479257558396	0.0553331111331943	0.0877080817825493	0.123362409892421	0.153151885520612	0.164338988297557	0.147716190035643	0.10889770849511	0.0638643652829578	0.027997217514882	0.00788839807477357	0.00107816901222658	
8.78369535333732e-07	1.49322821006734e-05	5.88507588673601e-05	0.000146687712400733	0.000434792919990197	0.00125870354413324	0.00345462738246757	0.00796681168547695	0.0169780047484657	0.0327930482321496	0.0579750244406323	0.0907127353920558	0.125930083541726	0.154123988886869	0.162659105661707	0.144159764878043	0.105472857063804	0.0610203316196344	0.0263493293209413	0.00749864072314407	0.00099080083585645	
2.63123734813375e-06	9.64787027649042e-06	7.3674645747745e-05	0.000192957405529808	0.000524493311394661	0.00141911400976014	0.00388633756319355	0.00868220616972533	0.0184897048453359	0.0353182218448833	0.0605430172223255	0.0936755579100257	0.128451744861193	0.154334349575669	0.160783512315945	0.14096766384715	0.101177215589555	0.0583240070587327	0.0251300708329094	0.00708767633675628	0.00092619554654308	
1.75258879272045e-06	3.50517758544089e-06	1.5773299134484e-05	8.67531452396621e-05	0.000250620197359024	0.000613406077452156	0.00150284488975778	0.00428157442061605	0.00957526886902816	0.0201652866490415	0.0374843690987049	0.0636566538347957	0.0967788294284194	0.129275330823042	0.155211892366512	0.158752998022204	0.137621158653977	0.0975911543338454	0.056103872432567	0.0235469067245956	0.00655030061279267	0.000929748354538197	
1.75069568269691e-06	5.25208704809073e-06	3.0637174447196e-05	9.19115233415879e-05	0.000256476917515098	0.000762427969814505	0.00171130502983623	0.00475226343068077	0.010382500746234	0.0213059664584214	0.0393521375556612	0.0659810942373226	0.0984853856301148	0.132436627004656	0.156155052113834	0.156544581903234	0.13437989921245	0.0943029736441518	0.0539380586360505	0.0219686047743222	0.00629462632713675	0.000860466928045532	
5.257563662524e-06	3.85554668585093e-05	0.00011829518240679	0.000284784698386717	0.000806159761587013	0.00203818217983847	0.00521462689261339	0.0112389185892555	0.0222079489105014	0.0415487731037063	0.0683711103886829	0.102178120999323	0.13525170147904	0.155275132687763	0.154314751058742	0.130659219619826	0.0917856701597335	0.0513146976068447	0.0207288210001113	0.00581223662892028	0.000807036022197434	
1.05210460374672e-05	5.61122455331584e-05	0.000142910875342263	0.000316508134960472	0.000886398128656611	0.00231901389742506	0.00578745207444341	0.0122245787417004	0.0237600289679468	0.0430363388162596	0.0711626018897552	0.105002669715432	0.136920016377762	0.154903991071139	0.152455217605918	0.127843860662773	0.0887020623880495	0.0489649482583723	0.0193885343393791	0.00537537777130928	0.000740856991804982	
8.76660065416374e-07	1.84098613737439e-05	6.04895445137298e-05	0.00011834910883121	0.000375210507998208	0.000980982613200923	0.00275621924566908	0.00647676456329617	0.0131306144598065	0.0249409788610958	0.0453540084843161	0.0736482120956296	0.107128736653946	0.13720343685812	0.154570949414084	0.151307143990539	0.125214233803486	0.0863150733808308	0.046707571625319	0.0181784231164739	0.0048935164851542	0.000619798666249376	
8.78007835341923e-07	1.66821488714965e-05	5.6192501461883e-05	0.000143115277160733	0.000415297706116729	0.00116072635832202	0.00288425573909822	0.00662895915683152	0.0140270531774226	0.0267862630406114	0.0475011018998334	0.0763515613613336	0.109886192624383	0.138744554156401	0.154889362232669	0.149602877056075	0.122197618491547	0.0827987728962493	0.0437651785604535	0.0172800722073644	0.0043478948006132	0.000515390599345709	
8.77724236599345e-07	2.01876574417849e-05	5.70520753789574e-05	0.000168523053427074	0.000426573978987282	0.00127972193696185	0.00312645373076687	0.00705251424107574	0.0150714028666474	0.0283171393211681	0.0503409958659188	0.0792111014561445	0.111761504770431	0.140440266477078	0.154927982726387	0.147442750436668	0.118699914860749	0.0789855263273385	0.0419552185094487	0.0161632918169769	0.00404192010953998	0.00050908005722762	
4.40032773640981e-06	4.40032773640981e-06	2.55219008711769e-05	8.80065547281962e-05	0.000160171929605317	0.000572042605733275	0.00143098657988047	0.00345865760081811	0.00780442127329643	0.0162072871187446	0.0306298013076014	0.0527106458889058	0.082206922771608	0.11403449328906	0.141001461788874	0.154175162966138	0.144841187771665	0.11549804229419	0.0763984901595471	0.0396680744781871	0.0148669472902342	0.00374995929696844	0.000462914477870312	
5.27186108997485e-06	1.14223656949455e-05	3.07525230248533e-05	8.69857079845851e-05	0.000182757851119128	0.000602749451287125	0.00158858747511242	0.00382737115132174	0.00859313357665901	0.0171194902461783	0.032705747558689	0.0551752981676768	0.0843778940320775	0.116628504249999	0.142012515398228	0.153426094658023	0.142686434974229	0.112571807141263	0.0728474551847875	0.0375927627890957	0.0138878393980238	0.00356641402736799	0.000472710211067745	
1.05430552016799e-05	2.89934018046196e-05	9.22517330146988e-05	0.000247761797239477	0.000651033658703731	0.00189072123283459	0.0042910234670837	0.00910217099078361	0.0185223908134846	0.0343703599574763	0.0577144413498625	0.0877858705488539	0.117975909118864	0.143030601217723	0.151725985995308	0.139983658264437	0.109886750015375	0.0697932682592537	0.035797186761437	0.0132860067299836	0.00334302708686599	0.000470044544408227	
2.63349631749432e-06	7.90048895248295e-06	2.37014668574488e-05	0.00010972901322893	0.00027476144912524	0.000802338544729935	0.00202340300394147	0.00456209345400599	0.010092435720744	0.0197248874180324	0.0365107929457412	0.0599998244335788	0.0898908854692451	0.120003160195581	0.143313113933829	0.151028380311982	0.13810932521046	0.105903420911716	0.0673692249620338	0.0340862206694348	0.0125617774344479	0.00318916404048562	0.000410825425529113	
3.50974788603498e-06	2.72005461167711e-05	0.000112311932353119	0.000347465040717463	0.000870417475736674	0.00221552835305958	0.00503561077948868	0.0108600373963637	0.0212664398784574	0.0381088425465678	0.0620049610286369	0.0926073302839474	0.121770702905984	0.143593437824377	0.150013644144907	0.135596477266047	0.10349018104157	0.064574973918186	0.032058914628015	0.0120717778540173	0.00304733860204987	0.000322896805515218	
1.31432411758469e-05	4.29345878411e-05	0.000107774577641945	0.000345229134885579	0.000982238223874961	0.00244814772302109	0.00558587749973494	0.0114933263002389	0.0224495321444249	0.039515592703223	0.0650012135592686	0.0941336457335725	0.123162684410626	0.144260215146096	0.149631419706625	0.133428431985041	0.099842193484282	0.0622306183194	0.0306815822008971	0.0115196127825906	0.0027995103704554	0.000325076165082614	
3.49670828623704e-06	1.6609364359626e-05	5.07022701504371e-05	0.000117139727588941	0.000415234108990649	0.00112419171402521	0.00261291526689063	0.00601870913768551	0.0123136582299837	0.0237889806483422	0.0419246581749106	0.0667303067574762	0.095847396656972	0.124575477759624	0.145065314139902	0.149363642800758	0.130502398304796	0.0963544193584764	0.0597045456333544	0.0295297014772718	0.0109560612378522	0.00263564387075117	0.000348796651552145	
8.73793618685203e-07	1.39806978989632e-05	1.3106904280278e-05	4.45634745529453e-05	0.000130195249184095	0.00049369339455714	0.00119185449588662	0.00284332443520165	0.00626073127787948	0.0129609807459576	0.0252744804204695	0.0432720075845286	0.0687885288373739	0.0981733344401386	0.126391625561959	0.146300139370082	0.146931892156392	0.127476877236366	0.0939738823087375	0.0580330031849777	0.0283187773879687	0.0102050356726245	0.00257244841340924	0.000334662955956433	
4.37363815841842e-06	2.44923736871432e-05	6.99782105346948e-06	4.28616539525005e-05	0.000184567530285257	0.000613184069810263	0.00130071998831364	0.00297319922009284	0.00688585591661396	0.0137096061713784	0.0265847221821305	0.0455698107001932	0.0706176364334555	0.100788741905489	0.127453064302103	0.146686575467564	0.144521624579147	0.12574209705453	0.091013660621424	0.0562362394409441	0.0267447973387287	0.00968585906563344	0.00231103040290829	0.000298282122404136	
