# <P(N_1)> as a function of N_tot.
# number_of_species: 2
# species_total_upper_bound: 100
# species_total_lower_bound: 0
# volume: 512
# Bin widths for each species index 
1	1	1	1	1	1	1	1	1	1	1	1	1	1	1	1	1	1	1	1	1	1	1	1	1	1	1	1	1	1	1	1	1	1	1	1	1	1	1	1	1	1	1	1	1	1	1	1	1	1	1	1	1	1	1	1	1	1	1	1	1	1	1	1	1	1	1	1	1	1	1	1	1	1	1	1	1	1	1	1	1	1	1	1	1	1	1	1	1	1	1	1	1	1	1	1	1	1	1	1	1	
# Bin lower bound for each species index 
0	0	0	0	0	0	0	0	0	0	0	0	0	0	0	0	0	0	0	0	0	0	0	0	0	0	0	0	0	0	0	0	0	0	0	0	0	0	0	0	0	0	0	0	0	0	0	0	0	0	0	0	0	0	0	0	0	0	0	0	0	0	0	0	0	0	0	0	0	0	0	0	0	0	0	0	0	0	0	0	0	0	0	0	0	0	0	0	0	0	0	0	0	0	0	0	0	0	0	0	0	
# Bin upper bound for each species index 
0	1	2	3	4	5	6	6	6	7	7	7	8	9	9	8	8	8	9	9	9	9	10	10	11	10	11	11	11	11	11	11	12	12	12	12	12	12	12	13	13	13	13	13	14	15	15	16	16	15	15	15	15	16	16	16	17	17	17	17	17	17	18	19	19	19	17	17	17	17	18	18	18	18	18	18	19	19	19	19	19	19	20	20	20	21	21	21	21	22	22	21	22	22	21	22	21	21	22	23	23	
# Normalized histogram for each species index 
1	
0.920867219926244	0.0791327800737564	
0.847838532197061	0.145847882967985	0.00631358483495438	
0.780394073712003	0.201992956885922	0.0171626840855986	0.000450285316477258	
0.718487701193364	0.247961106706669	0.0316584387052823	0.00182879394794891	6.39594467359114e-05	
0.66120942922656	0.284986231831293	0.0494963064454051	0.00413416571436214	0.000171637721067156	2.22906131256046e-06	
0.608914738436168	0.315006076683152	0.0677502061335272	0.00780716856171349	0.000508487372193512	1.25826569538424e-05	7.40156291402493e-07	
0.560484227006452	0.339226023306114	0.0869827819679977	0.0121917467713871	0.00105957120014246	5.19397647128659e-05	3.70998319377613e-06	
0.515676957853722	0.356736860890515	0.107470777192826	0.0180259361708456	0.00194446923054044	0.000132357752595104	1.26409089557122e-05	
0.473919394393314	0.369454772324227	0.12760817223578	0.0255177630432808	0.00319390819710211	0.000274720774995496	2.82910283193193e-05	2.97800298098098e-06	
0.435767397549896	0.378116623508971	0.146637690955087	0.0337652087049483	0.00507671774717573	0.000581155492292416	4.84917933235007e-05	6.71424830633086e-06	
0.402281816429855	0.381178674562542	0.164824411880265	0.0433566036580174	0.00729556798166659	0.00095013437828196	0.000103080616511722	9.7104928597999e-06	
0.370311372456149	0.384483283772603	0.181157688019857	0.0524680945816829	0.0100640677630349	0.00137176356515542	0.000107983559689216	3.05332823948817e-05	5.21299943327249e-06	
0.340767051171027	0.382942792369136	0.197771822324108	0.063016930811573	0.013242520945526	0.00200549405506277	0.000215380075032754	2.75746116823941e-05	9.68837707759794e-06	7.45259775199841e-07	
0.31389648179832	0.37914268266522	0.212892722840991	0.0734413108588197	0.0172856725349454	0.00293899785554811	0.000367001003833703	3.06457050044436e-05	2.98982487848231e-06	1.49491243924115e-06	
0.289329423953708	0.373180541082823	0.22657208714891	0.084829706109799	0.0214087799809507	0.00406364485953404	0.000560579957661658	5.3744017245858e-05	1.4928893679405e-06	
0.265845677591587	0.367234327503283	0.237635444203357	0.0960777697580756	0.0267421064902233	0.00546953618065037	0.000878939492464584	0.00011396418842973	2.2345919299947e-06	
0.244383674802227	0.358852855373802	0.247799730562516	0.108121668842395	0.0320916892626851	0.00725557718444539	0.0013106560511976	0.000172964848622208	1.11830721091945e-05	
0.225292352580609	0.350276580510724	0.256933551242988	0.118261033169503	0.0380194610543731	0.00919744988961418	0.0017328745185319	0.000262059007326453	2.38914194713575e-05	7.46606858479923e-07	
0.208124452071403	0.339215459513906	0.264943388483707	0.129388371789372	0.0442491279774673	0.0114677957881778	0.00217567290294902	0.000372311652459383	5.89431273432691e-05	4.47669321594449e-06	
0.190188791415286	0.329272154498565	0.271151464817639	0.140420243506421	0.0511711520623061	0.0143165702967576	0.00288810983032822	0.00051234635210891	6.94580331576219e-05	9.70918743063532e-06	
0.174590180464752	0.319437773981735	0.275221258106946	0.149872910568328	0.0589025717403596	0.0172420360899627	0.00394152765754347	0.000678208662696507	0.000100834988396507	1.26977392795601e-05	
0.161319948819529	0.307381253473893	0.27890297719634	0.160211287308213	0.0653849166825207	0.0206176721838617	0.00496510252880767	0.00101689477787601	0.000173834543833537	2.5366414121632e-05	7.4607100357741e-07	
0.149146162252344	0.294882355315501	0.280625066338177	0.170099309185988	0.0734376705171463	0.0239759254082321	0.00615917275732112	0.0013925411221953	0.000228726561133527	4.63432901643094e-05	6.72725179804491e-06	
0.136807941506875	0.284748195213792	0.281120720392779	0.178362407336406	0.0810404579435209	0.0279396867974238	0.0078651232804367	0.00172161461791046	0.000330448559676921	5.14694144869245e-05	1.11890031493314e-05	7.45933543288761e-07	
0.125827301469997	0.271467374299345	0.282180201979266	0.187037180514871	0.0888836905765855	0.0322815194037768	0.00954022748741727	0.00223494318774417	0.000476042898989508	6.40683713819995e-05	7.44981062581389e-06	
0.115212677119191	0.259941432686699	0.281432254632978	0.194672624213435	0.0968521000277863	0.0371703540037262	0.0112478741227381	0.00274808978334862	0.000615321811072366	9.60974741263138e-05	8.19435825883296e-06	2.97976663957562e-06	
0.106625932302774	0.249334643007869	0.278732852538366	0.201342291905539	0.104670384050853	0.0415102091121975	0.0134371113459894	0.00341884810887728	0.000779829020246423	0.000124742764732905	1.86740665767822e-05	4.48177597842772e-06	
0.0982198860505782	0.237575797447838	0.276946735635398	0.207053470702618	0.112355535353701	0.0466660336973903	0.0156562707693044	0.00428525184078181	0.00101823325316553	0.000191385985910702	2.84088572836198e-05	2.99040602985472e-06	
0.0913607664553088	0.225839133577465	0.273268943265606	0.213626071692065	0.119730208210183	0.0515931154307196	0.017946212244788	0.00507543185692116	0.00125183510196507	0.000278351857699347	2.61890188695622e-05	3.74128840993746e-06	
0.0841842069101489	0.216432813349504	0.269184236782832	0.217424586412709	0.126981305675212	0.0573264247775979	0.020388852709751	0.00616572169413958	0.00152051954569624	0.000342042216075088	4.63026580713001e-05	2.98726826266452e-06	
0.0771067235444958	0.206196061339694	0.264964013528883	0.222004883771609	0.134120876332514	0.0626830294906967	0.023112090916961	0.00734058336592166	0.00196276273407625	0.000441061891954016	6.41815951066758e-05	3.73148808759743e-06	
0.0709071185426252	0.195643586578386	0.261399768076909	0.224689335278495	0.141355627875659	0.068174166760184	0.0264482100774324	0.00845247446975648	0.00231249766206561	0.000507238244865896	0.000102495043579097	6.73325103804287e-06	7.48139004226985e-07	
0.0653679047161662	0.185696935731962	0.256238260532087	0.228343748852744	0.147165632607007	0.0739330804438727	0.0298020464416535	0.00995349541135245	0.00273318413704281	0.000636843891580699	0.000113882672376784	1.3486105939356e-05	1.498456215484e-06	
0.0599307754842226	0.175861947309199	0.249843302779565	0.231152233132436	0.153962619361996	0.0797545689906898	0.0335553492114846	0.0114863754112598	0.00338541060676917	0.000875252498335444	0.0001718977891242	1.50129073470917e-05	5.25451757148208e-06	
0.0554265653872313	0.166343647865367	0.244362469227945	0.231690251051817	0.160425481970134	0.0860090224568288	0.0370287887998748	0.0132568119850007	0.00408312818629959	0.00110749303302616	0.000223454776364654	4.06281411572098e-05	2.25711895317832e-06	
0.0513019596722952	0.15826212332965	0.237907052284684	0.232787883834485	0.165607799980346	0.0919042271398447	0.0408588260270407	0.0149809193948519	0.00462480561188091	0.00135255872152819	0.00033757705196211	6.82655816190045e-05	6.00136981265974e-06	
0.0472384221609171	0.149707652261951	0.231620433189855	0.233154809509689	0.171341684414211	0.0975059083597674	0.0449739253375029	0.0169440375738732	0.00540963130037831	0.00157406492156634	0.000408867482005338	0.000101093608188133	1.94698800954923e-05	
0.0437235785483225	0.140686942795128	0.224861128551013	0.2326702184273	0.176431018709527	0.103816498346697	0.0494705245723238	0.0194965648375697	0.00634413810010703	0.00187603518276021	0.000478351600385073	0.000130799265730293	1.42010631364319e-05	
0.0396699052904158	0.133322182830416	0.217858177549856	0.232210218838576	0.180961462069872	0.109386433621156	0.0540943750690684	0.0218778840726017	0.00764605914346217	0.00222960279320098	0.000577187863075807	0.00014112355255023	1.71737656542607e-05	8.213540095516e-06	
0.0361554527823363	0.125750410264061	0.212589139191407	0.230754885871998	0.184627778606594	0.114714307026704	0.0585685513948978	0.0243816201700731	0.00886095778009846	0.00262792779352529	0.000745934656124124	0.000177532448157541	3.95345367745785e-05	5.96747724899299e-06	
0.0332518585653772	0.118801858042784	0.205443330740276	0.229946979187353	0.188081291611483	0.120280050228672	0.0630889438690113	0.0268777146850182	0.00983371084470471	0.00324381063014288	0.000900353422313535	0.000199331976581852	4.55402643127078e-05	5.22593197031073e-06	
0.0307098947469013	0.111807340093382	0.197891951699145	0.228721299530101	0.191378772291065	0.125846063796906	0.067264778212952	0.029752030329138	0.0114637631603702	0.00370229902391899	0.0011415235344973	0.000271009184449	4.62880700711791e-05	2.98632710136639e-06	
0.0283987103707684	0.105963042569706	0.1912464923279	0.225947817780166	0.194928801719506	0.130580930204788	0.07168562302227	0.0323855155531674	0.0127858379604753	0.00437488805301809	0.00130754074870141	0.000319422055048063	6.56755627201624e-05	9.70207176547854e-06	
0.026359037538967	0.0999271994175953	0.183533628269026	0.223399973866458	0.198321479905173	0.135450150267869	0.0761068488547908	0.0356006048048384	0.0142539806985123	0.00500121334304008	0.00150379869705624	0.000403949898265853	0.000113494241287264	2.24001792014336e-05	2.24001792014336e-06	
0.0240826921238769	0.0945251266488243	0.177306860542917	0.219905969221946	0.200231343194418	0.141051394331868	0.0801300241349646	0.0389430199770598	0.015718343767922	0.00575221635442554	0.00170856432804435	0.000503309596635443	0.0001090255209329	2.53895048747849e-05	5.22725100363219e-06	1.49350028675206e-06	
0.0224069892241026	0.0882904594828343	0.171246559498167	0.216642576331134	0.201167202806884	0.146302269949701	0.0852983951519626	0.0419231381842486	0.0176226634731466	0.00631012970077868	0.00206765042566209	0.000552266600374827	0.000114621369889115	4.83791496285226e-05	4.46576765801747e-06	2.23288382900873e-06	
0.0203291477893353	0.0834000685569651	0.164414027558115	0.212896888688621	0.201963465532279	0.150779222034595	0.0902765849708559	0.0454446424813755	0.0199521588380115	0.00730629868975891	0.00236082824546963	0.00068036467546605	0.000134585799190552	4.8331916836386e-05	7.43567951329016e-06	7.43567951329016e-07	5.20497565930311e-06	
0.0185370972320689	0.0783962259944442	0.158029051162805	0.20908558544499	0.20246413193562	0.154289527699376	0.0957725252038828	0.0492618305532146	0.0219199093953298	0.00836116424623187	0.00275262219963051	0.000856107120403441	0.000205108997596658	5.42498435672319e-05	1.26335252142869e-05	1.48629708403375e-06	7.43148542016875e-07	
0.0173170270064845	0.0734716171848337	0.151579687832998	0.204623934591877	0.203467429324264	0.158416631022658	0.100335028845566	0.0528445409523582	0.0240496462673643	0.00935338538600599	0.00325341623608207	0.000930718478897505	0.000279439094945208	6.5575040947142e-05	8.19688011839276e-06	3.72585459926943e-06	
0.0162750098910752	0.0690318816736817	0.14578439020683	0.200363008049212	0.203631719691026	0.161376152189187	0.104805162582454	0.0570046322270976	0.0260558117424759	0.0103649527351897	0.00377760839389056	0.0011265767044502	0.000284624537764535	8.79206687335475e-05	2.98036165198466e-05	7.45090412996165e-07	
0.0145464011026714	0.0651414438550536	0.139478528339489	0.196007589815804	0.20365110714648	0.164869654460508	0.109208767669294	0.0605857643218989	0.0288160901708305	0.0117576509758761	0.00414173026319715	0.00132911279110703	0.000331159415966061	9.99445084221895e-05	3.05800361590281e-05	4.4751272427846e-06	
0.0135148768266755	0.0602650664534378	0.132873994417687	0.191245408790462	0.204318632744338	0.168759224454566	0.113649764040787	0.0641300895636156	0.0312661836633275	0.0129925158146851	0.00477448427125408	0.00164480198482239	0.000411760969394427	0.000109852745010854	3.66175816702848e-05	6.72567826597068e-06	
0.0124614280212032	0.0566698987949207	0.126839053500964	0.186528019854359	0.202447625284934	0.171691951700914	0.119147137768093	0.0684801553819431	0.0335799142461923	0.0143430062389567	0.00528280622666761	0.00182387948307928	0.000505800596170303	0.000139376164278039	5.32027293749504e-05	5.24533951584018e-06	1.49866843309719e-06	
0.0114413014583372	0.0539049366306606	0.121368852612464	0.181369975850385	0.201363610835502	0.173779133983563	0.122220266956212	0.0731160491978209	0.0364266057622105	0.015936499616227	0.00606997772244791	0.00209895726079712	0.000649980343336391	0.00019918752457083	4.11853904187805e-05	9.73472864443904e-06	3.74412640170732e-06	
0.010758167968408	0.0502481877021927	0.116534846181995	0.176821296622657	0.199568655535824	0.175832736530401	0.126052262724998	0.0766743970419528	0.0396299597317043	0.0174513409170335	0.00697829134010882	0.00238571504474712	0.000728136994522883	0.000246952937505192	7.25891967818291e-05	1.34701602275559e-05	2.99336893945687e-06	
0.00971923297187838	0.0473122948334525	0.111034170406609	0.172233971275748	0.197875438406055	0.176418713809276	0.13029746108152	0.0808209282043412	0.0425623500436067	0.0195058410471588	0.0079674802834246	0.00292557671216982	0.000902077773327694	0.000292707393668986	0.000105554328663241	2.09611432806435e-05	4.49167356013789e-06	7.48612260022982e-07	
0.00897446442591692	0.0440438179982802	0.106518861928441	0.167905933375706	0.195509776797398	0.178509739410027	0.133274759786144	0.0844775114966164	0.0453606011889184	0.0214528732194265	0.00903503196620182	0.00336860208621528	0.0010947022095936	0.000326765618574046	0.000107675627173141	2.5423411971436e-05	1.12162111638688e-05	2.24324223277377e-06	
0.00844777144221871	0.0408835119562946	0.101135922619936	0.162997432605905	0.193719586828671	0.180034779233961	0.137255575126131	0.0877421858673911	0.0485446457891752	0.0235842015702899	0.01012627996537	0.00368615099859689	0.00133444786100248	0.000370182404394423	9.92626205331821e-05	2.46290712601128e-05	1.26877033764218e-05	7.46335492730692e-07	
0.00767839728133731	0.0388152817082583	0.0958846123931291	0.158675908364794	0.190469424019241	0.181035024320783	0.140215446838298	0.0925655584207346	0.0515694832506686	0.0257170592493763	0.011134311748763	0.00421276048366349	0.00142095595933972	0.000437504861165124	0.000128633907898122	3.14106054169833e-05	6.73084401792499e-06	1.49574311509444e-06	
0.00691768701925635	0.0362065592863765	0.0919272915868784	0.15294383932379	0.187796090869777	0.182312156317242	0.143537883517543	0.0964968623080492	0.0550566943049373	0.0274848773965513	0.0122794565680927	0.00458456029217672	0.00170506370192938	0.000529131856510833	0.000155142059911816	4.87161057694109e-05	1.49895710059726e-05	2.99791420119452e-06	
0.00631427201351695	0.0334631613600526	0.0877045693352314	0.148694679656484	0.184886935372099	0.182759880283627	0.147491352731875	0.0995582038936382	0.0583218963410143	0.0295352497373125	0.0133561020926314	0.00516731580680026	0.00184820793729772	0.000659913204126637	0.000158589619670524	6.61416423270434e-05	7.5160957189822e-06	6.01287657518576e-06	
0.00583807730445566	0.0316313262464265	0.0832449289514876	0.144319620050641	0.183114148189586	0.181682110140441	0.150002597545357	0.103258827701428	0.0616333515788935	0.0319106564862966	0.0144024478665118	0.00591261556253421	0.00204490817112478	0.000729571435132516	0.000195004129720662	6.32445826121067e-05	8.28202867539492e-06	4.51747018657905e-06	3.76455848881587e-06	
0.00519399757879458	0.0297056910373239	0.0789699939168719	0.138918919732824	0.180400884161582	0.182779176428782	0.152556268934489	0.10667231815362	0.0645037432317672	0.0344186095535225	0.0156866406075901	0.00656420711545295	0.00241518252395608	0.000852240217306198	0.000264254696355544	6.70047520673601e-05	1.58101100383659e-05	6.02289906223462e-06	6.77576144501394e-06	2.25858714833798e-06	
0.00495603709762783	0.027410656947825	0.0748795998431053	0.134138234512478	0.176871726497219	0.182759043845457	0.154980241349897	0.110646182014471	0.0682590028149207	0.0362988498651262	0.0172817608348848	0.00740732933367162	0.00274716381121737	0.000902671803137744	0.000345559931309612	8.35667807742199e-05	1.88213470212207e-05	1.05399543318836e-05	1.50570776169766e-06	1.50570776169766e-06	
0.00462430793567097	0.0255282286919513	0.0710285864939174	0.129235810327295	0.17376671311815	0.182451131784114	0.156519151821024	0.11510074950096	0.0716364732025159	0.038601935896953	0.018640352529095	0.00807351888817747	0.00318632066588829	0.00111558886670935	0.000356295431433844	0.000112236827238145	1.58186132349064e-05	5.27287107830214e-06	0	1.50653459380061e-06	
0.00424421835834269	0.02407401106234	0.0672746038767339	0.123759078415583	0.170242078479855	0.181799690738409	0.159044389246165	0.118027531086839	0.0754583158475771	0.0413510723967017	0.0202464262895036	0.0088725562474244	0.00362796359938148	0.00136483415941717	0.00044839149946503	0.000132324641494739	2.94894915331133e-05	3.02456323416547e-06	
0.00394821551098714	0.0225575570236855	0.0638999654275821	0.119304345457888	0.165561786660191	0.180476342858526	0.160905479614756	0.121523940075484	0.078873529253788	0.044407022512923	0.0223147179397562	0.0100101145126235	0.00396183265588037	0.00152133768779367	0.000508373409347262	0.000185344472157856	3.63123863819473e-05	3.78254024811951e-06	
0.00355462695328604	0.0208504325842569	0.0610255087413262	0.115283685555839	0.161290346982728	0.178471926465593	0.162908424670125	0.124552645772611	0.0823744514686381	0.0473410649054155	0.0240480082666447	0.0111192725231648	0.00455542956218101	0.00178525635449139	0.000596850535463437	0.000176256241778176	5.82477708880667e-05	7.56464556987879e-06	
0.0032225259250018	0.0196285248740138	0.0576100229478324	0.11130719473145	0.158405068938011	0.177294121649976	0.164031257442923	0.127459141894727	0.0848918578670992	0.0501215441207048	0.0259336970205623	0.012055362118308	0.005012230022721	0.00204224367044342	0.000690325239213196	0.00021549035397126	6.88056919697709e-05	1.05854910722724e-05	
0.00302689509051646	0.0184215945167415	0.0547443356029389	0.107191157513948	0.155220206052131	0.175918194633955	0.165351592759287	0.130046365123652	0.087270069491115	0.0530743765373014	0.0277760806649062	0.0130164785888469	0.00568419671122154	0.00211875113612278	0.000785197555252338	0.000257961156480595	7.09016044127952e-05	2.41367163958452e-05	1.50854477474032e-06	
0.00272534411710159	0.0170041871538662	0.0521886435702234	0.102636534839925	0.151256975448532	0.175361381383826	0.165978357073606	0.132765345986771	0.0910166928269546	0.0553587879719972	0.0298114197572747	0.0139818069144581	0.00630410166174371	0.00236573439542595	0.000802148309985088	0.000312867996845687	9.42373484474962e-05	2.86481539280389e-05	6.78508908821973e-06	
0.00246989067721692	0.0157161854646934	0.0493353132619575	0.0993927683408208	0.146673102438716	0.173439789637604	0.165960087169069	0.135880131988548	0.0952293459157195	0.0580672804244598	0.0315716787877054	0.0151717552940751	0.00674099431172129	0.00280573556808239	0.00103012513610754	0.000349399168972149	0.000120482472059362	3.76507725185505e-05	8.28316995408112e-06	
0.00227540282764558	0.014747562848494	0.0463343117339534	0.0950223586007741	0.143360922875067	0.170388580957567	0.166458408182111	0.138109645644234	0.0987574538084188	0.0615059235039848	0.033821479170009	0.0166019295355723	0.0075063437869301	0.0032409991285531	0.00121415073093832	0.000443631997842849	0.000155911415201137	3.91661526109136e-05	1.5817100092869e-05	
0.00220241904301049	0.0137474062031034	0.0432388674953249	0.0913039119695671	0.139676481074045	0.168220495159879	0.166773320429359	0.140528957438742	0.102291887605778	0.0647279047698728	0.0359743518428489	0.0176932185542875	0.00801373007025581	0.00354180940558052	0.0013491889414746	0.000487667734711767	0.000174866946604529	4.44704734899448e-05	9.04484206575148e-06	
0.00198454429094231	0.0130565287150489	0.0414868908906262	0.0871118796233422	0.135431251539862	0.166026434550601	0.167155416408771	0.142350115076527	0.10518760779035	0.0676059575388646	0.0386437795578417	0.0192264934409384	0.00878848153066804	0.0036205539297282	0.00147225844445379	0.000579138398302997	0.000192294980500087	6.53502472793265e-05	1.50230453515693e-05	
0.00182330627202382	0.0119200051516826	0.0396529802633648	0.0831637321544367	0.131918267956384	0.163742637511737	0.167182583718586	0.144944986319587	0.107143017598088	0.0702897671709026	0.0409169396010142	0.0208044112779917	0.00984884903323584	0.00402849599321895	0.00160540806867313	0.000664177685127362	0.000248598637499757	7.93718541414886e-05	2.09661501505819e-05	1.49758215361299e-06	
0.00178934020607747	0.0110423786765174	0.0373214872869962	0.0801997409988099	0.127714999823987	0.16242625244452	0.167055018653628	0.146487717666233	0.110544374363826	0.0724723977982652	0.0428423021296069	0.0223641311064324	0.0105532873602476	0.00448645786287318	0.00166350966835414	0.000676339140262851	0.000242673179894976	8.31380338529086e-05	3.07086431348581e-05	3.74495647986075e-06	
0.00158500825119007	0.010385028045049	0.0351041089501982	0.0770985801655037	0.124154730994709	0.159474023184307	0.167303843982404	0.148505676113986	0.112620309548962	0.0764200406823783	0.0441050664031484	0.023770625163543	0.0115441684217472	0.00495971124958482	0.00188191613551896	0.000729523665282846	0.000249672539094746	7.27274363128839e-05	3.07404627714252e-05	4.49860430801344e-06	
0.00139347070151018	0.00991245645872546	0.0330999888312461	0.0737085285054333	0.121107520619094	0.156178157365493	0.166617569124467	0.149775238198038	0.115475170510892	0.078690242481892	0.0472910524789012	0.0253470746485028	0.0125937069693774	0.0054629448480937	0.00215729353359134	0.000791557321567913	0.000296833995587967	7.42084988969919e-05	2.47361662989973e-05	2.24874239081794e-06	
0.00125850825122136	0.00897390677883425	0.0308113138165745	0.0703383788732711	0.117985336165039	0.154425791539403	0.165554996885624	0.150756080538524	0.118189459149137	0.0813910381004555	0.0499365867935431	0.0272871905322957	0.0133137715473573	0.00612594087937983	0.00225585915514097	0.000933562471389012	0.000328698040569443	9.53074227221901e-05	3.15189901915904e-05	6.75406932676938e-06	
0.00109430623011504	0.00840994602773593	0.0294742151279955	0.0665725473242411	0.113668995632532	0.151550905129354	0.165296532220113	0.152078543867194	0.120887814097036	0.0843914253826507	0.0522775154595148	0.0290073711807174	0.014546467109643	0.00656733848663002	0.00265170364265873	0.000956955036623232	0.000410552474535614	0.000115585157364688	3.22737777057247e-05	9.00663563880689e-06	
0.00106317413712697	0.00782235244897439	0.0280406555390773	0.0640671134297338	0.109446954508443	0.147777456209672	0.164021977263969	0.15318479885915	0.123140007587674	0.0876571330887083	0.0551725896012872	0.0309182735491572	0.0156784445567434	0.00734174975370049	0.00296384158255495	0.00111340874022112	0.000375634867912985	0.00015295311986876	5.3233683875892e-05	7.49770195435099e-06	7.49770195435099e-07	
0.000994249536403993	0.00743327027178901	0.0261659205424542	0.0612913256036114	0.105755333695469	0.144410436997771	0.162494989416899	0.154161125367599	0.125791672129919	0.0903830520538708	0.0580021353513028	0.0328521924813157	0.0168947496581565	0.00795774252158765	0.00348174649259183	0.00126397812201472	0.000447299904471126	0.000143855245659056	5.99396856912732e-05	1.42356753516774e-05	7.49246071140914e-07	
0.000942390755595445	0.0069946336081973	0.0250885361156299	0.058535180718386	0.101215010938464	0.140899384828257	0.160763635683701	0.154182606907126	0.128717862418429	0.0934761878050149	0.0605351433219274	0.0353725622183579	0.0184020493259288	0.00871262691423122	0.00388698790224566	0.00147865597127952	0.000521306632261925	0.000185486434434659	7.47929171107496e-05	1.27147959088274e-05	2.24378751332249e-06	
0.000922602186029743	0.00643955425475614	0.0234464864606636	0.0562727618126296	0.0979391485635845	0.13741398190177	0.158848061005203	0.155205424542562	0.129222528512214	0.0966791546396216	0.0636177500897596	0.0375124375881268	0.0200621188947584	0.00963432557854845	0.00425397237717112	0.00155707779939971	0.000625518310592981	0.000237368523590177	8.36014925852194e-05	2.01539312482225e-05	4.4786513884939e-06	1.49288379616463e-06	
0.000854690646773151	0.00619482766600033	0.021924867840193	0.0537604149093879	0.0945048989822836	0.134381256223566	0.156662182962022	0.156079948285617	0.132372546589971	0.0984260255914534	0.0661336482376951	0.0392821792894647	0.0213291969789485	0.0104690273545794	0.00475491652396941	0.0017228174783864	0.000765116081172471	0.000254541057248598	8.13635637539506e-05	3.95620998069668e-05	4.47872828003398e-06	1.49290942667799e-06	
0.00080940494163017	0.00574131926279129	0.0207097053855697	0.0510657538751289	0.0917198547106919	0.130836609318246	0.154463311460217	0.155375853873634	0.135235646701843	0.102187560724055	0.0684040597300489	0.0417056546239967	0.0221155139684011	0.0111963946727254	0.00518228427078818	0.00201641231072779	0.00080417333074244	0.000274285885113825	0.000112105947594206	3.51265302461847e-05	7.47372983961376e-06	1.49474596792275e-06	
0.000729596005854727	0.00538105115702702	0.0193675936651611	0.0488657214095645	0.0884966281439976	0.127893315852961	0.152718287641916	0.154803809763267	0.137054048472114	0.105119444219953	0.0711846244563574	0.0431397022948975	0.0238110204167153	0.0120559192311031	0.00566989634498592	0.00229205391377747	0.00089122958253639	0.000327008671342068	0.00013394634363897	4.93880373193969e-05	1.12245539362266e-05	4.48982157449063e-06	
0.000601804515330296	0.00492072497982757	0.018245006294995	0.046652574660437	0.0858417254124681	0.125181327293332	0.151538718336025	0.154621095194396	0.1372892748555	0.107294858763067	0.0740182128202326	0.0453696232434269	0.024778028446491	0.0130278701359749	0.00633391767254349	0.00271934801516787	0.00100375603862926	0.000369765460911899	0.000116019527209199	5.31444285926008e-05	1.64672877329186e-05	4.49107847261415e-06	2.24553923630708e-06	
0.000518507029441758	0.00436534964382613	0.0172770738220637	0.0438790320103162	0.0827041190588048	0.121814684688532	0.149531582847608	0.154757863960839	0.138846741460556	0.109914498790275	0.0767158124413214	0.0478187862889358	0.0266191918033929	0.0139360003476695	0.00662070536437482	0.00286078011330727	0.00118986873230276	0.000418851776673328	0.000134122483049241	5.02022701916153e-05	1.94814779848059e-05	2.99715045920091e-06	3.74643807400114e-06	
0.000497801439357305	0.00408421752350895	0.0162432983949085	0.0420151900553495	0.0789790055050102	0.118786652034548	0.147305060207774	0.154675515804634	0.140147948084924	0.111752305980953	0.079293406414078	0.0504995231586212	0.0283627048658781	0.0151009750919623	0.00705231181982732	0.00320314640452618	0.00130551234622427	0.000450641302997139	0.000165434764057089	5.24001515112952e-05	2.62000757556476e-05	7.48573593018503e-07	
0.000466266517041591	0.00381858784213805	0.0149205285453309	0.0397908247445092	0.0764107373232854	0.115727049679873	0.14524127043383	0.154037365789081	0.140508890173246	0.11396393256077	0.0819437166838706	0.0527016096689583	0.0305719411004939	0.0162436160092834	0.00788904955843361	0.00349699887781194	0.00143253265927087	0.000565966592228941	0.00015592192209751	7.79609610487548e-05	2.77361111423455e-05	3.74812312734398e-06	3.74812312734398e-06	
0.000466769246190108	0.00357931224842895	0.0139843766947501	0.0378846077604875	0.07273895555893	0.112787607276514	0.142930877010044	0.153468342348313	0.141677182688546	0.116174676421944	0.0843565728066521	0.0551662902840934	0.0326626268187357	0.0171245967195996	0.00860306586607762	0.00386730288910715	0.00161798378126475	0.00060141422105264	0.000187754937169419	7.7794874365018e-05	2.76770226106314e-05	9.72435929562725e-06	4.48816582875104e-06	
0.000469354443321714	0.0033146289110379	0.0134453605658561	0.0360423853967988	0.0701258886344476	0.109876772037237	0.14006269020813	0.151910153003569	0.142977470986721	0.11777283842847	0.0872491046391352	0.0576536164208286	0.0342950116890183	0.0183668558035527	0.00916436971976251	0.00430864389450586	0.0018916179873364	0.000689084071246211	0.00026008813101267	8.96855624181619e-05	2.54109093518125e-05	8.96855624181619e-06	
0.000439605308941945	0.00319347178665284	0.0127388677406448	0.0344002330653231	0.0678795302631	0.106379269107743	0.137899714852624	0.150981325715495	0.143165292341256	0.119571153844721	0.0895051310880678	0.0598310276407426	0.0364946915796211	0.0197107099029664	0.00999394238786153	0.00456667955678844	0.00200504726502165	0.000806191430974888	0.00029729240384379	0.000109528780363501	2.23528123190819e-05	6.70584369572458e-06	2.23528123190819e-06	
0.000341579361760079	0.00307867934553692	0.0122440201286244	0.0322930170462241	0.0649945897996514	0.103974822847566	0.135401612492726	0.150213059196671	0.143653842432938	0.121463835006006	0.0920679169910058	0.0615981449040676	0.0380038667676769	0.0212620129517368	0.0108382610559342	0.00498304010097056	0.00219533576730334	0.000875157580457195	0.00036390481024113	0.00012576669310992	2.4557993329156e-05	2.97672646414012e-06	
0.000329899113284681	0.00282717595956804	0.0115821337339676	0.0308834609091841	0.0623598486030556	0.100064196584207	0.133511805781556	0.149588443426017	0.144689738800148	0.123287905333815	0.0937017503971421	0.0644016566285202	0.0394333462618121	0.022384843661999	0.011435759577848	0.00553918443589481	0.00246309810932143	0.000991183371895865	0.000353675625953847	0.000121111611408565	3.8636833087395e-05	1.11452403136716e-05	
0.000327079513697289	0.00265223660086509	0.0109530844858992	0.0297634940695515	0.059851100945193	0.0965099651708527	0.130434266659547	0.149173475260625	0.145162486575648	0.124867981511478	0.0956629701489881	0.0663986246343533	0.041866177753253	0.0237596195494164	0.0122829111708408	0.00599719942801877	0.00261292772506927	0.00113550733666791	0.000414597388110623	0.00011347656597661	4.37589372066668e-05	1.40918611343503e-05	2.96670760723165e-06	
0.000317233721944643	0.00257715339065776	0.0102974955583573	0.0283998301168947	0.0582131291771269	0.0940887053676983	0.127566498636562	0.146730973203386	0.14624622821705	0.126694847101499	0.0978376964088105	0.0686388523847749	0.0432142002115386	0.0253075425282193	0.0129613693823504	0.00620088158361888	0.00284546789379786	0.00117035524988456	0.000498827791749403	0.000129710049860543	3.92836151006216e-05	1.11180042737608e-05	1.18592045586782e-05	7.41200284917389e-07	
0.000270747009543647	0.0022816926064555	0.00965713785547599	0.0268113716711099	0.0563606261154406	0.0913099852980665	0.125651090925005	0.144385300440168	0.146476357480999	0.127708768197537	0.100613297609564	0.0705136478745989	0.0455426140957569	0.0266481816927548	0.0138259000298193	0.0068280170489021	0.00295967278925795	0.00130774514472726	0.000592676330480476	0.000184701384592789	4.0055721959882e-05	5.93418103109363e-06	2.07696336088277e-05	3.70886314443352e-06	
