# <P(N_2)> as a function of N_tot.
# number_of_species: 2
# species_total_upper_bound: 100
# species_total_lower_bound: 0
# volume: 512
# Bin widths for each species index 
1	1	1	1	1	1	1	1	1	1	1	1	1	1	1	1	1	1	1	1	1	1	1	1	1	1	1	1	1	1	1	1	1	1	1	1	1	1	1	1	1	1	1	1	1	1	1	1	1	1	1	1	1	1	1	1	1	1	1	1	1	1	1	1	1	1	1	1	1	1	1	1	1	1	1	1	1	1	1	1	1	1	1	1	1	1	1	1	1	1	1	1	1	1	1	1	1	1	1	1	1	
# Bin lower bound for each species index 
0	0	0	0	0	0	1	2	2	2	3	4	4	5	6	7	8	9	10	10	11	12	13	13	13	15	15	16	17	18	19	20	20	21	22	23	24	25	26	26	27	28	29	30	30	30	31	31	32	34	35	36	37	37	38	39	39	40	41	42	43	44	44	44	45	46	49	51	51	52	52	53	54	55	56	57	58	59	59	60	61	62	62	63	64	64	65	67	68	69	70	71	72	72	73	74	76	76	76	76	77	
# Bin upper bound for each species index 
0	1	2	3	4	5	6	7	8	9	10	11	12	13	14	15	16	17	18	19	20	21	22	23	24	25	26	27	28	29	30	31	32	33	34	35	36	37	38	39	40	41	42	43	44	45	46	47	48	49	50	51	52	53	54	55	56	57	58	59	60	61	62	63	64	65	66	67	68	69	70	71	72	73	74	75	76	77	78	79	80	81	82	83	84	85	86	87	88	89	90	91	92	93	94	95	96	97	98	99	100	
# Normalized histogram for each species index 
1	
0.0789667922659623	0.921033207734038	
0.00640890584852383	0.145488636403762	0.848102457747714	
0.000413695562496317	0.0172172785667983	0.201408450704225	0.78096057516648	
7.70405980246791e-05	0.00182526955320009	0.0317679869054688	0.248097986158768	0.718231716784539	
2.37842388984092e-06	0.000183138639517751	0.00405164509634401	0.0495508941090008	0.286489482014953	0.659722461716294	
1.06596044812977e-05	0.000473760199168788	0.00791771732860837	0.067529778789519	0.315256618133882	0.60881146594434	
4.97392243523242e-05	0.00107057759082146	0.0123400647083623	0.0865770413214528	0.338752540253244	0.561210036901767	
1.18526525643806e-06	0.000131564443464625	0.00197820771299513	0.0181653753201698	0.106606312959809	0.356155615846048	0.516961738452257	
1.18768230923447e-06	2.13782815662204e-05	0.00026841620188699	0.00326850171501325	0.0254781608976978	0.127396742900035	0.369636426691497	0.473929185629994	
8.34341495974302e-06	6.0787737563842e-05	0.000561392635148423	0.00515146277942991	0.0335488715531267	0.146647437081712	0.377932859347903	0.436088845450157	
8.36219285366999e-06	0.00012543289280505	0.000889976239426306	0.00728108077758837	0.0433567753472998	0.164694582852009	0.380896689885689	0.402747099812328	
7.15998997601403e-06	2.38666332533801e-05	9.66598646761895e-05	0.00131147149727324	0.00999653933817826	0.0522703134882278	0.180614327139942	0.384027255695175	0.371652406353298	
7.15514866610141e-06	1.78878716652535e-05	0.000168145993653383	0.00192592751595896	0.0132596830030636	0.0629331100926949	0.19654477870914	0.383641183604692	0.341502128060466	
3.57878211658718e-06	1.3122201094153e-05	0.0002791450050938	0.00287972667648048	0.0172199066176453	0.0733674192447815	0.212305284429673	0.379801830904931	0.314129986138184	
2.38103458333681e-06	5.83353472917517e-05	0.000526208642917434	0.00390251568208902	0.0210447741648224	0.0845945871940817	0.226042327651788	0.373961720107004	0.289867150175423	
1.18683374120853e-06	0.000125804376568104	0.000858080794893766	0.00526598130974224	0.0266740883336617	0.0960326521698881	0.237925746933815	0.367180249187612	0.265936210060078	
3.56211195242918e-06	0.000147233960700406	0.00127642344962046	0.00722871252212962	0.0318476555960185	0.108552987008978	0.248040541583501	0.358870905500732	0.244031978266368	
1.30895036460217e-05	0.000236801020505302	0.00175518344344382	0.00919835119852255	0.0381023551586924	0.119360803838318	0.256701825866763	0.34961707252061	0.225014517449498	
1.18683655836387e-06	5.10339720096466e-05	0.000366732496534437	0.00215292151687207	0.0113687073925676	0.0444600843128691	0.129902821822601	0.264795104536564	0.339271472247014	0.20762993486641	
7.14640482239397e-06	8.21836554575307e-05	0.000537171429149947	0.00290024929042155	0.0142106259893304	0.0516029981550365	0.141085515071172	0.271196534470088	0.328502363673395	0.189875211861126	
1.07320446930039e-05	7.98941104923624e-05	0.000643922681580234	0.0038492266965574	0.0171056867912379	0.0595688102932233	0.150404836574808	0.274894170114833	0.319166239372295	0.17427648132028	
2.62082915886871e-05	0.000188223185046025	0.000969706788781422	0.00482947336820624	0.0207510105083336	0.0657184824446141	0.15989678698258	0.278514323426996	0.307243376152122	0.161862408851731	
4.77783086478739e-06	5.25561395126613e-05	0.000215002388915432	0.00134734830387004	0.00613831820353559	0.0239285714285714	0.0730984233158146	0.170209030100334	0.280748924988055	0.294640468227425	0.149616579073101	
1.19222336543196e-06	1.07300102888876e-05	4.64967112518465e-05	0.000337399212417245	0.00169057273218252	0.00773633741828799	0.0276142775901351	0.0807683641145536	0.179127983986056	0.281210917427802	0.284440650524757	0.137015078048903	
9.5291299547009e-06	6.31304859498935e-05	0.000443104542893592	0.00226793292921881	0.00934569420307291	0.0323930861397614	0.0890318523080148	0.18771075755392	0.281602466138832	0.271336019753886	0.125796426814495	
4.7610432397947e-06	9.52208647958941e-06	8.56987783163047e-05	0.000605842752263876	0.00286733829116636	0.0111896418743275	0.0369504565840467	0.0969181767108809	0.194652872337387	0.281227682609813	0.260531427646426	0.114956579285653	
7.17187763342382e-06	1.19531293890397e-05	0.000109968790379165	0.000773367471470868	0.00337078248770919	0.0136217862517496	0.0414068355165724	0.104693874379782	0.201560839635621	0.279663782376545	0.24854381001218	0.106235828070968	
4.79918413869642e-06	1.55973484507634e-05	0.000169171240889049	0.000976633972224722	0.00425567653498905	0.0157581211194097	0.0463157263265245	0.112129338012538	0.207525120729476	0.27724046912025	0.237467230570803	0.0981421158403071	
4.80385268985727e-06	1.80144475869647e-05	0.000253403229389971	0.00125500651522521	0.00510769637249074	0.0182606450373199	0.0517026655377613	0.11938414608516	0.21379186107258	0.273004149327761	0.226293887697934	0.0909237208241009	
2.39577481154236e-06	3.11450725500507e-05	0.00033421058621016	0.00157402405118333	0.00625776380774865	0.0208336577611724	0.0572961525054414	0.12704554248128	0.217555519086539	0.268204594377356	0.216598407049328	0.0842665874463796	
2.39498298963332e-06	7.90344386578994e-05	0.00049815646184373	0.00201058821979717	0.00747713689363521	0.0231259557478993	0.0629641027974599	0.134514219612755	0.22138145013825	0.263931915423571	0.207012749691945	0.0770022955911956	
1.1997154275006e-06	8.39800799250418e-06	0.000130768981597565	0.000555468242932776	0.00228425817396114	0.00835841738339666	0.026057819085313	0.0677755236457912	0.141382863984663	0.223858500763619	0.262121024892895	0.19652178503259	0.0709439720898203	
2.40217444831061e-06	2.16195700347955e-05	0.000118907635191375	0.000604146873750119	0.00268803320765957	0.00990176307593634	0.0294434522129432	0.0734969294205114	0.146699592471105	0.228892393394501	0.256827280053905	0.185960731654293	0.0653427482557211	
8.43186570687944e-06	2.04773881452786e-05	0.000162614552918389	0.000868482167808582	0.0033161323272913	0.0113974733312133	0.0333251423780752	0.0800316556329681	0.153908049299914	0.231804033804554	0.249986749925318	0.175580353271082	0.0595904040550047	
3.62992217446858e-06	2.66194292794362e-05	0.000196015797421303	0.0011325357184342	0.00409939210903318	0.0134621713710458	0.0365654160374802	0.0859904363650443	0.160708754404306	0.232116583420451	0.244397820110737	0.166068939481938	0.0552316858326557	
2.41079457378357e-06	4.94212887625633e-05	0.000295322335288488	0.00145009293613082	0.0045347045932869	0.0151060387993279	0.0410980204965755	0.0921261038425655	0.166161605203459	0.232540422998016	0.237475319490551	0.157700921646766	0.0514596155746973	
1.20398664056424e-05	8.78910247611892e-05	0.000388887684902248	0.00159769027202874	0.00524456580629781	0.017235068759677	0.0455733023186375	0.0977468594008481	0.171393518217522	0.233619159761803	0.230741631690855	0.149600156036669	0.0467592291595932	
1.20087519784419e-05	0.000134498022158549	0.000455131699982948	0.00190698981417657	0.00632500966704534	0.019707562871821	0.0497990935794007	0.10432243018712	0.177157912686766	0.232638346827168	0.224261041447007	0.139977615686312	0.0433023587590636	
1.31966322194576e-05	2.27941829245177e-05	0.000131966322194576	0.000550659471702821	0.00215584982712412	0.00770443382848697	0.0224402732422686	0.0548284077903319	0.109759989250743	0.181456092405218	0.232716610720944	0.216106849531999	0.132732926557143	0.0393799502366996	
9.59264819442379e-06	5.51577271179368e-05	0.000169070424426719	0.000739832991994935	0.00263438101039363	0.00887439866086631	0.0246111380238185	0.0591230880653068	0.115347997294873	0.185344352088559	0.230301496932751	0.211521489930118	0.125136095696258	0.0361319085053215	
8.39623512816853e-06	5.2776335091345e-05	0.00021110534036538	0.000910391780325702	0.00328772578375856	0.00983918810805235	0.0271258367747902	0.0634743381067929	0.120894990686176	0.188415114662585	0.229351558761052	0.205320334362072	0.118432494869301	0.0326757481945096	
4.79992704110897e-06	6.35990332946939e-05	0.000284395677185707	0.00120598166907863	0.00375234296438694	0.0116350231476482	0.0298195467428895	0.0682549625245696	0.125972885212145	0.191587887864104	0.228624124913301	0.198074989260163	0.110819515543364	0.0298999455208281	
1.31978197201822e-05	8.75855308703002e-05	0.000346742718102969	0.00133177998994566	0.00450885513713135	0.0127658910747944	0.0326790014289639	0.072532817578536	0.130768796994736	0.195112967337796	0.226102647842576	0.190672500902851	0.105136231494557	0.0279409841494185	
2.39995200095998e-06	2.99994000119998e-05	0.000133197336053279	0.000449991000179996	0.00150116997660047	0.00494510109797804	0.0142173156536869	0.0357760844783104	0.0763292734145317	0.135809683806324	0.198446031079378	0.222807943841123	0.183490730185396	0.0997132057358853	0.0263478730425392	
2.40023138230525e-06	6.00057845576314e-06	3.24031236611209e-05	0.000109210527894889	0.000505248705975256	0.0016237565301295	0.00567294687207847	0.0157719204131278	0.0387529357830095	0.0800669184509387	0.141328024021516	0.200776954898452	0.219121923353411	0.177276289434301	0.0948619446914683	0.0240911223841978	
3.58821200591816e-06	7.17642401183631e-06	5.14310387514936e-05	0.000101666006834348	0.000546604295568199	0.00204767298471063	0.00626382209166446	0.0176504148571114	0.041605318208621	0.0853073482993669	0.146674146095248	0.200650423229606	0.216536633850474	0.171219908357065	0.0888022667931312	0.0225315792558288	
8.35841853944994e-06	1.19405979134999e-06	1.07465381221499e-05	4.05980329058997e-05	0.000114629739969599	0.000677031901695445	0.00239528394144808	0.0071607765687259	0.0200219945813567	0.0453862126692132	0.0902136053560746	0.15102707052953	0.201824762173141	0.212119945694161	0.164872193810233	0.0836415002644842	0.0204840957206091	
1.19397567632752e-06	2.38795135265504e-06	1.55216837922578e-05	5.7310832463721e-05	0.000159992740627888	0.000839364900458248	0.00260167299871767	0.00829216107209464	0.0218115476551512	0.0492443327944523	0.0959204239091241	0.15456253925195	0.202397980748336	0.208146973629853	0.158562357767648	0.0786507597267228	0.0187334783615788	
5.99050624570181e-06	1.19810124914036e-05	5.27164549621759e-05	0.000276761388551424	0.000898575936855272	0.0030455733753148	0.00925293594711102	0.0241285610564378	0.052956075212004	0.100276282148052	0.15859266234871	0.203013464261838	0.20480821993305	0.151660448521184	0.0735490394822286	0.0174707124149648	
1.19939166854571e-06	3.95799250620085e-05	9.35525501465657e-05	0.000272261908759877	0.00109264581004515	0.00355619629723804	0.0101324608158742	0.0260843700075322	0.0568307754307016	0.104590551672192	0.161640815778237	0.203116979068217	0.201383858107168	0.146009144162081	0.0686531791075567	0.0165024299675205	
7.19901805393744e-06	4.19942719813017e-05	8.39885439626035e-05	0.000327555321454154	0.00125982815943905	0.00397625763845811	0.0116900054832521	0.0288668625599468	0.0605269441248214	0.109037527281279	0.164613946657676	0.20408376297473	0.196107250970968	0.139594959247559	0.0650563263170904	0.014725591429329	
8.40409783810586e-06	4.68228308123041e-05	0.000105651515679045	0.000414201964878075	0.00155355751464414	0.00488878377096672	0.0130887820901472	0.0312188222977524	0.0638603383009555	0.113611396917137	0.169254928703236	0.204105521852455	0.190914690002845	0.132904804382617	0.060322213111113	0.0137010806469234	
2.41072773843604e-06	7.23218321530812e-06	5.9062829591683e-05	0.000147054392044598	0.0004749133644719	0.00183215308121139	0.00540003013409673	0.0143872231429863	0.0336983576917282	0.0682416754557782	0.119280397770077	0.172351363567877	0.201916528552057	0.186044297122194	0.126883833057104	0.0565966551152629	0.0126768118125659	
6.04077036736341e-06	1.44978488816722e-05	3.98690844245985e-05	0.000202969884343411	0.000611325961177177	0.00205869454119745	0.00612413299843302	0.0157845329699206	0.0363847680767033	0.0732648793235304	0.12259743460564	0.173808669472	0.201176983698377	0.180633531833048	0.121865293237116	0.053820847665061	0.0116055280297786	
4.83213174323985e-06	2.05365599087694e-05	8.09382066992674e-05	0.000227110191932273	0.000693410905154918	0.00238828111409629	0.00688216363530935	0.017512853470437	0.0396923381719079	0.0767777412683379	0.126344540657556	0.176137242205772	0.199413620812958	0.176475491427798	0.116500280263641	0.0499183369735392	0.0109302820032085	
1.20834385599441e-06	7.25006313596648e-06	1.69168139839218e-05	0.000116001010175464	0.000259793929038799	0.000941299863819647	0.00297494257345824	0.00799440295125903	0.0193226266012067	0.0426883717445706	0.0811282064914649	0.130882973105891	0.176638121556975	0.197699554966958	0.172363000994467	0.110406378122209	0.0471048685382302	0.00945408232930028	
3.6235297528028e-06	1.32862757602769e-05	2.89882380224224e-05	0.000120784325093427	0.000309207872239172	0.00115349030464222	0.00348100424919256	0.00894287142991731	0.021093774534316	0.0455900435065139	0.0851227531095925	0.133819369457509	0.179002369788458	0.195698387046123	0.167538729493841	0.106090911945811	0.0433241295677612	0.00866627532545336	
1.20667290114332e-06	1.93067664182932e-05	3.25801683308697e-05	0.000103773869498326	0.00036682856194757	0.00132613351835651	0.00369000573169628	0.0100600319768319	0.0237437026757972	0.0489933331322212	0.0882910495037558	0.137491930374974	0.179990949953241	0.1944058644303	0.162400072400374	0.100480859151106	0.0402401279073275	0.00836224320492323	
2.4178885063252e-06	1.08804982784634e-05	3.74772718480405e-05	0.000128148090835235	0.000391697938024682	0.00140116638941545	0.00430021470849936	0.0111259139618554	0.0258605265194011	0.0518141417462958	0.093764507331038	0.140009042903014	0.181068416573175	0.190108901698325	0.157824045417618	0.0955706700452629	0.0389473480598863	0.00763448295872181	
4.85066029613281e-06	2.18279713325977e-05	4.24432775911621e-05	0.000137031153365752	0.00049598001527958	0.00169530577349842	0.00454021803718031	0.012454070310321	0.0275675151279968	0.0559972351236312	0.097369729454422	0.143613499387604	0.182173823411712	0.187184555497617	0.151822029273735	0.0919745825400483	0.035973709421195	0.00693159356317379	
6.08997821005796e-06	1.09619607781043e-05	6.21177777425912e-05	0.000154685446535472	0.000639447712056086	0.00182699346301739	0.00516186553084513	0.0132664085327903	0.0297580695256272	0.0586111682892399	0.100340916980199	0.14773312741087	0.182521518938005	0.184153633098301	0.14814480993787	0.0878004338500477	0.033407184469094	0.00640056709877092	
6.1065495186207e-06	4.88523961489656e-06	4.88523961489656e-06	6.22868050899312e-05	0.000189303035077242	0.000758433450212691	0.00210309565421297	0.00570595987019918	0.0144847354581683	0.0321045734391965	0.0619533874862145	0.103455940634568	0.150035479052703	0.180790505048284	0.183090231596997	0.14446264196201	0.0833678353381135	0.0316099429281882	0.00580977121201574	
3.66168027184314e-06	1.09850408155294e-05	1.22056009061438e-06	1.22056009061438e-05	7.32336054368629e-05	0.000290493301566223	0.000923963988595087	0.00229465297035504	0.00658858336913643	0.0159807932664141	0.0347469046596102	0.0645188063898762	0.106324210053509	0.151901144397141	0.182617759637542	0.181486300433543	0.138970530797172	0.0788909014568605	0.0292531636917549	0.00511048509940241	
2.44300768448067e-06	2.44300768448067e-06	7.32902305344201e-06	2.68730845292874e-05	0.00010749233811715	0.000410425290992753	0.000905134347100089	0.00269341597213994	0.00762462698326418	0.0176556165357418	0.0365351799214084	0.0683126023772908	0.109838846998093	0.154964863441978	0.183251227916737	0.177081412009581	0.133931788782442	0.0746912954414698	0.0270709681517303	0.00488601536896134	
2.4431927153766e-06	0	3.6647890730649e-06	1.83239453653245e-05	0.00013681879206109	0.000361592521875737	0.00106401042754651	0.00321279842072023	0.0082799801124113	0.0187600552650192	0.0383850007512818	0.0718176498684951	0.115187985355503	0.156269049268203	0.182893741884019	0.173362847101335	0.129086087116923	0.070963754014471	0.0255264774902547	0.00466771968272699	
2.45014866277011e-06	2.81767096218563e-05	0.000142108622440667	0.000447152130955546	0.00129857879126816	0.00362744509523115	0.00885606234158258	0.020085093663058	0.0411845488725028	0.0752538660283213	0.117789671888342	0.159485076757032	0.182463795990822	0.169735273687731	0.124185784972503	0.0672541306443769	0.0238105447048	0.00435023895074834	
3.67644355556209e-05	0.000165439960000294	0.000530633353186129	0.00148528319644708	0.00406614657245167	0.0100048283958696	0.022441011463151	0.0441381558468933	0.0789075080330292	0.121640036960513	0.160911807021027	0.180373673722987	0.165471822511109	0.119330004926434	0.06393457891241	0.0224275311701139	0.00413477351882217	
4.91397472988495e-06	5.1596734663792e-05	0.000164618153451146	0.000652330145392227	0.00170514923127008	0.00453559867568381	0.0113426821702569	0.0238929736303831	0.0470365661144588	0.0822845068519235	0.124314961210312	0.162781555395851	0.178104557097315	0.161323333394758	0.115806413965516	0.061440654541434	0.0209138764503904	0.00364371226220969	
1.34788724800635e-05	7.59718267058126e-05	0.00022914083216108	0.000698450664876019	0.00195076045347828	0.00505212647593654	0.0120770697421369	0.0255669703905932	0.0497603211402636	0.0845639952358313	0.127636344921896	0.163340652769541	0.176921229469227	0.159346005107267	0.11155605005318	0.0582299544659181	0.0197232664944639	0.00325821108404445	
2.44073588186838e-06	3.05091985233548e-05	7.68831802788541e-05	0.000247734692009641	0.000745644811910791	0.00216493272721726	0.00568813497269427	0.0131360405162156	0.0276510968056869	0.0526881654818928	0.0876980809714129	0.129395612777252	0.164905879122555	0.175731763126583	0.15540165359856	0.107817066845654	0.055316838026665	0.0182176526222656	0.0030838697867407	
9.76459990772453e-06	2.92937997231736e-05	8.42196742041241e-05	0.000299040872174064	0.000805579492387274	0.00239110640240404	0.00647637088879829	0.0141867430909353	0.0297100157942403	0.0552590914528016	0.0911122611639891	0.132243197125302	0.16538302863713	0.175472301491787	0.15164545714195	0.10322646792451	0.0520807141828373	0.0168951989903404	0.00269014727457811	
1.09725989819866e-05	3.16986192812948e-05	0.000120698588801853	0.000353561522752903	0.00100825992867811	0.00287116340028651	0.00682007985613704	0.0151763235697522	0.0317108110579414	0.0584949251729708	0.0950409948489744	0.135499405650888	0.164894998323631	0.173695022707184	0.147509524825505	0.0998104178731446	0.0489780243225944	0.0155018440062178	0.00247127312627633	
1.33950479725377e-05	4.26206071853473e-05	0.000157087380768851	0.000412811023880935	0.00118607061138652	0.00323551295118479	0.00757063756775154	0.0164089337663587	0.0338285847888271	0.0616939377666071	0.0983111279969898	0.137407619833926	0.166244722655532	0.171103471874661	0.144455850530748	0.0952692343755898	0.0459413613509028	0.0145019660277229	0.00221505384200419	
1.46068564584216e-05	4.38205693752647e-05	0.000167978849271848	0.000467419406669491	0.00138521688747365	0.00354581440528184	0.00790352658204428	0.0173992005180565	0.0356480331867779	0.0645829985928728	0.101717279424295	0.140072450008034	0.167378750919015	0.169057322173695	0.140587341698193	0.0909021194548721	0.0432107331181256	0.0137608760218713	0.00215451132761718	
1.81905937652346e-05	5.33590750446882e-05	0.000183118643903362	0.000616054775515946	0.00150981928251447	0.00349744482792911	0.00851804870713387	0.019153482528541	0.0379855979005629	0.0671038876936995	0.104910005069112	0.142183744400329	0.167736677815479	0.166644029483314	0.136142041857769	0.0873378914918955	0.0414975952035042	0.0130026364233897	0.00190637422659659	
1.81434201072639e-05	9.19266618768038e-05	0.000264893933566053	0.000705174261502324	0.00157968711067244	0.00388632058697593	0.00976357914038895	0.0206677746248545	0.0404150730696006	0.0705198452729133	0.107164715644224	0.1449707649024	0.166706582190903	0.164978119035351	0.132259484775251	0.082723109637059	0.039654258986436	0.0118778923635554	0.00175265438236169	
3.87678135074331e-05	8.11701095311881e-05	0.000287124118789427	0.000656629841282148	0.00166943896916384	0.00443891464660109	0.0103606981598615	0.0222818008133972	0.0426046155504969	0.072507926200621	0.110587611018297	0.14646358793691	0.167290384249607	0.163282761528276	0.127351055877746	0.0798992521446476	0.0374291124472546	0.011088806157298	0.0016803424167128	
4.84931364027064e-06	3.51575238919621e-05	8.00136750644656e-05	0.000257013622934344	0.000724972389220461	0.00191669121631697	0.00505904645521235	0.0116153184968583	0.0237907327191678	0.0439941856729453	0.0763136487569391	0.113129637913874	0.148963641058654	0.167666231440767	0.159129014777071	0.12345867596765	0.0767840321800453	0.0350775102168977	0.0104478462379631	0.0015517803648866	
3.63604630868579e-06	2.42403087245719e-05	7.75689879186301e-05	0.00030179184362092	0.000825382512071674	0.00213920724494347	0.00546982566369965	0.0126170806911397	0.0252159811507359	0.0471740648088894	0.0789882579944538	0.115977757092714	0.150304458277581	0.1665272848915	0.155713683169469	0.12040767351213	0.0736844784455175	0.033184982643939	0.00986095758915586	0.00150168712548723	
1.09230326707907e-05	2.3059735638336e-05	0.000109230326707907	0.000350750715762058	0.00100006432452573	0.00221980297276403	0.00600038594715437	0.0131294852702904	0.0271012577265285	0.0498951995698752	0.0821084365863338	0.118169008443504	0.150748773889583	0.165215723826897	0.154650723893649	0.117864377199019	0.0698552212703002	0.0311172927384892	0.00907461280883358	0.0013556697214748	
7.29050727349609e-06	3.76676209130631e-05	0.000104497270920111	0.000443505859137679	0.00106076880829368	0.00252130043208406	0.00635246200430626	0.0143452881451491	0.0289153669312311	0.0527699067301103	0.0846525101216543	0.12090820279275	0.151739758052365	0.165563774927459	0.15209334765513	0.113272611508309	0.0660896635187876	0.0295107583585666	0.00845091301452755	0.00116040574103146	
1.21474506145395e-06	3.64423518436186e-06	5.95225080112437e-05	0.000155487367866106	0.000391147909788173	0.00113092765221363	0.00276840399505356	0.00728725562366226	0.0157443107415047	0.031062245966439	0.0556596187158201	0.0876037695968747	0.122875107201252	0.152880524964226	0.164453401164698	0.14830579506279	0.108750051626665	0.0638846575269248	0.0280861205658768	0.00787276274328307	0.00102403008680568	
1.21333307448894e-06	1.94133291918231e-05	5.94533206499583e-05	0.000135893304342762	0.000462279901380288	0.00124123973520219	0.00335486595096193	0.00794126497253014	0.0170012230397391	0.0330123662906952	0.0579512143037409	0.0904539807031508	0.125863893149036	0.154264380423599	0.16276013861117	0.144227689231426	0.105250577546543	0.0612624002640213	0.0264263943623692	0.0073855584244142	0.000924559802760575	
3.63420073628907e-06	1.21140024542969e-05	5.69358115351954e-05	0.000176864435832735	0.000560878313633946	0.0014197610876436	0.00384740717948469	0.00853310332880673	0.0185368465555651	0.0350894195091164	0.0606499646876828	0.0938459656131926	0.128335742000821	0.154555288912902	0.160462076509617	0.140847083735619	0.101697050603822	0.0582986368113038	0.0251535146961021	0.00699462501711103	0.000923086987017424	
2.42392511040979e-06	4.84785022081958e-06	2.06033634384832e-05	6.78699030914741e-05	0.000244816436151389	0.000644764079369004	0.00150889338123009	0.00419945025378496	0.00931878008697043	0.0199585993591142	0.0375296324844748	0.0634850225667428	0.0966600735903664	0.129377002768122	0.1549154777314	0.158546517546794	0.1380570785885	0.0979035471720066	0.0562568778875008	0.0237278029058014	0.00654096191044082	0.00102895620936896	
2.42133095720055e-06	7.26399287160166e-06	3.38986334008078e-05	7.62719251518174e-05	0.00026271440885626	0.000779668568218578	0.00171672364865519	0.00472159536654108	0.0103112378812386	0.0211127952813102	0.0391965055351626	0.0658517273775049	0.0982757702253775	0.132425011380256	0.155848967060214	0.156919195343296	0.134971040881752	0.0941643502600509	0.0539823630253078	0.0221769702369999	0.00622160989452682	0.000941897742351016	
7.26776757194787e-06	2.30145973111683e-05	0.000105382629793244	0.000288288113687266	0.000850328805917901	0.00203860880393138	0.00516980533284559	0.0111632909905119	0.0217754429401511	0.0411573677599408	0.0681898292438009	0.10228777210219	0.135398509865389	0.155172894134064	0.154683531117553	0.131012412135718	0.0918464126904912	0.0516459676608569	0.0205895855313283	0.00572942343588557	0.000864864341061797	
7.2695991421873e-06	4.84639942812487e-05	0.000141757183272652	0.000298053564829679	0.000895372294346069	0.00239896771692181	0.00560607253848344	0.0120590533770317	0.0234068976379861	0.0431426477091676	0.0712178395962949	0.105073574401318	0.13694228544081	0.155112648496707	0.152575558396084	0.127915866505928	0.0889302179062343	0.048827474238358	0.0192341477303706	0.00540010056278813	0.000765731109643729	
9.69544193036249e-06	5.69607213408796e-05	0.000122404954370826	0.000363579072388593	0.000945305588210343	0.00278016797353144	0.00636626955752427	0.0131506550482954	0.0249669749009247	0.0456425048174227	0.0737253523687177	0.107247342842946	0.137163840849321	0.155248263909929	0.151023475088774	0.125566880370366	0.0859597881545938	0.0461587871002145	0.0179935282925115	0.00489377431435047	0.000614448632336723	
4.86561180202799e-06	6.56857593273778e-05	0.000128938712753742	0.000398980167766295	0.00113612035577353	0.00290720305171172	0.00649437535275686	0.0141163562406337	0.0268922364298087	0.047545542126467	0.0764630894688698	0.110017564858605	0.139285436250754	0.15544656585119	0.149810970981491	0.121983320682743	0.0820524610264495	0.0435083007337343	0.0170004476362858	0.0042428134913684	0.000498725209707869	
1.45963560197197e-05	5.59526980755921e-05	0.000156910827211987	0.000417212509563654	0.00131245567877313	0.00317835652329396	0.00692475456835534	0.0149296394821699	0.0282293525421379	0.0506590862924404	0.0795708184785002	0.112152317840518	0.141145546347688	0.156103162178895	0.147093561425723	0.118195209232682	0.0780795574384855	0.0414074293019414	0.015897864431478	0.00394466521432924	0.000531550631718125	
1.70851511730787e-05	8.2985019983525e-05	0.000133020105561827	0.00055038594136132	0.00149861183146719	0.00339750434756079	0.00765902919730299	0.0162809287000031	0.0307398480641914	0.0530493943924093	0.0823248009274796	0.114663330994295	0.14177624553803	0.15473533270281	0.144356103365165	0.114987948866583	0.0757921713396589	0.0390420111663667	0.0147566891417762	0.00369161302132593	0.000464960185495927	
2.43741331948883e-06	1.94993065559106e-05	6.94662796054315e-05	0.000179149878982429	0.000644695823004794	0.00160381796422365	0.00383283244489618	0.00861503737773326	0.0172081380355911	0.033039137545671	0.0554133731119187	0.0848902310911568	0.116923935642539	0.142391248711218	0.15439672801636	0.141798957274582	0.112306256108767	0.0717489171791328	0.0371035242559186	0.0138530386013147	0.00350987518006391	0.000449702757445688	
6.08939969479929e-06	2.19218389012774e-05	8.64694756661499e-05	0.000282548145838687	0.000675923366122721	0.00184265234764626	0.00437340686080485	0.00912313862274829	0.0187626583396156	0.0345756114670704	0.0578943586583347	0.0881805969803885	0.11877374104706	0.143510100487274	0.152065707058467	0.139728583276803	0.109398501276947	0.0686372775998996	0.0352125626751464	0.0132030364182638	0.00317135936105147	0.000473755296255385	
1.21708988939087e-06	1.33879887832996e-05	0.000105886820377006	0.000283581944228073	0.000792325517993457	0.00199846159837981	0.00459329724256115	0.0101371416887366	0.019884814612868	0.0364457567378096	0.0598552636703536	0.0907985570182271	0.120625778937529	0.143537496105312	0.150827864542764	0.138103189749182	0.105565508646207	0.0666186321856987	0.0338144083969466	0.0124885593550397	0.00308532286960586	0.000423547281508023	
2.18835140546869e-05	0.000100907314807723	0.000351351975655806	0.00083522078642055	0.0021737623960989	0.00509156427005715	0.0110207808280965	0.0213534467142512	0.038118649981703	0.0621455326629684	0.0933660127143217	0.121885094530702	0.143514516672198	0.149853441243373	0.135641314615634	0.103426350425574	0.0639472753201376	0.0318064719277066	0.0120274224746121	0.0030126304348619	0.000306369196765617	
1.7032065296072e-05	3.89304349624504e-05	0.000107058696146739	0.000344291034199171	0.000894183428043782	0.00240395435893131	0.00563761361299985	0.0114820451617377	0.022321738146595	0.0397625730097728	0.0655089728569708	0.0943369599466653	0.123291470949988	0.14434188707984	0.149571947701827	0.133160336212969	0.0996497477429472	0.0618069318072603	0.0306552843807445	0.0115392242380888	0.00281150734994446	0.000316309784069909	
4.86060395434435e-06	2.30878687831357e-05	2.91636237260661e-05	0.000116654494904264	0.000450821016765438	0.00104867530314979	0.00256153828393947	0.00591049440848273	0.012174597754644	0.0236990897303944	0.0419956181655352	0.0670192224734884	0.0957696948634353	0.124373133983763	0.145910470105463	0.14908444448765	0.130301855657075	0.096154897726817	0.0598158074131501	0.0295986477799799	0.0109655225210008	0.00266482611796929	0.000326875615929657	
1.2127283112637e-06	1.94036529802192e-05	1.2127283112637e-05	3.03182077815925e-05	0.000139463755795325	0.000499644064240644	0.00115573008063431	0.00275046780994607	0.00616551073446465	0.0128791746656205	0.0251265178810726	0.0432798479723789	0.0687435043239828	0.098531749833553	0.126264420855531	0.146376307169529	0.146616427375159	0.127388620000073	0.0939949332211155	0.0579514350820471	0.0286567699951612	0.0104076343672651	0.00267527865464772	0.000333500285597517	
6.06626791065601e-06	3.39711002996736e-05	1.2132535821312e-06	3.51843538818048e-05	0.000186841051648205	0.000650303920022324	0.00119262827123497	0.00286691821457603	0.00679543331351686	0.0136078521771836	0.0264513545976244	0.0455831503342514	0.0704985258968977	0.100914793200927	0.127471700860197	0.146579231525181	0.144432985938391	0.125461339674605	0.0909806728704367	0.0561736408526746	0.0271477621537678	0.0101804108076629	0.0024070951069483	0.000340924256578868	
