# <P(N_1)> as a function of N_tot.
# number_of_species: 2
# species_total_upper_bound: 100
# species_total_lower_bound: 0
# volume: 512
# Bin widths for each species index 
1	1	1	1	1	1	1	1	1	1	1	1	1	1	1	1	1	1	1	1	1	1	1	1	1	1	1	1	1	1	1	1	1	1	1	1	1	1	1	1	1	1	1	1	1	1	1	1	1	1	1	1	1	1	1	1	1	1	1	1	1	1	1	1	1	1	1	1	1	1	1	1	1	1	1	1	1	1	1	1	1	1	1	1	1	1	1	1	1	1	1	1	1	1	1	1	1	1	1	1	1	
# Bin lower bound for each species index 
0	0	0	0	0	0	0	0	0	0	0	0	0	0	0	0	0	0	0	0	0	0	0	0	0	0	0	0	0	0	0	0	0	0	0	0	0	0	0	0	0	0	0	0	0	0	0	0	0	0	0	0	0	0	0	0	0	0	0	0	0	0	0	0	0	0	0	0	0	0	0	0	0	0	0	0	0	0	0	0	0	0	0	0	0	0	0	0	0	0	0	0	0	0	0	0	0	0	0	0	0	
# Bin upper bound for each species index 
0	1	2	3	4	4	4	5	5	6	6	7	8	8	7	8	8	8	8	8	8	9	9	10	11	10	10	11	11	11	11	11	12	12	12	11	11	12	12	13	12	12	13	13	14	15	15	16	16	14	15	15	15	16	16	16	16	17	16	15	16	16	16	16	16	16	16	16	17	17	18	18	18	18	18	18	18	18	19	19	18	19	19	19	18	19	20	20	20	20	20	20	20	20	20	20	20	21	21	20	20	
# Normalized histogram for each species index 
1	
0.921922132077202	0.0780778679227981	
0.848947725729803	0.144942294636796	0.00610997963340122	
0.781993548825867	0.201023540956212	0.0165238469983581	0.00045906321956338	
0.716794441431273	0.249835089930958	0.0314599549490122	0.0018225616519347	8.79520368225861e-05	
0.658789038541743	0.28775054586492	0.0493241088295184	0.00393268074875494	0.000203626015063418	
0.608718572388327	0.315565831866262	0.0671534564855998	0.00813059959494118	0.000431539664870219	
0.561590096339867	0.339104605944541	0.0864078713384011	0.0119008070662263	0.00097952045023743	1.70988607273367e-05	
0.517448071361695	0.356214446880859	0.106521850730069	0.0176619706603499	0.00200209743540852	0.000151562931618228	
0.473900791808236	0.370120601508932	0.127799765626727	0.0248843488280108	0.00301442353756237	0.000245674289939883	3.43944005915837e-05	
0.435289441656195	0.379455061186502	0.14633411755412	0.0333989182196789	0.00497194332873334	0.000476457329913374	7.40607248570011e-05	
0.402043671762202	0.381726031883066	0.164416593483471	0.0435526844588661	0.0073406466913753	0.000798813191829282	0.000111635383951297	9.92314524011531e-06	
0.372398897263718	0.383265258605529	0.180230009189469	0.0526549143843675	0.00993255276513847	0.00137965882548183	9.41239414152773e-05	3.22002957473317e-05	1.23847291335891e-05	
0.34127070700059	0.38379536202853	0.196724562804004	0.062833753960423	0.0131567856487656	0.001998185270945	0.000185935353996123	3.22287946926613e-05	2.47913805328164e-06	
0.313725685512288	0.380074260199571	0.212899161024103	0.0727461083123112	0.0173547729983738	0.00293604209572145	0.000241557322548753	2.24125350818431e-05	
0.28972143218147	0.373353714733076	0.226877681871785	0.0841030036963997	0.0213360552577074	0.00394414769743036	0.000574775292590354	8.42343101210001e-05	4.95495941888236e-06	
0.265182021306801	0.36635846284889	0.239176861258904	0.0957941906255015	0.0269532262643969	0.00538471983902626	0.000962879751132618	0.000185169182910119	2.46892243880159e-06	
0.243610663335711	0.357679423534088	0.248002290854602	0.109731441732558	0.0320843073991148	0.00731691060483005	0.00141697256652242	0.000155521379252461	2.46859332146763e-06	
0.223661992784617	0.350124595529438	0.256463470574379	0.119859659562862	0.0384894806659972	0.00928329676051623	0.00187203233284983	0.000238033250269647	7.43853907092647e-06	
0.205790791497329	0.340664076140661	0.264151924691477	0.130776984439508	0.0448388846373883	0.0112957830892642	0.00218683983069947	0.000269949650675246	2.4766022997729e-05	
0.188721262036304	0.328670682720898	0.271705291854633	0.141589628494179	0.0514481012784633	0.0143499459505341	0.00301079241759641	0.000451868513752032	5.24267336397385e-05	
0.173185268019447	0.319299054992942	0.275222962994537	0.150807480825308	0.0598796990218964	0.0171374986523181	0.00383869940551559	0.000571667840925901	5.51609320191659e-05	2.50731509178027e-06	
0.160803063106407	0.307761506695534	0.278711610937375	0.15989345281052	0.0658302261246091	0.020830827519846	0.00505923743083955	0.000917127736348328	0.000170395317135755	2.25523213856146e-05	
0.150234354081114	0.294012397118183	0.279856059297964	0.171022174175256	0.0728962560903283	0.0238057701403122	0.00638374010595357	0.00146393099254521	0.000245239721828087	7.0068491950882e-05	1.00097845644117e-05	
0.136831457706844	0.284684971983945	0.281189505128595	0.178946476753775	0.0805103431437277	0.027639849817005	0.00788535466656037	0.00179880760482041	0.000426033380089043	6.72684284351121e-05	1.74399629276217e-05	2.49142327537452e-06	
0.126162239030421	0.271311741432319	0.28066663528549	0.187739539539044	0.0895676582292593	0.0323060952980262	0.00931277701114114	0.00232633615681339	0.000525221794722512	6.44139936923835e-05	1.73422290710263e-05	
0.114767592473575	0.261279254872104	0.281353510584653	0.193675410581686	0.0973852299356319	0.0367595439848918	0.0112347607700446	0.00281795979710689	0.000632805007069618	8.65163095602994e-05	7.41568367659709e-06	
0.106169411028285	0.247673150629808	0.279683940951307	0.201988161447453	0.104780877483649	0.0416808459373595	0.0136419073830738	0.00357938611416776	0.000705444591550066	7.45187948820492e-05	1.24197991470082e-05	9.93583931760656e-06	
0.098911382449713	0.236611298327003	0.27564622667337	0.207626296062161	0.112891183044047	0.0466706819912692	0.0159833148329741	0.00439030946206265	0.00104531177668158	0.000196618167518679	1.74218629446931e-05	9.95535025411032e-06	
0.0917037077526641	0.225869047234528	0.272174338664434	0.213006328249035	0.119322402796654	0.0527577699319968	0.0184580141671284	0.00515055369073323	0.00120999500597544	0.000318027434835433	1.98767146772146e-05	9.93835733860729e-06	
0.0850444528047839	0.216613369502802	0.268248915905986	0.216873255054155	0.126215274340138	0.0575634120745302	0.0213378413163574	0.0062174524285686	0.00148011009246975	0.000378690374829218	2.22759044017187e-05	4.95020097815971e-06	
0.0772897615805673	0.207045191308467	0.263709799428071	0.222149470358162	0.133550100819203	0.0628427294845944	0.0235393616519964	0.00737604694479374	0.00191469678593839	0.000496035436771603	8.18458470673145e-05	4.96035436771603e-06	
0.0709689281117852	0.196304964644733	0.262115949374637	0.223294723294723	0.14207947605631	0.067751424894282	0.0262915977201691	0.00835308557316279	0.00220877247904275	0.000509334486168463	0.000109320572641036	9.93823387645781e-06	2.48455846911445e-06	
0.0646036157865059	0.186330770113623	0.256984815293489	0.229315016541999	0.14654015239597	0.0735283110195161	0.0294088293853762	0.00994016936212257	0.00261478350690373	0.000603795428120899	0.000109780986931073	1.74651570117615e-05	2.49502243025165e-06	
0.058534288197706	0.174448109934647	0.250521643508951	0.231399307147205	0.154484130264341	0.0807201060069786	0.0340364561806928	0.0115600710387031	0.00325886292987057	0.00082661396376425	0.000192876591544992	1.00195631971424e-05	7.51467239785682e-06	
0.0545081164674161	0.165311830008586	0.244982752820554	0.231107183563212	0.161249830540813	0.0869262865090403	0.036886871557468	0.0136797497527151	0.00396157920898962	0.00113976993718713	0.000241008621079217	5.02101293915034e-06	
0.0511656411026064	0.158194506978838	0.236785231877533	0.230596828255541	0.166586622642453	0.0935239381659913	0.0414928210515784	0.0151858522187203	0.00460253139226575	0.00152083646005303	0.000312671969583271	3.25178848366602e-05	
0.0460551758082256	0.151469797949867	0.230562154397842	0.232895047436329	0.170027472389495	0.0978735265608285	0.0460350863095089	0.0177792063643532	0.00522326966636365	0.00159711514798427	0.000401789974335665	7.78468075275352e-05	2.51118733959791e-06	
0.0428779941616347	0.140908045747191	0.225291918262886	0.232747330747391	0.1764056064302	0.103141120486264	0.0500059983204703	0.0197994561522774	0.00623325468868717	0.00209441356420202	0.000394889430959331	8.99748070540249e-05	9.99720078378054e-06	
0.0391165918276267	0.133752864120394	0.215947821273901	0.231817354512657	0.182296432409252	0.108546111403375	0.055801417661681	0.0223170765153347	0.00765178279807421	0.00215167434171979	0.00052358240065024	5.98379886457417e-05	2.4932495269059e-06	1.49594971614354e-05	
0.0358337684921684	0.126097787061166	0.210852569852362	0.229451549956651	0.184168380234711	0.116326076799496	0.0600843999930041	0.0248327865739549	0.00892221358844884	0.00261095301034137	0.000714576613356586	9.49437458305954e-05	9.99407850848372e-06	
0.0329487553139101	0.118986362220235	0.205621941047004	0.228126287649619	0.18762750871833	0.121101876325337	0.0638121463674462	0.0272152598414118	0.0101403977769514	0.00331145794599158	0.000922082751273831	0.00015326171070219	3.26623317889913e-05	
0.0304249984896998	0.110835900843754	0.199533317223464	0.229001792222961	0.190773575786866	0.124144163192976	0.0682555025272358	0.0298435328943394	0.0120421273082422	0.00357437725286454	0.00124851487142311	0.000281922712901992	3.7757506192231e-05	2.51716707948207e-06	
0.028124638250112	0.105155344838867	0.192536502136526	0.227898654667895	0.194111844257551	0.129253549552814	0.0714968769974885	0.0326216612058162	0.0127663108306029	0.00432589953041719	0.00125826048005154	0.000337213808653812	0.000100660838404123	1.25826048005154e-05	
0.0262224394890886	0.0998282756113764	0.185294375712907	0.223206608255305	0.198149889068552	0.134822447009865	0.0758570551147545	0.0355582296092957	0.0140212336579802	0.00498126073277429	0.00142894746737863	0.00042868424021359	0.000155429373644693	4.01108061018564e-05	5.01385076273205e-06	
0.0239184619457445	0.0956064155523699	0.178358249958791	0.219796604412565	0.200121378015095	0.140528768587569	0.0789156897318195	0.0387510551895345	0.0159764436741075	0.00561186008061898	0.00164085094480048	0.00058691015529393	0.000124874501126368	5.24472904730746e-05	4.99498004505472e-06	4.99498004505472e-06	
0.0217927169469218	0.0885194888226788	0.171527113526419	0.217055560689195	0.201706255353901	0.146470234185545	0.0849856022217283	0.0411604134772195	0.0177968027691685	0.0061562052801011	0.00202542899884868	0.000584402448496412	0.000149846781665747	4.74514808608198e-05	1.49846781665747e-05	7.49233908328734e-06	
0.0203364886943291	0.0828300969057507	0.16301867025854	0.212229830009603	0.202871004352652	0.15218318554271	0.0902732567565882	0.0456891283471147	0.0201618837380427	0.00702660231226849	0.00246691859667502	0.000683453686035345	0.000139683965029122	5.48758434042978e-05	1.4966139110263e-05	2.49435651837717e-06	1.74604956286402e-05	
0.0190932816046556	0.0782829545340919	0.156940875321221	0.207326340629343	0.203196712295893	0.155853473187413	0.0957463828255457	0.0494230519253267	0.0220630143287104	0.00832175104240618	0.00260226579607835	0.000852423281904629	0.000189982901538861	8.4992350688438e-05	1.74984251417372e-05	2.49977502024818e-06	2.49977502024818e-06	
0.0179521593517555	0.0728798464683968	0.15161747550895	0.202182557103973	0.204292362304479	0.160279969394027	0.100844172948835	0.0522684796106519	0.0242038056771572	0.00911656611015642	0.00302798439597105	0.000945774745054752	0.000308568418147837	6.27171581601294e-05	1.75608042848362e-05	
0.0168262650463225	0.0684728532071615	0.144833959923353	0.200189860542911	0.2024576392499	0.164159050898196	0.105304793978708	0.0569104465992109	0.025927516468393	0.0100229289253542	0.00328237737545425	0.00112258813070241	0.000306388706813633	0.000130591907822204	5.02276568546939e-05	2.51138284273469e-06	
0.014610291602101	0.0648080135235757	0.137856955988006	0.194771185929041	0.204491255961844	0.16637821738343	0.110543156708458	0.0603102171419372	0.029278440763921	0.0116092451349339	0.00356704433398402	0.00118482220120344	0.000405002918033447	0.000120746211587611	5.03109214948381e-05	1.50932764484514e-05	
0.0133709240978972	0.0594951953359234	0.131489571838168	0.189369775211259	0.204846991479091	0.170657536041279	0.114687104755282	0.0646425098134067	0.0313726675837604	0.0132903004741677	0.00469632608224617	0.00141091341526709	0.000463585836444901	0.000151169294492903	4.28313001063224e-05	1.25974412077419e-05	
0.0121475932580857	0.0562585412765096	0.125563091562484	0.185638001720909	0.201908184440958	0.174034519410842	0.119041352432049	0.0693956572354102	0.0340107303740446	0.0140836159335932	0.00537277926810751	0.0018322619830946	0.000455534747178215	0.000156906412916941	9.11069494356431e-05	7.59224578630359e-06	2.53074859543453e-06	
0.0110685095574372	0.0533836093694096	0.122063178301458	0.17915405325166	0.200745513092154	0.174797191511605	0.123461332534871	0.0733054040817984	0.0374532785574905	0.0156689698572157	0.00583367800837878	0.00218223709752316	0.000601383944317429	0.000192848859781117	6.59746099251188e-05	1.77623949798397e-05	5.07496999423991e-06	
0.01074984153975	0.0496152406941195	0.115633981005134	0.175932879038191	0.200176660905247	0.175383041062206	0.127259490432565	0.0772878732725287	0.0403112693875161	0.0176533627937879	0.00641223084031025	0.00240808669112088	0.000799301502126804	0.000221462518105197	0.000117095124515392	3.56376465916409e-05	2.54554618511721e-06	
0.00950623568337999	0.0463298549249173	0.10975311784169	0.170995164163909	0.198778315092899	0.177218121659455	0.131611096971239	0.0814023924662764	0.042814965640112	0.0197123950114533	0.00748791040977348	0.00291422753881395	0.000992618987019598	0.000287604988546704	0.000162891320946806	2.79969457877322e-05	5.09035377958768e-06	
0.00885354600177224	0.0431829987472118	0.104610362493762	0.166651388761573	0.194742363593771	0.180202890579644	0.134756215561056	0.0859051140240984	0.0459712164268036	0.0211853617298663	0.00875169330114788	0.00343498232855644	0.00121204713742985	0.000328474959513551	0.000147686415905318	3.3102127702916e-05	2.54631751560893e-05	5.09263503121785e-06	
0.00837246095743595	0.0396652036337654	0.100051036031438	0.161776564254364	0.193957333877718	0.179754006328468	0.13864193120343	0.0889609063999183	0.0492012861079922	0.024009900990099	0.00997499234459528	0.00369245687455343	0.00137031744411555	0.000362355823211187	0.000132693681739308	4.59324282943758e-05	3.06216188629172e-05	
0.00793138053517667	0.0385001366158592	0.0941934429494726	0.158461628818541	0.190797453582527	0.180258880669239	0.13951415825479	0.0943926212114635	0.0526009361378314	0.0260310667017357	0.0110773756476485	0.00415210069227214	0.00149128339747044	0.000383035119213297	0.000171089019915273	4.34106468441737e-05	
0.00691535392367839	0.0358250560963095	0.0912755241399204	0.151463864786834	0.188907353658194	0.181407423858354	0.14251653532855	0.0972310504241366	0.0572756721984393	0.0279243472023322	0.0124037300535819	0.0044851520280188	0.00155716718104238	0.000569259477659756	0.00016082218427159	7.14765263429291e-05	1.02109323347042e-05	
0.00618880472935526	0.033633023379929	0.0874874273867439	0.148202886056202	0.183986082886877	0.182451710901739	0.146737791735944	0.0997777983044933	0.0591708233265595	0.0307669807254141	0.013737504361927	0.00517016647166287	0.00181148264466203	0.000590143071207176	0.000177042921362153	0.000105199417041279	5.1316788800624e-06	
0.00554179598380367	0.0316193246048548	0.0843370398536575	0.144096972437465	0.183133619715125	0.180284360676628	0.14993165889051	0.102560479312684	0.0613605533060654	0.0324774422954391	0.0152380120444782	0.00611216163443159	0.00219154009002528	0.000768195178097959	0.000236367747107064	0.000102768585698724	7.70764392740427e-06	
0.00475258381713185	0.0288818745932762	0.0794078613629027	0.140307547256824	0.181325804352393	0.182135408927171	0.151519033393627	0.105561163575993	0.0642380237449848	0.0346490261686744	0.0164816019922421	0.00678684341325189	0.00252873327628525	0.00097613716136239	0.00034587537213628	9.22334325696747e-05	1.02481591744083e-05	
0.00481098252316115	0.027006874291376	0.0750222163205687	0.134510883443479	0.17723516613722	0.182541547073064	0.154888611965148	0.110146985219763	0.0680432273419066	0.0359342601199171	0.0179186116587165	0.00772719379781616	0.0026327616673987	0.00100101122562589	0.000464755211897733	0.000104697602680259	1.02144002614886e-05	
0.00444622747819688	0.0253230542005351	0.0714769396667374	0.129096470359761	0.17378105651564	0.183355777412653	0.156458656472711	0.115019305315286	0.0711881904109694	0.0379769153913575	0.0187048190462075	0.00821529962207066	0.00320179484493143	0.001254653845859	0.000370518956516406	0.000120099247974283	1.0221212593556e-05	
0.00398075285475382	0.023671628928172	0.0668981932717069	0.125421929023587	0.169215340262032	0.18297869066062	0.159720013542767	0.117991361355918	0.0751084960346367	0.0408924888939047	0.0199858416522176	0.00860017031056028	0.00344724989483836	0.00135940658055382	0.000546327550298043	0.000153895084590998	2.8214098841683e-05	
0.00407026728772889	0.0221195673095431	0.0634843643736126	0.120273062067727	0.165969896446857	0.180413442660815	0.1609885668091	0.122400585133002	0.0790211854076042	0.0430355057679229	0.0218013370802376	0.0100268185959374	0.00399584247603649	0.00145769976004414	0.000692920660584363	0.000223274435077184	2.56637281697912e-05	
0.00368757489985553	0.0208757284692587	0.0613800306399752	0.11595973178474	0.161691306099511	0.178499667682011	0.162014642520792	0.123935363509689	0.0836620159256018	0.0467683037925309	0.0231750096872618	0.0112346575585021	0.00443946038743915	0.00161668210640848	0.000777547108320267	0.000215557614187797	6.1587889767942e-05	5.1323241473285e-06	
0.00337307712915926	0.0197026487075399	0.0583042250214963	0.112309180025872	0.159294970747103	0.176762509344852	0.163239582881506	0.127391070275842	0.0853985563638126	0.049761817889556	0.025017413957191	0.0117496370497567	0.00493969540246015	0.00171205352017085	0.000724624738790642	0.000242392078116588	6.12358934189275e-05	1.53089733547319e-05	
0.00311670146560986	0.0183758691289453	0.0557154730291298	0.109109890332651	0.15586548012406	0.174874825160649	0.163956234416493	0.130072875068415	0.0874754211347834	0.0525886359489976	0.0274903204881312	0.0129077050941599	0.00538201131134581	0.00203472461535343	0.000671484462102937	0.000245788652165981	0.000103890048853662	1.01356145223085e-05	2.53390363057712e-06	
0.00283387811543313	0.0166796858212559	0.0519982506301018	0.104620915082248	0.153699335896716	0.175131645140822	0.163861860449831	0.130975223158422	0.0922337582886511	0.054612193512669	0.0295294650012261	0.0141415826741596	0.00633767389419346	0.00220440831102381	0.00074828538998056	0.000283135012425077	7.58397354710027e-05	2.78079030060343e-05	5.05598236473351e-06	
0.00254058758972159	0.0158742573133349	0.0483720812887112	0.0994235111576451	0.149924942918774	0.174359491882482	0.164383838128997	0.134027979261539	0.0951471497231088	0.0583351204066958	0.0316904873033694	0.0150997186936283	0.00671098608605704	0.00270962370542303	0.000930960099907913	0.000307797106202616	0.000126146355001072	2.2706343900193e-05	1.26146355001072e-05	
0.00232095324507361	0.0146575967356269	0.0457924576538822	0.0944973857945631	0.144585862737923	0.17197611874458	0.166356704948192	0.137171845784437	0.0983046514309203	0.0618035260443036	0.0337816499320758	0.0166852977888283	0.00727616335901588	0.00307789480016242	0.00109530946878744	0.000391002922496203	0.000165424313363778	5.01285798072055e-05	1.00257159614411e-05	
0.00222518914107699	0.0139636869133876	0.0433986888885555	0.0905076931539181	0.139389348094588	0.169804433376837	0.167774260812169	0.140121910362381	0.101393618457569	0.0650555297200262	0.0353255026677268	0.017921523329483	0.00789567113204622	0.00331778201147098	0.0012651075341404	0.00042753634058895	0.000122510413385138	6.50055254696649e-05	2.50021251806404e-05	
0.00204320342441889	0.0131103479169778	0.041491214971878	0.087449604300433	0.134873824100343	0.166348116071873	0.168441093026728	0.142250261311035	0.10485291921756	0.0673933602110398	0.0378029963665323	0.0197874670250361	0.00842914737942362	0.00345926036533771	0.00145836444178986	0.000594793688716341	0.000136877208700413	4.23075008710368e-05	3.48414713055597e-05	
0.001898445616509	0.0123025255306056	0.0397527536181334	0.0832600446956881	0.131535872400537	0.163782042498275	0.165553426793994	0.145973526400104	0.107521282771232	0.0708105266567177	0.0395036137734472	0.0218072106053849	0.00984600666199945	0.0038367536081678	0.00154964983394829	0.000742436737164938	0.000241665649345634	6.22849611715552e-05	1.99311875748977e-05	
0.00185061699720534	0.011288513937069	0.038146186255485	0.0805055855666859	0.127163111534014	0.162160002197764	0.166180910923136	0.146398539486073	0.110290279640466	0.0727959301410814	0.0425542011003804	0.0226944084394129	0.010843966264326	0.0043780453388677	0.0017182516789167	0.000651836756100668	0.000302192519111804	5.74415532195991e-05	1.99796706850779e-05	
0.00152453501681987	0.0106267588385542	0.0355841468352153	0.0761292805694263	0.123857223546818	0.158069288866896	0.166879101873928	0.149471911067125	0.112543174331829	0.0766316273536571	0.0442465048160311	0.0241451357336013	0.0121138052893867	0.00523590304956988	0.00187442829936869	0.000664797236842763	0.000319902429758924	6.49801810447813e-05	1.49954263949495e-05	2.49923773249159e-06	
0.00146344758230955	0.0100390002526636	0.0334841810072022	0.0733349844024005	0.119247212570139	0.15508791942783	0.166170095136601	0.150429903362427	0.116615508541781	0.0787309783084547	0.0475357794171726	0.025396444197618	0.0132235622565611	0.00570869638090664	0.00231399831390826	0.000813026434616414	0.000307699235254827	7.50485939645921e-05	2.00129583905579e-05	2.50161979881974e-06	
0.00139047971550185	0.00930070874451686	0.031693434234811	0.0699091186459328	0.117037878067933	0.153307891222472	0.164826865268518	0.151434744987021	0.118643431984034	0.0815281272038853	0.0505124267872416	0.0269843095868074	0.0133746142419135	0.00618713456142369	0.00233830671581696	0.00109537790537736	0.000362625105661453	5.50189815486343e-05	1.75060395836564e-05	
0.0011628781233553	0.00862133781108243	0.0296508859427082	0.0664244003909676	0.112959574947996	0.150800731811233	0.165431944061552	0.150770657377008	0.121999448635373	0.0850605247988772	0.0527956692814716	0.0293501416004611	0.0142978872709957	0.00625548231873888	0.00267913084885091	0.00111526026916619	0.000476178541891181	9.7741911230295e-05	4.76178541891181e-05	2.50620285205885e-06	
0.00108155202715897	0.00793638871781006	0.028520927531007	0.0644925468046647	0.10993525709393	0.147404024775553	0.163982815340013	0.151352190393214	0.122510803002308	0.0875706639027004	0.0561130221868381	0.0309168657022828	0.0161206331085107	0.00734053366581044	0.00280903095942678	0.00126181069835214	0.000438128714705603	0.000162733522604938	4.75682604537511e-05	2.50359265546059e-06	
0.000998680048813289	0.00743655517645008	0.0269444375264613	0.0629890668194157	0.106288446691405	0.14430055039474	0.161609344258212	0.152551490548651	0.124837496575598	0.0908898463377581	0.0574851194182253	0.0334171792892187	0.0169551465643912	0.00784748337608647	0.00337957313276717	0.00133489403033397	0.000513037631061191	0.000154409384105795	5.47904266181854e-05	1.24523696859512e-05	
0.000961120562267946	0.00698116253368268	0.0254634861109386	0.0588419366455154	0.103222361575046	0.140676261315518	0.160373024052849	0.153272652767257	0.127456507431921	0.0932560132123033	0.0603668152636873	0.0354348015050105	0.0190411146018304	0.00859793123145124	0.00378984490444673	0.00146279072655251	0.000576175634227813	0.000181296643528579	4.4703281965951e-05	
0.00109893395930206	0.00636683960548022	0.0238476144909768	0.0562748879884774	0.0978026304641438	0.138732313642231	0.158251473966977	0.154854995539474	0.129101067037463	0.0958439862645715	0.0632771655976357	0.0382558597351594	0.0201820093795633	0.009501667090292	0.00418143125557566	0.00147521293402908	0.000645405658637721	0.000246699460251484	4.73463610583656e-05	1.24595686995699e-05	
0.00098190559288454	0.00623199321863682	0.0220344586717179	0.0548425346587816	0.0937409111586735	0.134429090258254	0.157266474262887	0.154790580666652	0.132345958899172	0.0977754245188041	0.0659293674290729	0.0400915782330174	0.0215372912829156	0.0103535108718079	0.0047802644433341	0.00167545410026375	0.000802925332915713	0.000261012879121207	8.45184560963908e-05	3.48017172161609e-05	9.94334777604598e-06	
0.000886943300224096	0.00580612462919807	0.0202481453692616	0.0520166159013779	0.0935464316059885	0.130246505642152	0.154159192657998	0.155249859629422	0.134402965421633	0.101981088480669	0.0682921496822408	0.0411869636725912	0.0224468703572121	0.0111377221706012	0.00502104316457394	0.00200245462179446	0.000914272085385063	0.000308069941814532	0.000119252880702399	1.49066100877999e-05	1.24221750731666e-05	
0.000797218427915063	0.00576182789022724	0.0192847386067304	0.0495045324723705	0.0894225754377251	0.129849745436483	0.150376257295418	0.154600769899416	0.136465913324227	0.104917422078728	0.0715360735129765	0.0428486278405563	0.0236185272569229	0.0120476840928846	0.00545635167018502	0.00227741214454241	0.000822053892959146	0.00024835465044083	0.00011672668570719	3.72531975661244e-05	9.93418601763318e-06	
0.000634953705426126	0.00489360805002245	0.0184806252309768	0.0468749612455014	0.087504557529038	0.125820045190846	0.149930923981656	0.154246624948224	0.136073555418313	0.106617656177529	0.0738679345898472	0.045786114852212	0.0252939761247486	0.0135944580446898	0.00643634713117499	0.00268119123267829	0.000811054147165403	0.000324917716448525	7.68889252664449e-05	4.71254703245953e-05	2.4802879118208e-06	
0.000521090518385811	0.00418361244761179	0.0172059126404153	0.0443745797156831	0.0838533899419604	0.122845849017744	0.150066625144851	0.154453711032975	0.137428939382284	0.109453822695229	0.0762504311403694	0.0467045987478939	0.0266723903910908	0.0148461170071538	0.00654588946429413	0.00291810690296054	0.00112406668966082	0.000382133046816261	9.42925699936228e-05	6.69973523638899e-05	7.44415026265444e-06	
0.000543741534932922	0.00416456584709988	0.0158945536870619	0.0419892042589792	0.079272572688357	0.120181708534765	0.147801306956926	0.156095836917084	0.13991952625283	0.110300441913575	0.0796210615812004	0.0493791460292039	0.0276022975551403	0.0150641120700735	0.00706863995412799	0.00313145693072733	0.00136429694219533	0.000383090626884559	0.00014335004102777	6.92034680823719e-05	9.88620972605313e-06	
0.000506760932440116	0.0038884631547722	0.0146812350134724	0.039324648357353	0.0764813487256817	0.115892517242232	0.145156107087237	0.155145477467679	0.140837515141028	0.113675129162238	0.0817022223320891	0.0527328010283539	0.0303661038736311	0.0164066941883173	0.0075025338046622	0.00341878229055941	0.00150792277457791	0.000556201023409883	0.000123600227424418	8.89921637455813e-05	4.94400909697674e-06	
0.000431098191851012	0.00358673695620042	0.0139577277430162	0.0375178597822338	0.0724146425580135	0.11284672611716	0.142897965216534	0.154288811154358	0.141582499876829	0.115531851997832	0.0845765384046903	0.0551928856481253	0.0326378282504804	0.0174336108784549	0.00885106173326107	0.0038084445977238	0.00158151450953343	0.000647878996896093	0.000135488003153175	6.40488742178647e-05	1.47805094348919e-05	
0.000485070604721354	0.00316520818838378	0.0133737395513832	0.035317059786177	0.0689412721589072	0.110179623114839	0.14040834125452	0.152199476711711	0.142762648583496	0.118151440022735	0.0875062471214244	0.057809146765706	0.0344400129352161	0.0188834556625868	0.00922124119278372	0.00432398796632924	0.00190108479426147	0.000619812439366174	0.000227836193126697	7.59453977088988e-05	7.34955461699021e-06	
0.000415535148162724	0.00314095685523	0.0128009268878128	0.033922334036484	0.066588285330876	0.105367491952062	0.1384074248798	0.151836543138659	0.143689609910269	0.119703454563676	0.0900049130920459	0.0593017542916226	0.0365695373627206	0.0204223303699974	0.0100583949099389	0.00473710068905505	0.00194079357436001	0.000733297320287159	0.000271320008506249	8.06627052315875e-05	7.33297320287159e-06	
0.000321985774083072	0.003114968435637	0.0123501058650197	0.0320717345276078	0.0646776727258535	0.103659904965411	0.135104742948024	0.150706417274049	0.143708105260077	0.121825269053264	0.0925831064797198	0.0613529256798291	0.0376894105708905	0.0212900896681595	0.0110280127623452	0.00514689381299457	0.00216852540272615	0.000753739425694465	0.000339060777254144	8.78143020226561e-05	1.9514289338368e-05	
0.000328561484805857	0.00303250081531924	0.0120423868653287	0.0309212864033956	0.0633612570032272	0.0997463992095054	0.133028460725951	0.149585525771389	0.144007281896019	0.122733534202034	0.0934307173349039	0.0652182378395744	0.0393251590480965	0.0220549938911902	0.0115629304763898	0.00577538076625406	0.00246299424165576	0.000917538368680059	0.000318826329700498	0.000107086706158946	3.65068316450952e-05	2.43378877633968e-06	
0.000328799446843284	0.00283347758603183	0.01122511640951	0.0299062438047898	0.0606175627257474	0.0980112468751964	0.130869432772601	0.148670538118977	0.145520349301059	0.123464192289653	0.0941962062346177	0.066323200185675	0.041752694463114	0.0235768544530566	0.0123323968996146	0.00611663676848167	0.00258446035790787	0.00115563334993448	0.00040374637957962	7.73645757278314e-05	3.14293588894315e-05	2.41764299149473e-06	
0.000391360301179363	0.002799546694326	0.0107179900887403	0.0289150436018593	0.0584255310975376	0.095102954170028	0.128491029925858	0.146510410664208	0.145984595290231	0.125540221274634	0.0967260189773731	0.0677485498060005	0.0435946563712497	0.0252679497522185	0.0128476624025201	0.00632419038838308	0.00282835849563981	0.00113326418501018	0.000518612423648727	0.000105643271484	2.6410817871e-05	
0.000462017604546445	0.00251596115221924	0.0107269475957131	0.0278120234695368	0.0556288346862709	0.0911347679019852	0.126537764552956	0.145420639499393	0.147079593903283	0.126295983319489	0.0992069096767552	0.0697287501825329	0.0450503072536764	0.026414001287904	0.0138892546195776	0.00671002769711754	0.00310964180469343	0.00140759767602751	0.000670284607632148	0.000169965025506723	2.87264831842349e-05	
