# <P(N_1)> as a function of N_tot.
# number_of_species: 2
# species_total_upper_bound: 100
# species_total_lower_bound: 0
# volume: 512
# Bin widths for each species index 
1	1	1	1	1	1	1	1	1	1	1	1	1	1	1	1	1	1	1	1	1	1	1	1	1	1	1	1	1	1	1	1	1	1	1	1	1	1	1	1	1	1	1	1	1	1	1	1	1	1	1	1	1	1	1	1	1	1	1	1	1	1	1	1	1	1	1	1	1	1	1	1	1	1	1	1	1	1	1	1	1	1	1	1	1	1	1	1	1	1	1	1	1	1	1	1	1	1	1	1	1	
# Bin lower bound for each species index 
0	0	0	0	0	0	0	0	0	0	0	0	0	0	0	0	0	0	0	0	0	0	0	0	0	0	0	0	0	0	0	0	0	0	0	0	0	0	0	0	0	0	0	0	0	0	0	0	0	0	0	0	0	0	0	0	0	0	0	0	0	0	0	0	0	0	0	0	0	0	0	0	0	0	0	0	0	0	0	0	0	0	0	0	0	0	0	0	0	0	0	0	0	0	0	0	0	0	0	0	0	
# Bin upper bound for each species index 
0	1	2	3	4	5	5	5	6	7	7	7	8	8	8	8	8	8	8	8	9	9	9	10	11	10	11	11	11	11	11	11	12	12	12	12	12	12	12	13	13	13	13	13	14	15	15	16	16	15	15	15	15	16	16	16	17	17	17	17	17	17	18	19	19	19	17	16	17	17	18	18	18	18	18	18	18	18	19	19	19	19	20	20	20	21	21	20	20	20	20	20	20	21	21	21	20	21	22	23	23	
# Normalized histogram for each species index 
1	
0.921279128597363	0.0787208714026368	
0.848502350570853	0.145116036116708	0.00638161331243937	
0.780781461616023	0.201935755239874	0.0168800601399686	0.000402723004134623	
0.718310239824141	0.248208676432608	0.0315711394199295	0.0018168495528448	9.30947704763449e-05	
0.659227169811321	0.287227169811321	0.0493630188679245	0.00398037735849057	0.000199245283018868	3.0188679245283e-06	
0.608436065035903	0.315441888045898	0.0674514962381459	0.00815883618062318	0.000499674158267274	1.20403411630669e-05	
0.56088555338066	0.338993574536281	0.0867437602042197	0.0122240162606026	0.00110949747882483	4.3598139411816e-05	
0.518176640916488	0.355613924630765	0.106243904931202	0.0178362937774325	0.00200451692494482	0.00012321618279271	1.50263637552085e-06	
0.475028597798458	0.369497084602885	0.126896060343234	0.0250788788159835	0.00321678258608276	0.000255538803567322	2.55538803567322e-05	1.50316943274895e-06	
0.435794633261839	0.378577662154443	0.14656262576173	0.0333586050037908	0.00506890423946088	0.000556177717621489	7.0841064304092e-05	1.05507968112478e-05	
0.402410641324415	0.381159771193366	0.164846705608184	0.043405163281983	0.00717895947459217	0.000858024878181653	0.000130141339547834	1.05928997306377e-05	
0.371635746705368	0.383845244725796	0.180888943227117	0.0522401689315142	0.00993483940789444	0.00131317385063327	0.000104148270912294	2.86785093816461e-05	9.0563713836777e-06	
0.341562605671224	0.383616733491136	0.196824730689339	0.0627958794261147	0.0131077604946621	0.00188698613593546	0.000173602724506063	2.26438336312255e-05	9.05753345249022e-06	
0.314663244623205	0.379694162423121	0.212298195416215	0.07314013298206	0.0170920792692788	0.00280988462695343	0.000281139613024926	1.66265362541623e-05	4.53450988749881e-06	
0.29040880977523	0.373895006788354	0.225690149343792	0.0845602655000754	0.0210348468848997	0.00380449539900437	0.000538542766631468	6.4866495700709e-05	3.01704631166088e-06	
0.26624797735235	0.367542471848047	0.237873870844754	0.0957796837614792	0.0263657187116297	0.00520259499314026	0.000845083953011531	0.000141097498371375	1.50103721671675e-06	
0.244024091144329	0.359028553856308	0.248060782887187	0.108624659671334	0.0316455031614002	0.00721534272877962	0.00126005985284301	0.000139506626564762	1.50007125338454e-06	
0.225165005969499	0.349371137658905	0.256126808683181	0.119882562304302	0.0382979042927833	0.00919678322833522	0.00170900380696366	0.000246288773587031	4.5052824436652e-06	
0.207190114005709	0.339701314342881	0.26444194798124	0.130076898732753	0.0446363621364859	0.0113960712201956	0.00215682421882617	0.000353971151351165	4.64962105588395e-05	
0.188996610251421	0.328807122701648	0.271767503126907	0.141192696028375	0.0514278031891431	0.0143475187161252	0.00285349156188255	0.000515108852621466	8.61032392944972e-05	6.04233258206998e-06	
0.173458475092326	0.319196313609772	0.275290157810706	0.150907812978105	0.0594554636920252	0.0172034573541486	0.00379909052075412	0.000595312031362189	8.02838108452825e-05	1.36330999548593e-05	
0.16163594139307	0.307335838497023	0.278546098487081	0.159946693501231	0.0657628132776697	0.0207393708080437	0.00491967006782678	0.000909595018682961	0.000172248890581159	3.17300587912661e-05	
0.149949696517428	0.294446072551822	0.280377714197667	0.170229704130928	0.0731666419932868	0.0240323755026572	0.00619352187823838	0.00132480943590611	0.00020846488273095	6.49564489668903e-05	6.04246036901305e-06	
0.136917133783594	0.284540150452095	0.280699718297971	0.179190524924375	0.0810349271327737	0.0276200624899204	0.00786926855442697	0.00167453694004374	0.00037982296029795	5.87821248080161e-05	1.35651057249268e-05	1.50723396943631e-06	
0.125457991156033	0.271557921968535	0.280935836115874	0.187863610384141	0.0893737027344103	0.0324910507475258	0.00949372800288783	0.00224107330866649	0.000497849171254099	7.52038023042445e-05	1.20326083686791e-05	
0.114086795149753	0.260517575837652	0.281401082236783	0.194587915222783	0.0975079125802519	0.0370494934146913	0.0111917216693592	0.00291729476838812	0.000630604118745758	9.15877410559316e-05	1.20115070237287e-05	6.00575351186437e-06	
0.105331656417449	0.247471415177095	0.279727385415361	0.202499671612361	0.105444893534463	0.0415534924591629	0.0136835732198748	0.00341825110557172	0.000735286346472362	0.000110217460559512	1.50982822684263e-05	9.05896936105579e-06	
0.0979324017697586	0.235993579395863	0.276658921320316	0.208084565237491	0.113079025268624	0.046728235349397	0.0160727304695256	0.00427585558794151	0.0009791572881284	0.000172792462610894	1.6672956918595e-05	6.06289342494365e-06	
0.0912920708657831	0.2257655113783	0.272219945044101	0.214077515143235	0.11955336946456	0.0519302879871264	0.0185043494102109	0.00511606017822714	0.00126003856021618	0.000259598305779478	1.51811874724841e-05	6.07247498899364e-06	
0.0844873311412045	0.216714805654299	0.267885514531815	0.217260061098902	0.126777949263981	0.0575789749500561	0.0211074440999574	0.00626135002218887	0.00156003641094691	0.000346843046705673	1.66605830295301e-05	3.02919691446002e-06	
0.0771587048149465	0.207131236237335	0.263905683649764	0.220962383939584	0.134276698625058	0.0631156782771224	0.0233308866372559	0.00753380602492603	0.00198409395312937	0.000522129987665625	7.5671012705163e-05	3.02684050820652e-06	
0.0709677419354839	0.196604814024321	0.261672375946588	0.223787569213942	0.141467601418838	0.0679113150079373	0.0262804104605148	0.00830491352529679	0.00228320560243663	0.000569662076456246	0.000139757096090599	9.11459322329994e-06	1.51909887054999e-06	
0.0652544773823269	0.185440853467211	0.256687513899001	0.228956531540451	0.14721821964839	0.0736319574972354	0.0295024386083025	0.0099128437432409	0.0026183433304596	0.000642781201543893	0.000108145652392456	2.28476730406597e-05	3.0463564054213e-06	
0.0591640244610206	0.174859031455993	0.249639560385854	0.232179621110765	0.154321609882155	0.080371924808631	0.0337224859336913	0.011440903176145	0.00325770210582263	0.000843062148342283	0.000177165234071929	1.22182920049606e-05	1.06910055043405e-05	
0.0545895134059743	0.165693642105779	0.244281021959343	0.232033021015185	0.161049487073768	0.0865958650160246	0.036802246360929	0.0135446858144821	0.00403872888097322	0.00113728152929113	0.000206917798455933	2.29908664951037e-05	4.59817329902074e-06	
0.0511225259967059	0.1577754825777	0.237632657301843	0.23198565024614	0.166053481557083	0.0924911307153792	0.0412815161358337	0.0153321741893886	0.00453166204740675	0.00144842064091085	0.000293351015880679	4.88918359801132e-05	3.05573974875708e-06	
0.0464715585866971	0.15029682051188	0.230792280679224	0.233620598716708	0.170935898082706	0.0974883007006585	0.0456093037904048	0.017485120753892	0.0052316239590643	0.0015578681514572	0.000406666269173321	8.86715925265136e-05	1.52882056080196e-05	
0.0431857003416301	0.140268118594436	0.224951195705222	0.232326744753538	0.17719009272816	0.103972974621767	0.049516532454856	0.0195735724743777	0.00640861395802831	0.00201317715959004	0.000436188384577843	0.000144887750122011	1.22010736944851e-05	
0.0395203510341553	0.133204270671273	0.216573355786979	0.23241813859681	0.181189015220335	0.109238616810615	0.0548154979014594	0.0225564483746807	0.00762619870255382	0.00216190137393718	0.000525207678414117	0.000129775153096511	2.44282641122845e-05	1.67944315771956e-05	
0.0362447982285343	0.126116137899439	0.211864238537014	0.229928606879701	0.184687511930668	0.115223151223609	0.0588706906425381	0.0247363799488413	0.00880082464780667	0.00262360172565189	0.000720803268048715	0.000126751422135685	4.42866414690948e-05	1.22170045431986e-05	
0.0328209236828666	0.119117660549757	0.205822633074122	0.229512532987582	0.18753153505781	0.120735313454652	0.0632566502658883	0.0269756618157466	0.00980530064186266	0.00330716751728503	0.00089139096744206	0.000163600057489366	4.89271199968197e-05	1.07028074993043e-05	
0.02995349748207	0.111186770576867	0.198964672470173	0.229143108094254	0.191359621002184	0.124701421394831	0.0682939742591196	0.0295587080899691	0.0116141530466877	0.00375355960784254	0.00115835492178426	0.000261662736624979	4.43755518252889e-05	6.12076576900536e-06	
0.0279674821618397	0.105672267300912	0.191515689168623	0.227063529087864	0.194983136916006	0.129641554309837	0.0720133986953097	0.0323740622060432	0.0125865141213989	0.00448305661560581	0.00128786546241559	0.00030284722275331	9.63604799669621e-05	1.22362514243761e-05	
0.0263165947082241	0.0999957161522479	0.184121306328773	0.223379711085068	0.19888222172584	0.135348169726048	0.0754997567386455	0.0354044717250749	0.0140479607354755	0.00495243399049598	0.00148251731133476	0.00039778586269044	0.000130045378187259	3.82486406433115e-05	3.05989125146492e-06	
0.02417675178229	0.0950401722497989	0.177421574654323	0.219321827585047	0.201112038829607	0.141497459988317	0.0792648799420125	0.0384366006355381	0.0157752923077864	0.00567488462138381	0.00163472154682277	0.000489346019628892	0.000102456822859799	4.12885704061878e-05	7.64603155670144e-06	3.05841262268058e-06	
0.0223284319330421	0.0889036261214907	0.170887359265781	0.217058092646375	0.201343120888503	0.146634956207551	0.0851608772210661	0.0413333638241594	0.0175520440287529	0.00612713149931015	0.00198495277733312	0.000518344043235991	0.000106717891254469	4.72607804126933e-05	9.14724782181161e-06	4.57362391090581e-06	
0.0205208818861176	0.0834909870800089	0.164424480047281	0.212006970275795	0.202221775409671	0.151355212931568	0.0901901288952661	0.0455063350911345	0.0200715306274771	0.00700835641018611	0.0023777536092807	0.000639754334335615	0.000117288294628196	4.41735135612687e-05	1.21857968444879e-05	1.52322460556099e-06	1.06625722389269e-05	
0.0189643364312636	0.078287184696743	0.158082913488276	0.207936558780596	0.202820626633049	0.154837026902115	0.0958665281673706	0.0493274089801845	0.0219814246208429	0.00822911566369076	0.00256711800963699	0.000825199550334885	0.000181513394620797	6.8639518974251e-05	1.98291943703392e-05	3.05064528774449e-06	1.52532264387224e-06	
0.0177917521131247	0.0732223180277605	0.151564531666623	0.20434861848584	0.203359251879567	0.158796403361396	0.100497286899469	0.0528453479093887	0.0241904729815619	0.00910799258128198	0.00297575745509179	0.000923510934338832	0.000290990178315718	6.27926174260234e-05	1.53152725429325e-05	7.65763627146627e-06	
0.0166656194783163	0.0691144311238681	0.14539622797648	0.201302293648981	0.203044712899266	0.161822782016762	0.104603388905831	0.0569956523804635	0.0260795873362747	0.00994113779823796	0.00344652673165364	0.00112636600612069	0.000291169443759089	0.000118000248260263	5.0571534968684e-05	1.53247075662679e-06	
0.0147914723946108	0.06528000440988	0.139318520424022	0.195901261562537	0.20439487412702	0.164546708744271	0.109104717805962	0.0607506901921513	0.0288204030446546	0.0115407171261057	0.00380505268122233	0.00124334115780786	0.000339928247578011	0.000101059749279949	5.20610829623981e-05	9.18724993454084e-06	
0.0137115564018155	0.0604543149813038	0.132755929394139	0.191062595836135	0.204735856079975	0.168909034370036	0.113243270982082	0.0638887144286137	0.0311500948978795	0.0131095407984289	0.00484522990715479	0.00149814570003079	0.000448830971481617	0.000119484012885891	5.66783138048458e-05	1.07229242333492e-05	
0.0127480580749987	0.0568003464596918	0.126768004078887	0.186242048780787	0.202780277597757	0.172445090131735	0.118470478747094	0.0679205354153677	0.0335771041744093	0.0143421412314676	0.00541803986129327	0.00176301297073828	0.000488360735796842	0.000150501107258146	7.37148280448063e-05	9.21435350560079e-06	3.0714511685336e-06	
0.0114182423974614	0.0540441918006057	0.122368884981532	0.180336173010391	0.201365077361056	0.174437671577722	0.122598296809636	0.0727558827197465	0.0362747830210612	0.0154598937315143	0.00597856462100088	0.00207548418982982	0.00060817229598129	0.000206316677624032	4.61903009606043e-05	1.84761203842417e-05	7.69838349343405e-06	
0.0109125576171935	0.0497868086708091	0.116294173181703	0.17636260420459	0.199727263191021	0.176448991429153	0.126537229808529	0.076876916716545	0.0396069998333961	0.0172959564608388	0.00671197882278895	0.00238644707856918	0.000700353570569107	0.000223681206459296	9.56429986239749e-05	2.62246931710899e-05	6.17051604025645e-06	
0.009443309278796	0.0471964837986827	0.110085003672998	0.171991999654306	0.198238504132895	0.176742204910089	0.131372960560024	0.0811130727870957	0.0424215861179187	0.0193295389306945	0.00774261850820714	0.00296617755088183	0.000944485255535733	0.000256183909181261	0.000123462124906632	2.16058718586606e-05	9.25965936799738e-06	1.5432765613329e-06	
0.00867233702107154	0.0435732808617044	0.105749998841629	0.167177636954195	0.19558552561467	0.179437834865729	0.133836632631155	0.0854599736509226	0.0454745536796811	0.0210514610146403	0.0087928075976777	0.00348283525957548	0.00120933924977721	0.000307354419802892	0.000131282038609275	3.5523375153098e-05	1.69894402906121e-05	4.63348371562148e-06	
0.00846536635588858	0.0401718426084954	0.100309026065475	0.162151340839209	0.194029412355787	0.180063722133161	0.137948679102943	0.0884117544301723	0.0490391438169279	0.0236786005246796	0.0101380337037833	0.00368543341717282	0.00136967030520768	0.000374108593521738	0.000103575519694035	3.40098721383398e-05	2.47344524642471e-05	1.54590327901545e-06	
0.00766922720647121	0.0388604126295179	0.0951628568374778	0.157799267930362	0.190093359790696	0.18103465635635	0.140309216549173	0.0938818124222583	0.0520782505921151	0.0256797512884023	0.0111793198846905	0.00420715433099895	0.00143904505651621	0.00041049186219246	0.00013941233055593	4.02746732717131e-05	1.23922071605271e-05	3.09805179013178e-06	
0.00686694078487315	0.0359104174242212	0.0919772251902822	0.151754884867245	0.187707259159806	0.181890794041503	0.143512691175694	0.097341488505372	0.0562439589879382	0.027592079786424	0.0123415351241146	0.00446918345718379	0.00163165599097461	0.000523683875198518	0.000153841850577606	4.97266587725596e-05	2.64172874729223e-05	6.21583234656995e-06	
0.00628815076590051	0.0333574545465888	0.0876582564729588	0.14812244426908	0.18464112937184	0.1826792013799	0.147022953621769	0.100404550175763	0.0586020717211006	0.0300621017270581	0.0132640680218214	0.00517618362897415	0.00184340134059881	0.000619145797138517	0.000162194364993465	7.48589376892917e-05	1.40360508167422e-05	7.79780600930122e-06	
0.00573649669987138	0.0313551338985332	0.0830853151317704	0.14414786579164	0.18343801735658	0.181051722357315	0.149795169825965	0.103432196361565	0.0619544773153321	0.0324160571834521	0.0146150788807416	0.00574588540150783	0.00215940137638366	0.000780827019431483	0.000197162734365465	6.88504786673051e-05	6.25913442430046e-06	6.25913442430046e-06	7.82391803037558e-06	
0.00505796860959871	0.029007786547776	0.0788830201911727	0.138960290797972	0.181794130815255	0.182461012470374	0.151953524923528	0.106115586558421	0.0642163201282417	0.0350410304417387	0.0161836210108423	0.00654984235919561	0.0023747874901768	0.000969013484785393	0.000308393629245109	8.76651941001324e-05	1.56544989464522e-05	1.56544989464522e-06	1.4089049051807e-05	4.69634968393567e-06	
0.00491958669204797	0.0269809561859102	0.0747072140881922	0.134276515240535	0.1774341378581	0.183050927122747	0.154542392266535	0.109861891220731	0.0681817113581349	0.0364378432155923	0.0177387135437475	0.0076237926253202	0.0026525032705851	0.000957282633388953	0.000452789985350912	0.000131606777749054	3.44684417914189e-05	9.40048412493243e-06	3.13349470831081e-06	3.13349470831081e-06	
0.00469636540793213	0.0252880009273677	0.0712224648555844	0.129450816616173	0.174150878962852	0.183029797952899	0.155981051622424	0.114863573561249	0.0714088782923903	0.0381661930616606	0.018658575174743	0.00821472321520883	0.00317686092304415	0.00111691412136611	0.000397890865114997	0.000145684450612971	2.34974920343502e-05	4.69949840687004e-06	0	3.13299893791336e-06	
0.00428302505915065	0.0237905713787792	0.0671860305558041	0.125156021119961	0.170050853072458	0.183009829919316	0.158756101505182	0.117547685549344	0.0752826435433554	0.0406981582050231	0.0198922021625508	0.00879213355250866	0.00357808435110129	0.0012936996512977	0.000494557512328612	0.000150722289471577	3.45405246705697e-05	3.14004769732452e-06	
0.00403507532402283	0.0224943673802627	0.0639017765321903	0.11939583774915	0.166333027170031	0.180528013942206	0.160545755713086	0.121694417622446	0.078602325271033	0.0437405305260514	0.0223138095350243	0.0100280257177174	0.00411200866677657	0.00147586412629629	0.000584065377640658	0.000175847640579983	3.92517054866034e-05	
0.00360262043067904	0.0207193918789293	0.0617304529143328	0.116035513566044	0.161309649235917	0.178640282045395	0.162081751650349	0.124295908643459	0.082445127263235	0.046801042888638	0.0237213134861603	0.011340942185097	0.00463418699660023	0.00170617335979344	0.000699766954016662	0.000176121121010935	5.34653403068911e-05	6.29004003610483e-06	
0.00327807201729919	0.0195524773574853	0.0580933279012191	0.11173493371776	0.159292049265098	0.176881130715472	0.163192202826789	0.127558055720956	0.084885142122912	0.0500532765050613	0.0255006424519728	0.0119746779905356	0.0050550001566956	0.00192108809426807	0.000705130214046194	0.000230342536588423	7.52138894982607e-05	1.72365163433514e-05	
0.00312913163868586	0.0180591588295457	0.0551332102676678	0.108167859904707	0.155313755082695	0.175474592760745	0.164718300197071	0.129850387906304	0.0877934243021428	0.0527851922069499	0.0277490208795869	0.0130232369596128	0.00561279217701499	0.00210791528425674	0.000735899418764188	0.000241661885399257	7.48372290268666e-05	2.65048519470152e-05	3.11821787611944e-06	
0.00283028561287048	0.0167917825194835	0.0519134785735859	0.10335524287836	0.151795472165745	0.175261311023168	0.165535901659251	0.131869825543561	0.0917351923753538	0.0553166712852112	0.0295981243519767	0.0140517920471777	0.00643897760991877	0.00237880991004736	0.000758167818189178	0.000263101357852097	6.2272510734224e-05	3.1136255367112e-05	1.24545021468448e-05	
0.00245127393141721	0.0154775551342212	0.0488823839572209	0.0994103566323602	0.147843236677031	0.173637606523873	0.165289898916058	0.134998934566851	0.095241946647463	0.0585381635043263	0.0318743379927239	0.0152582469969561	0.00680321838579879	0.00282611975468596	0.00101721646646374	0.000315741502587369	9.48779884622145e-05	3.1107537200726e-05	7.77688430018151e-06	
0.00222672536277456	0.0144317890666853	0.0458854494211912	0.095219683382635	0.144043043812452	0.17083983571301	0.166271477263022	0.137488645098176	0.0988346182811978	0.0616604166181414	0.0339164123945062	0.0165296314412379	0.00765533893896692	0.00318325452837367	0.00120653110660797	0.000419257913493117	0.000141305444918051	4.03729842623002e-05	6.21122834804618e-06	
0.00219908376679166	0.0137915740042865	0.0431845462412417	0.0903159670850819	0.140245093934065	0.168555583470582	0.167173789650969	0.140584726758414	0.102237234303225	0.0649768770529176	0.0355001597359859	0.0176671102054236	0.00789219837038278	0.00358087758640476	0.00139420049812814	0.000485411296901122	0.000150430976994916	4.96267140601786e-05	1.55083481438058e-05	
0.00194072146629542	0.0131122311807189	0.0415323664749638	0.0868519210979292	0.134988303135749	0.166647094634894	0.167652994057313	0.142286095719597	0.105764684431891	0.0675343257383549	0.037850249234373	0.0193145050387681	0.00856173379358511	0.00361103986204808	0.00146326690173707	0.0006412415672871	0.000180783767162869	4.32644912868405e-05	2.31774060465217e-05	
0.00180261309508206	0.0119567681259763	0.0398517817188201	0.0825331571326578	0.13133323978455	0.164023913536252	0.166326138815086	0.145456536053033	0.107632501314566	0.0712132403396746	0.0403436838380085	0.020891190942833	0.00988121874532577	0.00398147734089125	0.001643785765062	0.000740166198151743	0.000280646350132536	8.78947360305195e-05	2.00461678666097e-05	
0.0016875278874405	0.0110391805994507	0.0377231188232697	0.0795762807379422	0.127220766628634	0.16256004001896	0.166876900012815	0.146384166572744	0.111055700771816	0.0730052663839195	0.0426544674714718	0.0223392872857974	0.0105682784899636	0.00445890259737252	0.00171068700757921	0.000683966014763167	0.000327315564627069	8.33728324993477e-05	4.47742989348349e-05	
0.00157203325051076	0.0103062376364526	0.0350788873463677	0.0765107656481394	0.12390031023721	0.158556076649747	0.167361315936989	0.148873710755147	0.113413396873538	0.076635848843907	0.0441451026840383	0.0237225685602615	0.0117238471884849	0.00508362815391101	0.00194110588987428	0.000758220359529255	0.000288772316154726	8.80215081327241e-05	3.39732136652619e-05	6.17694793913853e-06	
0.00146300241464918	0.00979918090403353	0.0331145266716	0.0735116229130587	0.12019638528717	0.155696208398283	0.1663296251037	0.150173258416899	0.116670966585766	0.0789465146709635	0.0472532786239435	0.0251182220272239	0.0127313652577866	0.00548123819131499	0.00221535951700837	0.000874402710339426	0.000313610866075801	7.72440556836949e-05	2.9352741159804e-05	4.63464334102169e-06	
0.00134276569512103	0.0090590275468073	0.0311991918654388	0.0700759714554002	0.117399180417897	0.154657834527333	0.164963715933895	0.150767217334672	0.118680067509556	0.0821407521653644	0.0497179109164685	0.0270904525955754	0.0130966064226896	0.00598984881510209	0.00226785081687491	0.00105038929376403	0.000365083760424611	0.000102099695711967	2.16575112116295e-05	1.23757206923597e-05	
0.00112932644186367	0.00843591381846928	0.0297028324435375	0.0663765483761678	0.113031653627845	0.152174417507344	0.165365878561826	0.151356042592624	0.121012742824523	0.084837168144331	0.0527844084882032	0.0289370562946026	0.01428830002336	0.00628864655640521	0.0025355699153624	0.00111540323915576	0.000484218049730586	0.000100556464001559	3.71285405544219e-05	6.18809009240366e-06	
0.00104546052071976	0.00781466273845702	0.0280418493516134	0.0637746383031371	0.109150099365146	0.1483579619706	0.164496098854788	0.152355765884891	0.122408580199658	0.0875078293548612	0.0560960710170815	0.0312571044145962	0.0158040844101113	0.00727337400731513	0.00276675868575096	0.00119083520851215	0.000434577524145344	0.000168572776269902	5.10357946505208e-05	3.09307846366793e-06	1.54653923183396e-06	
0.000952382422447206	0.00727329979671189	0.0265185251501507	0.0614896372457162	0.105317751513084	0.14407215261581	0.162715385838367	0.153792010175211	0.125404222280192	0.0905704878760328	0.0582867303955088	0.0333596254682804	0.0170240287474396	0.00785831266236422	0.0033341102633484	0.00131975197924208	0.000483137274272246	0.0001543569566365	5.40249348227751e-05	1.852283479638e-05	1.543569566365e-06	
0.000924482135923527	0.0068858511090704	0.0251428324900002	0.0581622527780688	0.101696116558708	0.141137606084325	0.160466986742926	0.154405465538388	0.128338150912464	0.0933372572463991	0.0607338539194961	0.035275156699722	0.0187716097699272	0.00854991895373275	0.00385971291748072	0.00148687543527701	0.000591668566991057	0.000174110802265598	4.77649103560489e-05	7.70401779936272e-06	4.62241067961763e-06	
0.00103235537752062	0.00648003906877836	0.0236653561316964	0.056088733108317	0.097580764808427	0.138655527119419	0.158420187183957	0.154851761185911	0.129304056476639	0.0963351384098018	0.0635640369422499	0.0376856076060482	0.0200675667321934	0.00950137853442627	0.00418814831299531	0.00157171469900968	0.000681540002225437	0.00025499796001632	4.63632654575127e-05	1.54544218191709e-05	6.18176872766836e-06	3.09088436383418e-06	
0.000999598926356709	0.00617499151574985	0.0220605929719557	0.0539860549779409	0.0937185697096844	0.135141764106994	0.156829050072502	0.155994508376269	0.132232437602197	0.0978943633727208	0.0659889550489001	0.0394887853638972	0.0213741400055533	0.0103847221793725	0.00474809490019437	0.00175084071205998	0.000825286150618579	0.00029154968685404	7.86721377225187e-05	2.46814549717706e-05	9.25554561441397e-06	3.08518187147132e-06	
0.000896989316134114	0.00575427108463394	0.0204738196051401	0.0517607454088917	0.0919898700211708	0.130725038156664	0.154546797301955	0.154859128058687	0.135513084043129	0.101935219831618	0.0682081138299444	0.0413122815223278	0.0222216409827187	0.0112562158436315	0.00519422972773374	0.00201861060509084	0.000876987839101964	0.000316946482201763	0.00012154743734922	1.07700260942347e-05	7.69287578159618e-06	
0.000801432137735785	0.00555321847162899	0.0193633373967887	0.0492635115010118	0.0885014447272828	0.128275201355986	0.151934337835888	0.15456739552979	0.137089419560471	0.105078193369301	0.0710526396595295	0.043111521891994	0.0238172734725962	0.0122287489982098	0.00560081310049836	0.00237512551164226	0.000884338910605005	0.000299385568694403	0.000153531060868924	4.29886970432988e-05	6.14124243475698e-06	
0.000638074976877451	0.00496502091382767	0.0182756330516703	0.0464705710924426	0.0861493248829301	0.125486033673793	0.150393965283199	0.15478379841739	0.136594060074146	0.107081558559484	0.0740427724971279	0.0457496690752974	0.0251932247481061	0.01337810083732	0.00649578732470194	0.00281458553502433	0.000957112465316177	0.000363518676730663	0.000113503721848393	4.29473542129054e-05	1.07368385532263e-05	
0.00050128396352621	0.00436086294650408	0.0171897344425138	0.043816216382452	0.0824658250426706	0.121916565436009	0.150100718096966	0.154590746236526	0.138392815954977	0.109784263373979	0.0764811710977504	0.0476634939184722	0.0269647717312749	0.0144418987283379	0.00660741469715375	0.00295542263158704	0.00116556209924192	0.000410560792213184	0.000132240554795258	5.38188304399305e-05	4.6130426091369e-06	
0.000574117141387859	0.00405873187654946	0.0159708950240623	0.0414791959289875	0.0782457190663689	0.11860277694628	0.147732314045146	0.155703945904043	0.140403877593313	0.111329603106987	0.0796119336541635	0.0507909461419789	0.0283005979107662	0.0149976590143299	0.00705212338913322	0.00319602109189712	0.00131248704782519	0.000405259158626724	0.000156577402196689	6.44730479633425e-05	1.07455079938904e-05	
0.000517260489919578	0.00384250649654544	0.0148481470990308	0.0391701663854576	0.0761250415655751	0.114713289899873	0.144896055272978	0.154780964813971	0.140924233653953	0.114508540955947	0.0820165769671293	0.0534179218444031	0.0308770644235624	0.0162305873369706	0.00754954000763575	0.00335449585575822	0.00148404497703117	0.00052495781863862	0.00011545993078562	9.54468761161127e-05	7.69732871904134e-06	
0.000476013524926218	0.00358238565694473	0.0140362568753244	0.0374161985867005	0.0718335119663658	0.112356082685085	0.142242054412952	0.154455640146059	0.141931877858001	0.115986069694522	0.084857856219347	0.0555707402163865	0.0332687388098433	0.0171211316223462	0.00862352243866335	0.00375282920941831	0.00159234201725319	0.000655670242398371	0.000152017222476437	6.29566274902417e-05	2.30329124964299e-05	3.07105499952399e-06	
0.000500644560734156	0.0032319898095101	0.0135709889490751	0.0353252964826275	0.0687031315546927	0.109673310286332	0.140276931462219	0.152166857023875	0.142689823901721	0.118025041414175	0.0880476086949865	0.0580043419815726	0.0347358525808457	0.0187688124466056	0.00904681562500957	0.00437566408127896	0.00183416569957039	0.000664464034735853	0.000255680861292367	7.50201329540479e-05	1.99033005796454e-05	7.6551156075559e-06	
0.000431185408196498	0.00315896827423392	0.0128193562493597	0.0340483569848214	0.0669774667398561	0.105482935302311	0.13828666490319	0.151289504304973	0.1433248064635	0.119707466693985	0.0904954198018076	0.0596213213539222	0.0366140630662175	0.0200822310328114	0.0100151220698123	0.00457637562670964	0.00194492141569484	0.000782861450342578	0.000249231282042657	8.25674185908188e-05	7.64513135100174e-06	1.52902627020035e-06	
0.000333016102397869	0.00307046956798035	0.0122574367231216	0.0322582616253935	0.0644172294587877	0.103800202559336	0.135380211205534	0.150220814117439	0.143526884939881	0.121573791327222	0.0929588480698051	0.0614995195708064	0.0380478534973565	0.0213374721022634	0.0108719064255304	0.00508536974716745	0.00211266637438648	0.000814209094394789	0.000334543699197859	8.24902271994721e-05	1.68035647998925e-05	
0.000311577391089192	0.00285918076528906	0.0116948435469115	0.0309851496716982	0.0625155597778026	0.100027033920697	0.133304721161145	0.149668643553937	0.144489433097156	0.122952409608191	0.0935236195517868	0.0650570537913928	0.0393351182848581	0.0222151625166289	0.0114978166672521	0.0057259982313401	0.00242388882185563	0.000919458771743596	0.000346706214594346	0.000105386470515462	3.054680304796e-05	1.0691381066786e-05	
0.000336452752746809	0.00265356175582665	0.0108410862095476	0.0296611266143262	0.0601017274793599	0.0970673803727775	0.130985167153077	0.149115555535257	0.146222975308022	0.124175424333907	0.0948705418107248	0.0663344766637284	0.0414719884053205	0.0235334237645257	0.0121823299885971	0.00609877704752814	0.00258657568740647	0.00114180798443487	0.000464335247003515	0.000108091155859835	3.04482129182633e-05	1.06568745213922e-05	6.08964258365266e-06	
0.000354983267241719	0.00262596596408297	0.0102838955924428	0.0284987848649698	0.0580170088563774	0.0943694192534429	0.128672332240066	0.147227034554739	0.146676355383761	0.126053951388531	0.0976704602342889	0.0679504722491072	0.0430364115742749	0.0248943393822078	0.012724784810357	0.00622434335680673	0.00278677035009845	0.0011908626700203	0.000561298328544599	0.00013501500335262	2.88234276820199e-05	3.03404501915999e-06	1.213618007664e-05	1.51702250958e-06	
0.000380989388458906	0.00232388348099834	0.0101121565972639	0.0270760506427488	0.0556441832331276	0.0910261061214825	0.126746517590022	0.145600179717704	0.147541555924233	0.127085006170207	0.100426374180152	0.06994266944541	0.0449840697863272	0.0260135304358913	0.0134682025649238	0.0066012862566047	0.00285666147043689	0.00122796978192532	0.000690638134457379	0.00019580729526374	3.33934922155216e-05	1.51788600979644e-06	1.36609740881679e-05	7.58943004898218e-06	
