# <P(N_1)> as a function of N_tot.
# number_of_species: 2
# species_total_upper_bound: 100
# species_total_lower_bound: 0
# volume: 512
# Bin widths for each species index 
1	1	1	1	1	1	1	1	1	1	1	1	1	1	1	1	1	1	1	1	1	1	1	1	1	1	1	1	1	1	1	1	1	1	1	1	1	1	1	1	1	1	1	1	1	1	1	1	1	1	1	1	1	1	1	1	1	1	1	1	1	1	1	1	1	1	1	1	1	1	1	1	1	1	1	1	1	1	1	1	1	1	1	1	1	1	1	1	1	1	1	1	1	1	1	1	1	1	1	1	1	
# Bin lower bound for each species index 
0	0	0	0	0	0	0	0	0	0	0	0	0	0	0	0	0	0	0	0	0	0	0	0	0	0	0	0	0	0	0	0	0	0	0	0	0	0	0	0	0	0	0	0	0	0	0	0	0	0	0	0	0	0	0	0	0	0	0	0	0	0	0	0	0	0	0	0	0	0	0	0	0	0	0	0	0	0	0	0	0	0	0	0	0	0	0	0	0	0	0	0	0	0	0	0	0	0	0	0	0	
# Bin upper bound for each species index 
0	1	2	3	4	4	4	5	5	6	6	6	7	6	7	7	7	8	8	8	8	8	8	9	10	10	10	11	11	11	11	10	10	11	11	11	11	12	12	13	12	12	13	13	14	15	15	16	16	14	14	14	15	16	16	16	15	15	16	15	16	16	15	15	15	15	15	16	16	16	16	17	17	18	18	18	18	18	19	19	18	19	19	19	18	18	18	19	19	19	20	20	20	19	19	20	19	20	20	20	20	
# Normalized histogram for each species index 
1	
0.922230180570739	0.0777698194292608	
0.849265575196966	0.145310179799298	0.00542424500373597	
0.783742389111953	0.199400554204603	0.0164423457558107	0.000414710927632943	
0.718014749472386	0.249100092480615	0.0310687439235494	0.00174053259348842	7.58815299613479e-05	
0.660997581274878	0.286247547945988	0.0486506561029958	0.00388519625954635	0.000219018416592073	
0.609112389953885	0.316704142688365	0.0663801974160601	0.0073602271428027	0.000443042798887153	
0.558945305029642	0.34175272518646	0.0867517689806846	0.0115270606234462	0.000999235035379614	2.39051443870721e-05	
0.517716460149916	0.355777688542145	0.106227053694355	0.0180654352149304	0.00208906990974453	0.000124292488909286	
0.471361231361231	0.371746031746032	0.127898027898028	0.0255844155844156	0.00312169312169312	0.00025012025012025	3.84800384800385e-05	
0.434350751638436	0.380486571634157	0.146496567550223	0.0328902588436631	0.00519729293479318	0.000476459034246709	0.000102098364481438	
0.400098137834589	0.38239897936652	0.165435854657867	0.0435339434235384	0.00743884786182193	0.000917588753404156	0.000176648102259624	
0.37141191398882	0.382934942899276	0.180605840882256	0.0533870944035902	0.00995037062803447	0.00156285978845052	0.000117581927657719	2.93954819144298e-05	
0.340690427428504	0.385383055109448	0.195036662688532	0.0630706290855692	0.0134814574707902	0.00213640582870445	0.000201362388452604	
0.315466775057664	0.380658083536158	0.210965773583612	0.0720277768255476	0.0176151695160113	0.0030607397685591	0.000200784528817477	4.89718362969456e-06	
0.290929321271346	0.37435537709835	0.225905858449035	0.0824923806298679	0.0213584248464032	0.00421363262541725	0.00070146582168255	4.35392578975376e-05	
0.264934964907045	0.36855305342409	0.238824650755293	0.0945343564365968	0.0264376558483445	0.00532893026659093	0.00113606824111604	0.000250320120923874	
0.243041617935131	0.358827747857016	0.248745012537842	0.108345245486617	0.0319727007137666	0.00728686871603833	0.00159791308700444	0.000178080675358929	4.812991225917e-06	
0.222536182278088	0.351195071150793	0.257681906676183	0.11938088371664	0.0377917279617033	0.0093071354705274	0.00183035475867962	0.000262172830155702	1.45651572308723e-05	
0.203985641185283	0.339548028095025	0.265103021577135	0.131150650816196	0.0455571336848454	0.0120483685818238	0.0023250384263673	0.000252933050567154	2.91845827577485e-05	
0.186067062935682	0.325579099113332	0.274309326803452	0.141807697624361	0.0532099765003258	0.0151168072039337	0.00335215940283181	0.00049862754003831	5.92428760441557e-05	
0.17114297958004	0.317231894601517	0.275799009397766	0.151854140298775	0.061224998255982	0.0179334881356946	0.00415574579193367	0.000607914852057443	4.98290862342166e-05	
0.159925890688766	0.307773966600736	0.27715380185774	0.160732079817731	0.0670388823514684	0.0210009764402494	0.00530282166195138	0.000926366390425878	0.000145214190931624	
0.150403852907239	0.29348316861486	0.279496312647369	0.170430943661265	0.0738323383334169	0.0239652837003963	0.00645161290322581	0.00157527717854814	0.000301008378066523	6.02016756133046e-05	
0.137339699522536	0.284923630727695	0.279384046196535	0.177981651376147	0.0819588530860186	0.0279029072819539	0.00819438542109342	0.00174986875984301	0.000519961002924781	3.99970002249831e-05	4.99962502812289e-06	
0.126030489563341	0.270129973448423	0.279169442814666	0.187332809594367	0.0912797462186378	0.033070137928977	0.00979524458278225	0.00247118606986943	0.000611581260752394	8.94996966954723e-05	1.98888214878827e-05	
0.115532435072825	0.260705483290272	0.28067086868767	0.192998725508185	0.0979771781660212	0.0369156306254928	0.0114952218954718	0.00294571259961616	0.000649643687794137	9.91822424113187e-05	9.91822424113187e-06	
0.106869011972319	0.247975965682342	0.280201083138611	0.200081708708454	0.104283230284037	0.0421696651437625	0.0139153916288432	0.00368685635708699	0.000677584411572743	9.46625280873685e-05	2.49111916019391e-05	1.99289532815513e-05	
0.0983492849230032	0.238310761584447	0.275786185490873	0.206044970508688	0.112810507090889	0.0469465763131369	0.0162476671423867	0.00417169832034252	0.00105789478936916	0.000244513418297588	9.98013952235052e-06	1.9960279044701e-05	
0.091032763851031	0.228334102904012	0.273311785354325	0.212277383062494	0.117153482183198	0.0524648604098088	0.0189860533933102	0.00474154837620587	0.00125613794678543	0.000392232797612841	2.97898327300892e-05	1.98598884867261e-05	
0.0850894808776873	0.218005713750006	0.269345583192299	0.217438286072364	0.124010085410201	0.0570289486798672	0.0213451489867715	0.00599499676812931	0.00137169473377774	0.000335522452866497	2.46707685931247e-05	9.8683074372499e-06	
0.0758863184680708	0.208667649684136	0.265671155998955	0.223255102896285	0.132603796288534	0.0612544815240387	0.0232620070323557	0.00710632862701391	0.00171617096613521	0.00047342647341661	0.000103562041059884	
0.0697388205985837	0.196348550188825	0.264003096635882	0.224416775429385	0.1414328888536	0.0667513609813954	0.0260534268940841	0.00847604821620871	0.00215871251408126	0.000530993652888953	8.93260350654313e-05	
0.0634124406694979	0.18611041718711	0.257761678740944	0.23108668498626	0.146065450911816	0.0726305271046715	0.0296977267049713	0.00990756932300774	0.00258805895578316	0.000654509118161379	7.99400449662753e-05	4.99625281039221e-06	
0.0574015541955226	0.174942623610887	0.250931108068932	0.231936503462715	0.155827226606539	0.0804125060396199	0.0332179094862297	0.0113393863746175	0.00302484296988243	0.000835480753744564	0.000125825414720567	5.03301658882268e-06	
0.0538794733577728	0.165062300504758	0.245510884309148	0.230892578903047	0.1629192236515	0.0868324315602104	0.0369869852203335	0.0131761407472027	0.00350960350556948	0.00105893209219769	0.000161361080715838	1.00850675447399e-05	
0.0505793080529106	0.157457993242665	0.23695990412842	0.231199552867839	0.167004869108102	0.0930065106068006	0.0422560033031385	0.0153978620234744	0.00436054562208269	0.00149547580803529	0.000246728331965418	3.52469045664882e-05	
0.0455576818627128	0.15018045410476	0.230473647609427	0.232808637431917	0.171220742831327	0.098531494444247	0.0463952325599103	0.0177002380674406	0.00516743399846703	0.00152281944945001	0.000345172408542002	9.13691669670005e-05	5.07606483150003e-06	
0.0414943227899432	0.140678223844282	0.225653892944039	0.232182684509327	0.178269464720195	0.10389801297648	0.0495336577453366	0.0197029602595296	0.00590024330900243	0.00223540145985401	0.000385239253852393	4.56204379562044e-05	2.02757502027575e-05	
0.0383410231709172	0.133412766820463	0.215545302438777	0.233889367743244	0.179982761243219	0.109486386452365	0.0567459311463773	0.0224205242610151	0.00739238452568068	0.00219033615575724	0.00051209248085991	4.56320032449425e-05	5.07022258277138e-06	3.04213354966283e-05	
0.0355800091701055	0.125182128483366	0.209791634826023	0.230118701920628	0.184395537215345	0.117076774160681	0.060853838708034	0.0247236232105558	0.0088848132864639	0.0024861174792399	0.000759080951653166	0.000127362575780733	2.03780121249172e-05	
0.0325760295399764	0.118939432791425	0.204251500076927	0.227227037283963	0.188301964203292	0.121703677111647	0.0650956459305605	0.0270526693676599	0.0103646340837992	0.00332837581414432	0.000933381199035848	0.000164110980050259	6.15416175188471e-05	
0.0304501936897774	0.110220543977611	0.199425875719585	0.228867750780675	0.18976968150507	0.124470761332009	0.0693373391706065	0.0302958592057947	0.012063812164644	0.003451947958412	0.00133242104505024	0.000252079657171666	5.65893107936394e-05	5.14448279942176e-06	
0.0284107282532625	0.104380223127907	0.192278004199086	0.229117780247828	0.193008727512247	0.128828578485859	0.0716057387509777	0.0332067432382364	0.0131530196369026	0.00425569140834054	0.0012144415627187	0.000406529167181261	0.000113210654151743	2.0583755300317e-05	
0.0275507270188121	0.0994157151072045	0.185826213751746	0.22333237492812	0.197306539061858	0.133589706728005	0.0750790684301323	0.0363047317834552	0.0142887948739013	0.00513944795859689	0.00137086174320217	0.000544237246364906	0.000205372545798078	3.59401955146636e-05	1.02686272899039e-05	
0.024530928179236	0.0956531565079381	0.179585295824709	0.220295542212612	0.201589168588496	0.137986471008203	0.0767772852644933	0.0389022717817282	0.0165080408643351	0.00559855772934826	0.00160252294638225	0.000739625975253348	0.000174633910823707	4.10903319585193e-05	5.13629149481491e-06	1.02725829896298e-05	
0.0226593765853109	0.0879626545598024	0.173194090729743	0.21905088879893	0.200931586310088	0.145410477015234	0.083227859452424	0.0407223124657317	0.0175915060645346	0.0062925631946544	0.00199845248038698	0.000717393198087635	0.000158851351005119	5.63666084211713e-05	1.02484742583948e-05	1.53727113875922e-05	
0.0204929595526944	0.0826540819205417	0.161589166175075	0.214993972658955	0.203452255764446	0.151981328066891	0.0876965297904537	0.0460899227987381	0.020077457744492	0.00730975403318885	0.00268280797147914	0.000713021621482982	0.000179537818359024	2.05186078124599e-05	2.56482597655749e-05	5.12965195311498e-06	3.59075636718049e-05	
0.0190002215318671	0.0783759138189518	0.15625724486484	0.207219878105954	0.203355950191393	0.156221181537637	0.0953617409313612	0.048850352647821	0.0225704909249213	0.00878399612576828	0.00283869904123069	0.000875823660633787	0.000211228059329325	5.66709427468921e-05	1.03038077721622e-05	5.1519038860811e-06	5.1519038860811e-06	
0.0181194248917279	0.0730410245278923	0.151617104406338	0.200290448282634	0.203318965962769	0.161601910136748	0.101160759506755	0.0521153110690771	0.0244090256028611	0.00972639978500625	0.00331793233898726	0.00094576576017861	0.000273910302128231	5.68493079888782e-05	5.16811890807984e-06	
0.0167565545406366	0.0692084671259781	0.144859764524945	0.200501917261589	0.200948758716006	0.164432459394582	0.104841475200299	0.0570865937172013	0.0261765958994503	0.010121478525631	0.00359551495879706	0.00103397034219742	0.000280574866726938	0.000140287433363469	1.5587492595941e-05	
0.014293174578307	0.0654446707399864	0.139046425400804	0.194934461329573	0.204381429839678	0.165131338451094	0.109102302992323	0.0604679095514126	0.0298031228784793	0.0119014047730952	0.00373909864744895	0.00123766254112486	0.000417776385189827	7.31108674082198e-05	2.61110240743642e-05	
0.0133437129377589	0.0596444114712044	0.132078724771553	0.19107005710524	0.203781589437882	0.169764003322867	0.113531277266054	0.0646496099811391	0.0313112261691423	0.01375645895267	0.00484845951693042	0.00160396236174315	0.000464992345912508	0.000125391194403373	2.08985324005622e-05	5.22463310014054e-06	
0.0118944773383341	0.0579921616553235	0.127441581154259	0.185080806590952	0.201826840009271	0.171679765692492	0.117986051117807	0.068664531490339	0.034340167302303	0.0145494005351988	0.00594197096441139	0.00188583830253482	0.000453022608988811	0.000142228028403464	0.000100086390357993	1.58031142670516e-05	5.26770475568385e-06	
0.0113614186477064	0.0540326706718217	0.123293018054845	0.17826456176255	0.200143468239191	0.173612393124074	0.122301399342789	0.0738386720748567	0.0374652537858209	0.0159713907452437	0.0063611285464874	0.00235773172494185	0.000680419222634225	0.000189884434223505	8.96676494944327e-05	2.63728380865978e-05	1.05491352346391e-05	
0.0101999053891006	0.0496122547690803	0.11664779763898	0.174248826665391	0.199655573804474	0.174450804989928	0.127767235926629	0.0777191331940746	0.0415384370066812	0.0178697665024264	0.00669717602410983	0.00225896810337038	0.000940793774815429	0.000164771791069369	0.000175402229202877	4.78369716007845e-05	5.31521906675384e-06	
0.00907680909919465	0.0460342925365497	0.110541996898002	0.171446693067407	0.197568502459746	0.176142329483373	0.129569717675527	0.0825334051092362	0.0444140048288838	0.0205680600785626	0.00761641820478518	0.00299540030167199	0.000975370560864722	0.000293144157636938	0.000191876175907814	3.19793626513024e-05	
0.00885595421032623	0.0444403989998233	0.105157763416449	0.168172107492223	0.194193835099348	0.176904913608935	0.132694748001521	0.0855129653525516	0.046876589547404	0.0229376710018365	0.00910225039755417	0.00351239780046796	0.00110833284252571	0.000342672956143216	0.000155273683252395	3.21255896384265e-05	
0.0082156528106039	0.0397430858767221	0.101048222544053	0.162401813258104	0.194225354387514	0.177837119030058	0.137383373801435	0.0890639216551902	0.0489762736684559	0.0250615097204201	0.010304560602553	0.00389247508654431	0.00135132952520418	0.00033917832704328	0.000123827008285642	1.61513489068229e-05	1.61513489068229e-05	
0.00807489696799247	0.0380812790031045	0.096168615531061	0.157382067563036	0.191298798230337	0.180016658193343	0.138733544625569	0.0945298387184008	0.0527491427520633	0.0259445952816208	0.0108819107164105	0.00416454833580322	0.00134130907438857	0.00038400380758705	0.000221748677620691	2.70425216610599e-05	
0.00681465014891872	0.0360588336858462	0.0921245737471403	0.152420468770234	0.188921742133207	0.181324729140588	0.142287521042863	0.0972072344282816	0.0565027841326024	0.0278898864764536	0.0120322009755255	0.00410605602797082	0.00143523114775327	0.000631285880778694	0.000134890145465533	8.6329693097941e-05	2.15824232744853e-05	
0.00621635512754619	0.0335758920117943	0.0875483539372954	0.147861606297509	0.185192198447264	0.182492493304839	0.146882354532421	0.0990072226580464	0.0597451781318473	0.0305894446398139	0.0133524494819704	0.00495577136364866	0.00165012037763411	0.000676278843292666	0.00016230692239024	8.115346119512e-05	1.08204614926827e-05	
0.00549999457058779	0.0311756849203505	0.0844490775428652	0.143662247125126	0.18408422104223	0.180609397226656	0.149292547588798	0.102561596681543	0.0622970757185827	0.0325384673855208	0.0148820188726368	0.00597235343301734	0.00196544722068389	0.000694964763114745	0.000238894137320694	7.60117709656753e-05	
0.00484885383314942	0.0286528122808639	0.0797397274422296	0.140078603617071	0.181973353047657	0.182837666679351	0.151472322938014	0.105462570871	0.0634917183533466	0.0348062904637396	0.0164328308717609	0.00653942955300308	0.00244073472094629	0.000875185501274727	0.000266360804735786	8.15390218578938e-05	
0.00477163911225823	0.0264609078043411	0.0767095210467241	0.135162100171887	0.176566914105074	0.182688710193414	0.153527488436909	0.111043633386291	0.0673126453858792	0.0360258752975497	0.0182948981417719	0.00760208867657505	0.00245630967937839	0.000986861725489771	0.000319916713208222	7.04901232492693e-05	
0.00448396617870035	0.0245781780312637	0.0728604035029974	0.130223874556864	0.172996918959461	0.183270651335208	0.156992774932956	0.114780900786178	0.0704700340479261	0.0371721335801044	0.0193873531649463	0.00833121995176094	0.00305406119993309	0.00108996530456976	0.000259001656531428	4.85628105996428e-05	
0.00413174232561142	0.0228268003744391	0.0656129289103606	0.125910543474752	0.168341600404566	0.182748899816008	0.162568996868914	0.11845941961932	0.0747748523224911	0.0405265819516027	0.020217562056833	0.00853247829221317	0.00345925822313561	0.00130192922239318	0.000500328172242008	8.60779651169046e-05	
0.0039931116133893	0.0210903024432246	0.0627488967818319	0.120148530836293	0.165154450543537	0.180115165213648	0.162759659885911	0.123931761920138	0.0791141965342805	0.0426326552577763	0.0221450866429878	0.0101334624905823	0.00399849316542891	0.0013077171456248	0.000554299860079647	0.000139920353029814	3.22893122376493e-05	
0.00339181096739642	0.0194420552102436	0.0609119481545194	0.115678605624888	0.162195643118735	0.177802301238254	0.162574314199625	0.12612992745744	0.084741178316212	0.0458192007876358	0.0232504043666185	0.0113222653185976	0.00447913792823642	0.0014714076285994	0.00064915042438209	0.000102782150527164	3.78671080889552e-05	
0.00336340421856189	0.0190035037710078	0.0573128397821076	0.112574164952572	0.159327103207381	0.176025352401622	0.163662277505142	0.129380388600057	0.0864335498221121	0.0496412548790956	0.0244508149371859	0.011807006462271	0.00474007849742751	0.00147385128678555	0.000674840332777265	0.000102575730582144	2.69936133110906e-05	
0.00287953071142606	0.018615256160483	0.0554604037765741	0.108908347427691	0.153856858421289	0.174377528955876	0.163849579310197	0.130788499004475	0.0888105076109529	0.0531696246975958	0.0280995097304588	0.0130488770900683	0.00541651501851891	0.0018304823481556	0.000663683658395598	0.0001659209145989	5.88751632447708e-05	
0.00261001452390012	0.0166622898455965	0.0517983375225764	0.104834690147865	0.152415201324837	0.173659754862291	0.164195102605191	0.130940194759605	0.0930226326310769	0.0554855859670184	0.0302429403662595	0.0145078220045126	0.00636693481394938	0.00220270219573501	0.000696718456071901	0.000241171773255658	7.50312183462048e-05	4.2874981912117e-05	
0.00251382873804725	0.0151419321641439	0.0474304275116847	0.0992774752369109	0.15020260709232	0.173861541100296	0.164288623986965	0.133168603404657	0.0956058916856053	0.0595707731229364	0.0319347369323785	0.0157476094507097	0.00702156854337293	0.0028300673212984	0.000948715749753441	0.000273358775352686	0.000144719351657305	3.7519831911153e-05	
0.00253433355030785	0.0137654327574616	0.044732321022697	0.0938503729471898	0.144643752734413	0.172628130568865	0.166636432512031	0.137131454547395	0.0985135466797563	0.0625100039482249	0.033517228132703	0.0173561832403188	0.00724552623435382	0.00313723816332846	0.00108842956686906	0.000421499685209096	0.000224088440237747	5.86898295860766e-05	5.33543905327969e-06	
0.00233400831290632	0.013812213577747	0.042774166044975	0.0894756474475115	0.138841521901311	0.170052222103805	0.169210273899606	0.139624853458382	0.101737184269423	0.0651444101033784	0.0350900564851327	0.0186880528615581	0.00797186400937866	0.00313865501438772	0.0014014707449643	0.000468933177022274	0.00015453479697325	6.9274219332836e-05	1.06575722050517e-05	
0.00220175073835951	0.0135783514058152	0.0409429677254262	0.0858043054089499	0.134328119502287	0.166058919489492	0.170387785347962	0.142282143961445	0.104447216624551	0.066969474032136	0.0380055230357505	0.0201409546961797	0.00880700295343804	0.00359317190715329	0.00147671901822175	0.000698376142191515	0.000170595698855943	7.46356182494749e-05	3.19866935354892e-05	
0.00214416989993874	0.0129026364154208	0.0389873499349763	0.0832303343615318	0.129402534312092	0.163537289210365	0.164531453199058	0.147431832593532	0.107831862687145	0.0706662510882065	0.0398417935793128	0.0219629633610266	0.0107315972184904	0.0039014219231968	0.00167127027288458	0.000784583472158035	0.000306309985705534	9.67294691701686e-05	3.76170157883989e-05	
0.00208317551700629	0.0124719988745441	0.0383574837404093	0.0794907312216607	0.12561277825273	0.161172854870302	0.165717965089225	0.14586557295443	0.110938565260208	0.0737390024565239	0.0427240360578744	0.0232179380349973	0.0110164814353891	0.00485352841234971	0.0016881837955999	0.000627658077851245	0.000308418193426905	7.03409914833292e-05	4.3286763989741e-05	
0.00153734164837791	0.0111090589078899	0.0368310119293366	0.0761880445883401	0.122085569631255	0.157629125833858	0.16656526368397	0.147992220942613	0.112948436583299	0.077089806827318	0.0445992047108929	0.0245540079528911	0.0117880967384455	0.00581256382955607	0.0019827904652224	0.00077138697551118	0.00040742269833337	7.06199343777841e-05	3.25938158666696e-05	5.43230264444493e-06	
0.00132194538135132	0.0104450005440104	0.0338265694701338	0.0738276574910238	0.118681318681319	0.154586008051355	0.166461756065716	0.1500435208356	0.116401914916766	0.079044717658579	0.0467848982700468	0.0257969753019258	0.0127679251441628	0.00586987270155587	0.00267109128495267	0.000875856816450876	0.000435208356000435	0.000108802089000109	4.35208356000435e-05	5.44010445000544e-06	
0.000993005074749691	0.00988067480455356	0.0320340145384721	0.0700205733095597	0.116883829378686	0.15380606226855	0.164855301056097	0.151287889178439	0.118041420929914	0.0817939925936086	0.0495569880674805	0.0269208613358936	0.0134302564805925	0.00630914826498423	0.00239199012481141	0.0013166918118228	0.000378548895899054	6.58345905911398e-05	3.29172952955699e-05	
0.00114346951852752	0.00858983140729611	0.0308847250149148	0.0666858165587644	0.113750359060477	0.151551141259916	0.164112733941711	0.149523830567647	0.120810040435734	0.0859369821243123	0.0525333097642354	0.0290286585500586	0.014434231168659	0.0062918443555693	0.00277305168261263	0.00129261771659633	0.00050820867490112	9.39081247099896e-05	4.97160660229357e-05	5.52400733588174e-06	
0.00116988894371781	0.00779556329320965	0.0288757422695846	0.0637395416918479	0.112442406533636	0.146746211722176	0.16314683492368	0.15090458474487	0.12090885400784	0.08819631956265	0.0568532759662673	0.0308495833310231	0.0162287437832323	0.00736863699621311	0.00288868312643117	0.00109226598062753	0.000587716720540699	0.000149701428816971	4.99004762723235e-05	5.5444973635915e-06	
0.00103245001498718	0.00674422993660979	0.0265051011912031	0.062896188816235	0.106975143488349	0.146069473894557	0.161944780576618	0.150548974766034	0.124637809873775	0.0911442432585455	0.0582279605226639	0.0330828069318472	0.0169244091166447	0.00793210253449826	0.00340819521076412	0.00119342340442066	0.000527326620557967	0.000149871776369106	3.33048391931348e-05	2.22032261287565e-05	
0.00107595463242839	0.00665538947893847	0.025473503230637	0.0590943124150745	0.104362053187654	0.142064834585841	0.160677740495272	0.151382379856354	0.127007015889742	0.0935636837580766	0.061573444995979	0.0349962563434181	0.0181858517511994	0.00834142148026954	0.00353844873963562	0.00135880868528327	0.000465877263525693	0.000160838579074346	2.21846315964616e-05	
0.000904374843953727	0.00613643299026271	0.0238355480345105	0.0567869725635975	0.0987876938441479	0.140527644464172	0.15848198185702	0.153344245013455	0.127089632979166	0.0970177823397231	0.0650317640857769	0.0375842649873776	0.0192249008239243	0.00906594168724166	0.00384498016478486	0.0014148195411546	0.000699087302688157	0.000194190917413377	2.77415596304824e-05	
0.000806322451662074	0.00628489691774959	0.0221241626120429	0.0558626821819306	0.0945164550530461	0.135710695922549	0.157879040586738	0.153736973198063	0.1314250368644	0.0972446967730534	0.0668198311141057	0.0407855568871535	0.0197990821178667	0.00971452871557252	0.00446791002325081	0.00159055387725121	0.000938868608099675	0.000204341991174635	8.83641042917341e-05	
0.000868482920757848	0.00568662702254183	0.0207384870695616	0.0520923800304246	0.0933370211588992	0.131096667127645	0.155956299267045	0.153644032637256	0.134338265800028	0.101900152122805	0.0686875950767529	0.0424173696584152	0.0216899460655511	0.00996819250449454	0.0045360254459964	0.00177568800995713	0.000890609874152953	0.000276586917438805	9.40395519291938e-05	5.5317383487761e-06	
0.000757529679128122	0.00578376674721179	0.019419300971518	0.0497923705149543	0.0882605017390006	0.129808516403006	0.151174171002649	0.153833819000171	0.135874283249747	0.106087331560235	0.0724961432339329	0.0434556623961161	0.0243349497652764	0.0111196509834062	0.00477741345085181	0.0019629418692736	0.000613764922505267	0.000282000099529447	0.000149294170339119	1.6588241148791e-05	
0.000625171373731834	0.00507814642171648	0.0181573896353167	0.0477707704962983	0.0883740060323554	0.125324924595558	0.150677268988209	0.154411845352344	0.133737318343844	0.106388812722786	0.0746805593638607	0.045763641349054	0.0258842884562654	0.0136276391554702	0.00625171373731834	0.00217713188922402	0.000647107211406636	0.000268714011516315	8.22593912805045e-05	7.12914724431039e-05	
0.000495777717243258	0.00433124489239989	0.0173249795695996	0.0448651593571234	0.0841405611549986	0.12263688368292	0.151010623808227	0.155341868700627	0.135946608553528	0.108635249250885	0.0759575047670934	0.0458567147916099	0.027126123672024	0.0154835194769817	0.00678834105148461	0.00283301552710433	0.000800871697085263	0.000299645873059112	4.90329610460365e-05	5.99291746118224e-05	1.63443203486788e-05	
0.000511041179160279	0.00394308615078405	0.0161650394039646	0.0421689663519729	0.080583124882326	0.12130503779015	0.149008849081471	0.156523844105543	0.139627208908255	0.109733989617795	0.0778719169423599	0.0478173162269023	0.0276177411979881	0.0149761962398128	0.00743430431157374	0.00317921407246026	0.00114042873665241	0.000290486564996369	6.45525699991931e-05	2.15175233330644e-05	1.61381424997983e-05	
0.000547462885236751	0.00385907661260023	0.0144165226445678	0.0387517846216602	0.076977575490838	0.116427106927016	0.147111864916217	0.156456304947562	0.139635239434503	0.11442511029767	0.0809815687495304	0.0511394742209388	0.0298152581126485	0.0161769915304271	0.00766984767650311	0.00344042852388978	0.00151894114237255	0.00053672831885956	6.97746814517428e-05	3.75709823201692e-05	5.3672831885956e-06	
0.000468960665924146	0.00358648327462443	0.014361920393927	0.0365842610405598	0.0734616224973221	0.114234554940341	0.143880329764614	0.155572371821859	0.141279729708125	0.114650224621501	0.083800073541559	0.0540690331416634	0.0324595388198178	0.0167706729052646	0.00888893625865312	0.00365043245634136	0.00155609675511194	0.000591529930881593	7.46073786697504e-05	5.86200832405182e-05	
0.00049625433562631	0.00313590505704285	0.013916238603308	0.0359678807300218	0.0699137890074385	0.110142066001827	0.141728126534297	0.153226445076787	0.143686747369588	0.116825661628453	0.08558803499121	0.0563407049979147	0.0342098733495584	0.0187256822177289	0.00889562293117375	0.00475665059999261	0.00172633157180642	0.000490975034183477	0.000158379043284993	6.86309187568301e-05	
0.000561998403294256	0.00325643934619102	0.0125950670196227	0.0349436951132401	0.0678547417958738	0.106306987688558	0.138445943106853	0.152532669439892	0.144969326442287	0.118928316315812	0.0885331316441867	0.0586316651960166	0.0352325727971763	0.0199693264422875	0.00956447749905458	0.00491617294844321	0.00183306021261398	0.000667044833816547	0.000183831253414009	6.30278583133745e-05	1.05046430522291e-05	
0.000292894688668637	0.00324276262454562	0.0119877611862235	0.0326002249012788	0.0659013049504433	0.105510081330579	0.134998300164753	0.15014513977876	0.144669055153116	0.121692512879521	0.0908862679463375	0.061685713538534	0.0374434477889066	0.0199900625016345	0.0106122022019404	0.00496874918277152	0.00229085488637255	0.0007426972462669	0.000266743377180366	7.32236721671592e-05	
0.000382208958349695	0.00276447027409094	0.011743762925731	0.030173564753004	0.0649650514411372	0.101002644048274	0.133427576638132	0.149187151496112	0.143066572423362	0.123380193198775	0.0928610696615095	0.0645357208303882	0.0398177962773895	0.0218696824524202	0.0110683525746747	0.00580643472342208	0.00259692662111574	0.0009529045262965	0.000246079740307338	0.000120422000575931	3.14144349328516e-05	
0.000399970911206458	0.00266993569298856	0.0109342697154493	0.0294472090341482	0.0606033846889057	0.0992395358259659	0.131361874980521	0.148669707138182	0.144192110703637	0.124011760183675	0.0940295251254454	0.0662289495828875	0.041056754313972	0.0236346447531089	0.0126484307634769	0.00645147885348598	0.0026179914188059	0.00127782914489336	0.000446720757970849	5.71387016009225e-05	2.07777096730627e-05	
0.000478949401313248	0.00299729625337968	0.0108046864941419	0.0278048152439809	0.0573297283378396	0.0959289300888374	0.129594438006953	0.147603965495043	0.145322518346852	0.125139693575383	0.0981279773400283	0.0659662675421656	0.0432908458864426	0.0250959186301017	0.0131736835328956	0.00641689197888503	0.00288399639500451	0.00122569846787692	0.000669499163126046	0.000118449851937685	2.57499678125402e-05	
0.000463652240213074	0.00284888543153144	0.0110246199339553	0.0269845603804009	0.0526760461797631	0.0901803607214429	0.129065328600646	0.148147194131193	0.148193559355214	0.125397324211405	0.0994482538341464	0.0695014708079398	0.0437327096352087	0.0257842162474048	0.0144814049693217	0.00667144056751034	0.00272009314258337	0.00142701856154468	0.000911849405752379	0.000283343035685767	5.66686071371535e-05	
