# <P(N_1)> as a function of N_tot.
# number_of_species: 2
# species_total_upper_bound: 100
# species_total_lower_bound: 0
# volume: 512
# Bin widths for each species index 
1	1	1	1	1	1	1	1	1	1	1	1	1	1	1	1	1	1	1	1	1	1	1	1	1	1	1	1	1	1	1	1	1	1	1	1	1	1	1	1	1	1	1	1	1	1	1	1	1	1	1	1	1	1	1	1	1	1	1	1	1	1	1	1	1	1	1	1	1	1	1	1	1	1	1	1	1	1	1	1	1	1	1	1	1	1	1	1	1	1	1	1	1	1	1	1	1	1	1	1	1	
# Bin lower bound for each species index 
0	0	0	0	0	0	0	0	0	0	0	0	0	0	0	0	0	0	0	0	0	0	0	0	0	0	0	0	0	0	0	0	0	0	0	0	0	0	0	0	0	0	0	0	0	0	0	0	0	0	0	0	0	0	0	0	0	0	0	0	0	0	0	0	0	0	0	0	0	0	0	0	0	0	0	0	0	0	0	0	0	0	0	0	0	0	0	0	0	0	0	0	0	0	0	0	0	0	0	0	0	
# Bin upper bound for each species index 
0	1	2	3	4	4	4	5	5	6	6	7	8	8	7	8	8	8	8	8	8	8	9	10	11	10	10	11	11	11	11	10	11	11	11	11	11	12	12	13	12	12	13	13	14	15	15	16	16	14	15	15	15	16	16	16	15	16	16	15	16	16	16	16	16	16	16	16	17	17	18	18	18	18	18	18	18	18	19	19	18	19	19	19	18	19	20	20	20	20	20	20	20	20	20	20	20	21	21	20	20	
# Normalized histogram for each species index 
1	
0.921688706115619	0.0783112938843808	
0.849066563904674	0.1448548178922	0.00607861820312562	
0.782307820356655	0.200638903348033	0.0165882349832612	0.000465041312050647	
0.717278795776708	0.249578468657748	0.0312119358527699	0.0018350575782559	9.5742134517699e-05	
0.659250410232563	0.28785230558718	0.0487842684497752	0.00389386869350951	0.000219147036971709	
0.609235893165952	0.31560238262986	0.0667899613569888	0.00793943081620017	0.000432332030999808	
0.561924263390417	0.339364320127552	0.0860522098954042	0.0116833705270848	0.000957172528348571	1.86635311934262e-05	
0.518123308944782	0.356008816167955	0.106239626860494	0.0175015876573649	0.00196389213535913	0.000162768234044711	
0.473691414952037	0.37036271599504	0.127798742813585	0.0248511721035595	0.00300071394446264	0.00025766416696638	3.75760243492638e-05	
0.435222858255873	0.379440663110168	0.146589224459762	0.0331825608951122	0.00498577040026836	0.000497765465897655	8.11574129180959e-05	
0.401577075766074	0.381939868540715	0.16465629441652	0.043699048635579	0.00719377447163061	0.000800518430983875	0.000122528331273042	1.08914072242704e-05	
0.371772740000489	0.383658245501478	0.180022455232259	0.0530525251262087	0.00994717855171908	0.0014000538273122	9.7867840355804e-05	3.53411645729292e-05	1.35927556049728e-05	
0.340986042764447	0.383826699473065	0.196495449200888	0.063270260854418	0.0132087488568567	0.00198689195662588	0.000187802116448199	3.53830074467622e-05	2.72176980359709e-06	
0.313864164906307	0.380062799067579	0.212404592147657	0.0731262075429933	0.017350360315799	0.00291859896318685	0.000248682121395134	2.45949350830352e-05	
0.289747649463742	0.373583442681618	0.226369926149241	0.0842234825892228	0.02144220446141	0.00395551603353106	0.000582889614262631	8.94667780031015e-05	5.42222896988494e-06	
0.264889261246166	0.366104076861749	0.23937678202235	0.0960961042119914	0.0269124224693594	0.00541329405564639	0.00101347242679351	0.000191884112806238	2.70259313811602e-06	
0.244094211326348	0.357346871433131	0.248026895883934	0.109576925365545	0.0319888997679337	0.00733794580793136	0.00147137579045878	0.0001541698898091	2.70473490893158e-06	
0.22437731907161	0.350192054493422	0.255897650732854	0.119740263979717	0.0382721624356645	0.009349735040968	0.00192870589003384	0.000233947399919479	8.1609558111446e-06	
0.206104360490392	0.340891552908443	0.263925419528737	0.130488653160595	0.044778714894357	0.0112734762194592	0.00226610729501782	0.000244543952699765	2.71715502999739e-05	
0.188883374961958	0.328604760194444	0.272067512399481	0.14128965572076	0.0513252159799086	0.0143008721448292	0.00303783863812707	0.000438677059657338	5.20929008343089e-05	
0.173537314583356	0.319896706273607	0.274653393386118	0.150890880859827	0.0595618275721569	0.0170467684921098	0.0037881707760244	0.000569877435055997	5.50606217445407e-05	
0.161714179079902	0.308823367984281	0.278342791907705	0.15909065961207	0.0654041207916662	0.0205380959176281	0.00504945169540829	0.00087267697779339	0.00014819043019133	1.64656033545923e-05	
0.150671666899172	0.295114926022271	0.280013020299084	0.170295117661379	0.0723529266951691	0.023496716203981	0.00635423419579138	0.00141965025726032	0.000218828556032419	5.19717820576996e-05	1.0941427801621e-05	
0.136961095732316	0.285212676481876	0.281636086001486	0.178726091418088	0.0801439346305959	0.0272436028296982	0.00784454624389952	0.00173385702892574	0.000424618047900182	5.17163007057914e-05	1.90533739442389e-05	2.72191056346271e-06	
0.126395047766436	0.27118511083274	0.280446198841485	0.187727096866706	0.0896726558462816	0.0323177611055948	0.00936119325452976	0.00228889291714803	0.00052217060639429	6.49331324013625e-05	1.89388302837307e-05	
0.114979096179126	0.260917936340323	0.280913949529125	0.193802124862617	0.0975367971898369	0.0369803676486434	0.0113085360860289	0.00286619399607784	0.000608796845031571	7.81199491412193e-05	8.08137404909165e-06	
0.10621373379624	0.248113005558672	0.279329381824686	0.201713946548934	0.10464451328417	0.0418269087440002	0.0137272916988506	0.00363983272488773	0.000699238155637404	6.77556352361826e-05	1.35511270472365e-05	1.08409016377892e-05	
0.0987909411544299	0.236962500984244	0.275686051973511	0.207823449713958	0.112440028997863	0.0465947874440338	0.0160357097281315	0.00438769165605493	0.00106434104528065	0.000195491212398487	8.1454671832703e-06	1.08606229110271e-05	
0.0914417094941845	0.226067081417365	0.272523667838788	0.213043007844198	0.119091154990533	0.0525750608601569	0.0186150933189072	0.00512307276169867	0.00117392480389505	0.000319177711658101	1.6229375169056e-05	1.08195834460373e-05	
0.0848378025644821	0.216904592118187	0.268250743376882	0.217014921356781	0.126391561158726	0.0572178195175114	0.0212666334781965	0.00623763841610269	0.0014692625432235	0.000379424942480793	2.42186133498379e-05	5.38191407774175e-06	
0.0769212117946576	0.206974958578606	0.264784406697469	0.222015975861094	0.133766181284265	0.0625106079178846	0.023120546358285	0.00739254010803238	0.00191818096097633	0.000514568207228202	8.08222315018118e-05	
0.0709922840338855	0.196341660821238	0.263049695138402	0.223447364161226	0.141879350348028	0.0673609237576215	0.0258188096908218	0.00817190956671883	0.00229320671235094	0.000528786488965629	0.000107915609992985	8.09367074947391e-06	
0.0645261109256288	0.186550817162447	0.257102839507178	0.22964694130708	0.146413361237103	0.0733288274716416	0.0291333816491997	0.0098450363590466	0.00271166013859596	0.000616163014475759	0.000111289355037472	1.35718725655454e-05	
0.0585650858104992	0.174456333385183	0.251160467953074	0.231364972287943	0.154155989815717	0.0805709966243413	0.033991272953524	0.0114504962518454	0.00325285784847468	0.000854148075983703	0.000169192270642139	8.18672277300674e-06	
0.0544875297820717	0.165653894074187	0.245229403921397	0.231218168703141	0.161025377603882	0.086731403965114	0.0367576340466458	0.0136123193949595	0.00390718922817985	0.00113936916653916	0.000232245513563138	5.46460031913266e-06	
0.0510209910426975	0.158108766079215	0.237304594527695	0.230681141246841	0.166592770507544	0.0932070842389013	0.041487026463892	0.0151428190614009	0.00456705464416959	0.00153413866546257	0.000320972273979757	3.26412482013312e-05	
0.0462163895065686	0.150804196281189	0.231177441578107	0.233199186936415	0.169856622512039	0.0976685810949074	0.0459653765875885	0.0177646208204303	0.00518669085849147	0.0016534111837169	0.000422902200455643	8.18520387978664e-05	2.72840129326221e-06	
0.0429233172587109	0.141115261835224	0.225492087210487	0.233302995313455	0.176360796033417	0.102854037899885	0.0495958704068464	0.0196047001290498	0.00613733614073219	0.00209739862799701	0.00040752564015486	9.78061536371663e-05	1.08673504041296e-05	
0.0391668179195371	0.13417438959308	0.216343978826404	0.232486949360539	0.181852906357768	0.108208561002766	0.0554777468650021	0.0219998428776152	0.00753645645678186	0.00214553325441094	0.000522838280430949	6.50161592245739e-05	2.70900663435725e-06	1.62540398061435e-05	
0.036102453936144	0.126526759486049	0.211195286880243	0.229143441477949	0.184339509538263	0.116249359188224	0.0597358634887827	0.0244769755311618	0.00884794926669433	0.00256053467435912	0.00071065686936662	0.000100359939567042	1.0849723196437e-05	
0.0331196406474016	0.119125495390889	0.206044450259211	0.22762086992548	0.187676146553933	0.121237891202076	0.0637507427456239	0.0268805774063595	0.0102239957261463	0.00322992133710566	0.000913100124835778	0.000144460616765063	3.27080641732219e-05	
0.0306170950911028	0.110943262217609	0.199642144944956	0.229038162100145	0.190261425410441	0.12431228999918	0.0684623159505013	0.0296364083372033	0.0120659983063349	0.00352391619089245	0.00118829732018466	0.000270440079766165	3.55123337066681e-05	2.73171797743601e-06	
0.0281316914292278	0.105542383495637	0.193208139512625	0.227883929084182	0.194105115772835	0.128743440177426	0.0712685924309424	0.0324470223396313	0.0127436261359193	0.00432080027784387	0.00116770994850591	0.00033363141385883	9.02445627650934e-05	1.36734186007717e-05	
0.0263256730423802	0.100235142990888	0.186097714976214	0.223549135087471	0.197748723587237	0.134534993849269	0.0752729727081723	0.0352823348828095	0.0139833875831437	0.00495868668285089	0.00137711057163697	0.000435449983126313	0.000157850618883289	3.53803111290129e-05	5.44312478907891e-06	
0.0239201505039388	0.0961251741692736	0.178910472927182	0.220163515806709	0.199989698937906	0.140004987882698	0.0784263230087776	0.0386018747933011	0.0159422489929356	0.00556528433642184	0.00156413495475665	0.00060993130818067	0.00012469706745027	4.06620872120447e-05	5.42161162827262e-06	5.42161162827262e-06	
0.0217322519491688	0.0890005489854586	0.172581556792951	0.217190005760291	0.201231566393436	0.146235663501662	0.0845897347832319	0.0407736638424114	0.0178082228826875	0.00609022292054855	0.0019687754379038	0.000565211629837765	0.000162261711915148	4.59741517092919e-05	1.62261711915148e-05	8.1130855957574e-06	
0.0201335038556388	0.0827033181697992	0.163504449229142	0.212831803489232	0.202867580795735	0.152034665673752	0.0898803645723722	0.0455202819014316	0.0201308057178935	0.00700166744912661	0.002441814659522	0.000701515813785325	0.000151095713738378	5.93590303972198e-05	1.6188826471969e-05	2.69813774532817e-06	1.88869642172972e-05	
0.0190167503371188	0.0780924220023504	0.156810341559574	0.207648941528164	0.203292120897034	0.156027792670577	0.095603645757177	0.0494332613063422	0.0220684202260456	0.00825331838637878	0.00259947035791457	0.000831288958208098	0.000205791403334904	9.20645751761412e-05	1.89544713597938e-05	2.70778162282768e-06	2.70778162282768e-06	
0.0179304573231205	0.072607619425432	0.151733676056223	0.202055250480256	0.204340371651455	0.160727434768078	0.100827914888067	0.0522887893205229	0.0241255539584765	0.00905625310773762	0.00295353949238248	0.000940133085891754	0.000326057717650319	6.79286911771499e-05	1.9020033529602e-05	
0.0168348884889442	0.068722721245504	0.144619942113904	0.200001089108102	0.202617671323511	0.164523392680649	0.104990021047014	0.0570883239443139	0.0259643371551952	0.00980741845983778	0.00321014613107961	0.00109999918316892	0.000321286890133497	0.000141584053279168	5.44554051073724e-05	2.72277025536862e-06	
0.0146013086876559	0.0649131998450095	0.138154412045602	0.194775072720029	0.204508368942954	0.166251903272811	0.110539901875713	0.0601707078810502	0.0293035795172372	0.0115315138318134	0.00349001566277553	0.00115151415925823	0.000406577274240465	0.000130977913849277	5.45741307705322e-05	1.63722392311596e-05	
0.0133902947012808	0.059568908495553	0.13188032646189	0.189978735151505	0.204637267603632	0.170676375245311	0.114485789723994	0.0644013316496384	0.0311620228392126	0.0131279006838644	0.00461922801493459	0.00141036784361317	0.000445523175404934	0.000155796447840989	4.64656072508213e-05	1.3666355073771e-05	
0.0119602514480222	0.0565730599247852	0.125680090038156	0.186604079167696	0.202014878256334	0.174174421477394	0.118570369760356	0.0688572291306377	0.0338027395756128	0.0139559142441461	0.00526229103187021	0.00182821378572017	0.000452935847813555	0.000153723681682176	9.88223667956848e-05	8.23519723297373e-06	2.74506574432458e-06	
0.0109452270549492	0.0532585111186986	0.122671902018878	0.179353033824193	0.201538114171797	0.174300331523355	0.12339056975758	0.072981947947529	0.0371944973731455	0.0155408456599077	0.00577137003954049	0.00215049618362649	0.000616787637813488	0.000195499653056954	6.60843897657308e-05	1.92746136816715e-05	5.50703248047757e-06	
0.0105806366062401	0.0497289920493284	0.11595051687653	0.17633473487632	0.200454718742921	0.175395461652789	0.127307435176335	0.0768132117066594	0.0400351398688333	0.0175284958920609	0.00635666966865756	0.00235370819543513	0.000801144808305385	0.000221005464360106	0.000107740163875552	2.76256830450133e-05	2.76256830450133e-06	
0.00935676714992928	0.0464550919377652	0.110057350601132	0.171187124292786	0.198887243635078	0.177074124823197	0.131491999646393	0.081426250884017	0.042673156824611	0.0195561129773692	0.00750309405940594	0.00291173090523338	0.000950318246110325	0.000292830622347949	0.000157465523338048	1.93378712871287e-05	
0.00879947805797759	0.0434196048943123	0.105082299862327	0.166728407689798	0.194531219763025	0.17996771036641	0.134709697395266	0.0858135715983921	0.0458413274135672	0.0212453625119566	0.00874142306607764	0.00343077356894445	0.00116109983799893	0.000340036381128257	0.000157577835156997	2.76452342380697e-05	2.76452342380697e-06	
0.00843116624210876	0.039569719791782	0.100251965887695	0.161859009857127	0.193761767637612	0.179358179200354	0.139107320855023	0.0890879388636615	0.0490087495846716	0.0240668955587551	0.00997618783918485	0.00365212094362609	0.0013373574039207	0.000343338132683575	0.000127367371801971	4.98394063572932e-05	1.1075423634954e-05	
0.00801750688028171	0.0381768850305621	0.0944188487782119	0.158272861836167	0.190576166315363	0.179937070763454	0.139627367830552	0.0949242821873603	0.0526178395776576	0.0260687000641512	0.0111445289610566	0.00415177443228997	0.00147464362778995	0.000394349143401456	0.0001499637587583	4.72108129424278e-05	
0.00694071897732106	0.0357237165785063	0.0911660797029139	0.151442207465512	0.188491804281176	0.181234208266043	0.14241677113417	0.0977815827730076	0.0572769143959462	0.0280519567157085	0.0125805743257329	0.00455024307804348	0.00152879272628217	0.00057260236657114	0.000152879272628217	7.7829447883456e-05	1.11184925547794e-05	
0.00615145439954815	0.033377232348821	0.0874513126364854	0.148683448952715	0.183992797206121	0.181873341553913	0.146577973878688	0.0999555417613851	0.0594817679279944	0.0308215826573724	0.0137848500862602	0.00524551293343288	0.00174477615696275	0.000589980399229391	0.000167766938169495	9.50679316293805e-05	5.5922312723165e-06	
0.00553188392002284	0.0312512247971736	0.084254847397271	0.144173324897397	0.183571200609179	0.180273346733781	0.149864782392036	0.102342652056819	0.0615086141734929	0.032502617566531	0.0152798696535854	0.00615618053650316	0.00220603468065688	0.0007586743635254	0.000229561984535361	8.95851646967262e-05	5.59907279354539e-06	
0.00466338461194776	0.0285164572797668	0.0793473495499974	0.140700177878802	0.181567623265542	0.18215403689938	0.151590716792932	0.105889547595844	0.0636761432971525	0.0344280651980263	0.0166122605128606	0.00687500174527867	0.00251878617962687	0.0010192427445275	0.000349055734427227	8.09809303871168e-05	1.11697835016713e-05	
0.00476694325332739	0.0269226485493122	0.0748816617475079	0.134777524085315	0.17739321712981	0.182115609511611	0.15485326056691	0.110536281115999	0.0678342707579217	0.0357659965473075	0.0180347496797906	0.00784652224759147	0.00263407027899983	0.00102745447457816	0.00049562844573147	0.000103023890404856	1.11377178816061e-05	
0.00449782219520493	0.0254839411295585	0.0715914984747001	0.129137410838274	0.17358860960688	0.182888198584566	0.15664300174559	0.115281441533888	0.071064475291257	0.0377170136468331	0.0187664869024979	0.00824833109325243	0.00325694750402936	0.00130222130512133	0.00039317602574327	0.000128270192795677	1.11539298083197e-05	
0.0040847866195941	0.0234924225668362	0.066826437164559	0.125595289756677	0.168951702087749	0.182762704414313	0.159903017814597	0.11820403775138	0.0750800019038073	0.0407722738458868	0.0200655693643803	0.00858393130615182	0.00349124668583539	0.00140265805100524	0.000585140783752684	0.000167983000120388	3.07968833554044e-05	
0.00404102679071853	0.0217996861338415	0.0634289877816388	0.120378881291335	0.166326644994956	0.179954601502074	0.160805963457012	0.122270485371595	0.0795258379105481	0.0429155924223742	0.0218641407913911	0.0101053693532115	0.00405784104920973	0.00151328326420805	0.000739827373612824	0.000243806748122408	2.80237641520009e-05	
0.00366245964849354	0.0206044879842181	0.0609251703730273	0.115671516319943	0.161960859038737	0.178762777977044	0.161862782460545	0.124220991750359	0.0835192118005739	0.0469842853299857	0.0231881052725968	0.0113740808823529	0.00446388540172166	0.00167290620516499	0.000835052008608321	0.000218570659971306	6.72525107604017e-05	5.60437589670014e-06	
0.0033634661256883	0.0197683750585193	0.0578755824063134	0.111763492877366	0.158877098334708	0.177126758365473	0.163948770537486	0.127658447956841	0.085075907885057	0.0498667989388501	0.025088057605279	0.0118431905834095	0.00496578014579664	0.00171377934324632	0.000760750830416657	0.000225717279354393	6.13059277258845e-05	1.67197984706958e-05	
0.00307504947480591	0.0185250280241908	0.0556774934610222	0.108819662602582	0.155391023955493	0.174782380049544	0.164308944214562	0.130325634177058	0.0874935994132219	0.0525249449895515	0.0276505348814681	0.0130198314396823	0.00534189512725058	0.00200667044935579	0.000689187506054609	0.000243568275232151	0.00011071285237825	1.1071285237825e-05	2.76782130945626e-06	
0.0027668443048891	0.0167061008778719	0.0522991619308759	0.104496052893439	0.153367755345731	0.17516252791721	0.163749640669571	0.131047807531566	0.0920189947593039	0.0545767640359994	0.0298078411427813	0.0142654180394932	0.00641543020144617	0.00216980297636159	0.00076565022223205	0.000270879862017115	7.73942462906043e-05	3.04048824713088e-05	5.52816044932888e-06	
0.00252498743031421	0.0158460917946196	0.0484664983341713	0.0998585565028095	0.149416269317259	0.174511439795349	0.164930852915338	0.133655817140079	0.0945958638827345	0.058152062809753	0.0317363846821113	0.0152770027238923	0.00681801857550928	0.00277085600941483	0.000975186611488969	0.000295594808581642	0.000129840710311562	2.4863114740512e-05	1.38128415225066e-05	
0.00240140516507945	0.0145950544775915	0.0455882756538683	0.0950352663501386	0.144430112248539	0.172003732469742	0.166544995471636	0.137063973433598	0.0979389082526004	0.061898619535088	0.0335373384197382	0.0167357356533194	0.00731124955402476	0.00316162142876746	0.00110601860745945	0.000400691604687543	0.000181134561023136	5.48892609161018e-05	1.09778521832204e-05	
0.00225791707833741	0.0140401389234799	0.0432534806133871	0.090582159444525	0.139167061231974	0.169584625363662	0.168068399834693	0.140237177083647	0.101162895717073	0.0653783311119078	0.0353959291807729	0.0178060709232281	0.00781923526401209	0.00333076979919591	0.00128359164816999	0.000399582901136074	0.000134106590107313	7.11585988324516e-05	2.73686918586352e-05	
0.00197591832507536	0.0132372900757117	0.0416550836971748	0.0871965943344289	0.134763080579312	0.165958061474226	0.168857891954061	0.142598618764956	0.104494737243744	0.0676527180459939	0.0378258902534081	0.0197101259682	0.00831793479742068	0.00345036220626952	0.00148807090412572	0.000591412795229452	0.000141721038488164	4.63318779672842e-05	3.81556642083517e-05	
0.00189906795384308	0.0124928614172239	0.039976063546366	0.0832994051408726	0.131317133418404	0.163366296052398	0.165366465465654	0.14660531356481	0.107151152146767	0.0709732245080868	0.0396071798431015	0.0217477436613484	0.00978771425995098	0.00376534624517377	0.001562973913091	0.000737767406528968	0.000256852356347122	6.55793250247972e-05	2.18597750082657e-05	
0.00183942631862158	0.0114264064747806	0.0384440100591911	0.08063001724119	0.126942379284216	0.16211385774371	0.165548368675942	0.146783474813587	0.110486377263593	0.0726573395855525	0.042520947496733	0.0227073060915211	0.0107729983198076	0.00433226079221621	0.00171862817232405	0.000667135217052306	0.000329449489902373	5.76536607329153e-05	2.19632993268249e-05	
0.00147437043557194	0.0106341718356737	0.0357397296070638	0.0764307032141826	0.123860870043598	0.158021702952867	0.167156748132968	0.149029693710545	0.112723321734586	0.0764939691097388	0.0441155840404902	0.024016284091378	0.0121002901979122	0.00522631311116918	0.00185121511779835	0.00069042346889656	0.000343836388892709	7.15179688896835e-05	1.650414666685e-05	2.75069111114167e-06	
0.00138030978449535	0.00995421008259818	0.0334773337153752	0.0732390718587621	0.11918052027485	0.155071329781079	0.166912789768626	0.150277439511574	0.11661826857908	0.0788870460268568	0.0473327786379841	0.0253773122255222	0.0130289121175219	0.00568103548029821	0.00230327141684253	0.000854083898589935	0.000316837575283363	8.26532805087034e-05	2.20408748023209e-05	2.75510935029011e-06	
0.00130054418957085	0.00930219742371013	0.0315023765240752	0.0697003513122546	0.117024178549287	0.153353998760074	0.165089205758766	0.151202038988772	0.118939174760625	0.0818378452848385	0.0504484397602811	0.026925673348488	0.0133719087965833	0.00610043397396156	0.0023365709168561	0.00111042226355308	0.000374733071571261	6.06185851071158e-05	1.92877316249914e-05	
0.00113435010846705	0.0084786460662063	0.0297001010151191	0.0662973818868299	0.112838856045175	0.15097068353564	0.165300478579827	0.151094882452625	0.121891577105448	0.0852225368594786	0.0529887779378564	0.0291343059488521	0.014280115477393	0.00622374572893724	0.00267441667908656	0.00112331020473501	0.000491275716075756	9.93591335883551e-05	5.24395427271874e-05	2.75997593300986e-06	
0.00113041704117475	0.00778057778096378	0.0285609515354372	0.0646819116730724	0.110323188989187	0.147191327219891	0.163896685396666	0.151671638663571	0.122437951132898	0.0872819811523637	0.0562203265526692	0.0309844553871265	0.0159609371984406	0.00723466906351841	0.00275987184930714	0.00122140182741565	0.000457681045939046	0.000151641310401491	4.96280652223062e-05	2.75711473457256e-06	
0.00102403601971201	0.00727257752337026	0.0268088786393773	0.0633694354074867	0.106480528215899	0.144474186330629	0.161460006314431	0.152787272302983	0.124682562560914	0.0906752323298878	0.0574640695136515	0.0334253043967659	0.0170105286277094	0.00767615204052218	0.00336312097626598	0.00128210407829895	0.000518881522052465	0.000156488078079315	5.49080975716894e-05	1.37270243929223e-05	
0.000936881062675152	0.00689237647277977	0.0253998865880819	0.0588399659216362	0.103544533353788	0.140737615774666	0.160417596927468	0.1532978487348	0.127826737270608	0.0932169263178657	0.0603493854115017	0.0352617925109782	0.0189430776268967	0.00846754200213127	0.00367082053796697	0.00138888508414123	0.000580756682126117	0.000183541026898348	4.38306929906504e-05	
0.00106898674346517	0.00629300679314969	0.0237980082221294	0.0565601160771209	0.097865873766131	0.138704465011981	0.158146833161123	0.15509376305318	0.129314419504474	0.0960356805241058	0.063284564820718	0.0379696396772704	0.0199205267439049	0.00934882493899356	0.00414953723041748	0.00145920812539847	0.00067052124782905	0.000255567524787302	5.22127201178359e-05	8.24411370281619e-06	
0.000930030946162456	0.00612613304655093	0.0220409103878147	0.0550117419836271	0.0941718060707153	0.134453942892259	0.157103900094375	0.154837806992516	0.132204310515111	0.0978535214977065	0.0660376840857713	0.0401257599367908	0.0212453086934574	0.0102632618572087	0.00475440598731427	0.00165430283343941	0.00080931896494963	0.000257884687136492	8.5047077672673e-05	3.01779953032066e-05	2.74345411847332e-06	
0.000843708482283492	0.00562654942405939	0.0202709180808371	0.0521893961183931	0.0937995644491926	0.130881647970854	0.154034323595075	0.154883510703867	0.134382490309679	0.101568256838011	0.0684828313541795	0.0412047499691827	0.0224103217323417	0.0110421717275479	0.00507046883346345	0.00195586966347537	0.000898494747366835	0.000309542397720891	0.00012600840969169	1.09572530166687e-05	8.21793976250154e-06	
0.000760689326817309	0.005765368387065	0.0192498180365459	0.049600774918048	0.089629998522402	0.130280360533905	0.1507177295339	0.154318690519841	0.136105927356906	0.104821894718408	0.0714391256998068	0.0428694952634776	0.0235868417164216	0.0119302354853362	0.00543427698942149	0.00226838651773938	0.000793524837327408	0.000262684084080797	0.000125869456955382	2.7362925425083e-05	1.09451701700332e-05	
0.000615135616899006	0.00497849759276929	0.0184896096759466	0.0469389484735068	0.087483220467339	0.12619575529085	0.150530520295374	0.154172123147417	0.135365376886758	0.106702791075339	0.0736002930779473	0.0456047876688547	0.0252588353979107	0.0136396070787073	0.00650950179482903	0.00263551437640285	0.000806511142156474	0.000336274137238123	8.20180822532008e-05	5.19447854270271e-05	2.73393607510669e-06	
0.000541664386934398	0.00425945176998413	0.0173305247031789	0.0443672375116266	0.0839798654046069	0.123171198774416	0.150626470427313	0.154612354325108	0.136887891885977	0.109156316682169	0.0758384855282596	0.0464572960551513	0.026681074574602	0.0148273786726487	0.00662034250697598	0.00295179734092028	0.00111889259725338	0.00039393773595229	9.57487552661815e-05	7.38633254910543e-05	8.2070361656727e-06	
0.000571252920870589	0.00425719438648796	0.0159080337202438	0.0420224529600422	0.0796897824614472	0.120599652351794	0.148495836654308	0.156251275118127	0.139567969576702	0.109947145503559	0.0789961182003901	0.0489699765786302	0.0274908667538961	0.0150457138349297	0.00706721470677044	0.00311468854474679	0.00139276902612258	0.000375394776572102	0.000149613860228012	7.61670561160786e-05	1.08810080165827e-05	
0.000524539193677264	0.00394083850172038	0.0147767854716232	0.0395633007376163	0.0764060639992173	0.116474879192916	0.145686004859462	0.155606046605171	0.140448766381658	0.113555940881987	0.0811839909550962	0.0522419294345304	0.0300808279565801	0.0163748634295623	0.00741964766185975	0.00342173494735583	0.00154915720412456	0.000519103554364547	0.000125019704192509	9.51236879725609e-05	5.43563931271777e-06	
0.000441401870677376	0.00357725074334241	0.0142358873260795	0.0377980816620541	0.0725307221117965	0.113356333169049	0.143368952388174	0.154712709665889	0.141614176853211	0.115000081239608	0.0838771873764481	0.0548015316374114	0.0324362675274454	0.0172634167212777	0.00878470962256078	0.00378847372440275	0.00156250846245918	0.000625544982371005	0.000140815320706893	6.76996734167754e-05	1.62479216200261e-05	
0.000465315190523708	0.00321955076911491	0.0133488976333478	0.0356544402634814	0.0692001689121038	0.110629358967807	0.14114381467007	0.152491588015848	0.142854453173961	0.117743570984774	0.0870381477765734	0.0571665263548607	0.0341885629291726	0.0186744703341393	0.0090723013736212	0.00435459707201089	0.00185319171254818	0.000594419983270171	0.000231312753670745	6.72420795554492e-05	8.0690495466539e-06	
0.000431739561824569	0.00314821270547853	0.0127805636748813	0.0338392641656164	0.066895497573141	0.10583250650291	0.138958461827251	0.152401383711888	0.14386581212625	0.119782253090558	0.0898930036738087	0.0586039526963611	0.0361910380520769	0.019956557882599	0.00982006382237001	0.00464991552921616	0.00191467110026548	0.000683811107237671	0.00026011638196884	8.31299777426189e-05	8.04483655573731e-06	
0.000289070717939247	0.00311018679856856	0.0122105612522115	0.0320574073033182	0.0643744429366373	0.103859361742561	0.135469780065362	0.151842424339754	0.144331938834777	0.122046727746239	0.0923634475430327	0.0607182336708502	0.0374560706189058	0.0208157682723474	0.0107009697251955	0.00505873756393682	0.00215464748093605	0.000720000214126458	0.000313159944434184	8.56505830931102e-05	2.14126457732776e-05	
0.000280324428805604	0.0029874574841283	0.0120219133610632	0.030857045220335	0.0631797867398536	0.0998595708099507	0.132844411932743	0.150176470902324	0.144772883817538	0.123510943331749	0.0931397937880107	0.0647522732976298	0.0391279507483327	0.021694441033089	0.0112823908203094	0.00573463688642322	0.00245617594763006	0.000881019633389042	0.000296342967594496	0.000101450745662981	4.00463469722292e-05	2.66975646481528e-06	
0.000317874900332974	0.00268339395031086	0.0112766120893123	0.0298378573112552	0.0606584778560398	0.0982445358629112	0.130998895384721	0.148659495055721	0.145893983422824	0.123753996614632	0.0939929590709576	0.0661497667592919	0.0415912817510669	0.0233479114294569	0.0122487794928306	0.00607405955386258	0.00262246792774704	0.00113640276869038	0.000402641540421767	7.68197675804687e-05	2.91385325305226e-05	2.64895750277478e-06	
0.000409965310627562	0.00276463786397561	0.0106407021969936	0.0288999264164827	0.0584542205403133	0.0951566277725218	0.129280983916746	0.146885840428887	0.145950278566173	0.12560706401766	0.0968753284978451	0.0671186797014612	0.0431882686849574	0.0250814674655734	0.0126695048880479	0.00632555450436245	0.00288815305371597	0.00114580048354883	0.000517712603805319	0.00011037527593819	2.8907810364764e-05	
0.000489390434118103	0.00257257110555131	0.0104577763354863	0.027910957111602	0.0553743967674061	0.0912961780439038	0.127668093837344	0.146039863075361	0.147065751044207	0.126108325394915	0.0991578297235337	0.0692762255697342	0.0445554659939075	0.0260345242706251	0.0138992117411831	0.00661854763574696	0.00312738806829483	0.00147863954693437	0.000656882347399165	0.000180577219006145	3.14047337401991e-05	
