# <P(N_1)> as a function of N_tot.
# number_of_species: 2
# species_total_upper_bound: 100
# species_total_lower_bound: 0
# volume: 512
# Bin widths for each species index 
1	1	1	1	1	1	1	1	1	1	1	1	1	1	1	1	1	1	1	1	1	1	1	1	1	1	1	1	1	1	1	1	1	1	1	1	1	1	1	1	1	1	1	1	1	1	1	1	1	1	1	1	1	1	1	1	1	1	1	1	1	1	1	1	1	1	1	1	1	1	1	1	1	1	1	1	1	1	1	1	1	1	1	1	1	1	1	1	1	1	1	1	1	1	1	1	1	1	1	1	1	
# Bin lower bound for each species index 
0	0	0	0	0	0	0	0	0	0	0	0	0	0	0	0	0	0	0	0	0	0	0	0	0	0	0	0	0	0	0	0	0	0	0	0	0	0	0	0	0	0	0	0	0	0	0	0	0	0	0	0	0	0	0	0	0	0	0	0	0	0	0	0	0	0	0	0	0	0	0	0	0	0	0	0	0	0	0	0	0	0	0	0	0	0	0	0	0	0	0	0	0	0	0	0	0	0	0	0	0	
# Bin upper bound for each species index 
0	1	2	3	4	5	6	6	6	7	7	7	8	9	9	8	8	8	9	9	9	9	10	10	11	10	11	11	11	11	11	11	12	12	12	12	12	12	12	13	13	13	13	13	14	15	15	16	16	15	15	15	15	16	16	16	17	17	17	17	17	17	18	19	19	19	17	17	17	17	18	18	18	18	18	18	19	19	19	19	19	19	20	20	20	21	21	21	21	22	22	21	22	22	21	22	21	21	22	23	23	
# Normalized histogram for each species index 
1	
0.920794590707048	0.0792054092929518	
0.847672094042965	0.145994543587251	0.00633336236978433	
0.780314099351388	0.202061802870281	0.017177788427418	0.000446309350912556	
0.718419380081338	0.247968199502566	0.0317145302850509	0.00183470060287218	6.31895281726103e-05	
0.661207421929496	0.284968903965754	0.0495150193478277	0.0041368372359407	0.00016961473225103	2.20278873053285e-06	
0.609014566188538	0.314913740897961	0.0677354096758811	0.00781992809059765	0.000503190284916871	1.24334808773064e-05	7.31381228076848e-07	
0.560470267682148	0.339276692874934	0.0869338233299287	0.0122046987173518	0.00105952476098368	5.132645900959e-05	3.66617564354214e-06	
0.515732488940847	0.35670833798415	0.107458098589481	0.018018487730656	0.00193792187802915	0.00013218110573901	1.24837710975732e-05	
0.474113904699186	0.36930241309563	0.127564355096665	0.0255068441601204	0.00319864527964627	0.000282968389858413	2.79293475704408e-05	2.93993132320429e-06	
0.436029559529444	0.378035287994883	0.14656391449555	0.0336744255892068	0.00505344580225384	0.000588893902666143	4.78476295916242e-05	6.62505640499411e-06	
0.402423272493632	0.381182796887353	0.164780761185199	0.0432818807919108	0.00726141766746023	0.000957873461968371	0.000102418777856618	9.57873461968371e-06	
0.370497083090594	0.384431101652144	0.18111505942179	0.0524162118599678	0.0100286438226243	0.00136570572604634	0.000110931449506722	3.01204597998385e-05	5.1425175268017e-06	
0.340675577628355	0.382993456816533	0.19780100224428	0.0630442085732537	0.0132304478195637	0.0020016951557213	0.000216121327867081	2.71989426227279e-05	9.55638524582331e-06	7.35106557371024e-07	
0.313731130805516	0.379025090081617	0.213091247054137	0.0734955355661035	0.0173170614767853	0.00293719550200448	0.00036807146044707	3.02423444455509e-05	2.95047262883423e-06	1.47523631441712e-06	
0.289375734597855	0.373092808954817	0.226543899015132	0.0848644286993335	0.0214327559716588	0.00407727140420107	0.000558570707461488	5.30568482021466e-05	1.47380133894852e-06	
0.265895418038774	0.367193884343599	0.23763558943662	0.0960650284988823	0.0267438601807835	0.00546954933590874	0.000881924375168717	0.000112539140451054	2.20664981276576e-06	
0.244394929120458	0.358831271503465	0.247856830538343	0.108116881682913	0.0320757716955882	0.00723591131996861	0.00130585012020593	0.000171512445325807	1.10415737334211e-05	
0.225226115168533	0.35029144879576	0.256988762984713	0.118302335644921	0.0380221437686279	0.00916255743645959	0.00172134295712713	0.000260965912986298	2.359013902701e-05	7.37191844594062e-07	
0.208242598546082	0.339110646837125	0.26488099623113	0.129431516476652	0.0442709637876113	0.0114480535362256	0.00217837157700253	0.000374234954723464	5.81979555573891e-05	4.42009789043461e-06	
0.190264791822885	0.329258932383082	0.271022131974905	0.140426005678798	0.0512249377522077	0.0143230750741186	0.00287700190153457	0.000524968055841265	6.85702657208394e-05	9.58509090721411e-06	
0.174577917122293	0.319332601381369	0.275234093132899	0.149865321330108	0.0589769435131187	0.0172748528783925	0.00395224566451186	0.000673946368911164	9.95435008785636e-05	1.25351075180413e-05	
0.161297093779898	0.307271700167116	0.278948961622339	0.160220306788545	0.0654350639259418	0.0206519201351066	0.00495970150462937	0.00101786567855625	0.000171608323519252	2.50415579384316e-05	7.36516409953872e-07	
0.149179785764057	0.294758216905035	0.280605978292962	0.170149427798708	0.0735277183990174	0.0239590837693243	0.00615603557214224	0.00138547707061283	0.000225868931064212	4.57642932221605e-05	6.64320385482976e-06	
0.136714158864903	0.284716649534105	0.281114021804409	0.178446131909673	0.081058755475972	0.0279721310327803	0.00787066205377045	0.00171767748781377	0.000327176664345481	5.08450221617977e-05	1.10532656873473e-05	7.36884379156488e-07	
0.125810788238852	0.271363051381992	0.282204711199345	0.187097733140939	0.0889105875791105	0.032294665923973	0.00954513446115832	0.00222808103209894	0.000474607749571933	6.32810332762578e-05	7.35825968328579e-06	
0.115231725690128	0.259915198164123	0.281294504955851	0.194729214828619	0.0968884158866914	0.037218011079733	0.011263732826377	0.00274012528179572	0.000613087391817307	9.49439058156454e-05	8.09599196877597e-06	2.9439970795549e-06	
0.106597141764974	0.249387131005636	0.278713336708233	0.201301451846429	0.10474340676938	0.0414632994416656	0.0134535998028193	0.00341081335574739	0.000781490987394307	0.000125451811007585	1.84487957364095e-05	4.42771097673828e-06	
0.0981787074097221	0.237507516691858	0.276923792933793	0.207202135848599	0.112311565584706	0.04668179608674	0.0156583587829682	0.00429208645636182	0.00102020161725227	0.000192811456989748	2.8072166151764e-05	2.95496485808043e-06	
0.0913674833093927	0.225869442689788	0.273177864992847	0.213698946269041	0.119776649866342	0.0515578146658402	0.0179273320620907	0.0050637667738199	0.00125225783641208	0.000278854816495779	2.58883781892633e-05	3.69833974132333e-06	
0.0841420506412131	0.216474051622014	0.269161799591727	0.217400199114325	0.127074230647653	0.0573354721875102	0.0203597351838558	0.0061410816575529	0.00152289962451883	0.000339735124771417	4.57903863822345e-05	2.95421847627319e-06	
0.0770937936602946	0.206238592508346	0.264985929068927	0.221945043290347	0.134188635352172	0.0626730266930692	0.0230921212380648	0.00731112736462126	0.00196321409144887	0.000441354145370837	6.34723352874448e-05	3.69025205159563e-06	
0.0709256009540691	0.195675912417399	0.261412430716055	0.224647180849962	0.141342947020162	0.0682119489466473	0.0264351727178838	0.00842874518008647	0.002305272534113	0.000506035434317488	0.000101355050440784	6.65836097786169e-06	7.39817886429077e-07	
0.0653798228861235	0.185740658702419	0.256257287760415	0.228396003751483	0.147124233072023	0.0738747401593936	0.0297740664628934	0.00995654383472137	0.00273138222608763	0.000637841089411838	0.000112603769559349	1.33346569215018e-05	1.48162854683354e-06	
0.0599218388211406	0.175953192348338	0.249857510953845	0.231232263082276	0.153975741239892	0.0796610244962419	0.0334737938895947	0.0114852108244179	0.00337520928078654	0.000873487538145505	0.000170690003206004	1.48426089744351e-05	5.19491314105228e-06	
0.0554790148768298	0.166311322846103	0.244371160464144	0.231713431698851	0.160511754614882	0.0859088941095252	0.0369830342543508	0.0132699715377783	0.00408112253931224	0.00110620291942349	0.000221686933415065	4.01714577329312e-05	2.23174765182951e-06	
0.0512751261547959	0.158211209950814	0.237870701443666	0.232818573784881	0.165657700358153	0.0919266124478668	0.0408406906627273	0.0149946317897472	0.00463587804554112	0.00136078750568541	0.000334632042019694	6.75199907401156e-05	5.9358233617684e-06	
0.0472223065514425	0.149808926441308	0.231538503117672	0.233074940375128	0.171371620115703	0.0975182280694869	0.0449787379297119	0.0169570841604796	0.00542751089019324	0.00157271939028246	0.000410210236448438	9.99609781959191e-05	1.92517439488437e-05	
0.0437606615244982	0.140743948984328	0.224770804939556	0.232651833412663	0.176412199296968	0.103845096363921	0.0494724300737031	0.0194908188937735	0.00636291607661811	0.00187140242838855	0.000474502511463449	0.000129342584900473	1.40429092177656e-05	
0.0397071110234493	0.133423753053697	0.21777929462276	0.232226504354404	0.180938429636984	0.109336944212362	0.0541077811931414	0.0218691617781659	0.0076546498562814	0.00221986323278572	0.000571771761123509	0.000139618685855741	1.69906337284764e-05	8.12595526144522e-06	
0.036216755922665	0.125767937356237	0.212610075633297	0.230736533561215	0.184631142853137	0.114615918783314	0.0585790917362745	0.0243895059446192	0.00887246686753878	0.00262122617595423	0.000738695777626742	0.000175633961114051	3.91117644497676e-05	5.90366255845548e-06	
0.0332632577324461	0.118820247958303	0.205487466168701	0.229926516646772	0.188110883927622	0.120186796043068	0.0631012811572963	0.0268611646239851	0.00984948765526941	0.00325312311637967	0.000892318965619128	0.00019722612899032	4.50591530652043e-05	5.1707224828923e-06	
0.030692394234271	0.11186778979156	0.198002102350333	0.228661993627943	0.191384795855578	0.12579752283148	0.0672486173316107	0.0297269086807272	0.0114632018514866	0.00370238224511218	0.0011353873724536	0.000268149392453257	4.5799620749592e-05	2.95481424190916e-06	
0.0284112094329941	0.10590337383112	0.191327493087319	0.226020474086216	0.194922456152009	0.13050624079386	0.0716637317769188	0.0323871544121176	0.0127769225373691	0.00438203035303586	0.00130611822991077	0.000318223265738577	6.4973659825974e-05	9.5983815652007e-06	
0.026377112695828	0.0998689308480928	0.183491640832104	0.223472165167819	0.198328166420881	0.13542236184543	0.0760777371583262	0.0356443075795503	0.0142491525574	0.00502333237777469	0.0015020495255208	0.000406358700952505	0.000112302768263238	2.21650200519548e-05	2.21650200519548e-06	
0.024135612754514	0.0945499275983333	0.177291734389314	0.219855048908065	0.200218682585183	0.141020715742191	0.0801087502585774	0.0389890363190402	0.0156993409970744	0.00576996956174828	0.0017162150181743	0.000503856496941399	0.000109341292591389	2.5118945595319e-05	5.17154762256568e-06	1.47758503501877e-06	
0.0224585383097181	0.0883097180899638	0.171276548737738	0.216561109965535	0.201132647951218	0.146318525937491	0.0852888325919816	0.0419072377529679	0.0176274781276696	0.00631425457330545	0.00207603028249919	0.000556750228297051	0.000117830736147524	4.78687365599317e-05	4.41865260553215e-06	2.20932630276608e-06	
0.020368674104893	0.083414815387049	0.164326678659059	0.212929712072219	0.201935704589849	0.150771596422883	0.0902931514609751	0.0454107026585589	0.0199794731440301	0.00730726643344038	0.00237934954145652	0.000687171450748421	0.000134638517651993	4.78224243026203e-05	7.35729604655697e-06	7.35729604655697e-07	5.15010723258988e-06	
0.0185339604216669	0.0784478093086733	0.157927284813403	0.20904954350793	0.202554384912231	0.154306526189468	0.0957927431879147	0.0492184926349475	0.0219098545813921	0.00835112828839004	0.00277365993693821	0.000861805261424067	0.000204421384535743	5.36789966586663e-05	1.25005882629771e-05	1.47065744270319e-06	7.35328721351593e-07	
0.0173314812602944	0.0734326315804996	0.151568437490323	0.204578867197811	0.203491364119624	0.158536567383165	0.100339300960394	0.0528202088300826	0.0240128052565844	0.00932303486350546	0.00326324652478254	0.000945943355466786	0.00027869570410479	6.56188298024505e-05	8.11019244749388e-06	3.68645111249722e-06	
0.0162542580331205	0.0689771872649787	0.145720584548685	0.200398891068084	0.203570111925442	0.161565629009187	0.104793328712784	0.0570030820049253	0.0260746464542197	0.0103468361523602	0.00376623951159807	0.00112957692477843	0.000281656909442142	8.77412885434946e-05	2.94928700986537e-05	7.37321752466341e-07	
0.014530506312669	0.0649919984410247	0.139357778932574	0.196013835906036	0.203604244664643	0.165072014030778	0.109295833284123	0.0606088566333219	0.0288270186958935	0.0117698208359415	0.00413955191269738	0.00132719585218079	0.000327739131461776	9.89122603961215e-05	3.02641990764252e-05	4.42890718191589e-06	
0.0135359246799282	0.0602307594438576	0.132734021558063	0.191251616262934	0.204201691861136	0.168884312559362	0.113770116370931	0.0641763642442695	0.0312504623177728	0.0129929786875205	0.00476446203964245	0.00164733068813596	0.000408319056960508	0.000108737140168831	3.62457133896104e-05	6.65737592870394e-06	
0.0124883549816943	0.0566689610566853	0.126919573718158	0.186529458187709	0.202360749316133	0.171650536709251	0.119217543776368	0.0684816082882861	0.0335495202549146	0.0143211473532431	0.00528031116675666	0.00182982548790402	0.000503628498697538	0.000139443531303589	5.26621846944407e-05	5.19204637832514e-06	1.48344182237861e-06	
0.0114488768999326	0.0539147318417952	0.121374102372183	0.181481261903527	0.201335418226013	0.173731834384426	0.122212258872528	0.0731167416388146	0.0363897761210621	0.0159108930702021	0.00606792698923217	0.00211132437619962	0.000652146525467063	0.000197867184431484	4.15002334388131e-05	9.63398276258161e-06	3.70537798560831e-06	
0.0107723810546506	0.0502804921850989	0.11644776550483	0.176941505807947	0.199603793217088	0.175785470689955	0.125991535245741	0.0766582364725007	0.0396266028786089	0.0174471693432225	0.00697323937925135	0.00239279273941813	0.000733908265169721	0.00025253553826728	7.62790628783867e-05	1.33303216680676e-05	2.96229370401502e-06	
0.00974528460542858	0.0473454582632294	0.111006155813425	0.17223164350365	0.197898770244951	0.176452328192499	0.130244091448909	0.080776066635995	0.0425617192714966	0.0194957552373311	0.00796573666394771	0.00293751356701569	0.000903850328312519	0.000299307813637916	0.000110388277802103	2.07441058956972e-05	4.44516554907796e-06	7.40860924846327e-07	
0.00898745219381289	0.0440923058027407	0.106504305053971	0.167885636576052	0.195559767999876	0.17860517287176	0.133192162189958	0.0843926718266643	0.0453353221595042	0.0214509108424321	0.00903924454201136	0.00337686110254071	0.00109577810974207	0.000326291793650406	0.000117642619479398	2.51562834106889e-05	1.10983603282451e-05	2.21967206564902e-06	
0.00845991950670162	0.0409230882841635	0.10108998264594	0.163002621570727	0.193694199313222	0.180087878004652	0.137300889857106	0.0876874792305136	0.0484813351548942	0.0236044751320016	0.0101266477125872	0.00369899937229997	0.00133884724735074	0.000366281431156076	9.96935346896577e-05	2.43695307019163e-05	1.25540006646236e-05	7.38470627330798e-07	
0.00768210587392465	0.0388131368450968	0.0958901473661774	0.15861920437658	0.19048144157159	0.181006844327083	0.140292423282553	0.0925952788352803	0.0515322766860668	0.0257150723213281	0.0111486746517149	0.00419925517617037	0.00142244773503692	0.000435171315401512	0.000127295010627653	3.10836653858223e-05	6.66078543981906e-06	1.48017454218201e-06	
0.00693454622350667	0.0361945323484784	0.0919469187420469	0.152864228767311	0.187821880251828	0.18232825942593	0.143550894271542	0.0965531313416114	0.055023019933296	0.0275103969964645	0.0122530597405296	0.0045743074543033	0.00169765051994257	0.000524579946503233	0.000156557805816382	4.82287079529139e-05	1.48396024470504e-05	2.96792048941009e-06	
0.00633745064215432	0.0334606380017831	0.0877099894475047	0.148677812522791	0.184888945777439	0.182776214169516	0.147513168293696	0.099549918958622	0.058315559795737	0.0295380567036624	0.0133550832813647	0.00514229496680206	0.0018418494996867	0.000656368185342897	0.000157766502599426	6.54879822110827e-05	7.4418161603503e-06	5.95345292828024e-06	
0.00586280514167638	0.0316748017902241	0.0832704687560566	0.144210097889837	0.183070842663629	0.181723105639325	0.149995378335426	0.103300166678097	0.0616485328451265	0.0319125938868795	0.0144076665960993	0.00589038604316933	0.00203427784254734	0.000723812306747332	0.000196048029530946	6.26161006866899e-05	8.19972747087606e-06	4.47257862047785e-06	3.72714885039821e-06	
0.00520352327944955	0.0297259000693952	0.0789689257009029	0.138917151352387	0.18035899167481	0.18277254394223	0.152593450611997	0.106660673782099	0.064541279719378	0.0344270347669297	0.0156746728324802	0.00654595923794957	0.00240237151262941	0.000846010445806509	0.000263865813053308	6.70845287423663e-05	1.56530567065521e-05	5.96306922154367e-06	6.70845287423663e-06	2.23615095807888e-06	
0.00495288203928174	0.0274569715578178	0.0749356296740682	0.13414738662066	0.176855001881737	0.182752851484337	0.154937418256207	0.110634238678834	0.0682500586878514	0.0363067269319482	0.0172709962775134	0.00739355141614717	0.00274323785534097	0.000896526797059273	0.000349518759618287	8.42124090338303e-05	1.93763065033592e-05	1.04333958095011e-05	1.49048511564301e-06	1.49048511564301e-06	
0.00462066826330875	0.0255497528982633	0.0711211588877588	0.129264630003549	0.173786934775282	0.182494400319726	0.156463716159589	0.114985072490135	0.0716035814093597	0.0386012580267055	0.01864969414263	0.0080647326022184	0.0031927870749537	0.00111173412628584	0.000353428555237752	0.000112590109368988	1.7149486857528e-05	5.21940904359549e-06	0	1.49125972674157e-06	
0.00425166567236574	0.0241184717657212	0.0673260241611381	0.123829762707652	0.170306157355045	0.18178715173581	0.158991337231193	0.117910366204647	0.0753899668175459	0.041354185457956	0.0202582886895962	0.00888583154870665	0.00362364674646524	0.00135708976478857	0.000443879884456494	0.000132490285917031	3.06898402406682e-05	2.99413075518714e-06	
0.00395762162291691	0.0225610641920985	0.0639577114837674	0.119357674640819	0.165529677294709	0.180460806441226	0.160874136399785	0.12152406997764	0.078837170641262	0.0444234602717692	0.0223176910554007	0.0100090010618557	0.00395013321871083	0.00151041112836772	0.000503220762649038	0.000185712424310954	3.66931806098257e-05	3.74420210304344e-06	
0.00355090124435084	0.0208717496258859	0.0610880842209962	0.115390434361879	0.161325959402436	0.178294788466349	0.16284488530911	0.124530952983701	0.0823897468007436	0.0473982776518664	0.024030186779952	0.0111372920277361	0.00453955124277799	0.00177432715626812	0.000590943067241681	0.000174511704267822	5.99181817228574e-05	7.48977271535718e-06	
0.00320866827162481	0.019649629898648	0.0576789010404771	0.1113786041357	0.158435577653891	0.177200858140919	0.163856242675662	0.127474362478425	0.0849454676156637	0.0501667983331399	0.0259291846538045	0.0120648922269356	0.00499908270276949	0.00203527663063623	0.000684416056071197	0.000213412008731172	6.81420799808304e-05	1.04833969201277e-05	
0.00301695515351066	0.0184468245781379	0.054817604557029	0.107172495288575	0.155259279620726	0.175971621648875	0.165176614003781	0.129959134039008	0.0873034665479505	0.0531436762334297	0.0278278445763901	0.01298807036624	0.00566566101494883	0.00211836712437638	0.000781315942206523	0.00025545894095089	7.02138609631101e-05	2.39025909661651e-05	1.49391193538532e-06	
0.00271971351952872	0.0170064193896766	0.0522761180940809	0.102703517640447	0.151338921533578	0.175420775655728	0.165895061152505	0.132601707508395	0.090948444113395	0.0553578132428553	0.0298325107269711	0.0139948815051271	0.00629027045625359	0.002368927198404	0.000803823123087935	0.000312722273513319	9.32942343416823e-05	2.83614472398714e-05	6.71718487260113e-06	
0.00246076822783687	0.0157165636314707	0.0493666932299428	0.0994758660584695	0.146790303932085	0.173532242325661	0.165967299588282	0.135692619409878	0.0951238621462879	0.0580371552893099	0.031582965013258	0.015155976625311	0.00674120784135984	0.00280666233802055	0.00102948225466305	0.000351857801738565	0.000122255676875264	3.80185336624297e-05	8.20007588797504e-06	
0.00226718642909934	0.014724033443983	0.0463632166900719	0.0950935550005258	0.143429373040916	0.170531946073778	0.166489791321896	0.137994091891154	0.0985733878551894	0.0614400064435825	0.0338481984444416	0.0166250394333824	0.00748842728111396	0.00325609735179201	0.00121190064055474	0.000446725220733718	0.000158106422029296	4.32555305551847e-05	1.56614852010152e-05	
0.00220571605156673	0.0137359007718887	0.0432454704445246	0.0912927586080775	0.139705800025528	0.168274114895786	0.166876041743643	0.140432827922051	0.102184741222109	0.0646838361694139	0.0359759379145048	0.0177397792492504	0.00802791070544845	0.00355377804450396	0.0013495548633613	0.000485929323035513	0.000175412274828488	4.55325479342032e-05	8.95722254443342e-06	
0.00197858161221289	0.0130553645679861	0.0414423182815286	0.0870598232596072	0.135445407815509	0.166017060894774	0.167217306152578	0.142371559619374	0.10515353912368	0.0676125760105723	0.0386459626219964	0.0192485705696589	0.0088124640968173	0.00362529131805234	0.00146663571179827	0.000574450923139657	0.000193467927482268	6.47373449652204e-05	1.48821482678668e-05	
0.00182256914747233	0.011930150426861	0.0395898811435676	0.0830897183214561	0.131902229587337	0.163698902972116	0.167168237893861	0.144995501065576	0.107177005808929	0.0702916778243702	0.040960702382692	0.0208390049084005	0.0098887542958704	0.00403012542865981	0.00160670930949331	0.000661673455248398	0.00024627307975613	7.86293567896079e-05	2.07700187746134e-05	1.48357276961524e-06	
0.00178407301272441	0.0110501254043837	0.0373371987012245	0.080128245547792	0.127632805875794	0.162355095067724	0.167065641275957	0.146503179804145	0.110539086777163	0.0725520552446925	0.0428808068609291	0.0223992035838726	0.0105746198737574	0.00449393526448419	0.00166241481144092	0.000683956473069399	0.000241090947665461	8.23418313565112e-05	3.04145503208735e-05	3.70909150254555e-06	
0.00158903889878119	0.0103792456668988	0.0351430060754749	0.0770698716739708	0.124055672794614	0.159447430286487	0.167238918681306	0.148486774592605	0.112651719800464	0.0764357411975413	0.0441574603891215	0.0238407812725083	0.0115635994255699	0.004964632746379	0.00188902568154175	0.000729175793739781	0.00025097904102245	7.20265295241942e-05	3.04442032009481e-05	4.45524924891923e-06	
0.00140222574572577	0.00989278057876515	0.0331330577874377	0.0736996193428468	0.121018985349747	0.15618523335293	0.16657610470744	0.14974271495846	0.115470209569281	0.0787488197252855	0.0472792812052758	0.025381844851033	0.0126118662889788	0.00547677159976959	0.0021779408882792	0.000801696032495412	0.00029989370104458	7.42311141199456e-05	2.4496267659582e-05	2.22693342359837e-06	
0.00126074081338213	0.00896039773140946	0.0308521181485757	0.0703600354820161	0.11795095814816	0.154395059857329	0.165478732335142	0.150823084706627	0.118168634670447	0.0814414791899759	0.0499511899402244	0.0272697420718942	0.0132908975553366	0.00613208878824755	0.00225997263070621	0.000944255494289149	0.000327629168356817	9.50941803847451e-05	3.12027779387445e-05	6.68630955830239e-06	
0.00109073536219027	0.00839227242230182	0.0295115244215499	0.0665564043180638	0.113598453355089	0.151538657578196	0.165274641665942	0.152147180917184	0.120931939748016	0.0844309415171178	0.0522832256343614	0.0289616986940153	0.0145362034236311	0.00656001533567975	0.0026517946237446	0.000969625100584673	0.000409397264691306	0.000114423191946391	3.19493328161999e-05	8.91609287893952e-06	
0.00107102220645419	0.00782224742468517	0.0280788919559033	0.0640921064253168	0.109388255569798	0.147694927154903	0.163919095145813	0.153316494855308	0.123177202590939	0.0876887370473484	0.0551914146028645	0.030865182574773	0.0156756680528846	0.00734722718065836	0.00295996989559203	0.00111407091606912	0.000380016195221445	0.000152897141046128	5.64086539781832e-05	7.42219131291884e-06	7.42219131291884e-07	
0.0010041158367014	0.00744187771144648	0.0261255515591976	0.0612925952018985	0.105786643924506	0.144442878860914	0.162338981793912	0.154159961437206	0.125882309318106	0.0904290110868034	0.0580340390819089	0.0327939486076606	0.0168890207275019	0.00795431792057548	0.00347435944973859	0.00127553858133412	0.000453112833252994	0.000146093663094664	6.08105602729059e-05	1.40902517705514e-05	7.41592198450072e-07	
0.000943101515920945	0.00697184464438262	0.0250610351020311	0.0585411389172247	0.101223515059273	0.141032910837673	0.160732184338593	0.154185253564021	0.128708187808969	0.0934884540389766	0.0605332002824863	0.0353300337118077	0.0183719728588116	0.00869518870173267	0.00389232949035505	0.00148201666787577	0.000524850058703258	0.000188768356797363	7.92086830483054e-05	1.25845571198242e-05	2.22080419761604e-06	
0.000917828485789916	0.00642849436222744	0.0234445319739816	0.0562713106915934	0.0980081200478276	0.137458487105323	0.158861922237314	0.155220167987739	0.129267496013136	0.09669271368333	0.0635585141524423	0.0374565657252397	0.0200355603113818	0.00959951049147425	0.00424181602933504	0.00155557887486938	0.000627404496324991	0.000241650495050968	8.64621037338327e-05	1.9952793169346e-05	4.43395403763245e-06	1.47798467921082e-06	
0.000853766440547919	0.00618038199949883	0.021917034599347	0.0537658491945397	0.0945367078913891	0.13444936499735	0.156699035872235	0.156078854016287	0.132454286535845	0.0983878967703974	0.0661044374418348	0.0392155993107776	0.0212872432509948	0.0104610412698131	0.00474191490572718	0.00171344641488318	0.000765802625461163	0.000259456294919757	8.27894730228285e-05	3.91771613411599e-05	4.43515034050867e-06	1.47838344683622e-06	
0.00081270424005122	0.00573185941252882	0.0206876898993002	0.0510582549063873	0.0917556410038156	0.130888312380417	0.154484861718152	0.155394527939484	0.135285649256686	0.102154258370373	0.0683692993201559	0.0416758879237923	0.0220858668660185	0.0111928174117072	0.0051767335654993	0.00201103590183895	0.000803082058702708	0.000273862084534564	0.000113245672794022	3.55280542098894e-05	7.40167796039362e-06	1.48033559207872e-06	
0.000727694712060391	0.00537693770948085	0.0193572721674557	0.0488422466055117	0.0884897518798163	0.12787937756166	0.152767722367424	0.154813715340946	0.13716897115676	0.105151885892727	0.0711266003540657	0.0430999794733773	0.0237679024385183	0.0120588350808134	0.005666681734344	0.00229201603299673	0.000884793774134529	0.000326795690446673	0.000133385996100683	5.18723318169322e-05	1.11154996750569e-05	4.44619987002276e-06	
0.000600350426767624	0.004919908806029	0.018258805880766	0.0466590869337065	0.0858782756156927	0.125224946116696	0.151564765211101	0.154656199322271	0.137355730604234	0.107299668250801	0.0739972665526248	0.0452827279923392	0.024701084781339	0.0129883220724393	0.00633110289561611	0.00272455329481208	0.000996137004414428	0.000368363163090752	0.000114881871788866	5.26233090129646e-05	1.85293341594946e-05	4.4470401982787e-06	2.22352009913935e-06	
0.000513380917512595	0.00436299591891846	0.0172657718110847	0.0439089060460989	0.0827455789519759	0.121892357672188	0.149590445179895	0.154756897072319	0.138853216828508	0.109859806948002	0.0766903548931062	0.0478015500839437	0.0265696881210926	0.0138842830509367	0.00661756905232999	0.00287626852196002	0.00118552414188602	0.000414710885678527	0.000135022148825567	4.97059558863351e-05	1.92888784036524e-05	2.96751975440807e-06	3.70939969301008e-06	
0.000497978075625974	0.00408312380461178	0.0162354191352522	0.0419731788415637	0.0789762104313068	0.118844839072308	0.147411143889728	0.154787444134937	0.140142294270955	0.111695296700821	0.0792437254391952	0.0504410292436143	0.0283506625257418	0.0150593905548676	0.00704283278385306	0.00321314424987236	0.00131386179774532	0.000446105359414935	0.00016376957546628	5.1872716211039e-05	2.59363581055195e-05	7.41038803014842e-07	
0.000467490835695522	0.0038044849438269	0.0149367032249447	0.0398057315860554	0.0763560944479898	0.115712886421988	0.145308766566243	0.154148795654561	0.140575978391535	0.113914901826925	0.0818873272881079	0.0526580193229545	0.0305508971371752	0.0162300945370357	0.00787313931226904	0.00350172897404313	0.00143586470963625	0.000564699247562369	0.000154346180674077	7.71730903370386e-05	2.74558109852926e-05	3.71024472774224e-06	3.71024472774224e-06	
0.000464390437556521	0.00357365847082969	0.0139924468043346	0.0379341069223801	0.0727182098081927	0.11275355384596	0.142933007050291	0.153523627252238	0.141748700336331	0.116130198191766	0.0843487090760556	0.055100999365259	0.0326480550039736	0.0171313410218219	0.00861159109644286	0.00385658853007465	0.00162647751335585	0.000599930230336176	0.000185904305943679	7.70280789567435e-05	2.74042203980722e-05	9.62850986959294e-06	4.44392763211982e-06	
0.000471379076097011	0.00332259348771676	0.0134568736245277	0.0360186894033688	0.0701163425719686	0.109810604771215	0.14004176551814	0.152001622076821	0.143029139662886	0.117773729163491	0.0872236290416871	0.0575940871155893	0.0342989327740918	0.0183726839895394	0.0091893019889681	0.00431345154563497	0.00188699630148725	0.000697078633725878	0.000257519495261789	8.9539824501944e-05	2.51599506864967e-05	8.87998259523411e-06	
0.000439011685089171	0.00319925154041453	0.0127593765886505	0.0343668676774511	0.0679095739225583	0.106352978675837	0.137876969004299	0.151034776365972	0.143227008884268	0.119610393730766	0.0894846002817053	0.0597815861529074	0.036449037383874	0.0196846936915865	0.00999323405520627	0.00457014853351651	0.00200543489087793	0.000817520919460171	0.000296609575472011	0.000109199545198651	2.28728777105282e-05	6.64051288370175e-06	2.21350429456725e-06	
0.000340550999723579	0.00307527872477656	0.0122480420160324	0.0323014834607942	0.0650135446420345	0.103987468902608	0.135392610338155	0.150214687183267	0.143685985441813	0.121529531005252	0.0920468073343776	0.0615667557357413	0.0379449000276421	0.0212512669308025	0.0108312908873123	0.00498074265180135	0.00219220492029853	0.000877913940845849	0.000363401824380356	0.000126785220676311	2.57993181608772e-05	2.94849350410025e-06	
0.000326687979868957	0.00282393798814652	0.0115635772333796	0.0308771645837855	0.062401083073663	0.100067324212068	0.133541069608821	0.149637810454751	0.144696286867364	0.123312939860716	0.0937042664420074	0.0643288364683852	0.0394034265448699	0.022372240351116	0.0114142131344755	0.00553677263178807	0.00246487552378605	0.000994779614375743	0.000353176194452926	0.000127290586750742	3.89965381375106e-05	1.32441072919847e-05	
0.000326773628119862	0.00263989032155259	0.0109377375075176	0.0297474150003047	0.0598458362798034	0.0965678488528777	0.130458312864086	0.149186480530534	0.145115395150092	0.124900958217769	0.0957042852873295	0.0663614821276855	0.0418196811717441	0.0237428577932573	0.0122800795124684	0.00600455720704744	0.002617860638758	0.00114187189151997	0.000418563973097351	0.000118225964331006	4.47936883490148e-05	1.54207779562182e-05	3.67161379909957e-06	
0.000317779972963016	0.00257232980423873	0.010311336305151	0.0284035115787867	0.0581867606845259	0.0940547990647141	0.127586824387301	0.14677691845898	0.146174384145348	0.126675316935985	0.0978622875167513	0.0686558861217486	0.0432444968288054	0.0252946987255042	0.0129533868886772	0.0062073510654069	0.00284167218317043	0.00116910738321036	0.000505659125569325	0.00013283643211618	4.2566370512367e-05	1.32102529176311e-05	1.61458646771047e-05	7.33902939868397e-07	
0.000268071705141689	0.00227310117099596	0.00970125795401799	0.0268137805014189	0.0563934734454779	0.0912897994676757	0.125555973372034	0.144493586843481	0.146398732057557	0.127624164938277	0.100597395958801	0.0705601450084314	0.0456191942278654	0.0266110742257502	0.0138266244410889	0.00683105460143246	0.002967884275281	0.00131318413368038	0.000600039953700712	0.000188017415113075	3.96599235004142e-05	5.87554422228359e-06	2.35021768891344e-05	4.40665816671269e-06	
