# <P(N_2)> as a function of N_tot.
# number_of_species: 2
# species_total_upper_bound: 100
# species_total_lower_bound: 0
# volume: 512
# Bin widths for each species index 
1	1	1	1	1	1	1	1	1	1	1	1	1	1	1	1	1	1	1	1	1	1	1	1	1	1	1	1	1	1	1	1	1	1	1	1	1	1	1	1	1	1	1	1	1	1	1	1	1	1	1	1	1	1	1	1	1	1	1	1	1	1	1	1	1	1	1	1	1	1	1	1	1	1	1	1	1	1	1	1	1	1	1	1	1	1	1	1	1	1	1	1	1	1	1	1	1	1	1	1	1	
# Bin lower bound for each species index 
0	0	0	0	0	0	0	1	2	2	3	4	4	4	5	7	8	9	9	10	11	11	12	13	13	15	15	16	17	18	19	20	20	21	22	23	24	25	26	26	27	28	29	30	30	30	31	31	32	34	35	36	37	37	38	39	39	40	41	42	43	44	44	44	45	46	49	50	50	51	52	53	54	55	56	57	57	58	59	60	61	62	62	63	64	64	65	66	67	67	68	70	70	71	73	73	75	76	76	76	77	
# Bin upper bound for each species index 
0	1	2	3	4	5	6	7	8	9	10	11	12	13	14	15	16	17	18	19	20	21	22	23	24	25	26	27	28	29	30	31	32	33	34	35	36	37	38	39	40	41	42	43	44	45	46	47	48	49	50	51	52	53	54	55	56	57	58	59	60	61	62	63	64	65	66	67	68	69	70	71	72	73	74	75	76	77	78	79	80	81	82	83	84	85	86	87	88	89	90	91	92	93	94	95	96	97	98	99	100	
# Normalized histogram for each species index 
1	
0.0790546938594694	0.920945306140531	
0.00630731803791997	0.146003244593382	0.847689437368698	
0.00044181491204841	0.0171858395209316	0.202104394156981	0.780267951410039	
6.17405136394507e-05	0.00184527827281954	0.0316388915288547	0.247761212666934	0.718692877017753	
2.08000676695535e-06	0.000176107239602219	0.00409275998177914	0.0494764276299779	0.28502402061148	0.661228604530393	
6.90758480441864e-07	1.31244111283954e-05	0.000506325966163887	0.00783734571909339	0.0677779128594362	0.315179279456014	0.608685320829684	
6.93454826618957e-06	5.75567506093734e-05	0.00106792043299319	0.012218674045026	0.0871658847963497	0.339365003415265	0.560118026011491	
1.45928693681079e-05	0.000134115418478325	0.00194293632158237	0.0180590232923042	0.107519566605678	0.35647461292414	0.515855152568449	
2.78139745752458e-06	2.64232758464835e-05	0.000278139745752458	0.00320416987106832	0.0254567402299938	0.12752359668068	0.369072668180674	0.474435480618527	
6.26869289394904e-06	4.52738931229653e-05	0.000572540617647346	0.00501565083659189	0.0336092486901914	0.14671945370431	0.377839892011317	0.436191671553925	
9.06617049142828e-06	9.76356822153815e-05	0.000947066117489201	0.0072368962453501	0.0432540020168742	0.164876679159385	0.380910968810979	0.402667685797216	
4.87136804716598e-06	2.92282082829959e-05	0.000107866006758675	0.00136328714348545	0.00999187177445844	0.0523630310487081	0.181076405320091	0.384245856553521	0.370817582576647	
6.95860811137113e-07	9.04619054478247e-06	2.64427108232103e-05	0.000215716851452505	0.00202008393473104	0.0131789079021258	0.0629496565578967	0.1974345003615	0.383241166568898	0.340923783061217	
1.39529562128328e-06	2.79059124256656e-06	2.99988558575905e-05	0.000359986270291087	0.00295105023901414	0.0172751550871083	0.0732509271739403	0.212809790510315	0.379143679171306	0.314175226805303	
1.39294584365854e-06	5.15389962153661e-05	0.000557178337463418	0.00402352406940771	0.0214151494004065	0.0847844346659646	0.226575177983655	0.373190389230857	0.289401214370187	
2.08637886692936e-06	0.000107796241458017	0.000876279124110333	0.00548648096040192	0.0267313815027213	0.0961584201382852	0.237679585060971	0.367197812362212	0.265760158230973	
1.04383915691199e-05	0.000172581407276116	0.00129923180396979	0.00722893410800117	0.0320966622895011	0.108098591304263	0.2480280138594	0.358809271796927	0.244256275039092	
6.96922390722569e-07	2.23015165031222e-05	0.000259255129348796	0.00174579058876004	0.00914292484388938	0.0379676349241748	0.118370874219447	0.257034734611954	0.350342885816236	0.225112901427297	
4.17697276683372e-06	5.63891323522553e-05	0.000384977656676508	0.00217341816300915	0.0114268051658015	0.0442515456539643	0.129418628045448	0.264685714126592	0.339376948818857	0.208221396264533	
1.04412689065277e-05	6.68241210017771e-05	0.000527632122076532	0.00286995678010757	0.0142871362870987	0.0511608254727981	0.140328565849951	0.270857652788828	0.32944639696173	0.190444568347502	
1.3910604888743e-06	1.18240141554315e-05	9.59831737323266e-05	0.00066353585319304	0.00396034921182513	0.0171489937068423	0.058994875333159	0.149790784502473	0.275027264785582	0.31949112225196	0.174813876106589	
6.94943452451274e-07	2.36280773833433e-05	0.000168176315493208	0.00100419328879209	0.00495147209871533	0.020587699778869	0.0655866782119939	0.160203229263235	0.278819652444881	0.307411015965631	0.161243559611554	
6.27143611706123e-06	4.32032265841996e-05	0.00022855900515512	0.00136159846363752	0.00617388044412917	0.0239352843538818	0.0734649963277257	0.169944072726361	0.280820275971062	0.294802094380933	0.149219763664414	
6.95737356365023e-07	1.04360603454753e-05	4.93973523019166e-05	0.000339519829906131	0.00171429684608342	0.00787644261140842	0.0280027328563358	0.0808641614555939	0.178378709323715	0.281267828269757	0.284634501337207	0.136861278319989	
6.94814046916624e-06	6.25332642224961e-05	0.000482895762607053	0.00221993087989861	0.00953493316583683	0.0322845346899809	0.0887152471384084	0.187173176842682	0.282138971147152	0.271317937180472	0.126062891788271	
2.78129689092727e-06	8.34389067278181e-06	9.24781216233317e-05	0.000610494667558536	0.00272636627733146	0.0112489552753553	0.0371080631187516	0.0967912177769372	0.194840972397019	0.281432479150703	0.259925405617385	0.115212442409771	
4.18245252045045e-06	1.81239609219519e-05	0.000129656028133964	0.000784209847584459	0.00340312220080652	0.0133943041967426	0.0413616671255747	0.104660297720912	0.201480588192239	0.278789040580246	0.249451227375546	0.106523580318773	
2.79108972516139e-06	2.79108972516139e-05	0.000195376280761298	0.0010264232464281	0.00426618064490919	0.0156308002333351	0.0465309545805969	0.112220646807133	0.20732842473687	0.277100085686455	0.237426140788148	0.0982442650083872	
3.49291775994993e-06	2.79433420795994e-05	0.000282227755003954	0.00125186172516605	0.00502281573880799	0.0179361326973429	0.0514038735060791	0.119754685399883	0.213524856999947	0.273174112170164	0.226010640824664	0.0916073569231027	
2.78925050746926e-06	4.67199460001102e-05	0.000342380499791852	0.00150968183716774	0.00613286455329804	0.0203001651933613	0.0572521559163141	0.126963196536867	0.217313296287438	0.269106191648008	0.216773576314243	0.0842569820170047	
3.48504913919286e-06	6.6912943472503e-05	0.000444692270161009	0.00194883947863665	0.00729281382867498	0.0229873841221161	0.0624513835645083	0.13416951279013	0.221897957761204	0.265405311214888	0.206346971492298	0.0769847354847703	
6.98464007800446e-07	9.0800321014058e-06	0.000104769601170067	0.000498004837561718	0.00230493122574147	0.00840810972590177	0.0263306961660612	0.0679570556389444	0.14128669642589	0.224893536623611	0.261531466152783	0.195655833257084	0.0710191218491416	
1.39825330197517e-06	1.46816596707393e-05	0.000113957644110977	0.00062851485923784	0.00272170005229467	0.00989613774472928	0.0296709350679132	0.0737564634258884	0.147055698022031	0.228750744569883	0.256313812785069	0.185618125837204	0.0654578300786657	
4.90158664359653e-06	1.75056665842733e-05	0.000164553265892169	0.000875983555877037	0.00335758685086362	0.0114522070794316	0.0333321896297832	0.0796045679986612	0.15394693262209	0.231448019723985	0.250026433556542	0.175949454838531	0.0598196636251154	
2.10526906742194e-06	4.07018686368242e-05	0.000222456764790919	0.00110386274768491	0.00405264295478724	0.0132372301395934	0.0369741388747758	0.0857609424868561	0.160452380217208	0.231870826304074	0.244706651808145	0.166206782334828	0.0553692782295529	
5.60015064405232e-06	7.21019395421737e-05	0.000326908793846554	0.00135453643703016	0.00461522414952962	0.0149489021254672	0.0407620965003959	0.091825670110526	0.16586246170022	0.233020868261356	0.23807080410463	0.157925648199937	0.0512091775268755	
2.02716116350663e-05	0.000105552184720517	0.000410325380337376	0.00155951605371837	0.00541112226438096	0.0169631448120053	0.0449072119403987	0.097479190142125	0.171642531798469	0.233157086815623	0.231515785294274	0.149739404937326	0.0470888567649863	
1.53478984889994e-05	0.000128364241907995	0.000482063538904481	0.00188779151414693	0.00636798260943575	0.0195392700399952	0.049524877897003	0.103859229075059	0.176368980222838	0.232431365244405	0.22496042683901	0.140707440451898	0.0437268604269088	
7.66436224841731e-06	1.74190051100393e-05	0.000140745561289118	0.000576220689040101	0.00222266505204102	0.00765600112596449	0.0219967196529577	0.0541194553564834	0.109364178443075	0.180688733526847	0.23213611349945	0.217876915916372	0.133399618454112	0.0397975493550091	
5.56580978705907e-06	3.75692160626488e-05	0.000174627282068978	0.000740252701678857	0.00262288786215159	0.0089101657428582	0.0245271322791226	0.058617021498636	0.114582630359962	0.184493375642764	0.230763343855033	0.212456004012949	0.125820696046257	0.036248727690669	
4.8719240759352e-06	4.24553383760067e-05	0.000199052897959638	0.000899217986586897	0.00325722923933953	0.0098955737873781	0.027002291196294	0.0631296961868146	0.120232822291697	0.188059053287714	0.229830930314782	0.205378743377663	0.118773333036378	0.0332947291349412	
2.78340257047227e-06	4.45344411275564e-05	0.000274861003834137	0.00113284484618222	0.00374367645728521	0.0115010194211914	0.0297427440174241	0.0671969048563416	0.125790312367353	0.19134848896033	0.228536834853767	0.198095456791154	0.111947755533752	0.0306417830476866	
9.0347169423182e-06	6.46329750488917e-05	0.000328724701055116	0.00132323854293645	0.00440268706381429	0.0127841244733802	0.0323797305430421	0.0716286258751513	0.130306332502603	0.194755833299743	0.226023598680653	0.191644415780454	0.105922326453512	0.0284266943916647	
2.08585228967482e-06	2.08585228967482e-05	0.000111245455449324	0.000416475173838406	0.00150529006904866	0.00500743606341269	0.0142227314791961	0.0355512664252177	0.0760300112427438	0.135182001041536	0.198219238371895	0.223518540793361	0.183724650810945	0.100022874846777	0.0264652938513942	
1.39155410153614e-06	4.87043935537648e-06	2.36564197261143e-05	0.000116194767478267	0.000513483463466834	0.00173387641051403	0.00578051573778111	0.0156981218194292	0.0389878670397887	0.0802467503732844	0.140881633016569	0.199944059525118	0.219875984698471	0.177433584601619	0.0946034140388327	0.0241545960944643	
2.08235289217993e-06	4.16470578435986e-06	4.65058812586851e-05	0.000123552938269343	0.000577505868764568	0.00207471759824194	0.00633104690985772	0.0176291995851953	0.041998975482377	0.0853875744614688	0.146286678910902	0.20098245409453	0.216525136081761	0.171381807732193	0.088259139099785	0.0223894582967186	
4.85145872968018e-06	6.93065532811455e-07	6.93065532811455e-06	4.78215217639904e-05	0.000149009089554463	0.00071455056432861	0.00237305638434642	0.00733748479587487	0.0199880099662824	0.045485197852883	0.0905497049273494	0.150833238036823	0.201989098079169	0.212861217092382	0.164083264893112	0.083217764655737	0.0203581069608037	
6.92971879201142e-07	1.38594375840228e-06	1.17805219464194e-05	6.23674691281028e-05	0.000217593170069159	0.000879381314706249	0.00276842265740856	0.00838773162585062	0.0219235513422865	0.0492931686832148	0.0960770861918423	0.1544412567738	0.202562610009286	0.20886518925062	0.1577030754092	0.0783162169279171	0.0184884897370865	
3.47559403115383e-06	8.3414256747692e-06	7.09021182355382e-05	0.000282913354135922	0.000950227408117458	0.0032510706567413	0.00935629913186612	0.0240337327254288	0.0529110532926735	0.100529471994706	0.158562160651688	0.203367433544904	0.204423319011569	0.151592204381612	0.0733204365624151	0.0173369581462016	
6.95225124323633e-07	2.78090049729453e-05	8.75983656647777e-05	0.000287823201469984	0.0011207029004097	0.00376672972358544	0.0104012630850059	0.0261342076484497	0.0571336007169162	0.104865672077604	0.161534167186347	0.203642562516381	0.200432708117379	0.145445962584374	0.0688634390145045	0.0162550586318109	
4.17658024394013e-06	2.85399650002576e-05	9.88457324399164e-05	0.000330645935978594	0.0013323290978169	0.00412089250735426	0.0117716914175453	0.0288887094506266	0.0606690046234743	0.10940343119989	0.165168434520271	0.203549814768666	0.195746570679571	0.139236047785647	0.0650815616511971	0.0145693040842778	
6.27724498692241e-06	3.41761115954664e-05	0.000115082824760244	0.00041848299912816	0.00162650392327812	0.00476094158674804	0.0129945945945946	0.0312404533565824	0.0642427201394943	0.113759023539669	0.168823714036617	0.204036965998256	0.191095379250218	0.132841848299913	0.0603947689625109	0.0136090671316478	
1.39714172745397e-06	4.88999604608891e-06	5.5187098234432e-05	0.000150192735701302	0.00050786101792952	0.0018197771000088	0.00530564571000647	0.0143283869859042	0.0335823971319475	0.0683935804131907	0.119106332265451	0.171591358398987	0.202093058021899	0.186522612040288	0.127135705773129	0.0569048839883367	0.0124967341812121	
3.48985325167077e-06	9.073618454344e-06	4.88579455233907e-05	0.000197525694044565	0.000667957912369785	0.00210926730530981	0.00608700204156415	0.0159514212427367	0.0364117328866321	0.0730670575302309	0.122042960093528	0.173606937828264	0.201082552478668	0.181438866495664	0.121751208361688	0.0540438674553735	0.0114802212566962	
2.78904435486964e-06	1.32479606856308e-05	8.29740695573717e-05	0.000260775647180311	0.000757922803435824	0.00239439457865558	0.00700329037507766	0.0173743518086604	0.0395897873562858	0.0764902386933885	0.125879333390509	0.175676325824529	0.199451534427615	0.177186593342691	0.11662598148214	0.0504217383695107	0.0107887208257245	
6.97368549515259e-07	4.18421129709155e-06	2.09210564854578e-05	0.000117855284868079	0.000291500053697378	0.000915644905513535	0.00294150054185536	0.00794930409592444	0.0195040035928428	0.0424167446557161	0.0806346332748009	0.130117813442755	0.176395887757137	0.197958523308149	0.172404847548261	0.11123516522753	0.0473436534580414	0.00974712021657478	
2.08937510969219e-06	1.0446875548461e-05	2.57689596862037e-05	0.000117005006142763	0.000315495641563521	0.00108717151540984	0.00338687705281105	0.00903097568245956	0.0213394844536563	0.0451590571625172	0.0840527748294373	0.133085533445324	0.178652018754231	0.195846879448628	0.168220465289908	0.106584596012358	0.0441227271081098	0.00896063338709992	
6.9529376509222e-07	1.18199940065677e-05	2.71164568385966e-05	9.80364208780031e-05	0.000367810401733785	0.00132592521003086	0.00368158048616331	0.01010261840679	0.0233841199075816	0.0482916284544802	0.0874046839159779	0.137195365727997	0.180316094451486	0.194076653356426	0.163266100743895	0.101072073456396	0.0409583651140525	0.0084193122015017	
1.39420234895212e-06	7.66811291923665e-06	3.5552159898279e-05	0.000126175312580167	0.000430111424651728	0.0014123269794885	0.00419654907034587	0.0110560246271903	0.0255285421104877	0.0513854188741537	0.0923338389640519	0.140138946206097	0.181378754586926	0.190807047971714	0.158651164995483	0.0960159273676344	0.0388389919359336	0.00765556509809608	
2.79619186629729e-06	1.46800072980608e-05	5.24285974930742e-05	0.000153091504679777	0.00052079073509787	0.00169239512707643	0.00456198702986403	0.0122172613118194	0.0274187583929446	0.0547794958046636	0.0962064763997911	0.143747330510578	0.182446625940132	0.187943939149273	0.153060047521281	0.0919443809475875	0.0362945704245388	0.00694294440401617	
5.60778191896895e-06	7.71070013858231e-06	6.37885193282718e-05	0.00015631692099126	0.000640689084242203	0.00184285733312117	0.00514724282887363	0.0132792275841185	0.0295200649941924	0.0580910128985994	0.0994512084419549	0.147565276333969	0.183012766816511	0.184970583678971	0.148566966379244	0.0877673948137831	0.0335142076659781	0.00639707722406383	
3.5090206393576e-06	4.21082476722912e-06	9.12345366232975e-06	6.17587632526937e-05	0.000191592526908925	0.000717945622812564	0.00202751212542082	0.00587129333377313	0.0143729485388087	0.0318240099824619	0.0614506712405581	0.10326837200391	0.150245034911246	0.181786919634304	0.182804535619718	0.144271278174804	0.0833476618342774	0.0318380460650193	0.00590357632365522	
2.10368650022299e-06	6.31105950066897e-06	5.60983066726131e-06	1.54270343349686e-05	6.31105950066897e-05	0.000249637464693128	0.000857602863257573	0.00239609892375399	0.00649478145502178	0.0156430128156582	0.0342949985554686	0.0645614374630102	0.106706692808478	0.152564954826839	0.182576847667853	0.180191968405434	0.139057183808907	0.079242364319233	0.0298232622848279	0.00524659413155614	
1.40077308666653e-06	1.40077308666653e-06	9.80541160666572e-06	1.82100501266649e-05	7.9143679396659e-05	0.000336885927343301	0.000909101733246579	0.00272730519973974	0.00736736604932262	0.0172190031678483	0.0361805680555098	0.0682211512533767	0.110546910840093	0.154930406091122	0.182563456771792	0.17691273814018	0.134459508202577	0.0750191030429694	0.0274936737585473	0.00500286107902952	
1.40184524890113e-06	0	4.90645837115395e-06	1.68221429868135e-05	0.000107942084165387	0.000349760389600832	0.00111236420500305	0.00318288963763001	0.00804939541919028	0.0186487473461317	0.0385619591067722	0.0716497125165856	0.114837760944732	0.156429808557004	0.182233574053527	0.174060115329809	0.129409241384434	0.0711029928695141	0.025641852370275	0.00459875333902015	
2.81414077598525e-06	3.23626189238304e-05	0.000128043405307329	0.000452373129739629	0.00135993352999487	0.00366401129033279	0.00888142828900944	0.0203842287108491	0.0413671658717892	0.075357061699333	0.117673296547823	0.158868799832277	0.181711884046143	0.170518639109662	0.123872145142125	0.067341685234133	0.0241523632098934	0.00423176419188782	
8.44763452154006e-06	3.66064162600069e-05	0.000181624142213111	0.000511785858096635	0.00152127818342067	0.00398798746371037	0.0100125588166554	0.0223658163653208	0.0445014346899296	0.0786967552635803	0.121158086216558	0.160758484944907	0.180561852172028	0.16576370839892	0.119290455017754	0.0640837554804029	0.02259953425375	0.0039598286819719	
2.1117376714995e-06	9.85477580033098e-06	6.05364799163189e-05	0.000176682051848791	0.000590582635462692	0.00178512224497424	0.00457613553413941	0.0111014049390728	0.0240829603183374	0.0474120302879495	0.0822226179775044	0.124305326295146	0.162862136613941	0.178377073286448	0.161317752463518	0.115405055922333	0.0612199790093275	0.0209428064008177	0.00354983102579065	
4.2230799766886e-06	1.33730865928472e-05	7.10885129409247e-05	0.000222415545438933	0.000708069742758122	0.00204467455538006	0.00501209208566659	0.0120850471999572	0.0259803880165883	0.0501708939697233	0.0848444921183251	0.127370907483579	0.163790749202542	0.177101897289064	0.158427437632147	0.111439338271522	0.0578519726006571	0.0196162064917185	0.00324473311542241	
3.51059744049362e-06	2.87868990120477e-05	7.8637382667057e-05	0.000276635078310897	0.00078637382667057	0.00213725172177251	0.00568997633155206	0.0129906147688026	0.0278748457970074	0.0530465315648348	0.0872860905214571	0.130000231699431	0.165217843102975	0.175878825410266	0.155232299743235	0.107184156814175	0.0548657231584986	0.0183849987958651	0.00303666678602698	
7.72039264513285e-06	2.94778628268709e-05	9.75576888794061e-05	0.000322852783341919	0.000815554204876762	0.00239683098937534	0.00632159786861015	0.0140384812443588	0.0298189638110104	0.055324333695022	0.0910030755236883	0.132595638118526	0.16574840784448	0.175322396578322	0.151366018200475	0.102754916837334	0.0522488100067518	0.0170494343759607	0.00273793197351484	
9.11827667376489e-06	3.78759184910234e-05	0.000122746032146835	0.000354911384378849	0.00102475401695158	0.0028042207801317	0.00674542052089208	0.0152338346982692	0.0316123638220449	0.0581107772419037	0.0950510202650192	0.135568433367842	0.165911953920438	0.173457678570928	0.146817581159676	0.0994067508914869	0.0494961100028898	0.0157549792804698	0.00247946984936607	
1.54401350871455e-05	4.07058106842928e-05	0.000157208648160027	0.000434429255406504	0.00120362871247521	0.00325857032770985	0.00750039653074201	0.0166978042724257	0.0339311005026466	0.0614678796062485	0.0984168246941099	0.137890933693042	0.166472027387992	0.170370661497497	0.143353934216603	0.0952537024742115	0.0464523482339995	0.0148063877242504	0.00227601627670968	
8.42771792147193e-06	4.2840899434149e-05	0.000173470527216964	0.000489509949272161	0.00134843486743551	0.00358739859523988	0.00809131151443984	0.0177747594062111	0.0360383264518675	0.064529631505057	0.102234539175896	0.140421231387912	0.166552073113262	0.168170897264012	0.139869918173882	0.0912967659334786	0.043337432481689	0.0138038996455442	0.00222913139022933	
1.40174306750444e-05	6.23775665039477e-05	0.000197645772518126	0.000576817272278078	0.00147813806468343	0.00366625899305787	0.00886602490196559	0.0192907880949961	0.0386285345827537	0.0676733518129794	0.105242869508233	0.142249587361885	0.167069550986652	0.165920822542832	0.135486877932709	0.0870776810964434	0.0414201059016888	0.0130670488752764	0.00201150130186887	
1.39799625197205e-06	1.95719475276087e-05	8.10837826143788e-05	0.000246047340347081	0.000656359240300877	0.00161678266540567	0.00406467410260873	0.00986565955016675	0.0208671910550608	0.0409515042090172	0.0703457734029815	0.107192760616209	0.144927475449438	0.167015816230597	0.163662023222116	0.131912829341705	0.0832066399229984	0.0395954478446043	0.0119291020180775	0.00184186006197317	
3.49391360250444e-06	2.86500915405364e-05	8.24563610191047e-05	0.000237586124970302	0.000671530194401353	0.00167498218104063	0.00446871549760318	0.0104936201137618	0.022458177854178	0.042872416250891	0.0725189719508616	0.110528559249787	0.146406160468464	0.167004877503389	0.162298575880816	0.127811552275935	0.0801957989182844	0.037371598675108	0.0110792000335416	0.00179307646080528	
4.1949065444737e-06	2.93643458113159e-05	7.34108645282898e-05	0.000245402032851711	0.000729913738738424	0.00189959351355584	0.00492202367884914	0.0114730693991356	0.023848043705333	0.0441388066609523	0.0763927439303198	0.112745104893638	0.148292043800418	0.167135563998193	0.159337931883108	0.124210483630776	0.0772680810959333	0.0352707742259349	0.0103928809639336	0.00159056873144628	
2.09694893929333e-06	2.37654213119911e-05	7.75871107538531e-05	0.000293572851501066	0.000828993814000629	0.00216964316918883	0.00546814385069724	0.0125858875336386	0.0253143675951491	0.0472750148533883	0.0786984936916786	0.115534896725265	0.149722853248523	0.166245412924195	0.15626114004124	0.121093209380352	0.0738734141823647	0.0331618495089645	0.0099430328871492	0.00142662426169923	
6.29675339395008e-06	3.00844884377615e-05	9.02534653132845e-05	0.000333727929879354	0.000964102908540357	0.00225983482916208	0.00609105944974771	0.0132588637298609	0.0270669442835274	0.0498996717292564	0.0814226184979025	0.118176768058389	0.150743576611899	0.165425506608793	0.154424378790296	0.118073921086288	0.0704928538845371	0.0309779277804364	0.00899176384656071	0.00126984526777993	
8.39829178745043e-06	3.42930247987559e-05	0.000115476512077443	0.000406617294042392	0.000985399569727517	0.00264196262480212	0.00653946987182807	0.0144695568921281	0.0287690483755604	0.0522401743485375	0.0843566418590459	0.12099978864299	0.151992984626927	0.165458245792806	0.151574469752852	0.113439226461338	0.0668958933752875	0.0295731848142088	0.00839969150274834	0.00109947636650705	
6.98941941688672e-07	6.98941941688672e-06	5.45174714517164e-05	0.000154466169113196	0.000379525474336949	0.0011231997002937	0.00299985881372778	0.00730604011647169	0.0155954915448993	0.0307359718857593	0.0551458202572945	0.0876906538881441	0.123109536783218	0.153270279450967	0.164031888527148	0.14754314918077	0.109579418676008	0.0642691094221567	0.0280695083782171	0.0078603010762308	0.0010735748224338	
6.98089051031706e-07	1.32636919696024e-05	5.86394802866633e-05	0.000146598700716658	0.000447475081711323	0.00129774754586794	0.00345065417924972	0.00795681900365938	0.0168490773357013	0.0327543382744076	0.0578534320152016	0.0904297575815961	0.125647652117095	0.154193211502832	0.162393663585302	0.144431134213205	0.106064858057553	0.0613592352294828	0.0261511139406987	0.00749468405187639	0.00100594632253669	
2.08988890847192e-06	1.18427038146742e-05	7.66292599773038e-05	0.000186000112854001	0.000527348634571082	0.00149775371773821	0.00390460911066171	0.00871483674832792	0.0183213594309372	0.0352835944417315	0.0604437670108249	0.0933539442821684	0.128443875685048	0.154204543000509	0.160637917690422	0.141043815914225	0.10154421891447	0.0587042828093401	0.025158082680185	0.00699207165811089	0.000947416305173938	
1.39149988380976e-06	4.17449965142928e-06	1.87852484314318e-05	8.27942430866807e-05	0.000244208229608613	0.000628262197540107	0.00155639262004122	0.00424755339532929	0.00958395544973972	0.0199708063324377	0.0373582931305825	0.0634656139506212	0.0964058949501078	0.129002475478293	0.155132756046415	0.158848060736187	0.13773065849949	0.0983672140363376	0.0563821837920877	0.0235810527809821	0.006473257459483	0.000914215423663012	
1.39160348207023e-06	4.1748104462107e-06	3.68774922748612e-05	7.93213984780033e-05	0.000260229851147134	0.000754944889023101	0.00172419671428502	0.00472310221814637	0.0104377219172678	0.0212191698946069	0.0391632009941615	0.0659376519891928	0.0979487068872544	0.132324791903094	0.155817841887404	0.15683719143802	0.134728786918371	0.0948948330458513	0.0539608166207554	0.0220694396221518	0.00623090459096947	0.000844703313616631	
1.39397301825826e-06	6.96986509129129e-06	3.34553524381982e-05	0.000109426881933273	0.00027252172506949	0.000793867633898078	0.00201498799789231	0.00520927716923111	0.0112235737565064	0.0220512591758274	0.0415857000671895	0.0680914000228612	0.101759333346344	0.135045318062824	0.155340868222155	0.154700337620265	0.130992341512238	0.0920977063567958	0.0512828733687031	0.0208106231895775	0.00577732117417135	0.000799443525971111	
4.18774790595156e-06	1.04693697648789e-05	4.95550168870934e-05	0.00013400793299045	0.000328738210617197	0.000878729102265502	0.00229000014657118	0.00567439841256436	0.012100497574247	0.0237885019797578	0.0430270158596993	0.0708008579299543	0.104782338312798	0.136944242230506	0.154941786814317	0.153010537071689	0.128201620518848	0.0885352723536749	0.0490203810711003	0.0194011380902892	0.00534705611791581	0.000728668135635571	
2.09419551828198e-06	4.18839103656396e-06	1.74516293190165e-05	5.44490834753314e-05	0.000118671079369312	0.000371370671908671	0.000990554480147375	0.00272873676032142	0.00630562270554704	0.0129895967347303	0.0247813136330034	0.0451634205472691	0.0737052112659342	0.107068538132857	0.13729126978753	0.154778500430357	0.151840344118208	0.12550792967133	0.0859332188971827	0.0465888696300464	0.0182530081373457	0.00489692718691602	0.000608712830647295	
3.4922712544867e-06	2.79381700358936e-06	1.88582647742282e-05	5.02887060646084e-05	0.0001313093991687	0.000414881825033019	0.00117899077551471	0.00287274233394076	0.00661994939000498	0.0139229870373876	0.026520307906572	0.0477037268820374	0.0765212508198107	0.109882918113922	0.138842228264628	0.154832639884671	0.149684333601307	0.122034625171034	0.0827724163653419	0.0439055326656576	0.0172022297453506	0.00437022824786465	0.000511268511656852	
6.97660465395343e-07	2.6511097685023e-05	4.8836232577674e-05	0.000162554888437115	0.000459060586230136	0.00131229933540864	0.00319668025244146	0.00705195198421613	0.0150569081641623	0.0284303616253256	0.0503843411503863	0.0792039973154025	0.111687766244675	0.14010766296302	0.154588303582766	0.147623559156724	0.119059246722042	0.0790916739804739	0.0417863735748541	0.0161361889041289	0.00409875523419764	0.000486269344380554	
3.49591921350208e-06	3.49591921350208e-06	2.58698021799154e-05	7.48126711689445e-05	0.000153121261551391	0.000567038096430037	0.00143332687753585	0.00347843961743457	0.00788120027491909	0.0162581218943128	0.0305543339260082	0.0527722988954993	0.0818205908243308	0.113622967909559	0.140469529917727	0.154277711627218	0.145546303799575	0.115781348431975	0.0764333793163241	0.0396849757278329	0.0148961117687324	0.00380425928813296	0.000457266233126072	
4.18670470055292e-06	9.07119351786467e-06	2.58180123200764e-05	7.53606846099526e-05	0.000184912790941087	0.000602187692762862	0.00159722784326094	0.00382036803925454	0.00861135378492061	0.0171529291581653	0.0326618789372469	0.0551535543727339	0.0843320949991208	0.115841234575482	0.141782056900108	0.153634617907373	0.143052023992609	0.112812153724632	0.0727705099685439	0.0378889797558872	0.0139466111416585	0.00357893473485599	0.000461933085294339	
8.36866770810087e-06	2.37112251729525e-05	8.57788440080339e-05	0.000253152198170051	0.000684138585137246	0.00184110689578219	0.00430149520196385	0.00922296920330283	0.018477320910511	0.0343826712787324	0.0575848024994421	0.0871331733987949	0.117770168489177	0.143103520419549	0.151938043963401	0.140146591162687	0.109898041731756	0.0699048761437179	0.0359734155322473	0.0134568176746262	0.00333351930372685	0.000476316670386075	
2.08682586829346e-06	6.26047760488039e-06	2.15638673056991e-05	0.000109906162396789	0.000290068795692791	0.000799254307556396	0.00196718118517797	0.00455275843599357	0.0100167641678086	0.0198547569195668	0.0364804986122608	0.05969504517978	0.0895213517066758	0.119684332806989	0.143179905258106	0.151161318595705	0.137955188892522	0.106297344861887	0.067758540334866	0.0342044671985754	0.0127957206157528	0.00320745135956705	0.000438233432341627	
2.77994381733545e-06	2.57144803103529e-05	0.000127877415597431	0.000350967906938601	0.000872902358643332	0.00217044113538465	0.00495177492462877	0.0108424758735626	0.0213145242334652	0.0379747275307566	0.0615722806242086	0.0920995386683235	0.121610032261248	0.143803018740991	0.150397740461665	0.135296390659945	0.103979628571707	0.0648192550028564	0.0321493552615302	0.0122185480631436	0.00307948276365335	0.000340543117623593	
1.24941520427244e-05	3.95648148019607e-05	0.000131188596448607	0.000360248050565222	0.00100161452209174	0.0024634303110905	0.00550297985526219	0.0114529727058307	0.0224221440797849	0.0394502850749024	0.0643948596282018	0.0937519522112567	0.123350598400471	0.145042528705314	0.149481423278271	0.133441014414087	0.100058028395043	0.0621778417601761	0.0307279787099649	0.0115730553893525	0.00284589018750946	0.000317906757531544	
3.4646337119947e-06	1.73231685599735e-05	4.71190184831279e-05	0.00012403388688941	0.000415756045439364	0.00115788058654863	0.00260679040490481	0.00597441437296366	0.0123292455275043	0.0238346011582963	0.0417779391527169	0.0664218787461352	0.095728522389156	0.125069119442554	0.145201413016213	0.148984100102969	0.130482263154175	0.0965551839928379	0.0596866308100175	0.0296205394573275	0.010998133255356	0.00264282259550956	0.000320825081730709	
6.92401858960511e-07	1.86948501919338e-05	1.38480371792102e-05	4.15441115376307e-05	0.000134325960638339	0.000504760955182212	0.00117569835651495	0.00284992605148146	0.00623715594551628	0.0130496978358287	0.0253072879450067	0.0432273404567637	0.0687728146412527	0.0979686314261817	0.126759393123619	0.146150799585667	0.146542006635979	0.127536960411231	0.0939949371576073	0.0581693725731315	0.0283538561244329	0.0103043244650503	0.00257158050417934	0.000314350443968072	
4.853086667115e-06	2.4265433335575e-05	9.70617333423e-06	4.64509723852436e-05	0.000183030697159766	0.000590689977197426	0.00134014521821904	0.00301376682027841	0.00689484955777981	0.0139401448022402	0.0264971599043526	0.0457354887508918	0.0707538438179649	0.100621819061676	0.127916271775627	0.146206168827792	0.144097156021883	0.125428024911587	0.0912629880731929	0.0563117511947259	0.0268757006643876	0.00966734864089308	0.00231214914783265	0.000266226468596023	
