# <P(N_2)> as a function of N_tot.
# number_of_species: 2
# species_total_upper_bound: 100
# species_total_lower_bound: 0
# volume: 512
# Bin widths for each species index 
1	1	1	1	1	1	1	1	1	1	1	1	1	1	1	1	1	1	1	1	1	1	1	1	1	1	1	1	1	1	1	1	1	1	1	1	1	1	1	1	1	1	1	1	1	1	1	1	1	1	1	1	1	1	1	1	1	1	1	1	1	1	1	1	1	1	1	1	1	1	1	1	1	1	1	1	1	1	1	1	1	1	1	1	1	1	1	1	1	1	1	1	1	1	1	1	1	1	1	1	1	
# Bin lower bound for each species index 
0	0	0	0	0	1	2	2	3	3	4	5	5	7	7	8	9	9	10	11	12	13	13	14	14	15	16	16	17	18	19	21	21	22	23	24	25	25	26	26	28	29	29	30	30	30	31	31	32	35	35	36	37	37	38	39	41	41	42	44	44	45	47	48	49	49	50	51	52	53	54	54	55	55	56	57	58	59	59	60	62	62	63	64	66	66	68	68	69	70	70	71	72	74	75	75	77	77	78	79	80	
# Bin upper bound for each species index 
0	1	2	3	4	5	6	7	8	9	10	11	12	13	14	15	16	17	18	19	20	21	22	23	24	25	26	27	28	29	30	31	32	33	34	35	36	37	38	39	40	41	42	43	44	45	46	47	48	49	50	51	52	53	54	55	56	57	58	59	60	61	62	63	64	65	66	67	68	69	70	71	72	73	74	75	76	77	78	79	80	81	82	83	84	85	86	87	88	89	90	91	92	93	94	95	96	97	98	99	100	
# Normalized histogram for each species index 
1	
0.0782338192961278	0.921766180703872	
0.00556937812805615	0.144954840936547	0.849475780935397	
0.000452571576349902	0.0161309440427572	0.200622106325586	0.782794378055307	
8.3331823698846e-05	0.00173547580659771	0.0310900164852086	0.250683864422746	0.716407311461749	
0.000196575938377084	0.00390967699661088	0.0493296396471826	0.287925504999945	0.658638602417884	
0.000410413609751137	0.00767800328330888	0.0668393067278776	0.315651649644792	0.60942062673427	
1.81385494964739e-05	0.000928693734219462	0.0115470006094553	0.0862923353745248	0.339702382679862	0.561511449052442	
0.000123051978603432	0.00195073577844853	0.0175602411818781	0.106429103964445	0.35562021816392	0.518316648932705	
3.27754228029542e-05	0.000247636527844543	0.00299713032964792	0.0250622733033256	0.127350726157701	0.371593176885315	0.472716281373363	
0.000103019198363466	0.000470944906804418	0.00506265774814749	0.0329146338771275	0.146217355791519	0.379868576936945	0.435362811541094	
0.000147871026890346	0.000872439058653043	0.00741942877422312	0.0432005205060147	0.164613723910006	0.381995223765831	0.401750792958382	
2.20891961741512e-05	9.94013827836805e-05	0.00138057476088445	0.00998431667071635	0.0530067077525716	0.180222070052204	0.383115018444479	0.372169821740187	
0.000183913457683353	0.00193844784398254	0.0133116560671211	0.0631301334843876	0.196136346080988	0.385122136927248	0.34017736613859	
7.35583483208468e-06	0.000213319210130456	0.00291291059350553	0.0174921752306974	0.0723078563993924	0.212215834905643	0.380726977156455	0.314123570669344	
4.01123144805455e-05	0.000601684717208183	0.00402946431827298	0.0212522335266018	0.0838420304124275	0.22643401524268	0.374032746234912	0.289767713233417	
0.000193155023306158	0.00103501937016885	0.00529900762051233	0.0264768159305517	0.0958850691166984	0.238808853060049	0.367748942202915	0.264553137675798	
3.65320824748294e-06	0.000164394371136732	0.00147224292373562	0.00720412666403636	0.0322943609077492	0.10973872254614	0.248261072874198	0.358109391667763	0.242752034836994	
1.10677419592855e-05	0.000276693548982137	0.00182248817596234	0.00956990754746217	0.038552634491511	0.120678969076729	0.256686760767068	0.349954622257967	0.222446856392359	
3.69534128324421e-05	0.000273455254960072	0.00233915103229359	0.0118140060825318	0.0456226834829331	0.131842386303587	0.26412451821988	0.339139946269738	0.204806899941244	
7.11493237069547e-05	0.000475577058462276	0.0032391665792903	0.0147990593310466	0.0523733916508141	0.142029028924072	0.273052380881053	0.325687901619209	0.188272344632345	
6.03115847245834e-05	0.000633271639608125	0.00409741828722638	0.0174074311411329	0.0607186879214743	0.151645940841874	0.274896433700606	0.317826973602373	0.17271353128098	
3.7684370784061e-06	0.000169579668528275	0.000938340832523119	0.00521928535359245	0.0209185942222323	0.0666297359832983	0.159600847144655	0.277198694613396	0.307195453757509	0.162125699987187	
4.90390237462042e-05	0.000260284049114468	0.00147117071238613	0.00654859578641619	0.0237952432146966	0.0733699239895132	0.169773100209359	0.278801938927554	0.294437843037402	0.151492861049812	
3.75375375375375e-06	4.12912912912913e-05	0.000435435435435435	0.00175675675675676	0.008003003003003	0.0276989489489489	0.0807695195195195	0.177954204204204	0.280566816816817	0.286092342342342	0.136677927927928	
1.4922477728202e-05	8.2073627505111e-05	0.000563323534239625	0.00251816811663409	0.00963245937355438	0.0330905943622879	0.0904675212272246	0.187407667169057	0.279512930326952	0.270432602629341	0.126277737155477	
7.42798567884361e-06	8.54218353067015e-05	0.000664804718256503	0.00301576218561051	0.0115987996375143	0.0373961939001382	0.0978599973259252	0.192878790129693	0.279578238973155	0.260989704811849	0.115924858496873	
1.49022968164968e-05	1.86278710206211e-05	7.82370582866084e-05	0.000715310247191848	0.00371812305571596	0.0139746288396699	0.0421250675260324	0.104766872194177	0.199918037367509	0.278702755062124	0.248533055157126	0.10743438332433	
1.48883189971228e-05	7.44415949856142e-06	0.000204714386210439	0.00112406808428277	0.00421711635593504	0.0160607741181463	0.046488776068516	0.112146262845828	0.20621066226965	0.275184522103571	0.238678363922625	0.0996624073667402	
1.4808726782693e-05	2.22130901740396e-05	0.000348005079393286	0.00130316795687699	0.00485356020302764	0.0185701433854971	0.0524562124459944	0.117547971019322	0.211531555545683	0.272754534247032	0.228850361518043	0.0917474667821747	
7.36672670548932e-06	1.84168167637233e-05	0.000416220058860146	0.00146966197774512	0.00615858352578907	0.0212456398186312	0.0572689334084739	0.124449797599184	0.216209745442759	0.269467496160094	0.218158244656361	0.0851298938086345	
8.83551582845846e-05	0.000533812414636032	0.00176710316569169	0.00711995317176611	0.0230717407070622	0.0619001513082086	0.132786758506945	0.222758079895152	0.265606650198247	0.208308330050694	0.0760590654233132	
1.10883594402596e-05	9.60991151489167e-05	0.000539633492759301	0.00212526889271643	0.00805014895362848	0.0259356727307672	0.067254596124988	0.141842293959801	0.223659602149663	0.264124721866984	0.196507906000281	0.0698529683538222	
1.49111852528378e-05	0.000104378296769864	0.000629997576932396	0.00259081843768057	0.00971090939591061	0.029598702726883	0.0732288307766864	0.146084881922052	0.229725447801532	0.258105161133996	0.186434549216231	0.063771411530074	
1.12767540991001e-05	0.000157874557387402	0.000826961967267342	0.00319132141004533	0.0115737086237098	0.0336723877399129	0.0806137561364337	0.154544156010134	0.231060691490561	0.251918927655864	0.174823518798349	0.0576054188562364	
7.53210560012051e-06	0.000192068692803073	0.0010996874176176	0.00380747938086092	0.0134259782322148	0.0369864045493918	0.086939328889391	0.161642752231386	0.2312770685045	0.245396000451926	0.165529318721048	0.0536963808232591	
3.00349907642403e-05	0.000225262430731803	0.00150925828590308	0.00454654672693688	0.0149799516436649	0.0418837946207332	0.0932511375752752	0.167148477976843	0.23147967382	0.23707369084984	0.157338299118473	0.0505338719608344	
3.77828994597045e-06	7.93440888653795e-05	0.000381607284543016	0.00161332980692938	0.00528960592435863	0.0174443646805456	0.0461064722106775	0.0979710582990139	0.170495333811917	0.233804360146598	0.230963086107228	0.150523293157517	0.0453243661918616	
1.50810796544925e-05	6.03243186179699e-05	0.000377026991362312	0.00221314843929677	0.00604374267153786	0.0190926468425875	0.049639373682762	0.103761598292822	0.177655118329921	0.2341073697466	0.225352803007167	0.139797838127232	0.0418839284704392	
2.26221312309833e-05	3.77035520516388e-06	3.77035520516388e-05	0.000542931149543599	0.00217172459817439	0.00744645153019866	0.021924615518028	0.0564271360004826	0.109792743574372	0.181444573893306	0.233268106188284	0.215140238361856	0.132818302812308	0.0389590803349584	
1.5148760831364e-05	0.000102254135611707	0.000723353329697631	0.00246546082530449	0.00886202508634794	0.0246470338726292	0.0605420226625462	0.117940677452584	0.184216506089802	0.229636278252439	0.209893655698964	0.125117402896443	0.0358381809367994	
4.56624479638353e-05	0.00013318213989452	0.000829534471343009	0.00317354013348656	0.0102892716078509	0.0265070510430064	0.0645743118288571	0.122040502591344	0.188684845394562	0.227170678620081	0.205633223997138	0.118475026446168	0.032443169278305	
3.81114990014787e-06	4.19226489016266e-05	0.000221046694208577	0.00123100141774776	0.00342241261033279	0.0119174657377624	0.0299823162644633	0.0690770919401802	0.125718401756178	0.190077290119975	0.228306934768358	0.198427519551199	0.111037852340808	0.0305349329999848	
1.52807649550937e-05	0.000103145163446882	0.000359097976444701	0.00112313622419938	0.00417164883274057	0.0132025809212009	0.0330179128767186	0.0716820684043443	0.129026959089572	0.193549989112455	0.227931710261416	0.192564379772851	0.105036158110075	0.0282159324895804	
7.62561290863753e-06	2.66896451802314e-05	0.000179201903352982	0.000499477645515758	0.00137642313000907	0.00504815574551805	0.0142598961391522	0.035607799476883	0.0752266713437093	0.134611131869724	0.196893325301021	0.224280714062393	0.185325270518618	0.099636258264258	0.0270213593417571	
7.61838010383852e-06	3.80919005191926e-06	3.04735204153541e-05	0.00015236760207677	0.000678035829241628	0.00164557010242912	0.00553475314543869	0.0161966761007607	0.0389184947604591	0.078080777684241	0.139892504656735	0.200915729288481	0.219329353999459	0.178647204244961	0.0955459140722908	0.0244207174228544	
1.13992590481619e-05	7.59950603210791e-06	4.17972831765935e-05	0.00018238814477059	0.000664956777809442	0.00201006934549254	0.00618599791013584	0.0179728317659352	0.0408511446755961	0.0836819606725563	0.146119502232355	0.201371710838795	0.217581457205282	0.172326398784079	0.0886140400873943	0.0223767455115417	
2.65772658068288e-05	3.79675225811841e-06	1.8983761290592e-05	6.45447883880129e-05	0.000178447356131565	0.000816301735495457	0.00259697854455299	0.00720243903365061	0.0204379174054514	0.0457812387283917	0.0885592464206118	0.151691642968605	0.203946344297088	0.213354696392706	0.162242817493916	0.0825831583663334	0.0204948686893232	
3.80369871663205e-06	3.80369871663205e-06	1.90184935831603e-05	9.88961666324334e-05	0.000228221922997923	0.000928102486858221	0.00282995184517425	0.00855071471498886	0.0223239077679135	0.0489612098804878	0.0951533270952674	0.155940236285764	0.203418003666766	0.207602072255061	0.15639668013176	0.078348586165187	0.0191934637241253	
1.14528296124362e-05	6.48993678038054e-05	0.000313044009406591	0.000965855297315457	0.00318006902238646	0.00929588003542742	0.024379256635006	0.0521523684451639	0.100800171028922	0.161126042207495	0.203757291634853	0.201470543322237	0.151811074122713	0.0725078642763339	0.0181641877653239	
3.82463293085446e-06	1.52985317234178e-05	0.000114738987925634	0.000263899672228958	0.00108237111943181	0.00349571449880098	0.009986116582461	0.0257818505868899	0.0566275151742312	0.10474139744438	0.164264159747268	0.20267877290477	0.199863843067662	0.144991834408693	0.0690384490348539	0.0170502136057492	
1.92060967833629e-05	2.30473161400355e-05	7.68243871334516e-05	0.000407169251807294	0.00118693678121183	0.00361074619527223	0.0116158473345779	0.0292892975946284	0.0596464541704119	0.109336467768328	0.165917628892116	0.204752356588075	0.195333686725514	0.138710272188804	0.0654543778377008	0.0146196808714958	
1.15665326234053e-05	2.69885761212789e-05	0.000104098793610647	0.000470372326685147	0.00144967208880013	0.00464589060373445	0.0133940447779033	0.0308556535283708	0.0636853286244694	0.113691304666325	0.170907086043436	0.20387941504189	0.191688289656821	0.131561597569486	0.0601729582178287	0.0134557329518948	
3.86974440338216e-06	1.16092332101465e-05	8.51343768744074e-05	0.000119962076504847	0.000414062651161891	0.0017994311475727	0.00548342781959252	0.0141671342607821	0.0335197260220962	0.0680184973782482	0.117945939670685	0.173778611922683	0.202004527600952	0.186564247431457	0.126501944546563	0.0576398428883772	0.0119420312288373	
7.7400878499971e-06	2.70903074749898e-05	7.7400878499971e-05	0.000193502196249927	0.000603726852299774	0.0021207840708992	0.0058747266781478	0.0155537065345692	0.0366377058379613	0.0727219953946477	0.122626211807504	0.17468217264266	0.201482226823274	0.179419106406858	0.122974515760754	0.0539329321387798	0.0110644555815709	
3.88811558590014e-06	3.88811558590014e-05	0.000143860276678305	0.000178853316951406	0.000828168619796729	0.00222789023072078	0.00640372636997753	0.0176403804132289	0.040024261841256	0.076895261942347	0.127561296142212	0.175894460990536	0.200650092925963	0.175004082521365	0.116328530214546	0.0499195160073719	0.0102568489156046	
2.72850232507377e-05	0.000175403720897599	0.00028454381390055	0.000927690790525081	0.00290000818550698	0.00751507497534603	0.0199297605544317	0.0433364126431002	0.0815276494732042	0.131338408347658	0.177492974106513	0.197945047963173	0.170819836991475	0.110032703049296	0.0466145132936531	0.00913268706806834	
3.90753215898967e-06	2.73527251129277e-05	0.000140671157723628	0.000328232701355132	0.00111755419747105	0.00346988855718283	0.00892871098329139	0.021921255411932	0.0461166945403961	0.0853287797558574	0.134149486550274	0.179027493396271	0.193661201331687	0.167746448053267	0.104725769393082	0.0444559933728255	0.0088505603401116	
1.56935366169443e-05	3.92338415423608e-05	0.00010985475631861	0.000341334421418539	0.00132610384413179	0.00368798110498191	0.0102086455693223	0.0245760783421348	0.0489716810131747	0.0891667516733233	0.138173743143886	0.178204031669557	0.194078043957596	0.162585039351543	0.100552412488916	0.0394810147440776	0.0084823565414584	
4.33815525863293e-05	0.000181413765361013	0.000421984193339749	0.0013606032402076	0.00433421148112508	0.0111530027921945	0.026147244877033	0.0527085863923901	0.0953644839172753	0.1395978924453	0.179355113501917	0.191486173116057	0.157218690350365	0.0947847486236217	0.03775378208263	0.00808868766859649	
1.57805867222143e-05	0.000102573813694393	0.000149915573861036	0.000607552588805252	0.00151493632533258	0.00445012545566444	0.0123049124966466	0.028128895832347	0.0570665467342076	0.0982420426391453	0.142179141220471	0.181145354984298	0.188944909971753	0.151245088292383	0.0912039009610377	0.0357588095125377	0.00693951301109375	
7.94511514458123e-06	9.13688241626842e-05	0.000143012072602462	0.000623691538849627	0.00153737978047647	0.0050809011349597	0.0138483356970051	0.0309144430275656	0.060200137450492	0.0999813289794102	0.146448334902494	0.18209806655623	0.184576942481339	0.147560651022735	0.0873366782268092	0.0335204407949882	0.00603034239473716	
6.78534365769937e-05	0.000211543066975333	0.000606689550570767	0.00195577552486629	0.00621457651472819	0.0152550490939571	0.0328330805460206	0.0626606529895426	0.102135387562864	0.149936137942045	0.180510098187914	0.183591442484234	0.14347010457412	0.0836712700566776	0.0313442963199489	0.00553604214895825	
6.79714519901641e-05	0.000251894204434138	0.000819655744587273	0.00241098738529817	0.00676515863337398	0.0164051098538614	0.0346894304392155	0.0639611363227444	0.105343755622638	0.152395993682653	0.181795645828752	0.182515343555707	0.140077167589612	0.0794386357729753	0.0282921173107295	0.0047699966014274	
6.80054404352348e-05	0.000364029122329786	0.0009760780862469	0.0025322025762061	0.00783662693015441	0.0180574445955676	0.0360908872709817	0.0675534042723418	0.110728858308665	0.154196335706857	0.182722617809425	0.176794143531483	0.13455476438115	0.0762300984078726	0.0265301224097928	0.00476438115049204	
3.99928012957668e-06	0.00010798056349857	0.000303945289847827	0.00127177108120538	0.00325541402547541	0.00833050050990822	0.0193365194265032	0.0371533124037673	0.0705872942870283	0.114887320282349	0.156611809874223	0.183263012657722	0.173164830330541	0.130016597012538	0.0724629566677998	0.0248115339238937	0.00443120238357096	
2.40260442319474e-05	0.000144156265391685	0.000564612039450765	0.00143755831321152	0.0035518502056229	0.00863335856067978	0.0200937816593187	0.0404878888715367	0.0748891798709801	0.118660628120883	0.161655234273953	0.182954322485574	0.168814995455073	0.125628180948148	0.0654829835541727	0.0230569937812589	0.00392024955051276	
2.80573492218094e-05	0.000244499757504339	0.000653335417593561	0.00152311324346965	0.00413244672109792	0.0104373339105131	0.0219167979349791	0.0430720392482234	0.0793461835992769	0.123440311997723	0.162496142114482	0.180228386822666	0.165530344023183	0.119392037324291	0.0623514463563524	0.0212313969754178	0.00397612720400499	
7.24322758221063e-05	0.000185104704878716	0.000780658972749368	0.00160960612938014	0.0045551853461458	0.0115972121621839	0.0231702802324271	0.0464773769858516	0.0846411383134547	0.125577446198915	0.163330757963526	0.178179374507058	0.160457611022583	0.115336327200734	0.0610201683648011	0.019576834548586	0.00343248507090315	
6.0298113874998e-05	0.000160794970333328	0.000787895354633307	0.00151549259539162	0.00509318068530816	0.0118706886848579	0.0249151806531492	0.04956102973099	0.0864916145422971	0.129395732501487	0.16346818671512	0.175957936035761	0.15866845685067	0.112118312939171	0.0573435062951231	0.0193677541766494	0.00322393915518323	
7.98511574425271e-05	0.000231568356583329	0.000702690185494239	0.00191642777862065	0.00536599778013782	0.0131355153992957	0.0279439125470124	0.0528415034375923	0.0885190005829135	0.131450975381888	0.163846589956321	0.17417134461364	0.154579863135116	0.108533693195883	0.0551811423506584	0.0184176694641189	0.00308225467728155	
3.19542415261346e-05	8.38798840061033e-05	0.00026362249259061	0.000710981873956494	0.00229271682950016	0.00647872246942379	0.0145990940972527	0.0300529641553296	0.0553687120044097	0.0929548885995255	0.131379864034702	0.163865344826209	0.174745764065858	0.15251360052405	0.104054993249666	0.0514982544995566	0.016496377187867	0.00260826496457073	
3.59292911550069e-05	0.000135732877696693	0.00031138719001006	0.00102598086964853	0.00287434329240056	0.00702617249253469	0.0155014930616547	0.0320169905625729	0.0598142854861632	0.0952924644300017	0.133948389569328	0.164184884147997	0.174181211376012	0.149066636858662	0.0986538492247257	0.048065407278476	0.015389713044728	0.00247512894623381	
7.94502045842768e-06	5.95876534382076e-05	0.000202598021689906	0.000460811186588805	0.00117983553807651	0.00317403567314186	0.00734119890358718	0.017276446986851	0.0336352441107536	0.0624518333134708	0.0983196281730425	0.137611726850197	0.166519683788186	0.17230763119215	0.143681722480435	0.0941445199221388	0.0451992213879951	0.0139792634966035	0.00244706630119573	
2.77030235871458e-05	8.70666455596011e-05	0.000138515117935729	0.000427418078201678	0.00139306632895362	0.00333227798005382	0.00803783441507045	0.0182998258667089	0.035349058097198	0.0650941902801963	0.101131866392275	0.14043058413804	0.169360455912617	0.16948314073136	0.13840430584138	0.0899754630362514	0.0429792623080576	0.0136655057780592	0.00238246002849454	
4.3428652645792e-05	6.71170086344058e-05	0.000157922373257425	0.000611949196372523	0.00154369119859133	0.00349403250832054	0.00866204217316978	0.0197955694878183	0.0375420961826214	0.0668366964218738	0.104114272629289	0.143259280900473	0.169766551251732	0.165798751623639	0.135063109728413	0.0865493566637319	0.0412769603101595	0.0134194536675497	0.00199771802170643	
3.17251334438425e-05	8.7244116970567e-05	0.000273629275953142	0.000777265769374142	0.00165367258076029	0.0037871878048587	0.0102035960438759	0.0213232553159427	0.0395295162710278	0.0701640982527383	0.107377679782366	0.147529801797229	0.164689133348667	0.163999111696264	0.131104113956679	0.0837702148584663	0.0393946844538915	0.0124560805183887	0.00184798902310383	
3.19152331407781e-05	7.5798678709348e-05	0.000331120543835573	0.000650272875243354	0.00173938020617241	0.00450802668113491	0.0105838891903105	0.0222608751156927	0.0424791753103756	0.0727148693071203	0.11054638879137	0.14705741550442	0.165648038808924	0.16180225321546	0.12684310471388	0.0809609676698688	0.0383581208310727	0.0116729965212396	0.00173539080202981	
4.00751810396303e-06	2.40451086237782e-05	8.81653982871868e-05	0.000416781882812156	0.000773450994064866	0.00192360868990226	0.00526988630671139	0.0117580581170275	0.023528138788367	0.0440987292160092	0.0769443475960903	0.113372687161114	0.148390380353543	0.166424211821377	0.158373107950515	0.123964557509889	0.0766237461477732	0.0360516328632515	0.0105798477944624	0.00139060878207517	
4.01168201803652e-06	3.20934561442922e-05	0.000112327096505023	0.000389133155749543	0.000918675182130364	0.00240299752880388	0.00545187586251163	0.0124963894861838	0.0250168490644758	0.0473057543566867	0.0792026380820951	0.116158252832248	0.14955951731442	0.167451619114862	0.156343271606919	0.11925928303219	0.073702622035367	0.0330121313264225	0.00986071440033377	0.00131984338393402	
2.4135351048681e-05	6.4360936129816e-05	0.000394210733795123	0.00119469987690971	0.00220033950393808	0.00590913844841873	0.0132342174916934	0.026794262222544	0.0501210790110942	0.0821486898526939	0.118090250122688	0.151119478032808	0.165769636119357	0.153786434323687	0.117293783538082	0.0696506005679853	0.0314885880015125	0.00951335087168843	0.00120274499392594	
4.04301770841756e-06	4.04301770841756e-05	0.000101075442710439	0.000537721355219536	0.00114821702919059	0.00270073582922293	0.00593110697824856	0.014465917360718	0.0291137705183149	0.0525026279615105	0.085214684240317	0.121403735748363	0.15073987224064	0.164571035821137	0.151297808684402	0.113293442225277	0.066673405029514	0.0304681814506348	0.00862375677205466	0.00116843211773268	
4.04383517327834e-06	4.44821869060617e-05	0.000149621901411298	0.000529742407699462	0.00115249302438433	0.00267701888471026	0.00727485947672773	0.0161955598689797	0.0312709773949614	0.0562740102713413	0.0875409438311294	0.122386671519269	0.150503457479073	0.16326580128594	0.146702252416192	0.11149662339763	0.0645881353876016	0.0289942981924057	0.00783695256581342	0.00111205467265154	
1.61477845239633e-05	4.84433535718899e-05	0.000165514791370624	0.000597468027386643	0.0011424557550704	0.00345158894199716	0.00767423459501356	0.0171126146492701	0.0331796602506136	0.0578534750032296	0.0916467510657538	0.12463263790208	0.150307615295181	0.161639323084873	0.145075733109417	0.107213215346854	0.063392165094949	0.0268941351246609	0.00693547345304224	0.00102134737114068	
4.02709429038572e-05	0.000205381808809671	0.000519495163459757	0.00136518496444076	0.00351565331550673	0.00831997680393689	0.0186454465644859	0.0351162622121634	0.061223914496734	0.0937386737973083	0.1269581745987	0.151817427653251	0.160411246868934	0.141395307629733	0.104289660838119	0.0593070176145104	0.0254995610467223	0.00661248882481334	0.00101885485546759	
4.03204670722906e-06	4.43525137795196e-05	0.000221762568897598	0.000620935192913275	0.00138299202057957	0.00401995056710737	0.00934628426735695	0.0195554265300609	0.0377036687592989	0.0638514916556793	0.0963618842560672	0.128465040139025	0.153802421647252	0.15822960893179	0.139222540753912	0.098910137775036	0.0569768520198538	0.0240148701882563	0.00625370444291227	0.00101204372351449	
8.43214333037539e-05	0.000216826542781081	0.000831168413994146	0.00161415315181472	0.00477018394118379	0.0101988781234064	0.020791256268897	0.0406991451412786	0.0666018863909222	0.097266780969054	0.131408930844379	0.153721988219091	0.157171136371849	0.134492686119487	0.0946046328604641	0.0558408653788241	0.0224094247270596	0.00636426056125952	0.000911474540950102	
4.01155327342747e-06	0.000100288831835687	0.000256739409499358	0.000822368421052632	0.00184130295250321	0.00500641848523748	0.0107268934531451	0.0226853337612323	0.0423820603337612	0.0689786585365854	0.101375962772786	0.133769255455712	0.153706675224647	0.15382702182285	0.13066431322208	0.0942875481386393	0.0524711168164313	0.0203987483953787	0.00587692554557125	0.000818356867779204	
1.20365912373616e-05	0.000136414700690098	0.000284865992617557	0.000641951532659284	0.00209837907238004	0.00523992938533141	0.011683517894399	0.0245145241534264	0.0433798748194511	0.0720590595410047	0.105332209918151	0.135475846573584	0.153117477130477	0.150766329642112	0.130304124538597	0.0897528486599262	0.049534585138822	0.0191462044615632	0.0057655272026962	0.000754293050874659	
5.59811903200525e-05	9.19690983829433e-05	0.000263911325794533	0.000699764879000656	0.00237920058860223	0.00670974552550343	0.0140552774267846	0.0259952655907615	0.0458645894979287	0.0744469858127669	0.105996385214568	0.133403176532685	0.153532413109195	0.151045248796404	0.126377537147518	0.0884382847363286	0.0470721837462613	0.0180019513443483	0.00500231922074183	0.000567809216103389	
1.19716033568376e-05	4.38958789750711e-05	4.38958789750711e-05	0.000355157566252848	0.000961718802999286	0.00294900496023432	0.00693155834360896	0.0156668382596481	0.0271037099998803	0.0462862091119864	0.076067567729346	0.107752411280443	0.135809859014418	0.155120055228997	0.150738448400394	0.123690605882846	0.0839169489969792	0.0447977397612862	0.017023619973423	0.00427386239839102	0.000454920927559828	
1.18849065648262e-05	1.5846542086435e-05	7.92327104321748e-05	0.000348623925901569	0.00120433719856906	0.00323269458563273	0.00734883389258421	0.0157395779273515	0.0275016737910079	0.0489222370563463	0.0779808336073465	0.109519413994874	0.139501071622409	0.156080516280341	0.149143692482004	0.120841768315631	0.0801042702469287	0.0419972981645743	0.0159416213389536	0.00403690659651931	0.000447664813941788	
3.95422588119924e-06	2.76795811683947e-05	8.3038743505184e-05	0.000486369783387506	0.00151446851249931	0.00344413074252454	0.00783727569653689	0.0167461466068788	0.0300995674076886	0.0515591512649569	0.0815717257032591	0.113984515251449	0.140588546980158	0.155650193361646	0.146772956258353	0.115712511961533	0.0763798271212445	0.0389530791556937	0.0143854737558028	0.00373278923185208	0.00046659865398151	
5.50312302231516e-05	8.25468453347275e-05	0.000668236366995413	0.00157625166567741	0.00380108568755626	0.00915483822783715	0.0170360965562242	0.0324880798424535	0.0547639356763535	0.0848424337954646	0.115314012130455	0.141041112259779	0.155333508909163	0.143328839116198	0.112794367946667	0.0730264425061222	0.0369338170840523	0.0140368945090625	0.00332152782418308	0.000400941820197248	
6.6315842854858e-05	0.000175541936968742	0.000565635130232613	0.00191925851085824	0.00441975587967966	0.00896044064927111	0.0187478788682616	0.0344764364206609	0.0572695817030689	0.0875057051129515	0.117281518554783	0.143757143581602	0.1525654478855	0.141038194024552	0.109830738563443	0.0692376408724044	0.035490678723147	0.0133294844138265	0.00294130267720959	0.00042130064872498	
7.79389815713278e-06	5.06603380213631e-05	0.00023771389379255	0.00070145083414195	0.00183546301600477	0.00476207177400813	0.00980082693259447	0.0202563413103881	0.0360623667730534	0.0597441263235013	0.0897116647376769	0.11946876790161	0.14466644064362	0.152156376772625	0.137936409584936	0.105505999353106	0.0667079743268995	0.0342814610441485	0.0126572906071836	0.00297337214694616	0.0004754277875851	
8.17282807094015e-05	0.00031134583127391	0.00076279728662108	0.00223390633939031	0.00489980501967317	0.0108114839909865	0.0205332575725144	0.0376728455841432	0.0620123059439811	0.0913060568439651	0.122728634865285	0.144978186332696	0.150804245200409	0.13505403796084	0.104203557904487	0.0641800512942257	0.0321269979645766	0.0120179490871729	0.00298891998022954	0.000291886716819291	
3.11222286627945e-05	0.00011281807890263	0.000315112565210795	0.000921996024135288	0.00250533940735496	0.00575372202403414	0.0112740273330973	0.0215404725132367	0.0394124123228464	0.0650921412482348	0.0933705762669665	0.124243827100459	0.143835270043688	0.149546199003311	0.133179797005264	0.0998439998288277	0.0634660048006038	0.0303052701603962	0.0120248510995872	0.00289436726563989	0.000330673679542192	
1.92904955728313e-05	6.55876849476263e-05	0.000459113794633384	0.00123844981577577	0.00260421690233222	0.00632728254788866	0.0125349640232258	0.0234148035263026	0.0413318158143483	0.0665637840236116	0.0947664885510909	0.123964582650128	0.144875479851077	0.148822315245279	0.130762553289994	0.0976214818958699	0.0605682979995756	0.0297150793803893	0.01129651420745	0.00269681128108181	0.000351087019425529	
1.91118348125893e-05	0.000122315742800572	0.000642157649703002	0.00122315742800572	0.00294704492810128	0.00644833306576765	0.0129960476725608	0.0249141878616915	0.0430933651354265	0.0676673623374539	0.0982042520010091	0.124486847235282	0.146247582352896	0.146710088755361	0.128313036564762	0.0952228057702452	0.0579165042160708	0.0284842786046832	0.0109816602833138	0.00286295285492588	0.000496907705127323	
4.18971007206301e-05	0.000228529640294346	0.00089126559714795	0.00142450142450142	0.0031460913813855	0.00670734494263906	0.0140736170147935	0.0257667169431875	0.0441595441595442	0.0704709234120999	0.0986257750963633	0.125386595974831	0.147546353428706	0.146060910766793	0.127565245212304	0.0912595030242089	0.0539825098648628	0.0282500723677194	0.0110798787269375	0.00270045858281152	0.000632265338147691	
