# <P(N_2)> as a function of N_tot.
# number_of_species: 2
# species_total_upper_bound: 100
# species_total_lower_bound: 0
# volume: 512
# Bin widths for each species index 
1	1	1	1	1	1	1	1	1	1	1	1	1	1	1	1	1	1	1	1	1	1	1	1	1	1	1	1	1	1	1	1	1	1	1	1	1	1	1	1	1	1	1	1	1	1	1	1	1	1	1	1	1	1	1	1	1	1	1	1	1	1	1	1	1	1	1	1	1	1	1	1	1	1	1	1	1	1	1	1	1	1	1	1	1	1	1	1	1	1	1	1	1	1	1	1	1	1	1	1	1	
# Bin lower bound for each species index 
0	0	0	0	0	0	0	1	2	2	3	4	4	4	5	7	8	9	9	10	11	11	12	13	13	15	15	16	17	18	19	19	20	21	22	23	24	25	26	26	27	28	29	30	30	30	31	31	32	34	34	35	36	37	38	39	39	40	41	42	43	44	44	44	45	46	49	50	50	51	52	53	54	55	56	57	57	58	59	60	61	62	62	63	64	64	65	66	67	67	68	70	70	71	73	73	74	75	76	76	77	
# Bin upper bound for each species index 
0	1	2	3	4	5	6	7	8	9	10	11	12	13	14	15	16	17	18	19	20	21	22	23	24	25	26	27	28	29	30	31	32	33	34	35	36	37	38	39	40	41	42	43	44	45	46	47	48	49	50	51	52	53	54	55	56	57	58	59	60	61	62	63	64	65	66	67	68	69	70	71	72	73	74	75	76	77	78	79	80	81	82	83	84	85	86	87	88	89	90	91	92	93	94	95	96	97	98	99	100	
# Normalized histogram for each species index 
1	
0.0789761079193136	0.921023892080686	
0.00626663042997364	0.145855428235547	0.847877941334479	
0.000472133087175235	0.0170953892127386	0.20193201662768	0.780500461072406	
5.95983829817451e-05	0.0018475498724341	0.0315776326000619	0.247698487976343	0.718816731168179	
1.90152629177019e-06	0.000171771208356574	0.00413455200040566	0.0494333451650525	0.28512245829319	0.661135971806703	
6.31850842762654e-07	1.26370168552531e-05	0.000511167331794987	0.00790761329717462	0.067922070044457	0.315323899379017	0.608321981079858	
6.34298016042665e-06	6.46983976363519e-05	0.00106942645504793	0.0122774723985218	0.0874633534321231	0.339359587351083	0.559759118985428	
1.33410499660439e-05	0.00013404578775406	0.00195541675216586	0.018077757992083	0.107695308206842	0.356186340162469	0.51593779004872	
2.54231040084608e-06	2.60586816086723e-05	0.000270756057690108	0.00322110727787198	0.0253703510676433	0.127332252003976	0.369303000180504	0.474473932420305	
5.72990014694011e-06	4.13826121723452e-05	0.000573626670265893	0.005038492195876	0.0335854913835035	0.146411681865757	0.377779319899052	0.436564275473226	
8.28966909553971e-06	9.24616937579429e-05	0.000933544273528472	0.00725027212432973	0.0431279599698256	0.164513584535814	0.381291619718445	0.402782268015205	
4.45653509489555e-06	2.67392105693733e-05	0.000111413377372389	0.00135542331671895	0.00994252979671197	0.0523082623524012	0.181197623775487	0.384196617235204	0.37085693440044	
6.36789358995095e-07	8.27826166693624e-06	2.41979956418136e-05	0.000216508382058332	0.00201671189993747	0.0131204079527349	0.0630816274807721	0.19741106918207	0.383323632908765	0.340796929146995	
1.27740105091784e-06	2.55480210183569e-06	2.93802241711104e-05	0.000365336700562504	0.00292524840660186	0.0172244757705762	0.0734569474330306	0.212668752662583	0.379276339530645	0.314049687068678	
1.2760294048216e-06	5.4869264407329e-05	0.000571023158657668	0.00403608100745074	0.0214245337069547	0.0848380910089692	0.226516273841014	0.373183731645912	0.289374120337229	
1.91220798193856e-06	0.000110908062952436	0.000872604242424629	0.0055065215853224	0.0266893242065771	0.096199359155365	0.237760116058276	0.367331966317094	0.265527288164006	
1.27556389490884e-05	0.000170925561917785	0.00130617742838665	0.00726433638150585	0.0321473990614401	0.107912067727341	0.24823748958821	0.358520192814238	0.244428655798012	
6.3873968994298e-07	2.23558891480043e-05	0.000250385958457648	0.00175653414734319	0.00918379926200016	0.0378606563816802	0.118299061755269	0.256807208560645	0.350537148142258	0.225282211163509	
3.82761445205147e-06	5.48624738127378e-05	0.000376382087785062	0.0022085335388337	0.0114069290028554	0.0442510506801671	0.129268109081908	0.264592780098446	0.339603816386783	0.208233709034956	
9.56715023296011e-06	6.63322416151901e-05	0.000542138513201073	0.00283506551903385	0.0142620697572814	0.0511906318464919	0.140158750912866	0.270897685706359	0.329527095763985	0.190510662588935	
1.27500524345906e-06	1.21125498128611e-05	9.24378801507821e-05	0.000664915234463902	0.00393721619180159	0.0171940832106672	0.0589014172320784	0.149778053462245	0.275139756512249	0.319230712836307	0.175048019884982	
6.37102559495823e-07	2.22985895823538e-05	0.00016628376802841	0.00100216232608693	0.00493372222073565	0.0205382752104668	0.0654463604242084	0.159972630074044	0.278834943291501	0.307497550340659	0.161585136652128	
5.74959369537886e-06	4.0885999611583e-05	0.000235094497766602	0.00135498758087762	0.00619039587869124	0.0239298089601668	0.0732530178978463	0.16973056126256	0.280867652019257	0.294995042572547	0.14939680373698	
6.37521317119041e-07	1.14753837081427e-05	5.86519611749518e-05	0.000334698691487497	0.0017040944806592	0.00786063784007778	0.0278367307906858	0.0806528218287299	0.178195495911895	0.281203002725404	0.284804360645809	0.137337392219052	
9.55305704194047e-06	7.00557516408968e-05	0.000476379111158098	0.00219338189682953	0.00951166046142539	0.0320950873085727	0.0884504814103879	0.186855885128947	0.282320857889997	0.27182778003513	0.126188877948869	
2.54767333732469e-06	1.08276116836299e-05	9.80854234870005e-05	0.000603798580945951	0.00268333694253723	0.0111766429308434	0.0369858476746112	0.0966848400698063	0.19470020254003	0.281586690954486	0.259993248665656	0.115473930932576	
3.82906297085509e-06	2.04216691778938e-05	0.000125720900876409	0.000780490668892629	0.00334277197355649	0.0133327972645174	0.0413928088921053	0.104611914895246	0.201366592574298	0.278942132009499	0.249603851526807	0.106476668562053	
2.55467972618943e-06	2.74628070565363e-05	0.000192239649395754	0.00100271179252935	0.00421969223773339	0.0156250598753061	0.046649729140082	0.112125531852385	0.207166643035879	0.277014141429624	0.237684208375007	0.0982900251252751	
3.19582344225978e-06	2.74840816034341e-05	0.000266531675084466	0.00121377374337026	0.00505451435627807	0.0179228170288813	0.051385645128095	0.119542332516481	0.213372347945916	0.273235873501638	0.226465636588855	0.091509847610355	
5.10516642842557e-06	4.91372268735961e-05	0.000322263630794364	0.00152261588727793	0.00613768633857464	0.0203013324484378	0.0570993720645293	0.126857642434143	0.217195476822544	0.2696300030631	0.216780043904431	0.084099321012865	
1.27679677225776e-06	5.74558547515992e-06	7.02238224741768e-05	0.000421342934845061	0.00193881589867341	0.00730966152117567	0.0229823419006397	0.0623906742763754	0.133698497210199	0.222079646582653	0.265604371752148	0.206311844843656	0.0771855568749122	
6.39485955609443e-07	1.27897191121889e-05	0.000109991584364824	0.000473859093106597	0.00227976743174766	0.00847638634160317	0.0262547353935013	0.0677413867636639	0.140936309756765	0.225033828807052	0.261630970560625	0.195816994467168	0.0712323405953358	
1.28044252093524e-06	1.344464646982e-05	0.000119081154446977	0.00061269174626751	0.00270685548925709	0.00994903838766678	0.029616635509232	0.0736478526978924	0.147014008041179	0.228430945734846	0.256330507823504	0.186041896079285	0.0655157622474327	
4.48903840949521e-06	1.92387360406938e-05	0.000156475053130976	0.000847786968193239	0.00335780073030242	0.0114656453890521	0.0333362405201128	0.0792995047949343	0.153769445552453	0.23149586303046	0.250240804846109	0.176102411639692	0.0599042937011096	
1.92799578411589e-06	3.85599156823177e-05	0.00022943149830979	0.00109317360959371	0.00402758319301808	0.0131386486034884	0.0369841004614337	0.0855863035179496	0.160487654400329	0.231964884770119	0.244717291551522	0.166255575121142	0.0554748653616277	
5.1289876275996e-06	6.86002095191446e-05	0.000337872059968123	0.00133417790662934	0.00461544774138619	0.0149529223048132	0.0407254440100477	0.0917787457317206	0.16575798102531	0.233218273044221	0.238042727031432	0.157942045004302	0.0512206349430234	
1.85667374977032e-05	0.000106278566366163	0.000413590083569526	0.00153335642437928	0.00540292061183162	0.0169482301737655	0.0448265066427305	0.0974920179034568	0.171630281196441	0.233350598265098	0.231548984495494	0.149651105393125	0.0470775635062451	
1.40632680861618e-05	0.000129126370609304	0.000483904270055659	0.00186530073979183	0.00630609725772665	0.0195492211186818	0.0494272734071911	0.103921158762151	0.176495292960248	0.232694669190384	0.224897226276066	0.1406237315092	0.0435929348698093	
7.02446301173213e-06	1.59646886630276e-05	0.000146236548153333	0.000572813029229429	0.00219865692267216	0.00761451790471763	0.0219431452735581	0.0538763541248924	0.109340875477983	0.180946974244487	0.232446505521228	0.217633190204578	0.133500558125516	0.0397571834713108	
5.10064529538793e-06	3.6342097729639e-05	0.000172784359381266	0.000724291631945086	0.00259814119733823	0.00887576039463693	0.0245557816133214	0.0583966504062345	0.114629352045901	0.184698829210631	0.230835441068738	0.21242274913305	0.125852046857078	0.0361967293387205	
4.46430564422163e-06	3.95409928488201e-05	0.00019196514270153	0.000889672339098453	0.00324810123514582	0.00993435557429147	0.0270479523824405	0.0630283426010193	0.120434848880065	0.188002752563309	0.230071180164707	0.205168007765341	0.118673361424445	0.0332654546289429	
3.82665751670336e-06	4.14554564309531e-05	0.000257023829871909	0.00111610844237181	0.0037258888687635	0.0114697681300655	0.029763104388666	0.0673000635225148	0.125853025738098	0.191397929012952	0.228610260034134	0.198062690854544	0.11189911910344	0.0304997359606313	
8.9192312641991e-06	5.92491791121797e-05	0.000320455237563725	0.00130921573199494	0.00436532661587802	0.0127494040042252	0.0325564682902216	0.0716437251296792	0.130471152020652	0.194906227025016	0.225808177915729	0.19166153810869	0.105899306975731	0.0282408345342441	
1.91209341723599e-06	1.91209341723599e-05	0.000104527773475568	0.000402814346564382	0.00146338882865795	0.00499566273476524	0.0142960851162011	0.0356471575775306	0.0761217136691097	0.135284433456281	0.198150240828166	0.223532006213029	0.1836916277715	0.0998883974808807	0.0264009111762498	
1.27585276403932e-06	4.46548467413764e-06	2.36032761347275e-05	0.000115464675145559	0.000489289535009081	0.00174409072844176	0.00581788860401932	0.0157491265193014	0.0391380593896703	0.0802434837414893	0.140957489223829	0.200083695941321	0.219839000139706	0.177315465440657	0.0943563290909103	0.0241212723569275	
1.90923861473283e-06	3.81847722946566e-06	4.51853138820103e-05	0.000128555400058677	0.000582317777493513	0.00210016247620611	0.00638258468905185	0.0177591011813732	0.0419637919260845	0.0856478078440432	0.146145851829082	0.201130651107645	0.216727221351397	0.170978045665169	0.0880833599035707	0.0223196358190984	
4.44890182036351e-06	6.35557402909073e-07	6.35557402909073e-06	4.70312478152714e-05	0.000161431580338905	0.000723264324510525	0.00239287362195266	0.0073972526124587	0.019955866893942	0.0455440434924642	0.090783019431532	0.150660153474402	0.202327792543895	0.212871054300753	0.163828902862678	0.0829516811128864	0.0203441924671194	
6.35491568615613e-07	1.27098313723123e-06	1.08033566664654e-05	6.54556315674082e-05	0.000222422049015465	0.000871258940572006	0.00281205019112409	0.0084336086070978	0.0218545550446909	0.0493249490812381	0.0960348503576229	0.154387592662614	0.202948680878376	0.208941366370422	0.157385841883343	0.0781197075467801	0.0185849509241636	
3.18735664863473e-06	8.92459861617724e-06	7.39466742483257e-05	0.000280487385079856	0.000950469752622876	0.00324472906831015	0.00943393820862907	0.0239293987752901	0.052820236909845	0.100439345240448	0.158854030539976	0.203480210977511	0.204525026486934	0.151359917587707	0.0732747794667935	0.0173213709713406	
6.37568466883737e-07	2.55027386753495e-06	2.93281494766519e-05	9.18098592312582e-05	0.000285630673163914	0.0011093691323777	0.0037559158384121	0.0103987416948738	0.026075912727078	0.0570037214871412	0.10512037611439	0.161851855866172	0.20370185003242	0.200225189182503	0.145351583943221	0.0688363546640365	0.0161591727931683	
3.82817369955344e-06	5.74226054933016e-06	3.31775053961298e-05	9.63423714387617e-05	0.000329222938161596	0.0013296523316449	0.0041165627849198	0.0117167636364332	0.0287974366548908	0.0606816573695215	0.109668244086907	0.165133376761837	0.203382574280925	0.195747919866116	0.13938954666129	0.0650438613001626	0.0145240910161058	
2.55626662372139e-06	7.02973321523382e-06	3.70658660439601e-05	0.000115671064723393	0.000417949592978447	0.00163984503911727	0.00477318885314376	0.0129628280488912	0.031231826541972	0.0645265602492871	0.113799877554829	0.168650329566674	0.203936394973869	0.191215773187575	0.132847259234833	0.0603023296535875	0.013533514572637	
1.27923859718695e-06	5.11695438874782e-06	5.75657368734129e-05	0.000145193580780719	0.00051873125115931	0.00186704873259436	0.00530180436604133	0.01429741018146	0.0337859705903047	0.0684923533512853	0.119045943854218	0.171467862328342	0.202396013892531	0.18643943125052	0.12698489858836	0.0567265563536583	0.0124668197488855	
3.19748294142851e-06	8.95295223599982e-06	4.66832509448562e-05	0.000196964949191996	0.000663157962052272	0.00215190601958139	0.00607074111259616	0.0159835777276128	0.036451305532285	0.0730701591707008	0.122013391058559	0.173800464274523	0.20103342648667	0.181464191388539	0.12167701585312	0.0539070044061315	0.0114578603723149	
2.55504688830421e-06	1.40527578856731e-05	7.85676918153544e-05	0.00024592326299928	0.000768430351657491	0.00242282321183447	0.00698613695434578	0.0173877328366322	0.0395221040300116	0.0765134341171578	0.125864164764754	0.175662028617803	0.199455264003414	0.177342610708585	0.116665357205136	0.0503721106411954	0.0106967037978856	
6.38196711372346e-07	3.82918026823408e-06	2.04222947639151e-05	0.000109131637644671	0.000285273929983439	0.000931767198603626	0.00291911175781711	0.00794491085987434	0.0194350044514221	0.0423513719633803	0.0805678674337791	0.130104057973789	0.176451179547072	0.197798221345765	0.17267879878615	0.111254918103407	0.04739695516349	0.00974654017607847	
1.91069415518658e-06	9.5534707759329e-06	2.42021259656967e-05	0.00012292132398367	0.000313353841450599	0.00108973256650808	0.00339721420792174	0.00904013094623944	0.021180681608295	0.0451700836247142	0.0840119482074504	0.132944188623727	0.178503416958048	0.195999006439039	0.168197132684971	0.106695072319774	0.0443058129685181	0.00899363738846323	
6.35928430070766e-07	1.0810783311203e-05	2.54371372028306e-05	9.60251929406857e-05	0.000370746274731257	0.00131192035123599	0.00370046753458179	0.0100921841852231	0.0232876991091915	0.0482994001923048	0.0873008908085448	0.137056567105712	0.180395725543464	0.194162940126066	0.163267629207938	0.101171125796818	0.0410199274532847	0.00842986726901808	
1.27507758847126e-06	7.01292673659192e-06	3.4427094888724e-05	0.000129420375229833	0.000428426069726343	0.00140577304128956	0.00423198251613611	0.0110351589894245	0.0254620243641826	0.0512848956859025	0.0922926660087266	0.140022007839177	0.181534708887036	0.190862538985497	0.158630490165327	0.0960911221447825	0.0388956042975215	0.00765046553082755	
2.55729295197276e-06	1.3425787997857e-05	5.0506535801462e-05	0.000157273516546325	0.000518491146012477	0.00169100996449199	0.00459737340440903	0.0122398433913796	0.0273802963135343	0.0547222332327891	0.0961714767216016	0.143630997970788	0.18252870241677	0.187899017615912	0.153244501500492	0.0917806047230643	0.0363627878073387	0.00700890065811934	
5.12596416182156e-06	7.04820072250465e-06	6.02300789014034e-05	0.000158904889016468	0.00062280464566132	0.00188251033842897	0.00514582727294862	0.0132589470500717	0.0294698087118324	0.058208526785085	0.0995257201659275	0.147665571846154	0.182835452705932	0.185124195704186	0.148591449122883	0.0874867525863693	0.0335609688584862	0.00639015507323081	
3.2080998104013e-06	3.84971977248156e-06	8.34105950704338e-06	5.77457965872234e-05	0.000185428169041195	0.000696799278819163	0.00206858275774676	0.00586119835360318	0.0143934606093465	0.0318480900577779	0.0615191635842174	0.103421438447793	0.150182701284202	0.181749761798589	0.182911093929954	0.1441675141397	0.083203993442644	0.0318326911786879	0.00588493829220015	
1.92302638199893e-06	5.7690791459968e-06	5.12807035199716e-06	1.41021934679922e-05	6.21778530179656e-05	0.000242942332925865	0.000853823713607527	0.00237686060815068	0.00648123991613041	0.0157002283914333	0.034260638021693	0.0646406088045122	0.106778603895667	0.152654962273427	0.182652250806229	0.180063216287264	0.139012372110733	0.0792081746569481	0.0297607562878155	0.00522422167109711	
1.28105107678748e-06	1.28105107678748e-06	8.96735753751238e-06	1.66536639982373e-05	7.4300962453674e-05	0.000323465396888839	0.00092619992851735	0.00273632510001806	0.00736604369152803	0.0172544769532506	0.0361839281894008	0.0681282178401735	0.110597623137832	0.155093651238969	0.182485725888377	0.176787610698826	0.134402114246697	0.07512403777051	0.0274734213927844	0.0050146744400846	
1.28099282067574e-06	0	4.48347487236508e-06	1.53719138481088e-05	0.000102479425654059	0.000344587068761773	0.0011163852432189	0.00320312254809968	0.00804783739589532	0.0186775158218626	0.0385835037587532	0.0715767548480774	0.11470778312023	0.156493768930672	0.182143088179062	0.174059382984188	0.129318146736447	0.071234729764957	0.0257216953427585	0.00464808244982191	
2.57019029046363e-06	2.95571883403317e-05	0.000119513848506559	0.000451710943548983	0.00137826454326112	0.00367858485322607	0.0088581608360829	0.0204175916674431	0.0413517915832693	0.0754164511455017	0.117638252142093	0.158716961007001	0.181625709613476	0.170266753624772	0.124032885584766	0.0674674951246703	0.0243107874099229	0.00423695869382929	
7.71346533215146e-06	3.47105939946816e-05	0.000176124125084125	0.000516802177254148	0.00153562238987582	0.00403092842482682	0.0100050073245781	0.022405688423567	0.0444706987949639	0.0786805603318333	0.121012700863458	0.160519141928405	0.18057093784811	0.165565676621965	0.119493148193024	0.0642750210352628	0.0227103703041869	0.00398914715427766	
1.92921702726948e-06	9.00301279392425e-06	5.78765108180845e-05	0.000169128026057291	0.000595484989083847	0.00181989472905755	0.00462626243139222	0.0110737057365268	0.0240965637429383	0.0472960415681962	0.0820322372165257	0.123990135270267	0.162603414071066	0.178729739202012	0.161314054024507	0.115751735491484	0.0612429945306697	0.0209744475204738	0.00361535270910301	
3.85716903078985e-06	1.22143685975012e-05	6.75004580388224e-05	0.000221787219270416	0.000698147594572963	0.00205458537040073	0.0050303912776551	0.012076796235403	0.025916318717877	0.0500294109138598	0.0844707160512875	0.127060290766259	0.163785039969914	0.177284488716173	0.158554075902658	0.11173318676091	0.0580690368970361	0.0196439190123076	0.00328823659874835	
3.20758735543404e-06	2.63022163145591e-05	7.69820965304169e-05	0.000268154302914286	0.000801896838858509	0.00214138531848776	0.00566652382210977	0.0129939363768633	0.027860462251829	0.0527718686890719	0.0872046774321852	0.130208159589018	0.165107993051083	0.175889335670168	0.155348587763439	0.107239268054226	0.054894008483427	0.0184256648045553	0.00307158565156363	
7.05882503932086e-06	2.69518774228615e-05	9.36898596128042e-05	0.000322139106339916	0.00083807504557755	0.00237369034731344	0.0062842794190972	0.0140444949827797	0.0297721988817538	0.0552423647577251	0.0911916772602518	0.132693718223255	0.165793832255365	0.175352123069973	0.151049871882326	0.102748898983722	0.0522661074366005	0.0171221426999236	0.00277668508592194	
8.33833098684147e-06	3.72017844028312e-05	0.000122509324498979	0.000345720030915966	0.0010198420206983	0.00276383601709999	0.00675853796987297	0.0152674840369067	0.0316061229005846	0.0582535045043023	0.095098664904927	0.135732634623957	0.16588660511268	0.173157629733205	0.146702029742185	0.0993371026865461	0.0494912014572837	0.015942247436765	0.00246878738218099	
1.4114615812989e-05	3.78528333166524e-05	0.000162318081849374	0.000422155327497581	0.00117985356727667	0.00321428296468523	0.00757441610400675	0.0167194040039316	0.0338924004342169	0.0614608114107687	0.0985405487249369	0.138117931464558	0.166306102389989	0.169987450823395	0.143259501061162	0.0953660433139065	0.0466115940020582	0.0148665398917537	0.00226667898487683	
7.70151989495127e-06	4.17165660976527e-05	0.000169433437688928	0.000480061406785296	0.00131246734876461	0.00353628121843179	0.00808402871640052	0.0177853766107408	0.0359481276963342	0.0646215280585624	0.102316617184401	0.140371110572005	0.166390695537098	0.167824461824208	0.139925706004747	0.0913650558937806	0.0437035582305501	0.013913437483554	0.00220263468995606	
1.28086894148991e-05	6.02008402500256e-05	0.000193411210164976	0.000561020596372579	0.00143585408341019	0.00366968951736858	0.00889883697100113	0.0193155036376678	0.0385977046828569	0.0677048109437442	0.105130520545138	0.142318628957885	0.16673839532739	0.165546546777334	0.135555640946818	0.0873328466031356	0.041748642278922	0.0131756583666359	0.00200327902449021	
1.27712615963055e-06	1.8518329314643e-05	8.49288896154318e-05	0.000233075524132576	0.000642394458294168	0.00160023907801708	0.00406764681842331	0.00987537802934325	0.0208573858760064	0.0410334249458498	0.0702828068167886	0.107037859127876	0.144628790510442	0.166820773223262	0.163608162368711	0.132137858106175	0.0835783287016225	0.0397071294290735	0.0119404910294659	0.0018435316114267	
3.18933689858674e-06	2.7428297327846e-05	8.03712898443859e-05	0.000222615715521355	0.000657641268488586	0.00169608936266843	0.00447400180133748	0.0105203466936782	0.022528837984237	0.0428015390464138	0.0724942655722563	0.110335747873988	0.146224718126405	0.167044071532999	0.16212292469848	0.128075477571307	0.0803636354358293	0.0374262306375357	0.0111333372455866	0.00176753050919677	
3.82830315567029e-06	2.6798122089692e-05	6.82714062761202e-05	0.000232888441969943	0.000708874134324949	0.0019262745378281	0.0049034182918877	0.0114970324270038	0.0238426720535146	0.0441594769006568	0.0762802164777824	0.112547008372499	0.14808450851606	0.16713350696815	0.159496680223114	0.124540444108688	0.0773566077150517	0.0352382544468931	0.0103536458845103	0.00159959266854424	
1.91345933675672e-06	2.16858724832429e-05	7.39870943545934e-05	0.000288932359850265	0.000825338793921067	0.00220111605704915	0.00549928213383883	0.0125605849062501	0.0253220830428596	0.0472968878859527	0.0784754321388457	0.115226607800153	0.149461584433626	0.166517523141696	0.156492909676428	0.12122849191978	0.0739488251678582	0.0332253079234438	0.00989832514904254	0.00143318104323079	
5.74371175246389e-06	2.7442178372883e-05	9.12611978447041e-05	0.000329944330669315	0.000970687286166398	0.00229493194020668	0.00612152034773707	0.0132220244541719	0.027070751679557	0.0497890462311359	0.0812218278915919	0.118007748905344	0.150935810192025	0.165464209974785	0.154454152735507	0.117947120836846	0.0706719057827052	0.0311334704591332	0.00898252699065881	0.00125787287378959	
7.66516024975647e-06	3.12994043531723e-05	0.000108589770204883	0.000411363600070264	0.00101052362625956	0.00265725555324891	0.00653902045639642	0.0144175276664378	0.0287833155011897	0.0521722744766133	0.0842394723814695	0.121119113396464	0.151995656409192	0.165228278053688	0.151505724916562	0.11362833554239	0.0670886763226394	0.0295811309305185	0.00839271171012919	0.00108206512192396	
6.38210967017257e-07	6.38210967017257e-06	4.97804554273461e-05	0.000156361686919228	0.000379735525375268	0.00114175941999387	0.00302065250689268	0.00728581639946901	0.0155921321351986	0.0306392321045645	0.0549997447156132	0.0876129633411621	0.123231517410395	0.153104258143572	0.163720897579904	0.147708184417441	0.109985448789952	0.0643922955172062	0.0280091647094864	0.00788956397426733	0.00107347084652303	
6.3755464640263e-07	1.211353828165e-05	5.35545902978209e-05	0.000148550232611813	0.000453938908238672	0.00131463768088222	0.00344024487198859	0.00793245491054152	0.0168505693044215	0.0325522651360255	0.0577790273848847	0.0902745501573804	0.125646719494445	0.154052966764914	0.162098906402515	0.144778459323695	0.106528368312769	0.0614079884322085	0.0261665177976567	0.00750784351603737	0.000999685685559323	
1.90807771982168e-06	1.08124404123229e-05	7.12349015400095e-05	0.000184447512916096	0.000522813295231141	0.0015220099945111	0.00392109971423356	0.00864486412260544	0.0183207262398212	0.035176684816726	0.0602602745215018	0.0931237331158973	0.128232999186523	0.153783431906748	0.160814062278385	0.141614984261539	0.101904706782517	0.0588330323870752	0.0251293835700516	0.00699755702449272	0.00092923384955316	
1.26983159493388e-06	3.80949478480164e-06	1.71427265316074e-05	8.38088852656361e-05	0.000249521908404507	0.0006203127341252	0.00158347999888255	0.00422853921112982	0.0095180227198269	0.0198938166820316	0.0373190807435118	0.0633639616714031	0.0961345056418618	0.128745050831359	0.154903581686997	0.159339103448101	0.137956409221009	0.0984709957765401	0.0566129019969372	0.0236163280025803	0.00645264924965651	0.000885707537466381	
1.26996302502653e-06	3.80988907507958e-06	3.6193946213256e-05	8.82624302393436e-05	0.000264152309205518	0.000736578554515385	0.00171762499134838	0.00467092400604756	0.0103978222674047	0.0212458464271813	0.0391180360783796	0.0659587046123152	0.0979789173438215	0.132081234454859	0.155759695056478	0.157119190474769	0.134840229126729	0.0949538654182084	0.0540712157165544	0.0220021094085846	0.0061326514478531	0.000821666077192163	
1.27113015546557e-06	6.35565077732787e-06	3.74983395862344e-05	0.000116943974302833	0.00027583524373603	0.000769669309134405	0.00201474129641293	0.00515189052010197	0.0112355194441602	0.0221005044480022	0.0414852393188522	0.0680690198251815	0.101910953519219	0.134963515386713	0.155562179556032	0.154680015228139	0.131030003120625	0.0921327847983002	0.051223367439874	0.0207778935212403	0.00567877396954245	0.000776024959911733	
3.81718726739015e-06	9.54296816847538e-06	5.78940068887506e-05	0.000136782543748147	0.000330186698629248	0.000851232760628004	0.00229031236043409	0.0056182634597204	0.0120629479628308	0.0237613545416258	0.0429051848854653	0.0709125240641847	0.10485749803733	0.137122909612823	0.154966351494238	0.152798825324238	0.12832365676361	0.0886929823556881	0.0489827832130283	0.0193365983008427	0.00527662519928899	0.000701726259321889	
1.90976366674624e-06	3.81952733349248e-06	1.59146972228853e-05	6.17490252247951e-05	0.000127954165671998	0.000373040502904432	0.000973342882151667	0.00268258136388955	0.00621755391103684	0.0129959417522082	0.0247626322909207	0.0451544521365481	0.0736882310814037	0.107174027214132	0.13749088883584	0.154756425559004	0.151931248507997	0.12549375348134	0.0859667382828042	0.0465657674862736	0.0181433914219782	0.00482533619797883	0.000593299912469165	
3.18493043793431e-06	2.54794435034744e-06	1.8472596540019e-05	6.11506644083387e-05	0.000143958855794631	0.00041404095693146	0.00114466399939359	0.00286070451935259	0.00653547725864119	0.0138703720572039	0.0265476691723576	0.0477013401550297	0.0765771934775173	0.1099125863992	0.138851501344359	0.154893358974147	0.149864990798736	0.122123609698241	0.0827100955288036	0.0437826017441953	0.0170884257716927	0.0043824642825976	0.000509588870069489	
1.27283951402987e-06	2.67296297946273e-05	5.79141978883592e-05	0.000171196914637018	0.00045249444723762	0.00128493148941316	0.00318909940240185	0.00700189016667833	0.0150583278707304	0.028419960669259	0.0504413571014899	0.0793475424651083	0.111731761800813	0.140202636050634	0.1547244620662	0.147664657701634	0.119044224808915	0.0789612356726002	0.0415963953184963	0.016021230963094	0.00412081792667172	0.000479860496789262	
3.1864446097147e-06	3.1864446097147e-06	2.93152904093753e-05	7.77492484770388e-05	0.000156773074797963	0.000550617628558701	0.00140203562827447	0.00346366529075988	0.00782017236116183	0.0162521420873889	0.0305255020721449	0.052851644874572	0.0820445758109342	0.113675136873728	0.140832566993405	0.15433480738261	0.145391094652063	0.115542393415021	0.0764275112529291	0.0395323064059645	0.0148252521911586	0.00380588944184324	0.000452475134579488	
3.81534008351779e-06	8.26657018095522e-06	2.60714905707049e-05	7.88503617260344e-05	0.000185679884064533	0.000599008393112294	0.00159799160498004	0.00376510477241814	0.00853873110691282	0.0171003542543268	0.0326949209556918	0.055283006030145	0.0845142340800166	0.116151034052546	0.141874056895623	0.153458065279197	0.142682908993329	0.112736940567812	0.072911148996025	0.0378062048875778	0.0139310784249513	0.0035985015887712	0.000454025469938618	
8.89544045138006e-06	2.47801555431302e-05	8.64128500991206e-05	0.000243353835205612	0.000683042748945255	0.00184326233924668	0.00422724038021654	0.00919852081533066	0.0183900523560209	0.0343973974482794	0.0577275961978346	0.0873456005693082	0.117976414375032	0.142890636913536	0.151652645758146	0.140052356020942	0.109990215015503	0.0699728053677629	0.0359305901489351	0.013516621765872	0.00337581965129873	0.000465739846490113	
1.90099612196791e-06	1.14059767318075e-05	2.0910957341647e-05	0.00010899044432616	0.000282614756799229	0.000797151040478544	0.00195295668263503	0.00448951917471422	0.0100030415937951	0.0197906369604339	0.0363926697589537	0.0599060907915748	0.0896750563962183	0.119852102501711	0.143017007578638	0.151252122779003	0.137834892150153	0.106333485413023	0.0676830659265455	0.034184979595975	0.0127696246166324	0.00321521810762173	0.000424555800572834	
4.42896976468884e-06	1.13887793949142e-05	2.46756886889807e-05	0.000121480313545751	0.000351154031343186	0.000872507043643701	0.00215437743553793	0.00496234426635065	0.0108085843557399	0.0212116016230276	0.0380650969976014	0.0617569216888548	0.0922041906911913	0.121712518103414	0.143833956658102	0.150150932962481	0.135336661809563	0.103912488619129	0.0647097791019694	0.0321992428992542	0.0121777687229951	0.00307939940639151	0.000338499832015504	
3.15890092991726e-06	1.76898452075366e-05	3.79068111590071e-05	0.000128251377754641	0.000349374442848848	0.000998844474039836	0.00247215586775324	0.00548322023415037	0.0114503840907641	0.0223896580110675	0.039549439642564	0.0643746102705978	0.0939299191510896	0.1233942516848	0.144952486971113	0.14935725842779	0.133444610883425	0.100084089942754	0.0623225882265235	0.0306122771316421	0.0115091396480605	0.00282153031060209	0.000317153653363692	
6.31158529350134e-06	2.01970729392043e-05	4.48122555838595e-05	0.000118657803517825	0.000417195787900439	0.00112724913341934	0.002604791250628	0.00598401401676862	0.0124073143699649	0.0238899814944319	0.0417688091553332	0.066457206189393	0.0959013827421061	0.125106350212195	0.145140584250827	0.148972347682512	0.130528001979313	0.096712421452321	0.0596034557191799	0.0293614947853682	0.0108975831677594	0.0026085782018041	0.000321259691439218	
6.31244188608189e-07	1.76748372810293e-05	1.3256127960772e-05	3.78746513164913e-05	0.000142029942436842	0.000511939036961241	0.00116780174892515	0.00284564880224571	0.00628529838597173	0.0131450289835769	0.0252794360211921	0.0431720525472912	0.0687708981279191	0.0979741480254997	0.126783501549389	0.146280109558741	0.146937866003271	0.127737311518376	0.0939354477067846	0.0579172855489899	0.0280291357067694	0.0101769188087412	0.00252308302186693	0.000315622094304094	
4.42509763661857e-06	2.21254881830928e-05	8.85019527323714e-06	4.2354505950492e-05	0.00021177252975246	0.000596756024138275	0.00132626497737511	0.00301538796095294	0.00698533269780503	0.0140079626471187	0.0263577779941159	0.0456752256483716	0.071049999810353	0.100707004170971	0.127984570316698	0.146372115310459	0.144652016643424	0.125335201145974	0.0911323571989385	0.0557189329698853	0.0266005262073247	0.00957148618800596	0.00236426645156478	0.000257287819729108	
