# <P(N_1)> as a function of N_tot.
# number_of_species: 2
# species_total_upper_bound: 100
# species_total_lower_bound: 0
# volume: 512
# Bin widths for each species index 
1	1	1	1	1	1	1	1	1	1	1	1	1	1	1	1	1	1	1	1	1	1	1	1	1	1	1	1	1	1	1	1	1	1	1	1	1	1	1	1	1	1	1	1	1	1	1	1	1	1	1	1	1	1	1	1	1	1	1	1	1	1	1	1	1	1	1	1	1	1	1	1	1	1	1	1	1	1	1	1	1	1	1	1	1	1	1	1	1	1	1	1	1	1	1	1	1	1	1	1	1	
# Bin lower bound for each species index 
0	0	0	0	0	0	0	0	0	0	0	0	0	0	0	0	0	0	0	0	0	0	0	0	0	0	0	0	0	0	0	0	0	0	0	0	0	0	0	0	0	0	0	0	0	0	0	0	0	0	0	0	0	0	0	0	0	0	0	0	0	0	0	0	0	0	0	0	0	0	0	0	0	0	0	0	0	0	0	0	0	0	0	0	0	0	0	0	0	0	0	0	0	0	0	0	0	0	0	0	0	
# Bin upper bound for each species index 
0	1	2	3	4	5	6	6	6	7	7	7	8	9	9	8	8	8	9	9	9	10	10	10	11	10	11	11	11	11	11	12	12	12	12	13	13	12	12	13	13	13	13	13	14	15	15	16	16	15	16	16	16	16	16	16	17	17	17	17	17	17	18	19	19	19	17	17	18	18	18	18	18	18	18	18	19	19	19	19	19	19	20	20	20	21	21	21	21	22	22	21	22	22	21	22	22	22	22	23	23	
# Normalized histogram for each species index 
1	
0.921079694203024	0.0789203057969758	
0.847945626809897	0.145801038866321	0.00625333432378225	
0.780595246204764	0.201904660206925	0.0170312314932951	0.000468862095015763	
0.718790034273338	0.247809767593544	0.031514241587034	0.0018262704824726	5.96860636118068e-05	
0.66123105981422	0.285026278316515	0.0494455361293036	0.00412128113248846	0.000174000083618415	1.84452385461217e-06	
0.608331366749927	0.315281425747429	0.0679663484377155	0.00789800327934168	0.000509983603291601	1.22592212329712e-05	6.12961061648559e-07	
0.559867929114984	0.339401249934611	0.0873335651446102	0.0122642525471033	0.00106345987562197	6.33891013825594e-05	6.15428168762712e-06	
0.516030759236923	0.356186022260201	0.107606174774443	0.0180667682770871	0.00196112631021665	0.000136206447064073	1.29426940649119e-05	
0.474696764896411	0.36913969925192	0.127296182680081	0.0253411414176715	0.00321987942710308	0.000274897822451756	2.89690530386379e-05	2.46545132243727e-06	
0.436807926170561	0.377788820642612	0.146226735393068	0.033517083860613	0.00503287138491929	0.000579030216982006	4.19766042161795e-05	5.55572702861199e-06	
0.402853840974142	0.381449724503002	0.164357100501528	0.0430543283419662	0.0072523943289232	0.000933060196295089	9.15128621946145e-05	8.03829194952695e-06	
0.371000969873423	0.384116794738113	0.181163835759869	0.0522725350491018	0.00994999996913197	0.00135572376572649	0.000109890177731928	2.59291430603427e-05	4.32152384339045e-06	
0.340914688154853	0.383258595840419	0.197350805344065	0.0630949037568321	0.0131367217759233	0.00200232699530589	0.000209861645623922	2.34551250991442e-05	8.02412174444407e-06	6.17240134188005e-07	
0.314053545568194	0.379282964686661	0.212560805040165	0.0734989045809558	0.0173014320902081	0.00291369088141006	0.000356475349977101	2.84685175328935e-05	2.47552326372987e-06	1.23776163186494e-06	
0.289426801815024	0.373178534374033	0.226401511242555	0.084810269726146	0.0215007251566641	0.00406297832686861	0.00056480033319512	5.31431385719697e-05	1.23588694353418e-06	
0.26572095615258	0.367221910564816	0.237703881029568	0.0961256355805375	0.026743291188612	0.00549813036413311	0.000876960741658227	0.00010738294795815	1.85143013720949e-06	
0.244793139078832	0.358577447696834	0.247850406833268	0.107826556070896	0.0321960601799671	0.00727312456097684	0.00130426141028126	0.000166659053845689	1.23451150996806e-05	
0.225470038339946	0.350588575660502	0.256600689649204	0.118201026931927	0.037939979006376	0.00916709218525328	0.00176245059141932	0.000247892910262766	2.16365383022365e-05	6.18186808635328e-07	
0.208243428341347	0.339681541800109	0.264596721303376	0.129124771043326	0.0442956286103519	0.0113993560188279	0.00222070991081342	0.000381028369013316	5.31093026501542e-05	3.70530018489448e-06	
0.1905866394718	0.329649837269362	0.270995155451152	0.139949584077908	0.0511200895898718	0.014247655709038	0.0028382891694715	0.0005392440576602	6.42398419205736e-05	9.26536181546735e-06	
0.175035809542626	0.319261829497185	0.275256840857453	0.149756742072508	0.0588140867331819	0.0171675886594883	0.00393225822384669	0.000672355033092957	8.95238565642596e-05	1.17307122394547e-05	1.23481181467944e-06	
0.161565607956368	0.307607783618371	0.278844919918067	0.159918930924706	0.0654006564497421	0.0205294785419906	0.00493694627477111	0.0010099701389403	0.000163495471483922	2.15937415167444e-05	6.16964043335554e-07	
0.149366163028362	0.295192588450137	0.280734226454126	0.169717489099934	0.0731974681163795	0.023937460099078	0.00621526454620589	0.00136219891815919	0.000231982104591142	3.95916125168883e-05	5.56757051018742e-06	
0.137262867525623	0.284752830278376	0.28114602736157	0.178345970314567	0.0807066913541069	0.0278172051043485	0.00786495418644121	0.00170091441900036	0.000333391573960142	5.74174377375801e-05	1.11130524653381e-05	6.17391803629893e-07	
0.126138325081338	0.271818025912048	0.282180007427413	0.18701041688515	0.0885077438800954	0.0320797620266721	0.00950079641115296	0.00220478192152852	0.00048302860787824	6.78584251169941e-05	9.25342160686283e-06	
0.115622081208566	0.259960443242963	0.281501355367985	0.194582599715478	0.096793755806737	0.036970638423356	0.0111569549440394	0.0026897607716899	0.00061198226732027	9.74729820933495e-05	1.04875993391579e-05	2.46767043274303e-06	
0.106604587466659	0.249669375112783	0.27886695160146	0.20130915095529	0.104529375557736	0.0414331692774703	0.0133158400838489	0.00333344045167686	0.000787937815329624	0.000126688040896136	1.97756941886651e-05	3.7079426603747e-06	
0.0982527729346737	0.237747152873094	0.276911377378788	0.207218904180732	0.11211497322897	0.0466632043625032	0.0156409590582533	0.00421597358756538	0.00101086916199874	0.000194754609192418	2.65855498262665e-05	2.4730744024434e-06	
0.0913944539053332	0.226445428266909	0.273268476930243	0.213408165424036	0.119655671759876	0.0513467487568021	0.0179352058676343	0.00504021719698849	0.00120190746364122	0.000274032427376767	2.65990843729142e-05	3.09291678754816e-06	
0.0838370030964495	0.216566776882067	0.269762951442014	0.217443270364576	0.127015579841515	0.0570931424113515	0.0202439727947294	0.00615213184339736	0.00151270792012853	0.000319960270570264	4.75616618415258e-05	4.94147136015852e-06	
0.0771087136949975	0.206010514599869	0.265661432850616	0.222275575957694	0.1338674062854	0.0623738127506364	0.0229653841376254	0.00731955570964279	0.0019262964494222	0.000416529934844583	6.79796629568311e-05	5.56197242374072e-06	1.23599387194238e-06	
0.07115517310733	0.195585136502455	0.261653995748512	0.225252103310529	0.140997150203756	0.0677892574130286	0.0262360720463146	0.00844542222469762	0.00228911971929043	0.0004752754648324	0.000108298445762591	1.23769652300104e-05	6.18848261500521e-07	
0.0654838621728936	0.185845878917965	0.256273205407201	0.228365992336329	0.147262319623657	0.0737492006682166	0.0296446753349758	0.00991543193658882	0.00270533532278133	0.000615919219158186	0.000122068497157105	1.4871288993759e-05	1.23927408281325e-06	
0.0596681891998472	0.17596343436288	0.250255394331954	0.231422973379993	0.154074975702606	0.0794215822959718	0.0333847744611878	0.0114261405802187	0.00334853796448389	0.000844586726946974	0.000163328168519893	2.04936485215075e-05	5.58917686950204e-06	
0.0551971009368923	0.165941734906522	0.244643306186776	0.232136677231499	0.160793557526883	0.0857064785744696	0.0370443449098338	0.0131514738066013	0.00401409695578456	0.0010905098257923	0.000232791481076667	4.1703286716943e-05	3.73462269106952e-06	2.48974846071301e-06	
0.0510837624416574	0.157697619597644	0.237878155591822	0.233295204171107	0.166000958818021	0.091908668857541	0.0407758477218136	0.0149902255209537	0.00461213823870594	0.00134073063920373	0.000339063885597609	7.01725624039009e-05	6.20996127468149e-06	1.2419922549363e-06	
0.0469787502186255	0.149453033033853	0.231434195885995	0.233333291985715	0.171823541597151	0.0976899499238997	0.0448278471246246	0.0169864284713083	0.00540020566305247	0.00153192925091761	0.000409341419273531	0.000111638568892781	1.984685669205e-05	
0.0434388641419872	0.140557102581	0.224796973555775	0.232605873521586	0.176552489582353	0.104110820975022	0.0495915935408109	0.0195606502792078	0.00631562126835166	0.00185064983326809	0.000480004558494904	0.000125730226289633	1.36259358540489e-05	
0.0396465848145084	0.133278836734833	0.217563333731435	0.232518132701486	0.181046693601435	0.109482470020167	0.0539479196511393	0.021948597867702	0.00763674324862021	0.00219182761418141	0.000572399927475382	0.000144182900650556	1.54702683101455e-05	6.806918056464e-06	
0.0360319946613775	0.125770284757429	0.212241758038056	0.23098192962781	0.184884407082325	0.114729098891185	0.0584449408209986	0.0245156466746375	0.00886804519292262	0.00260196058440616	0.000720466882312414	0.00016868564225668	3.5837975277976e-05	4.94316900385876e-06	
0.0331404426390216	0.11847139584706	0.204927922504175	0.230051513064935	0.188334213106101	0.120536492438693	0.0631019592766166	0.0271163685947083	0.00992803994456814	0.00328524046229483	0.000875239980171117	0.000188522735841943	3.83226544990178e-05	4.32675131440524e-06	
0.0304326851714413	0.111781950423037	0.197912028103508	0.228499332046905	0.191516377220326	0.126016773044382	0.0673210133095839	0.0298692543664341	0.0114906486566721	0.00374362970659542	0.00112315075948741	0.000249245460392855	4.02008807085251e-05	3.71085052694077e-06	
0.0282775539656347	0.105854254328711	0.191596305359527	0.225861494845456	0.194840946481337	0.130562208827129	0.0715983317157492	0.0325526713614704	0.0127950804024788	0.00437149287470137	0.00130662908846713	0.000316309263969348	5.80724039318724e-05	8.64908143666185e-06	
0.02643128261901	0.099916722679108	0.18364131938953	0.223618757907639	0.198228441799779	0.135224329827613	0.0760924897200696	0.0356134103669144	0.0142603145263324	0.00500034595919658	0.00145426419421161	0.000394764154673415	0.000103169974695556	1.85335283884232e-05	1.85335283884232e-06	
0.0241041285487544	0.0942602619914467	0.177324218435894	0.21983690172661	0.200271046963742	0.140938854229681	0.0802835910815528	0.0391032563985516	0.0157234455005091	0.00579887102939703	0.00173254802702305	0.000478754792187019	0.000115049601223237	2.3504757239156e-05	4.32982370194978e-06	1.23709248627137e-06	
0.022274691165701	0.0879974926782379	0.170895818436342	0.216664311939454	0.201302030474078	0.14626927920052	0.0856697060128216	0.0420328061829173	0.0177036412308827	0.00635406171935394	0.00208347086379826	0.000578090672010355	0.000124625737188999	4.44210548396431e-05	3.70175456997026e-06	1.85087728498513e-06	
0.0203803728309346	0.0828992429759929	0.163737403985621	0.212788690113091	0.202467876081221	0.150804653793685	0.0907775670483211	0.0455335830046077	0.0199453582215913	0.00734903575869382	0.00238457016736355	0.000715371050209066	0.000158355176489001	4.68287681446072e-05	6.16168001902727e-06	6.16168001902727e-07	4.31317601331909e-06	
0.0186129675045039	0.0780827515561141	0.157313751678767	0.20903177930453	0.202967572301755	0.154449601872699	0.0960719790985478	0.0493062741953477	0.0218105593258678	0.00840631357971884	0.00278710682656269	0.000865963089633035	0.000216953030285287	6.40997589479257e-05	1.04778452126417e-05	1.23268767207549e-06	6.16343836037747e-07	
0.0172582637500417	0.0733496302286388	0.151441805369567	0.204610735425222	0.203476258836243	0.158831050160558	0.100491750778678	0.0528084941693467	0.0237862955228051	0.00941090061985081	0.00323032162256737	0.000945294116919714	0.000275736544242114	7.17162312378592e-05	8.65540721836232e-06	3.09121686370083e-06	
0.0161155449031924	0.0689986359728628	0.145450904602773	0.200259826465093	0.203772180892124	0.161754953482781	0.105107345289224	0.0569473604189856	0.0259739938677493	0.0103485593042782	0.00376451712388667	0.00110197570709078	0.00028306498813661	8.96166447157391e-05	2.84301079787862e-05	2.47218330250315e-06	6.18045825625787e-07	
0.0145249414471411	0.065090875149666	0.139450687953595	0.19583203782493	0.20347280730438	0.165103917802851	0.109636171789668	0.0605914688685467	0.0287012546290601	0.0116870826428248	0.00411183549690963	0.00133084513301961	0.000331320479005346	9.33384185257599e-05	3.21430315452948e-05	5.5632169982241e-06	3.7088113321494e-06	
0.0135142661933548	0.0603955322530337	0.132933914576123	0.19132245112164	0.20388241963353	0.168598779093083	0.113772458795629	0.0645159693238473	0.0311588713789911	0.0129220075155584	0.00476777518677499	0.00163134156183007	0.000423926012842792	0.000115109837063882	3.58944653209955e-05	6.80757100915433e-06	2.47548036696521e-06	
0.0124827703217321	0.0568316216145927	0.127077933255973	0.186600047308083	0.202481073670575	0.171361766894992	0.118813260629148	0.0684945502821766	0.0337156784189688	0.0142512505062089	0.00531782486844761	0.00185207431084383	0.000513329857468918	0.000144896485702928	5.57294175780491e-05	4.95372600693769e-06	1.23843150173442e-06	
0.0114622191242508	0.0538741632072423	0.121777721100858	0.181568707077035	0.201207878697086	0.173688276668107	0.121992529376734	0.0729648618231837	0.0363632649372227	0.0159676215214369	0.00606786951047237	0.00215674937507506	0.000655567620035731	0.000195617911172135	4.5190213656854e-05	8.66661631775282e-06	3.09522011348315e-06	
0.0106999107412926	0.0503832309920088	0.116651171651979	0.177486269437584	0.199547953823001	0.175756147438312	0.12577807551299	0.0763053699349704	0.0394538332068371	0.0173859631868142	0.00699224135851381	0.00245631550200446	0.000767018691132089	0.000244332566933206	7.60833056526185e-05	1.36083961329887e-05	2.47425384236158e-06	
0.00975117146314542	0.0473801374731005	0.111245428172715	0.172717114671749	0.19779155557698	0.176514867786278	0.130204528627457	0.0804134823016671	0.0423253249875468	0.0193929528040335	0.00797002834254806	0.0029424088817363	0.000935069237149133	0.000284908736500826	0.000106918029099009	1.97767452668686e-05	3.70813973753787e-06	6.18023289589645e-07	
0.0089846201650561	0.0442572537259694	0.106700764614419	0.168250930644626	0.195954485651612	0.178487713271442	0.133067076696955	0.0839608531227612	0.0451432002831083	0.0211887343602997	0.00905860317609066	0.00336006175115321	0.00111159474079436	0.00031627737217277	0.000123305018390943	2.34279534942793e-05	9.24787637932076e-06	1.84957527586415e-06	
0.00839595418418902	0.0409678245368683	0.101369451529984	0.163220673252115	0.194103504141347	0.180284649930567	0.136988240739829	0.0874613441405596	0.0483124378305445	0.0232827688428849	0.010096073352571	0.00369754375252371	0.00130740518234732	0.000377325506958055	9.91018052532574e-05	2.46215665225484e-05	1.04641657720831e-05	6.15539163063711e-07	
0.00760508619077105	0.03890267971407	0.0961954813972023	0.158775234792143	0.190779072215291	0.181368866126653	0.140049893909079	0.0922475533032027	0.0513675141387683	0.025454413005753	0.0110233313598837	0.00423375932269728	0.00139643680197452	0.000427203477880799	0.000132112058188571	3.33366875802936e-05	6.79080672931906e-06	1.23469213260347e-06	
0.00698941468525972	0.0363204473027346	0.0918464668270483	0.153499132589686	0.187999967816385	0.182393210742643	0.14354573075064	0.0960340502646174	0.0547319507169829	0.0274142507809168	0.012203160307205	0.00458678404608694	0.00169087761623391	0.000526078321302644	0.000154110002358069	4.88943380975399e-05	1.29972291145359e-05	2.47566268848303e-06	
0.00639446680847661	0.0335117427184978	0.0874381648115852	0.148666703452107	0.185200845403814	0.182919941449152	0.147708835387428	0.099468863708084	0.0581150024458185	0.0294899368055069	0.0132371786724631	0.00513156891349242	0.00186799772095598	0.000621839267878809	0.000156854770461953	5.82780570095793e-05	6.81977262878056e-06	4.95983463911313e-06	
0.0058921581713264	0.0317851234025646	0.083119100314443	0.144146487582142	0.182941857541509	0.181918753899496	0.15024103154673	0.103475634550856	0.0614427127146081	0.0318397551504391	0.0143693913216227	0.00582448930180005	0.00205800277504447	0.000694071524132643	0.000180657257175849	5.58733785079946e-05	8.07059911782144e-06	3.72489190053297e-06	3.10407658377747e-06	
0.00525079881218349	0.0296656491228723	0.0791160452580661	0.138991149663268	0.180050684966333	0.182864587305692	0.152594984705839	0.10685822037109	0.0646292227912448	0.0342845910633488	0.0156965896470965	0.00644816448369109	0.00237240862723359	0.000854463954084654	0.000236248742021954	6.01473175226498e-05	1.36416596443123e-05	4.96060350702266e-06	5.5806789454005e-06	1.8602263151335e-06	
0.00500693911599192	0.0274623024240769	0.0750415387063952	0.134431825430296	0.176877168667275	0.182584521900791	0.15508320436672	0.110620222584299	0.0681216206257404	0.0361818698641717	0.0172335314433919	0.00731378490536359	0.00272052981280798	0.000905398266862114	0.000316455892179576	7.18373453871445e-05	1.61014739660841e-05	8.67002444327606e-06	1.23857492046801e-06	1.23857492046801e-06	
0.00460366038684619	0.0257096535674343	0.0711269864664522	0.129234420071315	0.174112367955948	0.182353626017307	0.156582045352929	0.11470694239913	0.0716063021968018	0.0385644803511514	0.0186778317093984	0.0079954074864906	0.00316571319579738	0.00109982524173242	0.000340599033194163	9.9702626080473e-05	1.48625032666544e-05	4.33489678610752e-06	0	1.23854193888786e-06	
0.00420370119550131	0.0242977159848751	0.0673710527394886	0.124067587264388	0.170057296086942	0.181801689184571	0.158826095006381	0.117642124987729	0.0755585156946048	0.0413728445624634	0.0203680071374696	0.00882864232753083	0.00365509520146825	0.00135815708149067	0.000443606658821746	0.000116803994199563	2.85797007084038e-05	2.48519136594816e-06	
0.00396519728068785	0.0226876676644938	0.0642787201700969	0.119450169257598	0.165449068850074	0.180547654795321	0.16056686529955	0.121083372966655	0.0788121815734584	0.0446069151598233	0.0223513284156929	0.00993102247753335	0.00401990680729502	0.00152502805417487	0.00051352351110821	0.000170345571481416	3.35717549634907e-05	7.46038999188683e-06	
0.00359672393883889	0.0209351606673569	0.0611691934777415	0.11568870948475	0.16123725810305	0.178741190172812	0.162553754877757	0.124151991916859	0.082070135183563	0.0474424125985506	0.0241461435852513	0.0110253494067054	0.00461396034084574	0.00180489468025802	0.000589188301345863	0.000167361830054949	5.59946643306522e-05	8.71028111810146e-06	1.86648881102174e-06	
0.00327031017548051	0.0196629265916163	0.0580648051533518	0.111653466584784	0.158444536945607	0.177327840506425	0.163800478724629	0.127178729046464	0.0844842572768446	0.0500420921772015	0.0259478206331933	0.0120676685413707	0.00500439587925985	0.00204581047507228	0.000701225184126054	0.000221505027106367	6.65759491583742e-05	1.18218975141038e-05	3.73323079392753e-06	
0.00308054972714332	0.0184118455152154	0.0548906988896227	0.107279305453468	0.15528008584283	0.175945492039842	0.165157976032851	0.130257298597722	0.0872283937461982	0.0527023777643709	0.027788323113505	0.0129957196637615	0.00566341483721488	0.00213861479645569	0.000808349172047895	0.000267792846389425	7.51808223042239e-05	2.54744935080428e-05	3.10664554976132e-06	
0.00279039185429307	0.017143198062511	0.0521846779521134	0.102772182838406	0.151082007068578	0.175410619522924	0.165766055784221	0.132639319169246	0.0911948532496257	0.0552870468021426	0.0297602438143724	0.0139886258904861	0.00629360764107482	0.00237214381020861	0.000858247472333793	0.000325649294354024	9.81919628014043e-05	2.61016609978416e-05	6.83614930895852e-06	
0.00247188540885792	0.0159604299590027	0.0494898786229735	0.0993132754531221	0.146716957320228	0.173267987779694	0.165894564771161	0.1356338429682	0.0950756688841176	0.0582495449060218	0.0315979000153406	0.0152710347821604	0.00674675658201598	0.00276565470493576	0.00103222953505574	0.000347181895364718	0.00012110996349932	3.60224506818491e-05	8.07399756662135e-06	
0.00227668349441728	0.0148891125964687	0.0466161192420743	0.0954139049096499	0.143269593233791	0.169988641423592	0.166366193299496	0.13812252482088	0.098507238375469	0.0614058675834675	0.0338285606404523	0.0167211410494232	0.00757031418356428	0.00320201311980783	0.00118305566199261	0.000429750403201516	0.00015836178152657	3.72615956533107e-05	1.36625850728806e-05	
0.00221457609524354	0.0139083077335704	0.0437414477752419	0.0913147889230219	0.139978965562628	0.167836557206468	0.166492414440501	0.140294357952979	0.102356626841134	0.0645970800128144	0.0358721592955078	0.0177613100456201	0.00809465745157982	0.00350842991707912	0.00131558361250941	0.000493576673876818	0.000170113218417922	4.15970278613168e-05	7.45021394531046e-06	
0.00201116640218621	0.0131887176475981	0.0417315479973193	0.0873237674405353	0.13557379871984	0.165613080571773	0.166913184753538	0.142281196616137	0.105047055223768	0.0676599239634162	0.0386011399293645	0.0192717682284021	0.00890314316754682	0.0036395484383265	0.0014184080877753	0.00055931113679524	0.000191392183022956	5.94616490945106e-05	1.23878435613564e-05	
0.00184394517813894	0.0119553846780877	0.0396775504306038	0.083550601042144	0.132096502679464	0.163754188398584	0.167040684124657	0.144530473262795	0.107017983714494	0.0702397375743661	0.0410095630726821	0.0208212657640022	0.00985269434601699	0.00406396624826937	0.0015814948430053	0.000632968455322308	0.000229721234516974	8.21315166418214e-05	1.79083758091189e-05	1.23506040062889e-06	
0.00175004131528123	0.0111736253110979	0.0374125287665354	0.0802996406187179	0.128052089319938	0.162166178694141	0.167064814426556	0.146437389466207	0.110277885348245	0.0724793361929263	0.0427397334609379	0.0225476605684489	0.0104724988222062	0.00446760018647375	0.00168344354852634	0.000648094933883217	0.000220142617884214	7.76973945473695e-05	2.6515777504261e-05	3.08322994235593e-06	
0.00160329962641083	0.0103767229764742	0.0352374289958496	0.0771650405420744	0.124615060035829	0.159473101086222	0.167038651920505	0.148180295021937	0.112640589451658	0.0763124972239906	0.0441712439976509	0.0238588750869816	0.0114747888999107	0.00488330890445099	0.00193703764021932	0.000703255703773892	0.000233184785988185	6.60073335998302e-05	2.59094206653539e-05	3.70134580933627e-06	
0.00143908589362731	0.00985338965486612	0.0331878004006988	0.0737764377288473	0.121149689606506	0.156653721267629	0.166533635008833	0.149427449838635	0.115363120910356	0.0784983419361843	0.0473220542226345	0.0253650454487135	0.0125280045004589	0.00549603742486898	0.00220520020133632	0.00081977931960167	0.000283129200675069	7.52543844931556e-05	2.09725333833384e-05	1.85051765147104e-06	
0.00126057164022471	0.0089635162664362	0.0311006852274832	0.0704944749675906	0.117783196493611	0.154514476202235	0.165526884375579	0.150838323353293	0.118099265386752	0.0813408235076239	0.0498715970121612	0.0271819248101735	0.0132076054077412	0.00609296870177171	0.00231372306932527	0.000963639730847583	0.000324094079881474	8.95116982529786e-05	2.71621705043521e-05	5.55589851225384e-06	
0.00108333189136276	0.00837681904587691	0.0295750224329422	0.0669935407958194	0.113452596659407	0.15142297775987	0.165240557770697	0.152029841374997	0.121147775616195	0.0843540425027006	0.0523274641011126	0.0288513592014614	0.0144077579664754	0.00652347486892488	0.00265240186978264	0.00100361151829613	0.000412197587871627	0.000107529805531729	3.02813820175558e-05	7.4158486573606e-06	
0.00107764476876028	0.00787823169918334	0.0279471268570073	0.064282591189127	0.109831455123043	0.147650302111072	0.163785948253289	0.153197239253195	0.123268975193791	0.087621474341556	0.0551241545583447	0.0307372695878148	0.0156107188909584	0.00724399606736855	0.00300320143867121	0.001146811653632	0.000382270551210668	0.00015562549096137	4.81697948213765e-05	6.1756147206893e-06	6.1756147206893e-07	
0.000997119706195223	0.007462355028914	0.0261725411990611	0.061329649255739	0.10641044310124	0.144693422712116	0.162118953419207	0.154100037762207	0.125732105526857	0.0902886957723605	0.0578236875165055	0.0326143293999758	0.0168992045255413	0.00793561667164404	0.0034319181966942	0.00131735802767748	0.000459069963743345	0.000149321144120819	5.18304797774745e-05	1.17235609020478e-05	6.1702952116041e-07	
0.000920919713160595	0.00695676048023254	0.025120301293412	0.0587997387444343	0.101870587387955	0.141546467971262	0.160728806996527	0.153738804761943	0.128246688290223	0.0932677444792525	0.0602943865141896	0.035222101088175	0.018365453691466	0.00868902523480067	0.00390529054832274	0.00153096746432513	0.000527558953327961	0.000185292001110521	7.0792625009003e-05	1.04649967404613e-05	1.84676413066964e-06	
0.000870475997407616	0.00642628751508897	0.0236207992775725	0.0566048978864695	0.0985069217278058	0.137761273339906	0.159227690597078	0.154749377244148	0.128719257668881	0.0962997091246402	0.0634501442090617	0.0374507400888905	0.0199816321578529	0.00955373515291689	0.0042172319846177	0.00157754577370696	0.000628438211254757	0.000250023804477699	8.23174196560483e-05	1.65863457515918e-05	3.68585461146485e-06	1.22861820382162e-06	
0.000823487509518312	0.00613531969246641	0.0219891429834688	0.0540713811991845	0.0950738129743804	0.134843162781558	0.157017759327946	0.155541499840338	0.131982756503156	0.097979047431898	0.0661178796885363	0.0391828989707941	0.0213204048045983	0.0104154896710963	0.00466213062808578	0.00171513841467908	0.000733831151285893	0.000265898651470119	8.90422735869912e-05	3.5002824789369e-05	3.68450787256515e-06	1.22816929085505e-06	
0.000775395906942653	0.00567742300460072	0.0207795034760611	0.0513052600251127	0.0922057031260569	0.131070808834471	0.154721921260114	0.155427217933598	0.134698751618739	0.101848037159973	0.0680718898384397	0.0415713050632553	0.0222134632341819	0.0112730635701663	0.00515352347033019	0.00200582192581041	0.000769861756932753	0.000274247878268377	0.000113142622424622	3.62794278426776e-05	6.14905556655553e-06	1.22981111331111e-06	
0.000711664025629755	0.00530669887623572	0.0193429789665112	0.0490937364946976	0.0887997872395439	0.128353162657092	0.152796605682723	0.1548657257434	0.136991631175809	0.104726655757768	0.070856126897822	0.0429085388601802	0.0238413604849165	0.0120785883934739	0.00564159959417913	0.00230182680954122	0.000847101815974518	0.000334900717943414	0.000132359658746018	5.6021995097152e-05	9.23439479623384e-06	3.69375791849354e-06	
0.000591638666545052	0.0048656117420554	0.0181885749643168	0.0465989404737547	0.086085274853138	0.125609819229736	0.151921100053494	0.154641405339046	0.137371102888429	0.107164867509916	0.0735332907682182	0.0450767034879565	0.0248414285115604	0.0130185158251017	0.0062115897084454	0.00271106093138717	0.000982366702575847	0.000377785940200122	0.000128188377751428	5.97801569321563e-05	1.54072569412774e-05	3.69774166590658e-06	1.84887083295329e-06	
0.000506716458853329	0.00438229599268652	0.0171494548482964	0.0438765905009774	0.0828771138614075	0.122319627125728	0.149851221390092	0.154853659423662	0.138670787796147	0.109767607009948	0.0764556231656957	0.0476005249631829	0.0265939838824714	0.0138767569406901	0.00652566962703326	0.00288433857782813	0.0011638451025731	0.000421030828949907	0.000140549090776836	5.91785645376151e-05	1.78768580374046e-05	2.46577352240063e-06	3.08221690300078e-06	
0.000481996833471633	0.00412621299458538	0.0160665611157211	0.0416351696407246	0.0791459730180266	0.119189260396481	0.147715101090064	0.15465942583897	0.140126267165366	0.111490238179074	0.0792770909305801	0.0503277332236785	0.028485212608003	0.015047165513896	0.00702311861184912	0.00319422933446271	0.00129394296801708	0.00045860490541043	0.000173592729296297	5.60175119360391e-05	2.58542362781719e-05	1.23115410848438e-06	
0.000468360694431006	0.00383932516619101	0.0148180696020968	0.0395037595189689	0.0764592671017902	0.115728230009472	0.145371148118453	0.154168934004897	0.140948220876438	0.113692709780912	0.0818891698368318	0.0527860990545893	0.0305217106751111	0.0162706040189045	0.00780991457963703	0.00348990343758262	0.00140939593179436	0.000558335248887489	0.000156531074191415	7.58004808092287e-05	2.83481472945083e-05	3.08132035809873e-06	3.08132035809873e-06	
0.000464914055471134	0.00360185399853761	0.0139418869729975	0.0377539731395289	0.0729792073953313	0.112812379505162	0.142790726563504	0.153366291394109	0.141883037217108	0.116301694783923	0.084416339146194	0.0551654964894684	0.032614704936391	0.0170911262297008	0.00853756856098645	0.00377465935513469	0.00159768084142064	0.000605126230930683	0.000188179498643078	7.62557445481755e-05	2.52135929554451e-05	7.99455386392162e-06	3.68979409104075e-06	
0.000462576742894563	0.00339652963009833	0.0135517170627544	0.0359138931515298	0.0700143380360945	0.110042891245935	0.140120822833722	0.151740529463006	0.142893211732371	0.118063345369748	0.0872058521793938	0.0576740437316244	0.0342902672133222	0.0183243049984089	0.00915754516112783	0.00424612277143057	0.00184723541286049	0.000693557958470069	0.000243881762190095	8.4775020610159e-05	2.39581579985232e-05	8.60036440972628e-06	
0.000422620356458833	0.00323580194662611	0.0127735471506507	0.0342530736443533	0.0675818949439293	0.106327606725421	0.137858147783601	0.151269912921832	0.143237063682763	0.119918832391829	0.0895906156231108	0.0598350800620578	0.0363043136063542	0.0197565829245451	0.00995056566815972	0.00449447561694916	0.00196120345127708	0.000802366184001553	0.00028664685046773	0.000106573829020054	2.02122779175964e-05	1.10248788641435e-05	1.83747981069058e-06	
0.000331489144647918	0.00305862954314435	0.0122008799752423	0.0322547500192655	0.0646568965032176	0.10367659380837	0.135231669323065	0.150143788003518	0.144053439475097	0.121954978636687	0.0921759999412861	0.0617493330462874	0.0380607028793074	0.0211443592412691	0.0108094818127441	0.00496622113383966	0.00214917500792027	0.000869700302009852	0.000353506873812725	0.000119262699642701	2.38525399285402e-05	1.10088645824032e-05	4.28122511537902e-06	
0.000307174259407746	0.00279998803058552	0.0115193400699966	0.0306673498189626	0.0623087412756098	0.0999421681861513	0.133225079343172	0.149358140148409	0.14499235728458	0.123571380152879	0.0940893687782709	0.0643887323840448	0.0395833422391477	0.022390743978499	0.0114100275601875	0.00546990028134231	0.00246166886614836	0.000988698063580797	0.000344426008560574	0.000124579620117654	3.66410647404866e-05	1.70991635455604e-05	3.05342206170722e-06	
0.000311749414478473	0.00260990997091762	0.010869134184635	0.0293849751424073	0.0596923869084768	0.0967631137604727	0.130427169907091	0.148812454358605	0.145084273004636	0.125121939166769	0.0960169894279734	0.0665636856467763	0.0417652703831345	0.0239247848105436	0.0123754146236709	0.00597021481425897	0.00258916734842786	0.00111949153731506	0.00041241214126702	0.000116524732221895	4.33154763756782e-05	1.95224682256578e-05	6.10077132051805e-06	
0.000315471080088771	0.00251339531699352	0.010139618835271	0.0279896681695782	0.0579948121177506	0.0939707191581255	0.127826196791714	0.146958266898297	0.14626081342723	0.126556990125206	0.0979912973915972	0.0688672757638275	0.0431652305715274	0.0253292157340133	0.013136288998358	0.0062801322171637	0.00283069698362052	0.00116059186523954	0.000507072471090462	0.000139124576905686	3.66117307646543e-05	1.2814105767629e-05	1.70854743568387e-05	6.10195512744238e-07	
0.000255425344304809	0.00236482316377898	0.00956378484142241	0.0265349046676843	0.0557047234134603	0.091169738085141	0.125492671492454	0.144802338669564	0.146328780081223	0.127799443441618	0.100594200011488	0.0710876842209466	0.0457547452284957	0.0263314198838242	0.0140416722171775	0.00696859001543551	0.00301560783288094	0.00131806810446286	0.000586011734900268	0.00021020650344702	4.09413829388091e-05	8.55491583796012e-06	2.13872895949003e-05	4.27745791898006e-06	
