# <P(N_2)> as a function of N_tot.
# number_of_species: 2
# species_total_upper_bound: 100
# species_total_lower_bound: 0
# volume: 512
# Bin widths for each species index 
1	1	1	1	1	1	1	1	1	1	1	1	1	1	1	1	1	1	1	1	1	1	1	1	1	1	1	1	1	1	1	1	1	1	1	1	1	1	1	1	1	1	1	1	1	1	1	1	1	1	1	1	1	1	1	1	1	1	1	1	1	1	1	1	1	1	1	1	1	1	1	1	1	1	1	1	1	1	1	1	1	1	1	1	1	1	1	1	1	1	1	1	1	1	1	1	1	1	1	1	1	
# Bin lower bound for each species index 
0	0	0	0	0	1	2	2	3	3	4	5	5	7	7	8	9	9	10	11	12	13	13	14	14	15	16	16	17	18	19	21	21	22	23	24	25	25	26	26	28	29	29	30	30	30	31	31	32	35	35	36	37	37	38	39	41	41	42	44	44	45	47	48	49	49	50	51	52	53	54	54	55	55	56	57	58	59	59	60	62	62	63	64	66	66	68	68	69	70	70	71	72	74	75	75	77	77	78	79	80	
# Bin upper bound for each species index 
0	1	2	3	4	5	6	7	8	9	10	11	12	13	14	15	16	17	18	19	20	21	22	23	24	25	26	27	28	29	30	31	32	33	34	35	36	37	38	39	40	41	42	43	44	45	46	47	48	49	50	51	52	53	54	55	56	57	58	59	60	61	62	63	64	65	66	67	68	69	70	71	72	73	74	75	76	77	78	79	80	81	82	83	84	85	86	87	88	89	90	91	92	93	94	95	96	97	98	99	100	
# Normalized histogram for each species index 
1	
0.0780152330258673	0.921984766974133	
0.0056268132539319	0.14506031455184	0.849312872194228	
0.000442807245242685	0.0161891855782261	0.200855076059779	0.782512931116752	
6.55446956991113e-05	0.00176585121354076	0.03092938522931	0.250689183197425	0.716550035664026	
0.000182294898845724	0.00390576517314137	0.0491420503909644	0.288541795953829	0.65822809358322	
0.00042150690652601	0.0075445869232316	0.0664666120125601	0.316304196507293	0.609263097650389	
1.93237461787292e-05	0.000931404565814747	0.0114512519855149	0.0862727971895544	0.339831265048367	0.56149395746457	
0.00012751651918544	0.00199775880057189	0.0178059430426214	0.106012597086441	0.355709262336257	0.518346922214923	
3.11185968624675e-05	0.000241169125684123	0.00300294459722811	0.0250076824036004	0.127146696955434	0.37162995320541	0.472940435115781	
8.23648921608233e-05	0.000451045838023556	0.00512231186485882	0.0326478743974616	0.146142773657354	0.380466969717175	0.435086659632966	
0.000141977670067558	0.00084397837206826	0.00731185000847922	0.043157267876369	0.164556063432468	0.382042191030955	0.401946671609593	
2.35917680457366e-05	9.82990335239024e-05	0.0013879823533575	0.00988888277250458	0.0531837090977722	0.180575324583409	0.382941578918396	0.371900631472991	
0.000172979773160616	0.00196961059894246	0.0132722662315963	0.0631533426375484	0.196225895858314	0.384805299471232	0.340400605429206	
3.92958189248664e-06	0.000188619930839359	0.00288824269097768	0.0175180760767054	0.0722964476579692	0.211702294875825	0.380513203395159	0.314889185790632	
3.49704693814113e-05	0.000594497979483991	0.00397886229406279	0.0213319863226609	0.0835755362138638	0.226818464407833	0.373663350948088	0.290002331364625	
0.000205335626893543	0.0010731692198021	0.00526898967123054	0.0264224334983767	0.0958374981597279	0.238820831105635	0.367717365195224	0.26465437752311	
3.88280151895195e-06	0.000170843266833886	0.00152982379846707	0.00719483121461797	0.0321146513632516	0.109623135284571	0.248639078067607	0.358433056619012	0.242290697584121	
1.1768259435202e-05	0.000290283732734983	0.00190253527535766	0.009379302769856	0.0387960286047159	0.120530513135339	0.256912871729895	0.35013710022242	0.222039596270246	
3.93112666090101e-05	0.000286972246245774	0.00240584951647142	0.0119545561758	0.0457936944728359	0.131645569620253	0.263908326126268	0.339629687868543	0.204336032706974	
7.57726819541376e-05	0.000494516450648056	0.00328614157527418	0.0148753738783649	0.0527298105682951	0.141447657028913	0.273200398803589	0.325818544366899	0.188071784646062	
6.42846524410088e-05	0.000654899896742777	0.00420260915333095	0.0174452475561788	0.0609297971417436	0.151410445452464	0.274921351745529	0.31783537504068	0.17253598936089	
4.02291452111226e-06	0.000152870751802266	0.000985614057672503	0.00527001802265705	0.0211404158084449	0.06655107492276	0.15997521884655	0.277029962667353	0.307133432028836	0.161757369979403	
5.23362077989001e-05	0.000277784487548008	0.00152982761258323	0.00663864666618356	0.0238572590320217	0.0735645788545617	0.170128908105671	0.278211228934676	0.294733367150575	0.15100606294838	
4.00694002011484e-06	4.40763402212632e-05	0.000456791162293092	0.00179110218899133	0.00805795638045094	0.027703983299074	0.0811806048075266	0.17794019241326	0.280557926328401	0.285734892834389	0.136528467305373	
1.59402559208088e-05	8.76714075644485e-05	0.000593774533050128	0.0025265305634482	0.0095960340643269	0.0329803895001534	0.0906801308695011	0.187951557562257	0.279767431666115	0.270211248241591	0.125589291336072	
7.93232143352913e-06	9.1221696485585e-05	0.000674247321849976	0.00302618062689136	0.0113313211677964	0.0372105198446851	0.0981069514898883	0.193540710656677	0.279999048121428	0.260469672752079	0.115542194000785	
1.59200811924141e-05	1.99001014905176e-05	8.35804262601739e-05	0.000704463592764323	0.00370539889753438	0.013957931185449	0.0422399554237727	0.105152136275895	0.200266661359973	0.279548665698195	0.247712483333665	0.106592903623808	
1.59094434478946e-05	7.95472172394729e-06	0.000218754847408551	0.00106593271100894	0.0041802062659343	0.0161083114909933	0.0466942165195706	0.112523516146096	0.206779013853148	0.275460081217709	0.237794473854818	0.099151628928141	
1.58108391207592e-05	2.37162586811389e-05	0.000351791170436893	0.00128858338834188	0.00479858967315043	0.0188267566830441	0.0524722223320197	0.117770987900755	0.212086595965864	0.272606535410351	0.228684024332881	0.0910743860453534	
7.86098631795331e-06	1.96524657948833e-05	0.000377327343261759	0.00144642148250341	0.00617087425959335	0.0211814276337252	0.0572358413810181	0.124726339413806	0.216605547498045	0.26924271188306	0.217867235802076	0.0851187598507985	
9.42366439189879e-05	0.000545787229364138	0.00175123096616119	0.00713842577686333	0.0230094472235529	0.0618388710450058	0.133022875945311	0.222802911912297	0.26539002191002	0.208239423899984	0.076166767447522	
1.18195858417121e-05	9.84965486809342e-05	0.000559460396507706	0.00218662338071674	0.00823037160777886	0.0260188482995556	0.0672376839915529	0.141665616036814	0.223520187852618	0.263848614744539	0.196796104264507	0.0698261732908879	
1.58724489998373e-05	0.000111107142998861	0.000642834184493411	0.00266260331972271	0.00977742858389978	0.0298362360074442	0.0733465868282482	0.145510676206009	0.229936232436143	0.258213000329353	0.186044942839343	0.063902479673345	
1.20022084063468e-05	0.000164030181553406	0.000832153116173376	0.0031645822831401	0.0117021531961881	0.0340102578874513	0.0802387639325636	0.154772478135977	0.231122526544884	0.251638301447466	0.174796162493899	0.0575465885722973	
8.0284206089557e-06	0.000200710515223893	0.00109587941312245	0.00374525821407784	0.0136964855588784	0.0370351042691127	0.0867149709973306	0.161901130000201	0.231053930915441	0.245501073801256	0.16559420348032	0.0534532244144271	
3.20020481310804e-05	0.000232014848950333	0.00148009472606247	0.00464429723502304	0.0151969726062468	0.0417546722990271	0.0932939708141321	0.166838677675371	0.231594822068612	0.236747151817716	0.157562083973374	0.0506232398873528	
4.0212482758898e-06	8.44462137936858e-05	0.000390061082761311	0.00160447806208003	0.00532815396555399	0.0174964512483965	0.0459910165313517	0.0982471378765396	0.170134993304622	0.233529972374024	0.230972458470558	0.150969724021731	0.045247085600312	
1.60516864303056e-05	6.42067457212223e-05	0.000365175866289452	0.0022271714922049	0.00605148578422521	0.0191376231465318	0.0497762796203776	0.103721984791027	0.177310941230763	0.233724593190072	0.2255823752483	0.14012720961496	0.0418949015830976	
2.40913544159453e-05	4.01522573599088e-06	4.01522573599088e-05	0.000534025022886787	0.00220837415479498	0.00742415238584713	0.0219793456788141	0.0565383935884875	0.109695967107271	0.180966223921109	0.233593787642741	0.214593739460032	0.133353677143729	0.0390440550567753	
1.61536535525923e-05	0.000109037161479998	0.000763260130359984	0.00247958582032291	0.00902181550912278	0.0246868210417491	0.0605883160623854	0.117881286800042	0.184167804153104	0.229276881698718	0.20986422854189	0.125429081422491	0.0357157280047815	
4.87991346286792e-05	0.000142330809333648	0.000853984856001887	0.0031922767236261	0.0103738827031467	0.0266931266418876	0.0648906492724862	0.12211983440827	0.18853139004335	0.227253503371207	0.205371158084797	0.11813863834148	0.0323904256097859	
4.0782036328638e-06	4.48602399615018e-05	0.000232457607073236	0.00124793031165632	0.00339306542254268	0.0120510917351125	0.0303092093994437	0.0695292937366949	0.125453700154156	0.189864848331607	0.228864709672683	0.198135445299055	0.11053563126514	0.0303336786212409	
1.63577773052198e-05	0.000110414996810233	0.00038031832234636	0.0011573127443443	0.00419576987878887	0.0132988729491437	0.0330999623771122	0.0719619518099881	0.129161009602015	0.193442984967203	0.228186903963489	0.192081200006543	0.10479610030589	0.0281108402990202	
8.17247184583449e-06	2.86036514604207e-05	0.000192053088377111	0.000506693254441738	0.0013974926856377	0.00512413984733823	0.0143467743253624	0.0356156323041467	0.0753665353622857	0.134363609617365	0.196952485248688	0.223880779980713	0.185478334777137	0.0995774832055704	0.0271612101796309	
8.16826628548091e-06	4.08413314274045e-06	3.26730651419236e-05	0.000163365325709618	0.000710639166836839	0.00163773739023892	0.00557892587298346	0.016238513375536	0.0387992648560343	0.0779211762303451	0.139648764549724	0.200755564631407	0.21910557484174	0.179130079640596	0.0957443332652645	0.0245211353890137	
1.22311192289502e-05	8.15407948596683e-06	4.48474371728176e-05	0.000195697907663204	0.000676788597335247	0.00201813467277679	0.00613594481319004	0.0178248177563235	0.0407540892708622	0.0837994748772811	0.145962099838549	0.200765668063732	0.218190935925243	0.17282979174481	0.0884146838663383	0.022366640030007	
2.85440495850919e-05	4.07772136929884e-06	2.03886068464942e-05	6.93212632780802e-05	0.000187575182987746	0.000778844781536078	0.00266682977552144	0.00719717821681244	0.0201357881215977	0.0458539767977654	0.0883723775154444	0.151919587334597	0.203771892266601	0.214051827838604	0.161971170509919	0.082390360266683	0.0205802597508512	
4.09024721454165e-06	4.09024721454165e-06	2.04512360727082e-05	0.000106346427578083	0.000196331866297999	0.000912125128842787	0.00284272181410644	0.0085445264311775	0.0222345838582484	0.0489520786636344	0.0952373161433877	0.156124736179055	0.203563423373309	0.207715024296068	0.15607565321248	0.0783282341584725	0.0191382667168404	
1.23209357339992e-05	6.98186358259955e-05	0.000291595479037981	0.000956926008673939	0.00320755026941779	0.0093515902221054	0.0243831318175844	0.0522243395978447	0.101253449862006	0.161338546458142	0.204116835326587	0.200605368642397	0.151411979235116	0.0726154882376134	0.0181610592719148	
4.12315025171832e-06	1.64926010068733e-05	0.00012369450755155	0.000276251066865128	0.0010349107131813	0.00350467771396057	0.00990793005487913	0.0259552308345668	0.0566644539093649	0.105321750029893	0.164435355188778	0.20259098761818	0.199428531375112	0.14435561346291	0.069310155731385	0.0170698420421139	
2.07139690864725e-05	2.4856762903767e-05	8.28558763458901e-05	0.000397708206460273	0.00117655344411164	0.00360837341486352	0.0115956798946073	0.0295298343296752	0.059755658020656	0.10962246719943	0.1661716028055	0.204285305924609	0.194926734691341	0.138385884672906	0.0659201352207902	0.0144956355667135	
1.24677915385255e-05	2.90915135898928e-05	0.000112210123846729	0.00043221677333555	0.00146704347103316	0.00468788961848558	0.0135649571939157	0.0309492145291331	0.0636522317346854	0.113947302801097	0.17088355082703	0.203357991854376	0.191496966170726	0.13204222425401	0.0600199484664616	0.0133446928767351	
4.17785984951349e-06	1.25335795485405e-05	9.19129166892967e-05	0.000121157935635891	0.000421963844800862	0.00179230187544129	0.00549806356195975	0.0143258814239818	0.0335732817506904	0.0680782262478223	0.117773869157785	0.173577543167737	0.201753029992856	0.186754513133102	0.126630932038754	0.0576586437831356	0.0119319677302105	
8.35010312377358e-06	2.92253609332075e-05	8.35010312377358e-05	0.000200402474970566	0.000622082682721132	0.00212092619343849	0.0059410983725649	0.0156773186148849	0.0366152021977471	0.0730467021267713	0.12234571096953	0.173974398583823	0.201688390851627	0.179372740253342	0.122980318806937	0.0540251672108151	0.0112684641655324	
4.19609176013461e-06	4.19609176013461e-05	0.000155255395124981	0.000184628037445923	0.000868590994347864	0.00219035989879027	0.00639903993420528	0.0177075072277681	0.0404419323841774	0.0770947939089532	0.126986324936954	0.175472165225309	0.20107252105389	0.174758829626086	0.116307271407411	0.0499586684961627	0.0103559544640122	
2.93942269738223e-05	0.000176365361842934	0.000293942269738223	0.000919619386752442	0.00285543919174274	0.00757951138396419	0.0199838751669172	0.0436252320044343	0.0816697600591244	0.130766517455972	0.177755288861268	0.198104492277717	0.170667080985294	0.109993197336043	0.0463882893399736	0.00919199469224244	
4.21107597202161e-06	2.94775318041513e-05	0.000134754431104692	0.000341097153733751	0.00110330190466966	0.00338149400553335	0.00893169213665784	0.0219860276499248	0.0465197562629227	0.0855943302073113	0.133815361162931	0.179063372482303	0.193688439333134	0.167158660709398	0.104868424931254	0.044435273656772	0.0089443253645739	
1.69243397391959e-05	1.26932548043969e-05	0.000118470378174371	0.000351180049588315	0.00132432958459208	0.00369373714807951	0.010019209125604	0.0246164521506605	0.0490678919888638	0.0891447284912797	0.138229544819883	0.178530628823843	0.193919084731707	0.162152099041236	0.101084850177282	0.0393152412141521	0.00840293468051078	
3.82727914473069e-05	0.0001871114248535	0.000421000705920376	0.00135230529780484	0.00415897667060735	0.0109842911453771	0.0262423773357034	0.0524762496066408	0.0954863621286476	0.139776486897948	0.179482381758337	0.190972724257295	0.157381970963709	0.0953290184304754	0.0376561742517669	0.00805429633346658	
1.70002252529846e-05	0.0001105014641444	0.000114751520457646	0.000633258390673676	0.00148326965332291	0.00433930749582432	0.0121679112248237	0.0281736233005087	0.056908254034366	0.0983973037642749	0.141930630580855	0.181294652154141	0.188468747210901	0.151854512072285	0.0914442116358042	0.0358194746080386	0.0068425906643263	
8.55179609097401e-06	9.40697570007141e-05	0.000132552839410097	0.000649936502914024	0.00156497868464824	0.00501562840735625	0.0136871496436039	0.0309019151747346	0.0599994013742736	0.0999576686093497	0.146458059854021	0.181948013631563	0.184718795565039	0.147668139000894	0.0877414278933933	0.0335059370844362	0.00594777418127242	
6.87249798120372e-05	0.000214765561912616	0.000614229507070082	0.00192000412349879	0.006009140422315	0.0150722471350274	0.0327989966152947	0.062389395735615	0.102305723072694	0.149987973128533	0.180360118894215	0.183663213236431	0.143854268680309	0.0838874284830679	0.0313342954830507	0.00551947494115424	
7.3209279491497e-05	0.000254079264117548	0.000809608502611849	0.00239868051039787	0.00666635086193161	0.0164117978907115	0.0345117156379327	0.0634595260345117	0.105714199585722	0.152189172778206	0.181795866690208	0.182571023767177	0.140660864472398	0.0794449875328904	0.0282071047452532	0.0048318124464388	
7.32872342260006e-05	0.000319015019572003	0.000978600127606008	0.00258229725302202	0.00779862392440206	0.0178648410960321	0.0357210601645083	0.0674673656257005	0.110961183631943	0.153700574227035	0.183282750771671	0.177074890931351	0.134495007846045	0.0763911641461606	0.0264868686520322	0.00480246934869204	
4.29976222314906e-06	0.000107494055578727	0.000279484544504689	0.00123403175804378	0.00323772095403124	0.00810075202841283	0.0190522464107735	0.0369607560701893	0.070584896655215	0.114898246126989	0.156984318767172	0.183548249781787	0.173074029006196	0.130007610579135	0.0726530822845497	0.0248010285031238	0.00447175271207502	
2.57664443595106e-05	0.00014600985137056	0.000566861775909233	0.00141286003237983	0.00349994202550019	0.00830967830594217	0.0199947608229802	0.0403931959409261	0.0750963020857937	0.11881766375649	0.162113879095254	0.183061998359536	0.168422363555941	0.12584331425185	0.0653351140809324	0.023026612442616	0.00393367717221862	
3.00565922694445e-05	0.000249040335946826	0.000665538828823413	0.00146847922230714	0.0039588825817754	0.0100818398069508	0.0218683177754687	0.0427919997938977	0.079589856329489	0.123648526797599	0.162962549486032	0.180498424175805	0.164993516363668	0.119470660472146	0.0625864127027747	0.0211340781643151	0.00400182057073175	
7.75862068965517e-05	0.000193965517241379	0.000775862068965517	0.00152155172413793	0.00443103448275862	0.0113448275862069	0.0230818965517241	0.046375	0.0846681034482759	0.126271551724138	0.164129310344828	0.178297413793103	0.160056034482759	0.11501724137931	0.0608836206896552	0.0194827586206897	0.00339224137931034	
6.46473701449825e-05	0.000163773337700622	0.000728360370300136	0.0014868895133346	0.00500801627389798	0.0118692571586188	0.0251262778630165	0.0494854069336459	0.0865024910786629	0.130014481010912	0.163859534194149	0.175629665385212	0.158338648783767	0.112012343337873	0.0573292878445705	0.0191830296343545	0.00319788990983847	
8.5748952790914e-05	0.000231522172535468	0.000673129279408675	0.00185217738028374	0.00533358486359485	0.0131581768057658	0.0279713084003962	0.053048589644099	0.0889516761776547	0.131324521199285	0.163566127448669	0.173847426888299	0.154073718374714	0.108896882596821	0.0555610339608728	0.0184617495358838	0.00296262631892608	
3.42929647982716e-05	9.0019032595463e-05	0.000261483856586821	0.000638706469367809	0.00228476877968485	0.00646851048507399	0.0144073318358739	0.0302035287460777	0.0555288832496013	0.0932082783217023	0.131290615730183	0.163830352703143	0.174268273863617	0.152607979972909	0.104182027057149	0.0515723324360008	0.0165034893091682	0.002619125186468	
3.85374605526272e-05	0.000145585962087703	0.000278326103991196	0.00102338367467532	0.00285605402095581	0.00687679573861325	0.0154920591421561	0.0320032200189262	0.0596131695348529	0.0954101884481821	0.133810626918844	0.164135326433701	0.174317779899717	0.149469681723395	0.098681590655094	0.0480733410693717	0.0152950898993316	0.00247924329555235	
8.51745225968008e-06	6.38808919476006e-05	0.000212936306492002	0.000472718600412245	0.00120521949474473	0.00312590497930259	0.00720150588555951	0.0172861693610207	0.0337248522222033	0.0623520092669881	0.0984234195867332	0.137518525458665	0.166963357920379	0.172176038703303	0.143996047902152	0.09371752721326	0.0451339795240448	0.0139643629797455	0.00245302625078786	
2.96533523114788e-05	9.31962501217906e-05	0.000148266761557394	0.000440564091484828	0.00143183329732569	0.00322797920876384	0.00784542978297982	0.0183045907625571	0.0353764493075942	0.0648561176983915	0.101117931382143	0.14053994518366	0.169629883801221	0.169290988346233	0.138409140010421	0.0899513261402773	0.0432388238633235	0.013733738313402	0.00233414244623212	
4.64725241762745e-05	7.18211737269697e-05	0.000168990997004635	0.0006125923641418	0.00157584104706822	0.00341784291441873	0.00867768769618799	0.0197508227749167	0.0376723180072582	0.0667852420162316	0.103988610006802	0.143257892935754	0.169531768195049	0.165509782466339	0.135281517877135	0.0869500927338096	0.0413520969670341	0.0133207153388903	0.00202789196405561	
3.39253303479043e-05	9.32946584567367e-05	0.000292605974250674	0.00077604193170831	0.00167930385222126	0.00379963699896528	0.0102200057673062	0.0213814394517667	0.0399343544857768	0.070348413142673	0.107089545909453	0.147409801027938	0.164075619561345	0.164084100893932	0.131307991111563	0.0836937899682798	0.0394085118653843	0.0125354095635506	0.00183620850508032	
3.4180876654034e-05	8.11795820533307e-05	0.000354626595285603	0.000687890142662434	0.00177313297642801	0.00462723617703985	0.0107157048310397	0.0224397455233733	0.0425551914342723	0.0725275476502784	0.110703314263253	0.146635960845806	0.165678981751684	0.161863541395178	0.12684523326312	0.0806625962939384	0.0382569461950275	0.0117924024456417	0.0017645877572645	
4.29110882251974e-06	2.57466529351184e-05	9.44043940954343e-05	0.000446275317542053	0.00081531067627875	0.00192670786131136	0.00534243048403707	0.011847751458977	0.0237813250944044	0.0440611053896327	0.0769782011671816	0.112701682114658	0.147996052179883	0.166645211122554	0.15861654651562	0.124090284929626	0.0763989014761414	0.0361568829385513	0.0106805698592516	0.0013903192584964	
4.28994907830444e-06	3.43195926264355e-05	0.000120118574192524	0.000416125060595531	0.000935208899070368	0.00246243077094675	0.0056026734962656	0.0125824206466669	0.0250747523626895	0.0470950609816261	0.0787548851795129	0.115867234655925	0.149324547517621	0.167586860743963	0.15646302278392	0.119796828011652	0.0735211473039815	0.033212785764233	0.0098540130328653	0.00129127467256964	
2.58230005465868e-05	6.88613347908983e-05	0.00041316800874539	0.0012438078596606	0.00224229721412862	0.00607270896187234	0.0132385916135502	0.0267052863985952	0.0496963645519064	0.0815576433929701	0.117860478328047	0.151185060533417	0.166041893514553	0.154249389931612	0.117356929817388	0.0699846353146748	0.0315083645002604	0.00942109136607977	0.00112760435720096	
4.33664508462963e-06	4.33664508462963e-05	0.000108416127115741	0.000559427215917222	0.00118824075318852	0.00267137337213185	0.00596722363645037	0.014484394582663	0.0288603730382102	0.0523433061714796	0.0848681443062018	0.121465092175391	0.151227487391204	0.164606037477287	0.151713191640683	0.113442298768826	0.0664374026965259	0.030326159076815	0.00856053739705889	0.00112319107691907	
4.34287898133431e-06	4.77716687946774e-05	0.000160686522309369	0.000547202751648123	0.00112046277718425	0.00267955633148327	0.00723523638290295	0.0161468240526009	0.0311471280541296	0.0562533114452233	0.0880692428624784	0.122777531681302	0.150984530665068	0.163374764398815	0.146381078944854	0.111420903145113	0.063862035420521	0.0288540879519851	0.00781718216640175	0.00111611989820292	
1.73611864634829e-05	5.20835593904487e-05	0.000173611864634829	0.000629343009301256	0.0011718800862851	0.00335938958068394	0.00772138767963403	0.0169445179883593	0.0333334780098872	0.0580948702034297	0.0920273091463071	0.12549099605467	0.150447701595927	0.161689069831032	0.144974587563314	0.106532580436547	0.0628474949978081	0.0266190391451352	0.00685766865307575	0.00101562940811375	
4.32952912041286e-05	0.000203487868659405	0.000554179727412847	0.0013464835564484	0.00352423670401607	0.00828238920734981	0.0185520322809691	0.0352986509187261	0.061461995393381	0.0942711670678697	0.127366087664306	0.151680723204544	0.160201236513517	0.141095024505135	0.10412950487505	0.0589465389744211	0.0253840292329806	0.0065982023795092	0.00106073463450115	
4.33027904318154e-06	4.7633069474997e-05	0.000233835068331803	0.000627890461261324	0.00138568929381809	0.00389725113886339	0.00945299915126531	0.0195988429494397	0.0378942719068817	0.0643133043493323	0.0967600852198916	0.128799819860392	0.153586337103563	0.157613496613722	0.139149186773596	0.0988039769282733	0.0565837562572532	0.0238684980860167	0.00637417075156323	0.00100462473801812	
9.04501834846579e-05	0.000228279034508899	0.000831280257739951	0.00161518184794032	0.00478093826990335	0.010294092310873	0.020911220991334	0.0407585755388247	0.0671054218424272	0.0977938769532933	0.131764381579174	0.153140774942715	0.156414210154541	0.134723394724601	0.0945204417414675	0.0553856623537722	0.0223325810175215	0.00646503454335579	0.000844201712523474	
4.30544552750319e-06	0.00010763613818758	0.000266937622705198	0.000839561877863121	0.00185564702235387	0.00506750938587125	0.0108454172837805	0.0226380325836118	0.0426884924051941	0.0694123927944064	0.102168222367651	0.133649640064754	0.152955257810078	0.154113422656977	0.130528192057314	0.0936176075500293	0.0520872799917335	0.0205412806117177	0.00580374057107429	0.000809423759170599	
1.29212321686996e-05	0.000146440631245262	0.000301495417269658	0.000654675763214113	0.002136310385225	0.00534939011784164	0.0117798566604645	0.0246967817517745	0.0437254496588795	0.0726130177107022	0.105751671146027	0.135625559920061	0.152716043001861	0.150394528288884	0.129793777134588	0.0891909585831438	0.0494710908965612	0.019097581145338	0.00580163324374612	0.000740817311005444	
6.00670176296697e-05	9.86815289630287e-05	0.0002831730831113	0.000720804211556036	0.00236835669511269	0.00674466797956005	0.014158654155565	0.0261806386840175	0.045848296456475	0.0744359063469385	0.106202777670515	0.13344746066683	0.153222380970769	0.150382069137137	0.126162189528603	0.0884830074697627	0.0474272009198835	0.0180973343115676	0.00508853449348487	0.00058779867251891	
1.28359269036749e-05	4.70650653134747e-05	4.70650653134747e-05	0.000380799164809023	0.000975530444679294	0.00293514861864033	0.00695279373949058	0.0157197318147006	0.0269939542784284	0.0459825688112648	0.0760785387580813	0.107873129698484	0.13594102319452	0.154771327962211	0.151006122737133	0.12354151780557	0.0839640765192389	0.0447374839016083	0.0171830274817195	0.0043684937895507	0.000487765222339647	
1.27377176557504e-05	1.69836235410006e-05	8.49181177050029e-05	0.000369393812016763	0.00120583727141104	0.00326085571987211	0.00743033529918776	0.0155867205047533	0.0272077649126829	0.0486198682919994	0.0779208648061107	0.109535880027683	0.139613877318795	0.156266320200746	0.149116214689985	0.120800268341252	0.0804132115607525	0.0419792714874682	0.0160367865285898	0.00405908602629914	0.000462803741492266	
4.23897654150382e-06	2.96728357905267e-05	8.90185073715802e-05	0.000512916161521962	0.00150907564877536	0.00346748281095012	0.0078802573906556	0.0164175561452443	0.0297364204386493	0.0513848736361093	0.0811764007697981	0.114125965426907	0.140271972734903	0.156096072164337	0.146694022195281	0.116109806448331	0.0769416632048358	0.0389349995337126	0.0143404576399074	0.00380236195772893	0.000474765372648428	
5.89597810065277e-05	8.42282585807538e-05	0.000665403242787955	0.00157927984838913	0.00378606022320489	0.00923562855337966	0.016870920193725	0.0323478627079385	0.0544451463465993	0.0844851547694251	0.115169509370394	0.141242366814066	0.155207412086755	0.143297536323437	0.113367024636766	0.0734765213729206	0.0369298799747315	0.0139861023373342	0.003352284691514	0.000412718467045694	
7.09634329604275e-05	0.000179495742194022	0.00056770746368342	0.00186174653531474	0.00449156787443647	0.0090207046251461	0.0188303556520287	0.0345132743362832	0.0568083152446151	0.0867006177992987	0.117273334446485	0.144059943229254	0.1527842711638	0.141213057271665	0.110085156119553	0.0690849891467691	0.0355735515111037	0.0135039238604108	0.00294706962765069	0.000429954917348472	
8.33222237035062e-06	5.4159445407279e-05	0.000237468337554993	0.000683242234368751	0.00187058392214371	0.00482435675243301	0.00997783628849487	0.0204389414744701	0.0358243900813225	0.0592129382748967	0.0891464471403813	0.119163278229569	0.1454306092521	0.152550493267564	0.13807325689908	0.105415111318491	0.0667744300759899	0.0341871083855486	0.0126024863351553	0.00302459672043727	0.000499933342221037	
7.90211360743963e-05	0.000332720572944827	0.000761098310611291	0.00230408996764292	0.00499496760133421	0.0110546410360919	0.0204456792074596	0.0373478843130568	0.0617113482669417	0.0908119213781286	0.122940251703113	0.145486229527287	0.150722419544006	0.134760150056978	0.104357807704145	0.0643190457573968	0.0322156694753828	0.0120320077191173	0.0030194391994743	0.000303607522812154	
3.32514516336854e-05	0.00012053651217211	0.000303419496157379	0.000955979234468455	0.0025686746387022	0.00589381980207073	0.0113678400272662	0.0216965721909797	0.039477785952093	0.0651770016334776	0.0931664110461322	0.1247220386465	0.143621332468796	0.149141073439987	0.1330639965751	0.0996629134090635	0.063626652701057	0.0302463516922911	0.0119663661566725	0.00283884268322589	0.000349140242153697	
2.06326805153218e-05	6.18980415459655e-05	0.000474551651852402	0.0012627200475377	0.00266161578647652	0.00648691475401718	0.0127881353833965	0.0235872803651159	0.0415005735885183	0.0667260887865508	0.0948030404318007	0.124365545074154	0.144746506887189	0.148514034349287	0.130427426609555	0.0975513134764416	0.0601648963826785	0.0294345820231581	0.0113190885307056	0.00273589343633167	0.000367261713172729	
2.04799685427683e-05	0.000126975804965164	0.000655358993368586	0.00121651013144044	0.00300236338836984	0.00661912583302272	0.0131399478170402	0.0252108412761478	0.0433806693672919	0.0674733043610045	0.0980048414645635	0.124870464198967	0.146419487099668	0.146587422841719	0.128331578882695	0.0948427343215601	0.0573766798694197	0.0282213966519347	0.0110591830130949	0.00294911547015864	0.00049151924502644	
4.48743314744481e-05	0.000236610111410727	0.000881168690770982	0.00143189912250285	0.00310856732577541	0.00677194456796217	0.0143312296790669	0.0260801455560134	0.0442746472265623	0.0705179721697555	0.098699052335709	0.125566538434865	0.148011863141448	0.145996597709777	0.127226888699419	0.090462572767808	0.0539675028250431	0.0278628803609528	0.0111125162669452	0.00280260597481326	0.000611922701924293	
