# <P(N_1)> as a function of N_tot.
# number_of_species: 2
# species_total_upper_bound: 100
# species_total_lower_bound: 0
# volume: 512
# Bin widths for each species index 
1	1	1	1	1	1	1	1	1	1	1	1	1	1	1	1	1	1	1	1	1	1	1	1	1	1	1	1	1	1	1	1	1	1	1	1	1	1	1	1	1	1	1	1	1	1	1	1	1	1	1	1	1	1	1	1	1	1	1	1	1	1	1	1	1	1	1	1	1	1	1	1	1	1	1	1	1	1	1	1	1	1	1	1	1	1	1	1	1	1	1	1	1	1	1	1	1	1	1	1	1	
# Bin lower bound for each species index 
0	0	0	0	0	0	0	0	0	0	0	0	0	0	0	0	0	0	0	0	0	0	0	0	0	0	0	0	0	0	0	0	0	0	0	0	0	0	0	0	0	0	0	0	0	0	0	0	0	0	0	0	0	0	0	0	0	0	0	0	0	0	0	0	0	0	0	0	0	0	0	0	0	0	0	0	0	0	0	0	0	0	0	0	0	0	0	0	0	0	0	0	0	0	0	0	0	0	0	0	0	
# Bin upper bound for each species index 
0	1	2	3	4	4	4	5	5	6	6	6	7	6	7	7	7	8	8	8	8	8	8	9	10	10	10	11	11	11	11	10	11	11	11	11	11	12	12	13	12	12	13	13	14	15	15	16	16	14	14	14	15	16	16	16	15	15	16	15	16	16	15	15	15	15	16	16	16	16	16	17	17	18	18	18	18	18	19	19	18	19	19	19	18	19	18	19	19	19	20	20	20	19	19	20	19	20	20	20	20	
# Normalized histogram for each species index 
1	
0.922482477424301	0.0775175225756988	
0.849973038022964	0.144652102815006	0.00537485916203052	
0.783468987421961	0.199793788309719	0.0162828595270238	0.000454364741296075	
0.717773837129996	0.249528075648703	0.030911595038304	0.00171608855016919	7.04036328274539e-05	
0.659933373980507	0.286836501161979	0.0490637895536764	0.00396309943535774	0.000203235868479884	
0.608638546650982	0.316465156594111	0.0667946189292695	0.00765060187682973	0.000451075948807302	
0.559468886141137	0.34068578570194	0.0870860090675814	0.0117355598987764	0.00100159990072638	2.21592898390792e-05	
0.518628028133479	0.354926235929941	0.106089242795112	0.0181123657175232	0.00210248624531367	0.000141641178631658	
0.473149989102538	0.370945143512897	0.127175600361173	0.0253221423075041	0.0030957686713548	0.000275772496586203	3.55835479466069e-05	
0.434961850572803	0.380811668919556	0.145852512832488	0.0325404060590003	0.00526771961181442	0.000471535003615102	9.43070007230203e-05	
0.40068835903358	0.382596291012839	0.165061250367955	0.0431854720014492	0.00740891696669157	0.000896678214795191	0.000163032402690035	
0.371657210027805	0.382471686597192	0.180640640188078	0.0536112304179759	0.00997355155186835	0.00151004814973891	0.000108506453873454	2.71266134683636e-05	
0.340803660414968	0.384511189634865	0.195786898613754	0.0631149768958956	0.0134864546525324	0.00211108090966748	0.000185738878318384	
0.315781139723846	0.380390524620424	0.211151124703668	0.0718208798566749	0.0176577571074395	0.00298593894207278	0.000208110895962649	4.52414991223149e-06	
0.290779951755562	0.374399178057715	0.226083266327169	0.0826811399982132	0.0212186187795944	0.00414098097024926	0.000656660412757974	4.02036987402841e-05	
0.264558646191635	0.368412621424026	0.239319357982281	0.0948965198083024	0.0260892007707061	0.00534866439133356	0.00114359962443654	0.000231389807278989	
0.242514062597502	0.358188398691354	0.249026092692798	0.109282651523931	0.0319717945746454	0.00724747497258796	0.00159123527995935	0.000173832425541778	4.4572416805584e-06	
0.221991458228213	0.349883767029482	0.258271462553161	0.12014344410005	0.0383749008866143	0.00923106033302098	0.00180656671231889	0.000283824695451597	1.35154616881713e-05	
0.20330644286076	0.339394240856636	0.265379119487755	0.131832652027638	0.045481677097276	0.0119876641464385	0.00233784321528054	0.000253228665484933	2.71316427305285e-05	
0.186457639956848	0.325025822296692	0.27446002708472	0.142236096127803	0.0530126012807859	0.0150343149631602	0.00324557577983336	0.000472834943879542	5.50875662772282e-05	
0.171403978045778	0.317160760067751	0.275570837536907	0.152212545005229	0.0612580176411244	0.0176087298575567	0.0041696361633794	0.000569217811426932	4.6277870847718e-05	
0.160472077867748	0.3075896882873	0.277492167672241	0.16049996746214	0.0667955785696357	0.0208753614026607	0.00524324374575846	0.000897115286286686	0.000134799706229606	
0.150970722325449	0.293805911417222	0.278829451841089	0.170343257100546	0.0738903868453038	0.0236847865062844	0.00657082850184179	0.00156004787251382	0.00028872527789808	5.58823118512413e-05	
0.137178347134997	0.284874673484133	0.279793993960614	0.17804609199874	0.0816938068508124	0.0278441616184072	0.00822078956631283	0.00180625798921803	0.000500194520091147	3.70514459326775e-05	4.63143074158469e-06	
0.125905826311692	0.270460272634716	0.278923097476816	0.187554994540856	0.0907922438694044	0.0332892609194396	0.00977117664131351	0.00257524174563614	0.00062653466441237	8.29237055839902e-05	1.84274901297756e-05	
0.115318400719851	0.260514270761123	0.280144888280852	0.193340464505585	0.0979281343108854	0.0372963369341162	0.0115414809271748	0.00309884631099562	0.000711586930673069	9.64085518976417e-05	9.18176684739444e-06	
0.106328401452344	0.248213404197404	0.279562451269417	0.200237136279544	0.104635229962215	0.0422462434199296	0.0141405193930418	0.00377388086900758	0.000724326768256956	9.68844721872362e-05	2.30677314731515e-05	1.84541851785212e-05	
0.0988072442034837	0.237388395431999	0.276248702272465	0.206178336601684	0.112594301534202	0.0467597185373169	0.016389433614027	0.00427269581266582	0.00107970930903218	0.000253777829046026	9.22828469258277e-06	1.84565693851655e-05	
0.0915767530295741	0.229024351132797	0.271976725540055	0.212324467963256	0.117164914209791	0.0523492085309143	0.0189815132980551	0.00487938973266442	0.0012920074221703	0.000384853274689025	2.74895196206446e-05	1.83263464137631e-05	
0.0853928087393918	0.218912305915098	0.269017364174679	0.21666105749552	0.12398693821119	0.0566450486178699	0.0213027224187959	0.00625346783216147	0.00143716060724584	0.000359290151811459	2.27398830260417e-05	9.09595321041669e-06	
0.0762152730445214	0.2088343011896	0.266151385443078	0.222729627307178	0.132887119786981	0.0607023092232613	0.0230240737206576	0.00710215654734317	0.00177667511836928	0.000468024391795487	0.000109054227214482	
0.0696739085775329	0.195896808476642	0.26470789640674	0.224474889180046	0.141621281083228	0.0664828417386064	0.0259394016863807	0.00836799072353674	0.00219585572177915	0.000524996690238257	0.000100434149436884	1.36955658323024e-05	
0.0635046052782691	0.185855708937226	0.257831269954292	0.231159703240922	0.146123986494246	0.0723384707260491	0.0298918161563727	0.00981693731768381	0.00267818177642006	0.000666100098766566	0.000114844844614925	1.8375175138388e-05	
0.0574336520749058	0.174869710910959	0.251136268964815	0.23209045719205	0.155550824315693	0.0800294365401883	0.0332225606087254	0.0115015412528117	0.00313341787853262	0.000846994788436438	0.00017125031241611	1.38851604661711e-05	
0.0536980937756603	0.165594251172544	0.24587464104622	0.230695361319744	0.162490663722356	0.0864040601789782	0.036881196156933	0.0135045486808594	0.00359069758810895	0.00103916829423308	0.000218039776022119	9.27828834136678e-06	
0.0504951275005445	0.157833765054239	0.23715147611479	0.231289648429355	0.167050504395212	0.0928393025120133	0.0418344508649092	0.015412204649611	0.00439752922804595	0.00143186146624468	0.00022705893801291	3.70708470225159e-05	
0.0454294922696062	0.15138960250362	0.230258302583026	0.233364472885235	0.170750618898594	0.0983838572562941	0.0456116586482321	0.0176047456677098	0.00525012845065159	0.00154607875192676	0.000322294362184128	8.407679013499e-05	4.67093278527722e-06	
0.0419365232049384	0.140957335039247	0.226086469272543	0.232236163188689	0.177846159593196	0.103391437123232	0.049561770103242	0.0192755781973038	0.00602361818665745	0.00225068524493713	0.000373557717002013	4.20252431627264e-05	1.86778858501006e-05	
0.03885847114671	0.133696479165791	0.215609669574634	0.234093699093069	0.179869211488104	0.109508539528284	0.0562222564519065	0.0218961066845906	0.00738894412315218	0.00227782990025159	0.000504109895957319	4.20091579964432e-05	4.66768422182702e-06	2.80061053309621e-05	
0.0357111022495367	0.125251577490559	0.210217916539607	0.230147076071403	0.184340034247379	0.117365297553424	0.0603785977340433	0.0243297131195609	0.00886209565808918	0.00250052778494523	0.000760010321127818	0.000117285543383922	1.87656869414276e-05	
0.0325755357631969	0.118864342586209	0.20523815370666	0.227433720260302	0.188360078203954	0.121867827762404	0.0643671430055631	0.0266488472472775	0.0103044098340527	0.00324905314657574	0.000883100201176837	0.000151118751003523	5.66695316263211e-05	
0.030521913350732	0.110795871679132	0.199642868984071	0.229046971727917	0.189658357292056	0.124711666437737	0.0686648320679023	0.0300103729035131	0.012035409966513	0.0033818507343921	0.00123622274744585	0.000236824281119895	5.21013418463768e-05	4.73648562239789e-06	
0.028308452764797	0.104758793422629	0.193211463526649	0.228626621024672	0.193429257275968	0.128687697967416	0.071076516625712	0.0329436719079206	0.0131386446600287	0.00419016235103618	0.00112684592039165	0.000378771737946773	0.000104162227935363	1.89385868973387e-05	
0.0273213738478584	0.0997477664364348	0.186417104735862	0.223818391834233	0.196596025553382	0.134150538648311	0.0748827231795573	0.035600292308055	0.0143372386318097	0.00508238843968789	0.00131067160132953	0.000504467127130431	0.000188585841917918	3.30025223356357e-05	9.4292920958959e-06	
0.0244237722205484	0.0957649141307623	0.17973693130461	0.220086999096113	0.201213656221754	0.138219343175655	0.0774000075323893	0.0387306040976198	0.016411193130461	0.00555042934618861	0.00156297077432962	0.000687330521241338	0.000160063272069901	3.76619463693884e-05	4.70774329617355e-06	9.41548659234709e-06	
0.0222889869495822	0.0881842080555816	0.173368697774857	0.218632053328326	0.200962350952962	0.145577880011267	0.0834381748192658	0.0408600131443057	0.0176884799549338	0.00618721246831283	0.00192000751103183	0.000671298469627265	0.000145526241667449	5.16383438174819e-05	9.38878978499671e-06	1.40831846774951e-05	
0.0202079553253297	0.0829188955428743	0.161884571632713	0.214611399937952	0.203292312609877	0.152079083191531	0.0879673589109609	0.0461412629619532	0.0201233442074289	0.00727185552181557	0.00259004033129953	0.000667487707884816	0.000164521618140624	1.88024706446427e-05	2.35030883058034e-05	4.70061766116068e-06	3.29043236281247e-05	
0.0188260723876406	0.0778245007952352	0.156087914784767	0.207119832741036	0.203339515874027	0.15663537640346	0.0957208323304403	0.0493470576297744	0.0225591942875212	0.00868387395168179	0.00278450306059362	0.000807033937900862	0.000193499365227692	5.19144638415759e-05	9.43899342574108e-06	4.71949671287054e-06	4.71949671287054e-06	
0.0181140850417616	0.0722997342444951	0.151385725132878	0.200313211845103	0.20295178435839	0.161811883067578	0.101604024297646	0.052747722095672	0.0245396735003797	0.00968583902809415	0.00330296127562642	0.000925398633257403	0.000261009870918755	5.2201974183751e-05	4.74563401670463e-06	
0.0167291207795799	0.0692382505220401	0.144574120159806	0.199748276552533	0.201350153036414	0.164807345747876	0.104961049610496	0.0571765019975781	0.0263785195991495	0.0100975428358935	0.00353270974570211	0.0010011728024257	0.000262211924444826	0.000128722217454733	1.43024686060814e-05	
0.0141898333341318	0.0654782721171212	0.138683823494187	0.19493535050613	0.20419083936553	0.1660718306418	0.109168778534164	0.0602516994744684	0.029836016882165	0.0117753579795057	0.00372710679741881	0.00120244705160941	0.000397621933400721	6.70687598507241e-05	2.39531285181158e-05	
0.013246527527715	0.0596597865383784	0.132105184822427	0.19115521819081	0.203556733451443	0.170682875538335	0.113562927007264	0.0642113298860674	0.0311694297607559	0.0137266481340113	0.00479160365083709	0.00154598835227409	0.000446512163855561	0.000115228945511112	1.92048242518521e-05	4.80120606296302e-06	
0.0116978609625668	0.0578353871192746	0.127295977679609	0.185780438657677	0.201934627605983	0.172333953344184	0.118044253274432	0.0683222893900643	0.0339407502131287	0.0145072851274897	0.00578353871192746	0.00185034488103542	0.00043110129427265	0.000130783538711927	9.20328605750601e-05	1.45315043013253e-05	4.84383476710842e-06	
0.011170504053851	0.0541321172587922	0.122541156401595	0.178553601457739	0.200865532331461	0.174007860545586	0.122546002607259	0.0737640964007231	0.0371461664090101	0.0158374001075858	0.00617406601501354	0.00232133251270917	0.000649391558878976	0.000174463403877934	8.23854962756909e-05	2.42310283163797e-05	9.69241132655188e-06	
0.0100784420855448	0.0495873009678426	0.115985014049329	0.173587261941929	0.200412699032157	0.174972681860756	0.127985482360287	0.0781298782391508	0.041372346237902	0.0178933812051202	0.00646854511395567	0.00224886824851702	0.000917108960349672	0.00015122541367468	0.000160981891976272	4.39041523571652e-05	4.87823915079613e-06	
0.00902215994805423	0.0459651709474733	0.10967685239883	0.170967001742917	0.197755200679591	0.176952482314516	0.130425867430881	0.0822832704353387	0.0445347094405577	0.0205439659423226	0.0075087023810105	0.00289509786211913	0.000991070600354442	0.000273398786304674	0.000175756362624433	2.92927271040722e-05	
0.00880657871522945	0.0441211063846471	0.10447827024484	0.167315194166193	0.193661419638131	0.178621135788917	0.133343461470606	0.085590927802717	0.0471056397388901	0.0227344010350303	0.00913492639131202	0.00342069668515868	0.00115166722208065	0.000343049810832533	0.000142120635916335	2.94042694999314e-05	
0.00818135165008685	0.0393869414179694	0.100885243960208	0.16189009947892	0.193431233222801	0.178109703142271	0.138505645033949	0.0891708116216643	0.0492213405968735	0.0252447497236697	0.0103525185536081	0.00374526290857414	0.00137671719564188	0.000345412916469288	0.000123361755881889	1.48034107058266e-05	1.48034107058266e-05	
0.00799027271148168	0.0377428720315641	0.0955706096925482	0.157006377329462	0.190630040447654	0.179468473163106	0.13937814834115	0.0956500161294325	0.0530832030571478	0.0265118241147423	0.0108240899277898	0.00409935730415147	0.00137472393855927	0.000416883793642522	0.000208441896821261	4.46661207474131e-05	
0.00678608455818522	0.0357757615742922	0.0919742644687954	0.151749351403102	0.188244398255857	0.181026742530594	0.14213573161234	0.0981799602160832	0.0570666058167856	0.0284688152627375	0.0120790320900446	0.00414209108631919	0.00144353114505256	0.000644876456552689	0.000133935879437866	0.000128975291310538	1.98423525093135e-05	
0.00611301105618694	0.0334523080599155	0.0878670668996381	0.148046375253257	0.18425152949727	0.182076133868969	0.146040232374068	0.099620176918903	0.0603037589044369	0.0311425058367308	0.0135352419069807	0.0050327802750855	0.00158798902843944	0.000657098908319768	0.000154318683014491	0.000109516484719961	9.95604406545103e-06	
0.0055213039462846	0.0312707485710007	0.0843771060579587	0.144267778249257	0.183750592816314	0.180056411152435	0.149145096473055	0.102278910715623	0.0621720789756134	0.0331977136010783	0.015021341387315	0.00603549409679754	0.00192197289269401	0.000663954272021566	0.000239622594413798	7.98741981379328e-05	
0.0048532551226033	0.0285708585223759	0.0793130623890186	0.140654615829692	0.182353704036232	0.182368667823866	0.151643023882205	0.105295185650725	0.0633167734083518	0.0347209752399194	0.0166197801320804	0.00665389756788572	0.0024291215259073	0.000827996249077233	0.000294287823467209	8.47947965922468e-05	
0.00486433683539004	0.0265445266242698	0.0762694124917765	0.134392256932677	0.176980124000718	0.183439325372301	0.153839636370886	0.110863021072148	0.0670939574569885	0.0358744841610016	0.0180967285341201	0.0077749646139431	0.00258667091963876	0.000961902673391679	0.000333924762265505	8.47271784852774e-05	
0.00451289078208546	0.0245006776783188	0.0729559186388843	0.130109272525978	0.172398385487258	0.183261097292762	0.157767484348858	0.115245031600165	0.0701707352189174	0.037031520730006	0.019123933215174	0.00812717514881617	0.00319725155518486	0.00119648699503036	0.000302845256003535	9.9293526558536e-05	
0.00410089487561278	0.0227898946826877	0.0655599032406468	0.125332053761792	0.168453284920678	0.182353785041875	0.162566596257253	0.119638290189017	0.0750775410460497	0.0403609183234315	0.0199405394977022	0.0083205128839333	0.00337371568777795	0.00139005001211965	0.00057382847475402	0.000158297510276971	9.8935943923107e-06	
0.00405833296169112	0.0211092776761956	0.0624012051118148	0.11972825521414	0.164959590103416	0.180107726689362	0.162789199581779	0.124415902322516	0.0796949560718905	0.0427140783025366	0.0218030098063992	0.00995505606842181	0.00391463130614894	0.0014221508669174	0.000654090294191976	0.000237851016069809	3.46866065101805e-05	
0.00340825854929767	0.0194878643074608	0.0606161772693072	0.115317730418708	0.161374066341454	0.17808649203494	0.163422011171514	0.126135463328832	0.0848626481770301	0.0460413874203369	0.0230655392173961	0.0112612051482642	0.00443472238139609	0.00148986740678363	0.000747425120460015	0.000169416360637603	7.97253461824016e-05	
0.00330807917501977	0.0192316302114683	0.0575008829835392	0.112191142307099	0.158951960720913	0.176054481328007	0.164155345408237	0.129547365226865	0.0862936081940872	0.0492232232132642	0.0247036408769146	0.011710102824055	0.00476064927893823	0.00145754465906886	0.000721310496808823	0.000129338433910548	5.96946618048681e-05	
0.00286641614255249	0.019035564245645	0.0557572115976576	0.108766209780291	0.154244709196665	0.174245595717121	0.163558099103137	0.130781467782369	0.0887505479188932	0.0529301963642811	0.0278367423328293	0.0130761767327781	0.00536837387522717	0.00181736693574204	0.000674740569638644	0.000226555227761881	6.40264774109663e-05	
0.00261398655101458	0.0167176992980142	0.0523535724482864	0.104899132609359	0.152231487954002	0.174167314830312	0.163977197767035	0.130876546977916	0.0929072847030098	0.0551152418552905	0.0300977660506651	0.0144335377920428	0.00628636690328742	0.00221524283984287	0.00068426389941813	0.000290442950112731	9.35324754600321e-05	3.93820949305398e-05	
0.00249189029784724	0.0151430256561486	0.0481077361643566	0.0992480094367443	0.149744421507913	0.174068612995183	0.164494249483928	0.134109898751597	0.0951833284183623	0.0591123562370982	0.0316769881057702	0.0154379239162489	0.0068858743733412	0.00286542809397425	0.000963334316327534	0.000280153347095252	0.000152364101051804	3.44047970116976e-05	
0.00251414511743255	0.0137863025468534	0.0450349295307092	0.0943072919972076	0.144350984422064	0.17268027396859	0.166831835423572	0.137838616292637	0.0982615784925869	0.0621994620217632	0.0331086061872379	0.0170571321171055	0.00707866101024697	0.00306579249271386	0.00115211310235744	0.000458892506871183	0.000209918912717669	5.8582022153768e-05	4.88183517948067e-06	
0.00236856184037741	0.0138174213316473	0.0429502456106221	0.0902096201546617	0.139161519381353	0.169777734545985	0.169228150381791	0.140143961869559	0.101887067749623	0.0646661154613103	0.0348426632945868	0.0180000972715335	0.0077914498322066	0.00305918972812606	0.00139584650552016	0.000471766937405768	0.000145907300228588	7.29536501142941e-05	9.72715334857254e-06	
0.00213443030114871	0.0135051226327228	0.0413400341508848	0.0864929369760944	0.1355072182552	0.165796724619683	0.169745420676808	0.142220971747904	0.104305728034772	0.0668270723377833	0.0378764358894753	0.0196222058366967	0.00867354858739522	0.00353151195280969	0.00148925023284694	0.00066943495808755	0.000160082272586153	7.27646693573424e-05	2.9105867742937e-05	
0.00199181792440856	0.0127466583348793	0.0393188763803591	0.0834513127447056	0.13094738280983	0.163919780509476	0.164076001523155	0.146911217645163	0.107240843984026	0.0708559935168279	0.0397436022612992	0.0215292084476513	0.0103789335963054	0.00392017106200998	0.00173795877718002	0.000805514601782872	0.000292914400648317	9.76381335494391e-05	3.41733467423037e-05	
0.00194861751492218	0.0122379084838673	0.0384064638989081	0.0798834766092087	0.126438704661428	0.161750015992442	0.165701379286589	0.146116789111362	0.110426579930224	0.0732355416024919	0.0426038647580713	0.022679742743122	0.0108650188710812	0.0047878910152002	0.00181575722981385	0.000654459922941035	0.000329690337120672	7.87320208049365e-05	3.93660104024682e-05	
0.00147849994066221	0.0109230982238221	0.0364531824834843	0.076288619011828	0.122883618814035	0.158827485264449	0.1671397207168	0.148018117805293	0.112039637643894	0.0769907828632462	0.0443352189564461	0.0240070809763044	0.0116252620752403	0.00568159341746113	0.00195814707860279	0.0008505083270699	0.000395585268404605	6.92274219708058e-05	2.96688951303453e-05	4.94481585505756e-06	
0.00132700201526052	0.0101951386172441	0.0336801033873212	0.0736288058467313	0.119400472373105	0.155739531291005	0.167791482429602	0.14967394372125	0.115662089830114	0.0787635114057804	0.0464500220341753	0.0252576017904624	0.0125471011442917	0.00574374006605301	0.00262429503017939	0.000925930510648201	0.000420877504840091	0.000123787501423556	3.9612000455538e-05	4.95150005694225e-06	
0.00108202982812181	0.00968341901480436	0.031538427017836	0.0699280475095862	0.116729577310283	0.154406155104239	0.166268592713003	0.151578915875921	0.117751771387541	0.0816708136166224	0.0494193439009918	0.0265122239452702	0.0132536188163491	0.00608330133782766	0.00234356690883525	0.00127649601842941	0.000373973442899242	6.98083760078584e-05	2.99178754319393e-05	
0.00115323409141269	0.00866688153415386	0.0304373224825252	0.0660918961384284	0.113520536631549	0.151421146989505	0.164509598533529	0.151194528936607	0.121150011079105	0.0855558689039744	0.0523487702193663	0.0288509961122414	0.0142719013758234	0.00609350764458232	0.00271941663477227	0.00126906109622706	0.000584170980802933	0.000105755091352255	5.03595673105977e-05	5.03595673105977e-06	
0.00115082349497019	0.00778320100545632	0.0287503974883782	0.0636334728117949	0.111771208213246	0.146260580762067	0.163315986856384	0.151540235918816	0.122148809553854	0.0881086619657882	0.056405493667947	0.0310823293071336	0.0161670511157436	0.00721788420090955	0.00271553965041213	0.00112558613762436	0.0005905541618926	0.000171614029951696	5.55221861608427e-05	5.04747146916752e-06	
0.00106563503767601	0.006737237631563	0.0264994646572797	0.0628876184319509	0.106856427142886	0.145229389305267	0.161638148724268	0.150769681420577	0.125179289307287	0.0915234035676047	0.0580594331427648	0.0332973071251086	0.0170299589907275	0.00796448556594816	0.00330801397951557	0.00113634067998626	0.000555544332437729	0.000181814508797802	6.0604836265934e-05	2.02016120886447e-05	
0.001108692146428	0.0065815997419771	0.0252681019190453	0.0590277777777778	0.10444887921303	0.141579987098855	0.160135462022254	0.151890824060635	0.127015803902596	0.0938860667634253	0.0616432833413966	0.0351153039832285	0.0183740525721658	0.00833534913723593	0.00356293339783906	0.00132035155620061	0.000458595387840671	0.000201580390259636	4.5355587808418e-05	
0.00102722653869975	0.00621874889850095	0.0236816000563968	0.0566636286273937	0.0988403418045953	0.139692738414748	0.15769437996304	0.15359050923245	0.127909845764956	0.0965592946377768	0.0652943457221554	0.0378915671750767	0.0195273750837139	0.0090939761220184	0.00391252461063582	0.00141998962702613	0.000689853116675814	0.000236664937837688	5.03542420931251e-05	5.03542420931251e-06	
0.000816522815050068	0.00645203304162263	0.022346676551769	0.0553181683840362	0.0942557870428349	0.135522749928617	0.157032866295641	0.153070476438558	0.131710640344242	0.0975819904121186	0.0670600670250016	0.0409814303676356	0.0203729956368627	0.00994855405330942	0.00461861371457769	0.00163304563010014	0.00092672834836971	0.000250467121181003	0.000100186848472401	
0.000866994086398717	0.00582840533226421	0.020857973338679	0.0522501754034279	0.0929788513581237	0.131276936954996	0.155412448631853	0.152791420266613	0.133747619524907	0.102134910293675	0.0688383281547559	0.0428285055627944	0.0221058434399118	0.0102736293474992	0.00471083492031673	0.00179412649092914	0.000882028665931643	0.000300691590658515	0.000115265109752431	5.01152651097524e-06	
0.000722492599468165	0.0058100446540565	0.0196126636897296	0.0500225778937334	0.0883698760724499	0.129787767798906	0.151317043801114	0.153389192714866	0.135005769906176	0.105794992724901	0.07251016005218	0.0434197983041493	0.0247554061512217	0.0113892930610607	0.00493703276303246	0.00202197581656716	0.000622146405097587	0.00032612513170438	0.000170588530429983	1.50519291555868e-05	
0.000587874832480583	0.00507166592767147	0.0181493899553115	0.0481011144711867	0.0885150182091738	0.125371781011643	0.150909462293808	0.153973386208855	0.133193505477698	0.105812487856399	0.0747398155667263	0.0457695431016874	0.0262401418870782	0.0138250225435052	0.00639687529580566	0.00219705763664353	0.000667586674172865	0.000293937416240291	0.000114585772432656	6.97478614807471e-05	
0.000500069316538926	0.00420850414908997	0.0173538906383063	0.0448725565920029	0.0842542530647813	0.122972491236409	0.150892202879607	0.155422533816569	0.136276315528885	0.108104093636742	0.0757827817717307	0.0457786227793952	0.027117620264195	0.0156011724397441	0.00675836254530331	0.00278751510110312	0.000861505555225477	0.000336680331927198	4.95118135187056e-05	5.44629948705761e-05	1.48535440556117e-05	
0.000504716403283107	0.00395442851892687	0.0159255175793213	0.0419894646576014	0.0804557148107314	0.120911429621463	0.148773735146392	0.157040303809874	0.140056351831435	0.110194781330393	0.0777802278574054	0.0477863530564743	0.0273232880068602	0.015190493691045	0.00748254318265344	0.00305279921597452	0.00115153742496631	0.000333210829351954	5.88019110621095e-05	1.96006370207032e-05	1.47004777655274e-05	
0.000523901154051421	0.00377502607265089	0.0142040864290016	0.0386511748605786	0.0768665814715257	0.116403981648771	0.146677634316994	0.156651341333843	0.140150903117457	0.114915514818569	0.0813123968722611	0.050877167212601	0.0295098341632515	0.0162996910452073	0.00775079931648036	0.00332946527808379	0.00146398546786332	0.000533693698986961	6.36515420810137e-05	3.4273907274392e-05	4.89627246777029e-06	
0.000452101542978814	0.00343208268110799	0.0140686222083945	0.0367271737333865	0.0737995002576493	0.11340942899089	0.143617590152937	0.155430565953351	0.141225827151371	0.115373396984045	0.0841638065977657	0.054208433395234	0.0322353261450808	0.0167958153870086	0.00907606000797254	0.00364111887839927	0.00158964736079648	0.000627108591873839	7.29196037062604e-05	5.34743760512576e-05	
0.000462869210518703	0.00297972054271415	0.0136739279274067	0.0357662896211223	0.0699896818738489	0.109878400401153	0.141546368887475	0.152886664545183	0.143740176083162	0.117168590466823	0.0863781448587767	0.0564362928033481	0.034170355155688	0.0188040616773223	0.00895844784524739	0.00468172920222563	0.00175504575655008	0.000506263199004831	0.000154289736839568	6.26802055910743e-05	
0.000537933949395785	0.0030835142456437	0.0123388599642658	0.0345766651937523	0.0673185913815297	0.106424468309927	0.138349887610228	0.152321761349446	0.144857927801579	0.119056310157346	0.0890424775700755	0.058975812184204	0.0354652168065935	0.0202974006263088	0.00979327966801791	0.00487022343470827	0.00181552707921077	0.000619584638143359	0.000187316285950318	5.76357802924055e-05	9.60596338206759e-06	
0.000310985441096965	0.00305722610555324	0.0118126623702832	0.0322228760890471	0.0650868606258941	0.105189629353198	0.134833718476841	0.150325577834872	0.144938353116792	0.12209766856607	0.0911235186328123	0.0619770062149244	0.0375670412845134	0.0202858195423251	0.0109610407008177	0.00497576705755144	0.00222474200169367	0.000698521144617799	0.00024400396147608	6.69814796208848e-05	
0.000387641417331878	0.00280920385152855	0.0118206703803672	0.0299728172438217	0.0643149754015199	0.0999732000995425	0.133051934378529	0.148911732613565	0.143523038343	0.124088324814794	0.0929669404085071	0.0651620436838377	0.039989280039817	0.0220524895193246	0.0112846723712169	0.00588640670763223	0.00253163345393289	0.00090449664044105	0.000229713432492965	0.000110071019736212	2.87141790616206e-05	
0.000394054056620346	0.00283908826336104	0.0112519049902436	0.0295208207718712	0.060328251776804	0.0981764317693027	0.130237239532642	0.148078867782995	0.144632081697376	0.124369157436465	0.0942786199562268	0.0668799939230218	0.0415465909576463	0.0239850734222408	0.0127664019066519	0.00639032241218054	0.0026301921369599	0.00120590036604299	0.000417792252802294	5.22240316002868e-05	1.89905569455588e-05	
0.000509020982976076	0.00308711799860491	0.0111136247949777	0.028128122466678	0.0575570763342948	0.09489470806704	0.128358124540467	0.146220990517128	0.145886356352393	0.125450106517354	0.0981373602548875	0.0669032671606055	0.0437710913786928	0.0253285070603096	0.0133240955451238	0.00654186226269253	0.00285146013611598	0.00117357615519484	0.000631563071470317	0.000108402616744905	2.35657862488924e-05	
0.000578461480579214	0.0030286926300245	0.0113246767905264	0.0275874393908754	0.0532513767853532	0.0902870203590223	0.127332069810425	0.145913381271957	0.147747527429891	0.125474408958158	0.0995471069871563	0.0705958153249966	0.0443440105722066	0.0262659135693895	0.0146825751412057	0.00674871727342416	0.00280765450329911	0.00134033757695184	0.000832420179370088	0.000258661637657372	5.17323275314744e-05	
