# <P(N_2)> as a function of N_tot.
# number_of_species: 2
# species_total_upper_bound: 100
# species_total_lower_bound: 0
# volume: 512
# Bin widths for each species index 
1	1	1	1	1	1	1	1	1	1	1	1	1	1	1	1	1	1	1	1	1	1	1	1	1	1	1	1	1	1	1	1	1	1	1	1	1	1	1	1	1	1	1	1	1	1	1	1	1	1	1	1	1	1	1	1	1	1	1	1	1	1	1	1	1	1	1	1	1	1	1	1	1	1	1	1	1	1	1	1	1	1	1	1	1	1	1	1	1	1	1	1	1	1	1	1	1	1	1	1	1	
# Bin lower bound for each species index 
0	0	0	0	0	0	1	2	3	3	4	4	4	5	7	7	8	9	10	11	12	12	13	13	13	15	15	16	17	18	19	20	20	21	22	24	24	25	26	26	27	28	29	30	30	30	31	31	32	34	35	36	37	37	38	39	40	40	42	44	44	45	45	46	47	48	49	51	51	52	52	53	54	55	56	57	58	59	59	60	61	62	62	63	64	64	65	67	68	69	70	71	72	72	73	74	76	76	76	76	77	
# Bin upper bound for each species index 
0	1	2	3	4	5	6	7	8	9	10	11	12	13	14	15	16	17	18	19	20	21	22	23	24	25	26	27	28	29	30	31	32	33	34	35	36	37	38	39	40	41	42	43	44	45	46	47	48	49	50	51	52	53	54	55	56	57	58	59	60	61	62	63	64	65	66	67	68	69	70	71	72	73	74	75	76	77	78	79	80	81	82	83	84	85	86	87	88	89	90	91	92	93	94	95	96	97	98	99	100	
# Normalized histogram for each species index 
1	
0.0790674479491335	0.920932552050866	
0.00643345127994013	0.14523599599326	0.8483305527268	
0.000425539016087044	0.0169331152793538	0.201895734597156	0.780745611107403	
0.00010248449292017	0.00181615962043776	0.0315870647769198	0.248842429252098	0.717651861857624	
3.37315909842204e-06	0.000214195602749799	0.00394659614515378	0.049313899439381	0.287528081549494	0.658993854104123	
6.72750574360803e-06	0.000465879772744856	0.00817223760204785	0.0675307026543374	0.315738663311884	0.608085789153243	
3.52610493016633e-05	0.00109141343076577	0.012188569375275	0.0869016955527421	0.339212973379587	0.560570087212329	
0.000119369660939725	0.00199229645371231	0.018006324910767	0.106605513533325	0.355756896119814	0.517519599321442	
2.52609881088109e-05	0.000250925815214188	0.00317278010646664	0.0250976337190406	0.127359165781129	0.370007797224996	0.474086436365045	
6.42084951218441e-05	0.000547461905775723	0.00506402262842544	0.0334154526191997	0.146993521700782	0.378720290898277	0.435195041752419	
1.01751309624148e-05	0.00012379742670938	0.000824185607955596	0.00717855489398361	0.0434868138782003	0.165244126829616	0.380397271029876	0.402735075202697	
8.46255657219069e-06	2.87726923454483e-05	9.13956109796594e-05	0.00125076586136978	0.00999258680044276	0.052393380249747	0.180822831300627	0.383978349395266	0.37143345553265	
1.69513073695809e-06	2.20366995804551e-05	0.000164427681484935	0.00186803407212781	0.0132338856634318	0.0629876679238886	0.196962325719371	0.383740305971098	0.34101962113828	
1.52919487889626e-05	0.00026166223483336	0.00279672752295916	0.0172578137610548	0.0734302389791775	0.212508814109371	0.379573354628788	0.314156096815027	
3.38910099012585e-06	7.28656712877059e-05	0.000532088855449759	0.00379240400795083	0.0210988482140285	0.0846614372838389	0.225783602512679	0.374114385547518	0.289940978806257	
1.68764123447581e-06	0.000153575352337299	0.000855634105879236	0.00521649905576473	0.0264723404039876	0.0960504132189563	0.238210560246261	0.367392746180446	0.265646543795134	
1.68916350933854e-06	0.000145268061803114	0.00126180514147589	0.00714516164450203	0.0318762045847276	0.108969627150939	0.24849960051283	0.35830874192791	0.243791901812304	
5.08417702426508e-06	0.000252514125538499	0.00171675710852684	0.0093870855124681	0.0383499472940315	0.120245870800893	0.255786640816451	0.348820301457803	0.225435798707263	
3.72280029037842e-05	0.00034520511783509	0.00217614598792121	0.011440842165113	0.0446346832996871	0.13034877562175	0.263814550395717	0.339737677954084	0.207464891454989	
6.47172028543693e-05	0.000490488274264693	0.00290205562273277	0.0143093141679582	0.0514331454263671	0.14103070660967	0.271493775226936	0.329058024081612	0.189217773387605	
5.11395598588548e-06	7.15953838023967e-05	0.000574467722414469	0.00385421816136236	0.0172186898044764	0.0595128104597446	0.150328145509094	0.275437669399792	0.319658046809744	0.173339242793584	
3.22454729053171e-05	0.000171410145444054	0.000906267501654702	0.00493186022436061	0.020655771091085	0.0656551770955315	0.159725404341259	0.278936917672216	0.307550532050303	0.161434414405241	
6.77793781242057e-06	6.60848936711006e-05	0.000221977463356774	0.00134542065576548	0.00620011861391172	0.0239108701177667	0.0731525883250021	0.170519359484877	0.28044226044226	0.294081165805304	0.150053376260273	
1.69041988339484e-06	1.52137789505535e-05	5.57838561520296e-05	0.000398939092481181	0.00167182526467749	0.00786890455720296	0.027640055513389	0.080861235122192	0.179052654888948	0.280935951681038	0.284474000496983	0.137023745328102	
1.34785648698055e-05	6.40231831315761e-05	0.000488597976530449	0.00222396320351791	0.00946026771799473	0.0324816565156225	0.0893072860067224	0.187838964846218	0.280879813321877	0.271808739164497	0.125433209499019	
6.72458778276892e-06	1.34491755655378e-05	8.23762003389192e-05	0.000647241574091508	0.00288989159964494	0.0111291927804826	0.0368154369637141	0.0972778868655351	0.194616295021115	0.281782083008312	0.26066183392958	0.114077588293838	
1.01532291499209e-05	1.69220485832015e-05	9.81478817825686e-05	0.000739493523085905	0.00343856027210654	0.0137136281718265	0.0413456413033362	0.104943776493582	0.202842904161978	0.279885606951578	0.247259897283165	0.105705268679826	
6.79368594827967e-06	1.35873718965593e-05	0.000173238991681132	0.00101225920629367	0.00428172056890326	0.0160381941024012	0.0465724155969442	0.113147141047111	0.208202696413953	0.276214286442181	0.236095872496102	0.0982417940765852	
6.80130993229296e-06	1.53029473476592e-05	0.000268651742325572	0.00125994266495727	0.00513668932636426	0.0184910613784215	0.0520555258942872	0.119636742036516	0.213562832201482	0.27202009106954	0.226077242476901	0.0914691169519249	
3.3899741514471e-06	1.69498707572355e-05	0.000350862324674774	0.00155599813551422	0.00630026696046443	0.0211568286791813	0.0577465146828255	0.126454510784355	0.216846476545616	0.268199499978813	0.216746472308149	0.0846222297554981	
3.38701182575179e-06	6.77402365150358e-05	0.000489423208821134	0.00199156295354205	0.00743449095752518	0.0233297374557783	0.0633252666001683	0.134029138462737	0.221395415002091	0.263573873268178	0.207122547168373	0.0772374176744438	
1.70011356758631e-06	6.80045427034526e-06	0.000130908744704146	0.000545736455195207	0.0022730518398629	0.00828295330128053	0.0263228583669389	0.0679076362301002	0.141534454501561	0.223899856510415	0.261513169079695	0.196114900475352	0.0714659739270583	
1.70491356088246e-06	1.53442220479422e-05	0.000114229208579125	0.000656391720939748	0.00263579636512429	0.0099839738125277	0.0295853650219934	0.07339652879599	0.147130630477035	0.228777235994135	0.256009820302111	0.186052102158421	0.0656408770075357	
5.1267941643411e-06	6.83572555245479e-06	0.000193109246856848	0.000857883556833077	0.00327431253962585	0.0114857278595122	0.0336454411691825	0.080307812721627	0.153974718069044	0.231437160029462	0.2501653391118	0.175536305392875	0.0591102277834647	
2.39933915344459e-05	0.000219368151172077	0.0011568242346965	0.00403260359146795	0.0135854010495395	0.0367630172718143	0.0862819497715486	0.160801996250176	0.231702468234463	0.245010231467676	0.165832039404004	0.0545901071819076	
3.41408206429058e-06	5.2918271996504e-05	0.00029361105752899	0.00150390314932	0.00455438547376363	0.0153172791814397	0.0412438183776623	0.0923184860594494	0.165992669965808	0.23181617216533	0.237621818715656	0.157940557417179	0.0513409660828017	
1.70843213765863e-05	9.39637675712245e-05	0.000420274305864022	0.00163326112360165	0.0052073011555835	0.017566099239406	0.0457364367572591	0.0974199257857079	0.17054594657391	0.233397456486233	0.230821140822644	0.150471868956421	0.0466692407044207	
1.36264148050997e-05	0.000155000468408009	0.000451374990418927	0.00210017118183599	0.006356722506579	0.0196561033563563	0.0493957536684864	0.103569269028011	0.177228557558828	0.232180481864094	0.22466381079723	0.140794930973693	0.0434341971912552	
1.87507883854208e-05	2.72738740151575e-05	0.000132960135823893	0.000550591331680991	0.00219043300684233	0.0076588447468814	0.0223952598006962	0.054932991500779	0.109127883786023	0.181493994633865	0.232308631158356	0.216102836141974	0.133560161052226	0.0394993880424518	
1.36420064663111e-05	4.94522734403776e-05	0.000127893810621666	0.000746899854030531	0.00258174972374937	0.00872576838601422	0.0246749791959401	0.0590596564942772	0.115539268515613	0.185166364268857	0.229168656125943	0.21189105493636	0.126157865298828	0.0360967491098591	
1.19699042407661e-05	5.4719562243502e-05	0.000165868673050616	0.000940492476060192	0.00321306429548564	0.00978454172366621	0.0268826949384405	0.0635123119015048	0.121024281805746	0.187794117647059	0.22921169630643	0.206058481532148	0.118608071135431	0.0327376880984952	
6.8523305632787e-06	4.96793965837706e-05	0.000279232470453607	0.00117346160896148	0.00358205580195394	0.0115598816602512	0.0295061354054781	0.0686192382606729	0.124948821656106	0.191262250682235	0.229278980647305	0.198938573995748	0.110867282348568	0.0299275537351197	
1.36979264763796e-05	0.000106158930191942	0.000323613513004469	0.00123452562368371	0.00437819975001284	0.0125644230604592	0.0322706025375409	0.0720784891187096	0.130025854836224	0.195109840247932	0.227195520778042	0.191332637022071	0.105328493399312	0.0280379432563396	
3.4230866657082e-06	4.27885833213525e-05	0.000135211923295474	0.000403924226553568	0.0014394079429303	0.00495662949194548	0.0140363668727365	0.0353964276667557	0.0758213696454367	0.13533515441544	0.198818008174331	0.22283438422094	0.184328082318388	0.0999592652686781	0.0264895561625829	
3.41831842661639e-06	8.54579606654099e-06	4.61472987593213e-05	0.000111095348865033	0.000499074490285994	0.00161686461578955	0.00570175513559615	0.0158456150665803	0.0385637593298729	0.0794177920055787	0.141323538711602	0.20062281761733	0.219028753185445	0.177588478899575	0.0954838886106757	0.0241384555695517	
5.11249186261712e-06	1.02249837252342e-05	5.11249186261712e-05	0.000117587312840194	0.00053169915371218	0.0020023926461917	0.00616907351422466	0.0175937886632197	0.0415850088105276	0.0853956557452479	0.14643199192908	0.201152696498625	0.216848046516859	0.171055456903398	0.0888908960153238	0.0221592438965368	
1.19210215293649e-05	1.70300307562355e-06	1.36240246049884e-05	4.76840861174595e-05	0.000126022227596143	0.000655656184115068	0.00247786947503227	0.00714239489916519	0.0201550414000048	0.0459998160756678	0.0902761930388046	0.151178989029254	0.202071532941188	0.211856988613721	0.164120109400918	0.0835220828408816	0.0203423717383234	
1.70606249306912e-06	3.41212498613824e-06	2.21788124098986e-05	7.50667496950413e-05	0.000197903249196018	0.000839382746590008	0.00266657567666704	0.00837676684096939	0.0222095215347738	0.0498699127349035	0.0959950182975202	0.154709158996494	0.202552269489631	0.20781035409327	0.157467862047787	0.0782468501821222	0.018956060360491	
8.57071352904272e-06	1.71414270580854e-05	6.68515655265332e-05	0.000293118402693261	0.00095306334442955	0.00302717601845789	0.00920323218748607	0.0244642446972995	0.0532052754455914	0.100549896980023	0.15877932469634	0.203456740180534	0.203868134429928	0.151242239218899	0.0729590559873291	0.0179059347048761	
1.71608711544633e-06	4.11860907707119e-05	0.000128706533658475	0.000303747419434	0.00115321054157993	0.00346134771185524	0.00999792353459031	0.0262544167792134	0.0572915683491757	0.104595509686454	0.162360718079493	0.203105774461535	0.200831959033568	0.144964742990213	0.0687670428901653	0.0167404298111789	
1.02977067007178e-05	5.32048179537084e-05	0.000113274773707895	0.00036556858787548	0.0012854970531396	0.00378097464361353	0.0116037991672588	0.0290927377139778	0.0608594466012419	0.109476636219781	0.165051642999104	0.204459250258301	0.194959615826889	0.138940091374984	0.0651123994686383	0.014835562786834	
1.03037369936787e-05	5.83878429641791e-05	0.000128796712420983	0.000448212559225022	0.00148717270608762	0.00486336386101633	0.0132901034323465	0.0313645754087578	0.064513414606921	0.113665674645766	0.169305854411631	0.204245826557195	0.190150314349843	0.13255070726568	0.0601171534896181	0.0138001384135336	
3.44448692644987e-06	1.03334607793496e-05	6.88897385289974e-05	0.00014294620744767	0.000470172465460407	0.00178596647136426	0.00544056710032757	0.0143221766401786	0.0339591966078693	0.0684746778543602	0.118624685260007	0.172816798073843	0.202597832039928	0.185892070446647	0.12619911201127	0.0564758076460721	0.0127153234889897	
8.6330885564958e-06	1.89927948242907e-05	4.83452959163765e-05	0.000203740889933301	0.000602589581243406	0.00209266066609458	0.00600517639989847	0.015560278814228	0.0367251587193331	0.0729150659481635	0.12298870619355	0.174669827528157	0.201138877042373	0.180084500670791	0.121840505415536	0.0537237100870733	0.0113732308643276	
5.19268316324411e-06	2.59634158162206e-05	8.65447193874019e-05	0.000204245537754268	0.000711397593364443	0.00241286677652076	0.00675048811221734	0.0174785715274797	0.0399559660467757	0.0770663417200936	0.126749934226013	0.176194663306424	0.199907916418572	0.176025035656424	0.115931844302588	0.0496420510406137	0.0108509769167924	
8.65556561524626e-06	2.0773357476591e-05	0.000119446805490398	0.000252742515965191	0.000941725538938793	0.00301733017347485	0.0078627158048897	0.019471560408058	0.0424313137590602	0.0813294256339769	0.131547286220513	0.177004585718663	0.198231494833493	0.171463292611782	0.109742185322584	0.0471260925487698	0.00942937318124928	
3.46965612238171e-06	1.73482806119086e-05	3.46965612238171e-05	0.000116233480099787	0.000307064566830781	0.00122478861120074	0.00353210993258458	0.0088979331258479	0.0210399947261227	0.0456502656021762	0.0856779534580328	0.133925256667812	0.179582461582233	0.195294799332438	0.166795043943195	0.105604188568871	0.0435008136343607	0.00879557827023764	
2.26239225356892e-05	3.82866381373202e-05	0.000107898707477903	0.000386346984840232	0.00141486530934733	0.00368943967505086	0.0101738039341261	0.0236976887052677	0.049139159747517	0.0885117461665504	0.137941536303564	0.179834079632727	0.194161983804752	0.161989025657268	0.100295329204177	0.0400339010777689	0.00856228452889162	
3.48825243785242e-05	0.000153483107265507	0.000416846166323364	0.00146681015011694	0.00421555307114465	0.0111240370243114	0.0256247024084639	0.0521214679263909	0.0938653848501708	0.140114379797437	0.180775194339264	0.190177778785495	0.158417240338849	0.0948455837852074	0.0387928553613568	0.00785380036382473	
6.99235909959392e-06	4.89465136971574e-05	0.000150335720641269	0.000534915471118935	0.00162047922133089	0.00447860600328991	0.0122173994367655	0.02746423845343	0.0562832464824064	0.0970976465467361	0.14343076603042	0.182023343990854	0.188087467419977	0.151746429089612	0.0918044307083435	0.0360438630686318	0.00696089348364575	
5.26159787712064e-06	7.54162362387292e-05	0.00016661726610882	0.000624376281418316	0.00186435951445975	0.0051072576727251	0.0131224251055389	0.0299647999102021	0.0586071848872878	0.100247470486821	0.147063414531481	0.182865080353369	0.184455836778218	0.148231489260202	0.0876862824881746	0.0335584712602755	0.0063542563696027	
1.75674987219645e-06	7.02699948878579e-06	7.55402445044472e-05	0.000217836984152359	0.00079580769210499	0.00217836984152359	0.00577092333016533	0.0145898076885915	0.0323241976484146	0.0615934072690796	0.103170406494353	0.149775223853852	0.180616724610133	0.183496037650663	0.144620919728828	0.0834772404270308	0.0314879847092491	0.00580078807799267	
1.75579368019623e-06	1.40463494415698e-05	9.30570650504001e-05	0.000330089211876891	0.000985000254590084	0.0024194836913104	0.00650170399776663	0.0161199417778816	0.0348525045518951	0.0640724229777207	0.105935811694639	0.151581179998701	0.182103897335232	0.181852818838964	0.139511854241032	0.0794461524415189	0.0291479308849376	0.00503034889376219	
1.0532062230445e-05	2.28194681659642e-05	0.000133406121585637	0.000461655394434507	0.000967194381495869	0.00265407968207215	0.00754095655699864	0.0175955652996635	0.0360810898577996	0.0680687181953662	0.109586107507781	0.154375457486453	0.18293489956801	0.177672379140198	0.134819173268222	0.0751796155446217	0.0269884094655154	0.00490794099938738	
3.51215468934114e-06	2.63411601700585e-05	0.000145754419607657	0.000388093093172196	0.00112564557793383	0.00317674391650906	0.0081622474980288	0.0186653460965035	0.0379119537940929	0.0709859145036184	0.114443560552181	0.15618903118969	0.183169403513208	0.174538283364153	0.129674019362509	0.0714741040054368	0.0253120988460816	0.00460794695241557	
3.5218708177784e-06	3.87405789955624e-05	0.000153201380573361	0.000500105656124533	0.00127491723603578	0.00360815665281397	0.00879235049658379	0.0199549200535324	0.0404997534690428	0.0747393815594844	0.117352257519194	0.158663802211735	0.183367965063041	0.170301824329084	0.125547650912165	0.0672518842008875	0.0237338874410087	0.00421567936888075	
4.4026874003892e-05	0.000181390720896035	0.000607570861253709	0.00141766534292532	0.00412972078156507	0.010078631996971	0.0222159606223639	0.0434228252925586	0.0782234275801949	0.121584615249148	0.161006278232233	0.180798999709423	0.166722727552898	0.119731964391064	0.0634620972641701	0.0222899257706904	0.00408217175764086	
7.05729998288605e-06	5.46940748673669e-05	0.000181725474559316	0.000712787298271491	0.00166552279596111	0.00462958878877325	0.0114839913971513	0.023814858792249	0.046558772312095	0.0824433784000748	0.124249059173696	0.162016200032111	0.178757879916512	0.161927983782325	0.115741484044327	0.061250306551468	0.0208137419745267	0.0036909678910494	
1.93300554245407e-05	8.08347772298976e-05	0.000228446109562754	0.000692367439751732	0.00191894732032713	0.00520681402026493	0.0122341678059684	0.0256175952708141	0.0498662711620175	0.085029399257023	0.127418453525275	0.162876804284946	0.177003560244754	0.159297229475874	0.111469400522263	0.0579778653292611	0.0197131419774998	0.00334937142174315	
3.49503093976139e-06	2.97077629879719e-05	8.21332270843928e-05	0.00024989471219294	0.000735704012819773	0.0021546865743629	0.00575631595778702	0.0132636424163945	0.0277103528058982	0.0527155516644211	0.0875994554741796	0.129746033576762	0.164708575582665	0.175635789815829	0.15527199204531	0.108052376533663	0.0549034410327117	0.0182388189591448	0.00314203281484549	
1.39524987181142e-05	3.48812467952854e-05	6.62743689110424e-05	0.000273817787342991	0.000786572115233687	0.00239808571717587	0.00657162689623178	0.0141356252637894	0.0294415163575607	0.0551332986846282	0.0918649956224035	0.131552878226079	0.165513260105969	0.175402093572433	0.151879924796032	0.103572886109241	0.0518178361767363	0.0167586950227949	0.00278177943192401	
8.71037649731372e-06	3.48415059892549e-05	0.000102782442668302	0.000346672984593086	0.00104524517967765	0.00284132481342374	0.00679060951730578	0.0152971632045824	0.0318799779801682	0.0583508121555046	0.0950563387151846	0.13498818872947	0.165249778756437	0.173958413178451	0.14799103876466	0.099432431867435	0.0487432668789676	0.0154243347014431	0.00245806824754193	
6.94790633527469e-06	4.51613911792855e-05	0.000151116962792225	0.000425559263035575	0.00124193825743035	0.00319256296105872	0.00766006673464035	0.0165568607969596	0.0337199264216719	0.0616644057021467	0.0989746627225718	0.137702292635393	0.166511786254609	0.171118248154897	0.14384597881236	0.0950386737836387	0.0455278932384712	0.0143925879735215	0.0022233300272879	
1.7334146882627e-05	5.54692700244065e-05	0.000161207566008431	0.000478422453960506	0.00141619980031063	0.00353963279343244	0.00789570390503661	0.0177241651874861	0.0355315342800089	0.065198926669625	0.102243731972487	0.140572997559352	0.167421857665853	0.168813789660528	0.13964735411582	0.0902849040381629	0.0431360245174174	0.0137303777457289	0.00213036665187486	
2.58980136223552e-05	4.83429587617296e-05	0.000181286095356486	0.00065262994328335	0.00145719489981785	0.00356701974291905	0.00853771182416975	0.0193233712307599	0.0379336838197844	0.0676352523761427	0.105732956948869	0.142501230155647	0.168181700463574	0.166487970372672	0.134885487616433	0.0865304431150131	0.0414091972479044	0.0130094355096297	0.00189918766563938	
2.24232263227979e-05	9.83172231076522e-05	0.000282877624379912	0.000746865922905498	0.00157307556972243	0.0039516624235023	0.00990934117111337	0.0210709332891768	0.0403204106555171	0.0712282408461491	0.107695306301272	0.146011425496243	0.166319969090445	0.164029350278393	0.131013736813418	0.0821362780204086	0.0398081261772194	0.0119929763555703	0.00178868351513395	
5.01365789564676e-05	9.16289201618201e-05	0.000333667577193043	0.000639673593582518	0.00168735520901767	0.00446561322222606	0.0106548874520245	0.0224594585249473	0.0428667750077798	0.0732305245323467	0.111451886172677	0.146500812558349	0.166806127035718	0.162371633069396	0.12627848276339	0.0796013277549186	0.0376750458144601	0.0110888281871305	0.00174613602572525	
6.9302830847383e-06	3.81165569660607e-05	9.18262508727825e-05	0.000280676464931901	0.000720749440812784	0.0019092929898454	0.00509549063805384	0.0117745509609704	0.0239060115008048	0.044371137450037	0.0769729216514172	0.113691294005132	0.149224587951356	0.167286638240956	0.157702056734762	0.123740204478002	0.0762365790736637	0.0350065924317844	0.0103625057824549	0.00158183711409152	
5.20105546752288e-06	3.12063328051373e-05	8.14832023245251e-05	0.0003259328092981	0.000826967819336137	0.00224858964712572	0.00551658616588593	0.0128344712086906	0.0254366286064985	0.0476347333418862	0.078922549349348	0.116897189002888	0.150695381116008	0.165948343117097	0.155308717315701	0.119762970565493	0.0733244799811375	0.0330319032742378	0.0097311747797353	0.00143549130903631	
1.38950886072432e-05	2.43164050626755e-05	0.00010942382278204	0.000368219848091944	0.0010317103290878	0.00226837321513245	0.00600267827832905	0.0131065423287821	0.0275418025056319	0.0497687336189932	0.0822189761751337	0.11896801176914	0.151175090274654	0.16497986080595	0.154159060553059	0.117147755161591	0.0695761824286183	0.0311857894928814	0.00902138627825262	0.00133219162021944	
6.95242283245182e-06	4.17145369947109e-05	0.000112976871027342	0.000465812329774272	0.00108457796186248	0.0025619678137585	0.00628672834624456	0.0143810866289266	0.0292575333846654	0.0528940329092935	0.0853601094311354	0.121849900667259	0.151404650128011	0.16485411209739	0.151581936910239	0.112940370807472	0.0657803486292429	0.0295617018835852	0.00842807457863972	0.00114541166164644	
1.73643066258721e-06	3.47286132517442e-06	5.7302211865378e-05	0.000163224482283198	0.000420216220346105	0.00119987358784776	0.00277307976815178	0.00732600096545545	0.0160880300888705	0.0314155035475278	0.0564826165926368	0.0881967862141297	0.122835105071419	0.152290178400886	0.163955519592147	0.147778931539485	0.108787381011089	0.0634161842283476	0.0279600065289793	0.00777920936839071	0.00106964128815372	
1.73427446627703e-06	2.08112935953244e-05	5.89653318534191e-05	0.000152616153032379	0.000478659752692461	0.00128162883057873	0.00334714971991467	0.00792043148748721	0.017271639409653	0.0338270234647335	0.0584329095922721	0.09126099096443	0.125894452055982	0.153609892301556	0.161891052878028	0.143707185099114	0.104973899169283	0.0611435805830631	0.0264459513362585	0.00732037252215536	0.000959053779851199	
5.1945893157687e-06	8.65764885961449e-06	4.84828336138412e-05	0.000176616036736136	0.000566210235418788	0.00147180030613446	0.0039548139990719	0.00876673523524563	0.0191230148011165	0.0356660502420679	0.0609082912571599	0.0936878813694323	0.128618031458433	0.154199652308822	0.160185550730359	0.140504983342684	0.101237351175016	0.0578105844951898	0.0252630193723551	0.00689148849225314	0.000905590070715676	
3.47382042085334e-06	6.94764084170669e-06	1.73691021042667e-05	5.03703961023735e-05	0.000267484172405708	0.000649604418699575	0.00154063935664846	0.00427627293807047	0.00971280189670595	0.0203861151397778	0.0379497511876124	0.0638071334902342	0.0967424249003448	0.129642978106247	0.154873335822905	0.157923350152414	0.13800272694903	0.0971349666079012	0.0558833491102677	0.0236063466699089	0.00646825362362893	0.00105430449772899	
3.47043278031987e-06	1.04112983409596e-05	2.7763462242559e-05	8.32903867276769e-05	0.000300192435497669	0.000845050382007888	0.00173868682294025	0.0048724876235691	0.0105154113243692	0.0215756805952486	0.0398301570197311	0.0663893790875191	0.0984041214859699	0.132560120909878	0.155610735436763	0.156188562494686	0.134343923358962	0.093793651537315	0.0538194715572005	0.0219088421421593	0.00616001818506777	0.00101857202102388	
8.66606697483201e-06	1.03992803697984e-05	0.000126524577832547	0.00032757733164865	0.000903004178777495	0.00208678892753955	0.00522910481261363	0.0113941448585091	0.0224243149040753	0.0414497983406215	0.0687323103907876	0.10241384629517	0.13541422933533	0.154619966964953	0.153924948393571	0.130254453058515	0.0923508093239948	0.0512649857963162	0.020375656671225	0.00575946811147335	0.000929002379701991	
6.92694668848655e-06	3.98299434587977e-05	0.000155856300490947	0.000309980864309773	0.000910893489535981	0.00238633313418362	0.00568875496791958	0.0123316968421782	0.0240157241689829	0.0433419054298603	0.0713873808348703	0.105441982492142	0.137165666588739	0.154401641686365	0.151296637833251	0.128141586790313	0.0883774493250556	0.048776095106978	0.0193313764708938	0.0056506567611329	0.000841624022651116	
3.46000408280482e-06	4.84400571592674e-05	0.000114180134732559	0.000365030430735908	0.000946311116647118	0.0028043333091133	0.00655151773079092	0.0135701360127605	0.0255521301515136	0.0460301643155939	0.0743451077272271	0.10733451665473	0.136379520927835	0.154670832511582	0.149923706909974	0.125314427871025	0.0858011812453939	0.0462014345176927	0.0184418217613497	0.00493050581799687	0.000671240792064135	
5.20364463270074e-06	5.89746391706084e-05	0.000117949278341217	0.000412822474194259	0.00116388184951407	0.00302505207981003	0.00668668335302046	0.0145632667787185	0.0271769013683851	0.0476914030587023	0.0766097908308312	0.10995994928181	0.138160234094627	0.154416419927184	0.149629066865099	0.1216542733197	0.0825280693264229	0.0440956846175061	0.0171945764146542	0.00434504326830512	0.000504753529371972	
1.21147089873834e-05	6.40348903618837e-05	0.000159221889548467	0.000392862705733719	0.00137242346099929	0.00321212855436908	0.00706287533964452	0.0151312715252419	0.0282532320312906	0.0506256381855627	0.07948287499351	0.111353212993891	0.140310828819162	0.155506135234766	0.14723005832367	0.118902407365743	0.0788113739810664	0.04155691317215	0.0159031515550094	0.00411553971028539	0.000541700559007286	
8.67065054156883e-06	0.000104047806498826	0.000114452587148709	0.000541048593793895	0.0015121614544496	0.00330698611655435	0.00753999771094826	0.0162349260740335	0.0308709841882017	0.0530487741434264	0.0817260837446112	0.114360678252968	0.140915412601577	0.154649723059422	0.145138019415321	0.115187858314634	0.0765427688508613	0.0391531895855082	0.0147158280991506	0.00383936405980668	0.000489024690544482	
3.45673891250994e-06	2.59255418438245e-05	6.91347782501988e-05	0.000159009989975457	0.000668878979570673	0.00154170555497943	0.0037384631338795	0.00867295793148743	0.0170814753361679	0.0332209893186768	0.0553942410729718	0.0846071416225933	0.115636558470739	0.141543088250544	0.154535241453213	0.142723564589167	0.112641294203049	0.072247571640914	0.0375090739396453	0.0139392996646963	0.00357599640499153	0.000464931383732587	
8.61602511743642e-06	2.24016653053347e-05	8.09906361039024e-05	0.000236079088217758	0.000647925088831219	0.00182315091484955	0.00441657447519791	0.00907095124363707	0.0186502479692029	0.0347449828885741	0.057935876094666	0.0876749483900095	0.11786205399146	0.142557305183056	0.151881567565146	0.140465334284542	0.11029201432328	0.0689040760691626	0.035508362713979	0.0135702395599624	0.00315001878293476	0.000496283046764338	
1.71959286919229e-06	8.59796434596145e-06	9.11384220671914e-05	0.000244182187425305	0.000799610684174415	0.0019173460491494	0.00467385341846464	0.00992720963384709	0.0200074630330523	0.036754577986116	0.0593895789232941	0.0901806088390513	0.11930707285743	0.142949755215955	0.151272584702846	0.138478813756055	0.106183140079755	0.067258435892718	0.0341906650181503	0.0128040885040058	0.00313309820766835	0.000426459031559688	
1.88799390349605e-05	9.09669789866279e-05	0.000339838902629289	0.000822135527067825	0.00212313496238601	0.00513362705941517	0.0107649979661157	0.0212965712314354	0.0380293462906927	0.0612413731551296	0.0925563265817527	0.120972351187462	0.143549325557087	0.15014357335457	0.135681540053791	0.104248157918676	0.0648216961393957	0.032394542667804	0.012362927351711	0.0030722809884163	0.000336406186441114	
1.20035050234669e-05	3.42957286384767e-05	0.000111461118075049	0.000365249509999777	0.000939702964694262	0.002431567160468	0.00571366839117022	0.0113810375486785	0.0221824772833667	0.0392566057860324	0.0649509656819791	0.0929448541831358	0.122279705674057	0.144081500369536	0.150054101511927	0.133432676627289	0.100669967058953	0.0630029682953137	0.0311782469052392	0.0118268820209787	0.00283111239910625	0.000318950276337834	
6.82857211142864e-06	1.19500011950001e-05	3.41428605571432e-05	0.000107550010755001	0.000447271473298576	0.00114720011472001	0.00257949311509217	0.00603645774650292	0.0121958297910115	0.0234766309190917	0.0415245470095976	0.0661415494712978	0.0939850522556481	0.123563012356301	0.145918050306091	0.149030172045874	0.131298077415522	0.0980173240874467	0.0607350275020742	0.0299006101329182	0.0108864510886451	0.00261875740473288	0.000338014319515718	
1.7006860567553e-06	1.36054884540424e-05	3.40137211351059e-06	3.23130350783506e-05	0.000134354198483668	0.000540818166048184	0.00119218092578546	0.00277381895856789	0.00617859244419199	0.0127381385650972	0.024797703393549	0.0429015064677091	0.0674509096969718	0.097076860805649	0.125240221905517	0.146265803625182	0.147163765863149	0.129311664325389	0.0952741335854884	0.0586736689580577	0.0288861526739887	0.0104269062139667	0.00259694760866534	0.000324831036840261	
8.50032216220995e-06	1.53005798919779e-05	1.70006443244199e-06	3.74014175137238e-05	0.000204007731893039	0.00069192622400389	0.00125974774443951	0.00287990914855673	0.00662855122209132	0.0134849110781299	0.0260194861385247	0.044648792189224	0.06938132955239	0.0993874667849911	0.126355588876818	0.147007971602124	0.146168139772497	0.127390928116176	0.0915399693648389	0.0564336388349118	0.0274611407772355	0.0104400956796263	0.00222198421320168	0.000331512564326188	
