# <P(N_1)> as a function of N_tot.
# number_of_species: 2
# species_total_upper_bound: 100
# species_total_lower_bound: 0
# volume: 512
# Bin widths for each species index 
1	1	1	1	1	1	1	1	1	1	1	1	1	1	1	1	1	1	1	1	1	1	1	1	1	1	1	1	1	1	1	1	1	1	1	1	1	1	1	1	1	1	1	1	1	1	1	1	1	1	1	1	1	1	1	1	1	1	1	1	1	1	1	1	1	1	1	1	1	1	1	1	1	1	1	1	1	1	1	1	1	1	1	1	1	1	1	1	1	1	1	1	1	1	1	1	1	1	1	1	1	
# Bin lower bound for each species index 
0	0	0	0	0	0	0	0	0	0	0	0	0	0	0	0	0	0	0	0	0	0	0	0	0	0	0	0	0	0	0	0	0	0	0	0	0	0	0	0	0	0	0	0	0	0	0	0	0	0	0	0	0	0	0	0	0	0	0	0	0	0	0	0	0	0	0	0	0	0	0	0	0	0	0	0	0	0	0	0	0	0	0	0	0	0	0	0	0	0	0	0	0	0	0	0	0	0	0	0	0	
# Bin upper bound for each species index 
0	1	2	3	4	5	6	6	6	7	7	7	8	9	9	8	8	8	9	9	9	10	10	10	11	10	11	11	11	11	11	12	12	12	12	13	13	12	12	13	13	13	13	13	14	15	15	16	16	15	16	16	16	16	16	16	17	17	17	17	17	17	18	19	19	19	17	17	18	18	18	18	18	18	18	18	19	19	19	19	19	19	20	20	20	21	21	21	21	22	22	21	22	22	21	22	22	22	22	23	23	
# Normalized histogram for each species index 
1	
0.921069324173733	0.078930675826267	
0.847776569829957	0.145961595188932	0.00626183498111161	
0.780655833622711	0.201839968414193	0.0170398057282574	0.000464392234838575	
0.719004317130182	0.247617826646949	0.0315013356866861	0.00181868053236655	5.78400038162477e-05	
0.661480419986433	0.284885710232252	0.0493222967873923	0.00413751253294929	0.000172272168566827	1.7882924072681e-06	
0.608366973829358	0.315295251816349	0.0679478584198714	0.00786212864696261	0.000514711476282856	1.24814561223325e-05	5.94355053444406e-07	
0.560106594267815	0.339177568443516	0.0873056676515742	0.0122632315383523	0.00107954132018957	6.14324618671413e-05	5.96431668613022e-06	
0.516129976528332	0.356169571900429	0.107527601164443	0.0180503042833853	0.00197439204555977	0.000135608772872033	1.2545304979351e-05	
0.47476813803253	0.369049353987882	0.127254114026873	0.0253919315380058	0.00323364423462854	0.000271759905200589	2.86691768123698e-05	2.38909806769748e-06	
0.436774837217815	0.377761734493075	0.146274282747541	0.0335140495709584	0.00504645707251658	0.000578395636970906	4.48600545737517e-05	5.38320654885021e-06	
0.402945799706475	0.381369476850279	0.164360953351779	0.0430202057792951	0.00726921442744299	0.000934270840262459	9.22884601670421e-05	7.79058429981524e-06	
0.371026464116888	0.384204084416214	0.181014009148001	0.0523036906669091	0.00996038578099594	0.00134958740672233	0.000112465617226861	2.51252974655754e-05	4.18754957759589e-06	
0.340726748027715	0.383274163292569	0.197461099958799	0.0631280650170813	0.0131603259943347	0.00200083836682316	0.000217066445653558	2.33211883760021e-05	7.77372945866738e-06	5.9797918912826e-07	
0.31401240099136	0.379229388371598	0.212567017198958	0.07354225417537	0.0173344161974089	0.00291833866274278	0.000363818354546081	2.87698204583392e-05	2.39748503819493e-06	1.19874251909747e-06	
0.289517991551689	0.373196955736116	0.226281905536875	0.0847439778860076	0.0215366113417976	0.00408295140426245	0.000584560891260904	5.38490073832972e-05	1.19664460851772e-06	
0.265720764728554	0.367196981240309	0.237724338003089	0.0960685017044759	0.0267858156536911	0.00550810111530383	0.000887343258432002	0.000106361683502287	1.79261264329697e-06	
0.244756907784078	0.35884147962784	0.247754070159651	0.107708431550751	0.0321669137413561	0.00728974899960145	0.00130319201378121	0.000167305714744951	1.1950408196068e-05	
0.225385277176253	0.350600583970099	0.256703173279387	0.118186591438258	0.0379365032799674	0.00915349481018577	0.00175777753696811	0.000255045378320305	2.09544324911048e-05	5.98698071174424e-07	
0.20816012280325	0.339608295440882	0.26474664950165	0.129217398483026	0.0442481740733673	0.0113560702002911	0.00221402390619382	0.000394229060843483	5.14471915516533e-05	3.58933894546418e-06	
0.190408333213686	0.329711003268772	0.270981397196418	0.140060039148684	0.0511337803366404	0.0142290868019163	0.00285957683048811	0.000544994663718551	6.28149722178351e-05	8.97356745969073e-06	
0.174986735861505	0.319149228885495	0.275079390429842	0.150002302905669	0.0589053362212369	0.017150964738028	0.00394963276131549	0.000675917767724747	8.79291255358742e-05	1.13649890148409e-05	1.19631463314115e-06	
0.161353276285139	0.307642313560984	0.27870725570761	0.16002712101137	0.0655376608964762	0.0205978580619239	0.00493451734644581	0.00101464630278911	0.000163826215064359	2.09267063038414e-05	5.97905894395469e-07	
0.14917835695376	0.295210455149173	0.280599869880284	0.169933351122357	0.0732358135030686	0.0239852011309022	0.00623855081414767	0.0013371749630478	0.000237453491195932	3.83763218094436e-05	5.396670254453e-06	
0.137240314791351	0.284612175690873	0.281197088138107	0.178297974468839	0.0808015939469279	0.0278545696995669	0.00789551962777581	0.00169796764584596	0.00033516456879582	5.62597669050126e-05	1.07731468541513e-05	5.98508158563963e-07	
0.126309342819652	0.271637574146752	0.28212846481685	0.186950291323918	0.0885706049322317	0.032104242647525	0.00952619044486257	0.00221946840412387	0.000479060682215904	6.5788608044631e-05	8.97117382426786e-06	
0.115751023911593	0.259894225688525	0.28137544859641	0.194634057702469	0.0967934173183917	0.0369660178506105	0.0111667929869527	0.00270233760271991	0.000609684661529376	9.4441349531021e-05	1.01614110254896e-05	2.39092024129167e-06	
0.10670430360195	0.249542459791241	0.278840000119736	0.20124884380173	0.104635868637916	0.0414369486543199	0.0133080291796006	0.00334900873771586	0.000786663832920744	0.000125123851659388	1.9157718914356e-05	3.59207229644175e-06	
0.0983950449460474	0.237786777699862	0.276780939594261	0.207136873005484	0.112088154256775	0.0467497579183312	0.0156243730878243	0.0042068614059241	0.00101084442038432	0.000192228115487777	2.57501836946244e-05	2.39536592508134e-06	
0.0915127710551892	0.226433296664669	0.273223870282752	0.213322402597986	0.119680773024159	0.0513183652522383	0.0179716379754825	0.00502422587099058	0.00120785024812729	0.000274266442063609	2.75464112116289e-05	2.99417513169879e-06	
0.0840957493240795	0.216673622180476	0.26961604367983	0.217415610086252	0.126949287727484	0.0569859865330092	0.0202495136122793	0.00613500233777011	0.00151147898936584	0.000316884440017363	4.60379280779942e-05	4.78316135875265e-06	
0.0771826998269073	0.206089176532391	0.265583276842378	0.222255661410864	0.133884461686568	0.0623384922090347	0.0229465961531903	0.00731081712546497	0.00192597760265748	0.000410444434738437	6.58147052787582e-05	5.38483952280749e-06	1.19663100506833e-06	
0.0712043547425531	0.195565568294502	0.261603309796074	0.225353732957456	0.140938953915104	0.0678142703499432	0.0262177311359898	0.00843806265484711	0.00226365126109582	0.000482329080249373	0.000105453314439614	1.19833311863198e-05	5.99166559315991e-07	
0.0654508349395053	0.185726274694707	0.256337255932339	0.228385363708731	0.147374306166681	0.0737369429162565	0.0296669420104415	0.00988538140511708	0.0026796528148952	0.000620273340183934	0.000121175256012722	1.43970601203234e-05	1.19975501002695e-06	
0.0595859487436708	0.175833157418985	0.25031439051542	0.231579061321036	0.154044436265179	0.0794982501784704	0.0333635845871365	0.0114257121223329	0.00332583366862307	0.000838374707786721	0.000164788141989642	2.10495801811587e-05	5.41274918944081e-06	
0.0551962260556953	0.165820149323007	0.244658381124492	0.232304210966669	0.160763951260855	0.0856780839010605	0.0370528658419703	0.0131552773615182	0.00400915275529038	0.00108562383284889	0.000229662787515507	4.03868943924907e-05	3.61673681126782e-06	2.41115787417855e-06	
0.0511619883185056	0.15775727809278	0.237796613123979	0.23334497435469	0.165952476982936	0.091920389839973	0.0407451776417855	0.0149646231164236	0.00461333075267318	0.00132839882259384	0.000339613273649556	6.79226547299113e-05	6.0108544008771e-06	1.20217088017542e-06	
0.0470218061614491	0.149601736566678	0.231419126852833	0.233315419234938	0.171668503111949	0.097728112024163	0.0447832444133533	0.0169867685868779	0.00542046590666855	0.00152820269552138	0.000399314260322874	0.000108085062944537	1.92151223012511e-05	
0.0434085674141301	0.140708140260778	0.22488967353922	0.232410283103785	0.176579307019695	0.104067581741128	0.0495930859086169	0.0195574228314456	0.00633803703754788	0.00184222251673262	0.000470750219933303	0.000121735407192943	1.31929997943091e-05	
0.0396558015190796	0.133252887743052	0.2176344802422	0.232511921545178	0.180988198583974	0.109544006513936	0.0539287025991635	0.0219282136944837	0.00763853647342749	0.00219168298845382	0.00056439731413983	0.000139601458805287	1.49786972967046e-05	6.59062681055004e-06	
0.0360174586595167	0.125715030934323	0.212149872637452	0.230964712976622	0.184923361126964	0.11477585029008	0.058478493137737	0.0245793566187247	0.00886273440033118	0.00261485062867685	0.000713684923361127	0.000165110677994695	3.46971714626533e-05	4.78581675346942e-06	
0.0331274158089098	0.118426125940579	0.204845029001681	0.229977823652535	0.188343886656353	0.120614423726297	0.0631163755322563	0.0271965600318037	0.00995361167922368	0.00328514088925716	0.000884898530038653	0.000187397320637414	3.71202360368041e-05	4.19099439125208e-06	
0.0304924266255387	0.111863285596418	0.197831077109469	0.228367244099395	0.191400644361478	0.126067519543854	0.0673673513531651	0.0299208059731362	0.0115115052137915	0.00374489421123241	0.00113485274177187	0.000253454440216209	4.13436320920058e-05	3.59509844278311e-06	
0.0283113270444543	0.105901300268241	0.191674357197319	0.22575687389804	0.194770917944133	0.130543915024723	0.0716009350727698	0.0325426151155734	0.0127991975514787	0.00437791686566289	0.00132803793915324	0.000321984863120524	6.22424270716255e-05	8.37878825964189e-06	
0.0264137803952913	0.0998859690477159	0.183722649921387	0.22363049185271	0.198193692281552	0.135202060932972	0.0760238256487081	0.0356553130287243	0.0142987395571339	0.00498361926823957	0.00146098418403854	0.000396057137523961	0.000113073714489469	1.79482086491221e-05	1.79482086491221e-06	
0.0241181059243487	0.094352690527345	0.177227187704829	0.219870491373081	0.200214130196432	0.140925109551501	0.0802970262624036	0.0391174049385349	0.0157404267505773	0.00578642819568648	0.00172790007417269	0.000477509139776571	0.000115033569431746	2.51635933131945e-05	4.19393221886575e-06	1.19826634824736e-06	
0.0222892909425546	0.0880668487444939	0.170859059447873	0.216618218183753	0.201298813863977	0.146303658712269	0.0856429301977212	0.0420327202104595	0.0176889266673481	0.00636076874382439	0.00210232343501836	0.000565481367508493	0.000120747607015556	4.48320323077558e-05	3.58656258462046e-06	1.79328129231023e-06	
0.0203910214315563	0.0828720673392633	0.163767536266492	0.212851173064295	0.202395080890693	0.150847113605158	0.0907868186973912	0.0454850456689153	0.0199116470658468	0.00737329114679721	0.00240224464211092	0.00070622649394066	0.000154020655483255	4.53704256462301e-05	6.56677213300698e-06	5.96979284818817e-07	4.17885499373172e-06	
0.0186520390216518	0.0779961241120245	0.15726490111708	0.209114010230194	0.202830771803363	0.154410240944068	0.0961471045802963	0.049332469370631	0.0218214284647841	0.00846544099423394	0.00281942482777978	0.000858786888868318	0.000211412071390393	6.27069703276588e-05	1.13469755831002e-05	1.1944184824316e-06	5.97209241215799e-07	
0.0173278034552551	0.073413085966756	0.151284546259603	0.204541178698066	0.203538179286444	0.158733943920709	0.100474896854033	0.0528348214553198	0.0238215356076774	0.00945120234105096	0.00327083260934431	0.000952070528713704	0.00027142098773273	7.0701272742742e-05	8.38828659659651e-06	5.3924699549549e-06	
0.0160860462399698	0.0690328783617428	0.145394423527932	0.200253993356636	0.20374400584664	0.161744047779505	0.105038233787706	0.0569675948805962	0.0260115554996451	0.0103933602302713	0.00380211281737938	0.00112200367212093	0.000287539649021916	9.10542221902734e-05	2.75558830312669e-05	2.99520467731162e-06	5.99040935462325e-07	
0.0145358015179827	0.0649201498452242	0.139441968524835	0.195768124520351	0.203610855331541	0.165010672847712	0.109614309703694	0.0606623935336262	0.0287355116766286	0.0117068828035651	0.00417148687176827	0.00134376634401497	0.000340285012661838	9.34585598155751e-05	3.47474132647651e-05	5.99093332151122e-06	3.59455999290673e-06	
0.0134972409733901	0.0604009933335773	0.132901264826356	0.191175314736628	0.203944775068983	0.168595515359291	0.113805572771764	0.0645786822070533	0.0311889703733881	0.0128744575394295	0.00479867235531535	0.00165235604732914	0.000425388684660988	0.000113396983640235	3.77989945467451e-05	7.1998084850943e-06	2.3999361616981e-06	
0.0124372658068552	0.0568151593549073	0.127042032134557	0.186621428601449	0.202426332540606	0.171482967580254	0.118794350725492	0.0685475567061869	0.0337136060625892	0.0142060413350713	0.00533034254565584	0.00186003618004526	0.000518144358740819	0.000144696165071306	5.40359122672928e-05	4.80319220153714e-06	1.20079805038429e-06	
0.0114257240884545	0.0538327384936799	0.121739313147807	0.181748978666819	0.201259519185455	0.173639548182012	0.122010067748685	0.0729896771056273	0.0363537579958156	0.0158886724319586	0.00606106086575435	0.00214982755153192	0.000650171247782484	0.000195711751410055	4.38250240887547e-05	8.40479914030912e-06	3.00171397868183e-06	
0.0106784326619164	0.050376067063293	0.116640187577547	0.17754529244194	0.199748728643735	0.175709355598167	0.125677676687922	0.0762879756936361	0.0394852417076853	0.017351403111733	0.00696036056359661	0.00244851577105748	0.000762573767462399	0.000237591826841157	7.49974200887489e-05	1.31995459356198e-05	2.39991744283997e-06	
0.00976257077833846	0.047347389405381	0.111293186998663	0.172753988370985	0.197841901255864	0.176545016132097	0.130153625031692	0.0803578010960116	0.042367207639835	0.0193645098665618	0.00793328750135608	0.00293512457646878	0.000935020285744597	0.000279906713745338	0.000104890096157246	2.03786472534079e-05	3.59623186824845e-06	5.99371978041408e-07	
0.00897308672149455	0.0442547062197889	0.106689468750916	0.168267059542032	0.195898137131926	0.178642247141814	0.133108662219901	0.0838634578654928	0.0451352064300442	0.0211672968344462	0.0090562317821097	0.00335451438798356	0.00111857023993033	0.000311644435830855	0.000120829512548623	2.33284702445362e-05	1.37578157852393e-05	1.79449771111817e-06	
0.0083955814489665	0.0410084971216344	0.10134307800556	0.163291550542523	0.194163350682768	0.180243983146718	0.136976515546997	0.0874350590784691	0.0482148638107195	0.0232980968980071	0.0100871214790941	0.00371816267215541	0.00131404945843243	0.000376295981278379	9.67618237572975e-05	2.44891035435136e-05	1.19459041675676e-05	5.97295208378379e-07	
0.00761860275711736	0.03893020971818	0.0962302228929371	0.158770196303882	0.1908195896662	0.181354125495551	0.140088390643527	0.0921849735906004	0.0513066963697556	0.0254159031296037	0.0110362545363084	0.00424287065981579	0.00139293114392823	0.000436563544249219	0.000131747571652713	3.29368929131784e-05	6.58737858263567e-06	1.19770519684285e-06	
0.00702653441284852	0.0363189700819962	0.0918630522199262	0.153460496155938	0.188064257008824	0.182345892323043	0.143594290880754	0.096063123541892	0.0546939819389729	0.0273815112812379	0.0121733628066754	0.00457289068888134	0.0016833905069743	0.000526509798365358	0.000166297849654737	5.0429672819487e-05	1.26074182048717e-05	2.40141299140414e-06	
0.00644481104302374	0.0335411638549304	0.0874030887701152	0.148675704397519	0.185237196831963	0.182831518951028	0.147669529623818	0.0995042499306864	0.0581235832812604	0.0295284931495315	0.0132095772442118	0.00511507259433715	0.0018607918409029	0.000624273410102524	0.000161180418022617	5.83376886126636e-05	6.6156141725701e-06	4.81135576186916e-06	
0.00594796345201149	0.0318029907280683	0.0830106550108912	0.144097456483605	0.183088121903734	0.181850820209341	0.15015987335428	0.103545405478343	0.0613970304759335	0.031892746303757	0.0143904090444706	0.00581122173602945	0.00205534244462864	0.000697563467432581	0.000183125469861403	5.48171636756173e-05	7.83102338223105e-06	3.61431848410664e-06	3.01193207008886e-06	
0.00527810878802104	0.0296952298414762	0.0790951985459623	0.138879259499994	0.180052119067394	0.183045053503292	0.152497622744617	0.106876587344576	0.0646131994848277	0.0342433105839021	0.015721181044548	0.00644266300749889	0.00238086640426582	0.000858821122064541	0.000234716354313364	6.07855173991021e-05	1.32404097304975e-05	4.81469444745363e-06	5.41653125338533e-06	1.80551041779511e-06	
0.00503043757471096	0.0275062594854354	0.0749087834831361	0.134388326209987	0.17688668467346	0.18261582753885	0.155146247074698	0.110569811602116	0.0681177528868194	0.0362304548920194	0.0172235063220202	0.00731175243945556	0.00273829939221058	0.000909158691484935	0.000316882692071799	7.33580425669061e-05	1.56336812027833e-05	8.41813603226792e-06	1.20259086175256e-06	1.20259086175256e-06	
0.00461932916327261	0.0257531808986771	0.0710441283000039	0.12908452037789	0.17397268920824	0.182500773996135	0.156655014142337	0.114652423133918	0.0716152322439275	0.0386998067264021	0.0186750989663019	0.00797681919149716	0.00317173095593783	0.00111275094758168	0.000343263528400398	0.000101596385813778	1.62313752483551e-05	4.20813432364761e-06	0	1.20232409247075e-06	
0.00421272322034461	0.0242937324884563	0.0673878884207415	0.123980975187519	0.169907137923859	0.181876966043062	0.158872264127612	0.117674557480087	0.0755618019887383	0.0414263180593967	0.0203663211356981	0.00880606332958346	0.00367889446175283	0.00136503331151773	0.000439126933621259	0.000117020089454017	3.07630132069838e-05	2.41278534956736e-06	
0.00397462951055242	0.0226746485293629	0.0643705226550259	0.119465299727397	0.165246293596095	0.18056398320307	0.160577930330776	0.121153445574504	0.0788181771526728	0.0445631862243435	0.0223957059752272	0.00992117759644499	0.0040223274797661	0.00153297650422187	0.000507168280246701	0.000170867408702162	3.44149904453119e-05	7.24526114638144e-06	
0.00359907642236334	0.0209382132362139	0.0611855077350534	0.115810979600198	0.161204300763384	0.178551293183932	0.162603807310428	0.124189890559313	0.0820469777366063	0.0473735383284115	0.0241668675889149	0.0110564642881098	0.00465414482959074	0.00180739381787924	0.000581314895620137	0.000164363463210683	5.55935243212605e-05	8.45988413584399e-06	1.81283231482371e-06	
0.00327773947168206	0.0196156753780973	0.0580572021133684	0.111618389907173	0.158487526279627	0.177337549756798	0.163796328134112	0.127192486821662	0.0845232562988012	0.0499873398521512	0.0259602525744819	0.01206188787883	0.00503867841351125	0.00205281729080088	0.000693135540932766	0.000219361988978722	6.52647239936693e-05	1.14817569988863e-05	3.6258179996483e-06	
0.00306294894420941	0.0184284107382534	0.0548112690921101	0.107353552942285	0.155362696506016	0.17592605450757	0.165207846414212	0.130178047114953	0.0871953277500276	0.0526908124210942	0.0277820880581218	0.0130095329983994	0.00567487820355297	0.00214641898219287	0.000804227871808975	0.000263849534519912	7.42642854598378e-05	2.47547618199459e-05	3.01887339267633e-06	
0.00277207100706096	0.0171821285083552	0.0520997124029186	0.102813691336629	0.151067298683553	0.175433011505695	0.16586516825426	0.132687302054256	0.0911503339593498	0.0551701933200881	0.0297443400278234	0.0140125803335788	0.00630708071142372	0.00238425893764864	0.000859589680332914	0.000323780793154211	9.54428457432189e-05	2.53708830456658e-05	6.64475508338866e-06	
0.00248280392611485	0.0159945223742175	0.0495479992657856	0.0992922318185331	0.146805442847206	0.17313511959966	0.166120232436819	0.135608069595796	0.0950554042043435	0.0580995440142206	0.0315603504907644	0.0152560814205116	0.00671782015611717	0.00277745575392225	0.0010349041657006	0.000351408532344076	0.000117739972177139	3.50200942885849e-05	7.84933147847593e-06	
0.00229536561938346	0.0149361771235	0.0467700366038973	0.0954919188278542	0.143290704252222	0.16993795509608	0.166376576403617	0.138230878040741	0.098329430245819	0.0613349223397274	0.0337766492129528	0.0166948304768046	0.00753389467761342	0.00318223886895587	0.00118149145637387	0.000432267696864429	0.000155157539237651	3.62235500165723e-05	1.32819683394098e-05	
0.00222782615833681	0.0139107855516631	0.0439324179790581	0.0913457011586386	0.139990897963027	0.167805226066109	0.166526232939716	0.140357273058695	0.102287460193678	0.0644802060875003	0.0358431938733875	0.0177109463462685	0.00808017035536573	0.00348509028399804	0.00130796512736816	0.000494334766642604	0.000166589005608497	4.04400846948162e-05	7.24300024384768e-06	
0.0020250826020535	0.0131898332784359	0.0418059425305283	0.0873952909452975	0.135660060710326	0.165453403529774	0.167008194870393	0.142357345485836	0.105048374966053	0.0675587547939902	0.0385042690523661	0.0192692962431496	0.00889037155418315	0.00361961686617414	0.00140665862574992	0.000550981439452559	0.000186671307355512	5.78078887294488e-05	1.20433101519685e-05	
0.00186887273294871	0.0120327067736881	0.0398496737127111	0.0835511583649015	0.132215091462499	0.163735584225345	0.166953431269549	0.144550972258076	0.107037239375401	0.0701340569486885	0.0408672578059806	0.0208301565098366	0.00982283830918947	0.0040325146634168	0.00156689940025575	0.000627960449297897	0.000225129224174676	7.98458315072852e-05	1.7409993336175e-05	1.20068919559827e-06	
0.0017670766476237	0.0112226444670547	0.0376299241756938	0.0804699980465684	0.128052236918899	0.162248076229374	0.166950094016387	0.14628806045811	0.110297580740842	0.0723632567899725	0.0426465283445326	0.0225106030590979	0.0104442678765959	0.00446413056113822	0.00167959167286851	0.00063935937029993	0.000220510073355552	7.72983681056147e-05	2.57661227018716e-05	2.99606077928739e-06	
0.00160396022993492	0.0104158552996596	0.035388982824384	0.0774148978366609	0.124592419145905	0.159529632820729	0.166945477335449	0.148023300263512	0.112616342539278	0.0762902682693886	0.0441187925181277	0.0237909782779327	0.0114643911242341	0.00484543383619114	0.00193529755050048	0.000696826950845839	0.000232475371391389	6.53088027877871e-05	2.57640231181179e-05	3.59497996996993e-06	
0.00144333243299733	0.00989850558198338	0.0332661175615228	0.0740291792708716	0.121426779027002	0.156563239820164	0.16651325021096	0.149214222274392	0.115252190900777	0.0784538016837281	0.0472712333066027	0.0253152124243972	0.0125132729688989	0.00545711416160652	0.00218476212264493	0.000816890223488948	0.000283875341593667	7.42627475899043e-05	2.09612594003762e-05	1.7966793771751e-06	
0.00126977164484265	0.00899626319208247	0.0312061811932378	0.0705679037202691	0.117952737409546	0.154664058810981	0.165458615871007	0.150682165191359	0.117901203496636	0.0813139230251126	0.0498410837941424	0.0271439905465231	0.013238223302437	0.00606542170320781	0.00228546911440768	0.000958770472745751	0.000333172739279148	8.9285500274448e-05	2.63661880005081e-05	5.39308390919485e-06	
0.00108520119114178	0.00837086645726503	0.029632171386202	0.0670809107771456	0.113502806285888	0.151562233798768	0.165222331268912	0.151848381376532	0.121097414953581	0.0843007561014822	0.052306817391054	0.0288649119481311	0.0144171587765121	0.00651780593795217	0.00262991819898595	0.00100421602762374	0.000413324278992089	0.000106180547723657	2.93946149065491e-05	7.19868120160387e-06	
0.00108064565431206	0.00788277961481545	0.0279367579551523	0.0643244885812975	0.109904000546616	0.147709816374149	0.163788241400536	0.153127429280043	0.123222373860242	0.0875898365366116	0.0550925501379426	0.0307501526868999	0.0156175173679476	0.00724985570413684	0.00298601034375081	0.00114597586857719	0.000384189608660029	0.000153436099558452	4.73494213481159e-05	5.99359763900202e-06	5.99359763900202e-07	
0.000998732424135555	0.00745277127291082	0.0261412823173466	0.0613483965494633	0.106397336234527	0.144828176708578	0.162241328002769	0.154070642954955	0.125619941596906	0.0901829033534776	0.0578348702516051	0.0326569934920727	0.0168844458202629	0.00793597095293324	0.00341353330335539	0.00131368041879701	0.000462841824854187	0.000151486392869482	5.26909192589501e-05	1.13764484763642e-05	5.98760446124433e-07	
0.000923273907777717	0.00693172072935056	0.025060377097074	0.0587861516080254	0.101953088608018	0.141606687704094	0.160808515619215	0.153789603434149	0.12824489571663	0.0931419739667813	0.060249295899135	0.0352140012756229	0.0183794811033422	0.00868988268568794	0.00390211624412652	0.00152405886975985	0.000528523550053868	0.000184535341205249	6.98726049223757e-05	1.0152429775046e-05	1.79160525441989e-06	
0.000882814563042557	0.00641754327192179	0.0235862300003159	0.0564536367370077	0.0985414186669083	0.137716091366837	0.159244606396442	0.154852589042966	0.128784225456891	0.096237517055727	0.0634094524940257	0.0374692490234497	0.0200317240992877	0.00957981961016673	0.00421020881753517	0.00159872292915607	0.000630070893407146	0.000247378827591263	8.34530984645226e-05	1.84789003742871e-05	3.57656136276525e-06	1.19218712092175e-06	
0.000817354870326143	0.00614238309917597	0.0220274454768857	0.0539346903053724	0.0950492499532003	0.134851630119199	0.156992348699923	0.155399371155421	0.132019802523248	0.0979937544787589	0.0662307838141081	0.0392270720333476	0.0213191904907826	0.0104783582792504	0.00465850543889751	0.00172294352679982	0.000738659871870234	0.000265893706904055	8.8233786147534e-05	3.75589765357746e-05	3.57704538435949e-06	1.19234846145316e-06	
0.000766516368169035	0.00567066898850285	0.0208260825700506	0.0513052567859682	0.0921276261692509	0.130977588947837	0.154794518094622	0.155294186474807	0.134658539046069	0.101862503440071	0.0680975768172975	0.0416611197705704	0.0222588234451329	0.0112864162434609	0.0051745824605056	0.00202613438751223	0.000779052850826005	0.000273414716994874	0.000116410196100438	3.58185218770577e-05	5.96975364617628e-06	1.19395072923526e-06	
0.000713628267807834	0.00530619075510716	0.0193725569886561	0.0491841686888127	0.0888024911244726	0.128144088360807	0.152793549852373	0.154757521785386	0.136986145809675	0.104631411597356	0.0709032119248837	0.0430095509042877	0.0239304541162126	0.0120958198357579	0.00565403970976726	0.0023207860669161	0.000858266492941416	0.000335297703718756	0.000133880010041001	5.43887540791566e-05	8.96517924381702e-06	3.58607169752681e-06	
0.000586495170691041	0.00484696366063953	0.0181735702534437	0.0466526985061729	0.0861148465267816	0.125563828329273	0.151831031938253	0.154602520851998	0.137332631932986	0.107093419703724	0.073490238745427	0.0451385834226542	0.025024192925791	0.0130686684105921	0.00618333479957126	0.00273079333047267	0.000987466358816549	0.000370449500671178	0.000129268323335985	5.86495170691041e-05	1.49616114972204e-05	3.5907867593329e-06	1.79539337966645e-06	
0.000507557094187753	0.00438546088338876	0.0171330446003826	0.0438857326179651	0.082882636998518	0.122300310998427	0.149900523597814	0.154800125452791	0.138549320424145	0.109689193103927	0.076426845939663	0.0476876225498998	0.026669491748606	0.0139296889776316	0.00655155654832446	0.00289151924766631	0.0011767184518551	0.000411791604718366	0.000139458494039795	5.86563622999998e-05	1.73574949663265e-05	2.39413723673468e-06	2.99267154591835e-06	
0.000477594311427355	0.00414233864604703	0.0160547003887701	0.0416200429416462	0.0791981675680587	0.119186380133989	0.147774494192358	0.15450325409691	0.140091143405014	0.111469555903042	0.0792453890331435	0.0503924761262618	0.0285636067157292	0.015034955838964	0.00705871242008215	0.00318954098344977	0.00129171627909201	0.000453684708852769	0.000169160438215196	5.49920859215478e-05	2.68983028964093e-05	1.1954801287293e-06	
0.000469639454500313	0.00386061579603888	0.0148190691566532	0.0395376594007161	0.0765703756218236	0.115766424667738	0.14533157442888	0.154092593755889	0.140900212085588	0.113695224933368	0.0818524733846048	0.0527689284143835	0.0305618622849605	0.0162489268588898	0.00779721147834723	0.00350045916978513	0.00140891836350094	0.000552798542622024	0.000153156306180994	7.47833526274383e-05	2.93150742299558e-05	4.78613456815605e-06	2.99133410509753e-06	
0.000462565609709222	0.00362830495667402	0.013958141095045	0.0378014584842889	0.0730811883220985	0.113008061175645	0.14279788329977	0.153312148823173	0.141790385558881	0.116208418335981	0.0843719672109621	0.0550996217108601	0.0326058021842647	0.0170934406405967	0.00851538523060835	0.00376319505705374	0.00160555030982943	0.000596858851237706	0.000186219961586164	7.40104975534756e-05	2.50680717519837e-05	1.07434593222787e-05	3.58115310742624e-06	
0.000455380734653103	0.00341714365414429	0.0135839357889322	0.0359464677296588	0.0700767769534433	0.110193197064821	0.140350845822031	0.151654897697287	0.142664108428299	0.117986525737058	0.0871732240896409	0.0575991064047155	0.034269188426892	0.0183386113390995	0.00914635781839249	0.00424982282470762	0.00184596090997469	0.000691415775127748	0.000242591569376718	8.22546353169217e-05	2.38419232802672e-05	8.34467314809351e-06	
0.000423542047092173	0.00324755171311769	0.0128131864737422	0.0343003715051841	0.0676265368992445	0.106437363893308	0.138041441777522	0.151239558470782	0.143113253836531	0.119721020635349	0.0895129088250005	0.0598447685725861	0.0362612583178787	0.019766285577829	0.00992739788359663	0.00452174202309344	0.00197039126255924	0.000803720041677013	0.000288103636521324	0.000106331032860447	2.07909840788584e-05	1.06925060976986e-05	1.78208434961644e-06	
0.000333197366673623	0.00304976379745395	0.0122221774270049	0.0323047297425487	0.0647476000303553	0.103707383938227	0.135372398451877	0.150133278946669	0.143948969815402	0.121832253505094	0.0920270968904741	0.0617737246011118	0.038079360261056	0.0211426179589823	0.0107986776451839	0.00499914625585763	0.00214799654707925	0.000873901990172456	0.00034801931358971	0.000117982697452048	2.49008708190252e-05	1.06718017795822e-05	4.1501451365042e-06	
0.000313114464941242	0.00278251625650053	0.0114905313949042	0.0307065259210241	0.0623322706776886	0.100088311300887	0.133200905841923	0.149337842812987	0.144908072197448	0.123470089577964	0.0940118782251086	0.0644246329339595	0.0395879674076845	0.0224365158942585	0.011395235688183	0.00552537529343383	0.00247768837475244	0.00099024669158166	0.000343301303716296	0.000121931152699236	3.55139279706513e-05	1.65731663863039e-05	2.95949399755427e-06	
0.000308676104744092	0.00260364155016903	0.0108344130098108	0.0294152953149235	0.059708129594292	0.0968154915193901	0.130553434967799	0.148716244464379	0.145016861875722	0.125132089128156	0.0959089772117796	0.0665853385946249	0.0417434168315994	0.0239218067841331	0.0124144562126388	0.00599139136641214	0.00261251155317892	0.00112589904872174	0.000410976806124796	0.000113536038526562	4.25760144474609e-05	1.89226730877604e-05	5.91333533992513e-06	
0.000312875754021695	0.00250182313707329	0.010111387317117	0.0279228302894485	0.0580032612417914	0.0940685499539558	0.127962634709573	0.146998965558235	0.14614905542869	0.126483424386684	0.0979082274494357	0.0688551408916782	0.043128946803433	0.0253257840968034	0.0132300902489817	0.00630837956974557	0.00285905745735515	0.00116101154091605	0.000506870550466149	0.000136624384081307	3.54868530081318e-05	1.24203985528461e-05	1.65605314037948e-05	5.9144755013553e-07	
0.000249312170816145	0.00234981162422438	0.00955854572243087	0.026454330866268	0.0555912843781349	0.0912026558556382	0.125614249522991	0.144937423237316	0.146224253040602	0.127747319450021	0.100497676836945	0.0710515999208834	0.0458000078169137	0.0263210880196323	0.014155127836148	0.00696712040297374	0.00307524490035212	0.00134545665580589	0.00058034662090219	0.000203713507745259	4.02689492054581e-05	8.29066601288843e-06	2.07266650322211e-05	4.14533300644422e-06	
