# <P(N_1)> as a function of N_tot.
# number_of_species: 2
# species_total_upper_bound: 100
# species_total_lower_bound: 0
# volume: 512
# Bin widths for each species index 
1	1	1	1	1	1	1	1	1	1	1	1	1	1	1	1	1	1	1	1	1	1	1	1	1	1	1	1	1	1	1	1	1	1	1	1	1	1	1	1	1	1	1	1	1	1	1	1	1	1	1	1	1	1	1	1	1	1	1	1	1	1	1	1	1	1	1	1	1	1	1	1	1	1	1	1	1	1	1	1	1	1	1	1	1	1	1	1	1	1	1	1	1	1	1	1	1	1	1	1	1	
# Bin lower bound for each species index 
0	0	0	0	0	0	0	0	0	0	0	0	0	0	0	0	0	0	0	0	0	0	0	0	0	0	0	0	0	0	0	0	0	0	0	0	0	0	0	0	0	0	0	0	0	0	0	0	0	0	0	0	0	0	0	0	0	0	0	0	0	0	0	0	0	0	0	0	0	0	0	0	0	0	0	0	0	0	0	0	0	0	0	0	0	0	0	0	0	0	0	0	0	0	0	0	0	0	0	0	0	
# Bin upper bound for each species index 
0	1	2	3	4	5	5	5	6	7	7	7	8	8	8	8	8	8	8	9	9	9	9	10	11	10	11	11	11	11	11	11	12	12	12	12	12	12	12	13	13	13	13	13	14	15	15	16	16	15	15	15	15	16	16	16	17	17	17	17	17	17	18	19	19	19	17	16	17	17	18	18	18	18	18	18	18	18	19	19	19	19	20	20	20	21	21	20	20	20	20	20	20	21	21	22	21	21	22	23	23	
# Normalized histogram for each species index 
1	
0.921045204792494	0.0789547952075061	
0.847947146112014	0.145652850406175	0.0064000034818108	
0.780642666521431	0.201739556669027	0.0171875170197702	0.000430259789771799	
0.718340350611944	0.247987667995622	0.0317623613115135	0.00183840648065674	7.1213600263819e-05	
0.660024745274081	0.286282181755904	0.0495136027647958	0.00400381608574556	0.000173458442979928	2.19567649341681e-06	
0.608341077024277	0.315670056378448	0.0677110525180951	0.00779294410204379	0.000475019345545927	9.85063158966209e-06	
0.560946491510535	0.338963038901923	0.0867522294291216	0.0122561099829795	0.00103612869025009	4.60014851908076e-05	
0.516753394892294	0.356460129670477	0.10665106325627	0.0180469219971927	0.00195152204474804	0.000135872393907219	1.09574511215499e-06	
0.474238466894975	0.369427304259577	0.127266696395033	0.025486948441787	0.00327963921771928	0.000280076356503153	1.97700957531638e-05	1.09833865295354e-06	
0.436395203410282	0.377911994997314	0.146403438466078	0.0335336316155682	0.00510397308413849	0.000584600886039158	5.94509375633042e-05	7.70660301746536e-06	
0.402446066633165	0.381218757438705	0.164646644978709	0.0434045685771465	0.00724033960168214	0.000916889276803583	0.000119019281123542	7.71421266541476e-06	
0.3714369033536	0.384127211202509	0.180497950425046	0.0523623758562822	0.0100635505791081	0.00138435720377452	9.90398635450769e-05	2.20088585655726e-05	6.60265756967179e-06	
0.341496604626245	0.383367563922463	0.196587355106702	0.0630132525733446	0.0133053768243327	0.00200653223047399	0.000192512686586046	2.42015948851029e-05	6.60043496866443e-06	
0.314527668079898	0.379491192617736	0.212035361606769	0.0732910244387798	0.0173484078031514	0.0029475343291993	0.00033239558156019	2.31136000422649e-05	3.3019428631807e-06	
0.290295894522551	0.373774338815873	0.225771047314779	0.0844529307653179	0.0211431704098886	0.00395617337729326	0.00054162551374773	6.26220168024759e-05	2.19726374745529e-06	
0.266188656694201	0.367346760079637	0.237802482134824	0.0958092221411067	0.0265922690223488	0.00526022575409156	0.000872326243447976	0.000126963418117899	1.0945122251543e-06	
0.244464644939831	0.359030988799664	0.247872111174192	0.108239286171375	0.0317764002060888	0.00715513214733818	0.00131266757021951	0.000145487322365996	3.28166892554878e-06	
0.225464766269558	0.349794946392502	0.256670814474682	0.118970525734666	0.0379173914376974	0.0092109817598682	0.00171863840899432	0.000238791060013232	1.3144462019077e-05	
0.207948861935529	0.339075913936674	0.264998481415365	0.129733013155968	0.0443809090968682	0.0113041692249537	0.00213803606583884	0.000364897315273465	5.46253465978242e-05	1.09250693195648e-06	
0.189806942356796	0.328643114708626	0.271292638724892	0.141027791573613	0.0513862896072956	0.0143030837255553	0.00293275708767902	0.000522962665728184	7.78414030748451e-05	6.5781467387193e-06	
0.174084811027983	0.319101822465647	0.274927031042577	0.150681996008686	0.0594004677046428	0.0171301221131107	0.00393416969238749	0.000653863398595128	7.58261756354014e-05	9.89037073505235e-06	
0.161576831627086	0.307268328345954	0.278493379555329	0.160023535455769	0.0658421938908807	0.0207241543592187	0.0048772402043545	0.000984669021675891	0.000183321880289714	2.63456594428332e-05	
0.149504407711073	0.294836681315004	0.280336588845541	0.170301230284189	0.0733425949573319	0.0239771116062386	0.006086472157885	0.00135071465685023	0.000210257945768862	4.95372123539203e-05	4.40330776479291e-06	
0.136995997212776	0.284747424346003	0.281055671934109	0.179156051550448	0.0807459559979162	0.0275260313057088	0.00769673776138464	0.00169255692596492	0.000329718881681478	4.28634546185922e-05	9.89156645044435e-06	1.09906293893826e-06	
0.12547571089072	0.271345382297572	0.281945763195592	0.187836510227716	0.0890511029028381	0.0322896142172655	0.00931279191661956	0.0022348944297781	0.000439075526478998	6.03728848908623e-05	8.78151052957997e-06	
0.114842935638632	0.260452049854604	0.281161593409424	0.194732625039322	0.0972079273686253	0.0369229217840416	0.0111669752162862	0.00282791480742229	0.000586408690686405	8.5495098829046e-05	8.76872808503036e-06	4.38436404251518e-06	
0.106238343337203	0.24891314513955	0.279270258523462	0.201523962522626	0.104597745415734	0.0415497103370873	0.0135781209597113	0.00340663391339271	0.00079224044497505	0.000112234063038132	1.10033395135424e-05	6.60200370812542e-06	
0.0980864941729265	0.237768445039149	0.277173505032171	0.207100683174132	0.112159572166064	0.0464520872802427	0.0157589327115433	0.00428253467760099	0.00102895651444293	0.00017002071161396	1.4352397733646e-05	4.41612237958338e-06	
0.0910061246791532	0.226383301271675	0.27336090525476	0.21359252265402	0.119267159985282	0.0516227692654473	0.018097802606994	0.00510150525895913	0.00128062477694036	0.000266290397966028	1.65740911597113e-05	4.41975764258967e-06	
0.0844084612216037	0.216668465583058	0.268869348006617	0.217317176861383	0.12688638411197	0.0569984823019668	0.0206717520931677	0.00622718772096384	0.00156836139275778	0.000351339385034925	3.08385667115294e-05	2.20275476510925e-06	
0.0772375717375123	0.206923358130398	0.264332086873412	0.221484476508855	0.134153001854274	0.0627193967662513	0.0230815308113441	0.00747655730412301	0.0020183401382117	0.000495500852261466	7.59767973467581e-05	2.20222601005096e-06	
0.0708240834322687	0.19629135974649	0.262319102829477	0.224025615789636	0.141131790677865	0.0678516102551428	0.026081410898627	0.00844738479735545	0.00235569050971184	0.000538443545076993	0.000124680574987091	7.72357544167818e-06	1.10336792023974e-06	
0.0652732316472527	0.18578470998264	0.256920793522482	0.228705335647995	0.146931306679388	0.0734032590786411	0.0295991748497016	0.00992123966905642	0.00271332211340958	0.000610690732077939	0.000114849613266014	1.98778176806562e-05	2.2086464089618e-06	
0.0596343848877609	0.175416567385004	0.250195330898855	0.231645268005076	0.153809922255532	0.0800640574522201	0.0334628150922904	0.011394025368081	0.00332256473626173	0.000866659647684013	0.000161806021178857	1.88404271235655e-05	7.75782293323285e-06	
0.0551870874217709	0.166056717989942	0.2444934828088	0.232161645491965	0.160556602754734	0.0860734632800505	0.0366036009054036	0.0134262934456218	0.00406941724386331	0.00115123869498076	0.000191501987946509	2.56078239695913e-05	3.34015095255538e-06	
0.0514862790091843	0.157638138312908	0.237534156980772	0.232719754790291	0.166251517318213	0.0920644950309561	0.0410238503023551	0.0150318428972879	0.00450401015425376	0.00140119833496843	0.000295980977402351	4.65588054340777e-05	2.21708597305132e-06	
0.0468680064700538	0.149602268950389	0.230594270013959	0.233566727969688	0.171522900002216	0.0978108173982407	0.0454875805987016	0.01719438966564	0.00530898938645277	0.00156655070793911	0.000375573330969843	9.08466464292836e-05	1.10788593206443e-05	
0.0433192244810879	0.140382895605179	0.223964856466656	0.232499809314938	0.176995532995148	0.104406980510328	0.0499274291342456	0.0196985960052308	0.00633184949034581	0.00188474221037703	0.000449906205057742	0.000127123374893465	1.10542065124752e-05	
0.0394315622437798	0.133096006082522	0.216509987276582	0.232431364716294	0.181277263482906	0.109680722751966	0.0547162170065648	0.0223779881549719	0.00761087747447316	0.00216728481366758	0.000541821203416894	0.000125799627677242	2.09666046128737e-05	1.21385605653479e-05	
0.0362392363071711	0.125308794466403	0.211783376270469	0.230410299618859	0.185048392504235	0.11521893527668	0.0590977466826652	0.0245337203557312	0.00877086568322981	0.00262475296442688	0.000732284020327499	0.000168734119141728	5.40390316205534e-05	8.82269904009034e-06	
0.0327844973797782	0.118545034820425	0.205145323271034	0.229581967312609	0.188572103272822	0.12075972638021	0.0632925081188805	0.0271181091588034	0.00974817401053386	0.00327734625439049	0.000905960025203565	0.000210765365181341	5.07602450174957e-05	7.72438511135805e-06	
0.0301194582558168	0.110997089129144	0.197852046547451	0.228376466745673	0.191830582461065	0.126196954951018	0.0679453312412139	0.0298082885889007	0.0115221051841749	0.00378258729853971	0.0012259202125664	0.000280273387931472	5.84822423636536e-05	4.4137541406531e-06	
0.0280508760590907	0.105432603118651	0.190636325735601	0.22570736560219	0.195153936254927	0.130994161076638	0.072415223112166	0.0325982657493211	0.0127498968758341	0.00449003721293431	0.00133013630036816	0.000344114863776837	8.49257836885143e-05	1.21322548126449e-05	
0.0263610460581979	0.0995425398250686	0.183566512635586	0.222694966614342	0.198481677876114	0.135806214266095	0.0765713541902227	0.0357032940000684	0.0142257208003733	0.00495076263586192	0.00148478754631688	0.000447863108324407	0.00013127022140543	2.97839998146773e-05	2.20622220849462e-06	
0.0241969933958026	0.0946399260877388	0.177200672451456	0.219297325758136	0.200756342314438	0.141191625484718	0.0800517474134572	0.038860232311447	0.0158233611755317	0.00568250180199771	0.00166457123492862	0.000486787741779524	0.000108175053728783	3.20109852870889e-05	5.51913539432567e-06	2.20765415773027e-06	
0.0227945344185253	0.0887436096390581	0.171262223542943	0.216518911065987	0.200792432271804	0.146459093435469	0.0851721614140514	0.0415795816617965	0.0175776886291472	0.00629763536008893	0.00208343651461872	0.000549199588375459	0.000107858836995581	5.17282177427787e-05	6.60360226503558e-06	3.30180113251779e-06	
0.0205325608943999	0.0838082323646345	0.165052779175797	0.212140858752244	0.201800403948054	0.150909102896866	0.0901685461166702	0.0451914137962106	0.0199479570733766	0.00715370465199589	0.00243072115057065	0.000674711928775035	0.000126371126724966	4.39551745130316e-05	9.88991426543211e-06	1.09887936282579e-06	7.69215553978053e-06	
0.0187303655860574	0.078895868792943	0.15873122266016	0.208221758034795	0.202235425070297	0.154439259268213	0.0957011140864524	0.0491883618127337	0.0218092394785913	0.00828285203494665	0.00262286651730136	0.000879050361894046	0.00018460057599775	6.04347123802157e-05	1.42845683807782e-05	2.19762590473511e-06	1.09881295236756e-06	
0.0176182801507178	0.0738210568322372	0.152056053955018	0.204826010940046	0.202674159929271	0.158446566408636	0.10012280543166	0.0526641282467926	0.0241388737617486	0.00924568362057752	0.00307454532225953	0.000931513373004412	0.000300950474355272	6.28358133269248e-05	1.10238268994605e-05	5.51191344973025e-06	
0.0164834558661289	0.0689655172413793	0.145980247654519	0.201466421895272	0.203304413828407	0.161324060263188	0.104470976055356	0.0566545016460288	0.0260485159263215	0.0101365365436043	0.0036340608810005	0.0011065461638262	0.000286841478160331	0.000100394517356116	3.64068029972728e-05	1.10323645446281e-06	
0.0148277582522386	0.0653081453877537	0.139606992105403	0.196067934158704	0.203950389431483	0.164507205807033	0.109038607583759	0.0603696066830328	0.0287890093781459	0.0117149555818513	0.00406761625545292	0.00128044365164868	0.00032673389731725	9.93447660761908e-05	3.86340756962964e-05	6.62298440507939e-06	
0.0136212642947552	0.0604909270794758	0.132921740187815	0.191095659479447	0.204061396284607	0.169071925625819	0.113453789733754	0.0639211156127192	0.0312563908403022	0.0130420123477944	0.00491258712269861	0.00158409931296739	0.00040127568081449	0.000113860592627803	4.42177058748749e-05	7.73809852810312e-06	
0.0126040309389815	0.0567469712511436	0.126830972249175	0.186221618474675	0.201908458318317	0.172262482326523	0.119113969670927	0.0681977211610435	0.0336403204790552	0.0145002910925674	0.00542042083668321	0.00184524964653045	0.000492362285492501	0.000150813673033739	5.54462033212276e-05	6.65354439854731e-06	2.2178481328491e-06	
0.0114900630236458	0.0541152073579078	0.121716430267798	0.180708163067988	0.201024425969165	0.174080178168769	0.122323217617726	0.0729789591485418	0.0363883483492828	0.0159365029266932	0.00619678802784109	0.00212708972117788	0.000635681985639366	0.000221155096402507	3.88966249954158e-05	1.3335985712714e-05	5.55666071363082e-06	
0.0108287000558994	0.0501016301950033	0.116495208544716	0.176744299762955	0.199386329210707	0.176044168293824	0.126204809569797	0.0764610243479053	0.0395874336403169	0.0176433130221119	0.00697797697567654	0.00245268278154453	0.000733471062899589	0.000234488476169414	8.00150250435915e-05	2.00037562608979e-05	4.44527916908842e-06	
0.00941231634538568	0.0471082488602664	0.110752218633297	0.172469502472803	0.197825311586449	0.176559543373212	0.130661306613066	0.0808230304525267	0.0425326475486977	0.0193724159463817	0.00807452518969634	0.00303225254474767	0.000966676333430001	0.000265558211137667	0.000113334466678	2.3333566669e-05	6.66673333400001e-06	1.11112222233333e-06	
0.00866093563862327	0.0434967486796542	0.106217199523488	0.167756361363412	0.195778668185467	0.178838717413244	0.133732129395555	0.0849984068141724	0.0453563906735901	0.0210544780734331	0.00897846257012516	0.00347170180002243	0.00116574572754191	0.000331959973842886	0.000116574572754191	2.77558506557597e-05	1.44330423409951e-05	3.33070207869117e-06	
0.00834850807015054	0.0403374447443658	0.100478198283721	0.162675027004008	0.194382279160447	0.18007403645042	0.137406594966497	0.0882770444861919	0.0487879802776478	0.0236548455282028	0.0100264162409977	0.00373841932843749	0.00129530518410412	0.000363750085947048	0.000105354445624907	2.99428424407631e-05	1.77439066315633e-05	1.10899416447271e-06	
0.00760604886303449	0.0388930034343809	0.0955541811616491	0.158116986583374	0.190479891716513	0.181012859219253	0.140045680708062	0.0934444741777417	0.0517222426407313	0.0258250342272199	0.0110526438514811	0.00429936075878388	0.00139573772566925	0.000385299117587295	0.000117699442260096	3.66422791941808e-05	9.99334887114021e-06	2.22074419358671e-06	
0.00694221830421542	0.0360144966251714	0.0918182668162633	0.152182285266514	0.187548975085039	0.182135002048049	0.143859860020302	0.0969962689889761	0.0556279051129989	0.0276119303307154	0.0123884703745258	0.00448455949137148	0.00170077113497533	0.00049086392050008	0.000131342273512493	4.22966643514808e-05	2.00352620612278e-05	4.45228045805061e-06	
0.0063653674010148	0.0333827412935212	0.0879487734697112	0.148462735310991	0.184515292284545	0.182478330070473	0.147511780896531	0.100063396960964	0.0585305745237973	0.0296447761127394	0.0132988519346118	0.00513426092314011	0.00180033975413587	0.000621692029171531	0.000158492402409977	6.69686207366102e-05	1.00452931104915e-05	5.58071839471752e-06	
0.00581567042968173	0.031604180928986	0.0832829957358462	0.144807844611192	0.182924592041738	0.180933460407802	0.150020582484306	0.103253598578914	0.0619118890693585	0.0320863032515851	0.0145207189551257	0.00571835107453991	0.00209292544218783	0.000747233669364762	0.000195757323561128	6.71167966495295e-05	6.71167966495295e-06	4.47445310996863e-06	5.59306638746079e-06	
0.00510296616905843	0.0293414956908037	0.0789078891095671	0.139189615833302	0.181492287333493	0.182382339572282	0.151782455558964	0.106409943506873	0.0646065969104551	0.0347042003748295	0.0159537665443358	0.00650913675008901	0.00231749450854562	0.000900128301869893	0.000286608016515787	7.72498169515207e-05	1.67934384677219e-05	5.59781282257396e-06	1.00760630806331e-05	3.35868769354438e-06	
0.00489241070677501	0.0271325784978437	0.0748274140996091	0.134027602528082	0.177108183740193	0.183128922088191	0.154779409702945	0.109768558241783	0.0683030782258562	0.0366347572020615	0.017665169333266	0.007606677994807	0.00268174094449772	0.000910737618959493	0.000390316122411212	0.000103187020867332	2.57967552168329e-05	8.97278442324624e-06	2.24319610581156e-06	2.24319610581156e-06	
0.00469349702011771	0.0254735313036382	0.0711983628328022	0.129116632446759	0.173551622293044	0.182563675408927	0.156339139678965	0.115060838093998	0.0717821031940701	0.0384561414537605	0.0187930718999738	0.00820828754152134	0.00316903661511416	0.00107093904740309	0.00036259257055681	0.000135831891756576	1.908381950299e-05	3.36773285346882e-06	0	2.24515523564588e-06	
0.00435816254098453	0.0238313071107456	0.0672765991008755	0.124189604858427	0.169888341802531	0.182250740820029	0.159364753867475	0.117946435613444	0.075191824501707	0.0412222685430352	0.0201074893243045	0.00884477144434554	0.00358973781167961	0.00131488513064347	0.000443928655932757	0.000144220477054297	3.26749518326141e-05	2.25344495397339e-06	
0.00414290835548521	0.0224167979996798	0.0639293033826424	0.11947922232819	0.165404066024995	0.180174238888551	0.161071767573259	0.12158618714898	0.0788775931224339	0.0441560754764626	0.0224190526436828	0.0100444390332988	0.00407075974738969	0.0014880650419702	0.000524204730694047	0.000176989554234334	3.83289480507475e-05	
0.00365221435958111	0.0208497974629811	0.0613413956765007	0.115831079158783	0.161277721831097	0.177961624089487	0.162710383352676	0.124336730777047	0.0823210245618472	0.0471796099186691	0.024000749635343	0.0113980699147854	0.00454297081389625	0.00173522518413483	0.000637867422925294	0.000167087395739723	5.19325689461301e-05	4.51587556053305e-06	
0.00327069932864	0.019738996842976	0.0579440514578022	0.111670859149461	0.159192792306091	0.176768580577268	0.163198442309749	0.127579783791693	0.0847196664021745	0.0500059088683673	0.0257108931395225	0.0121340018795829	0.00506361881608788	0.00199776025751411	0.000693307221762644	0.000221723251115651	7.65339140906814e-05	1.23804861029044e-05	
0.00309838204329434	0.0183502293498221	0.0553367443206612	0.107757958253733	0.155247786429266	0.175595922520257	0.164833475987539	0.129250319429503	0.0876655901228696	0.0529305062747284	0.0277530672523903	0.0131776588930408	0.00574019584197579	0.00215607903229968	0.0007448680944053	0.000243428277840286	8.63777760078435e-05	2.91665217688822e-05	2.24357859760633e-06	
0.00273108206929658	0.0168900882470379	0.0522382535431163	0.103127229168629	0.151495982449293	0.175402764505579	0.165093069893269	0.132261762159204	0.0912259922744586	0.055283382010525	0.0297839360780989	0.0142599496628488	0.0065265571093375	0.00244731871671669	0.000808669475138741	0.000297222483927554	8.63627594808364e-05	3.14046398112133e-05	8.97275423177522e-06	
0.00247761799207655	0.0155388763128743	0.0489687979184425	0.0998204511012071	0.147211055642237	0.173718879964337	0.165031535865537	0.135296759719218	0.09530876698182	0.0583696332744544	0.0316613145488372	0.015277897564161	0.00687057358200613	0.00290548873031039	0.00101927322458845	0.000356185588372669	0.000123208851323879	3.36024139974216e-05	1.00807241992265e-05	
0.00221272861784487	0.0146205735634332	0.0460733300726272	0.0951943384590589	0.144322062258595	0.171006875463783	0.166388909719105	0.137301097858119	0.098258805305624	0.0615669073396108	0.0338378473967141	0.0164527621053715	0.00765445170330857	0.00328159853693533	0.00118079347082769	0.000430905674188302	0.000161169914501599	4.25309496601441e-05	1.23115906910944e-05	
0.00214985893299401	0.0137855087645082	0.0433765655304086	0.0910125600555986	0.140457077243838	0.168826038249807	0.167192100695319	0.140178412551326	0.101664489948486	0.0645718691909883	0.0357004164302493	0.0174014349552961	0.00800629401699071	0.00358906694331692	0.00139891913911635	0.00046108374825275	0.000174585108561721	4.0288871206551e-05	1.3429623735517e-05	
0.00192145133698666	0.0130029730639956	0.0416596968054617	0.0874422059108884	0.136192203122944	0.166511656953468	0.167333542986758	0.142228660515346	0.104935999946471	0.0671649281044877	0.0380264475565339	0.0191063411239654	0.00855118331515593	0.00357079929253121	0.00148541682000361	0.000598850474731186	0.000197386469324804	5.35285340541843e-05	1.67276668919326e-05	
0.00176324098367946	0.0118568506248054	0.0396851514208209	0.0831480410904078	0.132345355094054	0.164766309423222	0.166490639035887	0.144962645083826	0.107028505358652	0.0703873349046115	0.0405311958020189	0.0206163561168675	0.00978343042646863	0.00394338951394139	0.00160648374616445	0.00068706363676791	0.00028016187130342	9.89460577222395e-05	1.88998087784053e-05	
0.00169023751346786	0.0110483817953509	0.0373289567657968	0.0800740272777817	0.127543294926948	0.163176443192087	0.167288945935798	0.146383259406333	0.11057852473574	0.0722601606449866	0.0425901970681009	0.0223296308552468	0.0104054898736166	0.00448018789825595	0.00173703380586447	0.000669632660246661	0.00029303392619779	8.69074001651241e-05	3.56543180164612e-05	
0.00153932816133944	0.0103692714404431	0.0349940602011166	0.0768068979748911	0.123582395886201	0.159067256370643	0.167635067680244	0.148898766864288	0.1130301897947	0.076293788587778	0.0440760963530193	0.023903089253147	0.0116241585284915	0.00504297291117073	0.00200893479606691	0.000748470432071568	0.000261016514314079	7.80818632563483e-05	3.5694566060045e-05	4.46182075750562e-06	
0.00149198268541261	0.00981784866586395	0.0331238010853421	0.0736517196858021	0.120561574694545	0.155628189433817	0.166277397187663	0.150391185138647	0.116071119701202	0.078835159905504	0.0473283243483316	0.0252253317903904	0.0127069609863824	0.00548808589892236	0.00217827240233763	0.000820199905593317	0.000299066088025863	7.47665220064656e-05	2.56661194947569e-05	3.34775471670742e-06	
0.00134888518606681	0.00894041548345855	0.0310310645911492	0.0697073019725909	0.117900611636174	0.154711654837379	0.165080301694321	0.150839337381106	0.11836886589712	0.0820026083662173	0.0500015086951128	0.0270637552203645	0.0131994059093911	0.00607836497681638	0.00225410225376699	0.00097338773576155	0.000355381515467478	0.000103932329995206	2.90563503212403e-05	1.00579674188909e-05	
0.00114441459610115	0.00844313703972865	0.0293594973534013	0.0659953215614653	0.113186186848638	0.152189224810281	0.165662411131504	0.151664048249057	0.120992169382318	0.0848501679109283	0.0526038791399646	0.0289328613836219	0.0144193999549849	0.00639058131110496	0.00256541471591755	0.00101787951845005	0.000427755749227632	0.000111977944823987	3.69527217919159e-05	6.71867668943925e-06	
0.00106163651044111	0.0078659650309476	0.0280247401622243	0.0637754616383022	0.108585929284706	0.148180043697317	0.164522302765742	0.152998843174562	0.123014330973021	0.0877149170008545	0.0555981728205375	0.0310909435014519	0.015777844721102	0.00724555719678687	0.00280191408135406	0.00114114726175051	0.000368437143391481	0.000162381111829072	6.49524447316288e-05	3.35960921025666e-06	1.11986973675222e-06	
0.000981666977863298	0.00747207336339455	0.0264323337399388	0.0611160368382273	0.105329065280854	0.144235725298721	0.16298131590334	0.154002081849559	0.125749527335177	0.0906219497605649	0.057842322816378	0.0329641087794346	0.0170013987077327	0.00790923940934507	0.00341011877275975	0.00126789334042936	0.000455055193610891	0.000141995109554258	6.59662319976476e-05	1.90072193891527e-05	1.11807172877369e-06	
0.000943655397150496	0.00710030889358917	0.0252062082474365	0.0583502893504301	0.101383208964391	0.140855923364014	0.16066486944053	0.154799688202856	0.128140585669392	0.0938172145079479	0.0604955698450172	0.0351006305181506	0.0184509757061781	0.00853086814063034	0.00389411404717607	0.0014618283016213	0.000567309990239588	0.000167512792393579	5.36040935659453e-05	1.22842714421958e-05	3.35025584787158e-06	
0.00101681203726672	0.00661709987328958	0.0237420023822453	0.0562464662988265	0.0979111775577292	0.137649532825151	0.15855116575824	0.155088417952208	0.129335139012731	0.0966764772267625	0.0634892966565879	0.0375650592097471	0.0200200233755031	0.00936360974977485	0.00421921126672432	0.00152521805590008	0.000652547505234906	0.000242470562732833	6.25730484471828e-05	1.89953897071805e-05	4.46950346051305e-06	2.23475173025653e-06	
0.000929271493591712	0.00630832379303605	0.0221584340881803	0.0540853879876023	0.0943914221092899	0.134678468712479	0.156597883450144	0.155754614246223	0.13273615726133	0.0982447714517075	0.0658822215396644	0.03918018596599	0.0211241727864183	0.0103414961047664	0.00473794432189428	0.0017055259263396	0.00077513751989501	0.000255773043308296	7.25993354368525e-05	3.12735598804903e-05	6.70147711724793e-06	2.23382570574931e-06	
0.000845881884942185	0.00577143980941398	0.0206565026750875	0.0515563332752278	0.0920402179402944	0.130727301983185	0.154553906253492	0.155009810888969	0.135421555349952	0.102509263356441	0.068147686283975	0.0412593695107071	0.021863309063116	0.011124967036307	0.00517362368201099	0.00209738480586061	0.000831355511752953	0.000281588157206645	0.000100567199002373	2.12308531227233e-05	6.70447993349156e-06	
0.000751167831237627	0.0054370243022914	0.0191860783561944	0.0488806816848068	0.0888412453736669	0.127805841000573	0.152492658787602	0.155052442022028	0.137011000361052	0.105362466423804	0.0711373821130396	0.0430479528999885	0.0235455345196271	0.0120611620521637	0.00560581350246533	0.00237981594152516	0.000905425510866783	0.000306279740712961	0.000138608349811705	4.47123709070016e-05	6.70685563605024e-06	
0.000603590019303703	0.00496620454771547	0.0179903358531354	0.0462785880911689	0.0859579253046173	0.125361175972199	0.151015987311196	0.155331655949218	0.136904276211735	0.107380899952719	0.0738492388618081	0.0456258166628849	0.0249796847248132	0.0130844903073503	0.00634887279563895	0.00281004686764724	0.000960155234410891	0.000363271770877229	0.000121835763155747	5.70057240453497e-05	8.94207436005486e-06	
0.000501268309750173	0.00430059053219668	0.01709470718978	0.0435834292135134	0.0822506162123852	0.121905761557767	0.149719985018021	0.155246271887034	0.139110366497783	0.109681318952428	0.0767501216725092	0.0478200996256748	0.0268834568000915	0.0140534551628393	0.00642789698319462	0.00292686865424598	0.0011415909157174	0.000399220398816693	0.000135690079373089	6.16773088059497e-05	5.60702807326816e-06	
0.000533350663494948	0.0039833227074045	0.016062146557143	0.0416887495504056	0.0783857402649498	0.118127087602846	0.146981806691758	0.155722706956304	0.140896454898815	0.111877024575588	0.0795611285968956	0.050821819420463	0.028394199923583	0.0149707945692353	0.00686857051937822	0.00316985089711598	0.00130536454405801	0.000411217843492954	0.000169193172663313	5.49037447715388e-05	1.45662996332654e-05	
0.00045924508641443	0.00373908591139377	0.0148721299989221	0.0393985124501455	0.0761167852394811	0.115435575437462	0.144323101936689	0.154297366246272	0.141353167331393	0.114237495957745	0.0821700621608997	0.0530983884876576	0.0308120890374043	0.0163093762351335	0.00770947863892781	0.00340110847615968	0.00148216018109303	0.000547950127555604	0.000134741834644821	8.30907980309727e-05	1.90884265746829e-05	
0.000444940067581577	0.00356848658735451	0.0139836705874442	0.0372528032905391	0.0724546233980196	0.112528369132143	0.142188051622014	0.153661229132927	0.142049077898135	0.116685252534309	0.0845812015623336	0.0552947307664289	0.0329591876761688	0.017286538041255	0.00870154832418983	0.0038621246168416	0.00160492235963934	0.000627623269132703	0.000170354887336019	6.72453502642182e-05	2.24151167547394e-05	5.60377918868485e-06	
0.000466758824484131	0.00328969828575266	0.0132707257148294	0.0355139663866487	0.0690646354635967	0.109653624656507	0.139579917057964	0.151771612780461	0.143294959116628	0.118368694698314	0.0881939119874188	0.0576911668410949	0.03449426065738	0.018800194762675	0.00919302212347282	0.00441014332965821	0.00188382518370933	0.000664879476603294	0.000269757498083155	9.17847088913638e-05	2.35058400819346e-05	8.95460574549891e-06	
0.000414797191006839	0.00316185028616534	0.0125914985582723	0.0340323765419331	0.0669589999250905	0.105728561637633	0.138053673191244	0.150723435370461	0.143290627484171	0.120340379668006	0.0905554816399135	0.0598235937983907	0.0363679866012681	0.0197962238920946	0.0102715412231262	0.00467010206694223	0.0020259097307396	0.000787108416357991	0.000273922673306403	0.00010845101759478	1.78888276444998e-05	2.23610345556248e-06	3.35415518334371e-06	
0.000297246890361714	0.00300711045850892	0.0121234267426099	0.0320322635797689	0.0643237800864698	0.103436330498313	0.135797130114798	0.149997932681402	0.143274118623859	0.12170472209092	0.092872891195346	0.062155889231952	0.037955969466263	0.0212632098864763	0.0110663005836543	0.00515935673984975	0.00222264686063702	0.000838102134478516	0.000343063140379873	0.00010168972565006	2.34668597653985e-05	3.35240853791406e-06	
0.000296977748997979	0.00276881510343981	0.0115966461610602	0.0306880728823589	0.0620504862173297	0.099803503444272	0.133356406792529	0.14981745916556	0.14427982895868	0.12309281112885	0.0941207337360024	0.0652390894170974	0.0396264332525762	0.0223124071944534	0.0113856356551932	0.0056872355390816	0.00245732340430283	0.000905447197132937	0.000350567718741975	0.000106063481784993	4.2425392713997e-05	1.56304078419989e-05	
0.000317516198896603	0.00259137781976666	0.0109225572420432	0.0295479460601253	0.0598880114796032	0.0964591930409362	0.130451251793688	0.149259351687626	0.145792297614061	0.124300350270502	0.0955913154306188	0.0667296499968805	0.0419232791736112	0.0237524398613178	0.0122182461519265	0.0059347676895516	0.00263037103717502	0.00107621280047059	0.00043895221882548	0.000110295100669346	3.89932174083548e-05	2.11677465931069e-05	4.45636770381198e-06	
0.000331574947621172	0.00259362819766763	0.0102142886549073	0.0285543888617522	0.0578219976611727	0.0943475372771466	0.127481666019465	0.146798688387422	0.146333593326665	0.126379012418483	0.0982919439527072	0.0683878892806715	0.0433339527183026	0.0252764700842623	0.0129002682641606	0.00622648794257745	0.00287068243242491	0.00117163899276877	0.000488461080556022	0.000129069442698174	3.22673606745436e-05	1.55773465325383e-05	1.78026817514723e-05	1.11266760946702e-06	
0.000320900661189071	0.00237555628352465	0.00984763904023961	0.0269656836855441	0.0563537216677029	0.0909753374471015	0.125642637001183	0.144375213098095	0.14685885050709	0.127736290967761	0.100611271190029	0.0702772448004065	0.0452915627639352	0.0267940909708805	0.0136293641932803	0.00677791222921221	0.00302292879793732	0.00125797516139743	0.000636230130343609	0.00017493542988432	3.23129138002884e-05	5.57119203453248e-06	3.11986753933819e-05	5.57119203453248e-06	
