# <P(N_2)> as a function of N_tot.
# number_of_species: 2
# species_total_upper_bound: 100
# species_total_lower_bound: 0
# volume: 512
# Bin widths for each species index 
1	1	1	1	1	1	1	1	1	1	1	1	1	1	1	1	1	1	1	1	1	1	1	1	1	1	1	1	1	1	1	1	1	1	1	1	1	1	1	1	1	1	1	1	1	1	1	1	1	1	1	1	1	1	1	1	1	1	1	1	1	1	1	1	1	1	1	1	1	1	1	1	1	1	1	1	1	1	1	1	1	1	1	1	1	1	1	1	1	1	1	1	1	1	1	1	1	1	1	1	1	
# Bin lower bound for each species index 
0	0	0	0	0	0	1	2	2	2	3	4	4	5	6	7	8	9	10	10	11	12	13	13	13	15	15	16	17	18	19	20	20	21	22	23	24	25	26	26	27	28	29	30	30	30	31	31	32	34	35	36	37	37	38	39	39	40	41	42	43	44	44	44	45	46	49	51	51	52	52	53	54	55	56	57	58	59	59	60	61	62	62	63	64	64	65	67	68	69	70	71	72	72	73	74	76	76	76	76	77	
# Bin upper bound for each species index 
0	1	2	3	4	5	6	7	8	9	10	11	12	13	14	15	16	17	18	19	20	21	22	23	24	25	26	27	28	29	30	31	32	33	34	35	36	37	38	39	40	41	42	43	44	45	46	47	48	49	50	51	52	53	54	55	56	57	58	59	60	61	62	63	64	65	66	67	68	69	70	71	72	73	74	75	76	77	78	79	80	81	82	83	84	85	86	87	88	89	90	91	92	93	94	95	96	97	98	99	100	
# Normalized histogram for each species index 
1	
0.0788683685343006	0.921131631465699	
0.00637228855410389	0.145076681044362	0.848551030401534	
0.000401380854393882	0.0169883143437618	0.201871112437463	0.780739192364381	
8.38823916442653e-05	0.00179560744613505	0.031769145172896	0.248417702854492	0.717933662134833	
2.63202916288312e-06	0.000186874070564702	0.00403490070669983	0.0496045376182768	0.286838538171003	0.659332517404293	
1.04879932142684e-05	0.000477203691249212	0.00802069281061175	0.0673670024135494	0.315583715817336	0.608540897274039	
4.45549290200668e-05	0.00107587049192573	0.0123194378740485	0.0865623644514567	0.33873671050959	0.561261061743959	
1.31086510542633e-06	0.000123221319910075	0.00197416284877205	0.0180296386600337	0.106430448774669	0.356433398221156	0.517007819310354	
1.31277527256497e-06	2.36299549061694e-05	0.000266493380330688	0.00325305712541599	0.0253221222325056	0.127155412900643	0.36953704980013	0.474440921830796	
9.2166384023089e-06	6.3199806187261e-05	0.000571431580943152	0.00513366759008606	0.0334985306045061	0.146295701359849	0.378457556063495	0.435970696356531	
9.24298622398925e-06	0.000128081380532422	0.000912414782968081	0.00720820882810819	0.0432598163814765	0.164721898350919	0.380829518400805	0.402930818888967	
7.9119766227464e-06	2.5054592638697e-05	0.000102855696095703	0.0013133881193759	0.00995458525418544	0.052103003386326	0.180518339961812	0.384173936894074	0.37180092411887	
7.90991138262614e-06	1.97747784565654e-05	0.000177973006109088	0.00194188324443472	0.0132965610341945	0.0627203239899702	0.196335865383855	0.384056518953466	0.341443189698131	
3.95763222779076e-06	1.45113181685661e-05	0.000279672677430547	0.00289170994777245	0.0171207170174228	0.0731634277844251	0.212264966116072	0.379940609132368	0.314320428374112	
2.63719339330311e-06	5.80182546526684e-05	0.000527438678660622	0.00386480691788571	0.0210197499413224	0.0845774293166241	0.225904623263738	0.373873588771885	0.290171707661838	
1.31488808330079e-06	0.000130173920246778	0.000827064604396197	0.00523193968345384	0.0266554112246736	0.0961288379939541	0.2377067825872	0.367204850359162	0.26611362473883	
3.94798659263753e-06	0.000136863535211434	0.00124229978114994	0.00718138761200767	0.0318813077310789	0.108541995391384	0.248004621776304	0.359020688765741	0.24398688742053	
1.31945965488213e-05	0.000224308141329963	0.00171661701100165	0.00916496676281129	0.0383118305391576	0.119659157181951	0.256504276368741	0.349539376634481	0.224866272763978	
1.31714821605446e-06	4.6100187561906e-05	0.000355630018334703	0.00216012307432931	0.0114973867779393	0.0446407873385176	0.130254104233841	0.264679616867927	0.33924996311985	0.207114971233483	
7.94052020994735e-06	8.60223022744297e-05	0.000516133813646578	0.00290755381687572	0.0144107207610195	0.0515644148233631	0.141165244872409	0.271409627616071	0.328490057145277	0.189442284328854	
1.19282397099052e-05	7.81962380982675e-05	0.000626895264753907	0.00385812286617045	0.0173887227771063	0.0596836100684946	0.150755720253621	0.274922068833895	0.318863053205251	0.1738116822529	
2.78009452321379e-05	0.000182691925811192	0.000946555992427552	0.00492076730608841	0.0208560043422429	0.0658511722731906	0.160384976898738	0.27843970504521	0.306865509617803	0.161524815653256	
5.30165769582004e-06	5.69928202300654e-05	0.000204113821289072	0.00134662105473829	0.00617908204447826	0.0238574596311902	0.0733934983120847	0.170470826965822	0.280804950687956	0.294146572279487	0.149534580725028	
1.32365827379077e-06	1.19129244641169e-05	5.16226726778401e-05	0.000349445784280764	0.00169560624872598	0.00773281163548569	0.0275718018430618	0.0811111317013509	0.179550273864897	0.281118544187684	0.284068978479964	0.136736546999134	
1.05839425715276e-05	6.61496410720475e-05	0.000481569387004506	0.00224379582516385	0.00939192603940931	0.0324635978525181	0.0894356377222297	0.188328028132119	0.281311932601454	0.270930407931607	0.125336370924851	
5.29093530508856e-06	1.05818706101771e-05	8.99459001865055e-05	0.00062433036600045	0.00288885067657835	0.0111440324863428	0.0370894564886708	0.097326754937104	0.195177312469412	0.281415589740876	0.260026983770056	0.114200870358858	
7.98056997230742e-06	1.33009499538457e-05	0.000114388169603073	0.000758154147369205	0.00339440242822142	0.0136427843676595	0.0414670415761094	0.105190562709989	0.202190400438399	0.280211112677667	0.247521367976101	0.105488503988955	
5.33449981062526e-06	1.46698744792195e-05	0.00016270224422407	0.000974879840391766	0.00430094047231661	0.0159581561834855	0.0464995012242677	0.112728649998133	0.207953472492652	0.277141935036461	0.236409028107479	0.0978507300262991	
5.33706216076299e-06	1.33426554019075e-05	0.000241502062774525	0.00124620401453816	0.00512357967433247	0.0183768392850472	0.0519616371971884	0.119604897288239	0.213928131120943	0.272862640031168	0.22565632521922	0.0909795643889864	
2.6591572067149e-06	2.12732576537192e-05	0.000324417179219218	0.00153965202268793	0.00626630395762367	0.0210272856120981	0.0575601168965508	0.126840469181698	0.217645369476598	0.267798403973845	0.216589684065532	0.0843843652192874	
2.65719994898176e-06	7.97159984694528e-05	0.000502210790357553	0.00197297096211896	0.00757169125462353	0.0232637855533353	0.0631403851877046	0.13436928702011	0.22120259555291	0.263717794736618	0.207082235024021	0.0770946707197823	
1.33178668506308e-06	9.32250679544156e-06	0.000133178668506308	0.00056201398109662	0.00229733203173381	0.00844219579661486	0.0262575062827037	0.0680223367262819	0.141326539445524	0.223850701385458	0.26158154995998	0.19666627156995	0.0708497198586708	
2.66835306580425e-06	2.40151775922383e-05	0.000120075887961191	0.000624394617398196	0.0026977049495281	0.010006323996766	0.0296147165008285	0.0735851724956839	0.146970218511433	0.228636498266905	0.25672358263756	0.185716039203443	0.0652785894018353	
9.35821370416815e-06	1.87164274083363e-05	0.000171121622019075	0.000862292548455494	0.0033448929554041	0.0114745068889822	0.0335986609733077	0.0802480194009139	0.15395197364727	0.231630494942554	0.24976537621356	0.175410357670928	0.0595142284954934	
4.02543538438212e-06	2.01271769219106e-05	0.000194562710245136	0.00115932539070205	0.00410594409206976	0.0134744740433217	0.0365831567732647	0.0860624667062948	0.160735634898378	0.23193216873015	0.244276837242255	0.166367219001128	0.0550840577998849	
2.67156096635703e-06	4.27449754617125e-05	0.00027917812098431	0.00145065760473187	0.00448421508203028	0.01507027541122	0.0411153232722347	0.0921915616075317	0.166102967302765	0.232141282830145	0.237449674470296	0.158089620184177	0.0515798275774552	
1.33345423318381e-05	7.73403455246609e-05	0.000381367910690569	0.00155880799859187	0.00517513587898636	0.0172095603334702	0.0457188118389401	0.097624851319853	0.1709261639722	0.233602513294539	0.230827595035283	0.150082940853304	0.0468015766762853	
1.0635681381575e-05	0.000128957636751597	0.000430745095953788	0.0019157521088562	0.00627372255495656	0.0196188437684878	0.049656666910401	0.104165863451146	0.176952478446127	0.232533219886065	0.224753218955443	0.140236776856757	0.0433231186476731	
1.46045874336819e-05	2.2570726033872e-05	0.000135424356203232	0.000536386665746135	0.00215484049135143	0.00759571315528128	0.0224180417107017	0.0546251400712704	0.109529094993547	0.181285416124527	0.232560794914417	0.216502387186201	0.133038497692475	0.0395810873248113	
1.06125004642969e-05	5.17359397634474e-05	0.000155207819290342	0.00074420159505882	0.00262261417723937	0.00880306913513428	0.0245865104506598	0.0588967244517317	0.115625845683631	0.185085987785012	0.230153297569207	0.211986023336889	0.125165157038476	0.0361130125174443	
9.29428494418782e-06	5.17824446890464e-05	0.000189868963859837	0.000908184414546353	0.00325565524044979	0.00977227674131748	0.0270078642928178	0.063291424959935	0.121320956886468	0.188031350950872	0.229714891170562	0.205409008286519	0.118475577938554	0.032561863424466	
5.31525438143063e-06	6.11254253864522e-05	0.000279050855025108	0.00120390511739404	0.0036622102688057	0.0116523664176913	0.0296591194483829	0.0683860628714864	0.125785494936556	0.191584357737881	0.22866091467555	0.198483557924978	0.110793819953731	0.0297826991127512	
1.46176682427171e-05	9.4350404112083e-05	0.000333548611720181	0.00126775050032292	0.00444111338792368	0.0127426200708558	0.0325083652928716	0.0725036344838767	0.130640758843025	0.19528008781232	0.226644288345466	0.190611736127168	0.105118310091241	0.0277988183608544	
2.65924559861613e-06	3.32405699827016e-05	0.000135621525529423	0.00044675326056751	0.00146258507923887	0.00489567114705229	0.0141790975318212	0.0356671315914388	0.076277800750705	0.135988501422032	0.198779938119355	0.223026939487537	0.183478638944918	0.099394622739475	0.0262307985847495	
2.65904760891791e-06	6.64761902229478e-06	3.58971427203918e-05	0.000109020951965634	0.000511866664716698	0.00159409904154629	0.00560660188340342	0.0157149713687049	0.0386652112812754	0.0798472111243916	0.141720589936303	0.201202155423992	0.219202578212562	0.177225523134379	0.0945544034493166	0.0240005637180931	
3.97666493018965e-06	7.95332986037929e-06	5.43477540459252e-05	0.00010736995311512	0.000543477540459252	0.00197905358025771	0.00620227173611912	0.0175543245568338	0.0414885452166686	0.085441297135078	0.147149857966784	0.201213943247689	0.216518801009012	0.170975383118527	0.0884754924768127	0.0222839047138061	
9.26811055002264e-06	1.32401579286038e-06	1.19161421357434e-05	4.36925211643925e-05	0.000117837405564574	0.000660683880637328	0.00235410007970575	0.00710599276028164	0.0200826715461062	0.0454825905163397	0.0903667258943065	0.151442250403163	0.202128222985444	0.212017296942318	0.164418929188987	0.0832832414025035	0.020473256205	
1.32468929412606e-06	2.64937858825213e-06	1.72209608236388e-05	6.09357075297989e-05	0.000169560229648136	0.000806735780122772	0.00253413061966316	0.00824751554522887	0.0218216067421386	0.0493910403314902	0.0960068565917864	0.154885321647807	0.203154350147173	0.207921906916733	0.157693662951355	0.0784269049694394	0.0188582767911786	
6.65212069607791e-06	1.33042413921558e-05	5.45473897078389e-05	0.00027406737267841	0.000864775690490128	0.00303203661327231	0.00918790910542281	0.0241618327922942	0.0529468894683625	0.10050955244532	0.158909850460327	0.2034604331861	0.204136288648821	0.151311798201267	0.0735551593848119	0.0175749028790378	
1.33140014032957e-06	4.3936204630876e-05	0.000102517810805377	0.000272937028767563	0.00109307951521058	0.00352821037187337	0.0100653850608916	0.025983605138672	0.0569865888063865	0.104657370830887	0.161931542067585	0.203224917419906	0.200847036769278	0.145829588770439	0.068821404653776	0.0166105481507518	
7.98458442899575e-06	4.52459784309759e-05	8.78304287189533e-05	0.000330029489731824	0.00125091822720933	0.00392575401092291	0.0116255549286178	0.0287604731132427	0.0607147799980837	0.108965623702505	0.164636807869606	0.204236354345211	0.195915086606126	0.1395119821997	0.0650929937933164	0.0148925807241486	
9.31133375544713e-06	4.92170498502205e-05	0.000107745433455888	0.000420340209531613	0.00155366254662318	0.00485785583927042	0.0131037069749871	0.0311264585539233	0.0637773154626669	0.113417365903492	0.169007358614048	0.204572662988246	0.190878351415057	0.132828836402526	0.0604811033132386	0.0138087079593281	
2.66654222802936e-06	7.99962668408808e-06	6.39970134727046e-05	0.000147993093655629	0.000486643956615358	0.00180258254614785	0.00544241268740792	0.0144366596225509	0.0335571006686355	0.0679821608324945	0.119051777583713	0.172513282713473	0.202059903871153	0.18602198564067	0.126994073609898	0.0566520229055977	0.0127767370856027	
6.68130317482164e-06	1.60351276195719e-05	4.27603403188585e-05	0.000204447877149542	0.000634723801608056	0.00206318642038492	0.00609067597416741	0.0157064075033707	0.0362781399786466	0.073085439168739	0.122815714959571	0.174023895012674	0.200920149073236	0.180631703852573	0.122040683791292	0.0538513035890624	0.0115880522264107	
5.34593548525056e-06	2.27202258123149e-05	8.82079355066343e-05	0.000229875225865774	0.000739075580835891	0.00238295074255044	0.00682007719530841	0.0174892279399972	0.0397283195586396	0.0769814709876081	0.126474141710058	0.176056356851886	0.199137433309455	0.176303606368078	0.116663013610752	0.0498936158838435	0.0109845609383186	
1.33614101097773e-06	8.01684606586641e-06	1.87059741536883e-05	0.000122924973009952	0.000268564343206525	0.000970038373969835	0.00299295586459013	0.00789792951588939	0.0192404305580794	0.0427311256720789	0.0812908191078854	0.131056727202762	0.176400008551302	0.197426859641059	0.17235150128804	0.110537609697177	0.0472579714172715	0.00942647483244792	
4.00782862524798e-06	1.46953716259093e-05	3.07266861269012e-05	0.000129586458883018	0.000324634118645087	0.00118898915882357	0.0035055141042169	0.00893478594855284	0.0212121009705625	0.0456371445556988	0.0852425070303994	0.133417943048755	0.179005657718076	0.195646162170106	0.167638119793998	0.106064512681438	0.0433820729825593	0.00862083937290841	
1.33653388648016e-06	2.13845421836825e-05	3.47498810484841e-05	0.000109595778691373	0.000371556420441484	0.00135123575923144	0.00372625647550668	0.0101215711223142	0.0238050050520981	0.0490320821594111	0.0881577751522312	0.137267376277058	0.180156748694206	0.194421574864609	0.162410251749523	0.100574174957632	0.0400946800605183	0.00834264451940915	
2.67911921276761e-06	1.20560364574542e-05	4.1526347797898e-05	0.000133955960638381	0.000409905239553444	0.0014226123019796	0.00425444130987497	0.0112107743458261	0.0257744663864308	0.0518905204724895	0.0936459329630791	0.140075068920342	0.181166059846165	0.190145127887756	0.158029186324704	0.0953230615902716	0.0388257956314282	0.00763682931599407	
5.3765175220706e-06	2.41943288493177e-05	4.43562695570825e-05	0.000141133584954353	0.00049195135326946	0.00169091476069121	0.00450417755411465	0.0125138445326193	0.0274619073733561	0.0561415959654612	0.097431906405583	0.143777487445832	0.182112057378195	0.187441530371947	0.151651397356904	0.0917731217136037	0.0358465864490252	0.00694646063851522	
6.74874034761412e-06	1.21477326257054e-05	6.47879073370955e-05	0.000153871279925602	0.000627632852328113	0.00183025838227295	0.00517763359468955	0.0133463089114417	0.0298901709995829	0.0585142783099534	0.100633166819413	0.147572005685139	0.182504835472459	0.18422711400917	0.14793643766391	0.0877930134340425	0.0333792697592994	0.00633031844606204	
6.77323218639935e-06	5.41858574911948e-06	5.41858574911948e-06	5.96044432403143e-05	0.000188295854781902	0.000764020590625847	0.0021267949065294	0.00573828230831753	0.0144798157680845	0.0322026551070171	0.0621335681387158	0.103493633161745	0.149997290707125	0.180894066648605	0.182919263072338	0.144204822541317	0.0834638309401246	0.031544296938499	0.00577214846924953	
4.06809447742614e-06	1.22042834322784e-05	1.35603149247538e-06	1.35603149247538e-05	7.59377635786214e-05	0.000295614865359633	0.000956002202195144	0.00235271463944479	0.00650623910089688	0.0160757533432956	0.0350235813876541	0.0645335387269034	0.106246423466939	0.151809081614111	0.182368607328537	0.181518375582755	0.138933562593058	0.0790227352240028	0.0291139961434464	0.00513664729349674	
2.71626567794596e-06	2.71626567794596e-06	8.14879703383788e-06	2.98789224574056e-05	0.000118157556990649	0.0004373187741493	0.000928962861857518	0.0026388521061245	0.00758788817134204	0.0176665919693605	0.0365690848221865	0.0684200161617808	0.109829486422067	0.154797264720462	0.183102111217498	0.17713583365589	0.133918688586931	0.0746565621583447	0.0271599405137817	0.00498978005038673	
2.71345384686352e-06	0	4.07018077029528e-06	2.03509038514764e-05	0.00014652650773063	0.000377170084714029	0.00107317099643452	0.00320187553929895	0.00825161314831196	0.0187838842549127	0.0385201908100745	0.0715497077610207	0.115020595114698	0.156043947098504	0.182805385663195	0.173673256741576	0.129112917668383	0.0710490755262744	0.0256231446759322	0.00474040387047057	
2.72051102079015e-06	2.99256212286916e-05	0.000149628106143458	0.000470648406596695	0.00128544145732334	0.00355570790417272	0.00885118260614074	0.0201331418093575	0.0409600139290164	0.0753037450554712	0.11771651186959	0.159075080663152	0.18272448296688	0.169852385072012	0.124538193254221	0.0672265478347453	0.0238765649739647	0.00424807795896381	
3.94896305676975e-05	0.000177022481855196	0.000550131405149992	0.00145294606261149	0.00406879365987173	0.00997862113103749	0.0223756417064967	0.0440486403311682	0.0787545787545788	0.12178465895938	0.160760924329698	0.18050165447935	0.166021215463595	0.11915655595953	0.0638955839699334	0.0224151313370644	0.00401841033811294	
5.45783007591842e-06	5.59427582781638e-05	0.00017192164739143	0.000667219726781026	0.00168101166338287	0.00457911943369555	0.0113509221003913	0.0237401963727261	0.0469182362476327	0.082551044355785	0.124559962450129	0.162517806170623	0.178330504358077	0.161206562494883	0.115656877138787	0.0615997991518532	0.020803883791882	0.00360353230762513	
1.4968674646331e-05	8.16473162527148e-05	0.000223169331090754	0.00068991982233544	0.0019527316470441	0.00507846307091886	0.0120307320498375	0.0254685195164302	0.0500498048629142	0.0848247576435496	0.12799169374636	0.162924498005084	0.176814067288275	0.159220431424419	0.111532955578417	0.0582635248779373	0.0195735832829842	0.00326453186150438	
2.71048986683363e-06	3.38811233354204e-05	7.18279814710913e-05	0.000257496537349195	0.000745384713379249	0.00218601007760133	0.00567441053621621	0.0131214814453416	0.0277418637870422	0.0526851467865787	0.0880285794051559	0.129573612839048	0.164685298574011	0.175516416081878	0.155213491734361	0.107920864537848	0.0552533359354036	0.0181779002919198	0.00311028712219159	
1.08359237963659e-05	3.25077713890977e-05	7.17879951509241e-05	0.000273607075858239	0.000818112246625626	0.00240963855421687	0.00653948001110682	0.0141300446304611	0.0296132252449935	0.0554406496136316	0.0913834088461773	0.131646992692524	0.165222102575564	0.175456632601231	0.151938614491694	0.103389612412551	0.0519921168654381	0.0168850782556872	0.00274555219190421	
1.21989403187176e-05	2.98196318901987e-05	0.000103013273802505	0.000340214891110903	0.00103826536490419	0.00285997378583269	0.00681785220034997	0.0151185533683307	0.0316345631220612	0.0587256986943068	0.09474916945548	0.135062600895402	0.165165519288558	0.173824056039221	0.148031429892012	0.0996992283492529	0.048791694961431	0.0155048531450901	0.00249129470064478	
9.47602970599941e-06	3.79041188239976e-05	0.000150262756766562	0.00042912877382883	0.0011926260244265	0.00320425175915723	0.00757540889068181	0.016365103302261	0.0338470243913005	0.0616415732375262	0.0983354676962147	0.137437627418757	0.166190608983818	0.171390241855352	0.144271198555312	0.0952327448267646	0.0459384382961557	0.014510508916944	0.00224040416620415	
1.35313602805863e-05	4.60066249539934e-05	0.000150198099114508	0.000485775834073048	0.00137613934053563	0.00355874775379419	0.00787660481932928	0.0175149927471909	0.0355225270085951	0.06471643681396	0.101935796401741	0.14004822576804	0.167483058736929	0.168738768970967	0.14050152633744	0.0908671436922211	0.043250286864838	0.0137532745891879	0.00216095823680963	
2.02198027356045e-05	3.90916186221687e-05	0.000171194329828118	0.000641641740143183	0.00153670500790594	0.0035654252157116	0.00854488863606647	0.0191050176114482	0.0378716905237872	0.0673535108991477	0.105279120896897	0.14207511791515	0.167379527045334	0.16694951924049	0.135821806922452	0.0873347199624721	0.041376456331292	0.0129918972510504	0.00194244904946707	
2.01703181665988e-05	7.79918969108485e-05	0.000278350390699063	0.000731510205508648	0.00160421263818349	0.0039359014182423	0.00977184680777821	0.020589860784464	0.0403002956968643	0.0709927965070388	0.107222721997883	0.144964076663345	0.166544972413728	0.164729643778734	0.1321169286791	0.0827198194890993	0.0396575348912887	0.0119475517940153	0.00179381362894952	
4.03500229995131e-05	7.93550452323758e-05	0.00030800517556295	0.000680570387925121	0.00166242094757994	0.00440487751078018	0.0103713009116415	0.0223095277164308	0.0425961742798193	0.0728734865378873	0.110591343037066	0.146290353385501	0.166899800132886	0.163401453138828	0.12733794758263	0.0797087804340049	0.0376142914401461	0.0111218113394325	0.00170815097364605	
5.37902636933202e-06	3.09294016236591e-05	7.79958823553143e-05	0.000271640831651267	0.000730202829636822	0.00189745155178187	0.00505090576080277	0.0116281102539035	0.0236314075970679	0.0441497036828849	0.0763525897994833	0.113184128106892	0.148567363564358	0.167646770096379	0.159121013300987	0.123605991697473	0.0768851134100472	0.0351317659746997	0.0104447244526504	0.00158681277895295	
4.03178118717141e-06	2.55346141854189e-05	7.25720613690854e-05	0.000307759297287418	0.000856081538742729	0.00218656933050929	0.00542408962380794	0.0126235068970337	0.0250642397135823	0.047159744546344	0.0790054402167486	0.115779316424939	0.150144875337326	0.166482996634807	0.155880756039608	0.12058654352711	0.0737762200169872	0.033251443377665	0.00989533496038103	0.00147294406037996	
1.07598324694085e-05	2.15196649388169e-05	0.000104908366576732	0.00037524915737062	0.00105177362388468	0.00223266523740225	0.00594749739746552	0.0130570567016272	0.0270044895400979	0.0499256226580552	0.0819051897361958	0.118034017210352	0.150374038676218	0.165338275683048	0.154793639863027	0.118024602356941	0.0701083784125481	0.0312882478419811	0.00909340341570882	0.0013086646240918	
5.38455118419742e-06	4.03841338814806e-05	0.00010499874809185	0.000465763677433077	0.00109710230378022	0.00250247016285575	0.0062595407516295	0.0143336752523335	0.0288342715913772	0.0528009089122399	0.0844014936744985	0.120658369073292	0.151589923350914	0.165573602776275	0.152381452374991	0.11347268551798	0.0662461332191809	0.0297200302611777	0.00839316915836773	0.00111864050851701	
1.34623928056973e-06	4.03871784170919e-06	4.981085338108e-05	0.000156163756546089	0.000411949219854337	0.00114161090992313	0.00274498189308168	0.00727238459363767	0.0158142728288526	0.0311977490879229	0.0557720009154427	0.0874099702481119	0.122323339750407	0.15293008979416	0.164751416916843	0.148246523337058	0.108920181473055	0.0638534753167028	0.0281727494244827	0.00782434269867126	0.00100160202474388	
1.34634440566973e-06	1.88488216793762e-05	5.25074318211193e-05	0.00014540519581233	0.000467181508767395	0.00126556374132954	0.00334566584808927	0.00794881737107406	0.0171807009607514	0.0332533604756366	0.0581809271466115	0.0904124122183448	0.125694713713326	0.154122775839042	0.162449915988109	0.14408712463918	0.105234317780363	0.0614377342639266	0.0264677846710611	0.00731468915600362	0.000918206884666753	
4.03167282168717e-06	1.07511275244991e-05	4.83800738602461e-05	0.000173361931332549	0.000571153649739016	0.00143258774263951	0.00387174979976025	0.00862509205652943	0.0187190569110936	0.0351239336225387	0.0607035537852032	0.0936073795739328	0.128205851838712	0.154332435614185	0.160205239024443	0.141142146032565	0.101861557730867	0.0584538803507018	0.0250555026958452	0.00694522838082644	0.000907126384879614	
2.69189148447048e-06	5.38378296894096e-06	1.48054031645876e-05	5.92216126583505e-05	0.000242270233602343	0.000662205305179738	0.00152495652595253	0.00423434530507206	0.00944853911049138	0.0200613212880162	0.0376057240380526	0.0633092498775189	0.0964975799895555	0.129077542626102	0.154764917116661	0.158299370635771	0.138601454698158	0.0980736824537129	0.0561972725755479	0.0237895909940079	0.00651437739241856	0.00101349714390313	
2.68884786902084e-06	8.06654360706253e-06	2.41996308211876e-05	7.52877403325836e-05	0.000266195939033063	0.000785143577754086	0.0017033851250247	0.00476194957603591	0.0103587864154028	0.0211881212078842	0.0393781770418102	0.0658310623772373	0.0979668276838399	0.132257704557463	0.155876544238942	0.156872762374414	0.134998984959929	0.094171518916717	0.0540955858528958	0.0221977835827016	0.00620989415350364	0.000969329656782014	
6.7170535241693e-06	1.74643391628402e-05	0.000110159677796377	0.000286146480129612	0.000850378976159834	0.00199496489667828	0.00518825214206837	0.0112228530281821	0.0219540177383949	0.0411513567104708	0.0682022746630054	0.102143546120633	0.135477595939675	0.15504705967699	0.15448282718096	0.130950301864385	0.091848989889491	0.0518381888674242	0.0206025465693321	0.00574173735245992	0.000882620833075846	
5.36852941215945e-06	4.56325000033553e-05	0.000144950294128305	0.000281847794138371	0.00088178095594719	0.00235946867664408	0.00567856198571166	0.0121932724273672	0.0235248958840827	0.0431253967678769	0.071177305078763	0.104961460669482	0.136999502068897	0.154817651187854	0.15217096618766	0.128093111774124	0.0889310318447743	0.0490535953712539	0.0193226794867149	0.0054410045592236	0.000790515955940479	
1.07278583708138e-05	5.90032210394758e-05	0.0001166654597826	0.000348655397051448	0.000953438412706076	0.00277181040655901	0.00651985592486208	0.0132033116898791	0.025083073853259	0.0456751979960361	0.0737352525471959	0.107101574045019	0.136994751395292	0.155091307484559	0.150408597305698	0.12564870018586	0.0861715223635618	0.046376531737028	0.0181461724342315	0.00494956565583421	0.000634284626174365	
5.38296426384599e-06	6.45955711661519e-05	0.000121116695936535	0.000402376578722488	0.0011358054596715	0.00291487514887261	0.00660085992854115	0.0143119562365005	0.0270372837562325	0.0475073511105728	0.0762375771277848	0.109986071579967	0.138902009864282	0.154943243370543	0.14965582672238	0.122077555057631	0.0823216724869968	0.0437688824293318	0.0171528156267453	0.00434943512518756	0.0005033071586696	
1.61394665099345e-05	6.05229994122544e-05	0.000151979976301883	0.000408866484918341	0.00130191696513472	0.00317544003582962	0.00702873766507648	0.0149895295211017	0.0282696205476928	0.0505837779532198	0.0793712063847729	0.111830363447336	0.140689074522642	0.155996013551772	0.147082993171661	0.118481168604972	0.078370559461157	0.0416021648404412	0.0159794168003777	0.00404697122736608	0.000563536372305213	
1.88781523143266e-05	8.89970037675398e-05	0.00012540486894517	0.000523194506997052	0.00148463183557669	0.00335087203579298	0.00772520961491266	0.016241953187576	0.0307430710438809	0.0531662706749479	0.0819648920304532	0.11454723448553	0.141328590422304	0.154757698915046	0.144575632620368	0.115186394785315	0.0760074865358321	0.039014398636458	0.0148867715392976	0.00376888826561021	0.000493528839074539	
2.69224297492849e-06	2.15379437994279e-05	7.53828032979977e-05	0.000166919064445566	0.000639407706545516	0.00159784620562006	0.00379740871613663	0.00867171462224466	0.0171967020023557	0.0330997812552583	0.0552313646306579	0.0847706545515733	0.116358741376409	0.14220562005721	0.154541477368332	0.142174659262998	0.112549217566885	0.0718007740198553	0.0370775702507151	0.0139713949183914	0.0035766447921925	0.00047248864209995	
6.7203126827085e-06	2.41931256577506e-05	9.13962524848356e-05	0.000274188757454507	0.000651870330222725	0.00180373192403896	0.00439105230688173	0.00915037774877589	0.0189109598891417	0.0346364915666796	0.0577960331338297	0.0879231948904119	0.118468360095859	0.143188358267933	0.151998688194964	0.140113143184326	0.109539752665612	0.0687420784314253	0.0351324506426635	0.0134177763022958	0.00323515852545587	0.000504023451203138	
1.3419216317767e-06	1.3419216317767e-05	0.000107353730542136	0.000272410091250671	0.000756843800322061	0.00194981213097155	0.00462292002147075	0.0101274825550188	0.0200751476113795	0.0364814814814815	0.0597436929683307	0.0907326892109501	0.120395866881374	0.143321256038647	0.151029253891573	0.138011272141707	0.105674986580784	0.0667471819645733	0.033707729468599	0.0126650563607085	0.00313070316693505	0.000432098765432099	
2.14240283868376e-05	9.9086131289124e-05	0.000344123455963579	0.000811435075151475	0.00218525089545744	0.00511766478090583	0.0110722056706725	0.0213610953034513	0.0381454825427644	0.0617909148729622	0.0933672547116125	0.121740702306431	0.143411107019717	0.150028453787701	0.135481538513039	0.10367489036923	0.0640605228801928	0.0318361061828407	0.0120791350048539	0.00305694105044689	0.000314665416931677	
1.87465770758821e-05	3.48150717123525e-05	0.000108462338796175	0.000341455511024996	0.000914565153059107	0.00244910639084203	0.00573109642034111	0.0115291449016675	0.0222374575356553	0.0396570447628089	0.0653532457689645	0.0939698956752986	0.123073956585606	0.144487903771142	0.149557513828948	0.133288163009522	0.0997277729200338	0.0621194612233748	0.0306225336534535	0.0116402853229031	0.00282805505601879	0.000309318521752055	
5.34428555586582e-06	2.40492850013962e-05	3.07296419462285e-05	0.000112229996673182	0.000464952843360326	0.00109557853895249	0.00263874099320875	0.00603102624979458	0.0121662660679285	0.023700570368876	0.0419526416135467	0.0666419048102578	0.0953073164605331	0.124353508456664	0.146072684955703	0.149161682006993	0.130454010418685	0.0963908703569849	0.0600069742926504	0.029433652698931	0.0109317361045235	0.00269485599154534	0.000328673561685748	
1.33254624268599e-06	2.13207398829758e-05	1.33254624268599e-05	2.79834710964057e-05	0.000141249901724715	0.000527688312103651	0.0011979590721747	0.00280634238709669	0.0062096654909167	0.0129456867476944	0.0252597465763556	0.0433477292745751	0.068398266090829	0.0982233160946268	0.126198791913576	0.146510794290839	0.146870581776364	0.127692576251627	0.0940591090862331	0.0578151838314169	0.0283325982119895	0.0103565493981555	0.00269973868768181	0.000342464384370299	
6.66887184028852e-06	3.73456823056157e-05	1.3337743680577e-06	3.06768104653272e-05	0.000193397283368367	0.000686893799549718	0.00120439825435611	0.00286094601948378	0.00681692079514293	0.0135844919386677	0.0265474450218205	0.0454990450175525	0.0703605992381481	0.10082800712769	0.127324768723525	0.146601809665063	0.145063967818692	0.125902965247175	0.0909887536145285	0.0556490679584716	0.0268168674441682	0.0102433871466832	0.00239545876503164	0.000354783981903349	
