# <P(N_2)> as a function of N_tot.
# number_of_species: 2
# species_total_upper_bound: 100
# species_total_lower_bound: 0
# volume: 512
# Bin widths for each species index 
1	1	1	1	1	1	1	1	1	1	1	1	1	1	1	1	1	1	1	1	1	1	1	1	1	1	1	1	1	1	1	1	1	1	1	1	1	1	1	1	1	1	1	1	1	1	1	1	1	1	1	1	1	1	1	1	1	1	1	1	1	1	1	1	1	1	1	1	1	1	1	1	1	1	1	1	1	1	1	1	1	1	1	1	1	1	1	1	1	1	1	1	1	1	1	1	1	1	1	1	1	
# Bin lower bound for each species index 
0	0	0	0	0	0	0	1	2	2	3	4	4	4	5	7	8	9	9	10	11	11	12	13	13	15	15	16	17	18	19	19	20	21	22	22	23	25	26	26	27	28	29	30	30	30	31	31	32	34	34	35	36	37	38	39	39	40	41	42	43	44	44	44	45	46	49	50	50	51	52	53	54	55	56	57	57	58	59	60	61	62	62	63	64	64	65	66	67	67	68	70	70	71	73	73	74	75	76	76	77	
# Bin upper bound for each species index 
0	1	2	3	4	5	6	7	8	9	10	11	12	13	14	15	16	17	18	19	20	21	22	23	24	25	26	27	28	29	30	31	32	33	34	35	36	37	38	39	40	41	42	43	44	45	46	47	48	49	50	51	52	53	54	55	56	57	58	59	60	61	62	63	64	65	66	67	68	69	70	71	72	73	74	75	76	77	78	79	80	81	82	83	84	85	86	87	88	89	90	91	92	93	94	95	96	97	98	99	100	
# Normalized histogram for each species index 
1	
0.078885118443663	0.921114881556337	
0.00626235337651437	0.145874686746952	0.847862959876534	
0.000464302812039155	0.0170444840585358	0.201842416106737	0.780648797022688	
5.84981181095097e-05	0.0018200754686031	0.0315256610739651	0.247690078176403	0.71890568716292	
1.80863769188892e-06	0.000171820580729448	0.00413394288442745	0.0494059529500991	0.284899623622496	0.661386851324556	
6.01198910868053e-07	1.20239782173611e-05	0.000512221472059581	0.00786608654979761	0.0679661380725443	0.315244660902772	0.608398267825698	
6.03290952143945e-06	6.21389680708264e-05	0.00106782498529478	0.0122721445485121	0.0873366212690225	0.339147851530097	0.560107385789482	
1.26845680149557e-05	0.000133489977681201	0.00196792012346313	0.0180712812319736	0.107545807901278	0.356075153045353	0.516193663152236	
2.41535683878097e-06	2.83804428556764e-05	0.000269916126733773	0.00323053977186955	0.0254107616223952	0.127208390949658	0.369065921126522	0.474783674603127	
5.44128849711612e-06	4.11119575337662e-05	0.000575567405472727	0.00503681938549715	0.0335195463174569	0.146189284289186	0.377761453912286	0.43687077544407	
7.87322413373337e-06	9.08448938507697e-05	0.000927829182529194	0.00726032391655351	0.0430083952794571	0.16434568056755	0.381386850262178	0.402972202673747	
4.23267882009845e-06	2.53960729205907e-05	0.000110654317725431	0.00134357319117982	0.00994195788000839	0.0523001888379422	0.181073395255409	0.384206303184365	0.370994298581629	
6.04747753664469e-07	7.8617207976381e-06	2.35851623929143e-05	0.000205614236245919	0.00199929607361473	0.0131260499932873	0.0631435272033682	0.197417485192751	0.383344158318124	0.340731817351664	
1.21259449142574e-06	2.42518898285149e-06	2.8495970548505e-05	0.000355896483233456	0.00291325826565035	0.0173031170953997	0.0735402181214971	0.212599948100956	0.379240139787893	0.314015288391348	
1.2105951285652e-06	5.44767807854341e-05	0.000573822090939906	0.00407123141736478	0.0215231707907607	0.0847253159653285	0.226262650719094	0.373190765580359	0.289597356060239	
1.8139657220944e-06	0.000107628632844268	0.000879168719975088	0.00550296734559373	0.0267227383626541	0.0960906015412662	0.237681509945067	0.36721801147031	0.265795560016568	
1.20923443972238e-05	0.000166874352681689	0.00130415934324059	0.00727717285824931	0.0321734961204736	0.107725859297108	0.247665724068421	0.358805856806085	0.244868764809343	
6.05659402589678e-07	2.11980790906387e-05	0.000248320355061768	0.00174975001408158	0.00916180978297407	0.0379578860791003	0.118165360764051	0.256584577610104	0.350651356404515	0.225459135251618	
3.62993974300027e-06	5.20291363163372e-05	0.000384773612758028	0.002217288193016	0.0113617113955908	0.0442507804370447	0.129176245674322	0.264655881712364	0.339652856762578	0.208244803136268	
9.07397101168727e-06	6.35177970818109e-05	0.000537179083891887	0.00284499237786435	0.0141971350448859	0.0511511844556827	0.140069446124809	0.271023785902679	0.329652527403392	0.190451157838701	
1.20955768289873e-06	1.14907979875379e-05	8.76929320101579e-05	0.000671304514008795	0.00393227202710377	0.0171339893571019	0.0588873157919246	0.149980314448711	0.275181630205558	0.319133327729049	0.174979452638862	
6.04539365185303e-07	2.11588777814856e-05	0.000163830167965217	0.00100595350366834	0.00492941398372096	0.0205652201248737	0.0654577088441691	0.160030033515662	0.278812950684097	0.307567865589136	0.161445260169561	
5.45666528633245e-06	3.8802953147253e-05	0.000235849199598147	0.00134537114115241	0.0062254487955624	0.0239590046799999	0.073207834073722	0.169865384067386	0.280703594547943	0.295157694595294	0.149255559280909	
6.05017043330111e-07	1.0890306779942e-05	5.62665850297003e-05	0.000337599510178202	0.00169707280654096	0.00789607743250127	0.0278307839931851	0.0807528348073565	0.17830336280573	0.281179855836539	0.28464841854595	0.137286232353165	
9.06816722667637e-06	6.64998929956267e-05	0.000482426496459183	0.00221746915916326	0.00953185284420042	0.0320704802138637	0.0885349348119685	0.186954776445496	0.282178391403861	0.271653271976099	0.126300828588667	
2.41714772942207e-06	1.02728778500438e-05	9.54773353121716e-05	0.000612142662476138	0.00270539259615565	0.0111744739531182	0.0369612102175252	0.0968049537025567	0.194602750834973	0.281366268582579	0.259932815378861	0.115731824710864	
3.63106228542691e-06	1.93656655222769e-05	0.000124666471799657	0.000783099099557071	0.00334783942716361	0.0133381021284682	0.0414255792603405	0.104576409351438	0.201287332615593	0.278800829576697	0.249613745749388	0.106679399591748	
2.42114922269004e-06	2.6027354143918e-05	0.000191876075898186	0.00100780336394473	0.00421461550939769	0.0156539402993025	0.0467299958598348	0.112073786943711	0.207122657840771	0.276786989712537	0.237842199178262	0.0983476867129752	
3.02635409674528e-06	2.60266452320094e-05	0.000271766597887726	0.00120569947214332	0.00502677415469391	0.0179723064389315	0.0513130442519549	0.119685041276444	0.213358569091361	0.273218037312525	0.22643362933094	0.0914860790737904	
4.83349223439054e-06	4.65223627560089e-05	0.000317197927881879	0.00150321608489546	0.00613491001850019	0.0202541450216843	0.0570164785834001	0.126988528914555	0.217379063003363	0.269692553642701	0.216644372183736	0.0840181787642935	
1.20922859075895e-06	5.44152865841529e-06	6.65075724917425e-05	0.000412951563744183	0.00192146423071598	0.00731704220268243	0.0229426940524696	0.06236898763987	0.133873697282924	0.222300956439354	0.265556876973688	0.206056179551098	0.0771759917337134	
6.0550647589176e-07	1.21101295178352e-05	0.00010656913975695	0.000477744609478598	0.00226459421983518	0.00844923736459361	0.0262323570550587	0.0677882664955102	0.140968568158836	0.225315620250559	0.261628449116263	0.195551949428099	0.0712039285260156	
1.21235339616557e-06	1.45482407539868e-05	0.000122447693012722	0.000613450818459778	0.00267930100552591	0.00990977666025736	0.0296377972993616	0.0737262409043186	0.14732518470204	0.228457086326836	0.256295751186288	0.185741026766338	0.065476176043412	
5.46929265638075e-06	2.12694714414807e-05	0.000164078779691423	0.000837409475610297	0.00332593763426354	0.0114259600583634	0.0333505312202417	0.0794742915898687	0.154058427845749	0.231530350624198	0.250355655947461	0.175869966959395	0.0595806511010598	
2.43663233045608e-06	3.65494849568411e-06	4.08135915351393e-05	0.000229652597145485	0.00108003728047466	0.00400216860277411	0.0131523321617193	0.0370599594300717	0.0856786934777444	0.1607336699947	0.232282941746213	0.244679308727408	0.165845724623997	0.0552086061853912	
1.21502401494966e-06	6.07512007474828e-06	6.86488568446555e-05	0.000338991700170954	0.0013322738323923	0.00461283867275637	0.0149605906960751	0.0407816735497777	0.0918624981622762	0.165986860730302	0.233350829679149	0.237859176286619	0.15771862230857	0.0511197053809769	
1.9419031135989e-05	0.000109232050139938	0.000402338051348773	0.00152742816779014	0.00539545643218996	0.0169789085048074	0.0447772515759757	0.0977038209371139	0.171759509863654	0.233306915359725	0.231444508904839	0.149529573970731	0.0470456371505485	
1.33326788200094e-05	0.00012302426365736	0.000472098036399425	0.00184960617084858	0.00630575105100901	0.0195572217363875	0.0495605973282524	0.104080951177548	0.17656405958253	0.232492223109047	0.224840477528073	0.140690063093872	0.0434505942435553	
6.66082935802927e-06	1.51382485409756e-05	0.000141088476401893	0.000567987085257405	0.00219686262826638	0.00763997127365957	0.0219256336568074	0.0539527178000371	0.109482235568102	0.180985027666663	0.232487165792887	0.217689225079112	0.133257763196617	0.0396525226982899	
4.83743497429206e-06	3.50714035636174e-05	0.000166891506613076	0.000717754414310584	0.00261826167983558	0.00887608849845414	0.0245312374340068	0.0584507267943709	0.114728840605913	0.184883741320583	0.231022591426009	0.212237017382718	0.125708608638812	0.0360183314598351	
4.2355062488844e-06	3.75144839186904e-05	0.00018878256423599	0.00087674979351907	0.00328917313841937	0.00994980925095072	0.0271502001276703	0.0630721336967801	0.120567920880743	0.188340861441464	0.23008661610279	0.204942230720127	0.118400551825957	0.0330932204671763	
3.63337105983617e-06	4.1783767188116e-05	0.000248280355755472	0.00112271165748938	0.00374237219163126	0.011510519517561	0.029911121688258	0.0673742051243854	0.126102803811891	0.191526494238987	0.228399760439735	0.197798903811951	0.111758254867657	0.0304591551564499	
8.46903961090812e-06	5.9888208677136e-05	0.000314564328405159	0.00131270113969076	0.00438030827304184	0.0127991385776853	0.0325961235995838	0.0716892104435357	0.130609528879425	0.194789725845089	0.2257767319186	0.191538824497302	0.105828514046507	0.0282962712028456	
1.81425094114268e-06	1.81425094114268e-05	0.000107040805527418	0.00039792570642396	0.00145744825605128	0.00500249459504407	0.0142938784149494	0.035693573016041	0.0761072222306215	0.135230636650893	0.198262552348699	0.22360400949458	0.183595542990188	0.0998231105332386	0.0264046081973905	
1.2111170859554e-06	4.23890980084391e-06	2.4222341719108e-05	0.000115056123165763	0.000479602366038339	0.00172886964020134	0.00578792855378087	0.0157390720905334	0.039185693316087	0.080383052111946	0.140954650931833	0.200240043406436	0.219773545327268	0.177219129836596	0.0942781984391123	0.0240854854883951	
1.81251687906344e-06	3.62503375812687e-06	4.41045773905436e-05	0.000122042803190271	0.000569130300025919	0.00209285282302525	0.00635528835028943	0.0177179566651381	0.0421198714079692	0.0857296316905285	0.146278570552522	0.201274561869357	0.216619329767508	0.170812194855231	0.0879831943434973	0.0222758324436896	
4.22489986987308e-06	6.03557124267583e-07	6.03557124267583e-06	4.58703414443363e-05	0.000155114180936769	0.000710386735262946	0.00239551822621804	0.00736581114456159	0.0199517878569135	0.0455733913391967	0.0908287080739044	0.150843410725452	0.202405899408755	0.212825106044987	0.163720905528825	0.0828213157062463	0.0203459106590602	
6.03867651534548e-07	1.2077353030691e-06	1.02657500760873e-05	6.2802235759593e-05	0.00021376914864323	0.000864738476997473	0.00281100391789332	0.00846260126860516	0.0218322310735801	0.0493698037188585	0.0961828318011198	0.154507992792236	0.202828878400379	0.209042072667018	0.15724049391543	0.0779732027690955	0.0185955004613549	
3.02878496656524e-06	8.48059790638268e-06	7.02678112243136e-05	0.000274407917970811	0.000954673021461365	0.00326321292297739	0.00946919331946957	0.0238256340609888	0.0528777394602826	0.100525978797294	0.158767696433363	0.203485283436726	0.204502955185492	0.151304164518753	0.0733717100580497	0.0172955736730742	
6.05668940145978e-07	2.42267576058391e-06	2.7860771246715e-05	9.14560099620427e-05	0.000290115422329924	0.00111503651880875	0.00379148756531382	0.0103902506682043	0.0260171149929106	0.0569873905783351	0.105080532770627	0.161732382756121	0.203748848471928	0.200248081997884	0.145395068764623	0.0689953829856693	0.016085961381337	
3.63426017062852e-06	5.45139025594277e-06	3.39197615925328e-05	9.44907644363414e-05	0.000337986195868452	0.00134346484307567	0.00415032511485776	0.0117168547901063	0.0287512379198706	0.0606321795566808	0.109568098464222	0.165069308370004	0.203573689167785	0.195813332283436	0.139426574316078	0.0649617948399563	0.014517657961604	
2.42591704212787e-06	6.67127186585164e-06	3.7601714152982e-05	0.00011401810098001	0.000429387316456633	0.00164719767160482	0.00478572784485775	0.0128961749959518	0.031190015410638	0.0645366710717277	0.113788245340268	0.168609725137534	0.203951697565774	0.191186522090097	0.132949351097515	0.0603992695563786	0.0134692978971545	
1.21374247783099e-06	4.85496991132397e-06	5.46184115023947e-05	0.000146255968578635	0.000517661166794919	0.00184731605125877	0.00532226076528891	0.0142202068702679	0.0337481095960908	0.0685649194439117	0.118835098519477	0.17143444941	0.202403695603097	0.186609264739082	0.127047280124481	0.0568007204775348	0.0124420741402455	
3.03404133699279e-06	8.49531574357982e-06	4.42970035200948e-05	0.00019781949517193	0.000651105270918653	0.00214446041698651	0.00605594650863761	0.0159262897861426	0.0363672330817304	0.0730160251995337	0.122007904284491	0.173627263167284	0.201249782307534	0.181659584202839	0.121737267797231	0.0538584813894938	0.0114450107314042	
2.42570078495677e-06	1.33413543172623e-05	7.58031495298992e-05	0.000240144377710721	0.000765915022850101	0.00244995779280634	0.00697752830792816	0.0173510377147958	0.0394734288736016	0.0763277073246461	0.125664642015078	0.175737170468548	0.199727957656967	0.17745577947469	0.116668930654066	0.0503708896500199	0.0106973404616594	
6.05702323958677e-07	3.63421394375206e-06	2.0593879014595e-05	0.000105997906692768	0.000282862985288702	0.000941867113755742	0.00292614792704437	0.00796437985773264	0.0193570348690714	0.0423331411237959	0.0803803326032601	0.130169063632663	0.176525885294517	0.197815110577016	0.17271965189076	0.111332327059872	0.047344116449906	0.00977724691334096	
1.81296816125747e-06	1.38994225696406e-05	2.35685860963472e-05	0.00012207318952467	0.000314852137338381	0.00111437109645293	0.00335519974376717	0.00903945925202977	0.0211633816690789	0.0451181299837739	0.0839204832164473	0.133089992717911	0.178562860138571	0.195902691955558	0.168298438732252	0.106698615194486	0.0442654306252625	0.00899473937071875	
6.03440212652331e-07	1.20688042530466e-05	2.47410487187456e-05	9.77573144496776e-05	0.000377150132907707	0.00130584462017964	0.00370753666653592	0.0100865031544837	0.0232795165237016	0.0482323727570882	0.087413745764604	0.136965842266763	0.180266901606056	0.194136371453657	0.163259542652663	0.101393645171121	0.0410309172592952	0.00840893936331023	
1.209857678392e-06	6.65421723115601e-06	3.32710861557801e-05	0.000131269558105532	0.000427684689311573	0.00138891661479402	0.00424418073579914	0.0110345069557743	0.0254360478305135	0.0512955458484641	0.0921506248612445	0.140060383996729	0.18138851736176	0.19075584043671	0.158793215360111	0.096272609971526	0.0389483433116345	0.00763117730645755	
2.42538455988062e-06	1.27332689393733e-05	4.85076911976125e-05	0.00015764999639224	0.000521457680374334	0.00168321688455715	0.00458276412589444	0.0121863447211202	0.0273904741808718	0.0546772631718088	0.0960003589569149	0.143594286521592	0.182461074093679	0.188019449158786	0.153441954180848	0.0918796305896777	0.0363189210919324	0.0070214883008544	
4.85898614824524e-06	6.6811059538372e-06	5.77004605104122e-05	0.000159739169623562	0.00062195022697539	0.00186585068092617	0.0051159050408337	0.0132267676687921	0.0295171261040528	0.0580861425359292	0.0995059625833772	0.147746584436424	0.182918963043766	0.185146808192737	0.14862059456984	0.0874143755534689	0.0335409740080683	0.00644301563257319	
3.0414050804847e-06	3.64968609658164e-06	7.90765320926023e-06	5.53535724648216e-05	0.000182484304829082	0.000696481763430997	0.00206328920660082	0.00581516651388675	0.0143712472863063	0.0318739252434797	0.0613755545241813	0.103585999074196	0.150225337702413	0.181869332721808	0.182952072930461	0.144133403326202	0.0830437408795865	0.0317972818354515	0.0059447303703154	
1.82323826563852e-06	5.46971479691557e-06	4.86196870836939e-06	1.33704139480158e-05	6.13823549431636e-05	0.000233982244090277	0.000857529730938652	0.00238297241318955	0.00643785431596962	0.0156853187992882	0.0342112428164412	0.0646356197551513	0.106930493295345	0.152541837240736	0.183000247960404	0.180031408317856	0.138923462888593	0.0790695893581229	0.0296908274098348	0.00528070576337771	
1.21422881899248e-06	1.21422881899248e-06	8.49960173294737e-06	1.57849746469023e-05	7.28537291395489e-05	0.000316306607347541	0.000901564898101917	0.00272715792745711	0.00731147883356323	0.0171959085345715	0.036181590348338	0.0681795553008373	0.110650850931556	0.155083733219358	0.182583587511899	0.176862141316807	0.134404809317506	0.0749762011151477	0.0274949973772658	0.00503054999708585	
1.21409393080514e-06	0	4.24932875781801e-06	1.45691271696617e-05	0.000100769796256827	0.000342374488487051	0.00111150299365211	0.00316878515940143	0.00798691692380164	0.0186509109650286	0.0386245772676695	0.07164125466895	0.114665101294892	0.156667894925027	0.182415184915611	0.174028224041609	0.129125567057747	0.0710627389109213	0.025764287305616	0.00462387673547139	
2.43634737928203e-06	2.92361685513844e-05	0.000116944674205538	0.000441587962494868	0.00136679087977722	0.00367644819533659	0.00880678668925973	0.0203471551380739	0.0414020691898292	0.0755560049262944	0.11766522394296	0.158921721376877	0.181828868523732	0.169896857233698	0.123993636260645	0.0673887594240962	0.0243360648848034	0.0042234081819854	
7.31521314397498e-06	3.29184591478874e-05	0.000168859503406756	0.000509626515696923	0.00152461233942345	0.0040148328138516	0.00990967540570477	0.0223747986030381	0.0445472096424263	0.0788006951890891	0.121145416074084	0.160624402209926	0.18047971948596	0.16535307790641	0.119447067422491	0.0643799716779331	0.022705811997803	0.00397398954046441	
1.83004941133411e-06	8.54023058622583e-06	5.49014823400232e-05	0.00016470444702007	0.000584395778686025	0.00179527847251876	0.00464039529067285	0.0110467882632831	0.0241627523943146	0.0473513084853291	0.0820496553406942	0.124178002806076	0.162560849142927	0.178618312694443	0.161210272677362	0.115789666320991	0.061219422924419	0.0209571158421277	0.00360580735679863	
3.66010998630509e-06	1.15903482899661e-05	6.52719614224407e-05	0.000218996580847254	0.000696640934060069	0.00204844155566875	0.00502411097453478	0.012069212679841	0.0259428595829305	0.0499263402865256	0.0845107195471224	0.127207122574033	0.163817982730381	0.177320738488192	0.158479712315355	0.111654705223892	0.0580694749877234	0.0196578407181136	0.00327457840108095	
3.04707486906719e-06	2.4986013926351e-05	7.37392118314261e-05	0.000264486098635032	0.000805037180407552	0.00213721831316373	0.00566573101154354	0.0130061343711264	0.027782009826207	0.0526741738465907	0.087213986317415	0.13023015165901	0.165156942638206	0.175952119484337	0.155327079110595	0.107340525242578	0.054835768758707	0.0184390688626732	0.00306779497817685	
6.70597996618967e-06	2.56046507799969e-05	9.63222576961789e-05	0.000321887038377104	0.000860803973841801	0.00237269763894638	0.00630118263004876	0.0140136692257093	0.0297635776281193	0.0551737549890967	0.0911586531222128	0.132644893365774	0.165819985893057	0.175427826280979	0.151116819999915	0.102805111419857	0.052129849718989	0.0171801110388356	0.00278054314779919	
7.9205749118836e-06	3.53379496068653e-05	0.000118808623678254	0.000347286746136435	0.00103150256352453	0.00276306209426093	0.00672761447515529	0.0152617293052133	0.0315616631988765	0.0581260529033477	0.0950663957423863	0.135569778741786	0.166045713902741	0.173234549547766	0.146778610792088	0.0993179166450882	0.0495255270990285	0.0160068726219235	0.00247365647248057	
1.34020411308642e-05	3.65510212659934e-05	0.000155341840380472	0.000428256132499889	0.00117937961951605	0.00318785823808239	0.00754839507511539	0.016714172841251	0.0337548681391449	0.0613709922566661	0.0983734186352945	0.13821342263154	0.166328468189342	0.169959812152118	0.14330010642439	0.0954596930567071	0.0467627674240241	0.0149310921871583	0.00228200209437352	
7.3074798755049e-06	4.0800095971569e-05	0.000166854123824029	0.00049021010831512	0.00131108368099684	0.00349358433714763	0.00809546978874685	0.0177267282646623	0.0358919053218549	0.0645749817465242	0.102335166089883	0.140320055439414	0.166455866170814	0.167800442467906	0.139966860578765	0.091357504446906	0.0438515777762486	0.0139012625498355	0.00221233953230911	
1.21521596210471e-05	5.83303661810259e-05	0.000187750866145177	0.000552315654776589	0.00140539726017409	0.00362498921495834	0.00890510257030328	0.019300667518128	0.0385910057005781	0.0676322367629563	0.105070002515497	0.142298751122556	0.166965812329338	0.165541579221751	0.135621747018771	0.0873181277410715	0.041734769394543	0.0131662573414234	0.00201300524122644	
1.21161600496278e-06	1.75684320719603e-05	8.05724643300248e-05	0.000225966384925558	0.000631857746588089	0.00156964853442928	0.00404437422456576	0.00984922650434243	0.0208573637174318	0.040966554551799	0.0701937616315137	0.107022041718362	0.144499142175868	0.167033988252171	0.163787463166873	0.132107339485112	0.0834900356699752	0.0397900754109801	0.0119810648650744	0.00185074344758065	
3.02389786482572e-06	2.60055216375012e-05	7.62022261936081e-05	0.000220744544132277	0.000640461567770087	0.00168552066985385	0.00448081185609875	0.010462686612297	0.0225522302758702	0.0427397724214467	0.0724235634217219	0.110272483436599	0.146331860695073	0.16702318422493	0.162155313442133	0.128057236338785	0.0803619000964623	0.0375150816906008	0.0112174515193575	0.00175446554117188	
3.62939300216735e-06	2.54057510151715e-05	6.47241752053178e-05	0.000232886050972405	0.000699867950584604	0.00193809586315737	0.00487366990307706	0.0114755357740195	0.023826360160395	0.0441491462760311	0.0762680645475447	0.112657568584942	0.148114318620782	0.166964780975206	0.159491860783743	0.124592827472569	0.0772564692418017	0.0353327457749329	0.0104236167022246	0.00160842599879383	
1.81408418680955e-06	2.05596207838416e-05	7.49821463881281e-05	0.000283601827871227	0.000819966052437917	0.00219262308712381	0.00548518588618315	0.0125335076466672	0.025327638721506	0.0472895465817514	0.0784530941322238	0.115315889502923	0.149288244069305	0.166479110518242	0.156554860626935	0.121318694077076	0.0739565841278518	0.033252767838948	0.00990248088106441	0.0014488485705319	
5.44562453144939e-06	2.66230532648637e-05	8.95502700727233e-05	0.000330972957633646	0.000963270472674159	0.00229623834409449	0.00607126628317369	0.0132364980277763	0.0271567244689457	0.0498552976548115	0.0813195111281337	0.117934075269422	0.150701608213938	0.165442913820572	0.154566791492482	0.117939520893954	0.0705892105236089	0.0311925373161421	0.00900827311380206	0.00127367107096677	
7.26763112169224e-06	2.96761604135767e-05	0.000107197559044961	0.000410015522448804	0.00100898945406161	0.00263754446124748	0.00651724820837752	0.0144250365047055	0.0288421997423625	0.0523160426295016	0.0843129999146053	0.121129607905245	0.151856546651833	0.165187199036797	0.151527080707649	0.113477397970029	0.0670638830831956	0.0296713153261622	0.00838624067850604	0.00108651085269299	
6.05038640792794e-07	6.05038640792794e-06	4.77980526226307e-05	0.000154889892042955	0.000384804575544217	0.00115078349478789	0.00300099165833226	0.00725683345766877	0.0156202825893476	0.0307353579136332	0.055079692664572	0.087643477350681	0.123230035086191	0.153086876893393	0.163664767450373	0.147728049651891	0.109886512902147	0.0643688509166638	0.0279739615570548	0.00789756937826834	0.00108180908973752	
6.0439284809855e-07	1.14834641138724e-05	5.31865706326724e-05	0.000152911390568933	0.000465382493035883	0.00132301594448773	0.00343295137719976	0.00795320548812882	0.0168921757115064	0.0325816096552966	0.0578367692059426	0.0902032150073162	0.125557174656841	0.154022869016586	0.162188216394398	0.144779889190615	0.106459569442623	0.0614437857233948	0.0261835069653254	0.00746666924540948	0.00099180866372972	
1.808297554157e-06	1.02470194735564e-05	7.05236046121232e-05	0.000186254648078171	0.000532242246773545	0.00153343632592514	0.00390411441942497	0.00869730846964381	0.0183735086819379	0.0351942925307064	0.0602229389777935	0.0930827193660832	0.128197446804407	0.153801734639567	0.160738966823165	0.141642139119564	0.101987379288604	0.0588407968805662	0.0251142391979839	0.00694506813966567	0.000922834518471458	
1.20355481951492e-06	3.61066445854476e-06	1.86550997024812e-05	8.42488373660444e-05	0.000249737625049346	0.000636078722113635	0.00159350658103775	0.00420160987492658	0.00959233191153391	0.0200175237581721	0.0374112980098018	0.0633280457158263	0.0962001367238275	0.128764117698033	0.154868018178492	0.159279046592014	0.137763097083546	0.0985645201667645	0.0565544391915963	0.0235884709076729	0.00640892941391694	0.000871373689328802	
1.20350919210233e-06	3.610527576307e-06	3.79105395512235e-05	8.90596802155726e-05	0.00026838254983882	0.000739556398546883	0.00172222165389844	0.00465878408262813	0.0104747422534626	0.0213303951662257	0.0391796399942954	0.0661406529157718	0.0979590289365733	0.132011118017917	0.155456078834666	0.157033277630916	0.134834550582589	0.0951067121512907	0.0539846083209422	0.0220097761051674	0.0061427109164903	0.000815979232245381	
1.20502325996148e-06	6.02511629980738e-06	3.61506977988443e-05	0.000117489767846244	0.000275347814901197	0.000779047537565094	0.0020238365651053	0.00516894727360475	0.0112874528760591	0.0222549720765985	0.0415745074919309	0.0680675463738139	0.101843143327274	0.134696294975234	0.155388351883662	0.15482018341659	0.130967350497283	0.0921692165963034	0.051267714595061	0.0208197893739844	0.00566421183344892	0.000771214886375344	
3.61909288643166e-06	9.04773221607915e-06	5.48895754442135e-05	0.00013450961894571	0.000337782002733622	0.000855312285493349	0.00231742581161174	0.0056475944492766	0.0120925956978636	0.0239173785221314	0.0429260607259659	0.07085701325915	0.104668991732785	0.137012824858825	0.154810317310001	0.152778799836417	0.12824135006641	0.0888258094402832	0.0491092809224344	0.0193711946746255	0.00531463790372489	0.000713564480774775	
1.81179770191579e-06	3.62359540383159e-06	1.50983141826316e-05	5.9185391595916e-05	0.000129241569403327	0.000373230326594654	0.000989845477813329	0.00272192408084483	0.00619815993825393	0.0130546063748706	0.0249919375002265	0.0450974565983861	0.0735022170364546	0.107140053170223	0.137389827601409	0.154580768129754	0.151871526632822	0.12554731388912	0.0860905874693655	0.04660487228638	0.0181964882529076	0.00485320211086511	0.000587022455420718	
3.01997471677167e-06	2.41597977341734e-06	1.75158533572757e-05	5.91915044487248e-05	0.000139522831914851	0.000415548521027782	0.00117295817999412	0.00289071979889384	0.00655394913033788	0.0139208754544307	0.0266476529058499	0.0476787568334478	0.0764875036466195	0.10977064500016	0.138618047489706	0.154800280012056	0.149878929213605	0.122210524853486	0.0828433424355371	0.0438445969330345	0.017151644406433	0.00438560728369582	0.000506751757474286	
1.20632354803882e-06	2.71422798308734e-05	5.54908832097857e-05	0.000170091620273474	0.000454180815836616	0.00129378200527163	0.00318891629924062	0.00704613584409474	0.015041045158722	0.028527742425796	0.0504056262930281	0.0792506318119583	0.111501691868776	0.140134987605026	0.154592775328271	0.147736635442992	0.119134100957218	0.0791553322516632	0.0415952422599265	0.0160712454687472	0.00413588028445109	0.00048011677211945	
3.01878043685375e-06	4.83004869896601e-06	2.95840482811668e-05	7.42619987466024e-05	0.000153354046192171	0.000549418039507383	0.00140675168357385	0.00348548389239135	0.00782226386797545	0.0162525101159332	0.0305560955818337	0.0527670745240289	0.0818705329596486	0.113718062812368	0.141004215425002	0.154154023007937	0.145276393499237	0.11573158936375	0.0764669159776803	0.0395025532844935	0.0148427396519225	0.0038580013982991	0.000470325992061815	
3.61412254525785e-06	1.08423676357735e-05	2.4696504059262e-05	7.46918659353289e-05	0.00018432024980815	0.000596330219967545	0.0016034657025794	0.00376952981470394	0.00853294332935378	0.0171050396529479	0.0325770982691967	0.0551177782302124	0.0843975920306188	0.116294030553792	0.141880813466702	0.153333365458867	0.142747600523807	0.112863023550827	0.0730251530882075	0.0378019147621245	0.0139631624536037	0.0036315908042266	0.000461402978277919	
8.42064236268789e-06	2.34575037246306e-05	8.30034747179235e-05	0.000239386832882127	0.00069229709710384	0.00184111330515626	0.0042548302909753	0.00914722350369696	0.0183377531681163	0.0342834424307748	0.0576380940236897	0.0872571020599899	0.118032143997796	0.142778006003918	0.151646746835192	0.140225348419115	0.110070426643875	0.0700356854793842	0.0359411060273154	0.0135861049777424	0.00342058522261472	0.000457722059857535	
1.79867653380643e-06	1.07920592028386e-05	1.97854418718707e-05	0.000104323238960773	0.000286589127719824	0.000796813704476246	0.00196235609838281	0.00451227986447572	0.00993409049621289	0.0197614595180866	0.0362996906875921	0.0598677493100577	0.0895519077063097	0.119796653622265	0.143212424298201	0.151225528256309	0.137907527641162	0.106364736826643	0.0675984610523577	0.0343127526765806	0.0128065769207017	0.00324900937889901	0.000416693396998488	
4.18949442378292e-06	1.07729856611561e-05	2.33414689325049e-05	0.000117305843865922	0.00034832653637738	0.00086842234412986	0.00215220313541763	0.00499028635792886	0.010790940637258	0.0211276203791373	0.0380765193201528	0.0617711027826622	0.09203601050007	0.121905310244032	0.144058758257793	0.150085645236006	0.135312889398544	0.103689388489424	0.0647456438235481	0.0323147674890445	0.0122075882517	0.00303199696441204	0.000330970059478851	
2.98798054944182e-06	1.67326910768742e-05	3.58557665933018e-05	0.000121909606417226	0.000341227378746255	0.000989021561865241	0.00248002385603671	0.00550386017207182	0.0113764371439448	0.0223895358530774	0.0395608624746096	0.0644035303587788	0.0940060512582087	0.123564947641617	0.144967852317269	0.149376916416025	0.133211344047435	0.100026832065334	0.0623352502224552	0.0307092688949432	0.011487590020384	0.00278061469931055	0.000311347573251837	
5.9710689765946e-06	1.91074207251027e-05	4.23945897338217e-05	0.000114644524350616	0.000408421117999071	0.00111718700552085	0.00260517739448823	0.00596748633520865	0.012373846240197	0.0239320444581912	0.0417198589394665	0.0665887641200854	0.0959646321642378	0.125180475559818	0.14509160216917	0.148745896382846	0.130510848835224	0.096753410376046	0.0596874025969373	0.0294039320683425	0.0108488352235747	0.00260756582207886	0.000310495586782919	
5.97151468067027e-07	1.67202411058767e-05	1.25401808294076e-05	3.58290880840216e-05	0.000137344837655416	0.000505190141984705	0.0011626539083265	0.00284482959387132	0.00627606192938445	0.0131833129605157	0.0253353453356797	0.0431441935678427	0.0688879905076803	0.0979818071833739	0.126554907778913	0.146204176835659	0.147002568348464	0.12781012016479	0.0939743236811761	0.0580246110006049	0.0279508687658133	0.0101306746557571	0.00251042477175378	0.000312907369267122	
4.18448309976943e-06	2.09224154988472e-05	8.36896619953887e-06	4.06492643977602e-05	0.000205637455188669	0.00057984980096805	0.00133724124202632	0.00306662832883103	0.00694624194561726	0.0141339883444212	0.0263640368784473	0.0458027542267763	0.0710955634316826	0.100629645149855	0.12776362691866	0.146254857736541	0.144805233234121	0.125471127963287	0.0912097759089743	0.0556649831096329	0.0264363686577434	0.00954958821697382	0.00235705955177013	0.000251666769286133	
