# <P(N_2)> as a function of N_tot.
# number_of_species: 2
# species_total_upper_bound: 100
# species_total_lower_bound: 0
# volume: 512
# Bin widths for each species index 
1	1	1	1	1	1	1	1	1	1	1	1	1	1	1	1	1	1	1	1	1	1	1	1	1	1	1	1	1	1	1	1	1	1	1	1	1	1	1	1	1	1	1	1	1	1	1	1	1	1	1	1	1	1	1	1	1	1	1	1	1	1	1	1	1	1	1	1	1	1	1	1	1	1	1	1	1	1	1	1	1	1	1	1	1	1	1	1	1	1	1	1	1	1	1	1	1	1	1	1	1	
# Bin lower bound for each species index 
0	0	0	0	0	0	1	2	3	3	4	4	4	5	7	7	8	9	10	11	11	12	13	13	13	15	15	16	17	18	19	20	20	21	22	24	24	25	26	26	27	28	29	30	30	30	31	31	32	34	35	36	37	37	38	39	39	40	41	42	43	44	44	44	45	46	49	51	51	52	52	53	54	55	56	57	58	59	59	60	61	62	62	63	64	64	65	67	68	69	70	71	72	72	73	74	76	76	76	76	77	
# Bin upper bound for each species index 
0	1	2	3	4	5	6	7	8	9	10	11	12	13	14	15	16	17	18	19	20	21	22	23	24	25	26	27	28	29	30	31	32	33	34	35	36	37	38	39	40	41	42	43	44	45	46	47	48	49	50	51	52	53	54	55	56	57	58	59	60	61	62	63	64	65	66	67	68	69	70	71	72	73	74	75	76	77	78	79	80	81	82	83	84	85	86	87	88	89	90	91	92	93	94	95	96	97	98	99	100	
# Normalized histogram for each species index 
1	
0.0788612802157967	0.921138719784203	
0.00641877507838002	0.14527881352652	0.8483024113951	
0.000415022188345789	0.0169610040630188	0.201847736917919	0.780776236830716	
9.92418572869554e-05	0.00179448800963134	0.0315914489311164	0.248672436794325	0.71784238440764	
3.26584465356736e-06	0.000212279902481879	0.00392881111824154	0.0494448880550099	0.287379633212987	0.659031121866626	
1.30340073544386e-05	0.000477370519356316	0.0081592886038786	0.0675243043505887	0.315773266925066	0.608052735593756	
4.71992916851124e-05	0.00110185932658004	0.0121969479961459	0.08684181401526	0.339579372932997	0.560232806437332	
0.000118915361584148	0.00199061057336752	0.0178910604969685	0.106439022483148	0.356011415874712	0.51754897521022	
2.44796044095927e-05	0.000252955912232458	0.00319540436226551	0.0250752747835595	0.127233559905672	0.369770952501408	0.474447372930453	
6.21790823021969e-05	0.000536703657766331	0.00508232183238483	0.0333279881139775	0.146992986854033	0.378628067637751	0.435369752821785	
9.85663524042797e-06	0.000121565167965278	0.00082795736019595	0.00717727322757164	0.0433921938734441	0.16535655556596	0.380679680710729	0.402434917458894	
8.19065217248858e-06	2.78482173864612e-05	9.66496956353653e-05	0.00126791295630123	0.00998440499826358	0.0524218120343614	0.180892191359845	0.383738606802828	0.371562383283207	
1.63905138262179e-06	2.13076679740833e-05	0.000162266086879558	0.0018799919358672	0.0132009198356359	0.0628707329346068	0.196876295874999	0.383651118078901	0.341335728533754	
1.47710487444609e-05	0.000257672739208928	0.00281142294436238	0.0171459051370425	0.0733366157886099	0.21231905465288	0.379492860659774	0.314621697029378	
3.27426558222991e-06	7.0396710017943e-05	0.000523882493156785	0.00376540541956439	0.0211190130053829	0.0846315796366875	0.225336594501853	0.37422236192422	0.290327492043535	
1.63101006822515e-06	0.000148421916208489	0.000848125235477079	0.00523228029886628	0.0264892345180447	0.0958952369612978	0.237930117742617	0.367657396549109	0.265797555768312	
1.6313879032587e-06	0.000141930747583507	0.00127085117663853	0.00722378563562951	0.0317924874587055	0.108864146172356	0.248316815530813	0.358495860353195	0.243892491537175	
4.90602508941231e-06	0.000246936596167086	0.00176126300709902	0.00939830872961751	0.0383307740235784	0.120210697424173	0.255782159403297	0.349153628904992	0.225111325885987	
4.90030332877605e-05	0.000354455274114801	0.00221820397349263	0.0114160733216053	0.0445992940296338	0.130192892273365	0.263977706886723	0.339829502112847	0.20736286909493	
6.57787629974724e-06	9.20902681964614e-05	0.000499918598780791	0.00291235473171309	0.0142822139158262	0.0513140130143283	0.141039534681031	0.27170904737551	0.329022083575207	0.189122165963108	
1.48275555291955e-05	7.90802961557091e-05	0.000593102221167818	0.00385351693142091	0.0172197344879057	0.0594420226103747	0.150404133263479	0.275561881979248	0.31976447251795	0.173067228136769	
3.44481407846302e-05	0.000175521479235973	0.000921897862902961	0.00497857653720727	0.0207344999770346	0.0656975256392591	0.159929594561787	0.279189057958177	0.307185554090143	0.161153323753469	
6.55179191508878e-06	7.04317630872044e-05	0.000222760925113018	0.00134966913450829	0.00623403000720697	0.0239549891895433	0.0731900674834567	0.170723317827426	0.280215226364411	0.294114852912272	0.149918102601061	
1.63320235050482e-06	1.46988211545434e-05	6.36948916696881e-05	0.000396868171172672	0.0016936308374735	0.00787856813883527	0.0275684556765214	0.0810917631072655	0.179005510424731	0.280482905270997	0.284587142777816	0.137215128680013	
1.303239364345e-05	8.14524602715625e-05	0.000519666696532569	0.00225949124793314	0.00945337253911754	0.03248649925471	0.089473898559106	0.187562209316532	0.280963745509933	0.271753101302425	0.125433530719795	
6.50669946043195e-06	1.30133989208639e-05	9.92271667715872e-05	0.000658803320368735	0.00288897456043178	0.0111264560773386	0.0369417861866024	0.0974085442723965	0.194584474039082	0.281348057994212	0.260721820704643	0.114202335579771	
9.82570831074785e-06	1.63761805179131e-05	0.000114633263625392	0.000736928123306089	0.00341934649214025	0.01368557405882	0.0414890533421328	0.105223510299799	0.202599554895414	0.279592167600382	0.247512867583842	0.105600162451711	
6.57631900408225e-06	1.31526380081645e-05	0.000170984294106139	0.00099466824936744	0.00428282775140857	0.0160347098117035	0.046693509008735	0.113208043495774	0.208222700466754	0.276221838968965	0.23606847920979	0.0980825097863847	
6.58586903011553e-06	1.48182053177599e-05	0.000260141826689564	0.00125131511572195	0.00514685664703529	0.0184651302931864	0.0522391131468764	0.119597735119641	0.213569853843102	0.27203755262521	0.226089590869351	0.0913213064388395	
3.28226134677748e-06	1.64113067338874e-05	0.000346278572085024	0.00152461039557814	0.00628717160975226	0.0211574566413276	0.0579614531227434	0.1265787677078	0.217000144419499	0.267917864692058	0.216776950647918	0.084429608623157	
3.27950571289895e-06	6.5590114257979e-05	0.000487006598365494	0.00196278416917002	0.00747891277826606	0.0234107515315292	0.0633272553160788	0.134053075520458	0.221307604517847	0.263728010914195	0.206997481339612	0.0771782476945075	
1.64586025000617e-06	6.58344100002469e-06	0.000126731239250475	0.000533258721002	0.00226141198350848	0.00833134458553124	0.0264539117983492	0.0678917353127546	0.14142712542278	0.22406576857559	0.26142844211098	0.195998913732235	0.071473127216768	
1.65098778599236e-06	1.48588900739312e-05	0.000110616181661488	0.000637281285393051	0.00262672156751384	0.0100000330197557	0.0295857011249831	0.0734821643789479	0.147061737037269	0.228813699236253	0.256188727715792	0.185883063837094	0.0655937447374764	
4.96905109343969e-06	6.62540145791959e-06	0.000187167591186228	0.000846395036249228	0.00324147766328716	0.011496727879855	0.0336189433478485	0.080132574283173	0.153884886962369	0.231826109713335	0.250201660656875	0.175409159948786	0.0591433024644837	
2.32766546791895e-05	0.000217802983069559	0.0011339056065148	0.00402519864130841	0.0134987970957385	0.0367388741747179	0.0862566317683108	0.160924814742768	0.231931912459827	0.24487872031603	0.165756383206891	0.0546136823501441	
3.31203145105066e-06	5.13364874912852e-05	0.000286490720515882	0.00147551001144307	0.00452920300931178	0.0152684649893435	0.0412215434397765	0.0922616041161927	0.166204362276624	0.231881945950959	0.237615072392727	0.157912691538919	0.051288463035245	
1.65703103122012e-05	9.11367067171067e-05	0.00041094369574259	0.00159406385203376	0.0051798790035941	0.0175297312792777	0.0455683533585533	0.0974367386978056	0.170669225122579	0.233503841826446	0.230701802352653	0.150607550427597	0.0466901633666894	
1.32122431250919e-05	0.00015028926554792	0.000437655553518668	0.00206936757946751	0.00633527057848155	0.0195689835986517	0.0493559857241713	0.103579031509548	0.177105164500685	0.232266279547943	0.224773286165625	0.140933345884964	0.0434121278482706	
1.81631746587387e-05	2.64191631399836e-05	0.00012879342030742	0.000538290448977166	0.00215976658669366	0.00764174293824025	0.0223885895634398	0.0547966467477185	0.109111143768132	0.181308111838922	0.232366447002333	0.216300293417831	0.133671058302139	0.0395445336274667	
1.32105849812162e-05	4.78883705569087e-05	0.000123849234198902	0.000728233497089543	0.00259257730256368	0.00876852578128225	0.0246443462824588	0.0588515047681955	0.115278867192338	0.184811129917847	0.229395202906329	0.212127317012756	0.126430252239607	0.0361870949097965	
1.1590209915259e-05	5.29838167554698e-05	0.000162262938813626	0.000928872537494329	0.00326181621900861	0.00975067802728004	0.0268478933965607	0.063295792091503	0.120826282622302	0.187794515512668	0.229274221055106	0.206153408018438	0.118937078406114	0.0327026051480401	
6.63448939311008e-06	4.81000481000481e-05	0.000272014065117513	0.00117928048962532	0.00358760013932428	0.0115373770546184	0.0294903053523743	0.068419830488796	0.124934069761656	0.191149591149591	0.229236536133088	0.199266888922061	0.110966810966811	0.0299049609394437	
1.32582914039868e-05	0.000102751758380897	0.000316541707270184	0.00125456582410225	0.00438683716829412	0.0125025687939595	0.0321961033881564	0.0720306399114346	0.129859992442774	0.195132218311026	0.227154306624505	0.191628714807523	0.105378557365312	0.0280429436058575	
3.31349653408263e-06	4.14187066760328e-05	0.000130883113096264	0.00040424657715808	0.00147119246113269	0.00494373682885128	0.0139199989396811	0.0353897997322695	0.0757216795451232	0.135326511948469	0.198947302151122	0.223233574997681	0.184127688902437	0.0999035772508582	0.0264350753489112	
3.31015124081019e-06	8.27537810202548e-06	4.46870417509376e-05	0.000107579915326331	0.000491557459260314	0.00165176546916429	0.00567856445360989	0.0157943866455258	0.0385500213504755	0.0794816965187139	0.141500690166534	0.200912939712215	0.218941678445288	0.177412520978083	0.0953240803572315	0.0240962459574778	
4.95739941436588e-06	9.91479882873177e-06	4.95739941436588e-05	0.000114020186530415	0.000527136804394239	0.00199948443046091	0.00614387034087078	0.017555803792741	0.0413893277105408	0.0854820905683824	0.146649789475772	0.201348082147413	0.216762289393148	0.170944351539107	0.0887853710448215	0.022233936373431	
1.15620875844652e-05	1.65172679778074e-06	1.32138143822459e-05	4.62483503378607e-05	0.000123879509833555	0.000644173451134489	0.00245611774829996	0.00713380803961502	0.0201295944845539	0.0458073392828533	0.0903015557614708	0.151192464161658	0.201991321827404	0.211881861892516	0.164295612848452	0.0835245207101765	0.02044507430293	
1.65474697264041e-06	3.30949394528083e-06	2.15117106443254e-05	7.28088667961782e-05	0.000193605395798928	0.000835647221183409	0.0026492499031973	0.00833826999513504	0.0221107290484212	0.0497565867203246	0.0959389199797459	0.15456329572645	0.202779313015247	0.207799815330238	0.157611339650054	0.0782993172513991	0.0190246259444468	
8.30763504891536e-06	1.66152700978307e-05	6.47995533815398e-05	0.00029242875372182	0.000942085814547001	0.00303394831986389	0.00918325978307103	0.0242732480859209	0.0531190185027648	0.100515737983837	0.158815397703105	0.203457305401957	0.20404382443641	0.151145789025946	0.0731503881327095	0.017937845597618	
1.66226443635106e-06	3.98943464724255e-05	0.00012466983272633	0.000300869862979543	0.00114696246108223	0.00342592700331954	0.00993203000719761	0.0260992139151481	0.0572201286925127	0.104642870797172	0.162248644838918	0.203235099046026	0.20084642505099	0.144932836205449	0.069068749594823	0.0167340160807462	
9.97033824372492e-06	5.15134142592454e-05	0.000109673720680974	0.000357270453733476	0.00126457123391244	0.00374884717964057	0.0115273727327866	0.0289704794901834	0.0607791819337471	0.109357993303256	0.164904409382088	0.204307186121289	0.195134474937062	0.139127761575978	0.0654569322930947	0.0148923618900438	
9.97378556693491e-06	5.65181182126311e-05	0.000126334617181175	0.000435521969756158	0.00147944485909534	0.00480570234566814	0.013250174125673	0.0312811161330968	0.064350864477864	0.113551548679554	0.169020757110062	0.204135131496051	0.190510940411618	0.132709528456041	0.0604743864875153	0.0138020569270434	
3.33450596793206e-06	1.00035179037962e-05	7.33591312945052e-05	0.000141716503637112	0.000466830835510488	0.00176728816300399	0.005398565162082	0.014380056986707	0.0337852144670876	0.0683340308008316	0.118616713544263	0.172615703188955	0.20259124458768	0.185958728819635	0.126432795533096	0.0566499218891977	0.0127744923631477	
8.35973616672658e-06	2.00633668001438e-05	4.68145225336688e-05	0.000200633668001438	0.000598557109537623	0.00206485483318146	0.00597386746474281	0.0155424214811781	0.0365236873124284	0.0728484129040887	0.122899825281514	0.174280435709449	0.201280711580743	0.180143954656791	0.122139089290342	0.0540256309510872	0.0114026801314151	
6.70309800432015e-06	2.84881665183606e-05	8.88160485572419e-05	0.000212823361637165	0.000695446417948215	0.00238630288953797	0.00667293406330071	0.0174297305857335	0.0398130505966595	0.0770370295891504	0.126762286359698	0.176085357249987	0.199871300518317	0.176206013014065	0.116144579120855	0.0497369871920555	0.0108221517279749	
1.67581943380765e-06	1.00549166028459e-05	2.3461472073307e-05	0.000129038096403189	0.000271482748276839	0.000936783063498474	0.00298798605047903	0.00781267020041125	0.0193490111827431	0.0423261714396797	0.0813459511364569	0.131548473915033	0.177053674820645	0.198239384102842	0.171531849786249	0.109891859371936	0.0471307457564062	0.00940972612082993	
5.03434260715179e-06	1.84592562262232e-05	3.52403982500625e-05	0.000142639707202634	0.000317163584250563	0.0012115984541212	0.00348879942675619	0.00882688070453947	0.0209462214741562	0.0456463844190453	0.0856056398062114	0.134114887054524	0.179611919309557	0.195241874990561	0.166878388741867	0.10564567961108	0.0435437073234582	0.0087194813955869	
1.68281325989536e-06	2.18765723786397e-05	3.7021891717698e-05	0.000112748488412989	0.000402192369114992	0.00138663812615378	0.00363824226789377	0.010100245185892	0.023752909163423	0.0491196362430857	0.0886808931699658	0.138009198257279	0.179837204645238	0.194127654848269	0.162058282554443	0.10019806712069	0.0400526383987695	0.00846286788401378	
3.37224340178425e-06	6.74448680356851e-06	4.0466920821411e-05	0.000151750953080291	0.000424902668624816	0.00145175078446812	0.00417315120970801	0.0111149142522809	0.0256762612611853	0.0521568025736962	0.094002970946437	0.140276894905721	0.18091074177552	0.190122024627494	0.1581936240994	0.0948426595534813	0.0386762595750636	0.0077747071628136	
6.75725898546514e-06	2.3650406449128e-05	5.23687571373548e-05	0.000160484900904797	0.000528755515612647	0.00160147037955524	0.00447668407787065	0.0122999006682929	0.0275577914574732	0.0564264911581266	0.0972048598206623	0.14353769536925	0.182001702829264	0.187998770178865	0.151509571657353	0.0916554608788491	0.0360026758745582	0.00695490881078999	
8.47477736759855e-06	1.1864688314638e-05	7.96629072554264e-05	0.00017458041377253	0.000623743614255253	0.00185936615445112	0.00514927472855288	0.0131935334058774	0.0302074964490683	0.0587454617567197	0.100307464922896	0.146984843708156	0.182611112806067	0.184516242758303	0.148018766547003	0.0875630947175018	0.0335499486428492	0.00639506700158987	
8.49902176259512e-06	6.7992174100761e-06	6.7992174100761e-06	7.30915871583181e-05	0.000214175348417397	0.000795508436978904	0.00219614722345458	0.00575213792892438	0.0146574129317716	0.032563151981207	0.0617249954530234	0.103252915589416	0.149608280086962	0.180736797194643	0.183436086506443	0.144396679942139	0.0833244093604826	0.0314735773912423	0.00577253558115461	
5.09911836243513e-06	1.52973550873054e-05	1.69970612081171e-06	1.35976489664937e-05	9.00844244030207e-05	0.000329742987437472	0.00100792572964134	0.00244927652008968	0.00653197062227941	0.0163086802291884	0.0350445407988959	0.0641112151708969	0.106085457824342	0.151685173633479	0.182140507906183	0.181688386078047	0.139156639816976	0.0792793925930207	0.0290564761352762	0.00499883570130724	
3.40116966224685e-06	3.40116966224685e-06	1.02035089867405e-05	2.21076028046045e-05	0.000139447956152121	0.000479564922376805	0.000981237447558215	0.002700528711824	0.00765433232488653	0.0177643091459153	0.0361153200585681	0.0682563733668008	0.109803361375977	0.154459018456447	0.182969323150231	0.177476434145703	0.134475446105916	0.0748257325694306	0.0269746765912797	0.00488578021981759	
3.40368755509719e-06	0	3.40368755509719e-06	2.55276566632289e-05	0.000154867783756922	0.000403336975279017	0.00114023533095756	0.00324031055245253	0.00823011650822501	0.0186879465212611	0.0380021715526602	0.0713515022175024	0.114719587200773	0.156122042620976	0.182994155868468	0.174159884819213	0.129574981534995	0.0713276764046168	0.0252706782528191	0.00458817082427102	
3.41576134758617e-06	3.75733748234478e-05	0.000157125021988964	0.000508948440790339	0.00131165235747309	0.00364803311922203	0.00883486672553162	0.0200334403035929	0.0406953806951416	0.0750869738233129	0.117353604738344	0.158557933874276	0.183183865309699	0.170181769740112	0.125366980859781	0.0671350814061323	0.0236848891841625	0.00421846526426892	
4.271058453706e-05	0.000184509725200099	0.000604781877044769	0.00147949464836376	0.00416684462743557	0.0101377843457166	0.0223068840920157	0.0436262994695345	0.0784200500568051	0.121627785797876	0.160774599161164	0.18065039678133	0.166668659827278	0.119555468236138	0.0633517558321303	0.0223393441362638	0.00406263080116514	
6.84638425331622e-06	5.47710740265297e-05	0.000179717586649551	0.000729139922978177	0.00171501925545571	0.00468635002139495	0.0115070603337612	0.0239024390243902	0.0467539580658964	0.0824510055626872	0.124349165596919	0.161862216516902	0.178671801454857	0.161624304664099	0.115731279418057	0.0613145057766367	0.0207941805733847	0.00366623876765083	
1.87558718667037e-05	8.01387252486432e-05	0.000228480620921664	0.000733184082062055	0.0019352649607917	0.00520560698264059	0.0121589202074058	0.0256358666832628	0.0500526016951898	0.0850340078058529	0.127522877900979	0.162838479546722	0.176890037733404	0.159257813099442	0.111490017613469	0.0579743999399812	0.0196254622896145	0.00331808424114595	
3.39192890517015e-06	2.88313956939463e-05	8.14062937240835e-05	0.000252698703435176	0.000763184003663283	0.0021589627481408	0.00575101545871599	0.0132420904457843	0.027790073520059	0.05287847566715	0.0876728823763854	0.129639522755603	0.164533991367541	0.175740924470223	0.155360519643508	0.107987144589449	0.0549000652946314	0.0180772851001043	0.00313753423728239	
1.35469919751006e-05	3.38674799377516e-05	6.4348211881728e-05	0.000281100083483338	0.000789112282549612	0.00239273745760215	0.00653473025398917	0.0140973385240891	0.0295121220177567	0.0553208351043203	0.0918248983552258	0.13151250472028	0.165632297383568	0.175570709371301	0.151990476464642	0.103219611980282	0.0517478159708875	0.0166915874873209	0.00277035985890808	
8.45986470984356e-06	3.38394588393742e-05	9.9826403576154e-05	0.000338394588393742	0.00103210349460091	0.00281036705661003	0.00674928006551319	0.0152142206941827	0.0318869220643423	0.0584322855508895	0.0951176428786551	0.13507696784913	0.165508793183379	0.174031260892076	0.148023944801075	0.0991834538582059	0.0486543739192523	0.0153478865565982	0.0024499768199707	
6.74759279626993e-06	4.38593531757546e-05	0.000146760143318871	0.000421724549766871	0.00124324397271273	0.003174742410645	0.00764333573997476	0.016499551285079	0.0337345901849515	0.0617067361218885	0.0989753780338864	0.137838138744003	0.166599753038104	0.171176307852174	0.143801323877707	0.0949032057813375	0.0455850500334006	0.0142846539497034	0.0022148973353756	
1.68319281478651e-05	5.38621700731684e-05	0.000156536931775146	0.000483076337843729	0.00140041642190238	0.00354143768231082	0.0078621936378678	0.0176701581696288	0.0354379415225152	0.0651042148831275	0.102250597112651	0.14085125793415	0.167470952299999	0.168798991430865	0.139678072542244	0.090172005473743	0.0431570637711262	0.0137197046333249	0.00217468511670417	
2.51655895794327e-05	4.6975767214941e-05	0.000179514538999953	0.000657660741009174	0.00144450484185944	0.0035751914262514	0.00849086992410058	0.0193070403253407	0.0377886493124761	0.0676484602014589	0.105871635360673	0.14254964331971	0.16820008992504	0.166371390415601	0.134766765315778	0.0866434472160147	0.0414846355687088	0.0130324199902022	0.00191594021998081	
2.17870400630148e-05	9.55277910455265e-05	0.000293287077771353	0.000747463066777278	0.00157537058917184	0.00395853758683392	0.00985947359159355	0.0210060584730637	0.0402641259626101	0.071339148797104	0.107874339056621	0.145829038772552	0.166199921231471	0.163920661655647	0.13105407375751	0.0823885299613699	0.039821681456715	0.0119644368469125	0.00178653728516722	
4.86951382102354e-05	8.89945629359474e-05	0.000340865967471648	0.000641432510217583	0.00168585926769229	0.00448163185803856	0.0106524812691632	0.0224736458553721	0.0428382884834319	0.0733281615738269	0.111458133935138	0.146333927749848	0.166695212092514	0.162453697640133	0.126461273931981	0.0795678558355246	0.0376782829758439	0.0110537963737234	0.00171776297893348	
6.72938453049084e-06	3.70116149176996e-05	9.08466911616264e-05	0.000285998842545861	0.000731820567690879	0.00193301570638349	0.00511937928157091	0.0117326819289108	0.0238102448150092	0.044385338016985	0.0769606061829585	0.11351125826032	0.149225784309767	0.167311005235461	0.157997537045262	0.123667581862963	0.076240562038196	0.0350062583276134	0.0103632521769559	0.00158308771079797	
5.05284433028759e-06	3.03170659817255e-05	7.91612278411723e-05	0.000333487725798981	0.000867404943366036	0.00224177860120426	0.00549917891279633	0.012761800496863	0.0253450671607226	0.0476078992799697	0.0788866899658933	0.11695987199461	0.150706134995158	0.166034780411807	0.15543222872542	0.119693460777296	0.0733100341066992	0.0330253905427597	0.00972672533580361	0.0014535348856794	
1.3505300830576e-05	2.3634276453508e-05	0.000106354244040786	0.000378148423256128	0.00105510162738875	0.00226551421432912	0.00595583766628402	0.0131018299682625	0.0274951043284489	0.0497856033493146	0.0823485718144372	0.118958066040921	0.151340401107435	0.164862583564049	0.154198460395705	0.117016679046526	0.0695674927409008	0.0311010196502127	0.00907725032075089	0.00134884192045378	
6.75436078418129e-06	4.05261647050877e-05	0.000109758362742946	0.000477871025480826	0.00109251785684132	0.00253457388426403	0.00630688438222928	0.0143749683389338	0.0291906587190355	0.0530251093362152	0.0853041995238176	0.122024281927019	0.151502000979382	0.164899275594806	0.151420948649972	0.112813022407592	0.0656523868222421	0.029621249219027	0.00845477111159893	0.00114824133331082	
1.68673601400666e-06	3.37347202801331e-06	5.56622884622196e-05	0.000165300129372652	0.000426744211543684	0.00120095604197274	0.00272745213464876	0.00729344652456478	0.0160357992851613	0.0314761807573782	0.056512403413279	0.0881437638839458	0.122925947228777	0.152388165185431	0.163925439521237	0.147670364554255	0.108775918807275	0.063368985310216	0.0280537933849587	0.00776235913645863	0.00108625799302029	
1.68451125590421e-06	2.02141350708505e-05	5.72733827007432e-05	0.000154975035543187	0.000478401196676796	0.00129033562202263	0.00329827303906045	0.00788519718888762	0.0172527642829709	0.0337255998544582	0.0583986362196872	0.0910579404491581	0.125944168558934	0.153762187438936	0.161950596653887	0.143722500353747	0.104966949889159	0.0613347393387283	0.0263979758912749	0.00732257042941561	0.000977016528424443	
5.04731861198738e-06	8.41219768664564e-06	4.71083070452156e-05	0.000176656151419558	0.000560252365930599	0.00148222923238696	0.00390998948475289	0.00869148264984227	0.0190889589905363	0.0355432176656151	0.0607209253417455	0.0936395373291272	0.12869316508938	0.154230914826498	0.160361724500526	0.140376025236593	0.101439327024185	0.0579566771819138	0.0252248159831756	0.00694342797055731	0.000900105152471083	
3.37581230483585e-06	6.7516246096717e-06	1.68790615241793e-05	4.89492784201198e-05	0.00026837707823445	0.000646468056376065	0.00152924297409064	0.00425521141024559	0.00970714828255549	0.0202700649843869	0.0378158494387712	0.0636323740400034	0.0966427546628408	0.12961937716263	0.154932905730441	0.158020086083214	0.138096041860073	0.0972706557515402	0.0560536754156469	0.023630686133851	0.0064967507806566	0.00103637437758461	
3.37124296042329e-06	1.01137288812699e-05	2.69699436833863e-05	8.25954525303707e-05	0.000298355001997461	0.000827640146783918	0.00172101953129609	0.00483267678376679	0.0105149067935603	0.0215135869519412	0.0397334695315489	0.0662971784382043	0.0981958793297295	0.132395453541744	0.1559435856203	0.156461071414725	0.134424941803918	0.0937862935374958	0.0538438069424006	0.0219434204293952	0.00614746153833188	0.000996202294805083	
8.41732419997542e-06	1.17842538799656e-05	0.000129626792679621	0.000318174854759071	0.000885502505837414	0.002055510569634	0.00522715832818474	0.0114492443768066	0.0224389028522945	0.0414873075168389	0.0685456378900798	0.102209884295462	0.135412861334685	0.154912434576348	0.15412120610155	0.13027661010786	0.0921915850326508	0.0512429862646104	0.0204389466223803	0.00571367966694332	0.000922538732317306	
6.72567323989131e-06	4.70797126792392e-05	0.000151327647897555	0.000300973877485136	0.000894514540905545	0.00236743698044174	0.00568319388770816	0.0123584245783003	0.0240610960157112	0.0434159021818084	0.0712501008850986	0.105458556401496	0.137259220898012	0.154616502111861	0.151352869172204	0.12807363267063	0.0881332221355358	0.0488149363751312	0.0192925936886282	0.00563275133840897	0.000828939226816604	
1.17614443053607e-05	4.70457772214428e-05	0.000110893617736258	0.000356203741819495	0.000947636369746205	0.00280090395100518	0.00654944427175657	0.0135844681726916	0.0254904102223753	0.0460494148681458	0.0743625717238077	0.107523123839608	0.136693185923231	0.154683155091445	0.149874404576882	0.125207295455882	0.0856014718607445	0.0461334251846127	0.0183932186872548	0.0049263649576168	0.000653600262112187	
5.05447034205286e-06	5.72839972099324e-05	0.000116252817867216	0.000411096921153632	0.00116589782556686	0.00299393126594264	0.00666179191082566	0.0146107889354275	0.0271138637382189	0.0478018108482412	0.0768717546088345	0.110121745342306	0.138324005027513	0.154424177890399	0.149699932944027	0.121553272432582	0.082173893997648	0.0439823160930966	0.0171009579906122	0.00431483284866579	0.00049533809352118	
1.17675538281534e-05	6.21999273773821e-05	0.000156340358002609	0.000398415751038907	0.00135999300671087	0.00321254219508587	0.00708742956278494	0.0151011337197574	0.0283497182511398	0.050892989227645	0.079642804308942	0.111423605040548	0.140373468536923	0.155476283335799	0.147198649757252	0.118783369420498	0.0785215245370308	0.0414470056618745	0.0158525760856409	0.0041018330486706	0.000546350713449978	
8.42633195029138e-06	0.000102801249793555	0.000112912848133905	0.000532544179258415	0.00151168395188227	0.00334693905065574	0.00757695768970201	0.0162409122009916	0.0309920489131717	0.0532712705897421	0.0818483327659603	0.114402623622716	0.140805692155759	0.154515334238883	0.145042451860366	0.115076730178739	0.0763830138630013	0.0390863833846216	0.0148016947038818	0.00383903683655275	0.000502209384237366	
3.35871401557772e-06	2.51903551168329e-05	6.88536373193432e-05	0.000156180201724364	0.000665025375084388	0.0015517258751969	0.00375168355540031	0.0087259390124709	0.0170404355580335	0.0332764591093362	0.0556505325241072	0.0846882945457843	0.11559518091713	0.141529491188414	0.154363137441936	0.142607638387414	0.112629436441375	0.072067926632251	0.0375000419839252	0.0140293484430681	0.00359886206769152	0.000475258033204247	
8.36741661032606e-06	2.17552831868478e-05	8.20006827811954e-05	0.000229267215122934	0.000644291078995107	0.00181405592111869	0.00439624068706531	0.00907864702220378	0.018630889824552	0.0348134735489226	0.0579477069931521	0.0877022404594716	0.118022411288649	0.142485390490598	0.151880325860672	0.140413618137882	0.110068345058873	0.0687968993701009	0.0355849493603947	0.0136807261578831	0.00319300617850042	0.000505391963263694	
1.66987282248584e-06	8.3493641124292e-06	8.85032595917495e-05	0.000237121940792989	0.000789849845035802	0.00192870310997114	0.0046338970823982	0.00996747087741798	0.0200084161590253	0.0367338623490435	0.0594157448968687	0.0901130169926258	0.119432644009832	0.142967831569948	0.15120531420327	0.138402399273271	0.105938401731324	0.0672791760179545	0.0343609730682911	0.0128780592070108	0.00317442823554558	0.000434166933846318	
1.83431163287086e-05	8.8380469583778e-05	0.000330176093916756	0.000820437566702241	0.00212946905016009	0.00513106990394877	0.0107890875133404	0.0213280416221985	0.0379919290288154	0.0612810165421558	0.0925560298826041	0.121244663820704	0.143521544823906	0.150151747598719	0.135588980789755	0.104030482924226	0.0647595384204909	0.0324656483457844	0.0123499199573106	0.0030866462113127	0.000336846318036286	
1.16697786076287e-05	3.33422245932249e-05	0.000108362229927981	0.000356761803147506	0.000923579621232329	0.00244565217391304	0.00572485996265671	0.0114797279274473	0.0221992531341691	0.039242131234996	0.0649756601760469	0.0931615097359296	0.122677714057082	0.14414510536143	0.149816617764737	0.133225526807149	0.100390104027741	0.0629734595892238	0.0311599759935983	0.0117831421712457	0.00284575886903174	0.000320085356094959	
6.64553386896336e-06	1.16296842706859e-05	3.32276693448168e-05	0.000112974075772377	0.0004352824684171	0.00112475660732205	0.00257846714115778	0.00604245167035494	0.0122144912511547	0.0235949680017544	0.0415013590116762	0.0663257507791888	0.0943449829542056	0.123728210955827	0.145929278228566	0.148926414003469	0.130995102241539	0.0978222585511407	0.0605690570651993	0.0298168490865714	0.0109069824624361	0.00264492247984742	0.000333938076915409	
1.65493045154777e-06	1.32394436123822e-05	3.30986090309555e-06	3.14436785794077e-05	0.00013404936657537	0.000529577744495288	0.00117500062059892	0.00275545920182704	0.00616130607111236	0.0127545489900787	0.0248587103126991	0.0429636494526318	0.0677776766431391	0.0972834316637843	0.125326228165261	0.146309091360436	0.147004162150086	0.129063061124856	0.0951982192948341	0.0584471787573127	0.0288404729791231	0.0104095125402355	0.00261313518299393	0.000345880464373485	
8.27314619476641e-06	1.48916631505795e-05	1.65462923895328e-06	3.64018432569722e-05	0.000205174025630207	0.000676743358731892	0.00124262655845391	0.00288236413425662	0.00657218733712243	0.0135563773547442	0.0259412772083095	0.044908292174431	0.0697310400172081	0.0997840708843166	0.126435184036137	0.146863236620254	0.146019375708388	0.127151638496604	0.0914033737890182	0.0562557394951726	0.027341093544464	0.0103645975528034	0.00226849668660495	0.000335889735507516	
