# <P(N_2)> as a function of N_tot.
# number_of_species: 2
# species_total_upper_bound: 100
# species_total_lower_bound: 0
# volume: 512
# Bin widths for each species index 
1	1	1	1	1	1	1	1	1	1	1	1	1	1	1	1	1	1	1	1	1	1	1	1	1	1	1	1	1	1	1	1	1	1	1	1	1	1	1	1	1	1	1	1	1	1	1	1	1	1	1	1	1	1	1	1	1	1	1	1	1	1	1	1	1	1	1	1	1	1	1	1	1	1	1	1	1	1	1	1	1	1	1	1	1	1	1	1	1	1	1	1	1	1	1	1	1	1	1	1	1	
# Bin lower bound for each species index 
0	0	0	0	0	0	1	2	3	3	4	4	4	5	7	7	8	9	10	11	12	12	13	13	13	15	15	16	17	18	19	20	20	21	22	24	24	25	26	26	27	29	29	30	30	30	31	31	32	34	35	36	37	37	38	39	40	40	42	44	44	45	45	46	47	48	49	51	51	52	52	53	54	55	56	57	58	59	59	60	62	62	63	64	64	64	65	67	68	69	70	71	72	72	73	74	76	76	77	79	80	
# Bin upper bound for each species index 
0	1	2	3	4	5	6	7	8	9	10	11	12	13	14	15	16	17	18	19	20	21	22	23	24	25	26	27	28	29	30	31	32	33	34	35	36	37	38	39	40	41	42	43	44	45	46	47	48	49	50	51	52	53	54	55	56	57	58	59	60	61	62	63	64	65	66	67	68	69	70	71	72	73	74	75	76	77	78	79	80	81	82	83	84	85	86	87	88	89	90	91	92	93	94	95	96	97	98	99	100	
# Normalized histogram for each species index 
1	
0.0788160590885333	0.921183940911467	
0.00630767836098269	0.145054845435591	0.848637476203427	
0.000421204754530221	0.0167265491529609	0.201604572250232	0.781247673842277	
8.58657644062656e-05	0.0017922194655861	0.0314688891893176	0.248864562285564	0.717788463295126	
3.66650900677938e-06	0.000192491722855917	0.00399466156288613	0.049133053945347	0.287008825287179	0.659667300972725	
7.31813965571812e-06	0.00046836093796596	0.00816887339069535	0.0672207718075988	0.315309365206271	0.608825310517813	
3.83337592639918e-05	0.00109707568179329	0.0119948158154138	0.0867054872038261	0.339078529443978	0.561085758095725	
0.000129797242082825	0.00199449001566708	0.0178334098101121	0.106861520967739	0.355900381530767	0.517280400433632	
2.74758990572103e-05	0.000243619638307265	0.00312858903931435	0.0249902460558347	0.127664017379422	0.369662577642311	0.474283474345753	
6.06153004039183e-05	0.000516148467075789	0.00497229146040627	0.0334835245776675	0.146779031514446	0.378829096078925	0.435359292601076	
9.21548570217393e-06	0.000114272022706957	0.000792531770386958	0.00711988425349958	0.0434897201256992	0.165255775805664	0.380437366951425	0.402781233584916	
9.19756742736681e-06	2.57531887966271e-05	8.6457133817248e-05	0.00126926430497662	0.00992785428109974	0.0523157635268624	0.180470989032821	0.384217342197336	0.371677378766864	
1.84409300129824e-06	2.39732090168771e-05	0.000165968370116842	0.00192154490735277	0.0132332113773162	0.0627360439041662	0.196694647704473	0.383875619615248	0.341347146819308	
1.66429042977527e-05	0.000260738833998125	0.00278306344090197	0.0172679378147127	0.0729717384992908	0.212139704237099	0.379848401633963	0.314711772635737	
3.68793436951996e-06	7.92905889446791e-05	0.000540282385134674	0.0038520474489636	0.0212203743622178	0.0844112858167576	0.22563888853034	0.373938105397476	0.290316037535796	
1.83603138144837e-06	0.000163406792948905	0.00089047522000246	0.00531347481791159	0.0265655380581765	0.0957031357579964	0.238201203334967	0.367321946266706	0.26583898371991	
1.83819474570414e-06	0.000150731969147739	0.00130144187995853	0.00718182687146607	0.0319110607854238	0.10921266442652	0.248533120592928	0.357982912141644	0.243724403138166	
5.5412304486919e-06	0.000265979061537211	0.00175657005223533	0.00933143207559716	0.0384967750038789	0.1204478791864	0.256137836260334	0.349197260415666	0.224360726713903	
3.68664953603516e-05	0.00035760500499541	0.00220830307208506	0.0113604105452923	0.0447098422482664	0.130700942676286	0.264520790860058	0.33981692098404	0.206288318113615	
6.87493380553599e-05	0.00048124536638752	0.00292277591246165	0.0143091527666034	0.0513241679936528	0.14137279421465	0.272174913180735	0.328740753678554	0.1886054475489	
5.58634250983196e-06	6.70361101179836e-05	0.000586565963532356	0.00382292039089501	0.0169731706590394	0.059675172804195	0.150980216899059	0.275708348230247	0.319337683232034	0.172843299368371	
3.15358516256731e-05	0.000172519658893388	0.000931235148005172	0.00488805700197934	0.0205168540576438	0.0658542783947881	0.159931288944458	0.278945737929653	0.307571015955286	0.161157477057668	
7.41075597121662e-06	6.85494927337538e-05	0.000233438813093324	0.00134134683079021	0.00610090485330409	0.0237181244858788	0.0735072884784977	0.170097229118342	0.280726846945657	0.293953193665286	0.150245666560446	
1.84504908753097e-06	1.66054417877788e-05	5.90415708009912e-05	0.000404065750169283	0.00169375506235343	0.00777134675668046	0.0275299774350497	0.0809570638626841	0.178722524912775	0.281131974516182	0.284491808904576	0.137219990737854	
1.46935656875854e-05	6.61210455941343e-05	0.000492234450534111	0.00227566598586479	0.00935429125585906	0.0324140059068134	0.0890815786766975	0.187881114360022	0.280895058553859	0.271807088176088	0.125718148022981	
7.33352889410384e-06	1.46670577882077e-05	8.61689645057202e-05	0.000643517160457612	0.00283990906424171	0.0110974625990026	0.0366584775594016	0.097072088589029	0.194455852156057	0.281455338809035	0.261273467292461	0.114395717219126	
1.10715201750776e-05	1.84525336251294e-05	0.000101488934938212	0.000712267797929995	0.00338234941348622	0.013684398936396	0.0413761161476277	0.104937713472748	0.20256453312322	0.279851124958712	0.247658834796312	0.105701648364829	
7.40655702493417e-06	1.48131140498683e-05	0.000168499172317252	0.000994330280597413	0.00423099570049365	0.0159481689139395	0.0465187330343553	0.113322174120749	0.208057593387426	0.276142368839133	0.235926615832997	0.0986683010469168	
7.41471227209028e-06	1.48294245441806e-05	0.000278051710203386	0.00123640327137105	0.00504200434502139	0.0184570725233007	0.0521309883069987	0.119862531234475	0.213452883210867	0.271606471560871	0.226406385550209	0.0915049641498662	
3.69748644871217e-06	1.84874322435608e-05	0.000345714982954587	0.00153815436266426	0.00622102094995822	0.0211329837976144	0.0577011247753777	0.126688826935449	0.216742958137058	0.268542894540292	0.216513713977238	0.0845504226227011	
3.69399670126095e-06	6.46449422720666e-05	0.000487607564566445	0.00193380727311011	0.00733443045035361	0.0232647912245414	0.0633372674398202	0.133975719359683	0.221366446319763	0.26412815213356	0.206815793313497	0.0772876459821321	
1.85444807916268e-06	7.41779231665072e-06	0.000113121332828923	0.000558188871827967	0.00219381207764945	0.00818553382142407	0.0262256047355186	0.067757823916446	0.142028469486911	0.223852282083806	0.261901847772066	0.195809318230708	0.0713647254304174	
1.86231530487964e-06	1.67608377439167e-05	0.000122912810122056	0.000664846563842031	0.00261841531866077	0.00989820584543528	0.029629436500635	0.0735223459213433	0.147368734705736	0.228975391365561	0.255960340133267	0.185907487624915	0.0653132600574338	
5.60279542139558e-06	7.47039389519411e-06	0.000197965438222644	0.000855360100999726	0.00325148894288324	0.0113680719100116	0.0338110027696485	0.0805215081978235	0.154366351851817	0.230980844042454	0.25006023005078	0.175586005711116	0.0589880977949265	
1.31055464544816e-05	0.000228410952492394	0.00114579920430611	0.00398595834308448	0.013470629534285	0.0368340744207817	0.0865752398783056	0.161061549262813	0.231691083547859	0.245144863093845	0.165206646384273	0.0546426398315001	
3.7259698233704e-06	3.35337284103336e-05	0.000298077585869632	0.0014978398689949	0.00453450527504178	0.0152280386681148	0.0415054408474346	0.0928008674057749	0.166515454391335	0.231293302755541	0.2373610446129	0.157627153377685	0.0513010155130754	
1.86657010277335e-05	8.95953649331208e-05	0.000434910833946191	0.00162204941931004	0.00511813522180453	0.0176166886299749	0.0460221524539797	0.0980247955172452	0.170957289142908	0.23272956012409	0.230491542570864	0.150380220329935	0.0464943946899814	
1.11667172270808e-05	0.000141445084876357	0.000444807569545384	0.00207887052377487	0.00629802851607356	0.0196459778415108	0.0497775031592504	0.10388583148307	0.177050162754904	0.231940161284619	0.224754378748993	0.140680164746301	0.0432915015698543	
2.04781079717551e-05	1.67548156132542e-05	0.000111698770755028	0.000552908915237388	0.00215020133703429	0.00756945336483239	0.0224533145679398	0.0554621629722298	0.109222781336625	0.181745069895506	0.231884786441259	0.216103611779752	0.13335157746589	0.0393552002293548	
5.59157982632553e-06	3.16856190158447e-05	0.000113695456468619	0.000752999416611838	0.00254603268092022	0.00874895856825735	0.0247576516110273	0.0596006493688038	0.115971229457934	0.184939638895775	0.229321871837263	0.211393403054121	0.125924241548793	0.0358923509051836	
3.55799913109916e-05	0.00016479153870354	0.000934442929693937	0.00317410975116478	0.00989311021557729	0.0271156986412189	0.063652604455364	0.121020658866534	0.187888570957738	0.22907147458465	0.205897664454465	0.118515078425791	0.0326362151877874	
1.87623245019072e-06	4.12771139041958e-05	0.000275806170178036	0.00118577890852053	0.00351418337920722	0.0118033783441498	0.0296819973620172	0.0686138207034746	0.124883908117144	0.19114680956053	0.229386303127867	0.198773694470555	0.11057388321954	0.0301172832904614	
1.12492055248598e-05	0.000103117717311215	0.000320602357458504	0.00120179012357252	0.00438719015469532	0.0126647305534047	0.0324464584688706	0.0719180457880162	0.129993944177692	0.195389325628877	0.227256450013218	0.19098901140107	0.105211944406426	0.0281061400038622	
3.74693219926185e-06	4.30897202915113e-05	0.000134889559173427	0.00040466867752028	0.00145193622721397	0.00498904022331716	0.0140191468235382	0.0354909417914083	0.0759709238061337	0.135356052232235	0.199005189501096	0.222803829364708	0.184409015118871	0.0994004908481181	0.0265170391741761	
3.74300525892239e-06	7.48601051784478e-06	5.05305709954522e-05	0.000119776168285516	0.000518406228360751	0.00165066531918477	0.00568749649093257	0.0158703422978309	0.0387344899219583	0.0794939456889937	0.141363951116351	0.200509048715213	0.219581532012052	0.177324874141448	0.0949731439372672	0.0241105683753486	
5.60525548754512e-06	1.12105109750902e-05	5.60525548754512e-05	0.000128920876213538	0.000554920293266967	0.00203283932348303	0.00614336001434945	0.0176397390193045	0.0416115483210391	0.0852671464765364	0.146719430804989	0.201344513949613	0.216962624156409	0.170702450617699	0.0886415102800386	0.0221781275457202	
1.30670151204032e-05	1.86671644577189e-06	1.49337315661751e-05	5.22680604816128e-05	0.00013813701698712	0.000683218219152511	0.00245473212619003	0.00705058801568042	0.0200672017920478	0.0458614896397237	0.0904592122456599	0.151360836288968	0.202548067948479	0.212001120029867	0.16333768900504	0.0835467612469666	0.020408810901624	
1.86983341654092e-06	3.73966683308184e-06	2.4307834415032e-05	8.04028369112596e-05	0.000198202342153338	0.000863863038441905	0.00260654778265804	0.00833945703777251	0.0219761521446054	0.0496478168759945	0.0961468342785341	0.154921308060665	0.202921801696687	0.207551509236042	0.157039829321606	0.0785348733281352	0.0191414846851294	
9.39464655460732e-06	1.87892931092146e-05	6.76414551931727e-05	0.000310023336302042	0.000958253948569947	0.00307580728197844	0.00911092822865818	0.0243434081522985	0.0529820487093635	0.100319793768719	0.15902694008846	0.20360078013145	0.203262572855484	0.151567590724102	0.0732876377724917	0.0180583896072662	
1.87910584627411e-06	4.50985403105786e-05	0.000125900091700365	0.000325085311405421	0.00116692473053622	0.00337675320575457	0.00993107439755867	0.0262248011906015	0.0570026758467251	0.104690624013469	0.162989882894124	0.202430435501571	0.20051938485591	0.145380782008689	0.0689932502518002	0.016795448053998	
1.12847924256473e-05	5.64239621282366e-05	0.000112847924256473	0.000383682942472009	0.00124320796555881	0.00361677597241997	0.0115556274438629	0.0290244861187649	0.0606933752626065	0.109859335062414	0.165265785073605	0.203784543219815	0.194910934775781	0.139186629777934	0.0654687232573929	0.014826336448563	
1.13028194883214e-05	6.21655071857675e-05	0.000133750030611803	0.000455880386028962	0.00146371512373762	0.00472457854611833	0.0131772037201347	0.0312843205404255	0.0645259126555786	0.114077473292379	0.169125971807001	0.203789835374434	0.190407297100262	0.132883481117698	0.0602233060370243	0.0136538059418922	
3.77804014167651e-06	1.13341204250295e-05	7.55608028335301e-05	0.00015112160566706	0.000483589138134593	0.00181157024793388	0.00535348288075561	0.0142092089728453	0.0339438016528926	0.068601652892562	0.118541676505313	0.17268665879575	0.202510507674144	0.185979693034239	0.12651334120425	0.0565572609208973	0.0125657615112161	
9.45656881639693e-06	2.08044513960733e-05	5.29567853718228e-05	0.000198587945144336	0.00061656828682908	0.00210503221852996	0.00598979068830582	0.0155068815451277	0.0367141827727795	0.0730917116956952	0.12283137235618	0.174589064802083	0.201039087781546	0.18021004930655	0.121827084747878	0.0539005509396992	0.0112968171080678	
5.6903752992189e-06	2.84518764960945e-05	9.4839588320315e-05	0.000208647094304693	0.00074354237243127	0.00239944158450397	0.00670705568601268	0.0174580714180036	0.0400223062711729	0.0771595922656419	0.126908646714946	0.176134186636723	0.20017222869239	0.175965372169512	0.115584799869501	0.049686460321013	0.0107206670637284	
9.48316737790422e-06	2.27596017069701e-05	0.000130867709815078	0.00026932195353248	0.000957799905168326	0.00300616405879564	0.0079203413940256	0.0194196301564723	0.042628733997155	0.0812252252252252	0.131641536273115	0.177276434329066	0.198319582740635	0.171161688003793	0.109559032716927	0.0471123755334282	0.00933902323376008	
3.80152250976516e-06	1.90076125488258e-05	3.80152250976516e-05	0.000123549481567368	0.000325030174584921	0.00121268568061509	0.00349549994772907	0.00880432613261611	0.0211117552579808	0.0456676899098089	0.0856559051900286	0.13419374459471	0.179770197964285	0.194894555269385	0.166930555687553	0.105518860303552	0.0434495015253609	0.00878531852006729	
2.48035747675142e-05	4.19752803757932e-05	0.000116386004678336	0.000383501425251565	0.00135656474305405	0.00364421752353478	0.0101465700472031	0.0238228795805525	0.0491568692546335	0.0887109391396594	0.138318088674688	0.179680911550452	0.194124223934305	0.162173403699167	0.100139663205614	0.0397162471046596	0.00844275525740387	
3.82080427930079e-05	0.000156652975451333	0.000391632438628331	0.0014595472346929	0.00418378068583437	0.0111873149297927	0.0257025503868564	0.0522552297258573	0.0939707708472634	0.140202502626803	0.18082147292005	0.189976119973254	0.158670360110803	0.0944120737415226	0.0386932849364791	0.00787849842391823	
7.66095670027273e-06	5.36266969019091e-05	0.000158964851530659	0.000540097447369228	0.00159347899365673	0.00444527012533325	0.0121502773266326	0.027696273710661	0.056574249992339	0.0974128949223179	0.143439922777556	0.181920908283026	0.188095639383446	0.151459029203567	0.0914775687187816	0.0360141574479821	0.00695997916219777	
5.76992981842031e-06	8.27023273973578e-05	0.000169251274673662	0.000600072701115712	0.00185214747171292	0.00502176225196514	0.0133439243600667	0.0302671285174935	0.0587898149198845	0.100741051319679	0.147171676568507	0.182649051712034	0.184316561429558	0.147954463713873	0.0872778817433651	0.033377120689622	0.00637961906923339	
1.92613651685177e-06	7.70454606740707e-06	8.2823870224626e-05	0.000204170470786287	0.000772380743257559	0.0021803865370762	0.00579959705224067	0.0147753932207699	0.032355241210076	0.0618289821909418	0.103325667309996	0.150078778983539	0.180507883676763	0.183352787312154	0.144130869419501	0.0833728191319288	0.0314615138662568	0.00576107432190364	
1.92407966459443e-06	1.53926373167555e-05	7.88872662483717e-05	0.000332865781974837	0.000960115752632622	0.00244935341302871	0.0066015173292235	0.0161411043062827	0.0348643235224511	0.0643835537366589	0.106089904546408	0.15178872066019	0.182121836572521	0.181419547494944	0.139474610806786	0.0793432731288806	0.0289881842267797	0.00494488473800769	
1.15377293364075e-05	2.3075458672815e-05	0.000121146158032279	0.000469200993013905	0.000976861083815835	0.00266713843159953	0.00752836839200589	0.0175892683733532	0.0361438601011859	0.068368738137772	0.109877642380387	0.154463274446045	0.182792245876704	0.177231060336556	0.134560691340742	0.0753913693938654	0.0269232914065069	0.00486122996040636	
3.84440168615458e-06	2.30664101169275e-05	0.000144165063230797	0.00039020677114469	0.00115908710837561	0.00319662000203753	0.00807516574176769	0.0185857599517143	0.0380672654963026	0.0715289377725921	0.114655435887874	0.156294150550614	0.183318372203438	0.173799633628519	0.129321828320554	0.0715193267683767	0.0253634401244048	0.0045536937972501	
3.85669300145204e-06	3.47102370130684e-05	0.000156196066558808	0.000536080327201834	0.00126113861147482	0.00348452212681192	0.0087739765783034	0.0199853831335245	0.0406977528978227	0.075274934002341	0.117580927881769	0.15917536190243	0.183300904973013	0.169486230641812	0.125124619392609	0.0671816637387939	0.0238054375514627	0.00413630324405732	
4.04831763485717e-05	0.00019663257083592	0.000613030956135514	0.00135907806313062	0.00405602871606642	0.00992416151630701	0.0222252638153659	0.0435078479529007	0.0786376061719494	0.121869782971619	0.161136536259432	0.180612799623699	0.16607741154426	0.119693330300308	0.0637320861944658	0.0223004468571561	0.00401747331002016	
7.72120280897358e-06	5.79090210673019e-05	0.000179517965308636	0.000689117350700892	0.00159828898145753	0.00450725213973833	0.0113945650453428	0.0237253259312736	0.0468870040574921	0.082796388021326	0.124407880259587	0.161853783582406	0.178346272782374	0.161714801931845	0.115955093484463	0.0614183077439804	0.0208221536750995	0.0036386168237288	
2.11636954120956e-05	8.85027262687635e-05	0.000205865037190385	0.00067531428087687	0.00180853397157908	0.00510237456662524	0.0121498851388531	0.0255599721408809	0.0502695485206577	0.0851473185597913	0.127443925827019	0.162829624556043	0.176893862143536	0.159106738135825	0.111867446003717	0.0580000692630032	0.0194821436129891	0.00334771181973149	
3.82882106770504e-06	3.25449790754929e-05	8.99772950910685e-05	0.000233558085130008	0.000738962466067073	0.00212308128204245	0.00570494339088051	0.0132592073574626	0.0280135693418639	0.0527745551867125	0.0874253858494431	0.129753002752922	0.16439234695245	0.175427009269576	0.15550756766484	0.108414982942602	0.0547368259839113	0.0182424179770807	0.00312623240178117	
1.52834798955374e-05	3.82086997388435e-05	7.25965295038027e-05	0.000275102638119673	0.000790920084594061	0.0023555663388997	0.00646491199581233	0.0143167997921447	0.0295735335978649	0.0550625571936474	0.0918193263424149	0.131105511413894	0.165063493306791	0.175595721389803	0.152490920657725	0.103690769351274	0.0516715350918251	0.0168366635399214	0.00276057855613145	
9.53187076308345e-06	3.0501986441867e-05	0.000104850578393918	0.000360304714844554	0.00101800379749731	0.00283668473909363	0.00679813022823111	0.0153310609353434	0.0319050778181929	0.0584532442675329	0.0946419448066555	0.134401284133629	0.165334111133988	0.174019551773309	0.148752468754528	0.0992286810178513	0.0486964213544407	0.0155865150717941	0.00249163101747001	
7.59670606824881e-06	3.98827068583062e-05	0.000157631650916163	0.000425415539821933	0.00125155732474399	0.00323239843203987	0.00767267312893129	0.0166063994651919	0.0338642164757361	0.0617137409219362	0.0986109422954207	0.137428211127655	0.166485611838707	0.171178477012367	0.143900604697803	0.0950727764441338	0.0455175635844298	0.0145533896502477	0.0022809109969917	
1.89725599864915e-05	6.07121919567729e-05	0.000142294199898687	0.000462930463670393	0.00144570907097066	0.00354407420547662	0.00799693403430618	0.017807644803321	0.0355488856466892	0.0652105859295701	0.102142571199274	0.140277416772122	0.167391102248818	0.168821633271799	0.139558356748634	0.0903606114476632	0.0432005190892412	0.0137930511101793	0.00221599500642221	
2.8338191758876e-05	4.91195323820517e-05	0.000158693873849706	0.000638553920966672	0.00151892707827575	0.00360839641729688	0.008622367145834	0.0194211074187497	0.0379977367230849	0.0675752520682157	0.105482306577672	0.142159483564793	0.167986911533833	0.166364077752441	0.134910574112873	0.0869793565719101	0.0414946695861302	0.0130657956136258	0.00193833231630712	
2.45638963630317e-05	0.000102034646431055	0.000266423799014421	0.000729358768933096	0.00157775795870242	0.00396990355836382	0.0100976509356955	0.0213271306345799	0.0402110983462829	0.0710425673428666	0.10737445959428	0.146032363878224	0.166104846267799	0.163708921607159	0.131006817426006	0.0826253892432808	0.0399371164253106	0.0120778788886537	0.001783716782054	
5.11683438512707e-05	8.71756969317945e-05	0.000314590558492998	0.000627285993139652	0.0017131919570944	0.00450660450660451	0.0108799060018572	0.0225860860007201	0.0426251255519548	0.0729622680842193	0.111224818541892	0.146714802812364	0.166371027346637	0.161962969280042	0.126334640968787	0.0800102336687702	0.038055981958421	0.0112305039134307	0.00174161881478955	
7.59513379777577e-06	3.79756689888788e-05	7.78501214272016e-05	0.000290513867764923	0.000702549876294258	0.00191017615014061	0.0051551970652403	0.0119509430308002	0.0238885945774542	0.0441277273650772	0.0767678148610186	0.113478894072568	0.149225391291799	0.166861291970235	0.157731941145308	0.124026636134229	0.076431730190467	0.0352338256878818	0.0105154627430205	0.00157788904648792	
1.89898176597708e-06	1.89898176597708e-05	7.78582524050604e-05	0.000290544210194494	0.000803269287008306	0.00219902088500146	0.00558680435550458	0.0128542075738989	0.0254957291900083	0.0475524024018321	0.0788172381968788	0.116831055188208	0.150412648737747	0.165834279659247	0.155391778928139	0.119871324995537	0.0733937462732483	0.033226483959301	0.00991648278193233	0.00142423632448281	
1.51907290980315e-05	9.11443745881888e-05	0.00034748792811747	0.00102917189639163	0.00224063254195964	0.00600793335827145	0.0131513737166207	0.0275350953313193	0.0500059813495823	0.0820204429236837	0.118772513135234	0.151369918938472	0.165134618342426	0.153834614734627	0.117054061906019	0.0696362010265135	0.0313650579051605	0.0090764606360738	0.00131209922584247	
1.89775287082566e-06	4.17505631581644e-05	0.000106274160766237	0.000451665183256506	0.00106463936053319	0.00256765963422711	0.00620185638185824	0.0143830690079876	0.0294569200609558	0.0530042376821606	0.0852356724402635	0.121826245542653	0.151385644258633	0.165058953692932	0.151051639753368	0.112794839630394	0.0659184459681291	0.0297909245662211	0.00854178567158627	0.00111587868804549	
3.79196520492728e-06	5.68794780739092e-05	0.000159262538606946	0.000417116172542001	0.00116034135270775	0.00278330246041662	0.00729194908907516	0.0161272280165557	0.0313500723317363	0.0564358181449327	0.0878086422678985	0.122833128883209	0.152211379308383	0.163803416939846	0.147765300105606	0.10910431885877	0.0638529020857705	0.0280093509861953	0.00776215277448614	0.0010636462399821	
2.08053170824893e-05	5.29589889372455e-05	0.000155094181887648	0.000459608368276809	0.00127101573449389	0.00333452491058442	0.00782090783055393	0.017264630393542	0.0338502508932101	0.0581224903586269	0.0911272888213031	0.125747336446565	0.153407059811504	0.161863475509305	0.143882007372648	0.105439455581594	0.0614097304576602	0.0265002997857052	0.00728942654871943	0.000981632687801086	
3.77989661982745e-06	7.5597932396549e-06	4.34688111280156e-05	0.000168205399582321	0.000551864906494807	0.0014325808189146	0.00391597289814124	0.00863328387968589	0.0192963722442191	0.0356784441945513	0.0608846848038706	0.0935297619610104	0.128558063936951	0.154036457102898	0.159900966708561	0.14041748958166	0.101724577832796	0.0580894512535082	0.0252856184383357	0.00691721081428423	0.000924184723547811	
3.79488639058868e-06	7.58977278117736e-06	1.51795455623547e-05	4.36411934917698e-05	0.000242872728997676	0.000652720459181253	0.00148000569232959	0.00419524690479579	0.00958588302262701	0.02033869361036	0.0380475309520421	0.0638565532944358	0.096934680518002	0.129568806033869	0.154888288031877	0.157721170722452	0.137902376547602	0.0971528864854608	0.0560277026706513	0.0237389118163275	0.00650253783027371	0.00109292728048954	
3.78916337167335e-06	1.13674901150201e-05	2.84187252875501e-05	8.33615941768137e-05	0.000286081834561338	0.000831721360082301	0.00171270184399635	0.00482360497214018	0.010405042618615	0.0217308519365467	0.0400211435316139	0.0664164555786905	0.0984443589777595	0.132349792827493	0.15550915935516	0.156062377207424	0.134229217859843	0.0937116939265395	0.0540258913533186	0.0220775603850548	0.00618770378594258	0.00104770367226768	
9.46302983504046e-06	1.13556358020486e-05	0.000130589811723558	0.000314172590523343	0.000904665652229868	0.00207618874580788	0.0051687068958991	0.0113253541065764	0.0225636483386705	0.0414386076476422	0.068745126539635	0.102327526818227	0.135101784348906	0.154659974411967	0.153622826342047	0.130252927861431	0.0927301219595285	0.0513653259445996	0.0204761039570606	0.00583301159031894	0.00094251777157003	
7.56438234927023e-06	3.02575293970809e-05	0.000151287646985405	0.000298793102796174	0.000917181359849015	0.00239034482236939	0.00564113813696827	0.0123999137660412	0.0240982310691876	0.0432474649863652	0.0714626111491432	0.105082508500475	0.137045806117316	0.154252884866318	0.150795962132702	0.128639886231689	0.0886923830451934	0.0488564544983491	0.0193912941523542	0.00574514839427074	0.000852884109880218	
1.88985187341016e-06	4.53564449618439e-05	0.000107721556784379	0.000364741411568161	0.000941146232958261	0.00281209958763432	0.00653699763012575	0.0136768580078693	0.0255394582172649	0.0459819859319427	0.0742636192175257	0.107088456406787	0.136237531702265	0.154364990872015	0.149853914450185	0.125618454025573	0.0861281092787947	0.0463372780841438	0.0184468441363566	0.00498731909392942	0.000665227859440377	
5.68540386266338e-06	5.4958904005746e-05	0.000121288615736819	0.000422615020457978	0.00118256400343398	0.00300189323948627	0.0067239376349099	0.0146474954848418	0.027142118040355	0.0474617514455139	0.0764459403373719	0.109715028607057	0.137971485804494	0.15439851269835	0.149738376665586	0.121879897738536	0.0827624240287909	0.044420060378989	0.0171528634536554	0.00424889182003044	0.000502210674535266	
7.56037907740694e-06	6.61533169273107e-05	0.000164438244933601	0.000383689238178402	0.00140812060316704	0.00319426016020443	0.0070802950059916	0.0152133727985121	0.0281265002627232	0.0502387189693691	0.0795559789367839	0.110827596895708	0.13995017710188	0.155806182121972	0.147149548078341	0.119268760135633	0.0791042462869088	0.0419204118894521	0.0158824663468626	0.00411095612334002	0.000540567104034596	
5.67646424395173e-06	0.000109744975383067	0.00012109790387097	0.000554401341159285	0.00157048844082664	0.00332073158271176	0.00755348175395177	0.0163330797845971	0.030688857857551	0.0528535585754345	0.0816464773755057	0.113837706102956	0.141073381545436	0.154852052420255	0.145071504527926	0.115332508353863	0.0766776790072999	0.0393606030675613	0.0147209639393148	0.00381458397193556	0.000501421008215736	
3.77079593960693e-06	2.8280969547052e-05	7.54159187921386e-05	0.000152717235554081	0.000697597248827282	0.00157242190681609	0.00370292161269401	0.00875390277379749	0.0171137573719061	0.033086848972081	0.0552817538726074	0.0844903392208027	0.115469313262643	0.141478378256082	0.15464788307516	0.142871687355767	0.112545061011478	0.0724275630100002	0.0376570536508846	0.0139349763948174	0.00354454818323052	0.000463807900571653	
9.39374639514982e-06	2.44237406273895e-05	8.26649682773184e-05	0.000238601158436805	0.000657562247660487	0.00184117429344936	0.0043699708230237	0.00913260024536466	0.0186672528364417	0.0346854691894512	0.057995111494376	0.0874877176765883	0.118017393460825	0.142377256612728	0.152124207872335	0.140267421172377	0.110384035140127	0.0690440360043512	0.0354012726647616	0.0135814785381076	0.00313187504814295	0.000479081066152641	
1.87358544299054e-06	9.36792721495271e-06	9.36792721495271e-05	0.000256681205689704	0.000798147398713971	0.00192791942083727	0.00475703343975299	0.0100011990946835	0.0201597793665782	0.0367278954389436	0.0593383245649535	0.0901513107603759	0.119203126639387	0.142950822129292	0.151230196201868	0.1386453227813	0.105975613411874	0.0672017626691848	0.0343053494611568	0.0127572432813226	0.00308579522460542	0.000421556724672872	
1.68228072405362e-05	9.90676426387134e-05	0.000345802148833245	0.000798148743523219	0.0021813573388562	0.0052001166381302	0.0109123942966945	0.0212621591512333	0.037841970287184	0.0611396891145222	0.0925759082446709	0.120797101991073	0.143343402095	0.150509917979469	0.135784354041586	0.103944387537664	0.0649622047597329	0.0326661532595124	0.0122619572775464	0.00302623610249202	0.000330848542397213	
1.86707891769169e-06	3.54744994361422e-05	0.000113891813979193	0.000369681625702955	0.000933539458845846	0.00251495530213071	0.00580661543402117	0.0115105415275693	0.0220726069649512	0.0392796062703978	0.0651759908587816	0.0926948670266395	0.122080822112189	0.144235580549519	0.149836817302594	0.133451332720931	0.100327485642163	0.0633779938610445	0.0312399644508174	0.0118055399965646	0.00283609287597368	0.000298732626830671	
1.85761044422896e-06	2.97217671076634e-05	0.000105883795321051	0.000442111285726493	0.00114057281275658	0.00260622745325323	0.00613754490773249	0.0122305071648035	0.0233668817779561	0.041807380657817	0.0661978057905433	0.0936625762084685	0.123688991428985	0.145887436237522	0.149115963189591	0.131002403747915	0.0982713077206005	0.0607940170082812	0.0297737802001018	0.0108335841107433	0.00259693940103209	0.000306505723297779	
2.96090677770067e-05	0.00013324080499653	0.000545917187138561	0.00118066157760814	0.00281841313902383	0.00619569743233865	0.0127318991441129	0.0248790191996299	0.0429960675456859	0.067499421697895	0.0969215822345593	0.125372195234791	0.146498265093685	0.147142262317835	0.128864214665741	0.0955614156835531	0.0586981263011797	0.0286911866759195	0.010292852185982	0.00261855193152903	0.0003294008790192	
4.06736292524742e-05	0.000203368146262371	0.000717334915907271	0.00133298575868336	0.00294698931947472	0.00662610396549397	0.0135424697397442	0.0260181811122759	0.0447298993697436	0.0695519060217308	0.0992602945880039	0.126060518662725	0.147053657760991	0.146328927639765	0.127417538838694	0.0918687868720315	0.0561296083684143	0.0271662867379934	0.0103662290553919	0.00227772323813855	0.000360516259283294	
