# <P(N_1)> as a function of N_tot.
# number_of_species: 2
# species_total_upper_bound: 100
# species_total_lower_bound: 0
# volume: 512
# Bin widths for each species index 
1	1	1	1	1	1	1	1	1	1	1	1	1	1	1	1	1	1	1	1	1	1	1	1	1	1	1	1	1	1	1	1	1	1	1	1	1	1	1	1	1	1	1	1	1	1	1	1	1	1	1	1	1	1	1	1	1	1	1	1	1	1	1	1	1	1	1	1	1	1	1	1	1	1	1	1	1	1	1	1	1	1	1	1	1	1	1	1	1	1	1	1	1	1	1	1	1	1	1	1	1	
# Bin lower bound for each species index 
0	0	0	0	0	0	0	0	0	0	0	0	0	0	0	0	0	0	0	0	0	0	0	0	0	0	0	0	0	0	0	0	0	0	0	0	0	0	0	0	0	0	0	0	0	0	0	0	0	0	0	0	0	0	0	0	0	0	0	0	0	0	0	0	0	0	0	0	0	0	0	0	0	0	0	0	0	0	0	0	0	0	0	0	0	0	0	0	0	0	0	0	0	0	0	0	0	0	0	0	0	
# Bin upper bound for each species index 
0	1	2	3	4	5	6	6	6	7	7	7	8	9	9	8	8	8	9	9	9	10	10	10	11	10	11	11	11	11	11	11	12	12	12	12	12	12	12	13	13	13	13	13	14	15	15	16	16	15	15	15	15	16	16	16	17	17	17	17	17	17	18	19	19	19	17	17	18	18	18	18	18	18	18	18	19	19	19	19	19	19	20	20	20	21	21	21	21	22	22	21	22	22	21	22	21	21	22	23	23	
# Normalized histogram for each species index 
1	
0.920931132812555	0.0790688671874446	
0.847720878601193	0.145973361047434	0.00630576035137251	
0.780309557663604	0.202057115369651	0.0171862509992006	0.000447075967544548	
0.718475239943946	0.247909524103775	0.0317124465439762	0.00183957617301391	6.32132352888951e-05	
0.661308895022604	0.284879824621186	0.0495212294690929	0.00411257070810332	0.000175350416865444	2.12976214816329e-06	
0.60899201735855	0.314927122239015	0.067757328265708	0.00779875850723827	0.000510628787723409	1.34375996769318e-05	7.07242088259569e-07	
0.560160585246532	0.339379991685549	0.0871470792299059	0.0121957102541583	0.00105562310849791	5.39162340361835e-05	7.09424132055046e-06	
0.515711526856621	0.356589714812101	0.107582147093924	0.0180311707253623	0.00194186212636746	0.00012865191979228	1.49264658322535e-05	
0.47423518144028	0.369138003907879	0.127605193237918	0.0255050997391427	0.00320699376532519	0.000279642456128866	2.70392196765825e-05	2.84623365016658e-06	
0.436182578410125	0.377783257445479	0.146701711200449	0.0336788137121241	0.00501793442975783	0.000582966959741784	4.63237804195794e-05	6.41406190424946e-06	
0.402642719856856	0.380943479954511	0.164809347760016	0.0433064462045771	0.00723284215452798	0.000956007939146528	9.98814264779954e-05	9.27470388724243e-06	
0.370800578575489	0.384263913523882	0.18101899580298	0.0523869796324637	0.0100204835075392	0.00136390704941442	0.000110279391058547	2.98821575771547e-05	4.98035959619244e-06	
0.340837321851147	0.383131861288543	0.197574506698931	0.0630044659537747	0.013199295411277	0.00199633471522872	0.000219205380495703	2.70448196715478e-05	9.25217515079266e-06	7.11705780830205e-07	
0.31386847761663	0.379208352078379	0.212925155494619	0.0733691810021637	0.0173025700350622	0.00292851175046595	0.000362761270235723	3.0706170512079e-05	2.856387954612e-06	1.428193977306e-06	
0.289422191405383	0.373100609131914	0.226584374293335	0.0848083684837901	0.0214234098118817	0.0040504169190152	0.000557841851121854	5.13613980572551e-05	1.42670550159042e-06	
0.265778352670676	0.367208406668979	0.237664475441492	0.0961206838218063	0.026751276592259	0.00549029049107044	0.000875397900042239	0.000108979559565877	2.13685410913484e-06	
0.24434271100838	0.358683775560169	0.248024786655576	0.108110188572736	0.0321066162608614	0.00724726000400566	0.00130291023675476	0.000171060424956861	1.06912765598038e-05	
0.225246759772429	0.350209377335287	0.257022723525562	0.118347621335004	0.0379912623237137	0.00916735126786238	0.00172940611351842	0.000261944714676541	2.28398661298346e-05	7.13745816557333e-07	
0.208251554744109	0.339343584184401	0.264734409767787	0.129371113139727	0.0442396017572888	0.0114544702459063	0.00216380441604382	0.000379414617447367	5.7768015062475e-05	4.27911222685e-06	
0.190288534125628	0.329349025114556	0.271108485349248	0.140254213705621	0.0512130591695457	0.0143146832888809	0.00287620817154216	0.000517303627975209	6.77846133208895e-05	1.07028336822457e-05	
0.174707413614806	0.319427308062618	0.275213778839639	0.149781407124773	0.0589744321220982	0.0171721998359662	0.00395535427735977	0.000658274792283279	9.62807117640766e-05	1.21242377776985e-05	1.42638091502336e-06	
0.161224729708067	0.307416418787738	0.278867890921397	0.160256487896977	0.0655326576777158	0.0205617797410185	0.0049480790125216	0.000998877865450724	0.00016814206579627	2.42238569367508e-05	7.12466380492671e-07	
0.149368833404157	0.294698200594921	0.280724332856015	0.17002681788478	0.0734588643643519	0.0239161253691476	0.00616418544692309	0.00136767641418813	0.000224256080446512	4.42798630181012e-05	6.42772205101469e-06	
0.136947185705096	0.284650065538277	0.28109359778753	0.178367519258555	0.0810100168730754	0.0279625226602693	0.00785960117926109	0.00171512030089129	0.000333039991898642	4.99203413980833e-05	1.0697216013875e-05	7.13147734258333e-07	
0.12607180296487	0.27141754310001	0.281973912102187	0.187042080195075	0.0888763231959527	0.0323150374312052	0.00952943220792835	0.00222621665660145	0.000477148163762947	6.33823680222422e-05	7.1216143845216e-06	
0.115230837844269	0.260021544200521	0.281351300132656	0.194674364823678	0.0968719587696438	0.0371573339336832	0.0112537100338694	0.00272223512531116	0.000610561502850474	9.47545856232358e-05	8.54928592089346e-06	2.84976197363115e-06	
0.106572938287548	0.249362533694648	0.278861688739309	0.20131935883389	0.10468446667819	0.0414228105085874	0.0134335756538583	0.00340839127074712	0.000784958509335935	0.000126421889128717	1.85704469906591e-05	4.28548776707517e-06	
0.0982363706552666	0.237410102800932	0.277042078323158	0.207335468466279	0.112225304184956	0.0465728256673482	0.0156496189645558	0.00427002759468695	0.00103158376345777	0.000196594272315237	2.71657539926509e-05	2.85955305185799e-06	
0.0914352655265913	0.225935724595729	0.273204460019479	0.213652852132507	0.119717931891744	0.0515366829517537	0.017932678924254	0.00502793416025413	0.00124517583815004	0.000280522372732653	2.71934953159204e-05	3.5780914889369e-06	
0.0841628998062758	0.216648284768931	0.269087410209668	0.217380465281072	0.126970815641947	0.0573522352578133	0.0203896200376019	0.00611960043659388	0.00150579172643165	0.000333588584555777	4.64309593064786e-05	2.85728980347561e-06	
0.0768781492294763	0.206324556010856	0.26528248726742	0.221886399612721	0.134223846356515	0.0626050933175109	0.0230589465070998	0.00729789417089539	0.00193639457895199	0.000439116027306591	6.35468722443684e-05	3.57004900249261e-06	
0.0708781651173957	0.195643914051772	0.261529731907303	0.224736483203689	0.141325573025154	0.0681684017404881	0.0264071342552873	0.00840763656685073	0.00229260149448423	0.000498018302172605	0.000102322725877417	9.30206598885613e-06	7.15543537604317e-07	
0.0653789196078726	0.185678023114107	0.256308520523782	0.228610567206225	0.147033431701905	0.0738358942835179	0.0297204913986607	0.00993429437923556	0.00273397283651831	0.000633341715797219	0.000116064884569174	1.50454479997077e-05	1.43289980949597e-06	
0.0598025644944743	0.175915939576727	0.24998044589109	0.231362781462561	0.153966542022677	0.0797082885741574	0.033393394944922	0.011446150136807	0.0033597188226776	0.00087401484964146	0.000167196600957685	1.79395494589791e-05	5.02307384851414e-06	
0.055401431045477	0.166210044349038	0.244615606921872	0.231805499740836	0.160476804281203	0.0858023408873115	0.0370140854385767	0.0132407292250025	0.00406179390385842	0.00110567062374057	0.000222859488530285	4.09773898265362e-05	2.15670472771243e-06	
0.0512254329126919	0.158053100898015	0.23797974555043	0.232969185305415	0.165739209981833	0.091876282392279	0.0408078551590346	0.0149736101412764	0.00461768758594089	0.00135569744216957	0.00032763285619857	6.88244074290212e-05	5.73536728575177e-06	
0.047107442157074	0.149781454048092	0.23153059464396	0.233100174707931	0.17157807569341	0.0975079248405191	0.0449337920639226	0.0169798073131123	0.00539798123231717	0.0015509712716032	0.000410824877665083	0.000100916912457799	2.00402379348821e-05	
0.0437486469435392	0.140735734051439	0.224775633766288	0.232554949275119	0.176391406457089	0.10393259831853	0.0495231168133386	0.0195211662685793	0.00632819594615353	0.00186480652810892	0.000477276153554314	0.000130750802545568	1.57186757158606e-05	
0.0397454577384603	0.133504760531386	0.217797969572862	0.232157733962788	0.180815954437107	0.109283410991948	0.0541451995982264	0.0219619086100762	0.00764854664050046	0.00220375802494166	0.000568251178443006	0.000141348911220748	1.78470847500944e-05	7.85271729004154e-06	
0.0362433464521183	0.12579705351281	0.212587047688839	0.230811014646894	0.184516507071812	0.114491279370241	0.0586274961274516	0.0244621024890524	0.00890775243918869	0.00260546056059817	0.000731382362564629	0.000175360683421929	3.84938085560331e-05	5.70278645274564e-06	
0.0333023433556442	0.11883254289878	0.205468542796114	0.229794011709649	0.188105124468489	0.120107314680409	0.0631489714844675	0.0269434565992967	0.00989445345942262	0.0032646420514985	0.000891912471374672	0.000198202771416594	4.34905361741447e-05	4.99071726588545e-06	
0.0306977493497115	0.111940857076258	0.198146758109804	0.22854582742567	0.191209397514611	0.125839814832636	0.0672079974965053	0.0297453948742514	0.011491696481207	0.00372031287981016	0.00113056451952077	0.000275156308029646	4.56217712795267e-05	2.85136070497042e-06	
0.0284201771151704	0.105960760074173	0.191597995846994	0.226076776492504	0.194614479692142	0.13041806358258	0.0716792329756659	0.0323460211752039	0.0127723451951315	0.0044022434208465	0.00131241258890652	0.000327569067225718	6.26653867736156e-05	9.25738668246594e-06	
0.0264025791150967	0.100000570096175	0.183627265419676	0.223643028578921	0.198293702147552	0.13522182442178	0.075981705613737	0.0355255431591309	0.0142160607494484	0.00503394922723463	0.00150077818127918	0.000418308068571168	0.000111168754168828	2.13786065709285e-05	2.13786065709285e-06	
0.0241223270195872	0.0945742944714855	0.177438202311277	0.219997704265147	0.200066162793268	0.140939582960514	0.0801510907235914	0.0388799095394913	0.0156730246164091	0.00578068887730723	0.00172821778966363	0.000503350560850876	0.000114786742630299	2.42406785678892e-05	4.99072794044778e-06	1.42592226869937e-06	
0.0223613792750584	0.0882942972691218	0.171449321810712	0.216658861585713	0.201019326991202	0.146263190172278	0.0853181808168402	0.0418745554124032	0.0176136634160103	0.00632389214633567	0.00207717010267886	0.000567082361251362	0.000125070796466466	4.76121782003023e-05	4.26377715226588e-06	2.13188857613294e-06	
0.0203210589681758	0.083214676170591	0.164194553760386	0.212979142589372	0.202003798448127	0.150807046071614	0.0904575519519724	0.0454210395999214	0.0199947074293928	0.00732942988514554	0.00237243379497887	0.000699527428782645	0.000143310893117743	4.89527308174468e-05	7.09459866919518e-06	7.09459866919518e-07	4.96621906843663e-06	
0.0184729937527307	0.0783263446381861	0.157762700227535	0.20896151205479	0.202683034777033	0.154358903068028	0.0959283521621453	0.0492759749655294	0.0219186379704602	0.0083850156323587	0.00276261511487372	0.000873114045291284	0.000216328012846338	6.02881347276679e-05	1.20576269455336e-05	1.41854434653336e-06	7.09272173266681e-07	
0.017288858315021	0.0733056698321054	0.151549082558691	0.204468511485001	0.20354726425141	0.158593956191315	0.100374687967515	0.0529229858654353	0.0240342376732496	0.00934265630791141	0.00326242456621349	0.000944723031821089	0.000280286803115594	7.25615581669812e-05	8.53665390199779e-06	3.55693912583241e-06	
0.016250408288306	0.0688906015056321	0.145479438992298	0.200468668720384	0.20365242799004	0.161654416238453	0.104809298228011	0.0570052310716118	0.026109814788327	0.0103682102277377	0.00377653340278682	0.00112790756423914	0.000288203510105269	8.96633142549726e-05	2.84645442079278e-05	7.11613605198195e-07	
0.0145535625240422	0.0649802675632934	0.139239766915044	0.195942384134266	0.203699297610737	0.165159070509624	0.10935830400775	0.0605700323412501	0.0288478251577883	0.0117375942099189	0.00411318012794028	0.00133282993061591	0.000331248486230036	0.000101155451708957	2.92068557751215e-05	4.27417401587143e-06	
0.0135763463406383	0.0602546269698477	0.132746735446446	0.191160066429392	0.20409838230015	0.168968881384141	0.113799228796727	0.0642562341785929	0.0311956933656964	0.0129775683045875	0.0047502581739625	0.001636469650375	0.000420357882281237	0.000117757301487953	3.49703501388466e-05	6.42312553570651e-06	
0.0124967737461222	0.0567885028823584	0.126932445639856	0.186535743318169	0.202121141275244	0.17172321637314	0.119180141862226	0.0684237506622311	0.033618101625746	0.0143420837203051	0.00528497920540852	0.00182600607286436	0.00051048094597696	0.000153716251239561	5.64817853391874e-05	5.00471515663686e-06	1.42991861618196e-06	
0.0114598423351991	0.0540469108499556	0.121543046376538	0.181399525119792	0.201121197315298	0.173597717603426	0.122204507076058	0.0731242660357789	0.0364267693002232	0.0159822048499499	0.0060574370755151	0.00210010200495453	0.00067146118525757	0.000202152675987119	5.00024286893935e-05	9.28616532803022e-06	3.57160204924239e-06	
0.0107754530028699	0.0503515704717909	0.116410713087955	0.176999713149321	0.199532476206378	0.175775959629691	0.12591745836027	0.0765998347397579	0.0396959953647214	0.0174365253677326	0.00700572131528886	0.00238185962012978	0.000748523289849054	0.00026687102993665	8.49135095252978e-05	1.35576191679047e-05	2.85423561429572e-06	
0.00974238949429368	0.0473193617946154	0.111054246601156	0.172266631263156	0.197874932815414	0.176520762802902	0.130186418042657	0.0807128668207005	0.0425077677158526	0.0195568708150159	0.00796721749104741	0.00293363768932134	0.000912211427482404	0.000297646451690268	0.000120628897687423	2.14134137906667e-05	4.28268275813335e-06	7.13780459688892e-07	
0.00897937651931536	0.0440385808079728	0.106464352673639	0.168098120147993	0.195672847294995	0.17871283246719	0.133188619659673	0.0841784469300028	0.0452269438325599	0.0214432872103053	0.00904995116804608	0.00337760288571897	0.00108998624150787	0.00032008098262723	0.000119763040270322	2.63763838690591e-05	1.06931285955645e-05	2.1386257191129e-06	
0.00842269950615491	0.0409084244078201	0.100979860402279	0.163131168614856	0.193840247022195	0.180292605705484	0.137341322548178	0.0875980678969374	0.0483274894760744	0.0234950110115069	0.0101352842278492	0.00369351709096914	0.0013260786934815	0.000367999293896906	9.96516463163769e-05	2.77601014738479e-05	1.21005570527029e-05	7.11797473688406e-07	
0.00765609454245432	0.0388064857334135	0.0959235061444316	0.158589000403967	0.19065795164677	0.181184007491225	0.140282034335732	0.0925233351366706	0.0514843273813687	0.0255719410237341	0.0110948065314116	0.00419953950664689	0.00141887908552244	0.000435370343143203	0.000127042493572935	3.63998155742678e-05	7.85094061405775e-06	1.4274437480105e-06	
0.00693670657795583	0.036240767338725	0.0919197709376827	0.153055535875433	0.187904381797246	0.182351008946226	0.143689228675156	0.0963982512600646	0.0548481445937987	0.0274419633176823	0.0122124107864249	0.00455433825050149	0.00169463748855869	0.000525280370186689	0.000156009701227109	5.36730623487761e-05	1.50284574576573e-05	2.86256332526806e-06	
0.00639882340280518	0.0334964307493633	0.0878021307888223	0.148764214226782	0.184862790113714	0.18283889945116	0.147511568676687	0.0994719661369588	0.0581812964092262	0.0295275675287872	0.0132783298059332	0.00513972091688489	0.00184166158481903	0.000648563331778886	0.000157836209061233	6.45693582523227e-05	7.89181045306166e-06	5.73949851131757e-06	
0.00590595156430139	0.031812549608341	0.0833118438679601	0.144384784740205	0.183019850519518	0.181615552865881	0.150015623260341	0.103223419805984	0.0615764767572576	0.0318549299467373	0.0143791460002658	0.00587147264492819	0.00203425624301892	0.000718310820275041	0.000196098853935086	6.24930413639286e-05	9.33804066357554e-06	4.30986492165025e-06	3.59155410137521e-06	
0.00522745007110395	0.0297681817561849	0.0791145351395626	0.139094535584635	0.180359231058031	0.182701605348338	0.152440254380556	0.106638689304115	0.0645692737634697	0.0343258692735481	0.0156572251443076	0.00650021428094565	0.00240267445591663	0.000849945191456615	0.000255557844728509	6.46073202965332e-05	1.57929005169303e-05	5.7428729152474e-06	6.46073202965332e-06	2.15357734321777e-06	
0.00498057611173702	0.0274595045814846	0.0749582083408335	0.134362246013926	0.176860293585061	0.182668455705861	0.154955798731656	0.110591738339392	0.0682765628933095	0.0362215893810818	0.0172172312873409	0.00735934802860263	0.00272515323608361	0.000910057751734237	0.000340644154510451	8.10374514940653e-05	1.86457852995194e-05	1.00400382382028e-05	1.43429117688611e-06	1.43429117688611e-06	
0.00460326526863264	0.0255737756677784	0.07110268833562	0.129372205032234	0.173992663478705	0.182211088595096	0.156547615630579	0.114911565641199	0.0716602467321481	0.0385612266571755	0.0186599080351556	0.00803687778779198	0.00317169641268219	0.00110865858769095	0.000352330981589809	0.00011050706958214	1.722188097384e-05	5.02304861736999e-06	0	1.43515674782e-06	
0.00422167085952066	0.0241161146795997	0.0673623058103447	0.123870739066161	0.170487062668038	0.181691780565329	0.158935821957876	0.117782455715681	0.0753748353836533	0.0413723744233025	0.0203360622905374	0.00885398205861927	0.00362660257795683	0.00135439269895885	0.000446661421997066	0.00013111674000559	3.31393958255888e-05	2.88168659352946e-06	
0.00393761252767902	0.0225506009527854	0.0641504209806032	0.119364242498095	0.16572654755527	0.180469701437975	0.160721792280664	0.121290146739338	0.0787529715959769	0.0444998525468299	0.0223652930568665	0.00997562155657191	0.00394121773966187	0.00151923632957694	0.00050328759280717	0.000185307895918972	3.74942046217376e-05	8.65250875886251e-06	
0.00355347478503604	0.0208947777834651	0.0611977711660285	0.115499104962681	0.161317229630602	0.178331950345074	0.162738907917494	0.124287989341738	0.0823304565735679	0.0474784315110811	0.0241101353694381	0.0111037976545192	0.00453466350129371	0.00177349319764428	0.000596931856768075	0.000178070251958593	6.05583043098048e-05	1.00930507183008e-05	2.16279658249303e-06	
0.00323233517650223	0.0196290637620113	0.0577948451355987	0.111439495920105	0.158506276123476	0.177024247200457	0.163708439473568	0.127348814606146	0.0849268488589489	0.0502551331256313	0.025966113475658	0.0121023301221481	0.00500460371628418	0.00204120920916302	0.000707321170677824	0.000223516374016438	7.13810355729914e-05	1.36993906655236e-05	4.32612336806009e-06	
0.00303949399798854	0.0184182545175154	0.0548461404541184	0.107252772234348	0.155299079015333	0.17585109428978	0.165134809652138	0.12981984613326	0.0872949870290943	0.0531469014426985	0.0278849294333808	0.0130061566839372	0.00569050828972529	0.00214023541870199	0.000789189329181876	0.000275532828693399	7.69765343869287e-05	2.94956814005988e-05	3.5970343171462e-06	
0.0027353564232698	0.0170851915396663	0.052264435045352	0.102841204074559	0.151428296126062	0.175231793412997	0.165705504796941	0.132508747531779	0.0909750495801329	0.0553118694622335	0.029877512982876	0.0140471050811187	0.00633575852929291	0.00238660567004008	0.000810396080185348	0.00032286409938174	9.41986570579243e-05	3.02010961559757e-05	7.90981089799364e-06	
0.00247032237024522	0.0158139421288016	0.0496054236469975	0.0995412771545104	0.146896186121084	0.173278855505895	0.16568112369139	0.135525807290432	0.0951271652134936	0.0580435966284661	0.0316544623116011	0.0152558029948439	0.00675298069283958	0.00280434385967937	0.00102576921916551	0.000356289588729756	0.000118523754315342	3.87895923213847e-05	9.3382351884815e-06	
0.00226074608932606	0.0148234807153903	0.0465702196646105	0.0953436966432304	0.143507073993803	0.170283908316901	0.166153339810402	0.137815685237457	0.0984811465561349	0.0614957429561878	0.0339205332658798	0.016699052010095	0.00752384346956257	0.00326751826705836	0.00120295262350026	0.000440507740863596	0.000153063864280499	4.16793621045491e-05	1.58094132120703e-05	
0.0021985385254694	0.0138174335909079	0.04344234480101	0.0914586275022934	0.139886147625607	0.168197543503455	0.166456973925247	0.14022692828652	0.102158708887042	0.0646074120512695	0.0359983723050289	0.0178154953110307	0.00807305072024064	0.00359760849622265	0.00135090055243852	0.000486007862399383	0.000175422956250665	4.38557390626663e-05	8.62735850413107e-06	
0.00198371289951268	0.0130892061203926	0.0414872826504011	0.0872044780561622	0.135646230694479	0.165973514635799	0.167004815846754	0.142077878302154	0.105126743189503	0.0676821899731417	0.038566935966809	0.0193071348401232	0.0088628792524142	0.00365832230672964	0.00148742608589635	0.000570156093677722	0.000192920741131204	6.38287953928519e-05	1.43435495264836e-05	
0.00182060270101356	0.0119383197538968	0.0396163433773968	0.0833000819485741	0.132000846658915	0.163882131349406	0.167002755931976	0.144823724755763	0.107057302504652	0.0702469469508123	0.0408670244944717	0.0208496908693843	0.00990605232409302	0.00405738402417554	0.00163110556206282	0.000655016525580684	0.000241698237605099	8.15195239259803e-05	2.00223392098899e-05	1.43016708642071e-06	
0.00177689592150208	0.0110373398309876	0.0374306056384639	0.0802083385451325	0.127850735024506	0.162378696118633	0.167071817044049	0.146383059019963	0.11041985777685	0.0724832013288837	0.0428156152412783	0.0223777383388525	0.0105327185435457	0.00451586018988342	0.00168183270446275	0.000684741067095333	0.000235871140022401	8.21975184926548e-05	2.93052022452073e-05	3.57380515185455e-06	
0.0015897580694161	0.0103949019089249	0.0353135018638913	0.0772934082940481	0.124224153028511	0.159396835495066	0.167145476444918	0.148269958647705	0.11265980678435	0.0763905915486917	0.0440671787155412	0.0237956188726585	0.0115150237141295	0.00495083830430571	0.00190070445439632	0.000739123131194356	0.000246612650156724	7.29115661332924e-05	2.93075903084803e-05	4.28891565489955e-06	
0.00141673013255679	0.00991853980347245	0.0332270726197433	0.0739357377498925	0.121194368515584	0.156315415709915	0.166350408872746	0.149606844885554	0.115422425630599	0.0786303084513704	0.0472129067472934	0.025275380045181	0.0125855360641051	0.00550331427689608	0.00218046412736425	0.000825890082317522	0.000298634995163256	7.43015298970781e-05	2.35764469865729e-05	2.14331336241571e-06	
0.00125849663995698	0.00899038537169269	0.0309740334960322	0.0705587582070427	0.118243624927958	0.154454005523084	0.165404356400528	0.150700682305394	0.118107049440327	0.0813432163455832	0.0498193056244789	0.0271184574263458	0.0132342362570022	0.0061072839783367	0.0022624337322863	0.000956743468330933	0.000338220971988439	9.15270283605078e-05	3.07473610898581e-05	6.4354941815982e-06	
0.00109861814436529	0.00840700369067033	0.0295847280633994	0.0668769490458616	0.1136840900638	0.151636483277544	0.16530912940234	0.151986238663348	0.120913083283266	0.0843640030898635	0.0520963865762595	0.0288365805510257	0.0144672846393729	0.00653448917117272	0.00264641089462993	0.000987754985265928	0.000409120819386033	0.00011801562097674	3.50470631991532e-05	8.58295425285383e-06	
0.00106950725507427	0.00785948517907281	0.0280822456080188	0.0642776003600746	0.109631280765301	0.147724885869216	0.16411399504183	0.153209593415779	0.123056204499503	0.0875981453301041	0.0550764086846561	0.0307042173021554	0.0156168063384558	0.00729151038429389	0.00297132977545349	0.00111237327732173	0.000383650899114817	0.000157175414907374	5.57258289217052e-05	7.14433704124426e-06	7.14433704124426e-07	
0.0010024758656611	0.0074547102095567	0.0261721119062739	0.0613572310260929	0.106069795152441	0.144571289947415	0.162473867844427	0.154142972323104	0.125668376702604	0.090391928820646	0.0578396466718515	0.0327292316254379	0.0168308919537934	0.00791634856192875	0.0034341041575992	0.00127646215207666	0.0004466547273337	0.000147695732520888	5.99345001534038e-05	1.35566131299366e-05	7.13505954207188e-07	
0.000947572406349803	0.00697473092788056	0.0251345182615926	0.0586505315945273	0.101512698609325	0.141202527049597	0.160773350077813	0.154193025696227	0.128424182104764	0.0933298306614782	0.0604310564542424	0.0352766042877829	0.0183057319943445	0.0086861990457355	0.00388070412247391	0.00148365206223365	0.000516857676190802	0.000185100545192298	7.68879187721854e-05	1.2102727954881e-05	2.13577552144959e-06	
0.000918216868326138	0.00645665653927474	0.0235339267629657	0.0563523621697493	0.0982783433718885	0.137800046195121	0.158904109589041	0.155192864630528	0.129047847485031	0.0964191674217792	0.0634671215109358	0.0373647460156708	0.019982587992822	0.0095716290887124	0.00418954213528064	0.00155428815095144	0.000617593234191497	0.000240925323810031	8.31512179521348e-05	1.91887426043388e-05	4.2641650231864e-06	1.42138834106213e-06	
0.000852224668883351	0.00623993358475975	0.0220163962624369	0.0538820646155465	0.0947632606584946	0.134680639644724	0.156809339074537	0.155964222201057	0.132342174956962	0.0980854442301049	0.0659710030378718	0.0391675065711568	0.0212487543588555	0.0104370867705447	0.00469540964357249	0.0017044493377667	0.000759112549097097	0.000258012973148171	7.96073085195457e-05	3.76713156387136e-05	4.26467724211852e-06	1.42155908070617e-06	
0.000810049165286332	0.00577925234882226	0.0208270900941237	0.0511904092456648	0.0919868484460652	0.131045739305109	0.154631836925287	0.155276744257228	0.135145812408843	0.101890375719025	0.0681551735306114	0.0416057765474395	0.0220421638420532	0.0112196792119887	0.00518346047593592	0.00199451472858726	0.000788694617871051	0.000274050025162775	0.00010962001006511	3.41672758644499e-05	7.11818247176039e-06	1.42363649435208e-06	
0.000734592614601079	0.00535732480037392	0.0194421228657805	0.0489747409866341	0.0885429914805782	0.128158979806897	0.152955577453208	0.154934203729393	0.136974803687071	0.104932030589263	0.0708415182340707	0.0429975368703505	0.023764177958089	0.0120705465411803	0.00565087684423003	0.00227217832004155	0.00087495609188179	0.000326327272053632	0.000129675902868474	4.98753472571053e-05	1.06875744122368e-05	4.27502976489474e-06	
0.000605663308204244	0.00490373516124895	0.018295307178179	0.0466481879978909	0.0859243847173334	0.125457810206496	0.151707970529136	0.154727023984267	0.137354462669764	0.107224494449274	0.0738011429222898	0.0451361673625857	0.0246996622536375	0.0129875589631044	0.00629462313491328	0.00270553362500178	0.000971911473400693	0.000368385800401875	0.000111157030682191	5.05906998617663e-05	1.78136267118895e-05	4.27527041085349e-06	2.13763520542674e-06	
0.000513466002488884	0.00436873990450959	0.0172267843835021	0.0439241639240213	0.0828270582320367	0.121987398688522	0.149681758050541	0.154759366297375	0.138856183164733	0.109992975499827	0.0766119801602442	0.047683876097801	0.0264870011089439	0.0138593031838458	0.00660231701533623	0.00285116260826466	0.00115529850559999	0.000405780771411354	0.000132645383976295	4.77808641204934e-05	1.85418278676541e-05	2.85258890271602e-06	3.56573612839503e-06	
0.000490718371812111	0.00409525491715477	0.0161837352143492	0.041858490781047	0.0791815757686259	0.119035172185883	0.147582303940561	0.154633976798778	0.140036351619299	0.11173920846913	0.0792065034072521	0.0503972753378763	0.0283612427923513	0.0150285172185883	0.0070217596918659	0.00317506894272626	0.00129481277206737	0.00044015087631333	0.000162385760193268	4.9855277252319e-05	2.49276386261595e-05	7.122182464617e-07	
0.000463116581928463	0.0037998394434038	0.0149217732584069	0.0397345464276157	0.0765012933725805	0.115854785478548	0.145521362947106	0.154195700651146	0.140407813754348	0.113674070109714	0.0818374810454018	0.0527403443047007	0.0305157434662385	0.0162511818749443	0.00785799661047186	0.00347872625100348	0.00142288823476942	0.000562304879136562	0.000151279992864151	7.42128266880742e-05	2.64026402640264e-05	3.56792436000357e-06	3.56792436000357e-06	
0.000452861464978357	0.00357589666214043	0.0139511237159135	0.0379655981936809	0.072850171923586	0.112978254817171	0.143011656910445	0.153547094388149	0.141700779619525	0.115797958278357	0.0843084214431328	0.0551672133995726	0.0326508843971424	0.017151771962891	0.00858727872270281	0.00381300808955834	0.00159783196133873	0.000593846638037657	0.000184419999102822	7.40528181725616e-05	2.63457141575459e-05	9.2566022715702e-06	4.27227797149394e-06	
0.000463244633727198	0.00333379586637776	0.0134568652356606	0.0359800897314106	0.0699897886935576	0.109924180160179	0.140187361462458	0.151927161719342	0.143067163355997	0.117714659806946	0.0871447835167455	0.0576131160139614	0.0343861297013816	0.0184315860258093	0.00920298440552051	0.00427309374121632	0.00185226694560967	0.000683125727155315	0.000249767843991162	8.61023051935345e-05	2.41940361700841e-05	8.53907158944144e-06	
0.000435822014264298	0.00320123336210421	0.0127524076681961	0.0342517773588334	0.0678363353472948	0.106288755508109	0.137861718075683	0.151172034706764	0.143214379003316	0.119626754644983	0.0895096079589334	0.0597608515422705	0.0365210330259392	0.019804348566756	0.00999906305365012	0.00455909576159542	0.00197610502884659	0.000807051515013855	0.000286052559850997	0.000105051560441557	2.20040430654613e-05	6.388270567392e-06	2.129423522464e-06	
0.000334795225195894	0.00306919266826829	0.0122129326004723	0.0321715513431885	0.0649204825874564	0.103900719029491	0.135306922813386	0.150464918496514	0.143719362158351	0.121538469177205	0.0920275468376392	0.0615938096930311	0.0380581309489104	0.0213126951937734	0.0108439605991416	0.00497156723177547	0.00217758758760889	0.000872453658879131	0.000352528023140592	0.000122710961777309	2.48259171225769e-05	2.83724767115165e-06	
0.000317944759753433	0.00281405896494464	0.0115699319145019	0.0307698299455812	0.0622605235112715	0.10008178757183	0.133381013245338	0.149619563870429	0.14497360492	0.12329033879882	0.0937398871968814	0.0643586756786421	0.0394216096219007	0.0224211245614097	0.0114807091088695	0.00551623536409632	0.00246141644744529	0.000993488859541352	0.000352642517499354	0.000124628680883306	3.82383452710143e-05	1.27461150903381e-05	
0.000318703815329866	0.00263018980190191	0.0109645419038984	0.0296217883170672	0.0597269323097123	0.0966315621362908	0.130491192538797	0.149058693088226	0.145212340833591	0.124948148797229	0.0956415309937694	0.0664684719954039	0.041773519599578	0.0237918404756672	0.0123432362358465	0.00601297287060272	0.00261534993466925	0.00114761639932528	0.000416222942858738	0.000120838918894472	4.31062810091392e-05	1.7666508610303e-05	3.53330172206059e-06	
0.000317125557000317	0.00254901143700255	0.0103274162460103	0.0283767338610284	0.0581314453650581	0.093999829077094	0.127550159163128	0.146695643514147	0.146201238414146	0.126695544633127	0.0978095735190978	0.0687858752700688	0.0432117120330432	0.0253333173240253	0.0130501757610131	0.00623303572500623	0.00284353561800284	0.00117315267300117	0.000508530960000509	0.000130664205000131	4.23775800000424e-05	1.41258600000141e-05	1.90699110000191e-05	7.06293000000706e-07	
0.000271544664854483	0.00223882918992004	0.00968509304647657	0.0269798010369612	0.0562649031349266	0.0912651718510012	0.125441613654171	0.144277903335756	0.146250137893775	0.127899658589156	0.100550726523408	0.0706440417160491	0.0457008256654966	0.0265321766284901	0.0139131283359686	0.00689963878902394	0.00299547708417602	0.0013181230606478	0.000600368282451709	0.000183858366828556	4.73788868365895e-05	9.90006590615303e-06	2.47501647653826e-05	4.95003295307652e-06	
