# <P(N_2)> as a function of N_tot.
# number_of_species: 2
# species_total_upper_bound: 100
# species_total_lower_bound: 0
# volume: 512
# Bin widths for each species index 
1	1	1	1	1	1	1	1	1	1	1	1	1	1	1	1	1	1	1	1	1	1	1	1	1	1	1	1	1	1	1	1	1	1	1	1	1	1	1	1	1	1	1	1	1	1	1	1	1	1	1	1	1	1	1	1	1	1	1	1	1	1	1	1	1	1	1	1	1	1	1	1	1	1	1	1	1	1	1	1	1	1	1	1	1	1	1	1	1	1	1	1	1	1	1	1	1	1	1	1	1	
# Bin lower bound for each species index 
0	0	0	0	0	0	1	2	3	3	4	4	4	5	7	7	8	9	10	11	12	12	13	13	13	15	15	16	17	18	19	20	20	21	22	24	24	25	26	26	27	29	29	30	30	30	31	31	32	34	35	36	37	37	38	39	40	40	42	44	44	45	45	46	47	48	49	51	51	52	52	53	54	55	56	57	58	59	59	60	62	62	63	64	64	64	65	67	68	69	70	71	72	72	73	74	76	76	77	79	80	
# Bin upper bound for each species index 
0	1	2	3	4	5	6	7	8	9	10	11	12	13	14	15	16	17	18	19	20	21	22	23	24	25	26	27	28	29	30	31	32	33	34	35	36	37	38	39	40	41	42	43	44	45	46	47	48	49	50	51	52	53	54	55	56	57	58	59	60	61	62	63	64	65	66	67	68	69	70	71	72	73	74	75	76	77	78	79	80	81	82	83	84	85	86	87	88	89	90	91	92	93	94	95	96	97	98	99	100	
# Normalized histogram for each species index 
1	
0.0786474068661846	0.921352593133815	
0.00633509265024508	0.144820683514987	0.848844223834768	
0.000419727992942352	0.016697790015526	0.201580198166022	0.78130228382551	
8.4137037711003e-05	0.00177079114252227	0.0315826959463558	0.249264779257677	0.717297596615734	
3.92803833765418e-06	0.00020229397438919	0.00401445518108257	0.0492242124283133	0.287253515594312	0.659301594783565	
7.8380809242665e-06	0.00045852773406959	0.0081849160051653	0.0671645154400397	0.315126124519673	0.609058078220129	
3.71247469655404e-05	0.0010688019257974	0.0119522145888532	0.0865749099236403	0.339197089419838	0.561169859394906	
0.000138960108662891	0.00199241395237778	0.0178827959556737	0.106938610946925	0.355855309254743	0.517191909781617	
2.94467543787324e-05	0.000259131438532845	0.00313117154893854	0.0249119542044076	0.127569229319544	0.370108403318453	0.473990663415745	
6.50882438797327e-05	0.000552263887464399	0.00497234735820625	0.0333153190112899	0.146746376754424	0.379409235430095	0.434939369314641	
9.90065680957275e-06	0.000122768144438702	0.000815814121108794	0.00715223447923535	0.0435688303562058	0.165529081199247	0.380183241356232	0.402618129686723	
9.88380597693515e-06	2.76746567354184e-05	9.29077761831904e-05	0.00131849971732315	0.00984822427541818	0.0523327758866762	0.180185736481919	0.384310051039974	0.371874246359794	
1.98116310123347e-06	2.57551203160351e-05	0.000166417700503612	0.00191578471889277	0.0131133185670644	0.0625413567797383	0.19677110037761	0.384533852133911	0.340930433438863	
1.79032152185286e-05	0.000236720290111656	0.00275311665138263	0.0172567102245262	0.0726890430333616	0.212692186042256	0.380284183702902	0.314070136840242	
3.9627108905202e-06	7.13287960293637e-05	0.000527040548439187	0.0038141092321257	0.0211747456434947	0.0841778860918754	0.226268810493258	0.37364400986715	0.290318106616737	
1.97141060342907e-06	0.000163627080084613	0.000898963235163657	0.00526169490055219	0.026639671484137	0.0955976429814825	0.238599825333021	0.367123968212975	0.265712635361981	
1.97324672095726e-06	0.000142073763908923	0.00129050335550605	0.00724181546591315	0.031994222333601	0.109450075871336	0.248463334116055	0.358167958814394	0.243248043032565	
5.95245181490256e-06	0.000259923729250745	0.00176986233963103	0.00935923840363179	0.0386889526462617	0.120656198288075	0.256175668757961	0.349214474775493	0.22386972860788	
3.761824999901e-05	0.000332624526307036	0.00216799914467979	0.0114220886444363	0.0449755877356585	0.130873891746556	0.264284045506203	0.339835350859478	0.206070793586682	
6.99008805513781e-05	0.000455354307591835	0.00291985963903185	0.0143676267053318	0.0513431953489951	0.141565260460667	0.272106153474373	0.328522155583383	0.188650493600075	
6.01407293065774e-06	6.21454202834633e-05	0.000565322855481827	0.0038429926026903	0.0170859811959986	0.0600024056291723	0.150963254014394	0.275448549606078	0.319096686245815	0.172926648357156	
3.19794691807859e-05	0.000157898629080131	0.000923407172595194	0.0050107830772644	0.0206787242590257	0.065977642353609	0.159967300992763	0.278599139352536	0.30746860515549	0.161184519538456	
7.98036829399677e-06	7.18233146459709e-05	0.000227440496378908	0.00138658899108194	0.00622668236139098	0.0236977036490234	0.0735111625401512	0.170069628713365	0.280276519761387	0.294280071025278	0.150244398779004	
1.98661024693565e-06	1.78794922224209e-05	6.35715279019409e-05	0.000421161372350359	0.00175020362755031	0.00779943182946938	0.0274589268331446	0.0807457734866996	0.178757176629517	0.28119276079226	0.284705087708842	0.137086040089795	
1.58069965718576e-05	7.11314845733593e-05	0.000515703263156855	0.00233350786892048	0.00932217622825303	0.0323035733691625	0.0889953665741299	0.187518400331947	0.280880449709052	0.271961351893382	0.126082532280851	
7.89181894588974e-06	1.57836378917795e-05	9.27288726142045e-05	0.000655020972508849	0.00288051391524976	0.0111215458494951	0.0364641494394836	0.0968326184660672	0.194268961081495	0.281852367742979	0.261400718944706	0.114407699258564	
1.19125854479827e-05	1.98543090799712e-05	0.000109198699939841	0.000710784265062968	0.00349038753625893	0.0135704202561603	0.0412155602191122	0.104834722804064	0.202289598923102	0.280195922322001	0.24775199585442	0.10579964222535	
7.96611215887614e-06	1.59322243177523e-05	0.000181229051614432	0.00101767082829643	0.00428576834147536	0.0157729020745748	0.0464145524936918	0.113254216562742	0.208007137636494	0.276212989940792	0.236059801603977	0.0987698331298656	
7.96863545086539e-06	1.59372709017308e-05	0.00029483951168202	0.00122517770057055	0.00506605998788767	0.0183537596022057	0.0521148758486597	0.119902065470309	0.213194865011315	0.271939645555095	0.226374988047047	0.0915098173588755	
3.97202108348791e-06	1.78740948756956e-05	0.000339607802638216	0.00154114418039331	0.00624004512215951	0.0210735578584451	0.0576240958687009	0.126628032141595	0.21707691024424	0.268727086403375	0.216240799806165	0.0844868744563296	
3.97107469194388e-06	6.7508269763046e-05	0.000474543425687294	0.00192994230028473	0.00738222785232367	0.0231473943793409	0.0631103045417181	0.134091279122869	0.221532358302127	0.264159859582799	0.206569348862883	0.0775312622855123	
1.9919961594314e-06	7.96798463772562e-06	0.000115535777247021	0.000555766928481362	0.00224497967167919	0.00824088811156772	0.0261648695541315	0.0674848458892171	0.141840086532313	0.223948176227916	0.26201522283465	0.195886926330006	0.0714927421619931	
1.99931223659061e-06	1.59944978927249e-05	0.000115960109722256	0.000675767535967627	0.00265708596242892	0.00994857768927489	0.0294498692449797	0.0731528354246139	0.146989435634142	0.228897259342786	0.2563218252921	0.186453859872204	0.0653195300816519	
6.01401264947327e-06	8.01868353263103e-06	0.000188439063016829	0.0008399571000431	0.00327162288131346	0.0114065773251676	0.0338608958874177	0.0802650174907535	0.153992803231529	0.231120510790141	0.250297192458428	0.175877795262963	0.0588651558130444	
1.40654606538832e-05	0.000229066073506097	0.00111719944622272	0.00398655341961489	0.0134224681668485	0.0369318809740532	0.0864503398818099	0.160790318140626	0.231437108302038	0.245203175579145	0.165644911417738	0.0547729131377431	
3.99734576241376e-06	3.59761118617238e-05	0.000307795623705859	0.00142105641853809	0.00448302327254703	0.0151639311497166	0.041504441051142	0.0927584084168112	0.166459470911315	0.230758776172621	0.237570253351774	0.157987096567879	0.0515457736063254	
2.00095645718654e-05	9.60459099449537e-05	0.000420200856009172	0.00156874986243424	0.0051424580949694	0.0176964589073577	0.046180074075408	0.0978207583224781	0.17066157623344	0.23265721014645	0.230612232647205	0.150599986793687	0.0465242385860441	
1.19638929710135e-05	0.000125620876195642	0.000424718200470979	0.00206377153749983	0.00634285725679898	0.0196187904903003	0.0500409763334257	0.103360059340909	0.176477391233258	0.232077589833881	0.225110616160428	0.140908737430435	0.0434369074134263	
2.19093391545784e-05	1.39423067347317e-05	9.75961471431218e-05	0.000531799414024766	0.00214910699525364	0.00759855717042877	0.0224909325212272	0.0554346115772932	0.108528907381256	0.181534808960521	0.232087621422553	0.216581784575427	0.133718672134707	0.0392097500542754	
5.97416769887009e-06	3.18622277273071e-05	0.000117491964744445	0.000724865680796237	0.00256490933204822	0.00877804373887311	0.0247091576025267	0.0595704175146666	0.115516506625352	0.184731222195228	0.22957531633218	0.211851952158865	0.125911558421386	0.0359107220379081	
3.59831598811756e-05	0.000173918606092349	0.000941559350224095	0.00318051152060836	0.00992135680501525	0.0270153568130115	0.0636082313477293	0.120853440589804	0.188000015992516	0.228956848195045	0.206081553832806	0.11866046690149	0.0325707568857775	
2.00268359601866e-06	4.2056355516392e-05	0.000294394488614744	0.00119560210682314	0.00350069092584063	0.0118739110407947	0.0296997977289568	0.0686900446598442	0.124799230969499	0.191011956021068	0.229183105361184	0.199168886307652	0.11055814791821	0.0299801734323994	
1.19971206910342e-05	0.000103975045988963	0.000319923218427577	0.00120970966967928	0.00432496200911781	0.0127229464928417	0.0326541630008798	0.0721406862353035	0.129710869391346	0.195185155562665	0.227597376629609	0.191132128289211	0.104898824282172	0.0279872830520675	
3.99415256065121e-06	4.59327544474889e-05	0.000135801187062141	0.000407403561186423	0.00143789492183443	0.00497271993801075	0.0140254667167267	0.0357117180447824	0.076140530263694	0.135222034940847	0.198441481670834	0.223335037505093	0.184368085123379	0.0993465566410775	0.0264053425784651	
3.98922112452154e-06	7.97844224904309e-06	5.38544851810408e-05	0.000107708970362082	0.000538544851810408	0.00163358605049157	0.00572453231368841	0.0159528952769616	0.0390544748090659	0.0794892201272163	0.140869370959667	0.200278846556604	0.219620585178847	0.177514356209522	0.0950771016712842	0.0240729548759252	
5.97922816136741e-06	1.19584563227348e-05	5.97922816136741e-05	0.000129549943496294	0.000560054371114747	0.00206283371567176	0.00615063270199328	0.0178559683658969	0.0417031233494839	0.0851462020939257	0.146548889159061	0.201161166108938	0.216914439238087	0.170999946186947	0.0886360782641105	0.0220533865351768	
1.39487522841082e-05	1.99267889772974e-06	1.59414311818379e-05	5.18096513409733e-05	0.000127531449454703	0.000675518146330382	0.00248686326436672	0.0071158563437929	0.0201778665184114	0.0458953803725114	0.0904457024890552	0.151401749970608	0.202438241899262	0.211642425727876	0.163668681265032	0.0835908870808649	0.0202496029587296	
1.99624705553559e-06	3.99249411107119e-06	1.79662234998203e-05	8.18461292769593e-05	0.000173673493831597	0.000854393739769234	0.00260510240747395	0.00835229768036092	0.0221483610811674	0.0495508444125045	0.0960713857947059	0.155132351179782	0.202786760889528	0.207587735058091	0.157238391823372	0.0783387232003833	0.0190541781450872	
4.00893993605741e-06	1.60357597442296e-05	5.61251591048037e-05	0.000320715194884593	0.000956132174749692	0.003072852460988	0.00903414614590537	0.0243883861010052	0.0527356003888672	0.100185413472043	0.159475630656364	0.203798470589414	0.203012718361947	0.151555969812682	0.073321506960522	0.0180662878218427	
2.00408834021404e-06	4.00817668042807e-05	0.000120245300412842	0.000316645957753818	0.00117840394404585	0.00332879073309551	0.00982203695538899	0.0260531484227825	0.0568640025652331	0.104529239648884	0.163555653533208	0.202861838149826	0.200228466070784	0.145458735821075	0.0687482464227023	0.0168924606196641	
1.20392962630024e-05	4.21375369205085e-05	0.000110360215744189	0.000383250931038911	0.00124606716322075	0.00354356620007705	0.0114674296905098	0.0288280949017593	0.0605054899190959	0.110013082701939	0.165738972004623	0.204509519070245	0.194791800436625	0.138801046616155	0.0652810774367536	0.0147260658790292	
1.20617561917015e-05	4.02058539723384e-05	0.000134689610807334	0.000474429076873593	0.0014494210357028	0.00471212608555806	0.0131111289803795	0.0310208266323577	0.0646349308459312	0.114305242843358	0.169686796397555	0.204237697008684	0.190173689289161	0.132598906400772	0.0598484239305243	0.0135594242521711	
4.03247757438409e-06	8.06495514876818e-06	7.86333127004897e-05	0.000157266625400979	0.000483897308926091	0.00179646875938811	0.00538739003937714	0.0140914928836852	0.0337276424321485	0.0688464896274596	0.11882904916195	0.173291691281582	0.202321497339573	0.185816566627619	0.126466561687834	0.0561824938051063	0.0125107616745266	
1.0097317950406e-05	2.22140994908932e-05	5.25060533421113e-05	0.000208004749778364	0.00058766390471363	0.00212043676958526	0.0059412618820189	0.0155094803718236	0.0367986655384597	0.0733186451014881	0.123142850795972	0.174701775714335	0.201077989664385	0.179847368941862	0.121674700765983	0.0537338872048806	0.0112524511239325	
6.07670010877293e-06	3.03835005438647e-05	0.000101278335146216	0.000212684503807053	0.000729204013052752	0.0024165010765887	0.00658916848461278	0.0174867173463456	0.0400697605172487	0.0773057532171063	0.127069875974551	0.176181766253654	0.200077376648052	0.176090615752022	0.115445148666468	0.0494096485844327	0.0107780404262603	
1.01324308714904e-05	2.43178340915769e-05	0.000137801059852269	0.000271549147355942	0.00091597175078273	0.00292827252186072	0.00773307124112146	0.0194461613285643	0.0426575339689745	0.0815032474440943	0.131989097504382	0.177108812175129	0.198427446728745	0.17111649255773	0.109430253412096	0.0468807311562117	0.00941910773813746	
4.05919112498452e-06	2.02959556249226e-05	4.05919112498452e-05	0.00012583492487452	0.000316616907748793	0.00116701744843305	0.0034361052872994	0.00877597121221654	0.0210428467919198	0.0457064920673257	0.0858518922934227	0.134077112453801	0.179809989263439	0.194857410763757	0.1671392241668	0.105360364840098	0.0434597297796468	0.00880844474121642	
2.647323555885e-05	4.07280547059231e-05	0.000120147761382473	0.000356370478676827	0.00132977098614839	0.00358203241138594	0.0100842663451866	0.0238075843783473	0.049164871238255	0.0885264997087944	0.138035523009315	0.179588320823033	0.194584390565753	0.162594539996986	0.0999812650948353	0.0396772708945103	0.00849994501712615	
3.66822906052578e-05	0.000156918687589158	0.000379050336254331	0.00143672304870593	0.00409007540248624	0.0110658243325861	0.025653148563277	0.0522518850621561	0.0937028734460974	0.140271041369472	0.18030364785001	0.190513552068474	0.158834318320766	0.0945771347055227	0.0387752190747911	0.00795190544120644	
8.16639853658138e-06	5.71647897560697e-05	0.000146995173658465	0.000538982303414371	0.00152915812597486	0.00438943921341249	0.0121189354282868	0.0276616334430353	0.0566258074526553	0.0971923921831233	0.143252921529076	0.18190652740235	0.188206903873323	0.151556107241146	0.0916637403738577	0.0360873151331531	0.00705780993524046	
6.14407864420665e-06	8.39690748041575e-05	0.000165890123393579	0.000593927602273309	0.00183707951461779	0.00499103988531053	0.0133531309200758	0.0303148840305156	0.0587005273667503	0.100515078593006	0.147306333521069	0.182585633096104	0.184181045517383	0.1480333828273	0.0873790384516922	0.0335589575546567	0.00639393784240438	
2.04914673529942e-06	8.19658694119769e-06	8.81133096178751e-05	0.000217209553941739	0.000788921493090277	0.00221307847412337	0.00586260880969164	0.014864510417862	0.032288405108113	0.0613801413091589	0.103195029589679	0.150173767643153	0.180425320896379	0.183234701070474	0.144284519925903	0.0835662530122457	0.0316613662071114	0.00574580744577958	
2.04533275518594e-06	1.63626620414875e-05	8.38586429626236e-05	0.000353842566647168	0.00098789572075481	0.0024728073010198	0.00663915012333357	0.0163524353777116	0.0346990701917295	0.0642132218490626	0.105807108758524	0.151839367746739	0.181905759247972	0.18166440998286	0.1396962271792	0.0792607349289656	0.0291378104303789	0.00486789195734254	
1.22588079535146e-05	2.45176159070292e-05	0.000128717483511903	0.000492395452799503	0.0010052222521882	0.00263768684466456	0.00753303748743472	0.0176465540490843	0.0360327228446972	0.0682059643186963	0.109889997629964	0.154614215313703	0.182486658330677	0.177579048879954	0.134765162102304	0.0751669241016337	0.0269182991312591	0.00486061735356854	
4.08257414464968e-06	2.44954448678981e-05	0.000151055243352038	0.000396009692031019	0.00119211165023771	0.00314562337845258	0.0081181986866359	0.0185450930520712	0.0378719990528428	0.0712062169439075	0.114642764555908	0.156268690534756	0.183264712066252	0.174131993704671	0.129460467413914	0.0716797955446868	0.0253772808831424	0.0045194095781272	
4.09069061084238e-06	3.68162154975814e-05	0.000161582279128274	0.0005501978871583	0.00126197805344487	0.00346686029268891	0.00877044066964605	0.0200116584682409	0.0405080637738666	0.0748289579988342	0.117400775185871	0.159162635631961	0.183228168495546	0.169645030322244	0.125496251904728	0.0675945716535594	0.0238057740097972	0.00406614646717732	
4.08584357347879e-05	0.000196120491526982	0.000635348675675952	0.00140144434570322	0.00407358604275835	0.00994902910142085	0.0219450658331546	0.0431179072309217	0.0786259308062391	0.121882756718659	0.161096640415122	0.180622886852777	0.166042554060818	0.120324007395377	0.0637963615562978	0.0222351607268716	0.00401434131094291	
8.16946743241808e-06	5.92286388850311e-05	0.000187897750945616	0.000698489465471746	0.00159713088303773	0.00445848685124217	0.0113433055299125	0.023331998986986	0.0467252689797152	0.0828935436698882	0.124186116807045	0.16214146249806	0.1783680671857	0.161610447114953	0.116388360142802	0.0614997508312433	0.0208668621892539	0.00363541300742605	
2.23615868595184e-05	8.74134759053902e-05	0.000213451510931767	0.000674913348850919	0.00175030238964049	0.00502932417185896	0.0119715804559731	0.0252035412622099	0.0502037953711515	0.0851203968165232	0.127375664494882	0.163005803848226	0.176973664149294	0.159310043401807	0.111789638453798	0.0582620981267089	0.0196172102903957	0.00338879684498338	
2.01988781543073e-06	2.82784294160302e-05	9.29148395098136e-05	0.000232287098774534	0.000708980623216187	0.00204614635703133	0.00555671138024994	0.0130545349511288	0.0277532585840182	0.0528645039054531	0.0875823356770765	0.129844448439334	0.164346152214706	0.175364640247881	0.155272816147791	0.108758839534052	0.0550076048776251	0.018340581364111	0.00314294544081022	
4.02939849139321e-06	2.82057894397524e-05	7.45438720907743e-05	0.000280043195151828	0.000753497517890529	0.00229675714009413	0.00639062600734962	0.0141230417123332	0.0295113145509638	0.0550738185803623	0.0919649764683128	0.131140803300883	0.164878956869319	0.175546789375282	0.152597350267552	0.104097495325898	0.0517475501257172	0.0167622977241957	0.0027279027786732	
1.00532823967025e-05	2.81491907107671e-05	0.000110586106363728	0.000351864883884588	0.00103146677390168	0.00277068462853122	0.00670553935860058	0.0152990851513019	0.031868905197547	0.0585684125867096	0.0946134512918468	0.134100733889615	0.165113099426963	0.174153010958078	0.149224891927214	0.0994028350256359	0.0486076203880567	0.0155665024630542	0.00247310746958882	
8.00513929943023e-06	4.20269813220087e-05	0.000160102785988605	0.000432277522169233	0.00122478631281283	0.00318404415634838	0.007586870771035	0.0166646987365889	0.0338517328124656	0.0616735944476354	0.098391167129297	0.137180069604686	0.166432849889629	0.171197909057615	0.144452738658219	0.0950990535924063	0.0454992104931366	0.0146293920697088	0.00228946983963705	
1.99766672526489e-05	5.99300017579467e-05	0.000141834337493807	0.00046545634698672	0.00141634570821281	0.00344197976763141	0.00796070190018059	0.0178611381905934	0.0354925447077813	0.0650520192415259	0.101665254982181	0.140266169114474	0.16734454157544	0.169264299298419	0.139754766432806	0.0903384846499289	0.0433793329391271	0.0138618094066131	0.0022134147315935	
2.9821844302139e-05	4.77149508834224e-05	0.000147121098557219	0.000648128082833155	0.00149308033806043	0.00354084698014064	0.00857278617538823	0.0194696880833898	0.0379333859523208	0.0675087030082288	0.105084226828924	0.14220248237032	0.168340334839668	0.166340283148471	0.135021382262365	0.0871434052967572	0.0414265179815781	0.0130818490338717	0.00196824172394118	
2.58423615942749e-05	8.54785806579863e-05	0.000272338733724282	0.000747440612265182	0.0015505416956565	0.00395785707186164	0.0100964118874863	0.0215465659477189	0.0400954179505019	0.0708498161216579	0.107027134479674	0.146202166782626	0.165848325216181	0.163753106053076	0.13142232382467	0.0826379087565848	0.0399045820494981	0.0122015704204353	0.00177517145412981	
5.3789360862861e-05	8.56645376704824e-05	0.000318751768076214	0.000623558146299093	0.00171129855485917	0.00448643113567271	0.0109570920276198	0.0227509074464397	0.0427446120990202	0.0726216137605138	0.110822020965898	0.146597922535352	0.166260922228553	0.162156993214572	0.126552420720459	0.0799867718016248	0.0382541965662466	0.0112519374130903	0.00176309571717156	
7.98599256903391e-06	3.99299628451696e-05	8.18564238325976e-05	0.00030147121948103	0.000700770847932726	0.00189866973328781	0.00523282163085947	0.0120049433294002	0.0240717781012105	0.0440926614717785	0.0765197842983407	0.113101619758943	0.14908650227501	0.166923216677947	0.157819185149248	0.124228103905749	0.0764119733986588	0.035330031125406	0.0105335241985557	0.00161317049894485	
1.99866089719888e-06	1.99866089719888e-05	8.19450967851539e-05	0.000293803151888235	0.000817452306954341	0.00226248413562913	0.00564621703458683	0.0129852998491011	0.0254669371521081	0.0472903154886226	0.0785293853118411	0.116252111085573	0.150543136098814	0.166036755373899	0.155581760220652	0.119893671240269	0.0734907611900027	0.0333476570697633	0.010019287077658	0.00143903584598319	
1.59700083243668e-05	9.5820049946201e-05	0.000337366425852249	0.00105002804732712	0.00227572618622227	0.00608856567366486	0.0132211706415352	0.0273067179836268	0.0497266134199972	0.0817464801103528	0.118643188092762	0.151387693910835	0.165267627395751	0.153950880246896	0.117193909837325	0.0697869401264425	0.0314469426417189	0.00913484476153783	0.0013235144398819	
1.99587253559639e-06	4.39091957831205e-05	0.000111768861993398	0.000443083702902398	0.00107377942415086	0.0025986260413465	0.00622313056598953	0.0143922368541855	0.0293393262732669	0.0526630927242463	0.0850481204868332	0.121806104974912	0.151291129943277	0.165397957024873	0.151191336316497	0.113044224543644	0.066065376800776	0.0296187484282504	0.00851638810938978	0.00112966385514755	
3.98604882909816e-06	5.97907324364723e-05	0.000167414050822123	0.000422521175884405	0.00117189835575486	0.00279422022919781	0.00727453911310414	0.0161275535625311	0.0310473343298455	0.0561614349775785	0.0873522670652715	0.12278624813154	0.152392625809666	0.164185351270553	0.147916292974589	0.109189835575486	0.0640298953662182	0.0280418535127055	0.0077927254608869	0.00108221225710015	
2.18576628992004e-05	5.56376873797829e-05	0.000162938941612221	0.000472920342728154	0.00128960211105282	0.00337800244805824	0.0078548492218672	0.0171066018090197	0.0334899136821021	0.0577280747770518	0.0909278776606737	0.125669639308821	0.153627577217162	0.162102389241261	0.144014179662041	0.105550654140239	0.0615412434228305	0.0266941675807144	0.00730443352886006	0.00100743955362678	
3.96908086009982e-06	7.93816172019964e-06	4.5644429891148e-05	0.000174639557844392	0.000567578562994275	0.00145069905436649	0.00393137459192887	0.00855733833437522	0.0192282122267536	0.0354399229998313	0.0607725815894184	0.0933428591273976	0.128465255658421	0.154210698657458	0.160114706436857	0.140259379434208	0.101888290219192	0.058172833626053	0.0254656227984005	0.00696772144990524	0.000932734002123458	
3.98508780144699e-06	7.97017560289397e-06	1.59403512057879e-05	4.58285097166403e-05	0.000255045619292607	0.000659532031139476	0.00149640046944334	0.00420426763052657	0.00949646423084817	0.0202442460313507	0.0380695437672231	0.0637873078938612	0.0965786028680677	0.129543249161637	0.155282931271183	0.157707857198364	0.137794373454533	0.0971803511260862	0.0561518796662887	0.0238387952282559	0.00653554399437306	0.00109988423319937	
3.97983813998285e-06	1.19395144199485e-05	2.98487860498714e-05	8.75564390796226e-05	0.000296497941428722	0.000823826494976449	0.0016934211285627	0.00484744285449911	0.0103535489211654	0.0214931158749774	0.0399814539542677	0.0664692666949235	0.0984154274445658	0.132488811680029	0.1554544676668	0.156115120798037	0.133983240901593	0.0937052890058961	0.0541516676516766	0.0223010230173939	0.00625431563698304	0.00103873775453552	
9.94263101902025e-06	1.19311572228243e-05	0.000131242729451067	0.000318164192608648	0.000902790896527039	0.00208198693538284	0.0051562484464639	0.0112212533680663	0.0223172295852929	0.0413275400936596	0.0686797180269843	0.102448870019985	0.135259552382752	0.154448830249461	0.153621603348678	0.130262386032592	0.0927548047764399	0.0516121976197341	0.0206568102051165	0.00585819819640673	0.000918699106157471	
7.95007353818023e-06	3.18002941527209e-05	0.000147076360456334	0.000284215128989943	0.000886433199507095	0.00238303454306952	0.00561672695472433	0.0122769010613348	0.0238541956513098	0.0431271614262432	0.0713896728544739	0.105044321659975	0.136846603331081	0.154217514012005	0.150975871526812	0.128866717017132	0.0889493977819295	0.049139404539492	0.0194021544699288	0.0057300155026434	0.000822832611201654	
1.98591982841653e-06	4.36902362251636e-05	9.92959914208263e-05	0.000349521889801309	0.000895649842615854	0.00281603431669464	0.00646019720183896	0.0136253959427658	0.0253165059726539	0.0457933253234567	0.0739794854481725	0.106667725823908	0.136248001668173	0.154538323287889	0.150024327517898	0.126060232948396	0.0865066677258239	0.0465638622168823	0.0183618147335392	0.00499260244863915	0.000655353543377454	
5.96859326225402e-06	5.57068704477042e-05	0.000101466085458318	0.000403874810745855	0.00117183381048921	0.00294450600937865	0.00665498148741323	0.014716561453631	0.0269422299858146	0.0471658134894187	0.0762069987724593	0.109414262152553	0.137814818425445	0.154676094391313	0.150171796009399	0.122272601570536	0.0829495196277189	0.0444421454307434	0.0171278731315816	0.0042536174648997	0.000507330427291592	
7.93424101050493e-06	5.75232473261608e-05	0.000150750579199594	0.000378860008251611	0.00138650861658574	0.00311617315687581	0.00707337586086515	0.0151365482877908	0.0279880351645562	0.0499202608778444	0.0791361198387762	0.11061918816846	0.139993731949602	0.155891967374401	0.147769288139897	0.119442064172141	0.0793840648703545	0.0419820527468342	0.0158823669427783	0.00413969024723095	0.000543495509219588	
5.95451938096817e-06	9.52723100954906e-05	0.000119090387619363	0.000555755142223695	0.00151046308297226	0.00330674309623099	0.00754040637609935	0.016273701468186	0.0305486692641603	0.0526399361675522	0.0813188863460886	0.113630093347016	0.140741020088564	0.155139047951745	0.145389514885306	0.115739978047672	0.0770395717509661	0.0393752518265488	0.0147076628709914	0.00381287724361328	0.000510103826969606	
3.95231141052066e-06	2.17377127578636e-05	6.91654496841115e-05	0.000146235522189264	0.000687702185430594	0.00156116300715566	0.0037309819715315	0.00876425055282956	0.017079913760565	0.0330729418832369	0.0548817962464899	0.0842138753796689	0.11526718613213	0.141243752877777	0.154808085638684	0.143158647756174	0.112949155489859	0.0726632452824223	0.037780144773167	0.0138805176737486	0.00354917564664755	0.000466372746441438	
9.84242281079911e-06	2.36218147459179e-05	8.46448361728723e-05	0.000242123601145658	0.000606293245145225	0.00184643851930591	0.00428932786094625	0.00908652473892974	0.0186454857727778	0.034598084664521	0.0575328982982451	0.0871467800513775	0.118051987677287	0.142309622936782	0.152295745120619	0.140492711685909	0.110672139053749	0.0693221523410203	0.0355134299859253	0.0135884489325892	0.00314760681489355	0.000494089625102115	
1.96151892179228e-06	9.8075946089614e-06	9.8075946089614e-05	0.000258920497676581	0.000737531114593897	0.00191248094874747	0.00463899225003874	0.00991743966858176	0.0201291071754324	0.0365901739671132	0.0590024891675118	0.0899631038290811	0.119240735255753	0.14313988179887	0.151329223297353	0.138954000419765	0.106169173160929	0.0673958286338609	0.0342128130339009	0.0127832188133203	0.00310116141535359	0.000413880492498171	
1.76036365201131e-05	0.000103665859507333	0.000338381013108841	0.000747176572298135	0.00213199597854703	0.00513634994464634	0.0108731794905899	0.0212847525124301	0.0377304609414425	0.0611589451900997	0.0923662808210336	0.120907643498977	0.143309248950628	0.150655833258355	0.135937237167927	0.104256559310563	0.0649965379514844	0.0324082948335283	0.0122736465737455	0.00304151719875288	0.00032468929581542	
1.9539302329671e-06	3.71246744263749e-05	0.000115281883745059	0.000365384953564848	0.000890992186232998	0.00250689248889679	0.00581098851284416	0.0114598008163521	0.0221380295395173	0.0392427347989113	0.0651205868043276	0.092532274042623	0.12205225200229	0.144239129797631	0.150061841891873	0.133605841469824	0.100322593881463	0.0634069899900154	0.0311280625413989	0.0117841532350246	0.00287032351222867	0.000306767046575835	
1.94406535170086e-06	3.11050456272138e-05	0.000104979528991847	0.000437414704132694	0.0011353341653933	0.00262837635549957	0.00614519057672643	0.0122884370881012	0.0234162671612369	0.0417196424475005	0.0660593406507953	0.0935445365931421	0.123613395387899	0.146129560291299	0.149255617376834	0.130934745502405	0.0982666713324235	0.0607753710248724	0.0297383676849681	0.0108148355515119	0.00264004074760977	0.000318826717678941	
2.90560277698143e-05	0.000135594796259133	0.000534630910964583	0.0011738635219005	0.00286492433810369	0.00619668218904239	0.0127013582724448	0.024871959770961	0.0430435995382029	0.0674777818240987	0.096839866419755	0.125642138213713	0.146614779057965	0.147190088407807	0.128677524581399	0.0952979598794369	0.0587357916024206	0.028627935627339	0.0103575053656798	0.00264216145853511	0.000344798196201796	
4.25657059715816e-05	0.000203154505773458	0.000713942977432437	0.00135049376218927	0.00294670773612358	0.00658994520632759	0.0136597220072439	0.0257948178187784	0.0448623192892301	0.0694981890226914	0.0994663808315017	0.126284710398415	0.147538541311952	0.145919109680215	0.127238569173142	0.0914582236943937	0.0561151441042628	0.0271511159954184	0.0104518156208402	0.00233724421880321	0.000377286939293564	
