# <P(N_1)> as a function of N_tot.
# number_of_species: 2
# species_total_upper_bound: 100
# species_total_lower_bound: 0
# volume: 512
# Bin widths for each species index 
1	1	1	1	1	1	1	1	1	1	1	1	1	1	1	1	1	1	1	1	1	1	1	1	1	1	1	1	1	1	1	1	1	1	1	1	1	1	1	1	1	1	1	1	1	1	1	1	1	1	1	1	1	1	1	1	1	1	1	1	1	1	1	1	1	1	1	1	1	1	1	1	1	1	1	1	1	1	1	1	1	1	1	1	1	1	1	1	1	1	1	1	1	1	1	1	1	1	1	1	1	
# Bin lower bound for each species index 
0	0	0	0	0	0	0	0	0	0	0	0	0	0	0	0	0	0	0	0	0	0	0	0	0	0	0	0	0	0	0	0	0	0	0	0	0	0	0	0	0	0	0	0	0	0	0	0	0	0	0	0	0	0	0	0	0	0	0	0	0	0	0	0	0	0	0	0	0	0	0	0	0	0	0	0	0	0	0	0	0	0	0	0	0	0	0	0	0	0	0	0	0	0	0	0	0	0	0	0	0	
# Bin upper bound for each species index 
0	1	2	3	4	5	6	6	6	7	7	7	8	9	9	8	8	8	9	9	9	10	10	10	11	10	11	11	11	11	11	12	12	12	12	12	12	12	12	13	13	13	13	13	14	15	15	16	16	15	16	16	16	16	16	16	17	17	17	17	17	17	18	19	19	19	17	17	18	18	18	18	18	18	18	18	19	19	19	19	19	19	20	20	20	21	21	21	21	22	22	21	22	22	21	22	22	22	22	23	23	
# Normalized histogram for each species index 
1	
0.921091361060104	0.078908638939896	
0.847843199551585	0.145894882171711	0.00626191827670356	
0.780427379896254	0.201997564544101	0.0171056556554618	0.000469399904183018	
0.718677000214365	0.247781713195479	0.0316372611306155	0.00184314845505172	6.08770044887076e-05	
0.661039858053466	0.285191612932878	0.049478025410294	0.00411896113883482	0.000169600474363464	1.94199016446715e-06	
0.608436238423177	0.315228361537588	0.0679373638400463	0.00787533685069125	0.00050979319174419	1.22608489153666e-05	6.45307837650873e-07	
0.559858197182077	0.339367638182624	0.0874144170515687	0.0122277082809841	0.0010653344696901	6.02286356724495e-05	6.47619738413435e-06	
0.515988143048632	0.356229276760985	0.10765935453413	0.0180344463762176	0.00193962708059212	0.000135533955146691	1.3618244297036e-05	
0.474563584390549	0.369250447718016	0.127330290385916	0.0253452828585458	0.00321007817957627	0.000271128041839338	2.65938988407006e-05	2.59452671616591e-06	
0.43665797091091	0.377781315279082	0.14638822921709	0.0335307475642679	0.00501668220640454	0.000576973682073207	4.22334339355388e-05	5.84770623722845e-06	
0.402853317904599	0.381356787091929	0.164459850038431	0.0430685565564419	0.00721757574061504	0.000941083365277668	9.43686638763914e-05	8.46063883029716e-06	
0.371021666195733	0.384214953604916	0.181019749982949	0.0523281985326357	0.00991234138467484	0.00135823760388959	0.000113024076076895	2.72816735358023e-05	4.54694558930039e-06	
0.34090284576163	0.383320005430768	0.197285655170891	0.0631034502919038	0.0131260893205498	0.00201055362006838	0.000217620504918548	2.46853110056861e-05	8.44497481773471e-06	6.49613447518054e-07	
0.314064871696319	0.379290958482896	0.212620600248855	0.0734695738845495	0.0172426597525781	0.00291850973596607	0.000358950639401184	2.99668410389374e-05	2.60581226425542e-06	1.30290613212771e-06	
0.289482074512871	0.37316558025379	0.226519362180859	0.0847942105406992	0.0213831820944236	0.00404005044044293	0.000563485856244738	5.07527676525283e-05	1.3013530167315e-06	
0.265638632483522	0.367281779492974	0.237770016630411	0.0962294866677156	0.0266060569022707	0.00549427687618731	0.00087182881208936	0.000105971734802808	1.95040002704555e-06	
0.244518611769834	0.358427262347396	0.248208110912681	0.108049431871782	0.0320968859482195	0.00722545891032585	0.00129532583202402	0.000165900596266261	1.30118114718636e-05	
0.225411473092895	0.350393472468656	0.256771329843764	0.118326492553117	0.0379300031472585	0.00914464291648557	0.00175347257291312	0.00024630718415502	2.2154614447806e-05	6.51606307288412e-07	
0.208410477206304	0.33961634250513	0.2644694790096	0.129284128720558	0.0442123060123087	0.011385296795392	0.00218725250238997	0.000376147559173282	5.46650432016535e-05	3.90464594297525e-06	
0.190593477931258	0.329675328182539	0.270809079852491	0.14009049137742	0.0511127263829934	0.0142459171183318	0.00285738269991755	0.000542063263272904	6.37721486203416e-05	9.76104315617474e-06	
0.175043947475044	0.319370512170995	0.275116721762243	0.149729031217503	0.0588886410328616	0.01713805197736	0.00394372902211259	0.00066270776278574	9.30002061612962e-05	1.23566707487037e-05	1.30070218407407e-06	
0.161509015350382	0.307520692487111	0.278926728210384	0.159969880556117	0.0654499677152334	0.0205243982451132	0.00491326679571903	0.000997478992143065	0.000165162753588226	2.27586471479839e-05	6.50247061370968e-07	
0.149383186199647	0.295030537467249	0.280859274638969	0.169762364642008	0.0732051494399182	0.0239324276210511	0.00618052775107823	0.00136417641435489	0.000234753111456865	4.17338864812204e-05	5.86882778642162e-06	
0.137255271990869	0.284686856171577	0.281309502273044	0.178276130892962	0.0806888240170859	0.0278446234998757	0.00783103599517409	0.00170364402820058	0.000337084647291024	5.46623752363822e-05	1.17133661220819e-05	6.50742562337884e-07	
0.126180745057849	0.271603694680043	0.282298068630898	0.187015069994989	0.0885190800602826	0.0321260137266995	0.00950769876646869	0.00219203471902248	0.000480908891810447	6.69373187249676e-05	9.74815321237392e-06	
0.11534862016838	0.260018093595361	0.281429498019713	0.194897398135788	0.0966954491748047	0.0370002326690783	0.0111993116114868	0.00269519180900858	0.000605719499878466	9.68371303453771e-05	1.10485316501437e-05	2.59965450591616e-06	
0.10640201963359	0.249644375664353	0.27884204547823	0.201464442777048	0.104595239583985	0.0414198138769045	0.0133411231997332	0.00336084536984931	0.000778335313366264	0.000127008691302445	2.08424519060422e-05	3.90795973238292e-06	
0.098122687253815	0.237652371556831	0.277093473240423	0.207180341567802	0.112244412418253	0.0465909379784781	0.0156411224115331	0.00424336168107519	0.00100771692149651	0.000192939332964402	2.80283490455043e-05	2.60728828330273e-06	
0.0914419465760154	0.22643969921202	0.27327685241179	0.213355409036556	0.119559764551927	0.0514101638259855	0.0179469465531829	0.00504205408416819	0.00122512324622433	0.000270727447914322	2.80512777357009e-05	3.26177648089545e-06	
0.0841153576837271	0.216737611750721	0.269608689280073	0.217203992900064	0.126808773958215	0.0571199661287433	0.0203429464736439	0.00615740363790324	0.00152290380888795	0.0003269879007963	5.01555146639743e-05	5.21096256249084e-06	
0.0771623601040456	0.206269319585694	0.265523433712644	0.22210681873863	0.133775587862739	0.0623615375392908	0.0230134383519514	0.00732580445060702	0.00195476415118928	0.000428093349110452	7.16746855436069e-05	5.86429245356784e-06	1.30317610079285e-06	
0.0712290156198368	0.195746895689688	0.261511776591535	0.225031314122114	0.141045467191029	0.0677756459068296	0.0262744749741716	0.00848322098562097	0.00229811044252503	0.000478038318820212	0.000112325943766498	1.30611562519184e-05	6.53057812595918e-07	
0.0654778753946094	0.185858190977572	0.256341698280094	0.228532559488049	0.146990508453745	0.0737103323119848	0.0296592025636785	0.00994327560654962	0.00272868062996306	0.000621046142420916	0.0001215942973582	1.37283884114097e-05	1.3074655629914e-06	
0.0598181420581846	0.176166369637266	0.250246506030723	0.231391577285042	0.153788336107208	0.0793441695594842	0.0333722679733341	0.0114748066253488	0.00335549377809612	0.00085835167669932	0.00015975424036204	1.96419147986114e-05	4.58311345300934e-06	
0.0554646172862023	0.166189814811777	0.244745389976467	0.231956006726006	0.160457751537987	0.0856102708706609	0.0369871272961549	0.0131869602613249	0.00403612833470998	0.00109169661068879	0.000232904024515937	3.93640604815668e-05	1.96820302407834e-06	
0.0511700890645766	0.157855199883263	0.238070247877101	0.233151443806737	0.165806295833641	0.0918776587356377	0.0407311265350405	0.0149448671229282	0.00463546734527884	0.00134470431882383	0.00033764838370467	7.00162346054258e-05	5.23485866208791e-06	
0.0470885543215863	0.149645602345311	0.231595567121204	0.233319522520556	0.171559049066725	0.0975080414219822	0.0448502877397886	0.0169507032404872	0.00540190118690212	0.00154489407280869	0.000412363857843605	0.000104561358565732	1.89517462400389e-05	
0.0436596595447024	0.140679240161406	0.22490303653552	0.23268425668304	0.176397161306488	0.103942745880032	0.0493874205891411	0.0195107977887632	0.00633198828608268	0.00188119561302312	0.000484817322398952	0.000123324998564471	1.43552908381924e-05	
0.0398439658632968	0.133602600395168	0.217670357684668	0.232351668517389	0.18080253575022	0.1093164318074	0.0539159719941402	0.0219134643957522	0.00762510622103359	0.00221565346137204	0.000579328213870512	0.000139455835509887	1.6291569568912e-05	7.1682906103213e-06	
0.0362172998951723	0.125971576131551	0.212547183868892	0.230870239398962	0.18447989890728	0.114544637029894	0.0583924982122023	0.0245274780762972	0.00888790850119761	0.00261841597546081	0.000728783770505991	0.000171784745904984	3.70898883203942e-05	5.20559836075708e-06	
0.033259872326245	0.118761455230875	0.205331108241518	0.230044467123487	0.187941286734843	0.120326135629934	0.0630219940432799	0.0270193749609481	0.00990942557224085	0.00325042176077312	0.000896241642888384	0.000193307021015142	4.03536542186491e-05	4.55605773436361e-06	
0.0305246991911186	0.11191326812825	0.198076384957278	0.228697395050401	0.191341129310401	0.125836050211819	0.067223708099877	0.0297535612257515	0.0114688063304896	0.00373985644469607	0.00111668586377213	0.000262251983158607	4.22987069610657e-05	3.90449602717529e-06	
0.0283127820213444	0.106044899845256	0.191614310810187	0.225880290042888	0.194889869101152	0.130326925414108	0.0716001947137428	0.0325125156872596	0.012735032680843	0.00437456009057179	0.00131542261526033	0.000323656354940536	6.04418494166062e-05	9.09877303045684e-06	
0.0264073406231677	0.100060582502057	0.183675485797563	0.223484429906955	0.198252337821552	0.135233535145001	0.0760505408873386	0.035584419636531	0.0142596389230875	0.00499025609757683	0.00146711059166744	0.000406266778817965	0.000106604402761834	1.95008053832623e-05	1.95008053832623e-06	
0.0241065882712577	0.0943931889652391	0.177336659067775	0.219942699373335	0.200069593269615	0.140956289573042	0.080168194574977	0.0390958078185112	0.0157456398515777	0.00580485917118969	0.00174178295355137	0.000491705718030185	0.000117072790007187	2.40649623903662e-05	4.55283072250172e-06	1.30080877785763e-06	
0.0223142683629455	0.0881099570739708	0.170933965544984	0.216771256689349	0.20117164182978	0.146193104844361	0.0855678745127351	0.0419949703358819	0.0177374816383521	0.00636039697493473	0.00208141930996538	0.000582641689634947	0.000129115474651842	4.60663251270392e-05	3.89292888397515e-06	1.94646444198757e-06	
0.0203336190926074	0.0829382273982882	0.163793846391107	0.212738383820712	0.202406339320023	0.150764260262549	0.0907865637414896	0.0456145671135786	0.0199461269250682	0.00737077492601686	0.00237419950144402	0.000714074195030381	0.000159403132465947	4.79505357824393e-05	6.47980213276207e-06	6.47980213276207e-07	4.53586149293345e-06	
0.0185587545935186	0.0780361934594646	0.157423469437347	0.208920773428322	0.202854834121411	0.154392119786911	0.0961374592002239	0.0494113881028274	0.0218933688092395	0.00841429568424716	0.00278899719869078	0.000868321618551497	0.000220320410677245	6.67441244110479e-05	1.10160205338623e-05	1.2960024157485e-06	6.48001207874252e-07	
0.0173012742422607	0.0732159503252237	0.151314480805759	0.204543120248894	0.203597936978248	0.15875633643324	0.100440998851999	0.0528938599490615	0.0239955640091892	0.00939072732307716	0.00323793526209659	0.000943883156106053	0.000280174683389607	7.5406643325277e-05	9.10080178063687e-06	3.25028635022745e-06	
0.0161835865012373	0.0688195799939921	0.145316773061773	0.200213527111571	0.203777947408871	0.16182156051647	0.105037263211827	0.0570424284352572	0.0261362646279726	0.0103727101427979	0.00376078201378693	0.00110924863684656	0.000281538487546636	9.36294277291353e-05	2.99094005245849e-05	2.60081743692042e-06	6.50204359230106e-07	
0.0145257874370548	0.0650556689546756	0.139264457954014	0.19569991404513	0.203489208141572	0.165236362879208	0.109632476235528	0.0606271387048729	0.0288524666965546	0.0117096430172567	0.00410514213135544	0.00132999057164218	0.00033119628227293	9.6951367502292e-05	3.38353765779811e-05	5.85612286926596e-06	3.90408191284397e-06	
0.0135312944175834	0.0602544376037429	0.132733506555799	0.191158615862564	0.203931328827464	0.168826733870206	0.11388041132841	0.0644403213413597	0.0312719338548255	0.0129786508850443	0.00477371919321865	0.00163316591101787	0.000420347969914816	0.000117958112487724	3.77987321783866e-05	7.16872506831469e-06	2.6068091157508e-06	
0.0124593419296421	0.0566649227023705	0.126906672685735	0.186407385710539	0.202394667383388	0.171513452227338	0.119150163154166	0.0684986554948575	0.0337750651377188	0.0143400834754382	0.00531604677651467	0.00184681904826519	0.000513403953014732	0.000148084748836524	5.8712014957212e-05	5.2188457739744e-06	1.3047114434936e-06	
0.0114582898417603	0.0538390881382823	0.121567210137364	0.181342245626487	0.201020442779007	0.173909753246211	0.122123032441234	0.0730978090685149	0.0365009550749447	0.0160131622896748	0.00608142666276982	0.00213130453843263	0.000657592584860757	0.000197669199615882	4.76232725147175e-05	9.1332303452883e-06	3.26186798046011e-06	
0.0107329989687456	0.0503658932475649	0.116512847657253	0.177190633445759	0.199419316399553	0.175759132338236	0.125967534389272	0.0765807461797303	0.0395885672864189	0.0173905221067837	0.0069795457004773	0.00240799867540517	0.000759425678626698	0.000248361530950019	7.95278393068301e-05	1.43410857766415e-05	2.60747014120755e-06	
0.00978288282241252	0.047348449055957	0.11121088915926	0.17250900446199	0.197841405471559	0.176435321342155	0.130138669040486	0.0806494812374187	0.0424537492904934	0.019455633270925	0.00793148593335883	0.00290514865589629	0.00091494587547743	0.000286735174651047	0.000110784044751541	2.08534672473488e-05	3.91002510887791e-06	6.51670851479651e-07	
0.0089904215780525	0.0442053994564899	0.106651168780823	0.168113468460675	0.195958928434371	0.178501041359061	0.133057198646558	0.084073645745388	0.0452779797764298	0.0212259027171601	0.00903530213722524	0.00337059503816148	0.00107127943416672	0.000311562142662939	0.000119681491127309	2.47168296893355e-05	9.7566432984219e-06	1.95132865968438e-06	
0.00845944594849022	0.0409377454894857	0.101141343513235	0.163242636126963	0.19397191437976	0.180374474936538	0.137128073284901	0.0874023722805446	0.0483915366586812	0.0233676775152731	0.0100909568977271	0.00368956495205448	0.00129780755572003	0.000369410955079888	9.73842588084062e-05	2.59691356822417e-05	1.10368826649527e-05	6.49228392056041e-07	
0.00767513166203381	0.0388586903452182	0.0960804098611446	0.158612877816331	0.190800908777252	0.18140717257003	0.140034372090904	0.0924010337666734	0.0512977417275882	0.0255720544485167	0.0110413832162642	0.00422425185368426	0.001394413233255	0.00042704719001647	0.000128895340889117	3.51532747879411e-05	7.16085227161764e-06	1.30197314029412e-06	
0.0070026466336191	0.0363623309956368	0.091893991064756	0.153268478299889	0.187914903060109	0.18235207733	0.143600922895176	0.0961468800073101	0.0547249426453935	0.0274525417146661	0.0122678484598289	0.00457727289044373	0.00168979887542547	0.000518231095823801	0.000159254895945853	5.15620359824689e-05	1.37063639953398e-05	2.61073599911235e-06	
0.00638856416922172	0.033566455524381	0.0875644106081827	0.148737888974003	0.185152573905796	0.182796275714363	0.147532919160394	0.0994204762443668	0.0581819870750306	0.0294844730939137	0.013289338633805	0.00515546531001806	0.00186567530315588	0.000628651460846004	0.00016092430735496	6.14914019974239e-05	7.19580236140067e-06	5.2333108082914e-06	
0.00589838711473621	0.0318567931352312	0.0832593632964935	0.144245829891407	0.182929265865672	0.181809070178622	0.149994202496006	0.103373754273612	0.061509224582203	0.0318384507497123	0.0143856709284326	0.00587938964402015	0.00205958785969909	0.000703561501691102	0.000183423855189487	5.83025825423725e-05	8.51610756236902e-06	3.93051118263186e-06	3.27542598552655e-06	
0.00523210596192975	0.0297729873544346	0.0792874856300393	0.139063248776426	0.180080157539287	0.182651693102157	0.152524530406706	0.106703013829205	0.0646811898196521	0.034269901249892	0.0156720951730025	0.00649823370597031	0.00238102720014246	0.00085630563040592	0.000239608456214501	5.89201121838936e-05	1.44026940893962e-05	5.23734330523499e-06	5.89201121838936e-06	1.96400373946312e-06	
0.00502654881148447	0.0274828273208789	0.0751359490137238	0.134421753935228	0.176752031876888	0.182531418382844	0.154947209791207	0.110669103305553	0.0681517605675258	0.0361970380971193	0.0172459352651153	0.00736682098422246	0.00273598616505394	0.000911777364113123	0.000321149702854766	7.39102167466162e-05	1.70058905788674e-05	9.15701800400554e-06	1.30814542914365e-06	1.30814542914365e-06	
0.0046387625780322	0.0256884886477209	0.0711551643843501	0.129262010287431	0.174075256270048	0.182286624770417	0.156496099043991	0.114693600966998	0.0716542303526297	0.0385588963250954	0.0186734394867797	0.00805635063079845	0.003191929128708	0.0011040935182908	0.0003414317633577	0.0001020370787046	1.56980121084e-05	4.57858686495e-06	0	1.3081676757e-06	
0.00422393897894461	0.0242254744795211	0.0674425975420179	0.123942456787798	0.170365101352881	0.181656280164548	0.158838347880123	0.117657403573517	0.0753792981712451	0.0413476183008046	0.0204149395019335	0.00888096786407276	0.00367338984062948	0.00135110926792713	0.000448182433217208	0.0001200840194418	3.01850540673376e-05	2.62478731020327e-06	
0.00397367685224932	0.0226238344471968	0.0642174797148194	0.119415093670866	0.165621722241695	0.180660520398077	0.16061754115125	0.121044209288191	0.0786655429575865	0.0444803698788206	0.0223980424357707	0.0100287097168017	0.00401043369131869	0.00151884510011644	0.000508688397835022	0.000173282241327027	3.41313505644144e-05	7.87646551486486e-06	
0.0035779067866655	0.0209067925739724	0.0612124048982529	0.115702940514181	0.16114695218144	0.178745001598569	0.162755368993794	0.124123823147678	0.0820824336593715	0.0473531039490243	0.0240875188824851	0.0110816635887915	0.00458759864682909	0.0018145567629988	0.000586251515686659	0.000168063144474563	5.64587125969235e-05	9.19095321345267e-06	1.96948997431129e-06	
0.00323212485296589	0.019602797849101	0.0579570397832297	0.111650090320954	0.158412189127878	0.177279816417409	0.1638432616367	0.127195009242144	0.0846227262224836	0.050083494370694	0.025944300327676	0.0120955249117795	0.00502082108049067	0.00205650835993951	0.00070038123844732	0.000221207570156276	6.62966308183499e-05	1.24716434212737e-05	3.93841371198118e-06	
0.00304225152816801	0.0184022152622239	0.0547854210380471	0.107071662579979	0.155175790910062	0.175945511991148	0.165173819080367	0.130265227471191	0.0873625369390521	0.0528581376625367	0.0278814098385786	0.0130317634904923	0.00567769035198798	0.00214542931842167	0.000803799014871264	0.00027055337664371	7.66458718336903e-05	2.68588097878744e-05	3.27546460827736e-06	
0.00276569515616675	0.017098156618302	0.0522342819056033	0.102664963557706	0.150996469478719	0.175238901665119	0.165827673598163	0.13270552490207	0.091292189139469	0.0553374967313022	0.029792173082708	0.0140742425304931	0.00629425030327617	0.00238819742868996	0.000832330058846391	0.000327033621546731	9.56851878673803e-05	2.75258759618491e-05	7.20915799000811e-06	
0.00249263895627373	0.0158868903690638	0.0495254033760297	0.0992950290611453	0.146581182310972	0.173149033881426	0.165855102183793	0.135754211525329	0.0951936656720991	0.058263062128715	0.0316644372378129	0.0152668406996151	0.00674197618406898	0.0027853128762775	0.00102403134426375	0.00035029205190608	0.000124402784789075	3.79755869356124e-05	8.5117694855683e-06	
0.00228349236772481	0.0148970692561095	0.0465954281679199	0.0953911577882745	0.143205627636153	0.169994412452697	0.166213483609752	0.138058271633405	0.0986002309694231	0.0614617102349062	0.0339563044630288	0.0167266143459131	0.00757233843112414	0.00322020897295902	0.00119021963056683	0.000421194949066853	0.000159176318232108	3.8647748048125e-05	1.4411024695911e-05	
0.00221934408091888	0.0139302184736471	0.0436121430762495	0.0913568804910086	0.139890776285397	0.167941292908848	0.166385261353	0.140250616775777	0.102330376829681	0.064619224527357	0.036025997656121	0.0177888358996274	0.00808100802529502	0.00354859091969724	0.00132138147286842	0.000481098214824117	0.000167794472745196	4.12931710271381e-05	7.86536590993107e-06	
0.00199836729140447	0.0131565176209552	0.0416916326300999	0.087321128138843	0.13548799409713	0.165718614186249	0.166778304861233	0.14222357118374	0.105124585608616	0.0677312415126626	0.0386577774754243	0.0192935657152127	0.00887850711824316	0.00366051173901781	0.00144889805252403	0.000562551839806168	0.000191660103561869	6.14882243509068e-05	1.30826009257248e-05	
0.00184753287166757	0.011954816339445	0.0396808569629874	0.0835023534515659	0.13215013814092	0.16368606293485	0.166819431714024	0.144566837698282	0.106985331293567	0.0703093247567448	0.0410671589941645	0.0208878204396371	0.00988286563308336	0.00406170185699234	0.00160223895932753	0.000651725049009854	0.000236813005796373	8.67661977160266e-05	1.89189453666524e-05	1.30475485287258e-06	
0.00176593824429247	0.0111306240408707	0.037427464575344	0.0803052271120393	0.128096989759513	0.162223257602169	0.167009536718157	0.146205350597389	0.110317705974541	0.0724679801511148	0.0428314962579703	0.0225570916104901	0.0104978838064766	0.00447218973084104	0.00169295481869809	0.000660109018991982	0.000224815016339816	8.21063537936719e-05	2.80204223264119e-05	3.25818864260603e-06	
0.00160347288762002	0.0103495701258661	0.0352653226174413	0.0773284577328458	0.124464694264651	0.15954815959118	0.167268946726895	0.148097016627883	0.112478408520568	0.0762275367136628	0.0441515607787924	0.0238311269285672	0.0115085029690321	0.00489645867146405	0.00193198928410802	0.000712437343971007	0.000235306387167002	6.97445524290007e-05	2.73763663740003e-05	3.91090948200004e-06	
0.0014486558064184	0.00993010219442356	0.0332454451732978	0.0739713761773994	0.121184652459457	0.156579295495808	0.166588901067822	0.149431159850012	0.115177585782189	0.0784437670003636	0.0473064646672653	0.0252442773859811	0.0125243886385763	0.00549941806134272	0.00220133122540772	0.000834133797667814	0.000289340161066023	7.55933754136457e-05	2.21566790005513e-05	1.95500108828394e-06	
0.00127241066711885	0.00900796316465685	0.0311346042222382	0.070665423169483	0.117974186563709	0.154441045842002	0.165589476361597	0.150847512896935	0.118013317593963	0.0812171054776921	0.0498457585224123	0.0270180198394323	0.0131421565110773	0.00611748439650169	0.00228068688001774	0.000975014837182305	0.00033457030867861	8.93491857484788e-05	2.80439050159459e-05	5.86965453822123e-06	
0.00108676141833788	0.00838862327235938	0.0296545534650719	0.0671142078553596	0.113537522640863	0.151533051580373	0.165302612470016	0.151997780787494	0.121076318065369	0.0842497919488276	0.0521828239479138	0.0287897132973255	0.0143485142698628	0.00653101186299626	0.00264086288203906	0.000997992918101268	0.000418386828321068	0.000109655206174632	3.19827684676011e-05	7.83251472675946e-06	
0.00107670144588418	0.00785059479439959	0.0280848865941866	0.0644429618876383	0.109946804035772	0.147699830505932	0.16379361504956	0.153205942139851	0.12312351676387	0.087594977654043	0.0549626415249379	0.0306471882179776	0.0155785851843012	0.00725909375780543	0.00300119930585038	0.00113604719486992	0.000379551933073647	0.000157820563236808	5.08677848449217e-05	6.52151087755407e-06	6.52151087755407e-07	
0.000996621258517692	0.0075143940119347	0.0261753128446241	0.0615026052200807	0.106480187755628	0.144776499540447	0.162071461001168	0.154073738248174	0.12567003238042	0.0901948752822946	0.0577167472106004	0.0326057998146154	0.0168858907742184	0.00791434528822873	0.00345104537753381	0.00130668120561208	0.000451410805328602	0.000144607790451587	5.47164612519517e-05	1.23763424260367e-05	6.51386443475616e-07	
0.000923385634692787	0.00701084279570759	0.0251835399525116	0.0588861408978609	0.101925268795544	0.141586663738172	0.160784767321116	0.15382201075832	0.128236885779601	0.093048810125661	0.0602189093262599	0.0352004221191473	0.0182961618088741	0.00865487211011487	0.00392812537770436	0.00151276689483801	0.000519201352652736	0.00017674939664774	7.14795354090124e-05	1.10468372904837e-05	1.94944187479125e-06	
0.00089052855107178	0.00647757366318563	0.0236901349802598	0.056668229793985	0.0984809126588017	0.138078624655512	0.159262567122049	0.15503498875651	0.128681051329599	0.0960713616265864	0.0632910899797053	0.0372659930301385	0.0198614459511435	0.00950913262000245	0.00421525495514603	0.00156442451943564	0.000618116321319305	0.000237387800212871	7.84806661905939e-05	1.75122147698019e-05	3.89160328217821e-06	1.2972010940594e-06	
0.00082534783905393	0.00613791672609863	0.0220522828356177	0.0540599592837044	0.0949876165406709	0.134934970629806	0.157118868242586	0.155747610835203	0.132124379206162	0.0980030861396024	0.0658832453740323	0.039075325146851	0.0212295283911876	0.0103638532657322	0.00464801151467213	0.00170386026789766	0.000732633981249757	0.000253504324485535	7.84501873727616e-05	3.43624787665815e-05	3.89009193583942e-06	1.29669731194647e-06	
0.000780189673066775	0.00570343315909963	0.0207496701069872	0.0512497638985078	0.0920558906592083	0.131136772701929	0.154771586816222	0.155514779142064	0.134966971754148	0.101891343334733	0.0680452613862581	0.0415129708155838	0.0220549624801464	0.0112394046412848	0.00513808773044642	0.00200369843657	0.000771102605327229	0.000265472193248179	0.000109044812874558	3.18047370884126e-05	6.49076267110462e-06	1.29815253422092e-06	
0.000708272821492506	0.00531529511909055	0.0193455949004357	0.0489747913356791	0.088683554749814	0.128346832753394	0.152882312998106	0.155068861662622	0.13700075700719	0.104797086334558	0.0708194846502984	0.0429356283971916	0.023742084726324	0.0120835242096098	0.00564928799087693	0.00228271781825979	0.000845378844735551	0.000322946414937409	0.000129308524290834	5.26331179274248e-05	9.74687369026385e-06	3.89874947610554e-06	
0.000594097890952487	0.00483598283226095	0.0181934354133043	0.0465742846612895	0.0859816947649836	0.125526254381797	0.151875860840694	0.154770300565433	0.137433562110855	0.10713781966074	0.0736479885496407	0.0451163398369936	0.0247564621145595	0.0130389537117143	0.00626597775577897	0.00270854038468163	0.00097759652953232	0.000365298703189604	0.000124149559269065	5.32998107856717e-05	1.62499423127048e-05	3.89998615504915e-06	1.94999307752457e-06	
0.000515230861808187	0.00437946232536959	0.0170949956901459	0.0438108868541318	0.0827563550018703	0.122118821864784	0.149858669312212	0.154721485842536	0.138908712410754	0.109917218273781	0.0765443101793875	0.0476777204937629	0.0265376421032088	0.0139105827248036	0.00658675817652512	0.00288386162928749	0.00115861889505099	0.000409192186966351	0.000134012067591523	5.07424333598972e-05	1.88657765056028e-05	2.60217606973832e-06	3.2527200871729e-06	
0.000488722342019853	0.00411774569020983	0.0160524492658117	0.0415823425657663	0.0789832495616447	0.11908512737326	0.147711778598381	0.154683870732941	0.140116435498399	0.111788086872996	0.0793101476175436	0.0503423006084333	0.0284238834449206	0.0150867027229373	0.00702343397634116	0.0032150391302822	0.00129004501184762	0.000454277815255156	0.000162474182852345	5.39414287069785e-05	2.66457659877845e-05	1.29979346281876e-06	
0.000454461996429413	0.00381800164335541	0.0148540057113763	0.0395525177064384	0.0764316529525055	0.115580493813978	0.145481228375617	0.154416159574759	0.14071198177985	0.113638287316343	0.0819861161208999	0.0527670745539045	0.0304671843279627	0.016277292135724	0.00784305044267724	0.00348594488378664	0.0014141711407517	0.000557334482727189	0.000154308729446663	7.35733604534723e-05	2.86480341588742e-05	3.25545842714479e-06	3.25545842714479e-06	
0.000456092341157071	0.00358311860609864	0.0139218613765153	0.0378732063291583	0.0728974597865592	0.112818533721597	0.142791986808406	0.153474423095165	0.141954518107905	0.116070952895147	0.084397873648128	0.0551819756464882	0.0326054047592131	0.0171210048065116	0.00855725388230739	0.0037734819336756	0.00160671846108467	0.000610721938301491	0.000185165694059495	7.92639111412574e-05	2.66378717769799e-05	8.44615446587169e-06	3.89822513809463e-06	
0.000471381739346675	0.00335096578067244	0.0134863224627683	0.0359717508585186	0.0699930461454154	0.110009849670779	0.140175034558255	0.151681683572996	0.143016310717182	0.118003860655402	0.0871867924810068	0.0576001215463658	0.0343537297917804	0.0183825892622356	0.00920103392325308	0.0042171134945684	0.0018446219304186	0.000687594024749489	0.000247378020235652	8.4407198505603e-05	2.53221595516809e-05	9.09000599291109e-06	
0.000429931243375401	0.00321995191762932	0.0127561376893656	0.0342242104383939	0.0677588474216751	0.10642157995847	0.137885554115977	0.15124320705398	0.1431088302309	0.119867938589761	0.0895072819604347	0.0597973495774825	0.0363673917871478	0.0197632399722099	0.0100075561710997	0.00447283889945372	0.00194958279187249	0.000793171345082629	0.000281656763355872	0.000108777784468475	2.13670648063076e-05	1.16547626216223e-05	1.94246043693705e-06	
0.000339527390806374	0.0030958430853145	0.0121938837212461	0.032210478526671	0.0647766524151392	0.103998856601092	0.13535501954061	0.150205624255061	0.143843204310769	0.121715719212788	0.092135446206897	0.0616523537008809	0.0380173669877195	0.0211975034065915	0.0107872702450482	0.00494675240433897	0.00215098686061334	0.000865309807426531	0.000347288016881949	0.000123523298369557	2.52220347456164e-05	1.16409391133614e-05	4.52703187741832e-06	
0.000316466732887869	0.00285530495121891	0.0115374728904263	0.0306443133511502	0.0623762389026742	0.10012619918287	0.13350116834351	0.149412340652541	0.144922388148385	0.123381337246326	0.0938582203202643	0.0643415618989554	0.0394860063577521	0.0223754897161229	0.0114341368143813	0.00545226971232528	0.0024432523479894	0.000995255582408583	0.000349405107127218	0.000131107646482117	3.87510285168819e-05	1.80838133078782e-05	3.22925237640682e-06	
0.000321389642347538	0.00263629857226846	0.0109730684514763	0.0294936306122989	0.0597023209107847	0.0968170163553769	0.130560347358958	0.148958290981536	0.14511904001301	0.12501863479101	0.0957528165155555	0.066363088980401	0.0417741998979039	0.0238396252777471	0.0123851177234771	0.00593990013688101	0.0026053212573434	0.0011261544696716	0.00042012983367118	0.000120682456062228	4.58206116599904e-05	2.0651543283376e-05	6.45360727605499e-06	
0.000318624779332991	0.00256125303386904	0.0102830665119552	0.0282240925482436	0.0581206426932695	0.0941716819969905	0.127752411776733	0.146881508346486	0.146154605256793	0.126536606697699	0.0978249021389785	0.0686855695869423	0.0431517279589374	0.0252448863625369	0.0131029603079954	0.00625188256290421	0.00284182343672299	0.00116485091391778	0.000513411587751135	0.000142542664438443	3.86993659108895e-05	1.35447780688113e-05	1.80597040917485e-05	6.44989431848159e-07	
0.00026275304506247	0.00238995521577706	0.00967667172590016	0.0267678857676295	0.0559857661446252	0.0913625262510951	0.125526232373112	0.144347613886014	0.146289533196943	0.127809666084134	0.100592453241901	0.0708510035294125	0.0456886873516365	0.0263643952193149	0.01394527893463	0.00691098611153253	0.00301488137700672	0.00132732250773572	0.000599748351014827	0.000207232745614381	4.32541867793255e-05	9.03818828224713e-06	2.25954707056178e-05	4.51909414112356e-06	
