# <P(N_2)> as a function of N_tot.
# number_of_species: 2
# species_total_upper_bound: 100
# species_total_lower_bound: 0
# volume: 512
# Bin widths for each species index 
1	1	1	1	1	1	1	1	1	1	1	1	1	1	1	1	1	1	1	1	1	1	1	1	1	1	1	1	1	1	1	1	1	1	1	1	1	1	1	1	1	1	1	1	1	1	1	1	1	1	1	1	1	1	1	1	1	1	1	1	1	1	1	1	1	1	1	1	1	1	1	1	1	1	1	1	1	1	1	1	1	1	1	1	1	1	1	1	1	1	1	1	1	1	1	1	1	1	1	1	1	
# Bin lower bound for each species index 
0	0	0	0	0	0	1	2	2	2	3	4	4	5	6	7	8	9	9	10	11	12	12	13	13	15	15	16	17	18	19	20	20	21	22	23	24	25	26	26	27	28	29	30	30	30	31	31	32	34	35	36	37	37	38	39	39	40	41	42	43	44	44	44	45	46	49	51	51	52	52	53	54	55	56	57	58	59	59	60	61	62	62	63	64	64	65	67	68	69	70	70	70	71	73	73	75	76	76	76	77	
# Bin upper bound for each species index 
0	1	2	3	4	5	6	7	8	9	10	11	12	13	14	15	16	17	18	19	20	21	22	23	24	25	26	27	28	29	30	31	32	33	34	35	36	37	38	39	40	41	42	43	44	45	46	47	48	49	50	51	52	53	54	55	56	57	58	59	60	61	62	63	64	65	66	67	68	69	70	71	72	73	74	75	76	77	78	79	80	81	82	83	84	85	86	87	88	89	90	91	92	93	94	95	96	97	98	99	100	
# Normalized histogram for each species index 
1	
0.0791101981755513	0.920889801824449	
0.00637778864514927	0.145670322760933	0.847951888593917	
0.000450345960814078	0.0172208801351814	0.201734608407687	0.780594165496317	
7.80302054925462e-05	0.00186004502342857	0.0317475644822111	0.247382086605725	0.718932273683143	
1.95445914740629e-06	0.000175901323266566	0.00405550273086804	0.0493901598845306	0.285630523179397	0.660745958422791	
8.75259052366749e-06	0.000466804827928933	0.00775187767379484	0.0677489406934191	0.314942519793011	0.609081104421322	
4.28610114809064e-05	0.00101015611149318	0.0121657084632964	0.0868519950826731	0.33889714721004	0.561032132121016	
6.82932159470513e-06	0.000137562049264775	0.00190830757703475	0.0179035543692048	0.106753028316319	0.356554977990072	0.51673574037651	
3.91134161951055e-06	2.34680497170633e-05	0.000270860407151106	0.00322881250690596	0.0253415823528089	0.127367950662337	0.369385146875767	0.474378267803694	
8.82680917713543e-06	5.49223682132871e-05	0.000578646379389989	0.00502441593494053	0.0334339916498385	0.146539743689077	0.377746241005236	0.436613212164128	
6.86438043573126e-06	0.000111791338524766	0.000899233837080795	0.0071772000584453	0.0432593255059784	0.164176367507161	0.381116285546459	0.403252931825915	
5.868085439324e-06	2.15163132775213e-05	0.000101713480948283	0.00135650575072373	0.0100735466708395	0.0522337845239027	0.18029790313747	0.384790900555512	0.371118261481887	
5.86676574982155e-06	2.93338287491078e-05	0.000199470035493933	0.00204554565810445	0.0132491126516803	0.0628223054433808	0.196670610436976	0.383149670972221	0.341828084207644	
2.93533745128563e-06	2.83749286957611e-05	0.000361046506508132	0.00299795798357972	0.0172421721888518	0.0730458724752429	0.212140751387681	0.379358119975069	0.31482276921692	
1.95224610795335e-06	6.14957524005306e-05	0.000577864847954193	0.00400796125962823	0.0212043211015353	0.0842433240504031	0.226139404037831	0.373668690169758	0.290094986534382	
9.73071226867664e-07	0.000124553117039061	0.000863114178231618	0.00533145725200793	0.0265181370745976	0.0957249088718796	0.237894507402153	0.3673509303534	0.266191418679464	
2.91829077654745e-06	0.000142023484458642	0.00132004019459163	0.00717607701953017	0.0317792137930095	0.10808570825458	0.247754132056549	0.35898283947747	0.244757047429034	
9.73415061261877e-07	1.75214711027138e-05	0.000245300595437993	0.00173851929941371	0.00916178255659678	0.037884340769251	0.118807255057135	0.256893968817622	0.350013773823117	0.225236564195263	
5.82777751876544e-06	6.41055527064199e-05	0.000363264798669713	0.002169875829487	0.0113175439414425	0.0443017934014018	0.130131358105273	0.264870545635383	0.338799788645935	0.207975896312182	
1.26679230647799e-05	7.99053608701499e-05	0.000523282668137445	0.00292921359482525	0.0143810160453862	0.0513742747614045	0.141125535219749	0.270893790184114	0.328876822962852	0.189803491279597	
1.66091696294494e-05	9.86780077984936e-05	0.000671205855025397	0.00392562609241928	0.0171240538879624	0.0593719193654125	0.150482007872746	0.274863194177802	0.319353297555228	0.174093408015976	
9.77220024020068e-07	3.32254808166823e-05	0.000195444004804014	0.000990901104356349	0.00495059664168567	0.0206320463671357	0.0658147913977276	0.159995348432686	0.278713900270788	0.307533095999164	0.161139673080813	
8.82429937514156e-06	5.49067516675475e-05	0.00020884175187835	0.00139129786814732	0.00613975140968183	0.0238942417524666	0.0735122966611793	0.170038366092728	0.280645075893877	0.29483749072223	0.14926890679677	
9.7811181383011e-07	1.27154535797914e-05	4.40150316223549e-05	0.000327667457633087	0.0017185424568995	0.0077671859136249	0.0276404617470251	0.0809387525944416	0.178603217205378	0.281041845579619	0.285053082128137	0.136851536320226	
9.77253448727421e-06	6.25442207185549e-05	0.000427059757093883	0.00222422884930361	0.00939629190951415	0.0324340647098144	0.0891089012153124	0.187442097733163	0.282109616564837	0.271229853920154	0.125555568585602	
3.90457225410956e-06	8.78528757174652e-06	8.68767326539378e-05	0.000572019835227051	0.00279567373394245	0.0112568818085979	0.0371481004255984	0.0971789465464058	0.1947034477373	0.281343953769864	0.260220217875132	0.114681191675452	
5.87405439961779e-06	1.46851359990445e-05	0.000119439106125562	0.000769501126349931	0.00338247632511325	0.013544590436452	0.0414580969434358	0.10466683831959	0.201509436178888	0.279371006254889	0.249049137444062	0.106108918674696	
3.9248354758029e-06	1.7661759641113e-05	0.000196241773790145	0.00102830689466036	0.00423784110499818	0.0156571499218467	0.0464003862038108	0.112483822318773	0.207331396427026	0.27708847854734	0.237503569147261	0.098051221065377	
3.92646901476058e-06	2.35588140885635e-05	0.000281724151809072	0.00127610242979719	0.00507496120157805	0.0179793016185887	0.0514681558454817	0.119613988831159	0.213912068689649	0.273058434693495	0.226123387325554	0.0911843899297849	
1.95834214587299e-06	4.30835272092058e-05	0.000359355783767694	0.00156373620347958	0.00616192356198936	0.0205204881755301	0.0570856735521977	0.12703080080527	0.217749042370691	0.269005710525697	0.21609815994172	0.0843800672103024	
3.91456845797319e-06	7.82913691594639e-05	0.000489321057246649	0.00200621633471126	0.007447466491294	0.0231752239133158	0.0627172585494175	0.134204129086809	0.221779875986471	0.264431056620318	0.206537525053238	0.0771297209695603	
9.7989068339536e-07	8.81901615055824e-06	0.000128365679524792	0.000537959985184053	0.00233115993579756	0.00848683320888722	0.026281648019347	0.0681347388885296	0.141300236545611	0.224098059620469	0.26176309770882	0.195814494934945	0.0711136065660515	
1.96160934353763e-06	1.76544840918386e-05	0.000133389435360559	0.000620849357229658	0.00273840664357852	0.00992868569231569	0.0297419208667175	0.0737251255675181	0.146913750979579	0.228664801176181	0.256604983860859	0.18559080240611	0.0653176679211158	
6.88670678665278e-06	1.86924898494861e-05	0.000171183854411083	0.000871660316139194	0.00339514644581982	0.011441771418396	0.0335805661069742	0.0799103941065531	0.15415106089718	0.231349076345048	0.249832013545168	0.175372939767879	0.0598986079997954	
2.96287810028157e-06	4.1480293403942e-05	0.000193574702551729	0.00115255958100953	0.00412531394162538	0.0134228254203089	0.036861166445603	0.0862217279702606	0.160344049405005	0.231844223721	0.24426757159548	0.166312273525005	0.0552102705206468	
1.96539914799947e-06	5.60138757179849e-05	0.000301688769217919	0.00142589708187362	0.00457938001483876	0.0151827084182959	0.0410463785063949	0.0921723065433051	0.165666442283597	0.232754359500985	0.23748016175235	0.157754728013325	0.0515779698409501	
1.07893805031971e-05	0.000106912952258953	0.000379590023157934	0.00159977087279222	0.00536526466840801	0.0172384874857899	0.0454654685876995	0.0975085358712572	0.17147856689563	0.233030020960824	0.230788772374478	0.1498066248758	0.0472211950514016	
1.37066502709022e-05	0.000144898874292394	0.000457214691179379	0.00187781108711359	0.00636086477214652	0.0196827497890155	0.0498422756172398	0.104067742181825	0.176639560134012	0.232247440283062	0.224454230557606	0.140549949970727	0.0436615553915109	
1.07517107437936e-05	2.15034214875871e-05	0.000132930241923266	0.000556156673928959	0.0021581615747542	0.00762785005859682	0.0223010029391267	0.0545307220360221	0.109356627403374	0.180760693309406	0.232617171654972	0.216961703383759	0.133419933476233	0.0395447921156728	
7.80886247324244e-06	4.88053904577653e-05	0.000177651621266266	0.00075062690524043	0.00263061054567355	0.00880644465419917	0.0244573572661953	0.0587070280738367	0.114782469494191	0.185077849478319	0.230293115414011	0.212115059684112	0.125783204503371	0.0363619681066534	
6.83450919436758e-06	4.97942812732495e-05	0.000221633369588777	0.00091387151513258	0.00323565192430488	0.00970500305600197	0.0269221080750702	0.0630737326379057	0.120516806058109	0.188610973878506	0.229765459171618	0.205296939897326	0.118678323084824	0.0330028685411447	
3.90561686289137e-06	5.76078487276477e-05	0.00028511003099107	0.00121464684435922	0.00377087308112162	0.0114385753871931	0.029634844351404	0.0679421109468582	0.126253947114042	0.191621280144039	0.228455152777968	0.197804848042212	0.111175336810634	0.0303417610035873	
1.07286300319713e-05	7.80264002325187e-05	0.000336488851002737	0.00135570870404001	0.00447286339332913	0.01273488384795	0.0324745877767743	0.0723958201257395	0.13109410569066	0.19491287377084	0.225894231313165	0.190430257077482	0.105511199714423	0.0282982247043287	
1.9516364959928e-06	2.63470926959028e-05	0.000122953099247547	0.000447900575830348	0.00150861501140244	0.00499521361149358	0.0142742693316914	0.0356417615080686	0.0764446257297901	0.135675817564924	0.198354575270228	0.223036922035049	0.183376740981732	0.0997315523999762	0.0263607541513748	
1.95304298745268e-06	4.88260746863169e-06	2.83191233180638e-05	0.000112299971778529	0.000498025961800432	0.0017313726083768	0.00574194638311087	0.01578644646758	0.0388928980521326	0.0801431189901205	0.14092767588861	0.200450567017205	0.219565975256898	0.177061900720966	0.0948798048519447	0.0241728130557018	
2.91978759518508e-06	5.83957519037015e-06	5.06096516498746e-05	0.000110951928617033	0.000566438793465905	0.00209932728093807	0.0062084416898952	0.0176248111870688	0.0419641605805316	0.0850903966239469	0.146234641917249	0.20077822072037	0.216345554915365	0.171410997087999	0.0887946338197051	0.022712054440413	
6.80737180017057e-06	9.72481685738653e-07	8.75233517164788e-06	4.95965659726713e-05	0.000126422619146025	0.00070018681373183	0.00239035998354561	0.00718177724917995	0.0200282603177876	0.0454178121690523	0.0900284645389416	0.150682147278461	0.201796757162571	0.212285944624948	0.164928031492847	0.0838522333528154	0.0205154736423426	
9.7303240684431e-07	1.94606481368862e-06	1.2649421288976e-05	5.74089120038143e-05	0.000202390740623616	0.000872810068939346	0.00268070428085607	0.00831650798129832	0.0219798290382061	0.0492013836520825	0.0955099419586169	0.154496139493926	0.202137752197837	0.208391431476625	0.158635419352642	0.0788428698617807	0.0186598424660533	
4.87915789638035e-06	9.7583157927607e-06	6.53807158114967e-05	0.000289821979044993	0.000943629137159959	0.00312168522210415	0.00930455410839732	0.0241742757134061	0.0526412345440476	0.100294018054836	0.158470169316537	0.202583611689291	0.204706045374217	0.152088230788072	0.073748471603789	0.0175542342795972	
9.75986820273979e-07	3.80634859906852e-05	9.1742761105754e-05	0.000276204270137536	0.00111750490921371	0.00372338971934523	0.0102595734547201	0.0261662066515454	0.0567809612298995	0.104487197004892	0.161104192448985	0.203184840191918	0.201094276422891	0.146191113835199	0.0689700606283013	0.0165136969990357	
5.85894015678524e-06	3.61301309668423e-05	9.86254926392182e-05	0.000331030118858366	0.00127236650404853	0.00409246969951449	0.0117735402450599	0.0287000183580125	0.0605931591014729	0.108983122346388	0.16449365086185	0.203800303883696	0.196345779024213	0.139473046922299	0.0652812877169273	0.0147196106538968	
8.79798936616352e-06	4.10572837087631e-05	0.000115351416134144	0.000406662619591558	0.0015816829771614	0.00485160235825217	0.0129408648032525	0.0312915155123216	0.0640425197050523	0.113704237013923	0.16873175028178	0.204318639713537	0.191105037239934	0.132892651821526	0.060419703194941	0.0135479260695178	
1.9616593676591e-06	6.86580778680686e-06	5.19839732429662e-05	0.000146143622890603	0.000485510693495628	0.00183120901970977	0.00536906168928296	0.01436326989	0.0334825829168894	0.0683010558631546	0.119068800298172	0.172102261302836	0.202241195827551	0.186317425910578	0.126957613445213	0.0567763070781574	0.0124967510016723	
4.91119575829845e-06	1.17868698199163e-05	4.02718052180473e-05	0.000210199178455174	0.000616846187242285	0.00208922267558016	0.00616158619836123	0.0159623684536216	0.0360167452130575	0.073107077818879	0.122309401403816	0.173905441801348	0.201221512609004	0.181139633153322	0.121597278018863	0.0540467270809228	0.0115589903367312	
3.92580233585239e-06	1.76661105113358e-05	7.55716949651585e-05	0.000222789282559623	0.000701737167533615	0.0024281087447247	0.00695554028854647	0.0174089704583374	0.039441554617725	0.0764491117872215	0.12626558052802	0.175927961527137	0.199487682795171	0.176814211404456	0.116667975267445	0.0502443811954068	0.0108872313279026	
9.80715215992719e-07	5.88429129595631e-06	2.35371651838253e-05	0.000113762965055155	0.000246159519214172	0.000955216620376908	0.00299216212399379	0.0080418647711403	0.0193524533571843	0.0424453545481649	0.0808580081281677	0.130192887068681	0.176716055484944	0.197767107596228	0.172342065621617	0.111056191059016	0.0473028370129768	0.00958747195154482	
2.9393379435216e-06	1.27371310885936e-05	2.64540414916944e-05	0.000106795945281285	0.000322347394472869	0.00114928113591695	0.00346351987678295	0.0089679200656844	0.0211857681175892	0.0454147307860378	0.0846362765250755	0.133424387490962	0.178891046580668	0.195531618458258	0.167875387747664	0.106375619955361	0.0438372860896812	0.00877588332004099	
9.77973111607269e-07	1.56475697857163e-05	2.64052740133963e-05	9.29074456026906e-05	0.000366739916852726	0.00133591127045553	0.00371629782410762	0.0100486737217647	0.023649345784887	0.0487138186622697	0.0879236946259399	0.137077601188433	0.180148514996729	0.194030843315994	0.162890223496195	0.100921935252312	0.0406484744108445	0.00839198727070198	
1.95722293552125e-06	8.80750320984561e-06	3.22941784361006e-05	0.000108625872921429	0.000412974039394983	0.00143758024614036	0.00424423793567783	0.0110084004008393	0.0258187063539285	0.0516491560454702	0.0928643566216766	0.139953183227382	0.181133153790749	0.190664829486738	0.158350100209814	0.0956827576488272	0.0390270253342937	0.00760185388156453	
3.92010819498618e-06	1.76404868774378e-05	4.11611360473549e-05	0.000140143867970756	0.000506673984201964	0.001701326956624	0.00450518434308787	0.0122121170544307	0.0274975989337306	0.0553509476861561	0.0966992688998216	0.143522021207785	0.182304631607832	0.187680079970207	0.152508869244791	0.0920980419059566	0.036323722534742	0.00688665007154197	
4.91195323820517e-06	8.84151582876931e-06	6.38553920966672e-05	0.000158164894270207	0.000640518702261955	0.00180858118230714	0.00508092442959943	0.0132337844143724	0.0294049168651914	0.0581192131050912	0.0999110936463885	0.147447994695091	0.182593020114449	0.184688459365867	0.148947122823391	0.0880035366063315	0.033535869538522	0.00634919075570401	
4.92150688666459e-06	3.93720550933167e-06	5.9058082639975e-06	6.0042384017308e-05	0.000184064357561256	0.000744131841263685	0.0021201851667751	0.00574536713949224	0.0144515128220019	0.0317880129809666	0.061529663398458	0.103147894234848	0.150182735550702	0.18138705781491	0.183156831691355	0.144860618003463	0.0832758337278741	0.0315547335545387	0.00579655081111355	
2.95369783277344e-06	8.86109349832033e-06	4.92282972128907e-06	1.47684891638672e-05	6.79350501537892e-05	0.000257956277395547	0.000931399383267893	0.0023875724148252	0.00645186063272146	0.0158328049496099	0.0342244967883459	0.0641710545488916	0.106242541912972	0.152282814598356	0.182755130573136	0.181514577483371	0.139360386579972	0.0788834234539361	0.0294670741456921	0.00513746509713728	
1.97121629959334e-06	1.97121629959334e-06	7.88486519837335e-06	2.26689874453234e-05	9.16615579310902e-05	0.000375516705072531	0.000927457268958666	0.00269465268154409	0.00753004626444655	0.01735360269347	0.0361185962574487	0.0679015022639419	0.110028365802551	0.155150492508392	0.183418719852711	0.17726458256538	0.134230959528958	0.0747780903250733	0.0271466052698497	0.00495465216902786	
1.9715621870145e-06	0	2.95734328052175e-06	1.67582785896233e-05	0.000126179979968928	0.000378539939906785	0.00110703216800864	0.00316041418578425	0.00812086464831274	0.0184646656624843	0.0381014250451488	0.0713833663241406	0.115023895333707	0.156753980584056	0.182705653651727	0.173819822874853	0.129608526612146	0.0711270632398287	0.0254459673667027	0.00465091519916721	
1.97722044327305e-06	2.86696964274592e-05	0.000141371261694023	0.00046365819394753	0.00133462379920931	0.00356097401833477	0.00880258541345162	0.0200490152947887	0.0408207046615938	0.0751808415247929	0.117821577604419	0.159384728542462	0.182065424247247	0.170282179015562	0.124487776328915	0.0673134813810094	0.0239451281782583	0.00431528361744343	
3.55574870733719e-05	0.000169885771572777	0.000533362306100578	0.00149341445708162	0.00401206979144546	0.0100291867706394	0.022282691899313	0.0440893085550326	0.0786640261940155	0.121324121310293	0.161089244354014	0.180317943196914	0.165716656213424	0.119695390860738	0.0641032352374697	0.0224140570598897	0.00402984853498215	
5.93024255680431e-06	5.6337304289641e-05	0.000167035165349988	0.000640466196134866	0.00176227041313035	0.00454849604106891	0.0112783329692823	0.0240392265777657	0.0469507186959792	0.082109150067753	0.124232651322494	0.163234868244836	0.178227509802197	0.16142713263877	0.115663450827911	0.0613374871387865	0.0207321279785879	0.00358680837310714	
1.18365957950493e-05	7.59514896849e-05	0.000233772766952225	0.000704277449805436	0.00204970383850938	0.00509269534081998	0.0120437362214627	0.0257209226626422	0.0496614240411124	0.0846582922751417	0.127646835436795	0.163781003250132	0.177052786285331	0.158980277272256	0.111606275368537	0.0578414981184745	0.0196339532750381	0.00320475831150961	
1.96564446602285e-06	2.65362002913085e-05	7.96086008739255e-05	0.000255533780582971	0.000788223430875164	0.00215827762369309	0.00574066466301974	0.0130793982769161	0.0277460544601456	0.052814901157568	0.0874053296484052	0.129728603468576	0.165165241902036	0.175517308482346	0.155345864972019	0.107630828381547	0.0551805542724265	0.018316857956634	0.00301824707757809	
7.86842421035445e-06	2.95065907888292e-05	9.6388196576842e-05	0.000307852097230118	0.000850773367744575	0.00242052399771029	0.00641768349657035	0.0142044728057424	0.0296787125684307	0.0552294530855042	0.0910956977423524	0.132287882036584	0.165395260454677	0.175683225109715	0.151491754874981	0.102901284716963	0.0521637183025448	0.0170459574987066	0.00269198463296752	
9.83421480678718e-06	3.63865947851126e-05	0.00012292768508484	0.000366816212293162	0.00105422782728759	0.00285192229396828	0.00688788405067374	0.0152961377104768	0.0316170006038208	0.0582834574739049	0.0951627464208375	0.135511546351605	0.165658331841811	0.173676167173784	0.147013643989623	0.099308851383379	0.0489960250103751	0.015644268914637	0.00250182424684666	
2.06427158736587e-05	4.22684182174917e-05	0.000164158740519096	0.00043742897922753	0.00118744765597046	0.0032989025939047	0.00765746460265721	0.0166655526153338	0.0339208971127721	0.0615939322211169	0.0983379664762294	0.137821584023717	0.166511027142222	0.17078800127395	0.143639880940679	0.0950380808958546	0.0460244095200274	0.0146366685408942	0.00221368553083235	
1.18044359102745e-05	4.32829316710064e-05	0.000181985053616732	0.000459389297508182	0.00141358120025537	0.00362592923043931	0.00813719115414921	0.0176495990918454	0.0357526852632438	0.0648732449508985	0.101889988559534	0.140250470455956	0.167007191852578	0.168445365627647	0.14009602908613	0.0911676259410349	0.043069468121629	0.0137482330234997	0.00217693472245312	
1.47004777655274e-05	6.1742006615215e-05	0.000201886561313243	0.000591939238025236	0.00155237045203969	0.00370942055616808	0.00873208379272326	0.0192076442484381	0.0383163052799216	0.0673840499816244	0.105048634080608	0.14231434521622	0.167158152639961	0.1662486830822	0.135889256400833	0.0873218179590837	0.0412524807056229	0.013016783045449	0.00197770427538895	
1.75934849370446e-05	9.57867513239097e-05	0.000272699016524192	0.000700807149992278	0.00170070354391432	0.00402988546641306	0.0098631031388732	0.0206899382859645	0.040736736955897	0.0703025883926006	0.107158984504049	0.14501527700942	0.166649398987006	0.164378862014298	0.132344058191429	0.083033429576212	0.0392940711910594	0.0118873313224632	0.00182874501762281	
3.81852041146026e-05	9.00779173985497e-05	0.00027121285999346	0.000715727800199346	0.00177805976082355	0.00451368694790559	0.0104715578975814	0.0224245058932498	0.0427390344822184	0.0723325676710354	0.110802692154801	0.146297308041021	0.167265880638927	0.163035155844588	0.127621805905587	0.0797600794252246	0.0371121019682025	0.0110198582643552	0.00171050132277463	
3.92254157158589e-06	3.62835095371695e-05	7.35476544672355e-05	0.000257907108331772	0.000777643866566903	0.00197009650432901	0.00507380752284635	0.0116254325827877	0.0238068854333477	0.0440775996399107	0.0764356256993156	0.113058435082427	0.148810440236647	0.167612162624651	0.159667054671404	0.123572807765063	0.0764287612515653	0.0348154983540035	0.0103682580090944	0.00152782994213271	
2.94161194451335e-06	2.45134328709446e-05	7.05986866683205e-05	0.000310830328803578	0.000817768120574713	0.0022111116449592	0.00547433982873935	0.0126744253315932	0.025230205648091	0.0473305361872199	0.0787538155158264	0.115855386434658	0.150217336095834	0.166719779104554	0.156093696223657	0.120487444709952	0.0732873199856057	0.033149025002721	0.00984655571560103	0.00144237039012638	
8.83579557503358e-06	3.14161620445638e-05	0.000109956567155973	0.000345577782490202	0.000958192942359197	0.00223643803554739	0.00608688139613424	0.0132428940568475	0.0271396369862476	0.0500410373616707	0.0818469561665999	0.118274977812336	0.150590427495425	0.165611279972982	0.154546900402912	0.117893075092481	0.0699097963447295	0.0308820872898062	0.00894182512193398	0.00130180721472161	
5.90080742714962e-06	3.73717803719476e-05	0.000115065744829417	0.000422891198945722	0.000995269519379235	0.00259143792842321	0.00645351638949263	0.0144245237556672	0.0289119894572241	0.0526401195896972	0.0848083712788033	0.120852469979642	0.152061840461837	0.165368161210059	0.15177565130162	0.113409584878197	0.0661805056991965	0.0294273266391951	0.00839193162931128	0.00112607075068105	
9.83192327167079e-07	2.94957698150124e-06	5.89915396300247e-05	0.000155344387692398	0.000377545853632158	0.00112182244529764	0.00285125774878453	0.00725300979751154	0.0158362788136801	0.0309843229983433	0.0554785934450568	0.0876417640436734	0.123395553021104	0.152997507607451	0.164322900024088	0.147864260467311	0.108695844537629	0.063995005382978	0.0280298300552062	0.00787635373293547	0.00105988132868611	
9.82056839485756e-07	1.66949662712578e-05	5.89234103691453e-05	0.000151236753280806	0.000460584657718819	0.00126685332293663	0.0033988987214602	0.00796644508190845	0.0169768165841903	0.0327967702114663	0.0579717972916836	0.0907155364338177	0.125853530150618	0.154005171511317	0.162976260740019	0.144047115158931	0.105485671299683	0.0610642942792243	0.0263446567760449	0.00747934488952352	0.000962415702696041	
2.94149369049603e-06	1.07854768651521e-05	6.56933590877448e-05	0.000199041073056898	0.00055594230750375	0.00144035141044622	0.0038837521693516	0.0086528939395425	0.0184461069331006	0.0352449773995235	0.0605349596525115	0.0937983508025375	0.128312857268921	0.154687270195805	0.160809499063625	0.14097500710861	0.100941277980959	0.0584082597142829	0.0250399552892959	0.00705174087401582	0.000938336487268235	
1.96094195807898e-06	3.92188391615797e-06	1.76484776227108e-05	6.96134395118039e-05	0.000252961512592189	0.000639267078333748	0.00151090577869986	0.00425818546196851	0.00951743179353634	0.0200937722444353	0.0374785031737846	0.0636688439658875	0.0966518877007759	0.129432954413982	0.155319349202583	0.158779431287613	0.137671852050851	0.0975862765438006	0.0561182369563043	0.0234656119413521	0.00649562023613663	0.000965763914353899	
1.95910946720059e-06	5.87732840160177e-06	2.74275325408083e-05	7.54257144872227e-05	0.000261541113871279	0.00076405269220823	0.00169854790806291	0.00473810624642463	0.0104038508255687	0.0212093190919136	0.0392811243721054	0.0659808477458486	0.0983032152904576	0.132686565994562	0.156263468877587	0.156632761012154	0.134459560062378	0.0941508827747259	0.0539137129826266	0.0219625966820522	0.00627306851397629	0.000906088128580273	
5.87910790416662e-06	2.64559855687498e-05	0.000109743347544444	0.000279257625447915	0.000805437782870827	0.00207728479280554	0.0051843933201576	0.0111693251665992	0.0221377808131394	0.0415525548153323	0.0684014607623439	0.102268061844296	0.135590845445112	0.155204529264729	0.15439125267132	0.130394693909146	0.0918914363934417	0.0512668007756503	0.020641547851529	0.00578014292111315	0.000821115403948605	
5.88002975295055e-06	4.60602330647793e-05	0.000150920763659064	0.000304781542194604	0.000881024457983757	0.00234123184663314	0.00573204900416796	0.0122245818563842	0.0237465001572908	0.0430849380097863	0.071185600199137	0.105205492339791	0.137016453303254	0.155132824972094	0.152342750854319	0.127681906070445	0.0886355684959766	0.0489630077528192	0.0192110372078483	0.00536748715948503	0.000739903743912944	
1.07873595681918e-05	5.98208121508818e-05	0.000119641624301764	0.000379518922990021	0.000963997677775686	0.00280569415678152	0.00647437707901839	0.0131390039540576	0.0250796303269943	0.0454618558965669	0.0739238137827151	0.107343053724973	0.136976911127848	0.154859411284755	0.151297621289148	0.125010787359568	0.0859958498085734	0.0466170840394151	0.0179815477311241	0.00489451923680412	0.000605072804870395	
1.18071189055588e-05	5.70677413768675e-05	0.000142669353442169	0.000417184867996411	0.00113545126808457	0.00292127800255034	0.00659624376190551	0.0140711339556997	0.0268621794367217	0.0477302781757214	0.0766429605957085	0.109718636356481	0.138881236126635	0.155158333464524	0.149810692526881	0.121759929787	0.0824245131531305	0.0437827647549629	0.0170691582311362	0.0043086144739535	0.000497866847184396	
9.82881158856201e-07	1.67089797005554e-05	5.40584637370911e-05	0.000172004202799835	0.000439347878008722	0.00129248872389591	0.00313539089675128	0.00702072011770985	0.015064619521789	0.0284170600648505	0.0506400030665892	0.0794099174674691	0.11175358776195	0.140960884278521	0.155207746676142	0.147230683190865	0.118174750372758	0.0786196810157487	0.0418510797440971	0.0160583123733926	0.00397378852525562	0.000506183796810944	
4.92437635235686e-06	4.92437635235686e-06	2.36370064913129e-05	8.37143979900666e-05	0.000154625417464005	0.00058895541174188	0.00145663052502716	0.0034539575735431	0.00779430289051043	0.0163962035028074	0.0308088682108854	0.0529587130437866	0.0822114783273272	0.114102724460461	0.141302024805069	0.153980324161847	0.144582644331009	0.11533381854855	0.0763051813303104	0.0395161504771228	0.0147583559280135	0.0037188890212999	0.000458951876039659	
5.90007630765358e-06	1.27834986665828e-05	2.65503433844411e-05	7.47342998969453e-05	0.00018093567343471	0.000628358126765106	0.00161465421619453	0.00393043416694856	0.00874096304978878	0.0172744400827584	0.0329175090664506	0.0552040639725607	0.0844615590361635	0.116599274683953	0.142037453684401	0.153262348859712	0.142755296301832	0.112375803393724	0.0726869734181895	0.0373051991472423	0.0138632126308834	0.00358134631874572	0.000460205951996979	
1.08129893492055e-05	2.75239728888867e-05	9.04359109206277e-05	0.00026246074147617	0.000684167326095184	0.00193847409060302	0.00444315562349171	0.00922544591293578	0.018708437572189	0.0344049661111084	0.0577826490840906	0.0879066544119454	0.118215463557768	0.142897586245878	0.15182813244929	0.139989875109973	0.109792144854737	0.069354513685804	0.0354901970421559	0.0132085579895704	0.00329108075828545	0.000447264559444409	
2.94584071839236e-06	7.85557524904628e-06	2.06208850287465e-05	0.000109978053486648	0.000291638231120843	0.000843492392366345	0.0020699440781237	0.00465737417577832	0.0102122478237602	0.0197675731673188	0.036466562252979	0.0600656922480201	0.0901221050977774	0.120114691398636	0.143540016791292	0.151029325844352	0.13811966986945	0.105566166037402	0.0669815443078993	0.0339429587042229	0.0125266966815104	0.00314124815271238	0.00039965239079523	
3.92545174589373e-06	2.64967992847827e-05	0.000116782189440339	0.00036310428649517	0.000891077546317877	0.00225517202801595	0.00506972092982175	0.0109657494521541	0.021238656671158	0.0381367450742941	0.062167379299719	0.0928202506204667	0.121909810783412	0.143680366166139	0.15021133650837	0.135502668816506	0.103175592326134	0.0642037073929014	0.0318923327095136	0.0120933354661621	0.00296764151989566	0.000308147962052658	
1.37173539224284e-05	4.60511167395809e-05	0.00010581958740159	0.000354691579994219	0.000959234963575526	0.00246226502907589	0.00564371132808481	0.0114441924152831	0.0224347323401316	0.0397185982823913	0.0651476330215901	0.0943587381994013	0.123229848962135	0.144383968332509	0.149741574850211	0.133355215778876	0.0995086247862787	0.0619456106916976	0.0306279118757992	0.0115000416419673	0.00271505626564636	0.000302761597287883	
3.91100507941785e-06	1.85772741272348e-05	5.47540711118499e-05	0.00011830790365239	0.000424344051116836	0.00109214816842743	0.00259984062654301	0.00596134949230265	0.0122218908731808	0.0239783721419108	0.0419973502940587	0.0668840533656643	0.0957433598466886	0.124730751744064	0.145423879619264	0.14921071028741	0.130212025362868	0.0962977448166961	0.0597337583292186	0.0295701316542085	0.0108667276131625	0.00254508655543116	0.000310924903813719	
9.77356602239319e-07	1.56377056358291e-05	1.46603490335898e-05	4.69131169074873e-05	0.000134875211109026	0.000494542440733096	0.00116696378307375	0.00282162851066492	0.00619644085819729	0.0129333599174329	0.0254454791393007	0.0435226668543191	0.0686671201601301	0.0983259836116845	0.126659551510602	0.145985800963283	0.14670904484894	0.127460006567836	0.0941253049352599	0.0579367220241446	0.0284000281478701	0.0101000031275411	0.00251278382435729	0.000323505035341215	
4.89318184042355e-06	2.74018183063719e-05	7.82909094467769e-06	4.50172729318967e-05	0.000183983637199926	0.000632199093782723	0.00127418455124629	0.0029701613771371	0.0067721636671462	0.0137185246078115	0.0268567178493487	0.0455907538435943	0.0706917980485991	0.100834776821976	0.127157159214351	0.146727929303309	0.144317547928716	0.1257880469354	0.0910621140502823	0.0564448098020219	0.0266551187575233	0.00969241458951097	0.00225086364659483	0.000293590910425413	
