# <P(N_1)> as a function of N_tot.
# number_of_species: 2
# species_total_upper_bound: 100
# species_total_lower_bound: 0
# volume: 512
# Bin widths for each species index 
1	1	1	1	1	1	1	1	1	1	1	1	1	1	1	1	1	1	1	1	1	1	1	1	1	1	1	1	1	1	1	1	1	1	1	1	1	1	1	1	1	1	1	1	1	1	1	1	1	1	1	1	1	1	1	1	1	1	1	1	1	1	1	1	1	1	1	1	1	1	1	1	1	1	1	1	1	1	1	1	1	1	1	1	1	1	1	1	1	1	1	1	1	1	1	1	1	1	1	1	1	
# Bin lower bound for each species index 
0	0	0	0	0	0	0	0	0	0	0	0	0	0	0	0	0	0	0	0	0	0	0	0	0	0	0	0	0	0	0	0	0	0	0	0	0	0	0	0	0	0	0	0	0	0	0	0	0	0	0	0	0	0	0	0	0	0	0	0	0	0	0	0	0	0	0	0	0	0	0	0	0	0	0	0	0	0	0	0	0	0	0	0	0	0	0	0	0	0	0	0	0	0	0	0	0	0	0	0	0	
# Bin upper bound for each species index 
0	1	2	3	4	5	5	5	6	7	7	7	8	8	8	8	8	8	8	9	9	9	9	10	11	10	11	11	11	11	11	11	12	12	12	12	12	12	12	13	13	13	13	13	14	15	15	16	16	15	15	15	15	16	16	16	17	17	17	17	17	17	18	19	19	19	17	16	17	17	18	18	18	18	18	18	18	18	19	19	19	19	20	20	20	21	21	20	20	20	20	20	20	21	21	21	20	21	22	23	23	
# Normalized histogram for each species index 
1	
0.921223798871127	0.0787762011288734	
0.848670424877813	0.144972426909155	0.00635714821303195	
0.780816312054803	0.201850492837286	0.0169430720418168	0.000390123066094486	
0.71825384299738	0.248206646968489	0.0316771950819515	0.00177722760727524	8.50873449042973e-05	
0.659372833250397	0.286786325234026	0.0496338150093803	0.00402231433325109	0.000181955274842064	2.75689810366764e-06	
0.608303025804696	0.315662875820228	0.0674820147840262	0.00805451781477908	0.000486569847513958	1.09959287573776e-05	
0.56100227440036	0.338955698636459	0.0865741707228638	0.0123279091997846	0.00109325041477591	4.669662575676e-05	
0.517263469300223	0.356202366681697	0.106433316103773	0.0179796874484488	0.00199056406646944	0.000129221700447602	1.37469894093194e-06	
0.47467151486458	0.369431029475924	0.127128942888247	0.0252713692534885	0.00320399453339077	0.000266999544449231	2.47731536086915e-05	1.37628631159397e-06	
0.435644643781266	0.378646886320511	0.146533724340176	0.0334793858892531	0.00505226841469726	0.000567189925823702	6.62411592202864e-05	9.66016905295843e-06	
0.402584734078889	0.380927505788424	0.164903928091905	0.0433532539188775	0.00720244866627223	0.000886796295962721	0.000131633825181966	9.69933448709226e-06	
0.371696962235781	0.383966425657703	0.180618397555513	0.0522662542725259	0.00999262725591445	0.00131824110948041	0.000106510561836297	2.62818269466188e-05	8.29952429893227e-06	
0.341497757872344	0.383833996796565	0.196524356339232	0.0627339295742309	0.0132646540539494	0.0019392121985023	0.000177046477466686	2.07476340781273e-05	8.29905363125092e-06	
0.314417290397929	0.380006282284925	0.212252669625152	0.0729367744756575	0.0171711175409974	0.00291420529787579	0.000282287692671728	1.52213951930834e-05	4.15128959811365e-06	
0.289853470031982	0.374227753068947	0.226019918787956	0.084433713225843	0.0209885313556441	0.00388645793310096	0.000527961212818124	5.94301888774328e-05	2.7641948315085e-06	
0.265851901539496	0.367341260604091	0.238027484204915	0.0960239223048496	0.026535191324721	0.00523954673237679	0.000844332846200571	0.000134983065134838	1.37737821566162e-06	
0.2438405447503	0.358812907494452	0.248252856768715	0.108606834190249	0.0318179938522613	0.00727666202599694	0.00124746715922092	0.000143355342054117	1.37841675052035e-06	
0.224972644679252	0.349145077147531	0.256663369291304	0.119738936292497	0.0383319885936602	0.00920547990627349	0.00170072726468898	0.000233487333657545	8.28949113577081e-06	
0.207374199400602	0.339112261750166	0.264715451189285	0.13017201686256	0.0445619897600476	0.0115289070491347	0.00213539124944513	0.000352911659043223	4.54925185485405e-05	1.37856116813759e-06	
0.189560884683934	0.328511821589756	0.271213151440706	0.141222055888915	0.0515350133151274	0.0144839228318084	0.00286382564453387	0.000513771428492295	8.72442048383143e-05	8.30897188936327e-06	
0.173721646054018	0.318907714491709	0.274826687371749	0.150856857634075	0.0597595807220897	0.0174033608784871	0.00383367533691975	0.000600354944262659	7.76440574566025e-05	1.24785092340968e-05	
0.161609748675602	0.306900701273912	0.27853161265336	0.160129742589596	0.0658837849426671	0.0208611698963996	0.00494626333042865	0.000935031882374096	0.000172897907243731	2.90468484169468e-05	
0.149686723119682	0.294433231005903	0.280590667683024	0.170184950258908	0.0733022246877953	0.0239913784874447	0.00621850111296644	0.00132670579918461	0.000200596810095692	5.94873298904465e-05	5.53370510608804e-06	
0.136693986768653	0.284268124721124	0.281006565941922	0.179384351425015	0.0809642941508827	0.0277570946846676	0.00781061132469571	0.00168534591724952	0.000361934942884732	5.3875812108796e-05	1.24328797174145e-05	1.38143107971272e-06	
0.125295048160142	0.271201367090984	0.281204707519276	0.188044027397033	0.0893329910084504	0.0326036844095862	0.00950365652667235	0.00224167584594276	0.0004927821902719	6.90171134834594e-05	1.10427381573535e-05	
0.114162013254978	0.260349067983515	0.281341176275743	0.194905031757292	0.0972165099274316	0.0371578258745332	0.0112206338208949	0.00290935991321606	0.000636249962045827	8.5569409212237e-05	1.10412140919015e-05	5.52060704595077e-06	
0.105532875035732	0.247368304197114	0.280069882520766	0.202406756235447	0.105117964914423	0.0414812985160372	0.0137503156924836	0.00339837754878316	0.000749336005039978	0.000102686785875849	1.38765926859255e-05	8.32595561155532e-06	
0.0978114384362644	0.236260232778304	0.27704516344601	0.207847914462327	0.112891908447959	0.0466475469176366	0.0160355293200423	0.00429776688756474	0.000978726958846132	0.000162889124018489	1.53143620872083e-05	5.56885894080303e-06	
0.0911234555169367	0.225670820593293	0.27280176822929	0.213879373538438	0.119395892155852	0.0520337145357701	0.0184237005159194	0.00514665098375871	0.00125704825002718	0.000248064953996494	1.39362333705895e-05	5.57449334823581e-06	
0.0845285860359659	0.216582012581412	0.267978804988108	0.217419754595772	0.12674494854069	0.0574318692066597	0.0210533042879054	0.00634349923311179	0.0015587836486096	0.000333429657456599	2.22286438304399e-05	2.77858047880499e-06	
0.0772519740767982	0.206934595262216	0.263783843794668	0.221228437807907	0.134294120096032	0.063076090425901	0.0232212492540835	0.00759655282476859	0.00202056648024535	0.00051346813028213	7.63263436905869e-05	2.77550340693043e-06	
0.0709774197543405	0.196811463924067	0.261478326331653	0.223912768198687	0.141356484567313	0.0678451012124341	0.0262023803394482	0.00840201659530472	0.00230575380894666	0.000567741432740034	0.000130803173229322	8.34913871676521e-06	1.39152311946087e-06	
0.065278225114925	0.18576226947032	0.256733411692859	0.22891020305156	0.146843240514942	0.0734808779055419	0.0295242517153346	0.0100487028152263	0.00265613693117886	0.000628828218352582	0.000108755212930158	2.23087616266991e-05	2.78859520333739e-06	
0.0592845698499291	0.175309187402658	0.249673546197058	0.232036652303631	0.153896054872201	0.0802684890291949	0.0336492082621473	0.0115258464730406	0.00330508261308444	0.000855630524199524	0.000174761136478661	1.11847127346343e-05	9.78662364280501e-06	
0.0548230074215226	0.165893269833875	0.244528574054559	0.232115870608161	0.160642497021709	0.086251871517434	0.0367722480800722	0.013519827911604	0.00409734276096355	0.00113238205756767	0.000197851140169815	2.10479936350867e-05	4.20959872701735e-06	
0.0514089971687231	0.15765947778671	0.237571393617393	0.232291936104023	0.165940787863959	0.0923359781886819	0.0412932993114055	0.0152147925477996	0.00451745954070397	0.00143311545317907	0.000285224929218078	4.47411653675417e-05	2.79632283547136e-06	
0.0465555021409326	0.149915592473755	0.230658937694948	0.233843784587521	0.171067783156506	0.0976667747381131	0.0457393763904882	0.0173370822945431	0.00517904457388174	0.00155259539168446	0.000388498216821134	8.10535848044093e-05	1.39747560007602e-05	
0.0433217626475959	0.140335689292236	0.224485243890539	0.23244950023002	0.177038462074638	0.104304852717717	0.0495295052486303	0.0196604073439003	0.00635690686295011	0.0019391354049043	0.000432158141998801	0.000135223676689947	1.11524681806142e-05	
0.0395393024901514	0.133269626170828	0.21645901474923	0.23225021870316	0.18128123833351	0.109538243799696	0.0546702179230722	0.0224734909481966	0.00763232237681579	0.00218006653033705	0.000533524269085682	0.000133729320710771	2.36812338758658e-05	1.53231513314426e-05	
0.0361187365336431	0.125572254882708	0.21205499217959	0.22998552910683	0.18474553373083	0.115666865832954	0.0588083727835787	0.0246520509252876	0.00878420820258693	0.00267133523585885	0.000742347070236061	0.000144848208826548	4.17831371615044e-05	1.11421699097345e-05	
0.0325674718483856	0.118680178697915	0.20593623987016	0.229496310590807	0.187742962793577	0.121132813153594	0.0632846617623273	0.0269678243361573	0.00976173611382232	0.00329620685231766	0.000889585436454598	0.000185446493806366	4.88017088964121e-05	9.76034177928242e-06	
0.0297763806510034	0.110962747781875	0.198738958210375	0.228820902207172	0.19155612668461	0.125431660548423	0.0683303823448568	0.0295880196844186	0.0116114071401364	0.00369466547789968	0.00116504745998725	0.000255333754703792	6.27869888615882e-05	5.58106567658562e-06	
0.0278833542625924	0.105461141342263	0.190798102413841	0.226767127110367	0.195236500627878	0.13029859076322	0.0723454723036138	0.0323901213897028	0.0127054555602065	0.00445095576949909	0.00126412724989535	0.000290219059578624	9.34840239988838e-05	1.53481233431003e-05	
0.026219618631346	0.099819160597957	0.183760761340865	0.222912840993988	0.19880324812702	0.135685409262608	0.0760907967407014	0.0356162853212867	0.0141515559869014	0.00491268738522982	0.00147604052478338	0.000393796999043436	0.000120094120275658	3.49110814754819e-05	2.79288651803856e-06	
0.0240976294417448	0.0947525709765316	0.177559570897006	0.219208623357344	0.201065642043053	0.141565201862292	0.0796231885271175	0.038537790669284	0.0157000129752173	0.00563375565572981	0.0016114382819138	0.000492500184861967	0.000104638849474922	3.7669985810972e-05	6.97592329832815e-06	2.79036931933126e-06	
0.0222596669183061	0.0886396592161917	0.170999453622566	0.21673388638408	0.201211484214141	0.147058946200591	0.0852237575474466	0.0414662935172943	0.0175313471887977	0.00621035114134492	0.00196306599766712	0.000531084427130907	0.000102880229339495	5.56109347781054e-05	8.34164021671581e-06	4.17082010835791e-06	
0.0205373616716438	0.0833808831634728	0.164564061768965	0.2118056857102	0.202094413832072	0.151413930642499	0.090376608537867	0.045468744143041	0.0200736640580205	0.00707208276585908	0.00238373892991363	0.000641402088305241	0.00011939519392695	4.44261186704929e-05	1.24948458760761e-05	1.3883162084529e-06	9.71821345917031e-06	
0.0189706791517029	0.0783667572017033	0.157790759869129	0.207874464257184	0.203107829312513	0.154906605352913	0.0960023339978744	0.0492987586743448	0.0217992622899576	0.00825651748067158	0.00253683340395529	0.000828013531630534	0.000175049840579609	6.39070846560479e-05	1.80606978375788e-05	2.77856889808904e-06	1.38928444904452e-06	
0.0176256643294181	0.0734293354472779	0.151467107319905	0.204260361305882	0.203407619132687	0.158795665669242	0.100587289535974	0.0528672234379885	0.0241447456567371	0.00915825554910455	0.00301320843195927	0.000889029074181591	0.000276338707516413	5.72216515564289e-05	1.39565003796168e-05	6.97825018980841e-06	
0.0164913059935499	0.0688550784758217	0.145621290783054	0.201021575438611	0.203380668842787	0.161905879296546	0.104544572059898	0.0571336386606383	0.0260156742132514	0.00997830863199121	0.00350441998287597	0.00111459830463732	0.000277951206294268	0.00010754895921939	4.60924110940243e-05	1.39673973012195e-06	
0.0147703643747296	0.0649371310548865	0.139366705276526	0.196031092565974	0.204481069539612	0.164667792399905	0.109058431137223	0.0607770350419359	0.0287410860069498	0.0115578380339674	0.00386982430188258	0.00125040121690833	0.000343302119820813	9.21054467811937e-05	4.74482604630392e-05	8.37322243465398e-06	
0.0137449320362325	0.0602948075011448	0.132546100320552	0.190889113511219	0.204787620207074	0.169168072107491	0.113487485061374	0.063831213072275	0.0311449409714854	0.0131124836652407	0.00486552444350128	0.00152178526353412	0.00043280131348218	0.000111690661543788	5.16569309640021e-05	9.77293288508148e-06	
0.0127054877459798	0.05656573857997	0.126734300477226	0.185895452706496	0.202194482436161	0.172863788379994	0.119043252694457	0.0679917181946336	0.0336227858839735	0.0144063656229483	0.00543720960835012	0.0018226691323563	0.00049276461950032	0.000145589546670549	6.71951753864073e-05	8.39939692330091e-06	2.79979897443364e-06	
0.0115115627907891	0.0538988717208818	0.122220179340099	0.180401150314175	0.200809542723449	0.174255194027798	0.122830704799011	0.0730539325558841	0.036291878888591	0.0156364692821484	0.00608981601429331	0.00208280409431004	0.000644209622161934	0.000204911993105975	4.49122176670629e-05	1.68420816251486e-05	7.01753401047858e-06	
0.0109875757818326	0.0497783245351275	0.116547789073373	0.176294136729595	0.19913998064816	0.176180384986455	0.12650738613942	0.0770478473535868	0.039700762698416	0.0174405296056466	0.00683072195843989	0.00243512990870369	0.000752727584235975	0.000234525198819791	9.26866055215939e-05	2.38738226343499e-05	5.61737003161175e-06	
0.00944746716566151	0.0472190730665003	0.11022279164577	0.172333039724317	0.197638203449976	0.176459019064919	0.1311182008089	0.0812763141813155	0.0426913129661394	0.0192939054354194	0.00787125033891471	0.00302037983734903	0.000980569826264942	0.000269726943614425	0.000129244160481912	1.96675896385518e-05	8.42896698795079e-06	1.40482783132513e-06	
0.0086747042139498	0.0436152659052641	0.105906725847302	0.167498250160929	0.195660118005212	0.178996590273425	0.133603375432541	0.085098398581014	0.0455956058659665	0.0212496521404256	0.00885741833381589	0.00351935504726674	0.00121294065726485	0.000324668936069735	0.000134927350054955	3.23263442839996e-05	1.54604255271302e-05	4.21647968921734e-06	
0.00840651547122174	0.0402486529191555	0.10061390055289	0.162262617856395	0.194357794231556	0.179826330949613	0.137526656948097	0.0882037469442035	0.048940540069417	0.0238109630520993	0.0101721648745419	0.00372107800206086	0.00136781597884595	0.000375341075387325	0.000105432886344754	3.65500672661815e-05	2.24923490868809e-05	1.40577181793006e-06	
0.00764936623965102	0.0388541026753761	0.0955233806563604	0.15806529788709	0.190013977106852	0.181007760675861	0.13997677996765	0.0935930745689922	0.0519956828774805	0.0257294302638179	0.0112718603641938	0.00428894286857574	0.00143434423134366	0.00041001392074755	0.00012680842909718	4.3678458911251e-05	1.2680842909718e-05	2.81796509104845e-06	
0.00692160417191031	0.0357717553301301	0.091946335296929	0.151759176251333	0.187635568702754	0.182060106956106	0.143618691017893	0.0973026246949262	0.0561462996637472	0.027502594717805	0.0124588875094386	0.00448525606400398	0.00167277992550968	0.000501975379168163	0.000139987500106051	4.5248484882764e-05	2.54522727465548e-05	5.6560606103455e-06	
0.00636661480631863	0.0335123840239845	0.0878110201346855	0.148108611467572	0.184336566087875	0.182637382604449	0.147246953677731	0.100395198564566	0.0584578738771478	0.02992947749753	0.0133308538787376	0.00514581464278819	0.00184255652588664	0.000635951713094927	0.000154729323052114	6.81376835458851e-05	1.27758156648534e-05	7.09767536936303e-06	
0.00579113743805889	0.0314561143703366	0.0835293615082303	0.144428148316911	0.183132084069032	0.181030358261662	0.149736572307342	0.103260807655066	0.0620236942530045	0.0321794725750413	0.0145113060317822	0.00571851683089366	0.00215441134590192	0.000777467676710144	0.000189383152019138	6.26530728484365e-05	5.69573389531241e-06	5.69573389531241e-06	7.11966736914051e-06	
0.00511208244319631	0.0290649036371747	0.0790113885282419	0.139357334135229	0.181734744631031	0.182390322530075	0.151747756427157	0.105988419073896	0.0643392701137713	0.0348639177050213	0.0161086891149841	0.00651017357137462	0.00237433213001535	0.000979091340528538	0.000304986239989967	7.98094833618605e-05	1.42516934574751e-05	1.42516934574751e-06	1.28265241117276e-05	4.27550803724253e-06	
0.00500166246412859	0.0270931707686007	0.0745640134309977	0.134288572378551	0.17739134405587	0.183000911858007	0.15482464214211	0.109748318628018	0.0683379782438385	0.0364172399670647	0.0176064226768669	0.00754887145085314	0.00262426740985235	0.000941825171562017	0.000442372429067008	0.000122722673870202	3.13941723854006e-05	8.56204701420016e-06	2.85401567140005e-06	2.85401567140005e-06	
0.00474858184244975	0.0255924319298636	0.0710889795825241	0.129295470166642	0.17393213948567	0.182744822904991	0.156151338586719	0.114945626598903	0.0715296137534901	0.0384036209006049	0.0186064552193046	0.00818239117476778	0.00315146122276695	0.0010766304177326	0.000385020149387818	0.000136896053115669	2.13900082993232e-05	4.27800165986464e-06	0	2.85200110657643e-06	
0.00425390143531639	0.023840436514632	0.0672345208033654	0.12493458286028	0.170078843739544	0.182694699996282	0.158957215045799	0.117836644465353	0.0752032578450522	0.040850322724556	0.0199068288344453	0.00874516342130926	0.00352180142359135	0.00127688537201262	0.000484730281200758	0.000145848049210848	3.14574223788103e-05	2.85976567080093e-06	
0.00400652491199954	0.0224365395071974	0.0639498612025298	0.119257075809175	0.166400995907621	0.180332255387345	0.160431273788742	0.121971496437055	0.0788255158400824	0.0440131070600693	0.0222676931001917	0.00988753112211316	0.00401511032252526	0.00144234896831984	0.000549466273645651	0.000177431817531408	3.57725438571388e-05	
0.00361858611346074	0.0208040028099956	0.0616679330762283	0.11579188828834	0.161333887686198	0.178384539289759	0.16229014637783	0.12449570615475	0.082619604020014	0.0469111553956216	0.0236985849665238	0.011305931097762	0.00451749795701854	0.00167309429255495	0.000659488752849422	0.000169173201817895	5.3045834468323e-05	5.73468480738627e-06	
0.00326051656082029	0.0195373471498736	0.0583344897985461	0.111575763732011	0.1591744412127	0.176803263091782	0.163074471113883	0.127759600211168	0.0849851710161681	0.0500623060536304	0.0254660793254064	0.0120320071419476	0.00502740464884709	0.00191710934247442	0.000673849627093619	0.000216032470681819	8.44100382134258e-05	1.57374647516557e-05	
0.00312215762476513	0.0180842782968701	0.0551852052497869	0.108009546103861	0.155342311080951	0.175597843287646	0.164781491735549	0.129551008071989	0.0879122602425303	0.052778720286041	0.0277872028604096	0.0130546106712211	0.0056270119383324	0.00210567434327767	0.000717098303770255	0.000239507982173763	7.27077803027495e-05	2.85128550206861e-05	2.85128550206861e-06	
0.00280243742244144	0.0168559416090009	0.051956933361258	0.103483599258572	0.151985570367964	0.175563372556059	0.16549055477433	0.131489452035863	0.0914232877278316	0.0552950680235764	0.0296913044655209	0.014042106372945	0.00643976469213793	0.0023507990579707	0.000756529878656027	0.000264999166534879	6.69621549846201e-05	2.9919260737809e-05	1.13978136144034e-05	
0.00247532508224973	0.0155768874709812	0.0488314129861991	0.0998347884294931	0.148156324327404	0.173624542463646	0.16525429763719	0.135070428553117	0.094790138578326	0.0585375927534787	0.0316964094968168	0.015176676683805	0.00673237149815561	0.00277156651902069	0.00102117841425377	0.000311908051215587	9.68481620212781e-05	2.99089912124535e-05	1.1393901414268e-05	
0.00223769304367482	0.0145933412282859	0.0459039839181806	0.0953535881990836	0.144214625186415	0.171054146769348	0.166356981701812	0.137515762656685	0.0985423718693267	0.0615479319820928	0.0337686930536264	0.0164002712527527	0.00758313513021696	0.00313902556571411	0.00119845948908378	0.000410859777396457	0.000133636052163553	3.69631633643871e-05	8.52996077639703e-06	
0.00217842338382712	0.0138558519921781	0.043420777955605	0.0906459863188195	0.140401801246558	0.168707104301605	0.167404878589109	0.140336476946913	0.101914428007651	0.0647534220702407	0.0354228115294549	0.0175239534266145	0.00785879726603605	0.0034991103114407	0.00138317104031787	0.000491352340811072	0.000142009347055223	4.54429910576714e-05	1.42009347055223e-05	
0.00193323754355795	0.0130970833144771	0.0415865275829298	0.0872997465719328	0.135460978865909	0.166825530615016	0.167507184233154	0.142209632529303	0.105381952301217	0.0673507715979545	0.0378289473684211	0.0191075145947414	0.00851784178847807	0.00353554781192017	0.00149058695750554	0.000634984387020863	0.000171120514096936	3.95981354935059e-05	2.1213286871521e-05	
0.00176718563347188	0.011962704344061	0.0398385415711733	0.0828504013189721	0.13174911887532	0.164400447367345	0.166531506818403	0.145113724671632	0.107338545097082	0.0711175862472621	0.0403096030249479	0.0206590065116489	0.00976394743856809	0.00392081090267504	0.00158101763377652	0.000724926907904665	0.000272200181372763	8.03907271411788e-05	1.8334727242725e-05	
0.00165933651937233	0.0110678874642488	0.037720274806446	0.0797469229607869	0.127464135896275	0.162885890983284	0.1669354622508	0.146275593784261	0.110794576678703	0.0729797648426664	0.0425642393226069	0.0223206159863528	0.0104456362694842	0.0043896223739518	0.00165087051672247	0.000667403208897204	0.00031465309848642	7.61940238487295e-05	4.0919012807651e-05	
0.00155596903861427	0.0104615289123875	0.0351806997769731	0.076882927083877	0.123698833234822	0.158959941203273	0.167587599081936	0.148505465641016	0.113288088443368	0.0764484407158868	0.0440058514592676	0.0236696323652845	0.0116986865251388	0.00506430539313258	0.00188606582468475	0.000712388363100822	0.000275080655058733	8.18188615046489e-05	3.10347405707289e-05	5.64268010376889e-06	
0.00148047256684334	0.00990224651137214	0.0332203944260913	0.0737613732017546	0.120669793988717	0.155789423221988	0.166491124919455	0.150139657912139	0.116023930076576	0.0789712266631699	0.0470198087229444	0.0249833270589496	0.0126573354595739	0.00547492854957398	0.00217981960794266	0.000830474611305453	0.000297504487241851	7.6138589151943e-05	2.67895035904985e-05	4.22992161955239e-06	
0.00132349787224436	0.00907400300256234	0.0311854477317109	0.0701072908083214	0.118048108724363	0.154644659164023	0.16509577722342	0.150853359822104	0.118213193213758	0.0820963754783217	0.0496918422864625	0.0268678533936856	0.013065661297423	0.00598113803885271	0.00226179860256685	0.00100038378616338	0.000354155614001422	0.00010159045501236	2.25756566694134e-05	1.12878283347067e-05	
0.00113510583026497	0.00833822765366283	0.0296299329101629	0.0662116831191127	0.113527524904561	0.152289130091034	0.165366848133005	0.151663692425851	0.12097489213671	0.0846486819218867	0.052693476247487	0.0287108360252095	0.0143045923784138	0.00627273035306874	0.00254269353272041	0.00108710384241794	0.000464489823578576	9.31803293501096e-05	3.9531048815198e-05	5.64729268788543e-06	
0.00103125361503063	0.00785925292658772	0.0280752095659706	0.0637924175349794	0.109167576596327	0.148376375122382	0.16464224951541	0.152499978838845	0.122469478560929	0.087484446551155	0.055862627425421	0.0311873100786349	0.0157213273404943	0.00726109761499677	0.00277352203440522	0.00116386351901541	0.000420401610504962	0.000160824777173039	4.65545407606166e-05	2.82148731882525e-06	1.41074365941262e-06	
0.000940837119686313	0.00735205054605172	0.0265040013746363	0.0614727199488455	0.105472348121002	0.144087514753396	0.162577499345076	0.1537451796182	0.125613022988538	0.0905386715041845	0.0581558465703107	0.0332067616330003	0.0170702782793385	0.00791401762802004	0.00335490122618682	0.00129294682016772	0.00047886919265471	0.000152111390607967	5.21122356712478e-05	1.69012656231074e-05	1.40843880192562e-06	
0.000897992796383295	0.00699984682126008	0.0251943894421905	0.0584229335274534	0.101869483281735	0.141136642462552	0.16021371947492	0.154113270759584	0.12824152211887	0.0935416189446969	0.0607388836502072	0.0351973827515118	0.0186920221982695	0.00858222536386977	0.00386600654593184	0.00146573785074769	0.000587419387931483	0.000177069002103748	5.05911434582138e-05	7.0265477025297e-06	4.21592862151782e-06	
0.00102056042139996	0.00652032534058565	0.0238768908521187	0.0562082450020693	0.0982102889382512	0.138661081033905	0.158262879472518	0.154602938650946	0.129060774725012	0.0963620188233572	0.0633662446473365	0.0376734600798993	0.0200409913372016	0.00942012460690828	0.00417374020613913	0.00152732145823304	0.000677089051990867	0.000251972848869782	6.05297905106181e-05	1.40766954675856e-05	5.63067818703424e-06	2.81533909351712e-06	
0.000971037506499347	0.00618456738944085	0.0222439257458439	0.0541111001812791	0.094378943522435	0.135194839870154	0.156802180969913	0.155807253973384	0.132024564016807	0.0977571984654516	0.0658605134835092	0.039452790151909	0.0212489987493149	0.0103610123522716	0.00471044532819944	0.00170177484858279	0.000802405812172398	0.000275431767400683	7.58842624471269e-05	2.38894900296511e-05	8.43158471634744e-06	2.81052823878248e-06	
0.000878423888639425	0.00576027166591828	0.0206738325101033	0.0518873484508307	0.0920605074090705	0.131038111809609	0.154474910193085	0.15502638078132	0.135364279299506	0.101751234845083	0.068089077233947	0.0412382128423889	0.0220728558599012	0.0112202514593624	0.00518775258194881	0.00198557476425685	0.000854568926807364	0.000298888639425236	0.000112258643915581	1.8242029636282e-05	7.01616524472384e-06	
0.000786023631148954	0.0054587309571414	0.0193815773434643	0.0493149264626555	0.088927154804622	0.128225534138786	0.152026217601045	0.154782204200813	0.137060944153091	0.104780733033589	0.0710055357920975	0.0430295396367478	0.0235933189392464	0.0122611279789385	0.00567870548493174	0.00233705421881721	0.000870090329667558	0.000290030109889186	0.000141512275839651	4.34344609012791e-05	5.60444656790698e-06	
0.00062277829092843	0.00495003778654799	0.0181949226075517	0.0466299997200996	0.0863674531866655	0.125697651636018	0.150428247543874	0.154910851736782	0.136921655890503	0.106959722338847	0.0735983989699667	0.0456685419990483	0.0250216922775492	0.0132966663867663	0.00649928625409354	0.00276261650852297	0.000954460212164469	0.000348475942564447	0.000111960142189381	4.47840568757522e-05	9.7965124415708e-06	
0.000509514445366156	0.00433999632251282	0.0171620747203636	0.043892634217755	0.0825890632654121	0.122084152697128	0.149926380075318	0.154801156022306	0.138725484003633	0.109909143608682	0.0761464425926004	0.0474929222407968	0.0269228555828326	0.0142565791228211	0.00660403709489742	0.002911110081789	0.00113833668096957	0.000407050107868279	0.000122115032360484	5.47412214029754e-05	4.21086318484426e-06	
0.000576062702532994	0.00406747922810401	0.0160316428018793	0.0415998564748887	0.0784356323514571	0.118702555419755	0.147167901954408	0.155982642431854	0.140679838085734	0.111559938553312	0.0793214513976879	0.0506248388145723	0.0281892288889138	0.0149313770561654	0.00704870883464337	0.00315222632115986	0.00130069632104773	0.000405065987912495	0.000147169303566823	6.02693338416514e-05	1.54177365641434e-05	
0.000505956229164441	0.00381013149240222	0.0148582479297958	0.0391413360617491	0.0759637060731613	0.115265261607479	0.144772347805555	0.154781848539192	0.141345899786936	0.114445893603027	0.0817793918406125	0.0531788105531226	0.0307017050724923	0.0162299514844194	0.00766102056993158	0.00333509481057561	0.00147008393251668	0.000521416002833355	0.000123678189351308	8.85423401037772e-05	1.96760755786172e-05	
0.00047122577604995	0.00356644984671138	0.0140049422608179	0.0372815321569518	0.0717315022846035	0.112676253867277	0.142190975465406	0.154721934718401	0.142122255039732	0.116171178372981	0.0848486888423273	0.0551656723241809	0.0329759871198288	0.0171548621804851	0.00866157855025146	0.00376840375073278	0.0015917894518354	0.000636715780734159	0.000161282631683763	7.15253410075817e-05	2.24393226690452e-05	2.80491533363065e-06	
0.000502428169566008	0.00323289435013225	0.0134452017410046	0.0352357493737142	0.0687123003932655	0.1097756567254	0.140338404265741	0.151957230627126	0.143057674275398	0.118220368633927	0.088109666494059	0.0577022658250878	0.0344898044868655	0.0188529522903167	0.00912208024855499	0.00440289421018012	0.0018193777728017	0.000647978391390145	0.000260310973647013	8.3971281821617e-05	2.37918631827915e-05	6.99760681846808e-06	
0.000420277774287099	0.00310810074937901	0.0127116573325905	0.0337702267405574	0.0669149237705479	0.105868110970088	0.138370523029407	0.15092440166268	0.143265851523263	0.120036079660092	0.0906641086969574	0.0597743904226933	0.0363128374614105	0.0200895568652584	0.0100699113227859	0.00459792262700138	0.00196874306227511	0.000766553149779459	0.00027087670502225	8.37763005223452e-05	9.77390172760694e-06	1.39627167537242e-06	
0.000316390417412345	0.00304125062023672	0.0121036757040035	0.0319094370759393	0.0642411926385567	0.103921011111297	0.135731489069896	0.15013073753812	0.143395942397431	0.121583122870985	0.0930661715923219	0.0616724369588609	0.0380100575914187	0.0213542624897556	0.0109593737978558	0.00507897216321843	0.00221333913150134	0.000819548746424928	0.00034147864434372	9.05963750299665e-05	1.95130653910697e-05	
0.000316297838306316	0.00285364745749487	0.0115650751451208	0.0306098278057848	0.0623162476765346	0.100015605884533	0.13360309219455	0.149777476807148	0.144418527529059	0.122974370121419	0.093671535145288	0.0651601414561962	0.0394271525670287	0.0222091244262747	0.0115051596955738	0.00569057432441847	0.00245235328378465	0.000927992776704873	0.000349739019448834	0.000108683838713183	3.06544160473081e-05	1.6720590571259e-05	
0.000331989170763283	0.00268786211475713	0.0108625745412924	0.0293386747936875	0.0599900264341168	0.0966449646688512	0.131116275387101	0.149488194937374	0.146090514972156	0.124140335572987	0.0950364146280818	0.0664978476266942	0.0416514447085232	0.0236045689488723	0.0121641387798078	0.00600358659430507	0.00258645956469135	0.0011182062027801	0.000476453077706302	0.000115293310348755	2.91705965942634e-05	1.94470643961756e-05	5.55630411319303e-06	
0.000354420916371893	0.00266092578619835	0.0102574397242162	0.0282110742691799	0.0577373824077087	0.0943078062591288	0.12825330019867	0.147459868061276	0.146791175472965	0.126028478274413	0.0979281605415995	0.0681166543219277	0.0431535154816871	0.025024054935242	0.0128491426751857	0.00615114113843875	0.00278275797620119	0.00118647939582309	0.000545475941603616	0.000146752410685237	2.76891340915541e-05	1.24601103411994e-05	1.24601103411994e-05	1.38445670457771e-06	
0.000368392479253687	0.00234192361811272	0.0100961698261631	0.026697375272832	0.0554209091815593	0.0913045525554805	0.126200737892906	0.145747698239472	0.14715756118639	0.127364082564233	0.10041464927928	0.0701427590103815	0.0452845762655528	0.026291589572	0.0134380158879644	0.00674185935716897	0.00281557109143889	0.00121597216836367	0.00068831226386873	0.000200815449217235	3.18534850482511e-05	1.38493413253266e-06	2.63137485181205e-05	6.92467066266328e-06	
