# <P(N_2)> as a function of N_tot.
# number_of_species: 2
# species_total_upper_bound: 100
# species_total_lower_bound: 0
# volume: 512
# Bin widths for each species index 
1	1	1	1	1	1	1	1	1	1	1	1	1	1	1	1	1	1	1	1	1	1	1	1	1	1	1	1	1	1	1	1	1	1	1	1	1	1	1	1	1	1	1	1	1	1	1	1	1	1	1	1	1	1	1	1	1	1	1	1	1	1	1	1	1	1	1	1	1	1	1	1	1	1	1	1	1	1	1	1	1	1	1	1	1	1	1	1	1	1	1	1	1	1	1	1	1	1	1	1	1	
# Bin lower bound for each species index 
0	0	0	0	0	0	1	2	2	2	3	4	4	4	5	7	8	9	9	10	11	12	12	13	13	15	15	16	17	18	19	20	20	21	22	23	24	25	26	26	27	28	29	30	30	30	31	31	32	34	35	36	37	37	38	39	39	40	41	42	43	44	44	44	45	46	49	50	51	52	52	53	54	55	56	57	57	58	59	60	61	62	62	63	64	64	65	66	67	67	68	70	70	71	73	73	75	76	76	76	77	
# Bin upper bound for each species index 
0	1	2	3	4	5	6	7	8	9	10	11	12	13	14	15	16	17	18	19	20	21	22	23	24	25	26	27	28	29	30	31	32	33	34	35	36	37	38	39	40	41	42	43	44	45	46	47	48	49	50	51	52	53	54	55	56	57	58	59	60	61	62	63	64	65	66	67	68	69	70	71	72	73	74	75	76	77	78	79	80	81	82	83	84	85	86	87	88	89	90	91	92	93	94	95	96	97	98	99	100	
# Normalized histogram for each species index 
1	
0.0791974046650036	0.920802595334996	
0.00633472206720136	0.145823130429369	0.84784214750343	
0.000451614959916326	0.0171507422424694	0.201930331371528	0.780467311426086	
6.2527498755169e-05	0.00181253493342728	0.0316816160765825	0.24788798122345	0.718555340267785	
1.52400343510374e-06	0.000169926383014067	0.00413919332974177	0.0495003935738871	0.284986356359247	0.661202606350675	
7.58868708883545e-06	0.000509200903660859	0.00781710657020939	0.0676569397405124	0.315008677663686	0.609000486434842	
4.79220468038657e-05	0.00105580636450422	0.0121942592430599	0.0869283108999837	0.339107813195298	0.560665888250351	
6.85796320016947e-06	0.00013182529262548	0.00193775560200344	0.0179556716498659	0.107364461882298	0.356617134392457	0.515986293217551	
3.05294338087529e-06	2.51867828922212e-05	0.00027247519674312	0.0031666655218129	0.0254920772303087	0.127542815622827	0.369419124095279	0.474078602606756	
6.88311251288672e-06	4.97113681486263e-05	0.000571298338569597	0.00502161297329046	0.0336958949116973	0.146603413411974	0.378102371767614	0.435948814116193	
9.95322748713928e-06	0.000103360439289523	0.000936369016674719	0.00726738733137893	0.0433225710870992	0.164888994716367	0.381018735802295	0.402452628379408	
5.34291190225219e-06	3.129419828462e-05	0.000109148057431723	0.00137389163200771	0.0101164220503501	0.0524986890784011	0.181086549829905	0.384275962926298	0.37050269931542	
7.63642667159471e-07	9.92735467307312e-06	2.82547786849004e-05	0.000219165445474768	0.00201678028396816	0.0133003643339165	0.0629967018273205	0.197701741028917	0.382734650209658	0.34099165109472	
1.53183458637402e-06	3.06366917274805e-06	3.06366917274805e-05	0.000366874383436579	0.00295337708252912	0.0172905828936968	0.073445341078289	0.212853777197723	0.379090764262912	0.313964050905927	
1.52975136950991e-06	5.43061736176019e-05	0.000567537758088178	0.00405078162646225	0.0213484452371956	0.0848614274721929	0.226475865877519	0.373267747792951	0.289372358310604	
2.28820559679834e-06	0.000111359339044186	0.000887061036358824	0.00548635428592349	0.0267292923114004	0.0960001403432766	0.237531758386846	0.367319542572446	0.265932203519108	
1.14504865693426e-05	0.000167940469683692	0.00131833268701698	0.00726266194804838	0.0321155613639209	0.108105570432706	0.247767155118978	0.358779622408755	0.244471705084321	
7.64287008114435e-07	2.44571842596619e-05	0.000264443304807595	0.00172958149936297	0.00920583701273837	0.0379812428682469	0.118314686004147	0.256693434545314	0.35038050028699	0.225405053007125	
4.58200995976232e-06	6.03297978035372e-05	0.000372670143394002	0.00217569106256047	0.0114680072609584	0.0442813079194696	0.129393670258708	0.264834066327649	0.339330675258444	0.208078999961053	
9.93798696136111e-06	7.10948298005064e-05	0.000512188558777842	0.00289348312682706	0.0143504531722054	0.0511997443643969	0.140396235184755	0.271204606333403	0.329198875937229	0.190163380505645	
1.29958191685275e-05	0.00010320209339713	0.000681898276372148	0.00393008860855293	0.0173157823521362	0.0590101925445279	0.149863199891752	0.275274383787945	0.319366904846905	0.174441351779242	
7.63631587467889e-07	2.59634739739082e-05	0.000177926159880018	0.00102326632720697	0.00497811431870317	0.0206867797045051	0.0655272265206196	0.160142707471066	0.2788339651112	0.307264732744217	0.161338554537041	
6.88789567134023e-06	4.74499479581216e-05	0.000228831200636748	0.00139671217779955	0.00615012551276557	0.0239660503275577	0.073434151717382	0.170137910977775	0.280651901059205	0.294904487846691	0.149075491336558	
7.63433956473576e-07	1.14515093471036e-05	4.58060373884146e-05	0.000326749733370691	0.00174062942075975	0.007829778657593	0.0278989305053704	0.0810247726684536	0.178465665702959	0.281136844773264	0.284699791048126	0.136818816509412	
7.62558964871959e-06	6.02421582248847e-05	0.000469736322361127	0.00225031150533715	0.00955867662467	0.0323698654998498	0.0888800601506512	0.187058764318951	0.282216972427393	0.271355845090722	0.125771900312192	
3.0505894501465e-06	8.38912098790289e-06	9.60935676796149e-05	0.000623082895192424	0.00276688463128288	0.0112993833233427	0.037188210692011	0.0969721374412571	0.194716074013401	0.281465686207217	0.259805738463815	0.115055269054363	
4.58946824126223e-06	1.91227843385926e-05	0.000127740199381799	0.000789388537497103	0.003456634497044	0.0134838576928284	0.0415958804933066	0.10476532136604	0.201412638324661	0.27866562740708	0.249143872945161	0.10653532628442	
3.06339700093434e-06	2.91022715088762e-05	0.00019452570955933	0.00103236478931487	0.00432704826381975	0.015708333971541	0.0467275261537519	0.112471855040054	0.207097890851165	0.276834591878935	0.237438540597669	0.0981351570756812	
3.83405886507257e-06	2.6838412055508e-05	0.000282953544242355	0.00126523942547395	0.00512000220841791	0.0179756015830062	0.0516969161130925	0.119905590134506	0.213642194891347	0.273162124712733	0.225668870739306	0.0912498341769541	
3.06115108464236e-06	4.74478418119565e-05	0.000349736511420389	0.00153822842003279	0.00620724911188354	0.0204745090296304	0.0573927563981884	0.127069912099047	0.217356267477259	0.269110383577537	0.2163017009286	0.0841487474535049	
3.82372037285862e-06	6.57679904131683e-05	0.000447375283624459	0.00197533394461876	0.00740425213000343	0.023211512151401	0.0627961949393826	0.134147581840999	0.22188284579624	0.264869110227917	0.206173473016388	0.0770227289586403	
7.66703008389264e-07	6.90032707550338e-06	0.000105038312149329	0.000509090797570471	0.00231620978834397	0.00850120295702016	0.0264957225639162	0.0682756696000724	0.141501173822306	0.224705317698726	0.261332253815498	0.195516934169346	0.0707337194449684	
1.53582228693153e-06	1.38224005823838e-05	0.000116722493806797	0.00063506251564619	0.0027299241150208	0.00996364708646833	0.0297719150321678	0.0739713446277704	0.147250033404135	0.228322252375533	0.256181300749328	0.185749258581791	0.0652931807954638	
5.38523675808747e-06	1.53863907373928e-05	0.000171558256721929	0.00087317767434704	0.00336577297380467	0.0114520906258414	0.0335638727545486	0.0797745893756972	0.153954687079278	0.231140516213409	0.249865753740816	0.175831057429703	0.0599861522483363	
2.31446657331651e-06	4.01174206041529e-05	0.000219102835607297	0.00111634437719633	0.00407731861332593	0.0132780947311168	0.0369589452204337	0.0860333514633215	0.160395619486266	0.231658045278681	0.244310462546145	0.16648189508523	0.0554283884754994	
6.15457996915017e-06	6.3853767179933e-05	0.000333885963326397	0.00135631556070147	0.00462055091183949	0.0150233297046956	0.0408617950601802	0.0918678765545123	0.165641287999723	0.232853147875324	0.237808354072986	0.15818655301209	0.0513768949374733	
1.53633902700577e-05	0.000100630206268878	0.00040482533361602	0.00158166102830244	0.00543249479949239	0.0169458194678736	0.0449348438618647	0.097482247602543	0.171387836496655	0.23316018792499	0.231558554489336	0.149763864691549	0.0472316707072383	
1.07325419872375e-05	0.000132623554556577	0.000476064898148177	0.00189889332159909	0.00634523214488318	0.019493362689391	0.0494440543250611	0.103891006436459	0.176452956202029	0.232707575028135	0.224812257176238	0.140667594776012	0.0436676469055015	
8.42224544720209e-06	1.76101495714226e-05	0.000137818561863307	0.000576540983794834	0.00226252139058929	0.00762749174045702	0.0219077917255267	0.054096082507379	0.109431766412851	0.181204610796553	0.232253371769399	0.217592539421851	0.133215421897073	0.0396680103976448	
6.11863575837813e-06	4.05359618992551e-05	0.000181264584341952	0.000757946004569091	0.00264936928337773	0.00883913418244701	0.0244118270169892	0.0585675814791955	0.114810081370207	0.184794272345067	0.230778114557688	0.212367904390198	0.125617886607912	0.0361779635803503	
5.35973385093049e-06	4.67062521295371e-05	0.000203669886335359	0.000910389078393764	0.00327632873544737	0.00981520403358256	0.0268698771472434	0.0630947868931537	0.120286975463904	0.188244572312381	0.229997664687394	0.205251007821383	0.118780124575528	0.0332173333792739	
3.06275664943611e-06	4.67070389039006e-05	0.000271819652637455	0.00116078477013629	0.00370287278916825	0.0114393960856439	0.0298136389147734	0.067309437195495	0.125941319113975	0.191482014344421	0.228627892677944	0.197743820314193	0.111808994244315	0.0306482401017448	
8.42009217704545e-06	6.58298115659917e-05	0.000320728965652913	0.00132578178642207	0.00439375719056735	0.0128169112193135	0.0324870120078169	0.0717476054406043	0.130656101237065	0.194872316956764	0.225744202192439	0.191250146394784	0.105943896160361	0.0283672905444661	
1.53172782728237e-06	2.0678325668312e-05	0.000109518539650689	0.000405142010316187	0.00150339086247765	0.00501947209000433	0.0143025085872491	0.0356463699965153	0.0762333280999299	0.135481326323126	0.19819102943598	0.223268477424246	0.18350558889191	0.099963621464102	0.0263480162209977	
1.53258231691197e-06	3.83145579227992e-06	2.29887347536795e-05	0.00010115043291619	0.000511882493848598	0.00169733491598001	0.00577093871433202	0.0157258271538337	0.0389934918891912	0.080197733770528	0.140962323762612	0.200257933603936	0.219933991679611	0.177299084205437	0.0944200976714711	0.0240998569334407	
2.29307834302159e-06	4.58615668604318e-06	4.58615668604318e-05	0.00011083211991271	0.000548810083429834	0.00206912102485315	0.006302143646071	0.0176505883656848	0.0419488108477893	0.0852941064064787	0.14633050138158	0.201083097337354	0.216749408576877	0.171179062666009	0.0882147238560405	0.0224660528860302	
5.34814106256867e-06	7.64020151795524e-07	6.87618136615971e-06	4.73692494113225e-05	0.000123771264590875	0.000675393814187243	0.00235776618844099	0.00726965174433441	0.0199936433523371	0.045540185167924	0.0903148221437489	0.150855778972026	0.201877044708931	0.212733771065946	0.164460685815049	0.0833889794677224	0.0203481487027702	
7.63871913957468e-07	1.52774382791494e-06	9.93033488144708e-06	4.88878024932779e-05	0.000199370569542899	0.000859355903202151	0.00273542532388169	0.00833766194084576	0.0219781227083843	0.0492918907357614	0.0958231483744806	0.154303654363236	0.202415362991934	0.209080145441212	0.157999266682963	0.0783350647763383	0.0185804204351014	
3.82857479771725e-06	7.6571495954345e-06	6.50857715611933e-05	0.00028178310511199	0.000943360830157531	0.00323591141903062	0.00936775681505457	0.0241169583657805	0.0528121264746713	0.100344648303291	0.158341430769031	0.203317230347734	0.204585254320738	0.151568681951869	0.073584441897166	0.0174238439044112	
7.65802917555955e-07	3.06321167022382e-05	9.03647442716027e-05	0.000281815473660592	0.00113032510631259	0.00380144568274776	0.0103850533649763	0.0261146452915756	0.0570798862629507	0.104779452588758	0.161275031225614	0.203501404099649	0.200187774875385	0.145850228860202	0.0691673195136539	0.0163238549906227	
4.59942461198104e-06	3.14294015152038e-05	9.65879168516019e-05	0.00033882427974927	0.00133000028363118	0.00415558013692487	0.0117637950159102	0.0288192280479045	0.0607591656950382	0.109217936836102	0.164785118714982	0.203494642820183	0.195962318447296	0.139548075869042	0.0651155873733529	0.0145771097369052	
6.91322292148192e-06	3.76386581280682e-05	0.000111379702623875	0.000412488967648421	0.00164611519119286	0.00478241398990516	0.0129784238312621	0.0313168998343131	0.064228449755848	0.11373480723246	0.168603521288502	0.204362550917807	0.191217441600549	0.132875217094403	0.0602395201301529	0.0134462185822823	
1.5401758726829e-06	5.39061555439016e-06	5.4676243480243e-05	0.00014323635615951	0.000509028125921699	0.00183203920055631	0.00529820500202918	0.0143790819473676	0.0336905771270021	0.0685632392362884	0.119148775598686	0.171645670219082	0.202292089733727	0.186526849500945	0.126813460829092	0.0566445882455318	0.0124515518427049	
3.84860807391791e-06	1.00063809921866e-05	4.2334688813097e-05	0.000203206506302865	0.000657342259025178	0.00209903084351483	0.00608080075679029	0.0159909665471289	0.036462482613913	0.0731389478367359	0.122236410757321	0.173758496764475	0.201363023035459	0.181258664178926	0.121398953640437	0.0538897496942281	0.0114057348878631	
3.07871820646192e-06	1.38542319290786e-05	7.46589165067016e-05	0.000251685213378262	0.000732734933137937	0.00238600661000799	0.00695867282615556	0.0174509444737778	0.0396785202448812	0.0766816343683471	0.126081207350132	0.175847147798486	0.199499400419629	0.176846191856482	0.116550265462477	0.0502123545882907	0.0107316419881746	
7.70245716085889e-07	4.62147429651533e-06	2.15668800504049e-05	0.00010860464596811	0.000289612389248294	0.000902727979252661	0.00293848740686767	0.00796202996717983	0.0194802844055282	0.0425291172136823	0.0807695062801985	0.130280900910199	0.176372404560779	0.197993972057026	0.172243887522559	0.111122579213995	0.0472977084419701	0.00968121840548353	
2.30855357575711e-06	1.15427678787855e-05	2.61636071919139e-05	0.000110041053777756	0.00032781460775751	0.00109425439490887	0.00338433954205992	0.00901874930262444	0.021401061165127	0.0453753900493646	0.0844830571405486	0.133269719857024	0.178472737906065	0.195631447116809	0.167939577457744	0.106470490913918	0.0440348899397083	0.00894641462391738	
7.68206690619351e-07	1.3059513740529e-05	2.53508207904386e-05	0.000102171489852374	0.000374116658331624	0.00133437502160581	0.00371888858928828	0.0100996133615726	0.0235601309946049	0.0485936824218177	0.0877407271690892	0.137147940476273	0.180078403174845	0.193760932541466	0.163127154339638	0.101063735804501	0.0408378676733247	0.00842108174256933	
1.53947640867864e-06	6.9276438390539e-06	3.23290045822515e-05	0.000130085756533345	0.000441059991086432	0.0014309433218668	0.00425126410256608	0.0111304144347466	0.0257177231451811	0.0515539859738304	0.0925733348830729	0.140208583658612	0.181093998120299	0.190511745050391	0.158629958364861	0.0958131629851371	0.0387901870694758	0.00768275701751077	
3.08582925489567e-06	1.54291462744783e-05	5.01447253920546e-05	0.000157377291999679	0.000525362430645988	0.00170492066332986	0.00461640056532392	0.0122329986237202	0.0274924242891792	0.0551669125043973	0.096495423715215	0.143564348797452	0.182335479013275	0.187730280008147	0.152777863495257	0.0920163425517339	0.0362245496232202	0.00689065672618203	
6.1912077111492e-06	7.7390096389365e-06	6.81032848226412e-05	0.000157101895670411	0.000650076809670666	0.00184575379888636	0.00517739744844852	0.0133343136078876	0.0295870077506182	0.0583892799238481	0.0996738007437188	0.14756124458753	0.182715695872399	0.184810645781659	0.148662505659151	0.087651249269631	0.0334031134035777	0.00629877994513042	
3.87800720068377e-06	4.65360864082052e-06	8.53161584150429e-06	6.04969123306668e-05	0.000197002765794736	0.000721309339327181	0.00206852904084472	0.00589146853927878	0.014377323895815	0.0319353892976308	0.061683582534076	0.103319419043497	0.150154112006155	0.18171411020676	0.183048920285235	0.144333998799369	0.0831413719768995	0.0315274229401189	0.00580847918518415	
2.3262558292094e-06	6.9787674876282e-06	6.20334887789173e-06	1.62837908044658e-05	6.51351632178632e-05	0.000260540652871453	0.000855286726539322	0.00241542896932909	0.00656236769419971	0.0157479765451379	0.0343952432720804	0.0645318875394882	0.106630139280691	0.152576793582015	0.182856890292224	0.180536837811893	0.138951913190336	0.0788244033541507	0.0295938512405922	0.00516351252223513	
1.55058833197786e-06	1.55058833197786e-06	1.0854118323845e-05	1.86070599837343e-05	8.37317699268045e-05	0.000348882374695019	0.000908644762539026	0.0027592719367546	0.00743041928683791	0.0172952622548811	0.03628221637995	0.0682925619053009	0.110444530415953	0.155121632025231	0.18296322082006	0.17694228632699	0.134027428357004	0.0747530881904867	0.0273407487635996	0.00497351207481899	
1.55140021626519e-06	0	5.42990075692817e-06	1.62897022707845e-05	0.000115579316111757	0.00036457905082232	0.00111080255484588	0.00320441714669575	0.00809830912890429	0.0186043913934522	0.0385251458704053	0.0716754656915599	0.115099157744823	0.156639449935539	0.182600581154521	0.173662188808509	0.129114507298562	0.0709982794971602	0.0254972625543184	0.00466661185052569	
3.11460015541855e-06	3.03673515153308e-05	0.000134706456721852	0.000459403522924236	0.00137587461865614	0.00365809788253908	0.00886493069236004	0.0201810517070345	0.0412302982073919	0.0754216000635378	0.117937449485079	0.159251063246628	0.181970514080329	0.170162286241098	0.123687001371981	0.0672909363578177	0.0240828670517351	0.00425843706249601	
3.89572241886963e-06	3.66197907373745e-05	0.00018855296507329	0.000520468515160983	0.00152946062164822	0.00396818285586061	0.00998551570404664	0.0222648327683237	0.0443753949288602	0.0787348875188066	0.121476416465193	0.161133312400318	0.180562059247705	0.165530803866738	0.119216897462249	0.0639498417947126	0.0225827237177035	0.00394013365444475	
7.79015200144585e-06	5.68681096105547e-05	0.000180731526433544	0.000607631856112776	0.00179251397553269	0.00452763634324033	0.0111274531188653	0.0240232707420587	0.0472083211287619	0.0822764693784705	0.124672034600739	0.163069693815866	0.178516007204333	0.161242903171527	0.115269321134994	0.0610366199465284	0.0208199602390642	0.00356477355586162	
1.08956877980749e-05	7.00437072733386e-05	0.00021713549254735	0.000696545755662645	0.00204216319872489	0.00502446860174082	0.0120685307631962	0.0259115021106504	0.0499839677736686	0.0849100950103976	0.127562043159376	0.164201906434059	0.177307862328315	0.158358704720635	0.111322798759759	0.0574856488226431	0.0196005640853226	0.00322512358823017	
1.55243705449908e-06	2.40627743447357e-05	7.06358859797081e-05	0.00025304723988335	0.000790190460740031	0.00213227229435448	0.00566329037481264	0.013033485291047	0.0276760715890823	0.0529924388553261	0.0872221234699763	0.130099658696714	0.165485132698438	0.175872489030092	0.155280187720689	0.107229156009833	0.0547505738195463	0.0183824071623236	0.0030412241897637	
6.98172881568934e-06	2.55996723241942e-05	9.23139698963368e-05	0.000314953544352208	0.000810656290266151	0.00237146055439581	0.00628898616764372	0.0139487184261011	0.0297297527924976	0.0552425413803188	0.0910076108601568	0.132769985392672	0.165885100913133	0.175451620885919	0.151460849179918	0.102628310600049	0.0521744594396464	0.0170501575155596	0.00273994068633497	
8.52234869732026e-06	3.56389127342484e-05	0.000120862399707451	0.00035561436837	0.00104360033593549	0.00279610513169353	0.00674892540930517	0.0151325922505509	0.0315365639749474	0.0580526898082007	0.0951566717594156	0.135791230348239	0.16583173474732	0.173635107118176	0.146793582516479	0.0993024070211757	0.0494009563624756	0.0157585975003177	0.0024985976862598	
1.62677201952126e-05	4.0281973816717e-05	0.000158803935238981	0.000453172205438066	0.00121852970795569	0.00324812146564412	0.00751955999690139	0.0165768068789217	0.0338074211790224	0.0614315593771787	0.0987396390115423	0.138024633976296	0.166419552250368	0.170535285459757	0.143368192733752	0.0950003873266713	0.0463947633434038	0.0147579208304284	0.00228910062746921	
9.30231837029584e-06	4.57363986539545e-05	0.000179069628628195	0.000497674032810827	0.00135581290247062	0.00352867943513222	0.00803332710594798	0.0176806064491423	0.0358689644426632	0.0646635157647165	0.102255734685477	0.140415395026826	0.166927002382169	0.168287466443824	0.139733225013004	0.0913224098275893	0.0431976409320613	0.0137899117907661	0.00220852541974774	
1.54466515135015e-05	6.71929340837317e-05	0.00019771713937282	0.000589289755240083	0.0014751552195394	0.00363228010339989	0.0087914617089094	0.0192171791479473	0.0385007788974026	0.0675242647586963	0.105104423225894	0.142507717533262	0.167158256351084	0.166114835041347	0.135491076083254	0.0870264346270676	0.041537590584957	0.0130547375266358	0.00199416271039305	
1.53966958690665e-06	2.15553742166931e-05	8.16024881060524e-05	0.000255585151426504	0.000664367426750219	0.00160279603996982	0.0040393231612496	0.00986928205207162	0.0207555158662951	0.0408890052194799	0.0702820674683213	0.107201034657962	0.144999923016521	0.167178863415911	0.163696900645122	0.131919660040955	0.0831375386841984	0.039642642688879	0.0119255107853855	0.00183528614759273	
3.84999199201666e-06	3.15699343345366e-05	8.54698222227698e-05	0.000249479481082679	0.000682988579383755	0.00167782651012086	0.00447908068351218	0.0105551380453129	0.022374613460804	0.0428404008919661	0.0724699392625263	0.110619509911419	0.14643598541315	0.167083492466336	0.162433472138378	0.12768113442324	0.0801491332898028	0.037301802412251	0.0110694969754463	0.00177561630671808	
4.62362890137954e-06	3.15947974927602e-05	7.47486672389692e-05	0.000256611404026564	0.000728221551967277	0.00188181696286147	0.00494651231965921	0.0115398071330264	0.0237978179554005	0.0441309966540339	0.0763900554989589	0.112673212697718	0.148609597728873	0.167299076353066	0.15939960637506	0.124104364551562	0.0770712701570955	0.0351195439252452	0.0103823586980477	0.0015581629397649	
2.31093472687833e-06	2.54202819956616e-05	7.62608459869848e-05	0.000303502760796687	0.00079188029974364	0.00215148023072372	0.00546382000591599	0.0126076895582725	0.0252939508972589	0.0472693995267206	0.0786919493196608	0.115537492605009	0.149787085880497	0.166639192220469	0.156186064139223	0.12111839997042	0.0737211287221455	0.0330972071583514	0.00984766318280418	0.00138810145927825	
6.94147182340896e-06	3.23935351759085e-05	9.79518801747708e-05	0.000332419372876585	0.000932471048277936	0.00223515392713768	0.00613163344401125	0.0132975461897104	0.0272622449491152	0.0499454323187215	0.0815376131363498	0.118147706807656	0.150761826532619	0.165568757206597	0.15451793406373	0.117894728723425	0.0702746894655452	0.0307915977339951	0.00896915287049142	0.00126180532256634	
9.25950932316845e-06	3.31799084080203e-05	0.000118830369647328	0.000417449545319511	0.000959902466501796	0.00263896015710301	0.00658505438032663	0.0145405161404822	0.0290725443974181	0.0523656117256253	0.0844953374512429	0.120887523968626	0.152045772841088	0.165266808903018	0.151674620842384	0.113459854239891	0.0664524119092722	0.0294568140343296	0.00841535072320626	0.00110419648678784	
7.71070067908141e-07	7.71070067908141e-06	5.4745974821478e-05	0.000157298293853261	0.000377824333274989	0.0011180515984668	0.00293392160839048	0.00735523737777576	0.015789201780555	0.0310147513414692	0.0552641339071123	0.0877408340973353	0.123104420621806	0.15312217836547	0.16413614321547	0.147772494234324	0.109189690176336	0.0639587199928445	0.0280068070065595	0.00782481904913181	0.0010702452542565	
7.70412463424668e-07	1.46378368050687e-05	6.16329970739735e-05	0.000146378368050687	0.000448380053713157	0.00126886932726043	0.00348303474714293	0.00801306003207997	0.0170176409045875	0.0328881376511357	0.0580659873683173	0.0903254684492984	0.125686630108027	0.154161074756203	0.162613269892435	0.144390703895051	0.105587339349741	0.0612231376434315	0.0261570439581943	0.00744988852131654	0.000996913727671521	
2.30673235215191e-06	1.30714833288608e-05	7.68910784050637e-05	0.000189920963660507	0.000517476957666079	0.00147938434851343	0.00390683569376129	0.00878096115385828	0.0184830774270092	0.0354421736800301	0.0605186610802735	0.0934511099611623	0.12867645080009	0.154253499120751	0.160736185941081	0.140786795648888	0.101083318403649	0.0585356401682069	0.0251380002629675	0.00700093268878105	0.000927306405565069	
1.53561002876198e-06	4.60683008628593e-06	2.07307353882867e-05	8.59941616106707e-05	0.000241858579530011	0.000631135721821172	0.00156401881429407	0.00429894027551915	0.00967741440125797	0.0201441323572996	0.0375771452088199	0.0636564103272846	0.0966520630152931	0.129283008321471	0.155214854877174	0.158750596968399	0.137336515117313	0.0977346680855703	0.0563123553647304	0.023454139774296	0.00645263334085782	0.000905242111955185	
1.53508670937278e-06	4.60526012811834e-06	4.06797977983786e-05	8.36622256608164e-05	0.000260197197238686	0.000769078441395762	0.0017423234151381	0.00478716790317901	0.0104984580054004	0.0213822227748534	0.0393342942976134	0.0660900880986263	0.0984857904698747	0.132395855879919	0.156096059585926	0.156569633835767	0.134165043312472	0.0944845869618945	0.0538370259844127	0.0219287136433901	0.00621249591283164	0.000830481909770673	
1.53669197854471e-06	7.68345989272353e-06	3.61122614958006e-05	0.000115251898390853	0.000278909594105864	0.000811373364671605	0.00202997010365756	0.00523627791689109	0.0112163147513978	0.0221475731407756	0.0417027469137462	0.0684442607243812	0.102294511627764	0.135280373293215	0.155256600668307	0.154438312189732	0.130624196598225	0.0917205341233979	0.0511480241598713	0.0206984726050079	0.00570881070029359	0.000802153212800337	
4.61589236354461e-06	1.15397309088615e-05	5.07748159989907e-05	0.00013693814011849	0.000324651096235971	0.000895483118527653	0.00232333248965078	0.00571293611528037	0.0120782516846084	0.0238010796572238	0.0432139843075046	0.0712716860393105	0.105146181464576	0.137040459065882	0.154747791487833	0.152592939069451	0.127782517615399	0.0885189678556949	0.0489361522075121	0.0193467435264033	0.00532904773371225	0.000733926885803592	
2.30910085921643e-06	4.61820171843286e-06	1.69334063009205e-05	5.46487203347888e-05	0.000117764143820038	0.000374074339193062	0.0010113861763368	0.00274552092160833	0.00639236087859748	0.0130394925519952	0.0247935856256932	0.0453730621833164	0.0739635793218479	0.10737395965385	0.137226785262087	0.15459430252454	0.151430834347413	0.125124787658933	0.0859062489657152	0.0467054133790843	0.0182557513929651	0.00488605741810197	0.000606523825687516	
3.85297064036372e-06	3.08237651229098e-06	2.00354473298913e-05	5.16298065808739e-05	0.000137165754796948	0.000416891423287355	0.00119519149264083	0.00288125144486399	0.00668567465515913	0.0139161593588657	0.0266186329660168	0.0477167295985205	0.0766563920782924	0.109926793557833	0.13879633197195	0.154781536564691	0.149478307775295	0.121860214225168	0.0827548740078601	0.0439600832241658	0.0172720967866225	0.00434306850581799	0.000524004007089466	
7.6998476200156e-07	2.69494666700546e-05	5.38989333401092e-05	0.000164006754306332	0.000453521024818919	0.00130204423254464	0.00321160644230851	0.00709232964279637	0.0150508921428445	0.0283662386321375	0.0504170622463381	0.0792799410499666	0.111686289728326	0.140287373712874	0.154778486933744	0.147177967348026	0.118833288289225	0.0790551054994622	0.041972639361467	0.0162120291639428	0.00408168922337027	0.000495870186729005	
3.85586171954467e-06	3.85586171954467e-06	2.85333767246306e-05	8.02019237665291e-05	0.000158090330501331	0.000576836913243882	0.00142821118091935	0.00352579995635165	0.00786904259724676	0.0162347201839709	0.0305661870231745	0.0527042314997683	0.0819663660893928	0.114095719453671	0.14059088767335	0.153959931427355	0.145237972217745	0.115684334482123	0.0763900188705873	0.0397099775049027	0.0149059902354158	0.00380496434484668	0.000474270991503994	
4.61847544125684e-06	1.00066967893898e-05	2.84805985544172e-05	8.00535743151186e-05	0.000190127238998407	0.000611947995966531	0.00161492691262614	0.00387105216568011	0.00855187702539392	0.0170868196408366	0.0326618583205684	0.0551823143180436	0.084469606582867	0.116390199595114	0.141707912218177	0.153508116970588	0.142852524381702	0.112743913234241	0.0726509279286907	0.0377760501258535	0.0139639604966401	0.00357316049971904	0.000469545003194445	
9.23241686208616e-06	2.61585144425774e-05	9.23241686208616e-05	0.000266201352856818	0.000692431264656462	0.00189956976937423	0.00429538194508558	0.00915778815911763	0.0183525059856836	0.0342822719131414	0.057690295498889	0.0874709948236916	0.117845646299955	0.143015522770217	0.151873257381317	0.140066534950853	0.109777283330564	0.0699894134953315	0.0360271987000757	0.0134008530753181	0.00330289713241132	0.000466237051535351	
2.30202931557599e-06	6.90608794672797e-06	2.30202931557599e-05	0.000112799436463224	0.000302333183445647	0.000815685720819093	0.00201504299423418	0.00457643427936507	0.0100261050124386	0.0197299259206966	0.0364319159483056	0.0598796192136575	0.0897400088090989	0.119730846732423	0.143108721775202	0.151028469963889	0.137700487569809	0.106172661406785	0.0678914485749671	0.0344176402971766	0.012677275440877	0.00318984528828313	0.000420504021645214	
3.06548175578533e-06	2.5290224485229e-05	0.00012951660418193	0.000367091440255293	0.00088592422742196	0.00221021234592122	0.00500439896631955	0.0108801611217211	0.0212384239745197	0.038042628589296	0.061789383010487	0.0923169830754752	0.121475079166066	0.143564174327816	0.14998405949487	0.135263616103589	0.103833998031961	0.0650288308559132	0.0323186077808058	0.0122274403533887	0.00307927642368636	0.000331838400063762	
1.14803796485014e-05	3.97986494481382e-05	0.000123988100203815	0.000356657127746777	0.000996496953489921	0.0024613933966387	0.00556339197766377	0.0114512960200585	0.0223729638589995	0.0395139360328553	0.0646682132013651	0.0938383271709207	0.123195954008068	0.144577778424081	0.149419437201175	0.133366039659354	0.100054570071263	0.0623774947821674	0.0309044166551225	0.0115852337826244	0.00280427406880727	0.000316858478298638	
3.05581211644783e-06	1.45151075531272e-05	4.50732287176055e-05	0.000113829001337682	0.000420174166011577	0.00115051326184261	0.00260813564138822	0.00599626732549976	0.0123057553929354	0.0237681066417312	0.0419364375800718	0.0665456565068553	0.0957378296552815	0.124795547070584	0.145071624416244	0.149021261576753	0.130420533223935	0.0964872675768403	0.0598794023748244	0.0297727774505512	0.0109474469071744	0.00263029027923247	0.000328499802518142	
7.63605347375527e-07	1.22176855580084e-05	1.14540802106329e-05	3.89438727161519e-05	0.000122176855580084	0.000510851977394227	0.00117518862961094	0.00284290270827909	0.00622567439715267	0.0129919813802472	0.0253715512718992	0.0432162446347179	0.0687962601664507	0.0978758790052055	0.126457627157471	0.146138027775381	0.146714549812649	0.127617543680135	0.0941197043014653	0.058233307396205	0.0283916104207695	0.0102598014473376	0.00256265954579227	0.000313078192423966	
3.82101742995311e-06	2.13976976077374e-05	6.11362788792497e-06	3.74459708135405e-05	0.00018417304012374	0.0006029565504466	0.00131748680984783	0.00297122315353154	0.00685032004841993	0.0138427819452341	0.0266592386087828	0.0455770959044807	0.0705734277277479	0.100559244111048	0.127523399910741	0.146270839829063	0.144365680538488	0.125855143700824	0.0913651119710948	0.0564967995158007	0.0267173180737181	0.00962972812696782	0.00229948828934578	0.000269763830554689	
