# <P(N_2)> as a function of N_tot.
# number_of_species: 2
# species_total_upper_bound: 100
# species_total_lower_bound: 0
# volume: 512
# Bin widths for each species index 
1	1	1	1	1	1	1	1	1	1	1	1	1	1	1	1	1	1	1	1	1	1	1	1	1	1	1	1	1	1	1	1	1	1	1	1	1	1	1	1	1	1	1	1	1	1	1	1	1	1	1	1	1	1	1	1	1	1	1	1	1	1	1	1	1	1	1	1	1	1	1	1	1	1	1	1	1	1	1	1	1	1	1	1	1	1	1	1	1	1	1	1	1	1	1	1	1	1	1	1	1	
# Bin lower bound for each species index 
0	0	0	0	0	0	0	1	2	2	3	4	4	4	5	7	8	9	9	10	11	11	12	13	13	15	15	16	17	18	19	20	20	21	22	23	24	25	26	26	27	28	29	30	30	30	31	31	32	34	35	36	37	37	38	39	39	40	41	42	43	44	44	44	45	46	49	50	50	51	52	53	54	55	56	57	57	58	59	60	61	62	62	63	64	64	65	66	67	67	68	70	70	71	73	73	75	76	76	76	77	
# Bin upper bound for each species index 
0	1	2	3	4	5	6	7	8	9	10	11	12	13	14	15	16	17	18	19	20	21	22	23	24	25	26	27	28	29	30	31	32	33	34	35	36	37	38	39	40	41	42	43	44	45	46	47	48	49	50	51	52	53	54	55	56	57	58	59	60	61	62	63	64	65	66	67	68	69	70	71	72	73	74	75	76	77	78	79	80	81	82	83	84	85	86	87	88	89	90	91	92	93	94	95	96	97	98	99	100	
# Normalized histogram for each species index 
1	
0.0790115060180281	0.920988493981972	
0.00629859059836273	0.146041691281965	0.847659718119673	
0.000448332392555522	0.0171466884170896	0.20210473152722	0.780300247663135	
6.03031282417166e-05	0.00185381302100378	0.0316550769474692	0.247910225581129	0.718520581322156	
2.03172607998093e-06	0.0001740512008517	0.00409257356710825	0.0494942017923887	0.285242151272843	0.660994990440729	
6.7488860963498e-07	1.28228835830646e-05	0.00051224045471295	0.00785705319337043	0.0678748972482092	0.315241144449109	0.608501166882406	
6.77719825202503e-06	5.82839049674152e-05	0.00108096312119799	0.0122565630387873	0.0872740482102775	0.33940683250019	0.559916532026328	
1.42635621004929e-05	0.000135164231333242	0.0019412028801528	0.0180712539640816	0.10757171005846	0.35637849516703	0.515887910136842	
2.71829801924419e-06	2.58238311828198e-05	0.000279305121477341	0.0031926410236023	0.0254453081836401	0.127438568163701	0.36911225143713	0.474503383941247	
6.12593284344021e-06	4.42428483137349e-05	0.000586047575355781	0.00500216449627135	0.0335864478029682	0.146607186127621	0.37775973274597	0.436408052470657	
8.86062576465496e-06	9.74668834112046e-05	0.000948086956818081	0.00723095221055573	0.0431648792058153	0.164725848830909	0.38097759965648	0.402846305630246	
4.76090723848337e-06	2.85654434309002e-05	0.00011154125530161	0.00135753869257326	0.0099319326290818	0.0523461750871246	0.180996090615028	0.384192291683103	0.371031103687119	
6.79925208227095e-07	8.83902770695224e-06	2.58371579126296e-05	0.000216896141424443	0.0020050994390617	0.0131313955464899	0.0630630630630631	0.197317695053544	0.383130375658678	0.341100118986911	
1.36296881868085e-06	2.7259376373617e-06	2.93038296016383e-05	0.000361186736950425	0.00293447186661987	0.0172558667289089	0.0733338558047138	0.212745802907894	0.379116591760172	0.314218831458683	
1.36067195423788e-06	5.03448623068016e-05	0.000551752477443461	0.00404051536810939	0.0213958861444136	0.0847562560294776	0.226449829984039	0.373101012203867	0.289653042258389	
2.03781090201662e-06	0.000105286896604192	0.000866748903657735	0.00549529673243815	0.0266450568141679	0.0961181060857185	0.237597203580026	0.367277375951658	0.265892887224828	
1.01947676374578e-05	0.000168553491605968	0.001287259327023	0.00721449723144094	0.0320387564286506	0.107991134630062	0.24806588266638	0.358734842929215	0.244488878527984	
6.80586938175483e-07	2.17787820216154e-05	0.000255220101815806	0.00174502490948194	0.00913211553643862	0.0379631394114284	0.118287371028775	0.256880733944954	0.350521329594642	0.225192606103504	
4.07878582703501e-06	5.50636086649726e-05	0.000379327081914256	0.00217943122691237	0.0114341962684548	0.044233072698919	0.129309747074491	0.264505182097393	0.339609904923502	0.208289996233921	
1.01993358192515e-05	6.59557049644927e-05	0.000531045418322359	0.00288709199256944	0.0142736305011818	0.051123150860416	0.140266025876395	0.270922237543891	0.329518101781212	0.190402560985229	
1.35878242224707e-06	1.29084330113472e-05	9.64735519795422e-05	0.000671238516590054	0.00396356832569471	0.0171417196478579	0.0589752334727897	0.149839731613296	0.275080066254231	0.319497304855066	0.174720396547062	
6.79102850805857e-07	2.3768599778205e-05	0.000167059301298241	0.00100507221919267	0.00492892849114891	0.0205808909965223	0.0655558354968418	0.160396623228985	0.278885130431889	0.307355159246223	0.16110085288527	
6.12833968978345e-06	4.35793044606823e-05	0.000228791348418582	0.00136389604429292	0.00617940918719831	0.0239801932061226	0.0734338517227784	0.170051212492008	0.280791672539659	0.294700279928938	0.149220985886434	
6.79803645515029e-07	1.22364656192705e-05	5.71035062232625e-05	0.000333783589947879	0.00171106577576133	0.00784221485466138	0.0279718806020069	0.0809415008568925	0.178403589907091	0.281195339538128	0.284584840514666	0.136945764585357	
1.01827187044323e-05	6.44905517947381e-05	0.000475193539540176	0.0022164384379981	0.00951473235742157	0.0322466335931963	0.0887878763193409	0.18719095448732	0.282120367881261	0.271243187761187	0.126129942352235	
2.71725101149669e-06	1.01896912931126e-05	9.17072216380132e-05	0.000612060790339629	0.0027090992584622	0.0112582502533837	0.037105421187493	0.0968007086590638	0.194892111548589	0.281353000796155	0.259901662685894	0.115263070656678	
4.08509247628093e-06	1.9063764889311e-05	0.000128680413002849	0.000782976057953845	0.00338654166283689	0.0133786778598201	0.0414180717682663	0.104709771200779	0.201426378122968	0.278755817001474	0.249516767602493	0.10647316945304	
2.72576674114824e-06	2.86205507820566e-05	0.000197618088733248	0.00101194090265129	0.00425832909135884	0.0156574856028408	0.0465738134226295	0.112191877623976	0.20717803413614	0.277094632488277	0.237556704466237	0.0982482178596326	
3.40983874872557e-06	2.72787099898046e-05	0.000275514970897026	0.00123572556253815	0.00503360396086869	0.0179391616570452	0.0514565126215181	0.11951757601383	0.21340544005674	0.273259703548619	0.226214840300202	0.0916312327590028	
2.72236257513721e-06	4.55995731335482e-05	0.000334170006098092	0.00150478591340709	0.00613756642564683	0.0203312843017684	0.0572056853820019	0.126777702761565	0.217266992987194	0.269375054447252	0.216803510758777	0.0842149250805819	
3.40015314289756e-06	6.52829403436331e-05	0.000436579663548046	0.00194420756710882	0.00730760913471543	0.0229952357054162	0.0624281717648563	0.133904831073592	0.22186271269658	0.26553699978647	0.206393375957653	0.0771215935565738	
6.81270842629842e-07	8.85652095418794e-06	0.000102190626394476	0.000487108652480337	0.00229792655219046	0.00843277049007218	0.0263052297756234	0.0678961334473327	0.141110267092234	0.224952225882161	0.261573258756885	0.195761814088	0.0710715368448303	
1.36454781955493e-06	1.43277521053267e-05	0.000111210647293726	0.000621551531807268	0.00273250700865874	0.00991958037425453	0.0296482127493796	0.0737285655122819	0.14694679014005	0.228658642670638	0.256390348007453	0.185800924754057	0.0654259743042	
4.78408403585329e-06	1.70860144137618e-05	0.000161291976065911	0.000870019853948749	0.00338029709161863	0.0114797513643183	0.033379237758725	0.0793700044765358	0.153829488410556	0.23150797746013	0.250163854878228	0.176054292519401	0.0597819141120227	
2.05474807761194e-06	3.97251295004976e-05	0.000231501616744279	0.00110066005357413	0.00406771627764578	0.0132353172839244	0.0369765614886787	0.0856001199972877	0.160458701960846	0.231980373046363	0.244743783188462	0.166187339601228	0.0553761456076678	
5.46454059607209e-06	7.24051628979552e-05	0.000336752314232942	0.00134700925693177	0.00463734576334168	0.0149537153411513	0.0407238057246527	0.0918022328112875	0.165885692739811	0.233044213597963	0.238107793527798	0.157896534388354	0.0511870348309818	
1.97764848048402e-05	0.000105701901543111	0.000409850598886516	0.00155347697880779	0.00540239009048083	0.0169375363137178	0.0448769357086937	0.0974837491850724	0.171610787867877	0.233347517846573	0.231448293357556	0.149654798047993	0.0471491856179947	
1.49710174711774e-05	0.000125212146122575	0.000482475063048399	0.00187818219183862	0.00636064092286796	0.0195344557967099	0.0493995941493264	0.103829450168968	0.176417108878766	0.232654375007656	0.224881694936938	0.140641821129005	0.0437800185912817	
7.47618325892265e-06	1.69913255884606e-05	0.000144086440990146	0.000579744029078275	0.00221906712185295	0.00765765061620741	0.0219330827226085	0.0539542552735977	0.109271894512414	0.180752362303997	0.232348221585916	0.217718010601228	0.133529390575523	0.0398677667077404	
5.43007187378884e-06	3.80105031165219e-05	0.000177834853866584	0.000733059702961493	0.00262883354589802	0.00888427634450276	0.0245160957511724	0.0584567599982895	0.114592164270534	0.184560676641256	0.230767194492278	0.21245020454402	0.125928796825037	0.0362606624551934	
4.75266132060163e-06	4.14160486509571e-05	0.000196217017379125	0.000891463473421421	0.00325964671431549	0.00990047248243043	0.0270086953333618	0.063033189191905	0.120248441975776	0.187948744584512	0.229955481142458	0.205448043566967	0.118807706644017	0.0332557291634841	
2.71596136544958e-06	4.34553818471932e-05	0.000270238155862233	0.00112101305358931	0.00374938466500314	0.0114593199911731	0.0297166912800665	0.0671630086062026	0.125793824582845	0.191387686510159	0.228770857734549	0.198117159783402	0.111829030232045	0.03057561406189	
8.81794737177687e-06	6.30822388904038e-05	0.00032762066004371	0.00132201380212255	0.00439201609478886	0.0127595698469611	0.0324086698058559	0.0715942713187444	0.130291277150799	0.194918013438552	0.226110484810746	0.191538704684229	0.105904904542328	0.0283605536585664	
2.0357795033648e-06	2.0357795033648e-05	0.000109253500013911	0.000412584646015267	0.00150172668031544	0.00500733898510963	0.01423009872852	0.0355514960604274	0.0760872589382596	0.135211724461316	0.198311388761276	0.223451908441495	0.183667348200405	0.0999839173419234	0.0264515616803867	
1.35826381286384e-06	4.75392334502346e-06	2.30904848186854e-05	0.000115452424093427	0.000506632402198214	0.00173857768046572	0.00580386127236721	0.0157511063058756	0.0390174862883268	0.0803433419266157	0.140839733019665	0.19997989769557	0.219933472238446	0.177368200870919	0.0944604568656161	0.0241125783378654	
2.03306578187644e-06	4.06613156375288e-06	4.60828243891993e-05	0.000123339324100504	0.000574679927677073	0.00207847091767168	0.00634926443680012	0.0176842838593552	0.0420471888121745	0.0855012591454076	0.146151677550345	0.201118321717751	0.216525571901404	0.171229543969791	0.0882404764421891	0.0223237399735973	
4.7379571282565e-06	6.76851018322357e-07	6.76851018322357e-06	4.7379571282565e-05	0.000151614628104208	0.00070933986720183	0.00236085635190838	0.00737632239767705	0.0199813189118943	0.0456014836574322	0.0905437144230184	0.150772625437415	0.202108390922074	0.212824296244154	0.164076809053559	0.0831152744969305	0.0203183907190188	
6.76887670491082e-07	1.35377534098216e-06	1.15070903983484e-05	6.36274410261617e-05	0.000219988492909602	0.000864385555217112	0.00276914745997902	0.0084252208346025	0.0219358987376045	0.0493491725048228	0.0960611906454124	0.154426506921176	0.202624293498494	0.208949131891563	0.157644430906691	0.0781669881883102	0.0184864791687819	
3.39454835534132e-06	8.14691605281917e-06	7.26433348043043e-05	0.000287857700532944	0.000941647713771683	0.00326623442750942	0.00939271529922944	0.0240367969041719	0.0529305135951662	0.100522081537051	0.158600088258257	0.203502494993041	0.204477409280695	0.151423334125395	0.0732231236633966	0.0173115177025697	
6.79156813233235e-07	2.78454293425626e-05	9.44027970394196e-05	0.000290679116063824	0.00112128789864807	0.00375302054992685	0.0104046823787332	0.0261434623686001	0.0570872050931328	0.104944669094426	0.161620984315553	0.203636341409413	0.200426646310073	0.145333445620593	0.06886650086185	0.0162481475997919	
4.07969271754451e-06	3.12776441678413e-05	0.000100632420366098	0.00033453480283865	0.00133201967227828	0.0041102904129261	0.0117576744119633	0.0288638259766274	0.0605922761897574	0.109516631207337	0.16516635966979	0.203528390241647	0.195793972797969	0.139211354600771	0.0650901374108502	0.0145665428479927	
6.130372590423e-06	3.6782235542538e-05	0.000119882841768272	0.000418908793678905	0.00162591104148219	0.00477079218036918	0.0129786799264355	0.0312219876030243	0.0642047544445201	0.113826033648934	0.168869967985832	0.203999046386486	0.191180437299911	0.132827464069205	0.0603283155098427	0.0135849056603774	
1.36416807914903e-06	5.45667231659613e-06	6.13875635617064e-05	0.000148694320627244	0.00050747052544344	0.00182934939413885	0.00531138841616676	0.0143333140076189	0.0335721764278577	0.0684007516566116	0.119148486284995	0.171460921700163	0.20229316654105	0.186592274034084	0.127096129514117	0.0567719008659057	0.0124657679072639	
3.40950857389121e-06	9.54662400689539e-06	4.97788251788117e-05	0.000195023890426577	0.000660080859905338	0.00211730482438644	0.00609006421468448	0.0159844580961168	0.0363835478937079	0.0730719058539216	0.12212246000135	0.173625814616836	0.201207375176186	0.181387219934442	0.121689452412466	0.0539500179681102	0.0114525392997006	
2.72499797328276e-06	1.49874888530552e-05	8.24311886918034e-05	0.000254787310501938	0.000748693193159438	0.00240957945787528	0.00696373232072409	0.0173800370735974	0.039584683058892	0.0765172618402865	0.125975293805875	0.175766456773698	0.199488245380617	0.177141218251219	0.11655974455869	0.0503566000472787	0.0107535232520671	
6.8118823751399e-07	4.08712942508394e-06	2.17980236004477e-05	0.000115120812139864	0.000287461436230904	0.000923010061831456	0.00291480446832236	0.00793379940232544	0.0194969697341254	0.0424475638324468	0.0806785724746819	0.130176434565398	0.176498597092825	0.197871559233064	0.172384901326478	0.111198530268259	0.0473248716130469	0.00972123733756215	
2.04092739740938e-06	1.02046369870469e-05	2.58517470338522e-05	0.000114972243387395	0.000312261891803636	0.00108917492108414	0.00337501360618265	0.00905763578970284	0.0213004789376293	0.0452385163818439	0.0840896103189289	0.133222896484162	0.17861108087515	0.195805894198324	0.168135000544247	0.106589474257102	0.0440799499292479	0.00893994230978557	
6.79256458710038e-07	1.15473597980706e-05	2.71702583484015e-05	9.57751606781153e-05	0.00036476071832729	0.0013197952992736	0.003701268443511	0.0101392611591647	0.0233983472331847	0.0484065322735121	0.0874094381326425	0.137246484508198	0.180341231274598	0.193936549295679	0.163172345024243	0.101091700980439	0.0409265601501972	0.00841055347174769	
1.36190983339757e-06	7.49050408368664e-06	3.67715655017344e-05	0.000126657614505974	0.000426958732770138	0.00140617190298299	0.00423077289744955	0.0111152271052743	0.0255930095892071	0.0513760056001732	0.0923184199666877	0.140152098090194	0.181355999144721	0.190819229622084	0.158540604660728	0.0959989812914446	0.0388280493501647	0.00766619045219492	
2.73143257492832e-06	1.43400210183737e-05	5.39457933548343e-05	0.000152277366052254	0.000521703621811308	0.00170577964304273	0.00461953534234752	0.0122907637290337	0.0274597745338981	0.0547024001780894	0.0961928609912505	0.143643990541049	0.182408481644432	0.188031135599922	0.153010072840478	0.0918983661253195	0.0363068846440909	0.00698495595223544	
5.47849894607377e-06	7.53293605085143e-06	6.23179255115891e-05	0.000156822032331362	0.000640299564322371	0.00187638588903026	0.0051840296277223	0.0133237094368514	0.0295113041977629	0.05813577637863	0.0994710509267566	0.147468865005677	0.183033910538851	0.185006170159438	0.148519367178587	0.0876306450795546	0.0335414249849684	0.00642490963900801	
3.42968931130467e-06	4.1156271735656e-06	8.91719220939214e-06	6.03625318789621e-05	0.000189318849984018	0.000717491003924936	0.00206192921395637	0.00588123123102524	0.0144190998025871	0.0318234011817337	0.0615183371768718	0.103322134254502	0.150190896507067	0.181787252256393	0.182912190350501	0.144159444884207	0.0831960314379041	0.0318391777525657	0.00590523905620438	
2.05613241492752e-06	6.16839724478256e-06	5.48301977314006e-06	1.50783043761352e-05	6.16839724478256e-05	0.000246735889791303	0.000864946369212844	0.0024104725677667	0.00651314211301874	0.0156704705116343	0.0343264452897433	0.064650971522566	0.106718755354512	0.152643843596861	0.18261197354443	0.180197388711833	0.138861588019602	0.079167951749426	0.0297803365203386	0.00524450841300846	
1.36928903774582e-06	1.36928903774582e-06	9.58502326422075e-06	1.78007574906957e-05	7.73648306326389e-05	0.000333421880691108	0.000925639389516175	0.00276254063365219	0.00740032260449729	0.0172639961878993	0.0362724666098868	0.0682364652625064	0.110622807425928	0.154946008933242	0.18259195460533	0.176848471736505	0.134281383420101	0.0749624130159139	0.0274453448280584	0.00499927427680999	
1.37017271027013e-06	0	4.79560448594545e-06	1.64420725232416e-05	0.00010687347140107	0.000350764213829153	0.00113107757232799	0.0032178506100694	0.00809292511321052	0.018676139127337	0.0386450362068139	0.0717484088869402	0.114821158206992	0.156490850671727	0.182219268738825	0.174031801708605	0.12926551891866	0.0710420848547959	0.0255530359601828	0.00458459788856385	
2.75104109711519e-06	3.16369726168247e-05	0.000125172369918741	0.000462174904315352	0.00138721247322033	0.00369120939205431	0.00890924659300754	0.0204285434269031	0.0414038562718579	0.075486504424018	0.117781698011341	0.15878390228302	0.181705576704184	0.170446253253966	0.123756959274275	0.0672925285162604	0.0240991200107291	0.00420565407721485	
8.25995737861993e-06	3.57931486406863e-05	0.000181030732548087	0.000524507293542365	0.00153153376395244	0.00400883264775687	0.0100647580658484	0.0224147710064483	0.0446237314082126	0.0787958634133448	0.121187341339985	0.16075047219423	0.180599838104835	0.165636925313465	0.119116845357078	0.0640456445244743	0.0225138904949917	0.0039599612332667	
2.06525944477565e-06	9.63787740895304e-06	5.92041040835687e-05	0.000174858632991005	0.000594106300280462	0.00180090623584437	0.00459864436370045	0.0111131610723378	0.0241242955744244	0.0474555315220549	0.0822916394167157	0.124340321712348	0.162831250404447	0.178553382137709	0.161182484947701	0.115293108504601	0.0611516437399921	0.0208632509111236	0.00356050728279322	
4.13092555452512e-06	1.30812642559962e-05	6.95372468345062e-05	0.000221004517167094	0.0007098307077859	0.0020468736122672	0.00503697522615096	0.0121111852382752	0.0260461741088733	0.050218284991177	0.0848505878651308	0.127335780218237	0.163893782888192	0.177153365430625	0.158262642869782	0.111363556561665	0.0578198764990957	0.0196143230204777	0.0032290068084538	
3.43482791855611e-06	2.81655889321601e-05	7.69401453756568e-05	0.0002754731990682	0.000785201662181926	0.00213096724067221	0.00569700558571716	0.0130317371230019	0.0279698037408024	0.0530268734066692	0.0873689699019769	0.130077620241304	0.165245449368232	0.175883798397584	0.155093471972148	0.107070455877231	0.0548026794405627	0.0183831990201123	0.0030487532605104	
7.55536537403523e-06	2.88477587008618e-05	9.8219749862458e-05	0.000321446454095317	0.000813918906202886	0.00239299026937625	0.00630186157334302	0.0140728982862371	0.0299007018934432	0.0553629700553396	0.0910971008689357	0.132689387253	0.16583820940588	0.175250820959133	0.151159508186925	0.10263620434928	0.0522405436016701	0.017032540958666	0.00275427410453466	
8.92261484778019e-06	3.98085893208655e-05	0.000125602962857213	0.0003500410440283	0.00102335528754156	0.00279483751232007	0.00672971066019114	0.0152782620393528	0.0316842053244675	0.0582200618817657	0.095122624182208	0.135629922881154	0.165913964029508	0.173352679392603	0.146652097638115	0.0993114486757467	0.0494978626905665	0.015769692210969	0.002494900382437	
1.5109900487569e-05	4.0522005853026e-05	0.000155906700485371	0.000426511281944562	0.00120467115705437	0.00323901321360798	0.00753434583402873	0.0167184180758366	0.0339649958550796	0.0614718828790404	0.0985041885330965	0.137976056302236	0.166514537441303	0.17028514442661	0.143206829125569	0.0952280873819281	0.046417614297812	0.0148097629187932	0.0022864026692326	
8.24846578536392e-06	4.26170732243803e-05	0.000172530409343862	0.00048322262059257	0.0013451872951631	0.00356471196357478	0.00810343026197127	0.0177960649319227	0.036049919714933	0.0645868618436971	0.102323592811737	0.140439065833755	0.166586702373359	0.168020560675714	0.139819056155555	0.0912142841431494	0.0433553109121703	0.0138615467523041	0.00222708576204826	
1.37182773410412e-05	6.17322480346853e-05	0.000196171365976889	0.000574795820589625	0.00147265707256077	0.003649747686584	0.00887709726738774	0.0192947570801744	0.0386251816814355	0.0677429112516625	0.105264457521011	0.142314780963695	0.166908222666847	0.165783323924881	0.135493367555863	0.0871398694980277	0.0414545763830253	0.0131242759321741	0.00200835580272843	
1.36832130920983e-06	1.91564983289376e-05	8.62042424802192e-05	0.000244245353693954	0.000659530871039137	0.00161188250224918	0.00406323012769859	0.00988885810165943	0.0208716890900321	0.04101474708291	0.0703864481457536	0.107141610993093	0.144798497583202	0.166833943946718	0.163605389817637	0.13206558364035	0.0832582467014904	0.0396354792032265	0.0119529707966025	0.00186091698052537	
3.41897407528718e-06	2.80355874173548e-05	8.34229674370071e-05	0.000232490237119528	0.000666699944680999	0.00167940006578106	0.00447133429566057	0.0105215508192888	0.0225351419250328	0.0428766700833614	0.0725007128560947	0.110505344882172	0.14637380190601	0.166903373638479	0.162197497721254	0.127871681800186	0.0802228077025383	0.0374152008954977	0.0111178198980188	0.00179359379989565	
4.10558188069863e-06	2.87390731648904e-05	7.18476829122261e-05	0.00024017654002087	0.000722582411002959	0.00190498999264417	0.00491917135672375	0.0115271053937082	0.0239061190276614	0.0441781138272576	0.0763816138358109	0.112670167815659	0.148242982020973	0.167097182544434	0.159342422635441	0.124183587936432	0.0772998956497939	0.0353004772738936	0.0103871221581675	0.0015915972424175	
2.05299744470251e-06	2.32673043732952e-05	7.5960905453993e-05	0.000287419642258352	0.000830095300141383	0.0021795989537925	0.00548697783720825	0.0125903489958789	0.0253668364267443	0.0473482800671741	0.0786544381014427	0.115394880371839	0.149634771754587	0.166274316043901	0.156283746145497	0.121019409037842	0.0739475992932214	0.0332031276731738	0.00995635327432562	0.0014405198736996	
6.16513942462809e-06	2.94556661398898e-05	8.83669984196693e-05	0.000331547497946666	0.000963816796716858	0.00226123613785526	0.00609389781349905	0.0132523097009839	0.0270581119192011	0.049907488657856	0.0814449168767952	0.118128181468824	0.150634221592921	0.165430556212029	0.154480583578398	0.118036389392946	0.0705367301881532	0.0310394219565275	0.00900452863741514	0.00127207376794826	
8.22362221776015e-06	3.35797907225206e-05	0.000113074805494202	0.000406383997927647	0.000979296345764937	0.00263087380783177	0.00654942979459448	0.0144434218217927	0.0287888454788238	0.0522398748364698	0.0843675109357043	0.120978391747321	0.152009544884187	0.165385951723226	0.151586713641824	0.113436644871783	0.0669389142488646	0.0296338226616987	0.00837164741767983	0.00109785356607098	
6.84173292885008e-07	6.84173292885008e-06	5.33655168450306e-05	0.000151202297727587	0.00037561113779387	0.00112751758667449	0.00301378335515846	0.0072926031288613	0.0155786258789916	0.0307337484896875	0.0550985277959084	0.0877075952813936	0.123151876892594	0.153260975165878	0.163912184989512	0.147569337542367	0.109639454358115	0.0643266571703414	0.0280757352468292	0.00785294105573412	0.00107073120336504	
6.83424228755758e-07	1.29850603463594e-05	5.74076352154837e-05	0.000143519088038709	0.000445592597148754	0.00130602370115225	0.0034601768701904	0.00794959062888697	0.0168477740872869	0.0327428547996884	0.0578450267218873	0.0904409453123932	0.125659162668635	0.15413608343243	0.162257213542735	0.144492284140457	0.106059922636377	0.0614678585585216	0.0261642131736854	0.007507415152882	0.00100326676781345	
2.04667091919402e-06	1.15978018754328e-05	7.50446003704474e-05	0.000182835935447999	0.000523947755313669	0.00149952756012949	0.00389549698286595	0.00869630473565539	0.0182870046629986	0.0353153067106928	0.06043682779652	0.0932647471167523	0.12836378893365	0.154130011359024	0.160703236127835	0.141132968798502	0.101583782179636	0.0587626509846193	0.0251842856606824	0.00700575455640113	0.000942833070108712	
1.36264658670656e-06	4.08793976011969e-06	1.83957289205386e-05	8.10774719090406e-05	0.000241188445847062	0.000620004196951487	0.00155137313896542	0.00421670986256347	0.00954738330975955	0.0199416514731572	0.0373562748512671	0.0634332425810707	0.0963030035456064	0.128905004455854	0.155124368753969	0.158974526684708	0.137716558608792	0.0984300948674554	0.0564598986735998	0.0236637206247462	0.00649982421859031	0.000910247919919985	
1.36273293364376e-06	4.08819880093129e-06	3.61124227415597e-05	7.76757772176945e-05	0.000256875157991849	0.000746777647636783	0.00171363666405703	0.00468439445940044	0.0103976522837019	0.0212375114043712	0.0392044637679974	0.0660032882745689	0.0979934438918562	0.132317279658009	0.155721536426873	0.156852604761798	0.134718415087089	0.0949054910642195	0.0539819397004304	0.0220844499226308	0.0062181503762165	0.000842850319458668	
1.36528836255506e-06	6.82644181277528e-06	3.27669207013213e-05	0.000108540424823127	0.000271009739967178	0.000789136673556822	0.00200287802786827	0.00516898174063344	0.0112397364447345	0.0221408813755553	0.0415976058303274	0.0680930744382521	0.101881913478946	0.135033162854326	0.155360941284409	0.154644164894067	0.130958459736281	0.092057981066181	0.0512426854675976	0.0207967549826199	0.0057806309270581	0.000790501961919377	
4.10171991952425e-06	1.02542997988106e-05	4.85370190477037e-05	0.000131255037424776	0.000324719493629004	0.000866830142992793	0.00227098559544326	0.00566857692878252	0.0121301530420064	0.0238098005128517	0.0430208893759301	0.0708346521502241	0.104811249103603	0.137022739251614	0.154955458739774	0.152870417780682	0.128292912022893	0.0884747822841248	0.0489977789186636	0.0193785757597923	0.0053554789749255	0.000719851845876507	
2.05110814536067e-06	4.10221629072133e-06	1.70925678780056e-05	5.33288117793773e-05	0.000116229461570438	0.00036988316888004	0.000982480801627759	0.0027115649681668	0.00631331087142013	0.0130525685343602	0.0248040508018465	0.0452194138753364	0.0737523792854486	0.107134164351193	0.137269045222832	0.154684320782375	0.151844219703765	0.125459448224561	0.0859298083444549	0.04657656376485	0.0182309328986807	0.00487069814251646	0.000602342092020916	
3.42009896398362e-06	2.7360791711869e-06	1.84685344055116e-05	4.92494250813642e-05	0.000129279740838581	0.000412463935056425	0.00117172590506079	0.0028824594068454	0.00660079100048839	0.013984784663729	0.0265502282574049	0.0477404774184546	0.0765623354077374	0.109932925019118	0.138755467028194	0.154781366753628	0.14979965060269	0.121986721807782	0.0827274058002142	0.04386276921309	0.017157952482513	0.00437977873327743	0.000507542686255169	
6.83266396002072e-07	2.59641230480787e-05	4.7828647720145e-05	0.000159201070268483	0.000456421952529384	0.00130640534915596	0.00320793572922973	0.00704789287476137	0.0150796893597657	0.0284764935861783	0.0503772313772327	0.0793135632479205	0.111705856549587	0.140080543442761	0.154622502148873	0.147616971790664	0.118932081953705	0.0790573383494197	0.0417632919228346	0.0161018558881848	0.00413171189662453	0.000488535473141481	
3.4240243242688e-06	3.4240243242688e-06	2.53377799995891e-05	7.32741205393523e-05	0.000152026679997535	0.000560855184315229	0.00142576372862553	0.00349182000588932	0.00788415840906134	0.0162928773446007	0.0305881788984229	0.0528203688359002	0.0819225211775904	0.113649530566265	0.14055140487718	0.154271470344525	0.145410780198183	0.115651215186233	0.0764173748690311	0.0396330815534114	0.0149164195662446	0.00380409102426264	0.000450601601073774	
4.10107229370239e-06	8.88565663635519e-06	2.52899458111648e-05	7.38193012866431e-05	0.000183864741167657	0.000598756554880549	0.00159736765839708	0.00381809830543693	0.00859106294325756	0.0171575194527529	0.0327087855904724	0.055217520874458	0.0844267247743043	0.116036422990064	0.141848572006627	0.153484681127959	0.142928521043969	0.112751464082809	0.0727496049300357	0.0378617829275094	0.0139163053166301	0.00355289563044417	0.000457953072796767	
8.19998114004338e-06	2.32332798967896e-05	8.40498066854446e-05	0.000248732761247982	0.000685381756955292	0.00184704575179477	0.00427970682334097	0.00923044543664216	0.018471824181471	0.0344412874517055	0.0576766173437801	0.0872272993772114	0.117934862083151	0.14307053760443	0.151746117650596	0.140028344601474	0.10989956389767	0.0699171391905799	0.0359507673132352	0.0134431857473394	0.00331415904410087	0.000471498915552494	
2.04479602818819e-06	6.13438808456458e-06	2.11295589579447e-05	0.000107692590817912	0.000286271443946347	0.000795425654965208	0.00197799935793405	0.00455103436007086	0.00998814699902327	0.0198645118151723	0.0364566683865673	0.0598314133834626	0.0896077331459391	0.119771882555095	0.143095507651286	0.151113152877812	0.137876506588674	0.106329393465786	0.0677263708482973	0.0341985319727715	0.0127690695973592	0.00318988180397358	0.000433496757975897	
2.72453951876458e-06	2.52019905485724e-05	0.000125328817863171	0.000348059923522176	0.000871852646004667	0.00218984863820703	0.00495048830559525	0.0108348125312471	0.0212704800229951	0.0379848488357361	0.0617074144256194	0.0922460967565719	0.121649327243079	0.143863179074447	0.150279469641137	0.135242054902196	0.103941182640869	0.0647704779795905	0.0321250454657532	0.0121637066815245	0.00307191830740707	0.000336480630567426	
1.22516155116343e-05	3.87967824535085e-05	0.000130003253484564	0.000355296849837394	0.00100667440787262	0.00246257471783849	0.00548463987737494	0.0114477734050098	0.0223666854071008	0.0394617729176678	0.0644884201814056	0.0939685296836224	0.12349696500258	0.144999230870804	0.149385989869275	0.133403757434348	0.100013340648002	0.0621497229092958	0.0306515000741903	0.0115267282605292	0.00283420705502473	0.000315138776771482	
3.39864856138605e-06	1.69932428069303e-05	4.62216204348503e-05	0.000125070267059007	0.000417354043338207	0.00115010267317304	0.00259656750089894	0.00594899444185014	0.0123228199538735	0.0238020953348111	0.041804736764473	0.0665693293718686	0.0959594826713106	0.125127364354838	0.145093065193556	0.148921302933102	0.130504706108663	0.0965243380622129	0.059616374144985	0.0295410532955676	0.0109667591778805	0.00262239722996548	0.000319472964770289	
6.7930998409056e-07	1.83413695704451e-05	1.35861996818112e-05	4.07585990454336e-05	0.000140617166706746	0.000507444558115648	0.0011656959326994	0.00283951573349854	0.00622044152431726	0.0130278068748888	0.025279162437962	0.0432693287466323	0.0689526806251282	0.0981249685819132	0.126708294782492	0.146103953448245	0.146552298037745	0.127605663271475	0.0939764225090722	0.0580436415906179	0.0282613332681196	0.0102630152396402	0.00256711242987823	0.000317237762570292	
4.75991336957667e-06	2.37995668478834e-05	9.51982673915335e-06	4.5559170823091e-05	0.000195156448152644	0.000586829319706381	0.00132665585486344	0.00301982503918429	0.00685903516555999	0.0138969070762912	0.0264596784338525	0.0458869248579676	0.0710158675112113	0.100755126256702	0.127867592809811	0.146166059777712	0.144103657313437	0.125462476582926	0.0912203397898158	0.056050019889638	0.0268146319736981	0.00962182488278713	0.00234527731595285	0.000262475222950942	
