# <P(N_1)> as a function of N_tot.
# number_of_species: 2
# species_total_upper_bound: 100
# species_total_lower_bound: 0
# volume: 512
# Bin widths for each species index 
1	1	1	1	1	1	1	1	1	1	1	1	1	1	1	1	1	1	1	1	1	1	1	1	1	1	1	1	1	1	1	1	1	1	1	1	1	1	1	1	1	1	1	1	1	1	1	1	1	1	1	1	1	1	1	1	1	1	1	1	1	1	1	1	1	1	1	1	1	1	1	1	1	1	1	1	1	1	1	1	1	1	1	1	1	1	1	1	1	1	1	1	1	1	1	1	1	1	1	1	1	
# Bin lower bound for each species index 
0	0	0	0	0	0	0	0	0	0	0	0	0	0	0	0	0	0	0	0	0	0	0	0	0	0	0	0	0	0	0	0	0	0	0	0	0	0	0	0	0	0	0	0	0	0	0	0	0	0	0	0	0	0	0	0	0	0	0	0	0	0	0	0	0	0	0	0	0	0	0	0	0	0	0	0	0	0	0	0	0	0	0	0	0	0	0	0	0	0	0	0	0	0	0	0	0	0	0	0	0	
# Bin upper bound for each species index 
0	1	2	3	4	4	4	5	5	6	6	6	6	6	7	7	7	7	8	7	8	8	8	9	9	9	10	10	10	10	9	10	10	10	10	10	11	11	11	11	11	11	12	13	13	13	13	14	14	13	13	14	14	14	14	15	15	15	16	15	16	16	15	15	15	15	15	16	16	16	16	17	17	18	18	18	18	18	19	19	18	18	18	17	17	18	18	18	19	19	20	18	18	18	18	18	18	18	18	19	19	
# Normalized histogram for each species index 
1	
0.921536925867087	0.0784630741329134	
0.851041491684865	0.143555070272692	0.00540343804244359	
0.78292255480138	0.200817848002671	0.0157032380104596	0.000556359185490152	
0.716379652183765	0.252350875205348	0.0296408542457373	0.00160029456749561	2.83237976547896e-05	
0.658900922122318	0.287926230214587	0.0495102122892189	0.00360518226997214	5.74531039039384e-05	
0.610679863796387	0.314985283084204	0.0664714030126392	0.00734402954925838	0.000519420557511398	
0.557192084563153	0.344068511275572	0.086860432993588	0.010992046759818	0.000872384663477616	1.45397443912936e-05	
0.522072098305282	0.351624832566537	0.106633277036864	0.0172529264457516	0.00234406848756625	7.27971579989517e-05	
0.474216839237855	0.374130431598834	0.123870476413644	0.0241941389259091	0.00314875294737921	0.000410070151286595	2.92907250918996e-05	
0.435102173880829	0.385652682897915	0.142954521879584	0.0307336662566869	0.00499385030303928	0.000548286235051791	1.48185468932916e-05	
0.398084405866507	0.388925471415744	0.162541155342712	0.0424124513618677	0.00701885662975157	0.00100269380425022	1.49655791679138e-05	
0.370950275245916	0.382636946123996	0.183076136329453	0.0527479469361971	0.00875372258821406	0.00180489125530187	3.00815209216978e-05	
0.34231158511715	0.383476592594831	0.197274800972854	0.0623291085698748	0.0124930132785474	0.00194872879435624	0.000166170672386966	
0.320572445454681	0.379551674118826	0.210375200011963	0.0700004486249645	0.0164794903620403	0.00278147477979991	0.000224312482241928	1.49541654827952e-05	
0.289896044998086	0.379730247077186	0.225152398621786	0.079527048914804	0.0207468268692758	0.00407868775215714	0.00076567423506199	0.00010307153164296	
0.263622499853364	0.371458736582791	0.238958296674292	0.0928793477623321	0.0260572467593407	0.00530822922165523	0.00117308933075254	0.000542553815473048	
0.239556868537666	0.360428360413589	0.252481536189069	0.108581979320532	0.0306203840472674	0.0068685376661743	0.00122599704579025	0.000236336779911374	
0.220048754384922	0.350585647184732	0.25900766989714	0.121276532493014	0.0379927462988287	0.00924549616505143	0.00151614245793448	0.000297282834889114	2.97282834889113e-05	
0.203191046020123	0.338423528010954	0.26559802345657	0.131184140025004	0.0473596475561112	0.0119515389652914	0.00196463654223969	0.000327439423706614	
0.188482618815226	0.326991515879571	0.269900142653352	0.14250319093025	0.0538779187626699	0.0148209325024401	0.00277798633531046	0.000570613409415121	7.50807117651475e-05	
0.173566902945204	0.318193447409213	0.271765467214472	0.153596099146688	0.0605896428732674	0.0178337622466026	0.00379249627522687	0.000556834770569025	0.000105347118756302	
0.16032283022589	0.310268974619597	0.27739429889103	0.160034588952774	0.0655976455239164	0.0203134244580306	0.0050366369828724	0.00087989441267048	0.000151705933219048	
0.149300672866107	0.294428063808876	0.282891056172979	0.171044076510169	0.0717623043774098	0.0229530505783624	0.00609359643154154	0.00120964693430105	0.00024192938686021	7.56029333938157e-05	
0.140317846235953	0.280680167225072	0.283600676016248	0.179129480831381	0.0811219497731788	0.0261956296142556	0.00727903460135796	0.00124529308862336	0.000400272778486079	2.96498354434133e-05	
0.127064858922682	0.270824477830707	0.277625503847563	0.189505313301576	0.0895272993770612	0.0328471967753756	0.00935141077317699	0.00266764382557713	0.000498351044338586	8.79443019421033e-05	
0.115325167687372	0.263677456984544	0.280242053076699	0.19222805482648	0.0972586759988335	0.0360017497812773	0.0115485564304462	0.00301837270341207	0.000656167979002625	2.91630212890055e-05	1.45815106445028e-05	
0.105047207270802	0.247521985940763	0.281125915468102	0.198535251036795	0.1057531103856	0.0429424394835142	0.0144268949086738	0.00367657872290361	0.000852966263713639	8.82378893496868e-05	2.94126297832289e-05	
0.0976863753213368	0.238040362851993	0.274798333481074	0.204384954052537	0.113583311172177	0.0488136394527672	0.0164583518009633	0.00477203557604231	0.00119670241999823	0.000236385663209526	2.95482079011908e-05	
0.0924301374321346	0.227450922378212	0.270677692797018	0.210497507285826	0.117978608518129	0.0533603562288267	0.0200600618370638	0.00556237702856636	0.00159770404012012	0.000369838898175955	1.47935559270382e-05	
0.0857840219073699	0.214757709251101	0.272502678890344	0.213656387665198	0.126056673413502	0.0578045005357781	0.021490653649244	0.00596797237766401	0.0016370996547208	0.000342302655077985	
0.0777693191826012	0.207514217903363	0.263758900183601	0.223545743585151	0.132506381263714	0.0627378979893422	0.0228382069768483	0.00664248503575	0.00204498977505112	0.000612004239248877	2.98538653292135e-05	
0.0727460241540117	0.195623580055004	0.262809398541193	0.222572641396628	0.141815138108334	0.0667822551715891	0.0264707640798756	0.00860935071146718	0.00203276336242975	0.000463350472318546	7.47339471481526e-05	
0.0645253155070596	0.185692017146797	0.256662369975119	0.231406816751102	0.144923408975089	0.0732186216613208	0.029827033184448	0.0105218981384334	0.00239815342186516	0.000704457567672892	0.000119907671093258	
0.0574547977018081	0.178109872875605	0.248985870040565	0.231206550751738	0.156168473753261	0.0790342768386289	0.0338395186464193	0.0114155595433776	0.002865199885392	0.000738919970443201	0.0001809599927616	
0.0542098140291653	0.163526603105089	0.247920563234646	0.23053996928364	0.16205160956769	0.0863251372352234	0.0371181363380624	0.013563858096498	0.00380152973556559	0.000760305947113118	0.000182473427307148	
0.0494103918437538	0.156537894607542	0.237409409163493	0.231897187077755	0.167024935511608	0.0927865127134259	0.0423013143348483	0.0160146173688736	0.00477521189043115	0.00165827293944233	0.000138189411620194	4.60631372067314e-05	
0.0454275997628779	0.151633334373342	0.227372000873608	0.234095660041808	0.172178715172694	0.0972824560856135	0.0458332033321893	0.0184393622663879	0.00552244859754766	0.00162241427724564	0.000514804530279866	7.80006864060404e-05	
0.0405982571692298	0.143431530530828	0.226364617719301	0.228179414571567	0.179445861168041	0.101487820522849	0.0493437006210986	0.0219809446330512	0.00603889297392012	0.00256574727389352	0.000484988813967678	7.82240022528513e-05	
0.038481336473818	0.136049540626121	0.215539159868349	0.231433964030011	0.180614266327661	0.106022555335444	0.0569966775335756	0.0239435960629553	0.00800199659954141	0.00230856821975074	0.00056154362102045	4.67953017517041e-05	
0.0336990595611285	0.125956112852665	0.208510971786834	0.230736677115987	0.186347962382445	0.115485893416928	0.060564263322884	0.0262225705329154	0.00932601880877743	0.00258620689655172	0.000532915360501567	3.13479623824451e-05	
0.0321685722991068	0.116182106833015	0.20308215333793	0.226703442967334	0.189820234448917	0.12428037652945	0.0658926538270338	0.0258663544957424	0.0110649625555253	0.00396093587132571	0.000898025946535384	8.01808880835164e-05	
0.0310976006242278	0.10837830808245	0.199980492879901	0.225551076142792	0.184602379868652	0.126780024709019	0.0738344495740945	0.0315365108264517	0.012273229728851	0.00409649522075558	0.00160933740815398	0.000178815267572664	8.12796670784836e-05	
0.0288532192485426	0.101908851912934	0.191832269231397	0.228947927042341	0.192109861040806	0.126222628631146	0.0725494358354697	0.0359726327133783	0.0141735112098104	0.00506196828921801	0.00163289299652194	0.000555183618817459	0.000163289299652194	1.63289299652194e-05	
0.0284388637432877	0.0987005402248503	0.185071624405834	0.223406498921173	0.195340763452897	0.134147726350968	0.0724680001946756	0.03739394234357	0.0164338670689963	0.00580782271540046	0.00160607387939845	0.000665141707629662	0.000486689054363167	3.24459369575445e-05	
0.0261508149740283	0.0952078550144106	0.178073046423396	0.217657499226548	0.198996955042092	0.140230895738687	0.0780942145799749	0.0394867536189406	0.0171950564212789	0.00605734942113233	0.00162831973686353	0.000944425447380848	0.000227964763160894	4.88495921059059e-05	
0.024423710208562	0.0892845612449151	0.171692387163427	0.217036869632595	0.200797443016724	0.144040162717118	0.0831180990508168	0.0422773939433073	0.0180958223025764	0.00597275133983341	0.0021146768257248	0.000823271130625686	0.000242138567831084	8.07128559436947e-05	
0.0219218537028623	0.0823813850847018	0.161485039267865	0.21501590186279	0.20523138832998	0.151051470110989	0.0851398714869864	0.045872006230934	0.021289024469397	0.00671772570909327	0.0026124488868696	0.000908677873693776	0.000243395859025118	6.49055624066983e-05	6.49055624066983e-05	
0.0195975703596981	0.0796509438595917	0.158908953977636	0.207174315231094	0.203981728581018	0.156731446159891	0.091995612239886	0.0472830268995891	0.022151639679759	0.00810425841942402	0.0028815141046841	0.00111331226771886	0.000311072545392033	8.18611961557982e-05	3.27444784623193e-05	
0.0184953802650182	0.0717127544142308	0.153322592312498	0.201640745733732	0.203251898859041	0.160770065432545	0.101190280472167	0.0506691217571433	0.0242330582316772	0.00999572551211653	0.00304146253246967	0.00121658501298787	0.000394568112320389	6.57613520533982e-05	
0.0173366916358641	0.0690360145235681	0.144957639593078	0.198930358836806	0.199322887704033	0.166252330640149	0.107013182427791	0.0568349089005921	0.0253181119361486	0.00997677537535573	0.00333649537143044	0.00104674364593896	0.000523371822969481	0.000114487586274574	
0.0146532181226796	0.0664487301639452	0.139813385024805	0.194007293754312	0.199494036863029	0.168479153661662	0.11272464434734	0.0595328054670303	0.0284522127673555	0.0109570588428557	0.00358116765778493	0.00118277096954365	0.000574958110194829	8.21368728849755e-05	1.64273745769951e-05	
0.0134720467337261	0.0595822188674292	0.134064094780197	0.189609622421687	0.203606767201063	0.167309364795458	0.115144155822845	0.065949032670944	0.032244301865739	0.0131438604551944	0.00425001230698544	0.00109942403308118	0.000377414220311449	9.84558835595084e-05	4.92279417797542e-05	
0.0121802478902954	0.057571861814346	0.127884361814346	0.183626714135021	0.203240374472574	0.171182753164557	0.113413106540084	0.0712684599156118	0.0365407436708861	0.0147349683544304	0.00639504219409283	0.00149986814345992	0.00032964135021097	6.59282700421941e-05	6.59282700421941e-05	
0.011811938020505	0.0552938053684595	0.124871429045423	0.176996582501078	0.197684063837553	0.172998440558744	0.119546103055841	0.0752181558777664	0.0389528517867215	0.016871827200637	0.00615481601911145	0.0026709578950861	0.000729951225986264	0.000132718404724775	6.63592023623876e-05	
0.0094299404873557	0.0520607745169926	0.117200688914278	0.174257797179544	0.196323516873284	0.17330286649728	0.126732943403305	0.0798219736370922	0.0433470320413349	0.0177173746227171	0.00630936343638627	0.00190986136452774	0.00127892502088911	6.82093344474191e-05	0.000136418668894838	0.000102314001671129	
0.0078274512508405	0.0455509387769176	0.11199806899881	0.172928052964604	0.19830692574266	0.174876295236289	0.128894329408114	0.0845847485388183	0.0445509560179997	0.0202410303270633	0.00646540576886605	0.00227582283064085	0.00098274167686764	0.000293098394855261	0.000137928656402476	8.62054102515474e-05	
0.00764560771209126	0.0425669646762426	0.104361670486555	0.16720611648617	0.198715817835086	0.178473327851357	0.131130045313785	0.0880732018825341	0.0470808474902462	0.0225869097398394	0.00757562503280438	0.00318421190755288	0.00080480081179908	0.000384904736077821	0.000139965358573753	6.99826792868765e-05	
0.00813673996261017	0.0370515445562183	0.0976764889165851	0.164070150449568	0.199002937772634	0.178759013620582	0.134282916407015	0.0902163268939731	0.0502626190688151	0.0266001958515089	0.00863527107629307	0.00341849906525416	0.00145998397578563	0.000267070239472981	8.90234131576605e-05	1.78046826315321e-05	5.34140478945963e-05	
0.00801563319883475	0.0369840953914633	0.0916098214124161	0.158358514122351	0.195776865037002	0.180994083268497	0.135560099155011	0.094088696690611	0.0544266922394919	0.0266524327356289	0.0111639857419437	0.00403495756961659	0.0016646461722185	0.000379973582789006	0.000217127761593718	7.23759205312393e-05	
0.00677818656324193	0.0354133062689164	0.0907624553708973	0.148812005002084	0.189662359316382	0.184551534153723	0.14076517389492	0.0944052775613027	0.0590100947858709	0.0307736919368577	0.0124870870108922	0.00402341555358211	0.00143175598528372	0.000761186726353372	0.000108740960907625	0.000181234934846041	7.24939739384164e-05	
0.00558475088348928	0.0310914983611961	0.087085492465164	0.143592185010895	0.184754545621006	0.186713786094886	0.149176935894384	0.098602896746196	0.0595462618790398	0.0329042535660008	0.0126526651163642	0.00510867375899511	0.00197755113251424	0.000805668979913207	0.000238038562247084	0.000128174610440738	3.66213172687822e-05	
0.0053217044236668	0.0289922022247681	0.0828929376547544	0.139676262980894	0.180402084334233	0.183691193318304	0.154957685058576	0.102461288295946	0.0628256772238442	0.0327432647178388	0.0157803318674009	0.00607930817842492	0.00254998336967368	0.0011271665619572	0.000351084666839129	0.000147825122879633	
0.00520591242911592	0.0270335595426234	0.0775680951938273	0.135799944222367	0.181463233243469	0.183378265315608	0.153648786836479	0.108747792135354	0.0654643487961327	0.0346193176536209	0.0163056614297667	0.0068792414241889	0.00234266059310217	0.000966812308264386	0.000353258343404295	0.000223110532676397	
0.00480468318544973	0.0269688155811642	0.0756783623577924	0.130113029711719	0.174643790729355	0.184971098265896	0.153308051986304	0.112330179301204	0.0705607304591142	0.0368911306652921	0.0184271565848091	0.00749236036964766	0.0023747284709694	0.000791576156989802	0.000404992452413387	0.000239313721880638	
0.0041001372733184	0.0255581244129759	0.0720323676034969	0.126761072176866	0.172205765479373	0.182067769669822	0.156961202225273	0.11588758037714	0.0725200491293982	0.0389242106784192	0.0193627628061556	0.00890470341738314	0.00326927245141247	0.00102954988801387	0.000307058738530453	0.000108373672422513	
0.00418417523468932	0.0213857845328565	0.0646043808672329	0.126276262852034	0.167778274474743	0.182154671434958	0.162610639248994	0.118015198927135	0.0735091640590076	0.0431113097898972	0.0213321412606169	0.00926240500670541	0.00359409924005364	0.00146624944121591	0.000536432722396066	0.000178810907465355	
0.00458198349770006	0.0211379785577491	0.0599595496769344	0.125038034042706	0.165846324569097	0.17880474664853	0.158275312774069	0.122514363444363	0.0799341339872206	0.0437973188237189	0.0227309337581214	0.0112401782677955	0.00375865833795708	0.0013602763508797	0.000590646310250398	0.000322170714682035	0.000107390238227345	
0.00383148622276332	0.0191574311138166	0.0616618623887705	0.116735000805686	0.166436896854242	0.177626985121659	0.154673876067534	0.125704975560847	0.0830752152972983	0.0476608239485793	0.0247077148944551	0.011888349775303	0.00445813116573864	0.00159346856928007	0.000572932519291712	0.000125328988595062	8.952070613933e-05	
0.00347222222222222	0.0182560137457045	0.0575243413516609	0.112220790378007	0.160581328751432	0.182220074455899	0.159364261168385	0.124266179839633	0.0862507159221077	0.0506693871706758	0.0254331328751432	0.0126718213058419	0.00476088201603666	0.00164662084765178	0.000519043528064147	0.00012528636884307	1.78980526918671e-05	
0.00293224051437858	0.0191478838408818	0.0561011799618455	0.109623401398997	0.154613862785275	0.175722461668904	0.169098424362326	0.124125627075532	0.0846287006288419	0.0530452907510775	0.0286864975623543	0.0140429590899456	0.00505193245248357	0.00206669963965237	0.000865540874726206	0.000123648696389458	0.000123648696389458	
0.00277096313030587	0.0177376939232955	0.0530365873029881	0.105720185672179	0.150726274731287	0.173211669814151	0.170299511110327	0.127076016166893	0.0892532519105526	0.0538661112974108	0.0311512734075787	0.0150020296863693	0.00695388199579943	0.00183554245574401	0.000882472334492314	0.000229442806968002	0.00014119557351877	0.000105896680139078	
0.00243867957870927	0.0154449706651587	0.0462465540397257	0.100321622958931	0.150862373648123	0.17365872623171	0.166572418180533	0.1315826677034	0.0929879126316534	0.0583692655686718	0.032621757263024	0.016575952498763	0.00747508305647841	0.00328691595391249	0.000883579557503358	0.000265073867251007	0.000282745458401074	0.00012370113805047	
0.0026420544615493	0.0134216366646704	0.0435938986155635	0.0937400922957692	0.143956740761616	0.173265931588403	0.167488639165815	0.136928875893895	0.0969105576496283	0.0636206714341072	0.0329728396801353	0.0176665374995597	0.00738013879592771	0.00376933103181034	0.00139148201641597	0.000616479374361503	0.000422728713847888	0.000193750660513615	1.76136964103287e-05	
0.00286679095290021	0.0141404903443667	0.0433712054592142	0.0912096802560765	0.137482852017306	0.171303950191706	0.16711808364698	0.138626050863555	0.100196981955046	0.0673256182067607	0.035280875162686	0.0168841675753632	0.00758028773435576	0.00379893770445672	0.00172359210665166	0.000597980934960779	0.00024622744380738	0.00021105209469204	3.517534911534e-05	
0.00264470437884946	0.013330020057154	0.0437884946484673	0.0885887218445482	0.133672944141714	0.166172633522072	0.168125099842028	0.138873604430324	0.105095937095085	0.0660111113083299	0.0388895791547596	0.0200039049326399	0.00775661619837058	0.00397593141518309	0.00152647366832922	0.00108273132288468	0.000230746019631161	0.000124247856724471	0.00010649816290669	
0.00231217985202049	0.0139975811041548	0.04131687535572	0.0853727945361411	0.131740893568583	0.164627205463859	0.162866391576551	0.144795816733068	0.106289129197496	0.0687428856004553	0.0388446215139442	0.0226060045532157	0.00965779738190097	0.00393070574843483	0.00138730791121229	0.000889299943084804	0.000391291974957314	0.000124501992031873	0.000106715993170176	
0.00205013013869576	0.0120868542090063	0.0396477341605163	0.0794024316326167	0.126252362106464	0.166648839448069	0.166862766071238	0.142492958248654	0.108763860662459	0.0703105501479659	0.0432666595357792	0.0237280279530788	0.0117303098370592	0.00426070524476771	0.00135486861339894	0.000606125432310051	0.000374371590544443	3.56544371947089e-05	0.000124790530181481	
0.00165996066614943	0.00988759179402053	0.0381249661692799	0.0750230048896667	0.125218771989968	0.162585930029049	0.16752972592606	0.145787849809646	0.109900221929524	0.0743373689623441	0.0441333020587121	0.0247550655864894	0.0124677480468398	0.0054490013171427	0.00178626202118254	0.000721722028760623	0.000396947115818343	0.000108258304314093	0.000108258304314093	1.80430507190156e-05	
0.00130971004474843	0.0100411103430713	0.0335795103139666	0.0729981445774366	0.121111798304653	0.155073307381671	0.166187652344745	0.148379233819624	0.115327245607014	0.0780186997489722	0.0474042274529778	0.0267581038309019	0.0131880525339251	0.00614836104340234	0.0028558955142431	0.000945901698984975	0.000436570014916142	0.000109142503729036	0.000109142503729036	1.81904172881726e-05	
0.000978600048006795	0.00937978913938588	0.0297826769327351	0.06704333536439	0.117358149153419	0.153640207537067	0.165918868516775	0.153067818829742	0.116970401964586	0.083328717295371	0.0502224930297827	0.0258498125888587	0.0140696837090788	0.00775494377665762	0.00280655108107609	0.00142173969238723	0.000276962277737772	9.2320759245924e-05	3.69283036983696e-05	
0.00132814545998728	0.00849264843428486	0.029668150697744	0.0633768565977029	0.113696733884545	0.147498971154925	0.164839687231097	0.153092147106139	0.120300048636313	0.0875453627146545	0.0541172509259606	0.0287702495416963	0.013692992629728	0.00707097160387594	0.00400314265404617	0.00172097721575817	0.000579894496614164	0.000149650192674623	5.61188222529837e-05	
0.000826694724184578	0.00768450323162483	0.0283518713362393	0.0626221253569818	0.107620622275665	0.147339546069442	0.162483090335187	0.152506388095596	0.122538704343905	0.0887005862017135	0.0589771531639862	0.0302307229821133	0.0157259882759657	0.00777844581391853	0.00409589658800541	0.0015782353825342	0.000676386592514655	0.000225462197504885	3.75770329174808e-05	
0.00110061102888155	0.00624312118106949	0.0266234012676003	0.0623742836540286	0.104406239325971	0.142642984553494	0.162378078864473	0.151011423583438	0.128372993282478	0.0913127632927246	0.0593950434551596	0.0323541690386732	0.0172112793654408	0.00861512770883146	0.00362442597442028	0.00136627575999089	0.00079699419332802	0.000170784469998861	
0.00122668813370901	0.00609510666436663	0.0244187606616449	0.0573668372529853	0.104325992371533	0.143905851685738	0.161309489582734	0.150729304429494	0.127058056849328	0.0951449983708048	0.0626760968316946	0.0340980967166925	0.0179786479596726	0.00841431391716022	0.00341172637187817	0.00115002012535219	0.000498342054319284	0.000191670020892032	
0.000947939180222197	0.00610472832063095	0.0219163538467372	0.0577674136427407	0.0976377355628863	0.143442156751223	0.161983847116369	0.151954650589618	0.126455086641641	0.095874568687673	0.0663747013991582	0.0356045956091457	0.0193758768437417	0.00864520532362644	0.0035832101012399	0.00136503241951996	0.00062563985894665	0.000284381754066659	5.68763508133318e-05	
0.000543366247587641	0.0061456596278878	0.0215847557662401	0.0557418822956287	0.0939836240655037	0.136872084090611	0.161435985835004	0.158962732570122	0.127859699087519	0.097187611249555	0.0660658409997939	0.0399655243484289	0.0182683479792397	0.00830038785108017	0.00419703584343557	0.00176125611287029	0.000805680987802365	0.000131157370107362	0.000187367671581945	
0.000593141797961075	0.00535681186283596	0.0213345690454124	0.0532344763670065	0.0933456904541242	0.130250231696015	0.157794253938832	0.158387395736793	0.133382761816497	0.0991844300278035	0.0681742354031511	0.042613531047266	0.0207970342910102	0.00848934198331789	0.00398517145505097	0.00177942539388323	0.000963855421686747	0.000166821130676552	0.000166821130676552	
0.000332250443000591	0.00559288245717661	0.0196950679267572	0.0489146485528647	0.0897076196101595	0.128304046072061	0.154348789131719	0.158040460720614	0.135871972829297	0.104695806261075	0.0702155936207915	0.0423988481984643	0.0241804489072652	0.0106873892498523	0.00433771411695216	0.00193812758417011	0.000498375664500886	0.000110750147666864	7.3833431777909e-05	5.53750738334318e-05	
0.000203387323422824	0.00436358257525331	0.0171400044375416	0.0470749204940463	0.0890281783891724	0.128004585459655	0.149286295392353	0.157736114192737	0.137582279417203	0.104947858886177	0.0719991124916796	0.0451334960431921	0.0248317432142593	0.0131647067524591	0.0059537016492863	0.00264403520449671	0.00068412099696768	0.000147918053398417	0	7.39590266992086e-05	
0.000330876270656789	0.00371316703737064	0.0158636789764894	0.0414882079373541	0.0827558316942703	0.123233028804618	0.149427400231613	0.157405194757449	0.13845333725483	0.110696494549733	0.0772412271833238	0.0449072627341409	0.0280509549456811	0.0148159041194096	0.0077020643002886	0.00286759434569217	0.00064337052627709	0.000367640300729766	1.83820150364883e-05	0	1.83820150364883e-05	
0.000556572946963984	0.00355488527415706	0.0148299759416855	0.0394448633703185	0.0755502890588531	0.11808323458652	0.149287227548565	0.1591798628317	0.142823799777371	0.112481597184818	0.0804876297174046	0.0479729972350892	0.0279543251104169	0.0150454235340587	0.00763043556321591	0.00350102337606377	0.00131063952027003	0.000269309490466444	3.59079320621925e-05	
0.000285022089211914	0.00406156477126977	0.01423329058002	0.0363759441356705	0.0730190964799772	0.111835542254525	0.145681915348439	0.159594556078096	0.144238991021804	0.118141655978338	0.0792895824426393	0.0526934587430526	0.0301054581730084	0.015836539831837	0.00758871312526721	0.00425751745760296	0.00213766566908935	0.000587858058999573	3.56277611514892e-05	
0.000228909510309732	0.00348646792625592	0.0145973833882129	0.035005546653519	0.0697821837967284	0.11123241358666	0.142258456445564	0.154672395273899	0.14512862953637	0.117941223081122	0.0847493440862108	0.0549206740504657	0.0343188181225898	0.0163934426229508	0.00873377823950978	0.00378581113204557	0.00204257716891761	0.000633903259319258	8.8042119349897e-05	
0.000443939340128565	0.00243278758390454	0.012323756081969	0.0349469048549206	0.0671769009482544	0.105444472067337	0.138651134708953	0.151578648293497	0.147796285115602	0.121603864048016	0.0878289590510353	0.058156053556842	0.0367226622154349	0.0186632098590049	0.00935824128991015	0.0045459388429165	0.00165145434527826	0.000497212060943993	0.000177575736051426	
0.00053069166814081	0.00261807889616133	0.0105784539182735	0.0344241995400672	0.0663895276844154	0.103537944454272	0.135574031487706	0.151512471254201	0.148222182911728	0.122395188395542	0.0888908544135857	0.0606049885016805	0.0361047231558465	0.0207323545020343	0.00978241641606227	0.00535998584822218	0.00206969750574916	0.000442243056784008	0.000229966389527684	
0.000263634286517743	0.0029702796280999	0.0100532541258766	0.0297906743765049	0.0637643460990913	0.104082816317205	0.133820763836406	0.146984902543192	0.147389141782519	0.126315974480201	0.0928168444733466	0.063254653145157	0.0373481905900135	0.0205458987292827	0.0115296061303759	0.00509692953934302	0.00302300648540345	0.000738176002249679	0.000210907429214194	
0.000454768068285175	0.00243126005737074	0.010092352900021	0.0277058700062968	0.0614461624571469	0.0985797243405863	0.131725320086756	0.150790596795634	0.142045057020919	0.128786818722452	0.0963058839991604	0.0657489680263066	0.0402644651227874	0.0213915902889526	0.011719023298118	0.00598194920590499	0.00332330511439166	0.00101448261386693	0.000192401875043728	
0.000434148374548486	0.00290011114198388	0.00904765212559044	0.0271429563767713	0.0564392886913031	0.0979265073631564	0.12857738260628	0.152750764101139	0.145526535148652	0.125382050569603	0.0988121700472353	0.0673971936649069	0.0418345373714921	0.0222283967768825	0.0130765490414004	0.00576549041400389	0.00302167268685746	0.00138927479855515	0.000347318699638789	
0.000341104838572135	0.00344515886957856	0.009585045963877	0.025634028618696	0.0557024201388297	0.0959869015741988	0.128647689867481	0.146572749134446	0.14739140074702	0.126601060836048	0.100898811249638	0.0654921290058499	0.0444800709498064	0.0247471560384084	0.0134736411235993	0.00602050040079819	0.0032916616922211	0.00121092217693108	0.000426381048215169	5.11657257858203e-05	
0.000424967702454613	0.00377371319779697	0.0104032093560889	0.0258890324335351	0.0500441966410553	0.0904161283742436	0.131094036853199	0.1488746855239	0.14391106275923	0.126810362412457	0.101584279594751	0.0684198000951928	0.0450975725844836	0.0271639355408989	0.0147888760454205	0.00654450261780105	0.00256680492282587	0.00141089277214932	0.00056095736724009	0.000220983205276399	
