# <P(N_1)> as a function of N_tot.
# number_of_species: 2
# species_total_upper_bound: 100
# species_total_lower_bound: 0
# volume: 512
# Bin widths for each species index 
1	1	1	1	1	1	1	1	1	1	1	1	1	1	1	1	1	1	1	1	1	1	1	1	1	1	1	1	1	1	1	1	1	1	1	1	1	1	1	1	1	1	1	1	1	1	1	1	1	1	1	1	1	1	1	1	1	1	1	1	1	1	1	1	1	1	1	1	1	1	1	1	1	1	1	1	1	1	1	1	1	1	1	1	1	1	1	1	1	1	1	1	1	1	1	1	1	1	1	1	1	
# Bin lower bound for each species index 
0	0	0	0	0	0	0	0	0	0	0	0	0	0	0	0	0	0	0	0	0	0	0	0	0	0	0	0	0	0	0	0	0	0	0	0	0	0	0	0	0	0	0	0	0	0	0	0	0	0	0	0	0	0	0	0	0	0	0	0	0	0	0	0	0	0	0	0	0	0	0	0	0	0	0	0	0	0	0	0	0	0	0	0	0	0	0	0	0	0	0	0	0	0	0	0	0	0	0	0	0	
# Bin upper bound for each species index 
0	1	2	3	4	5	6	6	6	7	7	7	8	9	9	8	8	8	9	9	9	9	10	10	11	10	11	11	11	11	11	11	12	12	12	12	12	12	12	13	13	13	13	13	14	15	15	16	16	15	15	15	15	16	16	16	17	17	17	17	17	17	18	19	19	19	17	17	18	17	18	18	18	18	18	18	19	19	19	19	19	19	20	20	20	21	21	21	21	22	22	21	22	22	21	22	21	21	22	23	23	
# Normalized histogram for each species index 
1	
0.920866477324251	0.0791335226757493	
0.847677910898729	0.146011745398028	0.00631034370324212	
0.780287615585694	0.202092671305783	0.0171772832926626	0.000442429815859407	
0.718370803807705	0.248010180657188	0.0317206925931935	0.00183574886257059	6.25740793424774e-05	
0.661262933288341	0.284917424040226	0.0495026679282085	0.00414388849172786	0.000170904492024578	2.18175947265419e-06	
0.609023623952403	0.314922041898812	0.0677257155606876	0.00780703857736154	0.000508540510467459	1.23150835868188e-05	7.24416681577577e-07	
0.560435768152163	0.339338283372808	0.0869225963005478	0.0121917728600282	0.00105709013237239	5.08565699423141e-05	3.63261213873672e-06	
0.515655266861393	0.356826421118965	0.107434396179981	0.0179998457322407	0.00194071751972372	0.000130982059823873	1.23705278722547e-05	
0.474173623689345	0.369233828063038	0.127573697829613	0.0255113894162947	0.00319502313423977	0.000281849544780212	2.76751490998658e-05	2.91317358945956e-06	
0.436099524545693	0.377927106729283	0.146608377329872	0.0336704780795146	0.00505279584633784	0.000587754863926728	4.73995858005425e-05	6.56301957238281e-06	
0.402500525627249	0.381115527028921	0.164789982712704	0.0432664229313648	0.00725657618090922	0.000959269728542728	0.000102205298322665	9.49049198710461e-06	
0.370537062878015	0.384371085182783	0.181137250534471	0.0524127830588002	0.0100262995646341	0.00136920789030614	0.00011064306184292	3.05724249829122e-05	5.0954041638187e-06	
0.340716588180286	0.383008196279556	0.197775482825976	0.0630481362094356	0.0131996952796014	0.00199626819473556	0.000217761470348753	2.76753708135539e-05	9.46789001516319e-06	7.2829923193563e-07	
0.3138238866308	0.379006645649635	0.213059790385074	0.0734799556274636	0.0172959352944357	0.00293113049121099	0.000366848044524537	3.14232388736157e-05	2.92309198824332e-06	1.46154599412166e-06	
0.289351743710729	0.373109422811894	0.226543703721006	0.0849058945130924	0.021417538716685	0.0040629160729719	0.000554763962532994	5.25565859241784e-05	1.45990516456051e-06	
0.265809918854742	0.367279014511719	0.237611996412326	0.0961174577060308	0.0267195734427608	0.00547185854480622	0.00087651742069266	0.000111477277943456	2.18582897928344e-06	
0.244419533037458	0.358776739775491	0.247912313143189	0.108090319561682	0.0320822640095687	0.00723556513138378	0.00130250376647354	0.000169828414990674	1.09331597633481e-05	
0.225313820815412	0.350242203471352	0.256936390661025	0.118340681789817	0.0380000715261118	0.00916118117345155	0.00172100583229754	0.000260559407179908	2.33554650693475e-05	7.29858283417109e-07	
0.208363412041108	0.339103340960564	0.264721066470663	0.129458029082647	0.0442809621103076	0.011461992909446	0.00216785450218098	0.000381361555546805	5.76052827690203e-05	4.37508476726737e-06	
0.190397276087981	0.329259286826593	0.270943430371969	0.140353565648119	0.0512251328461699	0.0143434458421083	0.00287365128847285	0.000526860393671254	6.78642889354939e-05	9.48640598023033e-06	
0.17461448839325	0.31950936411833	0.275132394793651	0.14980546592243	0.05896501888436	0.0172443352391569	0.00395050451918749	0.000667536774710351	9.84890323343141e-05	1.2402322590247e-05	
0.161258203807208	0.307424463745805	0.278898831130587	0.160191818205673	0.0654620809899091	0.0206192179741735	0.00494269361859695	0.00100734443015794	0.000169834480627207	2.47827139112662e-05	7.28903350331359e-07	
0.149250776834198	0.294874866510155	0.280585792151747	0.170052548615139	0.0734979379379964	0.0239536660584448	0.00613724582145742	0.00137178620003535	0.000223517879238987	4.52879363163961e-05	6.57405527173492e-06	
0.136825973378323	0.284798142883911	0.281135238034134	0.178330389059696	0.0810337499061308	0.0279369402933386	0.00784418656025967	0.00170677950902202	0.000326628457941847	5.03066151740791e-05	1.09362206900172e-05	7.2908137933448e-07	
0.125905295317906	0.271482678822441	0.28220390864825	0.187006405221431	0.0888432384112372	0.0322794333355414	0.00951356277793995	0.00221951587037561	0.000475350561940071	6.33315450057981e-05	7.27948793170093e-06	
0.115201457466531	0.259933796534294	0.281392398980006	0.194809450231625	0.0968061852036856	0.0371633577069659	0.0112411911963662	0.00273056529254912	0.000615287379254403	9.53877475530494e-05	8.00965819147743e-06	2.91260297871907e-06	
0.106530965621656	0.249377679991006	0.278811773929573	0.201385674886887	0.104743939953602	0.0413789881405151	0.013438462223533	0.00340104272363736	0.000779633747337346	0.000129208963744111	1.82498536361738e-05	4.37996487268172e-06	
0.0981999944453296	0.237484816016161	0.276897395005767	0.207305414780393	0.112324936523273	0.0466329196078403	0.0156437059006679	0.00427344180532634	0.00101445822230083	0.000192220830306282	2.77733519073715e-05	2.92351072709174e-06	
0.0914111955972864	0.22583081460448	0.273126321875252	0.213718961088384	0.119831239068229	0.0515430720929722	0.0179343252124148	0.00505477777859093	0.00124338604977935	0.00027663327063955	2.56141917258842e-05	3.65917024655489e-06	
0.0841498516970822	0.216549290629886	0.26906605689572	0.217398196987186	0.127064186671732	0.0573669291798776	0.0203635247877734	0.00614105579988603	0.00151663476571061	0.000336055872941658	4.52944872225713e-05	2.92222498210137e-06	
0.0770052038832683	0.206264669240128	0.265122005722373	0.221901148125916	0.13423404475953	0.0626152909164998	0.0230859334492997	0.00730559194719877	0.00195638552844317	0.000443272122346027	6.28029695580862e-05	3.65133543942361e-06	
0.0709369420937711	0.195631248824257	0.261497763434217	0.224667443053763	0.141336610653095	0.068159076885014	0.0264200966653174	0.00843387692629764	0.00230500594002007	0.000502870460715716	0.000101745260610603	6.58782262946352e-06	7.31980292162614e-07	
0.0654399440675469	0.185702779693412	0.256283789775471	0.228445815069663	0.147016899193333	0.073892838637951	0.0297375674512991	0.00996993044353878	0.00274092471764445	0.000642724860260476	0.000112128738449091	1.31916162881284e-05	1.46573514312537e-06	
0.0599004057759952	0.175984784868255	0.24993173450153	0.23120423275452	0.153933560787123	0.0796606984514742	0.0334537644385199	0.0114854866082177	0.00337583900499733	0.000879377066315895	0.000170296727366684	1.46807523591969e-05	5.13826332571892e-06	
0.0554145740101624	0.166277557601382	0.244506133065003	0.231762627287947	0.160479906084224	0.0858379011354041	0.0370036101083032	0.0132613371229173	0.004086748519326	0.00110554050117836	0.000222137878480283	3.97200180064082e-05	2.20666766702268e-06	
0.0513030265902383	0.158152600954205	0.23794605944598	0.232831677328049	0.165687345517561	0.0919084766976836	0.0407800624936263	0.0149858512610609	0.00463823321611804	0.00136094948052815	0.000333084131622523	6.67635594221357e-05	5.8693239052427e-06	
0.0472286778283975	0.14984133120701	0.2314389729216	0.233092291493683	0.17142160502234	0.0975509211869334	0.0449617715843009	0.016953471310017	0.00542417359698566	0.00156252516954204	0.000406373696858402	9.88476559925842e-05	1.90373263393125e-05	
0.0437438835523378	0.140746084194478	0.224768077460265	0.232665101148412	0.176380992474257	0.103888434532906	0.0494841171522185	0.0194929679580365	0.00635123885701088	0.0018680974129482	0.000469216955834406	0.00012790181817916	1.38864831165946e-05	
0.0397331307834445	0.133466743596673	0.217728471162203	0.232156499003075	0.180968587725769	0.10932435491999	0.05412171982384	0.021884882523499	0.00767303773708927	0.0022144156119222	0.000565289473492014	0.000138035801666655	1.67980076102278e-05	8.03382972663069e-06	
0.0362414619130567	0.125798371307943	0.212577575868981	0.230728213836588	0.184569295274109	0.114586889349895	0.0586038823677016	0.0244121448724794	0.00890499490851372	0.00262744033916009	0.000731627612486834	0.00017360655211552	3.86602826139603e-05	5.8355143568242e-06	
0.03327828186885	0.118850589644243	0.205438053236201	0.229847040612801	0.188166538099725	0.120157666615824	0.0630921894305567	0.0269019940404296	0.00987788208282825	0.00325565068130749	0.000887440311246335	0.000197046779635288	4.45179761398244e-05	5.10862021276673e-06	
0.0307275920773323	0.111839853706627	0.197954315428303	0.228555666715558	0.191374470317725	0.125823392783259	0.0673133405867059	0.0297541515341905	0.0114871821815138	0.0037193601562175	0.00113178881740109	0.000269994753345199	4.59720796236419e-05	2.91886219832647e-06	
0.028412509380285	0.105927027399548	0.191312598132913	0.226016553057955	0.194791234419976	0.130540749270544	0.0716788686337127	0.0324271619505742	0.0127819828518546	0.00441210682111715	0.00130540019996689	0.000320151222226517	6.41760992162494e-05	9.48056011149139e-06	
0.0264137035090792	0.0999635079114848	0.183474192795002	0.223541046301162	0.198260787061365	0.135349156302914	0.076077246452969	0.0356228469667776	0.0142209668943773	0.00503444853155836	0.00150201436328604	0.00040506218251883	0.000110935949086238	2.18952531091259e-05	2.18952531091259e-06	
0.0241477023878348	0.0946403648616294	0.17734374543777	0.219878330793084	0.200169495979398	0.140991894559194	0.0800748059774706	0.0389504972466028	0.0156677937200353	0.00578271812570441	0.00171393867194571	0.000499290481946707	0.000108033613052796	2.48185327283451e-05	5.10969791465928e-06	1.45991368990265e-06	
0.0224491370251018	0.0884261806410671	0.171354153021213	0.216558085240786	0.201036472297181	0.146335304100768	0.0852386025890702	0.0418649805979838	0.0176102771009633	0.00632202980312703	0.00207702003662076	0.000557462280326385	0.000116441207378879	4.73042404976697e-05	4.36654527670797e-06	2.18327263835399e-06	
0.0203643239542964	0.0833612507385092	0.164357818532748	0.212930470037054	0.20193767381764	0.150777969061459	0.0902801647865717	0.0454129583753306	0.0199922533742514	0.00732441284428338	0.00237485674919318	0.000688185233012834	0.000137346366461907	4.72355228572695e-05	7.267003516503e-06	7.267003516503e-07	5.0869024615521e-06	
0.0185089279682961	0.0783916510077059	0.157937476983688	0.209045129040248	0.202570418110596	0.154296995585953	0.0958270291943074	0.0492024280529163	0.0219358615745445	0.00836540787264997	0.00277103681810885	0.000865086461433196	0.000211368732390479	5.66555365170355e-05	1.23480015485847e-05	1.45270606453937e-06	7.26353032269686e-07	
0.0173015547000068	0.073392677920871	0.151553024840531	0.204576408705621	0.203571308916692	0.158476560053256	0.100373780588173	0.0528405722368132	0.0240131449572396	0.00933504637297359	0.00326657431401939	0.000943191468596458	0.000278951608086829	6.55499862345029e-05	8.01166498421702e-06	3.64166590191683e-06	
0.0162724489951983	0.0689366865323144	0.145628331525931	0.200357304904312	0.203684187910626	0.161608003163743	0.104809924132793	0.0569291733700786	0.0260950565053017	0.010360822602412	0.00378789809891359	0.00113105282592056	0.000282581131009128	8.66679242012531e-05	2.91320753617658e-05	7.28301884044144e-07	
0.014554536137034	0.0649902391446021	0.139305411989742	0.196032820967396	0.203639581690122	0.165097688740245	0.109266179036978	0.0605836393775796	0.0288247755149052	0.0117655120330426	0.00414052715908809	0.00133619476806487	0.000330950586307393	9.76814505841205e-05	2.98876080145443e-05	4.37379629481137e-06	
0.0135611247756432	0.0602017805368201	0.132773229562434	0.191248092464605	0.204142995208607	0.168939150990603	0.113742801770456	0.0642268719779854	0.0312006679752475	0.0129891380971618	0.00476363362755705	0.00164875342698915	0.000412005730093877	0.000107384472205319	3.57948240684397e-05	6.57455952277464e-06	
0.0124726574771868	0.0567215921531811	0.126919102747837	0.18659555474839	0.202254481171282	0.171676258671433	0.119196190244642	0.0684612100498921	0.033545531570865	0.0143371117947606	0.0052828646688836	0.00183003587573331	0.00051115047669542	0.00013767376736209	5.19938163973851e-05	5.12615091241825e-06	1.46461454640521e-06	
0.0114290439234132	0.053953370613037	0.121410999219965	0.181371221844482	0.201273080902616	0.173668928718299	0.122290550458581	0.0731542229435551	0.0364142993664597	0.0159453419639604	0.0060631959760165	0.00210302018284714	0.000664419737656647	0.000202691924373228	4.24409083525171e-05	9.51261738935728e-06	3.65869899590665e-06	
0.0107644681135816	0.0502739202073471	0.116428703590618	0.176923712618905	0.199498452868246	0.175806969442777	0.126055951246518	0.0766757181126675	0.0396754643406425	0.0174305545906043	0.00698055901515977	0.00238487196945375	0.000743032787784424	0.000260354008318164	8.04464632443766e-05	1.3895298196756e-05	2.92532593615915e-06	
0.00973438247694084	0.0473278007934429	0.110939326934474	0.172273107085524	0.197811227319489	0.17654324058939	0.130285168237114	0.0807637656197181	0.0425593874890064	0.0195141296346972	0.00796589161353389	0.00293772892700823	0.000903635174310128	0.000299260555702706	0.000115606767239676	2.12189636072823e-05	4.39013040150669e-06	7.31688400251115e-07	
0.0089972545545449	0.0440623528964596	0.106404285116996	0.167988222945375	0.195572055517059	0.178657889427842	0.133227199499446	0.0843405814262867	0.0453188546902091	0.0214372801670073	0.00903160917019715	0.00338502606565094	0.00109642390379538	0.000323810526254236	0.000118413781609901	2.55832244218922e-05	1.09642390379538e-05	2.19284780759076e-06	
0.00844456928975583	0.0409431009386503	0.101015259907266	0.163050084452989	0.193688826304096	0.180142785744773	0.13739826424483	0.0876487047501614	0.0484289555189937	0.0235716865426077	0.0101292513780612	0.0037042576709945	0.00133154820751723	0.000364807728086912	9.99573174958138e-05	2.480692550991e-05	1.2403462754955e-05	7.29615456173824e-07	
0.00768159233083861	0.0388159891192676	0.0959061975569538	0.158634204840025	0.190501296108749	0.180999667289433	0.140305874352403	0.0926010288434469	0.0514860462650497	0.0256867182672726	0.0111527507120372	0.00421043394964005	0.00142005257558197	0.000430695657578671	0.00012650313881343	3.2905440731817e-05	6.5810881463634e-06	1.4624640325252e-06	
0.00694562062232702	0.0362260343827651	0.0919369065189705	0.152915100364328	0.187891758885123	0.18230916040329	0.143531583767205	0.0965502122252601	0.054961539899742	0.0274466760663137	0.0122510688249195	0.00458691044160011	0.00169956176528597	0.000521306477617915	0.000157638386340157	5.13241257851675e-05	1.46640359386193e-05	2.93280718772386e-06	
0.00637617677968507	0.0334605872113162	0.0877389871218879	0.14872965525255	0.184867942539395	0.182763877745084	0.147495603968085	0.0995396944583155	0.058307084616352	0.0295025037709165	0.0133215762615012	0.00515609866232665	0.00184887063715436	0.000653061704770513	0.000158852847106341	6.54532564465942e-05	8.08972832485996e-06	5.88343878171633e-06	
0.0058969325786006	0.0317275007273571	0.0832140713215066	0.144219260415938	0.18313120785472	0.181654396735548	0.150010864321201	0.103275869053626	0.0616452633400974	0.031899856738273	0.0143806784492378	0.00589914227104824	0.00203880956502204	0.000729935071870247	0.000194452935392276	6.40810809815454e-05	9.57533393977115e-06	4.41938489527899e-06	3.68282074606583e-06	
0.00522814493280887	0.0297847394728257	0.0790312282053227	0.138882035699267	0.180427339537782	0.182761924611314	0.15247197209103	0.106609527021902	0.0645376527330479	0.0344215052844843	0.0156726514037337	0.00653757466805809	0.00242148760939225	0.000852823190899095	0.000262180531917166	6.62815951475981e-05	1.62021677027462e-05	5.89169734645316e-06	6.62815951475981e-06	2.20938650491994e-06	
0.00496900354876235	0.0274557877221658	0.0749591376949242	0.134237457849244	0.176835858697413	0.182717821855075	0.154881388876618	0.110598430298479	0.0682474120540119	0.0363100234129964	0.0172770243406812	0.00738834651234704	0.00274918643518723	0.00090927832015432	0.000348249915330359	8.31971256497475e-05	1.9142701476933e-05	1.03076084875793e-05	1.47251549822562e-06	1.47251549822562e-06	
0.00461439620887161	0.0255335326544235	0.0710998663497569	0.129329818444912	0.173935402873701	0.182427424381518	0.156418674490191	0.114895002777626	0.0715853983793987	0.0386097427638045	0.0186697748575453	0.0080742724018879	0.00319463866544264	0.00111989178308875	0.000355123578584722	0.000112725949218802	1.76825018382434e-05	5.15739636948766e-06	0	1.47354181985362e-06	
0.00424491353734659	0.0241203398593609	0.0673305862329887	0.123807389359683	0.170423034221888	0.181822687025092	0.158950154995928	0.117800603711174	0.0753248405476153	0.0413381647979136	0.0203199624844024	0.00890329748197262	0.00363247436520458	0.00136171559892927	0.00044897412740362	0.000133878611301574	3.40243984523337e-05	2.95864334368119e-06	
0.00396419418407186	0.0225703672228136	0.0640282135142378	0.119334459544492	0.165629288991607	0.180515559924847	0.160884100435136	0.121378369935196	0.0787146091104659	0.0444256249065398	0.0223334779345031	0.0100159752213804	0.00395605111478619	0.0015116497710317	0.000502649458633948	0.00018877115162247	3.77542303244939e-05	8.88334831164563e-06	
0.00357922156003415	0.0208778051982381	0.0611333115647951	0.115416197421391	0.161377430172231	0.178341341045615	0.162835329893312	0.12442052373326	0.0822858149837143	0.0474124686336836	0.024035724096365	0.0111249077243511	0.00454029511918275	0.00177554267707114	0.000593822029612616	0.00017844277947212	6.07149706087712e-05	8.88511765006408e-06	2.22127941251602e-06	
0.00324170345261035	0.0196589807918521	0.0577147582269607	0.111386085474666	0.158519965088209	0.177141808054734	0.163801891129399	0.127468754464838	0.08489058232957	0.050157939582465	0.0259240039294272	0.0120703299371573	0.00499913756918879	0.00203652116878992	0.000689204365010331	0.000218383767645593	6.95866920633417e-05	1.03639754136892e-05	
0.00303998499575052	0.0184806277565324	0.0548895614875178	0.107174792860872	0.155309488489481	0.17592999395252	0.165136828860733	0.129849521850308	0.0872793943363389	0.0531314356009785	0.0278479461087527	0.0129825154712863	0.00568049661702909	0.00212510974441826	0.000784178786856218	0.00025917773463892	7.38398104384386e-05	2.36287393403004e-05	1.47679620876877e-06	
0.00271554650373388	0.017057764396824	0.0523539655833997	0.102824020779834	0.15129209835001	0.17535051211665	0.165834292629653	0.132568847958913	0.0908948020897901	0.0553713214675758	0.0298444464122318	0.0139747336107913	0.00630036305676083	0.00236798606806576	0.000808022668909944	0.00031214026388028	9.44537914342218e-05	2.80409693320346e-05	6.64128221021872e-06	
0.00245065151646965	0.0157552415484225	0.0494472763411861	0.0996037965929751	0.146907858746924	0.173446261871726	0.16588345102457	0.135633682155512	0.0950261506044793	0.0579648386064611	0.0316535114946173	0.015155849345387	0.00672823277355656	0.00279937539351241	0.00102921465613466	0.000347986617260431	0.000120910604302353	3.76002488989025e-05	8.10985760564564e-06	
0.00225670686049214	0.0147501134255246	0.046414093536405	0.0952494070519323	0.143555770316079	0.170436328627865	0.166409814719867	0.13792986429512	0.0984946680781843	0.0613744591539009	0.0338719969900739	0.0166512358771389	0.00748276485321077	0.00325485147711386	0.00120987226257179	0.000443373920613199	0.000156398121747085	4.27881653836365e-05	1.54922667768339e-05	
0.00220102172890589	0.0137525094674945	0.0433293388591457	0.0914143908869874	0.139822101920375	0.168299527972764	0.166693616446306	0.140388416467866	0.10212268278042	0.0646322167264361	0.0359126118323561	0.0177624890078125	0.00803841783381363	0.00355884761265562	0.00135782588374973	0.000483619333255068	0.000176465680378567	4.50393577535254e-05	8.86020152528369e-06	
0.0019762554818264	0.0130466732050976	0.0414800121343854	0.0871599353225479	0.135576722007711	0.165988525348201	0.167106979922305	0.142302911957966	0.105184799031605	0.0675954478383417	0.0385877872712654	0.0192360933169578	0.00882099130859921	0.00362779834536464	0.00146231124698481	0.00057358532799656	0.000192913165513606	6.55315714912629e-05	1.47261958407332e-05	
0.00181948426171802	0.0119121539200014	0.0396315819604631	0.0831898443566629	0.132027473551789	0.16378440983094	0.167075481807359	0.144914324970605	0.107146998768417	0.070271432702569	0.0409057347149377	0.020823149652764	0.00986220654485884	0.00402943469012987	0.00160296636853254	0.000659829104995765	0.000243674374703664	7.77996497547843e-05	2.05508508786223e-05	1.46791791990159e-06	
0.00177648306250711	0.0110492697047633	0.0373912628732651	0.0802125028892615	0.127755621677349	0.162458312084267	0.167030499594586	0.146423002557226	0.110478755214429	0.072521747425347	0.0428197724546065	0.022353895091374	0.0105334218762039	0.0044951405373476	0.00166127949339781	0.000684617388401129	0.000239212506558165	8.14496571409703e-05	3.00850084935115e-05	3.66890347481848e-06	
0.00158311268149623	0.0103827520020207	0.0352169143400931	0.0771884917400582	0.12417742023124	0.159498602660745	0.167146153021498	0.148436639512906	0.112570619602107	0.0764204324335438	0.044138444525705	0.0237848729030733	0.0115289667032339	0.00494906283547523	0.00189297982045329	0.000729876625884627	0.000248921706413369	7.12253850209344e-05	3.01055751119413e-05	4.40569391882068e-06	
0.00141842305422018	0.00989812609575383	0.0331853729160487	0.0737726822879193	0.121146690786711	0.156316534466506	0.16652448174698	0.149672264983745	0.115354062475222	0.0787217453357962	0.0472220346001251	0.0253495399669328	0.012566112316787	0.0054703261785686	0.00217388750701136	0.000810527459554386	0.00029734023652131	7.34173423509408e-05	2.42277229758105e-05	2.20252027052822e-06	
0.00125958189817669	0.00898903487660286	0.0308891516488103	0.0704175359667952	0.11806338915716	0.154503813652427	0.165520378550658	0.150761077008662	0.118078086728901	0.0813900081498035	0.0499100141170177	0.0272081448063558	0.0132528004385755	0.00610169690814532	0.00224872847632478	0.000948728255861208	0.000326286092643204	9.40644591403831e-05	3.08649006554382e-05	6.61390728330819e-06	
0.00109291786284947	0.00839349158960383	0.0295389165487021	0.0666459401813053	0.113594369451807	0.151587781075396	0.165400293110722	0.1520515545599	0.120923607466827	0.0844030992710451	0.0522160434756405	0.0289156520243602	0.0145107446982091	0.00654868739609196	0.00264152441094888	0.000970910892282545	0.000407914871473741	0.000116127116563696	3.16042152673349e-05	8.81978100483765e-06	
0.00106565444173138	0.00784048650207737	0.028098929721851	0.0641675161811407	0.109460765641892	0.147664330593603	0.16399335653994	0.153311124859913	0.123114646657023	0.0877183325590458	0.0551446816724316	0.0307931566196443	0.0156626249593591	0.00732380556063185	0.00294009069805503	0.00110528621848999	0.000378703644582226	0.000152655732699812	5.57780561787775e-05	7.33921791826019e-06	7.33921791826019e-07	
0.00100281785954099	0.00744196411554104	0.0261517011250913	0.0613566190377054	0.105876454012591	0.144462949985192	0.16238245479256	0.154104076073411	0.125839713346567	0.0904112139667311	0.0579831045716179	0.032749920097115	0.0168851656262187	0.00796096634109295	0.00345854872903099	0.00126378508029873	0.00044789598843534	0.000145877744187615	6.01104272531881e-05	1.39280258269582e-05	7.33053990892537e-07	
0.000937200266015626	0.00697742305776036	0.0250702900199512	0.0586141580890772	0.101321518220534	0.141117777759894	0.160719237187755	0.154176394112831	0.128615921283957	0.093406894896758	0.0605558673053188	0.03531145264578	0.0183291789730597	0.00868208864700034	0.0038914662099431	0.00147274327516741	0.000519447454231924	0.000188025346109302	7.82829262011491e-05	1.24374742562573e-05	2.19484839816306e-06	
0.000916490549558405	0.00645121714326609	0.023468000239529	0.056301000325701	0.0981550424506738	0.137529083056682	0.158900474238217	0.15519069575873	0.129185002563252	0.0965418730291802	0.0635927597976856	0.0374351701605282	0.0200079745631882	0.00957239691124428	0.0042216986988025	0.00155766879857217	0.000622921465158023	0.000239529004187376	8.54417484448871e-05	1.97173265642047e-05	4.38162812537883e-06	1.46054270845961e-06	
0.000849476180702502	0.00619540581661102	0.0219578271231974	0.0538318095595652	0.0946417262992128	0.13451962961962	0.156757937270238	0.15611809106706	0.132389000196482	0.0982660606144715	0.0660224866497843	0.0391708586575355	0.0212595474768074	0.0104340217036416	0.00472945681001608	0.00171209988612783	0.000761095597843514	0.000257107150135237	8.18068204975754e-05	3.87121561283169e-05	4.38250824094154e-06	1.46083608031385e-06	
0.000812490264377458	0.00573423597028231	0.0207247179137649	0.051144470422356	0.0919072020570411	0.130965971211079	0.154556710138431	0.155410154007493	0.135223683469589	0.102046875788448	0.068287210554914	0.0415986239588826	0.0220096372607596	0.0111693643634896	0.0051740491633398	0.00201111451578579	0.000796401348251171	0.00027058631666936	0.000112622412884004	3.51030897300792e-05	7.3131436937665e-06	1.4626287387533e-06	
0.000735687582398839	0.0053657611731179	0.0194023874343097	0.0489360347098133	0.0885577522072458	0.128033796243089	0.152825369728762	0.154886026986924	0.137080191410536	0.10504008216276	0.0710388713893661	0.0430322333644933	0.0237111009765978	0.0120257468693016	0.00564832376695467	0.0022751412995976	0.000881361043988261	0.000324288158211628	0.000133228995021481	5.12419211621082e-05	1.09804116775946e-05	4.39216467103785e-06	
0.000604688310994273	0.00491144537343896	0.0182826705554128	0.0466385991729094	0.0859338225012866	0.125305912987841	0.151712344060328	0.154711627365587	0.1373323289358	0.107229685657247	0.0739044782806354	0.0452344924168718	0.0246736257067203	0.0129619990732017	0.00630823144774534	0.00271304464956995	0.000985363761014881	0.000364569950212044	0.000114202635006182	5.19768402912753e-05	1.83017043279138e-05	4.39240903869932e-06	2.19620451934966e-06	
0.000509968192932105	0.00437063257304598	0.0172605182771575	0.043912218061227	0.0827863020784867	0.121933688015235	0.149713032984538	0.154853746837428	0.13880073945388	0.109831468701069	0.0766080667296311	0.0477479702020309	0.026545456410542	0.013865126601802	0.0066032088429657	0.00286197666895517	0.00117820237677417	0.000409586522771619	0.000133353751600062	4.90917656989239e-05	1.9050535942866e-05	2.93085168351784e-06	3.6635646043973e-06	
0.00049463076837524	0.00408070383909573	0.0162452549104543	0.0419382501778037	0.079028972485066	0.118991626398649	0.147510456026154	0.15472796771144	0.140090994500525	0.11166070085375	0.0791914104001241	0.0503623389889045	0.0283900500191706	0.0150547752356813	0.00704263483078652	0.0031975391387571	0.00130682034366595	0.000445606712929765	0.000161706212738059	5.12191624057202e-05	2.56095812028601e-05	7.31702320081717e-07	
0.000466838353738884	0.00379040496944664	0.0149578819463275	0.0398058480115031	0.0763753409678871	0.115698960350253	0.145452027045844	0.154228881244238	0.140486831054351	0.113814018049129	0.0818278956803161	0.0526552622283067	0.0305636211998845	0.0162513979500153	0.00786956082016976	0.00349579112611378	0.00143056274175558	0.000564310097926124	0.000153902753979852	7.62185067328791e-05	2.71161995107358e-05	3.66435128523457e-06	3.66435128523457e-06	
0.000459362174158244	0.00356151978658677	0.0139768987640378	0.0379654059320627	0.0727394151032139	0.112788774592883	0.142984522859486	0.153614222086982	0.141732980375433	0.116012355964723	0.0843141715425133	0.0550861560090497	0.0326578710026165	0.0171522032194852	0.00859914286529351	0.003834357511047	0.00162020257286706	0.000596878239033642	0.000186524449698013	7.60727167395819e-05	2.70643319169666e-05	9.50908959244774e-06	4.38881058112972e-06	
0.000467637989741192	0.00332315246459834	0.0134730888950591	0.0359832819418668	0.0700806675532303	0.109808706834821	0.140101418989025	0.151994037615631	0.14312206812901	0.117756360607345	0.087196217977758	0.0575918104897047	0.0342880942290549	0.0183949787370852	0.00919273992020927	0.00428473308100367	0.00187493606511859	0.000688304666150316	0.000255739525639714	8.8412807435444e-05	2.48432682050008e-05	8.76821230764734e-06	
0.000437265835035634	0.00319859958328566	0.0127543156315977	0.0343239104975138	0.0678833345601069	0.106318272683347	0.137885950867353	0.151070973346461	0.143337198277464	0.119621356937915	0.0894959272331348	0.0597837137424635	0.0364293454932104	0.0196980970919636	0.00996528838046209	0.00456286898859684	0.00199174587858731	0.000809670571207648	0.000292968109473874	0.000107858905975456	2.25920681435077e-05	6.5589875255345e-06	2.18632917517817e-06	
0.000337094031033037	0.0030797143655934	0.0122271212897815	0.0322350717580728	0.064971780205955	0.104022267135735	0.135389485578491	0.150245649084386	0.143773152462607	0.121570814500722	0.0920135653045058	0.0615964715064536	0.0379634860910489	0.0212442046036997	0.0107964738362611	0.00496467429290341	0.00217909813149434	0.000877318158520106	0.000358935976888309	0.000125227156236895	2.54822701644844e-05	2.91225944736965e-06	
0.000323412209574019	0.00283003852602524	0.0115796106407704	0.0308135524977961	0.0622993663300999	0.100114611472921	0.133532904103556	0.149606127534879	0.144802184376937	0.123339241965387	0.0937088694163245	0.0643263250997672	0.0394366668047528	0.0223975673587688	0.0114015522332522	0.00551036263593306	0.00245211864068031	0.000997853851112647	0.000350302662954331	0.000125731038778214	3.85187575447708e-05	1.30818421850165e-05	
0.000324934124683316	0.00263791386489558	0.0109382400320292	0.0297184170195853	0.0597711970558647	0.0965380735032903	0.130457424563424	0.149216567868802	0.145096867359424	0.124987941897717	0.0956843961266112	0.0664142141272364	0.0418287408585079	0.0237927210404275	0.0122539331172425	0.00598734642692137	0.00261107778763379	0.00114307183147524	0.000417047146635953	0.000116773201058067	4.42432625126837e-05	1.52312870945304e-05	3.62649692726915e-06	
0.000316114517559219	0.00256806793852008	0.0103186738850982	0.0283850535835858	0.0581346198324158	0.0940179677751701	0.127565258434494	0.146729338544873	0.146168162772875	0.126711894243743	0.097892545715162	0.0687056053049236	0.0432765124738354	0.0253515142682928	0.0129498197204707	0.0061874341579137	0.00283633025846712	0.00117310387479545	0.000508973374602229	0.000131231026784905	4.2051931234942e-05	1.30505993487751e-05	1.59507325373918e-05	7.25033297154172e-07	
0.000264875479497187	0.00228155755490179	0.00969661960833262	0.0268844983258418	0.0563219608622894	0.0912971351358412	0.125483488460863	0.144463812204011	0.146269319582063	0.127683769156303	0.100671550051306	0.0706324936175895	0.0456681610965409	0.0266014806902147	0.0138192431673012	0.00682507913608504	0.00295789713542612	0.00131929759376955	0.000599416838533359	0.000185775678770629	3.91870572406796e-05	5.80548996158217e-06	2.32219598463287e-05	4.35411747118663e-06	
