# <P(N_2)> as a function of N_tot.
# number_of_species: 2
# species_total_upper_bound: 100
# species_total_lower_bound: 0
# volume: 512
# Bin widths for each species index 
1	1	1	1	1	1	1	1	1	1	1	1	1	1	1	1	1	1	1	1	1	1	1	1	1	1	1	1	1	1	1	1	1	1	1	1	1	1	1	1	1	1	1	1	1	1	1	1	1	1	1	1	1	1	1	1	1	1	1	1	1	1	1	1	1	1	1	1	1	1	1	1	1	1	1	1	1	1	1	1	1	1	1	1	1	1	1	1	1	1	1	1	1	1	1	1	1	1	1	1	1	
# Bin lower bound for each species index 
0	0	0	0	0	0	1	2	2	2	3	4	4	5	6	7	8	9	10	10	11	12	13	13	13	15	15	16	17	18	19	20	20	21	22	23	24	25	26	26	27	28	29	30	30	30	31	31	32	34	35	36	37	37	38	39	39	40	41	42	43	44	44	44	45	46	49	51	51	52	52	53	54	55	56	57	58	59	59	60	61	62	62	63	64	64	65	67	68	69	70	71	72	72	73	74	75	76	76	76	77	
# Bin upper bound for each species index 
0	1	2	3	4	5	6	7	8	9	10	11	12	13	14	15	16	17	18	19	20	21	22	23	24	25	26	27	28	29	30	31	32	33	34	35	36	37	38	39	40	41	42	43	44	45	46	47	48	49	50	51	52	53	54	55	56	57	58	59	60	61	62	63	64	65	66	67	68	69	70	71	72	73	74	75	76	77	78	79	80	81	82	83	84	85	86	87	88	89	90	91	92	93	94	95	96	97	98	99	100	
# Normalized histogram for each species index 
1	
0.0789791969037252	0.921020803096275	
0.00643817437355011	0.145606322806278	0.847955502820172	
0.000435588980959997	0.0172239142887932	0.201640264756427	0.780700231973819	
7.41716171466521e-05	0.00185543153046856	0.0318230470613205	0.248044722061834	0.71820262772923	
2.28796564390789e-06	0.000176173354580908	0.00404512325842915	0.0495458960188254	0.286386947613595	0.659843571788926	
1.02588653694901e-05	0.00048330654629598	0.00788906746913791	0.0675705866931117	0.315503425321159	0.608543355104925	
4.78797807106043e-05	0.00105563516519094	0.0123609633867877	0.0865677835195515	0.338788208350006	0.561179529797754	
1.13997658488095e-06	0.000137937166770595	0.0019983789532963	0.0181187878400978	0.106591230616123	0.356067126381224	0.517085399065903	
1.14247718758676e-06	2.05645893765616e-05	0.000282191865333929	0.00331432632118918	0.0254635315569336	0.12730737548998	0.369368587132736	0.474242280567263	
8.02137811859722e-06	6.0733291469379e-05	0.0005786851356988	0.00515889204141781	0.033514463690659	0.146460051245147	0.377704923292707	0.436514229924782	
8.02925401347997e-06	0.00012158584648984	0.000908452739810877	0.00729744486196565	0.0433442072373402	0.164374888163962	0.380960574068721	0.402984817827697	
6.87145905125765e-06	2.29048635041922e-05	9.50551835423975e-05	0.00136856559437548	0.0100472183761139	0.0522185078168573	0.180379235825039	0.384051572590666	0.371810068290851	
6.86817903969121e-06	1.7170447599228e-05	0.000178572655031971	0.00197803556343107	0.0133025181033753	0.0629010730385053	0.196449380375781	0.383513394093824	0.341652987543413	
3.43516694911373e-06	1.94659460449778e-05	0.000303439747171713	0.00289584573810287	0.0172491183071497	0.0734232583703568	0.212190262446755	0.379585947877067	0.314329226400403	
2.28686425173802e-06	6.17453347969265e-05	0.000525978777899744	0.00394484083424808	0.0211123307720454	0.0846048298572997	0.226039379802415	0.373697630808635	0.290010976948408	
1.1397349204522e-06	0.000125370841249742	0.000862779334782316	0.00526329586264827	0.0267267838846041	0.0959611213623935	0.23777719777934	0.367156486744313	0.266125824455748	
3.41891251230809e-06	0.000149292513037453	0.00130032639218117	0.00722302250100288	0.0319315032274534	0.108325963677473	0.247871157142336	0.358833102366799	0.244362213267204	
1.3695878453644e-05	0.000236253903325359	0.00173595259399938	0.00923672869377842	0.0381007925348332	0.119065119336754	0.256704132503059	0.34956332974197	0.225343994813827	
1.13817566375559e-06	5.69087831877796e-05	0.000371045266384323	0.0021272503155592	0.0113555785972895	0.0444184434537258	0.1297406439115	0.264665677971407	0.339340245094747	0.207923068430535	
6.85314062301901e-06	7.99533072685552e-05	0.00053226058838781	0.00290915819447157	0.0142122714620376	0.0514693704590805	0.141017074599862	0.271462037598614	0.328564689649816	0.189746330999839	
1.02935491471223e-05	7.66297547619102e-05	0.000642774957853635	0.00386808702395195	0.0170621295751967	0.0595012889810988	0.150644948040451	0.274924685532074	0.319116035748352	0.174153126837113	
2.51357042395935e-05	0.000181662589731608	0.000974579805289695	0.00483176787405641	0.020680971929131	0.0657915633151252	0.160107580814145	0.278754960017092	0.307129742507561	0.161522035443628	
4.58192773154485e-06	5.04012050469934e-05	0.00021191415758395	0.00133906837954398	0.00608365454555868	0.0239336995057245	0.0732547150900062	0.170385855589093	0.280663692231914	0.294733646813556	0.149338770554241	
1.14429044837877e-06	1.02986140354089e-05	4.4627327486772e-05	0.000329555649133086	0.00168782841135868	0.00770908475072777	0.0275773998059283	0.0807891942364379	0.179097475237555	0.281422215712481	0.284357320712573	0.136973855251835	
9.14728965807431e-06	6.06007939847423e-05	0.000435639669965789	0.00225480690071532	0.00931537110554143	0.0323882658568266	0.0890568686998043	0.187857887707872	0.28175252922559	0.271220568595525	0.125648314154516	
4.56959551082937e-06	9.13919102165874e-06	8.22527191949287e-05	0.000583765826508452	0.00285371239651294	0.0111715186251001	0.0370022996489408	0.0969428263633674	0.194684189542252	0.281270027680325	0.260353846628381	0.115041851782885	
6.88203616510005e-06	1.14700602751667e-05	0.000105524554531534	0.000767347032408655	0.00338366778117419	0.0136057854984028	0.0414401807681499	0.10453354132376	0.201496842865909	0.279513898845538	0.248813135513027	0.106321723720658	
4.60242524798443e-06	1.49578820559494e-05	0.000163386096303447	0.00099297324725264	0.00427335184275354	0.0157805655690266	0.0463383680030192	0.111940186881477	0.207269070436667	0.277152295402062	0.237853336815835	0.0982169053982996	
4.60472467775561e-06	1.72677175415835e-05	0.000250957494937681	0.00125824101819672	0.00512736092868087	0.0181207427881378	0.0516051494636071	0.11918063529084	0.213747865997907	0.273053266303891	0.226624978559251	0.0910089297123313	
2.29541536688772e-06	2.98403997695403e-05	0.000340869181982826	0.00156662098790087	0.00621713252121538	0.020667919963457	0.057106491205116	0.126984673511595	0.217412561890137	0.268626721848452	0.216734266649222	0.0843106064257858	
2.29462003386859e-06	7.57224611176635e-05	0.000497932547349484	0.00200664521961808	0.00746898821024227	0.0230540474802777	0.0628496427276607	0.134463586674683	0.221554742750148	0.264062578877564	0.206833607922864	0.0771302105084419	
1.14920469289228e-06	8.04443285024599e-06	0.000125263311525259	0.000540126205659373	0.00231334904679217	0.00838919425811367	0.0260605148207183	0.0678352546120457	0.141388951775923	0.223981143849399	0.262192199888067	0.196288758364774	0.0708760502294387	
2.30039739364975e-06	2.07035765428478e-05	0.000113869670985663	0.000596953123652111	0.00268571395708609	0.00988250720311934	0.0295267507461914	0.0734597401701144	0.146948235307649	0.228708959472749	0.256925633903257	0.185875560002991	0.0652530724682689	
8.08016446597616e-06	1.96232565602278e-05	0.000158140361691248	0.000856497433393473	0.00332210190472563	0.0113988034430735	0.0334345662509999	0.0800975160420122	0.153772455642783	0.231658315239536	0.250096096241685	0.17546538861551	0.0597124154035638	
3.4790474368118e-06	2.55130145366199e-05	0.000189028244066775	0.00111909359217446	0.00407280486602768	0.0134001310441201	0.0366506050643334	0.0860194478751718	0.160435112866097	0.232209021170004	0.244327703074898	0.166162784629568	0.0553852755115649	
2.30965284762874e-06	4.73478833763891e-05	0.000296790390920293	0.00141004306347734	0.00448996513579026	0.015048543128725	0.0410540793666008	0.0921262779597913	0.166127555197816	0.232540468004957	0.237517769891596	0.157801256682114	0.0515375936419876	
1.15372190687157e-05	8.76828649222391e-05	0.000385343116895104	0.0015702155152522	0.00521943790668697	0.0171996861876413	0.0455235590013383	0.0977975448797822	0.171395772762933	0.233603304259541	0.230682080391342	0.149731182795699	0.046792653098897	
1.15110961211059e-05	0.000130075386168497	0.000461594954456348	0.00190393529843092	0.00628390737251173	0.0196229655576493	0.0498188729025344	0.104267508664978	0.177121236015457	0.232533350523237	0.22417974806815	0.140251195139555	0.0434140990207511	
1.26325992261959e-05	2.18199441179747e-05	0.000130919664707848	0.000554685947841146	0.00216706497634833	0.007622051005842	0.022367739557147	0.0547416461195526	0.109664742300718	0.181469584720527	0.232355991239867	0.216384940563621	0.132998301489613	0.0395078798708719	
9.17853278858741e-06	5.62185133300979e-05	0.000172097489786014	0.000742313839277007	0.00260440867876168	0.00881598074343821	0.0245801108078371	0.0591086038419044	0.115280077191461	0.18520213997492	0.230367405194361	0.211675323170403	0.125137821406404	0.0362483206153288	
8.03754221144936e-06	5.28181345323815e-05	0.000202086775602155	0.000912835151157463	0.00327013145974397	0.00983795166681402	0.0271255567433257	0.0634655815219201	0.120783591472397	0.188528590111756	0.229456903272772	0.205213379522409	0.118444666688866	0.0326978699364919	
4.59245413860486e-06	6.08500173365144e-05	0.000277843475385594	0.00121585223319564	0.00378303409667575	0.0116005391541159	0.0299026170099909	0.06805672599352	0.126146678392733	0.191763663125119	0.2283655226098	0.198002512072414	0.110845769316436	0.0299738000491393	
1.26215396901527e-05	8.83507778310687e-05	0.000343076397032332	0.00132181942936872	0.00451277414557913	0.0127810300553282	0.032706998987982	0.0724568171230692	0.130897988126573	0.195187521657415	0.225753448548867	0.190600165686394	0.105333633190519	0.0280037543343515	
2.29385682204488e-06	3.09670670976059e-05	0.000134190624089626	0.000446155151887729	0.00147953765021895	0.00493637988104059	0.0141852105875255	0.0358059580637096	0.0763888729593276	0.135838760216265	0.19842779053417	0.22266812250113	0.183632414031981	0.0996829889871934	0.0263403578875414	
2.29392522721329e-06	5.73481306803323e-06	3.32619157945928e-05	0.000107814485679025	0.000488606073396432	0.00161721728518537	0.00567173012428487	0.0157856464510683	0.038754719751155	0.0799547637945194	0.141242711052591	0.200685195465369	0.219313015272954	0.177404148334381	0.0948067826781118	0.0241263585772158	
3.42968460620361e-06	6.85936921240723e-06	5.37317254971899e-05	0.000104033766388176	0.000539603711376035	0.00204752170990356	0.0062946144805857	0.0175668445529749	0.0415586316015712	0.0851053370465385	0.146399517100407	0.200714288980652	0.216682900507136	0.171423639215471	0.0888093964212384	0.022689650126441	
7.99001932443245e-06	1.14143133206178e-06	1.0272881988556e-05	4.1091527954224e-05	0.00012213315253061	0.000675727348580573	0.00241526869864272	0.00718074451000065	0.019953361115772	0.0452349236896083	0.0900646392563347	0.150735138849414	0.201943172699702	0.212415805171369	0.164957373246904	0.0836931695607658	0.0205480468397761	
1.14112003213394e-06	2.28224006426788e-06	1.48345604177412e-05	5.93382416709649e-05	0.000172309124852225	0.000848993303907651	0.00260745927342605	0.0082845314332924	0.0217794169333084	0.0491617332243944	0.0956509633335311	0.154435761788911	0.202502019782457	0.20816653962197	0.158773159031052	0.0788513942204553	0.0186881227662575	
5.72478005395033e-06	1.14495601079007e-05	5.83927565502933e-05	0.000282804134665146	0.000915964808632052	0.00306275732886342	0.009266128995324	0.024111628631228	0.052788196877476	0.0999764139061777	0.158523739517928	0.202824377487417	0.204745613673523	0.152070767441115	0.0737603561271176	0.0175956839738217	
1.1463433367074e-06	3.78293301113443e-05	0.000100878213630252	0.000275122400809777	0.00110507497658594	0.00363390837736247	0.0101886995766554	0.0261217256135516	0.0567050194935684	0.104382585210566	0.161588556742276	0.203198527178081	0.201363231496012	0.146056750873227	0.0688023807258417	0.0164385634483842	
6.88121531437406e-06	4.0140422667182e-05	9.63370144012368e-05	0.000325710858213705	0.00127761231003545	0.00408056068142382	0.0117898155719609	0.0288322921672273	0.0603195865765839	0.109169334093325	0.16462046083499	0.203970690610238	0.196038943091202	0.139587746390516	0.0651387310350839	0.0147051571268174	
8.03523565624344e-06	4.59156323213911e-05	0.000114789080803478	0.000405205455236276	0.00158064564266389	0.00490264164111653	0.0131020256829089	0.0312031158348093	0.0638491304153184	0.113695140863421	0.169129083765036	0.204039886909798	0.19090801606588	0.133049727777695	0.0603687254853569	0.01359791451198	
2.3034999378055e-06	6.9104998134165e-06	5.64357484762348e-05	0.000143968746112844	0.000488341986814766	0.00184510345018221	0.00540976960393622	0.0144636761094807	0.0336057605926445	0.0682354269076435	0.119112830033954	0.172551725091103	0.201825754050705	0.186195355222725	0.126869866074514	0.0565797172223476	0.0126070551596095	
5.77002081823511e-06	1.38480499637643e-05	3.80821374003517e-05	0.000210028757783758	0.00062777826502398	0.00210028757783758	0.00619007833380263	0.0159275654666562	0.0363869052839543	0.0731961760918033	0.122465229854549	0.174000747794698	0.200951361032511	0.180723976052106	0.121783213393834	0.0538642983423884	0.01151465354487	
4.61518048240174e-06	1.96145170502074e-05	7.961186332143e-05	0.000231912819240687	0.000722275745495872	0.00243566149958752	0.00693661626504982	0.0176565267305485	0.0397355501583584	0.0766327643200397	0.126371718174004	0.176078365764591	0.199314645698363	0.176514500320178	0.11648715537582	0.0499316376391044	0.0108468279287647	
1.15388831514998e-06	6.92332989089986e-06	1.61544364120997e-05	0.000115388831514998	0.000261932647539045	0.00096465063146538	0.00302780293895354	0.00800798490714084	0.0193899392477802	0.0427284843100036	0.0809475730844012	0.130844011608116	0.176565682207619	0.19769453114633	0.172450916475794	0.110509037830228	0.0470624888217069	0.00940534365678746	
3.4594614541039e-06	1.2684691998381e-05	2.76756916328312e-05	0.000117621689439533	0.000325189376685767	0.00116353220239695	0.0034894434533728	0.00893578893595038	0.0210473634867681	0.0455126748901909	0.0850128057731493	0.13371164466257	0.178972932020429	0.195785914687374	0.167752745370952	0.106053250337009	0.0434093223260958	0.00866595094253027	
1.15171813311098e-06	1.84274901297756e-05	3.10963895939963e-05	0.000107109786379321	0.000368549802595512	0.00132102069867829	0.00371198754301667	0.00998309277780593	0.023641318118369	0.04880866276311	0.0882054849424371	0.137501324475853	0.180040033722307	0.194378924479539	0.162592655723809	0.100533475839257	0.0403953618007343	0.00836032192825257	
2.30645657922505e-06	1.03790546065127e-05	3.80565335572134e-05	0.000122242198698928	0.000390944390178647	0.00140347882845845	0.00425425916038061	0.0110306285901438	0.0258057894366595	0.05166808705951	0.0935245078309967	0.140071108056338	0.180961123521129	0.190294200068963	0.158136429213118	0.0957064157549436	0.0389768097323242	0.00760323411341539	
4.62584436115355e-06	2.0816299625191e-05	4.39455214309587e-05	0.000135305947563741	0.000491495963372564	0.00167802504200845	0.00448244318595779	0.012367194899544	0.0275677194702946	0.0557529891628031	0.0971138200569673	0.14396090236346	0.182106771426622	0.187397580914691	0.151975177719158	0.0920427381760527	0.0359254637698087	0.00693298423627888	
5.80222085805563e-06	1.04439975445001e-05	6.96266502966675e-05	0.000157820407339113	0.000624318964326786	0.00180797201937013	0.0051314841268644	0.0132731604348881	0.0296354232546049	0.0585769008945864	0.100309954638237	0.147760516815416	0.182449674437388	0.184304064223622	0.148327974015334	0.0878630304535364	0.0332989455043813	0.00639288694140569	
5.81644915085659e-06	4.65315932068527e-06	6.97973898102791e-06	6.74708101499364e-05	0.000195432691468781	0.000754975099781185	0.00209508498413854	0.00571407964580151	0.0145341431381604	0.0320416550822388	0.0619626328040752	0.103321076136156	0.149953875558234	0.180862486345886	0.182892427099535	0.144663233410615	0.0834567389961507	0.0316217074535469	0.00584553139661087	
3.48943109478574e-06	1.04682932843572e-05	5.81571849130957e-06	1.74471554739287e-05	7.67674840852863e-05	0.000288459637168955	0.000904925797247769	0.00232977682761861	0.0065357044405337	0.0159187846544126	0.0346756399325842	0.0644684026198649	0.106363675487561	0.15187050953836	0.182560056017001	0.181380628306963	0.139213179813874	0.0790007199859492	0.0292867951785367	0.00508875367989588	
2.32894482496815e-06	2.32894482496815e-06	9.31577929987261e-06	2.67828654871337e-05	0.000103638044711083	0.000401742982307006	0.000907124009325095	0.00269691810731312	0.00760167590869605	0.0176685399146209	0.036489907517601	0.0682357544267419	0.109808584024836	0.15486435060867	0.183176168373395	0.17716399730774	0.134098314076841	0.0747835828021398	0.0270891217316171	0.0048698236290084	
2.32979670193979e-06	0	3.49469505290968e-06	1.74734752645484e-05	0.000132798412010568	0.000363448285502607	0.00107520117794521	0.00319648107506139	0.00821719296774163	0.0187420495687546	0.0383810708677561	0.0717414298428319	0.114973137444027	0.156261794595804	0.182870402728658	0.173706147401578	0.129169753647297	0.07107860268113	0.0254355554934276	0.0046316358434563	
2.33765019402497e-06	2.68829772312871e-05	0.000137921361447473	0.000448828837252793	0.00130791528355697	0.00361634485015662	0.00883748655851139	0.0200605451400252	0.0411777081677498	0.0751636355135818	0.117760297349105	0.159382159053719	0.182417364065641	0.170016129786339	0.124180653606994	0.0673488709149563	0.0237926036747861	0.00432231520875216	
3.50792674513509e-05	0.000169549792681529	0.000527358320685309	0.00148502232210719	0.00408556534916734	0.0099765436631642	0.0223630330002362	0.0441425808518649	0.0787213840875766	0.121619820253834	0.161019684146276	0.180307434699944	0.165496967981983	0.119494016646282	0.0640325254967809	0.0224027895033477	0.00412064461661869	
4.68326493815163e-06	5.03450980851301e-05	0.000166255905304383	0.000646290561464925	0.00170587925372173	0.00454276699000708	0.0113335011503269	0.0238706013897589	0.0471007662992255	0.0822908190444969	0.124340684107926	0.162739944152066	0.178074124375809	0.161219053863401	0.115883878445859	0.0614877561892273	0.0208897032566254	0.00365294665175827	
1.28332713058554e-05	7.58329668073271e-05	0.000227498900421981	0.000697663294627409	0.00196932381493489	0.00505864221656262	0.0120924415531992	0.0255907096449034	0.049935425312111	0.0846540908385609	0.127502050406756	0.163316210638315	0.176742145746296	0.159307563346777	0.111712460056443	0.0581440523037472	0.0196932381493489	0.0032678175388819	
2.32332830719976e-06	3.02032679935969e-05	8.71248115199911e-05	0.000243949472255975	0.000741141729996724	0.00215372534077418	0.00573862091878341	0.0131395832413683	0.0276905884293604	0.052796474116961	0.0877509484987814	0.129222358782297	0.164807616799522	0.175507705318331	0.155437633736586	0.10796738976388	0.0552963753755079	0.0183055037324269	0.00308073333534688	
9.2894607584148e-06	3.25131126544518e-05	8.70886946101388e-05	0.000292618013890066	0.000791926529654862	0.00243267753610988	0.00650842844386437	0.014181523030315	0.0296995672272469	0.0552328113043448	0.0912259881954177	0.132187865409648	0.165161967554236	0.175561518873281	0.151744502671301	0.103124626244352	0.0521754175322315	0.0168568877287385	0.00269278243734549	
1.04363193189026e-05	3.24685489921414e-05	0.000125235831826831	0.000350196492700954	0.00101348256496899	0.00290941390790296	0.00683578915388121	0.0151570144241529	0.0316695907687277	0.0584387498217129	0.0951885089166753	0.135433275392435	0.165177945042342	0.173966485499894	0.147210081948298	0.0996819241789806	0.0489011135552713	0.0154422738188696	0.00245601381304841	
1.27470316798502e-05	4.40352003485734e-05	0.000164552590776248	0.000418334403311447	0.00117852101985524	0.00327366949959789	0.00758100738632545	0.0164332414774505	0.0338734984576092	0.0616434863826937	0.0984372139160504	0.137505707193729	0.166369622201157	0.171044306364477	0.144318416216078	0.0950105800362943	0.0459345080688711	0.0145420455045855	0.00221450704910852	
1.39033071333234e-05	4.17099213999703e-05	0.000172632730238766	0.000472712442532997	0.00138917210440457	0.00356851549755302	0.0079584847248999	0.0174220024469821	0.0357662576004746	0.0646665986949429	0.101803490656978	0.140174301127095	0.167376121533442	0.168826699911019	0.140336506376984	0.0907654234020466	0.0433412427702803	0.0137387846655791	0.00216544008601513	
1.73274589396981e-05	5.08272128897812e-05	0.000200998523700498	0.000606461062889435	0.00148438564916747	0.0035683013776485	0.00852510979833148	0.0191583937676596	0.0381608404048619	0.0672686610956961	0.104864626339124	0.142301178960306	0.167511476553638	0.166452191230458	0.136033259479853	0.0873477205150183	0.0415535568652547	0.0129690254343994	0.00192565827016512	
1.72812453556653e-05	9.79270570154368e-05	0.000277652008714356	0.000694706063297746	0.00159333082179234	0.00393666769202056	0.00976275154292719	0.020675281943518	0.0406604661558331	0.070537435209731	0.107064227476489	0.145108313085474	0.166429913605294	0.164784739047435	0.132255674872954	0.0828336173217987	0.0396535455931096	0.0118560863970101	0.00176038286023044	
3.69377667887922e-05	8.77271961233814e-05	0.000294347829098187	0.000649873834440312	0.00173145781822463	0.00448332144398965	0.0104095244031665	0.0223831323687959	0.042648114673297	0.0724222633154878	0.110798294398619	0.146383215478771	0.167113382783769	0.163245306017855	0.127348722530422	0.0799183213631883	0.0373106073723165	0.0110582439323947	0.00167720547325359	
4.623010805132e-06	3.6984086441056e-05	7.97469363885271e-05	0.000257732852386109	0.000750083503132668	0.00198673889350548	0.00507722161673622	0.0116603890032442	0.0238963428517273	0.0441197036187773	0.0764923367817141	0.113195575316358	0.148841300129329	0.167563338137412	0.159015391158723	0.123325747743104	0.0767385121070874	0.0349719209881223	0.0104352911398842	0.00155102012512179	
3.46866924504414e-06	2.65931308786717e-05	7.51545003092897e-05	0.000295993108910433	0.000834793064973956	0.00214479381651896	0.00550824676113009	0.012679142313718	0.0252623181116565	0.0474698948415107	0.0790266914098406	0.116120640316343	0.150260439249149	0.166255629361129	0.155435693762755	0.120518912919059	0.0736178798337351	0.0331072917208646	0.00985333310208872	0.00150309000618579	
1.04193076717362e-05	2.89425213103784e-05	0.000104193076717362	0.000351941059134202	0.000981730322848037	0.00224478195283295	0.00604782925301668	0.0131885281107132	0.0271666082027736	0.0500346731405298	0.0821261407694775	0.118505732355771	0.150703708463141	0.165005944793877	0.15452412127611	0.117909516416777	0.0696866451102768	0.0310321713489878	0.00898375861474147	0.00136261390329262	
6.95860326915182e-06	3.71125507688097e-05	0.000106698583460328	0.000432593169898938	0.00103451235268057	0.00257816251122075	0.00638451849944679	0.0144483799211822	0.0289814228488058	0.0527322955736325	0.0847546280510576	0.121097093391414	0.151709148939625	0.165524295963314	0.15203968259491	0.113247788903811	0.0659733578276168	0.0293339920811095	0.00841875018846217	0.00115860744431378	
1.1598828982226e-06	3.47964869466779e-06	6.61133251986879e-05	0.000153104542565383	0.000378121824820566	0.00115060383503681	0.00280111719920757	0.00730494249300591	0.0158242823804509	0.0311672133581394	0.0555757890683357	0.0877184639438802	0.123113450466041	0.15283892938169	0.164418040354646	0.148067171138402	0.108778457726908	0.0637158472480618	0.027986814451213	0.00787908452762609	0.00105781320317901	
1.15841431614748e-06	1.85346290583598e-05	6.25543730719642e-05	0.000143643375202288	0.000459890483510551	0.0012684636761815	0.00339762918926057	0.00794672220877174	0.0170646012911686	0.0330032238670418	0.0578292010763986	0.0906308608524308	0.125619606857349	0.153954421030317	0.162763003490302	0.144326839648815	0.105501425428816	0.0611086720054121	0.0264593413951247	0.00747408916778357	0.000966117539667002	
3.47030632393921e-06	1.1567687746464e-05	5.55249011830274e-05	0.000173515316196961	0.000578384387323202	0.00145521511850518	0.00388211600771333	0.0085901649205242	0.0185094571631171	0.0350038231208002	0.0604099357183592	0.0936519999953729	0.127966388926484	0.15462643887576	0.16074111861854	0.141014740704495	0.10164295869063	0.0584677209457279	0.0251978942181226	0.00707364105696276	0.000943923320111466	
2.31476926958613e-06	4.62953853917226e-06	1.96755387914821e-05	6.48135395484117e-05	0.000247680311845716	0.000656237087927668	0.00150112787132661	0.00424181468651658	0.0093806024649978	0.019989190027511	0.0375316689370695	0.0633818547551726	0.0963534282311575	0.129286808014194	0.154963386137078	0.158577898351537	0.137940572928542	0.0981138102606777	0.0563738907915006	0.0237379588596058	0.00659477764905089	0.00103585924813979	
2.3136579858219e-06	6.94097395746571e-06	3.23912118015067e-05	7.288022655339e-05	0.000256816036426231	0.000780859570214893	0.00170169544857201	0.00476844910877894	0.0103640309474892	0.0211248542395469	0.0390938789864327	0.0656812797305051	0.0980771188479834	0.132528643085864	0.155761239750495	0.156927323375349	0.135011198104651	0.0944759101930516	0.0539487200844022	0.0221393932663298	0.00630240435337887	0.000941658800229515	
6.94538496532517e-06	2.1993719056863e-05	0.000100708081997215	0.000282445655256557	0.000845021837447895	0.00206162177054069	0.00519862064654589	0.0111577609467949	0.0217865150720642	0.0411838177160565	0.0679328103458454	0.102229121304621	0.135426903874715	0.155133276149664	0.154813788441259	0.131075620193938	0.0919522666842616	0.0515891619582744	0.0205594970615234	0.00577624516282876	0.000865857992343871	
6.94729090391202e-06	4.63152726927468e-05	0.000140103699895559	0.000301049272502854	0.0009054635811432	0.00238060501640719	0.00561225316854359	0.0120466024273834	0.0233799496552986	0.0430002570497634	0.070990892101625	0.105251457194267	0.137052681306924	0.155046164748056	0.152810294958814	0.127980677268233	0.0887284836611297	0.0489228225453484	0.0191965226493262	0.00543393936867652	0.00076651776306496	
9.26535036922421e-06	5.44339334191922e-05	0.000119291386003762	0.000371772183565122	0.000958963763214706	0.00278423778595188	0.00635950485967627	0.01304792965746	0.0248566187030363	0.0455588859342716	0.0736688007857017	0.107384252610512	0.137092440400634	0.155367185835132	0.151004363980024	0.125513068776696	0.0859036959482623	0.0463881347923172	0.0180002594298103	0.00494653892836958	0.000610354955572645	
4.64772023512817e-06	6.39061532330123e-05	0.000130136166583589	0.000405513590514933	0.00114682496801788	0.00291760637760171	0.00644522603606399	0.0139966094880885	0.0267429822329275	0.0475670927464192	0.0765700289436778	0.109884887589076	0.139318899838143	0.155363992019864	0.149743736325536	0.121925968788235	0.0821902846380065	0.043660683888794	0.0171036104652717	0.00432470367878676	0.000492658344923586	
1.39362948734178e-05	5.57451794936712e-05	0.000167235538481014	0.00042041156201477	0.0013053662864768	0.00317050708370255	0.00685897979353379	0.0148375086085655	0.0282349334135445	0.0506537864332492	0.0794450102838243	0.112103555961773	0.141071306214078	0.155814744832248	0.146932679566256	0.118233202990264	0.0784799218638401	0.0416695216715192	0.0160104800937448	0.00399042576542196	0.000530740563095994	
1.6301531761788e-05	8.03432636830982e-05	0.00013972741510104	0.000562402845781688	0.00149275455132945	0.00340352695283618	0.00765473355728533	0.0161711195076937	0.0307574972491165	0.0529566903232943	0.0821201306451331	0.114505452280177	0.141499624482572	0.154518726384611	0.144287186413838	0.115426488824718	0.0761246601421726	0.0392319649749946	0.014842544669108	0.00374702351495957	0.000461100469833433	
2.32404104256481e-06	1.85923283405185e-05	6.73971902343795e-05	0.000176627119234926	0.000641435327747888	0.00162101862718896	0.00387069035639169	0.00862219226791545	0.0172002277560222	0.0329502539014839	0.0552378074996804	0.0846787594268915	0.116756335916892	0.142223177661318	0.154030468178068	0.142039578418955	0.112503340808999	0.0721777426589354	0.037176522537388	0.0139907270762402	0.0035662409798157	0.000448539921215009	
5.80368905691214e-06	2.20540184162661e-05	9.28590249105942e-05	0.000275094861297635	0.000673227930601808	0.00189200263255336	0.00441660737231014	0.00916402502086426	0.0187296653244668	0.0344576626686987	0.0576933121769522	0.0882067877625734	0.118554277841167	0.143390584791317	0.151883703357202	0.139651848300854	0.109469182991477	0.06895943337423	0.0354245572655803	0.013318305647802	0.00325470882311633	0.000464295124552971	
2.31845081116798e-06	1.73883810837598e-05	0.000107807962719311	0.000274736421123405	0.000801024755258536	0.00204023671382782	0.00466588225747555	0.0102046612453559	0.0198042068289969	0.036333601887219	0.0598913805794968	0.0906664966469405	0.120453952668827	0.143374157388033	0.150843046676211	0.13789913579746	0.105480238104898	0.0669186049881469	0.0340638385430855	0.0125996209332924	0.00314381929994378	0.000413843469793484	
3.47470357882886e-06	2.08482214729732e-05	9.96081692597607e-05	0.000347470357882886	0.000852460611339348	0.0022272849940293	0.00512982071687768	0.0110275509246765	0.021224647694013	0.0380271559667031	0.0621427570383017	0.0929795930658815	0.121801101017741	0.143455453721002	0.149976314103938	0.135609573040007	0.103456982590577	0.0642136803712837	0.032011285837224	0.0120850190471668	0.0030090932992658	0.000298824507779282	
1.62165042313493e-05	4.16995823091839e-05	0.00010424895577296	0.000353288127897252	0.000903490950032317	0.00245448374758779	0.00563291857693225	0.0113897775790613	0.0223393929004144	0.0396910524279582	0.0652853293919506	0.0940788909764421	0.123248907123447	0.144426503327858	0.149725825246317	0.133205840721495	0.0997558257791451	0.0620594033716429	0.0306735177535972	0.0115403594040666	0.00276723061490667	0.000305796936934015	
4.62662018455588e-06	2.19764458766404e-05	3.58563064303081e-05	0.00011219553947548	0.000444155537717364	0.0010594960222633	0.00259900388867427	0.00591282059586241	0.0122050240468584	0.02380396084954	0.0419530351785066	0.0667598159530491	0.0956565289707389	0.124459552929692	0.145843791422709	0.14918652450605	0.130402446556754	0.0963933182351295	0.0598499587074149	0.0294461241646059	0.0109014738098598	0.00262560695473546	0.000322706757872773	
1.15474107818174e-06	1.84758572509079e-05	1.50116340163627e-05	3.23327501890888e-05	0.000132795223990901	0.00048961021714906	0.00115474107818174	0.00282218719507618	0.00620442381307051	0.0128672798341792	0.0252426399690529	0.0432704576816263	0.0684876933469593	0.0984208915755865	0.126410660569634	0.146490453178136	0.14666597382202	0.127519212004688	0.0941113978718122	0.0577936362219181	0.0285544373812782	0.0102933619709121	0.00265705922089619	0.00034411284129816	
5.78068096421758e-06	3.23718133996185e-05	2.31227238568703e-06	3.3527949592462e-05	0.000178044973697902	0.000643967859413839	0.00121509913867854	0.00294930342794381	0.00673102491473496	0.0135811318573328	0.0266986531013353	0.0454049367015434	0.0703601364240708	0.100922596681889	0.127799294756922	0.146764552864327	0.144192149835251	0.125693970749754	0.0908445574888722	0.0561096017110816	0.0270293080524886	0.0100317937453032	0.00244291577547835	0.000332967223538933	
