# <P(N_2)> as a function of N_tot.
# number_of_species: 2
# species_total_upper_bound: 100
# species_total_lower_bound: 0
# volume: 512
# Bin widths for each species index 
1	1	1	1	1	1	1	1	1	1	1	1	1	1	1	1	1	1	1	1	1	1	1	1	1	1	1	1	1	1	1	1	1	1	1	1	1	1	1	1	1	1	1	1	1	1	1	1	1	1	1	1	1	1	1	1	1	1	1	1	1	1	1	1	1	1	1	1	1	1	1	1	1	1	1	1	1	1	1	1	1	1	1	1	1	1	1	1	1	1	1	1	1	1	1	1	1	1	1	1	1	
# Bin lower bound for each species index 
0	0	0	0	0	0	1	2	2	2	3	4	4	5	6	7	8	9	10	10	11	12	13	13	13	15	15	16	17	18	19	20	20	21	22	23	24	25	26	26	27	28	29	30	30	30	31	31	32	34	35	36	37	37	38	39	39	40	41	42	43	44	44	44	45	46	49	51	51	52	52	53	54	55	56	57	58	59	59	60	61	62	62	63	64	64	65	67	68	69	70	71	72	72	73	74	76	76	76	76	77	
# Bin upper bound for each species index 
0	1	2	3	4	5	6	7	8	9	10	11	12	13	14	15	16	17	18	19	20	21	22	23	24	25	26	27	28	29	30	31	32	33	34	35	36	37	38	39	40	41	42	43	44	45	46	47	48	49	50	51	52	53	54	55	56	57	58	59	60	61	62	63	64	65	66	67	68	69	70	71	72	73	74	75	76	77	78	79	80	81	82	83	84	85	86	87	88	89	90	91	92	93	94	95	96	97	98	99	100	
# Normalized histogram for each species index 
1	
0.0790624262767814	0.920937573723219	
0.00643335636396407	0.145454654690739	0.848111988945297	
0.000414891851524036	0.0171765226530951	0.201412556431305	0.780996029064076	
7.85876469891259e-05	0.00182565149159354	0.0316780759809552	0.248201551924672	0.71821613295579	
2.42616571197046e-06	0.000186814759821725	0.00408808922467022	0.0495993187326681	0.286610234052206	0.659513117064922	
1.0868803876057e-05	0.000478227370546508	0.00797407911040048	0.0675339167063177	0.315211011789029	0.60879189621983	
5.06913944116358e-05	0.00106693315856872	0.0123168019040653	0.0865567628958304	0.338771795790925	0.561237014856199	
1.20836867811717e-06	0.000134128923271006	0.00197568278872157	0.0181110297476201	0.106479031178329	0.356269379212675	0.517029539780705	
1.21064349333601e-06	2.17915828800482e-05	0.000260288351067243	0.00325784164056721	0.0253944579162162	0.127156307392068	0.369800740187432	0.474107362286276	
8.50477543140473e-06	6.07483959386052e-05	0.000558885242635168	0.00511865984178688	0.0334833008734404	0.146516626228484	0.377999603920459	0.436253670721825	
8.52192142544962e-06	0.00012174173464928	0.000891149497632732	0.00721198036062337	0.0433315356137183	0.164636217435608	0.380854407842116	0.402944445594227	
7.2904452639445e-06	2.43014842131483e-05	9.72059368525933e-05	0.00130255955382475	0.00996482360160147	0.0521959428672106	0.180651158269491	0.383936718935109	0.371819998906433	
7.28203945651712e-06	1.82050986412928e-05	0.0001699142539854	0.00191639005030676	0.0131986965149373	0.0629762908932028	0.196517971466542	0.383637257341206	0.341557992341722	
3.64198774835321e-06	1.33539550772951e-05	0.000280433056623198	0.00287959831303128	0.0171950381558916	0.0735013827413485	0.212329099724909	0.379808334324763	0.313989117740608	
2.42390748429914e-06	5.93857333653289e-05	0.000522352062866465	0.00389279541978442	0.0210576962698488	0.0847761642633624	0.22602694900341	0.373788349246286	0.289873884093592	
1.20786951144094e-06	0.00012803416821274	0.000857587353123067	0.0052192041589363	0.0266685509431045	0.0962297561069883	0.237956333101422	0.367093286178108	0.265846040120594	
3.62458483401214e-06	0.000149816173139168	0.00126981288684892	0.00721413201462882	0.0318987629291962	0.10867955166302	0.248056920480233	0.358824233007644	0.243903146260455	
1.33257255554708e-05	0.000236228771210618	0.00173113289261525	0.00919232777408292	0.0381285351029897	0.119528123943785	0.256740697129275	0.349597987088583	0.224831641571903	
1.20864324960659e-06	5.19716597330832e-05	0.000365010261381189	0.00215621955729815	0.0113950885572909	0.0445505901804988	0.12998474692219	0.264659029652853	0.339314505894553	0.207521628670952	
7.27988361892721e-06	8.37186616176629e-05	0.000533858132054662	0.00291559338938035	0.0142430923004311	0.0514966834063546	0.141229742207188	0.271230263932181	0.328503534990154	0.18975623309702	
1.09354685848289e-05	7.5333228028821e-05	0.000637902334115017	0.00385536020218466	0.017127373907972	0.059549701704718	0.150599628194068	0.274867863087933	0.319117629190411	0.174158272681984	
2.66976683227311e-05	0.000185670147880812	0.000948980755835261	0.00486018916511537	0.0207428747563838	0.0657782006256963	0.160087713975744	0.278512503003488	0.307106919307511	0.161750250594023	
4.86606165300114e-06	5.35266781830126e-05	0.000216539743558551	0.00134546604705482	0.00619084693803071	0.0239884674338824	0.0732025984769227	0.170376633171942	0.28071336463833	0.294386997883263	0.149520692927179	
1.21459309309492e-06	1.09313378378543e-05	4.73691306307018e-05	0.000341300659159672	0.00169435736486741	0.00777339579580747	0.0276538555435851	0.0809259086067281	0.17927029676153	0.281181944830753	0.284228144308235	0.136871281067773	
9.71055270038332e-06	6.43324116400395e-05	0.000450326881480277	0.00225527586466403	0.00936582807951972	0.0324563085819437	0.0892496898692231	0.187876132189754	0.281519847155901	0.271192674359043	0.125559874054131	
4.85257866030008e-06	9.70515732060017e-06	8.73464158854015e-05	0.00060899862186766	0.0028605951202469	0.0112082435606281	0.0370603563733768	0.0971583299365283	0.194686668995904	0.281205720219725	0.260344484559095	0.114764698460762	
7.31115292007448e-06	1.21852548667908e-05	0.000112104344774475	0.000778637785987932	0.00334728951190743	0.0136328631449655	0.0415736525545168	0.104806595634754	0.201697649708041	0.27979782225125	0.248324527455816	0.105909361200199	
4.89208668288393e-06	1.58992817193728e-05	0.000170000012230217	0.000971079206552461	0.00423532404570677	0.0158234543757881	0.0463769817537397	0.112219576418675	0.207897784740848	0.277151386845424	0.237101096194323	0.0980325250383112	
4.89600278092958e-06	1.83600104284859e-05	0.000253368143913106	0.00124848070913704	0.00510408289911909	0.0182486263652198	0.0517801254111112	0.119592211928376	0.213955321526623	0.272877490994415	0.226023968381614	0.0908930676272624	
2.44118275304385e-06	3.173537578957e-05	0.000335662628543529	0.00157456287571328	0.00626529553568704	0.020879436086784	0.0573824417930487	0.127206371486985	0.217622898294224	0.267986939672271	0.216543895517378	0.0841683195508224	
2.44083715832856e-06	8.05476262248426e-05	0.000500371617457356	0.00201613149277939	0.0074897088203312	0.023185512166963	0.0630431625438893	0.134610948863241	0.221241141286638	0.263897211465588	0.20691342716725	0.0770193961124787	
1.22332090031525e-06	8.56324630220675e-06	0.000133341978134362	0.00056395093504533	0.00229128004629046	0.00838097148805978	0.0261068913336277	0.0679738258260169	0.141428129285446	0.223952133899812	0.261832265578074	0.196418850396417	0.0709085726658731	
2.45142501336027e-06	2.20628251202424e-05	0.000121345538161333	0.000607953403313346	0.00268553610213617	0.00993685129165584	0.0295641856611248	0.0735562332383815	0.146797458362546	0.228889553497448	0.256612718973539	0.185803307462628	0.0654003422189319	
8.60321834107828e-06	2.08935302569044e-05	0.000163461148480487	0.000850489584575167	0.00330240681178248	0.0114299900817183	0.0334173580991312	0.0800762982563735	0.153955821244787	0.231851818167293	0.249859583186362	0.175402415537904	0.0596608611329947	
3.70067006799364e-06	2.71382471652867e-05	0.000185033503399682	0.00112006947391274	0.00410280954871562	0.0134827746143902	0.0365441169214372	0.0860849871216682	0.160749706413508	0.232046815943474	0.244209684900279	0.166139115589196	0.0553040470527864	
2.45685154474541e-06	4.66801793501628e-05	0.000280081076100977	0.00144217185676555	0.00452060684233155	0.0150875253362816	0.041114182175542	0.0922191511577913	0.166113875069099	0.232435354093729	0.237438732264603	0.157826914808673	0.0514722682881887	
1.22617691525769e-05	8.09276764070074e-05	0.000375210136068852	0.00159402998983499	0.00526029896645548	0.0172474044900146	0.0456284953705691	0.0977312048536987	0.171342283607363	0.233601416479572	0.230730936320954	0.149741951068184	0.0466535792717245	
1.10060912600629e-05	0.000123512801918484	0.000450026842633684	0.00191383698022205	0.00632238797939171	0.0197155781438594	0.0498722681964318	0.104282714689096	0.177176057104493	0.232606401387257	0.224283350596591	0.139971799948394	0.0432710592384519	
1.34385285055623e-05	2.07686349631418e-05	0.00012827686300764	0.000548536299908862	0.00216238140498594	0.00768561662077206	0.0224960967183113	0.0549012756828605	0.109641289023654	0.181373710817527	0.232734545081376	0.216071991418889	0.132782435110233	0.0394396377950062	
9.76682916228685e-06	4.76132921661484e-05	0.000168477803049448	0.000737395601752658	0.00264681070297974	0.00886706002571118	0.0246295014399969	0.0591149543583865	0.115310847650894	0.185343896159072	0.230169979453033	0.211523881728582	0.125224179250616	0.0362056357045974	
8.55138343059514e-06	5.37515529923123e-05	0.00019912507131243	0.000919884531891163	0.00328861774216602	0.00984508558102375	0.027076123193673	0.0634463785501985	0.120999632290512	0.18839797161185	0.229227162614329	0.205306499906546	0.118525839226662	0.0327053767434133	
4.8879259674733e-06	6.47650190690212e-05	0.000274945835670373	0.00120242978799843	0.00372826553169026	0.0116491495619807	0.0297748010308636	0.0682293365984679	0.125965518126262	0.191560262628262	0.22840789253406	0.198183402314189	0.111021906462205	0.0299324366433146	
1.34383807484201e-05	8.7960310353295e-05	0.000333516176756244	0.00132184799725368	0.00450552256365211	0.0127615750270906	0.0326894720060204	0.0724292072210528	0.130715129539882	0.195043436511592	0.22612518951171	0.190789578169228	0.105231072956969	0.0279530536276909	
2.44248855388801e-06	3.05311069236002e-05	0.000129451893356065	0.000449417893915395	0.00150090921636418	0.0049313843902999	0.0142250533378438	0.03577024487169	0.0763070061562924	0.135902505626883	0.198574319431096	0.222745186160371	0.183416235465667	0.0997304713880785	0.0262848405726659	
2.44160892261565e-06	6.10402230653912e-06	3.29617204553112e-05	0.000106209988133781	0.000507854655904055	0.00162733234692333	0.00566087028708438	0.0157886640980941	0.0387275799260681	0.0800493693324153	0.141479029020964	0.200869945259128	0.219109984715528	0.177252262150667	0.0947600630911746	0.0240193277762314	
3.65106081572001e-06	7.30212163144002e-06	5.23318716919868e-05	0.000101012682568254	0.000547659122358001	0.00206406638115371	0.00628347566385413	0.0176662662669972	0.0416318294613833	0.0854287379864886	0.146796985197382	0.200786438499706	0.216523727635731	0.171033943912404	0.0886757480719356	0.0223968240638984	
8.50756626482595e-06	1.21536660926085e-06	1.09382994833477e-05	4.13224647148689e-05	0.000115459827879781	0.000681820667795337	0.00241128735277353	0.00718403202734089	0.0200231648875725	0.0454474189867002	0.0903345539665312	0.151297343087056	0.201865101598572	0.212071750383144	0.164661514322488	0.0834677326242074	0.0203768365708674	
1.21545819735395e-06	2.43091639470789e-06	1.58009565656013e-05	5.83419934729895e-05	0.000160440482050721	0.000844743447160993	0.00260594237512686	0.00830765677891423	0.0218515074720293	0.0492600898223608	0.0961269424541316	0.15466705561329	0.202522075759509	0.208104675259956	0.158292767415997	0.0784736275957629	0.0187046861990799	
6.09980004855441e-06	1.21996000971088e-05	5.36782404272788e-05	0.000278150882214081	0.000907650247224896	0.00304380022422865	0.00928023579387068	0.0241796073924697	0.052993842861831	0.100474686439778	0.158580161742298	0.203127001496891	0.204614132748728	0.151494634005897	0.073513570225168	0.0174405482988268	
1.22062862374123e-06	4.02807445834605e-05	9.52090326518157e-05	0.000273420811718035	0.00109490387549588	0.00356545620994812	0.010155630149527	0.026150747635032	0.0569350015257858	0.10464937442783	0.161652731156546	0.203204150137321	0.201286542569423	0.145850472993592	0.0685675923100397	0.0164772657918828	
7.32420086865022e-06	4.27245050671263e-05	8.54490101342526e-05	0.000325926938654935	0.00126342464984216	0.0039758203715323	0.0117211627901299	0.0288976345272595	0.0606114242885149	0.109051247433478	0.164663904629139	0.204240224022891	0.196052988151884	0.139458888039824	0.0649046266976887	0.0146972297430914	
8.54888742336533e-06	4.7629515644464e-05	0.000105029188344203	0.000416452944481083	0.0015571187806844	0.00490217630248406	0.0131567377445592	0.0312351921057131	0.0639688820497789	0.113657458293642	0.16929117510564	0.204240248161989	0.190759873964974	0.132723919787011	0.0602891966488361	0.0136403605187953	
2.45157225457617e-06	7.3547167637285e-06	5.8837734109828e-05	0.000142191190765418	0.00047928237576964	0.00183990497705941	0.00541797468261333	0.014428728504308	0.0337458920842409	0.0683976401165477	0.119381762508841	0.172390883583414	0.201830589002492	0.185799758029818	0.126867638388189	0.0565418366934174	0.012667273839395	
6.14225713208187e-06	1.47414171169965e-05	3.9310445645324e-05	0.000206379839637951	0.000619139518913852	0.00206379839637951	0.00611154584642146	0.0158015706979938	0.0364788651074342	0.0733704898941443	0.122757922590362	0.173850445866445	0.200886204859017	0.18045091538058	0.12191520491184	0.053823370797007	0.0116039521739291	
4.91214023177934e-06	2.08765959850622e-05	8.10503138243591e-05	0.000230870590893629	0.00070366408820239	0.00238238801241298	0.00684138330781067	0.0175473929429737	0.0398116685435136	0.0769179758543747	0.126438489566	0.176184961728287	0.199166409802667	0.176333553970299	0.11654912324437	0.04986436352785	0.0109209157703034	
1.2279053776116e-06	7.36743226566961e-06	1.71906752865624e-05	0.000115423105495491	0.000260315940053659	0.000947942951516156	0.00297521472995291	0.00795191522541273	0.0193530166565364	0.0428268837603374	0.0813008429570417	0.131045745614843	0.176628049042541	0.197507352083448	0.17218671529172	0.110317474935381	0.0471159572443348	0.0094413644484556	
3.68202521205397e-06	1.35007591108646e-05	2.82288599590804e-05	0.000121506831997781	0.000304380750863128	0.0011573832583223	0.00347337711670424	0.0089510032905032	0.0211520075015127	0.04571234300765	0.0853088421380784	0.133949622531049	0.17891083239544	0.195629681541639	0.167416777025145	0.105973594969863	0.0432822063676944	0.00861102962925688	
1.22658901540473e-06	1.96254242464757e-05	3.1891314400523e-05	0.000103033477293997	0.000367976704621419	0.00131858319156009	0.00368957975833743	0.010100960541858	0.0237847875977131	0.0491555547923446	0.0884223489424963	0.13751412110604	0.179988445531475	0.194265941670786	0.162308391463431	0.100450280827555	0.0401290862279812	0.0083481648388446	
2.45854886611726e-06	1.10634698975277e-05	3.81075074248176e-05	0.000127844541038098	0.000394597093011821	0.00138785083492319	0.00430246051570521	0.0111691874987707	0.0258651633459867	0.0519319276989949	0.0938551029640265	0.13999100171115	0.180973782034892	0.190101144700352	0.157885549633185	0.0955097063509234	0.0387971303817635	0.00765592116908916	
4.93144064641324e-06	2.21914829088596e-05	4.31501056561158e-05	0.000136847477937967	0.000486979763833307	0.00170504560349738	0.00456404831825545	0.0124802434159103	0.0275630546329652	0.0559915770993759	0.0973503369406822	0.143691084695027	0.182156321737051	0.187314608653199	0.151862481846134	0.0918431505988002	0.0358639021010403	0.00692004408707938	
6.19108409597171e-06	1.11439513727491e-05	6.31490577789114e-05	0.00015106245194171	0.000627775927331531	0.0018387519765036	0.00517946095468993	0.0132835900363169	0.0297209183111218	0.058514412224667	0.100402049001192	0.147766318769014	0.182671650902103	0.184340767174377	0.148083302274728	0.0876917533521625	0.0332671712812944	0.00638053126930844	
6.20902817532805e-06	4.96722254026244e-06	4.96722254026244e-06	6.33320873883461e-05	0.000189996262165038	0.000761226854295219	0.00210734416270634	0.00571603133820701	0.0144235724512871	0.0320659051086642	0.0619338142432623	0.103610053161699	0.150083387248395	0.180962126169936	0.183081888388993	0.144444347859562	0.083222088245192	0.0314921909052639	0.00582655203972785	
3.72396020824385e-06	1.11718806247316e-05	1.24132006941462e-06	1.24132006941462e-05	7.44792041648771e-05	0.000291710216312435	0.00091112893095033	0.0022927181682088	0.00659016824852221	0.0159981330546156	0.0347656511840952	0.0645622981303237	0.106328994505917	0.152023227581139	0.182670178774916	0.181384171183003	0.138948403289995	0.0788523747694248	0.0291449539097858	0.00513285848702945	
2.48362669103932e-06	2.48362669103932e-06	7.45088007311797e-06	2.73198936014326e-05	0.00010927957440573	0.000409798404021488	0.000897831048810715	0.00268355863966799	0.00762473394149072	0.0176498930798709	0.0365502921986802	0.0683779682443491	0.109858259424742	0.155143466695808	0.183181128410951	0.177019250590482	0.133842642380109	0.0745771004651833	0.0271224452794949	0.00491261359487578	
2.48358968118159e-06	0	3.72538452177239e-06	1.86269226088619e-05	0.000137839227305578	0.000361362298611922	0.00106297638354572	0.00321500684228957	0.00829643132998711	0.0187324751703122	0.0384298249317634	0.0718254135797717	0.115177713259637	0.156242626843134	0.182882851558328	0.173425342052389	0.129051045218717	0.0709213869358216	0.0255350273070685	0.00467784116450553	
2.49007084251547e-06	2.86358146889279e-05	0.000144424108865897	0.000449457787074042	0.00129981697979308	0.00364297364260013	0.00887087737646136	0.0200836663803085	0.0412343281166349	0.0752711064629789	0.117780350850982	0.159501487817328	0.182403914391364	0.169738169050909	0.124139991782766	0.067209502110335	0.0238274878920305	0.00437131936403591	
3.73699525650735e-05	0.000166919121457329	0.000533144656595049	0.00147735879140591	0.00408827281061905	0.00999397098098617	0.0224331825248136	0.0441750209271734	0.0789452704588034	0.121656634910511	0.160979790329653	0.180272651173915	0.165467921632718	0.119192709371388	0.0639661478056364	0.0224967114441743	0.0041169231075856	
4.99403213160273e-06	5.24373373818287e-05	0.000166051568375791	0.000650472685141256	0.00170046794081073	0.0045570543200875	0.0113726596716923	0.0238490004444689	0.0470812379206848	0.0823241226734053	0.124337666488546	0.162811690030414	0.178001038758683	0.161252303497321	0.115781640939078	0.0615214818292141	0.0209162550751852	0.00361942478737908	
1.36981866091509e-05	7.72079608879414e-05	0.000222906854821637	0.000688645199532767	0.00196382184387554	0.00506832904538583	0.012096744065572	0.0255782502683599	0.0498775880233019	0.0846149439744168	0.127650910431294	0.163401932191486	0.176822419199378	0.159207796509702	0.111543088268624	0.0582285006961169	0.0197029735027259	0.00324024377791006	
2.47964213804664e-06	3.0995526725583e-05	7.56290852104224e-05	0.000247964213804664	0.000746372283552038	0.00217216651292885	0.00573045298102578	0.0131545015423374	0.0276752859027385	0.0527258706023547	0.0877458565179873	0.129560061891868	0.16489744200117	0.175661568522431	0.155329742811517	0.107757808393093	0.0552352684460579	0.018184455619365	0.00306607750369467	
9.92096709587251e-06	2.97629012876175e-05	7.68874949930119e-05	0.000295148771102207	0.000811039060087577	0.00241079500429702	0.00651931550287522	0.0142142656066113	0.029723217419234	0.055251105877801	0.0911798882155032	0.132195646431614	0.165389962213517	0.175518029497515	0.151639501818637	0.103189218885057	0.0520044693956767	0.0168631638212093	0.00267866111588558	
1.11575872833259e-05	3.09932980092385e-05	0.000117774532435106	0.00034960440154421	0.00101286097894191	0.00290097269366472	0.00685695725156392	0.0152239079821379	0.031672671101601	0.0585488194032922	0.0951035548073085	0.135526253802878	0.164928975758282	0.17367652418841	0.147514461472851	0.0997922209301461	0.0488256019518339	0.0154458199958841	0.00246086786193354	
1.36256489215299e-05	4.33543374775951e-05	0.000153598224206337	0.000413724249071907	0.00119038623759911	0.00325653009224564	0.00759444123071816	0.0164523517250691	0.0338101897557417	0.0616932222306178	0.0985394543051476	0.137519958478932	0.166144969472353	0.171086125249442	0.144441788131069	0.0950921651280006	0.0458317281906005	0.0144927356710818	0.00222965164170489	
1.48637551047709e-05	4.45912653143127e-05	0.000156069428600094	0.000466969639541552	0.00138852245603735	0.00354872153126405	0.00795210898105243	0.0174450939079661	0.0356593871426041	0.0646387550118724	0.101966598664987	0.140090891862466	0.167316336629371	0.16903557763649	0.140526895345539	0.0906862471867247	0.043144526484115	0.0137477348256543	0.00217010824529655	
1.8507436905063e-05	4.68855068261596e-05	0.000171502248653584	0.000623083709137122	0.00152377897185019	0.00352875130323202	0.00857264477442519	0.0191712369753913	0.0379464148010142	0.0671844636236328	0.105097565038218	0.142165493500805	0.167732900670586	0.166692782716522	0.135898875364751	0.087234186937451	0.0414801014207542	0.0129798824160842	0.00193094258376157	
1.84557007814144e-05	7.99747033861289e-05	0.000265762091252367	0.000709929290058406	0.00158842064725373	0.00391014780555566	0.00981228091545197	0.0206494684142985	0.0404142935711412	0.0706041289093788	0.107226391159965	0.144986754958739	0.166758329980548	0.164836476339176	0.132157582155552	0.0826913825411531	0.039629311097905	0.0118953143436476	0.00176559537475531	
3.69634296148534e-05	7.76232021911921e-05	0.000290778979636847	0.000659181161464885	0.00166951490427088	0.00447257498339726	0.0103867237217738	0.022304965543923	0.0426693510330663	0.0726257465072639	0.110545296834822	0.146470054077498	0.167218859234635	0.163253915351282	0.127348871937734	0.0798102051100709	0.0373601704260528	0.0111136711708659	0.00168553239043731	
4.93215208290948e-06	2.95929124974569e-05	7.39822812436421e-05	0.000258937984352748	0.000723793318166966	0.00191737412223106	0.00508998094956258	0.0116719379042053	0.023812430256287	0.044119333419646	0.0764039679163507	0.113078217766845	0.148822756949711	0.167613023347575	0.15914575125924	0.123433271064913	0.0766900327371594	0.0350910290318802	0.0104586284918095	0.00156102613424085	
3.69800147673526e-06	2.34206760193233e-05	6.90293608990581e-05	0.000303236121092291	0.000829584997947609	0.00215470219377774	0.00548290352283947	0.0127026350725856	0.0252326967429236	0.0471963601804132	0.0790114995519255	0.11576223822772	0.150307735356222	0.166396507114339	0.155720376851004	0.120491982116465	0.0736506300778183	0.0332548946131212	0.0098909212831079	0.00151494793830254	
9.87651882341031e-06	1.97530376468206e-05	0.000106172577351661	0.000356789242495698	0.00101234317939956	0.00221974760556147	0.00602344191742736	0.0131333009054299	0.0271357354673198	0.0499850617652796	0.0820726368576868	0.118007116031812	0.150494690136568	0.165252678388448	0.154649000866665	0.117914523667843	0.0699356297885684	0.0312073303522707	0.00910491579033138	0.00135925590307184	
4.9442229844566e-06	3.70816723834245e-05	0.000106300794165817	0.000447452180093322	0.00106795216464263	0.00253020611229566	0.0063422020333117	0.014358023546862	0.0289385371280245	0.0527783443033281	0.0845326164210006	0.120618027873057	0.151734495225735	0.165600568585643	0.152248694416118	0.113301813911807	0.0660931368004697	0.0296603936837551	0.00844102469021353	0.00115818423410896	
1.2361336705506e-06	3.7084010116518e-06	5.80982825158781e-05	0.000158225109830477	0.000395562774576192	0.0011434236452593	0.0027924259617738	0.00730431385928349	0.015758232032179	0.0310726920766304	0.0556606269175524	0.0874490403894315	0.122638057588995	0.152944346789884	0.164499724342191	0.148361999273153	0.108758748736053	0.0639723897183346	0.0281517082131193	0.00785933787736071	0.00101610187719259	
1.23528924915414e-06	1.97646279864662e-05	5.68233054610902e-05	0.000137117106656109	0.000465704046931109	0.00125628916638976	0.0033612220469484	0.00797626268178825	0.0170618151093169	0.0329995170019036	0.0578609484303797	0.0904293494843285	0.125832739365086	0.154145568955699	0.16265794717162	0.144302784218439	0.105297290887148	0.0613852286582165	0.0264401310888951	0.00739444144543666	0.000917819912121523	
3.70017711514458e-06	1.23339237171486e-05	5.67360490988835e-05	0.00017514171678351	0.000563660313873691	0.00142333479695895	0.00385065098449379	0.00857577716053342	0.018487318259634	0.0350419106727909	0.0606915384349731	0.0937106856181516	0.128213603824503	0.154400990660753	0.160538351102406	0.14097058112515	0.101872042941789	0.0583234250812806	0.0251821720533023	0.00699826831711011	0.000907776785582137	
2.46875786916571e-06	4.93751573833142e-06	2.09844418879085e-05	6.7890841402057e-05	0.000249344544785737	0.000643111424917667	0.00151334857379858	0.00419071648290879	0.00930474840888555	0.0198920165308027	0.0375621509793562	0.0634260927956708	0.0965568233998746	0.129256755755909	0.154867649890634	0.158469567621747	0.13832326903042	0.0979973436165328	0.0562666949750902	0.0238309197110566	0.00651752077459747	0.00103564392611501	
2.46551970689902e-06	7.39655912069705e-06	3.45172758965862e-05	7.7663870767319e-05	0.000265043368491644	0.000770474908405943	0.00170860515688102	0.00469804780149608	0.0102984758157172	0.0211036159312021	0.0391721771032116	0.0658145830559624	0.0981067274170722	0.132527848045089	0.155804819597923	0.156959915580605	0.135091988540264	0.0941717579648614	0.0540343298963989	0.0221748842438498	0.00622543725992002	0.000949225087156122	
7.4006919646987e-06	2.34355245548792e-05	0.000107310033488131	0.000283693191980117	0.000844912332636435	0.00201052131707648	0.00515704885073421	0.0111701110720519	0.0217913374900553	0.0411268786964915	0.0681307702270162	0.102254127427581	0.13537592431559	0.155118503580085	0.154723800008634	0.131105725051959	0.0919116604069147	0.0517012340653851	0.0205689898672193	0.00572566868335523	0.000860947165226615	
7.40102972993643e-06	4.93401981995762e-05	0.000139386059913803	0.00028987366442251	0.000874555013087488	0.00238929909781448	0.00558407693123703	0.0120599779449314	0.0234760663033583	0.0431332012660695	0.0711633678632487	0.104947835075453	0.136790765488505	0.155025669238113	0.152678309308768	0.128066184941865	0.0889714788984307	0.0489097049702849	0.0192698144068445	0.00540768572267355	0.00076600657704842	
9.87231395932853e-06	5.79998445110551e-05	0.000119701806756858	0.000352935224045995	0.000941571943870959	0.00274697135918316	0.00636270634678724	0.0131363477621315	0.0250115074159588	0.0456335372377512	0.073763461825613	0.107071415085143	0.137070909129052	0.155280392227034	0.150972361223032	0.125605450504537	0.0861001521570389	0.0462406845462499	0.0180046325833254	0.00489543368458204	0.000621955779437698	
4.95661106588203e-06	6.69142493894075e-05	0.000117719512814698	0.000394050579737622	0.00112515071195522	0.00288970425140923	0.00645722506607782	0.0141622769679914	0.0268834192685777	0.0474558334975211	0.0763801373724757	0.109900458858269	0.139286966715118	0.155355060637941	0.14973798114753	0.122239942106783	0.0821892855416894	0.0435450673665402	0.0170457854555683	0.00426268551665855	0.000499378564887615	
1.48640312739218e-05	5.69787865500336e-05	0.000152356320557698	0.000403806182941542	0.00128202269737576	0.00315612930716273	0.00691425188091929	0.0148863273208327	0.0281760099489916	0.0505191262922417	0.0794470084898392	0.112162741323741	0.141063372797336	0.156141693855457	0.147204695052012	0.118362281034239	0.0781922365164656	0.0414396805224212	0.0159453895490996	0.00393896828758928	0.000540059802952492	
1.73951291153459e-05	8.44906271316799e-05	0.000130463468365094	0.000526823910350475	0.00148107099324945	0.00338335261293477	0.00762155157096654	0.0162147453539474	0.0307123429623656	0.0529855632853435	0.0822193202729047	0.114618990759459	0.141662203987709	0.154821619163468	0.144570918077639	0.115173149872705	0.0758402779244629	0.0390172746057208	0.0147610095635935	0.00368403984478575	0.000473396013781912	
2.48077400148846e-06	1.98461920119077e-05	6.9461672041677e-05	0.000177375341106425	0.000642520466385512	0.00159513768295708	0.00379558422227735	0.00859340114115604	0.0172091292483255	0.033011659637807	0.055329942942198	0.0848871247829323	0.116673282064004	0.142351773753411	0.154419498883652	0.142004465393203	0.112484495162491	0.0718134457950881	0.0370739270652444	0.0138848920863309	0.00350285289010171	0.000457702803274622	
6.19363022293353e-06	2.22970688025607e-05	8.54720970764827e-05	0.000281190812121182	0.000661479707809301	0.00181597238136411	0.0043702254853019	0.00912693349651485	0.0187914740963803	0.0345220561365869	0.0578720420770463	0.0881477453327899	0.118652612906782	0.143472966662166	0.15207839649391	0.139972326860164	0.109482323998707	0.0685944547189888	0.0351426578849248	0.0132481750468548	0.00317113867414197	0.000481864431344228	
1.23756096534706e-06	1.23756096534706e-05	0.000106430243019847	0.000275976095272393	0.000780900969133992	0.00198999803227806	0.00458392581564549	0.0100873594285438	0.0199111183714688	0.0364548333562282	0.0598261721868074	0.0907280694915233	0.120628779975274	0.14361771246756	0.150968824601722	0.138182344707756	0.105436481564673	0.0665411779847805	0.0338114031342469	0.0125265920912429	0.00309761509626368	0.000430671215940775	
1.97720773780248e-05	9.88603868901241e-05	0.000337361070262548	0.000815598191843524	0.00217740002125498	0.00509130992484139	0.0110118113447237	0.0213773229101532	0.0381786456621298	0.0621003877798676	0.0933464488113274	0.12197888836438	0.143683686306106	0.149924248228545	0.135572191561772	0.10331528307436	0.0638242657762641	0.0317885574045194	0.0120251303103475	0.00303130661301843	0.000301524180014879	
1.73206661528202e-05	3.21669514266662e-05	0.000106398377795896	0.000334041418661533	0.000888302735551781	0.00241004697612099	0.00563045369010606	0.0114848388497593	0.0223894353833991	0.0397830957721491	0.0655550098171061	0.0943085528212272	0.123477791813016	0.144544670616603	0.149466214184883	0.133106845003545	0.0994367071929015	0.0617667326913965	0.0305845848545621	0.0115813397040393	0.00278986444104355	0.000305586038553328	
4.94499924588761e-06	2.22524966064943e-05	2.84337456638538e-05	0.000118679981901303	0.000451231181187245	0.00104833984012817	0.0025652183588042	0.00591421909808159	0.0121696431441294	0.0237805013734735	0.0420671085847659	0.0670714972715967	0.0958291403860561	0.124563294754098	0.146067860224651	0.148989118529159	0.130069551414393	0.0959725453641868	0.0596985033959782	0.0296069467349406	0.0109803708254934	0.00266164584409901	0.000318952451359751	
1.23348669684597e-06	1.97357871495356e-05	1.23348669684597e-05	3.08371674211494e-05	0.000141850970137287	0.000502029085616312	0.00114590914136991	0.00275437579405706	0.00617113394432041	0.0129306410430364	0.0252038336766538	0.0433693922611045	0.0687668833491631	0.0987060724550086	0.126461990107437	0.146377866314712	0.146403769535346	0.127161377064548	0.0938757385501597	0.0579220683104933	0.0286551294544288	0.0104056937745926	0.00264829593812831	0.000331807921451567	
6.16941205503116e-06	3.45487075081745e-05	1.23388241100623e-06	3.57825899191807e-05	0.00019001789129496	0.000655191560244309	0.00116601887840089	0.00285643778147942	0.00677648220124622	0.0136269973471528	0.0265186007773459	0.0456166327349004	0.0706397680301067	0.101194398173854	0.127536553766426	0.146365599358381	0.144403726324881	0.125345178604479	0.0909075205132951	0.0560922944043433	0.0271614535134802	0.0101486828305263	0.00238632858288605	0.000334382133382689	
