# <P(N_2)> as a function of N_tot.
# number_of_species: 2
# species_total_upper_bound: 100
# species_total_lower_bound: 0
# volume: 512
# Bin widths for each species index 
1	1	1	1	1	1	1	1	1	1	1	1	1	1	1	1	1	1	1	1	1	1	1	1	1	1	1	1	1	1	1	1	1	1	1	1	1	1	1	1	1	1	1	1	1	1	1	1	1	1	1	1	1	1	1	1	1	1	1	1	1	1	1	1	1	1	1	1	1	1	1	1	1	1	1	1	1	1	1	1	1	1	1	1	1	1	1	1	1	1	1	1	1	1	1	1	1	1	1	1	1	
# Bin lower bound for each species index 
0	0	0	0	0	0	1	2	2	2	3	4	4	5	6	7	8	9	10	10	11	12	12	13	13	15	15	16	17	18	19	20	20	21	22	23	24	25	26	26	27	28	29	30	30	30	31	31	32	34	35	36	37	37	38	39	39	40	41	42	43	44	44	44	45	46	49	51	51	52	52	53	54	55	56	57	58	59	59	60	61	62	62	63	64	64	65	67	68	69	70	71	71	72	73	73	75	76	76	76	77	
# Bin upper bound for each species index 
0	1	2	3	4	5	6	7	8	9	10	11	12	13	14	15	16	17	18	19	20	21	22	23	24	25	26	27	28	29	30	31	32	33	34	35	36	37	38	39	40	41	42	43	44	45	46	47	48	49	50	51	52	53	54	55	56	57	58	59	60	61	62	63	64	65	66	67	68	69	70	71	72	73	74	75	76	77	78	79	80	81	82	83	84	85	86	87	88	89	90	91	92	93	94	95	96	97	98	99	100	
# Normalized histogram for each species index 
1	
0.0790431045141443	0.920956895485856	
0.0063812199323169	0.145728474528621	0.847890305539063	
0.000441082416249476	0.0172316197281462	0.201684934830073	0.780642363025531	
8.12968644749595e-05	0.00185926984857667	0.0317775717787965	0.247694653200246	0.718587208307906	
2.11679411531236e-06	0.000178869102743894	0.00403990156907364	0.0494578361072156	0.285857169317069	0.660464107109782	
9.49176852740484e-06	0.000473533785422753	0.00785496577690125	0.0677406426981934	0.315233233845537	0.608688132125418	
4.43575599539949e-05	0.00104557105605845	0.0121930483254493	0.0868468217280227	0.338859017944745	0.56101118338577	
1.05708133500916e-06	0.000133192248211154	0.00194820090042188	0.0179703826951557	0.106699675793155	0.356307234347532	0.516940256934189	
1.06031158316183e-06	1.90856084969129e-05	0.000276741323205237	0.00326363905297211	0.0254442970611344	0.12713029850952	0.369449666478992	0.474415211654097	
7.44279415251561e-06	5.84790969126227e-05	0.000575221662358707	0.00505046746063559	0.0335382937075428	0.146273233479389	0.37772499300909	0.436771868789919	
7.44478891364577e-06	0.00011486245752482	0.000904010082371272	0.00718209421912141	0.0432957016979436	0.164541533945579	0.380880718528484	0.403073634280062	
6.3642313228373e-06	2.12141044094577e-05	9.54634698425595e-05	0.00136406691352813	0.0100141179864845	0.0522450356343919	0.180288066323776	0.3842351625902	0.371730508746045	
6.36097920913945e-06	2.33235904335113e-05	0.000187648886669614	0.00202173122530482	0.013273243283071	0.062788165610214	0.196574400663238	0.383540542231071	0.341584583530789	
3.18299010090079e-06	2.33419274066058e-05	0.000345884924297885	0.00296548577733923	0.017346235053209	0.0731419295285992	0.212065654475815	0.379524885677606	0.314583399645627	
2.11755164443767e-06	6.45853251553489e-05	0.000565386289064857	0.00397358566078728	0.0212041033915766	0.0844341954944854	0.225860175947366	0.373620812144582	0.290275038195338	
1.05524859546412e-06	0.000126629831455694	0.000865303848280578	0.00527940872310699	0.0266291983065371	0.0956899426366864	0.237811878722389	0.367462886906898	0.266133695776051	
3.16376268405189e-06	0.000145533083466387	0.00131823445168829	0.00712162980180081	0.0318306163642461	0.108227048483609	0.247814367279101	0.359049099487681	0.244490307285724	
1.47796252309316e-05	0.000247030878859857	0.00172499340195302	0.0091887041435735	0.0380047505938242	0.118971760358934	0.2568192135128	0.349690155713909	0.225338611770916	
1.05302286007327e-06	5.89692801641031e-05	0.000369611023885718	0.00216080290887035	0.0112884050599854	0.0445028521124165	0.129797703778351	0.264951081823035	0.338837483822936	0.208032037167495	
6.33858837524021e-06	8.3458080273996e-05	0.000518707815373824	0.00296645935961242	0.0143421126303768	0.0514376446650743	0.14088886024786	0.271254607361425	0.328682218041102	0.189819593210527	
1.16462627672156e-05	8.68175951737887e-05	0.000646896959160791	0.00394278932228279	0.0170988312445938	0.0592858299920911	0.150469714952425	0.275084726561632	0.319284411265536	0.174088335844338	
1.05754303142595e-06	3.27838339742044e-05	0.000196703003845226	0.000966594330723317	0.00491334492400496	0.0206749662643773	0.0657178390588713	0.159845514113969	0.278821220235451	0.307497557075597	0.161332419616154	
9.54269294794991e-06	5.3014960821944e-05	0.000210999544071337	0.00135718299704177	0.00611368528198658	0.0239415563071899	0.0733440776987266	0.170120768080752	0.280620911221147	0.294846945808107	0.149381315407208	
1.05827608941586e-06	1.37575891624062e-05	4.12727674872187e-05	0.000323832483361254	0.00168371725826064	0.00771059958748398	0.0275638590249256	0.0807348245854468	0.178965069481117	0.28106648831187	0.284904855688181	0.136990664946615	
8.45741059459825e-06	5.8144697837863e-05	0.000427099235027212	0.00221161287048744	0.00940146905222028	0.0323199945872572	0.0888746992333357	0.187787287666135	0.282013413453203	0.271393020099036	0.125504801694865	
4.22481954739508e-06	8.44963909479016e-06	8.23839811742041e-05	0.000577744073106277	0.00286020283358647	0.0112147834885602	0.0369777330885755	0.0971518379021236	0.194784249027763	0.281374038061399	0.260362954247317	0.114601398837752	
6.36156596307747e-06	1.06026099384625e-05	0.000121930014292318	0.000792014962403145	0.00342252248813568	0.0135967869850842	0.0415696527857297	0.104773931150892	0.201792053131799	0.279186864638599	0.248879304129505	0.105847975537658	
4.25555003516148e-06	1.38305376142748e-05	0.00020107473916138	0.00102984310850908	0.00427895556035487	0.0157497906801326	0.0464748619339985	0.112327370953105	0.207251670037417	0.277094821101996	0.237607572325733	0.0979659534719437	
4.26168447340496e-06	2.34392646037273e-05	0.000285532859718132	0.00127637449978478	0.00513319894821627	0.0180919160107224	0.0516207186052359	0.119362324152244	0.213754373553691	0.273325264544064	0.226149482844589	0.0909731130326573	
2.12585485938533e-06	4.14541697580139e-05	0.000353954834087658	0.00156888088622637	0.00623406937514748	0.0206144145714595	0.056979287796105	0.126834878475507	0.217571678511221	0.268966345591721	0.216457730564903	0.0843751793690038	
3.1891314400523e-06	7.54761107479045e-05	0.000493252329394756	0.00202935063968661	0.00751253062894987	0.0230988790202988	0.0626696219284678	0.134006240067184	0.221678652485662	0.264672396472821	0.20671949994419	0.0770409112411568	
1.06466906359162e-06	7.45268344514133e-06	0.000122436942313036	0.000533399200859401	0.00235185396147389	0.0084854124368252	0.0260950387486306	0.0678183546817225	0.141129337062514	0.224254438871493	0.262282288484859	0.19603325600287	0.07088566625393	
2.130313401056e-06	1.9172820609504e-05	0.00011716723705808	0.000613530259504127	0.00273212693685432	0.00993258623242358	0.0295304043654382	0.0734595970086139	0.146944757778041	0.228751987848692	0.256861473175626	0.185726048087564	0.0653090179361737	
7.48154996339384e-06	1.81694784825279e-05	0.000160318927787011	0.000876410138568993	0.00333890886937748	0.0113815750800259	0.0334959679789662	0.0799873882443474	0.153851662240083	0.231396858817808	0.25020547542578	0.175586633676594	0.0596931495722157	
3.21986528083665e-06	2.46856338197476e-05	0.000188898763142417	0.00114949190525868	0.00409030219508949	0.0134246916442349	0.0366012819356971	0.0860841715715948	0.160383636215327	0.231971974292596	0.244719420939428	0.166179393720833	0.0551788313176977	
2.13627969028217e-06	5.0202572721631e-05	0.000295874737104081	0.0013960587775994	0.00455454829968159	0.0150265913414448	0.0409428684041029	0.0921569695590825	0.166057292885014	0.232744467836707	0.237589550174267	0.157736483491365	0.0514469556412204	
1.17379909681495e-05	0.000108843188977386	0.000379884071332838	0.00157182369964402	0.0053546580616522	0.0171790833269308	0.0454409643079707	0.0976077974406911	0.171598757053465	0.233626569689519	0.230608838920617	0.149639110132234	0.046871932115997	
1.49012102975878e-05	0.000142625869991198	0.000454486914076428	0.00187648812533195	0.00633514312080305	0.0196695975928159	0.0498370978402824	0.10422438668215	0.176989125309599	0.23263237330512	0.224068434872664	0.140393881563052	0.0433614575938164	
1.16915182286712e-05	2.33830364573424e-05	0.000129669565808899	0.000544187030279969	0.00215230221936902	0.00761755555862605	0.0222765936867927	0.054596201532014	0.10967069244611	0.181230224062633	0.232670778538199	0.216452517024445	0.133223787350415	0.039400416430622	
8.49874909036826e-06	5.31171818148016e-05	0.000164663263625885	0.000726643047226486	0.00261230300165194	0.00875052453217042	0.0244933948784413	0.059011064308972	0.115057127529042	0.185199428459124	0.230355407063523	0.211923744973787	0.125401167515656	0.0362429154958755	
7.43879202518988e-06	4.99461750262749e-05	0.000207223492130289	0.000895843096747866	0.00325075211500798	0.00971825043862306	0.026994313574839	0.0631670338241873	0.120637015641654	0.188727467101942	0.229858673578367	0.205152319893562	0.118425569041023	0.032908153234865	
4.25254142506916e-06	5.84724445947009e-05	0.000274288921916961	0.00122579506577618	0.00377519365010514	0.0114499677869987	0.0297114438016019	0.0679056446108606	0.126299417189198	0.191921447054796	0.228582606680317	0.197573074608713	0.11097006848718	0.0302483271565169	
1.16895924370462e-05	8.18271470593236e-05	0.00034006087089589	0.00134642851070342	0.00447711390338871	0.0126832077941952	0.03255976569806	0.0724542193052556	0.13119229592097	0.194993028752147	0.225871618519715	0.190384141261286	0.10545606413548	0.0281485385884073	
2.12678849620102e-06	2.87116446987138e-05	0.000126543915523961	0.000444498795706014	0.00148662515884452	0.00494478325366738	0.0142080105488709	0.0357736459003493	0.0766143653928976	0.135738022193038	0.198350675521196	0.222786411948298	0.183541847222148	0.0996262169217927	0.0263275147944725	
2.12855175467164e-06	5.3213793866791e-06	3.08640004427388e-05	0.000109620415365589	0.000487438351819805	0.00167517023092658	0.00569600449550131	0.0158162038130876	0.0389759111797924	0.0801016596318031	0.140746227674153	0.200763937224752	0.219633548529916	0.177134884196142	0.0945864543223436	0.0242346260028139	
3.18294282161515e-06	6.3658856432303e-06	5.19880660863808e-05	0.0001050371131133	0.00055807597472319	0.002086949510039	0.00629692188209531	0.0175656004515535	0.0417559658958286	0.0850217076700434	0.146293356986135	0.200828838310749	0.216678832581452	0.171249750669479	0.0886598113151495	0.0228376147450887	
7.41835045559269e-06	1.05976435079896e-06	9.53787915719061e-06	4.23905740319583e-05	0.000123992429043478	0.000689906592370121	0.0024321591850836	0.00715552889659455	0.0200051716500319	0.0453409579845825	0.0901138822771369	0.150701669976664	0.201961411860459	0.212180719495213	0.164878137697302	0.0837934476889719	0.0205626076985522	
1.06025537310917e-06	2.12051074621833e-06	1.37833198504192e-05	5.83140455210042e-05	0.00019084596715965	0.000881072215053718	0.00265381919889225	0.00831240212517587	0.0219557682663446	0.0492159941643544	0.0956541192511628	0.154498292458722	0.202255375229678	0.208218251448044	0.158519841088925	0.0788904215469338	0.0186785189080642	
5.31929040665975e-06	1.06385808133195e-05	6.3831484879917e-05	0.00030000797893561	0.000944705976222772	0.00311178488789595	0.00926407617223862	0.0242038352083832	0.0526928907683715	0.100079257427059	0.158526556557355	0.202642623474029	0.204619271789143	0.152239155296683	0.0737828133726961	0.0175132317348866	
1.06442314651997e-06	3.51259638351592e-05	9.79269294798377e-05	0.000285265403267353	0.00113148180475073	0.00365416466200307	0.0101258573928445	0.0261049776684024	0.0567177873623169	0.104512515487357	0.161319714393981	0.203045101737564	0.201381408359554	0.146096334552453	0.0690374208601391	0.0164538529989058	
6.38915037078369e-06	3.83349022247022e-05	9.90318307471472e-05	0.00032904124409536	0.00128315436613239	0.00405072133507686	0.0117134423464368	0.0287330740758094	0.0604637245339115	0.109134142341751	0.164449276535206	0.20381602654479	0.196227845621089	0.139524136080384	0.0653492948507707	0.0147823642412032	
7.46333901257892e-06	4.37138427879623e-05	0.000111950085188684	0.000400887924104239	0.00159608835740438	0.00489595039225177	0.0129627536735621	0.0311711684816796	0.0639330943643261	0.113585622623726	0.168836721333848	0.204126586759184	0.191066809678458	0.13307666555072	0.0605490032177653	0.0136355203759817	
2.13842449436953e-06	6.41527348310859e-06	5.4529824606423e-05	0.00015717420033616	0.000486491572469068	0.0018454603386409	0.00539845263603587	0.0144204655777809	0.0335454650431748	0.0682189490071295	0.119189366042674	0.172058704029219	0.201949601611517	0.186342310439361	0.126901593981618	0.0568051082684322	0.0126177737290274	
5.3550792391075e-06	1.2852190173858e-05	4.0698602217217e-05	0.000217416217107765	0.000616905128345184	0.00210561715681707	0.00617012229929966	0.0159752723861055	0.0362667386389316	0.0731685896756214	0.122433176643715	0.173760540134712	0.201059663079835	0.1807232141614	0.1217520105645	0.0541409221232247	0.0115509059187549	
4.28345782132627e-06	1.92755601959682e-05	7.71022407838728e-05	0.000228094128985624	0.000721762642893476	0.00242657885578133	0.0069713276042085	0.0175718148475357	0.0395855754557867	0.0765261157069044	0.126203517789736	0.175966589028994	0.1993071506974	0.176659438331593	0.11664176906808	0.0502460311086124	0.0108435734746874	
1.06999363353788e-06	6.41996180122728e-06	2.24698663042955e-05	0.000109139350620864	0.000257868465682629	0.000958714295649941	0.00300454212297437	0.00807310196504331	0.019377584703371	0.0425750466784723	0.0807716794085075	0.130501773514448	0.176435530208595	0.197720913560564	0.172431614031897	0.11100434952412	0.0473247484177469	0.00942343393056811	
3.20579265360556e-06	1.38917681656241e-05	2.67149387800463e-05	0.000112202742876194	0.00033447103352618	0.00116370273325882	0.00346866765120121	0.00901575753949002	0.0210364113929597	0.045353417268109	0.0848840464797191	0.133583242680641	0.178635315439311	0.195677309185878	0.167865989318299	0.106485745977265	0.0436714447225173	0.00866846333534942	
1.06681232210905e-06	1.70689971537447e-05	2.88039326969442e-05	0.000101347170600359	0.000359515752550748	0.00130577828226147	0.00373170950273744	0.010037637138724	0.0235989553773742	0.048622105204764	0.0881528358005146	0.137247538863973	0.179985107299983	0.194222784550851	0.162935312768037	0.10078602731893	0.0404908616856488	0.00837554354087811	
2.13454005998058e-06	9.60543026991259e-06	3.52199109896795e-05	0.000113130623178971	0.000390620830976445	0.00140559462949721	0.00428188736032104	0.0110259666798297	0.0257767057643254	0.0515662187690107	0.0932057589890818	0.139943648142416	0.181021804326713	0.190728625249474	0.158299625388219	0.0956626145981195	0.0388753108423962	0.00765552792512034	
4.27707764392901e-06	1.92468493976805e-05	4.49093152612546e-05	0.000137935754016711	0.000504695161983623	0.00170976178816062	0.00449200079553644	0.0122709357604323	0.0275518649127797	0.0554106101465113	0.0968865013291019	0.143733332763056	0.182329681421872	0.187772262723771	0.152282141703859	0.0917818091610726	0.0360942582371169	0.00697377509842625	
5.35951061236696e-06	9.64711910226053e-06	6.96736379607705e-05	0.000160785318371009	0.000631350350136828	0.00181044268485756	0.00511297312419808	0.0132176250722194	0.0294869554871206	0.0582300109012446	0.099830532274437	0.147556974277565	0.182733586230774	0.184655506736369	0.148674968191305	0.0879088368682879	0.0335098041527632	0.00639496806267626	
5.37017704399679e-06	4.29614163519743e-06	6.44421245279614e-06	6.55161599367608e-05	0.000192252338175085	0.000757194963203547	0.00210940554288194	0.00572138662267418	0.014447924319169	0.0318462239063097	0.0615765980572847	0.103035438872349	0.150183445247823	0.181070555534075	0.183014559624002	0.1450420377459	0.0833999235286789	0.0317087473739834	0.00581267963242212	
3.2234529843265e-06	9.67035895297949e-06	5.37242164054416e-06	1.61172649216325e-05	7.41394186395094e-05	0.000277216956652079	0.000921907553517378	0.00233377996065238	0.00651567296565196	0.0158443459022928	0.0344092861233572	0.0642079599947995	0.106260053143995	0.151956797134135	0.182562408735987	0.181624383917548	0.139476661663151	0.0789960878025614	0.0293892953424328	0.00511561988612615	
2.15261154833043e-06	2.15261154833043e-06	8.61044619332174e-06	2.47550328058e-05	0.000100096436997365	0.000389622690247809	0.000923470354233756	0.00268968812963888	0.00759333723673561	0.0174996555821523	0.036291954399077	0.0681043241660783	0.109733678899241	0.154914842687148	0.183357299075238	0.177251416418399	0.13408294442818	0.0749022714357058	0.0272025521362517	0.00492517522258003	
2.15379611950553e-06	0	3.2306941792583e-06	1.8307267015797e-05	0.000136766053588601	0.000379068117032974	0.00107905185587227	0.00318223376656942	0.00818119455994176	0.0186206443511851	0.0382341887134622	0.0717020266144587	0.115004097597117	0.156599285155068	0.182708678613774	0.17361965898946	0.12906300176719	0.0712669597983185	0.0255364836909173	0.00466296859872948	
2.16031013412285e-06	3.13244969447814e-05	0.000147981244187416	0.000465546833903475	0.00132210980208319	0.00357747358210745	0.00880218364148357	0.0200552391301295	0.0410988201466203	0.0751820331326765	0.117951853168041	0.159456811619876	0.182141148183233	0.170065014533486	0.124155183718175	0.067364950912353	0.0238563048111187	0.00432386073344689	
3.8905543823853e-05	0.000180478494960651	0.000533870518027316	0.00147732995575575	0.00405482223408601	0.00994576999474775	0.0223490735077022	0.0441729221737824	0.0787869683719543	0.121476076332677	0.161247268506611	0.180315307818501	0.165495537750265	0.119454068763387	0.0640342022958594	0.0223566384745569	0.00408075926330191	
6.49012095422085e-06	6.05744622393946e-05	0.000167661457984039	0.00063495016668794	0.00171771867921712	0.00451928755778912	0.0112830752789129	0.0240015489755344	0.0471052978857349	0.0822666098420521	0.124357207603826	0.163090249458616	0.178057550065875	0.16119080739268	0.115823780235851	0.0614333215790032	0.0206905056020561	0.00359336363498694	
1.29425684311342e-05	7.98125053253276e-05	0.000224337852806326	0.000693505958434942	0.00199746972787171	0.0050432874986653	0.01205815958834	0.0257449257042645	0.0499065438704535	0.0847263671396816	0.127821884373251	0.163491602969457	0.176662823442874	0.159189277513474	0.111681422992257	0.0578813231187707	0.0195508281625975	0.00323348501304503	
2.15093775508777e-06	2.9037659693685e-05	8.38865724484232e-05	0.000250584248467726	0.000756054620913353	0.00214986228621023	0.00571504161526822	0.013135776870321	0.0278040968911421	0.052845314235874	0.0876894303994184	0.129540226300161	0.165048982230028	0.175499313313122	0.155288026697439	0.107701755272755	0.0551511195093281	0.0182646879473278	0.00304465239232674	
8.60666672404444e-06	3.11991668746611e-05	9.57491673049945e-05	0.000302309168682061	0.0008326950055513	0.00241632168277548	0.00649588170997254	0.0142580192617201	0.029632753530885	0.0553107437020716	0.0913102789420685	0.132366230882442	0.165200664434671	0.175487782836585	0.15162257184415	0.102899155685994	0.0521015328473436	0.0169056451127043	0.00272185835147906	
1.0746506042223e-05	3.5463469939336e-05	0.000125734120694009	0.000353560048789137	0.00102521667642808	0.00287898896871155	0.00690140618031562	0.0152901287968749	0.0315872052099061	0.0584513210142552	0.0953193592933098	0.135409200083823	0.165292009435432	0.173792495714831	0.147158355139785	0.0994513908665445	0.0488278248534445	0.0155996281708909	0.00248996544998307	
2.25446222487509e-05	4.29421376166684e-05	0.00016318012294334	0.000425127162405017	0.00117017325005421	0.00327326443983055	0.00766195090425406	0.0165509733909044	0.0339661573013443	0.0616981897741888	0.0983031414320773	0.137447046976551	0.166450166722849	0.171098653119854	0.143995722963093	0.0949074919000393	0.0459695583186435	0.0146507838013668	0.00220293165973509	
1.28863765227402e-05	4.08068589886772e-05	0.000177187677187677	0.000451023178295906	0.00138958093503548	0.00359100359100359	0.00807009329736602	0.0176274892183983	0.0357521777976323	0.0647851841033659	0.101858215494579	0.140087799178708	0.167127712582258	0.168718106218106	0.140251026614663	0.0908543238088693	0.0432831910104637	0.0137594285321558	0.00216276352639989	
1.60526355217e-05	5.13684336694399e-05	0.000191561450558953	0.000589666811497112	0.0015228600231586	0.00361184299238249	0.00869089687144835	0.0192631626260399	0.0381271497154403	0.0673547182976501	0.105005639825947	0.142126824382027	0.167202111242624	0.166509707563788	0.13603324393799	0.0873177758324362	0.0414511154441336	0.0129673189744292	0.00196698293925897	
1.8130026416515e-05	9.49160206511666e-05	0.000271950396247724	0.000702805141675492	0.00161890471178057	0.00403446411374565	0.00984353787202548	0.0207215537219345	0.0406475192258265	0.0703359707189409	0.107053540100952	0.144990087141439	0.166467769612156	0.164737951797592	0.13246863772048	0.0828691513334634	0.0394733333973217	0.0118463725549793	0.00180340439237216	
3.41932946949103e-05	8.33461558188439e-05	0.00028743738352909	0.000663563625173104	0.00175240635311415	0.0044889384691662	0.0104375032056214	0.0223859226205741	0.0428003880938948	0.0722718024995298	0.110658049956404	0.146302422594929	0.167199868355815	0.163141551691713	0.127601896018191	0.0797932587919509	0.037269622676993	0.0111138893163051	0.00171393889658238	
4.28097310799718e-06	3.42477848639774e-05	7.49170293899506e-05	0.000253647656648833	0.000741678590960511	0.00200563590109668	0.00503763510483568	0.0116613707461843	0.0239927137837702	0.0441443244463899	0.0763383124618057	0.113171805083013	0.148850505208339	0.167531601608362	0.159181563561213	0.123490020516564	0.0765138323592336	0.0350151492935859	0.0104263100045271	0.00153044788610899	
3.21289269580975e-06	2.46321773345414e-05	7.28255677716876e-05	0.000299869984942243	0.000809648959344056	0.00220511535355742	0.00547476915365981	0.0127112744688553	0.0253004590152698	0.0473451867654524	0.0788540254332586	0.116046471279952	0.150315184773459	0.166348590289781	0.155592896508442	0.120523101769447	0.0735731008055793	0.0332020331184979	0.00983573550610557	0.00146186617659343	
9.65085356438192e-06	2.78802436304366e-05	0.000104014755082783	0.000353864630694004	0.000968302307626319	0.00226366131937891	0.00606288067255726	0.0132066569443253	0.0271596465642961	0.0500611220725744	0.0819915072488633	0.118376297503646	0.150660547310629	0.165327700094364	0.154598095564897	0.117937719824998	0.0697166938320323	0.0309620828686626	0.00888950844985845	0.00132216693832032	
6.44400482011561e-06	3.54420265106358e-05	0.000110622082745318	0.000423156316520925	0.00101170875675815	0.00257974992965295	0.00642359880485191	0.0144667908211595	0.0289625796640096	0.052673295399625	0.0849062075098432	0.120995856504901	0.151839011575581	0.165640995899465	0.151990445688853	0.113149206635607	0.0659339833186195	0.0293169999291159	0.0084040562862341	0.00112984884512694	
1.07439312904106e-06	3.22317938712318e-06	6.23148014843815e-05	0.000156861396839995	0.000377111988293412	0.00114745186181585	0.00280094288741005	0.0072661207317047	0.0158258107907748	0.0310435150705124	0.0555643894546166	0.0878284151197196	0.123251156584203	0.152893663014446	0.1645529772508	0.148097572086407	0.108505110888115	0.0637953152162001	0.0279224030306481	0.00783340030383838	0.00107116994965394	
1.07333911505337e-06	1.82467649559072e-05	6.33270077881486e-05	0.000141680763187044	0.000474415888853588	0.00127405352956835	0.00338745824710842	0.00795236950343039	0.0169448046093475	0.0329429241192179	0.0580182725250947	0.0908356159678513	0.125719137207086	0.154052069827149	0.162975811229703	0.144167689916623	0.105288127152045	0.0609495616483054	0.0263418885616397	0.00746400020608111	0.000987471985849097	
3.21644072957453e-06	1.17936160084399e-05	5.78959331323415e-05	0.000181192827766032	0.000580031478233273	0.00145919194431698	0.00390047045806405	0.00860505109852172	0.0184216282051832	0.0351578414680693	0.0606920922732516	0.0940208511131029	0.128230914712858	0.154627171633566	0.160743769754307	0.140821135875322	0.101164565973488	0.0582057835892905	0.0251107527757884	0.00704829378540765	0.000956355043593493	
2.14586748839086e-06	4.29173497678171e-06	1.93128073955177e-05	6.22301571633349e-05	0.000252139429885926	0.000639468511540475	0.00151820124803653	0.00422306721715321	0.00943108761147782	0.0200327459378728	0.0375226389020025	0.0636399921032076	0.0968086658712651	0.129341089929015	0.155045363638705	0.158502356162502	0.137692806193832	0.0977646498373432	0.0562120717921427	0.0237214921504167	0.00655991691201085	0.00100426598456692	
2.14553599780297e-06	6.43660799340891e-06	3.00375039692416e-05	7.2948223925301e-05	0.000260682623733061	0.000764883583216759	0.00172071987023798	0.00471803365916873	0.0103532839573982	0.0211270929703659	0.039168905175891	0.0659484127324688	0.0984543558671827	0.132679946104136	0.155886063456373	0.156538306399705	0.13459912805417	0.0941643566395757	0.0541597651925404	0.02213871319333	0.00629714815355172	0.000908634495069558	
6.43767153712283e-06	2.36047956361171e-05	0.000104075689850152	0.000282184602377217	0.000820803120983161	0.00209546208533348	0.00522309750711899	0.0111768707337014	0.0218548219232758	0.0412933711296182	0.0683669987789883	0.102646526768911	0.135330585162884	0.155056683697884	0.154390384693792	0.130530228086703	0.0919889615392043	0.0515571654503044	0.0206413208385282	0.00578532082136105	0.00082509490200791	
6.4424549189217e-06	4.50971844324519e-05	0.000148176463135199	0.000304942866162294	0.000911607371027421	0.00238048709254157	0.00568009775351597	0.0121161102175188	0.023529992848875	0.0431000234075862	0.0712020117639227	0.105451175855397	0.136893577087194	0.15510210217304	0.152255610841363	0.12789991002038	0.0887974298899843	0.0487672362512643	0.0192318016754678	0.00543313698162397	0.00074302980064897	
9.66611104428368e-06	5.69226539274483e-05	0.000126733455913942	0.000378052343065317	0.000969833141443129	0.00284076263468115	0.00640970563469833	0.0130728781812245	0.0250126733455914	0.0456154520303129	0.0738813087484749	0.107326052961696	0.136945165226058	0.154976758373	0.151137164263743	0.125392014503463	0.0859134689739316	0.0463661866547523	0.0180283711099273	0.00493723471895245	0.000603594934098603	
5.38761753087644e-06	6.24963633581667e-05	0.000142233102815138	0.000407303885334259	0.00115079510459521	0.00293948412484618	0.0064619084665332	0.0140562941380566	0.0269402427013945	0.047794632639911	0.0766216190006185	0.109561512584397	0.138921873080661	0.155256051910772	0.149782232499402	0.121873296165956	0.0824919670622615	0.0436515547586671	0.0170561195792486	0.0043251793537876	0.000497815859852983	
1.50683294927032e-05	5.8120699471855e-05	0.000168980552168171	0.000432676318290476	0.00131417359361361	0.00316434919346766	0.00689268443366222	0.0149660801140027	0.0283801222902569	0.0507533626591727	0.0794359278485331	0.111793012815614	0.140824302201806	0.155623554382139	0.146974333253328	0.118190594994516	0.0785931777061913	0.0418447510012367	0.0160671444762195	0.00398772576931894	0.000519857367498259	
1.07795559254141e-06	2.3715023035911e-05	8.83923585883956e-05	0.000148757871770715	0.000578862153194737	0.00146925347263394	0.00341065149480102	0.00770307066430091	0.0163040783371888	0.0307680864779095	0.052935165282931	0.082169320952654	0.114194303651467	0.141285483603217	0.154091596042609	0.144446049400549	0.115564385209587	0.0762664361278973	0.0395243197561233	0.0148089539303339	0.00375559728441427	0.000462442949200265	
9.68020892042008e-06	2.79650479923247e-05	7.52905138254895e-05	0.000180697233181175	0.000641044946285596	0.0015907809992557	0.00384842083525145	0.00871218802837807	0.0172910042894081	0.0328589313909815	0.0552696906205229	0.0845673807075587	0.11655724445324	0.141989304444722	0.153549625053241	0.142453954472902	0.112568998378027	0.0725348810194766	0.037307525179299	0.0139459543180185	0.00356984593409714	0.000449591925415066	
9.67064989990877e-06	2.79374330441809e-05	9.34829490324515e-05	0.000272927230508536	0.000671572909715887	0.00187288253061567	0.00441411442098058	0.0092075332213687	0.0187513901559231	0.0344103213771865	0.0577230347358999	0.0880512673386694	0.118324699592006	0.143063296552628	0.1519323570275	0.139799989469737	0.109731789897609	0.0691709351840808	0.03545152801641	0.0132638335960527	0.00329769161586889	0.000457744095262349	
3.21944717799358e-06	8.58519247464954e-06	2.2536130245955e-05	0.000107314905933119	0.000284384500722766	0.000793057154845751	0.00201644708248331	0.00466819840809069	0.0102689633487402	0.0198554038957457	0.0363325345527168	0.0598581082313752	0.090396711012763	0.120206645582865	0.143331934662393	0.151021047672501	0.138162575643594	0.105695524002588	0.066817479881138	0.0339544362372389	0.0125912579131329	0.00319369160056963	0.000409942940664515	
4.29075438970991e-06	2.78899035331144e-05	0.000108341548340175	0.000358277991540778	0.00084635130337028	0.00223119228264915	0.00513174225009306	0.0110808732114259	0.0212059808825438	0.037968885594543	0.0621880487472606	0.0926684952431624	0.121755519251006	0.143504280563848	0.150108824258209	0.135843138601021	0.103309566129643	0.0641886129814629	0.032001518927054	0.0121406895456842	0.00302712722194034	0.000300352807279694	
1.50061954149642e-05	4.50185862448925e-05	0.000107187110106887	0.000361220561060209	0.000922881018020297	0.00248352534117657	0.0056777012223618	0.0113832710933514	0.022334578132972	0.0397331898455219	0.0651536848784713	0.0940791984119158	0.123179426934835	0.144516093072711	0.149766117725747	0.133406149110133	0.0995446691562659	0.0619991682280256	0.0306522978772665	0.011564417309432	0.00278257737837479	0.000292620810591801	
4.27940674584282e-06	2.03271820427534e-05	4.70734742042711e-05	0.00012089324057006	0.000436499488075968	0.00109124872018992	0.00264895277567671	0.00595586433852675	0.0121888202638468	0.0238534132013279	0.0419852595834639	0.0667202305744355	0.0956693473583757	0.124603486218705	0.145769431983644	0.149114858207207	0.130183832615285	0.0963508428826512	0.0599031356283078	0.029540744766553	0.01089109016817	0.00259118078460783	0.000309187137387144	
1.06897336866647e-06	1.71035738986635e-05	1.49656271613305e-05	3.63450945346599e-05	0.000132552697714642	0.000505624403379239	0.00117693967890178	0.00285415889433947	0.00623959755290616	0.0129506123613942	0.0253004616895979	0.0433864221140659	0.0685105031978338	0.0983337912102596	0.126732137722253	0.146202418659144	0.146725146636422	0.127244175965844	0.0942599337022717	0.0578624594725472	0.028447519286952	0.0101723505762301	0.00256553608479952	0.000328174824180605	
5.35302103094903e-06	2.99769177733145e-05	5.35302103094903e-06	3.3188730391884e-05	0.000184143923464646	0.000642362523713883	0.00126331296330397	0.00300411540256859	0.00677050099994433	0.0137701113000133	0.0268015056977556	0.0452640752334988	0.0705538877921144	0.100642148402873	0.12778303563399	0.146838719899963	0.144161138780282	0.125911619481571	0.0907711776218026	0.0562045796165524	0.0268475416786217	0.0098399232590905	0.00235425864941138	0.000317969449238372	
