# <P(N_1)> as a function of N_tot.
# number_of_species: 2
# species_total_upper_bound: 100
# species_total_lower_bound: 0
# volume: 512
# Bin widths for each species index 
1	1	1	1	1	1	1	1	1	1	1	1	1	1	1	1	1	1	1	1	1	1	1	1	1	1	1	1	1	1	1	1	1	1	1	1	1	1	1	1	1	1	1	1	1	1	1	1	1	1	1	1	1	1	1	1	1	1	1	1	1	1	1	1	1	1	1	1	1	1	1	1	1	1	1	1	1	1	1	1	1	1	1	1	1	1	1	1	1	1	1	1	1	1	1	1	1	1	1	1	1	
# Bin lower bound for each species index 
0	0	0	0	0	0	0	0	0	0	0	0	0	0	0	0	0	0	0	0	0	0	0	0	0	0	0	0	0	0	0	0	0	0	0	0	0	0	0	0	0	0	0	0	0	0	0	0	0	0	0	0	0	0	0	0	0	0	0	0	0	0	0	0	0	0	0	0	0	0	0	0	0	0	0	0	0	0	0	0	0	0	0	0	0	0	0	0	0	0	0	0	0	0	0	0	0	0	0	0	0	
# Bin upper bound for each species index 
0	1	2	3	4	4	4	5	5	6	6	7	8	8	7	8	8	8	8	8	8	8	9	10	11	10	10	11	11	11	11	11	12	12	12	11	11	12	12	13	12	12	13	13	14	15	15	16	16	14	15	15	15	16	16	16	16	17	16	15	16	16	16	16	16	16	16	16	17	17	18	18	18	18	18	18	18	18	19	19	18	19	19	19	18	19	20	20	20	20	20	20	20	20	20	20	20	21	21	20	20	
# Normalized histogram for each species index 
1	
0.921878732258024	0.078121267741976	
0.849350426097222	0.144579805696633	0.0060697682061446	
0.782308968419349	0.200674199356653	0.0165515183394364	0.000465313884561695	
0.716883480563122	0.249866347598075	0.0313714009317482	0.00178712354573458	9.1647361319722e-05	
0.658661522086216	0.288070065910673	0.0491669054734515	0.00388913906742539	0.000212367462234413	
0.608696874944072	0.315821634294568	0.067041819962212	0.00800247488680205	0.000437195912346055	
0.561793229270182	0.339132739123566	0.0862521467484087	0.0118306858893017	0.000973362483246444	1.78364852950919e-05	
0.517658848037778	0.356213808349673	0.106429906446735	0.0175708789009213	0.0019710186316082	0.000155539633283442	
0.473772484574313	0.370260095298179	0.127870357547688	0.0248375366087594	0.00297229787605082	0.000251324583134582	3.59035118763688e-05	
0.434913290021381	0.379638906390407	0.146570333722383	0.0333670739642831	0.00494489604098454	0.000488034126238161	7.74657343235176e-05	
0.401678043304846	0.381787331786422	0.164701847198801	0.043653031157351	0.00726511161404484	0.000787313597659366	0.000116927762028619	1.03935788469883e-05	
0.372040516026564	0.383352926979283	0.180316041616385	0.0528794873990797	0.00989024963083495	0.00138063836358021	9.34266561821197e-05	3.3737403621321e-05	1.29759244697388e-05	
0.341217550350217	0.383602144950429	0.19676075073265	0.063088458420801	0.0131747136948434	0.00194074366595307	0.00017926547918442	3.37746554985139e-05	2.59805042296261e-06	
0.313271250495897	0.380507067838724	0.212695487858351	0.0729986636878041	0.0173798885014512	0.00288142317248867	0.000242728582465078	2.34898628192011e-05	
0.289585565207918	0.3733829987575	0.226729059720424	0.0843214106917276	0.0213611473543045	0.00394539224358193	0.000581043959607069	8.81941724403587e-05	5.18789249649169e-06	
0.264837517529202	0.366087223761722	0.23919000235014	0.0963324905542456	0.0269852870915341	0.00538724364752034	0.00098395964990664	0.000193692844469811	2.58257125959748e-06	
0.243921838000036	0.357198377263091	0.248053567877866	0.10982912714624	0.0321087058130857	0.00729766789671708	0.00143835846371954	0.000149775208071334	2.5823311736437e-06	
0.223618573521923	0.350056639265041	0.256396599565592	0.119945335314842	0.0384965133076292	0.00937146004593496	0.00188364528231296	0.000223439302453675	7.79439427163984e-06	
0.205680791635084	0.340548973594858	0.263843749675517	0.131132731784813	0.044934428442377	0.0113672941738399	0.00222465656702005	0.000241415473433914	2.59586530574102e-05	
0.18842103886251	0.328762966160447	0.271713168255961	0.141670917866813	0.051487920051276	0.0144226870201049	0.00303208675064422	0.000439508692069223	4.97063401744954e-05	
0.173115244758917	0.319314228704202	0.275219554458695	0.151095475012143	0.059763445659451	0.0170865221786103	0.00379642149205141	0.000556598448350552	5.25092875802408e-05	
0.161068536404647	0.308064292315869	0.278434216623947	0.15978824065371	0.0657663578073168	0.0207648785289952	0.00506620097763279	0.000890185184700335	0.000141382352864171	1.57091503182412e-05	
0.15046781212289	0.294533572245759	0.279796576169008	0.170601233916509	0.0727707746718002	0.0237510643966504	0.00633152755938419	0.00145750510649191	0.000227245419829383	5.22403263975593e-05	1.04480652795119e-05	
0.136854111833131	0.285135251002268	0.281274277236624	0.178836355510981	0.0802594075509838	0.0274737123808386	0.0078960291209919	0.00175640529311962	0.000439101323279905	5.45628863247219e-05	1.81876287749073e-05	2.59823268212962e-06	
0.126123312772602	0.271442950421968	0.280530105556559	0.187591297390766	0.0897695305443002	0.0323508916819367	0.00929104188711384	0.00228146695228018	0.000536815753477689	6.45211242160683e-05	1.80659147804991e-05	
0.11486030989641	0.261489890543065	0.281484950314682	0.193270997257144	0.0973122069955692	0.0368535891273807	0.0112029970718855	0.00280460882139531	0.000627820690293995	8.49101753266469e-05	7.71910684787699e-06	
0.106451003774014	0.247967490189891	0.279848729018523	0.201680846165586	0.104459234695065	0.0416357338893042	0.0135880038593759	0.00356190392430243	0.000708759386535124	7.50146795967832e-05	1.29335654477212e-05	1.0346852358177e-05	
0.0990848840041248	0.236655422036366	0.275718853151347	0.207626657546598	0.112785714655847	0.0466341246029402	0.0158953472103471	0.00431130525803058	0.0010570988853825	0.000202092433970184	1.81365004845037e-05	1.03637145625735e-05	
0.0916365553711831	0.226062166255706	0.272516270438203	0.212955352573547	0.119127005050427	0.0526133502887066	0.0184622303552874	0.00509695061747541	0.00117602055322075	0.000323082569566139	2.06772844522329e-05	1.03386422261164e-05	
0.0850586957752423	0.216608253948648	0.268281636791263	0.217050852516893	0.126264107829363	0.057303648350291	0.0213064892155198	0.00623240542028851	0.00147961730663332	0.000385987123469561	2.31592274081737e-05	5.14649497959415e-06	
0.0772547897608793	0.207158930104159	0.26419271940881	0.221974775945129	0.133528197276544	0.0625214260122744	0.0234326469276709	0.00739761265893913	0.00193575160517884	0.000512935511891598	8.5059657750868e-05	5.15513077277988e-06	
0.0711848218895199	0.196344863190501	0.262780072276717	0.223185338151781	0.141814661848219	0.0674548270521425	0.0260764068146618	0.00825503355704698	0.00225090345895715	0.000526587506453278	0.000113577697470315	1.03252452245741e-05	2.58131130614352e-06	
0.0646713764233696	0.186466930087873	0.25703544770795	0.229550047867248	0.146180608705353	0.0735261687262123	0.029265179365973	0.0098821868976056	0.00266707485711172	0.000620068959970527	0.000114154954973654	1.81610155639903e-05	2.59443079485576e-06	
0.0584079428125839	0.174553581906995	0.250919959002819	0.231281996447954	0.154302748010776	0.0806382207432173	0.034093902321348	0.011490685659593	0.00324691412759721	0.000852803951585772	0.000192989273447545	1.04318526187862e-05	7.82388946408965e-06	
0.0544690767164943	0.165541581980532	0.245215342253896	0.230844388248264	0.161265041041208	0.086761271310863	0.0369161881573516	0.0136629866296051	0.00390818890973024	0.00116252945510024	0.000248180445470837	5.22485148359658e-06	
0.0510069665004009	0.158146848413533	0.236970353323406	0.23058179129656	0.166571211379659	0.0934932469723319	0.0415725130426633	0.0152268538284512	0.004550613864273	0.00152034238943674	0.000325415751163687	3.38432381210234e-05	
0.0460690159800348	0.151257627428691	0.230656056864359	0.232958331700051	0.169937151294213	0.0978662799054003	0.0459801654188389	0.0179478133615565	0.00521343734075497	0.00161237636052422	0.000418120287980348	8.10108057961925e-05	2.61325179987718e-06	
0.0427743468428025	0.140955474184708	0.225197723351264	0.233161309463395	0.176325767926527	0.102969688925671	0.0499702016140576	0.0197840462824887	0.00625635980835344	0.00210020065114028	0.000400781784728132	9.36892483780049e-05	1.0409916486445e-05	
0.0390288596056364	0.133915941434649	0.215892898393113	0.232148650718051	0.182216004505826	0.108324097601998	0.0558115028330119	0.0222825536818773	0.00762564271605771	0.00215168747842473	0.000521699859063172	6.22925204851549e-05	2.59552168688145e-06	1.55731301212887e-05	
0.0358390403387529	0.126158415893089	0.210924677932421	0.229233046097345	0.184308747909454	0.11653475312704	0.0599450150727367	0.0247666261779233	0.00890318855356349	0.0025697780575287	0.000710070252738192	9.62366276604876e-05	1.04039597470797e-05	
0.0329850215472156	0.1190405213171	0.205773294004435	0.227686603071001	0.187505229906698	0.121399209238107	0.0639722187356178	0.0271353709049831	0.0101957031086565	0.00322423747960336	0.000902158905485126	0.000146437387557006	3.39943935400192e-05	
0.0303598299157443	0.110937508192252	0.199560633149652	0.228801073774832	0.190484928878146	0.1242155099644	0.068573735509545	0.0298669840454257	0.0120878314257402	0.0035809971215704	0.00121638555227574	0.000272638141027322	3.93228088020175e-05	2.62152058680117e-06	
0.0280691999412493	0.105300153171489	0.192773138336935	0.227711450093372	0.194163222056694	0.128886988816383	0.0715525923749974	0.0327036866069368	0.0127861474223127	0.00434860152332193	0.00124582974884072	0.000340963931261671	0.000104911978849745	1.31139973562181e-05	
0.0262994354708153	0.100223513867782	0.18549039882603	0.223137863144757	0.197992553019265	0.134562659606135	0.0756657109882133	0.0355350493767201	0.0140583956091014	0.00498467258873971	0.00141262853352969	0.000428227503694768	0.000161890885543144	4.1778293043392e-05	5.222286630424e-06	
0.0239657817415949	0.0960867417249539	0.178483579916274	0.219813307678307	0.199786785927871	0.140289659117502	0.0787877999947997	0.0387321563223173	0.0160248576406043	0.00561377050885358	0.00161730674224499	0.000603239813827713	0.000130008580566317	5.46036038378533e-05	5.2003432226527e-06	5.2003432226527e-06	
0.021808082643341	0.0889064811690503	0.172175357541464	0.217089313987593	0.20114984296727	0.146328548809926	0.0847042333947621	0.0410880681080801	0.0177875256313754	0.00616191242505256	0.00198562047395333	0.000586601604069873	0.000155734939133595	4.93160640589716e-05	1.55734939133595e-05	7.78674695667973e-06	
0.020203302039495	0.082773713175785	0.16329168015539	0.212638394302363	0.202988669472321	0.151834250566526	0.0900252508902557	0.0455577856911622	0.0202292003884752	0.00706765943671091	0.00246293298802201	0.000688896082874717	0.000145030754289414	5.69763677565555e-05	1.55390093881515e-05	2.58983489802525e-06	1.81288442861768e-05	
0.018918736430968	0.078165414939699	0.15686320338226	0.207628263060031	0.203371871981053	0.155821828871784	0.0956973833193098	0.0494510060560732	0.0220324721867307	0.00828944498114619	0.00262291335556317	0.000828425109331339	0.000197367737646338	8.82960931575722e-05	1.81786074147943e-05	2.59694391639918e-06	2.59694391639918e-06	
0.0179462109064362	0.0725957213813602	0.151730611287105	0.202237083968869	0.204341194415112	0.16043907335706	0.100754820290195	0.0523941752382442	0.0241542492862451	0.00907348742618014	0.00297495665323895	0.000959495222078819	0.000315486200737873	6.51830993260068e-05	1.82512678112819e-05	
0.0167908108898686	0.0684325442427028	0.144556632749002	0.19996970393431	0.202563151626585	0.164497189778734	0.105278828273542	0.0570871899876726	0.0259762645995696	0.00995330227116024	0.00326466225110215	0.00112304381437914	0.000316019305906688	0.000135809949645849	5.22345960176344e-05	2.61172980088172e-06	
0.0145744602923787	0.0647701468172162	0.137864819330061	0.194674082523205	0.204479337805172	0.166362323542031	0.110691076903758	0.0603358064482373	0.0292483335251829	0.0116496269398604	0.00356055294523917	0.00117725850503867	0.000418580801791526	0.000125574240537458	5.23226002239407e-05	1.56967800671822e-05	
0.0133561482304479	0.0594567399154137	0.13161977034867	0.189519996226633	0.20481785641289	0.170566686406968	0.114747053366944	0.0645979529482053	0.0312927451771648	0.0132251285303258	0.00471670920439597	0.00140453118530902	0.000471670920439597	0.000149362458139206	4.45466980415175e-05	1.3101970012211e-05	
0.0120670279318141	0.0562584054679296	0.125483931245575	0.18601645958401	0.20187598200868	0.174238935048597	0.119020109958654	0.0691860480417727	0.033919270661989	0.0140119643858185	0.00536370838059696	0.00184492618979316	0.000450046188950971	0.000157910943491569	9.47465660949413e-05	7.89554717457844e-06	2.63184905819281e-06	
0.0110493592585555	0.0530986762936221	0.122178943146072	0.179053982730593	0.201036586653155	0.174689129562776	0.123691071843266	0.0732946988409652	0.0373809825405873	0.0156226909029493	0.00585323115249013	0.00215339793527139	0.000609601621381975	0.000195283636286866	6.86131695061963e-05	1.84727764055144e-05	5.27793611586125e-06	
0.0107501548594088	0.0495232447943414	0.115773952912151	0.175811754490923	0.200012176979156	0.175536448875218	0.127249432182168	0.0774773534659389	0.0402528576193476	0.0176063235582192	0.00641938575081665	0.00240098262927452	0.000796797983915799	0.000227656566833085	0.000121769791561883	3.70603713449209e-05	2.64716938178006e-06	
0.00947040399467306	0.0464306611279233	0.109737015591616	0.170943836824171	0.198695800668779	0.177157713865127	0.13170136324043	0.0814396496718321	0.0428961379708395	0.0196530077865413	0.00748736441066129	0.00292028392678904	0.000990196000561288	0.000285938952033741	0.000156207390462877	2.91234117812143e-05	5.29516577840261e-06	
0.00879269261318507	0.0434021710352131	0.104778925072809	0.166354249404289	0.194487688641779	0.18003441885094	0.135006619009796	0.0858856235107228	0.0460127084988086	0.0213211543553084	0.00874238813873445	0.00344453269790839	0.00118877415938576	0.000330950489806725	0.000150913423351867	3.44188509398994e-05	2.6476039184538e-05	5.2952078369076e-06	
0.00837788810387627	0.0396219209471071	0.100181931979717	0.161731165001167	0.1937761228863	0.179497379755161	0.138727112638703	0.0892235800818959	0.0490738972694291	0.0242001357859674	0.0100115630237838	0.00367311650011669	0.00136581588271487	0.000336812848747162	0.000121995205058027	4.77372541531411e-05	3.18248361020941e-05	
0.00795106058431791	0.038322942742797	0.0941584153153584	0.158234609436038	0.190360402017528	0.179993728441518	0.139985968716616	0.0947271074828197	0.0526943784513502	0.0261438950630079	0.0112223692672375	0.00416155109459955	0.00146956433928068	0.000385328805055514	0.000143501761882743	4.51764805927154e-05	
0.00694394597971581	0.0358176815408542	0.0912044237083117	0.15128603899988	0.188278768061039	0.181228482939214	0.142603448046683	0.0978612540043333	0.0573327484680517	0.0280336563384775	0.0125905544257022	0.0045114381039731	0.00151267429650011	0.000563597453177546	0.000146216320399835	7.44373994762797e-05	1.06339142108971e-05	
0.00613160918004756	0.0335328221432579	0.0874776243020118	0.148256699350771	0.183809345694515	0.181947153276871	0.146739159475273	0.100101525555051	0.0594485559325657	0.0309145315129979	0.0138074754869219	0.00522856608512116	0.00177135376312485	0.000577092628710358	0.0001603035079751	9.08386545192231e-05	5.34345026583665e-06	
0.00551659528907923	0.0314105995717345	0.0842933618843683	0.143942719486081	0.183576017130621	0.18012312633833	0.149777837259101	0.102652569593148	0.0615069593147752	0.0325455032119914	0.0152756959314775	0.00611884368308351	0.0021948608137045	0.000746788008565311	0.000227516059957173	8.56531049250535e-05	5.35331905781585e-06	
0.00467163656857743	0.0287563403643823	0.0794204926987315	0.140490989270461	0.181360463904997	0.182239233734077	0.151460921452935	0.105863718558604	0.0638376866718129	0.0346219286460267	0.0165176675472172	0.00685119942733054	0.00250008680856974	0.000985611145686148	0.000333879114392327	7.74599545390198e-05	1.06841316605545e-05	
0.00482553724403469	0.0270320681064229	0.0749596983706151	0.134582128725403	0.177114003650462	0.182363207610013	0.155008726468511	0.110449113364154	0.0679625361382379	0.0357931760348526	0.0179538762839899	0.00774057741243555	0.00261927283870022	0.00101253680438055	0.000474293555736154	9.85891099002118e-05	1.06582821513743e-05	
0.00453656336645025	0.025452789052472	0.0715923070559572	0.129246690310168	0.173841108202373	0.183074348936443	0.156337979307934	0.115199355274289	0.0711039593523922	0.0377388700754938	0.0187013153365196	0.00813645982606282	0.00325298279041344	0.00127557487597836	0.000376267902746756	0.000122754067562771	1.06742667445888e-05	
0.00402949245541838	0.0237054183813443	0.0670037079903978	0.125752850651578	0.169203853737997	0.182824824245542	0.15966595936214	0.118031442901235	0.0749662422839506	0.0406780478395062	0.0199599194101509	0.00855731310013718	0.00348025977366255	0.00139049639917695	0.000559949417009602	0.000160751028806584	2.94710219478738e-05	
0.00405210926759197	0.0221043632533721	0.063485725158721	0.120577050375329	0.166200799165994	0.180238463414438	0.16088642570195	0.122463746753891	0.0789518115233197	0.0427293850280994	0.0217398878166045	0.0100900736722776	0.00402262963667695	0.00148738137798515	0.000710191108407323	0.000233157080873347	2.67996644682009e-05	
0.00366999019550065	0.0207662510916212	0.0611307855922078	0.116001157252383	0.16187067704622	0.178599938922791	0.161943005320146	0.124246580479938	0.0835284410846027	0.0466624519820626	0.0230298581830066	0.0113555390063702	0.00445756473380516	0.00165819265037584	0.000798289838145396	0.000211627171857337	6.42917990452668e-05	5.3576499204389e-06	
0.00338478418339086	0.0196455963185479	0.0580792747880182	0.112227832459841	0.159178064681069	0.176852976266564	0.163524223443692	0.127798904938429	0.0852054838297328	0.0497411478972261	0.0249078571732924	0.0117095956367975	0.00499062593208062	0.00171502833525076	0.000735012143678896	0.000229025523030381	5.85879244961439e-05	1.59785248625847e-05	
0.00307677642797378	0.0183203236705254	0.0555381975703528	0.109026976074224	0.155779679506868	0.174960547359056	0.16407002976159	0.130365823951195	0.087563680269443	0.0524826037683892	0.0275268225001853	0.0129002192401792	0.00533272609805438	0.00201234947096392	0.000675196204073419	0.000246248027367953	0.000108560958302001	1.05913130050732e-05	2.64782825126831e-06	
0.0028031501060437	0.016633786950014	0.0519058776239865	0.104472875556002	0.153562380667784	0.175389928757676	0.163643143124613	0.131277337324737	0.0923320622193544	0.0545424254124069	0.0295891005061537	0.0142193755850915	0.00630179877613409	0.00216054116663934	0.000764255076081725	0.00028824845430072	7.93344369635009e-05	2.90892935532837e-05	5.28896246423339e-06	
0.00253572466256372	0.0158350722417391	0.0483768720779735	0.0994400274703505	0.149721334425104	0.17455294645923	0.164959454819198	0.133698724213529	0.095100240365567	0.0581922396259806	0.0316490134446235	0.0151562376185319	0.00664835309965926	0.00269156607411712	0.000956179508175071	0.000316965582820465	0.000132068992841861	2.37724187115349e-05	1.32068992841861e-05	
0.00235010529522049	0.0145575237505055	0.0457758498453394	0.0947945824164859	0.14451440785224	0.172085475561531	0.166600145995368	0.137085974466565	0.0981136138054901	0.0618327145160359	0.0336393284213069	0.0166240409207161	0.00721574229191721	0.00306695305566205	0.00110809434031625	0.000399124027791636	0.000173303854172684	5.25163194462679e-05	1.05032638892536e-05	
0.00226031020989717	0.0139625883301991	0.0434173376007711	0.0907162276129762	0.13947921195581	0.169753749286287	0.168006788788023	0.14014709040717	0.101132512323012	0.0650696950807478	0.035250886575905	0.0177865198556335	0.00783382136477688	0.00326605658371005	0.00126765949199332	0.000426918382634113	0.000128337427908414	6.80974107269137e-05	2.61913118180437e-05	
0.00204271704846953	0.0131589588665138	0.0417178650345801	0.0874794228215584	0.134722798339738	0.166200989791632	0.16874982064266	0.142426685241565	0.10468207444047	0.0674435774419339	0.0376480839418439	0.0196914792871622	0.00828565689136554	0.00345148742672437	0.001487035399269	0.000592205325673797	0.000138268203791679	4.43501785746896e-05	3.65236764732738e-05	
0.00192701905578681	0.0123857384901793	0.0399392348400862	0.0834814985253206	0.131385048214697	0.163312903968038	0.165420335934068	0.146482209718242	0.107288158637856	0.0710199343192419	0.0395705649800238	0.021612943711172	0.0097056916351162	0.00380958855397745	0.00156357855544167	0.000755642479134855	0.000253623946284017	6.53669964649528e-05	2.09174388687849e-05	
0.00184348255387985	0.0113182475886355	0.0383060968852498	0.0805985278400004	0.126984960648738	0.161990120824263	0.1660132195031	0.146517472380587	0.110496033361257	0.0728385692264464	0.042541905089535	0.0226233649596508	0.0107694044921101	0.00435398016286722	0.00173318872586994	0.000672267142155614	0.000317751266409489	6.03990010530435e-05	2.10083481923629e-05	
0.00149110073213835	0.0105639358747791	0.0355471051081377	0.0762486325002104	0.123577274257342	0.158033009341075	0.167358305983338	0.149396722208197	0.112561011529075	0.0767956324160566	0.0441018682150972	0.0240259193806278	0.0120629260287806	0.00524120592442986	0.00188820163258436	0.00068637970209543	0.000333985525540688	6.83749894807708e-05	1.57788437263317e-05	2.62980728772196e-06	
0.00141510925592132	0.00998482117446163	0.0334303091631618	0.0731192486481358	0.118935057816568	0.154829290916949	0.166740452624145	0.150618220915157	0.116797900262467	0.0790168548208582	0.0474838988499931	0.0253507468192982	0.0130153158566023	0.00571577649179395	0.00228999989459149	0.000840632872698142	0.000313590319282379	7.90563830123644e-05	2.10817021366305e-05	2.63521276707881e-06	
0.00131780780036793	0.00929318060819466	0.0315931242060208	0.0696751340210533	0.116886916277035	0.15326104718279	0.165121317386102	0.15139766695307	0.118942696445609	0.0817357110100206	0.0505511072221139	0.0269570763643264	0.0132624177029029	0.0060777295752969	0.0023588759626586	0.00111222978351053	0.000379528646505964	5.7983543216189e-05	1.8449309205151e-05	
0.00111500099081842	0.00851311183037189	0.0296294339124117	0.0662553669330867	0.113008785256622	0.15070480216659	0.165585573683863	0.151122266992536	0.121886518264086	0.085025431006011	0.0529149877799062	0.0292304643635643	0.014288922650109	0.0062355505647665	0.00268445736178083	0.00114406499768809	0.000499372481669859	0.000103045115265209	5.02014664112557e-05	2.64218244269767e-06	
0.0011167314353299	0.00783296020951255	0.0285677325335811	0.0644747402213399	0.110139287826307	0.147192067246769	0.164146320858326	0.151632592717749	0.122402213398665	0.0873822547942891	0.0559896933344597	0.0309199966207654	0.0161252851229197	0.00729439469460167	0.00283010898031596	0.00126721297626088	0.000462004730928445	0.000171601757201994	5.01605136436597e-05	2.64002703387683e-06	
0.00102472207698028	0.00727289925405488	0.0268135610143172	0.063122879941985	0.106284699322895	0.144409615571572	0.161483061869566	0.152809709110305	0.124761226618601	0.0907746110654219	0.0574474961310173	0.0334006847245468	0.0171023487155503	0.00777737781502978	0.0033947203165603	0.00135841362512513	0.000528125993520604	0.000162904535314813	5.78048351117078e-05	1.31374625253881e-05	
0.000942630462674452	0.0068419261082454	0.0253567594459428	0.0588698908119714	0.103474640622136	0.140690214972114	0.160451415254903	0.153214108035925	0.127537901599853	0.0932078238328402	0.0603911916420099	0.0354245764708963	0.0189652012254196	0.00860412138985625	0.00371029823780472	0.00147940614280852	0.000599617710979027	0.000191144510486764	4.71315231337226e-05	
0.00106622406987707	0.00632906406010773	0.0237668173211514	0.0563391748055979	0.0979980723929377	0.138501456209967	0.15813205946694	0.155188125520309	0.129154925508754	0.0958629980855238	0.0632381172478813	0.0381450852585331	0.0201558367889323	0.00949359609016159	0.00418085891439481	0.00146802772182582	0.000664420417928321	0.000257364430659982	4.9897185536119e-05	7.87850297938721e-06	
0.000943186135163813	0.00613332984005135	0.0219762369493168	0.0548908131050474	0.0942531144792172	0.134550742104091	0.157103370580452	0.154761125011462	0.132260895764832	0.097611905104995	0.0660073096925475	0.0400906506674352	0.0214024653837589	0.0103698075638288	0.00479714948190262	0.00165843562099637	0.000817427983808638	0.000259376187170049	8.12188060835506e-05	2.88195763522276e-05	2.61996148656615e-06	
0.000832816096920937	0.00569352891417018	0.0202704295288304	0.0520955276728028	0.0938306135864256	0.130660465067555	0.153926937410466	0.154929983212732	0.134358378051367	0.101689988136299	0.0682961577846044	0.0413762940731254	0.0224441319201649	0.0111382605666816	0.00507284521929514	0.00200347268598905	0.000929716083040669	0.000311651306709407	0.000120470253013721	1.04756741751061e-05	7.8567556313296e-06	
0.000785108070125853	0.00573128891191873	0.0193162755519964	0.0495115319290367	0.0896645756621732	0.130218024511074	0.15040577002091	0.154224012268622	0.136174377736429	0.104793608173498	0.0714997919463614	0.0430134541352951	0.0236317529107882	0.0120043023922243	0.00546958622187678	0.00231083475307043	0.000824363473632145	0.000261702690041951	0.000123000264319717	2.61702690041951e-05	1.0468107601678e-05	
0.000632798853640424	0.00495518110598596	0.0184243831518613	0.0470519941008504	0.0876138776449423	0.125966194943885	0.150083152907214	0.154091750604035	0.135748428462351	0.106697208363404	0.0736818433796688	0.0455798215611828	0.0253747110567218	0.0136182497097493	0.0064979551706465	0.00270116204880396	0.000813224973066826	0.000334703525892456	8.10610101770791e-05	4.96825546246614e-05	2.61487129603481e-06	
0.000536089268015868	0.00423379768252532	0.0172385388037103	0.0444457229229156	0.0841372493128905	0.122947497247639	0.150157296436445	0.154328332448568	0.137074103227257	0.109498194294441	0.076046223970251	0.0464593265149752	0.0267966181919932	0.01486405560684	0.00659520553139522	0.00295764371768755	0.00111663471923305	0.000389645370411534	9.93726448029414e-05	7.060687920209e-05	7.84520880023222e-06	
0.000559763181121141	0.00418911143452984	0.0159857950329479	0.0420681557235134	0.079535839163115	0.120492279173425	0.148194047764722	0.155840673173805	0.13962316221937	0.110085891103931	0.0794316971759297	0.0491159647062805	0.0275325378621212	0.0151344342877079	0.0070478089827671	0.00316591641043399	0.00138248487988524	0.000380118253226449	0.000151005881418726	7.28993910297299e-05	1.04141987185328e-05	
0.00052327533915271	0.0038920230449418	0.0146907598947201	0.0396543779401696	0.0764971271923544	0.116351963844538	0.14560591899906	0.155121199419971	0.140310684970022	0.11353512843676	0.0814929748333199	0.0525175791876996	0.0301677344781175	0.0164011673465775	0.00750288322108513	0.00342341826361102	0.00153858569870275	0.000549308938115532	0.000124961275021543	9.37209562661571e-05	5.20671979256428e-06	
0.000433547770733708	0.00356184156554879	0.0140526591795303	0.0377238482427037	0.0725530511897901	0.113039143911899	0.143291432369144	0.154555886124914	0.14136513029798	0.115048521005	0.0843367238326661	0.0550008567111637	0.0325082945217215	0.0173496991126549	0.00888383515838772	0.00384221976458616	0.00158102151123849	0.000649023608882797	0.000140189099518684	6.74984553238109e-05	1.55765666131871e-05	
0.000472171550503005	0.00318135257797926	0.0133575525516615	0.0353664231843972	0.0690428334421306	0.11049072299011	0.140854191877101	0.15243142546785	0.14281770307892	0.117890657453731	0.0872407894295497	0.0574707601961963	0.0342130861184144	0.0187501128825428	0.00919315428656943	0.00439403360932578	0.00191448792608322	0.000598599998451897	0.000232215516640822	7.99853446207276e-05	7.74051722136073e-06	
0.000429705793051632	0.00310571791744503	0.0126698881735703	0.0337512029189117	0.0666275557202332	0.105537801244346	0.13871263232108	0.152146727803251	0.143966879203783	0.119844173755526	0.0899448844425918	0.0588645474709112	0.036391191803169	0.0202270493364005	0.0100401916436375	0.00473448298931139	0.00194268187876636	0.000705026271234413	0.000265028123858192	8.49119231778673e-05	7.71926574344248e-06	
0.000303136953679132	0.00306219702360615	0.012169150420153	0.0318679144948274	0.0643600855976551	0.103647148585917	0.135391753133486	0.151134323066924	0.144321448480847	0.122033175513727	0.0924413571287279	0.0610666824229377	0.0375915512134469	0.0211271042970948	0.0109720163488438	0.00516617299871809	0.00218618260661815	0.000732152811852141	0.000321119654321115	8.47755887407742e-05	2.05516578765513e-05	
0.000289628480988325	0.00295779882354449	0.0119593494893055	0.0307339390754956	0.0632056490369212	0.0996680806346196	0.133134267150235	0.149837884943164	0.144399020901949	0.123261267957607	0.0931911676128718	0.0649357306711435	0.0393740949109969	0.0218861734438877	0.011533877561482	0.0057874434519614	0.00246312363035204	0.000930399456626213	0.000305006984403634	0.000105086440004614	3.84462585382733e-05	2.56308390255155e-06	
0.000325651684993054	0.00267899393982567	0.0111586585185901	0.0297360694859283	0.0605101537177719	0.098222145332241	0.131044273364236	0.148764304504679	0.14573421734197	0.123554284609396	0.0940904395788917	0.0661836166672603	0.0417622844465702	0.0235664965475833	0.0123137043387999	0.00609579247846374	0.00258486024963237	0.00116013412778776	0.000401976298663302	7.88687674592554e-05	3.05298454680989e-05	2.54415378900824e-06	
0.000401639903303299	0.00276095858056922	0.0107002932729105	0.0287993492928359	0.0583160931299368	0.0949739439270278	0.129123439856319	0.146669293745279	0.146138825948464	0.125725919919571	0.0966360763570503	0.0674098267896342	0.0433493231483516	0.0251871162002339	0.0128347946458117	0.00634035319051119	0.00283673969440003	0.00114682085597294	0.000512785536921822	0.000108619596490829	2.77864084046307e-05	
0.000485847489200592	0.00252741388164453	0.0105552255037206	0.0279651800908258	0.0555502411616034	0.091110249619881	0.127110793366294	0.145716486592623	0.147095991380612	0.126340485948183	0.0990121940167756	0.069405705309583	0.0447457985520234	0.0262861113069046	0.0139536405836211	0.00672382716919576	0.00308626436145039	0.00144495574508363	0.000679683015980103	0.000173696770750471	3.02081340435601e-05	
