# <P(N_1)> as a function of N_tot.
# number_of_species: 2
# species_total_upper_bound: 100
# species_total_lower_bound: 0
# volume: 512
# Bin widths for each species index 
1	1	1	1	1	1	1	1	1	1	1	1	1	1	1	1	1	1	1	1	1	1	1	1	1	1	1	1	1	1	1	1	1	1	1	1	1	1	1	1	1	1	1	1	1	1	1	1	1	1	1	1	1	1	1	1	1	1	1	1	1	1	1	1	1	1	1	1	1	1	1	1	1	1	1	1	1	1	1	1	1	1	1	1	1	1	1	1	1	1	1	1	1	1	1	1	1	1	1	1	1	
# Bin lower bound for each species index 
0	0	0	0	0	0	0	0	0	0	0	0	0	0	0	0	0	0	0	0	0	0	0	0	0	0	0	0	0	0	0	0	0	0	0	0	0	0	0	0	0	0	0	0	0	0	0	0	0	0	0	0	0	0	0	0	0	0	0	0	0	0	0	0	0	0	0	0	0	0	0	0	0	0	0	0	0	0	0	0	0	0	0	0	0	0	0	0	0	0	0	0	0	0	0	0	0	0	0	0	0	
# Bin upper bound for each species index 
0	1	2	3	4	5	5	5	5	6	6	7	8	8	7	8	8	8	8	8	9	9	9	10	11	10	11	11	11	11	11	11	12	12	12	11	12	12	12	13	13	13	13	13	14	15	15	16	16	15	15	15	15	16	16	16	17	17	17	17	17	17	18	19	19	19	17	16	17	17	18	18	18	18	18	18	18	18	19	19	19	19	20	20	20	21	21	20	20	20	20	20	20	21	21	21	20	21	22	23	23	
# Normalized histogram for each species index 
1	
0.921091771332088	0.0789082286679122	
0.848318014776105	0.145256595383804	0.00642538984009107	
0.78086482024945	0.201841831743703	0.0168867693812668	0.000406578625580827	
0.717997300304909	0.248558187356377	0.0315559571065548	0.00179312701341998	9.54282187399473e-05	
0.659076207896553	0.287354187364401	0.0493991080243761	0.00396467999368622	0.000202721732698242	3.09498828546934e-06	
0.608552702665156	0.31544265422742	0.0673451242741286	0.00814704820002408	0.000500121943313339	1.2348689958354e-05	
0.560878489769921	0.339186436182107	0.0866260249741299	0.0121662906307687	0.00109803510319525	4.47233398773347e-05	
0.517989316819225	0.355900421899287	0.106292097406923	0.017727171794429	0.00196917174508401	0.000121820335052182	
0.474816522473584	0.369606270275946	0.12708395418968	0.0250437365952933	0.00317466689931087	0.00025014398720251	2.4705578982964e-05	
0.435394907428203	0.37875054018931	0.146798284405219	0.0333995759029874	0.00504331582526212	0.000552967982069587	6.04082669487784e-05	
0.40218369017495	0.381185591877768	0.165006178199825	0.0434917255696549	0.00716640055276992	0.000835691009085222	0.000121385286235842	9.33732971044941e-06	
0.371667660467832	0.383742344625399	0.181042621647474	0.0522382265618206	0.00988676877973639	0.00128573025751873	0.000102485745164536	2.63978434514714e-05	7.76407160337396e-06	
0.34178284748627	0.383621921518924	0.196817763860931	0.0626366833171799	0.0131029598151047	0.00185920375754865	0.000156875170854146	2.01918536742961e-05	1.55321951340739e-06	
0.314800046636353	0.379853095487933	0.212256033578174	0.0730325288562434	0.0169849597761455	0.00280284481753527	0.000256499941704559	1.39909059111577e-05	
0.29065622644202	0.373823846027368	0.225616811905331	0.0845109091867979	0.0209947168078724	0.00379409510986744	0.000533593098035323	6.66991372544153e-05	3.10228545369374e-06	
0.26609389696014	0.367732977913411	0.237786429898517	0.0957564282151114	0.0264062999519689	0.00522782344937505	0.000849424784979699	0.00014517441779653	1.54440869996309e-06	
0.243816276240296	0.358864418189566	0.248236750927945	0.108682226078793	0.0317261312894878	0.00726452441683085	0.00126453676883836	0.000143592087303989	1.54400093875257e-06	
0.225201739778492	0.349167915219042	0.255879792624341	0.120215106633331	0.0382822393231377	0.00927407696030454	0.00173328447357476	0.000241206403102285	4.63858467504395e-06	
0.207171283977348	0.339797413853013	0.264027600393497	0.130212330914387	0.044748713181072	0.011448171273167	0.00218987007491579	0.000358286218180863	4.63301144199392e-05	
0.188964978899017	0.328766377752691	0.27153715296891	0.141314387542801	0.0515566834292752	0.01436328522247	0.00288602981194157	0.000517805995353741	8.70784857051336e-05	6.21989183608097e-06	
0.173423135554385	0.319219774361788	0.27533597897618	0.150709678626095	0.0595596968629493	0.0172143438317346	0.00384688523874693	0.000596984216547841	7.94939818379632e-05	1.40283497361112e-05	
0.161443270451589	0.307117670552291	0.278933553800178	0.159942065291546	0.0657468806479736	0.0207402526562473	0.00495584187927265	0.000916885139156745	0.000170944686961427	3.26348947835452e-05	
0.149947508355179	0.294235858316043	0.280196672837282	0.170531066356893	0.0732258445253389	0.0240203630309732	0.00622134701636248	0.00133558622917417	0.000212761992321932	6.67793114587086e-05	6.21202897290313e-06	
0.137236680497668	0.284440045783248	0.280492092477205	0.179132379567289	0.081048430189065	0.0276000501819094	0.00789435778772123	0.00168976738206864	0.000390303739946194	6.04041502297681e-05	1.39394192837926e-05	1.54882436486585e-06	
0.125503276900401	0.271771071195721	0.280670150079257	0.1879080675712	0.0894990869174271	0.0324090239131845	0.00941510186046368	0.00222322474191126	0.000511388040008775	7.7248948641809e-05	1.23598317826894e-05	
0.114206445845343	0.260808582129811	0.281041631344503	0.194517486397756	0.0977388677384053	0.0369626535550795	0.0111052883059233	0.00286687526009957	0.000639652275774904	9.40211778849859e-05	1.23306462799982e-05	6.16532313999908e-06	
0.105522508287635	0.247891687579391	0.279685224773058	0.202176472410695	0.105358304675156	0.0414691576044862	0.0136366452892152	0.00338476314403445	0.000737367165473867	0.00011308361991511	1.54909068376863e-05	9.29454410261177e-06	
0.0980730595311402	0.236260130743346	0.276685139917772	0.207880054486761	0.112948069638559	0.0466636188912317	0.0160536906072537	0.00425133573423398	0.000987417041418646	0.000174158596281714	1.71048621348112e-05	6.21994986720407e-06	
0.0913157210050151	0.226097239121866	0.272448396148076	0.213680220483874	0.119318668683718	0.0520003552170953	0.0184759628642338	0.00512727833596371	0.00125104968209628	0.000263296882035207	1.55796971618466e-05	6.23187886473863e-06	
0.0844515582629506	0.217034832674183	0.268022781485769	0.217211987474845	0.126362654524829	0.0576623336260014	0.0211093930894088	0.0062330518022393	0.00154621953209377	0.000344985664447052	1.70938842744035e-05	3.10797895898245e-06	
0.0773039232423942	0.207237464962736	0.263927215612264	0.221075438373216	0.134002986121674	0.0630981167567366	0.0233597283312174	0.00747306437544427	0.00194625601802848	0.00050441244486384	6.82896848431044e-05	3.10407658377747e-06	
0.0711955117328211	0.196592080151186	0.261616847191564	0.223807804030598	0.141421201582849	0.0679435728674037	0.0262443453001778	0.00826138801281472	0.00224475626803822	0.000540173665054967	0.000124535715286448	6.22678576432239e-06	1.5566964410806e-06	
0.0653375280954958	0.185761725238919	0.256691056390643	0.228866181991743	0.14707299915616	0.0735840727979448	0.0294844778722137	0.00987651239945283	0.00257987231659744	0.000625470857893333	0.000104505105932303	1.40379993043391e-05	1.55977770048213e-06	
0.0590892954605521	0.175119127860515	0.249908122588707	0.232026823512485	0.154185152923109	0.0803641942390126	0.0336732667228618	0.0113959267420348	0.00321844616922021	0.000830415411008712	0.000178281274679837	6.25548332209953e-06	4.69161249157465e-06	
0.0545795536583069	0.165573307385668	0.244568253868609	0.231990960168241	0.160995323142597	0.0866646787407012	0.0367698295615054	0.0134718603848206	0.00401613358862488	0.00113939546125114	0.000208732226372454	2.19718133023635e-05	
0.0512551826822169	0.157824110205212	0.237573683626087	0.231999612129705	0.165945926501707	0.092500809366442	0.041290982484841	0.0153177486631769	0.00449491624034821	0.0014529496128335	0.000290902721191638	5.00477799899592e-05	3.12798624937245e-06	
0.0466602193344851	0.150692305766294	0.230787889030772	0.233352737925336	0.17085586769824	0.0973500212824557	0.0455554094994867	0.0174610030296202	0.00520794211172037	0.00156332156538722	0.000406870477478154	9.07634142066652e-05	1.56488645183905e-05	
0.0433135954265089	0.14074069448499	0.225177617744446	0.23227920525914	0.176977680501935	0.103701286840754	0.0492599455789534	0.0195484895271489	0.00638815038692646	0.00203415443650175	0.000421505524064063	0.00014518523606651	1.24890525648611e-05	
0.03963131913937	0.133487574818048	0.216798271496236	0.232550261180166	0.181044845555566	0.109005641991151	0.0546417632237095	0.0223634541350144	0.00764026139872673	0.00214501821860452	0.000521423642659323	0.000128014187718756	2.49783780914646e-05	1.71726349378819e-05	
0.0363102856250975	0.12637896051194	0.21220852192914	0.229767441860465	0.184632433276104	0.115172467613548	0.0587388793507102	0.0245965350398002	0.0087248322147651	0.0025799906352427	0.000710160761666927	0.000121741844857187	4.52629936007492e-05	1.24863430622756e-05	
0.0328686784690461	0.119140362449551	0.206168582495256	0.229635268335839	0.187566235982981	0.120597163302374	0.063116053257638	0.0268804766802447	0.0096770966521716	0.00323559846066794	0.000890961894966534	0.000162561468555297	5.001891340163e-05	1.09416373066066e-05	
0.0300436369667223	0.111179606250303	0.199213940047283	0.229238801696663	0.191422183350362	0.124658719492065	0.0681747418785018	0.0294569082997855	0.0114983172621832	0.0036377177350083	0.00115781123608866	0.000265983662344693	4.53736835764476e-05	6.25843911399277e-06	
0.0280745108466146	0.105750973614652	0.191691821636924	0.227148599402537	0.195013841750473	0.129658882962917	0.0719051566385661	0.0321769867213038	0.0124544473466068	0.00444187246821089	0.00126530803759951	0.000306551761890611	9.85344948934107e-05	1.25123168118617e-05	
0.0264372921756376	0.100143580631942	0.183997484992852	0.223435237001886	0.198874815832033	0.13533491199039	0.0755487501603161	0.0353274045063673	0.0139232547445735	0.00493304262686866	0.00147177968036887	0.00039727102955759	0.000132945029576359	3.91014792871644e-05	3.12811834297315e-06	
0.0241938886987345	0.0953111055888195	0.177432790846333	0.219207884582022	0.201004640287826	0.141396712569413	0.079331886076167	0.0384460896705536	0.0157557229956035	0.00565618108531784	0.00162074047678215	0.000484502939057345	0.000104715151344652	4.21986430791881e-05	7.81456353318298e-06	3.12582541327319e-06	
0.022284556646408	0.089063425276609	0.171084618980832	0.21695652173913	0.201290322580645	0.146594982078853	0.0851176562256506	0.0412934393018545	0.0175409069658719	0.00611500701262272	0.00197755960729313	0.00050958391771856	0.000109085242325074	4.83091787439614e-05	9.35016362786349e-06	4.67508181393174e-06	
0.0204723428767145	0.0834897949652048	0.164586738903679	0.212130836174552	0.202073700434356	0.151289835442841	0.0900471720143851	0.0455513521087292	0.0200691233478119	0.00705400650755842	0.00240219201967836	0.000642971681223047	0.000119876076160229	4.51481325798266e-05	1.24546572634004e-05	1.55683215792505e-06	1.08978251054754e-05	
0.0189814800377946	0.0782584562228507	0.158023082128346	0.207932493661926	0.202961821872827	0.154764392028215	0.0957431216691977	0.0494042366089665	0.0219766684025558	0.00823871698042603	0.00260383371637234	0.000831043934626623	0.000185542642064856	7.01631839741051e-05	2.02693642591859e-05	3.11836373218245e-06	1.55918186609122e-06	
0.0178739976301574	0.0732131089548431	0.151438262783297	0.204199348528084	0.203477751811427	0.158784148664576	0.100511691901681	0.0528643946022687	0.0241633156508223	0.00913970331574474	0.00300847915274215	0.000940736717376706	0.000297404286691471	6.41767144965806e-05	1.5652857194288e-05	7.82642859714398e-06	
0.0167224866141782	0.0692146462352082	0.145353263508793	0.201124127062701	0.202845720766587	0.162000557677305	0.104595824939454	0.0570115389073911	0.0261121432666731	0.00994263442999427	0.00346041900990347	0.00114511828711609	0.000297636764093101	0.000120621214921941	5.16948063951175e-05	1.56650928470053e-06	
0.0148628299329099	0.0655420276062	0.139334921623813	0.195641488818832	0.204194464358949	0.164630691156812	0.109247670002912	0.0606378415946353	0.0288177671474324	0.0115427601817038	0.00378810410085749	0.0012507004861922	0.000342807767804872	0.000103311930023386	5.32212972847746e-05	9.39199363848964e-06	
0.0137644772833672	0.0605646394947023	0.13300703176743	0.191028898982735	0.204419162857988	0.168641855847985	0.11340858310904	0.0639262971818129	0.0311270399719418	0.0131256527205628	0.00485537982660923	0.00149528788597608	0.000444671999599169	0.000122128225242025	5.79326196660889e-05	1.0960225342233e-05	
0.0127867961884545	0.0568685852094576	0.126924339032229	0.186163757032031	0.202541344340697	0.172332852363061	0.118494536879011	0.0680507515225928	0.0336124426329119	0.0142987908752769	0.00542465383486129	0.00177890963672875	0.000486727261593922	0.000147588266418802	7.53642211500266e-05	9.42052764375333e-06	3.14017588125111e-06	
0.0113902568042419	0.0540734140228466	0.122405508885502	0.180488734115039	0.201055743775111	0.174229209435887	0.122747137873273	0.0728189271905188	0.0364409501379111	0.0154221085907883	0.00596512550535901	0.00207024017934735	0.000610838927442411	0.000207811181501026	4.7229813977506e-05	1.88919255910024e-05	7.87163566291767e-06	
0.0109189010104835	0.049817387257338	0.116217431431479	0.176425207657903	0.199681315127277	0.176177516939994	0.126590466273832	0.077041279156905	0.0397251737384733	0.0173067972959115	0.00668291643987978	0.00236489417926813	0.000700475660837258	0.000219293055982835	9.78141688556531e-05	2.68200140410662e-05	6.31059153907439e-06	
0.00947360945624985	0.0472449519060056	0.110015702551073	0.171874284902668	0.198210382621458	0.176799678058249	0.131342765384949	0.0811813999731715	0.0424552792923594	0.0193496461007962	0.00775027420283908	0.00295586715168349	0.000927949751836567	0.000258815917178907	0.00012625166691654	2.20940417103945e-05	9.46887501874048e-06	1.57814583645675e-06	
0.00869900555699555	0.0436072424278823	0.105739383862586	0.167141339874446	0.195400464031256	0.179475467666378	0.133902098255774	0.0854601432554258	0.0455812718502456	0.0210473577402816	0.00880489824818718	0.00345336612318955	0.0011901074099596	0.000305034170149008	0.000134341473899822	3.63512223493637e-05	1.73853672105652e-05	4.74146378469961e-06	
0.00851865931698663	0.040229994297662	0.100332636380916	0.162000253437243	0.19398244947095	0.180086168662485	0.138025090287018	0.0883814864094279	0.0491256415130203	0.0236425267693087	0.0100947221694228	0.00367325603497434	0.00135905721345752	0.000380155863904201	0.000106126845339923	3.48476208578851e-05	2.534372426028e-05	1.5839827662675e-06	
0.00775399371169054	0.0388239590942294	0.0951281481246229	0.157698415218979	0.190318226569695	0.180971512052593	0.140418267856576	0.0938291993521136	0.052073871756598	0.0256566201924604	0.0110950551021056	0.00418903039349573	0.00142916124114714	0.000414456759932671	0.000142916124114714	4.12868802998063e-05	1.27036554768635e-05	3.17591386921587e-06	
0.0069196385933411	0.0359798921383227	0.0919976059037395	0.151582586770071	0.187942923726385	0.181889234844288	0.143375166345119	0.0973699961159609	0.0561832629749193	0.0276307997937002	0.0122538251418311	0.00446823683724603	0.00164116572112599	0.000523708556983948	0.000157590112891826	5.09382183084691e-05	2.70609284763742e-05	6.36727728855864e-06	
0.00629816869124917	0.0334123998690211	0.0876121107570421	0.14827131801519	0.18465470286157	0.182661267779987	0.14693597207913	0.100272340289591	0.0586801479103274	0.0300820215476276	0.013232064275503	0.00512415043406729	0.00186724808523213	0.000630934981750805	0.000166119590131857	7.66705800608573e-05	1.43757337614107e-05	7.9865187563393e-06	
0.00573482330847549	0.031396515201528	0.0831893885739374	0.144298345409738	0.183554404709638	0.181003457878933	0.149574895606667	0.10331334664355	0.061895712422406	0.0324636826570867	0.0145974407209309	0.00571879977310674	0.0021695866889287	0.000796369707826856	0.000201896545646245	7.05035556224983e-05	6.40941414749985e-06	6.40941414749985e-06	8.01176768437481e-06	
0.0050385546417865	0.0290819025633627	0.0790778948043412	0.139202295644368	0.181742253001812	0.182415556517418	0.15167283861556	0.105888199554337	0.0642588050465702	0.035047051090912	0.0162089805864153	0.00654386893024896	0.00239503679122782	0.000984305615671941	0.000315811410891486	8.97738020808285e-05	1.60310360858622e-05	1.60310360858622e-06	1.4427932477276e-05	4.80931082575867e-06	
0.0048839578670389	0.0270302359349554	0.0747595324621148	0.134512606997024	0.177770290325945	0.182979952347717	0.154287502105846	0.10953607213625	0.0681555999454486	0.0364291272572662	0.0177613053837453	0.00763720086961405	0.00265055794886605	0.000956254562665961	0.000463687195655139	0.000134774132993189	3.52979872125019e-05	9.62672378522779e-06	3.20890792840926e-06	3.20890792840926e-06	
0.00465258008901006	0.0253414057174933	0.0711695601619823	0.129462331101399	0.174418026542641	0.183240447455996	0.155865442444168	0.114696283228419	0.0712192774948879	0.0381428170482338	0.0187049436670542	0.00821619020889299	0.00317870173609719	0.00110821538831643	0.000402550018042581	0.000149151998716972	2.40567739866084e-05	4.81135479732168e-06	0	3.20756986488112e-06	
0.00426401521668175	0.0238234967818905	0.0671116120453606	0.125164603528585	0.170116842377751	0.183244928442686	0.158673781933888	0.117381007124378	0.0751299543853274	0.0406705372948586	0.0199952086103523	0.00883191387075146	0.00359836578240338	0.00129592619330524	0.00050486454677152	0.000154353492006579	3.53726752515078e-05	3.21569775013707e-06	
0.00403992968721102	0.0224608511192632	0.0637462949888468	0.119460978171192	0.166336706910499	0.180548832167618	0.160698174472855	0.12155009786215	0.078510050772524	0.0436946057610813	0.0224190365603987	0.0101046489748196	0.00413803307531606	0.00148924159647986	0.000582187319574199	0.000180124253569918	4.02063066004281e-05	
0.00360737457566222	0.0208177252756282	0.0617265452178522	0.11599344582413	0.161339384829048	0.178443399342327	0.161977401949175	0.124281223768393	0.0824782131653866	0.0467556990557024	0.0238160835093519	0.0114391958406439	0.00466751413385148	0.00171749053044034	0.000705685602563669	0.000172393514781536	5.47792476875907e-05	6.44461737501067e-06	
0.00329991686007133	0.0196117140628461	0.058252520680656	0.111840859262398	0.159253088857003	0.176808774954016	0.162886849446108	0.127566824921434	0.0848637179277292	0.0500524840862472	0.0255069449125747	0.0120215842810964	0.00508309177813516	0.00191478638816396	0.000717443013838465	0.000224702509927036	7.70408605464123e-05	1.76551972085528e-05	
0.0031395695900683	0.0181335282728856	0.0552209909037076	0.10832392952169	0.155401512164835	0.175392925034995	0.164411614013302	0.129769408429752	0.0877467403223206	0.052806060151408	0.0276942917932257	0.0130770176163851	0.00565505595201422	0.002127629010453	0.000746984528801202	0.00024580260135766	7.66137978257643e-05	2.71340533966248e-05	3.19224157607351e-06	
0.00278190708812718	0.0167902273165431	0.0519576117662242	0.103520084381328	0.152045721423712	0.17520119433995	0.165274916471089	0.131756600656122	0.0917710678476229	0.0552939883083424	0.029552584576508	0.0140577126223059	0.00646243708444665	0.00238836124003588	0.000767972059838089	0.000269268211851944	6.37321211483891e-05	3.18660605741945e-05	1.27464242296778e-05	
0.00242018562186829	0.0154254988846447	0.0489004873808019	0.0995524248826926	0.147973651821269	0.173823463381159	0.165075766140011	0.134883950507204	0.0952550031764936	0.0585239096824939	0.0318318098370992	0.0152312471439421	0.0068147331984186	0.00281028133065627	0.00101743329761437	0.000323222158710041	9.71258703512931e-05	3.18445476561617e-05	7.96113691404042e-06	
0.0022282758993366	0.0143995575235304	0.0459101124309823	0.095283429701233	0.144129081066648	0.170885874765173	0.166316478751911	0.137509416929175	0.0988308703626591	0.061593868903631	0.0337531350030039	0.0165229359839539	0.00766228110606403	0.00317712091495996	0.00120473119236601	0.000400517494031971	0.000144631317289323	4.13232335112352e-05	6.35742054019002e-06	
0.00219984488476588	0.0138683804415233	0.0432070471166489	0.0903538308546088	0.140296812524683	0.168691782223287	0.167137457791368	0.140575956504293	0.102196831398622	0.0648978031686014	0.0353719831435101	0.0176875776170938	0.00789374765067034	0.00354956946799281	0.00139413385271031	0.000461539193559387	0.000149088261837053	5.07534508381457e-05	1.58604533869205e-05	
0.00191229367773584	0.0131094843444784	0.0415931776947537	0.0869303419370745	0.135009514056149	0.166769393186545	0.167728700841409	0.142344187575464	0.105659757122899	0.0675023864160772	0.0377575274832951	0.0192635930891919	0.00852630114990486	0.00356856125977482	0.00145081454228224	0.000633743607249648	0.000172264471796039	4.42514239476063e-05	2.3706119971932e-05	
0.00178360221412689	0.01198687924808	0.0399252495623788	0.0825661162889719	0.131451956285187	0.164140291116683	0.166228256927032	0.145544148491587	0.107746290075854	0.0710949204396713	0.0402280361451483	0.0208433867940894	0.00981060068442384	0.00392834050874454	0.00159593761334784	0.000736465282048856	0.00027913138099068	8.98897667597105e-05	2.05011748750217e-05	
0.00169887583680687	0.0110426929392447	0.037793671845396	0.0797129594543388	0.127090438297335	0.162678413540483	0.166723506378679	0.146444360237464	0.111156372363269	0.0730816597195908	0.0426092585575344	0.0222780093469749	0.0105042945560187	0.00437350006315524	0.00169571807502842	0.000656814449917898	0.000329986105848175	8.3680687128963e-05	4.57875457875458e-05	
0.00156106316617739	0.0103349333704112	0.0351918622472358	0.0765868965495448	0.123918078944292	0.158395770593236	0.167412964408392	0.148925110048633	0.113390382713279	0.076743318870852	0.044111094608644	0.0236798114084013	0.0116668931366941	0.00501025435217459	0.00192288853566587	0.000745771067242638	0.000274924079873345	8.69012896151379e-05	3.47605158460552e-05	6.32009379019185e-06	
0.0014606894327656	0.00977586953703733	0.0331706129520786	0.073568793097452	0.120181226662957	0.155670921214459	0.166254596271132	0.150220209997818	0.116766627988959	0.0788566785439898	0.0473522632782044	0.0251052044174789	0.0126909250716908	0.0054222562276905	0.00219893831274562	0.000878942992010471	0.000317747376608102	7.42991378138348e-05	2.84549889499793e-05	4.74249815832988e-06	
0.00134385412297294	0.00907774251501745	0.0313106930583366	0.0700339524981599	0.117505718107208	0.154527395471417	0.164941077774172	0.150875721193798	0.118775177478968	0.0820922336628335	0.0496513735328801	0.0271430041233687	0.0130349101327234	0.00594841436293559	0.00220651666363284	0.00102886358060355	0.000368808021970195	9.972062396619e-05	2.21601386591533e-05	1.2662936376659e-05	
0.00113799674586744	0.00842972276563281	0.0297699315619203	0.0662396409058391	0.113043120421898	0.152138610852595	0.165227947554019	0.151342487955278	0.121343057745025	0.0849224136293708	0.0527197963951302	0.0289579811716143	0.0142574056839693	0.0062692699727134	0.00249916114287161	0.0010762695232126	0.000477990288250302	0.000102878704424734	3.79859831722095e-05	6.33099719536824e-06	
0.00105496076716367	0.00783707736326237	0.0280869464816979	0.0636978035621929	0.109110147710324	0.148286044624682	0.164379336687486	0.152286038298081	0.122396010445219	0.0877515417136549	0.0561849645156749	0.0312486654825378	0.0158718610172226	0.00723288693888978	0.00273941836390927	0.00118149279321029	0.000433372189209665	0.000164491633860603	5.21944607442297e-05	3.16330065116544e-06	1.58165032558272e-06	
0.000961585526637814	0.00728847092111683	0.0265722870735431	0.0614246308001055	0.105237562151741	0.143952037566573	0.162577428161351	0.153878947592799	0.125366120926091	0.0907616736325038	0.0582951357035601	0.033432860330097	0.0170732747118796	0.00784268523942532	0.00331107528630459	0.00131843007346892	0.000483161200576636	0.000148422068150993	5.36845778418484e-05	1.89474980618288e-05	1.57895817181907e-06	
0.000926750462981205	0.00686867094842192	0.025217699672958	0.0580275030537058	0.10159265534497	0.14080460223019	0.160490169037393	0.154365420229323	0.128589778951101	0.0935245675558533	0.060676937625596	0.0353504866227984	0.0188344694432405	0.00855668072028055	0.00385673194373301	0.0014846920682454	0.000605224792150991	0.000170219472792466	4.41309744276764e-05	7.88053114779936e-06	4.72831868867962e-06	
0.00104039351540747	0.00645581568907097	0.0236175652578136	0.0560595016546684	0.0974285836259769	0.138475111984606	0.15826156251927	0.15490953477966	0.129487882894065	0.0965336554653073	0.0636379304074769	0.037773557877028	0.0200157165828923	0.00952956188048756	0.00421849528739685	0.00153845424086849	0.000686216999524075	0.00025930780627177	4.58532096456179e-05	1.58114516019372e-05	6.32458064077489e-06	3.16229032038744e-06	
0.000994227169861345	0.00612791127074857	0.021947170240098	0.0539439255876198	0.0937619346713842	0.135001846421887	0.156701248938702	0.155847476083313	0.132323745616721	0.0980465803319772	0.0662029044058467	0.0395970697126841	0.0213585246300055	0.0104046662395172	0.00477544669206417	0.00174068661643978	0.000819053811361965	0.000287221182404388	8.04850566078232e-05	2.52502138377484e-05	9.46883018915566e-06	3.15627672971855e-06	
0.000906962353189406	0.00573779655385797	0.020398780009668	0.0516134009986033	0.0920377837996999	0.130604153446693	0.154476473302083	0.154747302338105	0.135535761242161	0.102036413908646	0.0684772322532188	0.0414226712245724	0.0222315997650716	0.011275620505537	0.00517881802020826	0.0020075989588828	0.000866023080302384	0.0003038953718152	0.000122817818661065	1.10221119311212e-05	7.87293709365803e-06	
0.000803377013355553	0.00559534009888926	0.0192967699841997	0.0491978021114194	0.0883305951435781	0.128276198187292	0.1518335390251	0.154654005486861	0.136970278194839	0.105133909270279	0.0712395745717812	0.0432707349091681	0.0238670576120365	0.0121905780069647	0.00562992775895545	0.00234881655176751	0.00086311933528806	0.000301855942395824	0.000146211472097977	4.40206582660577e-05	6.28866546657967e-06	
0.000642495837129662	0.00494203399415627	0.0182867824939521	0.046342957680103	0.0859263564673725	0.125556882088661	0.150366018410883	0.154810078858902	0.136582990354708	0.107070595997361	0.0741619278016903	0.0459109617015929	0.0252631248232744	0.0134060133840209	0.00647679788871784	0.00280247572968048	0.000918973263376166	0.000362876621948537	0.000114675296113607	4.39850450846712e-05	1.09962612711678e-05	
0.00051030051030051	0.00434700434700435	0.0171533421533422	0.0438511938511938	0.0822717822717823	0.121939771939772	0.15007245007245	0.154699804699805	0.138327663327663	0.109820134820135	0.0764836514836515	0.0477020727020727	0.027019152019152	0.0145136395136395	0.0065976815976816	0.00294682794682795	0.00114187614187614	0.000406350406350406	0.000135450135450135	5.51250551250551e-05	4.72500472500473e-06	
0.000575291693322372	0.00406948140440334	0.0159478402198054	0.0415184557033255	0.0784047129907466	0.118682990699451	0.147640911098571	0.155803451435793	0.140371173170659	0.111287505953326	0.079456270758049	0.0507514158305813	0.028277315745545	0.0150173137650326	0.00707011485400008	0.00316724798372836	0.0013156260855487	0.000405533488735443	0.000160327193220989	6.60170795615837e-05	1.10028465935973e-05	
0.000513911068162579	0.00385275659689982	0.014873469104644	0.0391423675536099	0.0762558898780013	0.114909568992561	0.144904004250013	0.154857484263444	0.140920405264593	0.11438935226712	0.0819593568860142	0.0532733455137613	0.0308157471179205	0.0162071156189554	0.0075352604472918	0.0033530332576129	0.0014834058746656	0.00052967521135775	0.000118231073963783	9.7737687810061e-05	7.88207159758556e-06	
0.00048404536196535	0.00357690663582187	0.0140263144660414	0.0374475093665921	0.071905881465463	0.112480826774623	0.142532500188589	0.154339749553672	0.141905441424225	0.115883288491036	0.0847975181674168	0.0555394905579723	0.0331225326259147	0.0170437400990721	0.00866881239156127	0.00374506525182931	0.00158886318489276	0.000664776584777088	0.000155586009203148	6.44346098720109e-05	2.35736377580528e-05	3.1431517010737e-06	
0.000501305744807177	0.00319739070359828	0.0136214170346825	0.0353733866179565	0.0687822813484498	0.109842355009063	0.140575530326648	0.152310784496493	0.142590152788592	0.117999539425347	0.087797434881167	0.057900813525229	0.0345932295526003	0.0186329079023018	0.0090658010787473	0.00437075946253758	0.00182193306628359	0.00065796379005942	0.000260052355118723	7.6762442173599e-05	2.03655458827916e-05	7.83290226261215e-06	
0.000430138473305606	0.00315799846401462	0.01281969064441	0.0340998140237655	0.0669952403222754	0.105674855981818	0.138488947005376	0.15143376884202	0.143433193238536	0.119603521817405	0.0903024890158275	0.0594388804512231	0.0365555136713648	0.0199552968815743	0.00999798225952522	0.00455946781703943	0.00193796933972962	0.00077894167165888	0.000242441684954069	8.44635547581918e-05	7.82069951464739e-06	1.56413990292948e-06	
0.000335787969419868	0.00308768751415385	0.0123179521619279	0.0322700047635038	0.0643713346400431	0.103689763152346	0.135592743856252	0.15033149300702	0.143603239182552	0.121620840719367	0.0928367836197943	0.0614257713362018	0.0380033891157844	0.0212624065845678	0.0108030017882662	0.00509772991714627	0.00210375067352819	0.000813700149152331	0.000331102555893079	8.43374434821993e-05	1.71798495982258e-05	
0.000318563839256435	0.00285458185372923	0.011735329666726	0.0309366089191629	0.0625275229787593	0.0999259807549963	0.133284611804976	0.149737497150103	0.144549903650054	0.122995312114483	0.0935484576200783	0.0650869648049421	0.0392817322377236	0.0221589258776902	0.0114823525002577	0.00573727228151049	0.00243295324294865	0.000911967069243911	0.000345110825861137	0.000106187946418812	3.12317489467093e-05	1.09311121313482e-05	
0.000344018131779181	0.00268832268589432	0.0108996151978182	0.0296991942815158	0.0602296359945704	0.0970473593105939	0.130832741808944	0.148987870636729	0.146203036076761	0.124243471438712	0.0948758421439335	0.0663986127196423	0.0415047757811235	0.0234866315487977	0.012157382847038	0.00607713478038879	0.00258402759616941	0.00113790612819267	0.000448313221504091	0.000105851732855133	3.11328626044508e-05	1.08965019115578e-05	6.22657252089015e-06	
0.000362803634858297	0.00266986264626491	0.0103461053649975	0.0285994694384451	0.0580857922065438	0.0944839893515583	0.128519311541342	0.147071911091403	0.146699804799241	0.126113024185359	0.0976608468208944	0.0679652142634544	0.0429875794020562	0.0248334436731852	0.0127384387350247	0.00616766179259105	0.00276909099084153	0.00120314367799162	0.000545755895171456	0.000130237202256825	2.94584147961865e-05	3.10088576801963e-06	1.24035430720785e-05	1.55044288400982e-06	
0.000389299988987929	0.0023559628815644	0.0102272674397865	0.0272044693499931	0.0556543884655532	0.0912140731170521	0.126783063744383	0.145529952058714	0.147453187064073	0.126992448200612	0.100378908315975	0.0699452653521459	0.044896680403321	0.0259171426931804	0.0134471350777902	0.00657622292154907	0.00283677163290407	0.00124544976556696	0.000702601175344748	0.000192323500535869	3.41219113853961e-05	1.55099597206346e-06	1.39589637485711e-05	7.7549798603173e-06	
