# <P(N_1)> as a function of N_tot.
# number_of_species: 2
# species_total_upper_bound: 100
# species_total_lower_bound: 0
# volume: 512
# Bin widths for each species index 
1	1	1	1	1	1	1	1	1	1	1	1	1	1	1	1	1	1	1	1	1	1	1	1	1	1	1	1	1	1	1	1	1	1	1	1	1	1	1	1	1	1	1	1	1	1	1	1	1	1	1	1	1	1	1	1	1	1	1	1	1	1	1	1	1	1	1	1	1	1	1	1	1	1	1	1	1	1	1	1	1	1	1	1	1	1	1	1	1	1	1	1	1	1	1	1	1	1	1	1	1	
# Bin lower bound for each species index 
0	0	0	0	0	0	0	0	0	0	0	0	0	0	0	0	0	0	0	0	0	0	0	0	0	0	0	0	0	0	0	0	0	0	0	0	0	0	0	0	0	0	0	0	0	0	0	0	0	0	0	0	0	0	0	0	0	0	0	0	0	0	0	0	0	0	0	0	0	0	0	0	0	0	0	0	0	0	0	0	0	0	0	0	0	0	0	0	1	0	0	0	0	1	1	1	0	0	1	1	1	
# Bin upper bound for each species index 
0	1	2	3	3	4	3	4	4	4	5	6	6	6	6	6	7	7	7	7	6	7	7	7	8	9	8	9	9	9	9	10	10	10	10	10	10	10	10	10	10	11	11	11	12	12	12	12	12	12	12	11	12	13	13	13	13	14	14	14	14	14	14	15	15	15	15	15	15	16	16	17	17	18	18	18	18	18	18	16	16	16	16	16	17	18	18	18	18	17	17	16	16	17	17	18	18	18	18	19	18	
# Normalized histogram for each species index 
1	
0.926559232377906	0.0734407676220937	
0.851836089494163	0.142084143968872	0.00607976653696498	
0.777405457156534	0.204523695548109	0.0172929631402585	0.000777884155098133	
0.717200445158897	0.251020155805614	0.0302955360455051	0.00148386298998392	
0.660182252956763	0.28824403800168	0.0486007884702385	0.00284366315517353	0.000129257416144251	
0.612419418497566	0.316603078542297	0.0651887909485594	0.00578871201157742	
0.555629669156884	0.340381536819637	0.0950506937033084	0.00867129135538954	0.000266808964781217	
0.521479793579519	0.354399839152872	0.108035654446753	0.015079418269553	0.00100529455130353	
0.473466901313118	0.375186137809666	0.124949235142818	0.023081088398538	0.0033166373358603	
0.442121973806059	0.382921021299114	0.139701018653261	0.0302288662521498	0.00456409577986506	0.000463024209551528	
0.41362419175756	0.374436679511462	0.16060348768859	0.0442818888380903	0.00620468943896545	0.000783750244921952	6.53125204101626e-05	
0.380108093857105	0.377537569206433	0.174597943580279	0.0560242552069602	0.0104798312681255	0.00118639599261798	6.59108884787767e-05	
0.342733931138339	0.389349031418988	0.188993086453556	0.0633855842289	0.0131425833390376	0.00225888151139708	0.000136901909781641	
0.326173054977512	0.381217694837887	0.203061018997114	0.0709538833322145	0.0153050949855676	0.00322212526011949	6.71276095858227e-05	
0.275523475094291	0.391468331382494	0.231239432956171	0.079464169592925	0.0175575497463909	0.00383664975939654	0.000910391468331382	
0.251932905254881	0.36581050976281	0.250819027650373	0.098938540165116	0.026339929236011	0.00380028829773293	0.00157253308871708	0.000786266544358538	
0.242099552420996	0.352502373525024	0.253492472534925	0.110267191102672	0.0335006103350061	0.00630679506306795	0.0014919300149193	0.00033907500339075	
0.220514603616134	0.350139082058414	0.25	0.122739916550765	0.0432545201668985	0.0105006954102921	0.00187760778859527	0.000973574408901252	
0.19765045342127	0.334363836218741	0.266075845012366	0.132247870294037	0.0540670513877439	0.0136026380873866	0.00171750480901347	0.000274800769442154	
0.182334210161983	0.326387927453966	0.274401218330334	0.140800221514606	0.0572476810189672	0.0162674788868891	0.00256126263325488	
0.168964322826463	0.311742293037755	0.277312088673363	0.157880152407343	0.0606858330446831	0.0198822306892968	0.00332525112573606	0.000207828195358504	
0.149820637265246	0.317577548005908	0.275233874938454	0.165295069283252	0.0639375395653091	0.0218048814799184	0.00555672786101147	0.000773721600900331	
0.147734457323498	0.291675447839831	0.288303477344573	0.172321742184756	0.0689146469968388	0.0233930453108535	0.00632244467860906	0.00133473832103969	
0.14506460636739	0.276941521246836	0.281537231916878	0.186825629412548	0.0746636472625549	0.0256427334487811	0.00752630877847342	0.00146529905421606	0.000333022512321833	
0.136090856294767	0.278699103052204	0.269729625088727	0.185068077692457	0.0868555204233077	0.0323933664580241	0.00838872039749629	0.00219397302703749	0.000451700329095954	0.000129057236884558	
0.117418202691498	0.277249824606161	0.282479749984055	0.185789910070795	0.0912685758020282	0.0329102621340647	0.00969449582243766	0.00267874226672619	0.000510236622233561	
0.108382617639496	0.250835690408845	0.280727693494472	0.200115710979686	0.103111339676009	0.0401774235021857	0.0131781949087169	0.00308562612496786	0.000257135510413988	0.000128567755206994	
0.100823574829494	0.233303307167675	0.274675073993051	0.200167288637241	0.113756273323897	0.0521168446789345	0.0185947754471754	0.00443958306524257	0.00199459529018144	0.00012868356710848	
0.0934991974317817	0.225387907972178	0.267322097378277	0.209269662921348	0.116840556447298	0.0557116104868914	0.0227394328517924	0.00648742643124666	0.00220706260032103	0.000535045478865704	
0.0955562980287337	0.210892081523555	0.265419311727364	0.208887403942533	0.132175075175409	0.056331440026729	0.0187771466755763	0.00855329101236218	0.00253925826929502	0.000868693618443034	
0.087815660794427	0.200616250251189	0.261772389309398	0.223926585839641	0.129278585303771	0.0634335856386898	0.0227744658048094	0.00663138857257686	0.0021434791345703	0.00147364190501708	0.000133967445910644	
0.0753192067372997	0.195938603640315	0.261953273566966	0.225210540613964	0.139092637870144	0.0658109209453953	0.0266232002173322	0.0076066286335235	0.00169790817712578	0.000407497962510187	0.000339581635425156	
0.0666397415185783	0.188274098007539	0.255250403877221	0.235123855681206	0.141424340333872	0.0693322563274098	0.0304254173397954	0.010702746365105	0.00181744749596123	0.000605815831987076	0.000403877221324717	
0.0525143435707054	0.181100236247047	0.24812689841377	0.237867026662167	0.156260546743166	0.0769490381370233	0.0310496118798515	0.0116773540330746	0.00310496118798515	0.000607492406344921	0.000742490718866014	
0.0501752697779916	0.160629596535844	0.254656677434875	0.229775242284693	0.166471922468898	0.086603890301739	0.0351914220908653	0.0119595848511925	0.00316172932847618	0.00109973194033954	0.000274932985084886	
0.0508214981899192	0.150236702868282	0.236285157337789	0.238721804511278	0.166527429685324	0.0966304650515177	0.0376636034530771	0.0169172932330827	0.00466443887496519	0.00146198830409357	6.96184906711222e-05	
0.0430039857352633	0.151388014824138	0.222781623662681	0.232431298510594	0.180406964547934	0.0999930074819943	0.0455212922173275	0.01734144465422	0.00510453814418572	0.00167820432137613	0.000349625900286693	
0.0410259994408722	0.139712049203243	0.225258596589321	0.219387755102041	0.187237908862175	0.103648308638524	0.0510204081632653	0.0227844562482527	0.00594073245736651	0.00335476656415991	0.000629018730779983	
0.0407442618497895	0.134931413825886	0.210987369278827	0.221241341844357	0.180836615509982	0.111978812983838	0.0609805785685183	0.0240391144913758	0.0101181583593644	0.00346326225723211	0.000679071030829825	
0.0330933259484907	0.12129603987815	0.212614234284132	0.225491553586264	0.178828579340903	0.118388258100249	0.065148158404874	0.0306701744669067	0.00983107172528385	0.00380780947106065	0.00083079479368596	
0.0310378959276018	0.108526583710407	0.213659502262443	0.229072398190045	0.180429864253394	0.120192307692308	0.0711255656108597	0.0280684389140272	0.0106052036199095	0.00593891402714932	0.00120192307692308	0.000141402714932127	
0.0263042844651705	0.107111629262606	0.206572427863597	0.228431944039639	0.180195278344506	0.121174584669193	0.0759253861847858	0.0335907898571845	0.0141358204605071	0.00415330807344797	0.00196735645584378	0.000437190323520839	
0.0219467736055414	0.101421800947867	0.192052497265767	0.242799854174262	0.19168793292016	0.120962449872402	0.0668611009843237	0.0370397375136712	0.0168428727670434	0.00568720379146919	0.001822821728035	0.000874954429456799	
0.0232643745858794	0.0923212839578885	0.177059559743797	0.224987116248251	0.207612456747405	0.136346904218508	0.0739159243171612	0.0371788264742693	0.0194360597806081	0.0054479864536553	0.0015460502098211	0.000368107192814548	0.000515350069940367	
0.0245333333333333	0.0938666666666667	0.167085714285714	0.213257142857143	0.201828571428571	0.150019047619048	0.0806857142857143	0.0428952380952381	0.017752380952381	0.00594285714285714	0.00167619047619048	0.000228571428571429	0.000228571428571429	
0.0234855970205974	0.0989587291935852	0.164095158470776	0.210306300828456	0.196929391198602	0.145625902561374	0.0884700159610853	0.0465911681994376	0.0174051835524816	0.00532036178460135	0.00197613437713765	0.000760051683514479	7.60051683514479e-05	
0.0240347932244773	0.0839310239584923	0.164657408820388	0.205096902182207	0.20639401800702	0.14565847703342	0.0897298947047154	0.050282313444224	0.0215931634365939	0.00450175492141004	0.00251793071875477	0.00152601861742713	7.63009308713566e-05	
0.020757299270073	0.080139902676399	0.166970802919708	0.206584549878345	0.192138077858881	0.159291362530414	0.0910888077858881	0.0487378345498783	0.0239507299270073	0.00684306569343066	0.00159671532846715	0.00136861313868613	0.000532238442822384	
0.017454706142289	0.0706289586095154	0.155251141552511	0.206584180291648	0.19428487258801	0.163057887759611	0.101414052143173	0.0475033141847106	0.0291648254529386	0.010752688172043	0.00279864486669613	0.00066283694211224	0.000441891294741494	
0.01538123489343	0.0659928220903831	0.138650845967919	0.19849117410093	0.198198198198198	0.167215996484289	0.115212773749359	0.0569105691056911	0.029151102321834	0.010400644546986	0.003735442759833	0.000512707829781	0.000146487951366	
0.0141682572309499	0.0575539568345324	0.142049625605638	0.187564234326824	0.196887388048745	0.166421964469241	0.121347819703421	0.0617383644105124	0.0331082073117017	0.0134341506386727	0.00440463955366319	0.00132139186609896	
0.0117447185699512	0.0615305067218201	0.129265770423992	0.182671000147732	0.207416161914611	0.166198847687989	0.113827744127641	0.0698035160289555	0.0339045649283498	0.016102821687103	0.00517063081695967	0.00214211848131186	0.000221598463583986	
0.0116218431051181	0.0543842658124115	0.129032258064516	0.182969529911346	0.197273336809953	0.169559710943902	0.114877449154436	0.0788199359308649	0.0341205393727185	0.0173582656634135	0.00737540043209417	0.00186247485658944	0.000670490948372197	7.44989942635774e-05	
0.0102440494124736	0.054308526664658	0.127598674299488	0.175956613437782	0.197273275082856	0.164959325097921	0.115848147032239	0.0844380837601687	0.0396956914733353	0.0191322687556493	0.00708044591744501	0.00233504067490208	0.000828562820126544	0.000301295570955107	
0.00935681710960843	0.0508727787387954	0.116291869790848	0.177071866645699	0.195156471143262	0.167715049536091	0.121402736279289	0.0816952350998585	0.0470986004088693	0.0222519264035226	0.00872778738795408	0.00149394558892908	0.000786287152067935	7.86287152067935e-05	
0.00657165479018211	0.0475851148060174	0.109580364212193	0.178068091844814	0.195803642121932	0.1784639746635	0.11464766429137	0.0866983372921615	0.0420427553444181	0.0277117973079968	0.00973871733966746	0.00190023752969121	0.00102929532858274	0.000158353127474268	
0.00723879996782756	0.0413415909273707	0.10078018177431	0.166009812595512	0.196332341349634	0.179120083648355	0.129976674977881	0.0880720662752353	0.0460065953510818	0.0279900265422665	0.0116625110592777	0.00369983109466742	0.00152819110431915	0.000160862221507279	8.04311107536395e-05	
0.00788922878763484	0.0386411205924972	0.100869425213331	0.163339236837868	0.197552729029142	0.168652390919337	0.135726936081146	0.0931412010948317	0.0498309450974078	0.0260827563999356	0.0119948478505877	0.00434712606665593	0.00177105136048945	8.05023345677025e-05	8.05023345677025e-05	
0.00984078726298104	0.0384830786462917	0.100168013441075	0.158652692215377	0.198095847667813	0.164973197855828	0.129450356028482	0.0971277702216177	0.054724377950236	0.0277622209776782	0.0125610048803904	0.00552044163533083	0.00216017281382511	0.000160012801024082	0.000320025602048164	
0.00746753246753247	0.0339285714285714	0.0963474025974026	0.150811688311688	0.195535714285714	0.177678571428571	0.132061688311688	0.0970779220779221	0.0595779220779221	0.0300324675324675	0.0142045454545455	0.00357142857142857	0.00105519480519481	0.000405844155844156	0.000243506493506494	
0.00555417392025201	0.0301749150294288	0.0887009864876067	0.143165050153362	0.185111497968996	0.189836690707121	0.143828235099063	0.0970736964270911	0.0598524413495814	0.0342369228218519	0.0152532537511398	0.00522258144740114	0.00124347177319075	0.000580286827489016	0.000165796236425433	
0.00453159759413364	0.0259536953118563	0.0875834225920738	0.136524676608717	0.174672489082969	0.193046057510093	0.160336162148801	0.0959874763121035	0.0602290516602126	0.0324627173107028	0.0184559611106534	0.00799209030238115	0.00131828293647524	0.000576748784707918	0.00032957073411881	
0.00398373983739837	0.0239024390243902	0.073739837398374	0.138455284552846	0.179268292682927	0.185284552845528	0.160731707317073	0.111707317073171	0.0636585365853659	0.0334959349593496	0.0152845528455285	0.00723577235772358	0.0016260162601626	0.00105691056910569	0.00048780487804878	8.13008130081301e-05	
0.00399584432190522	0.025253736114441	0.0732837848637417	0.135698873171901	0.171901222728363	0.183329337489011	0.157196515623751	0.110604970830336	0.0695276912011508	0.0397186925597379	0.0178214656756973	0.00759210421161991	0.0019180052745145	0.000959002637257252	0.000719251977942939	0.000479501318628626	
0.00451678218207305	0.0241414220076318	0.0723463904680321	0.127326532201542	0.167743945175609	0.178335020637022	0.15933338525037	0.115567323417179	0.0741375282298886	0.0434545596137372	0.0184565065026088	0.00981231991277938	0.00303714663966981	0.00101238221322327	0.000545128884043299	0.000233626664589985	
0.00449194547707559	0.0220724907063197	0.0666047087980173	0.120043370508055	0.16070322180917	0.182620817843866	0.16070322180917	0.118959107806691	0.0765954151177199	0.047320322180917	0.023543990086741	0.00937112763320942	0.0038723667905824	0.00170384138785626	0.00100681536555142	0.00038723667905824	
0.00439814814814815	0.0219135802469136	0.0604166666666667	0.123688271604938	0.159953703703704	0.174537037037037	0.15841049382716	0.117901234567901	0.0846450617283951	0.0445987654320988	0.029320987654321	0.0131944444444444	0.00354938271604938	0.00162037037037037	0.00138888888888889	0.000462962962962963	
0.00326896761441387	0.0195377831838224	0.0585373270488064	0.124752926866352	0.157746693021134	0.175155846130455	0.150524555268359	0.129922457047286	0.0830165729055801	0.0475140641629922	0.0284324159951346	0.0140641629922457	0.00501748517561198	0.000836247529268664	0.00136840504789418	0.00030409001064315	
0.00342023257581516	0.0193053127612678	0.0522155506574447	0.124040434749563	0.168199437561754	0.173975830356464	0.148742114463784	0.125560538116592	0.0844417420384586	0.0562438245800714	0.0252337158926807	0.0120848217678802	0.00440829976438398	0.00114007752527172	0.000532036178460135	0.000380025841757239	7.60051683514479e-05	
0.00223863890754421	0.0227594955600328	0.0565629430639505	0.115215282441609	0.166181628236699	0.17095739123946	0.157749421684949	0.120364151928961	0.079695545108574	0.0534288485933886	0.0320871576748004	0.0134318334452653	0.00544735467502425	0.00186553242295351	0.00119394075069025	0.000298485187672562	0.000522349078426983	
0.00141600834699657	0.0198986436130571	0.0588761365330153	0.114547622596512	0.156357132210464	0.171933224027426	0.158294827843196	0.125279475331644	0.0804888955134893	0.053137576389924	0.0344313608585482	0.0138619764495454	0.00730362200029811	0.00186316887762707	0.00111790132657624	0.000223580265315248	0.000521687285735579	0.000447160530630496	
0.00200385928454802	0.0162535253080006	0.0504675671663945	0.106130325070506	0.160605610805997	0.176488051061303	0.160828261837613	0.128618079263767	0.0863886002671812	0.0530651625352531	0.0299094552471426	0.0173667804660828	0.00578892682202761	0.00371085052694077	0.00155855722131513	0.000148434021077631	0.000148434021077631	0.000519519073771708	
0.00251689918020998	0.0151013950812599	0.0413490579605926	0.097296131166403	0.147346469150007	0.179994247087588	0.174528980296275	0.130303466129728	0.0945634977707464	0.0621314540486121	0.0286926506543938	0.014022724004027	0.00640011505824824	0.00151013950812599	0.0021573421544657	0.000934848266935136	0.000503379836041996	0.000575291241190853	7.19114051488566e-05	
0.00355340771800156	0.0153507213417668	0.0465496411058205	0.0903276241915997	0.141923104256982	0.173335228484116	0.173548432947196	0.138796105465141	0.095373463151162	0.0626821121455476	0.0330466917774145	0.0134318811740459	0.00504583895956222	0.00248738540260109	0.00184777201336081	0.00163456755028072	0.000284272617440125	0.000639613389240281	0.000142136308720063	
0.00351098939681202	0.014324836738993	0.0437469278842778	0.0939540762586897	0.132574959623622	0.165929358893336	0.173583315778386	0.141773751843269	0.0993609999297802	0.0654448423565761	0.0343374763008216	0.0173442876202514	0.00702197879362404	0.00266835194157714	0.00140439575872481	0.00168527491046977	0.000702197879362404	0.000210659363808721	0.000421318727617443	
0.00198736603023635	0.0133437433458727	0.0404570941869544	0.0843920789268224	0.138263893817872	0.162609127688267	0.157569735254454	0.148768542834836	0.10880829015544	0.067854354460927	0.0381148413656044	0.0224998225566044	0.00873021506139541	0.00347789055291362	0.0010646603733409	0.000425864149336362	0.00113563773156363	0.000425864149336362	7.09773582227269e-05	
0.00186714542190305	0.0115619389587074	0.0378456014362657	0.0753321364452424	0.124165170556553	0.168689407540395	0.167899461400359	0.13903052064632	0.113536804308797	0.0746140035906643	0.0452423698384201	0.023770197486535	0.0110592459605027	0.00308797127468582	0.000789946140035907	0.000789946140035907	0.000574506283662478	0	0.000143626570915619	
0.000748334954725735	0.00957868742048941	0.0386889171593205	0.0739354935269026	0.115917084487016	0.162987353139265	0.16747736286762	0.146898151612662	0.115767417496071	0.0787996707326199	0.0454987652473247	0.0244705530195315	0.0129461947167552	0.0039661752600464	0.000748334954725735	0.000898001945670882	0.000598667963780588	0	7.48334954725735e-05	
7.85545954438335e-05	0.00864100549882168	0.0311076197957581	0.0702278083267871	0.109662215239592	0.154281225451689	0.170856245090338	0.152788688138256	0.122780832678712	0.0802827965435978	0.0526315789473684	0.0258444619010212	0.012725844461901	0.00518460329929301	0.00180675569520817	0.000706991358994501	0.000392772977219167	
0.000319590923617769	0.00719079578139981	0.0278843080856504	0.0609619686800895	0.113934164269735	0.149169063598594	0.166506871204858	0.154841802492809	0.124400767018217	0.0838926174496644	0.0545701502077341	0.0290028763183126	0.0162192393736018	0.00806967082134867	0.00239693192713327	0.000559284116331096	7.98977309044423e-05	
0.000576748784707918	0.00675620004943561	0.0251297684765593	0.0584988053060888	0.112795583752163	0.144351981544039	0.169728928071187	0.156298920655846	0.122270742358079	0.0884073494273708	0.0583340199390294	0.0305676855895196	0.016890500123589	0.00601466589766829	0.00263656587295048	0.000576748784707918	0.000164785367059405	
0.000410643889618922	0.00673455978975033	0.0277595269382392	0.0601182654402102	0.105289093298292	0.152759526938239	0.16318988173456	0.155141261498029	0.113255584756899	0.0914093298291721	0.0601182654402102	0.0344119579500657	0.0177398160315375	0.0073915900131406	0.00254599211563732	0.00139618922470434	0.000328515111695138	
0.00100426813959327	0.00535609674449745	0.0251067034898318	0.0577454180266131	0.103606996401372	0.144530923089798	0.168800736463302	0.151728178090217	0.124780316344464	0.0878734622144113	0.0643568499456021	0.0338103606996401	0.0190810946522722	0.00828521215164449	0.00259435936061595	0.000836890116327726	0.000502134069796636	
0.00120037726142502	0.00548743890937152	0.0237503215296236	0.0548743890937152	0.102803738317757	0.141473034382234	0.163508531252679	0.155191631655663	0.126211094915545	0.0882277287147389	0.068507245134185	0.0370402126382577	0.0189488124839235	0.00900282946068764	0.00240075452285004	0.00077167109663037	0.00042870616479465	0.00017148246591786	
0.00159798149705635	0.00613961312026913	0.0194280908326325	0.0518082422203532	0.0966358284272498	0.13986543313709	0.165601345668629	0.154667788057191	0.134314550042052	0.0999158957106812	0.0640874684608915	0.0358284272497897	0.0172413793103448	0.00790580319596299	0.00311185870479394	0.00126156433978133	0.000252312867956266	0.000168208578637511	0.000168208578637511	
0.000500458753857703	0.0063391442155309	0.0188506130619735	0.0497956460088414	0.0844107098173325	0.134790224372341	0.164317290849946	0.164901159396113	0.132371340395362	0.106097255817833	0.0643923596630244	0.0406205688547836	0.0180165151388773	0.00750688130786554	0.00442071899240971	0.00166819584619234	0.000500458753857703	0.000166819584619234	0.000333639169238469	
0.000412235138923242	0.00453458652815566	0.0187154753071152	0.0482315112540193	0.0854151207848957	0.124659906010388	0.156896693874186	0.163987138263666	0.135707807733531	0.103388572841949	0.0760986066452304	0.0438618187814329	0.0206942039739467	0.0100585373897271	0.00461703355594031	0.00140159947233902	0.000577129194492539	0.00049468216670789	0.000247341083353945	
0.00462549703805891	0.0162298141686278	0.0458492250263734	0.0886147853607076	0.119857177635316	0.155562768806297	0.161567800048689	0.136655035299846	0.109470096567394	0.0701939462793151	0.0499066785685304	0.0234520814736671	0.0105493792096081	0.00608618031323541	0.000973788850117666	0.000243447212529417	0	0.000162298141686278	
8.15860324712409e-05	0.00244758097413723	0.0141959696499959	0.0464224524761361	0.0869707106143428	0.128987517337032	0.148731337195072	0.156563596312311	0.147425960675532	0.106551358407441	0.0677979929836012	0.0463408664436648	0.0261075303907971	0.0133801093252835	0.00554785020804438	0.00203965081178102	0.000326344129884964	8.15860324712409e-05	
0.000406834825061025	0.00268510984540277	0.0112286411716843	0.0417412530512612	0.0886899918633035	0.121806346623271	0.148087876322213	0.15459723352319	0.142229454841334	0.117656631407648	0.0737184703010578	0.0467046379170057	0.0255492270138324	0.0140764849471115	0.0065093572009764	0.00406834825061025	8.1366965012205e-05	0.00016273393002441	
8.0945442771572e-05	0.0025902541686903	0.0123846527440505	0.0364254492472074	0.0785980249311964	0.117209001133236	0.14983001457018	0.165452485025093	0.141168852193621	0.113323619880201	0.0813501699854298	0.0473530840213696	0.0286546867411365	0.0137607252711672	0.00728508984944148	0.0040472721385786	0.000485672656629432	
7.93650793650794e-05	0.00222222222222222	0.0115873015873016	0.0326190476190476	0.0684920634920635	0.108174603174603	0.148809523809524	0.163412698412698	0.148650793650794	0.118174603174603	0.0813492063492064	0.0547619047619048	0.0314285714285714	0.0162698412698413	0.00698412698412698	0.0046031746031746	0.00238095238095238	
0.00195710036010647	0.011507750117426	0.0344449663378738	0.065680288085173	0.101221230624706	0.145921402849538	0.154454360419602	0.142555190230155	0.117817441678409	0.0874432440895569	0.065367152027556	0.0364020666979803	0.0198058556442774	0.00986378581493659	0.00289650853295757	0.00234852043212776	0.000313136057617035	
0.00187617260787992	0.0109443402126329	0.0316604127579737	0.0728580362726704	0.100140712945591	0.133364602876798	0.155409631019387	0.133833646028768	0.120465916197624	0.0924015009380863	0.0669949968730457	0.0421357098186366	0.0201688555347092	0.00953721075672295	0.0040650406504065	0.00273608505315822	0.00140712945590994	
0.00239938080495356	0.00975232198142415	0.03328173374613	0.0735294117647059	0.106888544891641	0.127631578947368	0.153482972136223	0.147291021671827	0.112461300309598	0.0893962848297214	0.0627708978328173	0.0375386996904025	0.0251547987616099	0.0103715170278638	0.00456656346749226	0.00263157894736842	0.000696594427244582	0.000154798761609907	
0.000152532031726663	0.0024405125076266	0.0116687004270897	0.0302013422818792	0.0639109212934716	0.10761134838316	0.13827028676022	0.141168395363026	0.145439292251373	0.120729103111653	0.0924344112263575	0.061928004881025	0.036150091519219	0.0241000610128127	0.0143380109823063	0.00541488712629652	0.00305064063453325	0.000686394142769982	0.000305064063453325	
7.60398448787164e-05	0.00258535472587636	0.00950498060983956	0.0303398981066079	0.0632651509390921	0.105543304691658	0.13208121055433	0.145236103718348	0.140597673180747	0.129647935518212	0.0902592958710364	0.0650901072161813	0.0371834841456923	0.0224317542392214	0.0137632119230477	0.00707170557372063	0.00380199224393582	0.0013687172078169	0.000152079689757433	
0.0020269743509784	0.00974506899508848	0.0244016527637016	0.0548842285803383	0.104077336867545	0.130194121774382	0.142433928432213	0.147813206517502	0.12660793638419	0.0943322678724565	0.0715677866999298	0.0382006704607469	0.0229983628284088	0.0148904654244952	0.00849770016371716	0.00413190925391752	0.00257269821470336	0.000623684415685663	
0.00145727872373063	0.0106611443472925	0.0212455898143887	0.0572173646264765	0.0989415554532904	0.130234698573401	0.146801656695812	0.143580303727566	0.126936646724958	0.0974075778493634	0.0662678324896457	0.0487037889246817	0.021092192053996	0.0141892928363246	0.00659610369688603	0.00544562049394079	0.00260776192667587	0.000536892161374444	7.66988801963491e-05	
0.00184516029830091	0.00884139309602522	0.0228338586914738	0.0470515876066733	0.0954870454370723	0.132620896440378	0.154685938340893	0.142154224648266	0.128315522411009	0.0935650034596756	0.0664257707388329	0.0492811563004536	0.0263704159298839	0.0157607442146536	0.0059198892903821	0.00369032059660183	0.00299838548473899	0.0021526870146844	
