# <P(N_2)> as a function of N_tot.
# number_of_species: 2
# species_total_upper_bound: 100
# species_total_lower_bound: 0
# volume: 512
# Bin widths for each species index 
1	1	1	1	1	1	1	1	1	1	1	1	1	1	1	1	1	1	1	1	1	1	1	1	1	1	1	1	1	1	1	1	1	1	1	1	1	1	1	1	1	1	1	1	1	1	1	1	1	1	1	1	1	1	1	1	1	1	1	1	1	1	1	1	1	1	1	1	1	1	1	1	1	1	1	1	1	1	1	1	1	1	1	1	1	1	1	1	1	1	1	1	1	1	1	1	1	1	1	1	1	
# Bin lower bound for each species index 
0	0	0	0	0	1	2	2	3	3	4	4	4	5	7	7	8	9	10	11	12	13	13	13	13	15	16	16	17	18	19	21	21	22	23	24	25	25	26	26	28	29	29	30	30	30	31	31	32	35	35	36	37	37	38	39	41	41	42	44	44	45	46	47	48	49	50	51	52	53	54	54	55	55	56	57	58	59	59	60	62	62	63	64	66	66	66	67	68	69	70	71	72	73	74	75	76	76	77	79	80	
# Bin upper bound for each species index 
0	1	2	3	4	5	6	7	8	9	10	11	12	13	14	15	16	17	18	19	20	21	22	23	24	25	26	27	28	29	30	31	32	33	34	35	36	37	38	39	40	41	42	43	44	45	46	47	48	49	50	51	52	53	54	55	56	57	58	59	60	61	62	63	64	65	66	67	68	69	70	71	72	73	74	75	76	77	78	79	80	81	82	83	84	85	86	87	88	89	90	91	92	93	94	95	96	97	98	99	100	
# Normalized histogram for each species index 
1	
0.0783009731378827	0.921699026862117	
0.00618071550481367	0.14487398299889	0.848945301496297	
0.000453787046593415	0.016676673962308	0.200482563786133	0.782386975204965	
7.79436244898868e-05	0.00181497297026451	0.0312080705055758	0.249308250332652	0.717590762567018	
0.000198903509386285	0.00382118854651961	0.0488069991623641	0.287636886235597	0.659536022546133	
0.000400182460814301	0.00779656178901149	0.0667772998597962	0.315707581358773	0.609318374531605	
1.9565205239003e-05	0.000911179558273566	0.0115239058857727	0.086106468256852	0.339766559151206	0.561672321942657	
0.000145312281682269	0.00191420986446835	0.0173927623305854	0.106214894508872	0.356202319407573	0.518130501606819	
2.80848386806866e-05	0.000241529612653905	0.00291801473892334	0.0246556798777748	0.127875887480902	0.370528893682035	0.47375190976903	
8.49247283824104e-05	0.000464255181823843	0.00489732600338567	0.0329989186251253	0.146837686197467	0.379477656303963	0.435239232959853	
1.13841083539433e-05	0.000116687110627919	0.000811117720218461	0.00724598496728492	0.0436893618353459	0.164767892260799	0.381831532272524	0.401526039724846	
1.419643896525e-05	3.69107413096499e-05	9.93750727567497e-05	0.0014082867453528	0.00999713231932902	0.0529583959159684	0.180328846312191	0.383144851945338	0.372012004508789	
2.84254032143446e-06	3.6953024178648e-05	0.00018476512089324	0.00198693568468269	0.0133030887043133	0.0630503868697378	0.196624199114264	0.383794109119438	0.341016719822171	
2.56746001181032e-05	0.000245335067795208	0.00296398994696769	0.017338913279759	0.0732268122701767	0.212380292176949	0.379750157613517	0.314068825044717	
5.65610859728507e-06	7.63574660633484e-05	0.000608031674208145	0.00400169683257919	0.0214762443438914	0.0840214932126697	0.226414027149321	0.37335407239819	0.29004242081448	
2.81869584580606e-06	0.000180396534131588	0.00104573615879405	0.00543444559071409	0.0268847209772982	0.0959737748538506	0.239129699470649	0.365892089048239	0.265456318670478	
2.82011872699841e-06	0.000152286411257914	0.00150876351894415	0.00735486964001184	0.0321267925379658	0.109586993612431	0.247383634851027	0.357388006035054	0.244495833274581	
8.51215962001719e-06	0.000238340469360481	0.00190104898180384	0.00936337558201891	0.0382933687439174	0.119808646651742	0.255640015094896	0.350343465640668	0.224403226675973	
2.83444301777479e-05	0.000240927656510857	0.00223920998404209	0.0113406065141169	0.0447586896936817	0.13046090877912	0.263886644954833	0.341145058290321	0.205899609697196	
5.43871852341655e-05	0.000455134865906964	0.00301133257191274	0.0144011541533203	0.051544739184822	0.14137233180763	0.272594297360504	0.328255287722522	0.188311335148148	
5.75622391711038e-05	0.000578500503669593	0.00383364512879551	0.0171679378327817	0.0596834076845589	0.151535472729889	0.27468124910059	0.319392718376745	0.173069506403799	
1.72291011003653e-05	0.000155061909903287	0.000887298706668811	0.00507397027405757	0.0206203625002872	0.065708920079943	0.159521375571432	0.278003032321794	0.308360708460637	0.161652041074177	
1.14678241523844e-05	5.44721647238261e-05	0.000223622570971497	0.00141627628281948	0.00629870241569716	0.0237039925229787	0.0726171294889364	0.170578150354642	0.279728900637038	0.294622737254947	0.150744548483094	
2.85513610433809e-06	1.99859527303667e-05	5.42475859824238e-05	0.00043398068785939	0.00171593679870719	0.00792300268953821	0.0275263671819236	0.0803007029345089	0.179128384050068	0.281305139816015	0.285105325970889	0.136484071195674	
1.98699934712879e-05	6.81256919015584e-05	0.000542166964716569	0.00233046637713248	0.00947798688580431	0.0325754350109285	0.0898265633427006	0.187879303982514	0.280385477873343	0.271074966646797	0.125819637230691	
8.48209994175625e-06	8.19936327703104e-05	0.000638984862278971	0.00290653291337514	0.0113744960218951	0.0370328483457078	0.0977505470954462	0.194118511900386	0.280760335438779	0.260440051344978	0.114887216344441	
1.13787325798716e-05	1.42234157248395e-05	7.11170786241974e-05	0.000728238885111782	0.00371231150418311	0.0137085280756003	0.0418964933590872	0.104661582269659	0.201412100713162	0.279359263568427	0.248087661755795	0.106337100642045	
1.13990966215927e-05	8.54932246619455e-06	0.000205183739188669	0.00110856214644989	0.00438010287684701	0.0159131388837435	0.046491215571166	0.112261153303601	0.207685840897109	0.276117467690686	0.236622447671022	0.0991949388011	
1.13492563399783e-05	1.70238845099675e-05	0.000334803062029361	0.00120869580020769	0.00501069667410043	0.0184255176679548	0.0525754299949496	0.118707546688003	0.213173081833813	0.27239350141582	0.226491434148777	0.0916509195734949	
5.64499740330119e-06	2.54024883148554e-05	0.000397972316932734	0.00146769932485831	0.00617280466050986	0.0210784203039267	0.0570455212590602	0.125897554587125	0.216835640255605	0.268515591482828	0.217481992458283	0.0850757558651523	
8.47345126494505e-05	0.000531002945936556	0.00192912240465249	0.00733235982793245	0.0229856487980409	0.0622487974760413	0.133383420845255	0.221843427567526	0.265001539343646	0.207692763955068	0.0769671823232509	
8.48555475728485e-06	0.000107483693592275	0.000554389577475943	0.00229392830271934	0.00810936182971189	0.0256801172137964	0.0670358825825503	0.141541881869764	0.223464256014844	0.263612244089811	0.196678188164348	0.0709137811066295	
1.42225256361025e-05	0.00011378020508882	0.000642858158751831	0.00269374635547781	0.00979647565814737	0.0291191989873562	0.0729843125542234	0.146483480536474	0.229434939056478	0.257476070600617	0.186721850066135	0.0645190652956152	
8.57397626723369e-06	0.000174337517433752	0.000845965658367058	0.00324382102110341	0.0114776962297368	0.0339815259391362	0.0802352699087729	0.154060063561744	0.23112296225164	0.251634771474953	0.174749068294579	0.0584659441662665	
5.72139659290833e-06	0.000228855863716333	0.00115858281006394	0.00390485317465993	0.0136340880809005	0.0368400726617367	0.0864989343898846	0.16091141847725	0.231296039363209	0.245450774534064	0.165657316951068	0.0544133422968547	
3.13419780207256e-05	0.000330515404582197	0.00152720911082808	0.00463006493487992	0.015129627571823	0.041357164633712	0.0929175677485348	0.16667378984349	0.230765285625144	0.237617781728767	0.158108882031644	0.050910769388575	
2.85690614206252e-06	8.57071842618754e-05	0.000428535921309377	0.00168843152995895	0.00516242939870696	0.0176499661456622	0.0457790640204097	0.0975633447514349	0.169817357990338	0.233434943961786	0.231115136174431	0.150947492922015	0.0463247330935437	
1.13815169854914e-05	9.95882736230498e-05	0.000415425369970437	0.00207997222909856	0.00603789476080319	0.0194737755621758	0.0495209804038731	0.103093780854581	0.176592772167638	0.23310484937985	0.225538985963744	0.141108047586123	0.0429225459315345	
1.70241260239302e-05	2.83735433732171e-06	6.8096504095721e-05	0.000513561135055229	0.00207694337491949	0.00746224190715609	0.0219043754841236	0.0557057777046371	0.108721743497493	0.181672960864372	0.232455928793756	0.215922665070182	0.134297655494111	0.0391781886897381	
1.13608284316092e-05	0.000102247455884483	0.000710051776975577	0.00250506266916984	0.00878476058474184	0.0244541831990389	0.0600476586752706	0.116573460536742	0.183892049408243	0.229397847691054	0.211047269566897	0.126440340029595	0.0360337075779566	
3.42750400589531e-05	0.000142812666912304	0.000882582281518042	0.00319900373883562	0.0102196744442445	0.0269830252864108	0.0641285999503012	0.121105141541634	0.187504462895841	0.227494865884625	0.2062986098615	0.119068632911465	0.0329383134966539	
2.86260634582575e-06	3.72138824957347e-05	0.000243321539395189	0.00118225642082603	0.0034580284657575	0.0121689395761053	0.0296165252539132	0.0685909106523307	0.124271466684987	0.189902442375734	0.229274730056222	0.199663930015	0.110894507230944	0.0306928652399437	
1.43179911285727e-05	9.16351432228653e-05	0.00034076818886003	0.00117121167431725	0.00425530696341181	0.0127745116849126	0.0326163837908886	0.0713780493741606	0.128770285013931	0.194143368908769	0.228028326713649	0.193000793216709	0.105159917642915	0.0282551236931254	
5.70390460789934e-06	3.70753799513457e-05	0.000162561281325131	0.000453460416327997	0.00138890077202349	0.00491391381970528	0.0140430131446482	0.0354183956627509	0.0752630213012318	0.134788969789269	0.197774336421998	0.223701434817204	0.185625019607172	0.100109229773241	0.0263149639085436	
5.68765125597559e-06	5.68765125597559e-06	4.26573844198169e-05	0.000127972153259451	0.000637016940669266	0.00159254235167316	0.00559949266150797	0.0160249574137112	0.0386930914944019	0.0783360207485518	0.140203447285426	0.200273576025412	0.219731030972105	0.178924977036108	0.0958994878270044	0.0239023544032374	
8.51438221061743e-06	1.70287644212349e-05	4.82481658601655e-05	0.000170287644212349	0.000587492372532603	0.00199236543728448	0.00615873646567994	0.0178234400942258	0.0407328044955938	0.0844428046375002	0.146478593424059	0.201350948644085	0.217130937007762	0.172651804339497	0.0886517475769487	0.0217542465481275	
1.98287363712846e-05	2.83267662446923e-06	1.69960597468154e-05	6.2318885738323e-05	0.000158629890970277	0.000736495922361999	0.00245309795679035	0.00701653999881028	0.0201403307999762	0.0454502964396088	0.0896202230449574	0.152117567410622	0.203304034014781	0.213238230936794	0.163179169629174	0.0823968976525609	0.0200865099441113	
2.84267768867563e-06	2.84267768867563e-06	1.98987438207294e-05	9.66510414149712e-05	0.000216043504339347	0.000858488661980039	0.00263231953971363	0.00827787742942342	0.0220989763517643	0.0491299984933808	0.0954144766203973	0.156156813472018	0.203811462244976	0.207748570843792	0.156608799224518	0.077960435611929	0.0189635028611551	
1.99631537219874e-05	7.12969775785265e-05	0.000319410459551799	0.000932564466727127	0.00295454675085414	0.00904901239426658	0.0241668235200173	0.0521380537636249	0.100993594679534	0.161099798657335	0.204428397871357	0.201958670568037	0.151583078090154	0.0725346931092897	0.01775009553795	
2.85621254791297e-06	4.85556133145204e-05	0.000137098202299822	0.000294189892435035	0.00106536728037154	0.00321323911640209	0.00982822737736852	0.0258572921962561	0.057329898261709	0.105082915850266	0.164549261097814	0.202636855424233	0.200083401406399	0.144787126478804	0.0683291727837219	0.0167545428060575	
1.43101232674018e-05	5.15164437626466e-05	0.000111618961485734	0.000386373328219849	0.00114767188604563	0.00350598020051345	0.0115597175754072	0.0294559577336199	0.0601740683394247	0.110479875673649	0.165983119778594	0.204886620893352	0.195118530751024	0.137875175656763	0.0646273787002401	0.0146220839546312	
8.60565448870938e-06	4.01597209473104e-05	0.000114742059849458	0.000436019827427942	0.00141706443914081	0.0046814760418579	0.0132240223976501	0.0312127088305489	0.0644362722599596	0.11446667890582	0.170696025335047	0.204587961263081	0.190230861024417	0.131457109418028	0.059576946025335	0.0134133467964017	
2.88223476955092e-06	8.64670430865276e-06	7.2055869238773e-05	0.000135465034168893	0.000435217450202189	0.00181869013958663	0.00535230996705606	0.0140537767363303	0.0337797914991368	0.0689603490962753	0.118877773070128	0.173761287551916	0.201767962807643	0.186299008799463	0.126037244237692	0.0567223802647621	0.0119151585373235	
5.7869030809472e-06	2.02541607833152e-05	6.36559338904192e-05	0.00018518089859031	0.000622092081201824	0.00217298210689567	0.00583898520867572	0.015560982384667	0.0370882618457906	0.0731117335246869	0.123498298650494	0.173896437582463	0.201635957500984	0.179298511608528	0.122682345316081	0.053372607115576	0.0109459271776116	
2.90189000095762e-06	2.90189000095762e-05	0.00011027182003639	0.000203132300067034	0.000792215970261431	0.00237954980078525	0.00639866745211156	0.0175941590758061	0.0400925122532305	0.0766679338253004	0.127186936851972	0.175343801417863	0.200535108516177	0.176170840068136	0.11621198886835	0.0497471002864165	0.0105338607034762	
2.03066890233643e-05	0.000156651601037382	0.000278491735177567	0.00093990960622429	0.00289225270804203	0.00758599882801395	0.0196974883526634	0.0426469479046398	0.081377605783345	0.131613453471574	0.176932181460573	0.198631329159825	0.171304327645526	0.110039046862036	0.0465081197746538	0.00937588841764477	
2.90037501848989e-06	2.90037501848989e-05	0.000147919125942984	0.000316140877015398	0.00113694700724804	0.00338763802159619	0.00880553855613531	0.0214076680114739	0.0457824196668629	0.085639373170951	0.134606404608116	0.179916063146965	0.194380233364174	0.166835371813575	0.105037081294611	0.0436912492785317	0.00887804793159756	
1.16113675288107e-05	4.64454701152428e-05	0.000124822200934715	0.000313506923277889	0.00132950158204883	0.00366628929722198	0.00996545618160179	0.0241022961479288	0.0489303027664083	0.0889866178989231	0.13922029667044	0.179102441290023	0.193407646085518	0.162048245232082	0.10051380301315	0.039745711051119	0.00848500682167842	
4.94912589702907e-05	0.0001542962779662	0.000393018821234661	0.00145271401330441	0.00411359699558946	0.0111413557693707	0.0260644259741772	0.0524054207484825	0.095215359757784	0.139504214035139	0.179793010087483	0.19055299203773	0.15832253744596	0.0946942459133321	0.0382101631755921	0.00793315768788483	
1.16590882592981e-05	8.16136178150869e-05	0.0001544829194357	0.000588783957094555	0.00151859624577358	0.00450915238428355	0.0125160312463565	0.0278710504838522	0.0574326687653026	0.0978809607088726	0.142334149469511	0.180747930511834	0.189148303602658	0.151652675760756	0.0911769849597762	0.0355777078232482	0.00679724845517081	
5.86345193142107e-06	9.96786828341581e-05	0.000175903557942632	0.00060686727490208	0.00175024040152919	0.00527710673827896	0.0137351361493538	0.0305603114665666	0.0596958041137979	0.0999396064451064	0.146266740155264	0.182045523840796	0.184481788118301	0.148664891995215	0.0873712972301053	0.0332868166146774	0.00603642376339799	
5.88134965211817e-06	9.41015944338907e-05	0.000241135335736845	0.000758694105123244	0.00222903151815279	0.00621364590746284	0.0151680007528128	0.0325738550482565	0.0616306630045463	0.102370772044769	0.149986178828318	0.180325121008769	0.183918625646213	0.143910744637679	0.0840738932770292	0.031006475365967	0.00549318057507837	
1.17451536559727e-05	8.51523640058021e-05	0.000367036051749147	0.0010306372333116	0.00251639917079215	0.00687385117715803	0.0164167885226358	0.0344837711339359	0.063673414257442	0.106088100397573	0.151700404620543	0.1822436767029	0.182055754244405	0.140237134652314	0.0792533605820898	0.0283616097907601	0.00460116394472731	
1.1729414145087e-05	0.000108497080842055	0.000510229515311284	0.0010175266770863	0.00258633581899168	0.00782645158830929	0.0178961536318665	0.0358216307990957	0.0678399990616469	0.110628901862924	0.155241728563763	0.182418781137929	0.177196259489829	0.134504124355249	0.0749187004982069	0.0267196054225082	0.0047533450822965	
1.17503290092123e-05	0.000135128783605941	0.000411261515322429	0.00131016168452717	0.00322252773077646	0.00821641755969167	0.0188328398195149	0.0376069279939838	0.0710278012784358	0.115200225606317	0.156940331829291	0.183011374318481	0.173569984959579	0.129089114495206	0.0715771291596165	0.0253601475841324	0.00447687535250987	
3.2453547172706e-05	0.00017701934821476	0.000607766428870676	0.00141910510818832	0.00349318180477126	0.00854118355136216	0.0199707328010952	0.0406170894478767	0.075162415251987	0.118340384604037	0.160388380449983	0.182825582836204	0.168994471095691	0.125624730783075	0.0663734046131242	0.0234167094463425	0.0040153888820048	
2.95504781267361e-05	0.00024526896845191	0.000735806905355729	0.00155140010165364	0.00404546045555017	0.0100826231368424	0.0217225564709637	0.0429220694790842	0.0796326284559284	0.122265103249371	0.161212633420409	0.180195860569024	0.16629827070602	0.120270445975816	0.0629602486968239	0.0217875675228425	0.0040425054077375	
5.91607456620383e-05	0.000218894758949542	0.000851914737533352	0.0017008714377836	0.0044725523720501	0.0112937863468831	0.0231170613674415	0.0470357508386036	0.0836059657695926	0.124625068774367	0.161840135833072	0.178715738533168	0.161931834988848	0.115801243558874	0.0606368062663062	0.0204459537008004	0.00364725997006466	
6.47102598116931e-05	0.000220603158448954	0.00078240586863229	0.00172364601134783	0.00494739350014854	0.0117831500366201	0.0249958085399895	0.0499416136973972	0.0849528056309692	0.127882180265136	0.16367577806734	0.177223753371552	0.159443138800566	0.11183109445639	0.0575333037234872	0.0196807431090927	0.00331787150307227	
0.000116780478975135	0.000248158517822161	0.000697763361876429	0.00199986570244918	0.00536022398495867	0.0129159209746499	0.0276419393734143	0.0524169179879891	0.0875328080158121	0.130362048679943	0.164499902196349	0.175091891639394	0.155531161411059	0.108573730815157	0.055564151896369	0.01841044251043	0.0030362924533535	
3.20825045352995e-05	8.16645569989442e-05	0.000265409810246569	0.000755397152240234	0.00216702735179341	0.00636691885459626	0.0143204633880291	0.0297463148868654	0.0547969177462916	0.0921205368861304	0.131127029218412	0.163696604504384	0.175211307041235	0.153453535783659	0.104413969305793	0.0521778187396826	0.0165254064270006	0.00274159584210741	
2.62069768796226e-05	0.000113563566478365	0.000291188631995807	0.000984217576145827	0.00276046823132025	0.00680216644342205	0.0154038786325782	0.0317977986139421	0.0582930522392406	0.0946566886028769	0.133632286995516	0.165063187933143	0.174465668860288	0.149443829712888	0.0996447498689651	0.0483023702754644	0.0158057189447324	0.00251295789412381	
5.78517895004787e-06	4.3388842125359e-05	0.000179340547451484	0.000410747705453399	0.00112810989525934	0.00314424475935102	0.00736453280341094	0.016803052260414	0.0335569304997527	0.0619303406602625	0.0979372944453604	0.137328577916236	0.166477202056053	0.171761963026921	0.144426992487945	0.0949261088018605	0.0456161360211275	0.0145526176488454	0.00240663444321991	
2.01943271250202e-05	6.63527891250663e-05	0.000135590482125136	0.000406771446375407	0.00131840107087632	0.00331475455237831	0.00787001777100787	0.0177681229661428	0.0352015970827852	0.0653805765191904	0.101052412933601	0.14006785293914	0.168163931777793	0.169710240254795	0.139372591105264	0.0905657873479656	0.0433254863947933	0.014006208313139	0.00225310992637725	
3.1611920567865e-05	4.88547863321551e-05	0.000146564358996465	0.000603500301750151	0.00152311980917895	0.00347156364054372	0.00829669224358422	0.0195907693191942	0.0378624594074202	0.0677213552892491	0.10434232836164	0.142650228467971	0.168744431991264	0.165965456792252	0.135158203293387	0.0870362387562146	0.0416989970399747	0.0131017041698997	0.00200592005057907	
2.30546886032029e-05	6.91640658096086e-05	0.000250719738559831	0.000743513707453293	0.0016080645300734	0.00380690545560387	0.00982706101711522	0.0217809170578759	0.0397434013158464	0.0709075766352258	0.107138019775159	0.146650874204973	0.164812205152147	0.163371287114446	0.131397315857879	0.083238953201864	0.0401266855138746	0.012553277944444	0.00195100302304604	
2.31592721040778e-05	6.07930892732041e-05	0.000330019627483108	0.000674513800031265	0.00177168431596195	0.00439447188174876	0.0108472240717474	0.0227858288413995	0.042587006490386	0.072653531499505	0.110397355211126	0.14658661278276	0.164760851566435	0.162207541816961	0.12693597040245	0.0809561305488169	0.0386615098687448	0.0115101582357267	0.00185563667733923	
2.90109864605726e-06	1.74065918763436e-05	6.96263675053743e-05	0.000362637330757158	0.000681758181823457	0.00188861521858328	0.00529160393040845	0.0122049220039629	0.0239021517448658	0.044128611505177	0.0763685207588114	0.112501704395455	0.148440514422812	0.166871194121214	0.158112777308767	0.124071285795931	0.0770415756446966	0.0359330078300652	0.0106267243405078	0.00148246140813526	
2.90542268089162e-06	2.32433814471329e-05	8.71626804267485e-05	0.000331218185621644	0.00086291053622481	0.00230981103130884	0.00573239894939916	0.0130598749506078	0.0252452176742673	0.0472160239871697	0.0784057364665412	0.116338934988262	0.14963507891128	0.167137345140971	0.155454640541106	0.119470980638263	0.0737483439090719	0.0335837807684262	0.00998303233154359	0.00137135950538084	
2.03346502440158e-05	6.39089007669068e-05	0.000383453404601441	0.00111550081338601	0.00231524517778294	0.00619916337438996	0.0134005345108064	0.0267662096211945	0.0500435742505229	0.0816813850801766	0.118289565419475	0.15102835231234	0.165216128282594	0.15382000929584	0.117412270508947	0.0700296304903556	0.0315535672786428	0.00936265396235185	0.00129851266558215	
2.90755149273694e-06	5.52434783620018e-05	0.000101764302245793	0.000511729062721701	0.00109905446425456	0.00274472860914367	0.00631229429073189	0.0143167835502367	0.0290987753393113	0.0528854541013921	0.084906318690904	0.121544375050882	0.1508408638917	0.165256504192689	0.151358408057407	0.113045602037612	0.0664840724329228	0.0297500668736843	0.00855401649163207	0.00113103753067467	
2.90416544449704e-06	5.22749780009468e-05	0.000159729099447337	0.000464666471119527	0.00122265365213325	0.00278509466127266	0.00730397609291006	0.0158770724850653	0.0309119369912265	0.0560707222369044	0.0872934049306921	0.122288598536881	0.151173428047849	0.163783314407855	0.147583879558451	0.110849090851008	0.0646467227945042	0.0285653713120729	0.00789352167814296	0.00107163704901941	
1.44643280741036e-05	5.78573122964146e-05	0.000150429011970678	0.000526501541897373	0.00129021806421005	0.00339911709741436	0.00766320101366011	0.0169492996372347	0.0331782757363789	0.0574060252605025	0.0907289442776225	0.124277506812699	0.152381696260682	0.162003367295576	0.1447532096344	0.106816169961641	0.0634839359172409	0.0266751138342619	0.007229271171437	0.00101539583080208	
4.61291847819819e-05	0.000190282887225676	0.000556433291432657	0.00140405706180158	0.00373646396734054	0.00848200385178693	0.0189360303530036	0.0349745712868889	0.0604263489903475	0.0930339164831109	0.127541429774082	0.153336293289357	0.160722729002572	0.141086111655692	0.103733004278482	0.0587714644862939	0.0253710516300901	0.00670026408958288	0.000951414436128377	
8.67312718273701e-06	5.49298054906677e-05	0.000219719221962671	0.000659157665888013	0.00147154057867105	0.00418044730207924	0.00930337442468256	0.0198152045701598	0.0377743599232139	0.0632473344589125	0.09560388093531	0.129368365057705	0.155231630316627	0.158148692092421	0.139079376459976	0.0979600804866202	0.0565776996553877	0.0239349399819599	0.00629379929227282	0.00106679464347665	
2.88303248889312e-06	3.17133573778243e-05	8.93740071556866e-05	0.000250823826533701	0.000815898194356752	0.0016750418760469	0.00476276967165143	0.010223233205615	0.0210749674938087	0.0399184678412141	0.0659176548260522	0.0977088540810766	0.132308126980283	0.154778482198716	0.156984002052719	0.134963399902553	0.0941511919897825	0.055080335700303	0.0221589877096325	0.00616104042876459	0.000942751623868049	
8.64234518678989e-06	1.15231269157198e-05	0.000132515959530778	0.000316885990182296	0.000921850153257588	0.00191860063146735	0.00505577193427208	0.0108403816459634	0.0222598004194418	0.0412355096679035	0.068525154986057	0.101619575488004	0.134546910649674	0.154816090894425	0.153908644649812	0.131153349772994	0.0935188172662534	0.0523063538521813	0.0203383190062455	0.00571835173192598	0.000846949828305409	
1.15202728000599e-05	2.88006820001498e-05	0.000132483137200689	0.000264966274401378	0.000792018755004118	0.00227813394621185	0.0053655670566279	0.0117535583242611	0.0234322348753218	0.042887095566423	0.0716359363389725	0.105096568686747	0.135904658222307	0.154221891974402	0.150673647951984	0.130435408710478	0.0894865990426653	0.0495256527674575	0.0194462204865011	0.00588109926443058	0.000745937663803879	
2.87452965508519e-06	5.46160634466185e-05	8.62358896525556e-05	0.000287452965508519	0.000822115481354363	0.00263306916405803	0.00644757001635607	0.0134700459637292	0.0250141570585513	0.0455727931517206	0.073763305479141	0.106705415326417	0.134947669187629	0.154132280105668	0.15083232006163	0.126349950989269	0.0874489411670016	0.0471279136951216	0.0186327012242622	0.00505917219294993	0.00060940028687806	
8.62755699220356e-06	7.76480129298321e-05	8.62755699220356e-05	0.000382488359987691	0.00111007899966353	0.00293336937734921	0.00651668138144443	0.0147071088193763	0.026529737751026	0.0464191324703859	0.0758621086324459	0.108934410435893	0.136413179456061	0.154453401126759	0.150864337418002	0.123299292827912	0.0844379002826963	0.0447626415278828	0.0173730239299672	0.00430227508677884	0.000526280976524417	
1.14392589648043e-05	7.43551832712277e-05	0.000140130922318852	0.000380355360579742	0.00138986996422372	0.00307144103204994	0.00708090129921384	0.01497684979967	0.0274199037386358	0.0489514489251386	0.0787306998252653	0.109828325321086	0.139187183454256	0.156403268196286	0.14860169358229	0.120967303738064	0.079977579052429	0.0421508094705625	0.0158948503315955	0.00423252581697758	0.000529065727122197	
5.72087289078568e-06	8.8673529807178e-05	0.000125859203597285	0.000500576377943747	0.00149028738804967	0.00330380409442873	0.00742283257579441	0.0163359525396385	0.0298743982356828	0.051822527081182	0.0810218623157521	0.113670883903466	0.140461731651015	0.155908088456137	0.145948048753279	0.116711527844919	0.0766310923720741	0.0396284865144724	0.0146368532910752	0.00390449574796122	0.000506297250834532	
1.42574844664707e-05	6.84359254390592e-05	0.000142574844664707	0.00062732931652471	0.00152840233480566	0.00371835194885555	0.0087997194127057	0.0171061298628715	0.0323188657885957	0.0544094122209454	0.0839395140478994	0.114909621805967	0.1416424051806	0.155152797461027	0.143552908099107	0.113312783545722	0.0728215276609456	0.03782795778644	0.0141320186031657	0.00352445016011155	0.000450536509140473	
8.50361828958222e-06	7.08634857465185e-05	0.000226763154388859	0.000581080583121452	0.0018339470111199	0.00433967986711679	0.0089741518349391	0.0184868661615517	0.0339436096725824	0.0568807027390155	0.0870657131276025	0.117945185676505	0.143135737589678	0.152563415733395	0.141307459657418	0.110612232171456	0.0694405469527284	0.0355621316870328	0.0134073715032413	0.0031406696882857	0.000473368084786743	
8.47776141883815e-06	8.76035346613276e-05	0.000257158763038091	0.000675394993034106	0.00193575552396804	0.00467407246225277	0.00970138498362379	0.0198068765948789	0.0358665826426313	0.0585982869270093	0.0898529673577926	0.11969186163163	0.143715011572144	0.152362328219359	0.138984420700433	0.106183961770948	0.0672201702899677	0.0340438639375811	0.0127109902873113	0.00316785685017252	0.000454973196144314	
2.25571329883972e-05	8.74088903300391e-05	0.000324258786708209	0.000744385388617107	0.00220777939123937	0.00504997814777742	0.0105821150131818	0.0205833838519124	0.0371656962400079	0.0607773751956126	0.0923940167204748	0.121738027096756	0.144106244096375	0.15167980149723	0.135526074635914	0.104332379354584	0.0647248734685821	0.0322172251906783	0.0122541624959468	0.003180555751364	0.000301701653719812	
2.81249648437939e-06	4.21874472656909e-05	0.000106874866406417	0.000312187109766113	0.000911248860938924	0.00249468438164452	0.00575718030352462	0.0112612359234551	0.0215605980492524	0.0390065137418578	0.0647942940071325	0.0929614462981921	0.123074846156442	0.144207944740069	0.149984812518984	0.133399520750599	0.0999589375513281	0.063523045596193	0.0311371485785643	0.0121415473230658	0.00306562116797354	0.000295312130859836	
2.79196249835972e-06	3.07115874819569e-05	8.09669124524319e-05	0.000424378299750678	0.00118658406180288	0.0026132768984647	0.00615069338388647	0.012200876117832	0.0233128868613037	0.0415164823506091	0.0658931069237878	0.0938909068573391	0.123736985964805	0.145360735514601	0.148750177987609	0.13101284023553	0.0984110941421835	0.0609262056392059	0.0300080129323703	0.0114219185807896	0.00273333128589417	0.000335035499803167	
3.04599451720987e-05	0.000116301608838922	0.000542740841248304	0.00116301608838922	0.00289369479134938	0.00627197961952759	0.0126436463323457	0.0249910004707446	0.0432835820895522	0.0668180433638856	0.0968570874754244	0.12525129454767	0.145822833882535	0.146814166643591	0.129208318334118	0.0955611552626478	0.0586686234873868	0.0290255586630853	0.0108022041923961	0.00281616038545676	0.000418131974635173	
3.30669605952053e-05	0.00019013502342243	0.000677872692201708	0.00147147974648664	0.0031027831358501	0.00666023697988427	0.0138743455497382	0.0259878754477818	0.0445246624414439	0.0691292367043263	0.0985891430146046	0.125695783962524	0.147128685588316	0.145767429043814	0.12786442546156	0.0917305042711491	0.0556434279415817	0.0281427390465693	0.0107467621934417	0.002524111325434	0.000515293469275282	
