# <P(N_2)> as a function of N_tot.
# number_of_species: 2
# species_total_upper_bound: 100
# species_total_lower_bound: 0
# volume: 512
# Bin widths for each species index 
1	1	1	1	1	1	1	1	1	1	1	1	1	1	1	1	1	1	1	1	1	1	1	1	1	1	1	1	1	1	1	1	1	1	1	1	1	1	1	1	1	1	1	1	1	1	1	1	1	1	1	1	1	1	1	1	1	1	1	1	1	1	1	1	1	1	1	1	1	1	1	1	1	1	1	1	1	1	1	1	1	1	1	1	1	1	1	1	1	1	1	1	1	1	1	1	1	1	1	1	1	
# Bin lower bound for each species index 
0	0	0	0	0	0	1	2	3	3	4	4	4	5	7	7	8	9	10	11	12	12	13	13	13	15	15	16	17	18	19	20	20	21	22	24	24	25	26	26	27	29	29	30	30	30	31	31	32	34	35	36	37	37	38	39	40	40	42	44	44	45	45	46	47	48	49	51	51	52	52	53	54	55	56	57	58	59	59	60	62	62	63	64	64	64	65	67	68	69	70	71	72	72	73	74	76	76	77	79	80	
# Bin upper bound for each species index 
0	1	2	3	4	5	6	7	8	9	10	11	12	13	14	15	16	17	18	19	20	21	22	23	24	25	26	27	28	29	30	31	32	33	34	35	36	37	38	39	40	41	42	43	44	45	46	47	48	49	50	51	52	53	54	55	56	57	58	59	60	61	62	63	64	65	66	67	68	69	70	71	72	73	74	75	76	77	78	79	80	81	82	83	84	85	86	87	88	89	90	91	92	93	94	95	96	97	98	99	100	
# Normalized histogram for each species index 
1	
0.0787606020640373	0.921239397935963	
0.00635168431545884	0.144715707111554	0.848932608572987	
0.00042961235022451	0.0167529973940619	0.20156167857836	0.781255711677354	
8.91703552205448e-05	0.00182324917802008	0.0315112857416602	0.249094541446191	0.717481753278908	
3.80703654564732e-06	0.000199869418646484	0.00403736225665898	0.0491069644023048	0.286983932402259	0.659668064483585	
7.59648966212713e-06	0.000484276215960605	0.00820041059026624	0.0671681615925281	0.315121382409189	0.609018172702394	
3.97701663150479e-05	0.0011022017521599	0.0120238469492495	0.0868050163436445	0.338919463519395	0.561109701269236	
0.000134664041666192	0.00199340715198829	0.0178382438291625	0.106847382017229	0.35578808811201	0.517398214847943	
2.85293681315546e-05	0.000252960397433118	0.00311921091571664	0.0248833148843419	0.12748443247479	0.369858532373225	0.474373019586362	
6.30344798604837e-05	0.000536748146690785	0.00499691513075834	0.0333299587601691	0.146614379883978	0.37926127409875	0.435197689499793	
9.58548527477752e-06	0.000118860017407241	0.000809014957191223	0.0071737771796435	0.0434356679741269	0.165401382610396	0.380503506370514	0.402548205405447	
9.57000072732006e-06	2.67960020364962e-05	8.99580068368085e-05	0.00130152009891553	0.00990112275248533	0.0522579459716039	0.180570601723366	0.384388649213537	0.371453836230492	
1.91926791444671e-06	2.49504828878073e-05	0.000172734112300204	0.00191734864653227	0.0131450659460455	0.0625854074221929	0.196947596308864	0.384097329914477	0.341107647898786	
1.73332588645175e-05	0.00025229521236131	0.0027733214183228	0.0172485184878465	0.0727187986896056	0.212555827537926	0.379837182921733	0.31459672247334	
3.83804965668646e-06	6.90848938203562e-05	0.000535407927107761	0.00381885940840303	0.0212129004525061	0.0843814407270801	0.226043853555377	0.373490207216301	0.290444407769748	
1.90976366674624e-06	0.000158510384339938	0.000886130341370255	0.00526521842921938	0.0267118644067797	0.0956486034853187	0.238537121031272	0.367024110766293	0.26576653139174	
1.91131133159149e-06	0.000139525727206179	0.00129204646015585	0.00724004732406857	0.0319991743135048	0.109397726686302	0.248682628664701	0.35794465224646	0.243302287266271	
5.76410957956585e-06	0.000255542191360753	0.00176381753134715	0.00938973450511276	0.0385580503475758	0.120671634048211	0.256324188893714	0.349137881343883	0.223893387029216	
3.64193981215258e-05	0.000339275445658424	0.00218899750814644	0.0114126892850297	0.0448361127084531	0.130695802185164	0.26447000191681	0.339990415947863	0.206030285604754	
6.76239643872882e-05	0.000475299863979226	0.00294260850748114	0.0143208235439594	0.0513227247434154	0.141283850624459	0.272113036354643	0.328779986397923	0.188694045999753	
5.81352536053546e-06	6.97623043264256e-05	0.000581352536053546	0.00382723752901918	0.0170316914645821	0.0598793112135153	0.150738899073324	0.275557226405807	0.319083090780136	0.173225615167875	
3.28208771669019e-05	0.00017761886466794	0.000924776480173294	0.0049482298928688	0.0206732913354815	0.0658425408764719	0.159899452277479	0.278479350841662	0.307643596164205	0.161378322389823	
7.70828756537591e-06	7.13016599797272e-05	0.000238956914526653	0.0013759293304196	0.00613965104582192	0.0237685047078366	0.0734985219358593	0.169987011535452	0.280467970138094	0.294119347416375	0.15032509702807	
1.91872289803907e-06	1.72685060823516e-05	6.13991327372501e-05	0.000418281591772516	0.00173068805403124	0.00780536474922292	0.0275375110326567	0.0807743965616486	0.178763574964504	0.281052611381864	0.284661729153076	0.137175256149507	
1.52864002629261e-05	6.87888011831674e-05	0.000506362008709427	0.00232544363999763	0.0093419013606807	0.0323307365560887	0.0890700327320046	0.187820178430507	0.280879961631135	0.271811304675154	0.125830003764276	
7.6337188997521e-06	1.52674377995042e-05	8.96961970720871e-05	0.00066604197400337	0.00286455301713197	0.0110937019910647	0.0365120774975143	0.0969005192837282	0.194421278228061	0.281676593681953	0.261336549673563	0.114416087299209	
1.15269346038577e-05	1.92115576730961e-05	0.000105663567202029	0.000716591101206486	0.00344847460232076	0.0136613386613387	0.0410723891493122	0.104760623991393	0.202582033351264	0.280081457004534	0.24775801121955	0.105782678859602	
7.70496161002878e-06	1.54099232200576e-05	0.000175287876628155	0.00102668613453633	0.00428010617437099	0.0158375485894142	0.046329934161103	0.113124246358443	0.20815146413533	0.276115004256991	0.235991416672766	0.0989451907555871	
7.70886693146625e-06	1.54177338629325e-05	0.000285228076464251	0.0012218554086374	0.00505316227357612	0.0183605938140197	0.0519712536352126	0.119896007385095	0.213288930259808	0.271677815615466	0.226538545298266	0.0916834816326609	
3.84355205706906e-06	1.72959842568108e-05	0.000330545476907939	0.00152973371871349	0.00621310190025214	0.0210011684398254	0.0575706444868089	0.126591230551627	0.216933921653035	0.268743081606297	0.216541879343214	0.0845235532870057	
3.84104968205711e-06	6.52978445949709e-05	0.000462846486687882	0.00191860431618753	0.0073171996443188	0.0231634501076454	0.0631564593972241	0.133968130810788	0.221570950909465	0.264122099287293	0.206884697450119	0.0773664226959944	
1.92574333692805e-06	7.70297334771222e-06	0.000111693113541827	0.000537282391002927	0.00219727314743491	0.00823640425204129	0.0261227083654291	0.0675801109228162	0.141913803728239	0.223969727314743	0.261893390848868	0.196011785549222	0.0714161916499769	
1.93230740692075e-06	1.5458459255366e-05	0.000112073829601404	0.000660849133166897	0.00260088576971533	0.00995911237526956	0.0295256571777491	0.0733755091630017	0.147062119818518	0.228901135423832	0.256276134457679	0.186249314030871	0.0652598180539346	
5.81053023025194e-06	7.74737364033593e-06	0.000191747497598314	0.000830905822926028	0.00322290743437975	0.0113867024078837	0.0338598964950882	0.0802686014441105	0.154188230189966	0.231036366171868	0.250154947472807	0.175877002696086	0.0589691344634169	
1.35891193862377e-05	0.000229073726796579	0.00110460127582418	0.00396608155801195	0.0134008130175999	0.0368284548394737	0.0864559188380138	0.160920410469058	0.231591596488572	0.245355433124061	0.165492178491142	0.0546418490520619	
3.85903709306454e-06	3.47313338375808e-05	0.000304863930352099	0.00142205516879428	0.00444754024975688	0.0150772579226032	0.0414750011577111	0.0929063180155288	0.166417115601315	0.231025114613402	0.237631786116728	0.157884784588549	0.0513695722643286	
1.93175496074674e-05	9.27242381158435e-05	0.000421122581442789	0.00155506274340113	0.00507472028188168	0.0176002194473635	0.0462423502503554	0.098036564257897	0.170537259689683	0.232755223465414	0.230556886320084	0.15061120726958	0.046497341905174	
1.15556394409382e-05	0.000123260154036674	0.000427558659314712	0.00206075570030064	0.00630552725493859	0.0196965874270791	0.0500051037407531	0.103652159845309	0.176620245095113	0.231856201622797	0.224988299915066	0.140859392905223	0.0433933520406296	
2.11580370727279e-05	1.34642054099177e-05	9.61728957851267e-05	0.000538568216396709	0.00214850249183973	0.00758804147744649	0.0224640649974899	0.0555706226425619	0.108860024197101	0.181495565467775	0.231901703606676	0.216390938974451	0.133657243646338	0.0392539291436573	
5.77423881096874e-06	3.07959403251666e-05	0.000113560029949052	0.000750651045425937	0.00255798779325915	0.00873064908218474	0.0246964193945133	0.0596363384396852	0.115650304398623	0.184640909712077	0.229558713422603	0.211756735168386	0.125999665094149	0.0358714962400082	
3.4807427905115e-05	0.000168235901541389	0.000949469283411747	0.00315974095538655	0.00989111076303683	0.0271053176081109	0.0636453819245027	0.12070442499096	0.188010388083484	0.229183707803245	0.206007762056423	0.118557966936811	0.0325816862651823	
1.93649834623041e-06	4.06664652708387e-05	0.000284665256895871	0.0011715814994694	0.00349150651825343	0.0118261954004291	0.0296749006576348	0.0685849619284425	0.124696938008815	0.19113819626798	0.229296896180451	0.199103013966026	0.110606976041642	0.0300815653103432	
1.15970713529143e-05	0.000100507951725258	0.000309255236077716	0.00118869981367372	0.00430058062670574	0.0127026588218922	0.0324640684072582	0.0719153723046473	0.129807952498396	0.195283084511725	0.227395375087944	0.191260833597489	0.105206698468413	0.0280533156026998	
3.8602288343653e-06	4.4392631595201e-05	0.00013124778036842	0.000393743341105261	0.0014244244398808	0.00494109290798759	0.0139875391813227	0.0354948041319889	0.0758882386547875	0.135057826227939	0.198711069592205	0.223273705665272	0.184673347436036	0.0994742368327595	0.0265004709479178	
3.85210980053775e-06	7.70421960107551e-06	5.20034823072597e-05	0.000104006964614519	0.000523886932873135	0.00163329455542801	0.00568378801069346	0.0159092134762209	0.0387483724836093	0.0792706415303662	0.140929437052674	0.200363639165171	0.219880353469595	0.177636191341998	0.0950816262066734	0.0241719889983744	
5.76526160835425e-06	1.15305232167085e-05	5.76526160835425e-05	0.000130679263122696	0.000557308622140911	0.00205051137870466	0.00614961238224453	0.0177339447072977	0.0415041183185422	0.0851471486937839	0.14646454940637	0.201294109055689	0.217137047955446	0.17088043231775	0.0887158456293552	0.0221597438686443	
1.34436480683398e-05	1.92052115261997e-06	1.53641692209598e-05	5.37745922733593e-05	0.000140198044141258	0.000666420839959131	0.00245250551189571	0.00707135888394675	0.0200694460448787	0.0457602575034761	0.090420056386501	0.151398523503338	0.202430611570756	0.211935270755072	0.163509329891759	0.0837097554792468	0.0203517626543139	
1.9234616154e-06	3.84692323080001e-06	2.50050010002e-05	8.27088494622001e-05	0.0001904226999246	0.000834782341083601	0.0026024435656362	0.00831127764014341	0.0219909366488682	0.0494906673642421	0.0960384384569222	0.155059858125471	0.202938664656008	0.207576130610738	0.157233369750873	0.0785137796790127	0.0191057442257682	
9.66368445364427e-06	1.93273689072885e-05	5.79821067218656e-05	0.000315036113188803	0.000950906550238596	0.00307498439314961	0.00907419970197197	0.0243331574542763	0.0528371611187454	0.10018341673093	0.159083573475892	0.203801306916686	0.203215687638795	0.151702451290199	0.0733106430022362	0.0180305024536095	
1.93302082829943e-06	4.25264582225873e-05	0.000125646353839463	0.000324747499154303	0.00117527666360605	0.0033731213453825	0.00985840622432707	0.0260745179529309	0.0569371284975596	0.104303870874209	0.1630464408254	0.202837674575944	0.200560576040207	0.145616392016624	0.0688870632581066	0.0168346783936597	
1.16144018583043e-05	5.80720092915215e-05	0.000116144018583043	0.00037940379403794	0.00124661246612466	0.00357336430507162	0.0114827719705768	0.0288792102206736	0.0603871467286101	0.109694154084398	0.165462640340689	0.204332171893148	0.194920634920635	0.139208284939992	0.0654510259388308	0.0147967479674797	
1.16345810775173e-05	6.39901959263453e-05	0.000137675876083955	0.000461505049408188	0.00145820082838217	0.0046674061089307	0.0132013713292897	0.0311205652855126	0.0645137520748336	0.114125544886214	0.169564323720584	0.203882459705568	0.190186618680483	0.132882428680018	0.060092611265377	0.0136299117323116	
3.88805511706934e-06	1.1664165351208e-05	7.77611023413868e-05	0.000155522204682774	0.000480174806958063	0.00181572173967138	0.0053382996757362	0.0141525206261324	0.0338474638216471	0.0687038779461738	0.118678994393425	0.172985404241091	0.202322724126937	0.185711008639258	0.126651451410975	0.056491496823459	0.0125720262210437	
9.734975039524e-06	2.14169450869528e-05	5.45158602213344e-05	0.000204434475830004	0.000593833477410964	0.00210664859855299	0.00593444078409383	0.0155097622329696	0.0367008558990055	0.0731563904270149	0.123050084499583	0.174604565313895	0.201072015451352	0.179995794490783	0.12193835035007	0.0537798961083464	0.0112672601107451	
5.85720142915715e-06	2.92860071457857e-05	9.76200238192858e-05	0.000214764052402429	0.000726292977215486	0.00239364298404889	0.00664987602256975	0.017468127062223	0.0400456861711474	0.0772408676467717	0.127126652218903	0.176112380171421	0.200132763232394	0.176057712958082	0.115441535367735	0.0495031140787598	0.0107538218239325	
9.76373708989863e-06	2.34329690157567e-05	0.000134739571840601	0.000265573648845243	0.000933413265794309	0.00295060134856737	0.00785199736769648	0.0195059939581995	0.042671436577693	0.0813983233710669	0.131849505661991	0.177133718284941	0.1984381926151	0.171013807876993	0.109422201566494	0.0470143468352799	0.00938295134339259	
3.91331230580188e-06	1.95665615290094e-05	3.91331230580188e-05	0.00012522599378566	0.000324804921381556	0.00116225375482316	0.00348089129601077	0.00883234587419484	0.0211475397005533	0.0457016177633072	0.085742629276272	0.134154215811347	0.179742347517786	0.194943609169673	0.166959512870884	0.105408980269079	0.0434162433767189	0.00879516940728972	
2.55249801199674e-05	4.31961202030218e-05	0.000119771060562924	0.000371093941744142	0.00135282394635827	0.0036539990771738	0.0101667959277839	0.023844258352068	0.0490923906107342	0.0886875251568314	0.138209913509587	0.179670335064451	0.194278477533109	0.162378142763177	0.1000638124503	0.0396167326061986	0.00842520689959847	
3.93006836353918e-05	0.000155237700359798	0.000396936904717458	0.00147377563632719	0.00416390743116977	0.0112026598702684	0.025704612131728	0.0522482938590717	0.0938834381024058	0.140358461535438	0.180675067842805	0.190181903214206	0.158662754938622	0.0943668365111211	0.0386129216717725	0.00787389196635075	
7.8799567390375e-06	5.51596971732625e-05	0.000155629145595991	0.00053583705825455	0.00160160120720937	0.00444232561163239	0.0122060529887691	0.0276941079593473	0.0565091397648227	0.0973824753702102	0.143598421644665	0.182017150725843	0.188098507339195	0.151438978600007	0.0913543084648465	0.0359089628597939	0.00699346160589578	
5.93509381404955e-06	8.50696780013769e-05	0.000168160991398071	0.000583617558381539	0.00186955455142561	0.00506461338798895	0.0134410091242176	0.0303125024729558	0.0587336883838344	0.100886703015819	0.147392119778107	0.182482372771372	0.184239160540331	0.147932213315185	0.0870777180751304	0.0333908377978428	0.00633472346419556	
1.98247885190685e-06	7.92991540762739e-06	8.52465906319944e-05	0.000210142758302126	0.000781096667651298	0.00221046391987613	0.00585822500738473	0.0148903986566723	0.0324313715383441	0.0617046542656006	0.103534958040835	0.149974525146753	0.180530471691193	0.183238537802898	0.144185686899185	0.0832641117800876	0.0313985000565006	0.00569169678382456	
1.9801274410021e-06	1.58410195280168e-05	8.11852250810862e-05	0.000342562047293364	0.000976202828414037	0.00249496057566265	0.00662154616271103	0.0162905084571243	0.034810640412817	0.0644392873125314	0.106099188543775	0.151721324784463	0.182080638709907	0.181470759458079	0.13952373974789	0.079084309866183	0.0290504496869419	0.0048948750341572	
1.18724424780162e-05	2.37448849560324e-05	0.00012466064601917	0.000480833920359656	0.00099728516815336	0.00268910822127067	0.00754691593519229	0.017624640858615	0.0361219062393643	0.0684762907323714	0.109976413414277	0.154537647515098	0.182699081072952	0.177253587456369	0.134445517361468	0.0752514979064926	0.0269088908764237	0.00483010534813959	
3.95474193331514e-06	2.37284515998908e-05	0.000148302822499318	0.000397451564298172	0.00118246783806123	0.00320334096598526	0.0080953567374961	0.0185675133769146	0.0380683458500915	0.0714740509608046	0.114655878130673	0.156425862430347	0.183161895270524	0.173919663372367	0.129300287509739	0.0715353494607709	0.0253241899699835	0.00451236054591258	
3.96674282812897e-06	3.57006854531607e-05	0.000160653084539223	0.000545427138867733	0.00128125793348566	0.00348280020309723	0.00876451827875095	0.0200915524244732	0.0406174631886266	0.0750864749936532	0.117613924854024	0.159205223406956	0.183194100660066	0.169483054074638	0.125285605483625	0.0673195925361767	0.0237548394262503	0.00407384488448845	
4.16432010533747e-05	0.000202266976544963	0.000626631025374591	0.00137620864433533	0.00407706768408278	0.00999238524323596	0.0221938431518747	0.0433941985071904	0.0786798708664165	0.122082001411903	0.161085816722323	0.18057880083445	0.165916428044515	0.119861030689056	0.063666505381888	0.0222176392667624	0.00400766234899382	
7.93792542319065e-06	5.95344406739299e-05	0.000184556766089183	0.000690599511817586	0.00157964715921494	0.00453453989799766	0.0114087833144808	0.0236570022424639	0.0468754341052966	0.0829632275604771	0.124367446567839	0.162005119961898	0.178216348157409	0.161479232402612	0.11604651624298	0.0614693099958326	0.0208053025341827	0.0036494612133119	
2.17494463777286e-05	9.09522303068649e-05	0.00021156279658336	0.000670278392913635	0.00177159126858589	0.00510716545397026	0.0121322366339766	0.02547848782031	0.0503420594748497	0.0852973742486555	0.12743198354951	0.162960692818728	0.17678740904777	0.159059633027523	0.111717019930402	0.0580532268269535	0.0195151850680165	0.00335139196456817	
3.93380971769015e-06	3.34373826003662e-05	9.24445283657184e-05	0.000237995487920254	0.000712019558901916	0.00206131629206964	0.0056292817060146	0.0132707070826277	0.0279339828053177	0.0529451449903917	0.0875508690769119	0.129912099021858	0.164433246199448	0.175243355303661	0.155334344322431	0.108443332487564	0.0547842010334118	0.018231241136635	0.00314704777415212	
1.5711104215682e-05	3.92777605392051e-05	7.46277450244897e-05	0.000276908211801396	0.000744313562217937	0.00229971287957046	0.00645137216856444	0.0142951409482437	0.0295702620219406	0.0551872174456101	0.0920317207194115	0.131289842378347	0.165019619241389	0.175432153560333	0.152503760845572	0.10368150449534	0.0515933023562729	0.016751964869971	0.00274158768563652	
9.79986711380194e-06	3.13595747641662e-05	0.000107798538251821	0.000342995348983068	0.0010191861798354	0.00279884204770183	0.00680110777697854	0.0153387520065228	0.0319358069504578	0.0586992440382508	0.0946373167179853	0.134401257518948	0.16516108041575	0.174028000180318	0.14883058185731	0.0990864563876514	0.0486700600339859	0.0156307880465141	0.00246956651267809	
7.80888534018433e-06	4.09966480359677e-05	0.000156177706803687	0.000423632029705	0.00123380388374912	0.00321140409615081	0.00768589539607643	0.0165880246838866	0.0339530334591215	0.0618112319102291	0.0984837096890697	0.137381719789863	0.16649714878074	0.171086821139433	0.143978275680984	0.0949540935153064	0.0455687504026457	0.014659230004861	0.00227824229799878	
1.94965978436763e-05	5.84897935310288e-05	0.000138425844690102	0.000458170049326393	0.001421301982804	0.00348794135423369	0.00797215885827923	0.0178335380476107	0.0356027373223372	0.0651556803337818	0.101971106041996	0.1404963833811	0.167417285683648	0.168963365892652	0.139390926283364	0.0902965432532023	0.0432941451716675	0.0138191885515977	0.00220311555633542	
2.91116295137582e-05	4.6578607222013e-05	0.000143617372267874	0.000632692748099011	0.00149439698170625	0.00356132267718308	0.00858793070655866	0.0194737393694033	0.0380139658190654	0.0674632902351831	0.105448144424735	0.142373335299986	0.168298211769638	0.166244871501267	0.134695628209557	0.0870709431003497	0.0414297303486797	0.0130536546739692	0.00193883452561629	
2.52364950779128e-05	8.3474560642327e-05	0.000265953832744158	0.000729917088407325	0.00157436903909133	0.00396601226493661	0.0101275996016516	0.0214684922358952	0.04013379224929	0.0708893146738571	0.107286164382764	0.146222193750279	0.165972663052024	0.163639257891743	0.13116959507073	0.0826592277244252	0.0399124876001452	0.012111576368546	0.0017626721177496	
5.25656925140613e-05	8.3715732522394e-05	0.000311500400083326	0.000642469575171861	0.00173077409796298	0.00451480892370771	0.0109395046754263	0.0227005916560724	0.0427203329939277	0.0727703872144661	0.110946708122178	0.146640760216726	0.16627891356448	0.162023039348341	0.126383499823808	0.0800925934939248	0.0382425147427299	0.0111750768529893	0.00175024287296819	
7.80644695421714e-06	3.90322347710857e-05	8.00160812807257e-05	0.000298596595998806	0.000708435061095205	0.0019125795037832	0.0052127549536785	0.0119789928512462	0.0239970179372635	0.0441259414087124	0.0766846800430135	0.113111513143129	0.1490855723199	0.166954529398103	0.157785857450375	0.124177151700732	0.0764524382461256	0.0352890434565386	0.0104938163182064	0.00160422484909162	
1.95200412263271e-06	1.95200412263271e-05	8.0032169027941e-05	0.000294752622517539	0.000806177702647308	0.00223309271629182	0.00563933991028589	0.0128968912382343	0.0254990298539511	0.0474668842500595	0.078634534076136	0.116431189902673	0.15046828578902	0.166027710650525	0.155508360433657	0.11987647717912	0.0734773391841404	0.0332738622743971	0.00994741300893627	0.00141715499303135	
1.55954235229672e-05	9.35725411378031e-05	0.000333352177803424	0.00103319680839658	0.00226523526671098	0.0060217829078057	0.0131839811607284	0.02743624883278	0.0498566195749857	0.0818525803602933	0.11862658902745	0.151427663552131	0.165223765086135	0.153950223306971	0.117238596333906	0.0696511108815118	0.0313721438443889	0.00908823305800913	0.00132950985533295	
1.9482505684021e-06	4.28615125048463e-05	0.000109102031830518	0.000436408127322071	0.00105984830921074	0.00256974249972237	0.00619154030638188	0.0143878304476495	0.0294068940794613	0.052787849150855	0.0850489303130254	0.121792936033089	0.151429723679622	0.165309060728918	0.151252432877897	0.112934240698565	0.065991143252916	0.0295763918789123	0.00853528574016961	0.00113583008137843	
3.88969600080906e-06	5.83454400121358e-05	0.00016336723203398	0.000418142320086974	0.00115523971224029	0.00276946355257605	0.00724455880150687	0.0161364038593564	0.0312400934304979	0.056264452651703	0.0876095678742228	0.122850213641553	0.152334109327685	0.164127667602139	0.147890131646761	0.109053461926683	0.0638688083332847	0.0279494106138135	0.00778328169761892	0.00107939064022451	
2.1338796065126e-05	5.43169354385026e-05	0.000159071025212757	0.000461693951227272	0.00128032776390756	0.00335407076332753	0.00780417968818199	0.0172048893001457	0.0336823196435257	0.0579716892372932	0.0910759214965092	0.125813541599983	0.153606353529534	0.161984740820923	0.143870042852182	0.105421412123928	0.0613858966077134	0.0265609814294278	0.00728040923931072	0.00100680319616367	
3.87535314155502e-06	7.75070628311005e-06	4.45665611278828e-05	0.000170515538228421	0.000558050852383923	0.00143775601551691	0.00392767040896602	0.00858778256168593	0.0193205730872226	0.0355602404269089	0.060885673206971	0.0934773931274487	0.128700477831042	0.154250681093315	0.159908696679985	0.140105642126639	0.10165438825613	0.0581806767141656	0.0253389965160575	0.00694657050623738	0.000932022430543983	
3.89277734092165e-06	7.78555468184331e-06	1.55711093636866e-05	4.4766939420599e-05	0.000249137749818986	0.00065787937061576	0.00148704094423207	0.00419641397351354	0.0095548219832922	0.0203027802215769	0.0381278076656571	0.0639232967152745	0.0968484074647898	0.129829963485749	0.155173890363819	0.157529020655077	0.137638874831637	0.096988547449063	0.0560404225999081	0.0237887623303722	0.00650483093668008	0.00108608487811714	
3.88721630609496e-06	1.16616489182849e-05	2.91541222957122e-05	8.55187587340891e-05	0.000289597614804075	0.000843525938422606	0.00170260074206959	0.00483958430108823	0.0104041344432632	0.0217198211103056	0.0400694256832269	0.0664986093483665	0.0985428769676603	0.132598779025358	0.1555216935824	0.155900697172245	0.133834913810696	0.093617773907838	0.0540575735607096	0.0221998923241083	0.00619622279191537	0.00103205592926821	
9.71666213222434e-06	1.16599945586692e-05	0.000128259940145361	0.000320649850363403	0.000915309572855533	0.00207742236386956	0.00515760425978468	0.011349061370438	0.0225426561467605	0.0414998639667302	0.068683197947841	0.102666252089082	0.135329783512768	0.15452602122119	0.153424151735396	0.130032259318279	0.0926367134362004	0.0514497259901279	0.0205060437638462	0.00582611061448171	0.000907536243149753	
7.77320885834882e-06	3.10928354333953e-05	0.000147690968308627	0.000299268541046429	0.000897805623139288	0.00239414832837144	0.00566861255995087	0.0123749485024913	0.0241241536918855	0.0432093247413465	0.071589310283178	0.105247304639828	0.13703778556826	0.154109695523409	0.150843004500688	0.128512518752866	0.0887059161892621	0.0489789890164559	0.0192969909908509	0.00569776209316968	0.000825903441199562	
1.94317382467131e-06	4.66361717921115e-05	0.000106874560356922	0.000365316679038207	0.000928837088192887	0.00281954521959807	0.00648825740057751	0.0136857732471601	0.0254186568005254	0.0459482882581778	0.074306967055431	0.107030014262896	0.136338905060413	0.154340467372168	0.149803156491561	0.125727232803883	0.0862613724248089	0.0463505252398848	0.018392140250514	0.00498229768645724	0.000656792752738904	
5.84556029695446e-06	5.65070828705598e-05	0.00010911712554315	0.000422828861479706	0.0011808031799848	0.00295395647006099	0.00669511506011184	0.0146743048654547	0.0270142826523256	0.047374369166618	0.0764423920032735	0.109678299331658	0.137992244890006	0.154531283490189	0.149909393815397	0.122024122678825	0.0827205237622026	0.0443463689327955	0.0171196975896806	0.00424582529568792	0.000502718185538084	
7.77314843604253e-06	6.21851874883403e-05	0.00015351968161184	0.000384770847584105	0.00140111000559667	0.00317144456190535	0.00706579192836266	0.0151576394502829	0.0280299732603694	0.0502106523226168	0.0794260307194826	0.110874246004602	0.140066304956159	0.15589632174616	0.147373064486039	0.119257586592874	0.0791500839500031	0.0418273117343449	0.0158261302157826	0.00411782538399353	0.000540233816304956	
5.83631471743482e-06	0.000103108226674682	0.000118671732587841	0.000548613583438873	0.00152911445596792	0.00332669938893785	0.00757359106499126	0.0163183359499478	0.0306795610313157	0.0528322662604592	0.0815761162438257	0.113985171869741	0.140958673055486	0.155012518895069	0.145065493178321	0.115383941963686	0.0767786655460942	0.0392414347217926	0.0146472045025223	0.00380916807224579	0.000505813942177685	
3.87420457737271e-06	2.90565343302953e-05	7.36098869700815e-05	0.000145282671651477	0.000685734210194969	0.00158454967214544	0.00373667031487598	0.00879638149292473	0.0171065503113892	0.0331263862388253	0.0551376795451684	0.0845022131393648	0.115538466008698	0.141423963892413	0.154609819171501	0.142934903677589	0.112561139790987	0.0724379400854262	0.0377056960492799	0.0138619039778395	0.00353714877914128	0.000461030344707352	
9.64677373299274e-06	2.50816117057811e-05	8.29622541037375e-05	0.00023923998857822	0.000634757711630922	0.00185218055673461	0.00437191785579231	0.00914321214413052	0.0187359639442185	0.0347380322125068	0.0578671369147302	0.0874209929231268	0.118171048874414	0.14238252158948	0.151955979842102	0.140208138790063	0.110422760212075	0.0691249218611328	0.0354075183095765	0.01359616289928	0.00312362533474305	0.000486197396142834	
1.92409077090621e-06	9.62045385453104e-06	9.62045385453104e-05	0.000259752254072338	0.000767712217591577	0.00192601486167711	0.00473518738720018	0.010011044281025	0.0202356626376206	0.0367193482719741	0.059246603017744	0.0901628935246649	0.119393680516272	0.142861815649015	0.151054594151534	0.138634588225334	0.106086668744685	0.0672796819862774	0.0342642084482978	0.0127355568126282	0.00309586205038809	0.00042137587882846	
1.72798451725873e-05	0.000101759088238569	0.000341756937857837	0.000785272963954243	0.00218302044013686	0.00523387310449698	0.0109976614609533	0.0213233289429727	0.0378735806527173	0.0613031307239487	0.0924970912260626	0.12079571767037	0.143063678149444	0.150378812605839	0.135790783314581	0.104128347010011	0.0650528571264001	0.0325072287352305	0.0122590901585522	0.00303549280198449	0.000330237041076112	
1.91803838378414e-06	3.64427292918986e-05	0.000117000341410832	0.00036634533130277	0.000936002731286659	0.0025509910504329	0.0058634433392281	0.0115504271471481	0.0221284088337176	0.0394674758231262	0.0652113870102768	0.0926968770499035	0.121874076944028	0.143967961086837	0.149760437005865	0.13347245505077	0.100397801160797	0.063521595194163	0.0311757958900273	0.011755657254213	0.00284636896153566	0.000301132026254109	
1.90784352630535e-06	3.05254964208855e-05	0.000104931393946794	0.000448343228681756	0.00116187670751996	0.00262710053572246	0.00614897968528213	0.0123170378058273	0.0234874616523451	0.0418695340282971	0.0661716448663746	0.093621697522856	0.123424121247272	0.145763061096781	0.149040736274974	0.131086020848914	0.098414200460935	0.0608926418290877	0.0297032158610479	0.0107526061142569	0.00261946916161724	0.000312886338314077	
2.85193332560143e-05	0.0001330902218614	0.000545669909631739	0.00118450297456646	0.00285763719225263	0.0062115107831599	0.0127671548542757	0.0249296998435239	0.0430946138387213	0.0675775107945676	0.0967679990265401	0.125283529704787	0.146416355647493	0.147296652400662	0.128814223161881	0.0955872986297411	0.0587365174852032	0.0285155306782468	0.0102897754387699	0.00262377865955331	0.000338429421304702	
4.17863275136375e-05	0.000199434744951452	0.000717965081825227	0.00133906185895975	0.00296872863199161	0.00660413912567808	0.013645135311726	0.0259379131148288	0.0447550561456291	0.069549543389403	0.0991551564328152	0.125991475589187	0.147361383355366	0.146330020817189	0.127412210724651	0.0917380832991445	0.0560715533877315	0.0271079302852107	0.010389600522709	0.00231344304143684	0.000370378812052696	
