# <P(N_2)> as a function of N_tot.
# number_of_species: 2
# species_total_upper_bound: 100
# species_total_lower_bound: 0
# volume: 512
# Bin widths for each species index 
1	1	1	1	1	1	1	1	1	1	1	1	1	1	1	1	1	1	1	1	1	1	1	1	1	1	1	1	1	1	1	1	1	1	1	1	1	1	1	1	1	1	1	1	1	1	1	1	1	1	1	1	1	1	1	1	1	1	1	1	1	1	1	1	1	1	1	1	1	1	1	1	1	1	1	1	1	1	1	1	1	1	1	1	1	1	1	1	1	1	1	1	1	1	1	1	1	1	1	1	1	
# Bin lower bound for each species index 
0	0	0	0	0	1	2	2	3	3	4	5	6	7	8	8	9	10	10	12	12	13	14	15	15	16	16	17	18	19	21	21	22	23	24	25	25	26	27	28	30	30	31	31	32	32	33	34	35	36	37	37	38	39	40	40	41	42	42	44	44	45	47	48	49	50	51	51	52	53	54	54	55	55	56	57	58	59	60	61	62	63	64	66	67	67	68	69	70	72	72	73	75	76	76	77	78	79	80	80	81	
# Bin upper bound for each species index 
0	1	2	3	4	5	6	7	8	9	10	11	12	13	14	15	16	17	18	19	20	21	22	23	24	25	26	27	28	29	30	31	32	33	34	35	36	37	38	39	40	41	42	43	44	45	46	47	48	49	50	51	52	53	54	55	56	57	58	59	60	61	62	63	64	65	66	67	68	69	70	71	72	73	74	75	76	77	78	79	80	81	82	83	84	85	86	87	88	89	90	91	92	93	94	95	96	97	98	99	99	
# Normalized histogram for each species index 
1	
0.0765170523185578	0.923482947681442	
0.00475151604792191	0.142231178819701	0.853017305132377	
0.000550812448361333	0.0145230882217938	0.198072156430735	0.786853942899109	
3.7255048059012e-05	0.00139706430221295	0.0284628567170852	0.252905893748603	0.71719693018404	
7.53536913889569e-05	0.00316485503833619	0.0486596462144189	0.291449239869638	0.656650905186218	
0.000643281492413062	0.00711393650433269	0.0655768721383434	0.316532334355016	0.610133575509895	
1.912813940588e-05	0.00082250999445284	0.0105587329520458	0.0871095468543775	0.346601886034545	0.554888196025173	
9.66519755663806e-05	0.00245496017938607	0.0174940075775149	0.106897084976417	0.355543957318488	0.517513337972628	
3.91251613912907e-05	0.000489064517391134	0.00338432646034665	0.024492351030948	0.125220079032826	0.374095230642826	0.472279823154271	
1.95982361587457e-05	0.000509554140127388	0.00550710436060755	0.0314551690347869	0.142792748652621	0.38422341989221	0.435492405683488	
1.9799627766998e-05	0.000871183621747911	0.00734566190155625	0.0420742090048707	0.163030135033461	0.387656912050053	0.399002098760543	
4.01921183255963e-05	0.00176845320632624	0.00876188179498	0.0534555173730431	0.184441630996162	0.384236651192701	0.367295673318462	
0.000203342958233356	0.00185042091992354	0.0119158973524747	0.0623449509943471	0.196774980682419	0.385904266135264	0.341006140957339	
0.000201332823290181	0.00247639372646923	0.0161066258632145	0.0708691537981437	0.209990134691659	0.382995429744911	0.317360929352312	
5.95770032767352e-05	0.000675206037136332	0.00353490219441962	0.0207129381392116	0.0800119154006553	0.229391321616523	0.381948168007149	0.283665971601628	
0.00047794483720004	0.00129443393408344	0.00523747884098377	0.0271034551428856	0.0937767599322911	0.243771781340237	0.367659066016131	0.260679079956188	
0.000242331226397948	0.00129243320745572	0.00692663422120802	0.0312001453987358	0.110684787657263	0.254427593448979	0.357499141743573	0.237726933096387	
4.09701737135365e-05	0.000327761389708292	0.00155686660111439	0.00966896099639463	0.0394952474598492	0.122152572926909	0.259566535562111	0.348942969518191	0.218248115372009	
0.000285912674100396	0.00210350038802434	0.0132745170118041	0.0495037372870972	0.131172650410489	0.264632602213781	0.336314994077523	0.202712085937181	
0.000103007828594973	0.00057684384013185	0.00276060980634528	0.0159868149979398	0.0545323444581788	0.141718170580964	0.270189534404615	0.325278121137206	0.188854552946024	
0.000145023618132096	0.000621529791994696	0.00385348471036712	0.0182522582249109	0.0604126957818845	0.154905941824811	0.270116847600895	0.315136322201044	0.17655589624596	
8.36890116327726e-05	0.000920579127960499	0.00506318520378274	0.0201062850447736	0.0650054397857561	0.160808435852373	0.274332580132229	0.311427734538455	0.162252071303038	
0.000167760605615786	0.00106947386080064	0.00595550149936041	0.0226896219095351	0.069830352087571	0.16981567303458	0.283179902279447	0.298047685952146	0.149244028770944	
2.04524072483331e-05	0.000245428886979998	0.00110442999140999	0.00721969975866159	0.0252587229516914	0.0790076492003109	0.177813228617008	0.286313249069415	0.281629647809547	0.141387491307727	
0.000120892184320284	0.000544014829441277	0.00251858717333924	0.00850275029719329	0.0311095887650863	0.0884930789224477	0.187846305736334	0.279361689266789	0.273579013116802	0.127924079708247	
1.99302441454908e-05	3.98604882909816e-05	0.000717488789237668	0.00275037369207773	0.0106427503736921	0.0340607872446437	0.0953861484803189	0.191290483308421	0.280677628300947	0.266726457399103	0.117688091679123	
4.0326645831233e-05	8.0653291662466e-05	0.00074604294787781	0.00302449843734247	0.0137513862284504	0.0411533420707733	0.104768625869543	0.197741707833451	0.282951910474846	0.249642101018248	0.106099405181974	
4.05695971439004e-05	0.000202847985719502	0.00123737271288896	0.00419895330439369	0.0164712564404235	0.0491500669398353	0.111688100937158	0.202949409712362	0.275893545377094	0.238975211976145	0.0991926650168364	
2.03512627958565e-05	0.000264566416346134	0.0017298573376478	0.00541343590369782	0.0197000223863891	0.0536662799926735	0.117671001485642	0.208926063862263	0.269125099212406	0.229297677920915	0.0941856442192238	
0.000468746815578699	0.00173232518800823	0.00631789186214768	0.0208898037377463	0.0576558583161799	0.126031752501681	0.211751278863595	0.273055210222757	0.21444147797909	0.0876556545132166	
4.09475257457568e-05	0.000839424277788015	0.00214974510165223	0.00716581700550744	0.0231558258092255	0.0627111356796266	0.13350940769404	0.222181274696476	0.262309849927318	0.20805437831419	0.0778821939684295	
0.000102688381836479	0.000554517261916987	0.0019716169312604	0.00811238216508184	0.0267195169538518	0.0675689552484032	0.14210018278532	0.221498839621285	0.263744839908813	0.195128463165677	0.0724979975765542	
0.000164571804735554	0.00078171607249388	0.00240686264425747	0.00999773713768489	0.0301372117421983	0.0753944580444755	0.145090617349983	0.230585669910103	0.256217728497665	0.184752422291251	0.0644710045051532	
0.000249009151086302	0.000830030503621008	0.00269759913676828	0.011143159511112	0.0351102903031686	0.0817995061318503	0.155174202651947	0.229669440351933	0.247266087028698	0.17779253387562	0.0582681413541948	
0.000188992251317696	0.000650973310094286	0.00371684760924802	0.0128724722286386	0.0370214821192331	0.0881963839482581	0.160265429117406	0.233006446735684	0.247117868167405	0.161483379181454	0.0554797253312614	
6.37660212128297e-05	6.37660212128297e-05	0.00114778838183093	0.00469743022934512	0.0156226751971433	0.041575445830765	0.0932259230131571	0.167938444534189	0.233532425021787	0.235615448381406	0.156503071396688	0.0500138159712628	
4.32357646244974e-05	0.000302650352371482	0.00149163387954516	0.00527476328418868	0.0177698992606684	0.0455704959142202	0.0977560638159886	0.173397034026547	0.235634917203511	0.227766008041852	0.150092956893943	0.0449003415625405	
8.65276455827637e-05	0.000454270139309509	0.00186034438002942	0.00553776931729688	0.0217400709526694	0.0499264515012547	0.101367136800208	0.179934238989357	0.229579475642468	0.225880418793805	0.142813879034351	0.0408194168036688	
2.14537029091221e-05	0.000386166652364198	0.00216682399382133	0.00819531451128465	0.023019823221488	0.0577319145284476	0.107697588603793	0.181305243284991	0.231657084012701	0.214858834634858	0.134042735776195	0.0389170170771475	
0.0004977923989265	0.00255389143797074	0.00876547485066228	0.026880789542031	0.0616829711713272	0.116028915245433	0.187494589213055	0.230023374599602	0.20796900701238	0.123604016968228	0.0344991775603844	
8.92418901432332e-05	0.000981660791575566	0.00397126411137388	0.0107982687073312	0.0259693900316809	0.0669091071348891	0.122886082727232	0.191468475302307	0.228146892151176	0.203783856142073	0.111351568426219	0.0336441925839989	
0.000250375563345017	0.00177539035826467	0.00409705467291847	0.0120180270405608	0.0307961942914372	0.0735876542085856	0.126576227978331	0.188009286657259	0.22711339736878	0.197614603723767	0.106796558474075	0.0313652296626758	
4.53782275264328e-05	0.000589916957843627	0.0016563053047148	0.00485547034532831	0.0149067477424332	0.0356899759495394	0.072128692653265	0.126741389481327	0.19412805735808	0.22968189862504	0.190906203203703	0.100785043336207	0.027884920814993	
0.000317409934930963	0.000634819869861927	0.00170041036570159	0.00532795247919831	0.017525562835831	0.0368875688666198	0.0750901217493822	0.137121091890176	0.197360963112431	0.223003151427211	0.180447548008253	0.0974901943002245	0.0270932051601787	
2.28388717597351e-05	0.00013703323055841	0.000936393742149138	0.00157588215142172	0.00616649537512847	0.0169692817174832	0.0403334475276921	0.0804613452095466	0.142788626241864	0.198789539796734	0.217837158844353	0.175745118191161	0.0932511133949983	0.0249857257051502	
2.26952929962326e-05	0.000136171757977395	0.000862421133856838	0.0021560528346421	0.00580999500703554	0.0172030320911443	0.0427579320049022	0.0845626617039626	0.145272570468885	0.202510099405383	0.216603876356044	0.168830284598974	0.0891017203032091	0.0241704870409877	
6.81121580202066e-05	0.00020433647406062	0.000953570212282892	0.00263367011011466	0.00599386990577818	0.020774208196163	0.045385401294131	0.0862981042116018	0.151095470541492	0.205721421273697	0.214893858553752	0.16156203882393	0.0821432625723692	0.0222726756726076	
9.15541313801785e-05	0.00034332799267567	0.000915541313801785	0.00258640421149004	0.00727855344472419	0.0212405584802014	0.0465781643396658	0.0938887617303731	0.156054016937514	0.203295948729686	0.209292744335088	0.159761959258412	0.0795376516365301	0.0191348134584573	
9.22296518330643e-05	0.000391976020290523	0.000991468757205441	0.00269771731611713	0.00952271155176389	0.0247175466912612	0.0502190454231035	0.100207516716624	0.159050034586119	0.204542310352778	0.203089693336408	0.152916762739221	0.0730228268388287	0.0185381600184459	
0.000160521005320125	0.00061915244909191	0.000963126031920749	0.00323335167859108	0.0101816180517336	0.0255457714180884	0.0555631994129517	0.105760410933774	0.166230966795083	0.200926435516419	0.199504678040726	0.14384975233902	0.0705375160521005	0.0169235002751789	
2.2981109527968e-05	0.00011490554763984	0.000528565519143264	0.000988187709702625	0.00399871305786643	0.0105942914923933	0.0283816702670405	0.0572919060532242	0.112906191110907	0.167762099554166	0.20007353955049	0.195936939835455	0.141264880268419	0.0664383876453555	0.0136967412786689	
6.87143544286401e-05	9.16191392381869e-05	0.000389381341762294	0.00114523924047734	0.00437481389862342	0.012987012987013	0.0322270322270322	0.0641792070363499	0.113378684807256	0.168373073134978	0.206990540323874	0.18898737946357	0.133489085870038	0.0601708696946792	0.0131473464806798	
9.23936895110064e-05	6.92952671332548e-05	0.000346476335666274	0.00177857852308687	0.00706811724759199	0.0148984824336498	0.0357563578407595	0.0702192040283649	0.112165939066362	0.174600974753424	0.2054604670501	0.181761485690527	0.126325271983923	0.0572378906520685	0.0122190654378306	
9.30492230389876e-05	0.000162836140318228	0.000790918395831395	0.00334977202940355	0.00630408486089141	0.0172606308737322	0.0385456406439006	0.0755327068018982	0.115450823485624	0.174025309388667	0.199195124220713	0.175816506932167	0.126384107192705	0.0553410254024379	0.0117474644086722	
0.000144002304036865	0.000192003072049153	9.60015360245764e-05	0.00134402150434407	0.00218403494455911	0.00660010560168963	0.0177842845485528	0.043968703499256	0.0786732587721403	0.124681994911919	0.176306820909135	0.196275140402246	0.172946767148274	0.117505880094081	0.0525848413574617	0.00871213939423031	
0.0001221657544957	0.00019546520719312	0.000268764659890539	0.00127052384675528	0.00239444878811572	0.00659695074276779	0.020768178264269	0.0430512118842846	0.0846364347146208	0.127736512900704	0.176749413604378	0.197932955433933	0.170494526974199	0.112710125097733	0.0476935105551212	0.00737881157154027	
9.9770527786092e-05	0.000199541055572184	0.000424024743090891	0.00102264790980744	0.00286840267385014	0.00860520802155043	0.0223735408560311	0.0478399680734311	0.0884715155143171	0.132445375636037	0.177641424723137	0.197820013967874	0.165818617180485	0.103162725730819	0.0439489174897735	0.00725830589643819	
7.64487029203404e-05	2.54829009734468e-05	0.000127414504867234	0.000305794811681362	0.00155445695938026	0.00346567453238877	0.00950512206309566	0.0262219051016768	0.0509403190459202	0.0919677896131696	0.136511900514755	0.177029713062535	0.197951174761735	0.161892869884308	0.0968859895010448	0.0375108302329137	0.00802711380663575	
0.000104182945251862	0.000312548835755587	0.000338594572068552	0.00161483565140387	0.00450591238214304	0.0116163983955826	0.0250039068604469	0.0540709485857165	0.0979059228004376	0.138667500130229	0.178361202271188	0.194170964213158	0.157550658957129	0.0920195863937073	0.0356305672761369	0.00812626972964526	
0.000104373238701597	0.000260933096753992	0.000156559858052395	0.000521866193507985	0.00114810562571757	0.00425320947709007	0.0117158960442543	0.0300855860557353	0.0606147583759524	0.0984500574052813	0.139729673311763	0.183070660682601	0.18630623108235	0.149984344014195	0.0925790627283165	0.034704101868281	0.00631458094144661	
5.29226535418486e-05	0.000158767960625546	0.000291074594480167	0.000582149188960334	0.00156121827948453	0.00590087586991612	0.0130189727712948	0.0334471170384483	0.0617342753565664	0.0994681273319044	0.148500965838427	0.184303140959488	0.183059458601254	0.142547167314969	0.0896774364266624	0.0301659125188537	0.00553041729512318	
0.000132858585321783	0.00015943030238614	0.000983153531381198	0.00233831110166339	0.00664292926608917	0.0166338948822873	0.0332677897645746	0.0632141148961046	0.101743104639422	0.155125684221714	0.182574267949195	0.177525641706967	0.141361534782378	0.0853749269277781	0.028086304937025	0.00483605250571292	
2.65667755904466e-05	0.000318801307085359	0.000956403921256077	0.00239100980314019	0.0074121303897346	0.0163917005393055	0.0334210036927818	0.0634414601099865	0.109056613798783	0.153369995483648	0.180043038176457	0.183177917696129	0.138864536011264	0.0794612257910257	0.0266464759172179	0.00502112058659441	
0.000210266249638605	0.000525665624096512	0.000867348279759245	0.00241806187084396	0.00825295029831524	0.0179514810628959	0.0353510132204904	0.0678897153520645	0.111230846058822	0.152548164112808	0.184035534996189	0.178148080006308	0.134281283675454	0.0753016006518254	0.0269666465161511	0.00402134202433832	
0.000154102992166431	0.000333889816360601	0.00107872094516502	0.00351868498780018	0.00916912803390266	0.0188262488763323	0.0384743803775523	0.0710157955566971	0.116912803390266	0.157030949017593	0.182663413381276	0.174059329651984	0.126724027224862	0.0724797739822782	0.0242198536021574	0.00333889816360601	
0.00025495245136782	0.000688371618693114	0.00147872421793336	0.00349284858373913	0.00963720266170359	0.0215689773857176	0.0415317543278179	0.0742166585931724	0.116921194197282	0.162710654462943	0.183897203171608	0.1651072075058	0.126558396858986	0.0657777324528975	0.0222318537592739	0.00392626775106443	
0.000153209744139727	0.000459629232419182	0.000817118635411879	0.00122567795311782	0.00360042898728359	0.0113630560236964	0.0221388080281906	0.0412644910882999	0.0790562279760993	0.122440120524999	0.159976507839232	0.177238139012308	0.165440988713549	0.125019151218017	0.0625095756090087	0.0223941576017568	0.00490271181247127	
0.000128126281262813	0.000179376793767938	0.000717507175071751	0.00133251332513325	0.004510045100451	0.0111982369823698	0.0230883558835588	0.0454079540795408	0.0836408364083641	0.126486264862649	0.152752152521525	0.178659286592866	0.166717917179172	0.117261172611726	0.0638068880688807	0.020090200902009	0.00402316523165232	
2.54569522936714e-05	0.0001781986660557	0.000636423807341785	0.00157833104220763	0.00460770836515452	0.0112519729138028	0.0239549921083448	0.0513466727763352	0.084211598187465	0.124866351000458	0.159589633929026	0.181508069853877	0.162695382108854	0.113207066849957	0.0568453744717682	0.01983096583677	0.00366580113028868	
0.000175614651279478	0.000175614651279478	0.00100351229302559	0.00198193677872554	0.00479177119919719	0.012744606121425	0.0293778223783241	0.051254390366282	0.0834922227797291	0.124586051179127	0.167486201705971	0.174586051179127	0.158078273958856	0.110110386352233	0.0573005519317612	0.019919719016558	0.00293527345709985	
0.000149009089554463	0.000198678786072617	0.000273183330849849	0.000918889385585854	0.00151492574380371	0.00675507872646898	0.0146277256245964	0.0307703769929966	0.0533700889087568	0.0882382158645011	0.127328267024288	0.169199821189093	0.17116177420156	0.152535638007252	0.10845378234739	0.0535190979983112	0.0187254755873442	0.00225997119157602	
0.000174094707520891	0.000348189415041783	0.00022383605252686	0.000696378830083565	0.00315857540787903	0.00678969359331476	0.0166384799044966	0.0313619180262634	0.0572522881018703	0.092991444488659	0.132237365698368	0.16541484281735	0.172677079188221	0.152954635893355	0.102367688022284	0.0468563469956228	0.015991842419419	0.00186530043772384	
2.46749080859674e-05	0.000271423988945641	0.000320773805117576	0.000493498161719348	0.00133244503664224	0.00325708786734769	0.00685962444789893	0.0174945098329509	0.0321514052360155	0.0639573617588274	0.0988970316085573	0.135588619932391	0.165938756878131	0.171539961013645	0.144792360648457	0.0973425123991413	0.0437486120364202	0.0135465245391961	0.00244281590051077	
4.93729633652612e-05	0.000222178335143675	9.87459267305224e-05	0.000691221487113657	0.00185148612619729	0.00390046410585563	0.00733188505974129	0.016638688654093	0.0345363878740002	0.0680112570356473	0.10153549916066	0.139231756690037	0.164189789671176	0.168065567295349	0.140540140219216	0.0926730522365952	0.0441394292485435	0.0139231756690037	0.00236990224153254	
0.000148997988527155	7.44989942635774e-05	0.000248329980878591	0.00134098189674439	0.00181280886041372	0.00402294569023318	0.00782239439767563	0.0196925674836723	0.0381683180610395	0.0670739278353076	0.103553602026373	0.13653182348705	0.166579751173359	0.166952246144677	0.134868012615163	0.0908142740073009	0.0436315776403685	0.0139809779234647	0.00268196379348879	
2.49469876512411e-05	0.000149681925907447	0.000498939753024822	0.000923038543095921	0.00177123612323812	0.00441561681426968	0.00950480229512286	0.0217787202195335	0.03859298989647	0.0686291630285643	0.105226393912935	0.144093800673569	0.162155419733067	0.164076337782213	0.134139952600723	0.0860421604091306	0.0412124235998503	0.0147187227142323	0.00204565298740177	
5.01856870420556e-05	0	0.000301114122252334	0.000752785305630834	0.00148047776774064	0.00419050486801164	0.0113168724279835	0.0231105088828666	0.0434357121348991	0.0704857974505671	0.109329519221118	0.14062029509184	0.168197330121449	0.166566295292583	0.126869416842317	0.0807738632941885	0.0393706714844926	0.0114423366455887	0.00170631335942989	
2.56778964667214e-05	5.13557929334429e-05	0.000513557929334429	0.000975760065735415	0.0014379622021364	0.00536668036154478	0.0121456450287592	0.024702136400986	0.0438321692686935	0.0743631881676253	0.11097986852917	0.146800534100247	0.165391331142153	0.161950493015612	0.124820254724733	0.077804026294166	0.0380289646672145	0.00975760065735415	0.00105279375513558	
2.61732143324522e-05	0.000157039285994713	0.000628157143978852	0.000994582144633182	0.00266966786191012	0.00565341429580967	0.0138194571675347	0.0261993875467846	0.0468762268694218	0.0784149501400267	0.115031276991127	0.145366032402439	0.165205328866438	0.156411128850734	0.122202737718219	0.0759546679927762	0.0336064072028686	0.00978878216033711	0.000994582144633182	
5.32608985113579e-05	0.000133152246278395	0.000372826289579505	0.00143804425980666	0.002902718968869	0.00652446006764134	0.0142739208010439	0.0252456658943836	0.0512902452664376	0.0852973289659397	0.1127799525978	0.151074538627467	0.166466938297249	0.153604431306756	0.12159463130143	0.067934276051237	0.0291337114857128	0.00932065723948763	0.000559239434369258	
8.0810257515354e-05	0.000161620515030708	0.000700355565133068	0.00177782566533779	0.00355565133067557	0.00624932658118737	0.0139801745501562	0.0286068311604353	0.0567826742807887	0.0881101174442409	0.118898825557591	0.149418166145889	0.162644111625902	0.149418166145889	0.117201810149768	0.0641902812196962	0.0286337679129404	0.00835039327658657	0.00123909061523543	
5.38894726915097e-05	0.000161668418074529	0.000916121035755665	0.00156279470805378	0.00336809204321936	0.00735591302239108	0.0157357260259208	0.0316061757335704	0.0598442594239215	0.0889445746773368	0.120065745156684	0.149893568291434	0.16438983644545	0.151079136690647	0.108263950637243	0.0615148330773583	0.0270525152911379	0.0075175814404656	0.000673618408643871	
0.000108011773283288	0.000945103016228769	0.00105311478951206	0.00286231199200713	0.00818189182620906	0.0169578484054762	0.0333216320578943	0.0605405989252829	0.0905678718980369	0.126616801231334	0.149272270677504	0.165798071989847	0.145599870385872	0.10415035238841	0.061890746091324	0.0252747549482894	0.00591364458726001	0.000945103016228769	
0.000109917287241351	0.000467148470775741	0.000989255585172158	0.00310516336456816	0.00802396196861861	0.0181638317166332	0.0370146464785249	0.0630650435547251	0.0926602731444588	0.124948476271606	0.151768294358495	0.163666840702371	0.144238960182463	0.104229067626611	0.0558929405622269	0.0244016377675799	0.00607293012008464	0.00118161083784452	
5.49375085839857e-05	0.000109875017167971	0.000466968822963879	0.00170306276610356	0.00329625051503914	0.00843290756764181	0.019338003021563	0.0388133498145859	0.0657052602664469	0.0941079522043675	0.125175113308611	0.153605274000824	0.162340337865678	0.143359428649911	0.096030765004807	0.0581788215904409	0.0223595659936822	0.00612553220711441	0.000796593874467793	
0.000109595046303907	0.000164392569455861	0.000739766562551373	0.00210970464135021	0.00408241547482054	0.00819222971121705	0.020083292235191	0.0411255411255411	0.0649898624582169	0.0986903391966683	0.127459038851444	0.158748424571209	0.16324182146967	0.135843059893693	0.0909638884322429	0.0560030686612965	0.0215080278371418	0.00556194859992328	0.000383582662063675	
8.16304318249844e-05	0.000217681151533292	0.00103398546978314	0.00171423906832467	0.0038094201518326	0.00933307937198988	0.0216320644336209	0.0422301433974586	0.0701477510816032	0.102010829637289	0.133384125602024	0.158335827596528	0.156703218960028	0.129357024298659	0.092106337242524	0.0525427879513483	0.0196729340698212	0.00519713749285734	0.000489782590949906	
5.4559838502878e-05	0.000109119677005756	0.000572878304280219	0.00182775458984641	0.00474670594975039	0.0107210082658155	0.0252066453883296	0.0450664266033773	0.0715006683580217	0.106828163788635	0.133371525220285	0.156095697956734	0.156423056987751	0.128297460239518	0.0867774231388275	0.0472215402242409	0.0191505033145102	0.00561966336579644	0.000409198788771585	
0.000190860508234268	0.0008452393936089	0.00289017341040462	0.00627113098484022	0.0136601592321954	0.0268022685134693	0.0479332533536918	0.0729632457192715	0.104073508561457	0.137637692223798	0.157896171883521	0.149798233177009	0.126076998582179	0.0858872287054204	0.046733558730505	0.016414003708147	0.00373541280401352	0.000190860508234268	
2.7103209019948e-05	0.000460754553339115	0.000650477016478751	0.00325238508239376	0.00799544666088465	0.016668473547268	0.0297322202948829	0.0477558542931483	0.0764581526452732	0.111014744145707	0.138876843018213	0.155762142237641	0.149907849089332	0.122127059843886	0.0814451431049436	0.0397333044232437	0.0147441457068517	0.00303555941023417	0.000352341717259323	
2.67215348849638e-05	5.34430697699276e-05	0.00109558293028352	0.00382117948854982	0.00788285279106432	0.0165139085589076	0.0302220559548941	0.0496218902813778	0.0830238088875825	0.111562408144724	0.144510060657884	0.160355930844668	0.149747481495337	0.116292119819362	0.0709991181893488	0.0365016166528605	0.0138417550704112	0.00352724260481522	0.000400823023274457	
0.000213680920964769	0.00232378001549187	0.00462084991586314	0.00822671545714362	0.0169609231015786	0.0315446459574241	0.0557440102566842	0.0811186196212506	0.119501055049547	0.144795534068752	0.163492614653169	0.146104329709661	0.106493228985817	0.0673896204492641	0.0344293383904485	0.0129544058334891	0.00392638692272764	0.000160260690723577	
0.000527203711514129	0.00221425558835934	0.00382222690847744	0.00880430198228595	0.017239561366512	0.0355862505272037	0.0573597638127372	0.0861978068325601	0.119279839730072	0.145587304934627	0.157264867144665	0.143135807676086	0.104623576549979	0.0681674398987769	0.0336092366090257	0.0133646140868832	0.00313686208350907	7.90805567271194e-05	
2.65449139944787e-05	0.000716712677850924	0.00183159906561903	0.0050966234869399	0.00929071989806753	0.0189265236780633	0.0380123168400934	0.0605754937354003	0.089562539817371	0.121336801868762	0.148306434487152	0.155871734975579	0.135697600339775	0.100313229985135	0.0660437460182629	0.0346145678488002	0.0115470375875982	0.0019908685495859	0.000238904225950308	
0.000185794670347171	0.00053084191527763	0.00222953604416605	0.00480411933326255	0.0103248752521499	0.0207028346958276	0.036973139399087	0.0624004671408854	0.089606115298864	0.124270092366493	0.150971440704958	0.152617050642319	0.132763563010935	0.0990551013908058	0.0664083236012316	0.0338411720989489	0.00987365962416392	0.00228262023569381	0.000159252574583289	
0.00031513432600646	0.000866619396517766	0.00283620893405814	0.00506841040993724	0.0121851939389165	0.0208251267102602	0.0379736862837785	0.0638934845978098	0.0950129992909478	0.128233409490795	0.148428267549043	0.146353633236167	0.132461461698049	0.100764200740566	0.063447044302634	0.0296226266446073	0.00940150739252606	0.00220594028204522	0.000105044775335487	
0.000261301280376274	0.0011497256336556	0.0032401358766658	0.00611444996080481	0.0121243794094591	0.0209563626861772	0.0409459106349621	0.0660830938071597	0.0970734256597857	0.130676770316175	0.14306245100601	0.14967337339953	0.130154167755422	0.0985889730859681	0.0608309380715965	0.0275411549516593	0.00930232558139535	0.00201201985889731	0.000209041024301019	
0.000285395532262668	0.00176426329035104	0.00282801027423916	0.00594141608074099	0.013543315258283	0.0235062138390888	0.0411747917909867	0.0703889162753289	0.0966712502918818	0.126689671276237	0.146174402615261	0.150299665308876	0.128557714760138	0.0980722829048076	0.0561191396621955	0.0266196196455906	0.00931427237111797	0.00191993358067613	0.000129725241937576	
7.67165324127349e-05	0.000409154839534586	0.00158547500319652	0.00368239355581128	0.00641861654519882	0.0149597238204833	0.0254443165835571	0.0457997698504028	0.0667689553765503	0.0976345735839407	0.1279120317095	0.147295742232451	0.145991561181435	0.127809742999616	0.0955887993862677	0.0564122235008311	0.0244470016621915	0.00910369517964455	0.00253164556962025	0.000127860887354558	
0.000258184446968915	0.000826190230300527	0.00170401734999484	0.00304657647423319	0.00588660539089125	0.0164979861613136	0.0292264793968811	0.0450790044407725	0.0669214086543427	0.101337395435299	0.127672209026128	0.146519673654859	0.146571310544253	0.130770422389755	0.0927914902406279	0.0497521429309098	0.0229784157802334	0.0100175565423939	0.00214293090984199	
