# <P(N_2)> as a function of N_tot.
# number_of_species: 2
# species_total_upper_bound: 100
# species_total_lower_bound: 0
# volume: 512
# Bin widths for each species index 
1	1	1	1	1	1	1	1	1	1	1	1	1	1	1	1	1	1	1	1	1	1	1	1	1	1	1	1	1	1	1	1	1	1	1	1	1	1	1	1	1	1	1	1	1	1	1	1	1	1	1	1	1	1	1	1	1	1	1	1	1	1	1	1	1	1	1	1	1	1	1	1	1	1	1	1	1	1	1	1	1	1	1	1	1	1	1	1	1	1	1	1	1	1	1	1	1	1	1	1	1	
# Bin lower bound for each species index 
0	0	0	0	0	0	1	2	2	2	3	4	4	5	6	7	8	9	9	10	11	12	12	13	13	15	15	16	17	18	19	20	20	21	22	23	24	25	26	26	27	28	29	30	30	30	31	31	32	34	35	36	37	37	38	39	39	40	41	42	43	44	44	44	45	46	49	50	51	52	52	53	54	55	56	57	57	58	59	60	61	62	62	63	64	64	65	67	68	68	69	70	70	71	73	73	75	76	76	76	77	
# Bin upper bound for each species index 
0	1	2	3	4	5	6	7	8	9	10	11	12	13	14	15	16	17	18	19	20	21	22	23	24	25	26	27	28	29	30	31	32	33	34	35	36	37	38	39	40	41	42	43	44	45	46	47	48	49	50	51	52	53	54	55	56	57	58	59	60	61	62	63	64	65	66	67	68	69	70	71	72	73	74	75	76	77	78	79	80	81	82	83	84	85	86	87	88	89	90	91	92	93	94	95	96	97	98	99	100	
# Normalized histogram for each species index 
1	
0.0791904201317266	0.920809579868273	
0.00634254545205207	0.145443138222922	0.848214316325026	
0.000442468390521229	0.0171216402200337	0.201962810360277	0.780473081029168	
6.9855166953849e-05	0.00185762999529124	0.0318298086658353	0.247725395026657	0.718517311145263	
1.72574316972425e-06	0.000182065904405909	0.00411934894613179	0.0495365948153498	0.285346455884396	0.660813808706547	
7.73178605976155e-06	0.000487102521764978	0.00783229927853845	0.0676582825469534	0.315256703888057	0.608757879978626	
4.13152361122707e-05	0.0010380453073208	0.0121277432671228	0.0868007288696237	0.338852073379302	0.561140093940518	
7.75850029913329e-06	0.000131894505085266	0.00192669424095143	0.0178014479085669	0.107144889131031	0.356764291588579	0.516223024125488	
3.45672995075024e-06	2.76538396060019e-05	0.000271353301133894	0.00313438988284278	0.0252894363196888	0.127590495029654	0.369521839187738	0.474161375709386	
7.79578507886736e-06	5.54366938941679e-05	0.00056129652567845	0.00499709823555398	0.0336266858385233	0.146559893284364	0.377864301367727	0.43632749226918	
1.04057911696456e-05	0.000108393658017142	0.000925248264834322	0.00721381472835682	0.0433583303561209	0.164721072767698	0.381086087110346	0.402576647323457	
6.05642162384777e-06	3.37429204757233e-05	0.000108150386140139	0.00136615567772223	0.0101280673612517	0.0524018902957091	0.180817063189242	0.384456453463321	0.370682420284513	
6.92330193038966e-06	2.94240332041561e-05	0.000223276487255067	0.00204064324398235	0.0132650464986266	0.0629198333561225	0.197216313376339	0.382781575016573	0.341516964685968	
2.60053675078536e-06	2.68722130914487e-05	0.000364075145109951	0.00296114451356093	0.0171704773198522	0.0732068432257751	0.212347695230962	0.379291752484379	0.314628539330518	
1.73110413283801e-06	5.53953322508162e-05	0.000584247644832827	0.00401443048405134	0.0212371855016567	0.0844562428808343	0.226306377733846	0.373750575592124	0.289593813726271	
8.62995197431726e-07	0.000116504351653283	0.000870762154208612	0.00546362259494026	0.0266501546918891	0.095807137833278	0.237372007024781	0.367345987719578	0.266372960634474	
2.58836237763517e-06	0.000157890105035745	0.00132955547464526	0.00723706120786793	0.0320698098588997	0.107835490589577	0.247242962674089	0.359206891255994	0.244917750471513	
8.62504679087884e-07	1.98376076190213e-05	0.000244088824181871	0.00173277190028756	0.00922535004752401	0.0380580189647529	0.118256291540382	0.256641717281316	0.35024417507465	0.225576886254608	
5.16484462425755e-06	6.11173280537144e-05	0.000364121546010158	0.0021537402083154	0.0114470173022295	0.044243780666265	0.12949814926401	0.264877334940174	0.339167599208057	0.208181974692261	
1.1204906714842e-05	7.67105152016107e-05	0.000504220802167891	0.00287535144620869	0.0143715857356366	0.0511719470507824	0.140743971329229	0.270936368196682	0.329313932181009	0.189994707836367	
1.4671222225003e-05	9.83834902147263e-05	0.000659341987053078	0.00390168209877875	0.0172826997810536	0.0590870529915917	0.150235904623247	0.275161361869148	0.319261329851363	0.174297572085324	
8.62939343993511e-07	2.93399376957794e-05	0.000190709595022566	0.000988928488216563	0.0049731194394346	0.0206924225296204	0.0657447598008336	0.160146009337004	0.279001234003262	0.307083869074843	0.161148744854724	
7.78915282577483e-06	5.10622240800794e-05	0.000228481816222728	0.00139512381723878	0.0061352560424353	0.0239594340920834	0.0736048978192968	0.170003453191086	0.280737511608001	0.294531235801023	0.149345754435706	
8.63062975979231e-07	1.121981868773e-05	4.66054007028785e-05	0.000334868434679942	0.00174511333743001	0.00775289471322143	0.0277768188189156	0.0811020278527684	0.178453805417274	0.281104789654291	0.284965270345847	0.136705723143206	
8.62262974686546e-06	6.38074601268044e-05	0.000452688061710437	0.00222894978956472	0.00942798336522269	0.032327963446948	0.0888691334860689	0.187519778156982	0.282247988556046	0.271172220646197	0.125680864401387	
3.446718895947e-06	9.47847696385426e-06	8.96146912946221e-05	0.000598867408170792	0.00275306671813767	0.0111716776214882	0.0371263325876931	0.0972207382182531	0.194792180084169	0.281534031179019	0.259957570890391	0.114742995405524	
5.18460655749037e-06	1.98743251370464e-05	0.000127022860658514	0.000751767950836104	0.00336135325143959	0.0134307232871788	0.0414396961129276	0.104785219032345	0.201389993018063	0.27942609861813	0.249051216999979	0.106211849936748	
3.46225022028567e-06	2.59668766521425e-05	0.000191289324670783	0.00101011150176834	0.00426635783394702	0.0156545643710217	0.0464824403324453	0.112501493095407	0.20749265570172	0.276957512996422	0.237325134724812	0.0980890109909133	
3.4676047693436e-06	2.51401345777411e-05	0.000280875986316832	0.0012726109503491	0.00510778182524312	0.0179127793372367	0.0514895963187908	0.12002420388129	0.213978088205463	0.273338280449471	0.225536481802877	0.0910306935036158	
3.46037224954474e-06	4.84452114936264e-05	0.000356418341703109	0.00153813546492264	0.00610409664819693	0.0204525301809342	0.0572414777519692	0.127214530103076	0.217753439826289	0.269084601776036	0.215956641535713	0.0842462227874163	
4.32365497579186e-06	7.26374035933032e-05	0.000471278392361312	0.00195515678005308	0.00742630978642009	0.0231739259392492	0.062808006371338	0.134380926109601	0.221730862854529	0.264686375039021	0.206305791362894	0.0769844063059643	
8.6645802357459e-07	7.79812221217131e-06	0.000114372459111846	0.000529405852404074	0.00231777521306203	0.00851381653964392	0.0264053082684356	0.0683046189144321	0.141403350073302	0.22433291396765	0.261563748782627	0.195611563402199	0.0708944619468965	
1.73435267020937e-06	1.56091740318843e-05	0.000123139039584865	0.000635640253631734	0.00268737946248942	0.00998293396972514	0.0297935773451917	0.0737438083609673	0.147055762907053	0.228679602625116	0.256233263496732	0.185743100745078	0.0653044482677285	
6.07499670214465e-06	1.6489276762964e-05	0.00017704276103393	0.000873931668437094	0.00335773746294252	0.0114314080800928	0.0334836461088778	0.0797794602625787	0.154157380600279	0.231306367290829	0.249781300118723	0.17564724750578	0.059981913866961	
2.61021184479332e-06	4.0023248286831e-05	0.000224478218652226	0.00114240271740454	0.00408933189017621	0.0132694469483143	0.0367987665878963	0.0862179074453683	0.160419269627923	0.231858157608071	0.244132243772905	0.166412316023568	0.055393045699589	
6.93246307813492e-06	6.15256098184475e-05	0.00032062641736374	0.00140209065755279	0.0046629479779305	0.0150815734264825	0.040912797413498	0.0922650176647825	0.165593145873755	0.232633530070858	0.237471522741512	0.158007298150506	0.0515809915328629	
1.55593993034576e-05	9.85428622552312e-05	0.000396764682238168	0.00161731311648717	0.00543973887870325	0.0169908640393757	0.0451715294111545	0.0975574336326789	0.171474088845899	0.233023614846087	0.231183283672917	0.149823184715138	0.0472080818977626	
1.20696730497995e-05	0.00013707700106558	0.000472441487949294	0.00188804171279006	0.00634864802419452	0.0195658021332285	0.049654634926875	0.104026787777215	0.176607766662184	0.232375690988782	0.224784728759962	0.140607380432646	0.0435189304200591	
9.47233904773714e-06	1.98057998270868e-05	0.000130029381473483	0.000555423516890042	0.002224277432755	0.00768637257637289	0.0221420230849514	0.054396198664228	0.109504545000499	0.181045677341132	0.232555395960995	0.217266179616215	0.132979584525987	0.0394850147596265	
6.88077931706545e-06	4.30048707316591e-05	0.000169439190682737	0.00073796358175527	0.0026594212060458	0.00891060921559976	0.02453771914207	0.058742933224617	0.115042329694261	0.1848366545995	0.230530189849302	0.212088841182152	0.125523476788981	0.0361705366749838	
6.02605666903692e-06	4.47649923985599e-05	0.000210051118177858	0.000897021578448067	0.00329280953700946	0.00985002005816006	0.0268951517791502	0.0633803423144534	0.120559872316468	0.188231627844514	0.229788175499431	0.205151934105931	0.118510152183757	0.0331820506154326	
3.44386415333461e-06	5.07969962616855e-05	0.000282396860573438	0.00117866250647877	0.00378738960262973	0.0115257523551726	0.029814392941456	0.0678372360923851	0.125898202819492	0.191396194185724	0.228482306286946	0.197782840258083	0.111521791911396	0.0304385933192479	
9.46888181113885e-06	7.40294396143583e-05	0.00033141086338986	0.0013523284841181	0.00446156494792115	0.0128561590772144	0.0325979168460016	0.0719264870448481	0.130674873030903	0.194828268916243	0.225923215976586	0.190892657312559	0.1057415856073	0.0283300335714901	
1.72191132156694e-06	2.32458028411537e-05	0.000113646147223418	0.000424451140766251	0.00151872578562204	0.00506328024106759	0.0143521308652604	0.0355488592337495	0.0762195436934998	0.135612569952647	0.198356435643564	0.223163151097718	0.183359448988377	0.0998674128282393	0.0263753766681016	
1.72236063303643e-06	4.30590158259107e-06	2.49742291790282e-05	0.000105063998615222	0.000514985829277892	0.00169910876449044	0.00578110346478677	0.0158069647096918	0.0388624841435174	0.0800699622889139	0.140879626798898	0.200467276439743	0.219563088778218	0.177245549204829	0.0948047575045406	0.0241690255830837	
2.57698528799099e-06	5.15397057598198e-06	4.46677449918438e-05	0.000110810367383613	0.000556628822206054	0.00208993506856069	0.00628870309779401	0.0176446182668743	0.0418416511260137	0.0850989261702305	0.146215568255321	0.201064123124921	0.216431545392307	0.171530153734352	0.0884953927798026	0.0225795450933771	
6.00552680052128e-06	8.57932400074469e-07	7.72139160067022e-06	4.37545524037979e-05	0.000126116062810947	0.000688919717259798	0.00238162034260672	0.00722893840302747	0.0199718083413336	0.04539148742314	0.0901420993434243	0.150757597205886	0.201630414733102	0.21255275211845	0.164757338110301	0.0837813885292722	0.0205311802661821	
8.5729104602367e-07	1.71458209204734e-06	1.11447835983077e-05	5.05801717153965e-05	0.000201463395815562	0.000871864993806072	0.00271246886961889	0.00827371588517444	0.0219809424200469	0.0492145070790808	0.0957962733558229	0.154138358201918	0.202221241100247	0.20884381443078	0.158323653088605	0.0787884762937593	0.0185689240568727	
4.29910045622054e-06	8.59820091244108e-06	6.19070465695758e-05	0.000268263868468162	0.000970736883014598	0.00316843703623454	0.00931615068862991	0.0242056552087041	0.0526717189695228	0.100150124587931	0.158167345064719	0.203086066271493	0.204881370622011	0.151877761097268	0.0736736845182514	0.0174878808358139	
8.60493372480045e-07	3.35592415267218e-05	8.43283505030444e-05	0.000281381332800975	0.00112896730469382	0.0037775659051874	0.0102897797481164	0.0261495330962961	0.0569052872154779	0.10444410407151	0.161012077884976	0.203640059064265	0.200667914955719	0.146060145044763	0.0691578523462212	0.0163665839445705	
5.16685941922778e-06	3.18622997519046e-05	9.21423263095621e-05	0.000342735008142109	0.00129429828451656	0.00411195895446877	0.0117649388975817	0.0288129915513237	0.0606072609875418	0.109051734902221	0.164539499348545	0.203653486295336	0.196305351057958	0.139638681520813	0.0651497915602796	0.0145981001457915	
7.76487945024653e-06	3.70988684845112e-05	0.000108708312303451	0.000405499260179541	0.00158058435031685	0.00480042102901908	0.0129500933942445	0.0312113643324576	0.0641456691384866	0.113619167173541	0.168747222977141	0.20441045152774	0.191333531769142	0.132856224629335	0.0602701315284302	0.0135160668297291	
1.73015618985004e-06	6.05554666447514e-06	4.84443733158011e-05	0.000146198198042328	0.000476658030303686	0.00180282274982374	0.00532628583045334	0.0142677330195983	0.0334975539916866	0.0683783678571583	0.11906242836072	0.172086525111054	0.202326194997253	0.186529868983923	0.126938099336918	0.0566392581090258	0.0124657753478695	
4.32668178120836e-06	1.03840362749001e-05	4.24014814558419e-05	0.000204219380073034	0.000618715494712795	0.00208026860040498	0.00608331458437895	0.0159040168913657	0.0361589449819145	0.0731261141205587	0.12232221664561	0.17391097419567	0.201415690278811	0.181316522732386	0.121499281770824	0.0538611308215503	0.0114414773022274	
3.46214233905799e-06	1.55796405257609e-05	7.44360602897467e-05	0.000234560143471179	0.000707142572752594	0.00238974374953477	0.0069381332474722	0.017332350084909	0.0395705558642632	0.0767496369078222	0.126235768431148	0.17602483740914	0.199467868722487	0.176735442124232	0.116692373073534	0.0501006617885081	0.0107274480375712	
8.65119256689535e-07	5.19071554013721e-06	2.4223339187307e-05	0.000109005026342881	0.000275107923627272	0.000923082246887733	0.00295178690382469	0.00795736692303034	0.0193881876616692	0.0424565926412956	0.0809414227751296	0.13025927624123	0.176604579941345	0.198045695599138	0.172316183785935	0.111005182064348	0.0471559204436332	0.00958033064857991	
2.59380047103417e-06	1.29690023551708e-05	2.6802604867353e-05	0.000109804219940446	0.000319037457937202	0.00110755280113159	0.00339269101611269	0.00897541422993522	0.0213123938703307	0.0454667284567579	0.0847550241915124	0.133282437204091	0.17894542989649	0.195639994328223	0.167805056873398	0.106267140698113	0.0437738413493296	0.00880508799900398	
8.63873418355755e-07	1.46858481120478e-05	2.50523291323169e-05	9.41622026007773e-05	0.000349868734434081	0.00133382055794129	0.0036999698508177	0.0100356175010388	0.0236278018654483	0.0487319634028665	0.0878524711531069	0.137335140556525	0.180375905879263	0.193677828775105	0.162811631537254	0.100877954555075	0.0406918934982295	0.00846336787963133	
1.73147880410222e-06	7.79165461845999e-06	2.94351396697377e-05	0.000112546122266644	0.000395642906737357	0.00142933575278638	0.00420576201516429	0.0110122051940901	0.0257652703444431	0.0516690589932143	0.0928193842515077	0.140541537310771	0.181157701357999	0.190445353663203	0.158286597834613	0.0956633381872456	0.0388102316545492	0.00764707613831745	
3.46618648429904e-06	1.55978391793457e-05	4.07276911905137e-05	0.000132581633024438	0.000497397760496913	0.00170189756379083	0.00454590357415819	0.012193177505143	0.0274573962353749	0.0552718096786325	0.0967395316835441	0.143980187278056	0.182470455092954	0.187605610369443	0.15244114848623	0.0917794188245122	0.0362589102656312	0.00686478233215425	
4.34252065954204e-06	7.81653718717567e-06	6.07952892335885e-05	0.000143303181764887	0.000634008016293138	0.0018594673464159	0.00508596019645563	0.0133089573173644	0.0295065593774562	0.0583426335650792	0.0999483240041514	0.147678705581442	0.182814908741928	0.184624002848694	0.148506390019151	0.0877536574880255	0.0334139594669122	0.00630620850178695	
4.35284131716978e-06	3.48227305373583e-06	6.96454610747165e-06	5.31046640694713e-05	0.000181078198794263	0.000730406773021089	0.00208762269571463	0.00579624349794328	0.014480161925697	0.0317975058219253	0.0616858554421399	0.103400004352841	0.15054127581779	0.181663220667291	0.18301695431693	0.14430713648334	0.0829938842579494	0.0314632076087666	0.00578753781530894	
2.61054346293811e-06	7.83163038881434e-06	6.96144923450164e-06	1.39228984690033e-05	6.26530431105147e-05	0.000248001628979121	0.000883233871627395	0.00242171415245226	0.00655333427312898	0.0158703638923551	0.0342868778422292	0.0644212512160782	0.106805164699187	0.152934337870458	0.182723249326045	0.180645256729546	0.138848715525598	0.0785477720751906	0.0295435203700706	0.00517322696238903	
1.74153678430457e-06	1.74153678430457e-06	1.2190757490132e-05	2.00276730195026e-05	8.70768392152287e-05	0.000350048893645219	0.000920402190504967	0.00273508351975033	0.00751560199266639	0.0173578971291637	0.0361969712933784	0.0683030726804254	0.110658988811497	0.155325924255341	0.182940602275666	0.176900081939306	0.133871932609493	0.074602211229255	0.0272402476117	0.00495815522491512	
1.74307281076591e-06	0	6.1007548376807e-06	1.65591917022762e-05	0.000126372778780529	0.000372146045098523	0.00110597969843097	0.00319505246213392	0.00813666388065529	0.0185445516337386	0.0384251685769292	0.0718207005583934	0.115307752577787	0.156596789782804	0.182305370668791	0.173632711898825	0.129172153714619	0.071105169169574	0.0254819814205869	0.00464703211350193	
3.5022681564148e-06	3.15204134077332e-05	0.000141841860334799	0.000488566407819864	0.0013974049944095	0.00362572310892842	0.00883184472343902	0.0202518656144686	0.0411393928993264	0.0755229105249287	0.117889848413079	0.159200852452069	0.182111815164296	0.169863507854274	0.12393563881809	0.0673311053070745	0.0239336250138996	0.00429903416199917	
4.37578162399259e-06	3.93820346159333e-05	0.00018290767188289	0.000542596921375081	0.00151752106720063	0.004013466905526	0.0100397933580886	0.0223716211308245	0.0443476716028401	0.0787911990779353	0.121285289584852	0.161227424248656	0.180304956972939	0.1653826664788	0.119499970682263	0.0640439398487555	0.0224320069172356	0.00397320971458527	
8.75356270001891e-06	5.95242263601286e-05	0.000180323391620389	0.000621502951701342	0.00177872394064384	0.00455447867281984	0.0112141891749942	0.024089804550452	0.0471554422650019	0.0821513105834075	0.124432769137039	0.163100757008102	0.178449253846315	0.161252004565858	0.11552776980231	0.0610823605207319	0.020824725663345	0.0035163061365976	
1.13606373142754e-05	7.42810901318009e-05	0.000227212746285509	0.000697368352060907	0.00207113157191021	0.00505897918556465	0.0120894658927451	0.0259083703427941	0.0498155207279197	0.0848359960919408	0.127738132066535	0.163979438994252	0.177045045800846	0.158550802148384	0.11136046253524	0.0576569821603038	0.0196582720295866	0.00322117762618609	
1.74242437442609e-06	2.52651534291783e-05	7.7537884661961e-05	0.000258750019602274	0.000813712182856984	0.00215886379991392	0.00572037922124085	0.0130220085622734	0.0277202293727447	0.052854700973841	0.0874897414764956	0.129951752269072	0.165309898887114	0.175629407244652	0.155147208723273	0.107349023284017	0.0550449284124946	0.018377349877072	0.00304750023087123	
6.96646864479544e-06	2.61242574179829e-05	0.000100142986768934	0.000331778069208383	0.000837717854536651	0.00239907763955143	0.00636909395850423	0.0140339510849404	0.029676285618248	0.0552231969472934	0.0911362136197945	0.132507458475493	0.165662624373236	0.175380848132725	0.151440578634886	0.102776311916667	0.0522607061560942	0.0170748146483936	0.0027561091575972	
8.70477326241845e-06	3.56895703759156e-05	0.000130571598936277	0.000376046204936477	0.00106981663395123	0.0028229579690023	0.00682193080575734	0.0151376007033457	0.0315843993053591	0.0582636588773454	0.0951283736436875	0.135526355877245	0.165546507427348	0.173584495057865	0.146857359232935	0.0994537754777832	0.0492864262118132	0.0158157025404881	0.00254962808856236	
1.82775100461028e-05	4.09068081984206e-05	0.000169719736142384	0.000481307764547375	0.00124287068313499	0.00323424892053896	0.00757211130481404	0.0166281823538474	0.0338917257712021	0.0614394148411641	0.098400021584869	0.13789946150974	0.166261805313185	0.170526557657276	0.143743912936386	0.0950299968754161	0.0463369693973557	0.0147577838257962	0.00232472520634003	
1.04473921567945e-05	4.44014166663765e-05	0.0001880530588223	0.000511051599669862	0.00139733870097126	0.00357213750161064	0.00808889337739811	0.0177161652498842	0.0357100570079365	0.0648487043492494	0.102070150755869	0.140250145392874	0.16660717457244	0.168398902327331	0.140030750157581	0.0912414287853514	0.0433009580258608	0.0137539917744199	0.0022592485539068	
1.6474764562608e-05	6.85003368655807e-05	0.000204633917725026	0.000596559895740753	0.00153215310432254	0.00369034726202419	0.00884001182714677	0.0191809614152343	0.0384312902602059	0.0674745659983404	0.105035295015343	0.142372314071443	0.166723750280721	0.166348299067268	0.135784142432143	0.0870890738494328	0.0415268118122328	0.0130774946912239	0.00200731999802303	
1.72821114592496e-06	2.16026393240621e-05	8.81387684421732e-05	0.000263552199753557	0.000705974253110348	0.00166253912237982	0.00405783977063182	0.009926844822193	0.0207229798507862	0.0408315806391962	0.0701731494747102	0.107047126589738	0.145049625583055	0.16680175517124	0.164227584669385	0.132018913542781	0.0830941201072182	0.0395103632181365	0.0119332979626119	0.00186128340416119	
4.32624377345365e-06	3.46099501876292e-05	8.73901242237637e-05	0.000265631367690054	0.000714695471374543	0.00174088049443775	0.00452871198205128	0.010569878787302	0.0224004250101883	0.0427709764418722	0.0721098312159254	0.110581386595739	0.146347309119635	0.167159137416211	0.162902113543133	0.127476233779831	0.0801479921470023	0.0373424057549425	0.0110769145575507	0.00173914999692837	
5.19569588552843e-06	3.37720232559348e-05	7.44716410259075e-05	0.000259784794276421	0.000771560839000972	0.00194405621050189	0.00503636121170556	0.0115621552439293	0.0237781022201209	0.0440283269339679	0.0763827911624677	0.112652212240713	0.148562264353543	0.167426970164582	0.159572809884292	0.123782258776829	0.0770694889686717	0.0350995235546873	0.0104251637943128	0.00153273028623089	
2.59515795428889e-06	2.59515795428889e-05	7.6989685977237e-05	0.000309688849211807	0.000833910755978163	0.00218339289220838	0.00552509128468104	0.0126652358695812	0.0252439664740194	0.0472881031904007	0.0787128708588848	0.11562639760069	0.149919679861315	0.166658448666478	0.155991484421699	0.120743184033896	0.0736254962158272	0.0332284024467149	0.00992734422780643	0.00141176592713315	
7.78496878227518e-06	2.8544885535009e-05	0.000106394573357761	0.0003451336160142	0.000974851090847126	0.00226888590176753	0.00613715039002694	0.0132828867356242	0.0271980859356754	0.0499717146134244	0.0815250580845171	0.118175826114937	0.15060454607577	0.165485946401355	0.154649269856428	0.117912002172871	0.0700811539745726	0.0309530358783261	0.0090141288533433	0.00127759987682449	
5.19301124546585e-06	3.3754573095528e-05	0.000115977251148737	0.000432750937122154	0.000971958604776359	0.00264583922956485	0.00651290160368842	0.0143595415955873	0.0290514359108845	0.0525048056991567	0.0846538728179616	0.120953886925642	0.152015018188522	0.16548568935926	0.151775274169356	0.113205914147407	0.066258495982773	0.0294495667730368	0.0084559533113669	0.00111216990840394	
8.6449626235041e-07	2.59348878705123e-06	5.35987682657254e-05	0.000156473823485424	0.000377784866647129	0.00111001320085793	0.00291162341159618	0.00722978224203648	0.0157485284112374	0.0310181258931327	0.0553104708651792	0.087781814975323	0.123328172290647	0.153065114722976	0.164271579771825	0.147739817746898	0.108862556332738	0.0639770458952421	0.0280520392170084	0.0079127342892933	0.00108926529056152	
8.63465397487661e-07	1.46789117572902e-05	6.04425778241363e-05	0.00014765258297039	0.000437776956526244	0.00125202482635711	0.00344004614359084	0.00797237601500357	0.0169593238720552	0.0327590137152844	0.0579704763911291	0.0906284646549074	0.125901026142278	0.154115621470585	0.162473103052868	0.144249665838891	0.105514608107595	0.0612084716317078	0.026380594824043	0.0075086950965527	0.00100507372267564	
2.58519733242105e-06	9.47905688554384e-06	7.49707226402103e-05	0.000189581137710877	0.000523933326037332	0.00141237947594603	0.00388899852040539	0.00868712476937885	0.0184367656423828	0.03528018799555	0.0605410128630802	0.0936151658016309	0.128522223648868	0.154270789079782	0.160655364758418	0.141003556369797	0.101194102647845	0.0584073633313887	0.0252565162053095	0.00710929266415788	0.000918606785453612	
1.72213372368364e-06	3.44426744736729e-06	1.54992035131528e-05	8.52456193223404e-05	0.000248848323072287	0.000608774271322168	0.00150772807508503	0.00428122443707754	0.00955439789899686	0.0201110776251776	0.0375235717053429	0.0636664226977225	0.0967201963232445	0.129353769320188	0.155187497309166	0.158708399707237	0.137554570112369	0.0976398157316916	0.0561828906014552	0.0235596504068541	0.00654841348430706	0.000936840745683902	
1.72028064658468e-06	5.16084193975405e-06	3.0104911315232e-05	9.03147339456959e-05	0.000252021114724656	0.00076036404579043	0.00169705685785579	0.00474367388295727	0.0103457678085603	0.0212747107563128	0.0393626016148274	0.0660329726191531	0.0984834865960033	0.132422043332149	0.156142133027582	0.156591986416664	0.134305750640159	0.0944124424458606	0.053948861217219	0.0219645432955932	0.00627300337777105	0.00085928018296905	
5.16569838520268e-06	3.7881788158153e-05	0.00011622821366706	0.000281530561993546	0.000800683249706416	0.00202925851565379	0.0051863611787435	0.0111742665569243	0.0221952840617542	0.0415614873078791	0.0683904028211601	0.102127578974919	0.135250897970569	0.155289502956501	0.154343319202278	0.130844557247991	0.0918065136012838	0.0512583641266354	0.0206972315300454	0.00579935738712088	0.000804127048629885	
1.03340570043808e-05	5.51149706900308e-05	0.000140370940976172	0.000316911081467677	0.000879256016789398	0.00229932768347472	0.00574573569443571	0.0121666297798243	0.0237347454248116	0.0431222975364469	0.0711508436465787	0.104925125451146	0.136996010192825	0.154861872410565	0.152576323469763	0.127933042199983	0.0886679314404211	0.0488904236877255	0.0194151095969804	0.00537112612802691	0.000741468590064321	
8.60956402028758e-07	1.80800844426039e-05	5.94059917399843e-05	0.000116229114273882	0.000371072209274395	0.000971158821488439	0.00274645092247174	0.00643306623595888	0.0130994516568675	0.0248919714954554	0.045387899602152	0.0735704464661614	0.107172713880942	0.137335460469617	0.154632935542777	0.151322558176976	0.125194253288208	0.0862394199220146	0.0467206601124926	0.0181988964260839	0.00489539810193552	0.000621610522264763	
8.62403518606356e-07	1.63856668535208e-05	5.51938251908068e-05	0.000140571773532836	0.000410504074856625	0.00116510715363719	0.00286835410288474	0.00664136949678755	0.0140313052477254	0.0267026001466086	0.0474908369626148	0.0764193005907464	0.109905566814713	0.13879349747747	0.154843689362253	0.149629597688759	0.122176706480962	0.0827803889439869	0.043803199517054	0.0172532447932388	0.00435341296192488	0.00051830451468242	
8.62081599471716e-07	1.98278767878495e-05	5.60353039656616e-05	0.00016551966709857	0.000422419983741141	0.00127846701201656	0.00313194245088075	0.0070621724628723	0.0150415997475825	0.0282943801762612	0.050352462061944	0.079218402338655	0.111726637373134	0.140459817083526	0.154966064157837	0.147414229346465	0.118723291634446	0.0790071923467844	0.0419307869167048	0.0161821337036836	0.00403281772232869	0.000512938551685671	
4.31950888911734e-06	4.31950888911734e-06	2.50531515568806e-05	8.63901777823469e-05	0.000158957927119518	0.000570175173363489	0.00142543793340872	0.00346165442373864	0.0078001691519681	0.0162335783070808	0.0305674366047278	0.0526798665098973	0.0822011180616809	0.114106738520257	0.140905835570119	0.154179686386377	0.144906564703219	0.115572779837224	0.0763991537218184	0.0396332218612073	0.0148617022838971	0.00374328640330909	0.000472554272469437	
5.17361353624246e-06	1.1209495995192e-05	3.01794122947477e-05	8.53646233480005e-05	0.0001828010116139	0.000605312783740367	0.00159088616239456	0.00381898905866964	0.00859337208369872	0.0171125890400446	0.0327101715828929	0.0551558939098808	0.0844514805588537	0.116552028013393	0.141941536442503	0.15341402445912	0.142820188474741	0.112623530801539	0.0727418685884916	0.037625966711246	0.0138808051177385	0.00356893107108459	0.00047769698317972	
1.03430977922658e-05	2.84435189287309e-05	9.05021056823255e-05	0.000249958196646423	0.000655062860176833	0.00189192497116861	0.00425704666633339	0.00912519802722648	0.018486563454043	0.0343580470162749	0.0577032806582347	0.0877499797447668	0.117960444546343	0.143083829083757	0.151814265545245	0.139991242843869	0.109827321982358	0.0697547134358564	0.0358362480757528	0.0132805375652693	0.00336409255693444	0.000480954047340359	
2.58291145779523e-06	7.74873437338568e-06	2.3246203120157e-05	0.000109343251713331	0.000271205703068499	0.000798119640458725	0.00201553190756621	0.00453989737231808	0.0101026276819231	0.0196981437476323	0.0364801804594138	0.0599872576368082	0.0898345214726039	0.119958156834384	0.143433378103799	0.151004752557082	0.13806178324207	0.105915728208837	0.0674105451665117	0.0341099287116438	0.0126080517959844	0.00321658573544099	0.000410682921789441	
3.44153816106571e-06	2.66719207482592e-05	0.000114431143855435	0.000350176507888436	0.000866407232048292	0.00221118826848472	0.0050306684069378	0.0108606340517831	0.0212687058353861	0.0381072916729403	0.0620070534324611	0.0925377988438153	0.121731506679595	0.143557741697074	0.150060528052408	0.135446896635982	0.103581694802675	0.0646561774319414	0.0321276191180886	0.012087542406203	0.00304748204162368	0.000318342279898578	
1.2888790361247e-05	4.21033818467403e-05	0.000111702849797474	0.000353152855898168	0.000978688814764024	0.00244199614711093	0.00557998697372921	0.0114813344537988	0.0224153249435901	0.0395256237744908	0.064980125485263	0.0940426292444935	0.123132629089828	0.144326955959863	0.149622530292954	0.133388669206618	0.0999096066169331	0.0623087088697218	0.0307449205277186	0.0114821937064896	0.0027968675083906	0.000321360506340426	
3.42851755186704e-06	1.62854583713685e-05	4.97135045020721e-05	0.000119998114315346	0.000413993494387945	0.00112026811007256	0.00260138769247912	0.00600590562148309	0.0123160921756944	0.0238084830095527	0.0419359124356617	0.0666940948070816	0.0957662093881382	0.12455804265933	0.144975721810086	0.149255368844204	0.130513377646923	0.096493912238522	0.059824202762528	0.0296001062840441	0.0109463994137235	0.00263738712677372	0.000343708884574671	
8.56568466802404e-07	1.37050954688385e-05	1.28485270020361e-05	4.36849918069226e-05	0.000129341838487163	0.000499379416145802	0.00118549075805453	0.00283438505664916	0.00624010128065551	0.0130009961891269	0.0252927536877414	0.0433303724616664	0.0687558942617622	0.0981670291378895	0.126306159840815	0.146100600540152	0.146885217255743	0.127614996458089	0.0940392256963687	0.0581412978211468	0.0283087312593527	0.0102085829873511	0.00255857001033878	0.000329778859718926	
4.28628987321155e-06	2.40032232899847e-05	6.85806379713847e-06	4.20056407574731e-05	0.000191168528345235	0.000612939451869251	0.00129788857360846	0.00296611259226239	0.00684777670144276	0.013794995327944	0.0266427205939083	0.0456644177932465	0.0705128974462285	0.100701237023257	0.127313953588053	0.146448808840044	0.144555983232034	0.125966344051916	0.0912431097890288	0.0562206924929919	0.0267147302637783	0.00964415221472598	0.00229059330824425	0.000292324969353027	
