# <P(N_2)> as a function of N_tot.
# number_of_species: 2
# species_total_upper_bound: 100
# species_total_lower_bound: 0
# volume: 512
# Bin widths for each species index 
1	1	1	1	1	1	1	1	1	1	1	1	1	1	1	1	1	1	1	1	1	1	1	1	1	1	1	1	1	1	1	1	1	1	1	1	1	1	1	1	1	1	1	1	1	1	1	1	1	1	1	1	1	1	1	1	1	1	1	1	1	1	1	1	1	1	1	1	1	1	1	1	1	1	1	1	1	1	1	1	1	1	1	1	1	1	1	1	1	1	1	1	1	1	1	1	1	1	1	1	1	
# Bin lower bound for each species index 
0	0	0	0	0	0	1	2	3	3	4	4	4	5	7	7	8	9	10	11	12	12	13	13	13	15	15	16	17	18	19	20	20	21	22	24	24	25	26	26	27	28	29	30	30	30	31	31	32	34	35	36	37	37	38	39	40	40	42	44	44	45	45	46	47	48	49	51	51	52	52	53	54	55	56	57	58	59	59	60	61	62	62	63	64	64	65	67	68	69	70	71	72	72	73	74	76	76	76	76	77	
# Bin upper bound for each species index 
0	1	2	3	4	5	6	7	8	9	10	11	12	13	14	15	16	17	18	19	20	21	22	23	24	25	26	27	28	29	30	31	32	33	34	35	36	37	38	39	40	41	42	43	44	45	46	47	48	49	50	51	52	53	54	55	56	57	58	59	60	61	62	63	64	65	66	67	68	69	70	71	72	73	74	75	76	77	78	79	80	81	82	83	84	85	86	87	88	89	90	91	92	93	94	95	96	97	98	99	100	
# Normalized histogram for each species index 
1	
0.079001316402929	0.920998683597071	
0.00640074466404248	0.145200901290797	0.848398354045161	
0.000419476067515017	0.0168392134479901	0.201675153607322	0.781066156877173	
0.000105480307172488	0.00181218626093061	0.0314469650203093	0.248807294395537	0.71782807401605	
3.47143271235188e-06	0.000218700260878168	0.00395396185936879	0.0491450729087655	0.287443307164516	0.659235486373759	
6.91866760299302e-06	0.000470469397003525	0.00815710910392877	0.0673826334524497	0.315729936728785	0.60825293265023	
3.62518989089905e-05	0.00110136721447314	0.0121236707637067	0.0867507940892142	0.339293605855545	0.560694310178152	
0.00012259938320423	0.00198749140940942	0.0179046902034459	0.106751254485238	0.355724700494887	0.517509264023815	
2.59491776705596e-05	0.000254301941171484	0.00315714994991809	0.0251585927241966	0.127387973075133	0.369967805720237	0.474048227411673	
6.59407400980435e-05	0.00055876100819921	0.00505140774803696	0.0334527786213179	0.146896880829465	0.378997874278773	0.43497635677411	
1.04492480024521e-05	0.000127132517363167	0.000837681381529909	0.00714554409234349	0.043460163983532	0.165235700204109	0.380518073715962	0.402665254857159	
8.68750857891472e-06	2.95375291683101e-05	9.3825092652279e-05	0.00125968874394263	0.00995588483143627	0.0523422391879612	0.18083049107011	0.383883629085084	0.371596016951067	
1.740198765503e-06	2.26225839515389e-05	0.000168799280253791	0.00188637546180525	0.0132028880338712	0.0629760531247879	0.196799078390734	0.383616376662542	0.341326066263289	
1.56991895729472e-05	0.000265141868343108	0.00284329766710043	0.017220266607126	0.0733605685199851	0.21209953983931	0.379747696580019	0.314447789728544	
3.47764396576607e-06	7.47693452639706e-05	0.000542512458659507	0.00383931893820574	0.0211562470657379	0.0845397859857903	0.225601719347177	0.374086683753491	0.290155485461709	
1.73087641196243e-06	0.000157509753488581	0.000874092588041029	0.00528263480930935	0.0264616385860817	0.0958040094021207	0.237992044892011	0.367549875203811	0.265876463888725	
1.73214462021863e-06	0.000148964437338802	0.00128178701896179	0.00715202513688273	0.0318437466980993	0.108887807260804	0.248588735170677	0.3582664003783	0.243828801754316	
5.21678343566923e-06	0.000259100243971572	0.00172501638939463	0.00936412626702628	0.0383677032415353	0.120146000379086	0.255860621458021	0.348898476177558	0.22537373905997	
3.81673429804184e-05	0.000352180482955679	0.00219462222137406	0.0114831655994268	0.0446609959247687	0.130343211157355	0.263743279511597	0.339788240641628	0.207396137117915	
6.63690538567407e-05	0.000496021349876693	0.00292198492374545	0.0143549277275935	0.0513818735634593	0.141023760121281	0.271360356017577	0.329117151859381	0.189277555383229	
5.24626859146432e-06	7.34477602805005e-05	0.000585833326046849	0.00386824870810636	0.0171640420750741	0.0594612082156566	0.150396530467705	0.275453583638637	0.319635908959752	0.17335595058015	
3.30887667120041e-05	0.000175892917784864	0.000923002439861167	0.00491977715586376	0.0205777298667916	0.0657630530830894	0.15961846910467	0.279006222429656	0.307697666197038	0.161285098038533	
6.95370397734483e-06	6.77986137791121e-05	0.000224256953269371	0.00135944912757091	0.00616793542790487	0.0238790194582022	0.0733215931631182	0.170376178000914	0.280418543442396	0.29398695832819	0.150191313780677	
1.73338163690161e-06	1.56004347321145e-05	5.72015940177533e-05	0.000405611303034978	0.00168831371434217	0.00786608586825953	0.0276543706351284	0.0809489224433054	0.178943919903901	0.28087022691699	0.284510328354483	0.137037685450168	
1.38186679840463e-05	6.56386729242202e-05	0.000494017380429657	0.00223344221292149	0.00947960623705579	0.032496325097983	0.0892565038424534	0.187771515234218	0.28079706076932	0.271847745916152	0.125544325968559	
6.89618313503933e-06	1.37923662700787e-05	8.44782434042318e-05	0.000651689306261217	0.00288950073358148	0.0111752647703312	0.0367738965675972	0.0971965291510281	0.194568910972	0.281533228396413	0.260918812959997	0.114187000349981	
1.0410322876164e-05	1.735053812694e-05	0.000100633121136252	0.000742603031833032	0.00339376525762947	0.0136548735059018	0.0413133663340568	0.104805925555781	0.202678576076037	0.280034215261186	0.24742214379779	0.105826137197645	
6.9608798552137e-06	1.39217597104274e-05	0.000177502436307949	0.00101976889878881	0.00424613671168036	0.0159421550884032	0.0465856884310177	0.113116037867186	0.208032855352917	0.276254698593902	0.236076500069609	0.0985277739106223	
6.96313368868526e-06	1.56670507995418e-05	0.000275043780703068	0.00127599424845157	0.00511268091091715	0.0184296740905277	0.0519414957507477	0.11943166902833	0.213444418526113	0.27214363552173	0.22625310294645	0.0916696550115414	
3.46946351685639e-06	1.73473175842819e-05	0.000359089473994636	0.00156819750961909	0.00626758584320107	0.0209971932040149	0.057605237502125	0.126349187625118	0.216749529020328	0.268421983908628	0.216891777024519	0.0847694021073521	
3.46604231691065e-06	6.93208463382129e-05	0.000486978945525946	0.00198257620527289	0.00738093711386122	0.0231843570578153	0.0632726024952039	0.134085580050847	0.221072844078353	0.263930457326954	0.207189611577968	0.0773412682595442	
1.73958726552538e-06	6.95834906210153e-06	0.000133948219445454	0.000551449163171546	0.00225102592158984	0.00825086240038688	0.0262364551386538	0.0679778515749353	0.14161632011189	0.223818776757027	0.261569560006193	0.196128026664394	0.0714570261059861	
1.74583443902848e-06	1.57125099512563e-05	0.000116970907414908	0.000658179583513736	0.002636210002933	0.00994078129582815	0.0296652187879719	0.0734699506976354	0.147269864104247	0.228634478135169	0.255972499615916	0.185980251120826	0.0656381374041537	
5.25003281270508e-06	7.00004375027344e-06	0.000197751235945225	0.00085400533753336	0.00329002056262852	0.0114380714879468	0.0337699610622566	0.0805075031718948	0.154195213720086	0.231221945137157	0.249945312158201	0.175520847005294	0.059047119044494	
2.45860758515563e-05	0.000221274682664007	0.00116081400984848	0.0039952373258779	0.013648784394164	0.0368791137773344	0.0864867902526746	0.160713909396798	0.231706203418167	0.244963366746981	0.165603026194708	0.054596893724931	
3.49768977590302e-06	5.42141915264967e-05	0.000288559406511999	0.00149526237919854	0.00456623400244139	0.0153408673571106	0.0414178934813556	0.0924474384668926	0.165977621780814	0.231718449963799	0.237414437763857	0.157988898332651	0.0512866251840659	
1.75089339335396e-05	9.10464564544059e-05	0.00042021441440495	0.00162833085581918	0.00519665159147455	0.0176192402173209	0.0458716560124804	0.0974722352080149	0.170587792421083	0.233206743740994	0.230758994777085	0.150477030905019	0.0466525544659162	
1.39745802385461e-05	0.000141492624915279	0.00044194610004402	0.00211016161602046	0.00637240858877701	0.0196430193478063	0.049394900675671	0.103633740226528	0.177190690134645	0.232287219547643	0.224714743880881	0.140608732715191	0.0434469699616398	
1.92202182717879e-05	2.79566811226005e-05	0.000118815894771052	0.00053816611161006	0.00217537924985235	0.00766013062759255	0.0223006950729844	0.0551340697589086	0.109181323539176	0.181594369524422	0.232244886548293	0.216164553025088	0.13341102960962	0.0394294041382877	
1.39779497842154e-05	5.06700679677808e-05	0.000118812573165831	0.000742578582286443	0.00255447032306536	0.00871000995928922	0.0247095207310468	0.0593224188842102	0.115620358883861	0.185235790540422	0.229182464661996	0.21168906050705	0.126053151154054	0.0359967151818007	
1.22701537274974e-05	5.43392522217743e-05	0.000166523514873179	0.000946554716121229	0.0031884870900454	0.00983189889393329	0.0269943382004943	0.0635558905502288	0.121013514697891	0.1879962838963	0.22915213237743	0.205908955459342	0.118540202282249	0.0326386089151431	
7.02287878335648e-06	4.74044317876562e-05	0.000272136552855064	0.00116930931742885	0.00356762242194509	0.0116088186288883	0.02959616691276	0.0686416172285262	0.125030066699791	0.191392759763118	0.229383022541685	0.198585943356971	0.110708661140832	0.029989448124628	
1.40325027845748e-05	9.99815823400952e-05	0.000313977249804861	0.00121556555371379	0.00435182992606625	0.0126082037519404	0.032348427044141	0.072069180238728	0.130111119881425	0.195227194990397	0.227279185413213	0.191136720428693	0.10513501898773	0.0280895624490225	
3.50690158231399e-06	4.38362697789249e-05	0.000131508809336775	0.000398033329592638	0.00142906239479295	0.00495349848501852	0.0140574149927056	0.0354880905622265	0.0759770227808327	0.135352373470991	0.198960554371002	0.222777676467288	0.184221047020536	0.0996608826169902	0.0265454915273258	
3.50483667461096e-06	8.76209168652741e-06	4.7315295107248e-05	0.000113907191924856	0.00049242955278284	0.00162624421701949	0.00571814103462779	0.0158804149726623	0.0386250525725501	0.0794967054535259	0.141399130800505	0.200411818309267	0.219239800925277	0.177549768680779	0.0952824898359736	0.0241045142296369	
5.24338939681796e-06	1.04867787936359e-05	5.24338939681796e-05	0.000120597956126813	0.00053133012554422	0.00201171373191249	0.00617846050591717	0.0175828324439962	0.0416849457047028	0.0854253000529582	0.146540499065803	0.200933672871927	0.217090303399988	0.170944981115059	0.0887513567270064	0.0221358422368998	
1.22335061752992e-05	1.74764373932845e-06	1.39811499146276e-05	4.89340247011966e-05	0.000129325636710305	0.000664104620944811	0.00248864468480371	0.00712863881272075	0.0201013982897558	0.0459682732755562	0.0903339572421483	0.151232350982787	0.202146456040643	0.212102782423597	0.163752470731336	0.0835758189021652	0.0202988820323	
1.75085660659478e-06	3.50171321318955e-06	2.27611358857321e-05	7.70376906901702e-05	0.000203099366364994	0.000850916310805061	0.00267180718166363	0.00836734372291644	0.022178100635736	0.0497856076085225	0.095924180905508	0.154647911490697	0.202742191617249	0.207891460897244	0.157333725525213	0.0782702937412129	0.019028309600472	
8.79707092726406e-06	1.75941418545281e-05	6.86171532326597e-05	0.000300859825712431	0.000951843074329971	0.00301915474223702	0.00920525501828911	0.024459376006165	0.0531202330871913	0.100346428653116	0.15882055910664	0.203682102007316	0.203821095727966	0.151367680617062	0.0728714167330845	0.0179389870348769	
1.76091060209055e-06	4.22618544501733e-05	0.000132068295156791	0.000311681176570028	0.00116220099737977	0.00343553658467867	0.00994034034880117	0.0262534161665681	0.0571503535908489	0.104656199814048	0.162678204152932	0.203069971543685	0.200571239399318	0.145051489026005	0.0687829290282591	0.0167603471106979	
1.0568590150074e-05	5.46043824420489e-05	0.000116254491650814	0.000375184950327626	0.0012999365884591	0.00369548368914253	0.0115444233072641	0.0290477700274783	0.0607359261607835	0.10953639117875	0.165361445783133	0.204377157753822	0.194768547875713	0.139022757697457	0.0651764954555062	0.0148770520679208	
1.0580163251919e-05	5.99542584275409e-05	0.000132252040648987	0.000456710380374502	0.00147769613418468	0.00481397427962313	0.0132093338200208	0.0312326419196648	0.0644243774014766	0.11386195355661	0.16929671891504	0.204389357061113	0.190234861990587	0.132705224308278	0.0600089226043425	0.0136854411663572	
3.5364367923811e-06	1.06093103771433e-05	7.0728735847622e-05	0.000146762126883816	0.000468577874990496	0.00178413236175627	0.00540013898196594	0.0142270852157492	0.0338755280342186	0.0685343768179495	0.118551970590992	0.172820361388476	0.202742153088812	0.186004197750473	0.126307376476683	0.0564132397120633	0.0126392250959701	
8.8636295144681e-06	1.94999849318298e-05	4.96363252810214e-05	0.000198545301124085	0.000600954081080937	0.00209358929131737	0.00597585901865439	0.0154847607617758	0.0367291079820529	0.0729476709040725	0.122775450582606	0.174703910456069	0.201479162493374	0.180264951613446	0.121757905914345	0.0536054585776002	0.0113046730827526	
5.33507849678828e-06	2.66753924839414e-05	8.89179749464714e-05	0.000202732982877955	0.000720235597066418	0.00239011516656115	0.00672931234394895	0.0175452948164377	0.0399295058294624	0.0770527603696142	0.126788140476174	0.176416819012797	0.200309078880914	0.175991791092553	0.115561356959432	0.0494970799337028	0.0107448480925316	
8.89151287313234e-06	2.13396308955176e-05	0.000122702877649226	0.000257853873320838	0.000940722061977401	0.00301777946914112	0.00792945118025942	0.0195453235977195	0.04246586548208	0.0811546162956535	0.131656631112471	0.177271870454214	0.198376765409881	0.171186519043842	0.109591452766505	0.047098343688982	0.00935387154253522	
3.56383632725283e-06	1.78191816362642e-05	3.56383632725283e-05	0.00011938851696297	0.000310053760470997	0.00120992243310234	0.00354601714561657	0.00896304836304088	0.021058708857737	0.0456563071884361	0.0855694921355042	0.134085777976561	0.179542510330671	0.19522695400691	0.166908710550559	0.105550140504247	0.0434894947014663	0.00870645214747868	
2.32464155815359e-05	3.93400879072146e-05	0.000110867520465787	0.00037015446349061	0.00140193767814801	0.00371406193560385	0.0102212701126199	0.0237024029640968	0.0492126617861115	0.0885187741628608	0.138010392935951	0.179678698772947	0.194415138065827	0.162007846559352	0.100154499254327	0.0399534356414044	0.008465271643307	
3.58363211866123e-05	0.00014692891686511	0.000394199533052735	0.00147287280076976	0.00423226953213891	0.0110967168554345	0.0256014678557158	0.0522547317382587	0.0939037042213395	0.140001755979738	0.180806783098874	0.190111683894978	0.158579304882878	0.0947333150568095	0.0387695240757365	0.00785890523622407	
7.18758703718678e-06	5.03131092603075e-05	0.000149142431021626	0.000539069027789008	0.00162439467040421	0.00448685120796385	0.0121272562284934	0.0274925204172394	0.0564405272095092	0.0971060977691527	0.143369001734005	0.181932203085272	0.188275248645589	0.151683243039271	0.0917549392199671	0.0360457489914917	0.00691625562653298	
5.41174348335889e-06	7.75683232614774e-05	0.000171371876973031	0.00061513484260846	0.00187607107423108	0.00505276449896275	0.013114458374673	0.0300315685036529	0.0587859655452332	0.100304861549563	0.147134481825561	0.182940380625958	0.184356453504104	0.148267340128078	0.0874231081446739	0.0334878686750248	0.00635519076395779	
1.80613000523778e-06	7.22452002095111e-06	7.76635902252244e-05	0.000205898820597107	0.000801921722325573	0.00216735600628533	0.00571098307656185	0.0146079794823631	0.0323514006538191	0.061610706738671	0.103200462369281	0.149841963624542	0.180715949934076	0.183515451442195	0.144383838748713	0.0834648798020482	0.0315494789314935	0.0057850344067766	
1.8055495370571e-06	1.44443962964568e-05	8.48608282416836e-05	0.000330415565281449	0.000974996750010833	0.00241943637965651	0.00649095058572027	0.0161055018705493	0.0348416894165908	0.0640843697187676	0.106020063266456	0.151610189077148	0.182326197801563	0.181650922274704	0.139332452225159	0.0795200127110687	0.0291939304646762	0.00499776111857405	
1.08350774798332e-05	2.34760012063053e-05	0.000135438468497915	0.000464102485386189	0.000975156973184989	0.00264195305883266	0.00752315546349753	0.0175690781335496	0.0360356618516786	0.0681526373481509	0.109777393333177	0.154473893783735	0.182971953401943	0.177288955263771	0.134636672764407	0.0753922749509261	0.0270046247722376	0.00492273686833756	
3.61206429474445e-06	2.70904822105833e-05	0.000149900668231895	0.000393715008127145	0.00113960628499187	0.00318945277225935	0.00812172656673289	0.0186256095358497	0.0379320931912588	0.0712046234422973	0.114639696586599	0.156205526458371	0.183200288965144	0.174094274878093	0.129629763409789	0.0714520498464873	0.0253801697670219	0.00461080007224129	
3.62241404917065e-06	3.98465545408771e-05	0.000157575011138923	0.000508949173908476	0.0012714673312589	0.0035662666314085	0.00879703251841092	0.0199323333055615	0.0406199399403751	0.0749151449508982	0.117683176422431	0.158576608623519	0.183433613828928	0.170039737882119	0.125360882999649	0.0671378219873288	0.0237811482328053	0.00417483219166917	
4.52796835493476e-05	0.000186552296223312	0.00061218132158718	0.00140729256471372	0.00407698270678326	0.00999956531503793	0.0222504364961494	0.0435065311415552	0.0784533909049416	0.121666509697097	0.160842491903993	0.180792720475835	0.166669081583123	0.119645224623454	0.0634314030906101	0.0223536741746419	0.00406068202070549	
7.259277810747e-06	5.62594030332892e-05	0.000183296764721362	0.000720483322716639	0.00164241160468151	0.00453523381226419	0.0114569552048114	0.0239610612338232	0.0467896751291698	0.0825960629306793	0.124335095523022	0.161979895430103	0.178667160297558	0.161763931915233	0.115680221553159	0.0611394525415639	0.0208069050250536	0.00367863903059604	
1.98917886696372e-05	8.31838435275736e-05	0.000229659741913084	0.000698020947861814	0.00188971992361553	0.00513750651003993	0.0122605751981945	0.0257851831491233	0.0501200740697876	0.0851241970950755	0.127479240206007	0.162991508014582	0.176922993461027	0.159193984723106	0.111298174295469	0.0578362797291823	0.019580753428621	0.0033490538741971	
3.60047670311549e-06	3.06040519764817e-05	8.46112025232141e-05	0.0002556338459212	0.000732697009084003	0.00214228363835372	0.00570315509773494	0.0133145628481211	0.0279306980244184	0.0528495972866808	0.0875887967566906	0.129865594204673	0.164662401301932	0.175494435463255	0.155382172599652	0.107954893227863	0.0546246323013167	0.0182436154546862	0.00313601520841359	
1.43845826043646e-05	3.59614565109116e-05	6.8326767370732e-05	0.000280499360785111	0.000780363606286782	0.00238784071232453	0.00653779279368373	0.0142641117250531	0.0296160575095613	0.055288941312701	0.0918887136766813	0.131552402135391	0.165320209799137	0.175533263448236	0.151850846262975	0.103358620230837	0.0516784110790055	0.0167472502971315	0.00279600324372338	
8.98390264324384e-06	3.59356105729753e-05	0.000106010051190277	0.00035037220308651	0.00103674236503034	0.0028371164547364	0.00681878210622207	0.0153804413252334	0.03205995497268	0.058425912450072	0.0949814123054311	0.134862752919319	0.165305605416215	0.174027178102276	0.148022373511143	0.0990960397160368	0.048685565204267	0.0154738739127232	0.00248494747112124	
7.1652357093852e-06	4.65740321110038e-05	0.000155843876679128	0.00042633152470842	0.00124854232236037	0.00320823428887723	0.00770262838758909	0.0166466338618292	0.0338288690929349	0.0617858275220286	0.0988695049359517	0.13764417797729	0.166552321446804	0.170982228424132	0.14367193251781	0.0950181907421572	0.0455028293724507	0.0144379499544112	0.00226421448416572	
1.78912320439122e-05	5.72519425405192e-05	0.000159231965190819	0.000475906772368066	0.00143308768671737	0.00355498780712536	0.00796517650594973	0.0177999867604883	0.0355624019336844	0.0652582688801699	0.102311010443112	0.140412178203828	0.167240080653674	0.168869971892874	0.139759148234225	0.0900215231521488	0.04314291695069	0.0137995072754695	0.00215947170770021	
2.67227250053445e-05	4.98824200099765e-05	0.000181714530036343	0.000657379035131476	0.00146974987529395	0.00362538302572508	0.00862253260172451	0.0193579419938716	0.0380389082876078	0.067685099408537	0.105684814366137	0.142319888833464	0.167872158483574	0.166487921328298	0.134853559466971	0.0865905365923181	0.0414897028432979	0.0130495973776099	0.0019365068053873	
2.31540850930438e-05	9.61785073095666e-05	0.000281411188053917	0.000730244222165228	0.0015637912855148	0.00398072155253484	0.0100274999287567	0.0212002365278846	0.0403878487361432	0.0711863440768288	0.107488387335784	0.145867173919239	0.166091376706278	0.164046692884215	0.130931007950757	0.0823127725057707	0.039885583197971	0.0120828702516315	0.00181670513806959	
4.82007722834848e-05	9.1045903202138e-05	0.000328479337043008	0.000626610039685303	0.00168702702992197	0.00452373173949446	0.0107648391433116	0.0225579614286709	0.0428290639945587	0.0730455925749388	0.111283086706048	0.146558911162406	0.166556876018688	0.162268792499246	0.126346720651532	0.0797365738534018	0.037814398463288	0.0111807939559802	0.00175129472629995	
7.15929795924212e-06	3.75863142860211e-05	8.94912244905265e-05	0.000281002444900253	0.000712350146944591	0.00191511220409727	0.00516185382861357	0.0118522177715253	0.023908475534889	0.0442319326166876	0.0767745214904226	0.113490981074396	0.149230196486933	0.16720003436463	0.157645951238022	0.123943556094889	0.0763628618577662	0.0351020378941641	0.0104507851960037	0.00160189291838042	
3.58125784519297e-06	2.86500627615437e-05	7.69970436716488e-05	0.00029545377222842	0.000809364273013611	0.00220963609048406	0.00556527469142987	0.0128406000039394	0.0254018618959537	0.0475734292155434	0.0787858819653227	0.116700658772381	0.150695748867875	0.165828353892738	0.155396149789691	0.119853956305073	0.0734909922412049	0.0331570757597191	0.00983771530074508	0.00144861879838056	
1.79136989638717e-06	2.1496438756646e-05	9.85253443012941e-05	0.000343943020106336	0.00101391536135514	0.00224458648017312	0.00597242723455481	0.0130859570931082	0.0276103842130154	0.049771421201221	0.0820465326244286	0.118714083033577	0.151232820762694	0.164931426360366	0.154190372461629	0.11714126026455	0.0697774402040729	0.0313507645566718	0.00909299359406125	0.00135785838146147	
3.58107188643705e-06	3.93917907508075e-05	0.000102060548763456	0.000454796129577505	0.0010725310299879	0.00255330425502962	0.00623822722617334	0.0143851657678176	0.0293880664360456	0.0528942222986184	0.0852026528580535	0.121591714832084	0.151368327567808	0.16484390107647	0.151644070103063	0.11290582497153	0.0659812495076026	0.0296852954026199	0.00848176876302615	0.00116384836309204	
1.78780218326403e-06	3.57560436652805e-06	5.36340654979208e-05	0.000150175383394178	0.00041298230433399	0.00120319086933669	0.00275142756004334	0.00728708169898417	0.0161045220668423	0.0313759283162837	0.0562996785531674	0.087986684449339	0.122684349222127	0.152136602389219	0.164046940534124	0.148076503631026	0.108841396917114	0.0636815137678646	0.0280220114204803	0.00780554433213074	0.00107446911214168	
1.78311921043481e-06	2.13974305252178e-05	4.99273378921748e-05	0.000149782013676524	0.000461827875502617	0.00128206271230263	0.00331481861219832	0.00789208562538449	0.0173051719372699	0.0337348323422162	0.0581082888296497	0.091158403395059	0.125964890382747	0.153417793746601	0.1619446698109	0.143826395513672	0.105277141303282	0.0613606982694828	0.0264204773410126	0.00733753555093926	0.000970016850476539	
5.34154744629519e-06	8.90257907715865e-06	4.09518637549298e-05	0.000172710034096878	0.000553740418599268	0.00145824245283859	0.00394740356281215	0.00875479626447782	0.0192135461643238	0.0355800475397723	0.0608882993403189	0.0935340568162597	0.128720610360822	0.1540555698986	0.16007727438639	0.140466673195225	0.101542816954072	0.0578507393591924	0.025285105094946	0.006924426006214	0.000918746160762773	
3.57198350458018e-06	7.14396700916035e-06	1.78599175229009e-05	4.28638020549621e-05	0.000242894878311452	0.000657244964842752	0.00154488286573093	0.00425601834570728	0.00968543327266915	0.0203692359348685	0.0379416087856506	0.0637456176227378	0.096734671279288	0.129637997331728	0.154784761203973	0.15793346466326	0.137989294765437	0.0972740407884796	0.0558997558549275	0.023678678651862	0.00649029402782218	0.0010626650926126	
3.56748522615181e-06	1.07024556784554e-05	2.85398818092145e-05	8.20521602014916e-05	0.000288966303318296	0.00084906148382413	0.00174806776081439	0.00482502376837032	0.0104866228222732	0.0216599865505807	0.0398648636596334	0.0663141991263229	0.0983520001997792	0.132405430426011	0.155499546037505	0.156098883555498	0.134408573380495	0.0939961007386478	0.0539029180245407	0.0219810602209344	0.00617174944124263	0.00102208451729249	
8.90995598481743e-06	1.06919471817809e-05	0.000124739383787444	0.000331450362635209	0.000899905554466561	0.00208492970044728	0.00516242849760322	0.0114011796781724	0.0225225867384215	0.0413475417431438	0.0687492203788513	0.102293422670492	0.135176506228059	0.154468342926386	0.153810788174706	0.130514817256803	0.0925886986118289	0.0513676782436695	0.0204590409323378	0.0057540495749951	0.000923071440027086	
7.1250064570371e-06	2.85000258281484e-05	0.000154968890440557	0.000306375277652595	0.000912000826500749	0.00239578342117873	0.00566794263657301	0.0123547611965023	0.0240059280053723	0.0431508203554309	0.0714281897317969	0.105288001667252	0.136801905226727	0.154350796130409	0.151313762128097	0.128424678884865	0.0885531427512856	0.0489096068243312	0.0194209863502689	0.00568041139787283	0.000844313265158897	
1.77989783386434e-06	4.80572415143371e-05	0.000110353665699589	0.000363099158108325	0.000948685545449691	0.00281935816884111	0.00654646423295303	0.0135468024135415	0.0253938023957425	0.0460459569620704	0.0742537778331524	0.10711603153979	0.136222700816973	0.15458056707545	0.150194898812808	0.125415161169749	0.0859121086449638	0.0464001566310094	0.0184611003328409	0.00495167577381058	0.000667461687699126	
5.35427449580582e-06	6.06817776191326e-05	0.000119578797072997	0.000406924861681242	0.00117972514724255	0.00301802605746921	0.00667321077993932	0.0145082991254685	0.0271069070140996	0.0474656434053186	0.0764840264144208	0.109746564340532	0.138131358200964	0.154527931465286	0.149832232732465	0.121854363733714	0.0826021774049616	0.0442691415313225	0.0172139925040157	0.00429055862930573	0.000503301802605747	
1.24641877177894e-05	6.58821350797441e-05	0.000163815038576661	0.000372145033288284	0.00138352483667463	0.0031837096627725	0.00702089888160624	0.0150122238069547	0.0281459164650139	0.0504140781219674	0.0794146817447726	0.111201921621626	0.140247040200567	0.155775637498687	0.147328479422516	0.119057921080325	0.0788715992799261	0.0417229780861774	0.0159256707068441	0.00413098792932449	0.000548424259582735	
8.91804495051377e-06	0.000107016539406165	0.000114150975366576	0.000545784350971443	0.00152320207754775	0.00327648971481876	0.00746975445055033	0.0162575959447866	0.0307422845534111	0.0529339476082695	0.0816768064837754	0.114240155816081	0.141019261193484	0.154806558686978	0.145043083075156	0.115242544068519	0.0766238422148143	0.0393303618407558	0.0147147741683477	0.00382940850175061	0.000494059690258463	
3.5545950249888e-06	2.6659462687416e-05	7.10919004997761e-05	0.000163511371149485	0.000680704947285356	0.00154091694333265	0.00372699288370076	0.00868209834853515	0.0170869382851212	0.0332070267234454	0.0552401839858385	0.084601138892246	0.115638085352936	0.141453331721917	0.15468708899995	0.142571251857276	0.112657557424483	0.072382218493847	0.0375898423892566	0.0139428989855186	0.00357947719016372	0.000467429245786028	
8.85709781247398e-06	2.30284543124324e-05	8.32567194372554e-05	0.000239141640936798	0.000644796720748106	0.00183519066674461	0.00441260613017454	0.00907321099909835	0.0186247052800703	0.0347676517530854	0.0579679337630797	0.0875896116871177	0.117994257057778	0.142650645948143	0.152138369124866	0.140183058497588	0.110270867765301	0.0688409070376728	0.0355134193888957	0.0135460453943977	0.0030964413952409	0.000495997477498543	
1.76745895960296e-06	8.83729479801479e-06	9.36753248589568e-05	0.00025097917226362	0.000798891449740537	0.00191769297116921	0.00471558050422069	0.00995256140152426	0.0200094028816651	0.0367048202140746	0.0593901559605786	0.0903206877536304	0.119275200429846	0.143187152694314	0.151301556777852	0.138217058099911	0.106107631180804	0.0672341388232965	0.0342303776706305	0.0127698909831314	0.00308951826138597	0.000422422691345107	
1.94041172008679e-05	9.34925646950908e-05	0.0003404540563425	0.000814972922436452	0.00214150893471397	0.00518442731394098	0.0107781050997548	0.0211945880153116	0.0379085889678774	0.0613452345252165	0.0926775917726543	0.121004074864612	0.143615163435587	0.150210799273228	0.135539522658717	0.104067808569564	0.0649191201114855	0.0324013477041401	0.0123745347421898	0.00303939035791776	0.000329869992414754	
1.23398246687198e-05	3.52566419106279e-05	0.000111058422018478	0.000363143411679468	0.00093430101063164	0.00244857378069311	0.00574506979933682	0.0113649785198909	0.0220124843769006	0.0392494566070066	0.0652283131988527	0.0928853859456448	0.122386381064363	0.144180274261417	0.149918292732372	0.133352959530664	0.100527263079773	0.0631023376916419	0.0311862626020459	0.0118391803535889	0.00280995436027705	0.000306732784622463	
7.01961279815805e-06	1.22843223967766e-05	3.50980639907903e-05	0.00010880399837145	0.000445745412683036	0.00112138314450575	0.00258321750972216	0.00603862190961547	0.0121369105280153	0.0232998497802861	0.0416420980218731	0.0662370663634194	0.0938346740793778	0.123524126409187	0.145943014783305	0.149079026800882	0.131279043647952	0.0981113731766556	0.0608021311544455	0.0299228544553482	0.0109084782883376	0.0026025214449171	0.00032465709191481	
1.74867057319673e-06	1.39893645855738e-05	3.49734114639345e-06	3.32247408907378e-05	0.000134647634136148	0.000538590536544592	0.00116286593117582	0.00276989418794362	0.00613608504134732	0.0126533802676515	0.0247664213281852	0.0429386059248456	0.0673780258558431	0.0968903391196843	0.125140112229677	0.146438919811214	0.147196094169408	0.129296702182166	0.095447685896797	0.0588567541526554	0.0288460697754532	0.0104220766162525	0.00261251383635591	0.000321755385468198	
8.73585228722085e-06	1.57245341169975e-05	1.74717045744417e-06	3.84377500637717e-05	0.000207913284435856	0.00068314364886067	0.00127892877484913	0.00287409540249566	0.00655014204495819	0.0134602012041499	0.0259821718726522	0.044657676892273	0.0692508482512571	0.0992585008578607	0.126140465516097	0.146958001516544	0.146189246515269	0.127873658609881	0.0917281961862763	0.0564877680596274	0.0273379761476289	0.010435849142314	0.00223987252644342	0.000340698239201613	
