# <P(N_2)> as a function of N_tot.
# number_of_species: 2
# species_total_upper_bound: 100
# species_total_lower_bound: 0
# volume: 512
# Bin widths for each species index 
1	1	1	1	1	1	1	1	1	1	1	1	1	1	1	1	1	1	1	1	1	1	1	1	1	1	1	1	1	1	1	1	1	1	1	1	1	1	1	1	1	1	1	1	1	1	1	1	1	1	1	1	1	1	1	1	1	1	1	1	1	1	1	1	1	1	1	1	1	1	1	1	1	1	1	1	1	1	1	1	1	1	1	1	1	1	1	1	1	1	1	1	1	1	1	1	1	1	1	1	1	
# Bin lower bound for each species index 
0	0	0	0	0	0	1	2	2	2	3	4	4	5	6	7	8	9	9	10	11	12	12	13	13	15	15	16	17	18	19	20	20	21	22	23	24	25	26	26	27	28	29	30	30	30	31	31	32	34	35	36	37	37	38	39	39	40	41	42	43	44	44	44	45	46	49	50	51	52	52	53	54	55	56	57	57	58	59	60	61	62	62	63	64	64	65	67	68	69	70	70	70	71	73	73	75	76	76	76	77	
# Bin upper bound for each species index 
0	1	2	3	4	5	6	7	8	9	10	11	12	13	14	15	16	17	18	19	20	21	22	23	24	25	26	27	28	29	30	31	32	33	34	35	36	37	38	39	40	41	42	43	44	45	46	47	48	49	50	51	52	53	54	55	56	57	58	59	60	61	62	63	64	65	66	67	68	69	70	71	72	73	74	75	76	77	78	79	80	81	82	83	84	85	86	87	88	89	90	91	92	93	94	95	96	97	98	99	100	
# Normalized histogram for each species index 
1	
0.0790776957697761	0.920922304230224	
0.00635518982579477	0.145388337876267	0.848256472297938	
0.000442050746318243	0.0172630506484949	0.201844615932653	0.780450282672534	
7.51735953210469e-05	0.00185799429423131	0.0317965746826468	0.247575419533627	0.718694837894174	
1.85898484555554e-06	0.00017939203759611	0.00407024731934385	0.0494833881114201	0.285372763641231	0.660892349905564	
8.32703408625142e-06	0.000473715716906747	0.0078181597809805	0.0677617024898757	0.315106997761878	0.608831097216272	
4.07932809757753e-05	0.00103373882472703	0.0122222232523556	0.0868507494374699	0.339037593789779	0.560814901414692	
6.50364808202773e-06	0.000131931146806848	0.00193437075811168	0.0179361323176493	0.107025891023015	0.356631258948323	0.516333912158013	
3.72577547359263e-06	2.79433160519448e-05	0.00027291305344066	0.00320044113181607	0.0253268902256143	0.127476476385104	0.369405980987368	0.474285629125132	
8.4019727832095e-06	5.50795993565956e-05	0.000564799281537972	0.00503558235473689	0.033464124042992	0.146588285596125	0.377786304224232	0.436497422928237	
6.53970911373862e-06	0.000113043543251768	0.000903414101855035	0.00719928549006712	0.0432994140420634	0.164505448511936	0.381170682670892	0.402802171930821	
5.59209575904778e-06	2.5164430915715e-05	0.000110909899221114	0.00137751958864544	0.0100816166376033	0.0523382882408478	0.180483026591347	0.384641122594583	0.370936759921077	
5.59423346414516e-06	3.07682840527984e-05	0.000210716127149468	0.00203909809768091	0.0132238355369951	0.0628829136259677	0.196891843887321	0.383025044450847	0.341690185756522	
2.80150758461487e-06	2.8948911707687e-05	0.000366063657723009	0.00299761311553791	0.017193785882643	0.0730586486274481	0.212188052130453	0.379543578384315	0.314620507782588	
1.86468537629817e-06	5.96699320415415e-05	0.000588308236222073	0.00401000590172922	0.0211818935320591	0.084344381283407	0.22619565957185	0.373940275992083	0.289677940865233	
9.29226400437108e-07	0.000122657884857698	0.000874402042811319	0.00539323002813698	0.0265545028452912	0.0957725774138514	0.237828063380674	0.36728323935757	0.266170397820407	
2.78756004868938e-06	0.000146811495897641	0.00132409102312746	0.00718540061883833	0.0319138458107618	0.107990076286227	0.247633826112004	0.359006141923974	0.244797019169121	
9.29291164578395e-07	1.76565321269895e-05	0.000247191449777853	0.00173591589543244	0.00916931592089502	0.0379141502236339	0.118566401106228	0.256836562775012	0.349880911337259	0.22563096546847	
5.56568716756614e-06	6.40054024270107e-05	0.000366407738531438	0.00215763139195981	0.0112918516484638	0.0442026874848103	0.129945808759278	0.264730054896228	0.338943855203083	0.208292131788051	
1.20917972038184e-05	8.18521656873861e-05	0.000511576035546163	0.00290575188190221	0.014325059133539	0.0512217830936212	0.140852694936048	0.27063953515411	0.329298703666326	0.190150952136016	
1.58387208276384e-05	0.000100622461728526	0.000664294585300363	0.00391216404442668	0.017131905798742	0.0591865046645033	0.150317845859432	0.27497696397809	0.319324450606017	0.174369409280931	
9.31909127677142e-07	3.16849103410228e-05	0.000193837098556846	0.00101857667655112	0.00497080328702987	0.020635263814155	0.0657638952310482	0.159899763854227	0.278752658270787	0.307415387310753	0.161317197637424	
8.41612304745945e-06	5.23669878508588e-05	0.000208532826620384	0.00141484379675624	0.00615779669639117	0.0239363890717577	0.0735756179304566	0.169901886707762	0.280500029923993	0.294893470584715	0.149350649350649	
9.32558315202845e-07	1.2123258097637e-05	4.1965124184128e-05	0.000326395410320996	0.00174201893279892	0.00778779449025896	0.0277286889442414	0.0809842966505303	0.178417056864608	0.280994741303661	0.285140895573052	0.136823090889931	
9.3141957657666e-06	6.33365312072129e-05	0.00043217868353157	0.00223913266209029	0.00936728668163147	0.0322951109786426	0.0890362601641161	0.187452846883936	0.28220057189162	0.271285265873718	0.125618695453741	
3.7220416515071e-06	1.02356145416445e-05	8.93289996361704e-05	0.000584360539286615	0.00278315664491443	0.0111484452566766	0.0370278008596055	0.0971378430210323	0.194749315842219	0.281442179478709	0.260268415033698	0.114755196668028	
5.6005309303322e-06	1.96018582561627e-05	0.000131612476862807	0.000764472471990345	0.00336405224548621	0.0134207389527194	0.0413421859058905	0.104769132113724	0.201448297298584	0.279464626579933	0.249167621090479	0.106102058475143	
3.74104837269072e-06	1.87052418634536e-05	0.000199210825845781	0.00101943568155822	0.00423019044742003	0.0156319706252882	0.0463927408697376	0.112555051864959	0.207428038596396	0.277136863448929	0.237377936606065	0.0980061147435652	
3.7436603451842e-06	2.24619620711052e-05	0.000292005506924368	0.00127565226262152	0.005096057644882	0.0179892238736964	0.0514809452368006	0.119759694442443	0.213813545124678	0.273165536237228	0.225927094086608	0.0911740399617024	
1.86761591358168e-06	4.66903978395419e-05	0.000366986527018799	0.00155292263214316	0.00617340440234423	0.0204756070685527	0.0571126284452845	0.12709499815106	0.217644488105154	0.269083299404978	0.216047676499042	0.0843994307506695	
3.73288936835779e-06	7.65242320513347e-05	0.000485275617886513	0.00198216425459799	0.0074461810675317	0.0231700443093968	0.0627629353948837	0.134349488034223	0.221914673614818	0.264519073198228	0.206250536602847	0.0770393707841681	
9.34863393086685e-07	8.41377053778017e-06	0.000122467104494356	0.000535676724238671	0.0023240703952135	0.00844368616635894	0.0263547339145067	0.06828803141141	0.141292448640942	0.22430831794704	0.26157945170262	0.195688410031084	0.0710533573281604	
1.87175834851017e-06	1.68458251365916e-05	0.000128215446872947	0.000629846684273674	0.00272434427625656	0.00991470397205839	0.0298171104917671	0.0737641247564374	0.146895595191078	0.228625923478775	0.256420599074977	0.185677492293035	0.0653833267509831	
6.5629532539591e-06	1.78137302607461e-05	0.000168761655101805	0.000880373300781085	0.00336773258403158	0.0114289143093945	0.0335498170342389	0.079731443952848	0.154029700176168	0.231439733806616	0.249914447216511	0.175612440734188	0.0598522585466059	
2.82098322549341e-06	4.13744206405701e-05	0.000210633414170175	0.00115566279471047	0.00408384338277263	0.0133573555727113	0.0367790389662413	0.0860503319827093	0.16036725440285	0.231980734565225	0.244419389934168	0.166366545395732	0.055185014184844	
7.48844906731367e-06	6.55239293389946e-05	0.000310770636293517	0.0014097005369218	0.00458948322212986	0.0151481964070421	0.0410526138431469	0.0921902964676986	0.165474131152697	0.232778439257445	0.237719879585739	0.157876163517774	0.0513773129947057	
1.68087472720804e-05	0.000105521580096949	0.000387535006550742	0.00158188988216134	0.00539560787433781	0.0171477236754007	0.0453817499960313	0.0975000723709952	0.171417472319262	0.233034604541537	0.231010084314544	0.149937760944129	0.047083168747683	
1.30410037101656e-05	0.000143451040811821	0.000455503629590783	0.00185182252684351	0.00636680431135583	0.0196239160830041	0.049780305662497	0.104002936088835	0.176566806733257	0.232421425623896	0.224550248384546	0.140731991538252	0.0434917473734021	
1.02302646569467e-05	2.04605293138934e-05	0.000129273344301417	0.000536623882459839	0.00216509601103381	0.00765874813181417	0.0222378052920229	0.0545347508140036	0.109377339591775	0.180747385934874	0.232509735026845	0.217206189124113	0.133353359851419	0.0395130022013669	
7.43043487548913e-06	4.64402179718071e-05	0.000169042393417378	0.00073654185703286	0.00261179785873443	0.00882457021900278	0.0245055742193632	0.0587524485604926	0.114786286760916	0.185087488726637	0.230295183313472	0.212070184172616	0.125682090701461	0.0364249205640072	
6.50469964549387e-06	4.73913831314553e-05	0.000214655088301298	0.000913445678788639	0.00324026966626245	0.0097654126534993	0.0269545460881201	0.063128110059518	0.120613857797973	0.188456945857668	0.229688378424841	0.205221415329719	0.11857881605174	0.0331702512207927	
3.71799042617465e-06	5.48403587860761e-05	0.000280708277176186	0.00119533392201515	0.00375702932564949	0.0114625644838965	0.0297690198447739	0.0679481340335549	0.126225774968629	0.191565738718223	0.228384068411024	0.197732025840033	0.111226472091834	0.0303945717339778	
1.02114323483324e-05	7.42649625333264e-05	0.000330479083273302	0.00134976569404321	0.00448374711294958	0.0128543367024871	0.0325939637438453	0.0722663067291483	0.131112006416493	0.194802566597105	0.225859245616511	0.190493342146109	0.10557135748925	0.028198406273904	
1.85678781278751e-06	2.50666354726314e-05	0.000116977632205613	0.00044005871163064	0.00151792403695379	0.00509873933391451	0.0143269747634684	0.0355472742819105	0.0764383838890235	0.135749756992895	0.198381066706031	0.222988147194997	0.183232463335404	0.0998042017251416	0.0263311079731397	
1.85812301703434e-06	4.64530754258586e-06	2.6942783746998e-05	0.000109629258005026	0.000521203506278133	0.00173177065187601	0.00578526601353643	0.0157466635078575	0.038928606268378	0.0801622141393871	0.140984154855972	0.20039485114112	0.219361641837498	0.177194327150429	0.0948200175592625	0.0242262078960938	
2.7792549002896e-06	5.5585098005792e-06	4.81737516050197e-05	0.000110243777711487	0.000571600091159561	0.00210204312291903	0.00623757441454996	0.0176269609959367	0.0419213544976682	0.0851721192559749	0.146098945180124	0.200979038859542	0.216267720066035	0.171515231243272	0.0885368705219255	0.0228037864568762	
6.47905183704259e-06	9.25578833863227e-07	8.33020950476904e-06	4.72045205270246e-05	0.000130506615574715	0.000703439913736053	0.00238336549719781	0.00721951490413317	0.0200341538589696	0.0454496230580199	0.0899875509646845	0.150730513094627	0.201656786112615	0.212346296064902	0.164842813574539	0.0838426330866666	0.0206098638936325	
9.25835914100944e-07	1.85167182820189e-06	1.20358668833123e-05	5.46243189319557e-05	0.00020646140884451	0.000875840774739493	0.00269510834594785	0.00831308067271238	0.0220006388267807	0.049206327162637	0.095505529554997	0.15419982316534	0.202081279134899	0.208698228412978	0.158662352271307	0.0787960429773031	0.0186898495979558	
4.64321964564805e-06	9.2864392912961e-06	6.22191432516839e-05	0.000284165042313661	0.000943502231995684	0.00317131901797762	0.00935051572240604	0.0241791019827477	0.0526513248498615	0.100189536225935	0.158170348585072	0.202756400910443	0.204789202471307	0.15218616710576	0.0736488927314111	0.0176033743205809	
9.289544895906e-07	3.62292250940334e-05	8.73217220215164e-05	0.00027868634687718	0.00112867970485258	0.00378920536304006	0.010258444428549	0.0261640031993193	0.0567869879486734	0.104390331813254	0.160940436367082	0.203311908546288	0.201180886947168	0.146170059982591	0.0690584767561652	0.0164174126945347	
5.57834412433013e-06	3.43997887667025e-05	9.48318501136123e-05	0.00034120871560486	0.00129696500890676	0.00414377996035657	0.0117359063135699	0.0286615321108082	0.060508298716609	0.109034314254157	0.164411466100403	0.203799224238277	0.19639490213725	0.139633391224149	0.0652545398423932	0.0146496613945117	
8.37937333459955e-06	4.00347837097534e-05	0.000115449143721149	0.000420830749693222	0.00157625322838634	0.00487772632221856	0.0128688553589817	0.0312671660773174	0.064086378304499	0.113536784517897	0.168636750441779	0.204404571041258	0.19124523074001	0.133022551686768	0.0603677986269	0.0135252396035253	
1.86750430459742e-06	6.53626506609098e-06	5.22901205287278e-05	0.000155936609433885	0.000489286127804525	0.00183108797065777	0.00537561114078368	0.0143218905119576	0.0336048062090783	0.0682077934689639	0.118966560467922	0.171943922580742	0.202199359819524	0.186600096363222	0.127078065414941	0.0566815569009887	0.0124833325240815	
4.67430385592674e-06	1.12183292542242e-05	4.5808177788082e-05	0.000211278534287889	0.000628226438236553	0.00208286979820095	0.00610744541815387	0.0159431155917949	0.0361230201986018	0.0729228795955418	0.122199390844721	0.173765376122534	0.201368075252553	0.181492935257152	0.121667455065917	0.0539293133073691	0.0114969177640374	
3.73728039973951e-06	1.68177617988278e-05	7.84828883945297e-05	0.00022610546418424	0.000710083275950507	0.00240961153773205	0.00688313617622025	0.0173764852185889	0.0394311111775517	0.0764124350530741	0.126196747258004	0.176127747718624	0.199558627184791	0.176944343485967	0.116707792323065	0.0500842289570091	0.010832507238645	
9.33625744916641e-07	5.60175446949985e-06	2.6141520857666e-05	0.00011110146364508	0.000266083337301243	0.000933625744916641	0.00296892986883492	0.00795635859817962	0.0193484599376525	0.0423389939062248	0.0808613257672303	0.13014929609287	0.176885667257652	0.198003347981921	0.172436006957379	0.110909136741627	0.047230259183843	0.00956873025965066	
2.79881031902706e-06	1.39940515951353e-05	2.79881031902706e-05	0.000109153602442055	0.000322796123461121	0.00112885349534091	0.00342201208339708	0.00893007079124234	0.0211431460867034	0.0454405514029503	0.084812349097477	0.133434214896388	0.179081878262946	0.195836489769415	0.167678592086457	0.106145814285874	0.0437435394128469	0.00872575763795336	
9.31815344016907e-07	1.58408608482874e-05	2.70226449764903e-05	9.31815344016907e-05	0.000362476168822577	0.00132970049591213	0.00370303417712319	0.0100095604254296	0.0236028826639482	0.0487870559666932	0.0880789135778541	0.1371147642414	0.180512200258299	0.19400861370104	0.162690299988632	0.100795397577653	0.0405199902345752	0.00834813366704747	
1.86814100354667e-06	8.40663451596e-06	3.082432655852e-05	0.00010648403720216	0.0004063206682714	0.00143099600871675	0.00424815264206512	0.0110528562474838	0.025792488765467	0.0516895934271327	0.0928895751193509	0.140222663726213	0.181397425514883	0.190607360662368	0.158173630629293	0.0954946977487967	0.0388760142838061	0.00757064141687286	
3.74302977673763e-06	1.68436339953193e-05	3.93018126557451e-05	0.000136620586850924	0.000511859321968871	0.00170495006330399	0.00453561633196182	0.0122303497954902	0.0275393415823471	0.0554763800784726	0.0966918167075749	0.143799717962706	0.182612129475143	0.187677384520513	0.152273001619796	0.0917865761851602	0.0361745112772808	0.00678985601500206	
4.69284397607776e-06	8.44711915693996e-06	6.10069716890109e-05	0.000152986713620135	0.000649489606289162	0.00185367337055071	0.00508422716368264	0.01332392261688	0.0295489613797712	0.0583592691177078	0.0999744709287701	0.147693185615119	0.182846341271122	0.184604280624561	0.14847970626551	0.087725209582412	0.0333595506883464	0.0062705781208351	
4.70392551992489e-06	3.76314041593991e-06	5.64471062390987e-06	5.73878913430836e-05	0.000184393880381056	0.000743220232148132	0.00210077313719845	0.00580088095117137	0.0145483008480237	0.0318596875464513	0.061686338483191	0.103310434623902	0.150370387095439	0.181656195728459	0.183023156484549	0.144485776270013	0.0830289893521942	0.0313949397050827	0.00573502599389242	
2.82341780371976e-06	8.47025341115928e-06	4.70569633953293e-06	1.41170890185988e-05	6.77620272892742e-05	0.000252225323798965	0.000910081672065669	0.00240366969023342	0.00650703689830614	0.0159767802119822	0.03431581998641	0.06441910060967	0.106596256900904	0.152606673430321	0.182807832537443	0.181255893884665	0.138844393915723	0.0785757174775209	0.0293287230057729	0.0051019159713216	
1.88459849571348e-06	1.88459849571348e-06	7.53839398285392e-06	2.1672882700705e-05	9.14030270421038e-05	0.000363727509672702	0.00093381855462603	0.00271382183382741	0.00754499007758892	0.0173920172176919	0.0362766364439888	0.068196081165888	0.11023958900676	0.15522966659568	0.183290395897606	0.177284180491767	0.133873396442255	0.0745839277671089	0.0270232578300356	0.00493010966478647	
1.88525579150579e-06	0	3.77051158301158e-06	1.60246742277992e-05	0.000128197393822394	0.000377051158301158	0.00111701405646718	0.00316440184604247	0.00815938706563707	0.0185386628257722	0.038330078125	0.0716849662162162	0.11506564460666	0.156696805622587	0.182806655707046	0.173703698117761	0.129214489321911	0.0709516017133205	0.0253972233952703	0.00464244238658301	
3.78466039296129e-06	2.83849529472097e-05	0.00014570942512901	0.000480651869906084	0.0013586930810731	0.00358880421762554	0.00887975944698542	0.0201722398944837	0.0410257186597004	0.0753885426975924	0.1179158253682	0.159302979095428	0.182109342623413	0.169982344559267	0.124157676521292	0.0672543613480203	0.0239029688768453	0.00430221270169874	
4.7276361535574e-06	3.97121436898822e-05	0.000175868064912335	0.000537059467044121	0.00152608095036833	0.0040024167676017	0.0100027325736968	0.0223948124594014	0.0442478378156052	0.0787784922811885	0.121418933804584	0.161035579244164	0.180242073881607	0.165538179916813	0.119629050756847	0.06405568777178	0.0223815750781715	0.00398917938637174	
9.45910921676684e-06	6.43219426740145e-05	0.00017688534235354	0.000633760317523378	0.00177925844367384	0.0045517233551082	0.0112610695225609	0.0240724870457499	0.0471063638994989	0.0820700692974341	0.124313505148593	0.163065583787844	0.178198266712827	0.161416861051361	0.115669771146312	0.0612940818137274	0.0207599069980382	0.00355662506550433	
1.22724290441194e-05	7.92987722850791e-05	0.000231288085831481	0.000701416521521592	0.00206743227743242	0.00509872225132991	0.0120468051563083	0.0257938137517288	0.0497816923679652	0.0847128015595425	0.12771067276512	0.163645289039305	0.177066606248554	0.158822224424966	0.111657391542408	0.0577597152796462	0.0196132296785096	0.00319932784850158	
1.88130295279905e-06	2.72788928155862e-05	7.80740725411606e-05	0.000254916550104271	0.000807078966750792	0.00215315122947851	0.0057407959604663	0.0130195570848458	0.0276579753605752	0.0528420373382197	0.0873535993558419	0.129778862244413	0.165210381405954	0.175650672142512	0.155440775172069	0.107505175934749	0.055124057819965	0.0183210688058335	0.00303266035991207	
7.52468095352757e-06	2.82175535757284e-05	9.31179267999037e-05	0.000316977185167349	0.000843704851914279	0.0024210660967975	0.00638563237418733	0.0141464001926318	0.0296510052973754	0.0551925942090055	0.0910749759210209	0.132444731218396	0.165569317360944	0.175594073561281	0.151484995786179	0.102774914218637	0.0522306916686733	0.0170490458704551	0.0026910140260053	
9.40530270966771e-06	3.47996200257705e-05	0.000123209465496647	0.000368687866218974	0.00105809655483762	0.00280748285883581	0.00686775203859936	0.0152046123604488	0.0315115261984707	0.0582968877853334	0.095104539939618	0.135578379090131	0.165621737535623	0.173760145970298	0.14700864347319	0.0994573140336522	0.0490185566622462	0.0156504237088871	0.00251779953537805	
1.97383261899391e-05	4.04165726746372e-05	0.000165425971877585	0.000444582299421009	0.00119933829611249	0.00323708549515001	0.00759455598165276	0.0166704263478457	0.0339076246334311	0.0616117753214527	0.0982921648244229	0.137895706444094	0.166500300774494	0.170657568238213	0.143738250996316	0.0949949244304083	0.0460532746823069	0.0147041130912099	0.00227272727272727	
1.12824370063934e-05	4.23091387739752e-05	0.000184279804437759	0.00047198194810079	0.00138115833019932	0.00358687476494923	0.00812523505077097	0.0176936818352764	0.0358151560737119	0.0648627303497556	0.101877585558481	0.140371380218127	0.166807070327191	0.168505077096653	0.139944528018052	0.0911893569010906	0.0431722452049643	0.0137683339601354	0.00218973298232418	
1.68515657913214e-05	6.27252726676965e-05	0.000204091185694893	0.000598230585591911	0.00152787529841314	0.00368581191780181	0.0087600056171886	0.0192061040116089	0.0384412301643028	0.067468052239854	0.105039554369705	0.142321771286804	0.167099190188644	0.166212610588401	0.135719702289004	0.0871787670271029	0.0414351916865609	0.0130365585357862	0.00198567616907738	
1.86721139447081e-06	2.24065367336498e-05	9.52277811180115e-05	0.000273546469289974	0.000697403455834849	0.00167582222653756	0.00403597742914866	0.00990742365906214	0.0207941996945242	0.0408125730546458	0.0703462556809907	0.10708830789569	0.145182221159986	0.16669249642429	0.164252051131717	0.132059459479646	0.0829919448500443	0.0393496129270779	0.0118717300460454	0.00184947288622334	
4.67468406147771e-06	3.73974724918216e-05	9.25587444172586e-05	0.000270196738753411	0.000714291724593793	0.00177170525930005	0.00452509417151042	0.0105545016740044	0.0225160832505135	0.0427499857422136	0.0722734204008822	0.110694648702167	0.146360618217618	0.167263935466921	0.162862252954634	0.127526316133924	0.0797977918662367	0.0372432079177929	0.0110154255224661	0.00172589335549757	
5.61716230322378e-06	3.55753612537506e-05	7.48954973763171e-05	0.00026213424081711	0.000778913172713698	0.00197349635586596	0.00508165949698312	0.0116593565540582	0.0238205129405377	0.0440432334258605	0.0764214931353596	0.112950835786941	0.148909100271028	0.167513141819305	0.159473110175958	0.123558846796579	0.0766480520149229	0.0349059827459498	0.0103468129625382	0.00153723008364891	
2.80715412586156e-06	2.62001051747079e-05	7.20502892304468e-05	0.000312529826012587	0.000835596211464792	0.0021961302444657	0.00555629373312199	0.012713601036027	0.0252307012832437	0.0473379757424455	0.078899745297549	0.115783879075286	0.150174324271216	0.166476403998136	0.155771789598184	0.120639319994985	0.0735408880712793	0.0331693331511802	0.00983158946680915	0.00142884145006354	
8.42403996364559e-06	3.08881465333672e-05	0.000107640510646583	0.00035287367403271	0.000969700600259648	0.00226325873689945	0.00617014127115019	0.0133034311114772	0.027158168838353	0.0500781095705518	0.0817730919315481	0.118363377515863	0.150551634216953	0.165248775940193	0.154388316418173	0.118071344130457	0.070006580111216	0.0309143546576985	0.00895475448135526	0.00128513409667615	
5.62417043486086e-06	3.65571078265956e-05	0.000114358132175504	0.000425562229571138	0.000985167187839794	0.00264617218960203	0.00650154102269915	0.0143781917167218	0.0290019722090992	0.0525709957781227	0.0847853066672666	0.120944035754726	0.152025076301246	0.16518563511882	0.151706373309937	0.113477949502448	0.066240542020052	0.0294444069499749	0.00840719743837784	0.00111733519305902	
9.36568991886503e-07	2.80970697565951e-06	5.71307085050767e-05	0.000153597314669386	0.000365261906835736	0.00112762906623135	0.00288837877097797	0.00723312232433946	0.015794299479174	0.031019165011281	0.055428026077827	0.0876956375552927	0.123501606684106	0.152922984995228	0.16424329440016	0.147806508592552	0.108790917528544	0.0639985689225804	0.0279921740295038	0.00790932513648152	0.0010686252197425	
9.35788092657994e-07	1.59083975751859e-05	6.17620141154276e-05	0.000149726094825279	0.000444499344012547	0.00126705707745892	0.00343808545242547	0.00797104297326079	0.0169611591794261	0.0328180884095158	0.0581461289253971	0.0907330776760264	0.125670726115413	0.153993288527799	0.162799054479711	0.144066448440883	0.105544731606617	0.0610227415222278	0.0264238483723838	0.00749004789363458	0.000981641709198235	
2.80249945584802e-06	1.02758313381094e-05	7.47333188226139e-05	0.000199911627850492	0.000541816561463951	0.00143768222085004	0.00390294757551101	0.00866813081693793	0.0184563272497298	0.0353946339608752	0.0606227340624191	0.0937118451376167	0.128210613439106	0.154399970854006	0.160803682110618	0.141002155122082	0.1010441178806	0.0584199694901226	0.0251197367892511	0.00704828613145778	0.000927627319885695	
1.86724277330366e-06	3.73448554660731e-06	1.68051849597329e-05	8.49595461853164e-05	0.000262347609649164	0.000630194435989984	0.00152180286024248	0.00429465837859841	0.00951266830859548	0.0200943331049073	0.0375614556277764	0.0637196596389873	0.0966344816253975	0.129339238799811	0.155314453019238	0.158658684826225	0.137624194984959	0.0976399918588215	0.056166662620974	0.0234955158164799	0.00647092983088382	0.000951360192998213	
1.8654106235135e-06	5.5962318705405e-06	2.89138646644593e-05	9.60686471109453e-05	0.000264888308538917	0.000773212703446346	0.00170964883645012	0.00472321969873618	0.0103595578976822	0.0212293056008954	0.0393321829967822	0.0659889008067901	0.0984843538683953	0.132597117940587	0.156211351023644	0.15644825817283	0.134461595858788	0.0942424101105256	0.0539430117054517	0.0219717390290538	0.00624726017814671	0.000879541108986616	
5.59768330546931e-06	2.79884165273465e-05	0.000125014927155481	0.000279884165273465	0.000818194709816097	0.00204595324814903	0.0051741252686888	0.0111981654525914	0.0222013449367089	0.0416057141151182	0.0684727280869357	0.102354572187724	0.135292273704323	0.155167781227609	0.154260023584906	0.130542639419632	0.091925155242417	0.051234662347743	0.0207132941246716	0.00574135717697636	0.000813529973728206	
5.59888470216733e-06	5.50556995713121e-05	0.000151169886958518	0.000319136428023538	0.000891155815094966	0.00232540344630016	0.00576031921107982	0.0122755547095019	0.0238185886704702	0.0431804651180152	0.0712467409825296	0.105091065859681	0.136805948255108	0.154964997639137	0.152366181989881	0.127805741096374	0.0886284785404081	0.048930519707141	0.0193114864852255	0.00533760341606619	0.000728788158732114	
1.40061515017396e-05	6.25608100411034e-05	0.000118585416048062	0.000380033577413867	0.000981364348555219	0.00279282660944687	0.00647831194127127	0.0131611136944679	0.0250616737537793	0.0455199923806536	0.0737591950384609	0.107188143699379	0.136905462212337	0.15469420836298	0.151329930772262	0.125169240997313	0.0860500598529541	0.0467852147329774	0.0180483268251416	0.00490028553874195	0.000599463284274453	
1.59105564670329e-05	5.5218990091467e-05	0.000144130923289592	0.000424905449178407	0.00116240653717969	0.00292286281450257	0.00660662459416382	0.0141135995013444	0.0268467242504022	0.0476511807036771	0.0764914040878899	0.109621862227684	0.138741924222699	0.15501187208287	0.149806312372891	0.122004954734467	0.0825814035544183	0.0437652612653759	0.017213350267157	0.00430333756678924	0.000514753297462828	
9.35383694391439e-07	1.87076738878288e-05	5.23814868859206e-05	0.000173981367156808	0.000445242638530325	0.00128989411456579	0.00316159688704306	0.00706588842743293	0.01507838515359	0.0284057320312792	0.0505079133460546	0.0792167096943166	0.111733453062446	0.140753732180941	0.155029558124743	0.147360347214427	0.118417704942567	0.0788182362405059	0.0418958356717926	0.016065214951173	0.00399689452613462	0.000511654880832117	
4.69061192785088e-06	4.69061192785088e-06	2.43911820248246e-05	8.53691370868861e-05	0.000165109539860351	0.000576945267125659	0.0014531515752482	0.00349919649817676	0.00785489873437909	0.0162848664911127	0.0307685380019307	0.052857567692566	0.0822095408922857	0.114079434574876	0.141096421156911	0.154141012928265	0.14469693487273	0.115408753995229	0.0763021842303503	0.0395334154503128	0.0147566651250189	0.003743108318425	0.000453113112230395	
5.62198345450269e-06	1.21809641514225e-05	2.90469145149306e-05	7.96447656054548e-05	0.00018177746502892	0.000608111210328708	0.00161725724041194	0.00392601844572771	0.00870189339032775	0.0172079543569903	0.032823950399114	0.0552341134460041	0.0843100748754496	0.116658967672658	0.142090946826343	0.153395818556106	0.142582870378612	0.112531494819811	0.0727259779674468	0.0373421511020493	0.0138919211160762	0.0035746444798213	0.000467561623966141	
1.03042469422147e-05	2.81024916605856e-05	9.1801472757913e-05	0.000251985675223251	0.000667902551799918	0.00194094542402445	0.00438773569793943	0.00919326177189957	0.0185916717329214	0.0344011967914448	0.05778153310333	0.0878530726796007	0.118185965428315	0.142829040365482	0.151773126711325	0.14004502019164	0.109839525405121	0.0694674858855236	0.0356377064245106	0.01324283082019	0.00332827176233535	0.000451513366013409	
2.80713573904866e-06	7.48569530412976e-06	2.33927978254055e-05	0.000108542581909882	0.00027977786199185	0.00082436219536729	0.00207166617541791	0.00463083825751728	0.0101590242396171	0.0197641070267286	0.0365105431339799	0.0600727048156414	0.0900697573231154	0.120042481320851	0.143324865140521	0.151010802794036	0.138277635081711	0.10572515333979	0.0670194300578738	0.0339682138663148	0.0125553824488516	0.00314679916347355	0.000404227546423007	
3.74122332390857e-06	2.618856326736e-05	0.000114107311379211	0.000349804380785451	0.000884799316104376	0.00224005746519026	0.00504878087561461	0.0109486900574184	0.0212557603147865	0.038095006495699	0.0621894200075012	0.0925429001402023	0.121790848780689	0.143669522778906	0.150308323567182	0.135638051608305	0.103322299842214	0.0642339985540172	0.0319453706570243	0.0120897631712105	0.00299297865912685	0.000309586230053434	
1.30668443757502e-05	4.3867263261447e-05	0.000109201485140198	0.000351871452118415	0.000978146636127585	0.00243789982210425	0.00563741000210936	0.0114232220224862	0.0223695042252575	0.0396308056456234	0.0650598181468601	0.0941148799623675	0.123102740863942	0.144368096739449	0.149848704609049	0.133473148568154	0.099675755590276	0.0621001778957527	0.0307294845876571	0.0114829561682039	0.00274870404904173	0.000300537420642254	
3.72479709167843e-06	1.76927861854725e-05	5.30783585564176e-05	0.00011919350693371	0.000413452477176306	0.00110347113840974	0.00260922036272074	0.00598109292996264	0.0122042976708844	0.0238861925496609	0.0418248153431842	0.0667055287163232	0.0956499957164833	0.124610293104283	0.145396523274395	0.149530116846885	0.130523408487323	0.0962738992293395	0.0597448141512491	0.0296167928752081	0.0108475403302405	0.00255800440271016	0.000326850944794782	
9.30430761529665e-07	1.48868921844746e-05	1.3956461422945e-05	4.46606765534239e-05	0.000131190737375683	0.00050057174970296	0.00118443835942726	0.00280897046905806	0.00618736456417227	0.0129115876777472	0.0253346992056913	0.0432734042879832	0.068561581955598	0.0981930104180332	0.126636278797995	0.146258133127894	0.146943860599142	0.127582526882471	0.0940860890366413	0.058023523150513	0.0283883729650316	0.0100747042858432	0.00251588477917622	0.000329372489581502	
4.65545880477613e-06	2.60705693067463e-05	7.44873408764181e-06	4.28302210039404e-05	0.000191804902756776	0.000628486938644777	0.00126907807018197	0.00293387013876992	0.00677183037742736	0.0136851867025199	0.0266543638408652	0.0454279670170055	0.0705516160028603	0.101105392138606	0.127486946093511	0.146810824500376	0.144364846444347	0.125954369054979	0.0908857289703615	0.0564018145116238	0.026555668114204	0.00966752575399811	0.00227000171320884	0.000301673730549493	
