# <P(N_2)> as a function of N_tot.
# number_of_species: 2
# species_total_upper_bound: 100
# species_total_lower_bound: 0
# volume: 512
# Bin widths for each species index 
1	1	1	1	1	1	1	1	1	1	1	1	1	1	1	1	1	1	1	1	1	1	1	1	1	1	1	1	1	1	1	1	1	1	1	1	1	1	1	1	1	1	1	1	1	1	1	1	1	1	1	1	1	1	1	1	1	1	1	1	1	1	1	1	1	1	1	1	1	1	1	1	1	1	1	1	1	1	1	1	1	1	1	1	1	1	1	1	1	1	1	1	1	1	1	1	1	1	1	1	1	
# Bin lower bound for each species index 
0	0	0	0	0	0	0	1	2	2	3	4	4	4	5	7	8	9	9	10	11	11	12	13	13	15	15	16	17	18	19	19	20	21	22	23	24	25	26	26	27	28	29	30	30	30	31	31	32	34	34	35	36	37	38	39	39	40	41	42	43	44	44	44	45	46	49	50	50	51	52	53	54	55	56	57	57	58	59	60	61	62	62	63	64	64	65	66	67	67	68	70	70	71	73	73	74	75	76	76	77	
# Bin upper bound for each species index 
0	1	2	3	4	5	6	7	8	9	10	11	12	13	14	15	16	17	18	19	20	21	22	23	24	25	26	27	28	29	30	31	32	33	34	35	36	37	38	39	40	41	42	43	44	45	46	47	48	49	50	51	52	53	54	55	56	57	58	59	60	61	62	63	64	65	66	67	68	69	70	71	72	73	74	75	76	77	78	79	80	81	82	83	84	85	86	87	88	89	90	91	92	93	94	95	96	97	98	99	100	
# Normalized histogram for each species index 
1	
0.0789592127648638	0.921040787235136	
0.0062698849529649	0.145763397472384	0.847966717574651	
0.000475936702923441	0.0170635832648131	0.201941821747928	0.780518658284336	
6.09178626245676e-05	0.00184574843560417	0.0315259359370172	0.247706473873145	0.718860923891609	
1.88337749853567e-06	0.000177665277361865	0.00414029153428092	0.0494016195790902	0.285070529348358	0.661208010883411	
6.25731323484322e-07	1.25146264696864e-05	0.000517479804521535	0.00790423807825396	0.0679537959990739	0.315341680589189	0.608269665171169	
6.28188054375958e-06	6.47033696007237e-05	0.00107294519687414	0.0122515516244943	0.087428072467774	0.33939995477046	0.559776490690253	
1.3212483154084e-05	0.000134641494998761	0.00196362666304267	0.0180595769740394	0.107661604398121	0.356168908384642	0.515998429602002	
2.51768041068403e-06	2.58062242095113e-05	0.000271280064251204	0.00321822498495686	0.0253404533335347	0.127315951267778	0.369327351324678	0.474498415120181	
5.67586282574723e-06	4.09923426303966e-05	0.000577676705376051	0.00502692250933679	0.0335575929800929	0.1464076202873	0.377849756127094	0.436533763185345	
8.21210476876924e-06	9.34916542906036e-05	0.000933021441805551	0.00724307640605447	0.0430889137217322	0.16449603892285	0.381304448623493	0.402832797125005	
4.41565159247321e-06	2.64939095548392e-05	0.00011228371192289	0.00135245100203751	0.00993458527569436	0.0522686987074757	0.181222757006693	0.38414591836091	0.370932396374119	
6.3096578146374e-07	8.20255515902862e-06	2.39766996956221e-05	0.000214528365697671	0.00200962601396201	0.0131234572886643	0.063061244062612	0.197409633080779	0.383346415357202	0.340802285610447	
1.26572985780791e-06	2.53145971561582e-06	2.91117867295819e-05	0.000362631604261966	0.00292003878196284	0.0172531636917796	0.0734711881912467	0.21274577309514	0.379188616531951	0.314025679127355	
1.2644095270729e-06	5.43696096641349e-05	0.000568984287182807	0.00404358166757915	0.0214431211696294	0.0848576843856803	0.226572071975248	0.373196793963203	0.289262128532286	
1.89475997812184e-06	0.000109896078731067	0.000873484349914167	0.0055124883630158	0.0266927469851211	0.0962203327956426	0.237799324707544	0.367258168626059	0.265531663333994	
1.26374001329455e-05	0.000169341161781469	0.00131049839378644	0.00728356556662311	0.0321773482185057	0.107916446565281	0.248170736330756	0.358517354941603	0.244442071421531	
6.32760811351223e-07	2.21466283972928e-05	0.000248042238049679	0.00176287162042451	0.00919085078487651	0.0378720000809934	0.118304757855093	0.256798382157158	0.350490642733122	0.225309673141075	
3.79161055609656e-06	5.43464179707174e-05	0.000379792990702339	0.00221114088929698	0.0114272822809824	0.0442765322688176	0.129273066104834	0.264521078510984	0.339604446548086	0.20824852237777	
9.47724765564484e-06	6.57089170791375e-05	0.000541466749392508	0.00282990614997555	0.0142670486208077	0.0512270508448019	0.140080038515534	0.270905228787077	0.329588346270829	0.190485727896847	
1.26312066591722e-06	1.19996463262135e-05	9.15762482789981e-05	0.000663138349606538	0.00393777867599692	0.0172005456681277	0.0589542624006871	0.149761901754475	0.275144943096414	0.319184276673951	0.175048314365471	
6.31225859556034e-07	2.20929050844612e-05	0.000166012401063237	0.000999230535677201	0.00493934235102596	0.0205918499904369	0.0655130382857421	0.159959576295954	0.278756914290259	0.307510514644756	0.161540797074142	
5.69595378429676e-06	4.05045602438881e-05	0.000233534105156167	0.00134994104687833	0.0062218801837135	0.0239989519445037	0.0732550287360868	0.169799546728656	0.280752929144234	0.295001673977529	0.149340313619215	
6.31707549726439e-07	1.13707358950759e-05	5.81170945748324e-05	0.000332278171156107	0.0017011884314133	0.00787676143753897	0.0278892566128726	0.0806930589869559	0.178285558344193	0.281206510883374	0.284681534114419	0.137263733480058	
9.46651755849677e-06	6.94211287623096e-05	0.000475850282607104	0.00219370766888898	0.00951953005682435	0.0321085342549093	0.0884740731017108	0.187058386955896	0.282225287971464	0.27172502669558	0.126140715365799	
2.52433936461116e-06	1.07284422995974e-05	9.71870655375297e-05	0.000602686023300915	0.00268463491426397	0.0111790368761805	0.0369657945705247	0.0967276357731704	0.194718072313488	0.281463839154144	0.260001274791379	0.115546585736347	
3.79307990502128e-06	2.02297594934468e-05	0.000124539456881532	0.000786431900307745	0.0033341172365137	0.0133288827862448	0.0413850304837188	0.104601764540772	0.201320876858925	0.278924762995724	0.249666208968358	0.106503361933156	
2.53022672096533e-06	2.71999372503773e-05	0.000191032117432883	0.000998174441420824	0.0042115623770468	0.0156102337549956	0.046618794777106	0.11215609474687	0.207211019643415	0.276966840113708	0.23778564678288	0.0982208710811532	
3.16547655299862e-06	2.72230983557882e-05	0.000264000744520085	0.00120984513855607	0.00503057533802541	0.0179336908633584	0.0513946773144857	0.119613862508159	0.213375911103289	0.273234439625182	0.226494912129536	0.0914176966599791	
5.05619965921214e-06	4.86659217199169e-05	0.000321068678359971	0.00151433179793404	0.00612621791209291	0.0202835769578869	0.0571160954003752	0.126939684594265	0.217240250383007	0.269654080100315	0.216751695090936	0.0839992769634487	
1.26476454510846e-06	5.69144045298807e-06	6.95620499809653e-05	0.000422431358066226	0.00192813354901785	0.00729705904300326	0.0229478879064479	0.0624376312983693	0.133752644938855	0.222135656115579	0.265630908821859	0.206235668636748	0.0771354600770748	
6.33341503438728e-07	1.26668300687746e-05	0.000108934738591461	0.00047310610306873	0.00227369599734503	0.00845510907090702	0.0262437718779906	0.0677973079186055	0.140997652203047	0.225041436367862	0.261616274849946	0.195755725248856	0.071223685452209	
1.26793735121548e-06	1.33133421877625e-05	0.000117918173663039	0.000607975959907821	0.00269943862073775	0.009929851366044	0.0296285260545276	0.0737121718815873	0.147100385769939	0.228361222671988	0.256265987897538	0.186031768170335	0.0655301721541939	
4.44531657321976e-06	1.90513567423704e-05	0.000154951034837946	0.000842069968012772	0.00335303878665719	0.0114530406282883	0.0333449546609462	0.0793349298370283	0.153849866418237	0.231367931867268	0.250229410087439	0.176159005163553	0.0598873048744166	
1.90911225643705e-06	3.8182245128741e-05	0.000230366212276737	0.00109010309842556	0.00401677218754355	0.0131289649875176	0.0369655042506384	0.0856459576775268	0.160515613038219	0.231948866337324	0.244710009030101	0.166270950120624	0.055436801702419	
5.07838164672873e-06	6.85581522308378e-05	0.000335173188684096	0.00133053599144293	0.00460482255817127	0.0149545643542044	0.0407565519058214	0.0918241229476197	0.165732985040992	0.23323483388931	0.238049774488115	0.157908468518795	0.0511945305829665	
1.83857676406686e-05	0.000105242669943137	0.000409558823995582	0.00153235863405158	0.00539527181455481	0.0169827433720893	0.044813089652173	0.0975485431815113	0.171640016813468	0.233390836406609	0.231518658067199	0.14960752726007	0.0470377675366939	
1.39249231439185e-05	0.000127856112503252	0.000481042799517185	0.00186087609286911	0.00631495264576705	0.0195543898003736	0.0494568963498346	0.10397423636038	0.176556632345951	0.232637994405979	0.224850797613268	0.140612608005185	0.0435577925452291	
6.95471846035178e-06	1.58061783189813e-05	0.000144784593401869	0.000571551408014365	0.00219389755067461	0.00760972648989037	0.0219452979780737	0.0538952745849298	0.109343980375049	0.180983902988	0.232480431951241	0.217589115233362	0.133452828041425	0.0397664479091587	
5.04933834732631e-06	3.59765357247e-05	0.000171046336515679	0.000722055383667663	0.00260167158345988	0.00886285113414451	0.0245410467025927	0.0584038031616432	0.114635759666643	0.184777380983939	0.230857642741639	0.212345506025754	0.125860438812749	0.0361797715931799	
4.41811528251323e-06	3.91318782165457e-05	0.000190610116474142	0.000883623056502645	0.00327066762771193	0.00993192315508973	0.0270805220445018	0.0630427181255073	0.120470642886266	0.188060863956132	0.23002286059079	0.205111001990677	0.118643436637284	0.0332475798195642	
3.78734798532024e-06	4.10296031743026e-05	0.000254383539680676	0.00111600520634103	0.00374694960681016	0.0114643023515644	0.029771080063274	0.0672961239018269	0.125876297640103	0.191372800024239	0.228606849292587	0.198085243103555	0.111894040102965	0.030471108215894	
8.82756115923533e-06	5.86402277006347e-05	0.000318422741815274	0.00131278445239485	0.00436333737299346	0.0127299737317002	0.0325188436903746	0.0716104372038826	0.130511708498798	0.194833732885566	0.225909270326405	0.191657071948407	0.105908034467843	0.0282589148909607	
1.89240897985909e-06	1.89240897985909e-05	0.000103451690898964	0.000399929097743555	0.00146472455041094	0.00499974452478772	0.0142466856033725	0.0356069365620354	0.0760811490202683	0.135360229511361	0.198200192899555	0.223573612501506	0.183701816901862	0.0998504366102918	0.0263902740271283	
1.26277613757188e-06	4.41971648150159e-06	2.33613585450798e-05	0.000114281240450255	0.000486168812965175	0.00174957633860584	0.00580435051634916	0.0157316651218705	0.0390766075771619	0.0803011973643337	0.1409687513417	0.200152543357419	0.219889102999598	0.177305134700331	0.0942618189532596	0.0241297578247923	
1.889791159179e-06	3.779582318358e-06	4.4725057433903e-05	0.000127245938051386	0.000583315537799918	0.00209073895243837	0.00636733634566044	0.0177287607946446	0.0419558834553194	0.0856736822013799	0.146119912288493	0.201246380262517	0.216794322059469	0.170925311043877	0.0880264721945578	0.0223102444948809	
4.40465156374569e-06	6.29235937677956e-07	6.29235937677956e-06	4.65634593881687e-05	0.000161084400045557	0.000724250564267327	0.00239801815849069	0.00736772359427118	0.0199404868650144	0.0455013091253683	0.0907351929772235	0.150728434983253	0.202448482880692	0.212864225357076	0.16380962089164	0.0829062394406344	0.0203570410557572	
6.29285433804207e-07	1.25857086760841e-06	1.06978523746715e-05	6.48163996818333e-05	0.000220879187265277	0.000875336038421651	0.00280724232020057	0.00841920981886648	0.021813550277389	0.049300108740523	0.0960459479052346	0.154497754709572	0.202955879539665	0.208940384015143	0.157321987736485	0.0781238987504908	0.0186004188523847	
3.15622293538833e-06	8.83742421908732e-06	7.32243721010092e-05	0.000279641352075406	0.000953810571074353	0.00323512850877304	0.00943016288635325	0.0238642016144712	0.0528187595791366	0.100485300838545	0.158869112697359	0.203421724408713	0.204591420628568	0.151334577306	0.0733222150120063	0.0173087265776696	
6.31152553990367e-07	2.52461021596147e-06	2.90330174835569e-05	9.15171203286033e-05	0.000284018649295665	0.00111082849502305	0.00375535769624269	0.0103862464284655	0.0260400920725346	0.0569728787436025	0.10510962173134	0.161804162198633	0.203720265614241	0.200295000703735	0.145353170878874	0.0688972439461425	0.0161474069412896	
3.78868484014591e-06	5.68302726021887e-06	3.28352686145979e-05	9.53485684770055e-05	0.000329615581092695	0.00132730258899779	0.00411893186871197	0.0116937757591104	0.0287636953063878	0.0606442153412689	0.109629384534462	0.165116568360819	0.203468793550143	0.195746822398452	0.139414130405269	0.0650959200284404	0.0145131887276523	
2.52928277128455e-06	6.9555276210325e-06	3.66746001836259e-05	0.000115714686786268	0.000418596298647593	0.0016364459530211	0.00477528587218522	0.0129473985062056	0.03118415960786	0.0644834319332067	0.113755757279908	0.168662059999646	0.203984126221327	0.191218203753961	0.132915074272389	0.0603486869228493	0.0135088992814308	
1.26542473664929e-06	5.06169894659718e-06	5.69441131492183e-05	0.000145523844714669	0.000516293292552912	0.00186333792471609	0.00530719134550714	0.0142733583170357	0.0337571029872249	0.0684689689382517	0.118946761683192	0.171453030280981	0.202433791395998	0.186501461249215	0.127029029476171	0.0567606265624041	0.0124802514652037	
3.16266136688959e-06	8.85545182729086e-06	4.6174855956588e-05	0.000196717537020533	0.000659731161133169	0.00214491693902452	0.00607357488897477	0.0159670121768788	0.0364458770597623	0.0730429293328619	0.121981318791838	0.173732579270526	0.201131347224164	0.181497545458513	0.121718817898386	0.0538664484008635	0.0114829908909027	
2.52799757312233e-06	1.39039866521728e-05	7.77359253735116e-05	0.000244583765199585	0.000765351265262785	0.00241613368051167	0.00698864929089668	0.0173768233182496	0.039528402052734	0.0764276866294208	0.125782415248881	0.175702783325328	0.199526632454433	0.177411077685365	0.116667719998989	0.0503754076396087	0.0106921657355209	
6.31404015224414e-07	3.78842409134648e-06	2.02049284871812e-05	0.000108601490618599	0.000282237594805313	0.00093132092245601	0.00293413445874785	0.00795884761190373	0.0194156734681507	0.0423728920576952	0.0804901210527778	0.130102691549036	0.176459742942797	0.197852973786631	0.17271109730441	0.111247704846405	0.0473654036060746	0.00974193255089748	
1.89022934152601e-06	9.45114670763004e-06	2.39429049926628e-05	0.00012160475430484	0.000311257764904616	0.00110263378255684	0.00339422182093353	0.00904726770499065	0.0211762393131159	0.0451531684339261	0.084009982931229	0.132951170965573	0.178486165726488	0.196019303022036	0.168207728643716	0.106747551680445	0.0442414478148634	0.00899497135987509	
6.29075227961136e-07	1.06942788753393e-05	2.51630091184454e-05	9.49903594221315e-05	0.000371783459725031	0.00131476722643877	0.00371217292019866	0.0101029481610558	0.0232839614125255	0.0482582479625826	0.0873798073142577	0.137010697424251	0.180411226476518	0.194163440034977	0.163229294775216	0.101254061466941	0.0409622334686894	0.00841388117398019	
1.26166169677097e-06	6.93913933224031e-06	3.40648658128161e-05	0.00012995115476741	0.000425810822660201	0.00140612196105124	0.00425179991811816	0.0110319698765653	0.025438884791993	0.0512733005259237	0.0922728898550414	0.140055803296848	0.181544917364313	0.190835794099334	0.158715148961242	0.0961026639355897	0.0388560261063038	0.00761665166340632	
2.53057888257228e-06	1.32855391335045e-05	4.99789329308026e-05	0.000156263245998838	0.000519401315647961	0.00168599818051378	0.00459426596130998	0.0122144716214558	0.0273713738386225	0.0546940340337554	0.0961120186048159	0.143617310677904	0.18257114406206	0.187960011792498	0.153315121600642	0.0918220547541353	0.0363100110965884	0.00699072416310593	
5.07187802133359e-06	6.97383227933368e-06	5.95945667506696e-05	0.000159130172919341	0.000623207011871365	0.00187532689838809	0.00514859017640626	0.013248379376476	0.0294454218376048	0.0581719049656856	0.099544481955209	0.147703231737277	0.182884313632257	0.185177436482653	0.148604124070816	0.0874480528743284	0.0335073621479403	0.00638739638311699	
3.17432504326605e-06	3.80919005191926e-06	8.25324511249173e-06	5.71378507787889e-05	0.000183475987500778	0.000695812049483918	0.00206394614313159	0.00585028105473933	0.0143701694708654	0.0318391150489671	0.0615241331235739	0.103442365049919	0.150239534567765	0.181790420902803	0.182928733863319	0.14416070210991	0.0831431912632417	0.0318105461235777	0.00588519863021526	
1.90263819812552e-06	5.70791459437656e-06	5.07370186166806e-06	1.39526801195872e-05	6.15186350727252e-05	0.000241000838429233	0.000860626678285444	0.00236688191846815	0.00645755404443802	0.0156663229233655	0.0342589033954481	0.0646218379738679	0.106822987421025	0.152661346890265	0.182733177824371	0.180033968433964	0.139089828623035	0.0791573595948142	0.0297160375910571	0.00522401027931997	
1.26705776516351e-06	1.26705776516351e-06	8.8694043561446e-06	1.64717509471257e-05	7.34893503794838e-05	0.000322466201234114	0.000919883937508711	0.00273050948392737	0.007334363873649	0.0172459232416406	0.0361535927422931	0.0680866160688266	0.110636949938548	0.15513601865109	0.182494329916501	0.176850854630463	0.134463971212448	0.0750643031815821	0.0274432041356765	0.00501564816339977	
1.26704171101313e-06	0	4.43464598854594e-06	1.52045005321575e-05	0.000101996857736557	0.000340834220262531	0.00111436318483604	0.00318851046576453	0.00802544219755714	0.0186711266534894	0.0385421418073083	0.0715631493588769	0.114729993411383	0.156529699457706	0.182230373523896	0.174166920075009	0.129291470275201	0.0711253864477219	0.0257234808169885	0.00463420505803051	
2.54262876030956e-06	2.924023074356e-05	0.000118232237354395	0.000447502661814483	0.00137429084494732	0.00367155592988701	0.00885216202901775	0.0203880687145422	0.041322166955361	0.0754391596611947	0.117604208050598	0.158736949163316	0.181757274301969	0.170254421790328	0.124073291274016	0.0673733055763027	0.0243266006642618	0.00422902728558488	
7.63073354241543e-06	3.43383009408694e-05	0.000174235082551819	0.000514438619651174	0.00153632101987297	0.00403411446609029	0.00997909179009378	0.0223567774903535	0.0444445716233368	0.0787211908014051	0.121033608294099	0.160593874555828	0.180591483592651	0.165609810071042	0.119473759179137	0.0642068997092691	0.0227128783889995	0.00397497628113657	
1.90895433208551e-06	8.9084535497324e-06	5.72686299625654e-05	0.00016735166311283	0.000593684797278595	0.00181287029737054	0.00463430480019293	0.0110356649937864	0.0240706414913769	0.0473115241664074	0.0820373124213749	0.124056578861131	0.162616820051147	0.178788208516354	0.161370909190406	0.115680087251939	0.061187713206337	0.0209647727930738	0.00360346946086675	
3.81643944010289e-06	1.20853915603258e-05	6.67876902018006e-05	0.000219445267805916	0.000702224856978932	0.00205388049201537	0.00501798179049529	0.0120599486307251	0.0259212566771788	0.0500405178653891	0.0845086906686784	0.127098882673747	0.163774229619895	0.177330858584381	0.158529805755954	0.111679195189251	0.0580385027853647	0.0196629320686501	0.0032789575522884	
3.1741416644818e-06	2.60279616487508e-05	7.61793999475632e-05	0.000265993071483575	0.000808771296109962	0.00213873665352784	0.00567790460942504	0.013016520137707	0.0278276999725119	0.0527485210086914	0.0872114467166361	0.130187420368721	0.165117579729677	0.17593695900723	0.155334875119745	0.107255516499506	0.0548561510739074	0.0184455720406366	0.00306495119122363	
6.98420236916843e-06	2.66669545004613e-05	9.7778833168358e-05	0.000326352728886598	0.000850802834062336	0.0023778034429578	0.00629594097206129	0.0140433261819334	0.0297444480353121	0.0552698029121584	0.0911508251200172	0.132678892407093	0.165815758011356	0.175386020039581	0.1511063928944	0.102688092506395	0.0522291351716177	0.0171220895717605	0.00278288718036957	
8.24986165616607e-06	3.68070750813563e-05	0.000122478715356927	0.000349032608530103	0.00102425205485016	0.00277512654018571	0.00676805958177009	0.0152476481548233	0.0316090276332289	0.0582573499921309	0.0950688673066867	0.135719108710331	0.16591169855767	0.173208383890178	0.146660963685378	0.09931246922167	0.0494896508658547	0.0159634823046814	0.00246734323993644	
1.39630145132842e-05	3.80809486725933e-05	0.000161209349380645	0.000427775990088798	0.00118622155115128	0.00322101357522352	0.00755906831150978	0.0167004000403658	0.0338749078917054	0.0614087031469461	0.0985534951646715	0.138191954637974	0.166321082057463	0.169972410352687	0.143191983198685	0.0953927764248463	0.0466396418867587	0.0148820347412495	0.0022632777161078	
7.6160447214146e-06	4.25229163612315e-05	0.000173899687805633	0.000488061532563986	0.00132138375916543	0.00353384475073638	0.00808823949414231	0.0177441148601091	0.0358918800904532	0.064633563528285	0.102360910396599	0.140386552349835	0.166423270570778	0.167706574106336	0.139947995107961	0.0913887286346145	0.0437433875278382	0.0139164177172048	0.00220103692448882	
1.26639266150781e-05	6.07868477523746e-05	0.000195024469872202	0.000565444323363235	0.00142912411851156	0.00366177438074982	0.00889640844709233	0.0192719635228258	0.038571154487874	0.0677013516842073	0.105099826567525	0.142300110999317	0.166711729138872	0.165528285196693	0.135658514686039	0.0873614645577852	0.0418080541306879	0.0131654181090351	0.00200090040518233	
1.26256568497976e-06	1.83072024322065e-05	8.39606180511541e-05	0.000234837217406236	0.000639489519442249	0.00159840815718438	0.00408187485953957	0.00985874415116446	0.0208266522565836	0.0410586360755418	0.0702990260568306	0.107088927551456	0.144488016989084	0.166781770571614	0.163684065663516	0.132127498933132	0.0836443453470667	0.0397076907926135	0.0119331395715862	0.00184334590007045	
3.1523028833484e-06	2.71098047967963e-05	7.94380326603797e-05	0.000221922122987727	0.000657570381466476	0.00169530849066477	0.00447437871262472	0.0104940162986668	0.0225553575909345	0.042810794998178	0.0725647514535269	0.110318622166237	0.146114282327812	0.167055030381895	0.162138698805025	0.128069239702372	0.0803793103013475	0.0374411622666823	0.0111351947051399	0.00176465915409843	
3.78386082455372e-06	2.64870257718761e-05	6.74788513712081e-05	0.000233968727651572	0.000710104548074582	0.00193670609870075	0.00489568526350176	0.0114966304719357	0.0238648102204603	0.0441904492830214	0.0763242566920732	0.112536435426523	0.148024004813071	0.167073852134287	0.15950676112865	0.124584248291902	0.0773105830803402	0.0352617990240162	0.0103494899986252	0.0016024650591985	
1.89161189924771e-06	2.1438268191474e-05	7.31423267709113e-05	0.00028878608328515	0.000824112250772251	0.00219994463882508	0.00548945773161684	0.0125552587126068	0.025365885031612	0.0472934501676914	0.0784426233126034	0.115258435170362	0.149396985653385	0.166560210952559	0.156554845080138	0.12122268748869	0.0738926661576129	0.0332406653681802	0.00987232250217378	0.00144519149102525	
5.67910053143761e-06	2.71334803168686e-05	9.0234597332842e-05	0.000328756819653222	0.000974912257896789	0.0022848914471484	0.00610061599310431	0.0132152669366553	0.0270842614455961	0.0497893053702837	0.0812136616442384	0.118013602076784	0.150872246740512	0.165574807005234	0.154530218493928	0.117949869948598	0.0705817544382171	0.0311366151803619	0.00896477569445934	0.00126139132914931	
7.57718308116047e-06	3.09401642480719e-05	0.000107974858906537	0.000412956477923246	0.00100650248594748	0.00264948835071244	0.00652774322441975	0.0144029621734392	0.0287667755676257	0.052176482696871	0.0842456472240358	0.121097908571183	0.152017866997705	0.165241945770101	0.151565130308606	0.113582605818519	0.0670852218409777	0.0296097371854048	0.00838162735161034	0.00108290574868252	
6.30834429933851e-07	6.30834429933851e-06	4.92050855348404e-05	0.000156446938623595	0.000381023995680046	0.00113802531160067	0.00300087938319533	0.00726784346726789	0.015592334604675	0.0306257499044286	0.0550005614426426	0.0876140706357928	0.123181146629893	0.153164707084649	0.163816977268512	0.147714928444451	0.109973366170368	0.0643684527271603	0.0279976936693242	0.00787849119544386	0.00107115686202768	
6.3028136390366e-07	1.19753459141695e-05	5.29436345679075e-05	0.000147485839153456	0.000451281456555021	0.00131413664373913	0.00342368836872468	0.00794217546655002	0.0168467905757809	0.0325483599133489	0.0577583539067675	0.0902588124364598	0.125643438487375	0.154103163193081	0.16218400055969	0.144780671539582	0.106506205435168	0.0613736478101189	0.0261781061683746	0.00748017922680864	0.000993953710876072	
1.88615898811343e-06	1.06882342659761e-05	7.04166022229012e-05	0.000182957421847002	0.000521837320044715	0.00153407597699892	0.00392069581662511	0.00865181127847629	0.0183076878582916	0.0351554886597834	0.0602602647915731	0.0931900858453827	0.12824875167711	0.153834498350868	0.160808256849586	0.14158578188206	0.101906026529455	0.0587714566302889	0.0251292961986352	0.00698381801332131	0.000924217904175579	
1.25497204236033e-06	3.76491612708098e-06	1.69421225718644e-05	8.28281547957815e-05	0.000246602006323804	0.000631250937307244	0.00158502968950109	0.00422235343652132	0.00950327579077357	0.0199126413961313	0.0373228685397961	0.0633754606531753	0.0962343936382957	0.128789623389165	0.154896806786387	0.159304896085177	0.137901975388743	0.0984475368349982	0.0565747671556247	0.0236185738372213	0.00644428143752028	0.00088287283180049	
1.25498542961916e-06	3.76495628885749e-06	3.57670847441461e-05	8.72214873585318e-05	0.000264801925649643	0.000734793969042019	0.00171493758957459	0.00466854579818328	0.0103837494446689	0.0212525507578857	0.0391103659286516	0.0659952912946681	0.0980382067764193	0.132109178712435	0.155695374876698	0.157057034067834	0.134869519164882	0.0949791797917226	0.0540352801503975	0.0220036595375128	0.00614001621441175	0.000819505485541313	
1.25620328886583e-06	6.28101644432915e-06	3.7057997021542e-05	0.000115570702575656	0.000276992825194916	0.000773193124296919	0.00201557817698523	0.00514980538270547	0.0112486723501491	0.0221028968675943	0.0414861136147941	0.0680924992729723	0.101940896891462	0.134908696004457	0.155470231436613	0.154683848177783	0.131070994956972	0.0921312054087089	0.0512543503890148	0.0207813710077074	0.00568243557718458	0.000770052616074754	
3.77265004772402e-06	9.43162511931006e-06	5.72185257238143e-05	0.000135186626710111	0.00033450830423153	0.000855134010817445	0.00230634672917529	0.00562879387120424	0.0120492154774226	0.0237570061255261	0.0429019475677096	0.0708535117712969	0.104884072751784	0.13708929988418	0.154876087309183	0.152828795883284	0.128371334398897	0.0887019191470793	0.049062056320635	0.0193235135444424	0.00527605109174205	0.000694796383789174	
1.88754984704554e-06	3.77509969409109e-06	1.57295820587129e-05	6.10307783878059e-05	0.000130870122728491	0.000377509969409109	0.000972717354510804	0.00269793791471043	0.00621381409647393	0.0129636923495088	0.0247665415430846	0.0451105537945415	0.0736238817840114	0.107171305215552	0.137391607450033	0.154729381978429	0.151926999638849	0.125569253574705	0.0860515099769593	0.0466275146882837	0.018167038094531	0.00483779025797773	0.000587657185713513	
3.14718767309532e-06	2.51775013847626e-06	1.82536885039529e-05	6.04260033234302e-05	0.000142882320358528	0.000415428772848583	0.00115375900095674	0.00287401178307065	0.00652286117125736	0.0138576967621733	0.0265219799587089	0.0476566040586132	0.0765547107105091	0.109802230726623	0.138751951256357	0.154839745203686	0.149841381741276	0.122270758849892	0.0828276851805227	0.0438497658492371	0.0171339191298656	0.00439032680396797	0.000507956090437585	
1.2578885334655e-06	2.64156592027754e-05	5.723392827268e-05	0.000171072840551307	0.000458500370448173	0.00129310941240253	0.00319818159633602	0.00700266546580241	0.0150317679749127	0.0284226203579196	0.050390385706361	0.0793595586320714	0.111577857639723	0.140124380018189	0.154656766245316	0.147696868989651	0.11912833356185	0.079063954826707	0.0416763628907788	0.0160556892411536	0.00412776122256702	0.000479255531250354	
3.14883867680761e-06	3.14883867680761e-06	2.896931582663e-05	7.68316637141056e-05	0.000156812166105019	0.000565531426354646	0.00139997367570866	0.00347190952504807	0.00781478782810112	0.0162517861787394	0.0305002811912938	0.0527940590230917	0.0819592326154191	0.113597504104511	0.140871485187548	0.154228858854566	0.145414629630446	0.115644879012172	0.0764871807628628	0.0395777533287948	0.0148581101803844	0.00383339620514558	0.000459730446813911	
3.76964456021442e-06	8.1675632137979e-06	2.57592378281319e-05	7.79059875777646e-05	0.00018911050210409	0.000601886581447569	0.00159330310078396	0.00376336181928073	0.00852128152836469	0.0170626678277172	0.0326576873733242	0.055238486563102	0.0844155354591616	0.116255209962919	0.141851096526775	0.153449036290368	0.142656543914474	0.112790906612082	0.0729646118334169	0.0378271266135649	0.0139765854810883	0.0036094346664053	0.000460524910439528	
8.78706493829284e-06	2.44782523281015e-05	8.5360059400559e-05	0.00024352722828983	0.000683508122700064	0.0018364965721032	0.00422532294032767	0.00916365343564824	0.0183429980586863	0.034343615663822	0.0577065383922558	0.0872837989745495	0.118009654473777	0.142912196508899	0.151691729677245	0.140082133951273	0.110026605977338	0.0699858339960245	0.0359472550150604	0.0135502817823431	0.00338113705875597	0.000465086794233928	
1.87776148298091e-06	1.12665688978855e-05	2.065537631279e-05	0.000107658325024239	0.000285419745413098	0.000800552312244194	0.00195162010131149	0.00448659810333572	0.00997216531561728	0.0197584322444194	0.0363371883776579	0.0598210994043115	0.0896218000597128	0.11990508541624	0.143097317492537	0.15130250925267	0.137867751762436	0.106343891986152	0.0676613795162511	0.0342340955167193	0.0127631447998212	0.00321973502281793	0.000428755538613974	
4.37506836044313e-06	1.12501757839966e-05	2.4375380865326e-05	0.000120001875029297	0.000353130517664338	0.000869388584196628	0.00214878357474336	0.00495382740355318	0.0107982937233394	0.0211840810012656	0.0380305942280348	0.061702839106861	0.0921451897685901	0.121805653213331	0.143952249253895	0.150231097360896	0.135311489242019	0.103856622759731	0.0647035109923593	0.032213003328177	0.0121670651103923	0.00307567305739152	0.000337505273519899	
3.11996904990702e-06	1.74718266794793e-05	3.74396285988843e-05	0.000126670743426225	0.000346940558349661	0.00099464613311036	0.00246352756180659	0.00547180171972694	0.0114346865679092	0.0223845299454629	0.0395087920727826	0.064328769858603	0.0939784597336794	0.12348775100151	0.145050481099227	0.149422805725767	0.133341237254926	0.100046175541939	0.0623257497285627	0.0306006564414881	0.0114958379612874	0.00281858003968601	0.000313868886420647	
6.23148858422449e-06	1.99407634695184e-05	4.42435689479939e-05	0.000117775134241843	0.000414393990850928	0.0011241605405941	0.00259728444190477	0.00598160589199709	0.0123726205839777	0.0239002513159346	0.0417677985334815	0.0664538405598868	0.095938128796145	0.125164433405016	0.145193060863572	0.148910143804062	0.130483008911652	0.0967700325221389	0.0595960873729477	0.0293652668042995	0.0108602383045864	0.00260164648391372	0.000317805917795449	
6.23343853299764e-07	1.74536278923934e-05	1.3090220919295e-05	3.74006311979859e-05	0.000141499054699046	0.000510518615852507	0.00116378297411066	0.00283247446939413	0.00629078616750122	0.0131351016767326	0.0252784632828653	0.0431896255635808	0.0688053178710813	0.0980582215625859	0.126735778877495	0.146298802369455	0.146977623825698	0.127769282986266	0.0939030114364897	0.0578936837190689	0.0279713087291203	0.0101337010230943	0.00252204923045085	0.000320398740596079	
4.37025554132795e-06	2.18512777066397e-05	8.74051108265589e-06	4.18295887527103e-05	0.000210396588203931	0.000597476364721549	0.00131981717348104	0.00301048174575476	0.00697867377728054	0.0140422553765069	0.0263101870032346	0.0456879000734827	0.0711521304683603	0.100756865827536	0.127848704250448	0.14648347387867	0.14473911759546	0.125356409947451	0.0910698822590725	0.0556327287188846	0.0265249538469799	0.00956149480220536	0.00237929198114297	0.000260966688039297	
