# <P(N_2)> as a function of N_tot.
# number_of_species: 2
# species_total_upper_bound: 100
# species_total_lower_bound: 0
# volume: 512
# Bin widths for each species index 
1	1	1	1	1	1	1	1	1	1	1	1	1	1	1	1	1	1	1	1	1	1	1	1	1	1	1	1	1	1	1	1	1	1	1	1	1	1	1	1	1	1	1	1	1	1	1	1	1	1	1	1	1	1	1	1	1	1	1	1	1	1	1	1	1	1	1	1	1	1	1	1	1	1	1	1	1	1	1	1	1	1	1	1	1	1	1	1	1	1	1	1	1	1	1	1	1	1	1	1	1	
# Bin lower bound for each species index 
0	0	0	0	0	1	2	2	3	3	4	5	5	7	7	8	9	9	10	11	12	13	14	14	14	15	16	16	17	18	19	21	22	23	24	25	25	26	27	28	29	29	29	30	30	30	31	31	32	35	36	37	37	37	38	39	41	42	42	44	44	45	47	48	49	50	51	51	52	53	54	54	55	55	56	57	58	59	59	60	62	62	63	64	66	67	68	68	69	70	70	71	72	74	75	75	77	77	78	79	80	
# Bin upper bound for each species index 
0	1	2	3	4	5	6	7	8	9	10	11	12	13	14	15	16	17	18	19	20	21	22	23	24	25	26	27	28	29	30	31	32	33	34	35	36	37	38	39	40	41	42	43	44	45	46	47	48	49	50	51	52	53	54	55	56	57	58	59	60	61	62	63	64	65	66	67	68	69	70	71	72	73	74	75	76	77	78	79	80	81	82	83	84	85	86	87	88	89	90	91	92	93	94	95	96	97	98	99	100	
# Normalized histogram for each species index 
1	
0.0780626418625067	0.921937358137493	
0.00546280133844432	0.145779087097466	0.848758111564089	
0.000444364933258695	0.0159798246778354	0.20005655553696	0.783519254851946	
8.72133587608726e-05	0.00191287966882181	0.0309665565840272	0.250563979719987	0.716469370668403	
0.00020523766521632	0.00404611397140746	0.0495209166500522	0.287016078905086	0.659211652808238	
0.000490892196567261	0.0075562334543032	0.0669425013294997	0.314989159463992	0.610021213555637	
2.92103848760311e-05	0.000998995162760265	0.0118243637978174	0.0863108452316968	0.341533662047531	0.559302923375318	
0.000151346694529981	0.00215377988369589	0.0180277197292058	0.106501504735405	0.355420249023523	0.51774539993364	
4.70328171481651e-05	0.000293955107176032	0.00312180323820946	0.0252272272978471	0.127382506143662	0.372541065528472	0.471386409867485	
0.000125127361778954	0.000542218567708799	0.00524343230311806	0.0324914049419349	0.146118966328823	0.382264090234703	0.433214760261933	
0.000217134309633526	0.000934883833144346	0.00761779536297619	0.0434147989095032	0.164955728726869	0.383350623657989	0.399509035199884	
3.61363061467857e-05	0.00012647707151375	0.0015960201881497	0.0096724846119563	0.052662643491249	0.179705850467965	0.383556776159674	0.372643611703345	
0.000150531677886294	0.00205927335348451	0.0133190428593793	0.0618986259468443	0.194884331458712	0.38524669131372	0.342441503389973	
5.9853359269789e-06	0.000197516085590304	0.0030345653149783	0.0169684273529852	0.0713691455932964	0.211725273080952	0.381439473290438	0.315259613945833	
4.7197083220257e-05	0.000648959894278534	0.00384066264704841	0.0210793972932473	0.0827010890726953	0.226953074300008	0.374980826184942	0.28974879352456	
0.000286923883192702	0.000995450206995087	0.00518219666582737	0.0261920516228766	0.0946673146852328	0.239897644296363	0.367725162053438	0.265053256586074	
5.85483521566286e-06	0.000158080550822897	0.00137003144046511	0.0067623346740906	0.0312823845572866	0.107740677638628	0.250885543826369	0.358948237401858	0.242846855075264	
1.75922125139272e-05	0.000216970621005102	0.00171817275552689	0.00845012607752302	0.0372778983170117	0.119574268457163	0.258505834750484	0.351861842491057	0.222377294317715	
2.34728008919664e-05	0.000264069010034622	0.00220644328384484	0.0116307728419694	0.0453259785223872	0.131735226805939	0.265230913678775	0.339381491696497	0.204201631359662	
5.9519912386689e-05	0.000571391158912214	0.00309503544410783	0.0147668902631375	0.0537643368588961	0.141669295462797	0.27316068590747	0.327347614144312	0.18556523084798	
6.00074409226744e-05	0.000642079617872616	0.00413451267957227	0.0177862054894807	0.0612976009025119	0.150792698294589	0.27512811588637	0.318075441354728	0.172083338333953	
0.00015630448112924	0.00090175662189946	0.00541053973139676	0.0206201680874343	0.066838200815188	0.160260186843972	0.27759675848553	0.308238448497673	0.159977636435777	
7.21188518678783e-05	0.000342564546372422	0.00145439684600221	0.00658685513726621	0.0238653300639454	0.0738076349824511	0.170446896485408	0.280289917784509	0.292490023558825	0.150644261743353	
5.97871577185221e-06	4.78297261748177e-05	0.000579935429869664	0.00166208298457491	0.00810713858663159	0.0276455817290446	0.0823807246203516	0.178942963051537	0.278572282673682	0.283743871816334	0.138311610666029	
2.37343649870648e-05	0.000106804642441791	0.000599292715923385	0.00235563572496618	0.00972515605344979	0.0330501032444877	0.0910746920466143	0.186854721951914	0.278065886597204	0.271497401087034	0.126646571570978	
1.1840134503928e-05	0.00011840134503928	0.00058016659069247	0.00300147409674574	0.0112658879804875	0.036645216289657	0.0976988698591616	0.192514666966617	0.281830721596997	0.261323608636194	0.115009146503904	
2.37659528958814e-05	2.97074411198517e-05	8.91223233595551e-05	0.000594148822397034	0.0037253131164294	0.0139565558381063	0.0416320079853602	0.104706846971029	0.200471754164983	0.279529196473133	0.247908596145162	0.107332984766024	
2.3832079170167e-05	1.19160395850835e-05	0.000190656633361336	0.000959241186599222	0.00412890771623143	0.0163547643305271	0.0470028181433619	0.113434738830202	0.20590320601045	0.275367758771695	0.238201631305819	0.0984205289529972	
2.37675062538251e-05	2.37675062538251e-05	0.000344628840680464	0.0012775034611431	0.00462277996636898	0.0194477619921924	0.0523241650177959	0.117750167858013	0.2123507846248	0.273148065622085	0.227157941020933	0.0915286665834804	
1.18130002067275e-05	1.18130002067275e-05	0.000301231505271551	0.00131714952305012	0.00571749210005611	0.0213815303741768	0.0570449779982871	0.124562180679838	0.217235167301615	0.268686689702017	0.217902601813296	0.0858273530019787	
8.26519467485315e-05	0.000460489417598961	0.00164123151400655	0.00697228207928683	0.0234318269032087	0.0614458186970511	0.132567818874162	0.222469522094636	0.26567287540219	0.208932313959323	0.0763231691117868	
9.49447836742445e-05	0.000486592016330503	0.00208878524083338	0.00831953666945567	0.0261750900491933	0.0665918976495232	0.140963333511355	0.224971664916122	0.264474628973588	0.195900758964865	0.0699327672250607	
8.9675375141986e-05	0.000663597776050697	0.00239134333711963	0.00979255096550487	0.0298140730555389	0.0725354217731811	0.145650744305614	0.232085849225803	0.257912357266695	0.185705745202367	0.0633586417169845	
0.000126675433410947	0.000832438562414796	0.00299195309389666	0.0111655346306506	0.0336775687968247	0.0795280435280918	0.156009844490825	0.232395130837626	0.249954758773782	0.175572150707573	0.0577459011449046	
0.000187441424554827	0.0010279045862684	0.00371859600326511	0.0129878767723796	0.0365994497687215	0.0856607310215558	0.163104271850531	0.231338996886054	0.246340357348006	0.164948453608247	0.0540859207304169	
2.41394293438903e-05	0.000193115434751122	0.00164751605272051	0.00461666586201902	0.0155699319268092	0.0417913870516101	0.0923695263843963	0.167213827065128	0.231829044561387	0.23675348814754	0.157702891903635	0.0502884661806595	
5.48991380835321e-05	0.000335494732732696	0.00159207500442243	0.00523371783063006	0.0179459182490835	0.0460664767563149	0.0984524542964675	0.171742803637983	0.232650347389546	0.230173786271556	0.150490737295424	0.0452612893977565	
4.88522768214266e-05	0.000384711679968735	0.00224109819918295	0.00608821499887029	0.019876770131718	0.0495178890931185	0.104018710422023	0.178390195348042	0.231498726787535	0.226363131186683	0.140602959226668	0.0409687406493689	
4.89039404350005e-05	0.000556282322448131	0.00217622534935752	0.00735393004291321	0.0221595980096096	0.0573582091377013	0.109392001760542	0.179416331470908	0.23476336605822	0.215067304048024	0.133611678260976	0.0380961695988654	
6.76327908363717e-05	0.000707070086016613	0.00244092890563996	0.00903205179442091	0.0248150858014178	0.0610416679475907	0.116254619012192	0.185264659407414	0.230099051296398	0.209507940704488	0.125495717614653	0.0352735746389331	
1.85534493954668e-05	0.000142243112031912	0.00090293453724605	0.00343857262129318	0.0104765144253069	0.0267788119607904	0.0652524815238566	0.121871424595689	0.18920807693497	0.226772627477659	0.203778719193543	0.118698784749065	0.0326602554191533	
6.2182094044199e-06	4.35274658309393e-05	0.000198982700941437	0.0014053153253989	0.00350707010409283	0.0118643435436332	0.030624681316768	0.0692708527652377	0.125620266388091	0.190420226591551	0.228307776492681	0.19760847666306	0.110441617231902	0.0306806452014078	
2.48487333358182e-05	0.000105607116677227	0.000378943183371228	0.00122380011678905	0.00407519226707419	0.0130083119013008	0.0334712438033471	0.0714463205238113	0.129921602246325	0.194261185036093	0.227676519189434	0.191707977685837	0.104203163243754	0.0284952849528495	
1.23937238182584e-05	4.33780333639045e-05	0.000210693304910393	0.00047715836700295	0.00140668765337233	0.0049636863892125	0.0144510819720893	0.0359851771063134	0.0751245569243735	0.134521478323377	0.197469201596312	0.222275239818556	0.185366730287782	0.0998314453560717	0.027861091143445	
1.24016394967415e-05	6.20081974837073e-06	4.96065579869659e-05	0.000173622952954381	0.000651086073578927	0.00150679919885409	0.00556213531428855	0.0163453608567053	0.0389969553975036	0.0765181156948949	0.138520112358854	0.202022707401919	0.218944744495222	0.179532334174578	0.0967389888943318	0.024418828169084	
1.85141756871845e-05	1.23427837914563e-05	6.78853108530098e-05	0.00016662758118466	0.000623310581468544	0.00192547427146719	0.00583813673335884	0.0173601254026833	0.0408361001740333	0.0833446475518088	0.145373307495773	0.201218232760217	0.218294474135697	0.173946851972994	0.088608844838865	0.0223651242301189	
4.30202686923067e-05	6.14575267032953e-06	3.07287633516477e-05	2.45830106813181e-05	0.000190518332780216	0.000676032793736249	0.00246444682080214	0.00661897562594491	0.0201642145113512	0.0460808535221309	0.0871344813599322	0.152230293644063	0.203934510859545	0.216023206362083	0.161067885983996	0.0829492237914377	0.0203608785968017	
6.16709116810874e-06	6.16709116810874e-06	1.23341823362175e-05	6.78380028491961e-05	0.000228182373220023	0.00078322057834981	0.00263334792878243	0.00856608963250304	0.0222755332992088	0.0491270482451542	0.0950040394447151	0.156570110575945	0.204087548026222	0.207423944348169	0.156884632225518	0.0777916879945236	0.0185321089601668	
6.17082065743923e-06	6.78790272318316e-05	0.000209807902352934	0.000833060788754296	0.00310392279069193	0.00954625955705849	0.024782015760276	0.0520508722454999	0.101158263037401	0.162385145600513	0.203766668929301	0.200668916959266	0.15157386780868	0.0718345232732501	0.0180126254990651	
1.86018825105101e-05	0.000136413805077074	0.000241824472636631	0.000917692870518496	0.00355295955950742	0.0100512171831789	0.0262596574773367	0.0576348326450637	0.104585984101591	0.165054503515756	0.201632005158922	0.200801121073453	0.143594131726131	0.0682689088135719	0.0172501457147463	
2.49452763001166e-05	6.23631907502916e-05	0.000386651782651808	0.00112877375258028	0.00357964714906673	0.0116806256275296	0.0298532594121646	0.0610785090208355	0.109179238046535	0.166023286415426	0.203946342710678	0.194292520782533	0.138284139169696	0.0659615468565834	0.0145181508066679	
6.24992187597655e-06	2.49996875039062e-05	9.99987500156248e-05	0.000349995625054687	0.00134373320333496	0.00479994000074999	0.0135685803927451	0.0317871026612167	0.0656366795415057	0.114286071424107	0.170360370495369	0.202891213859827	0.190516368545393	0.131948350645617	0.0593367582905214	0.0130435869551631	
6.28756822011519e-06	1.88627046603456e-05	5.65881139810367e-05	9.43135233017278e-05	0.000320665979225875	0.00181710721561329	0.00602977792309047	0.014354518246523	0.0348331279394381	0.0695467920826941	0.118640124745353	0.172776087120545	0.201258771157667	0.184213173712935	0.126556173134479	0.0575563994869344	0.0119212293453384	
1.25954895551903e-05	2.51909791103806e-05	5.66797029983563e-05	0.000107061661219117	0.000623476732981919	0.00248760918715008	0.00631034026715033	0.0161033333963108	0.0377801709207933	0.0745841914010593	0.123026444230321	0.173666609986964	0.199115796633226	0.177816823795399	0.123272056276647	0.0535560215886691	0.0114555977504456	
6.38378009154341e-06	3.83026805492604e-05	0.000121291821739325	9.57567013731511e-05	0.00100225347437231	0.0023236959533218	0.00665828263547977	0.0177086059739414	0.0417818406991516	0.0780544791793012	0.128818298467254	0.174526163922705	0.198044009779951	0.174392104540783	0.116874245915977	0.0496658091122077	0.00988847536180074	
3.20664930800508e-05	0.000185985659864295	0.000314251632184498	0.00103895437579365	0.0029052242730526	0.00768954504059618	0.0210292061618973	0.0446557982632787	0.0829560175980914	0.130452907148263	0.175339584161718	0.196670215358568	0.170895168220823	0.110982132550056	0.0461693367366571	0.00868360632607776	
3.885733529347e-05	0.000181334231369527	0.0003885733529347	0.00113333894605954	0.0034971601764123	0.00935166536062845	0.0232884962858864	0.0470368043727455	0.0861920459034654	0.13263951402426	0.176101443550006	0.193982294007551	0.167753592684459	0.105452331763929	0.0441807902286754	0.00878175777632422	
1.96341503321444e-05	1.96341503321444e-05	0.000143983769102392	0.000340325272423836	0.00136130108969534	0.00376321214699434	0.0105435387283615	0.0253804116626853	0.0490133839458097	0.0890343270394974	0.136902385549265	0.176798979024183	0.194378088288229	0.163807716221081	0.10074937007101	0.0394057397166138	0.00833796917438398	
3.30698766493601e-05	0.000264559013194881	0.000370382618472833	0.00136247891795364	0.00413373458117001	0.0112173021594629	0.0254505770693475	0.0533086411587685	0.0940176593141308	0.137841859849863	0.180085320281755	0.191964019974206	0.158596514435001	0.0953338404047753	0.0379576044181355	0.00806243592711399	
2.64049060315407e-05	0.000105619624126163	0.000158429436189244	0.000633717744756976	0.0014258649257032	0.00401354571679418	0.0121660604540324	0.0277713599186729	0.0572788424089196	0.0961930726729026	0.141979179731594	0.181672354723508	0.189917286631856	0.152310099216434	0.0915590116643672	0.0361153102246397	0.0066738399994719	
1.32213922126e-05	9.91604415944999e-05	0.000132213922126	0.000700733787267799	0.0016857275071065	0.0049844648641502	0.013287499173663	0.0308388973358895	0.0596945858398889	0.0989621207113109	0.146777285648179	0.182660144113175	0.185390361605077	0.147087988365175	0.0881073577047663	0.0334302902095591	0.00614794737885899	
7.95444753047548e-05	0.000232004719638868	0.000742415102844378	0.002107928595576	0.00581337540352249	0.0148947030008153	0.0325867200498479	0.0622568093385214	0.103288501183224	0.149291722734474	0.180022405027211	0.183661564772403	0.143398802855647	0.0846883513744622	0.031300751032421	0.0056344003340868	
9.95929966204777e-05	0.000318697589185528	0.000969371833772649	0.002503103981728	0.00644034711479089	0.016061030588329	0.0347181186218985	0.0637262387708896	0.105727925212299	0.151361436263802	0.182700032533712	0.181518195640483	0.139702416126098	0.0801458041470524	0.0287425388246698	0.00526514975466925	
8.62332011090916e-05	0.000358199450760842	0.00105469838279581	0.00232829642994547	0.00723032224683922	0.0181686721413694	0.0363373442827388	0.0680711622908845	0.110113164493148	0.152619499316768	0.183086352600926	0.176114729957414	0.135087626198973	0.0774506812422888	0.0269578253313345	0.00493519243270494	
5.92237737388626e-05	0.000269797191477041	0.00103970625008226	0.00286906281668268	0.00807417448639827	0.0191885026913915	0.0376794809365253	0.0704104865562034	0.113768869352355	0.156502112314597	0.18296197833726	0.17316373399313	0.130423910611584	0.0738125633365358	0.0252095863548425	0.00456681099719674	
0.000104605929848648	0.000444575201856755	0.0012748847700304	0.00309895067176621	0.00834886077604524	0.0200385734366317	0.0403517374391161	0.0741329149096139	0.117511686443725	0.162812591938806	0.182471968879736	0.169507371449119	0.126337811774705	0.0663986139714295	0.0230067666960871	0.00415808571148377	
3.91236306729264e-05	0.000169535732916015	0.00054773082942097	0.00130412102243088	0.0038471570161711	0.0100678142931664	0.0217331768388106	0.0423448095983307	0.0776995305164319	0.123604590505999	0.161997913406364	0.180425143453312	0.166451486697966	0.121746218049035	0.0628129890453834	0.0211463223787167	0.0040623369848722	
4.57148828066326e-05	0.000104491160700874	0.000620416266661442	0.0015412446203379	0.00437556735434912	0.0113111681458697	0.0230990772124371	0.0447744623603247	0.0837300732091195	0.125990217015079	0.159871475872338	0.179515814084102	0.164233981831599	0.116801525570946	0.061212228078081	0.0194157637977312	0.00335677853751559	
3.25537788426481e-05	0.000110682848065003	0.000716183134538257	0.00152351684983593	0.00464216886296161	0.0120123443929371	0.0239856242512631	0.0493450179696859	0.0865539871868326	0.128047033699672	0.162052711078702	0.177730610969321	0.1600669305693	0.113228553570498	0.0576657638418668	0.0188746809729673	0.00341163602270952	
7.1029606431408e-05	0.000148516449811126	0.00071675330126239	0.0018403125302683	0.0053917928518387	0.0130759048203274	0.028011493881768	0.0530591160042618	0.0882704290833952	0.129486972524457	0.163962160591483	0.174461627869435	0.154786426887935	0.109430794563006	0.0555838956510509	0.0186097568850289	0.0030930164982404	
5.18010580366104e-05	7.77015870549156e-05	0.000259005290183052	0.000725214812512546	0.00217564443753764	0.00639743066752138	0.0142517660923224	0.0302777184223988	0.0560357945311033	0.0922835848922214	0.130318511755603	0.164494259795256	0.174038604738502	0.152994424911129	0.104476258927589	0.0515032019528999	0.0168806697876804	0.0027584063404495	
4.53599963712003e-05	0.000161999987040001	0.000278639977708802	0.000926639925868806	0.00276047977916162	0.00694655944427524	0.0156038387516929	0.031998237440141	0.0601214351902852	0.0951328723893702	0.132250309419975	0.165738946740884	0.173262226139022	0.150763667938907	0.0987551920995846	0.0474271162058307	0.0154353587651713	0.00239111980871042	
6.46567052236152e-06	7.11223757459767e-05	0.000239229809327376	0.000471993948132391	0.00110562965932382	0.00295481142871922	0.00689240477683738	0.0169141940864977	0.033479241964788	0.0626329503501161	0.0987113918648933	0.136264006258769	0.167519057563865	0.171495444935117	0.145354739013209	0.0944375836496124	0.0449946011651138	0.0139593826577785	0.00249574882163155	
1.29037253054957e-05	8.3874214485722e-05	0.000161296566318696	0.000464534110997845	0.00138069860768804	0.00314850897454095	0.00741964205066003	0.0185168458133863	0.0350142586164626	0.06527349445785	0.101416829038543	0.139224744183646	0.168703304644051	0.17025175168071	0.139082803205285	0.0893905570538214	0.0437758880988941	0.014303779501142	0.00237428545621121	
3.86725019175116e-05	9.0235837807527e-05	0.000161135424656298	0.000663877949583948	0.00125041089533287	0.00344829808764478	0.00840482375007251	0.0199872380743672	0.0377314710375188	0.0665618212170236	0.104596226852896	0.14158002952001	0.17033303469568	0.166304649079272	0.134586752089926	0.0863363605308445	0.0415536033103662	0.0141541357018092	0.00221722344327066	
4.53497110575553e-05	0.000103656482417269	0.000310969447251807	0.00066728860556117	0.00140584104278421	0.00377698307807925	0.010287905879914	0.021560548342792	0.0395773406929436	0.070240223898002	0.107187281349607	0.146531394957112	0.16494337764648	0.163978076653969	0.129816787167327	0.0839876648785923	0.0402705434191091	0.0131190235559356	0.00218974319106481	
5.20213547661315e-05	7.80320321491972e-05	0.000305625459251023	0.000500705539624016	0.00161266199775008	0.00459088455811111	0.0108334471300469	0.0232210322337319	0.0421633080379496	0.0724332338424923	0.110714448281019	0.14567279868386	0.165525448196485	0.160999590331831	0.126379378734971	0.0811598161045109	0.0391850854775886	0.0124786224745258	0.00209385952933679	
6.53898214203977e-06	3.92338928522386e-05	6.53898214203977e-05	0.000313871142817909	0.000627742285635818	0.00185707092833929	0.00576738224927908	0.011672083123541	0.0243250135683879	0.0438504142445187	0.0760091284190703	0.112771286021618	0.147120559213753	0.166240542997077	0.157262520516056	0.124227582734472	0.0775915620974439	0.0373833609060414	0.0112535882664504	0.00161512858908382	
6.55522779416585e-06	5.24418223533268e-05	0.000111438872500819	0.000399868895444117	0.000793182563094067	0.00260242543428384	0.00590626024254343	0.0124811537200918	0.025257292690921	0.0460045886594559	0.078302196001311	0.114821370042609	0.150042608980662	0.166378236643723	0.154978695509669	0.120766961651917	0.074585381842019	0.0341986234021632	0.0109013438216978	0.00140937397574566	
3.96948786990665e-05	7.9389757398133e-05	0.000357253908291599	0.00120407798720502	0.00240154016129352	0.00629163827380204	0.0129934569608278	0.0260332246134711	0.049823688580445	0.0813943487724359	0.116855107076935	0.150397279577646	0.164866062863456	0.155292981283865	0.118522291982296	0.0694858851627159	0.0327945856185454	0.0101817363863106	0.000985756154360152	
6.66160384774238e-06	5.99544346296814e-05	0.000113247265411621	0.00041968104240777	0.00128568954261428	0.00292444408915891	0.00633518525920301	0.0135430406224603	0.028884714283811	0.0522203125624525	0.0849154642471722	0.120008793317079	0.149253234208668	0.164468337396912	0.152737253021037	0.114393061273432	0.0676552486776716	0.0309298266650679	0.00867340820976058	0.00117244227720266	
6.68811321638053e-06	5.35049057310442e-05	0.000133762264327611	0.000521672830877681	0.00113029113356831	0.00294276981520743	0.00696901397146851	0.0152890268126459	0.0305513011724262	0.0564944923387663	0.0874537684173918	0.120620121857423	0.150897210387977	0.163276907951498	0.147760485289495	0.113657795999171	0.0647342478213471	0.0286719413586233	0.00775821133100141	0.00107678622783726	
2.67830838042692e-05	2.00873128532019e-05	0.000140611189972413	0.000555748988938586	0.00116506414548571	0.00338806010124006	0.00743900152663578	0.0165787288748427	0.0328025818892787	0.0582465115033345	0.0907611752417173	0.124019069555669	0.150527626750944	0.162640276401425	0.146503468409353	0.107976002356911	0.0630473792752498	0.0266223853014436	0.00654846399014383	0.000990974100757961	
2.00983479158013e-05	0.000127289536800075	0.000442163654147629	0.00123939812147441	0.00329612905819142	0.00819342650034167	0.0174922621360524	0.0346093551110099	0.0622914796403736	0.0936449023890236	0.126184127664706	0.151668832821942	0.1611552530382	0.143106936609811	0.10521485133922	0.058265110607908	0.0254177106641834	0.00650516527541436	0.00112550748328487	
2.68021066455823e-05	0.000174213693196285	0.000589646346202812	0.00134010533227912	0.00367858913710618	0.00883129413971938	0.0185738599053886	0.0371477198107771	0.0653971402152209	0.0963870760241755	0.126492542313826	0.15325444579944	0.159559641387813	0.141816646788438	0.0992884040685598	0.0568204660886346	0.0236059554280966	0.00612428136851556	0.000891170045965613	
9.33283558210229e-05	0.000159991467121754	0.000933283558210229	0.00157324942669724	0.00448642739053917	0.00913951255933017	0.0191389792544398	0.0402711855367714	0.0667231081009013	0.0963215295184257	0.130179723748067	0.15508506213002	0.159091515119194	0.136799370700229	0.0956682310276785	0.0557836915364514	0.0217255079729081	0.00607300943949656	0.000753293157698256	
6.68632446058077e-06	9.36085424481308e-05	0.000267452978423231	0.000942771748941889	0.00189891614680494	0.00447983738858912	0.00966173884553922	0.0215433374119913	0.0424381013513062	0.0677324667856832	0.10143154206701	0.133967196892196	0.155584083873254	0.156780935951698	0.131660414953296	0.0935884834747491	0.0516184248356836	0.0199386195414519	0.0055295903289003	0.000835790557572597	
2.00729316516677e-05	0.000127128567127229	0.00023418420260279	0.00064902479007059	0.00196714730186344	0.0045632464621458	0.0110668763172861	0.0241544277541735	0.0432370947776923	0.071847713358536	0.106212572346191	0.136241678097086	0.154889431601485	0.152152821919641	0.129363353517781	0.0883142082901208	0.0492455923187582	0.0191897226589943	0.00580107724733197	0.000722625539460038	
4.66921917314799e-05	8.00437572539655e-05	0.000273482837284382	0.000667031310449712	0.00210114862791659	0.00616336930855534	0.0134073293400392	0.0256673648261049	0.0453314478581625	0.0745407489427554	0.106478208087088	0.134666951266692	0.155224856254753	0.15087581211062	0.125068370709321	0.0883149455035419	0.0473525527288251	0.0180898891393962	0.00504942702010432	0.000600328179404741	
1.98986495449842e-05	5.96959486349526e-05	4.64301822716298e-05	0.000311745509538086	0.0007561486827094	0.00274601363720782	0.00692473004165451	0.0154745164628161	0.0273009471757183	0.0456408691730121	0.0765368390331909	0.109223687352418	0.136710355257223	0.155832957469953	0.150115412167361	0.12224403703802	0.0836207582712053	0.04411530604123	0.0172255976227747	0.00457668939534637	0.00051736488816959	
6.54634484835392e-06	2.61853793934157e-05	3.27317242417696e-05	0.000261853793934157	0.0010932395896751	0.00314879187205824	0.00749556485136524	0.0149583979784887	0.0273833605006645	0.0480043467729793	0.0795642752868936	0.11008333496992	0.140150696858409	0.156680217600503	0.14849728654006	0.120203984105475	0.0795577289420452	0.0421126364094608	0.0161171010166474	0.00405218746113108	0.000569532001806791	
6.50901824477814e-06	1.95270547343344e-05	6.50901824477814e-05	0.000540248514316586	0.00159470946997064	0.00352788788866975	0.00763507840112476	0.0157583331706079	0.0295249067583136	0.0515709515533772	0.0817923232638821	0.115469983662364	0.140171707901297	0.156619997005852	0.145736918500583	0.115515546790078	0.0771123391458866	0.0386049872097791	0.0141961687918611	0.00395748309282511	0.000579302623785254	
5.15394179911223e-05	7.08666997377932e-05	0.000676454861133481	0.0015912795304759	0.00359487440488078	0.00899362843945085	0.0165699228841458	0.0320768452722248	0.0537234008284961	0.0847308031774051	0.115132617364918	0.14171407219384	0.154682678245856	0.144220176393658	0.114088944150598	0.0728831794666959	0.0364963503649635	0.0146049825732343	0.00365929867736969	0.00043808505292454	
5.74521870132523e-05	0.000134055103030922	0.000529836835788882	0.00167249699971912	0.00463447641906902	0.00886040395271047	0.0183080969282231	0.0339031739141537	0.0565138012920358	0.0862484998595613	0.117655695426806	0.144268825166611	0.152746214539233	0.141881367617394	0.109746444347982	0.0690894466716033	0.0359267676122871	0.0142736766846258	0.00301304803002834	0.000536220412123688	
6.34111388006417e-06	3.8046683280385e-05	0.000126822277601283	0.000627770274126353	0.00190867527789932	0.0049207043709298	0.00916925067057279	0.0194291729285166	0.0357194944864015	0.0589787001984769	0.089130696698182	0.119935827927534	0.144621784262624	0.153334474733832	0.138274329268679	0.10573807395007	0.0667846113848359	0.0347049162655912	0.0125744288241673	0.00332274367315363	0.00065313472964661	
3.80548878332181e-05	0.000196616920471627	0.000691330462303462	0.0024608827465481	0.00475686097915226	0.0104143543036907	0.0201246931824668	0.0380168329453849	0.0615791509954524	0.091160483804474	0.123044137327405	0.145255506859394	0.149809408436769	0.13468893300437	0.105126627639265	0.0648582138304147	0.0323085997704022	0.0117589603404644	0.00338054253585088	0.00032980902788789	
3.81545896791835e-05	8.26682776382309e-05	0.000152618358716734	0.000896632857460812	0.00260723029474421	0.0056913929604782	0.0110966264983625	0.0221741757018855	0.0399414962958253	0.0641887380369464	0.0931671488982862	0.124606530793933	0.142660010810467	0.149496041461321	0.133388445518425	0.100848939620362	0.0649709071253696	0.0297923754411624	0.0112683221519189	0.00255635750850529	0.000375186798511971	
1.89390352455446e-05	5.05040939881189e-05	0.000385093716659407	0.00124997632620594	0.00258202180514258	0.00634457680725744	0.0130237432371862	0.023774802244907	0.0416532515167011	0.0658005214547704	0.0952380952380952	0.124284262293012	0.143816720642917	0.149208032676149	0.131253827263373	0.0993289268511329	0.0603965833980417	0.0283075446803406	0.010384904326307	0.00255676975814852	0.000340902634419803	
3.12930279133809e-05	0.000118913506070847	0.000569533108023532	0.00107022155463763	0.00284766554011766	0.00648391538365252	0.0133621229190136	0.0251470772311929	0.0437288772061585	0.0666040806108399	0.0986043309550632	0.125197146075854	0.145762924020528	0.147884591313055	0.129740893728877	0.0957942170484416	0.0563524846664163	0.0269245212166729	0.0104205782951558	0.0028914757791964	0.000463136813118037	
2.5077269336142e-05	0.000275849962697562	0.000808741936090579	0.00122878619747096	0.00263311328029491	0.00722852288614293	0.0145134696282922	0.0258358567335603	0.0441171860796078	0.0698464644184895	0.0994125649658009	0.126220165886137	0.148714476480656	0.147955889083238	0.128119769038349	0.0906794059194894	0.0515964816591121	0.0262935168989449	0.0109963826038983	0.00295284846433072	0.000545430608061088	
