# <P(N_1)> as a function of N_tot.
# number_of_species: 2
# species_total_upper_bound: 100
# species_total_lower_bound: 0
# volume: 512
# Bin widths for each species index 
1	1	1	1	1	1	1	1	1	1	1	1	1	1	1	1	1	1	1	1	1	1	1	1	1	1	1	1	1	1	1	1	1	1	1	1	1	1	1	1	1	1	1	1	1	1	1	1	1	1	1	1	1	1	1	1	1	1	1	1	1	1	1	1	1	1	1	1	1	1	1	1	1	1	1	1	1	1	1	1	1	1	1	1	1	1	1	1	1	1	1	1	1	1	1	1	1	1	1	1	1	
# Bin lower bound for each species index 
0	0	0	0	0	0	0	0	0	0	0	0	0	0	0	0	0	0	0	0	0	0	0	0	0	0	0	0	0	0	0	0	0	0	0	0	0	0	0	0	0	0	0	0	0	0	0	0	0	0	0	0	0	0	0	0	0	0	0	0	0	0	0	0	0	0	0	0	0	0	0	0	0	0	0	0	0	0	0	0	0	0	0	0	0	0	0	0	0	0	0	0	0	0	0	0	0	0	0	0	0	
# Bin upper bound for each species index 
0	1	2	3	4	5	6	6	6	7	7	7	8	9	9	8	8	8	9	9	9	10	10	10	11	10	11	11	11	11	11	11	12	12	12	12	12	12	12	13	13	13	13	13	14	15	15	16	16	15	15	15	15	16	16	16	17	17	17	17	17	17	18	19	19	19	17	17	18	18	18	18	18	18	18	18	19	19	19	19	19	19	20	20	20	21	21	21	21	22	22	21	22	22	21	22	21	21	22	23	23	
# Normalized histogram for each species index 
1	
0.921037539958016	0.0789624600419839	
0.847706700426589	0.146007430213081	0.00628586936033058	
0.780364247328895	0.202056952825353	0.0171343675795684	0.000444432266183516	
0.718579055430464	0.247900889532007	0.0316184171882313	0.00184196021580505	5.96776334935018e-05	
0.661034121603738	0.285227418167052	0.0494773640573623	0.00408687302281854	0.000172212881925621	2.01026710419013e-06	
0.608462647151935	0.315304201936602	0.067851852247636	0.00785967986898753	0.000508261079223276	1.26898298360608e-05	6.67885780845303e-07	
0.559880233496389	0.339422939551318	0.087315656773991	0.0122382371465309	0.00107854243843153	5.76832398663627e-05	6.70735347283287e-06	
0.515854242044654	0.356338739939895	0.107680759326262	0.0180430037579231	0.00193541103291812	0.000133731526232884	1.41123721150279e-05	
0.474551390241591	0.369037944887727	0.127477293090365	0.0254334863819036	0.00319540141810221	0.000276253677501054	2.55417025426765e-05	2.68860026765016e-06	
0.436554282405849	0.377650836822901	0.146561822563923	0.0335907309913961	0.00500747283523408	0.000585035479136652	4.37598459653422e-05	6.05905559520123e-06	
0.40277572665411	0.381167110720892	0.164618352757755	0.0431551923998956	0.00722624916803052	0.000952170943006635	9.64309099503887e-05	8.76644635912624e-06	
0.370996195856215	0.384225923349261	0.180957885288984	0.0523867066234086	0.00992885564842014	0.00135910336855788	0.000112361516113449	2.82585848908075e-05	4.70976414846791e-06	
0.341042305614625	0.383136012076747	0.19727909919522	0.0631035598553105	0.0131732877315938	0.0020107730073401	0.000219980854265711	2.55635243489206e-05	8.74541622463073e-06	6.72724324971594e-07	
0.314079361503209	0.37911893702588	0.212733780241514	0.0734120211914883	0.0173175795726356	0.0029416883307858	0.000363579456613976	2.90054111955491e-05	2.69817778563247e-06	1.34908889281624e-06	
0.289532370490759	0.373112161977395	0.226473882620137	0.0848231394738739	0.0213975743264132	0.00405603552499796	0.000553646828553359	4.98416852955578e-05	1.34707257555562e-06	
0.265755658153876	0.367297727052594	0.237646498563265	0.0961906337778065	0.0266226498348024	0.00551152078692194	0.000869036472626696	0.000104257471561252	2.01788654634682e-06	
0.244459502926534	0.358625975567575	0.248094623493834	0.108122966936688	0.0320189386955287	0.00720496777380156	0.00129604631851516	0.000166884468843073	1.00938186800246e-05	
0.225172449815166	0.350509683137154	0.256845929106024	0.118334102772339	0.0379891694439483	0.00912341240021162	0.00175027716653244	0.000252735439911307	2.15667575390982e-05	6.73961173096818e-07	
0.208289989381994	0.339595061449099	0.264467790141885	0.129388175298762	0.0442313661407488	0.0114064447321697	0.0021855451036316	0.000377050295142852	5.45376319760196e-05	4.03982459081627e-06	
0.190421534136108	0.329528270558891	0.270873453540716	0.140308406096992	0.0511288891762837	0.0142489463498947	0.00288495023241935	0.000530108763229986	6.53374206268216e-05	1.01037248391992e-05	
0.174829472255839	0.319389344422292	0.275064246588435	0.149861814304811	0.0589830125154643	0.0171362377682438	0.00395710522170963	0.00066905300057482	9.55790000821172e-05	1.27887394476072e-05	1.34618309974813e-06	
0.161192238259254	0.307335489596713	0.27888801941579	0.160320223278897	0.0655531878674187	0.0205952982513274	0.00491988698793511	0.00100591234230894	0.00016552136201204	2.35497872781358e-05	6.72851065089594e-07	
0.149278211681393	0.29470121822863	0.280735714015836	0.170029119820369	0.0734297157106693	0.0240123819959087	0.00616805833679677	0.00136490724298183	0.00023142025919069	4.31804565253766e-05	6.07225169888109e-06	
0.137053007136262	0.284591208733487	0.281132508749447	0.178308240473928	0.0809912246262671	0.0279685996372944	0.00784807040771042	0.00170308649915048	0.000334691178362114	5.65675231034559e-05	1.21216120935977e-05	6.73422894088761e-07	
0.126188050396941	0.271256460176396	0.28213410267015	0.187168753089284	0.0887333178658973	0.0322496040672632	0.0095097831532722	0.00220780836519289	0.000478145521672904	6.38872356665624e-05	1.00874582631414e-05	
0.115342200116941	0.259811966053501	0.281394893491614	0.194911793064423	0.096778339156828	0.0370806225991962	0.011254046336312	0.00270484672198818	0.000610945478498824	9.75628792756932e-05	1.00927116492096e-05	2.69138977312257e-06	
0.106498110963291	0.249509956298958	0.278732541666358	0.201469153375755	0.10469167535945	0.0414219257722866	0.0133678931863191	0.00337686804928555	0.000779484717446904	0.000129464589748967	1.88802526717243e-05	4.04576842965521e-06	
0.0982833944494756	0.237634947006434	0.277068017745051	0.207145257571811	0.112194121243449	0.04653486994206	0.0156517608062202	0.00425068730354321	0.0010095297993492	0.000196372440916189	2.8342414152852e-05	2.69927753836686e-06	
0.0916093109686062	0.226333811175566	0.273252606580988	0.213339563513741	0.119506024120792	0.0514415282488489	0.017942379384225	0.00503051055293076	0.00123770816691572	0.00027617165317432	2.70094526331853e-05	3.37618157914816e-06	
0.0841828483325966	0.216773226665517	0.269459778542087	0.217251668481601	0.126760800655533	0.0572000776288693	0.0203357987687199	0.00614629268240089	0.00150877637494744	0.000332887686120605	4.51487347572481e-05	2.69544685117899e-06	
0.0771421450751376	0.20633028202693	0.265636766558221	0.22186298085019	0.133899138494285	0.0623645267107186	0.0229999797926728	0.00730831666228841	0.0019520278052822	0.000434457534301938	6.60106021109921e-05	3.36788786280572e-06	
0.0710797231773197	0.195674223840358	0.261676390102678	0.225030789943414	0.14106214338497	0.0678795936064893	0.0262563140473001	0.00845112244106046	0.00229313375826267	0.000483191221576243	0.000103926603523382	8.77302497275301e-06	6.74848074827155e-07	
0.0654281000312141	0.185674191844054	0.256383023286296	0.228719990162814	0.14698621307508	0.0737525488177134	0.0296466855573077	0.00992704537132001	0.0027376565605791	0.000618877939163488	0.000110127842886079	1.41882496969795e-05	1.35126187590281e-06	
0.0598159125161488	0.176045753204206	0.250147022299341	0.231461486248255	0.153867549319299	0.0793845974769688	0.0333870892427049	0.0114714614321089	0.00337220767601902	0.000865553605785336	0.000159711220457654	1.69185614891582e-05	4.73719721696431e-06	
0.0554076364240409	0.166197822910628	0.24473915269119	0.231920021967517	0.160434739864601	0.0856448381421176	0.037013909370434	0.0132293266345968	0.0040443282787705	0.00109769781782555	0.000229167302300826	3.93245666670057e-05	2.03402931036236e-06	
0.0511651119667934	0.157883525320847	0.238097653275554	0.233081903401675	0.165864633587198	0.0918530751138468	0.0407312431783232	0.014944459547372	0.0046248770914737	0.00134303347034168	0.000333391490875352	7.16825517906437e-05	5.41000390872782e-06	
0.0471050267784179	0.149595115724638	0.231418209324157	0.233341662895851	0.171673634233151	0.0975747465674323	0.0448871119155517	0.0169328749822715	0.00538607522270324	0.00155402621786083	0.000407248070130414	0.000104682339751599	1.95857280825572e-05	
0.0437028202827362	0.140622440235935	0.22478933668444	0.232632032419802	0.176501441726539	0.103928359303737	0.049436017612188	0.0195416813019158	0.00634467545478264	0.00188095255752243	0.000481362052355202	0.000124048484080332	1.48318839661267e-05	
0.0398128750428452	0.133530236088019	0.217648251141248	0.232319661251841	0.180793631232925	0.109339614827505	0.0539866410504533	0.0219562733123367	0.00765119390813584	0.00221683949529864	0.00057777894500797	0.00014276123116747	1.68350508452206e-05	7.40742237189705e-06	
0.0362124615032882	0.125875169788991	0.212478314079374	0.23078123108786	0.184546848312869	0.114632785077397	0.0584605349866186	0.0245289616310502	0.00890635716879379	0.00262719044609115	0.000730933200640155	0.000176177091598639	3.76561722500908e-05	5.3794531785844e-06	
0.0332272904588316	0.118748738919304	0.205391372190312	0.230006994794259	0.187907076848576	0.120256655143192	0.0631118763535599	0.0270308443523762	0.00992251920205539	0.00325997767046448	0.000895871726234514	0.00019504714760361	4.10271586338629e-05	4.70803459732853e-06	
0.0305567754383676	0.111816438759678	0.198126753184567	0.228765576483738	0.191365874949645	0.125765247619771	0.0672052682796917	0.0297288990723884	0.0114678698559522	0.00376075112798996	0.00112647677742904	0.000268336856235335	4.30415007495274e-05	2.69009379684546e-06	
0.0283410299186284	0.106012738990391	0.191588559086403	0.226057978256139	0.194890837436836	0.130265041921541	0.0715567519066846	0.03243110011471	0.0127369755777812	0.00438624769303922	0.00133447774706307	0.000327071294826229	6.24592000386844e-05	8.73085591938599e-06	
0.0264638448149499	0.100037820847415	0.183732736261057	0.223490306644444	0.198257822634333	0.135179635589753	0.0760205750784128	0.0355341304597551	0.0142375673201007	0.00500605603800088	0.00149469601241975	0.000414484242545162	0.000108155531685204	2.01532046618393e-05	2.01532046618393e-06	
0.0241259251341356	0.0945299017739315	0.177386424217489	0.219977048538912	0.200049479424022	0.140730641679558	0.0802595249571929	0.0390020215302722	0.0157379526678216	0.00580576502517333	0.0017438807868573	0.000505550636745061	0.000116975812225586	2.28573426187926e-05	4.70592348033966e-06	1.34454956581133e-06	
0.0223433637245289	0.0882326113579995	0.171255303480478	0.216557053578734	0.201174109759745	0.146121199032597	0.0854626620219155	0.0419737867554839	0.017686763666313	0.00634942139581302	0.00208182148649029	0.000579476083868432	0.000130784532817528	4.56069140081636e-05	4.02413947130856e-06	2.01206973565428e-06	
0.020346952878908	0.0831134688323655	0.164078738723295	0.212881291919343	0.202168422011271	0.150734860822423	0.0905035946171813	0.04556284419397	0.0199518664152399	0.00736601881415133	0.00236382240126856	0.000709146720380569	0.000159373861615274	4.75443032549768e-05	6.69638074013757e-06	6.69638074013757e-07	4.6874665180963e-06	
0.0185227586169959	0.0781735798124895	0.15769082451616	0.208912776264732	0.202742094001644	0.154386895149952	0.0960181458361787	0.0493319836430391	0.0218936369065313	0.0083967339637244	0.00276499053342224	0.000866319067856751	0.000219592468513921	6.62794340941409e-05	1.13813169656606e-05	1.3389784665483e-06	6.6948923327415e-07	
0.0172915926597693	0.0732626314244982	0.151446819454956	0.204547789597244	0.203583489517266	0.158615947347604	0.100459788485209	0.0528692963765552	0.0240114749023445	0.00935491950847557	0.00324410423842118	0.00093811087167758	0.000286738254979475	7.52100340929771e-05	8.7297361000777e-06	3.35759080772219e-06	
0.0162074641405489	0.0688481306056636	0.145438543451241	0.200483052840203	0.203709227720112	0.161676240384292	0.104867479592865	0.0570425610534449	0.0260949309684571	0.0103725351876113	0.00373274211427996	0.00111323860391683	0.000288219288521616	9.54012563404884e-05	2.95609526688837e-05	6.71839833383721e-07	
0.0145413125642562	0.0650600351933922	0.139352788541774	0.195827626342194	0.203501722351435	0.165212602650196	0.109502955532201	0.0605623546356233	0.0288486300867866	0.0117004244858329	0.00409491323020069	0.00132462710402223	0.000334182573958907	0.000100187532233153	3.16027786238805e-05	4.03439727113369e-06	
0.0135578084180851	0.0602871580325519	0.132888882004436	0.191265379737842	0.20396989009494	0.16882438156095	0.11383278994792	0.0642478888112891	0.0312393295649931	0.0129388810952387	0.00474264005166932	0.00162241123039923	0.000418904020468378	0.000121226243865447	3.63678731596341e-05	6.06131219327235e-06	
0.0124412496544097	0.0567334470690574	0.127043028517097	0.186588400304794	0.20238440426981	0.171484925521083	0.11912041376427	0.0684100150373912	0.0336385766401208	0.0143232836807218	0.00528601387755652	0.00182336797103111	0.000508439145768289	0.000147002299439638	6.06890227044377e-05	5.39457979595002e-06	1.3486449489875e-06	
0.0114333991184746	0.0538981910322289	0.121582268623185	0.181374826294188	0.201228363891846	0.173770540438308	0.122190449669647	0.0730633108378267	0.0363667992483368	0.0159967797420422	0.00607034807239647	0.00211177720345948	0.000655379132108116	0.000195534926246249	4.92208607447453e-05	9.43961712912924e-06	3.37129183183187e-06	
0.0107580055110524	0.0503055332852744	0.1165001448504	0.177114984268573	0.199440136361493	0.175797856214082	0.126015131813864	0.0766386622560281	0.0395960358151035	0.0173564465165163	0.00696157758928511	0.00240316919200426	0.000760633029933504	0.000252646046257807	8.1520457592519e-05	1.4821901380458e-05	2.69489116008327e-06	
0.00974987317484624	0.0472874238628011	0.111177658292277	0.172332646377786	0.197805470088464	0.176532529557166	0.130221305682643	0.0807328843307438	0.0424933319949041	0.0194963778197122	0.00791200321761984	0.00290838878495102	0.000921629802597406	0.000288346166309715	0.000113856313332574	2.15585918736235e-05	4.04223597630441e-06	6.73705996050735e-07	
0.00897176869993117	0.0441066547177644	0.106538996413311	0.168001835394452	0.19580590838233	0.178679821223969	0.133183837494929	0.0841711357310528	0.0453096185299486	0.0212785998254761	0.00902962937546129	0.00337004795035285	0.00108387846836064	0.000310160132783522	0.00012043094092896	2.55663450016786e-05	1.00919782901363e-05	2.01839565802726e-06	
0.00842362080002902	0.0409613675553564	0.100984703806281	0.163023932084389	0.193880985120285	0.180463648448851	0.137317782102291	0.0874632474200142	0.0484385065605496	0.0233960357929993	0.0101157341010875	0.00371069228862522	0.00131459536727726	0.000366770092250067	9.94175341630219e-05	2.68696038278438e-05	1.14195816268336e-05	6.71740095696094e-07	
0.00765784454238822	0.0388556472730799	0.0959574393568758	0.158425110725562	0.190807623091264	0.181338701682166	0.140239582098559	0.0923918607282563	0.0513823183939136	0.0255968673556257	0.0110920881062965	0.00423572421522247	0.0014116835673567	0.000431721930665862	0.000130661551558779	3.63697102277013e-05	7.40864467601323e-06	1.34702630472968e-06	
0.00698469864007424	0.0363385346519673	0.0919527031682069	0.152898099454111	0.188004636202637	0.182351224770723	0.143689860738307	0.0962619940804662	0.0547178630239875	0.0274659883473532	0.0122754001629155	0.00459905357704918	0.00170210236659773	0.000525490333814695	0.000162104987295022	5.33595583179446e-05	1.41841863883144e-05	2.70174978825036e-06	
0.00641664657584713	0.0335582150683855	0.0876950728280921	0.148480185937149	0.184915902989785	0.182959418350458	0.147492123947264	0.0994956075599271	0.0582191316973537	0.0295158970302608	0.0133161500391432	0.00517936812792389	0.00187115509119426	0.000643357704174647	0.000165241347177488	6.36585517814913e-05	7.44940499570643e-06	5.4177490877865e-06	
0.00590685926994286	0.0318680043879138	0.0832367173682829	0.144172276498271	0.182860271266423	0.181703593299816	0.150165293012647	0.103325601794784	0.0615196645430376	0.0318618987564185	0.0144350696618633	0.00590482405944443	0.00205895462091152	0.000714358884948872	0.000189952979853451	6.03779114534184e-05	8.81924549319595e-06	4.07042099685967e-06	3.39201749738306e-06	
0.00523643266329955	0.0298105148978001	0.079248839022406	0.138959357309922	0.180119995932341	0.182616182502288	0.152573811057252	0.106739432561608	0.0645822175519474	0.0343154469340022	0.0156679434595437	0.00652588047862784	0.00240873190739297	0.000860987763126674	0.000244737466526558	6.10148808514966e-05	1.4914748652588e-05	5.42354496457747e-06	6.10148808514966e-06	2.03382936171655e-06	
0.00501908484833709	0.0274976228595577	0.0750715851124638	0.134371419051257	0.176826063753417	0.182539327790736	0.1548954193655	0.110610173348395	0.0681941317816227	0.0362077092493112	0.0172732099658396	0.00737184436299409	0.00275910830820743	0.000927152497284236	0.000329819770765101	7.65290227853313e-05	1.76084477205187e-05	9.48147184951008e-06	1.35449597850144e-06	1.35449597850144e-06	
0.00460240243780963	0.0256018799919499	0.0711143004477043	0.129319919146252	0.174062562044681	0.182217731853138	0.156491169580776	0.114745644759854	0.0716828245415385	0.0385891657874533	0.0186779477025596	0.00808063148864544	0.00320989109951476	0.00112756149241979	0.000348297239846017	0.000105708889914355	1.62629061406701e-05	4.7433476243621e-06	0	1.35524217838917e-06	
0.00419718614438946	0.0241338203302394	0.0673712299618704	0.123881594740325	0.170454584092991	0.181680628952288	0.158725992156457	0.11773134336478	0.0754228637839007	0.0413652687606808	0.0204398612997268	0.0089084799889018	0.00369055884731069	0.00137911430667884	0.000459024732252574	0.000124446705188476	3.12816854572124e-05	2.72014656149673e-06	
0.00395335974349083	0.0225343546349418	0.0640606195433805	0.119232132494358	0.16569754586911	0.180643572405808	0.160700569906979	0.121147923414625	0.0787454018636781	0.0445652698945294	0.0223799212049345	0.0100565416844401	0.00400642497494709	0.00153072783046883	0.000522488432800028	0.00017960539877501	3.53768209708352e-05	8.16388176250043e-06	
0.00355791510256728	0.0208563214559288	0.0611566829618725	0.115360124955611	0.161191241678356	0.178580126561095	0.162910333736518	0.12432362197118	0.0822572284181496	0.0474059873656598	0.0240754522906034	0.0110832797038291	0.0046021597837223	0.00180276769059336	0.000593892903353964	0.000172793582419137	5.85049137324638e-05	9.52405572388946e-06	2.0408690836906e-06	
0.00322340604985498	0.0195587763164339	0.0578308565458473	0.111395580417145	0.158304674789006	0.177192106566253	0.163942064394661	0.127339162989122	0.0848614867254711	0.0501991587447558	0.0259695385067447	0.0120855620793044	0.00503610432435668	0.00204736277908071	0.000706714261616233	0.000221740952152928	6.869888394922e-05	1.29235524260909e-05	4.08112181876554e-06	
0.00304085469737387	0.018348300040047	0.0547611775166806	0.107007541048145	0.155146714451526	0.175942631018075	0.165258235082504	0.130152653620857	0.0873926707256647	0.0530065772058075	0.0279195259524731	0.0130200166975503	0.00569685122211136	0.00213538591025406	0.000788042924922112	0.000274898694740272	7.6700129643582e-05	2.78292505786448e-05	3.39381104617619e-06	
0.00275392707829176	0.0170347054547034	0.0522112534271357	0.102533382117055	0.151090608070086	0.17535123261486	0.165856734699142	0.132706430830407	0.0911633356390204	0.0553894359710257	0.0298675847781212	0.0140676324304951	0.00630273919692853	0.00239551606095431	0.000815928111438674	0.000326507006324461	9.70696505288938e-05	2.85099672882066e-05	7.4668961945303e-06	
0.0024930719734615	0.0157901342188544	0.0494917185915331	0.0992568271164824	0.14660280784351	0.173317006821181	0.165864247991127	0.135659069863678	0.0951688674669371	0.0582734374205015	0.0317010213115255	0.015284057567915	0.00674452287351136	0.00280173802731864	0.00102368587971521	0.000354117978271267	0.000125501582337518	3.93464420301407e-05	8.81903011020396e-06	
0.0022898690436589	0.0148485074778854	0.0463941181662039	0.0952294960658787	0.143163318646852	0.170178070753084	0.166444219659065	0.138039117181825	0.0985797788202388	0.0614978852825167	0.0340153834665074	0.0166943876823647	0.00753626927176326	0.00324166163162504	0.00120637334437648	0.00042973231682066	0.000156821745948772	4.00540390085607e-05	1.49354043760735e-05	
0.00223978391553902	0.0138721224007603	0.0433982759709976	0.0912312833343637	0.139795939856673	0.16792876712701	0.166545630926817	0.140460334357552	0.102375855713623	0.0645807759013653	0.0360899364613316	0.0177830826682029	0.00809229784710367	0.00355974149755064	0.00133626174154239	0.000486407426001194	0.000173231695014392	4.21190787878129e-05	8.15207976538314e-06	
0.00200999506483505	0.0131242848078268	0.0415645286375148	0.0871727741592594	0.135533323209918	0.165700874771545	0.166824167123124	0.142309006404868	0.10523357973003	0.0677446296185823	0.0386569843430536	0.0193108665824254	0.00886431550346817	0.00365053066581341	0.0014588564517791	0.00057215373852303	0.000194559387388755	6.10116545818397e-05	1.3558145462631e-05	
0.00186225027994612	0.0119403106184781	0.039662414731387	0.0833881054003906	0.13215282623866	0.163692746284966	0.166790410966315	0.144700362983279	0.1070482859724	0.0703286864982121	0.041039154589764	0.0208701861438842	0.00986370545881411	0.00405651395402933	0.00160259011019328	0.000654560011251941	0.00024140281406709	8.52009932001493e-05	1.89335540444776e-05	1.35239671746269e-06	
0.00179677823269731	0.0111178609486908	0.0374289380628447	0.080313757077475	0.127944935741021	0.162231032299437	0.166963201522295	0.146222880237534	0.110393405911731	0.0724921293815474	0.0428807646071854	0.0225675075732952	0.0105042939553515	0.00445714525117392	0.00167920041679309	0.000662895617253125	0.000229749755215151	8.24396180477893e-05	2.77051175406505e-05	3.37867287081104e-06	
0.00160693123456531	0.010402124907975	0.0353504590604354	0.0773240166926151	0.124250194528592	0.159363365888845	0.167161410394824	0.148163521646925	0.112545353386285	0.0763383600918594	0.0442058197005578	0.0238856097516456	0.011518255942164	0.0049066499370951	0.00191993466813862	0.000717271367216575	0.000237287700181921	7.09835000544207e-05	2.83934000217683e-05	4.05620000310975e-06	
0.00143834611825665	0.00997176705011298	0.0332860869077383	0.0739599196202442	0.121096171146966	0.156366067198071	0.166337834248184	0.14956231154658	0.115326564725237	0.078512203974783	0.0473336185692647	0.0253434152744517	0.0125733620732191	0.00548099091773647	0.00219266673290629	0.000831374870984814	0.000287263674933777	7.50265127474101e-05	2.29810939947022e-05	2.02774358776784e-06	
0.00125884523103294	0.00900605341535331	0.0310990916156578	0.0706238555568107	0.118089964480407	0.154458483473682	0.165399140521897	0.150744856220393	0.118033820388964	0.0813446712831089	0.0498721876376122	0.0270587463362598	0.0132229481871208	0.00610008935704192	0.00226876244217328	0.000965272511920473	0.00032942376545569	8.86129636030707e-05	2.90866979765805e-05	6.08791352998196e-06	
0.00108893241309859	0.00837171780610912	0.0296475215789994	0.0670035205881995	0.113519681319767	0.151555163326326	0.165331613420195	0.152045149073426	0.120996701394294	0.0843181550547715	0.0522240886197426	0.0287372580018598	0.0144180336411761	0.00655525130719264	0.00263536533039522	0.000986739253137195	0.000411479743420723	0.000112344798368158	3.31620187954201e-05	8.12131072540901e-06	
0.00106908144819314	0.00785659982091872	0.0281069757226605	0.064340186852731	0.109797773310132	0.147583923231572	0.163843827608927	0.153250325218361	0.123142369617003	0.0876930614451521	0.0550293118886317	0.0306823672517781	0.0155618252774915	0.00730110996604213	0.00301735061073474	0.00113328039735771	0.000379787467689345	0.000150698585933672	5.27107161561724e-05	6.7577841225862e-06	6.7577841225862e-07	
0.00100723630425287	0.00750634079556816	0.0261597900735917	0.061483270223543	0.106208072607426	0.144555962035562	0.162171120806923	0.15420234243199	0.125581169271732	0.0903738048351393	0.0578465530847962	0.0326912989500304	0.0168293524321179	0.00794312490337755	0.00346861939091908	0.00130900214071469	0.000450961026300884	0.000141769184914949	5.67076739659794e-05	1.28267357780192e-05	6.75091356737851e-07	
0.000935860853863542	0.00700379667092262	0.0251698732309434	0.0587914660809395	0.101703617112307	0.141286690765028	0.160660155842056	0.154063987548806	0.128378009628115	0.0931737406472869	0.0604010928483117	0.0352959011450652	0.0182428858741607	0.00869292781608886	0.0039011046392152	0.00150990941217293	0.000520821051142202	0.000180569264820323	7.41142504859537e-05	1.14540205296474e-05	2.02129774052601e-06	
0.00090471622852392	0.00650184911889384	0.0236914574608483	0.0565208851555237	0.0984142914222139	0.13790162337706	0.158997318811237	0.155052217933695	0.128861187606531	0.0962409545193434	0.063411526824668	0.0372998693710843	0.0198916493010479	0.00955030558556329	0.00423635896449342	0.0015578608068858	0.000623547913636932	0.000238791272212633	8.00455250515587e-05	1.81615897175806e-05	4.03590882612901e-06	1.345302942043e-06	
0.000839999865492415	0.00620281726135832	0.0221365857267277	0.054065323608435	0.0949791681378434	0.134868064873008	0.156971023703599	0.155708670022631	0.132206159774834	0.0979134510947236	0.0658972832830611	0.0390892491450362	0.0212185714621983	0.0103819679132157	0.00468557170767467	0.00172035200634876	0.000741136790850794	0.000256909486483669	7.66693231914615e-05	3.56445099048023e-05	4.03522753639271e-06	1.34507584546424e-06	
0.000786035377653964	0.00576493298829501	0.0208107412711007	0.0513805798745307	0.0922315187388948	0.131024082184141	0.154655659926206	0.155461228316672	0.134984568919878	0.101774405825957	0.0679506367088625	0.0414591564702095	0.0220945316993856	0.0112476476190604	0.00516210379977719	0.00200381769367656	0.000788056034151789	0.000271441522874505	0.000108441898716614	3.23305039652016e-05	6.735521659417e-06	1.3471043318834e-06	
0.000717006407190839	0.0053576499457355	0.0194124594533889	0.0490565935922695	0.0886491073169054	0.128409574564957	0.152907855570762	0.15496983918956	0.136928662921326	0.10474566507909	0.0707495785985391	0.0429009957822756	0.0237414783822231	0.0121203086837368	0.00568883540757059	0.00227108238288952	0.000858653957059208	0.000322416803986097	0.000130180843450453	4.78903620983533e-05	1.01176821334549e-05	4.04707285338197e-06	
0.000596283212941234	0.00485390724018679	0.0182540908468503	0.0465910340319875	0.0859801270407017	0.125498054997008	0.151958459835536	0.154737517343815	0.137254412596955	0.107111082031437	0.0736881937947423	0.0451259580834486	0.0247471023941041	0.0130561740607359	0.00631291243203282	0.00270688295648549	0.000972670127897353	0.000364919930091864	0.000114669848642545	5.26132246712854e-05	1.68632130356684e-05	4.04717112856041e-06	2.02358556428021e-06	
0.00050550146217479	0.004378088097634	0.017176926186663	0.0438227248890968	0.0827368888510944	0.12209446330795	0.149930788818497	0.154823152101948	0.138747665683335	0.109866592157506	0.0765500638794571	0.0476507680045245	0.0265492877423657	0.0139373974571049	0.00657826802645885	0.002884530372944	0.00115948132445432	0.000406965796650732	0.000127556443726349	4.8592930943371e-05	1.82223491037641e-05	2.69960727463172e-06	3.37450909328965e-06	
0.000489427753789526	0.00413654090530652	0.0161315657306192	0.0417058512234008	0.079049323666124	0.118978808317575	0.147737744924547	0.154744786347258	0.14011318859485	0.111707502873534	0.0791848263913467	0.0503382512058731	0.0284481567247441	0.0150488922146606	0.0070070414227112	0.00320083054406704	0.00129570267601029	0.000451001607830844	0.000157075298392506	4.71900038089074e-05	2.56174306391212e-05	6.74142911555821e-07	
0.000453247610317834	0.00380498329198265	0.0149308273896653	0.0396291070076404	0.0764732067167108	0.115667304095372	0.145413451659555	0.154348711554166	0.140646583722129	0.113619921819853	0.0819060987134117	0.0527874728034547	0.0305067389341048	0.0162682793545376	0.00785111322611652	0.00346656741602254	0.00141580773655168	0.000556596171239784	0.000149956735455379	7.22764445663312e-05	2.49927892425631e-05	3.37740395169772e-06	3.37740395169772e-06	
0.000454305249989215	0.0035798444847073	0.0139425876795652	0.0379331402873043	0.0728371295457487	0.112793074069281	0.14287293473103	0.153462156507485	0.141859173461024	0.116021741943833	0.0844084325525215	0.055181910832147	0.0326756017859454	0.0171544044691773	0.00855765497605798	0.0037928421983521	0.00158400198438376	0.000597202450282559	0.00018131767395712	7.27966869418921e-05	2.49396057115741e-05	8.76256416893145e-06	4.04426038566067e-06	
0.000469456057363893	0.00333805483543107	0.0134997241861471	0.0360699859971429	0.0700317977338137	0.109989445657936	0.140031265638713	0.151690883729138	0.14293084716949	0.117937195266105	0.0872305931782714	0.0575969372875408	0.0344043262699393	0.0184583116959218	0.00919581571189273	0.00424665773555143	0.00183741194331234	0.000682294097718255	0.000245167869268948	8.28451865936282e-05	2.29002954811655e-05	8.08245722864665e-06	
0.000431926270252841	0.00320753956525244	0.0127965714592794	0.0342605529731037	0.0678735524088454	0.106470833221377	0.137857027702394	0.151125829594003	0.143007899615767	0.119676491925733	0.0895383829970175	0.059820109089932	0.0364067496036757	0.0198370368380041	0.0099900583066878	0.00452951608136067	0.0019621409570895	0.000790633312733428	0.000282129134535293	0.000106134293468039	2.08238170728431e-05	6.04562431147056e-06	2.01520810382352e-06	
0.000336219948244945	0.0030702719824763	0.0121985429126714	0.0322194006292212	0.0648515263446114	0.104079871363993	0.135277190194457	0.150264815152849	0.143844423446543	0.121524385006067	0.0921752692443977	0.061665825557548	0.0379579570712223	0.0212301757739099	0.0108160816484307	0.0049547143271306	0.00217167216071985	0.000864373839000977	0.000346286413761261	0.00012348197700014	2.48306149402455e-05	2.68439080435086e-06	
0.000313789015775273	0.00284890924792551	0.0115277233936416	0.0306554435689344	0.0623246670349888	0.100164403988607	0.133524601595228	0.149343456828532	0.144906828799931	0.123435748346573	0.0938289501209563	0.064442072402122	0.0394388540532422	0.0223393641615397	0.0114566515225472	0.00546247673401956	0.00245130906340684	0.00100439304622085	0.000352006908722262	0.000128063465839909	3.82178929469884e-05	1.2068808299049e-05	
0.000322202930238042	0.00264594921921053	0.01097566530551	0.0295515685454916	0.0596597912178601	0.0967439417810789	0.130565201547646	0.148952873969754	0.145043567730941	0.125065646335059	0.0958007781100286	0.0664427992669046	0.0417939401734135	0.0238101936700856	0.0123549082023086	0.00594166318339175	0.00258164260527529	0.00114077253678874	0.000417992990579081	0.000123254343375883	4.55505182041306e-05	1.67465140456363e-05	3.34930280912725e-06	
0.000317294774208621	0.00257651389436494	0.0102873124262407	0.0283155463059592	0.0581004217878423	0.0941247584309037	0.127722526389353	0.146742139088909	0.146043956705998	0.126570491987638	0.0979965579541583	0.0687779933983944	0.0432150127286079	0.0252497022851248	0.013018457318163	0.00622138740821713	0.00283624041840069	0.0011614059773248	0.000507403879430663	0.000142581828916532	4.01638954694457e-05	1.33879651564819e-05	1.80737529612505e-05	6.69398257824094e-07	
0.000263924707773721	0.0023947483002311	0.00968684060689286	0.02688079847272	0.056092708577553	0.0913762266805104	0.125481461633788	0.14431121680008	0.146088354489734	0.127711424456576	0.100615601031584	0.0709642629869042	0.0458184010449811	0.0263938104967009	0.0138614060354356	0.00684931506849315	0.00301436848980139	0.00132632213551261	0.000583447767692668	0.000202967478313293	4.48805975148206e-05	9.37803530160431e-06	2.34450882540108e-05	4.68901765080216e-06	
