# <P(N_2)> as a function of N_tot.
# number_of_species: 2
# species_total_upper_bound: 100
# species_total_lower_bound: 0
# volume: 512
# Bin widths for each species index 
1	1	1	1	1	1	1	1	1	1	1	1	1	1	1	1	1	1	1	1	1	1	1	1	1	1	1	1	1	1	1	1	1	1	1	1	1	1	1	1	1	1	1	1	1	1	1	1	1	1	1	1	1	1	1	1	1	1	1	1	1	1	1	1	1	1	1	1	1	1	1	1	1	1	1	1	1	1	1	1	1	1	1	1	1	1	1	1	1	1	1	1	1	1	1	1	1	1	1	1	1	
# Bin lower bound for each species index 
0	0	0	0	0	1	2	2	3	3	4	5	6	7	7	8	9	9	10	12	12	13	14	14	15	16	16	17	18	19	21	21	22	23	24	25	25	26	27	28	29	30	30	30	31	32	33	33	34	36	37	37	38	39	40	40	41	42	42	44	44	45	47	48	49	50	51	51	52	53	54	54	55	55	56	57	58	59	59	60	62	63	64	66	67	67	68	69	69	70	70	72	73	74	75	76	77	78	79	80	81	
# Bin upper bound for each species index 
0	1	2	3	4	5	6	7	8	9	10	11	12	13	14	15	16	17	18	19	20	21	22	23	24	25	26	27	28	29	30	31	32	33	34	35	36	37	38	39	40	41	42	43	44	45	46	47	48	49	50	51	52	53	54	55	56	57	58	59	60	61	62	63	64	65	66	67	68	69	70	71	72	73	74	75	76	77	78	79	80	81	82	83	84	85	86	87	88	89	90	91	92	93	94	95	96	97	98	99	100	
# Normalized histogram for each species index 
1	
0.0783908536516885	0.921609146348311	
0.00535987748851455	0.14466039095577	0.849979731555716	
0.00051784307103456	0.0156703816278284	0.201846223122819	0.781965552178318	
2.27979983357461e-05	0.00169845087601309	0.0305379187707319	0.250481607714843	0.717259224640077	
5.76382164430304e-05	0.00389634343154885	0.0488310969705353	0.288306358648038	0.658908562733435	
0.000557497764201675	0.00757267796373942	0.0662377031092115	0.31682133358111	0.608810787581737	
1.16818335805988e-05	0.000957910353609102	0.0107239232269897	0.0866792051680432	0.343515998271089	0.558111281146689	
0.000116539250419541	0.00216763005780347	0.0174109640126795	0.105969140406489	0.353999627074399	0.52033609919821	
2.34529826330664e-05	0.000351794739495995	0.00350622090364342	0.0239806747423104	0.12474641462528	0.374907653880882	0.472483788125755	
1.18750742192139e-05	0.000593753710960693	0.00514190713691961	0.0302814392589954	0.143914024462653	0.385215532597079	0.434841467759173	
1.198552149004e-05	0.000946856197713163	0.00695160246422322	0.0427643406764628	0.163230817172855	0.386832706091042	0.399261691876214	
7.18623118105709e-05	0.00154503970392728	0.00913849065191094	0.0533098583114752	0.181799671828776	0.38198411842909	0.37215095876301	
0.000155955708578764	0.00206341399042672	0.0134841704955793	0.062454262989311	0.196852094005302	0.382835274781962	0.34215482802884	
1.18828352444893e-05	0.000202008199156319	0.00298259164636682	0.0179787297249124	0.0713564256431585	0.21093220842493	0.377517675717426	0.319018477808805	
8.19297978674844e-05	0.00073736818080736	0.00434227928697667	0.0212432261613549	0.0810051615772657	0.22551762075867	0.376654689310502	0.290417724926556	
0.000478977558149044	0.00114487318777089	0.00543230645217818	0.026238624282994	0.093739412843608	0.240002803771072	0.367948223694202	0.265014778210026	
1.17321319630203e-05	0.000258106903186447	0.00126707025200619	0.00695715425407105	0.0312309352855601	0.109871415833685	0.252311229996715	0.359014970200385	0.239077385142428	
3.54266550152335e-05	0.000259795470111712	0.00157058170567535	0.0087858104437779	0.0376585342811932	0.121537044472261	0.260338678821946	0.35123166670603	0.21858246144399	
0.000283088972504984	0.00207598579836988	0.012196416565423	0.0470399509312448	0.132874886469527	0.264558440179761	0.339081612191698	0.201889618891471	
5.9578423078298e-05	0.00059578423078298	0.00294317410006792	0.0154903900003575	0.0544904257474113	0.142571166426367	0.269544701690836	0.326763819215233	0.187540960165866	
8.36170339843517e-05	0.000680881562444006	0.00404945350295646	0.018622707997372	0.0609209819028848	0.152433852953473	0.271600071671743	0.316717434151586	0.174890999223556	
0.000132635589746063	0.000892275785564425	0.0052451346854125	0.0205223430679818	0.0660284081317674	0.158993898762872	0.276798418019148	0.311343960257554	0.160042925699954	
6.0317996477429e-05	0.000217144787318744	0.00125461432673052	0.00627307163365262	0.0233068738388786	0.0724901681665742	0.171266919198012	0.283554901440394	0.292325138128212	0.14925085048375	
2.37916800494867e-05	0.0003568752007423	0.00135612576282074	0.00756575425573677	0.0268013275757468	0.0823549004912982	0.180400413975233	0.281051116424586	0.280170824262755	0.139918870371031	
7.06081717190736e-05	0.000458953116173979	0.00285963095462248	0.00942619092449633	0.0336565618527584	0.0905314441724722	0.188594426661646	0.277007625682546	0.269593767652043	0.127800790811523	
1.17508813160987e-05	2.35017626321974e-05	0.00063454759106933	0.00320799059929495	0.011786133960047	0.036780258519389	0.09951821386604	0.191891891891892	0.27876615746181	0.262314923619271	0.115064629847239	
2.36484888615617e-05	7.09454665846852e-05	0.000756751643569976	0.00399659461760394	0.0150640874048148	0.0433122073499503	0.105472260322565	0.198611833703826	0.280352835453815	0.246570969115074	0.105767866433335	
2.36787270316348e-05	0.000189429816253078	0.000994506535328661	0.00478310286039023	0.0168947717370714	0.0492635915893162	0.112675222580034	0.20524720591021	0.274992896381891	0.237852813032771	0.0970827808297026	
1.18707042888855e-05	0.000308638311511022	0.00151945014897734	0.00542491186002065	0.0209874051827495	0.0527890219726736	0.117721774432877	0.211690269583694	0.271779774694033	0.226279365154735	0.0914875179544402	
0.000299325918032591	0.0016642521042612	0.00639360160917614	0.0217789537960513	0.05776990218029	0.125992265418278	0.215885825121826	0.271512553729002	0.214197626944122	0.084505693178961	
4.82154265257169e-05	0.000542423548414315	0.00204915562734297	0.00732874483190897	0.0236978821373899	0.0621617386482805	0.132532153662564	0.224165571774689	0.265269222887863	0.206759802798906	0.0754450886561155	
0.000133551872761488	0.00044921993565228	0.00218539428155163	0.00874157712620652	0.0265039762034845	0.0673708492685	0.142123474776908	0.224245735445881	0.264444849147089	0.19316457233048	0.0706367996114855	
0.00013437248051599	0.000720725122767584	0.00265080257017908	0.0105543475605287	0.0302826708362855	0.0742224719650143	0.145855219760084	0.231658156409567	0.255674183381789	0.18490874887005	0.0633383010432191	
0.000148318439690014	0.000889910638140087	0.00305288788361946	0.0118283955652787	0.0339649226890133	0.0793256454942094	0.156562472962784	0.231401485656371	0.249434535948682	0.177079857119903	0.0563115676023088	
0.000174402670852331	0.000809726686100107	0.00384931609238359	0.0131051149811894	0.0368612502180033	0.0859929740638314	0.162991753245135	0.232192241572614	0.248262201958293	0.163427759922266	0.0523332585893315	
3.77458196504737e-05	0.000163565218485386	0.0015727424854364	0.00473080939619271	0.0154002944173933	0.0424514651668994	0.0933705758753885	0.166836522855094	0.231520275796122	0.23745895142113	0.15752588734131	0.0489311642068974	
6.39533396433962e-05	0.000460464045432453	0.00143255480801207	0.00528254585454452	0.017983679107723	0.0470057046378962	0.0961474508198818	0.17218797165588	0.233621549717326	0.22980993067458	0.151326392264204	0.0446778030748766	
6.43989644646514e-05	0.00045079275125256	0.00234412230651331	0.0060406228667843	0.0216766914388017	0.0500122358032483	0.101106374209503	0.178951842454373	0.22996870210327	0.227186666838397	0.141948197472985	0.0402493527904071	
3.87556841670112e-05	0.000477986771393138	0.00219615543613063	0.00788032244729227	0.024325651095494	0.0568545886730054	0.106513538652336	0.18114406779661	0.233128358825961	0.215313662670525	0.134456386936751	0.0376705250103348	
2.60810599342757e-05	0.000508580668718377	0.00246466016378906	0.00985864065515623	0.0265505190130927	0.0610296802462052	0.116034635647593	0.185827552031715	0.230556569818997	0.208648479474206	0.124954358145115	0.0335402430754786	
6.63244325944792e-05	0.000862217623728229	0.00371416822529083	0.0109965909241646	0.0265297730377917	0.0656346584954966	0.123363444625731	0.188958308461671	0.225901017416796	0.203960895114542	0.117778927401276	0.0322336742409169	
6.6852963591876e-05	0.000160447112620502	0.00159110053348665	0.00375713655386343	0.0124346512280889	0.0313540399245899	0.0737254482491209	0.126178283483307	0.185343156262117	0.224946851893944	0.198967790242141	0.110614913559118	0.03085932799401	
1.34423056242607e-05	0.000134423056242607	0.000483923002473384	0.00149209592429293	0.00465103774599419	0.0141547478223465	0.0359043983224003	0.0736638348209485	0.126061942144317	0.191418432089472	0.228492311001183	0.191593182062587	0.103169695666201	0.0287665340359178	
2.6763729793384e-05	0.00040145594690076	0.000548656460764372	0.0014987688684295	0.00564714698640402	0.0163927844984477	0.0380714056310887	0.0726367626592442	0.134741997644792	0.195401991221497	0.221911465581843	0.184482389465796	0.099146237019591	0.0290921742854084	
4.02311952688114e-05	0.00018774557792112	0.000818034303799166	0.00159583741232952	0.00612855207928228	0.0176480843245853	0.039466802558704	0.0771768429240033	0.138502594912095	0.198849387815312	0.217623945607424	0.178572865399831	0.0966219206372621	0.0267671552521825	
6.6444299743525e-05	0.000199332899230575	0.000730887297178775	0.00209963987189539	0.00631220847563487	0.0184449376088025	0.0419662197180104	0.0832812852985342	0.142988133048066	0.200994006724163	0.216409084264661	0.172662157313524	0.0894738940346308	0.024371769145925	
5.32021014830086e-05	5.32021014830086e-05	0.000199507880561282	0.000904435725211146	0.00270000665026269	0.00719558422557691	0.0209350269335639	0.0467513466781938	0.0859080933696881	0.150269335638758	0.203870452882889	0.214484272128749	0.161122564341291	0.0840992219192658	0.0214537474230232	
2.67909767990141e-05	6.69774419975352e-05	0.000267909767990141	0.00107163907196056	0.002853239029095	0.00834538927289289	0.022718748325564	0.0473128650270589	0.0928307346085838	0.155494829341478	0.203906124417296	0.207040668702781	0.157986390183786	0.0812972190966083	0.0187804747361089	
5.37981493436626e-05	0.000336238433397891	0.00108941252420917	0.00297234775123736	0.00971056595653109	0.0242495158166559	0.0503416182483323	0.101597805035507	0.162066924897784	0.203935334624489	0.199523886378309	0.154091349257586	0.0722105659565311	0.0178206369700882	
9.38488764948785e-05	0.000429023435405159	0.000951895747305197	0.00337855955381563	0.0099211669437443	0.0248967662358556	0.0565908725264118	0.106558695768756	0.167091221107953	0.199817665039953	0.198490373786668	0.146082479755457	0.0684694588941921	0.0172279723279884	
1.34696461523956e-05	6.73482307619779e-05	0.000471437615333845	0.00110451098449644	0.00348863835347045	0.0111528670141835	0.0290001481661077	0.0593337913013025	0.112323379264827	0.169650193289422	0.200765075901456	0.194043722471411	0.137902237308226	0.0660282054390431	0.0146549750138064	
4.03421010166209e-05	8.06842020332419e-05	0.000309289441127427	0.00100855252541552	0.00449142057985047	0.0133801301705126	0.0323947071163466	0.0661744930342639	0.11623904039589	0.16924856113173	0.202947662847614	0.189338927438008	0.131367328277123	0.0591549674573718	0.0138238932816954	
5.40036992533989e-05	5.40036992533989e-05	0.000270018496266994	0.00145809987984177	0.00641293928634111	0.014594499723231	0.0366820127178712	0.0719329274055273	0.115959443221861	0.172717331137183	0.200934263997084	0.182546004401301	0.1267196802981	0.057446435080803	0.0122183369560815	
5.4404744093685e-05	0.00010880948818737	0.000598452185030535	0.00250261822830951	0.00629734912884404	0.016661452878691	0.0391850169334766	0.0755137848020347	0.121499394747222	0.172354229288794	0.198305292221482	0.175999347143071	0.124858887695007	0.0542279286753805	0.0118330318403765	
8.34980099640959e-05	0.000111330679952128	5.56653399760639e-05	0.00107155779453923	0.00196220323415625	0.00649892844220546	0.0177711597873584	0.0437668735561802	0.0802972529154722	0.126694313785521	0.173467115700409	0.195955913050739	0.174483008154972	0.117398202009519	0.050516296028278	0.00986668151075733	
7.04751434169169e-05	0.000112760229467067	0.000253710516300901	0.000887986807053152	0.00246663001959209	0.0071179894851086	0.0208042623366739	0.0458370332783627	0.085077593132902	0.129617883772393	0.17459512030107	0.197330401567367	0.172072110166744	0.110631880135876	0.044779906127109	0.00834425698056296	
5.69070991606203e-05	0.000170721297481861	0.000312989045383412	0.000810926163038839	0.00315834400341443	0.00837957035140134	0.0231042822592118	0.0482999004125765	0.0886754872670366	0.132337459098022	0.177464788732394	0.196727841798264	0.165670792431356	0.104296485986627	0.0423104282259212	0.00822307582870963	
4.31816219017186e-05	1.43938739672395e-05	8.63632438034373e-05	0.000273483605377551	0.00129544865705156	0.0038575582232202	0.00964389555805049	0.0261824567464087	0.0510694648357659	0.0897458041857385	0.136597863949103	0.17764919250367	0.196807438754066	0.162377292224429	0.0973025880185393	0.0383740679966606	0.00867950600224545	
5.8626956674679e-05	0.000219851087530046	0.000322448261710735	0.001597584569385	0.0042651110980829	0.011007211115671	0.0269684000703523	0.0547282640558129	0.0943747435070646	0.13607316644193	0.178885501553614	0.19458286920326	0.15799964823826	0.0930849504602216	0.0376678196634813	0.00816380371694905	
5.85642962767749e-05	0.000175692888830325	0.00011712859255355	0.000688130481252105	0.0014055431106426	0.00380667925799037	0.0121667325515	0.0300142018418471	0.0580811408324915	0.0935271811540095	0.140803209323436	0.182940220494575	0.189982577121858	0.151315500505117	0.091828816561983	0.0360024011361473	0.00708627984948976	
2.94286428981328e-05	0.00016185753593973	0.000206000500286929	0.000838716322596783	0.0017510042524389	0.00517944115007136	0.0122128868027251	0.0317976486514324	0.0581215697238122	0.0981003811009255	0.147010785597622	0.184944306293315	0.185591736437074	0.146937213990377	0.0883006430158473	0.032812936831418	0.00600344315121908	
0.000147636342161987	0.000310036318540172	0.00103345439513391	0.00228836330351079	0.00590545368647946	0.0146898160451177	0.0318746862727729	0.0618448637316562	0.101824785189122	0.150603832639443	0.182389937106918	0.183674373283728	0.143458233678802	0.083754096908495	0.0304426137538016	0.00575781734431748	
0.00022225514891095	0.000340791228330123	0.000889020595643799	0.00229663653874648	0.00611942510001482	0.0158690176322418	0.033619795525263	0.0635353385686768	0.106267595199289	0.152392947103275	0.184486590606016	0.184264335457105	0.137901911394281	0.0793154541413543	0.0273373833160468	0.00514150244480664	
0.000191125878443941	0.000352847775588815	0.000690993560528095	0.0022935105413273	0.00695404157722956	0.0175982828074921	0.0360492810726572	0.068011408744744	0.110558969684495	0.153665206268929	0.184730512511394	0.177526537093122	0.133523479079067	0.0765679673027728	0.0265664971037078	0.0047193389985004	
8.65288934396677e-05	0.000245165198079059	0.00108161116799585	0.0032304120217476	0.00824908784124832	0.0186325550540085	0.0375391182705758	0.0695548088432529	0.11470846973652	0.156948991217317	0.1823596429241	0.174067290636132	0.129649125337102	0.073174600885479	0.0260884613720598	0.00438413060094316	
0.000142027297646608	0.000525501001292448	0.00143447570623074	0.00343706060304791	0.00866366515644307	0.0203809172122882	0.0406624153162238	0.0722492863128293	0.118010481614566	0.161428226505134	0.183740714965416	0.169878850715107	0.127128634123479	0.0658012469996733	0.0223692993793407	0.00414719709128094	
8.53193788749218e-05	0.000255958136624765	0.000568795859166145	0.00136511006199875	0.00351231443035095	0.0105369432910528	0.0216711222342301	0.0422899721290029	0.0770860588134918	0.12130993686366	0.160627950628519	0.181332119902167	0.166415448495535	0.124936010465844	0.0619276491667141	0.0215715829588761	0.0045077071838917	
7.09562058297619e-05	9.93386881616666e-05	0.00059603212897	0.00168875769874833	0.0042006073851219	0.0115516703090852	0.0241676837056169	0.0452558680782221	0.0809184571282604	0.125776970453836	0.156387477648795	0.178114267873868	0.166832231146936	0.11801436153606	0.0628955808475009	0.0197542077030057	0.00367553146198166	
1.41398716099658e-05	0.000113118972879726	0.000706993580498289	0.00162608523514606	0.00460959814484885	0.0123582477871101	0.0237832640479624	0.0483866406493029	0.0859138599021521	0.126806368598173	0.159964367523543	0.181301433782981	0.160346144057012	0.114844037216142	0.0576623964254405	0.0183535533497356	0.00320975085546223	
9.75800156128025e-05	0.000125460020073603	0.000892160142745623	0.00184008029441285	0.00487900078064013	0.0135636221701795	0.0278103044496487	0.0520380283260845	0.0847412735586038	0.125961860153898	0.168311586929854	0.175058548009368	0.15562618490019	0.111115757778521	0.0562897290063566	0.0187214229954277	0.00292740046838408	
8.36505081768372e-05	0.000125475762265256	0.000278835027256124	0.000836505081768372	0.00170089366626236	0.00669204065414697	0.0142345281414251	0.0302675422086522	0.0533411407140965	0.0891156747110572	0.127343956947872	0.168890376009034	0.173546920964212	0.15207662386549	0.107713971029041	0.0533690242168221	0.0175387232144102	0.00284411727801246	
9.77981446294847e-05	0.000279423270369956	0.000265452106851459	0.000880183301665363	0.00298982899295853	0.00685984128758243	0.0158153571029395	0.0318402816586565	0.0574913378786185	0.09328545881301	0.129945791885548	0.166899519391975	0.173801274170113	0.153151894489773	0.101053425729295	0.0474879847993741	0.0154381356879401	0.00241701128870012	
1.39010523096598e-05	0.000152911575406258	0.000389229464670476	0.000569943144696053	0.00116768839401143	0.00323894518815074	0.00721464614871346	0.0165561533008049	0.0327786813461779	0.0625408343411596	0.0965428082905876	0.134979217926797	0.167326966651376	0.174611118061637	0.14753186816242	0.0940267178225392	0.0443165547631956	0.0133172081126541	0.00272460625269333	
2.76376701444068e-05	0.000165826020866441	0.000221101361155255	0.000552753402888136	0.00149243418779797	0.00335797692254543	0.00717197540247357	0.0162509500449112	0.0351412975886133	0.0652939957161611	0.100559662820424	0.136751191874525	0.168990534097976	0.175112278034962	0.138644372279417	0.090485732052788	0.0434464174670075	0.0136391902162648	0.00269467283907967	
8.32385338919564e-05	9.71116228739491e-05	0.000180350156765906	0.00091562387281152	0.00129019727532532	0.00352376460142615	0.00746372187231209	0.0197136594434117	0.0379845176326961	0.0658971726644655	0.104089786631891	0.141269665103632	0.169251685580311	0.167462057101634	0.134818678727005	0.0875114452984101	0.0426874947975916	0.0131516883549291	0.00260814072861463	
8.30702774547267e-05	9.69153236971811e-05	0.000304591017333998	0.000886082959517085	0.00113529379188126	0.00371047239297779	0.00924849088995957	0.0218336379243507	0.03875228443263	0.0686714293625741	0.107506784072659	0.145483745915711	0.164188403389267	0.163634601539569	0.132981669158775	0.0844409370327297	0.041036717062635	0.0137342858725148	0.00227058758376253	
9.7410278175923e-05	2.78315080502637e-05	0.000333978096603164	0.00052879865295501	0.00119675484616134	0.00453653581219298	0.0108125408775274	0.023642866088699	0.0421369031880992	0.0712764921167253	0.107944503972948	0.145029988449924	0.166585491434853	0.165903619487622	0.126368962302222	0.079792933580106	0.0393120051209975	0.0123711053283422	0.00210127885779491	
1.40997983728833e-05	8.45987902372996e-05	8.45987902372996e-05	0.000352494959322082	0.000704989918644163	0.00166377620800023	0.00555532055891601	0.0117592318429846	0.0241811542094948	0.0444002650762094	0.0748699293600101	0.110570618840151	0.145862414167477	0.167872199427548	0.161597789151615	0.125460005921915	0.0750814263356034	0.0383091521791238	0.00991215825613694	0.00166377620800023	
1.41956731588212e-05	8.51740389529271e-05	8.51740389529271e-05	0.000411674521605815	0.000922718755323377	0.00289591732439952	0.00618931349724604	0.0128754755550508	0.0265884958264721	0.0471012435409687	0.0767843961160638	0.114502299699052	0.150417352790869	0.166131962977684	0.155300664357504	0.121443983873715	0.072483107148941	0.0343393333711885	0.0102776673669865	0.00114984952586452	
2.86968749103223e-05	7.17421872758057e-05	0.000215226561827417	0.00143484374551611	0.00265446092920481	0.00721726403994605	0.0139466812064166	0.0261285046058484	0.0499182139065056	0.0813986856831291	0.117269779321032	0.153097827646569	0.166355783855138	0.155393577639395	0.116853674634832	0.0670645966654231	0.0305334749045829	0.00952736247022699	0.00088960312221999	
4.3535045711798e-05	0.000145116819039327	0.000536932230445509	0.00172689014656799	0.0036424321578871	0.00699463067769554	0.0138876795820636	0.029095922217385	0.0535190828617037	0.0871136264693078	0.120272819619794	0.152561311856044	0.165766942388623	0.148947903061965	0.112204324481207	0.0638514003773037	0.0301552749963721	0.00817007691191409	0.00136409809896967	
2.91192871598503e-05	0.000218394653698877	0.000742541822576183	0.00154332221947207	0.00378550733078054	0.00787676717673951	0.0161757640172969	0.0308518847458614	0.059141272221656	0.0886973486889041	0.122694116448029	0.152803459371315	0.1634756781154	0.148522924158817	0.107188096035409	0.0610049065998864	0.0270081388407612	0.00726526214638266	0.000975496119854986	
0.000174975576325805	0.000831133987547571	0.00139980461060644	0.00395153176535775	0.00882168530642598	0.0175996267187705	0.0332016156078214	0.0594625333547192	0.0926349863664863	0.12792172759219	0.1517184059725	0.1625668917047	0.142940464560155	0.103556378588822	0.0601770169580496	0.0258963852962191	0.0059929134891588	0.00115192254414488	
0.00017611835153223	0.000469648937419279	0.00126218151931431	0.00344898438417283	0.00852706352001879	0.0185217799694728	0.0346512856639662	0.0632851943172479	0.0961752964658917	0.128713161911471	0.150038158976165	0.160590583538805	0.142068803569332	0.10358694375954	0.0568128448984384	0.0243483620993308	0.0059293178349184	0.00139427028296348	
4.3629382935094e-05	0.00021814691467547	0.000596268233446285	0.00142522650921307	0.00383938569828827	0.00874041971466384	0.0193423597678917	0.0363287328572883	0.0667093265077588	0.0973516964558398	0.126481581128838	0.152979159698085	0.161254199328108	0.140995622518579	0.0977443609022556	0.0567763703262024	0.0221637265310278	0.00591905295152776	0.00109073457337735	
0.000143744250229991	0.000172493100275989	0.000862465501379945	0.00178242870285189	0.00436982520699172	0.00904151333946642	0.0189311177552898	0.0406364995400184	0.0671573137074517	0.0976310947562097	0.129010464581417	0.158506784728611	0.159283003679853	0.134558992640294	0.094526218951242	0.0551546688132475	0.0215185142594296	0.00579289328426863	0.000919963201471941	
0.000128984177940839	0.000200642054574639	0.000816899793625315	0.00193476266911259	0.00395551479018574	0.0096881449208897	0.0215403577161202	0.0424071313918826	0.0689922036230222	0.10098027975235	0.135003439578078	0.156687113047466	0.156515134143545	0.130188030268287	0.0937285026370099	0.0512640449438202	0.0199782160055033	0.00508770924099977	0.000902889245585875	
4.2813106519009e-05	8.5626213038018e-05	9.98972485443544e-05	0.000542299349240781	0.00205502911291243	0.00456673136202763	0.0116308939376641	0.0248886859230506	0.044254481105149	0.0709698595730106	0.107232560794611	0.134761388286334	0.156724511930586	0.153470715835141	0.128068272633862	0.0878239525059938	0.0477508848042014	0.0189947482589337	0.00528028313734445	0.000756364881835826	
5.73164440878088e-05	2.86582220439044e-05	0.000300911331460996	0.000730784662119562	0.00245027798475383	0.00666303662520777	0.0138705794692497	0.0260359947268871	0.046770218375652	0.0741388204275807	0.106680231558434	0.136026250931392	0.155943715251906	0.149022754628303	0.125780936550696	0.0875078810110621	0.0463403450449934	0.0169656674499914	0.00427007508454176	0.000415544219636614	
1.43742184018744e-05	0	4.31226552056232e-05	0.000503097644065604	0.00071871092009372	0.00278859836996363	0.00776207793701218	0.0155241558740244	0.0281878422860757	0.0466587129324843	0.0788857105894867	0.110063390303152	0.137086920898676	0.154997197027412	0.149477497161092	0.122367721255157	0.082508013626759	0.0422602021015107	0.0160847503916975	0.00355043194526298	0.000517471862467478	
2.83760392724384e-05	2.83760392724384e-05	0.000411452569450356	0.00130529780653216	0.00334837263414773	0.00815811129082603	0.014954172696575	0.0283760392724384	0.0498567010016742	0.0815527368689878	0.111574586419228	0.139255412729491	0.156054027978775	0.14954172696575	0.119434749297693	0.0769416304872166	0.040719616355949	0.0146846003234868	0.00329162055560285	0.000482392667631452	
2.83294144310037e-05	9.9152950508513e-05	0.000679905946344089	0.00208221196067877	0.00413609450692654	0.00786141250460353	0.0157653191308536	0.030850732315363	0.0527918637921754	0.0811921017592566	0.115584010878495	0.141491260375648	0.15792232074563	0.146222272585626	0.113501798917816	0.0749737952916513	0.0373806623417094	0.0135272953908043	0.00354117680387546	0.000368282387603048	
6.9993700566949e-05	9.79911807937286e-05	0.000881920627143557	0.00190382865542101	0.00387765101140897	0.00859522642962133	0.016770490655841	0.0336529712325891	0.0553090221880031	0.0848463638272555	0.115237628613425	0.142283194512494	0.155805977462028	0.143039126478617	0.113837754602086	0.0716735493805558	0.0350948414642682	0.0136067753902149	0.00317771400573948	0.000237978581927627	
2.8109627547435e-05	0.000210822206605762	0.000576247364722417	0.00175685172171469	0.00469430780042164	0.00938861560084329	0.0186647926914968	0.0364722417427969	0.0581026001405481	0.086268446943078	0.118130709768096	0.146886858749122	0.152030920590302	0.141405481377372	0.108573436401968	0.0678144764581869	0.0345045678144765	0.0118482080112439	0.00227687983134223	0.000365425158116655	
6.96757291565056e-05	0.000209027187469517	0.000487730104095539	0.00209027187469517	0.00544864202003874	0.0101447861651872	0.02045679408035	0.0358411950781065	0.0590292777413916	0.0872618831956076	0.120134892211647	0.147921572999261	0.153398085310963	0.138766182188097	0.104875907526372	0.0666239322194507	0.0335558311617731	0.010507099956801	0.00267554799960982	0.00050166524992684	
2.76265988894107e-05	0.000221012791115286	0.0007735447689035	0.00288697958394342	0.00529049368732215	0.0115202917368843	0.020346990082051	0.037130148907368	0.0613034229356024	0.0899245793850319	0.125231372765699	0.147401718374451	0.148727795121143	0.137704782164268	0.105077768875874	0.06305771196508	0.0302649390833494	0.00971074950962787	0.003094179075614	0.000303892587783518	
5.49918886964173e-05	0.000219967554785669	0.00120982155132118	0.00313453765569578	0.00610409964530232	0.0113008331271138	0.0207319420385493	0.0402403145536033	0.0637218510269735	0.0933487310621683	0.126495091973934	0.143515081525475	0.153042426242129	0.134015232753169	0.0989304077648547	0.0621270862547774	0.0282108389012621	0.0103384750749264	0.00268085457395034	0.000577414831312381	
1.36630687252357e-05	0.000409892061757071	0.00146194835360022	0.00292389670720044	0.00590244568930182	0.0125017078835907	0.0220658559912556	0.0418909687115726	0.0652958054379014	0.0954092089083208	0.125754884547069	0.146413444459626	0.153231315753518	0.13074190463178	0.0983331056155212	0.0576034977455937	0.0274900942751742	0.0092635605957098	0.00282825522612379	0.000464544336658013	
4.04454391026505e-05	0.000444899830129156	0.00132121767735325	0.00311429881090409	0.00594547954808963	0.0129695041389166	0.0245638633483431	0.0431822471485965	0.0646183298730013	0.0994553347534176	0.125623533852833	0.147396661903093	0.149486342923396	0.130490468358185	0.0962062178121714	0.0551540971229811	0.0260873082212096	0.00989565076711516	0.00345134413675951	0.00055275433440289	
0.000188440520095835	0.000673001857485127	0.00133254367782055	0.00236896653834765	0.00670309850055186	0.0144291598244811	0.0260317118475247	0.0433278595848925	0.0680404877917463	0.0994292944248526	0.12578404716397	0.147091285971949	0.152556061054729	0.131450722803995	0.0883382238134977	0.0497348372681509	0.0267989339650577	0.0113198912428998	0.00359382991897058	0.000807602228982152	
