# <P(N_1)> as a function of N_tot.
# number_of_species: 2
# species_total_upper_bound: 100
# species_total_lower_bound: 0
# volume: 512
# Bin widths for each species index 
1	1	1	1	1	1	1	1	1	1	1	1	1	1	1	1	1	1	1	1	1	1	1	1	1	1	1	1	1	1	1	1	1	1	1	1	1	1	1	1	1	1	1	1	1	1	1	1	1	1	1	1	1	1	1	1	1	1	1	1	1	1	1	1	1	1	1	1	1	1	1	1	1	1	1	1	1	1	1	1	1	1	1	1	1	1	1	1	1	1	1	1	1	1	1	1	1	1	1	1	1	
# Bin lower bound for each species index 
0	0	0	0	0	0	0	0	0	0	0	0	0	0	0	0	0	0	0	0	0	0	0	0	0	0	0	0	0	0	0	0	0	0	0	0	0	0	0	0	0	0	0	0	0	0	0	0	0	0	0	0	0	0	0	0	0	0	0	0	0	0	0	0	0	0	0	0	0	0	0	0	0	0	0	0	0	0	0	0	0	0	0	0	0	0	0	0	0	0	0	0	0	0	0	0	0	0	0	0	0	
# Bin upper bound for each species index 
0	1	2	3	4	4	4	5	5	6	6	6	7	6	7	7	7	8	8	8	8	8	8	9	10	10	10	11	11	11	11	10	10	10	10	10	11	11	11	11	11	12	13	13	14	15	15	16	16	14	14	14	15	16	16	16	15	15	16	15	16	16	15	15	15	15	15	16	16	16	16	17	17	18	18	18	18	18	19	19	18	19	19	19	18	18	18	19	19	19	20	20	20	19	19	20	19	20	20	20	20	
# Normalized histogram for each species index 
1	
0.921714347789969	0.0782856522100313	
0.848517513297787	0.146195453408019	0.00528703329419389	
0.782217335157459	0.201346357929192	0.0159760136042245	0.000460293309125315	
0.716226972206175	0.250895436164067	0.0309005712818538	0.0018807368894024	9.62834585018294e-05	
0.659584361236325	0.287285431977578	0.0490035260839802	0.00391356573627992	0.000213114965837025	
0.610454931863263	0.31514206960509	0.0666297431670058	0.00734176563023262	0.000431489734408408	
0.559130081667644	0.342230616020265	0.0859347303420759	0.0117828298128799	0.000902404909082705	1.93372480517723e-05	
0.51692489377816	0.355743681244625	0.106857245548952	0.0181186860583033	0.00220787389445849	0.000147619475501585	
0.471320084020036	0.372842139279367	0.127077072224915	0.0251543060268218	0.00325739214735822	0.000297301664243012	5.17046372596542e-05	
0.432979585435345	0.382407141176778	0.146064772459942	0.032503855503568	0.00537156598792378	0.000535849648430353	0.000137229788012651	
0.400055515534436	0.383347983266032	0.164074840227614	0.0435400405792121	0.00783165575081456	0.00091864991507445	0.000231314726817308	
0.37208518623752	0.383205915197008	0.179927183343355	0.0531918408341538	0.00974633108451886	0.0016717435690734	0.000132153641823985	3.96460925471954e-05	
0.342364597093791	0.384385733157199	0.19505284015852	0.0623645970937913	0.0136129458388375	0.00205416116248349	0.000165125495376486	
0.316305011923767	0.3806802131168	0.211625508320358	0.0709316305011924	0.0173239519895938	0.00293002752649178	0.000197087053351465	6.56956844504884e-06	
0.290185096558058	0.375593382571691	0.226390811139424	0.0822845390694727	0.0209737294822212	0.00386102883160223	0.000666140652688492	4.52716948429072e-05	
0.264359243089624	0.368096857780321	0.240138368257602	0.0947231027410032	0.0261626598597028	0.00516952040481717	0.00104804953480746	0.000302198332122397	
0.242847214178154	0.358379345405872	0.251000682137019	0.108491962366629	0.0310629754044558	0.00668622984156402	0.00135783878399423	0.000167316627411612	6.43525490044661e-06	
0.222403613486046	0.352005162122923	0.258248104532989	0.119922568156154	0.0371221164703985	0.00834328117438297	0.00170350056460719	0.000232295531537345	1.93579609614454e-05	
0.204401844557843	0.339982020088347	0.263884307676387	0.132262299747117	0.0453960431259176	0.0116093314447958	0.00216017643596758	0.000278106547145527	2.58703764786537e-05	
0.186685325344266	0.327039314622096	0.27220645432566	0.141162093976664	0.0540641753390098	0.0150189214758751	0.00318642909702512	0.00057815620729528	5.91296121097446e-05	
0.173560615091191	0.317956053562204	0.273996370908995	0.150302644998079	0.0611316406405213	0.0180726083098237	0.00425159931656534	0.000668865313042211	5.96018595780188e-05	
0.161218799787573	0.309140998406798	0.276891927774827	0.159705257567711	0.0662440254912374	0.0202801380775358	0.00547663303239511	0.000882899628252788	0.000159320233669676	
0.150969611955777	0.293183797475087	0.280818502735655	0.169650514223413	0.0732145112716974	0.0236203721554836	0.00660811987687889	0.001515745806769	0.000339048404145698	7.97760950931053e-05	
0.138606944188131	0.285149350135773	0.278742980675437	0.177934934486304	0.0816153014684559	0.027668661516965	0.00810682555165959	0.00156863778967072	0.000547045951859956	5.27273206612006e-05	6.59091508265008e-06	
0.127072112458525	0.271761680071726	0.278260243581605	0.186998946355765	0.0902665523582652	0.033107988717499	0.00947625373847372	0.00243450717590623	0.000477739311400954	0.000117798734318043	2.61774965151208e-05	
0.115338191830157	0.26214352356284	0.281312185605888	0.192821864540585	0.0973569690287139	0.0362951895661932	0.0110914654435608	0.00292292736395013	0.000606768403677147	9.78658715608302e-05	1.30487828747774e-05	
0.107062204214151	0.249052503420152	0.279994239744454	0.19992014191175	0.103887517918977	0.0415458431246768	0.0141911750266739	0.003606705461115	0.000582571299526743	9.81861740775409e-05	3.27287246925136e-05	2.61829797540109e-05	
0.0984758595824183	0.238972106591498	0.275446589530958	0.205598348028451	0.112943721524796	0.0468320823363598	0.0163886066406634	0.0042020387426661	0.000917761971877151	0.00018355239437543	1.31108853125307e-05	2.62217706250615e-05	
0.0915105750057206	0.227275996208035	0.272746886339119	0.212572325193684	0.117832042103887	0.0523029649243241	0.019450165081233	0.00464188813703377	0.00130103625249256	0.000313817789545945	2.61514824621621e-05	2.61514824621621e-05	
0.0860248547973653	0.216801323858659	0.268788734222395	0.217515169213797	0.125143580258931	0.0573672085401862	0.0211882280411434	0.00552905675070573	0.00132385865861968	0.000292027645283754	1.29790064570557e-05	1.29790064570557e-05	
0.0761498174067865	0.207629927092674	0.265228014087619	0.223725421393946	0.133000636801955	0.0618152754493353	0.0233862268834393	0.00685536798055805	0.00172196446905013	0.000402874705966444	8.44737286703835e-05	
0.0703453865662666	0.195198316207807	0.263635056344288	0.225246424556174	0.141560122362538	0.0668156979632389	0.0261523779642848	0.00843857034538657	0.00210474024106466	0.000411797003686564	9.15104452636808e-05	
0.0636269116369667	0.186583664552131	0.256468637308836	0.231364007264879	0.146179358269064	0.0728330394040694	0.0298754968281962	0.00989708088757864	0.00245452870416678	0.000631728567292253	8.5546576820826e-05	
0.0579582249588619	0.175951483624396	0.249727957959552	0.231202558522215	0.156809013217262	0.0793500185784808	0.0335872392377515	0.0112996974361696	0.003072084505547	0.000902383353681193	0.000139338606083125	
0.0538527965989106	0.16462069881759	0.246578982330278	0.231307293742527	0.163597714893052	0.0854722997210044	0.0363026438155972	0.0131659359638634	0.00385279659891059	0.00104291218280856	0.000205925335459014	
0.0498750140899236	0.157740838234417	0.236578104590331	0.231631712605343	0.167361769561787	0.0925359873223841	0.0415934543188102	0.0158868032118395	0.00484693370110797	0.00171068248274399	0.000212177672278324	2.65222090347905e-05	
0.0454799013381186	0.150432485835837	0.230302908106001	0.231317754434072	0.172147508921911	0.098339281273733	0.0465485143590674	0.017944633748009	0.00543043598067087	0.00163316329616711	0.000362925176926024	6.04875294876706e-05	
0.0413210890495408	0.140658792774705	0.226649508499357	0.230510096144129	0.177613981660524	0.10402026640076	0.0501539518807732	0.0201990257574635	0.00606375022739063	0.00236486258868235	0.000390775014654063	5.39000020212501e-05	
0.0382146669729606	0.133981054822102	0.215302082348013	0.234449954731565	0.178458981392646	0.109461778576544	0.0572138967339162	0.0226139480831858	0.00741861816412848	0.00223639582179101	0.000594570490385525	5.40518627623204e-05	
0.035209543370921	0.125236339894174	0.209876627174667	0.230429696532775	0.185691744766517	0.115843954459513	0.0608498714583022	0.0245317409578737	0.00898431655263409	0.0025164247725016	0.00075492743175048	7.48126283716691e-05	
0.0329287649489614	0.117894967297009	0.204154237705591	0.227627870063764	0.189130018335568	0.12199310363701	0.0648039188856353	0.0264155332366383	0.0104608521934266	0.00349607290440875	0.000916778413289182	0.000157357488848143	2.05248898497578e-05	
0.0308957500309164	0.110735534578232	0.198139522101763	0.228004726768072	0.190169971282136	0.125781496901494	0.0689709661019278	0.030304904021875	0.0117482171565192	0.00351072454209434	0.00146337441774187	0.000219849677782816	4.8092117014991e-05	6.870302430713e-06	
0.0284606850834783	0.104228014189254	0.192301370988728	0.227295139221782	0.194650267760536	0.129894676290524	0.0710489912755263	0.0333776176845219	0.0128949639105365	0.00408146494459891	0.00120526481585471	0.000417733828222371	0.000116417624258694	2.73923821785162e-05	
0.0278054369620668	0.0995185028576105	0.185403680111304	0.222859520139675	0.19710692510196	0.134716898776479	0.0752458636258235	0.035750821818777	0.0143357931062704	0.00499911339053101	0.00143903536889774	0.000525145608555099	0.000231882476504849	4.77405098686454e-05	1.36401456767558e-05	
0.0248452286797393	0.0967150298633649	0.179534731502441	0.218848010472632	0.201877710202635	0.138782829247007	0.0764243052335888	0.0391564622139799	0.0159407641748711	0.00541358714920773	0.00149316824392506	0.000702266343033245	0.000190907355387678	5.45449586821938e-05	6.81811983527422e-06	1.36362396705484e-05	
0.0223505878510777	0.0887832026997605	0.173422871761376	0.218430219899848	0.201250544306553	0.145969409971696	0.0831428260396255	0.0408297953407359	0.0172749292401481	0.00564037666013499	0.00196630742434139	0.000646364032222948	0.00018370346178968	7.48421510994992e-05	1.36076638362726e-05	2.04114957544089e-05	
0.0202057833381878	0.0830584362362918	0.160277990394971	0.215740596487188	0.203954454010337	0.153375646036402	0.0871158496521733	0.0460472394009388	0.0200906313714599	0.00663817219960577	0.00250624868760626	0.000663817219960577	0.000209982998150795	2.70945804065542e-05	3.38682255081927e-05	6.77364510163854e-06	4.74155157114698e-05	
0.0184963469884763	0.0782506360457681	0.15695024557489	0.206296512972613	0.204350961211412	0.156984258717568	0.0953524441844329	0.0488088597434049	0.0222241874260214	0.00850328566958273	0.00265982775744548	0.000768697024530278	0.000251697255819649	7.4828913892328e-05	1.36052570713324e-05	6.80262853566618e-06	6.80262853566618e-06	
0.017600207301938	0.0721533488809787	0.152428296714537	0.199698593892776	0.202999058958308	0.163045701894358	0.101966640753924	0.0517982079292991	0.0245011797116866	0.00943769349317404	0.00316408221158436	0.000893307693356791	0.000231850851710923	7.50105696711809e-05	6.81914269738009e-06	
0.0172853732817516	0.0684418470656021	0.144085932998601	0.199886136033144	0.200887590199468	0.164656899058907	0.105351606442231	0.0582695420747935	0.026188712376876	0.0100282602134606	0.00351194885724477	0.000974017065876478	0.000260652454248635	0.000150904052459736	2.05778253354186e-05	
0.0145231641372098	0.0660112552802124	0.138599556943737	0.193217936898881	0.20339997523288	0.166180497268737	0.109477551357376	0.0618077245896226	0.0300301333296641	0.0116611857946806	0.00344675757117107	0.0011351596791282	0.000412785337864799	6.87975563107998e-05	2.75190225243199e-05	
0.0129728536137678	0.0591230902993417	0.131943581887688	0.190266219517244	0.201990090947984	0.170848341820892	0.114478532687451	0.0664099697760113	0.0318386949861301	0.0136697994728053	0.00461640375936737	0.00134558853972591	0.00037262451869333	8.97059026483943e-05	2.76018161995059e-05	6.90045404987648e-06	
0.0118526938885847	0.0575583450589516	0.126463391811244	0.183820726272085	0.201225471508481	0.173090919172945	0.118277408488192	0.0701873557402388	0.0350728836703149	0.0141885756666274	0.00593327834422718	0.0018090953829945	0.000339638596807397	9.01081991529829e-05	6.23825994136036e-05	2.07941998045345e-05	6.93139993484484e-06	
0.0115035892309188	0.0537620971661043	0.123852765165716	0.176865081018036	0.198976687355077	0.173706280112745	0.122741978034184	0.0746934921758931	0.0380861137723719	0.0162730314769303	0.00622735035614612	0.00243678926979631	0.00065258743977451	0.000118021132725177	6.24817761486233e-05	2.7769678288277e-05	1.38848391441385e-05	
0.0100527275415168	0.0500594856776791	0.117485973347601	0.174395111614843	0.1976191649478	0.174697819797115	0.127806210445544	0.0778312014698946	0.0416329346502313	0.0180216964329713	0.00676517588753335	0.00233718875615096	0.0010066806991855	0.000105595877536941	0.000133754778213459	4.22383510147764e-05	7.0397251691294e-06	
0.00889769070269123	0.0469639636453655	0.111376737277646	0.171701382749231	0.196244297485589	0.174459808324787	0.129546981645861	0.0828093503554125	0.0445096721717297	0.0210701276655939	0.0079074866499275	0.00290695618347067	0.00103264136931075	0.000332425646284967	0.000205113696643916	3.53644304558475e-05	
0.00898030334421638	0.0447014781422131	0.10663485100698	0.167918098490423	0.194380344780779	0.175476699077679	0.131582519485901	0.0858879926843034	0.0467304408707394	0.0231401770341423	0.00928750544747916	0.00357211747979968	0.0010859237138591	0.000385788687818365	0.000192894343909182	4.28654097575961e-05	
0.00849269166329655	0.0393725807383442	0.101298457449882	0.16410537870472	0.194949159396846	0.176685539314807	0.136439135709746	0.0882705528915593	0.0487535386215264	0.0253408631347854	0.0106591946386273	0.00376971517707551	0.00140100525738055	0.000324975446299613	9.3881795597666e-05	2.16650297533075e-05	2.16650297533075e-05	
0.00800917002511536	0.0377898487237895	0.0953726417849425	0.159190467846504	0.192577828397874	0.179925238011798	0.137192628935226	0.0939854564569827	0.0528444600198587	0.0257505402721804	0.0111850943286023	0.00413235208223819	0.00140178727878045	0.000394252672157	0.000219029262309445	2.92039016412593e-05	
0.0066845408122265	0.0358554385862379	0.0913992241549352	0.152692445373056	0.190513065902997	0.181994842310586	0.14160998809202	0.0954903092421995	0.0572240526581095	0.0280458493750137	0.0123390048435525	0.00387922532381669	0.0013588246896985	0.000628273781258447	0.000168026708941213	8.76661090128066e-05	2.92220363376022e-05	
0.00618532524257614	0.0334769735877818	0.0879503415120335	0.146725588485328	0.186138715445724	0.182950781227098	0.14628587342069	0.0983496027907249	0.0594641339078944	0.0314689414592677	0.0133526807961774	0.00508603758098086	0.00163427432357166	0.000688886934599713	0.00013924310380207	8.79430129276229e-05	1.46571688212705e-05	
0.00577034894418807	0.0315381954411299	0.0844575945593853	0.142801416090736	0.184194837598534	0.18028660381108	0.148306800032385	0.103203868489037	0.0624654993486277	0.0328409400369479	0.0150809247278589	0.00590283144545769	0.00208291932551687	0.000772814590739473	0.00020608389086386	8.83216675130826e-05	
0.0053126337381757	0.0288505526614819	0.0802650413942712	0.138851585673598	0.181699452503579	0.182902173752638	0.151328896300341	0.105256555937606	0.0641057804406535	0.0348494015908387	0.0163068341130115	0.00647108303941679	0.00246447176187595	0.000929710904180748	0.000295146318787539	0.000110679869545327	
0.00494691831318195	0.0268136242996166	0.0765998230610439	0.135011795930404	0.176408139191979	0.182527278089059	0.152396048363315	0.11108817457977	0.0684901209082866	0.0362946033618402	0.018379534060749	0.00729873193748157	0.00225597168976703	0.00106163373636096	0.000331760542612799	9.58419345325863e-05	
0.00465027718581336	0.024994324464852	0.073445086451216	0.129746395119772	0.172777936448653	0.182752231766886	0.156864468220665	0.114872831396328	0.0704498685472827	0.0378246955350016	0.0192382333340657	0.0082093869689713	0.00279748958264678	0.00103258123338533	0.000285607575191687	5.85861692700896e-05	
0.00409851036316747	0.0225381541361348	0.0659122290490141	0.12663739507156	0.169207840501465	0.181780989048722	0.163019893482565	0.118674157467544	0.0742991985622338	0.0403129771550055	0.0200249855711979	0.00848924962923458	0.00317068359646111	0.00126389000504095	0.000452954799494444	0.000116891561159857	
0.00389860701457232	0.0210626989457699	0.0626478404345414	0.121791315013287	0.166822416260258	0.180270420231872	0.161923604824344	0.123536197178985	0.0778407265718541	0.0421034956049412	0.0215445492509418	0.0104254884209912	0.00395701311216891	0.00137254329351984	0.000569459451566744	0.000189819817188915	4.38045731974418e-05	
0.00318199400091957	0.0193619956065129	0.0617423606600448	0.11733237970822	0.164463841308996	0.179490734996825	0.158669109114661	0.126228826238314	0.0833448887396822	0.0451244699717562	0.0227118470891323	0.0114289050583487	0.00451755570314039	0.00162748775735106	0.000605746564395239	0.000116770422052094	5.10870596477912e-05	
0.00348614258323165	0.0190067398756609	0.0576666085642903	0.113343210737319	0.160456975190285	0.178134623206089	0.161183254895125	0.127563767358085	0.087001045842775	0.0490674568589855	0.0239817558538144	0.0119618267387136	0.00472081808145953	0.00155423856835745	0.000740805298936726	9.44163616291906e-05	3.63139852419964e-05	
0.00323016935008129	0.019021309045913	0.0559848059740148	0.109746622350758	0.15542222414066	0.174493892174213	0.163637933267147	0.127962187594423	0.0877253564696911	0.0531862850894232	0.0281506740910203	0.0132588020316254	0.00533085854879786	0.00184889426051424	0.000776967237881469	0.000143882821829902	7.91355520064459e-05	
0.0028001324484243	0.0170815277637811	0.0521371704985531	0.105123738500741	0.153539396207944	0.174025712270195	0.163465829746189	0.129698679834727	0.0921524308604829	0.055426786254157	0.0303119736254877	0.0146269129439542	0.00632729157368883	0.00211629547515872	0.000755819812556686	0.000266336505377118	8.63794071493356e-05	5.75862714328904e-05	
0.00243328213152644	0.0152887638352546	0.0479191489972581	0.0992334084612182	0.151057293386354	0.173351612856917	0.16572876440948	0.131303923398269	0.095070270891055	0.0598271580126043	0.0319484919393043	0.0156763662986836	0.00696966651832498	0.00273475071419343	0.000933117041588309	0.000294290759270159	0.000179445584920829	5.0244763777832e-05	
0.00254729671713558	0.0139743553049601	0.0447708864020149	0.0941211826325882	0.145596611236727	0.171799421849509	0.168071496035948	0.135378803056756	0.0984644666418615	0.0628667105526775	0.0336371962563325	0.0168865737428089	0.00701937662783709	0.0029050631099917	0.00109476516213973	0.000515183605712814	0.000264747130713529	7.87086064283466e-05	7.15532785712241e-06	
0.00243083525210114	0.014192941310655	0.0433487072376159	0.0898553617382254	0.139106507652497	0.170743008675444	0.169046413983362	0.138521966624133	0.100997284022783	0.0655256235698348	0.0352292897826505	0.0183560140004705	0.00732101995280901	0.00313656161561437	0.00140432417790007	0.000498998438847741	0.000178213728159908	9.2671138643152e-05	1.42570982527926e-05	
0.002249094312496	0.0140283699048405	0.0418004142319272	0.0864193137415392	0.135031067394538	0.166532622543612	0.170105550850172	0.141230311528032	0.103849794663383	0.0661489953808158	0.0379427904427726	0.020597718165707	0.00825616899523847	0.00350887182297635	0.00125977751048035	0.000718856093550936	0.000177934676621519	9.96434189080505e-05	4.27043223891645e-05	
0.00216795983569146	0.0132930168872661	0.0405779324509356	0.0834807165677773	0.130783603377453	0.164137380191693	0.165249885896851	0.145788167503423	0.106572341396623	0.0696100524874487	0.0395510041077134	0.0218079643998174	0.0105046211775445	0.00387237562756732	0.0013835006846189	0.000713144682793245	0.000342309447740758	0.000114103149246919	4.99201277955272e-05	
0.0020288902541828	0.0123662289788395	0.0391204332109331	0.0814913772164197	0.126348426181257	0.161411078883825	0.16644758462044	0.145901498806955	0.109938704653588	0.0714469416622612	0.0417922816442584	0.0232179342468102	0.0110160168026404	0.00485790624240952	0.00159310748831959	0.000542942462386946	0.000335767049107717	8.57277572189916e-05	5.71518381459944e-05	
0.00161934578430314	0.0110547338875094	0.0372161646694735	0.0773615459354421	0.123732412105509	0.157220482924898	0.167058908201087	0.147389254741085	0.11280002878837	0.0757925797977617	0.0436647594371874	0.0245492820900356	0.0116305012774839	0.00588002447011407	0.00190722947929037	0.000654935406095937	0.00034546043398467	7.19709237468063e-05	4.31825542480838e-05	7.19709237468063e-06	
0.00139866189871958	0.0108360249163687	0.0339283654400738	0.0738983735148229	0.120537259199446	0.155467758680355	0.16627494520706	0.151084323451378	0.114892144422655	0.078216922367055	0.0456007036567078	0.0256589572038297	0.0123428307763294	0.00573883954319991	0.00264592225170146	0.000850732495097474	0.000439785442380897	0.000122563156073365	5.76767793286423e-05	7.20959741608029e-06	
0.00105011376232425	0.0100052505688116	0.0324003850417129	0.0688553759990666	0.117955486844408	0.155606440697742	0.164948077708418	0.15110699492445	0.117503354530074	0.0813546467533983	0.049311592089143	0.0262090893180095	0.0131847616825156	0.00627880520389709	0.00243568053205764	0.00126888746280847	0.000393792660871594	8.75094801936876e-05	4.37547400968438e-05	
0.0012295051793826	0.00862862317506828	0.0308627886944422	0.0667613950098287	0.113997953278803	0.152053715387957	0.163988014165078	0.150338297981992	0.120116029949863	0.0855941749431262	0.0523091874222356	0.0290958351432337	0.0136055423443056	0.00641993123605763	0.00301854564998123	0.00132521516340639	0.000456463000728868	0.00012515920987727	6.62607581703196e-05	7.36230646336884e-06	
0.00106351550960118	0.00759231905465288	0.0285672082717873	0.0638404726735598	0.11364106351551	0.147887740029542	0.162725258493353	0.150915805022157	0.121691285081241	0.0875553914327917	0.0568020679468242	0.0303175775480059	0.0154505169867061	0.00693500738552437	0.00302806499261448	0.00119645494830133	0.000576070901033973	0.000147710487444609	5.90841949778434e-05	7.38552437223043e-06	
0.0010657035863886	0.00649043086988055	0.0265241781501162	0.0625582806648806	0.10744364352215	0.146845073341129	0.162727017066059	0.149627743816699	0.124598510975267	0.0913840825328222	0.0583842749515253	0.032518760823552	0.0166220156599221	0.00767454596586788	0.00350054025251254	0.00122851941208685	0.000599458267343586	0.000155415106348337	2.22021580497624e-05	2.96028773996832e-05	
0.00117305536375853	0.00651119970896348	0.0255325151643391	0.057880630480136	0.104929059848097	0.143224120394087	0.160589794418335	0.151131107497903	0.126689979285921	0.0938147314965365	0.0626470959455346	0.0347907432567878	0.0173508252221752	0.00835245116600218	0.00357856129956716	0.0012324505720501	0.000408342057004551	0.000141063619692481	2.22732031093392e-05	
0.000965100481807856	0.006265729281891	0.0235707233056919	0.056755332180162	0.0988337131869845	0.142122181720997	0.159456871144238	0.152582386173822	0.127066614204794	0.0964952004810655	0.0652556402699312	0.0372380308980631	0.0185150815509907	0.00884180518333197	0.00392721657597197	0.00137341222411118	0.000534517189924351	0.00017074854678139	2.96953994402417e-05	
0.000835873006479865	0.00622096635796077	0.0219989939935497	0.0556262390152972	0.0955188330325177	0.136121549249933	0.158971210462467	0.155457584992751	0.130470160073379	0.0966579873953309	0.0667662810308607	0.0401293014172856	0.0189217977927035	0.00897268988371749	0.00463798562002545	0.00161996626919549	0.000835873006479865	0.000133147912536616	0.000103559487528479	
0.000898792943361188	0.00571216341689879	0.0205459610027855	0.0516620241411328	0.09408356545961	0.131290622098422	0.156612813370474	0.155223769730734	0.133727019498607	0.101088207985144	0.0682414113277623	0.0423398328690808	0.0212144846796657	0.00959702878365831	0.00459052924791086	0.00190900649953575	0.000973073351903436	0.000185701021355617	9.65645311049211e-05	7.4280408542247e-06	
0.000735720337093682	0.0060641191421055	0.0197604078417384	0.0493824408079547	0.0885762696749454	0.129241539216123	0.151974554480463	0.155571409461809	0.135974495028314	0.105148556055944	0.0718404898857032	0.0433926368514142	0.0236470920467888	0.0110432365749617	0.00459267846791813	0.00208082519582051	0.000668836670085165	0.000215514038138553	6.68836670085165e-05	2.22945556695055e-05	
0.000534092932170198	0.00502937511126936	0.0184781318616106	0.0477716455996677	0.0883107827428639	0.125556346804344	0.150436175894606	0.155821612960655	0.134502403418195	0.10569847486796	0.0742611714438312	0.0451160168535992	0.025621624829387	0.0133968310486025	0.00620883033647855	0.00218087947302831	0.000689870037386505	0.000281882380867604	5.9343659130022e-05	4.45077443475165e-05	
0.000495371602638039	0.00447313163576139	0.0173971549404075	0.0441472214828616	0.0838287049359714	0.122556413213853	0.150304616567592	0.155642800106468	0.136508147753823	0.109100050276521	0.076472066956496	0.0454706769585662	0.0270827788128826	0.0155191790139887	0.00697217046698016	0.00283914470765682	0.000731966994942773	0.000347499482447579	5.17552420666608e-05	3.69680300476148e-05	2.21808180285689e-05	
0.000511004854546118	0.00396393765740775	0.0162791546519692	0.0420556995291455	0.0795415556447786	0.120195641858598	0.148848414059934	0.156776289374749	0.140219732087455	0.109844143519363	0.0792203525933496	0.0478811548709713	0.0272584589553601	0.0150892433478118	0.00750447129247728	0.00331423148519911	0.00113151074935212	0.000292002774026353	3.65003467532942e-05	2.92002774026353e-05	7.30006935065883e-06	
0.000486363669359815	0.00391268683261105	0.0144747635328876	0.0384009524016928	0.0768599780773391	0.115210116364323	0.146257540451665	0.157364054095255	0.14053006380801	0.115028637383218	0.0809396255725662	0.0515255123151637	0.0294721865313559	0.0158757812670137	0.00766567216185021	0.00362957962208817	0.00166234746691638	0.000602510217266636	7.25915924417634e-05	2.1777477732529e-05	7.25915924417634e-06	
0.000395188756520614	0.00349921680773708	0.0145357609898401	0.0366950723554687	0.0726931754494374	0.113491025622602	0.144373230632158	0.154971474557029	0.141915875091612	0.115495710405679	0.0839596476353342	0.0539109316395304	0.0322042910313708	0.0165907425237473	0.00910371190021125	0.00365729231034532	0.00163105177691235	0.000740080762211333	7.90377513041229e-05	5.7482000948453e-05	
0.000507302295007002	0.00290805681785704	0.014018691588785	0.0354611449312641	0.0689788219154591	0.108905656063334	0.142223270170625	0.15252650833119	0.144931264111578	0.117994226756981	0.0862199548429506	0.0565892137528938	0.0344108148275172	0.0184272199834234	0.00883849209751636	0.0046657520935151	0.00166480893995256	0.00051444739775358	0.000150047157678127	6.43059247191975e-05	
0.000603033613803085	0.00314286930487961	0.0122167515643401	0.0342594037771188	0.0666245725555855	0.105310952509329	0.138314627467117	0.15306412020943	0.144905430140329	0.119968216581296	0.0895895114718277	0.0596222881223662	0.0359833704612852	0.0196163287313592	0.00928671765256751	0.00481717439732111	0.00190842402485917	0.000574655561388822	0.000141890262071314	4.25670786213942e-05	7.0945131035657e-06	
0.000353942208316226	0.00338368751150312	0.0112836776011213	0.0313309642801523	0.0644457972902185	0.105050047428256	0.13483782368015	0.149979471351918	0.145668455254626	0.122612659804907	0.0914091147197486	0.0620885421828324	0.0384735180439738	0.0201393116531933	0.0106253450936531	0.00481361403310067	0.0025413050557105	0.000722042104965101	0.000198207636657087	4.24730649979471e-05	
0.000418134270710049	0.00266472009808438	0.0111549718999596	0.0288441776574559	0.064045413634012	0.100104179216601	0.133243091925756	0.150705512994054	0.14249165503214	0.124937102683855	0.0930100706576047	0.0647895508954452	0.0407291127757737	0.022090246132258	0.0111407978568847	0.0056979653161166	0.00266472009808438	0.00096383492909435	0.000170088516899003	9.21312799869599e-05	4.25221292247507e-05	
0.000380691872228528	0.00265074340662827	0.0105324751316559	0.0278680550170254	0.0590988882387361	0.0987542915958744	0.130838156605356	0.150711682305583	0.144395017166384	0.124281796583643	0.0948345752818177	0.0661416878749639	0.0418549563966809	0.0239694882514258	0.0130210720001128	0.00621091739691358	0.0026154941591997	0.00134652125177127	0.000415941119657095	5.63987958857078e-05	2.11495484571404e-05	
0.000517612825606446	0.00304272404241627	0.010667021068241	0.026901877395708	0.0553705828040626	0.0951078593212277	0.129403206401612	0.149030525167175	0.146470440110797	0.124709717131586	0.0983394420973112	0.0664712794829468	0.0436473517808679	0.0255029238129879	0.0136467921994348	0.00647715508799418	0.00280490193335385	0.0011331524020033	0.000587560504742453	0.000132900590358412	3.49738395680031e-05	
0.000609798836475783	0.00317515945889115	0.0114740309805846	0.0270554426298451	0.0501296698675265	0.0885469965655008	0.127798415924862	0.148671760005607	0.14988434849653	0.12594098268732	0.0994042195275811	0.0696782785448938	0.0442279385995654	0.0262704142426579	0.0147192822597603	0.0072685217635102	0.00271956262704142	0.00123361603700848	0.000862129389500245	0.000301394827223663	2.80367281138291e-05	
