# <P(N_2)> as a function of N_tot.
# number_of_species: 2
# species_total_upper_bound: 100
# species_total_lower_bound: 0
# volume: 512
# Bin widths for each species index 
1	1	1	1	1	1	1	1	1	1	1	1	1	1	1	1	1	1	1	1	1	1	1	1	1	1	1	1	1	1	1	1	1	1	1	1	1	1	1	1	1	1	1	1	1	1	1	1	1	1	1	1	1	1	1	1	1	1	1	1	1	1	1	1	1	1	1	1	1	1	1	1	1	1	1	1	1	1	1	1	1	1	1	1	1	1	1	1	1	1	1	1	1	1	1	1	1	1	1	1	1	
# Bin lower bound for each species index 
0	0	0	0	0	0	0	1	2	2	3	4	4	4	5	7	8	9	9	10	11	11	12	13	13	15	15	16	17	18	19	20	20	21	22	23	24	25	26	26	27	28	29	30	30	30	31	31	32	34	35	36	37	37	38	39	39	40	41	42	43	44	44	44	45	46	49	50	50	51	52	53	54	55	56	57	57	58	59	60	61	62	62	63	64	64	65	66	67	67	68	70	70	71	73	73	74	75	76	76	77	
# Bin upper bound for each species index 
0	1	2	3	4	5	6	7	8	9	10	11	12	13	14	15	16	17	18	19	20	21	22	23	24	25	26	27	28	29	30	31	32	33	34	35	36	37	38	39	40	41	42	43	44	45	46	47	48	49	50	51	52	53	54	55	56	57	58	59	60	61	62	63	64	65	66	67	68	69	70	71	72	73	74	75	76	77	78	79	80	81	82	83	84	85	86	87	88	89	90	91	92	93	94	95	96	97	98	99	100	
# Normalized histogram for each species index 
1	
0.0789169733805211	0.921083026619479	
0.00627253159375124	0.146035099766266	0.847692368639983	
0.000442961890093959	0.0171249990922912	0.202053336308418	0.780378702709197	
5.89407096196536e-05	0.00184371837731591	0.0316226840936906	0.247837074633508	0.718637582185866	
1.98501709099715e-06	0.000172034814553087	0.00407590176018082	0.0494712576141947	0.285270776181383	0.661008044612597	
6.59561431221923e-07	1.25316671932165e-05	0.000505224056315993	0.00783558980291645	0.0678873389928101	0.315340277635789	0.608418378283544	
6.62349034096404e-06	5.69620169322907e-05	0.00106969369006569	0.01221570323584	0.0873313824946449	0.339400892051679	0.559918743020497	
1.39341379745072e-05	0.000132706075947687	0.0019421534214944	0.0180248027655946	0.107641215853068	0.356234863213212	0.516010324532709	
2.65502350359557e-06	2.52227232841579e-05	0.00027545868849804	0.00320925965997114	0.0254172037557962	0.127411922914048	0.369148494137044	0.474509783097855	
5.98389932155879e-06	4.32170506557024e-05	0.000582432867298389	0.00501384275376387	0.033606908345279	0.146523088543093	0.377734974428804	0.436489552111785	
8.65857955336383e-06	9.52443750870021e-05	0.000947115394221797	0.00724256877409833	0.043147700048155	0.164650216697604	0.381163992830696	0.402744503300584	
4.65280131873683e-06	2.7916807912421e-05	0.000112331917552361	0.00134997706833636	0.00991910772564425	0.0523971897080035	0.18101324719004	0.38418911643303	0.370986460348162	
6.64554270159918e-07	8.63920551207894e-06	2.52530622660769e-05	0.000218638354882613	0.00200628934161279	0.0131614973205172	0.063156579618918	0.197243030154815	0.383160726437564	0.341018681949643	
1.332819753455e-06	2.66563950691e-06	3.0654854329465e-05	0.000360527743309578	0.00293420268723119	0.0173159942368874	0.0733943853635066	0.212684712157582	0.379180555759181	0.314094968738713	
1.33066047998254e-06	5.05650982393366e-05	0.000558212071352676	0.00406583309658666	0.0214030084902792	0.0847797058308877	0.22640655802711	0.373175082317984	0.289559704407081	
1.99363366316895e-06	0.000103668950484785	0.00087188245535922	0.00551372616777092	0.0265964021557825	0.0961629197429542	0.23763980356063	0.367371526924023	0.265738076409333	
9.97249585642797e-06	0.000166873097330895	0.00129376512910726	0.00720546067279776	0.0320176951966476	0.108073932095281	0.24820212520535	0.358560423684811	0.244469752422818	
6.65718683261702e-07	2.13029978643745e-05	0.000250975943589662	0.00175283729302806	0.00911635164858575	0.0379379763217179	0.118303535765071	0.256848913813396	0.350456949304191	0.225310491193873	
3.98972247490465e-06	5.38612534112127e-05	0.000375698866386854	0.00218171324002702	0.0113793534521739	0.0442387077554885	0.129310230180389	0.264515275317449	0.339549320949235	0.208391849262965	
9.97599774941491e-06	6.45114521128831e-05	0.00052872788071899	0.00287441748486475	0.014243064520098	0.0511515959268666	0.140271839288006	0.270856319694814	0.329504545397108	0.190495002357661	
1.32937357258513e-06	1.26290489395587e-05	9.4385523653544e-05	0.000662028039147393	0.0039322870277068	0.0171416075316989	0.0589929463438239	0.149917445901142	0.275025457503915	0.319306226519939	0.174913657186461	
6.64483174953769e-07	2.32569111233819e-05	0.000163462861038627	0.000994066829730838	0.00491053066290835	0.0205916691086423	0.0656290097406589	0.160165031041332	0.278849035402999	0.30737330465424	0.161299968304153	
5.99594274540894e-06	4.26378150784636e-05	0.000228512040186141	0.00135175198115942	0.00618115075465602	0.0239797736864722	0.073347701388727	0.169901033633908	0.28077867309787	0.294841823699297	0.1493409459599	
6.6497408595987e-07	1.19695335472777e-05	5.58578232206291e-05	0.000331157094808015	0.00170765345274495	0.00785799877378779	0.0279129522322515	0.08093000615766	0.178285537212615	0.28127339877565	0.284589624542332	0.137043179427298	
9.96299081013728e-06	6.5755739346906e-05	0.000478223558886589	0.00221111976046313	0.00951133522674439	0.0322316036695688	0.088684566397356	0.187189984935958	0.28224887285364	0.271255708793734	0.126112866073492	
2.65786382168923e-06	9.96698933133462e-06	9.76764954470793e-05	0.000611308678988523	0.00271035663216759	0.0112500730912551	0.0370997921550491	0.0967748151455712	0.1949782320953	0.28140531891708	0.259790905853148	0.11526889608284	
3.99642187028547e-06	1.86499687279989e-05	0.000129217640472564	0.000784630827199381	0.00336831756633894	0.0134033328826258	0.0414635429745235	0.104700258368674	0.201592174473122	0.278695141616539	0.249465312057271	0.106375425202635	
2.66740464861945e-06	2.80077488105042e-05	0.00019472053934922	0.00100894580834031	0.00426851428895328	0.0156996769106119	0.0465882227416252	0.112263059446447	0.207204659955921	0.277047316424211	0.237476368461941	0.0982178402691411	
3.33654976730902e-06	2.66923981384722e-05	0.000272929770965878	0.00123785996367165	0.00505353827756624	0.0179746609064471	0.0514402550725566	0.119539903133287	0.213355674870575	0.273248077813679	0.226326845745966	0.0915202254973795	
2.66366560342015e-06	4.46163988572875e-05	0.000329628618423243	0.00152228489235461	0.00615240162749968	0.0203264322196991	0.0571675911806032	0.126766509732368	0.217218600376909	0.269489042345624	0.216839028028421	0.0841412009136373	
3.32910980269698e-06	6.65821960539396e-05	0.000431452630429528	0.00195751656398582	0.00731605170240688	0.0230034829146756	0.0623282595480534	0.133858844412722	0.221895821501122	0.265636329376797	0.206341554680961	0.0771607753629895	
6.67033535110978e-07	8.67143595644271e-06	0.000107392399152867	0.000482265245885237	0.00229993162906265	0.00844264345389964	0.0262511047742925	0.0677966214751447	0.141040905831541	0.22503576967332	0.26169726683009	0.195706305134491	0.0711304550836293	
1.33564132153695e-06	1.4024233876138e-05	0.000117536436295252	0.000620405393853913	0.00272604393725691	0.009922479377698	0.0296338740009403	0.0737073663290165	0.146989998717784	0.228721898106595	0.256438458990469	0.185711576270462	0.0653950025644313	
4.68256866986954e-06	2.0068151442298e-05	0.000160545211538384	0.000860254758493176	0.00335405704438941	0.0114549008432637	0.0333840388626442	0.0793956275511637	0.153871882245439	0.231555027540193	0.250143487282812	0.176018425238778	0.0597770027011732	
2.01064974146395e-06	4.02129948292791e-05	0.000231894936848843	0.0010931232427759	0.00403135273163523	0.0132253837827694	0.0370214234729953	0.0856396044381742	0.160465934566755	0.231976033055082	0.244684679854295	0.166156073335098	0.0554322729390002	
5.34677155250195e-06	7.08447230706509e-05	0.000334173222031372	0.00133134611657299	0.00462027896780575	0.014944226489243	0.0407611129304987	0.0918388215715498	0.16582544127574	0.23310186268154	0.238166592034647	0.157823997647421	0.0511759555683284	
1.93522985859476e-05	0.000103434699338685	0.000405730949664004	0.00154217800110775	0.00537927168625253	0.0169285900182179	0.0448479509919721	0.0975055554443355	0.171578813904293	0.233404069321268	0.231526896358431	0.149593268069375	0.0471648882571587	
1.46550989085948e-05	0.000122569918144611	0.000482285982264666	0.00186785896998636	0.00632567360163711	0.0195039382247613	0.0493590392650068	0.103884000895293	0.176429405056276	0.232774929655525	0.224855180977149	0.140644318084925	0.0437361442701228	
7.31854986261086e-06	1.66330678695701e-05	0.000141048415533955	0.000578830761861041	0.00220221818593109	0.00762193702055182	0.0219137342568013	0.0539084382879916	0.109277259934931	0.180885943727005	0.232350651683599	0.217605104355868	0.133627405973267	0.0398634757789266	
5.31471058743496e-06	3.72029741120447e-05	0.000174056771738495	0.000726786672831731	0.00262280967489915	0.00888353874689754	0.0245081235351329	0.0583900678688542	0.11457785253804	0.184569933619265	0.230783335193482	0.212450241022125	0.126021753110434	0.0362489835616002	
4.65116897165312e-06	4.05316153244057e-05	0.000192691285968486	0.000890366631716454	0.0032431936786627	0.009889714139155	0.0269887401843723	0.0630113794171155	0.12027922960695	0.187872674913854	0.230041501716281	0.205416219822219	0.118853978543493	0.0332751272759166	
2.65678166767514e-06	4.25085066828022e-05	0.000265013971350595	0.00111850508209123	0.00373211404766665	0.0114341241022569	0.0296994980675234	0.0671501566504891	0.125776029320242	0.191321489843456	0.228736946069325	0.198259675168589	0.111938182004157	0.0305231003845027	
8.62286252503947e-06	6.16866319098977e-05	0.000323025696130325	0.00132062456056566	0.00435653546649686	0.0126829041800984	0.0324179833114445	0.0715438903702525	0.130230429418554	0.194907204733288	0.226033748557329	0.191657048858466	0.106083097862857	0.0283731974900837	
1.98992302977721e-06	1.98992302977721e-05	0.000106792535931377	0.000409260836457513	0.00147784950344787	0.00496950111303028	0.0141994274328136	0.0355241059275827	0.0759978137378979	0.135128376567728	0.198282563763767	0.22352871724255	0.183820466491023	0.100075219090526	0.0264580166039178	
1.32738047436596e-06	4.64583166028086e-06	2.25654680642213e-05	0.000115482101269839	0.000499095058361601	0.00172824937762448	0.00579600684131897	0.0156969377996147	0.0390229948756477	0.0801751080321784	0.140791264774574	0.200055484503828	0.220051143969677	0.177432939079209	0.09447564157276	0.024131113333736	
1.98654184120644e-06	3.97308368241288e-06	4.50282817340126e-05	0.000129125219678419	0.000574110592108661	0.00207990930774314	0.00634700118265458	0.0176769114836686	0.0419498040607564	0.0854755979822032	0.146157829424923	0.201226093624393	0.216701254567391	0.17111674111784	0.0882031199301797	0.0223115135992033	
4.62855208311293e-06	6.61221726158989e-07	6.61221726158989e-06	4.69467425572882e-05	0.000157370770825839	0.000709490912168596	0.00235791667548296	0.0073521243731618	0.0199186432788134	0.0455396627240219	0.0905701847189014	0.150773100442225	0.202280289244832	0.212842645098496	0.164038530712427	0.0830494488055691	0.0203517435094475	
6.61299122125415e-07	1.32259824425083e-06	1.12420850761321e-05	6.54686130904161e-05	0.000218890009423512	0.000863656653495792	0.00275364954453023	0.00838725676591664	0.0218638715757105	0.0493448178947542	0.0960437780018847	0.154462942450444	0.202759601236629	0.208938780233769	0.157641807330501	0.0781186039975532	0.018523649709855	
3.31629421366353e-06	8.62236495552518e-06	7.42849903860631e-05	0.000283211525846865	0.000934531709410383	0.00323537663485014	0.00936654137707127	0.0239913988593274	0.0528550971773693	0.100451878249554	0.158668759911574	0.203615821907042	0.204553669910666	0.151390820630268	0.0732668880624684	0.0172997803949972	
6.63370599282366e-07	2.91883063684241e-05	9.41986250980959e-05	0.000284585987092135	0.00111379923619509	0.00374870725654465	0.0103857301023647	0.0261142470113496	0.0570047623375322	0.10492665442969	0.161705207392867	0.203779487652351	0.200366445919044	0.145422776033482	0.0688313333815383	0.0161922129578833	
3.98393676695564e-06	3.12075046744858e-05	9.89344297127316e-05	0.000330666751657318	0.00132465897501275	0.0041067748172701	0.0116915264320925	0.0288211265510794	0.0605631427417984	0.109551621196668	0.165226473525412	0.203476914414414	0.195855643379228	0.139341508371579	0.0650570234149244	0.0145187935577087	
5.98749412061341e-06	3.59249647236805e-05	0.000119749882412268	0.000415798202820376	0.00162660256943331	0.00475540088601607	0.0129316567462759	0.0312148026821313	0.0643482645913569	0.113819602124363	0.168851325864045	0.203956669170326	0.191326382961455	0.132800623763832	0.0602554797213553	0.0135357283753334	
1.33242018136904e-06	5.32968072547614e-06	5.99589081616066e-05	0.000145233799769225	0.000502988618466811	0.001828746698929	0.00528104738885617	0.0143328438909867	0.0336735890336489	0.0684490895572901	0.119105706222669	0.171499132594462	0.202468574870022	0.186550150963207	0.126927678897396	0.0567217933309705	0.0124468031242588	
3.33051128010865e-06	9.32543158430423e-06	4.86254646895864e-05	0.000193169654246302	0.000651448006389253	0.00211887127640513	0.00606952375687001	0.0160051050076901	0.0364364595066447	0.0730554310314394	0.122155826629569	0.173831373549479	0.201178867772707	0.181389635848558	0.121568324439758	0.0538450419677726	0.0114396401449172	
2.66188060533827e-06	1.46403433293605e-05	8.05218883114826e-05	0.000249551306750463	0.000763959733732083	0.00240234724631779	0.00696081778295957	0.0173681054796809	0.0395994668253148	0.0766282224560241	0.126006107685049	0.175761979960032	0.199452051877391	0.177176769501769	0.116483895289603	0.0503015577990773	0.0107473429440533	
6.65301468054219e-07	3.99180880832532e-06	2.1289646977735e-05	0.000112435948101163	0.000286744932731369	0.000916785422978714	0.00290004909924834	0.00791243035956883	0.0194933330139886	0.0424967965734313	0.0806997374720407	0.130268688650888	0.176456577769084	0.19787928504043	0.172390920497805	0.111106010466523	0.0472896283492939	0.00976462964663178	
1.9926524262868e-06	9.96326213143403e-06	2.52402640662995e-05	0.000118894928101779	0.000308861126074455	0.00108001761504745	0.00336359729557213	0.0090353503182598	0.0212835205651694	0.0452630998631048	0.0841543614844198	0.133208814697273	0.178629334102054	0.19590430220301	0.167965322534043	0.106535169318998	0.0441332659374002	0.00897889183284834	
6.63143165978103e-07	1.12734338216278e-05	2.65257266391241e-05	9.81451885647592e-05	0.000368044457117847	0.00130970775280675	0.00369503372082999	0.0100883969840249	0.023381101746056	0.0484021565415758	0.0875474976292632	0.137366791116534	0.180416056022335	0.193938208319794	0.163021810778729	0.100960894447502	0.0409291962041685	0.00843849678707136	
1.32982525431246e-06	7.31403889871851e-06	3.59052818664363e-05	0.000129657962295465	0.000429533557142924	0.00140496038118111	0.0042168758814248	0.0110781092810499	0.0255931519318704	0.0513691548362087	0.0925658113895544	0.140209460775807	0.181336301503301	0.190784709935191	0.158389501827512	0.0959661745648313	0.0388315623385509	0.00765048468805957	
2.66736907385612e-06	1.40036876377446e-05	5.26805392086583e-05	0.000161375828968295	0.000523471180744263	0.00169111199282478	0.00458654112249559	0.0122892361655236	0.0275005751514566	0.0547890944615415	0.0963046935693066	0.143683836743676	0.182280667242374	0.1879915044295	0.152967614805232	0.0918468530046246	0.0363355683663365	0.00697850433947606	
5.34839083633456e-06	7.35403739996002e-06	6.28435923269311e-05	0.000163794469362746	0.00063913270494198	0.00186792549958985	0.00517590523186277	0.0133402238435275	0.0295438424310576	0.0582560100870651	0.0995275365244953	0.147493911191307	0.182937028714842	0.184976771270049	0.148516122389902	0.0875899281777966	0.0335090056873451	0.00638731575629255	
3.34814328714012e-06	4.01777194456814e-06	8.7051725465643e-06	5.95969505110941e-05	0.000187496024079847	0.000711145634188561	0.00207250069473973	0.0059021069865706	0.0144532649419265	0.0318790114941759	0.0615087403280511	0.103319014440542	0.150170253086151	0.181749270941799	0.182847461939981	0.14420051360518	0.0832201102878399	0.0318234323156094	0.00588000924087547	
2.00728510674742e-06	6.02185532024227e-06	5.35276028465979e-06	1.47200907828144e-05	6.02185532024227e-05	0.000243550592952021	0.000863801690936974	0.00240740393802574	0.00650226555579048	0.0156755584936262	0.0342777386728901	0.0646098239209504	0.106749429261935	0.152580431914227	0.18260473344592	0.180101648917806	0.139001817262117	0.079310510947733	0.0297633544678152	0.00521961037257888	
1.33673041088419e-06	1.33673041088419e-06	9.35711287618936e-06	1.73774953414945e-05	7.55252682149569e-05	0.000325493855050301	0.000922343983510094	0.00275099118559967	0.00735001216424674	0.0172418172047898	0.0362367563434542	0.0681819397027646	0.110590380353271	0.154936411734354	0.182471053102952	0.176877504698607	0.13444567126591	0.0750781318925162	0.027466468117643	0.00502009105807559	
1.3370637411712e-06	0	4.6797230940992e-06	1.60447648940544e-05	0.000104290971811354	0.000344293913351584	0.00112112794697205	0.00319691940514034	0.00807519646480347	0.0186934881653146	0.038616406440636	0.0716438864431765	0.114694664781407	0.156495288521642	0.182272540387682	0.174104417992867	0.129236570030385	0.0711204259885079	0.0256415398963107	0.00461688109826416	
2.68340395158066e-06	3.08591454431776e-05	0.000122765730784815	0.000453495267817131	0.00136585261135456	0.00367223830773813	0.00893171005283622	0.0204300959853593	0.0413505840428701	0.0753915757216344	0.117781978795742	0.158726697990935	0.181734203471788	0.170390784117469	0.123823662792726	0.0674024113067909	0.0241747861997902	0.00421361505496953	
8.05456700661414e-06	3.49031236953279e-05	0.000177200474145511	0.000516163502340523	0.00152432680600173	0.00400916072754219	0.0100628390469299	0.0223849841392151	0.0445296736960663	0.0787528576932525	0.12107960731301	0.160673845075773	0.180614268128481	0.165641499277103	0.119271357020025	0.0641727489834465	0.0225682255386156	0.00397828488735017	
2.01388506623668e-06	9.39813030910451e-06	5.77313718987848e-05	0.000170508935608039	0.000592082209473584	0.0018225659849442	0.00461313939172615	0.0110864372896329	0.0240592135913075	0.0473907433786816	0.0821913486182735	0.124259393766891	0.162829991850478	0.178587299903736	0.161202101421937	0.115491609483519	0.061204652343021	0.0208712335314549	0.00355853491204021	
4.02658350429536e-06	1.2750847763602e-05	6.77808223223052e-05	0.000219448800984097	0.000709349794006699	0.00207033501845853	0.00503725596387349	0.0120690129568746	0.0259446197126764	0.0501383466982351	0.084750858501158	0.127266882625762	0.163846380470533	0.177211953315791	0.158384319946956	0.111558509278255	0.0578754269017386	0.0196094616659184	0.00322328009518843	
3.34799532084174e-06	2.74535616309023e-05	7.56646942510233e-05	0.000275874814437359	0.000806197273258691	0.00214539540159539	0.00568288725759677	0.0130056226233418	0.0278888010226117	0.0529304668243796	0.0873210747600659	0.130141934913632	0.165194776323781	0.175871533401945	0.15525591741433	0.107107727106241	0.054817396987206	0.0184146438636937	0.00303328376068262	
7.36700052573595e-06	2.81285474619009e-05	9.64407341550888e-05	0.000334193932940203	0.000836489423331291	0.0023915962615821	0.00630548272270945	0.0140455213659758	0.0298283154013843	0.0553040729466997	0.0911646223240208	0.132694413469556	0.165838548834842	0.175279025144912	0.151112584511216	0.102616959504938	0.0522742265486607	0.0170914412197074	0.00275057010538159	
8.6990095843011e-06	3.88109658376511e-05	0.000127139370847478	0.000355990238372937	0.00103116721303138	0.00279104376739384	0.00673169510908223	0.0152694384387821	0.0316777779785242	0.0582632895773151	0.0951397295143343	0.135634288283839	0.165900819245956	0.17330233809303	0.146576973186307	0.0993165924239656	0.0495181083267589	0.0158308591342612	0.00248524012277648	
1.47300550033645e-05	3.95033293272047e-05	0.000162700152991708	0.000426502047142871	0.00119982993481951	0.00322789068960092	0.00753442313422093	0.0166871436749479	0.0340050015232216	0.0614504417342631	0.0985172860543204	0.138015928545842	0.166407440016873	0.170104014274762	0.143242419880218	0.0953463069408689	0.0464800190151619	0.0148539213749837	0.00228449762143089	
8.03899986802642e-06	4.22047493071387e-05	0.00017149866385123	0.000484349742048592	0.00132844472819137	0.00355658752494602	0.00806780628422018	0.0177782482081404	0.0360301274918387	0.0645679071066769	0.102294263570669	0.140376345778822	0.166481658016926	0.167973562409101	0.139890656203462	0.0913397864171718	0.0434762511195982	0.0138960811885393	0.00223618179662268	
1.33702888116086e-05	6.28403574145605e-05	0.000193200673327745	0.000568237274493366	0.00145936702378708	0.00365677398997496	0.00887653474202696	0.0192980063562353	0.0386207477467721	0.0676636891033483	0.10515531595998	0.142244497123382	0.166870563571044	0.165780885032898	0.135535286197717	0.0872397974668651	0.0415949684929144	0.0131590382483852	0.00200688035062245	
1.33357248733273e-06	1.93368010663246e-05	8.46818529456283e-05	0.000240043047719891	0.000649449801331039	0.00160228734353027	0.00407139680382682	0.00987043676499319	0.0208504058394472	0.0410080207717251	0.0702239268242105	0.106925175248094	0.144692614875601	0.166923935025681	0.16381204362649	0.132104357381424	0.0833982894265705	0.039697119016677	0.0119661459288366	0.00185900004734182	
3.33083298803698e-06	2.8645163697118e-05	8.12723249081023e-05	0.000227162809784122	0.000656840265240893	0.00168673382514193	0.00446931170334802	0.0104768020805715	0.0225430776630343	0.0427752233989685	0.0723703406642747	0.110307862231418	0.146314166832098	0.167111888009401	0.162311491507042	0.127950618402453	0.0802983893424003	0.0374658756160376	0.0111363070122028	0.00178466031499021	
3.9979583759227e-06	2.79857086314589e-05	6.99642715786472e-05	0.000234546891387465	0.000710303938122266	0.00193101389557066	0.00492015410796886	0.0114734742125021	0.0238364941636471	0.0440941492544474	0.0762110815410264	0.112563184400499	0.148203650669058	0.167224603968907	0.159458569823677	0.1243358391648	0.0773524986573523	0.0353412857167606	0.0103993560621709	0.00160784559351691	
1.99905244913911e-06	2.26559277569099e-05	7.3964940618147e-05	0.000287197201859652	0.00083027311720911	0.0022029557989513	0.00548340086798857	0.012521398190591	0.0253033395503864	0.0472529354419339	0.0784834655040178	0.115302013512262	0.14944183123866	0.166387132499195	0.156548462695349	0.121167899748852	0.0739669396705961	0.0333108773108213	0.00996794186222397	0.00144331586827844	
6.0025330689551e-06	2.86787691072299e-05	8.73702035592353e-05	0.000334141007505167	0.000970409512814408	0.00228162951432171	0.00609190411687065	0.013170891449525	0.0270234038764359	0.0498577066188598	0.0812923053528589	0.117966448507937	0.150759620559876	0.165505843465943	0.154509202883617	0.11805181786714	0.0706518150659578	0.0311331381843138	0.00901113603273915	0.00126653447754953	
8.00798128801706e-06	3.26992569260697e-05	0.000110777074484236	0.000412411036332878	0.000989653020844108	0.00264263382504563	0.00653918405343993	0.0143723244166686	0.0287559934734953	0.0522220479744812	0.0842212738696234	0.12097256932743	0.152049542710902	0.165377492901258	0.151555717198141	0.113538493365054	0.0670628392964988	0.0296635646861372	0.00838368907677986	0.00108908545517032	
6.66571569122805e-07	6.66571569122805e-06	5.19925823915788e-05	0.000148645459914386	0.000384611795383859	0.00113650452535438	0.00301756949341894	0.00728029467795928	0.015567112425294	0.030667624752202	0.0549521601584841	0.0875615078915408	0.12315509653956	0.153275466033513	0.163865955123736	0.147674931709743	0.109861659736544	0.0644008121507998	0.0280646627747775	0.00785287965583577	0.00107318022628772	
6.6576965302083e-07	1.26496234073958e-05	5.59246508537497e-05	0.000141808936093437	0.00045738375162531	0.00131223198610406	0.00346133642605529	0.00793464272470225	0.0168406433731619	0.0326160553014905	0.0577089135238455	0.0902271006863419	0.125690652793802	0.15419358317893	0.162177492857956	0.144685060994487	0.106301443188877	0.0614864905350857	0.0261867177622683	0.00750655283780986	0.00100264909744937	
1.9921734147114e-06	1.12889826833646e-05	7.30463585394181e-05	0.00017995966512893	0.000524605665874003	0.00151537991079047	0.00390864423966377	0.00869318072399566	0.0182403397850976	0.035198383948926	0.0603117220147779	0.0930537561433648	0.128345108184977	0.153981723801093	0.16073319950355	0.141424390710363	0.101805373954192	0.0588554432486239	0.0251910328290257	0.00701577070880866	0.000935657447109456	
1.32580453133473e-06	3.97741359400418e-06	1.78983611730188e-05	7.88853696144163e-05	0.000239970620171586	0.00062113942293032	0.00156776385830331	0.00423130516175478	0.00951993943724901	0.0198552486612689	0.0372557702327715	0.0633303679505316	0.0961466817101287	0.128776719933073	0.155075378616629	0.159124385655325	0.137988409816787	0.0984595477150422	0.0565714164497871	0.0237252720882349	0.00650837444432218	0.00090022127677628	
1.32551280776751e-06	3.97653842330252e-06	3.51260894058389e-05	7.62169864466315e-05	0.000254498459091361	0.000735659608310965	0.00171985286807834	0.00466911886536104	0.0103754515028001	0.0211691022964509	0.0390303873811181	0.0658991947509693	0.0979328627762866	0.132213937767174	0.155710640554064	0.157061338105179	0.134874904728767	0.0950452331245651	0.0540902011465686	0.022092321967061	0.00617688968419657	0.000831759286874109	
1.32739368903944e-06	6.63696844519722e-06	3.18574485369467e-05	0.000108846282501234	0.000267469828341448	0.000777189004932595	0.00200834665151668	0.00515758817876276	0.0112270958218956	0.0220300893601431	0.0414372487907443	0.0680010512958017	0.101889412176979	0.134988637510022	0.155509480245727	0.154673222221632	0.131096719213758	0.0921682444952984	0.0513462426794238	0.020763092083955	0.00572836746504972	0.000781834882844233	
3.98670301653884e-06	9.96675754134709e-06	4.71759856957096e-05	0.000128903397534756	0.000320929592831376	0.000850496643528285	0.00227707187294643	0.00565447377845758	0.0120737300855879	0.0237188895968978	0.0428663597348311	0.0708722839755137	0.10485959164201	0.137057534104583	0.155005006634538	0.152856173708624	0.128316023290319	0.0886835441524037	0.0489925933702458	0.0193674032543457	0.0053275641311014	0.00071029758744667	
1.99330647685074e-06	3.98661295370147e-06	1.66108873070895e-05	5.18259683981191e-05	0.000115611775657343	0.00036211734329455	0.00097672017365686	0.0027069101955633	0.00629751959586376	0.0130302444391733	0.024718993619426	0.045105867829163	0.0737403798046161	0.107200022325033	0.137351440529369	0.154751012765799	0.15186204724535	0.125515851105322	0.0859812748789565	0.0465510150248798	0.0182214789403849	0.00484639248071642	0.000590683152640101	
3.32426031883646e-06	2.65940825506916e-06	1.92807098492514e-05	4.91990527187795e-05	0.000126321892115785	0.000407554315089349	0.00116548566778406	0.00288678766087758	0.00656474927763823	0.013899397245119	0.0265462132021004	0.0476572607829032	0.0766388270945832	0.109933953595985	0.138862996594628	0.154778225297089	0.149878265587124	0.12208013594895	0.0827049373243959	0.0437818381032037	0.017127918866773	0.00438137510022645	0.000503293012271839	
1.32846495210552e-06	2.72335315181631e-05	4.98174357039569e-05	0.000160744259204768	0.000453670781144034	0.00129525332830288	0.00320890709181088	0.00699901760016792	0.0150521721398316	0.0284430988570552	0.0503707413565088	0.0792867737365136	0.111797632276916	0.14012980431047	0.154744911481059	0.147687441422999	0.118956065671336	0.0789593071258196	0.0416540185732685	0.0161043163818991	0.00412554790876368	0.000492196264755094	
3.32816137056348e-06	3.32816137056348e-06	2.86221877868459e-05	7.32195501523965e-05	0.000155092319868258	0.000559796742528777	0.00141313731794125	0.00346860978040126	0.00781319163353482	0.0162653902502178	0.0304746424057015	0.0528325648608729	0.0819885897315572	0.113735921045362	0.140712665850601	0.154344814824429	0.145384073150324	0.115597028883781	0.0763972786290105	0.0395924732964972	0.0148915252364492	0.00381007913702107	0.000454626843218971	
3.98537897300769e-06	8.63498777485e-06	2.65691931533846e-05	8.10360391178231e-05	0.000184655892416023	0.000605113374068335	0.0015888377505724	0.0037841173348708	0.00854199559881315	0.0171198596083834	0.0326455676275637	0.0551895280182105	0.0845059757436551	0.116123979826012	0.141862221463524	0.153428455473021	0.142802770901154	0.112830064104821	0.0728454210984634	0.0378750490699786	0.0139136222245987	0.00358019877741858	0.000452340513436373	
9.29231704589276e-06	2.58857403421298e-05	8.49583272767338e-05	0.000249565086375406	0.000682985302873118	0.00184651614440526	0.00423928778372265	0.00920735871861603	0.0184306471235964	0.0343935203345765	0.0576475437419232	0.0873013186461625	0.117926140681698	0.142883976793102	0.151689110931017	0.140079688256038	0.110005767873938	0.0699990243067102	0.0359937900772656	0.0134924443506363	0.0033439066626577	0.000467270800022036	
1.98578048785331e-06	1.19146829271199e-05	2.18435853663864e-05	0.000107894073173363	0.00028198082927517	0.000796959902458462	0.00196261304882836	0.00450705978059773	0.0100116432929271	0.0198074984395075	0.0364092852447905	0.0598944491478023	0.0895613477095015	0.119667103759016	0.143000686418122	0.151160258442711	0.137883992027753	0.106465635075767	0.0677720403431164	0.0342077166105904	0.012806298366166	0.0032282171464202	0.000431576292693453	
4.6285643251421e-06	1.19020225503654e-05	2.57877155257917e-05	0.000125632460253857	0.000349125994810718	0.000872814987026795	0.00216352321026642	0.00495256382790204	0.0108321629677825	0.0212589959453777	0.0380163824728171	0.0616670237273432	0.0921527320431541	0.121522295133131	0.14382073438124	0.150226667407237	0.135324012727229	0.104013097514593	0.0647946107641892	0.0322062117978137	0.0122240383827003	0.00309518708657002	0.000339868866160434	
3.30224817055451e-06	1.84925897551053e-05	3.96269780466542e-05	0.000132750376456291	0.000353340554249333	0.00100520434311679	0.00244432409584445	0.00547446701714527	0.0114766332919452	0.0223674477584339	0.0394691305841017	0.0644129923652022	0.0938333817663065	0.123379256597892	0.144906612421737	0.149358703405278	0.133470927007106	0.100124824980847	0.0623490872586057	0.0306666578606715	0.0115492827516974	0.00285116107045677	0.000312392676934457	
6.59830384001489e-06	2.11145722880476e-05	4.68479572641057e-05	0.000123388281808278	0.00042559059768096	0.00113358859971456	0.00259379323950985	0.00595760853714944	0.0123764385127159	0.0238376922828218	0.0417995949961103	0.0663954323901498	0.09574864685284	0.124954719139898	0.145090103138087	0.148966606644096	0.130560638082375	0.0967218966692422	0.0597172890736707	0.0295452251044347	0.0110204870735929	0.00263866170562195	0.000318038245088717	
6.5931486636347e-07	1.84608162581772e-05	1.38456121936329e-05	3.95588919818082e-05	0.000145708585466327	0.000510309706565326	0.00116632799859698	0.00284494364835837	0.00622788822766933	0.0130564122985958	0.0252623084195827	0.04318644237654	0.0687533542643826	0.097945838602358	0.126502743409159	0.146062637549564	0.146827442794546	0.127658522369894	0.0941356579896435	0.0581041005428799	0.0283287818630392	0.010319596288321	0.00257330592341662	0.000315152506121739	
4.61943144037832e-06	2.30971572018916e-05	9.23886288075664e-06	4.42145580721925e-05	0.000206554577262631	0.000593266980700015	0.00133039625482896	0.00300263043624591	0.006860515607739	0.0138959096914352	0.0263756336870058	0.0457482093103981	0.0710006612386147	0.100635633766196	0.127729259082792	0.146116575971829	0.144326876248071	0.125416903687494	0.0913809328347867	0.0560231446713539	0.0269161071655301	0.00971400440033841	0.0023856063795668	0.00026000799821558	
