# <P(N_1)> as a function of N_tot.
# number_of_species: 2
# species_total_upper_bound: 100
# species_total_lower_bound: 0
# volume: 512
# Bin widths for each species index 
1	1	1	1	1	1	1	1	1	1	1	1	1	1	1	1	1	1	1	1	1	1	1	1	1	1	1	1	1	1	1	1	1	1	1	1	1	1	1	1	1	1	1	1	1	1	1	1	1	1	1	1	1	1	1	1	1	1	1	1	1	1	1	1	1	1	1	1	1	1	1	1	1	1	1	1	1	1	1	1	1	1	1	1	1	1	1	1	1	1	1	1	1	1	1	1	1	1	1	1	1	
# Bin lower bound for each species index 
0	0	0	0	0	0	0	0	0	0	0	0	0	0	0	0	0	0	0	0	0	0	0	0	0	0	0	0	0	0	0	0	0	0	0	0	0	0	0	0	0	0	0	0	0	0	0	0	0	0	0	0	0	0	0	0	0	0	0	0	0	0	0	0	0	0	0	0	0	0	0	0	0	0	0	0	0	0	0	0	0	0	0	0	0	0	0	0	0	0	0	0	0	0	0	0	0	0	0	0	0	
# Bin upper bound for each species index 
0	1	2	3	4	5	5	5	5	6	6	7	8	8	7	8	8	8	8	8	8	9	9	10	11	10	10	11	11	11	11	11	12	12	12	11	12	12	12	13	12	12	13	13	14	15	15	16	16	14	15	15	15	16	16	16	16	17	16	15	16	16	16	16	16	16	16	16	17	17	18	18	18	18	18	18	18	18	19	19	18	19	19	19	18	19	20	20	20	20	20	20	20	20	20	20	20	21	21	20	20	
# Normalized histogram for each species index 
1	
0.921613637941499	0.0783863620585014	
0.848866430796758	0.14497232949258	0.00616123971066225	
0.781849284235167	0.201057891419825	0.0166494102818043	0.000443414063203385	
0.717181012130333	0.249456038875088	0.0314454860292651	0.00183586879657667	8.15941687367409e-05	
0.659077981588755	0.287292327434393	0.0494386981984647	0.00397939542312645	0.000207046874502291	4.55048075829211e-06	
0.608897278733639	0.31531892150062	0.0671594436926436	0.0081421927061419	0.000473065944937853	9.09742201803564e-06	
0.561800093754883	0.338826524026387	0.0863541352923726	0.0119231753465421	0.00105757319787942	3.84983819356534e-05	
0.517634744309235	0.3562406400029	0.106320504425962	0.0176517367396737	0.00199377850480206	0.000158596017427437	
0.474512639647813	0.36992771172007	0.127435664795221	0.0247744828511462	0.00304479417509727	0.000270597839310362	3.41089713416423e-05	
0.435576771613098	0.379498804884564	0.146130542676008	0.0332554853173163	0.00494939878958891	0.00051594286275235	7.30538566728991e-05	
0.402303850970928	0.381376403272375	0.16462391270003	0.0435652677637168	0.0071803584226108	0.000815117218893318	0.000123641375899548	1.14482755462545e-05	
0.372319309650143	0.383481762511792	0.180216396722757	0.0525870988814706	0.0099016233180374	0.00135219400329369	9.82167941581564e-05	3.19775608887021e-05	1.14205574602508e-05	
0.341264144473654	0.384144473654132	0.196493313521545	0.0627866041833352	0.0131786489884558	0.00192021945365185	0.000180592067664876	2.97176820208024e-05	2.28597554006172e-06	
0.313460398836841	0.379940096378679	0.213406650955748	0.0726009839996692	0.017502515125205	0.00284128756035152	0.000227394881547939	2.06722619589035e-05	
0.289879224620231	0.373300308576975	0.227103954729835	0.0838812024429774	0.0212661728214191	0.00393275402660904	0.000553973500837828	7.78309877210171e-05	4.57829339535395e-06	
0.265260256594544	0.366700206945804	0.239313314121827	0.095678779955234	0.0266314379653143	0.00530940337091214	0.000933195521574157	0.000171123873149295	2.2816516419906e-06	
0.242992703230448	0.358130930766332	0.24831169424366	0.109887750790769	0.0320030146277962	0.00714603816244733	0.00138170440660934	0.000143879963002295	2.28380893654437e-06	
0.223203127871504	0.350082239864741	0.256448248612489	0.12039181093101	0.0386389532105708	0.00920029771749917	0.00178492667328261	0.00024350351012607	6.89160877715294e-06	
0.205538219736485	0.34046655054987	0.264261455810512	0.131067983474037	0.044968450851804	0.0112156877162829	0.00215306277200513	0.000305610831031678	2.29782579723066e-05	
0.18829869380013	0.328857208447053	0.272110673366555	0.141511555915233	0.0513274172117862	0.0143721405863407	0.00300289158749777	0.000468404710945598	5.10143744594215e-05	
0.173252371598537	0.319011422772932	0.275396352532653	0.151163223698297	0.0596041594905834	0.0171015761006172	0.00385181116583036	0.000560898181852035	5.58570803504101e-05	2.32737834793375e-06	
0.160983169401959	0.307490581799313	0.278694971297466	0.16026415173367	0.0657400879109628	0.0206863012009224	0.00504708518614181	0.000914478781998031	0.000158230425383883	2.0942262183161e-05	
0.150725796888479	0.294050627907896	0.279616070535878	0.17085000662669	0.0730888976211347	0.0236723950716031	0.00626164030329312	0.00142299438010226	0.000237165730017043	6.51043180438943e-05	9.30061686341347e-06	
0.137298791242876	0.285166684413005	0.280752475614216	0.178762725282051	0.0805043355076456	0.0275245709629781	0.0077196572333304	0.0017406843296745	0.00044905952121922	6.24979746026749e-05	1.62031786006935e-05	2.31473980009907e-06	
0.126210504482496	0.271835173192598	0.28081629831071	0.187398308404969	0.0894678619990321	0.0321518287202415	0.00922311078334217	0.00229310225622825	0.000527759212739969	5.99202599617432e-05	1.61323776820078e-05	
0.114672910752399	0.260920818454128	0.281600898853639	0.193925830760411	0.0975200941217643	0.036591908014855	0.0111642963546235	0.00286187262709777	0.000649274401320652	8.518848527966e-05	6.90717448213459e-06	
0.106233641810318	0.247718820798708	0.279385730451746	0.202176232230175	0.104863661503785	0.0416548066175603	0.0135354979947839	0.00359619830464937	0.000715074180268118	9.48803928511095e-05	1.61990914623846e-05	9.25662369279117e-06	
0.0992045649443056	0.236595575044848	0.275120404577923	0.20759649748993	0.113117725315323	0.0468036582595918	0.0159921383574915	0.00432946586257886	0.00101747083173026	0.000194686901743375	1.85416096898452e-05	9.27080484492261e-06	
0.0920774350171766	0.225974134276601	0.271942199397254	0.21268685240137	0.119534574498889	0.0526371872473598	0.0184159502977824	0.00520047904635492	0.00119066647208304	0.000312723684301966	1.85317738845609e-05	9.26588694228047e-06	
0.0850284127599122	0.216578107414992	0.268382963413959	0.216621925794727	0.126395269459973	0.0575565948967731	0.021224239405177	0.00630754045128319	0.00150827475507832	0.000371303112488699	2.07560746111695e-05	4.61246102470434e-06	
0.077652358742035	0.206566767366023	0.263743846684653	0.221701672963261	0.133993994964263	0.0629836396240045	0.0233831752838083	0.00744052083645855	0.00194552080184074	0.000507727848641713	7.61591772962569e-05	4.61570771492466e-06	
0.0713495626417365	0.196191049197019	0.262014624890082	0.223129078539362	0.142185402878697	0.0675313555792104	0.0262785208497246	0.00836071643448882	0.00225852732910631	0.000573888091822095	0.000115703244318971	9.25625954551766e-06	2.31406488637941e-06	
0.0649277986720527	0.186664809397781	0.256906718670195	0.229015183173144	0.146352788224915	0.0732692575567628	0.0294423550169476	0.00997817709058829	0.0026582160932349	0.000643079351813159	0.000120722477596694	1.85726888610299e-05	2.32158610762873e-06	
0.058543353462364	0.175350706068041	0.250520297419232	0.231195962398909	0.153961477039403	0.0804261084546585	0.0340765710188518	0.0115745806193285	0.00330103687011421	0.000847374767786722	0.000186236212700379	9.31181063501893e-06	6.98385797626419e-06	
0.0544782902556692	0.165511455007341	0.245223390122824	0.231500687533503	0.161129885566458	0.0864241265993894	0.0366956440674016	0.0137040576129769	0.00394807374088144	0.00113734355699536	0.000235392826345352	1.16531102151164e-05	
0.0511332926611442	0.158176153880057	0.237097211944633	0.230875758834023	0.166800823031903	0.0930805471723936	0.0412768593028354	0.0151639220671369	0.00454430523627372	0.00147997281303861	0.000327078631094739	3.94350122596494e-05	4.63941320701758e-06	
0.0462169621207538	0.151409941964099	0.230668273862436	0.232958062429317	0.170061014488032	0.0978302857116263	0.045933065570795	0.0176132212019528	0.00520554575621198	0.00156841208747737	0.000423517804036916	8.84267942494659e-05	2.32702090130174e-05	
0.0431183174606119	0.14120385396478	0.225435147491121	0.232132755918655	0.176414403219674	0.103285514248356	0.0499411148307167	0.0196708921798641	0.00618526108849467	0.00208880068993017	0.000408023220230533	0.000102005805057633	1.39098825078591e-05	
0.0392294009745975	0.133567100850457	0.216176279853996	0.231633655111078	0.182083896907599	0.109090993311223	0.0556247799744307	0.0222712197291138	0.00757582775935224	0.00212382575827759	0.000518797131793	8.80102277148839e-05	2.31605862407589e-06	1.38963517444554e-05	
0.0358583688495082	0.125963001242582	0.210985820626865	0.229101973034804	0.184478173520224	0.116347504964523	0.0602803358455946	0.0247912577951713	0.00880723717062861	0.00255251942260571	0.000710710594465283	9.98710966078666e-05	2.32258364204341e-05	
0.0328850633195009	0.118806335217592	0.205682184184362	0.228115912262931	0.187848630683701	0.121268630590344	0.0637442760384818	0.0272346205731197	0.0100755726295447	0.0032464956052112	0.000900896695622949	0.00016104111916576	3.03410804225346e-05	
0.0302884413138079	0.110527103013419	0.19928205176145	0.228726810412119	0.191090617594406	0.124657034817685	0.0683593293540803	0.0298794538732279	0.0120896687435438	0.00354767391314509	0.00121293989520573	0.000301482170484662	3.50560663354258e-05	2.33707108902839e-06	
0.0279523926323043	0.105081934662509	0.192230514967822	0.22773047408809	0.194351589053576	0.129359823399559	0.071682025765911	0.0326547297849726	0.0129273391966549	0.00434493149724938	0.00123573589357254	0.000334045808659495	0.000102783325741383	1.16799233797026e-05	
0.0261839491134211	0.0995325459360377	0.18461058304821	0.223283265051345	0.198189343351648	0.13531013376127	0.0760084500415748	0.0355493342215038	0.0142146096281097	0.0050704907685392	0.00144638252974866	0.000414583076159843	0.000144405341134327	3.7265894486278e-05	4.65823681078475e-06	
0.0239209205789179	0.095165380208297	0.1778241073234	0.219569507101669	0.200610806250305	0.140710887365747	0.0792095776651304	0.0388192008850648	0.0160464473063398	0.00571759275399709	0.0016594964334772	0.000571759275399708	0.000116211234837339	4.88087186316824e-05	4.64844939349357e-06	4.64844939349357e-06	
0.0218958928056684	0.0884622895028035	0.17137331114066	0.217075960313549	0.20163097551677	0.146536734143552	0.0849078973061938	0.0413044084691705	0.0178091554076044	0.00613010609709605	0.00207823847205304	0.000590461489822676	0.000139479092084097	4.41683791599639e-05	1.39479092084097e-05	6.97395460420483e-06	
0.0202950186854458	0.0829266819804482	0.16325203403097	0.212245296121928	0.20249727673273	0.152050057020223	0.0905471851055281	0.0455790165579295	0.0201858557330292	0.00698642895466021	0.00251074790558101	0.00070375265068552	0.000137034344522923	5.10975521949883e-05	1.39356960531786e-05	2.3226160088631e-06	1.62583120620417e-05	
0.0190238577888664	0.0780201596104927	0.157183054011092	0.207547169811321	0.203213621584887	0.155621394043349	0.0958733542640765	0.0493726595464902	0.0220703747751186	0.00831333741397488	0.00258104456665681	0.000886724959329347	0.000186188967838183	8.61123976251597e-05	1.6291534685841e-05	2.32736209797729e-06	2.32736209797729e-06	
0.0180145917960228	0.072832987631738	0.151372968079571	0.202882894653952	0.204362139725663	0.160064116174402	0.10034601268791	0.052331210904416	0.0243585466067191	0.00901546207742938	0.00302615277288455	0.000998607083110708	0.000319647594360203	5.83298529854385e-05	1.63323588359228e-05	
0.0168735580650283	0.0685637160123668	0.144760930684376	0.200079861013815	0.202877331614687	0.164296522543223	0.104741689317305	0.0568484322022025	0.0260412288321611	0.00992658391010732	0.00329718571655411	0.00119324497249232	0.000329251548182812	0.000121426102875931	4.67023472599733e-05	2.33511736299866e-06	
0.014692369740826	0.06504717036275	0.138256508574835	0.194383979612116	0.204376848528776	0.166523655323178	0.110454635788686	0.0601045112869852	0.0291743140716148	0.0116224968143931	0.00352111852795735	0.0012485240995546	0.000420850820074584	0.000112226885353222	4.67612022305093e-05	1.40283606691528e-05	
0.0136206298134199	0.0596957871729689	0.131766929636127	0.189302833878972	0.204276615104641	0.170497077943397	0.114877161055505	0.0647355140099247	0.031209253022898	0.0133134151946943	0.00463401592825718	0.00139536410795193	0.000483100850820333	0.000140708985675825	3.98675459414838e-05	1.17257488063188e-05	
0.0124680525292974	0.0564230610682528	0.125853601083564	0.185546198692657	0.201571167775749	0.173758907013721	0.119100170779106	0.0692656498439432	0.0340474648136152	0.0140886873564572	0.00539426417761027	0.00178552499852777	0.00044991461044697	0.000153112301984571	8.48006595606855e-05	7.06672163005712e-06	2.35557387668571e-06	
0.0111825083567827	0.0538965269777719	0.122150667598346	0.179333251496667	0.200284225038243	0.174474986308096	0.123531661347283	0.073348473116655	0.0373246019905195	0.0155379501803554	0.00589223999546751	0.00218834394062435	0.000585446922626579	0.000186493172933467	6.13774999527865e-05	1.65247115257502e-05	4.72134615021435e-06	
0.010858811779018	0.0498871043326375	0.115936986703399	0.176008368953455	0.199915269079841	0.175066388332694	0.126942539182134	0.0774270201697459	0.0403986613461329	0.0175426139725548	0.00648262542779647	0.00241412118888368	0.000764471709813166	0.000210643907657498	0.000108872132047695	3.31349967101682e-05	2.36678547929773e-06	
0.00948665598925003	0.0467424810562599	0.109818097511468	0.171034234762798	0.198867279080386	0.176818492591655	0.131429220319897	0.0814716855256341	0.0428413599275134	0.0195316288895881	0.00757986179290701	0.00295718702906797	0.000960494347041275	0.000279158455544016	0.00015140797588828	2.60232458557981e-05	4.73149924650875e-06	
0.00880670455056459	0.0434323663551225	0.105053263876891	0.166903736873371	0.19462793389173	0.179866467543471	0.134249584042374	0.0859535310838093	0.0461399369022458	0.0211233104310102	0.00871913452412791	0.00342233130344434	0.00119047900804461	0.000305311713792753	0.000146738963218222	3.07678471264014e-05	2.36675747126165e-05	4.7335149425233e-06	
0.00838687457691531	0.0396494186667933	0.100157951616926	0.162181870004632	0.194489507499733	0.179480541073358	0.138239730175884	0.0887379309525789	0.0490813866489317	0.0240442739569849	0.0100257710532879	0.00361744830944266	0.00135149578993623	0.000351531418120495	0.000133011887937484	4.27538211227628e-05	2.85025474151752e-05	
0.00792649159459145	0.0384844833282233	0.0943549594643736	0.158826926779182	0.190882276745076	0.180514853555988	0.139677378719925	0.0937869140397537	0.0521579784237809	0.0260587867595504	0.0111992888736776	0.00409040240908302	0.00147121388217454	0.000363644142120687	0.000163996377819133	4.04049046800763e-05	
0.00694370158010217	0.0359403711706829	0.0915185098022436	0.151613263634829	0.188751726416731	0.18168203504418	0.142732171850077	0.0971452614763627	0.0568237735606855	0.0278223496383142	0.0122709303514164	0.00442390573110926	0.00155228932961545	0.000553879653599386	0.000149761451402409	6.65606450677373e-05	9.50866358110534e-06	
0.00620007353186938	0.0335978570712352	0.0875124741564128	0.148231176557658	0.184049314100452	0.182571514517769	0.146875134291158	0.0999484321954993	0.0590666227385369	0.0306231587190175	0.0136105580304919	0.00508515849937689	0.00177144958053411	0.000589687394059198	0.000164730486599533	9.78833326171138e-05	4.77479671302994e-06	
0.00555402870218791	0.0316942894356352	0.0839748109025297	0.144194438801725	0.183046351285146	0.180410338523307	0.150049589541984	0.102720852701136	0.0613619797579074	0.0324686032478163	0.0151684252034366	0.00607740748264366	0.0021771601323981	0.0007719239547361	0.00022464659983032	9.79841552451396e-05	7.16957233501022e-06	
0.00472407538499308	0.0288640529325258	0.0794512254709179	0.140132474323864	0.181264345624987	0.182005610733328	0.151835405777101	0.105722042268796	0.0641778273543509	0.034651164453597	0.016460375685551	0.00678102647341337	0.00250504703815728	0.000984380995964753	0.000338455451397082	9.29560746794803e-05	9.5339563773826e-06	
0.00478970214039814	0.0268399132341656	0.075050546087816	0.134643849057859	0.177195220751575	0.18254087046184	0.15480288807635	0.11034846508578	0.0680940739315234	0.0360344307358227	0.0177428053494511	0.00765734622941628	0.00264193887902913	0.000995478768267273	0.0004965514619758	0.00011641637146801	9.50337726269473e-06	
0.00442995752843506	0.0254449543353521	0.0713398840993963	0.129017171427011	0.173967233508142	0.183280590091234	0.156596387186835	0.115019835099223	0.071252044641437	0.0379537679566405	0.0186718199148669	0.00815957343259983	0.00313610605308827	0.00121076009619608	0.000389342462306189	0.000121076009619608	9.49615761722413e-06	
0.0039907232352479	0.0238657631186692	0.067218446856234	0.1252363241534	0.16898665155462	0.182973231676247	0.15968369470491	0.11814540900151	0.0749332101511046	0.0408620533652083	0.0199583783758042	0.00866720320781763	0.00344307028530338	0.00132865367856105	0.000533366351250315	0.000147628186506784	2.61920976060423e-05	
0.00400841171740816	0.0222044599230195	0.0637563456606862	0.120311823506183	0.16542013388333	0.180126366071471	0.161307051474192	0.122547970102244	0.0791024963959978	0.0429268780063088	0.0219071000033304	0.00997939890476394	0.00407502033941851	0.00143922201129492	0.000656570702673385	0.000206962504103567	2.37887935751226e-05	
0.00362561913870134	0.0207450123946691	0.0615165745987791	0.116136384182404	0.16116638356386	0.178021706134529	0.162172706986216	0.124127496181681	0.0837960517864025	0.0470140980439737	0.023219188184859	0.011314596209753	0.00453678195374243	0.00161297229398918	0.000730357661142593	0.000199837275361491	5.94753795718724e-05	4.75803036574979e-06	
0.00339237260268788	0.0196137805082881	0.0580677670192305	0.112303146579358	0.158802781083146	0.176330039530367	0.163079914741207	0.12760667403179	0.0856727850811307	0.0503059995789105	0.0252156900781381	0.0118567444105102	0.00502705145098447	0.00172930569913866	0.000690776011147043	0.000227104442020946	5.91417817762879e-05	1.89253701684121e-05	
0.00318027758139185	0.018337095330817	0.0554481631195845	0.108756567836918	0.155434305189208	0.174569993118011	0.163875898710273	0.130189383885811	0.0880260435139014	0.0531087565678369	0.0277276047624304	0.01290901446627	0.00539754644168278	0.00202466711607074	0.000669408501253086	0.00023018257236071	9.86496738688758e-05	1.40928105526965e-05	2.34880175878276e-06	
0.00282405702531096	0.0165995444917987	0.0517008845115484	0.104440853127925	0.153397429732817	0.174777230219287	0.164226890933698	0.130858921463537	0.092438610770353	0.0553036682249019	0.0296127242064376	0.0141695419351358	0.00633067268381585	0.00220248301226495	0.000745888815655221	0.000262702979098694	7.27124317148172e-05	3.04923100739556e-05	4.6911246267624e-06	
0.00254992031499016	0.0156768538483172	0.0481672447736008	0.099374238305053	0.149552357738821	0.17406721664948	0.164664385487954	0.133746601668698	0.0952821786819162	0.0588708165369832	0.0318505671697759	0.0152807724758601	0.00674041436205119	0.00274913283959876	0.000963251148401612	0.000302334302053061	0.000117183838005062	3.28114746414175e-05	1.17183838005062e-05	
0.00233132839091714	0.0145008625915046	0.0455005362055299	0.0945680048491631	0.144547022893645	0.171585769571502	0.166575744859421	0.137131067282137	0.0982654916771576	0.0620692870797781	0.0338928521471535	0.0167202872196578	0.00743693756702569	0.00313330535739264	0.00113768825476757	0.00039166316967408	0.000153867673800532	4.895789620926e-05	9.32531356366858e-06	
0.00224977897724629	0.0139128007072728	0.0432948676190033	0.0901982225117491	0.139179191289377	0.169408124331115	0.167595737750686	0.140277325392025	0.101484342282816	0.0653575915499511	0.0356591131171188	0.0179447210460193	0.00805220790098181	0.00339211763063608	0.00132846307756735	0.000442045507421711	0.000134940207528733	6.5143548462147e-05	2.32655530221953e-05	
0.00200886030195464	0.0131143590646635	0.0414214482330371	0.0871502451411995	0.134901804498735	0.166088955207281	0.168220617811431	0.142334819318424	0.104975115156121	0.0676154109938182	0.0380942009509069	0.0197480004077963	0.00852433339203129	0.00351029222313873	0.00145277440521979	0.000618645560117519	0.000143655523323169	4.40234668248422e-05	3.24383439761995e-05	
0.00187240282414959	0.0123017097566804	0.0399561945906816	0.0830028979320042	0.131353582507535	0.163511578966907	0.165544075712824	0.145567138518366	0.107457824532421	0.0710701002559183	0.0399933178189175	0.0218168571939016	0.00999310900075871	0.00389097835947814	0.00153829377002624	0.000765666582366003	0.000262182799416237	7.88868600013457e-05	2.32020176474546e-05	
0.00185366080565634	0.011303377058331	0.0382058796167085	0.080205135361429	0.126918783142618	0.161817378360778	0.166199181319192	0.14623685924272	0.110347474183645	0.0729556237789562	0.0429412038329147	0.0228905014419946	0.0109010140478184	0.00444227369987906	0.00172341613173318	0.000646571774118523	0.000318634291562006	6.97739324588334e-05	2.32579774862778e-05	
0.0016311807185118	0.0105933536376495	0.0354222544315685	0.0760782687113905	0.123778653437014	0.157935577682651	0.166632101170489	0.149371878910464	0.11270060610015	0.0769311432013553	0.0443285011546429	0.024267308575117	0.012122002996712	0.00520579675022196	0.00191081169882811	0.00067810512726705	0.000319245369194453	6.52472287404722e-05	1.86420653544206e-05	9.32103267721031e-06	
0.0014865117147391	0.0100578736115	0.0332283207318212	0.0732544572015309	0.119214972463362	0.155304303183049	0.16617660785961	0.150441052926351	0.116328292728461	0.0787874544945393	0.0478110706618127	0.0255904041818352	0.0131779146830953	0.00561934098758518	0.00228694109959862	0.000814431065061141	0.000312704191169607	8.63436945766825e-05	1.86689069354989e-05	2.33361336693737e-06	
0.00137587187134898	0.00922067352426082	0.031474818046775	0.0698126715467365	0.116757886194408	0.153325762151397	0.165085968672097	0.151537128718644	0.118679442841852	0.0817104652545713	0.0503802303535991	0.02738451421229	0.0133925968765377	0.00604917226149028	0.00228068252572764	0.00107970962107556	0.000356793892061686	7.92875315692635e-05	1.63239035583778e-05	
0.00119385549909468	0.00860230126744933	0.0296851819403072	0.0662017405525378	0.112911628993634	0.150488873313475	0.165305764850184	0.15101921616728	0.121932130132586	0.0853478184685474	0.0528356988493663	0.0295496758366918	0.0144150458501256	0.00622627182991648	0.00259330646574382	0.00106535833187314	0.000464926114128848	0.000114479294433736	4.43899304947141e-05	2.33631213130074e-06	
0.00111033097660141	0.00785862407598769	0.0282901136223149	0.0642825652377765	0.109260300302542	0.14765535886317	0.163745827511482	0.151611496124338	0.122726562335987	0.0877954565069827	0.0563119750128878	0.0310402821546952	0.016270081012174	0.00740376159607745	0.00277349481340141	0.00121763186929818	0.00043620145509341	0.000163283967147266	4.43199339399721e-05	2.3326281021038e-06	
0.000996538827847337	0.00740086877743966	0.0266324421008618	0.0622964528792771	0.105700480847406	0.143977792747799	0.161713396362285	0.152763130386304	0.125396641036958	0.0913563613556645	0.0578503565704198	0.0334943901135915	0.0170898278705661	0.00797231062277869	0.00333108783014704	0.00130316615949267	0.000508722618411577	0.000153313665822667	5.11045552742224e-05	1.16146716532324e-05	
0.000922954195499323	0.00701027772109159	0.0254206630428733	0.0583455466300577	0.102440958759253	0.140342374264883	0.160018922879988	0.153330983433204	0.128035545331429	0.0935221601766136	0.0609033820010018	0.0356659184089939	0.0191895627330575	0.00874255607294585	0.00389820603676975	0.00141921599910951	0.00056119325454984	0.000183199450865443	4.63796078140363e-05	
0.00108772109619926	0.00640520988125905	0.023892597440711	0.056167867740568	0.0973568610279081	0.138194150063586	0.157843004812059	0.154675337379873	0.129327010420694	0.0965090441563523	0.063569961196074	0.0383707009395861	0.0203243132450424	0.00965439816647956	0.00415290517028542	0.0014953253613703	0.000645179322585003	0.000270183398627655	4.65833445909749e-05	1.16458361477437e-05	
0.00100941969996511	0.00615885568089313	0.0221676939178974	0.054557506686824	0.093450401209443	0.134280730317479	0.15667403186417	0.154764507500872	0.132331666472846	0.0981951389696476	0.06631468775439	0.0402628212582858	0.0216304221421095	0.0104872659611583	0.00478195138969648	0.00165135480869869	0.000828003256192581	0.000316315850680312	9.5359925572741e-05	3.25619258053262e-05	9.30340737295034e-06	
0.000903087955646278	0.00581886569359715	0.0203334442797059	0.0518507484225055	0.093136764291716	0.130126129732774	0.153920635327032	0.15494010059655	0.134311057939609	0.102053594080584	0.0686230468977299	0.04149549503418	0.022630732455538	0.0113118749083529	0.00512525690292037	0.00200401734487486	0.000917053233310911	0.000328184025118879	0.000144307869201209	1.39652776646332e-05	1.16377313871943e-05	
0.000787086197581922	0.00576808435328527	0.0193721008215503	0.0494141098008532	0.0890059427336575	0.129582797742134	0.150407980774605	0.154261908753889	0.136186870098176	0.104973546452058	0.071680731757298	0.0430522178132976	0.0240061290262486	0.0123558561076026	0.00552823264218782	0.00233331470407422	0.000824344715810652	0.000274781571936884	0.000137390785968442	3.725851822873e-05	9.31462955718251e-06	
0.00061443074388013	0.00487588033495785	0.0183537910842375	0.0467828499346004	0.0872328739067089	0.125581265448046	0.149851279831311	0.154191860654555	0.136035897650733	0.106694502241276	0.0739993390214725	0.0459938650021179	0.0255826618815545	0.0138014178454893	0.00640264763793272	0.00272071795301467	0.000814586213477445	0.00032117970702825	9.54229564359293e-05	5.12025619900108e-05	2.32738918136413e-06	
0.00050294197772619	0.00414927131624107	0.0170720860217057	0.0442658793451509	0.0837444961615748	0.122657303253057	0.149865067186994	0.154412500902269	0.137384655147122	0.109599439312832	0.0763470579058521	0.0469528934298547	0.0269260232890077	0.0149322541812873	0.00663836841896929	0.0028639751509408	0.00114326162529426	0.000379534918376708	9.08089682005621e-05	6.51961822978394e-05	6.98530524619708e-06	
0.000526373149867943	0.0041043192743007	0.0158561215806035	0.0418686942467647	0.0794104620721479	0.120207859423587	0.147720711508094	0.155618627580562	0.139899316642435	0.110090828353658	0.0796840833571013	0.049743422074745	0.0278583569273721	0.0152671401706191	0.00710951575989037	0.00313041300582257	0.00132636758468927	0.000368693087352436	0.000134491818027933	6.49270845652088e-05	9.27529779502983e-06	
0.00052452624371903	0.00390841678948162	0.0147377949009551	0.0393510728418414	0.0765715479326471	0.115869239785083	0.145040790038643	0.154714353683868	0.140528935977626	0.113729358383716	0.0815754354612234	0.0530421361679412	0.0306546133939865	0.0165573903658919	0.00756153319485222	0.00340709967159087	0.00146913766492985	0.000550056282130134	0.000118366541724206	8.35528529817924e-05	4.64182516565514e-06	
0.000472140253428224	0.0035757680958167	0.0139836833883006	0.0374772898223688	0.0724133541630504	0.112755887288087	0.142861771683157	0.154426893479141	0.141313429381473	0.115614187351733	0.0843186946710641	0.0552913267372563	0.0329364115026326	0.0174715037898513	0.00882485679569519	0.00386738413469884	0.00154602788867673	0.000641092402939305	0.000131921541399063	6.24891511890297e-05	1.38864780420066e-05	
0.000504003258760796	0.00311147217280638	0.0134999229036111	0.0353469682708085	0.0688160065911659	0.110383617822844	0.140642224426437	0.152264217379597	0.142540866839577	0.117950570858486	0.0872270845367658	0.057861415213534	0.0345760043818365	0.0188736562789831	0.00921934728125913	0.00435882270362077	0.00191475210634239	0.000598360033231996	0.000227837089576798	7.59456965255995e-05	6.90415422959995e-06	
0.000412880968710504	0.0031103699642858	0.0127763721984306	0.0340512110028191	0.0666986267120224	0.105594307747711	0.138613316328754	0.151791100580098	0.143622938749108	0.119421232633194	0.0898979495872337	0.0593355827700184	0.0365376719477201	0.0203206250100353	0.0100261261901867	0.0047504249233303	0.0019680659508534	0.000727129261562387	0.000261491280183319	7.56948442635924e-05	6.8813494785084e-06	
0.000340543406713962	0.0030466064506692	0.0123601257953631	0.0321756381189205	0.064835807796387	0.103634900899583	0.135255156147151	0.150821875228553	0.143599612374753	0.121706556717619	0.0924175382139984	0.0613595224164412	0.0376403313098808	0.0212713925254151	0.0110208074307028	0.00514700504644189	0.00220324727565275	0.0007405104951364	0.000322259196957508	8.22789439040445e-05	1.82842097564543e-05	
0.000317213270012392	0.00297815336234656	0.0120153083929154	0.0309727949684042	0.063438089782766	0.0998194851103742	0.133149699560237	0.149425707054686	0.144142622737573	0.122779792373645	0.0934113206341527	0.0651907501523308	0.0392728285154191	0.0219926926842404	0.0114767304668512	0.00580796958403984	0.00248293552355023	0.000887740734063456	0.000298956391162758	0.000102694943529192	3.42316478430639e-05	2.28210985620426e-06	
0.000315294982273163	0.00274465416223401	0.0111260567485602	0.029873632493076	0.0607317111897962	0.0981520084744033	0.130625123339314	0.148621888730359	0.145589159296552	0.123715853440004	0.0944478595099998	0.0663843377784633	0.0417028651013821	0.0234225610572136	0.0122760895256285	0.00615165461816417	0.00252916478586027	0.00110466659256857	0.00038107594979778	7.25858951995772e-05	2.94880199248282e-05	2.26830922498679e-06	
0.000369734940628234	0.0027549762039494	0.0105870443975011	0.0287739454099887	0.0586097515336109	0.0953284892044161	0.128701576558805	0.146705864582324	0.145901014742054	0.125628718485169	0.0969832785118619	0.0675668059184644	0.043432583117091	0.0250946318544687	0.0128009450785799	0.00624265884511939	0.00280006583085528	0.00110018689650352	0.00049373141461941	9.91971791929408e-05	2.47992947982352e-05	
0.000433983859398224	0.00249147210473177	0.0105752647189111	0.0274376738465136	0.0557118347173596	0.0912962625669808	0.127526044653116	0.145964737124958	0.146711279307964	0.126338772747613	0.0991596903199113	0.0694868871664452	0.0449791665261279	0.0261334736472858	0.0138267707328481	0.00664917239502875	0.00301090356338975	0.00136266434608976	0.000672337688912275	0.000204624514016779	2.6983452397817e-05	
