# <P(N_2)> as a function of N_tot.
# number_of_species: 2
# species_total_upper_bound: 100
# species_total_lower_bound: 0
# volume: 512
# Bin widths for each species index 
1	1	1	1	1	1	1	1	1	1	1	1	1	1	1	1	1	1	1	1	1	1	1	1	1	1	1	1	1	1	1	1	1	1	1	1	1	1	1	1	1	1	1	1	1	1	1	1	1	1	1	1	1	1	1	1	1	1	1	1	1	1	1	1	1	1	1	1	1	1	1	1	1	1	1	1	1	1	1	1	1	1	1	1	1	1	1	1	1	1	1	1	1	1	1	1	1	1	1	1	1	
# Bin lower bound for each species index 
0	0	0	0	0	1	2	2	3	3	4	5	5	7	7	8	9	9	10	11	12	13	13	14	14	15	16	16	17	18	19	21	21	22	23	24	25	25	26	26	28	29	29	30	30	30	31	31	32	35	35	36	37	37	38	39	41	41	42	44	44	45	47	48	49	49	50	51	52	53	54	54	55	55	56	57	58	59	59	60	62	62	63	64	66	66	66	67	68	69	70	71	72	73	74	75	76	76	77	79	80	
# Bin upper bound for each species index 
0	1	2	3	4	5	6	7	8	9	10	11	12	13	14	15	16	17	18	19	20	21	22	23	24	25	26	27	28	29	30	31	32	33	34	35	36	37	38	39	40	41	42	43	44	45	46	47	48	49	50	51	52	53	54	55	56	57	58	59	60	61	62	63	64	65	66	67	68	69	70	71	72	73	74	75	76	77	78	79	80	81	82	83	84	85	86	87	88	89	90	91	92	93	94	95	96	97	98	99	100	
# Normalized histogram for each species index 
1	
0.0782117215744182	0.921788278425582	
0.0059492695602254	0.144701101324914	0.849349629114861	
0.000454100986004608	0.0165534946098213	0.200561268818702	0.782431135585472	
8.23477024991003e-05	0.00181164945498021	0.0312280787366033	0.249467789848663	0.717410134257254	
0.000199411582438282	0.00384097386481122	0.048785276675901	0.287514687430014	0.659659650446835	
0.000406827358375138	0.00772971980912762	0.0668206289000367	0.315661323871283	0.609381500061177	
1.83439677390754e-05	0.000880510451475619	0.0114833238046612	0.0861799604381762	0.339705823904024	0.561732037433924	
0.000131396006172557	0.00192204855540786	0.017295381277597	0.106201585919237	0.356385693113933	0.518063895127653	
3.06999904830029e-05	0.000239459925767423	0.00280904912919477	0.024535432394016	0.12777029039121	0.37104622497567	0.473568843193659	
9.2803118184771e-05	0.000473295902742332	0.00486597683015483	0.0327811547801339	0.1465763382983	0.379741079300264	0.43546935177022	
0.000127418623008696	0.000839098249081654	0.0072286760272738	0.0437667431178405	0.164988470168503	0.381820781045081	0.401228812769211	
1.86238814031232e-05	0.000105535327951032	0.00138127120406497	0.00994204868903395	0.0531494535442798	0.180359875468313	0.383090136482011	0.371953055402943	
0.000186567164179104	0.00199004975124378	0.0132991293532338	0.0631467661691542	0.196178482587065	0.383883706467662	0.341315298507463	
9.34762897391077e-06	0.000218111342724585	0.00299747302430072	0.0174520232942914	0.0730641839364112	0.211811040796169	0.380136911605705	0.314310908371425	
5.5613572183327e-05	0.000571583936328639	0.0040103564829977	0.0216058727932226	0.0838436393521637	0.226053722710729	0.374007452218673	0.289851758933702	
0.000178755247082899	0.00100164578106797	0.00538423132161767	0.0267239094388934	0.0956217292412764	0.238909469713314	0.367391344547657	0.264788914709091	
3.09127610969084e-06	0.000157655081594233	0.00149926891320006	0.00729850289498008	0.0319854339069711	0.109582646812431	0.247691589565088	0.358350000463691	0.243431811085934	
9.35882677747518e-06	0.00024644910514018	0.00189360261797581	0.00940562091136255	0.0383867878322773	0.119970800460454	0.256488006663485	0.350441268682558	0.22315810489997	
3.12057268749961e-05	0.000246525242312469	0.00229362092531221	0.0113963314547486	0.0448738352462444	0.130798804196546	0.263881867600342	0.341231502805395	0.205246306802224	
5.99726650905429e-05	0.000470311952552153	0.00302704135904372	0.0144060654459599	0.0517469406049664	0.141440795931959	0.273412223691728	0.327027786282673	0.188408862066027	
5.08583943369178e-05	0.000591228834166669	0.00388113121783604	0.0173872135639338	0.0601050861572987	0.151624766766582	0.274816512449181	0.318456193439903	0.173087009176762	
3.17755880866965e-06	0.000142990146390134	0.000899249142853511	0.00507138385863676	0.0207558141382302	0.0658358409568265	0.159675507694459	0.277550229260868	0.308134232794313	0.161931574448614	
4.13366360245603e-05	0.000235300851216728	0.00139272665990442	0.00630860660559444	0.0236095786524893	0.0725934923415932	0.17003348267518	0.279216257380974	0.295350264395484	0.15121895380154	
3.16445682098668e-06	3.79734818518401e-05	0.000439859498117148	0.00174361570836366	0.00793012879339261	0.0273883737856397	0.0801335400778456	0.178525996012784	0.281294895731148	0.285997278567134	0.136505173886902	
1.25835231348073e-05	7.23552580251419e-05	0.000563112660282626	0.00239716115718079	0.00951314348991431	0.0325661578728813	0.0897488328782292	0.188221193169664	0.280093495576892	0.271294467024878	0.125517497388919	
6.26417269071274e-06	7.51700722885529e-05	0.000638945614452699	0.00291284030118142	0.01142585098786	0.0369429584434784	0.0977524148385723	0.194079730390007	0.280869843019832	0.260479960911562	0.114816021248074	
1.26074787563983e-05	1.57593484454979e-05	7.24930028492902e-05	0.000680803852845508	0.00364986509997731	0.0137831261504324	0.0417559696411912	0.104805970901939	0.201338283869992	0.279347058675206	0.247815754305454	0.106722307672912	
1.26136807981937e-05	9.46026059864529e-06	0.000179744951374261	0.00107846970824556	0.00427288437038812	0.0160635224964997	0.0466989997351127	0.112378435651307	0.207438287566695	0.274874178534038	0.237216034511031	0.0997773685339119	
1.25557948132012e-05	1.88336922198017e-05	0.000313894870330029	0.00123046789169371	0.00500976213046726	0.0187709132457357	0.0527217824206317	0.118655399933454	0.212051679651451	0.271757622936926	0.227234774529315	0.0922223129029625	
6.23610517814993e-06	1.55902629453748e-05	0.000386638521045296	0.00146236666427616	0.00623298712556086	0.021421021286945	0.0575436605313785	0.125245936397963	0.215622690692301	0.268645174969521	0.218004882870354	0.0854128145725306	
7.49126799074828e-05	0.000533752844340815	0.00190090925265238	0.00731335037596801	0.0232354162179709	0.0623866555546191	0.132651627946175	0.22165413439959	0.265309498615676	0.208176094739569	0.0767636473735302	
9.39399348056852e-06	9.39399348056852e-05	0.00057303360231468	0.00219819447445303	0.00810701637373064	0.0259180280128886	0.0671388714056232	0.14127939928543	0.223282699708473	0.263817781577126	0.196926285333158	0.0706553562985161	
1.26184955598669e-05	0.000104102588368902	0.000627770154103377	0.00270351267370148	0.00971939620498746	0.0292338995883216	0.0731620372561081	0.146320919888326	0.229549361977318	0.258303758734365	0.186406725658133	0.0638558967807063	
9.52217715058371e-06	0.000158702952509728	0.00084747376640195	0.00329467329410196	0.0114647012893028	0.0337656401759698	0.0806020555206409	0.154595720098777	0.231239723983825	0.251525135373618	0.174405022631041	0.058091628736661	
6.35790557874425e-06	0.000238421459202909	0.00116667567369957	0.00391011193092771	0.0134342544878866	0.0371873897300751	0.0869793272700107	0.161633854575626	0.231284710190769	0.245043217863172	0.164974933957256	0.0541407449557967	
3.48295253052333e-05	0.000332463650640863	0.0015673286387355	0.00460382998125538	0.0151856730330817	0.0417606008409747	0.093415953189118	0.167061401286793	0.230862759005015	0.237071913470794	0.157334464765186	0.050768782613101	
3.17862943855868e-06	9.53588831567605e-05	0.000429114974205422	0.00167831634355898	0.00525745309137606	0.0178925051096468	0.0458326578745776	0.0978127850833278	0.170558898414182	0.23343854596775	0.230727175056659	0.150320564778879	0.0459534457932429	
1.26657230702979e-05	9.8159353794809e-05	0.000398970276714385	0.00211834218350733	0.00613337639679177	0.019533711405167	0.0492696627434589	0.103513788222777	0.177285292245728	0.233369114001007	0.224715258713226	0.140896669864762	0.0426549888699959	
1.89560882216346e-05	3.1593480369391e-06	6.6346308775721e-05	0.000518133078058012	0.00213571927297083	0.00759507268080159	0.0218658477636555	0.0559931252586716	0.10908912836747	0.181665671472035	0.232325817244353	0.215189513491996	0.13429440700617	0.0392391026187836	
1.26791725571989e-05	0.000107772966736191	0.000735392008317537	0.00253266471830048	0.00885957182434274	0.0244676332422546	0.0602260696466949	0.11687661263226	0.183803624975434	0.229806832806091	0.210423547759273	0.126145087771572	0.0360025104761663	
3.82404303323093e-05	0.000152961721329237	0.000895463410281577	0.00325043657824629	0.010257995436642	0.0268352219856981	0.0641355750723381	0.121034148704287	0.188267198633542	0.22735210513569	0.205832302966183	0.119052019732062	0.0328963301933691	
3.19138071895425e-06	4.14879493464052e-05	0.000258501838235294	0.0012414470996732	0.00353924121732026	0.012140012254902	0.02978515625	0.0688380821078431	0.124891493055556	0.190171185661765	0.229220920138889	0.198507072099673	0.110581341911765	0.0307808670343137	
1.27724115909635e-05	8.94068811367446e-05	0.000348048215853756	0.00118464117506187	0.00438093717570049	0.0129767701764189	0.0329815598307655	0.0716276842021234	0.12887682605572	0.193913945876906	0.22809930550012	0.191755408318033	0.105366009419654	0.0283866847609164	
6.37050202741227e-06	2.22967570959429e-05	0.000162447801699013	0.000480972903069626	0.00142699245414035	0.00507410486483387	0.0141966637680882	0.0355951800781661	0.0752069616846156	0.13508012498925	0.197619343392356	0.223572768652034	0.184907006596655	0.0999691030651671	0.0266796624908026	
6.35211017099881e-06	3.1760550854994e-06	2.85844957694946e-05	0.000139746423761974	0.000663795512869375	0.00163884442411769	0.00557080061996595	0.0161311837792515	0.0388113931448027	0.0781658917092258	0.140140254592576	0.200812434890871	0.218979469979927	0.178916711131438	0.0960343776202454	0.023956983509922	
9.50061595660119e-06	1.58343599276686e-05	4.43362077974722e-05	0.000183678575160956	0.00063654126909228	0.00205213304662586	0.00625773904341465	0.0180100009817303	0.0406753037821952	0.084267296663067	0.146233480804005	0.201131206673233	0.217538770430283	0.172661027523284	0.0884665689158847	0.0218165811083419	
2.21063568408121e-05	3.15805097725888e-06	1.89483058635533e-05	6.31610195451775e-05	0.000170534752771979	0.00075793223454213	0.0025801276484205	0.00725404309476364	0.0204831186385011	0.0457191039977767	0.0892938913819947	0.15166224013188	0.203381640986449	0.21325370834136	0.162756473214991	0.0825009237299108	0.0200788881134119	
3.16929083948176e-06	3.16929083948176e-06	2.21850358763723e-05	9.50787251844527e-05	0.000221850358763723	0.000874724271696965	0.0027794680662255	0.00855391597576126	0.0223403311275069	0.0492412717730281	0.0951674653279582	0.155891077812429	0.203506503384803	0.207807231053979	0.156448873000177	0.0781705585558175	0.0188731269491139	
1.59004251773692e-05	7.63220408513724e-05	0.000333908928724754	0.000957205595677628	0.00313874393001269	0.00920952626273227	0.0243785318819425	0.0522742378131191	0.100729193498634	0.161188970193063	0.204078777066499	0.20183681711649	0.151645535001606	0.0723628349822074	0.0177734952632633	
3.18491623670297e-06	2.54793298936238e-05	0.000136951398178228	0.000280272628829862	0.00108287152047901	0.00329638830498758	0.00993375374227658	0.0259315879992356	0.0570609592967705	0.104885661507102	0.164488183960762	0.202659405057647	0.200694311739601	0.14444550608319	0.068335562774699	0.0167399197401108	
1.59832240080811e-05	3.19664480161622e-05	9.58993440484867e-05	0.000377204086590714	0.00113480890457376	0.003506719347373	0.0117828327387574	0.0296456838901889	0.0596909483805797	0.110060480519647	0.16584193230785	0.205192629815745	0.195113608756249	0.137967189637756	0.0649334458552304	0.0146086667433861	
9.62584346453358e-06	4.17119883463122e-05	0.000112301507086225	0.000452414642833078	0.0014342506762155	0.00475516667147959	0.0134505119344416	0.0310273021006799	0.0638161335553695	0.114403149575982	0.170688664927598	0.204343822294095	0.19051148523556	0.131671912751355	0.0599272927956979	0.0133542534997963	
3.22689943367915e-06	9.68069830103745e-06	8.06724858419787e-05	0.000138756675648203	0.000435631423546685	0.00191355136417174	0.00555026702592814	0.014040239435938	0.033611384501202	0.0684231755917327	0.118569192791107	0.17365236612401	0.201471466141758	0.186566417657594	0.126442827409284	0.0571032123783862	0.011987931396118	
6.47297371649022e-06	2.26554080077158e-05	6.47297371649022e-05	0.000200662185211197	0.000650533858507268	0.00224935836648035	0.00597779122717872	0.0154348058269709	0.0369833353291669	0.072688258349327	0.123096541166495	0.173614864536843	0.201613712347521	0.179589419277163	0.123145088469368	0.0535476750696654	0.0111140958712137	
3.25021451415793e-06	3.25021451415793e-05	0.000120257937023844	0.000224264801476897	0.000825554486596115	0.00234665487922203	0.00643867495254687	0.0174991549442263	0.0400426428144258	0.0765230505213344	0.127044384929405	0.174829038716555	0.201090771990951	0.176561403052601	0.116253672742401	0.049741282924673	0.0104234379469045	
2.27995948186292e-05	0.000166111333678584	0.000267080967875371	0.000915240877719259	0.00290857688186227	0.00751735212019946	0.0196076515440211	0.0429772362331161	0.0813489543128691	0.131149783566703	0.17755998736251	0.198796181393576	0.171267299192569	0.109737706947037	0.0464558029854441	0.00930223468600072	
3.25974991198675e-06	2.28182493839073e-05	0.000136909496303444	0.000319455491374702	0.00106593822121967	0.00342925690741006	0.00869701276518066	0.0215958431669122	0.0459331360098053	0.0855325779406204	0.134353852372446	0.180032727889116	0.194065951260219	0.167065442739233	0.10494112891659	0.0438436363162218	0.00896105250805158	
1.3067838416178e-05	3.2669596040445e-05	0.000111076626537513	0.000310361162384227	0.00128718208399353	0.00361325732207321	0.00988908672144269	0.0242931116156749	0.0488345121612571	0.0890801875234813	0.139107139940215	0.179042454140055	0.193799310671524	0.162070598997043	0.100396935591891	0.0396380208758719	0.00848102713209951	
3.61232525376585e-05	0.000160912670395024	0.000371084321523219	0.00135954786823551	0.00408849540085317	0.0110635670726701	0.025929927457941	0.0525560485102442	0.0951650668444369	0.139636074650343	0.180320708803893	0.190776748447521	0.157947279754887	0.0944524535898303	0.0381461546797674	0.00798980667492028	
1.31430223694241e-05	8.54296454012565e-05	0.000128144468101885	0.000591436006624083	0.00149173303892963	0.00438648371579528	0.0124168703835134	0.0280110664248351	0.0569520016823069	0.0979253739189864	0.142802223799385	0.181485424388192	0.188388796887732	0.151328759561549	0.0912717188444655	0.0358607365349736	0.00686065767683937	
6.62306482324696e-06	7.616524546734e-05	0.00014239589369981	0.000592764301680603	0.0016789469326931	0.00510969451113503	0.013825647818528	0.030492590446229	0.0596208295388691	0.100104313270966	0.146883020117559	0.182015067472473	0.183968871595331	0.148528851726136	0.0873681596158622	0.0335822501862737	0.00600380826227337	
5.65486684451777e-05	0.000236173850565154	0.000665278452296209	0.00207234237890269	0.00621702713670807	0.0151750014968765	0.0324489565107476	0.0618975072016392	0.10169779061026	0.150189936998131	0.18012746735146	0.183972776805732	0.144179146181634	0.0841943145303467	0.0313445942799359	0.00552513754632001	
6.30904351579751e-05	0.000322093274227557	0.000886586641430493	0.00245056532350451	0.00681376699706131	0.0163238199598214	0.0344739419900051	0.0635818764423636	0.10561338845445	0.151908485663529	0.181597516229184	0.182321395958892	0.140880941707758	0.0798592087131211	0.028241271106241	0.00466205110325248	
9.62093515489706e-05	0.000424648172354077	0.0010019042816479	0.00257111198105008	0.00783276824162481	0.0179380677181132	0.0361448581077943	0.0678309104058708	0.110514686855149	0.154767671003828	0.18230676849376	0.176617146496984	0.134885510871657	0.0755608341682536	0.0268357739544698	0.00467112989589485	
9.95873763041797e-06	0.000126144009985294	0.000338597079434211	0.00126475967906308	0.00326978552198723	0.0083487417135004	0.0191871678346053	0.0375942345548278	0.0709925209880396	0.114966986784755	0.156461726911497	0.182722918042909	0.173355065511896	0.129755712165926	0.0720381884392334	0.0252354411554791	0.00433205086923182	
3.32876183374832e-05	0.000163109329853668	0.000555903226235969	0.00145799768318176	0.00351184373460448	0.00871136971891935	0.0199559271933212	0.0404344699945408	0.0750469355418558	0.11839740090276	0.160209978296473	0.182895490193468	0.169237580389598	0.125790580935515	0.0662290454442565	0.0233379492164095	0.00403113058066921	
3.00011000403348e-05	0.000240008800322678	0.000653357289767291	0.001523389190937	0.00409014997216565	0.0102570427582345	0.0215707909290007	0.0426048955128355	0.0797395904516499	0.122484491098007	0.161665927750684	0.180616622609496	0.166049421812133	0.120124404561501	0.0628723053178617	0.0215341229178403	0.00394347792752401	
6.67587938021136e-05	0.000203614321096446	0.000824471103456103	0.001705687181644	0.00444613566722076	0.0114558090164427	0.0229850527060677	0.0468312938521827	0.0842863151148585	0.125269538629976	0.162450848838063	0.178623166636625	0.160995507133177	0.115853210764188	0.060707109143952	0.0197772926638762	0.00351818843337139	
6.65679242457022e-05	0.000219674150010817	0.000822113864434422	0.00170746725690226	0.00499592271463995	0.0117692090066402	0.0248731048944066	0.0495198788463779	0.0854099752034482	0.128083343041156	0.164156501189902	0.177027409342808	0.15918720564496	0.112296759806287	0.0573715655111584	0.0192048461448851	0.00328845545773769	
0.000105688693951964	0.000247707876449917	0.00071339868417576	0.00196514915316934	0.00524810420905224	0.0129931038127196	0.0276673184136127	0.0523423256797104	0.0874540914735646	0.130647739583058	0.164445002245885	0.174927999577245	0.155577060268978	0.109077337701799	0.0551397732977515	0.0183435939440378	0.00310460538483896	
3.30410303514905e-05	8.59066789138752e-05	0.000280848757987669	0.000743423182908536	0.00212123414856569	0.00639674347604856	0.0144389302636013	0.0296146755040409	0.0545804780376271	0.0923827208627674	0.131268709483437	0.163748042318952	0.175167022408427	0.153739914225485	0.10429401230448	0.0517224289122232	0.016715457254819	0.00266641114936528	
2.9633044136773e-05	0.000125117297466375	0.000316085804125578	0.000921916928699603	0.00275258054426024	0.00689462160248918	0.0156100291391601	0.0314834631150915	0.058512091928288	0.0948520817213506	0.134053306553842	0.164733384916781	0.174937029781209	0.149202377228652	0.0992213094512948	0.0481306487990386	0.0157186836343282	0.00250563850978714	
6.53891800523767e-06	4.90418850392825e-05	0.00019616754015713	0.000418490752335211	0.00107892147086422	0.00314848901952194	0.0074118635589369	0.0170306119446415	0.0332765537286545	0.0618777810835641	0.0983289795037615	0.137533062404164	0.16700396585377	0.171963735160743	0.144192950392499	0.0943663951925875	0.0454062466283704	0.0142908053004469	0.00241939966193794	
2.28424491021286e-05	7.50537613355654e-05	0.000130528280583592	0.000411164083838315	0.00132812525493805	0.00335457681099831	0.00796875152962829	0.0179835338574044	0.0350533697507236	0.0653946685723796	0.101136575003182	0.140144951655588	0.168929700731285	0.169676975137626	0.138953881095263	0.090211357918335	0.0430939118346729	0.0138164184997732	0.00231361377334417	
3.57999498800702e-05	5.53271952691994e-05	0.000152963422214845	0.000621617311553946	0.00150685243586114	0.00347584967926499	0.00840647914002011	0.0195858271252966	0.0377526744189831	0.0675577599645906	0.104031399810586	0.143177017733993	0.169037599710997	0.165737495240234	0.135115519929181	0.0867693148865955	0.041798068755431	0.0131483452286803	0.00203408806136762	
2.61565271978839e-05	7.19304497941808e-05	0.000277913101477517	0.000794504513635725	0.00164786121346669	0.00379269644369317	0.0101127673278819	0.0216870306129455	0.0399181300698706	0.0707370582407774	0.107245031077224	0.147199126371992	0.164236834275513	0.163746399390553	0.131037662129599	0.0829096520854926	0.0400652605353587	0.0125355156595859	0.00195846997394156	
2.63252284536232e-05	6.58130711340579e-05	0.000371843851907427	0.000714071821804529	0.00186580056665054	0.0045476832153634	0.0110335613756248	0.0226133712416623	0.0426731953233232	0.0727366062173608	0.110595575387228	0.147006656992145	0.164529387181588	0.162229220345453	0.126436781609195	0.0805058392647364	0.0387079577874962	0.0114942528735632	0.00184605664531033	
3.30278259433573e-06	1.98166955660144e-05	7.92667822640575e-05	0.00040954504169763	0.000743126083725539	0.0020246057303278	0.00548592188919164	0.0122235983816365	0.0236842539839815	0.0441185698951367	0.0764065725373627	0.112928742465527	0.148360994137561	0.166929237882916	0.157952274791512	0.123454710593675	0.0770539179258525	0.0360597803649575	0.0106580794319214	0.00140368260259268	
3.31007454287871e-06	2.64805963430296e-05	9.93022362863612e-05	0.000364108199716658	0.000923510797463159	0.00240311411812994	0.00569663828829425	0.0127801978100547	0.0251102254822779	0.0472844148450223	0.0788459756113708	0.116332569809472	0.149625299561746	0.167450050975148	0.155530472546242	0.119324877196234	0.0736756391753942	0.0332827995286454	0.00989381280866445	0.00134720033895163	
1.98863824681652e-05	6.29735444825232e-05	0.000401042046441332	0.00114015259484147	0.00233002114585336	0.00612500580019489	0.0130322093108043	0.0266709532868876	0.0504716387042033	0.0821738467555367	0.118423407597924	0.151086790801885	0.16564693716566	0.15363224775781	0.117399258900813	0.069446561975911	0.0312249348720974	0.00948911883439284	0.00122301252179216	
3.32561789980578e-06	4.32330326974752e-05	9.97685369941735e-05	0.00055205257136776	0.00113403570383377	0.00283342645063453	0.00610250884614361	0.0140507356266794	0.0289927368505068	0.0529272088754091	0.0852555404794211	0.121524729294703	0.151272381408466	0.165193417937053	0.151185915343071	0.112572165908426	0.0664524968739192	0.0299704685130497	0.00870646766169154	0.00112738446803416	
3.32722233497809e-06	4.99083350246714e-05	0.000159706672078948	0.000519046684256582	0.00124770837561678	0.00275494009336186	0.00722672691157241	0.0158841594271854	0.0311527827223999	0.0561235863464104	0.0874626935195691	0.122887629720081	0.150703208440498	0.164195095008834	0.146863593865933	0.110653433194366	0.0644516238508606	0.0286873109721811	0.00787553526689314	0.00109798337054277	
1.66105782806723e-05	5.97980818104201e-05	0.000156139435838319	0.000571403892855126	0.0012723702962995	0.00337194739097647	0.00750798138286386	0.0169726888871909	0.0331979017517516	0.0576785720218064	0.0912385843800766	0.124509572676263	0.15195357011159	0.161933205542618	0.144638271436782	0.106895715467438	0.0631633849700843	0.0267230983379455	0.00710268327281546	0.00103650008471395	
4.97179335900988e-05	0.000208815321078415	0.000596615203081186	0.00142856195848884	0.00359294933411114	0.00826643509158043	0.0186409105673811	0.0349285056114974	0.0606857097400746	0.0932144964236233	0.127509927014073	0.153678132726996	0.160191182027298	0.141185673280257	0.103897223087683	0.0589323239487972	0.0254787837004727	0.00652630741592697	0.000987729613989964	
9.96780399310228e-06	6.31294252896478e-05	0.000235904694503421	0.000674488070199921	0.00154500961893085	0.00414660646113055	0.00915044406566789	0.019586734846446	0.0374855882167266	0.0634018785987926	0.0959334682309474	0.129478451269068	0.155039223308713	0.158066113121285	0.138941219859853	0.0983423541959471	0.0566038362754968	0.0239326973874386	0.00629965212364064	0.00106323242593091	
3.31133503094443e-06	3.64246853403887e-05	0.000102651385959277	0.000254972797382721	0.000874192448169328	0.00173845089124582	0.00476169977449808	0.0101459305348137	0.0209905527611567	0.0400075498438706	0.0661273605679602	0.097840016159315	0.132698440030067	0.154639345945105	0.156947346461673	0.134460070266529	0.0936743566903869	0.0554317484180097	0.022043557300997	0.00627497988363969	0.000947041818850106	
9.9258538715793e-06	1.32344718287724e-05	0.00014888780807369	0.000344096267548082	0.000956190589628806	0.0018693691458141	0.00502909929493351	0.010845649663679	0.0223166281212675	0.0417315982940766	0.0687530811504726	0.102024543328006	0.134392752803227	0.154535618926618	0.153883821189051	0.130472040523953	0.0935048520882342	0.0524018912060243	0.020166026449092	0.00578015557121635	0.000820537253383889	
1.32524492182712e-05	3.31311230456779e-05	0.00014909005370555	0.00028492765819283	0.00080839940231454	0.0021800278964056	0.00533079769804957	0.011874194499571	0.0239968724219845	0.0434050843021426	0.0720204352766946	0.104836812653439	0.135814412701147	0.154106105734666	0.150418611739682	0.129989961269717	0.0895733042662947	0.0493388684396235	0.0192293038157114	0.00583439076834387	0.000762015830050591	
3.30929680752137e-06	5.62580457278633e-05	8.60417169955556e-05	0.000287908822254359	0.000780994046575043	0.00251175627690872	0.00648291244593436	0.0139023558883973	0.0255841736189477	0.0462077113234209	0.0736252353737354	0.106188715959746	0.134443492102363	0.154130498810308	0.150579623335837	0.125935290010226	0.0877724792258893	0.0472534491145976	0.0184923505604294	0.00504336833466257	0.000632075690236582	
9.90690808700907e-06	5.94414485220544e-05	6.93483566090635e-05	0.000356648691132327	0.00102041153296193	0.002909328674885	0.00669706986681813	0.0152302200324286	0.0269368830885777	0.0465063288631163	0.0756656616658796	0.108087669531965	0.136068080272374	0.154468510892645	0.150594909830625	0.123284866537437	0.0846545296034925	0.0448419683044987	0.0175847618544411	0.00441187640141471	0.000541577642089829	
1.31094243651761e-05	2.94962048216463e-05	0.000114707463195291	0.000344122389585873	0.00128800094387855	0.00308726943799898	0.00716102305947746	0.0153937415608081	0.0275330685229612	0.0487768907067291	0.0781321692164497	0.109929078014184	0.139333516865274	0.156254506364626	0.148503559208715	0.12098687746621	0.0800002621884873	0.0421926823193194	0.0161639202422622	0.00421795728949542	0.000544041111154809	
3.26829427721672e-06	7.19024740987679e-05	0.000120926888257019	0.000519658790077459	0.00149687877896526	0.00336634310553322	0.00758897931169723	0.0164329836258457	0.0297806974539988	0.0515344641631532	0.0813118933228748	0.114119031277576	0.140340556263686	0.155541392947021	0.14603065660032	0.116210739614995	0.0766611105663954	0.0395986534627578	0.0148936170212766	0.00383370918717521	0.000542536850017976	
1.29995060187713e-05	6.49975300938564e-05	0.000133244936692406	0.000669474559966721	0.00158918961079479	0.00376985674544367	0.0088721628578114	0.0169416062189637	0.0321640277669449	0.0543086862699217	0.0843960429503679	0.115087876660687	0.141106387957258	0.155188102852092	0.143274055585888	0.113251696435535	0.0728752307412318	0.0379520578218028	0.014452200816369	0.00342211995944154	0.000467982216675766	
9.66491731663236e-06	7.08760603219706e-05	0.000219071459177	0.00058633831720903	0.0018621074030045	0.00440075901817327	0.00888850229219622	0.0185373114133009	0.0339689627288572	0.057142212815036	0.0870937915792797	0.117506064735616	0.143063327759898	0.152747574911163	0.140837175137967	0.110579540658696	0.069587404679753	0.0358600648838116	0.0135083327695465	0.00304767059384474	0.000483245865831618	
6.41788793725873e-06	6.09699354039579e-05	0.000263133405427608	0.000644997737694502	0.00192536638117762	0.00469147608213613	0.00979690593622545	0.0199275420451883	0.0357668894743429	0.0589643454235646	0.0893562537504533	0.119571670159067	0.144238822445921	0.151949914802538	0.138549364789541	0.106007464003671	0.0676477478026756	0.0343645809600519	0.012761970163239	0.00303245205035475	0.000471714763388516	
1.60263601571865e-05	8.333707281737e-05	0.000314116659080856	0.000717980935041957	0.00221484297372318	0.00498419800888501	0.0105677818876488	0.0201291083574263	0.0371747450206099	0.0610860743751322	0.0917765540761444	0.122412544152622	0.144644310962671	0.151122165738206	0.135131063573365	0.104831627060189	0.0647497003070651	0.0323988896937683	0.0123274762329079	0.00301616098158251	0.000301295570955107	
3.20093211143085e-06	4.80139816714627e-05	0.000108831691788649	0.000313691346920223	0.000912265651757792	0.00248712425058177	0.0057168647510155	0.011107234426665	0.0214398432823638	0.0389457409997791	0.0646684314472374	0.0932527552023149	0.123751236360028	0.143849889087702	0.149422711893703	0.133299616848426	0.100134759241891	0.0637657685918139	0.0312571020681222	0.0121795466839944	0.00301847898107929	0.000316892279031654	
3.17938739563661e-06	3.49732613520027e-05	6.35877479127322e-05	0.000426037911015306	0.00119227027336373	0.00257848317786129	0.00622206113326084	0.0122565384101791	0.0231840928889822	0.0414083414407712	0.065689322981248	0.0941702752713607	0.123624120104538	0.144913298105721	0.14868087216955	0.131006657637206	0.0985800855891087	0.0612604363391262	0.0301310543484481	0.0115157411469958	0.00272155561066494	0.000337015063937481	
3.15303242893853e-05	0.000100897037726033	0.00055808673992212	0.0011540098689915	0.00291970802919708	0.00635966640916902	0.0125049266131702	0.0246535605618704	0.0426699878608251	0.0665479024451767	0.0974854566379215	0.124765493213098	0.14561019060081	0.147158329523419	0.129381532689064	0.09576705396415	0.0590121549400136	0.0292223045514023	0.010975705885135	0.00268953666188457	0.000431965442764579	
3.45160844953748e-05	0.000188269551792954	0.000746802555445383	0.00145281337466896	0.00316606629598484	0.00654550475066836	0.0136495425049891	0.0252469468954351	0.0437005007970078	0.0693585028805241	0.0991396081483062	0.124807023709412	0.147389956446977	0.14632937130521	0.12808291391061	0.091593136947272	0.0561231533894795	0.0284977344897268	0.0109792526953924	0.0024475041733084	0.000520879093293839	
