# <P(N_1)> as a function of N_tot.
# number_of_species: 2
# species_total_upper_bound: 100
# species_total_lower_bound: 0
# volume: 512
# Bin widths for each species index 
1	1	1	1	1	1	1	1	1	1	1	1	1	1	1	1	1	1	1	1	1	1	1	1	1	1	1	1	1	1	1	1	1	1	1	1	1	1	1	1	1	1	1	1	1	1	1	1	1	1	1	1	1	1	1	1	1	1	1	1	1	1	1	1	1	1	1	1	1	1	1	1	1	1	1	1	1	1	1	1	1	1	1	1	1	1	1	1	1	1	1	1	1	1	1	1	1	1	1	1	1	
# Bin lower bound for each species index 
0	0	0	0	0	0	0	0	0	0	0	0	0	0	0	0	0	0	0	0	0	0	0	0	0	0	0	0	0	0	0	0	0	0	0	0	0	0	0	0	0	0	0	0	0	0	0	0	0	0	0	0	0	0	0	0	0	0	0	0	0	0	0	0	0	0	0	0	0	0	0	0	0	0	0	0	0	0	0	0	0	0	0	0	0	0	0	0	0	0	0	0	0	0	0	0	0	0	0	0	0	
# Bin upper bound for each species index 
0	1	2	3	4	5	5	5	5	6	6	7	8	8	7	8	8	8	8	8	8	9	9	10	11	10	10	11	11	11	11	11	12	12	12	11	11	12	12	13	12	12	13	13	14	15	15	16	16	14	15	15	15	16	16	16	16	17	16	15	16	16	16	16	16	16	16	16	17	17	18	18	18	18	18	18	18	18	19	19	18	19	19	19	18	19	20	20	20	20	20	20	20	20	20	20	20	21	21	20	20	
# Normalized histogram for each species index 
1	
0.921759832485735	0.0782401675142646	
0.849108907182124	0.144777999419361	0.00611309339851469	
0.782354966149206	0.200606059186785	0.0165870062596453	0.000451968404364188	
0.717556766233399	0.249194103286739	0.031314507083408	0.00184979216347921	8.48312329748428e-05	
0.659284437001504	0.287325083023474	0.0492298449282356	0.00394302366287266	0.000212880701654793	4.73068225899539e-06	
0.60913752362949	0.315333175803403	0.0669470699432892	0.00810964083175803	0.000463137996219282	9.45179584120983e-06	
0.561912545012211	0.339049992110351	0.086131410928223	0.0118556688891139	0.00102683187041193	2.35511896883471e-05	
0.517657261086158	0.356307645902752	0.10624284212858	0.0176360525782476	0.00200773874888655	0.000148459555375414	
0.474507446863893	0.370085708741724	0.127301854735278	0.0247968499316128	0.00302654557329257	0.000248465430176481	3.31287240235309e-05	
0.435350944544415	0.379752733081518	0.14607574896774	0.0332866627523599	0.00496578151036776	0.000494438752588078	7.36903910107231e-05	
0.402117197397522	0.381758796008007	0.164432324360176	0.0434676801729259	0.00726012134399328	0.000825501802504658	0.000126449698071523	1.19292167992003e-05	
0.372609865855023	0.383430465687966	0.179957022205194	0.0525847359816476	0.00989726736424276	0.00137310008876366	0.000102328082871469	3.33161200046643e-05	1.18986142873801e-05	
0.341419327797134	0.383967249579069	0.19635249093243	0.0628907152366142	0.0131720897445362	0.00197902848991315	0.000185757186778851	3.09595311298086e-05	2.38150239460066e-06	
0.31344179782162	0.38017831810668	0.213106165538722	0.0726645088596875	0.0174634045983776	0.0028898346239507	0.000234440226115206	2.15302248473148e-05	
0.289485724089616	0.373404057589752	0.227022956788623	0.0840779873134791	0.0214031425589409	0.00395798483527062	0.000562362685806061	8.10183530398563e-05	4.76578547293272e-06	
0.26519597008221	0.3662196110307	0.239615641480869	0.0956475651985844	0.026809078010139	0.00539033589778326	0.00094116975993041	0.000178251848471669	2.37669131295558e-06	
0.243580689878188	0.357595817075519	0.248212532129245	0.109813656325865	0.0320258127718057	0.00720931504373857	0.00141000126020349	0.000149797773006441	2.37774242867367e-06	
0.223388026225808	0.350205875460888	0.256258757478229	0.120215965988704	0.0385807266136476	0.00926320017981225	0.00184116265835194	0.000239112033552201	7.17336100656602e-06	
0.205537006985787	0.340628218946946	0.264135882281243	0.13089448187352	0.0450192509458177	0.0112948441880307	0.0021772329782683	0.000289182426312255	2.3899374075393e-05	
0.188468720259249	0.328863135322676	0.271837993470588	0.141454541073859	0.0514064739967955	0.0144369887602549	0.00301413099784361	0.000467419195508921	5.05969232251925e-05	
0.173245126021963	0.319009723767597	0.275211649170335	0.151047361037202	0.0598737361520971	0.0171423733733249	0.00384596778094916	0.000568429200328963	5.32146485414349e-05	2.41884766097431e-06	
0.161044590049867	0.307709033978894	0.278784452433414	0.159826916386408	0.0657857860759983	0.0207439406239128	0.00501807182341799	0.000901175151726004	0.000164289303799915	2.17441725617535e-05	
0.15043662855213	0.293942683456361	0.279917498914459	0.171004004438655	0.072933854392821	0.0236671973754041	0.00634920634920635	0.0014329135909683	0.00023881893182805	6.75447483958122e-05	9.64924977083032e-06	
0.137194258079079	0.284721188341346	0.280948790479438	0.178959576991975	0.0805170418253507	0.0276146247052439	0.00777051526488428	0.00176973725284911	0.000420222549862407	6.48343362644857e-05	1.68089019944963e-05	2.40127171349947e-06	
0.126258016419922	0.271514111766336	0.280703724588785	0.187534048877462	0.089599919716331	0.0322472737004081	0.00926129466973784	0.00228665092851886	0.000516109300480746	6.21242676504602e-05	1.67257643674316e-05	
0.114862672494417	0.260998606684099	0.281526158074552	0.193644666272212	0.0974724676960663	0.0367606359628195	0.0111393697631363	0.00287252113832	0.000632240948218273	8.35035214627908e-05	7.15744469681064e-06	
0.106196175863285	0.247787080048827	0.279457435914654	0.202118551595629	0.104728490130293	0.0416659671977035	0.0136576311264488	0.00357808351899238	0.000712259252775293	7.67417376727588e-05	1.19908965113686e-05	9.59271720909486e-06	
0.0990035999125838	0.236686447373793	0.275372899550671	0.207418845866585	0.113091049690321	0.0467364234784425	0.0160927379748751	0.00434679237942454	0.00103026184020615	0.000194524962836126	1.6810799257443e-05	9.60617100425313e-06	
0.091880116313663	0.226005508584371	0.272322242588843	0.212560340111899	0.119329469007015	0.0527130257867007	0.0184739109989348	0.00518948954424622	0.00118520935499659	0.000311897198683314	1.9193673765127e-05	9.59683688256351e-06	
0.0850125493008247	0.216610493605832	0.268411617067049	0.216734791442572	0.126372654475917	0.0575355563523366	0.0212477590534242	0.00620294012190749	0.00147006095374686	0.000375283853232939	2.15130871280029e-05	4.78068602844508e-06	
0.0775152418955245	0.206947479791173	0.263651879175513	0.22193444608546	0.133872554534509	0.0628969056618226	0.0233625285149714	0.00735823900153915	0.0018910243367651	0.000485921443497868	7.8992155839555e-05	4.78740338421545e-06	
0.0714508378334309	0.196133113364091	0.262085519437544	0.223018598271579	0.142266226728181	0.0676477358834419	0.0262931985382277	0.0082944070901714	0.00217970975569986	0.000513154991990945	0.000105508503026176	9.5916820932887e-06	2.39792052332217e-06	
0.0648454387459861	0.186494124217084	0.25679169254322	0.229148312367307	0.14652869047791	0.0735592175893162	0.0294318712478998	0.00988604688109303	0.00258284107704232	0.000596966064404936	0.000115541818917084	1.68498485920748e-05	2.40712122743926e-06	
0.058473896746271	0.174854123193446	0.250483035783291	0.231378970554139	0.154276798825257	0.0806814668830667	0.0341168173738311	0.0114865909266558	0.00322184867454981	0.000823576010510859	0.000185968776566968	9.66071566581652e-06	7.24553674936239e-06	
0.054376250365887	0.165492199652135	0.244961645366601	0.231349439618365	0.161232186443917	0.0867194511574124	0.0369322099090665	0.0136460729741956	0.00391408368591535	0.00113697115721892	0.000234651494149437	4.83817513710179e-06	
0.051156327591231	0.158273467923138	0.23692734510653	0.230670677227704	0.166690347921789	0.0932864845859112	0.0414149028145372	0.0151720583666677	0.00455643403646592	0.00150275625726994	0.000315482483497376	3.37156852592616e-05	
0.0462254345040973	0.15143223186444	0.230740409485363	0.23291353428896	0.170079044695303	0.0977301844376224	0.045920858613938	0.0177161642775992	0.00516812105682999	0.001590562981943	0.000403683917909546	7.73526070245836e-05	2.41726896951824e-06	
0.043136707477623	0.141083002601729	0.225334722847316	0.23237214586046	0.176433778667751	0.103301379325283	0.0498323678136575	0.0197596590074923	0.00618301632037122	0.00207223707739962	0.000392305044850334	8.90508384016096e-05	9.62711766503888e-06	
0.0391398273214642	0.133807842863974	0.216016378748958	0.231707873862487	0.182088626910073	0.108819196970316	0.055775695724368	0.022316526051967	0.00760064303891154	0.00214106005300986	0.000511835904928283	5.76716512595248e-05	2.40298546914687e-06	1.44179128148812e-05	
0.0358546157126234	0.12607536142503	0.211147863249922	0.229117330333202	0.184190048976976	0.11635705733414	0.0601021939661714	0.0248835803061001	0.00888234684757392	0.00258737198651868	0.000701047717017632	9.15457499885568e-05	9.63639473563756e-06	
0.0330137464373655	0.118856273145006	0.205605211625337	0.228352754134595	0.187537565193788	0.121195009403416	0.0637638870038971	0.0271511526455591	0.010130484518293	0.00329119568800047	0.000923376698916184	0.000147837214262171	3.15062915640693e-05	
0.0304781272902885	0.110705566583994	0.199373401348328	0.228861395989963	0.190959700630482	0.124244659836046	0.0682487756815656	0.0299320982561046	0.0120466138919493	0.00355282891575621	0.00125708017647658	0.000300922667727985	3.64019356122563e-05	2.42679570748375e-06	
0.0280800833797901	0.105332428436387	0.19223889279395	0.227687422740383	0.194316116053033	0.129330780231233	0.0715393751363405	0.0326247667062559	0.0128172188961873	0.00430714787793587	0.00126523983808808	0.000341760186150229	0.000106648568727731	1.21191555372422e-05	
0.0262698587047574	0.0999109209900565	0.185042934151541	0.223033079936945	0.198090957152755	0.135079024427927	0.0758885570890235	0.0355784945405913	0.0141295242601493	0.00492952136327096	0.00143636885952313	0.000417633298651262	0.00014967204922762	3.86250449619664e-05	4.8281306202458e-06	
0.0239771581968061	0.0955814965999485	0.178135275624265	0.219686382234581	0.200378130945881	0.140557911524094	0.0789504701379986	0.0387584219527625	0.0159984028056739	0.00561182885966579	0.00160922139182015	0.000574893740874464	0.000120270657086708	5.05136759764173e-05	4.81082628346832e-06	4.81082628346832e-06	
0.0219165895237981	0.0886882506401856	0.171533680376056	0.217074021087053	0.201798530879188	0.146320585724762	0.0847906322509287	0.041205111867178	0.0177905480950721	0.00609288402120728	0.00200290938818692	0.000574664278243307	0.000144267182822587	4.56846078938194e-05	1.44267182822587e-05	7.21335914112937e-06	
0.0203232413456944	0.0832282834976913	0.16317180870605	0.212174255466793	0.202699360576658	0.151958489107232	0.0903524632085461	0.0455303996215805	0.0202247946425784	0.00700412275583537	0.00244676074329662	0.000665115530807815	0.000134463789621797	5.28250602085629e-05	1.44068346023353e-05	2.40113910038922e-06	1.68079737027246e-05	
0.019056462166115	0.0782536948656762	0.157099145562312	0.207537910861366	0.203121391732738	0.155626972519437	0.095794684781772	0.0493610961434839	0.0220465129705181	0.00837118004772535	0.00258833038257255	0.000856362096836271	0.000182818874605496	8.17873912708798e-05	1.68385805557694e-05	2.40551150796705e-06	2.40551150796705e-06	
0.0180704574084532	0.0728754904941865	0.151361800095565	0.202809994739103	0.204405156644416	0.160047106747945	0.100326272147653	0.0522614617571396	0.0242894169091988	0.00913658543648553	0.00305518150094841	0.000977368489639894	0.000306483452306831	6.03313882493762e-05	1.68927887098253e-05	
0.0168539868763107	0.0685321375764663	0.144913845588875	0.200443093634334	0.202588497927076	0.164145172357142	0.104914618707539	0.0566937580331861	0.0259284671956087	0.00998047875373271	0.00334132222619519	0.00117417397102738	0.000314079457270698	0.000125631782908279	4.83199165031843e-05	2.41599582515921e-06	
0.0146888063167673	0.0650642514321102	0.138288144449605	0.19463877922279	0.204324876141818	0.166422337049079	0.110187819321876	0.0602623277597151	0.0291574740671931	0.011611704598235	0.00355366542808484	0.00120955256231615	0.00041124787118749	0.00011611704598235	4.83821024926459e-05	1.45146307477938e-05	
0.0135405379854996	0.0598537350408083	0.131829960318903	0.189371186724164	0.204310380351918	0.170522059732534	0.114735818916515	0.0646605533052633	0.0312018984871733	0.0132545044226122	0.00465410543003207	0.00139865564225443	0.000467834556248015	0.000145440794688502	4.12082251617423e-05	1.21200662240418e-05	
0.0124409644241461	0.0565987235419642	0.12578927006358	0.185650918168966	0.201627325837447	0.173852319206971	0.118976303040773	0.0692538097868271	0.0339334421785922	0.0140030804343753	0.00535791192293561	0.00181273586856813	0.000452575666514997	0.000153291758013144	8.75952902932252e-05	7.29960752443544e-06	2.43320250814515e-06	
0.0111828450035731	0.0538874105799226	0.122199105860201	0.179410882359397	0.200376582610371	0.174535308278232	0.123374707014339	0.0733043416755487	0.0373338731667817	0.0155193986385465	0.00584142067253166	0.00217559383711826	0.000587800577068948	0.000185364497332946	6.34141701402185e-05	1.70730458069819e-05	4.87801308770911e-06	
0.0109197579905885	0.0497903807370287	0.11605695777058	0.176111959909552	0.200063558027257	0.17502902890668	0.127062274644014	0.0772474485118866	0.0402713438855955	0.0174613457190002	0.00643647252948726	0.00240053779869217	0.000784697182668215	0.000215119476868545	0.000112448817454012	3.42235531381776e-05	2.44453950986983e-06	
0.00951746129411104	0.0466155390013258	0.109851231678643	0.1712459377434	0.198785046500783	0.1768787707874	0.131484045189629	0.0814746449264216	0.0428163676894641	0.0194915068011515	0.00748846941740343	0.00291286078088109	0.000969325842422289	0.00028078708281754	0.000156264115654979	2.68578948781994e-05	4.88325361421808e-06	
0.00884419852808314	0.043420082337486	0.104841112093257	0.16669678219635	0.194660272407175	0.180107146171014	0.134367354114677	0.0860636723690829	0.0461768742033628	0.0210361044504241	0.00870745774465612	0.0033721253912984	0.00118915645587424	0.00031499216182295	0.000141624382835125	3.17433961527004e-05	2.44179970405388e-05	4.88359940810775e-06	
0.00838409593580766	0.039652389455095	0.10011683358929	0.161935763569964	0.194240128541442	0.179575921013635	0.138424534563883	0.088989475179598	0.0491876758933361	0.0240206920369459	0.00995657317530182	0.00359808265547807	0.00136428321245833	0.000352705175213644	0.000127365757716038	4.40881469017055e-05	2.93920979344703e-05	
0.00796859608627255	0.0385271329226517	0.0943881676639664	0.15853144556998	0.190685171844294	0.180400978186826	0.139629308359185	0.0941308790449446	0.0524109168786235	0.0260866156010017	0.011078112824735	0.00410436606534641	0.00148247251912512	0.000370005537831228	0.000164174642613856	4.16562526035158e-05	
0.00696150093882213	0.035930169282132	0.0914922614582874	0.151383230626682	0.188811103103751	0.181467209859839	0.142725476642203	0.0972379509655406	0.0569715509929944	0.0279146382715868	0.0123395055373347	0.00444653616303639	0.00153447168581079	0.000551527363110908	0.000154427661671054	6.86345162982464e-05	9.80493089974948e-06	
0.00626294518506843	0.033664253926347	0.0874423392826797	0.148256694553971	0.183809929588044	0.182507099071764	0.146835648792357	0.0999485271119277	0.0591815071951216	0.0307088727930076	0.0136243070246947	0.00511280936067718	0.00178800558567034	0.000581224956223417	0.000169934415167016	0.000100975522055763	4.92563522223235e-06	
0.00560084604329316	0.0317562054268057	0.0841852519271397	0.144192203681472	0.18285332537908	0.180065228162987	0.15009872970248	0.102841591212194	0.061402232942934	0.0324858931155446	0.015185392441323	0.00608894794319283	0.00215455081066823	0.000756804460955546	0.000226794822175603	9.86064444241753e-05	7.39548333181315e-06	
0.00477103929959176	0.0289484039152034	0.0795263390880921	0.140354630859279	0.181206040037381	0.181904480842064	0.151618218484088	0.105651468201269	0.0642417982391422	0.0345924942206483	0.0165289459446166	0.00676798976931779	0.00247651369829325	0.000973882248782647	0.000339383207909104	8.85347498893316e-05	9.83719443214795e-06	
0.00481453488942765	0.0270271596698044	0.075013005624319	0.134573857222784	0.177362361232442	0.182400200237537	0.154612334239637	0.110299963682408	0.0681715564542251	0.0359544165137074	0.0179011376240442	0.00768313391376044	0.00259867097242808	0.000984010443761717	0.000485870493428479	0.000107971220761884	9.81556552380765e-06	
0.00446530490005229	0.0253827667215726	0.0713393214405825	0.128970966926304	0.17384985872551	0.183332801457177	0.156359315892705	0.115047267424877	0.0713000444321158	0.038074150082359	0.0187400426646504	0.00823098808679237	0.0031642539945945	0.00122495170155365	0.000382950832549839	0.000125195464487447	9.81925211666253e-06	
0.00401268095860953	0.0237361532947584	0.0670184228611967	0.125331618891377	0.168907018619923	0.18305855459734	0.15977810785712	0.117949172707858	0.0751176831386112	0.0408928892534541	0.0200239923342768	0.00867074092959211	0.00343134719173915	0.00134987671290241	0.000541921308099507	0.000152723277737134	2.70960654049753e-05	
0.00406307868090304	0.0221942594854419	0.0635219258500453	0.12034592805642	0.165652949056381	0.180147058823529	0.161459359363303	0.122414404475789	0.0789690122532603	0.0429455104211812	0.0218889129663922	0.0100271856900831	0.00402367913005792	0.00143069619006343	0.000677179780150506	0.000214235057720342	2.46247192782002e-05	
0.00368608447707832	0.0208311788083384	0.0613460979705606	0.116139977642186	0.161402238736143	0.178015473182935	0.162103998305928	0.124393655108563	0.0836300422040668	0.0467347250333644	0.0231876135742462	0.0113340326305888	0.004557743732179	0.00161035353908431	0.000753468169663303	0.000206834399515417	6.15578569986359e-05	4.92462855989087e-06	
0.00341462340008371	0.0197215919243545	0.0582101498762658	0.112354572535658	0.15875428663744	0.176358567277872	0.163079476277546	0.127684885334743	0.0857376443259729	0.0499049045741267	0.0250699447051307	0.0118495999138389	0.00507665156399543	0.00175504299488174	0.000712297784533592	0.000234984836134793	6.11939677434357e-05	1.95820696778994e-05	
0.00316750331214372	0.0183462375262844	0.0556537381644039	0.109054003135901	0.155314623266442	0.17444605156005	0.163934705188823	0.130319788995175	0.087909763835037	0.0528922003573469	0.0274792459251516	0.0129471394017478	0.00543799302322755	0.00206142963062001	0.000678229795923328	0.000238231254482029	0.000102099109063727	1.45855870091038e-05	2.43093116818397e-06	
0.00282294736076249	0.0166369578134284	0.0518267913225896	0.104747353486849	0.153426218972437	0.174581347690591	0.164177186025926	0.131000278899439	0.092436974789916	0.0549965440721743	0.0295075605999976	0.0141341385038864	0.00634435592418786	0.00222877029599719	0.000749390665357052	0.000271623801035566	7.51815877866298e-05	3.15277626201996e-05	4.85042501849225e-06	
0.0025136397649093	0.0157259890494422	0.0483137061172499	0.0995188244496267	0.149961133026756	0.17393999714249	0.164435145430285	0.13383073372612	0.0953681707337746	0.0586830755520684	0.0315948535768513	0.0151641736106571	0.00671272584617396	0.00278728262948998	0.000978333781332713	0.000305123902098817	0.000121080913531276	3.39026557887574e-05	1.21080913531276e-05	
0.00233688719886405	0.0145411662775866	0.0456667709561743	0.0947654689417824	0.144730572068061	0.171615604919256	0.16645808765132	0.136956992611489	0.0982431229091959	0.062058674881471	0.0337512935910086	0.0165940651247864	0.00736925705759188	0.00314793867776949	0.00115039349233472	0.000394695675194339	0.000158840942456259	5.05402998724459e-05	9.62672378522779e-06	
0.00225018611464662	0.013935784443217	0.0432458394370933	0.0905693907446987	0.139528349463269	0.169597271919502	0.167659278115319	0.139886169880646	0.101508129007469	0.0651161115246992	0.0354674479479359	0.0178742105136764	0.00797050983405778	0.0033908887874931	0.00133041953843568	0.000439470713959799	0.000139285800052833	6.72414207151605e-05	2.40147931125573e-05	
0.0020349796502035	0.013094651662179	0.0414145858541415	0.087243475391333	0.135150387626559	0.16610790413835	0.168425054879886	0.142161621862042	0.104938950610494	0.0674891077176185	0.0379639681864051	0.0197137159063192	0.00843165481388664	0.00350322583730684	0.00146824618710335	0.000631298034845738	0.000148259386971348	4.5434328265413e-05	3.34779260903043e-05	
0.00190608006015167	0.0122554243063521	0.0398456937197535	0.0830916810141495	0.131435714097569	0.163647509284957	0.165718814877961	0.145817519174543	0.107413358364602	0.0709224613336334	0.0397379379374585	0.0217786408882908	0.00987282423116249	0.00384089499558201	0.00155886698386776	0.000780630778403826	0.000270586742207461	8.14154799562272e-05	2.39457293988904e-05	
0.00189535889305275	0.0112832708753723	0.0381954453733064	0.0803425578937254	0.127051503795522	0.161931872777938	0.166315941193427	0.146370231574902	0.110235898914192	0.0728187758239646	0.0427500720668781	0.0227659267800519	0.0108484673777265	0.00438406841548957	0.0017368117613145	0.000653406361103104	0.00032430095128279	7.20668780628423e-05	2.40222926876141e-05	
0.00162337271916133	0.0106541350309403	0.0355338250749758	0.0761301680371139	0.123876565953425	0.157943343089603	0.166793730654808	0.149316620210149	0.112736621605047	0.0766616722903504	0.0442302928564385	0.0241966710036772	0.0121380179460848	0.00517314773172744	0.00190235232719498	0.000673399053874329	0.000319864550590306	6.73399053874329e-05	1.9239972967838e-05	9.61998648391899e-06	
0.001487679701116	0.0101128518193986	0.0332441046479158	0.0732140621840486	0.119404350379864	0.155229025642013	0.166234966731823	0.150551741403715	0.116460285210827	0.0787049964854169	0.0475937141921755	0.0254349898414105	0.0131772794238009	0.00562092573156288	0.00231336600772245	0.000801613819533379	0.000305720585828045	8.6660953463068e-05	1.92579896584596e-05	2.40724870730744e-06	
0.00138068057449782	0.00934244486297828	0.0315752506993604	0.0697051260773037	0.116908045230518	0.153168950562495	0.164952842782817	0.151542922568836	0.11887563531752	0.0816429617763153	0.0503515443657889	0.0272383742606504	0.0133690289774545	0.00612165864476821	0.00230434144663573	0.00108241508453662	0.000353588927615295	6.73502719267229e-05	1.68375679816807e-05	
0.00116545064894411	0.00864215367574466	0.0296708324303499	0.0662838016807532	0.112928315153266	0.15034313371379	0.165368778443979	0.1509017794794	0.122059283873919	0.0854270509764261	0.0527342339088348	0.0294709720917913	0.0144043921115365	0.00626550121601772	0.00263189578366924	0.00108598810469792	0.00047195935370464	9.63182354499266e-05	4.57511618387151e-05	2.40795588624816e-06	
0.00108389751280369	0.00788048768178115	0.0284144574143637	0.0643176612808256	0.109480858754455	0.147282685758644	0.163649297869937	0.151608662528149	0.122694314464865	0.0878389583047939	0.0563001843346768	0.0310460932824791	0.0162392361286353	0.00746471324782319	0.00280948157975058	0.00123050005888135	0.000444614279087988	0.000165829109497682	4.56630881225501e-05	2.40332042750264e-06	
0.00099565835515325	0.00737648810236134	0.0267439578376981	0.0625493640710938	0.10600889390973	0.144102399632372	0.161351701953501	0.152618150660342	0.125134629284801	0.0912918188476212	0.0578271671126386	0.03353645402021	0.0170793702460904	0.00793415251762746	0.00338906786273318	0.00131876863867654	0.000519369863144844	0.000157965027500275	5.26550091667584e-05	1.19670475378996e-05	
0.000944009483112985	0.00694265202137524	0.0254141692238569	0.0584999091838978	0.102763199403482	0.140635903907004	0.160111178028239	0.153089659391819	0.127742407295879	0.0934712782127391	0.0607440228665386	0.0357600351792901	0.0190976703279895	0.00866337816780904	0.00385490454749682	0.00145544753219192	0.000573575382144598	0.000188801896622597	4.77979485120499e-05	
0.00110361770682636	0.00636739433460249	0.0239149158731415	0.0561093637164086	0.0973582750935076	0.138532812233842	0.158177207415351	0.154652828260291	0.129348793577905	0.0961514931227823	0.0634076355950299	0.0384466820693312	0.0202345907377684	0.00953669648833644	0.00415056224523825	0.00151387559349441	0.000654973117312163	0.000278303595634472	4.79833785576676e-05	1.19958446394169e-05	
0.00100530417632078	0.00620176933535032	0.0221047239721962	0.054683760029106	0.09341430021255	0.134543208930931	0.156963885644256	0.154721099898512	0.132326752580281	0.098055454493231	0.0661035367558356	0.0401714761695039	0.0216068590467802	0.0103809624111981	0.00474886544242958	0.00166593263504586	0.0008425406430117	0.00031834632250158	9.81368362598855e-05	3.35101392106926e-05	9.57432548876932e-06	
0.00090735411708938	0.00580562990485949	0.0202778083687257	0.0518508587544111	0.0933210118315146	0.130213695061983	0.15409697915719	0.155128825132033	0.134422477483732	0.101956437426083	0.068623742512533	0.0412020167680956	0.0224659921761656	0.0112449664590206	0.00504670838739951	0.00201341639174715	0.000912142265464522	0.000335170386259929	0.000148432599629397	1.43644451254255e-05	1.19703709378546e-05	
0.000794847853671383	0.00578658813952932	0.0193923723335488	0.0495032200914554	0.0891019655725538	0.129612870789341	0.150367497426321	0.154442289736407	0.136457659987072	0.104994134405899	0.0716727716727717	0.0428834781775958	0.0237065766477531	0.0121741004093945	0.00550168785462903	0.00233187292010821	0.000816394934041993	0.000272929684694391	0.000138858962388374	3.83059206588618e-05	9.57648016471546e-06	
0.000621682368131605	0.0048897709339582	0.0185070058820716	0.0469728850844053	0.0872961599158338	0.125697001578117	0.149746544880685	0.154210702501076	0.136067141695758	0.106773946726603	0.0739228157429104	0.0458538568217685	0.0253550762756444	0.0136650566687389	0.00641528382191191	0.00272583807565396	0.000817751422696189	0.000315623356128353	9.08612691884654e-05	5.26038926880589e-05	2.39108603127541e-06	
0.000514143735457504	0.00413467217956291	0.0171532698345892	0.0444985424622941	0.0837695583864017	0.122736870801658	0.150051055668614	0.154322035722228	0.137496383058605	0.109505441553814	0.0762224066231279	0.0468253417860158	0.0266828641871388	0.0149125596944791	0.00659538801112464	0.00289116174961918	0.00115024714769795	0.000373053128983119	9.08719160343496e-05	6.69582539200471e-05	7.17409863429076e-06	
0.000530709770771457	0.00412192521513975	0.0159450917675729	0.0420688637575204	0.0794327355113853	0.119938028329906	0.147910954992004	0.155745468738101	0.139933649379331	0.110232941131673	0.0796207448023761	0.0495297387860787	0.0276111872667733	0.0152311324346965	0.00708009671769096	0.00313190160688447	0.00134938313913639	0.000371258853095728	0.000138032137689437	6.66362044017973e-05	9.51945777168532e-06	
0.00050939888551141	0.00388476159418047	0.0148249357895564	0.0395498246858509	0.0766502500577239	0.115747804705037	0.144738314175333	0.154866782669964	0.140732153781335	0.113626896261155	0.0816966315403603	0.0529155945089657	0.0305901171855474	0.0164840527204043	0.0075219648514769	0.00339678602628403	0.00148773038992818	0.000564147363860767	0.00012139879981814	8.56932704598634e-05	4.76073724777019e-06	
0.000443735732828376	0.00356886920948598	0.0140405579205642	0.0376416039029761	0.0725424871031887	0.112815657464489	0.142754768379439	0.154199353617039	0.141316779854872	0.115525530228607	0.0844877581141943	0.0552344206045247	0.0328411900660146	0.0174955270488964	0.00883674796284959	0.00383463606551153	0.00155663444243537	0.000650179629919653	0.000135256346370147	6.40687956490169e-05	1.4237510144226e-05	
0.000469271002825059	0.00313161754649084	0.0134249237139852	0.0353957676000207	0.0689026604600271	0.110455546594602	0.140429937131834	0.152180577368404	0.142439077304734	0.117909645287717	0.0875461607029161	0.0579231338813664	0.0345539095698271	0.0188769566714301	0.00918733581410265	0.00434370445831034	0.00190773990595715	0.000610759747395428	0.000226381991312591	7.78188095137032e-05	7.07443722851847e-06	
0.000409284645710038	0.00310021358072316	0.0127677991776672	0.0339235813817826	0.066574616824892	0.105647187226556	0.138606362259251	0.151851660190247	0.143527186850202	0.119409971491207	0.0899320681576546	0.0594662363689395	0.0365345351561397	0.0204313013369965	0.00998278181835289	0.0047843963757139	0.00196880027850174	0.000736241920156563	0.000261095377435714	7.76229500484555e-05	7.05663182258687e-06	
0.000330709547889557	0.00305847695353179	0.0123535261612361	0.0321116625542974	0.0646431620523694	0.103561343102947	0.1353516779405	0.150869226655659	0.14357250748201	0.121764440983591	0.0924907823508992	0.0611695390706358	0.0377524885307114	0.0213976113857903	0.0110142697651728	0.00516000713019167	0.00221411215040952	0.000750546491664243	0.000330709547889557	8.44364803122273e-05	1.87636622916061e-05	
0.000322975493649319	0.00300273593008751	0.0120273265352453	0.0308886272839399	0.0634951097297538	0.0996613438120938	0.13287633081116	0.149514249538356	0.144189834697398	0.122775155227171	0.0933750236965715	0.0652738153469529	0.0392508840869038	0.022154246542641	0.0115803097288176	0.00581589928781563	0.00245040102790461	0.000896374014983254	0.000306592678754064	0.000105318095755213	3.51060319184042e-05	2.34040212789361e-06	
0.000323341537058662	0.00278678533378617	0.0111657509200114	0.029810228758322	0.0606137441089033	0.0981120576152748	0.130395034962758	0.148364915349651	0.145678156534523	0.123730477382376	0.0945785626887128	0.0663989988043342	0.0417878228181425	0.0235248414695989	0.0123567643514792	0.00619931795871464	0.0025611441172776	0.00111657509200114	0.000388475084092062	7.44383394667423e-05	3.02405754083641e-05	2.3261981083357e-06	
0.000379247748216495	0.00281429579011875	0.010672124134263	0.028862141131037	0.058656214228728	0.09507324800259	0.128299050724386	0.146181507047302	0.14589707123614	0.125718316047498	0.097288609848879	0.067698035542914	0.0436065535860881	0.0251783505035439	0.0127811116121498	0.00631540000231249	0.00283510816654526	0.00111693086822297	0.000499497034236359	0.000101749395862962	2.54373489657405e-05	
0.000445598845598846	0.00255584415584416	0.0107174603174603	0.0276502164502164	0.0558568542568543	0.0913385281385281	0.127032611832612	0.145431457431457	0.146375757575758	0.126263780663781	0.0995694083694084	0.0696727272727273	0.0449777777777778	0.0262903318903319	0.0137789321789322	0.00672323232323232	0.00306839826839827	0.00139451659451659	0.000664935064935065	0.000163924963924964	2.77056277056277e-05	
