# <P(N_1)> as a function of N_tot.
# number_of_species: 2
# species_total_upper_bound: 100
# species_total_lower_bound: 0
# volume: 512
# Bin widths for each species index 
1	1	1	1	1	1	1	1	1	1	1	1	1	1	1	1	1	1	1	1	1	1	1	1	1	1	1	1	1	1	1	1	1	1	1	1	1	1	1	1	1	1	1	1	1	1	1	1	1	1	1	1	1	1	1	1	1	1	1	1	1	1	1	1	1	1	1	1	1	1	1	1	1	1	1	1	1	1	1	1	1	1	1	1	1	1	1	1	1	1	1	1	1	1	1	1	1	1	1	1	1	
# Bin lower bound for each species index 
0	0	0	0	0	0	0	0	0	0	0	0	0	0	0	0	0	0	0	0	0	0	0	0	0	0	0	0	0	0	0	0	0	0	0	0	0	0	0	0	0	0	0	0	0	0	0	0	0	0	0	0	0	0	0	0	0	0	0	0	0	0	0	0	0	0	0	0	0	0	0	0	0	0	0	0	0	0	0	0	0	0	0	0	0	0	0	0	0	0	0	0	0	0	0	0	0	0	0	0	0	
# Bin upper bound for each species index 
0	1	2	3	4	5	5	5	6	7	7	7	8	9	9	8	8	8	9	9	9	9	10	10	11	10	11	11	11	11	11	11	12	12	12	12	12	12	12	13	13	13	13	13	14	15	15	16	16	15	15	15	15	16	16	16	17	17	17	17	17	17	18	19	19	19	17	17	17	17	18	18	18	18	18	18	19	19	19	19	19	19	20	20	20	21	21	21	21	22	22	21	22	22	21	22	21	21	22	23	23	
# Normalized histogram for each species index 
1	
0.920780507554485	0.0792194924455149	
0.848067377888236	0.145589102567645	0.00634351954411924	
0.780540881009493	0.201883603947486	0.0171232417183861	0.000452273324635162	
0.718680022543392	0.247751407574865	0.0316915391731077	0.00181203217902815	6.49985296064339e-05	
0.661215097627629	0.285021188957979	0.04947126618876	0.00411818289833261	0.000172680106142818	1.58422115727356e-06	
0.608810534454736	0.315213103372099	0.0676920770675209	0.00777144840862828	0.000504946901677371	7.88979533870891e-06	
0.560791692525408	0.338984967012811	0.086955731153425	0.0121679045921171	0.00105147898820841	4.82257280306115e-05	
0.515952589330619	0.356555796243421	0.107489000740544	0.017914041430874	0.00194917569906185	0.00013226832252878	7.12823295065283e-06	
0.473930212390518	0.369413829463958	0.12772152872933	0.0254576643152352	0.00316971167921724	0.000277696893047819	2.61828499159372e-05	3.17367877768936e-06	
0.435893847975124	0.378016522749191	0.146619324031767	0.0337825106278438	0.00505811425041402	0.000570846594120916	5.16783128382445e-05	7.15545870068001e-06	
0.402292400900342	0.381036634479773	0.164890179336078	0.0434347968659962	0.00729378579637889	0.000936794618325836	0.000105061078690748	1.03469244165131e-05	
0.370552396554625	0.384212297562013	0.18109568121712	0.0524997380727872	0.0101175338838567	0.00137551472665911	0.000108739479256952	3.25424718944163e-05	5.55603178685157e-06	
0.341240013377725	0.38273161377143	0.197543074445766	0.0629102588240154	0.013290340313741	0.0020241355122183	0.000220049268792962	2.93928626185545e-05	1.03272220011138e-05	7.94401692393365e-07	
0.314263668957513	0.379190918235745	0.212599178356043	0.0733612953725535	0.0172227987865049	0.00296518773942695	0.000361083345688282	3.10866456552826e-05	3.18837391336232e-06	1.59418695668116e-06	
0.289590252502048	0.373438036231428	0.2262987201711	0.0847013745838546	0.0213079209568499	0.00402748371448978	0.000581269891573259	5.3349428404669e-05	1.59252025088564e-06	
0.266121766657168	0.367605093812287	0.23736727091458	0.0957506848292947	0.0266660739814082	0.00548022190771097	0.000895378086891363	0.000112716035761147	7.93774899726386e-07	
0.244797136966585	0.359022357922046	0.247659058955593	0.107758309298746	0.0320146263663594	0.00724252824014423	0.00132418470947721	0.000172271032348054	9.52650870127489e-06	
0.22559391269269	0.350379106724816	0.256807085976386	0.118102782868887	0.0378749376625934	0.00921799510194747	0.00173750631315137	0.000262055339734895	2.38232127031723e-05	7.94107090105743e-07	
0.208296686607244	0.339286691468801	0.264745466182044	0.129460161010316	0.0441632372733091	0.0114567777475528	0.00215875322088043	0.000369573475727509	5.78945573564552e-05	4.75845676902372e-06	
0.190152702965542	0.329358901586571	0.271054710293061	0.140498636509783	0.0511068682594561	0.0143740051681638	0.00286749733057592	0.000504114287075224	7.22431498013313e-05	1.03204499716188e-05	
0.174573969665687	0.319228936710871	0.275130628126737	0.150081791471452	0.0590312078138648	0.0172564122925435	0.00391169697450965	0.000668625426824426	0.000103231954260303	1.34995632494243e-05	
0.161445437113188	0.307068117033185	0.278831667411102	0.160218903688565	0.065643338995274	0.0206313077020111	0.0049402481469111	0.00101232642290968	0.000180885912557528	2.69742150305086e-05	7.93359265603195e-07	
0.149257838565672	0.294688553065557	0.280468862464518	0.170225897350043	0.0735647688256408	0.0239704264793719	0.00615902925300296	0.00138466812105865	0.000223487502594761	4.93104098251787e-05	7.1579627165582e-06	
0.137004923795383	0.28482903135747	0.280880001522823	0.178354335604878	0.0810522709102676	0.0279017715511224	0.00784967830357483	0.00174172916587353	0.000328358777172879	4.52088171469905e-05	1.18970571439449e-05	7.93137142929658e-07	
0.125865896153483	0.271387961893833	0.282134148226047	0.187059721375797	0.0888248379552765	0.0323764525380733	0.0095574489060842	0.00225384615994224	0.00047232500398227	5.94368713064938e-05	7.92491617419917e-06	
0.114969347317316	0.26001223255158	0.281471487221579	0.194625124583467	0.0969643623940941	0.0371841046548662	0.011266782125897	0.00277450748926879	0.000620342479753701	9.98252266270324e-05	8.7149007372806e-06	3.16905481355658e-06	
0.106424919764946	0.249161910011254	0.278958282536992	0.201373506587574	0.104685600101023	0.0415617978688172	0.0134443850551936	0.00344925356183281	0.000783885163603267	0.000131838842105514	1.98552473050473e-05	4.76525935321135e-06	
0.0983393494917731	0.237416345456005	0.276793897620113	0.207147689071789	0.112387827990598	0.0466565606863588	0.0157225630186303	0.00428775493819162	0.00102305165099233	0.000191573774583645	3.02066532538527e-05	3.17964771093187e-06	
0.0913673838633141	0.2258389704958	0.273236487120854	0.213450739076953	0.119858724831681	0.0515460226377624	0.0179712898559719	0.00513908713772181	0.00127780986889321	0.000284841801409569	2.46650721890968e-05	3.97823744985432e-06	
0.0844005746989578	0.216210638280983	0.269044840806801	0.217298121115424	0.127118011732114	0.0573135205073862	0.0204486462029386	0.00619785837322093	0.00156057755657689	0.00035720239087467	4.68332023591233e-05	3.1751323633304e-06	
0.0771629340677728	0.206433429790636	0.264710663779027	0.221718039630232	0.134122173786506	0.0627268524282577	0.0231846452874568	0.00742977636127317	0.0019793704555169	0.000460742882474086	6.7406445800856e-05	3.96508504710918e-06	
0.0709425623579162	0.195740266759932	0.261334117609653	0.224545729138515	0.141240481376087	0.0682837066594598	0.0264566077929511	0.00849085099279843	0.00233454684196302	0.000515873646725911	0.000107308077516176	7.15387183441171e-06	7.94874648267968e-07	
0.0653420667260919	0.185950432955558	0.256380523366866	0.228277409907042	0.146961352349421	0.073857920539921	0.0298078759709665	0.00995001910098052	0.00270835986247294	0.000632719979625621	0.000115401757290208	1.43257353877499e-05	1.59174837641666e-06	
0.0600870371668781	0.175832764983714	0.250048601859937	0.231171958160969	0.153882252831656	0.0796090498256707	0.0335488281374492	0.0114078923046524	0.00334635756946082	0.000875630230675582	0.000168911382077546	1.5138284242799e-05	5.57726261576804e-06	
0.0555393561550488	0.16649024853786	0.244474783924407	0.23165764071576	0.160366076271748	0.085915761874671	0.0368760490221376	0.0132389489686929	0.00406467368770876	0.00111922323830188	0.000217293876386946	3.75471036403914e-05	2.39662363662073e-06	
0.0515207806984786	0.158090486431653	0.237896139902747	0.232831250233896	0.165544099415479	0.0918957784092855	0.0408415949983319	0.0149780914259962	0.0046484555709407	0.00136157228953556	0.000326458853046538	5.89218417693751e-05	6.36992883993245e-06	
0.0472804840346606	0.149773853831133	0.231621202981585	0.23312248610578	0.171427617728334	0.0973966367761117	0.0449709399590068	0.0168757257062746	0.00543450185454959	0.00158393714479633	0.000403733100630475	9.45752735728869e-05	1.43055035656468e-05	
0.0436675092380136	0.140692230392371	0.22483092392826	0.232724974084388	0.176483138394525	0.103905940802159	0.049420100997523	0.019438097179382	0.00631254347358828	0.00190589797299066	0.000475879643693048	0.000131660034755077	1.11038583528378e-05	
0.0396436610311297	0.133227008427556	0.217594474274047	0.232410239833176	0.181105699791391	0.109301527766884	0.0541369658104422	0.0219289176013672	0.00764398428419649	0.00226673290185387	0.000578369457655829	0.000135481064738557	1.82225993508001e-05	8.71515621125222e-06	
0.0361865971053571	0.125621775411596	0.212503787815852	0.230731192851452	0.184825633880599	0.114689921284637	0.0585384687808811	0.0244176653445904	0.00884232479719856	0.00265997637510572	0.000749255689240071	0.000185138153413069	4.19330005593704e-05	6.32950951839553e-06	
0.0332043806947924	0.118682086087367	0.205357736683252	0.230140079620205	0.188187452691853	0.120263247072833	0.0630587903682989	0.0268361895049549	0.00982900975141647	0.00328979664226965	0.000888363858634548	0.000209026790266953	4.82978568419853e-05	5.54237701465404e-06	
0.030607141613621	0.111687816334993	0.19768028918439	0.22879704864793	0.191536387031017	0.125798058387645	0.0674515625642957	0.0298015655713576	0.0114426616612276	0.00371134738528059	0.00115851014329441	0.000276174890717042	4.82712559706004e-05	3.16532826036724e-06	
0.0283084261385487	0.105845422936986	0.191053983436702	0.225902427521725	0.19500015034524	0.13057325848778	0.0718563205930249	0.0325283796423049	0.0128204925310067	0.00439087230308334	0.00131512520593341	0.000328385656114541	6.80510034357844e-05	8.7041981138794e-06	
0.0263158103170649	0.0999462199090887	0.183504957035331	0.223234900190012	0.198412893281766	0.135490186915518	0.0761610044441839	0.0355495113456983	0.0143218203808327	0.00502000318403484	0.00150172389348849	0.000408697008987374	0.000109302688450112	2.13853086098045e-05	1.58409693405959e-06	
0.0241654613276492	0.0945588459196102	0.177211797097036	0.219975163672351	0.200428846934633	0.14080183592164	0.0801867641088104	0.0387833688591149	0.0157598076532684	0.00578007638043037	0.00170095538976857	0.000516234013398295	0.000102295219244823	2.29965996751929e-05	3.96493097848153e-06	1.58597239139261e-06	
0.022518587448843	0.0882338046268425	0.171332915531163	0.216613808361741	0.201250083085659	0.146288524050529	0.085206321473449	0.041811868746815	0.0176307768271723	0.006300266823659	0.00209375860530039	0.000557069560896249	0.000111572170577232	4.35210594450194e-05	4.74775193945667e-06	2.37387596972833e-06	
0.0203728577056152	0.0833938467720629	0.164587061040262	0.212795309536127	0.201857011094921	0.150903904659297	0.0902338429118592	0.0454008995540199	0.0199678527300658	0.00723471778588842	0.00238652345943859	0.000684236921582494	0.00012339995348771	4.50884445435863e-05	7.11922808582941e-06	7.91025342869935e-07	5.53717740008954e-06	
0.0185470551074769	0.0783565243998378	0.15805557158817	0.209144967951024	0.20232245373317	0.154363238595079	0.0959049892353076	0.0492044880426128	0.0219215470163657	0.00830261001294293	0.00273880974048513	0.000876830254676099	0.000197662365797137	5.0601565644067e-05	1.02784430214511e-05	1.58129892637709e-06	7.90649463188547e-07	
0.0174567465545478	0.0735391805745142	0.151605446771271	0.204704966556165	0.20338354268429	0.158243481266221	0.100299797545497	0.0527784779923869	0.0241185619230166	0.00933320016044163	0.00321517409977503	0.000960747290169463	0.000283785090660617	6.50010542853927e-05	7.92695783968203e-06	3.96347891984102e-06	
0.016373800650226	0.0690849258583776	0.14593212274998	0.200168900166521	0.203653952898263	0.161166441995084	0.104682420109428	0.0570977717865356	0.0261271905479343	0.010353659503608	0.00382364602331298	0.00112917294425502	0.000283086194592023	9.11902307509317e-05	3.09253826024899e-05	7.92958528268971e-07	
0.0145866249989088	0.0651529568051474	0.139507367114584	0.196095314202457	0.203530279090917	0.164658800263783	0.109165187318421	0.0607462581152535	0.0288582023875371	0.0117361186610556	0.00416148531060758	0.00132685038888937	0.000342822588516872	9.68156384237462e-05	3.01556906565767e-05	4.76142484051211e-06	
0.0134590357988093	0.0601530657266806	0.132823114244398	0.191251070243765	0.204451737074198	0.168681547129282	0.113712555380395	0.0641963413364115	0.0313151139486649	0.0129581974908796	0.00479135314586081	0.00162971195437443	0.000415775293725768	0.000115272308967947	3.89540906167546e-05	7.15483297042431e-06	
0.0124068371491052	0.0565265000095633	0.12677081141735	0.186560800515145	0.202417611843238	0.171683434385938	0.119274748324822	0.0685133472320512	0.033654980267646	0.0143418192019076	0.00531641897621279	0.00181783116245561	0.000502872189175576	0.000148231738806113	5.6583083092656e-05	5.57861382603651e-06	1.59388966458186e-06	
0.0113499193275302	0.0538493715515009	0.121246140668884	0.18123060374878	0.201453299603609	0.173862916558771	0.12242774336195	0.0731103718901261	0.0364041989522539	0.0159552217994941	0.00611118857438799	0.00209071171045555	0.00064617652331534	0.000203971874190785	4.38220823456766e-05	1.03579467362508e-05	3.98382566778878e-06	
0.0107192047905031	0.0501498824599683	0.116494080778003	0.176827845078175	0.19938230741717	0.175931657103345	0.126206368590563	0.0767622839489946	0.0396688645178867	0.0174187077845676	0.0069647746346142	0.00239939393794555	0.000729696164395129	0.000253322467552021	7.40848725859683e-05	1.43390075972842e-05	3.18644613272982e-06	
0.00969650635895231	0.0472752466731968	0.110944405953604	0.172334376567838	0.197989185401088	0.176398212963184	0.130293618749552	0.0808713795382692	0.0425074260776772	0.0194694634907741	0.00796362217390958	0.0029330020466509	0.00090626020339091	0.000285894036043354	0.000103527088260825	2.22981420869468e-05	4.77817330434575e-06	7.96362217390958e-07	
0.00889346854821705	0.0439604858505767	0.106288765202723	0.167861135534487	0.195575942996503	0.178645172327364	0.133320867465278	0.0846928423372707	0.0454388847557021	0.0213667630782207	0.00900884413553847	0.00338647241130999	0.00109089607046663	0.000322255950794301	0.000108214343970432	2.46665048756132e-05	1.19354055849741e-05	2.38708111699482e-06	
0.00842423236039792	0.0408141862070774	0.10083257126195	0.163009650962037	0.193699344764272	0.180212468944432	0.137219725241155	0.0878645131098789	0.0487267515260628	0.0235811766911827	0.0100943008713435	0.00369369576945109	0.00133081101609606	0.000363887430072833	9.45471706957798e-05	2.383542118381e-05	1.35067386708257e-05	7.94514039460334e-07	
0.00766974942566433	0.0388462659026901	0.095687586866778	0.158328782694944	0.19056879530406	0.181205093955426	0.14020477076723	0.0927303352719318	0.0516902105817865	0.025752367791351	0.0110695937221887	0.00423647186750239	0.00142728185990827	0.000420303860586483	0.00012418068608237	2.94531114426134e-05	7.16427035090596e-06	1.5920600779791e-06	
0.00686555597369546	0.0362197743320215	0.0918227249822999	0.152788319864268	0.187503587852965	0.182426377257158	0.143816295549787	0.0965634747000555	0.0551732055951371	0.0275004943264085	0.0122712544409647	0.00460520860574439	0.00171898022056525	0.000513461624324686	0.000147500621894514	4.62434382155773e-05	1.43514118600068e-05	3.18920263555706e-06	
0.0062911087209465	0.0332788215866517	0.087547731098485	0.148687519742182	0.184855597183515	0.182627679438942	0.147623940919396	0.0999412232755829	0.0583832802210325	0.0294915213575424	0.0133779023506691	0.00518274763193775	0.00185286626495908	0.000634948560370093	0.000147941415199581	6.39746660322512e-05	7.19714992862826e-06	3.9984166270157e-06	
0.00582198697747186	0.0314863378868367	0.0829617114589912	0.144203981136249	0.183133710138144	0.181721493583311	0.150219927481638	0.103379541614704	0.0617936913513358	0.0319271546321024	0.0143970749003754	0.00589732656666271	0.00208145652264516	0.000714123127330318	0.000189150457968524	5.61039493974436e-05	8.01484991392051e-06	3.2059399655682e-06	4.00742495696026e-06	
0.00513309020522747	0.0295647408698773	0.0786643870736178	0.138841797951571	0.180407250259579	0.18295176321288	0.152580245093641	0.106781415441412	0.0645934547691992	0.0344783107510479	0.015783030598249	0.0065719898475856	0.00243955980566843	0.000856449731448129	0.000254771762956506	6.4894694337978e-05	1.68245503839202e-05	6.4093525272077e-06	7.21052159310866e-06	2.40350719770289e-06	
0.00495851472204343	0.027287060809538	0.0746213982434385	0.133927190150944	0.17675910644134	0.183028990397988	0.155164798873954	0.110574237045219	0.0684164414921715	0.0362975140896044	0.0173531983862784	0.00746262076660593	0.00277022742958003	0.000915393438825347	0.000347079999134304	8.25617549903772e-05	1.92376904831947e-05	1.12219861151969e-05	1.60314087359956e-06	1.60314087359956e-06	
0.00467225262563596	0.0254447702207651	0.0709082102048541	0.129023462310816	0.173602334041202	0.182523401361417	0.156672034490944	0.115235264680786	0.0717590958958599	0.0385617224941777	0.0186641495634098	0.00809744846567907	0.0032030513193941	0.00111954422680875	0.000369706223896014	0.000119492900998929	1.68412813488423e-05	5.61376044961409e-06	0	1.6039315570326e-06	
0.0042682421043561	0.0240012112143632	0.0672183705140171	0.123510041240883	0.17003710149316	0.182187095573994	0.15925294488572	0.117970990449607	0.0755261413722318	0.0412102801819076	0.0202548221069171	0.00886344766047986	0.00366102426535903	0.00139080266306094	0.000473533274973847	0.000139321864915775	3.14078192584694e-05	3.22131479574046e-06	
0.00395752545935563	0.0224992651115218	0.0639123449183972	0.119111529896874	0.165420376343437	0.180572367387864	0.161189029423727	0.121527601605882	0.0787784341439254	0.0444082033688093	0.0223075900892739	0.0100250868779119	0.00398410224815472	0.00153742696416563	0.000532341133218167	0.000194896451193338	3.78517901077971e-05	4.02678618168054e-06	
0.0035715148537974	0.020762298976461	0.0609460689177545	0.11523792650813	0.161127261892299	0.178485548853652	0.163061597558324	0.124675261924511	0.0823356982371937	0.0473002246792884	0.0241187981671324	0.0111775932741168	0.00454593040579173	0.00179099189060776	0.000611224300796444	0.000185219485089831	5.87870539632943e-05	8.05302109086224e-06	
0.00324738282346902	0.0195913093083863	0.0574938025356299	0.111259873500117	0.158288188328893	0.177164204443508	0.164171454732562	0.12754184545644	0.0849758658949975	0.0500391439976119	0.0260056145285783	0.0121269955191588	0.00505854702952173	0.00204047642227885	0.000690350461480778	0.000221266173551531	7.24143840714102e-05	1.12644597444416e-05	
0.00307562407398192	0.0184071927225212	0.0547865603575172	0.107150023356122	0.155231530604546	0.175714288007474	0.165432778511725	0.130002102853621	0.0873093586617504	0.0530007400118466	0.02780502212812	0.0130962834068797	0.00570419109963192	0.00213816871949056	0.000796997574494793	0.000249613540451038	7.30380455982137e-05	2.48810924565343e-05	1.60523177138931e-06	
0.00276146243584734	0.0171087119245917	0.0521693365349824	0.102649864694759	0.151493732956474	0.175371317214373	0.165685339298049	0.132695410372412	0.0909742218043213	0.0552292487169469	0.0298064649670542	0.0140520088796822	0.00635007994762688	0.0023867956846734	0.000821539086085904	0.000316902284183527	9.46695431231803e-05	2.56730964401845e-05	7.22055837380189e-06	
0.00253030839786675	0.0157893808799414	0.0493846950405314	0.0994290175157934	0.146813189983922	0.173626283788874	0.16564823824172	0.135642804129925	0.0950841325538562	0.0580920977755407	0.031565136405824	0.0151762399472939	0.00680947106375544	0.00282766171291539	0.00105636568526715	0.000358266662605777	0.00012342967794472	3.44641308546944e-05	8.81640556747997e-06	
0.00230449456568771	0.0147917140760067	0.0464400526924766	0.0949818749419069	0.143468408552592	0.170519777306979	0.16625293670813	0.137940345962647	0.0986108929836314	0.0614929855544409	0.0337845634120622	0.0166314635623832	0.00758095378510829	0.00329007464767515	0.00123237574479405	0.000461539940833144	0.000160256923900397	3.84616617360953e-05	1.68269770095417e-05	
0.00221827256934006	0.0137682013393011	0.0432695429653021	0.0913933108700166	0.139713492500603	0.168231963808566	0.166926814642363	0.14027307119717	0.102127922255439	0.0647828586133832	0.0358258635990851	0.0177076994982231	0.00806097964752956	0.00357793656558174	0.00138772309993771	0.000497848668435192	0.00018198332968565	4.48945659136405e-05	9.62026412435153e-06	
0.00198074365742719	0.0130114092432042	0.0415700588232945	0.0870872285961879	0.135533183446414	0.166032642336	0.167142817208509	0.142435436142981	0.10502094556549	0.0675928773097028	0.0384991074673237	0.0192387714597202	0.00882149745817875	0.00365798627057118	0.00149993410832591	0.000592625723310877	0.000197275678784079	6.94857654016796e-05	1.59737391727999e-05	
0.00183281714026386	0.0118997762721041	0.0396261116728636	0.0831105343195408	0.131917451572067	0.163731399135343	0.167155789456922	0.145103862291897	0.10709878263362	0.0702752410449128	0.0408928415035152	0.0207390186227597	0.00990214890245941	0.00405019148241626	0.0016210320145861	0.000674368426500211	0.000261148576023694	8.35993917149022e-05	2.22931711239739e-05	1.59236936599814e-06	
0.00177954794384148	0.0110867270735836	0.0373505924524544	0.0801194862093	0.127655083142487	0.16247336453251	0.167140495867769	0.146463805635766	0.110569351787315	0.072301105247436	0.0428612964253709	0.0223718012546052	0.0105665637757642	0.00448790202130837	0.00169829732151747	0.000695409738126058	0.000254903913173355	8.76232201533406e-05	3.26595638753361e-05	3.98287364333367e-06	
0.00155382376975664	0.010412771809539	0.0352364817730652	0.0771729814840651	0.1240603511849	0.159428377812768	0.167324258067088	0.148503776931816	0.112503537759353	0.0762960157853826	0.044143264305503	0.0238167938931298	0.0115799334303311	0.00495804516373348	0.00189982659996412	0.000743826360791661	0.000256711777250713	7.17517389831184e-05	3.26869033145317e-05	4.78344926554123e-06	
0.00138628959589658	0.00990320671091639	0.0332223504938458	0.0738916256157636	0.121176051608215	0.156115329733761	0.166494973903497	0.149744771337905	0.115474736465551	0.078456023946161	0.0472884095832447	0.0253603357051633	0.0126439171763671	0.00548540452169424	0.00215830949154244	0.000800701749354061	0.000297175873143348	7.32980705876354e-05	2.46982629153989e-05	2.39015447568376e-06	
0.00125833808466271	0.00898300286674614	0.030957668645612	0.0703887850020135	0.11803019851918	0.154743687377147	0.165405271782685	0.150659271870402	0.117899420670077	0.0813884779930385	0.0498439038782809	0.0273309756107286	0.0133513019971532	0.00611147216784221	0.00223358997157177	0.000944152276451614	0.000335716307758555	9.96782386456518e-05	2.79099068207825e-05	7.17683318248693e-06	
0.00111172253192015	0.00843999968099784	0.0295459801740157	0.0665940936749846	0.113469068752941	0.15179877343669	0.165215206833026	0.151839446212248	0.120894641561197	0.0844031868315908	0.0523235319919292	0.0290698694483655	0.0145185858634192	0.00658898964040481	0.00262937531401775	0.000970564075571612	0.000429057906867319	0.000118828305061767	3.19002161239642e-05	7.17754862789195e-06	
0.00108045570370654	0.00785402055415585	0.0280113718759611	0.0641405038620714	0.109259091046719	0.147805702830061	0.164152774524193	0.152983284808442	0.123024542917836	0.0877185014493724	0.0552163859553507	0.0309945770047792	0.0157829399550288	0.00734486775572777	0.00292105502196767	0.0011123275533734	0.000386446177210671	0.00015537526712594	5.17917557086467e-05	3.18718496668595e-06	7.96796241671487e-07	
0.000995755898918439	0.0074868744885906	0.0262374913637478	0.0613691285424553	0.105756280983052	0.144310580324309	0.162451485753766	0.154178194935734	0.125641948147464	0.0903710165784204	0.0579926325207031	0.0328201462670695	0.016983568037748	0.00798435445407743	0.00349987105319295	0.00125922128864026	0.000440170273462747	0.000147254069784102	5.96975958584196e-05	1.35314550612418e-05	7.95967944778928e-07	
0.000919900352072397	0.00701523316852447	0.0251995500591024	0.0586043252793065	0.101236701958641	0.141004518474268	0.160528966534057	0.154154009430965	0.128613667272519	0.0935152585889142	0.0604782846321034	0.0353732666471777	0.0184988942130483	0.00870966101910342	0.00390520736682893	0.00145452292283641	0.000513174116959213	0.000187475373997483	7.6261169083722e-05	8.73825895750982e-06	2.38316153386631e-06	
0.000917853317996113	0.00645749871088017	0.0234937130617588	0.0562659156717306	0.0977716076315894	0.137499504184681	0.158729919479592	0.154993455237793	0.129310221728611	0.0967474515092618	0.063714251715521	0.0375542421958669	0.0202062591725834	0.00961167744238626	0.00423465947403911	0.00152949109515688	0.000613224386180635	0.000242751180040459	8.40902780532307e-05	1.74526992185951e-05	3.17321803974456e-06	1.58660901987228e-06	
0.000843980255304027	0.00619024615826375	0.0219680762882002	0.0538632323650564	0.0944496399995875	0.134210311312905	0.156536127352179	0.156139520089348	0.132395436478191	0.0985220033743346	0.0661310882189399	0.0393323354694601	0.0213541282453381	0.0104696385242085	0.00476008036849574	0.00169747908491599	0.000753553799378596	0.000252242219160414	8.48739542457997e-05	3.9660726283084e-05	4.75928715397008e-06	1.58642905132336e-06	
0.000807492129532218	0.00574057826599601	0.0207081634516517	0.0511578420824881	0.0917150672314612	0.130618402404215	0.154378679666999	0.155174261883116	0.135383955758642	0.102333946032212	0.0684716802108849	0.0416831089637978	0.0221834047266476	0.011208816511904	0.00518398831240497	0.00201356936135074	0.000802728164166247	0.000277897979681688	0.000109571203417351	3.73177287001124e-05	7.93994227661965e-06	1.58798845532393e-06	
0.000741622762811076	0.00533046328768604	0.0194006289088209	0.0488707938940521	0.0885305217908322	0.127830964061899	0.152522312273261	0.154751949839911	0.136987978239373	0.105157020536512	0.0712196316209505	0.0432827895826246	0.0238376474104409	0.0121107871534722	0.00570405674805175	0.0023035613790209	0.000897419184580606	0.000319541640568116	0.000132744910385262	5.08723009859688e-05	1.19231955435864e-05	4.76927821743457e-06	
0.000602182014883521	0.00493200593431682	0.0182563768052534	0.0467554162573234	0.0859871370103294	0.125183856430898	0.151419741546979	0.154479176195912	0.137293521969302	0.107337949796952	0.0737804223228953	0.045396728170902	0.0248159446978947	0.01308652090733	0.00639490253322143	0.00271419423353048	0.00100310636825379	0.000365127536105068	0.000115345300076764	5.56839379680931e-05	1.75006662185435e-05	4.77290896869369e-06	2.38645448434685e-06	
0.000517739755324157	0.0043585722171289	0.0172893217370248	0.043925837364402	0.0828351747610631	0.122013736830493	0.14952961351922	0.154756395479893	0.138644334294205	0.109942435304435	0.0765864541756508	0.0476981688739638	0.0266476669451841	0.0139487055311333	0.00668680807068661	0.00283163820027289	0.00117009184703259	0.000403837009152842	0.000133019290983283	5.25704982329144e-05	2.07095902129663e-05	3.18609080199481e-06	3.98261350249351e-06	
0.000497360408838214	0.00408551734236062	0.0162473719475997	0.0420504299581262	0.0790667768021556	0.118692475295114	0.147318153097879	0.154792883210227	0.14025245218576	0.111687253408709	0.0792521927625705	0.0504148383698038	0.0283773954866731	0.0150807633726288	0.00705853892223193	0.0031759446266773	0.00127642575324239	0.000429719393236217	0.000161542660790652	5.33170358274565e-05	2.785218289494e-05	7.95776654141142e-07	
0.000478150132766354	0.00378535521773363	0.0149366132307329	0.0397294945315563	0.0763812960418732	0.115624671271784	0.14505959344488	0.153910152402386	0.140733131660233	0.114080246342948	0.0821493804768113	0.0526642525397741	0.0305808886579601	0.0162897781064617	0.00784803751247175	0.00349766822118588	0.00140655830722102	0.000568201741104017	0.000156195710037009	8.2879356346168e-05	2.94859248539251e-05	3.98458443971961e-06	3.98458443971961e-06	
0.000471070539630401	0.00357838550121269	0.0139546690092877	0.0377747646238756	0.0727374291007009	0.112730681333512	0.142829860779558	0.153276168286767	0.141789845246962	0.116383069470173	0.0845149883187238	0.05519323440852	0.0326781315050704	0.0171280293336898	0.00858191853025992	0.0038497284978579	0.00160418616198461	0.000605548447058674	0.000190974543093406	8.27556353404758e-05	2.94419087269e-05	1.03444544175595e-05	4.77436357733514e-06	
0.000470803053221422	0.0033210701862376	0.0133622177368688	0.0360490398639761	0.0700908045483392	0.109915016867792	0.140150593354997	0.151819669706209	0.142891112478985	0.11779778690754	0.0874341710764689	0.0576073661591219	0.0342660323549855	0.0183708623807683	0.00918225008867321	0.00428494400465713	0.00190707047571786	0.000689503795849617	0.0002576692385874	9.54330513286667e-05	2.70393645431222e-05	9.54330513286667e-06	
0.000412528162980357	0.00320581982039158	0.0126868276584267	0.0343889823247549	0.067911655507251	0.106164122742995	0.138046203154254	0.151100339542411	0.143099673150763	0.119618887443277	0.089645543109193	0.059732491352775	0.036411163646749	0.0196902865484086	0.0100268143305937	0.00457430266873989	0.00203566781962999	0.000813949798495859	0.00028876971408625	0.000112651921429251	2.37997017104052e-05	7.13991051312157e-06	2.37997017104052e-06	
0.000332033989503288	0.0030857765038802	0.0121806550182698	0.0323776724179603	0.0650327001970808	0.103848186769515	0.135412811757331	0.150139588991053	0.143407778153748	0.121409535794294	0.0922563175607943	0.0617448505014981	0.038016703132293	0.0212573073232117	0.0108453870652554	0.00502409425644594	0.00222676732817241	0.000888329599601876	0.000362939301175432	0.000121243915021487	2.61506483379678e-05	3.16977555611731e-06	
0.000326043259293024	0.00281726699777468	0.0115238882083132	0.0308981383879535	0.0624974280568138	0.100095280602958	0.133386513204752	0.149548604186649	0.144602559597859	0.123071833977506	0.0938102428230915	0.0646467811933183	0.0394243278918929	0.0223418769329142	0.0114518737991004	0.0055656850548734	0.00245323811603975	0.000999496690502645	0.000363237514600724	0.0001242446400704	3.95683567103185e-05	1.18705070130955e-05	
0.000338696421423614	0.00264562169741383	0.0109235517175224	0.0297500199349292	0.0599950577165545	0.0966784855138198	0.130557601681955	0.149109323151914	0.14515470689338	0.124693179727795	0.0955992360777217	0.0664184471913856	0.041835718814073	0.0237490141091929	0.0122538628366338	0.00596232022049216	0.0026021990792826	0.00112504056067285	0.00042633115983392	0.000117635820028248	4.57911245747544e-05	1.50005408089713e-05	3.15800859136237e-06	
0.000321688929958543	0.00257429989292805	0.0102664498945838	0.0284513358763579	0.0583076954615053	0.0942343566931009	0.127704197567464	0.146735882350158	0.146221810824832	0.126503383252937	0.097878587659445	0.0685583762908951	0.0430566440590835	0.0253077727299248	0.0129511332438702	0.00621774240601243	0.00284158554796713	0.0011590262917624	0.000517225338364716	0.000125364068292668	4.02111162448179e-05	1.18267988955347e-05	1.2615252155237e-05	7.88453259702312e-07	
0.000278434645157525	0.00231187519817763	0.00965213810989413	0.02676679797003	0.0564883159988705	0.0916333938580315	0.125778315541386	0.14443185923354	0.14641718501785	0.127672933155177	0.100500709101263	0.0703895403225425	0.0452941389901578	0.0266334963977025	0.0138089386197529	0.00683702975701253	0.00292947952440523	0.00130856395557035	0.000606561592425316	0.00018930400803911	3.8649568307985e-05	6.31013360130367e-06	2.20854676045629e-05	3.9438335008148e-06	
