# <P(N_2)> as a function of N_tot.
# number_of_species: 2
# species_total_upper_bound: 100
# species_total_lower_bound: 0
# volume: 512
# Bin widths for each species index 
1	1	1	1	1	1	1	1	1	1	1	1	1	1	1	1	1	1	1	1	1	1	1	1	1	1	1	1	1	1	1	1	1	1	1	1	1	1	1	1	1	1	1	1	1	1	1	1	1	1	1	1	1	1	1	1	1	1	1	1	1	1	1	1	1	1	1	1	1	1	1	1	1	1	1	1	1	1	1	1	1	1	1	1	1	1	1	1	1	1	1	1	1	1	1	1	1	1	1	1	1	
# Bin lower bound for each species index 
0	0	0	0	0	0	1	2	2	2	3	4	4	5	6	7	8	9	10	10	11	12	12	13	13	15	15	16	17	18	19	20	20	21	22	23	24	25	26	26	27	28	29	30	30	30	31	31	32	34	35	36	37	37	38	39	39	40	41	42	43	44	44	44	45	46	49	51	51	52	52	53	54	55	56	57	58	59	59	60	61	62	62	63	64	64	65	67	68	69	70	71	72	72	73	73	75	76	76	76	77	
# Bin upper bound for each species index 
0	1	2	3	4	5	6	7	8	9	10	11	12	13	14	15	16	17	18	19	20	21	22	23	24	25	26	27	28	29	30	31	32	33	34	35	36	37	38	39	40	41	42	43	44	45	46	47	48	49	50	51	52	53	54	55	56	57	58	59	60	61	62	63	64	65	66	67	68	69	70	71	72	73	74	75	76	77	78	79	80	81	82	83	84	85	86	87	88	89	90	91	92	93	94	95	96	97	98	99	100	
# Normalized histogram for each species index 
1	
0.0788736690328305	0.921126330967169	
0.00636991000271424	0.145660532204324	0.847969557792961	
0.000431118865782962	0.0171655913656412	0.201658791348097	0.780744498420479	
6.99060784948468e-05	0.00184014308161051	0.0317309067678763	0.247740689316953	0.718618354755065	
2.15554870570078e-06	0.000170288347750362	0.00401147614130915	0.0494288873704246	0.285909824775446	0.660477367816364	
9.66666129629928e-06	0.000468296036131832	0.00779240307829459	0.0676838142497328	0.315412417363472	0.608633402611073	
4.51570659518948e-05	0.00103431184394578	0.0121891823023008	0.0867499491983008	0.338956463212581	0.56102493637692	
1.07568058310493e-06	0.000134460072888116	0.00194375481367061	0.0179875307106806	0.106695681357595	0.356325647237007	0.516911850127576	
1.07844501170652e-06	1.94120102107174e-05	0.000276081922996869	0.00326445305043564	0.0254793418465783	0.127164843555374	0.36933398471412	0.474460804455272	
7.5669949301134e-06	5.83739608894462e-05	0.00057833461251581	0.00507853459738182	0.0335466505237441	0.146217043034581	0.377794112877944	0.436719383398013	
7.57239752923486e-06	0.000116831276165338	0.000916260101037418	0.0072100042189072	0.0433541393970208	0.164477883190359	0.381270215596975	0.402647093822005	
6.47750900913545e-06	2.15916966971182e-05	9.71626351370317e-05	0.00137970941894585	0.0100077514191143	0.0522562243463654	0.180372715868386	0.384215606046539	0.371642761059807	
6.47381181276441e-06	2.37373099801362e-05	0.00019097744847655	0.00201443444240519	0.0132842618397926	0.062873660325568	0.196576216725956	0.383482716540913	0.341547521555096	
3.23868107951718e-06	2.37503279164593e-05	0.000343300194428821	0.00295799538595902	0.0173679670690908	0.0732201018457243	0.212091507854341	0.379439557034793	0.314552581606666	
2.15410000624689e-06	6.57000501905301e-05	0.000552526651602327	0.00397216041151927	0.0211812653614257	0.0844773399449843	0.225831536454911	0.373665265783629	0.290252051241731	
1.07372058139822e-06	0.000128846469767786	0.000872934832676753	0.00526015712826988	0.0266132383305363	0.0957436642432793	0.237805486926915	0.367386381572378	0.266188216775596	
3.21860784482019e-06	0.000148055960861729	0.00131748347781306	0.00715174663119046	0.0318137928074843	0.10828684233113	0.247759848940005	0.35897455154064	0.24454445970303	
1.50281186834939e-05	0.000246890521228828	0.00173145395974826	0.00924658673854401	0.0379191637496015	0.119002304669344	0.256580437468535	0.349899687307788	0.225358447466528	
1.07045751354129e-06	5.99456207583121e-05	0.000371448757198827	0.00216981737994819	0.011315806375645	0.0444421845896936	0.129606713909525	0.264975700614443	0.339094178852041	0.207963133443234	
6.44479389549122e-06	8.48564529573011e-05	0.000524176570166619	0.00296353105961005	0.0143332216235725	0.0513564142885377	0.140826265542695	0.271273190516701	0.328766122726062	0.189865776425803	
1.18405232219571e-05	8.82657185636799e-05	0.000651228777207639	0.00394612346651769	0.0171375427469799	0.0593102572299849	0.150482286039054	0.274957401026681	0.319266791745648	0.174148262726141	
1.07573149741824e-06	3.33476764199656e-05	0.000199010327022375	0.000976764199655766	0.00489027538726334	0.0207605421686747	0.0658207831325301	0.159852624784854	0.278663941480207	0.307296686746988	0.161504948364888	
9.71162935242856e-06	5.39534964023809e-05	0.000212576775825381	0.00136286531912414	0.00610753579274951	0.0239769338012181	0.0733745969673819	0.170298816044475	0.28041466499195	0.294809457832105	0.149378887349416	
1.07723332011927e-06	1.40040331615505e-05	4.20120994846516e-05	0.000327478929316258	0.00169233354590738	0.00769360037229184	0.0275093072958858	0.0808000396421862	0.179106197969631	0.281034014719316	0.28476878264017	0.13701115151933	
8.60801879991306e-06	5.91801292494023e-05	0.000432552944695631	0.00221656484097761	0.00934400440730563	0.0322467144268243	0.0889681783065014	0.187788234129503	0.281965339812302	0.271363488657859	0.125607134325981	
4.2979927299453e-06	8.5959854598906e-06	8.38108582339333e-05	0.000578080022177642	0.00283452620539892	0.011195196563325	0.0369165340556826	0.0971518276676835	0.194846276917523	0.281322965142204	0.260340164634612	0.11471772395497	
6.47077474586032e-06	1.07846245764339e-05	0.000111081633137269	0.000787277594079672	0.00341333367844132	0.013590783891222	0.0415305107813892	0.104661546126918	0.201655224179991	0.279213930283873	0.24889727213706	0.106121784294567	
4.32700472833442e-06	1.40627653670869e-05	0.000173080189133377	0.0010157643599765	0.00428914343696149	0.0157232534315852	0.0464709490311296	0.112194905600983	0.207087201044539	0.277141407596273	0.237766746319612	0.0981191592197112	
4.33110425834171e-06	1.62416409687814e-05	0.0002674456879526	0.00127659298014622	0.00508904750355151	0.0180942708152871	0.0515921139253664	0.119279694050795	0.213615475901736	0.273380383562593	0.226384654031392	0.090999748795953	
2.15968261304319e-06	3.02355565826046e-05	0.000350948424619518	0.00156469005314979	0.00622312544948394	0.0206163302241103	0.0569648684429336	0.126769050020409	0.217570745803197	0.268973351676238	0.216641002438282	0.0842934922283821	
2.1600324868886e-06	7.56011370411011e-05	0.000493567423254046	0.00201963037524084	0.00750827292442478	0.0230680669437268	0.0626711825745859	0.134067816379958	0.221685214145621	0.264514338295648	0.206788550099793	0.077105599668219	
1.08197122172944e-06	7.57379855210611e-06	0.000124426690498886	0.000536657725977804	0.00235004149359635	0.00847399860858501	0.0260776703861231	0.0678298578614406	0.141204818234245	0.224074076077724	0.262251430636448	0.196200333463531	0.0708680330520569	
2.16489343853272e-06	1.94840409467945e-05	0.000116904245680767	0.000610499949666228	0.00270828169160444	0.0099173768419184	0.0295378060753405	0.0733455072507694	0.146974615541986	0.228685271039246	0.256944707539133	0.185845277230842	0.0652921036594276	
7.6017549194214e-06	1.84614048043091e-05	0.000159636853307849	0.000872029885756483	0.00331653707484471	0.0113678814995005	0.0334368619955693	0.079983493332175	0.153929021328352	0.231436514486773	0.250352938621259	0.175504973719647	0.0596140480430911	
3.27275107455327e-06	2.50910915715751e-05	0.000187637728274387	0.0011509174612179	0.00406802958566971	0.0133659153884756	0.0365369929963127	0.0860198983265333	0.160469530687496	0.232175506730958	0.244769052865839	0.16607684419523	0.0551513101913468	
2.1720573510023e-06	4.66992330465494e-05	0.000298657885762816	0.00139663287669448	0.00451136311803177	0.0149470126609223	0.0408726892024857	0.0920930596251463	0.166277506391279	0.232790246593671	0.237602439654817	0.157730460715085	0.0514310599857079	
1.08490228285138e-05	0.000104150619153733	0.000378630896715133	0.0015687687010031	0.00530408726086041	0.0171457956781833	0.045361934250582	0.0976368658474931	0.171682531554383	0.233710734674128	0.230564518053859	0.149708920717511	0.0468222127233	
1.08185884987586e-05	0.000134150497384606	0.000452216999248108	0.00187161581028523	0.00632346497752438	0.0196606208787939	0.0497298057522435	0.104333385623178	0.177138158784423	0.232605062017559	0.224102733316384	0.140372267630242	0.0432656991242353	
1.18803968052533e-05	2.16007214640969e-05	0.000128524292711377	0.000537857964456013	0.00215899211033649	0.00761209424394775	0.0222325425669217	0.0545882632479925	0.109703584099709	0.181344536907533	0.232720772873814	0.216526711992181	0.133050723894178	0.0393619146879506	
8.63814279929815e-06	5.39883924956134e-05	0.000166284248886489	0.000722364691591308	0.00262599541098664	0.00874396004858955	0.0244297476042651	0.0590589823188015	0.115169118639493	0.185199622081253	0.230581185045215	0.211805101903091	0.125224996625725	0.0362100148468079	
7.55941973894084e-06	5.07561039614599e-05	0.000210583835584781	0.000900650866039523	0.00326350949301132	0.00974409204349474	0.0270530034114581	0.0632907018057294	0.120710974225618	0.188694995772125	0.229709167524301	0.205172370968804	0.118330836924958	0.0328607976051758	
4.3191600097613e-06	5.93884501342179e-05	0.000277506030627164	0.00122124249276001	0.00377710542853626	0.0114922049959724	0.0298054434373603	0.0679976158236746	0.126257685405342	0.191841970573563	0.22839826110618	0.197771097476963	0.110949502540746	0.0301466570781314	
1.18745229950138e-05	8.31216609650965e-05	0.0003443611668554	0.001331026077532	0.0044766951691202	0.0127359656631975	0.0325815320941369	0.0724356697716745	0.1310666668106	0.195030404176378	0.225808088277363	0.190554788509348	0.105454400212446	0.0280854058873885	
2.16004881710327e-06	2.91606590308941e-05	0.000128522904617644	0.000441729983097618	0.0014871936105756	0.00495623201084344	0.0141807204842829	0.0356699661412348	0.0765694104686766	0.1357666283258	0.198415604192655	0.222716153385067	0.183592269185284	0.0996862529093158	0.0263579956907026	
2.16180926140706e-06	5.40452315351764e-06	3.13462342904023e-05	0.000111333176962463	0.000479921656032367	0.00166999765443695	0.0056671829787786	0.0158093111286698	0.0389276993701569	0.0799534346285093	0.140900242230728	0.200772630630027	0.219512274212534	0.177203505157536	0.0946677893662764	0.0242857652426469	
3.23270985136e-06	6.46541970272e-06	5.28009275722133e-05	0.00010667942509488	0.00054632796487984	0.00208725299402811	0.00629408608059792	0.0175783986017452	0.041656699144625	0.085020269090768	0.146324301142009	0.20085580605465	0.216537681543597	0.171303450163467	0.0887766779380483	0.0228498707993629	
7.53240548445204e-06	1.07605792635029e-06	9.68452133715262e-06	4.30423170540117e-05	0.000124822719456634	0.000682220725306085	0.00244157543488881	0.00714179645718688	0.0199684069392824	0.0452837457145993	0.0901123189263524	0.15082243107311	0.201812511971144	0.21213298354277	0.165053297149092	0.0838184561151296	0.0205440979298798	
1.07639266373816e-06	2.15278532747632e-06	1.39931046285961e-05	5.92015965055989e-05	0.000184063145499226	0.000880489198937816	0.00264900234545961	0.00828822351078384	0.0219142782410452	0.0492255892980736	0.095623495068507	0.154390228937956	0.202205743846532	0.208210938517527	0.158702257948891	0.0789383323879018	0.0187109336737605	
5.39948056996917e-06	1.07989611399383e-05	6.15540784976485e-05	0.000303450808032267	0.000945988995858598	0.0031176600811002	0.00923851125521725	0.0241907528495759	0.0526600541027953	0.100077212572151	0.158465035663569	0.202574472335761	0.204746143421003	0.152155202669503	0.0738584148204943	0.0175893479047316	
1.08048418657369e-06	3.56559781569317e-05	9.94045451647792e-05	0.000289569762001748	0.0011291059749695	0.00364123170875333	0.0101198148914492	0.0261055784318069	0.0566573492913644	0.10447525745237	0.161224447899593	0.2031353490126	0.201484369175515	0.14606957669871	0.0690515833955512	0.0164806252978085	
6.48569418006233e-06	3.8914165080374e-05	0.000100528259790966	0.000330770403183179	0.0012906531418324	0.00404274937223885	0.0116947875556824	0.0287683774846965	0.0604196460324306	0.109099104649918	0.164490175794741	0.203841044283239	0.196151172883745	0.139592676786511	0.0653628259466681	0.0147700875460619	
7.5767661712544e-06	4.43782018602043e-05	0.000113651492568816	0.000405898187745771	0.00159112089596342	0.00488376699495712	0.0129746708706895	0.0312281829724087	0.0639024458883596	0.11349238047922	0.168973791965814	0.204189518734637	0.191073054097028	0.13301878929771	0.0604896539257932	0.0136111192290749	
2.17048273706555e-06	6.51144821119665e-06	5.53473097951715e-05	0.000159530481174318	0.000485102891734151	0.00185142177471691	0.00540450201529322	0.0144565002702251	0.0335632598046131	0.0681477317370156	0.119134541713422	0.172198503669201	0.202013339786902	0.186257805598543	0.126824562050846	0.0568275790218502	0.0126115899437194	
5.43715841052286e-06	1.30491801852549e-05	4.13224039199737e-05	0.000220748631467228	0.000625273217210129	0.00211940434842181	0.00618096168108239	0.0159460981863814	0.0363158684555643	0.0729992888196799	0.122343676258539	0.173976019956546	0.201130276490379	0.180646325894576	0.121710791019554	0.0541714966757213	0.0115539616223611	
4.3497645689927e-06	1.95739405604672e-05	7.82957622418687e-05	0.000231624963298861	0.000726410683021781	0.0024445676877739	0.00697049772181081	0.0175741362998728	0.0395850324601181	0.076461249034896	0.12622146826303	0.175924053110625	0.19940516969519	0.176727672114747	0.116555203949586	0.0502376058895812	0.0108330886590763	
1.08682066915549e-06	6.52092401493292e-06	2.28232340522652e-05	0.00011085570825386	0.000261923781266472	0.000962923112871761	0.00301701417757563	0.00807616439249442	0.0193747520690348	0.042512077294686	0.080809464034387	0.130533683289589	0.176473592974791	0.197780712193585	0.172476266553637	0.110911136107987	0.047258223156888	0.00941078017421735	
3.25772161465714e-06	1.41167936635143e-05	2.71476801221428e-05	0.000114020256513	0.000339888955129228	0.00116409252363749	0.00346512989079031	0.00898696802763417	0.0210524829811193	0.045294275422988	0.0848647339690234	0.133691465529505	0.178833713943809	0.19577929587605	0.167856278009619	0.106316830801541	0.0435481366375318	0.00864816497970982	
1.08477988731307e-06	1.7356478197009e-05	2.92890569574528e-05	0.000103054089294741	0.000365570822024503	0.00130715976421224	0.00372187979337113	0.0100092640202377	0.0236438624238756	0.0486220041091462	0.0881047376676798	0.137379779268989	0.180190617521799	0.194336147252361	0.162866682721409	0.100598147629864	0.0403527270281587	0.00835063557253598	
2.17135462129404e-06	9.77109579582318e-06	3.58273512513517e-05	0.000115081794928584	0.000391929509143574	0.00140920914921983	0.00428625402243444	0.0110467666358334	0.0258022069648371	0.0515903001246358	0.0933052794316262	0.140061058491951	0.181054062387361	0.19058305214291	0.158220097189833	0.0956166864259937	0.0388368487564652	0.0076333971711592	
4.35170951468648e-06	1.95826928160891e-05	4.5692949904208e-05	0.000133815067576609	0.000505886231082303	0.00171674940354381	0.00450184349294316	0.0123240413455921	0.0276203002897151	0.0554647136194365	0.0968929881992517	0.143819647750873	0.182212604944195	0.187650065982796	0.152247821153442	0.0918221586872633	0.0360430340553907	0.00697470242466375	
5.45322280014266e-06	9.81580104025678e-06	6.87106072817975e-05	0.000159234105764166	0.000632573844816548	0.00181046996964736	0.0051412984559745	0.0132327904468262	0.0295401079083728	0.058333124293126	0.0998757755846127	0.14757075283922	0.182618615775737	0.184497796352666	0.148623224839648	0.0880041095487022	0.0335013289503964	0.00637481745336677	
5.46272563788247e-06	4.37018051030598e-06	6.55527076545897e-06	6.55527076545897e-05	0.000192287942453463	0.000756041228282934	0.00212172263775355	0.0057216588331181	0.0144565571280922	0.0319154282667646	0.0616523215491416	0.103027005530463	0.150176883056155	0.180939676213326	0.182971810150618	0.145020070053994	0.0834278384868687	0.0317242328694387	0.0058145251689621	
3.27940174967015e-06	9.83820524901044e-06	5.46566958278358e-06	1.63970087483507e-05	7.54262402424134e-05	0.000282028550471633	0.000917139355991084	0.00233930658143137	0.00650523993742901	0.0158865152093187	0.0344949338708637	0.0643779357477747	0.106272293099811	0.151829742206228	0.182529315118807	0.181594685620151	0.139392064503646	0.0789745529355565	0.0293746946057121	0.0051191461312351	
2.19066688281247e-06	2.19066688281247e-06	8.76266753124986e-06	2.51926691523434e-05	0.00010186601005078	0.000388843371699213	0.000916794090457017	0.00267370893047261	0.00760599541712488	0.017569148400156	0.0364285995942885	0.0681615047252685	0.109670260820799	0.154732278600251	0.183355532091079	0.177275336157833	0.134095101230717	0.0748934240561512	0.0271785086816129	0.00491476115158977	
2.19162710779737e-06	0	3.28744066169606e-06	1.86288304162777e-05	0.000138072507791234	0.000373672421879452	0.00107280146926681	0.00318005093341399	0.00821860165424014	0.0186759503990953	0.0383008753358669	0.0716278529505876	0.114914679956693	0.15639451041242	0.182801425434271	0.173621795293262	0.129195322191101	0.0712892465624329	0.0254941023314529	0.00467693224803959	
2.19869133891508e-06	3.18810244142686e-05	0.000150610356715683	0.000454029761485964	0.00131042003799339	0.00357837015408429	0.00882224899739675	0.020053164356575	0.0410704548652642	0.0750864085696194	0.117848756420179	0.159490871033561	0.182214346021248	0.170043490114684	0.124304114191233	0.0673755980440442	0.0238261186941532	0.00433691866600999	
3.95822750572294e-05	0.000179219745398011	0.000533261205632118	0.00147553925352227	0.00405718319336601	0.00997583282206228	0.0223266021475583	0.0440770622915059	0.0787313441041102	0.121547271131987	0.161165829941352	0.180295063870399	0.165545168873379	0.119567057871485	0.0640023397522589	0.0223793785143013	0.00410226300662563	
6.60194559336637e-06	6.16181588714194e-05	0.000168349612630842	0.000631586128432049	0.00171980682707194	0.00451793143439372	0.0113047315043743	0.0239353537487498	0.0470971795388101	0.0822932518213117	0.124298130659105	0.162914010758971	0.17802256324939	0.161289932143003	0.115908158134202	0.0614366053676018	0.0207730218095273	0.00362116715796145	
1.31639426447019e-05	8.1177646308995e-05	0.000221593034519149	0.000684525017524499	0.00198885233457038	0.00503301407115769	0.0120570744673265	0.0256729791428299	0.0499407074083378	0.0846595091385187	0.127769227309477	0.163296514517086	0.176793943708787	0.159321003838386	0.111730060192128	0.0578741768422115	0.0196044015836223	0.00325807580456372	
2.18693959672834e-06	2.95236845558326e-05	8.52906442724052e-05	0.00024384376503521	0.000743559462887635	0.00213882692560032	0.00572431439443643	0.0131249179897651	0.027765385120063	0.0528397410663517	0.0876295761711062	0.12930499059616	0.164984910116783	0.175563136946158	0.155405021213314	0.107837991514674	0.0551939815422298	0.0183112452434064	0.00307155666360495	
8.74296874060814e-06	3.16932616847045e-05	8.85225584986574e-05	0.000301632421550981	0.000822931932709741	0.00242180234114845	0.00648181845006836	0.0142772679534131	0.0296834717454572	0.0552905343156059	0.0911793281247097	0.132182758647069	0.165144843670255	0.175539140631745	0.151658814387867	0.103054465416641	0.0521845946705048	0.0169318518372802	0.0027157846650514	
1.09138850811556e-05	3.60158207678136e-05	0.000124418289925174	0.000355792653645674	0.00101717408956371	0.00288235704993321	0.00686265093903067	0.0153220032654344	0.0315815092593401	0.0583685488025285	0.095223647333083	0.135259051976286	0.165243859848253	0.173794888809339	0.147315620825439	0.0996732382806702	0.0488691032278907	0.0155752053993172	0.00248400024447103	
2.28956449212553e-05	4.36107522309625e-05	0.00016354032086611	0.000426295103057659	0.00117094869740134	0.00327625776135106	0.00766022862936857	0.016537197245981	0.0339084501283792	0.0616110902142923	0.0982691982708337	0.137358605764251	0.16644261642708	0.171063175625951	0.144204403595707	0.0950420026057424	0.0459788160771038	0.0146183241478186	0.00220234298766361	
1.30863360113066e-05	3.92590080339198e-05	0.000173393952149812	0.000453659648391962	0.00139151372920227	0.00359983293111026	0.0080415534789479	0.0175487765911621	0.0356984341108434	0.0647566432239497	0.101690645559861	0.140165563961103	0.167150679344418	0.168771203953818	0.140385850617293	0.0908595214545026	0.0433550312054587	0.0137646444278927	0.00214070646584957	
1.63047908910568e-05	5.21753308513818e-05	0.000192396532514471	0.000588059458137449	0.00150656267833365	0.00360770673116117	0.00861979945107204	0.0192103046278431	0.038051033995489	0.0672485665371342	0.104933286230604	0.14218755944455	0.167290415500421	0.166541482105492	0.136139569010027	0.0874349846463219	0.0415141715807495	0.0129427430093209	0.0019228783390853	
1.84156077692199e-05	9.64111230270926e-05	0.000274067574447803	0.000687877113732627	0.00161732367055561	0.00399943669905647	0.00979385352008926	0.0207013096746937	0.040558751205139	0.0703638707440989	0.107109507869964	0.145010995201109	0.166451095728662	0.164770942337482	0.132411469673827	0.0830013107579648	0.0395274771700627	0.011813070748432	0.00179281357988582	
3.47418625329641e-05	8.46832899240999e-05	0.000292048781917729	0.000663352437738782	0.00174360722587313	0.00445890091946511	0.0104247301262975	0.022360731272779	0.042727062499525	0.072254388602932	0.110609404839324	0.146334896355253	0.167240812134464	0.163183614000536	0.127568862171432	0.0799258261234921	0.0372975607955452	0.0110902539304446	0.00170452263052355	
4.34755672746362e-06	3.4780453819709e-05	7.60822427306134e-05	0.000256505846920354	0.000741258422032548	0.00199661542708767	0.00505512158485833	0.0116677553673305	0.0239669933493251	0.0440885727732086	0.0762517974429845	0.11306908158951	0.148897296580538	0.167524403379356	0.159133618895351	0.123572778643062	0.0766800317806397	0.0350423941125387	0.0104134852514572	0.0015270793005216	
3.2621460571528e-06	2.50097864381715e-05	7.28545952764125e-05	0.000295767909181854	0.000806837458135792	0.00220194858857814	0.00549671610630247	0.0127593406115436	0.0252761950328389	0.0472858944804489	0.0787819146622591	0.116100865556087	0.150259884302553	0.166215040668088	0.155618502892436	0.120637423339568	0.0736929668131008	0.033176025401244	0.00982123439606803	0.00147231525379496	
9.79843529875429e-06	2.8306590863068e-05	0.000101250498087128	0.000352743670755155	0.00096895637954348	0.00226017240891266	0.00609027189569239	0.0132300650833847	0.0271405770625162	0.049989439464178	0.0820357664662705	0.118333525672989	0.150743483496169	0.165235369303026	0.154671567335936	0.11790783809501	0.069722399440836	0.0309706765492959	0.00888173724080417	0.00132605491043141	
6.54149159091256e-06	3.59782037500191e-05	0.000109024859848543	0.000427377450606287	0.00101393119659145	0.00257298669242561	0.00642156424507916	0.0144479744271289	0.0289351978038032	0.0526568268096491	0.0848845753808783	0.121122258297337	0.151883622503603	0.165610942607133	0.152017723081217	0.113107840849871	0.0658989862868531	0.0293244165534625	0.0084014556999287	0.00112077555924302	
1.09041503377015e-06	3.27124510131046e-06	6.32440719586689e-05	0.000158110179896672	0.000372921941549393	0.00114602620049243	0.002813270787127	0.00723272291899743	0.0158131988197348	0.0310659243121117	0.0555980817418726	0.0878580105159626	0.123329211564506	0.152905628940487	0.164438948752674	0.148047829965041	0.108549726196785	0.0637456628742032	0.0279767785214408	0.00782481828233462	0.00105552175268951	
1.08925935809946e-06	1.85174090876908e-05	6.42663021278682e-05	0.000142692975911029	0.000462935227192271	0.00127552270833447	0.00340066771598651	0.00794505775797746	0.0169826426521287	0.0329555418792992	0.0579431515541008	0.0908311593531978	0.125833419566366	0.153971167304791	0.162841006257795	0.144179814934835	0.105372771783826	0.0610105059065089	0.0263470053537097	0.00744617697196791	0.000974887125499017	
3.26465940896606e-06	1.19704178328756e-05	5.44109901494343e-05	0.000179556267493133	0.000564786077751129	0.00146474385482277	0.00391106197194134	0.00862087727927638	0.0184442374408553	0.0351168530424449	0.060597519729425	0.0939177218771356	0.128239086243596	0.154663239499767	0.160717006263793	0.140804760308706	0.101302381460217	0.0582426120757575	0.0251444067678566	0.00705492898277566	0.00094457478899418	
2.1777762291369e-06	4.35555245827381e-06	1.95999860622321e-05	6.20666225304018e-05	0.000248266490121607	0.000643532875709955	0.00152879891285411	0.0042488414230461	0.00943957106519391	0.0200104968814244	0.0374958622251646	0.0636444214084114	0.096740086762605	0.129379507996794	0.155111023032161	0.158497465068469	0.137584279940068	0.0978028415624238	0.0562312711244294	0.0237344942332485	0.00656381755461863	0.00100722150597582	
2.17703187827779e-06	6.53109563483338e-06	3.04784462958891e-05	7.29305679223061e-05	0.000259066793515057	0.000771757800849478	0.00172965182729171	0.00475354910621956	0.0103746454159328	0.0211400680540165	0.0392137867074788	0.0659510037205475	0.0983626543243473	0.132651994923162	0.155852623649968	0.156473077735277	0.134566694460107	0.0943101094829332	0.0541645531315515	0.0221164668514241	0.00628400251664885	0.000912176356998395	
6.53263869608532e-06	2.39530085523128e-05	0.000103433446021351	0.000280903463931669	0.000828556341286821	0.00211113107195157	0.00523917623426042	0.0111686346240739	0.0218592978502175	0.0413298274838998	0.0682932937019919	0.102568960167236	0.135287681076579	0.155005362207596	0.154427223682993	0.130715922762435	0.0919806416139973	0.0515577621357373	0.0206050312205691	0.00577158628799138	0.000835088979982906	
6.53628235868285e-06	4.575397651078e-05	0.000144887592284137	0.00030611589046498	0.000911811389036258	0.00239990500602972	0.00568220813048163	0.0121204462537842	0.0235273483500789	0.043112229057479	0.0710973219761796	0.105392106131795	0.136888272057502	0.155119052936261	0.152429372745663	0.12786820240252	0.0888041108858515	0.048769381438919	0.0192101338521689	0.00541748869495497	0.000747314949676073	
9.8048187415842e-06	5.77394881448847e-05	0.000123104946422113	0.000372583112180199	0.000968498206807595	0.0028586493753241	0.0064036360625591	0.0130970589901472	0.0250131820340859	0.0456294475747236	0.0738193908810828	0.107271253578759	0.136948261060925	0.155169971980007	0.151138012628607	0.125416704796517	0.0859000169950191	0.046297264673456	0.0179755010262377	0.00492528728118913	0.000604630489064359	
5.46533501957136e-06	6.12117522191993e-05	0.000138819509497113	0.000403341724444367	0.00115537182313739	0.00295128091056854	0.0064709566631725	0.0140830752784315	0.0269528461825181	0.0478162160862299	0.0766458583144688	0.109535151395245	0.139115730655173	0.155220979890846	0.149741435000224	0.121846365060332	0.0823910184870422	0.0436253971932225	0.01700921564791	0.00433510373752401	0.000495159352773166	
1.4199270375953e-05	5.3520326801669e-05	0.000169298992944055	0.000431439369115495	0.00132380889966577	0.00318282106734823	0.00692924394346506	0.014993337265439	0.0284018175066081	0.0507754986128405	0.0794132424580029	0.111838914738843	0.140860038884156	0.15564257159709	0.147002861699107	0.118163051313979	0.0784739061100553	0.0417371168927627	0.0160670205561745	0.00400200974288398	0.00052428075234288	
1.85998472624307e-05	8.09640410246984e-05	0.000135669474149495	0.000577689373797848	0.00148251723768198	0.00343768941756219	0.00772112483123374	0.0163208189184517	0.0307203830255606	0.0529997177199651	0.0820865965124192	0.114172427148775	0.141283345696761	0.154148969459051	0.144524095555074	0.115484263435107	0.0761838802782537	0.0395301459759778	0.0148569015280322	0.00377576899427344	0.000458431529585792	
5.45836631096313e-06	2.18334652438525e-05	6.55003957315575e-05	0.000172484375426435	0.000640812204907071	0.00160366802216097	0.00387544008078382	0.00870609426598619	0.0172757293741983	0.0328670069048334	0.0552572255124041	0.0845642859092274	0.116577604323026	0.141977566114462	0.153547119347179	0.14239458530062	0.112543871619224	0.072564613411206	0.0373450506263475	0.0139679593897546	0.00358068829999181	0.000445402690974591	
8.72217897475147e-06	2.28957198087226e-05	9.04926068630465e-05	0.000270387548217296	0.000674878598171395	0.00188181011380263	0.00443522800866112	0.00918663500515699	0.0187254279864196	0.0343861003355858	0.0576852209218907	0.0880645702909501	0.118347975691287	0.143205095496957	0.151840052681961	0.139658439471349	0.109747907222182	0.0692301150673461	0.0355003586996103	0.0133024132088678	0.00327735874976287	0.000457914396174452	
3.26640114454696e-06	2.17760076303131e-06	1.95984068672818e-05	0.000108880038151565	0.00028308809919407	0.000783936274691271	0.00202516870961912	0.00467966403975428	0.0102456115900623	0.0197878581336655	0.0362897167159167	0.0597359441314748	0.0904444700917423	0.120271067742982	0.143330771023102	0.150884868070058	0.138155702809758	0.105751914655471	0.06698082187008	0.0340424327284684	0.0125897988114655	0.00317494191249965	0.00040830014306837	
3.26471269984123e-06	2.82941767319573e-05	0.000108823756661374	0.000355853684282694	0.000845560589258878	0.00223415172425801	0.00514083426468332	0.011027111262497	0.021192338372236	0.0378173436773942	0.062131835628245	0.0926949876865919	0.121745489527346	0.143437328942658	0.150121284076799	0.135957872147321	0.103415215955304	0.0642549871207084	0.0320137727346431	0.0121643195196084	0.003008976871687	0.000300353568385393	
1.52201871865593e-05	4.56605615596778e-05	0.000107628466533526	0.000358761555111754	0.000920821324786836	0.00248850060500244	0.00566190963340005	0.0113640440472217	0.0222464778856116	0.0395985784345168	0.0651250066588319	0.0941531650922833	0.123047603309738	0.144468929618593	0.149928628193657	0.13350604621936	0.0996498269790864	0.0619852994734902	0.0306708514933722	0.0115825624489716	0.00277985847400229	0.000294619337682683	
4.33902541150232e-06	2.0610370704636e-05	4.77292795265255e-05	0.000122577467874941	0.000441495835620361	0.00109018013463996	0.00264789025736929	0.0059704989662272	0.0122111022643204	0.0237735202296212	0.0418846122972319	0.0666799730112619	0.0956321200695112	0.124508334183059	0.145893220923648	0.149289593064502	0.130318289209061	0.096287312906648	0.0598991610494367	0.0294891014529227	0.0108942080519295	0.00258388963254963	0.000310240316922416	
1.08373711572037e-06	1.73397938515258e-05	1.51723196200851e-05	3.68470619344924e-05	0.000134383402349325	0.000508272707272851	0.00116935234786227	0.00286431719684893	0.00625966558040083	0.0129582446926684	0.0252890055953347	0.0433115538297644	0.0684314964350468	0.0983903252620205	0.126740888209265	0.146405298174011	0.146752094051042	0.127225318699992	0.09422227231496	0.0577902816957885	0.0284448480763124	0.0101394444546797	0.00256954070137299	0.000322953660484669	
5.42772656416224e-06	3.03952687593085e-05	5.42772656416224e-06	3.36519046978059e-05	0.000186713793807181	0.000650241642386636	0.00125054820038298	0.00301673042436137	0.00680202693020812	0.0137136939370123	0.0267923438660177	0.0453008914498109	0.0704540618934516	0.100796138932431	0.127884836668852	0.146876451916856	0.144236405716047	0.125669238685361	0.0907917533293675	0.0562062796625257	0.0268368512238438	0.00979487535768718	0.00235237669290792	0.000312637050095745	
