# <P(N_2)> as a function of N_tot.
# number_of_species: 2
# species_total_upper_bound: 100
# species_total_lower_bound: 0
# volume: 512
# Bin widths for each species index 
1	1	1	1	1	1	1	1	1	1	1	1	1	1	1	1	1	1	1	1	1	1	1	1	1	1	1	1	1	1	1	1	1	1	1	1	1	1	1	1	1	1	1	1	1	1	1	1	1	1	1	1	1	1	1	1	1	1	1	1	1	1	1	1	1	1	1	1	1	1	1	1	1	1	1	1	1	1	1	1	1	1	1	1	1	1	1	1	1	1	1	1	1	1	1	1	1	1	1	1	1	
# Bin lower bound for each species index 
0	0	0	0	0	0	1	2	2	2	3	4	4	5	6	7	8	9	10	11	11	12	13	13	13	15	15	16	17	18	19	20	20	21	22	23	24	25	26	26	27	28	29	30	30	30	31	31	32	34	35	36	37	37	38	39	39	40	41	42	43	44	44	44	45	46	49	51	51	52	52	53	54	55	56	57	58	59	59	60	61	62	62	63	64	64	65	67	68	69	70	71	72	72	73	74	76	76	76	76	77	
# Bin upper bound for each species index 
0	1	2	3	4	5	6	7	8	9	10	11	12	13	14	15	16	17	18	19	20	21	22	23	24	25	26	27	28	29	30	31	32	33	34	35	36	37	38	39	40	41	42	43	44	45	46	47	48	49	50	51	52	53	54	55	56	57	58	59	60	61	62	63	64	65	66	67	68	69	70	71	72	73	74	75	76	77	78	79	80	81	82	83	84	85	86	87	88	89	90	91	92	93	94	95	96	97	98	99	100	
# Normalized histogram for each species index 
1	
0.0788686436725927	0.921131356327407	
0.00634020072188471	0.145095200638204	0.848564598639911	
0.000389359190132885	0.0169350314418013	0.202036948652036	0.78063866071603	
8.70411213142648e-05	0.00179978576653044	0.0316619098225905	0.248296029661368	0.718155233628197	
2.82025791258611e-06	0.000186137022230683	0.00402168778334779	0.0495618024268319	0.286847022160177	0.659380530349501	
1.12421445514946e-05	0.000489033287990017	0.00811261256197232	0.067316556306281	0.315706119099279	0.608364436599926	
4.77261976117249e-05	0.00109770254506967	0.0123007255785749	0.0866834082681426	0.339059541238944	0.560810896171657	
1.40375504474469e-06	0.000131952974206001	0.00198912089840323	0.0179175293911212	0.106490261449377	0.356110194771012	0.517359536760835	
1.40446479357879e-06	2.52803662844182e-05	0.000269657240367127	0.00322324670126332	0.0252522769885466	0.126988897705807	0.369549798810418	0.47468943772252	
9.85736394373417e-06	6.75933527570343e-05	0.000578768082982106	0.00508499160011773	0.0334122391847115	0.146670534508519	0.378803006214364	0.435373009692605	
9.90754841960449e-06	0.000134459585694632	0.000887433265584574	0.0072268488900715	0.0434092157184671	0.165042772301891	0.381126403333465	0.402162959356406	
8.47864793827544e-06	2.68490518045389e-05	0.000108809315207868	0.00133821326625781	0.0100161094310827	0.0522454285956533	0.18072520702032	0.384030466608258	0.371500438063477	
8.4790193731461e-06	2.11975484328652e-05	0.000180885746627117	0.00195865347519675	0.0131862882951377	0.0627843121183558	0.196627046093362	0.383809877774936	0.341423259928578	
4.24291539202417e-06	1.55573564374219e-05	0.000288518246657643	0.00290639704353655	0.0171569355402151	0.0729385441991568	0.212291443029668	0.37990215837106	0.314496203297877	
2.82452364408742e-06	6.07272583478796e-05	0.000538071754198654	0.00384417667960298	0.0210102191265443	0.0844758531473667	0.225960479265172	0.374094034041159	0.290013614203964	
1.4065726325976e-06	0.000133624400096772	0.000845350152191159	0.00519165958691775	0.0265406190044842	0.0958832432189133	0.237993496008147	0.367520550026162	0.265890051030455	
1.40711691593743e-06	0.000130861873182181	0.00125092693826837	0.00723820941558213	0.0317881782479424	0.108625204559622	0.248360357013704	0.358924568683487	0.243680286151296	
4.23038090349655e-06	0.000231260822724478	0.00171189413894827	0.00925607341685045	0.0384132687307165	0.119884764424189	0.256629006875779	0.34901629542724	0.224853205782649	
4.36270087774727e-05	0.000339164810173256	0.00212927949291343	0.0115456767745286	0.0446853155710424	0.130229435846484	0.26462314004692	0.339039558438378	0.207364802010783	
5.6571885187359e-06	8.06149363919866e-05	0.000502075481037811	0.00287102317325847	0.0145248315218544	0.0516755885243931	0.141267068798484	0.271257946581997	0.328582237842348	0.189232955951716	
1.2742406587541e-05	7.5038616571075e-05	0.000590398171889402	0.00385245425829991	0.0174570970249312	0.0597647185414758	0.150860183235807	0.274910343011427	0.318731479265981	0.17374554546703	
2.96537710418217e-05	0.000160977614227032	0.000937623998655696	0.00495359184831955	0.0209115569218256	0.0658243112911676	0.160145896553526	0.278362772938251	0.307012552017657	0.161661063045329	
5.64879200582955e-06	6.07245140626677e-05	0.000201944314208407	0.00133311491337577	0.00623767857243728	0.0240144270147829	0.073257771325602	0.170253178857701	0.28053313298951	0.294293590315711	0.149808788390603	
1.41017866963744e-06	1.2691608026737e-05	5.49969681158603e-05	0.000368056632775373	0.00167106172352037	0.00784059340318418	0.027712831215715	0.08101899510668	0.179277424449678	0.280831441343618	0.284399193377801	0.136811303992216	
1.127016126192e-05	7.04385078869997e-05	0.000490252014893518	0.00224557963143755	0.0094894757825366	0.0325679485066332	0.0893442034038705	0.187879223316837	0.281066551711022	0.271501002339967	0.125334054623654	
5.63185942878866e-06	1.12637188575773e-05	8.72938211462242e-05	0.000627952326309935	0.00287647220325381	0.011197544509289	0.0372096952460067	0.0971509831114615	0.194645509648079	0.281405712113426	0.260487578230047	0.114294363212694	
8.49259304343395e-06	1.41543217390566e-05	0.000103326548695113	0.000734609298257037	0.00337155943824328	0.0137226149260154	0.0414806552884792	0.10501799014293	0.202369999631988	0.280135258698538	0.247414713134361	0.10562662597771	
5.68203610081637e-06	1.5625599277245e-05	0.000163358537898471	0.000974469191290007	0.00425016300341064	0.0160446494396802	0.0466282087523243	0.112828190853911	0.207878711257392	0.277164038961722	0.236031779627912	0.0980151227390823	
5.68637374260061e-06	1.42159343565015e-05	0.000251622038110077	0.00126379656429298	0.00510920680772664	0.0184352236735112	0.0520089958432608	0.119423799748662	0.213907164262278	0.272523726394441	0.22570781137161	0.0913487509880074	
2.8338807446305e-06	2.2671045957044e-05	0.00033723180861103	0.00156430217103604	0.00631955406052602	0.0210727372170724	0.057441345753288	0.126704225032802	0.217238213181513	0.267991600377473	0.216668603151842	0.0846366823191346	
2.82965077864915e-06	7.78153964128517e-05	0.000513581616324821	0.0020147113543982	0.00756507135671851	0.0232469959719921	0.0629441667456611	0.134163647193482	0.2211810679385	0.263823905172743	0.207131851822507	0.0773343557804814	
1.4187637176717e-06	8.51258230603017e-06	0.000133363789461139	0.000573180541939365	0.0022856283491691	0.00834800571478025	0.0261875407007842	0.0677445487551058	0.141243603149088	0.223792951298098	0.261454034183693	0.197117355878435	0.071109856293423	
2.84450108162154e-06	2.27560086529723e-05	0.00011093554218324	0.000624367987415927	0.00264680825644884	0.0100012658029813	0.0294277859399156	0.0734748851888251	0.14684452383763	0.228980914819993	0.256618087329028	0.185919435195865	0.0653253895899794	
9.98566344034636e-06	1.14121867889673e-05	0.000175462371880372	0.000850207915778062	0.00330097502870878	0.0114549824894259	0.03356609439305	0.0803332358542378	0.153984636343535	0.232052553120163	0.249704353035998	0.175192758967482	0.0593633426295105	
4.29556339893613e-06	2.14778169946807e-05	0.000194732207418438	0.00112543761052127	0.00405787555752833	0.0134852053637268	0.0368358880003436	0.0862792545765648	0.160612547340688	0.232027720702468	0.244327350568088	0.166056458021607	0.054971756670652	
2.85264383030192e-06	4.56423012848308e-05	0.000286690704945343	0.00142774823706611	0.00450717725187704	0.0152702024236062	0.0412249823136083	0.0922630594034551	0.165754296081608	0.23219237088934	0.237549636002647	0.157960873137224	0.0515144686095073	
1.42546798113821e-05	8.2677142906016e-05	0.000390578226831869	0.00154805822751609	0.00515734315575803	0.0173408179905463	0.045597869780649	0.0975946653286274	0.170959225913868	0.233823789350044	0.230783266146276	0.150124585901551	0.0465828681556155	
1.13784250837381e-05	0.000137963404140324	0.000435224759452982	0.00195566681126749	0.00632071513401651	0.0195922256910615	0.0494534800201967	0.104281843589324	0.17706536194059	0.232422822276112	0.224698293947389	0.140284602857407	0.0433404211439584	
1.56468700570115e-05	2.41815264517451e-05	0.000136554502315737	0.000536260910135758	0.00217349249519214	0.00756312800846638	0.022439034104487	0.0546218009262947	0.109483994674374	0.18129886090786	0.232385891644002	0.216440308613175	0.133315600213935	0.0395652446032523	
1.13741865679387e-05	4.26531996297702e-05	0.000147864425383203	0.000733635033632048	0.00265160724365072	0.00874532769742389	0.0246123179596984	0.0587945921429963	0.115591592769998	0.184850436555498	0.230059984616413	0.211936640093723	0.125617938229636	0.036204035845749	
9.96391638850733e-06	4.98195819425367e-05	0.000180773911620062	0.000883941725323293	0.0032823987416997	0.00975182731109482	0.026878376166312	0.0631726533197634	0.12100322403866	0.187781391674436	0.229524507675774	0.205931377084416	0.118816856099696	0.0327328887528735	
5.69587988528498e-06	5.55348288815285e-05	0.000256314594837824	0.00114059994702832	0.00371371368520581	0.0115882676266123	0.0294961139859483	0.0681754103169472	0.125203983698392	0.191452762644141	0.228951587868915	0.198907245444008	0.111176455510906	0.029876313968291	
1.5655621862649e-05	9.25104928247439e-05	0.000290340623634581	0.00126098917911882	0.0044689684226107	0.0126070453144859	0.0322776225657287	0.07210837106101	0.130009976900842	0.195164405378133	0.226899774132074	0.191056939496714	0.105765111589003	0.0279822892219583	
2.84796427513613e-06	3.55995534392017e-05	0.000122462463830854	0.000394443052106354	0.00147951744093322	0.00489280262468388	0.0141116629832995	0.035522658403773	0.0757971452006106	0.135454876854025	0.198920336743296	0.223044018135836	0.183967100316694	0.099990601717892	0.0262639265453054	
2.84514852386582e-06	7.11287130966454e-06	3.84095050721885e-05	0.000103847921121102	0.000487942971842988	0.00160324119319839	0.00563908437430205	0.0157450519310734	0.0384351114089033	0.0794536176774768	0.141450826586775	0.201188987568124	0.219230074357957	0.177662454424277	0.0948572517856863	0.0240941402743577	
4.25309306192929e-06	8.50618612385858e-06	4.39486283066026e-05	0.000102074233486303	0.000513206562806134	0.00196209359923671	0.00616698493979747	0.0174858832752786	0.0413301406781415	0.0852248964726264	0.146877733498353	0.20126912296968	0.216919087739892	0.170991353461805	0.0888542025521394	0.0222465121092648	
9.90930157826862e-06	1.41561451118123e-06	1.13249160894498e-05	4.10528208242557e-05	0.000118911618939223	0.000625701613942104	0.00236407623367266	0.00703985096410426	0.0200068798865243	0.0454100822896715	0.0903558430196756	0.151309372642117	0.202128517979012	0.211866530201428	0.164701085917892	0.0834844501824019	0.0205249947976167	
1.41760122027113e-06	2.83520244054226e-06	1.84288158635247e-05	6.5209656132472e-05	0.000178617753754162	0.000820791106536984	0.00254601179160695	0.0081951526543874	0.0217615963323821	0.0492120263617123	0.0959999546367609	0.15486584530852	0.203214552527087	0.208006044651603	0.157889588711358	0.07832246741998	0.0188994594686547	
7.12066102520429e-06	1.42413220504086e-05	5.83894204066752e-05	0.00028197817659809	0.000904323950200945	0.0029906776305858	0.00906032908846994	0.0241105582313417	0.0528694839799368	0.100757353506641	0.158978726313121	0.203501371439313	0.204303157870751	0.151353922487332	0.0732288779832009	0.0175794879390244	
1.42448924937964e-06	4.7008145229528e-05	0.000109685672202232	0.000283473360626547	0.00113246895325681	0.00349569661797762	0.00990162477243784	0.0260083247151734	0.057173300513101	0.104846682222089	0.161971550100711	0.203288860778968	0.200949849431486	0.145494482953137	0.0688042552342858	0.016491312040068	
8.53893183655346e-06	4.83872804071363e-05	9.39282502020881e-05	0.000350096205298692	0.00125522297997336	0.0038524814135917	0.0114905559413888	0.028773353978573	0.0608470051119739	0.109254209693395	0.164657645759566	0.204382179818519	0.196029681327064	0.139308403447451	0.0649300376851525	0.014718272175606	
9.96874087682197e-06	5.26919160632018e-05	0.00011392846716368	0.000441472810259258	0.00152521735415376	0.00482487058438183	0.0130462335960809	0.0311095920648823	0.0639395039839361	0.113595226397226	0.169143898774557	0.204775026879998	0.191018164469983	0.132545802804064	0.0602282841660792	0.0136301169902947	
2.8565348233019e-06	8.56960446990569e-06	6.85568357592455e-05	0.000148539810811699	0.000502750128901134	0.00181247134538505	0.00538885294415903	0.0144055051139115	0.0335642841737973	0.068055513897756	0.118976103657936	0.172774652252592	0.202422627183642	0.186010406356361	0.126631616984385	0.0565265393509096	0.0127001538244002	
7.15828836735191e-06	1.71798920816446e-05	4.58130455510522e-05	0.000207590362653205	0.000648540926082083	0.00208592523024635	0.00603014212065725	0.0155692771989904	0.0362624572113313	0.0730045197432751	0.122892063033024	0.174282846879917	0.200812895226996	0.180577845670166	0.122177665853962	0.0538761415680374	0.011501937748661	
5.72888618994695e-06	2.43477663072745e-05	9.45266221341247e-05	0.000232019890692852	0.000753348533978024	0.00244766662465483	0.00678729791353965	0.0174043562450588	0.0396739690869301	0.0769360770878926	0.126556824822118	0.176103097035874	0.199316543877539	0.176466881308936	0.116413831822817	0.0497854532121865	0.0109980292631507	
1.43246568886559e-06	8.59479413319353e-06	2.00545196441182e-05	0.000131786843375634	0.00026930354950673	0.000982671462561793	0.00302966493195072	0.00787856128876073	0.0192752583093753	0.0425270413710416	0.0812251019557454	0.131093529982223	0.176405284652419	0.197766213004783	0.172550519483682	0.110146584213942	0.0472040418451877	0.00948435532597905	
4.29720624298123e-06	1.57564228909312e-05	3.29452478628561e-05	0.000133213393532418	0.000317993261980611	0.00122327137716866	0.00352227671716361	0.00886943368551326	0.0210835262301469	0.0454730364632274	0.0851247908692962	0.133554305227695	0.178945694772305	0.1957449063782	0.167631150734536	0.105966241147755	0.0435980221392066	0.00875913872527674	
1.43246774082648e-06	2.29194838532236e-05	3.72441612614884e-05	0.000100272741857853	0.000375306548096537	0.00137087162797094	0.00372155119066719	0.0101877105727579	0.0236901514977883	0.0489058811395567	0.0882242556897619	0.137558444683826	0.179929407989732	0.194252652930256	0.162367353487199	0.100619399051133	0.0402022071462951	0.00843293759024547	
2.87136019203657e-06	1.29211208641646e-05	4.30704028805485e-05	0.000129211208641646	0.000414911547749284	0.0014371157761143	0.00427976236623051	0.0112413751518232	0.0256426821949826	0.0520462748408549	0.0936020352201041	0.140031929525335	0.180968911783201	0.190030924549268	0.158176054578815	0.0954397057430075	0.0388308395570066	0.00766940307292968	
5.76544165445114e-06	2.59444874450301e-05	4.61235332356091e-05	0.000142694680947666	0.000511682946832538	0.00165900583606831	0.00447542408426769	0.0123683137092113	0.0275256598187633	0.0561914357246944	0.0972500284668682	0.143452836525226	0.181996255345645	0.187927453447662	0.151798313320044	0.0919804147946998	0.0356996147243614	0.00694303311237278	
7.23710492644207e-06	1.30267888675957e-05	6.94762072938438e-05	0.000157768887396437	0.000636865233526902	0.00182809270441927	0.00514847644467089	0.013309035959727	0.0299645092374407	0.0584497542279167	0.10009639823762	0.147220083255655	0.182857035334441	0.184388406736876	0.148166696580034	0.0878077940725216	0.0335034535464709	0.00637588944019546	
7.25724163856905e-06	5.80579331085524e-06	5.80579331085524e-06	6.38637264194076e-05	0.000193042627585937	0.000786684993620885	0.00214669207668872	0.00569403178962127	0.0145478665886755	0.0322207014269189	0.0617286459293406	0.103263291275199	0.149761889901839	0.181309119304698	0.183284540478717	0.144345084742811	0.0833813520821752	0.031484817124768	0.00576950710266239	
4.35895088770035e-06	1.3076852663101e-05	1.45298362923345e-06	1.45298362923345e-05	8.13670832370732e-05	0.000310938496655958	0.000972046047957178	0.00236255138113359	0.00649338383904429	0.0160772638574681	0.0347728042148149	0.0641739279523538	0.105877464078612	0.151996617454111	0.182551410193261	0.181829277329532	0.139380360601477	0.078988549036018	0.0290059121903873	0.00509270762046324	
2.91044135387911e-06	2.91044135387911e-06	8.73132406163733e-06	3.20148548926702e-05	0.000125148978216802	0.000449663189174322	0.000950259102041529	0.0026193972184912	0.0075162147963928	0.017503394302229	0.0362437261798565	0.0682222005556033	0.109810952281859	0.154964994666616	0.183114783441335	0.177534012145272	0.13435033855709	0.0744898360111819	0.0270510971636294	0.00500741434934901	
2.90938713759946e-06	0	4.3640807063992e-06	2.1820403531996e-05	0.000138195889035975	0.000389857876438328	0.0010793826280494	0.00311740831793783	0.0081302823560217	0.0184804270980318	0.0382715331015522	0.071562195423534	0.11505316904994	0.156309733354669	0.182751698354742	0.173974077360604	0.129358625605516	0.0710399604323349	0.0255604206973801	0.00475393858283752	
2.91568140932377e-06	3.20724955025614e-05	0.000144326229761526	0.000491292317471055	0.00126686357235118	0.00350902257612115	0.00872226093599205	0.0198018502914224	0.0407699731465742	0.0752012549092786	0.117933481644328	0.159116023710321	0.182569764966922	0.1701168896677	0.12495152679657	0.0672647701130993	0.0238386112026311	0.00426709974254533	
3.64670702355773e-05	0.00017941798555904	0.000560134198818467	0.00144409598132886	0.00403909269929254	0.00989716286193567	0.0222726278170812	0.0439705346072497	0.0787440741010867	0.122017358325432	0.160447815622493	0.180401137772591	0.166348187586609	0.119250237035957	0.0638771789074466	0.0224739260447816	0.00404055138210196	
5.84718385007821e-06	5.40864506132234e-05	0.000172491923577307	0.000669502550833955	0.00168837433671008	0.00453887646362321	0.0112923738104635	0.023701559736292	0.0468447134149015	0.0825081495124911	0.124395912818489	0.162281278779108	0.178559838617726	0.161269715973044	0.115851715417562	0.0617243345173881	0.0208276688739786	0.00361355961934833	
1.60465173951542e-05	8.60676842103728e-05	0.000220274920606208	0.000687082699374332	0.00192120576449256	0.00506048807670819	0.0119925835914148	0.0254497765887146	0.0500169947206958	0.0848583603085016	0.127657339749995	0.163232468815052	0.176874926149551	0.159320036119252	0.111537883639409	0.0582153063353109	0.019594256513792	0.00325890180552496	
2.90633042361219e-06	2.90633042361219e-05	7.41114258021109e-05	0.000244131755583424	0.000730942101538466	0.0021216212092369	0.00565571900434932	0.0130784869062549	0.0277757998584617	0.0527498971885613	0.0878758066883382	0.129549678632513	0.164919719887874	0.175676048785662	0.15534190797686	0.107906235967873	0.0550444450580031	0.0180846410609269	0.00313883685750117	
1.16167967263867e-05	3.0494091406765e-05	6.82486807675218e-05	0.00027009052388849	0.000768160683532319	0.00236111393463809	0.00646910367700658	0.0140781055327899	0.0296678467396008	0.0552770751229202	0.0914488759297068	0.131654609399731	0.165736838895359	0.175521085938158	0.151857671006508	0.103311077486938	0.0518181738976386	0.0168516157512147	0.00279819591146839	
1.16124799321831e-05	3.04827598219807e-05	9.87060794235565e-05	0.00031644007815199	0.00103931695393039	0.00278264050374938	0.0067599148805221	0.0151731565913888	0.0317673904144784	0.058502222338347	0.0949363781255716	0.135299906809849	0.165265911274847	0.173657379585841	0.147964767735886	0.0996350778181311	0.0487564485552623	0.0155273372293204	0.00247490978554653	
8.6918101418938e-06	3.76645106148731e-05	0.000136171692223003	0.000417206886810902	0.00121395614981783	0.00314498663634191	0.00759664206401518	0.0163927539276117	0.0338676382178892	0.0615119403741824	0.0987708331824338	0.137450836948885	0.166468445107597	0.171027299527021	0.144113109422647	0.0952071910242574	0.0458261203381114	0.0145660251627904	0.0022424870166086	
1.44762004027279e-05	4.63238412887293e-05	0.000144762004027279	0.00049798129385384	0.00138247713846051	0.00349889763733933	0.00783451965795634	0.0175263358275827	0.0354565576464014	0.0648273206434961	0.101971803256856	0.140429277246743	0.167385410016662	0.168895277718667	0.140274381902433	0.0903807095943913	0.0433938583272171	0.013860961885612	0.00217866816061055	
2.1629384817037e-05	4.03748516584691e-05	0.000174477037524099	0.000635903913620889	0.00148810167541215	0.00350396034036	0.00850179019208336	0.0190915369985047	0.0377634639315589	0.0674418638185093	0.105395666336458	0.14230404858825	0.167505165818074	0.166935592017892	0.135424462257444	0.0872053537053299	0.0415644678234062	0.0130843358553196	0.00191780545377728	
1.86922875621519e-05	8.19584916186658e-05	0.000276070708610243	0.000734750688019969	0.0015874065745089	0.00388224433983154	0.00975162263434722	0.0206348476003416	0.0403135127984655	0.0710306927361771	0.107420263014865	0.14526064238203	0.166470637291976	0.164470562522826	0.131772000103527	0.0828327155292649	0.0397872530101772	0.0119113007819128	0.00176282650393832	
4.17123944784297e-05	7.76713552356966e-05	0.000320753929954821	0.000663083236364002	0.00165267383640399	0.00436397947750192	0.0104453589207709	0.0222844871604935	0.0424977381813684	0.0729147039067253	0.110923325427156	0.146282490718992	0.166810742236101	0.16309402405223	0.127628420236552	0.0796246459840314	0.0376591004218705	0.0110667297626565	0.00164835876111312	
5.75225056803474e-06	3.16373781241911e-05	8.34076332365038e-05	0.000280422215191694	0.000720469383646352	0.00189249043688343	0.00503897149759844	0.0117000776553827	0.0236633207742529	0.0440478587247261	0.0764574764876758	0.113372544508039	0.148599326986684	0.167613391239322	0.158976387011418	0.123630245333487	0.0767033851994593	0.0351620696597544	0.0104619057206132	0.00155885990393742	
4.31227171911587e-06	2.73110542210672e-05	7.76208909440856e-05	0.000301859020338111	0.000842330409133966	0.00218919660940449	0.00546652311593255	0.0126852659737325	0.0250356121772804	0.0470914445966517	0.0790209418288919	0.116227222221424	0.150276919715563	0.166393316553805	0.155716131777274	0.120346879137086	0.0736492886907799	0.033223178747975	0.00994984827990668	0.00147479692793763	
1.15040875461062e-05	2.30081750922125e-05	0.000103536787914956	0.000360940746759083	0.0010181117478304	0.00224185906054745	0.00597637348020218	0.013075833507093	0.0269325069563779	0.0497005342210654	0.0821794493856098	0.118400069024525	0.150811397674736	0.164954235301731	0.154568920269483	0.117797542439298	0.0701418597795529	0.0312724239831465	0.00909398120519697	0.00133591216629159	
5.7550561765421e-06	4.02853932357947e-05	9.49584269129447e-05	0.000473353370520588	0.00109777696567541	0.00255236741429642	0.00624423595154818	0.0142984370706189	0.0287623320063133	0.0526530089591837	0.0847460797276707	0.120912291505105	0.15159537351034	0.16525068305323	0.152123399914537	0.113630706677736	0.0662896145695002	0.0296773859383835	0.00840238201775147	0.00114957247126429	
1.43765949034971e-06	2.87531898069942e-06	4.74427631815404e-05	0.000163893181899867	0.000426984868633864	0.00117888078208676	0.00277755813535564	0.0071926104302196	0.015712180570032	0.0312389030658089	0.05595083204543	0.0874211982891852	0.122527405384035	0.152364590446753	0.164403551018941	0.148438342378608	0.109303813391798	0.0638248930740754	0.0280990547388851	0.00788412464507781	0.00103942781152284	
1.43519176314743e-06	1.72223011577692e-05	5.3102095236455e-05	0.000155000710419923	0.000479354048891243	0.00130889488799046	0.00332246893168631	0.00785623971146905	0.0170414669956126	0.0333108008226519	0.058164016585076	0.0906897675132863	0.125570668124822	0.153561213081486	0.162569911778762	0.144175058950502	0.105419140578468	0.0615022726261569	0.0264993807147542	0.0073524874026043	0.000950096947203601	
4.29519439333959e-06	7.15865732223264e-06	5.1542332720075e-05	0.000178966433055816	0.000597032020674202	0.00146179782519991	0.00381270088982111	0.0085388464539591	0.0187184571661739	0.0352277526827068	0.0608013401006507	0.0935908540994051	0.128346135398845	0.154002763241726	0.160237953769391	0.141228855115934	0.101787516733361	0.0583745552684139	0.0251684074135055	0.00695678318574568	0.000906286016994653	
2.86774120929779e-06	5.73548241859558e-06	1.4338706046489e-05	6.16564359999025e-05	0.000256662838232152	0.000686824019626821	0.00151846897032318	0.00416109249469109	0.00944777341403157	0.0200827916887124	0.0377509452791961	0.063418662973016	0.0964335336450568	0.12900820604147	0.154572685051756	0.158266335729331	0.138702605199502	0.0982057977124028	0.0560657745123765	0.0238094213901949	0.00650977254510598	0.00101804812930072	
2.86275795238375e-06	8.58827385715124e-06	2.43334425952618e-05	7.72944647143612e-05	0.000280550279333607	0.000805866363596025	0.00168759581293022	0.00469778579986173	0.010384654472272	0.021343291913997	0.0395418442173005	0.0659207273695405	0.0977216740835954	0.132051867448581	0.155693953998342	0.156640095501605	0.135429921832394	0.0942591683401873	0.0540946742682433	0.0222135703315217	0.00614920408172029	0.00097047494585809	
7.14511295709074e-06	1.85772936884359e-05	0.000114321807313452	0.000302952789380647	0.000847410396710962	0.00198062531170555	0.00519306809721355	0.0112364046363209	0.0221612823477126	0.0413959264282009	0.0681429422717744	0.101702108808638	0.135276994594008	0.155008938536309	0.154468767996753	0.131194277050326	0.0919604618029406	0.0518092140518649	0.0205693511808728	0.00573038059158677	0.000878848893722161	
5.70714363168378e-06	4.42303631455493e-05	0.000144105376700015	0.000293917897031715	0.000866059046108013	0.00233992888899035	0.00563009719265605	0.012271785594028	0.0237131817896461	0.0431417254978056	0.071053938214463	0.10467614813462	0.137119832894834	0.15482196565441	0.152113926001176	0.128252358477106	0.088777472762657	0.0491499209560607	0.0193457901255001	0.00544461502462633	0.000793292964804045	
9.98002569143757e-06	4.56229745894289e-05	0.000114057436473572	0.000346449463288475	0.000952379594554328	0.00274450706514533	0.00648701669943442	0.0133604029649231	0.0251054674857892	0.0457113691026959	0.073621223807779	0.107030072668844	0.137032881333217	0.15494275029548	0.150434630118862	0.125491694480048	0.0862502334613153	0.046561097004424	0.0181679239122841	0.00497147851229183	0.000618761592869129	
4.29136662861655e-06	5.57877661720151e-05	0.00012444963222988	0.0004062493741757	0.00113005987886902	0.00291383794083064	0.00662587007458395	0.0143531909171795	0.0269755306274836	0.0474138794240414	0.0762060885909727	0.109923356192013	0.138752757203059	0.154878282537857	0.149860244493461	0.122010705529283	0.0824986625240674	0.0438448928445753	0.0171583142367518	0.00435716758358867	0.000506381262176753	
1.57113678888206e-05	6.14171653835716e-05	0.000149972148029652	0.000407067258937626	0.00129690200391356	0.0031779812320569	0.00710582320426207	0.0149900732721066	0.0281790524616857	0.0505791781526288	0.0793795437990088	0.111587847971091	0.140665305014783	0.156015311442161	0.14724122662934	0.118689386256838	0.078301172639367	0.0414837244511734	0.0160127404910517	0.00407781412023481	0.000582748918058075	
2.00527099805202e-05	9.0237194912341e-05	0.000126045605591841	0.000517073450211986	0.00147100951071388	0.00335739658530996	0.00769164661395669	0.0162326687292311	0.0306978343073221	0.0531196287383981	0.0818021656926779	0.114488082960926	0.141327202933425	0.154983098430159	0.144862209235705	0.115108284633895	0.0758808869027157	0.0390626790420534	0.0148576257591383	0.00379569153202704	0.000508479431648906	
2.85815954532398e-06	2.28652763625918e-05	7.28830684057615e-05	0.000157198774992819	0.000633082339289261	0.00160199842515409	0.00377991599869096	0.00866451066164964	0.017118946596718	0.0329831611530387	0.0552239296549773	0.0848244589861251	0.116179898278102	0.142242026092138	0.154802208214065	0.142222018975321	0.112494301544407	0.0716854995562707	0.0372804040294333	0.0139935491339062	0.00354268875642907	0.000471596324978457	
7.13117220782518e-06	2.42459855066056e-05	7.9869128727642e-05	0.000251017261715446	0.000656067843119916	0.00183698996073577	0.00438424467337092	0.00912219548824997	0.0188448356763988	0.0344934799692504	0.0577054455057213	0.0880542881877837	0.118234835205741	0.143065576833389	0.151972410920962	0.140267304859038	0.109750166512871	0.0687773034755907	0.0352679252710202	0.0134807679416727	0.00322614230682011	0.000497755820106197	
1.42287990893569e-06	8.53727945361412e-06	8.11041548093341e-05	0.000268924302788845	0.000769778030734206	0.00194649971542402	0.00461297666476949	0.0100981787137166	0.0200981787137166	0.0363005122367672	0.0596528173022197	0.0906331815594764	0.120019920318725	0.143244166192373	0.150876494023904	0.138264086511098	0.105912066021628	0.0670944792259533	0.0338403528742174	0.0127390438247012	0.00311326124075128	0.000424018212862834	
1.56218933734769e-05	8.80506717414151e-05	0.000342261482091629	0.000802397250546766	0.00219132558866135	0.0050984179282529	0.0109821910415542	0.0213466072087937	0.0380137472661687	0.0615246967932513	0.0931135853665464	0.121639162666515	0.143410401340642	0.150009941204874	0.135579572244156	0.103936717130116	0.0644119067230948	0.0319836964240066	0.0121240094299429	0.00307041213395063	0.00031527821171926	
9.93719691549408e-06	2.83919911871259e-05	0.000109309166070435	0.00034496269292358	0.000924159313140949	0.00244171124209283	0.00573518221979944	0.0114831408356331	0.022192599911417	0.0393882093738998	0.0651922705643192	0.093659500528091	0.123031015411173	0.144327848000636	0.149688255936765	0.133406868590508	0.100147070514349	0.0623857222354718	0.0307144560662328	0.0115952892008222	0.00288178710549328	0.000312311903058385	
5.66011037215226e-06	9.90519315126645e-06	2.83005518607613e-05	0.000110372152256969	0.000466959105702561	0.00112777699165134	0.00260082071600396	0.00607188340172633	0.0121324465827084	0.023604075279468	0.0415749257110514	0.0664921465968586	0.0950757039762275	0.124072449412764	0.145955851139097	0.149380217914249	0.131030140087732	0.0968841092401302	0.059998584972407	0.0294622895146455	0.0108773171076836	0.00270836281307486	0.000329701429177869	
1.4102860624249e-06	1.12822884993992e-05	2.8205721248498e-06	2.8205721248498e-05	0.00014384917836734	0.000545780706158437	0.00120438429731087	0.00280082811997586	0.00617987352554592	0.0128533471729406	0.0250255261777299	0.0431364197913905	0.0681365608199967	0.097849877869227	0.12586662078536	0.146727572220749	0.147407330102838	0.128393853409226	0.0942973672779787	0.0577977536963598	0.028291748698306	0.01028239568114	0.00266685094404549	0.000348340657418951	
7.05467372134039e-06	1.26984126984127e-05	1.41093474426808e-06	3.24514991181658e-05	0.000197530864197531	0.000695590828924162	0.0012331569664903	0.00282610229276896	0.00672169312169312	0.0134574955908289	0.0262490299823633	0.0452373897707231	0.070126278659612	0.100272310405644	0.127317107583774	0.147089947089947	0.145885008818342	0.126297001763668	0.0911548500881834	0.0554920634920635	0.0268303350970018	0.0101488536155203	0.00235485008818342	0.00035978835978836	
