# <P(N_1)> as a function of N_tot.
# number_of_species: 2
# species_total_upper_bound: 100
# species_total_lower_bound: 0
# volume: 512
# Bin widths for each species index 
1	1	1	1	1	1	1	1	1	1	1	1	1	1	1	1	1	1	1	1	1	1	1	1	1	1	1	1	1	1	1	1	1	1	1	1	1	1	1	1	1	1	1	1	1	1	1	1	1	1	1	1	1	1	1	1	1	1	1	1	1	1	1	1	1	1	1	1	1	1	1	1	1	1	1	1	1	1	1	1	1	1	1	1	1	1	1	1	1	1	1	1	1	1	1	1	1	1	1	1	1	
# Bin lower bound for each species index 
0	0	0	0	0	0	0	0	0	0	0	0	0	0	0	0	0	0	0	0	0	0	0	0	0	0	0	0	0	0	0	0	0	0	0	0	0	0	0	0	0	0	0	0	0	0	0	0	0	0	0	0	0	0	0	0	0	0	0	0	0	0	0	0	0	0	0	0	0	0	0	0	0	0	0	0	0	0	0	0	0	0	0	0	0	0	0	0	0	0	0	0	0	0	0	0	0	0	0	0	0	
# Bin upper bound for each species index 
0	1	2	3	4	5	6	6	6	7	7	7	8	9	9	8	8	8	9	9	9	10	10	10	11	10	11	11	11	11	11	12	12	12	12	13	13	12	12	13	13	13	13	13	14	15	15	16	16	15	16	16	16	16	16	16	17	17	17	17	17	17	18	19	19	19	17	17	18	18	18	18	18	18	18	18	19	19	19	19	19	19	20	20	20	21	21	21	21	22	22	21	22	22	21	22	22	22	22	23	23	
# Normalized histogram for each species index 
1	
0.921068743492911	0.078931256507089	
0.847945846225713	0.14579464605589	0.00625950771839697	
0.780630263185088	0.201880188723974	0.0170251538761721	0.00046439421476652	
0.718862903894255	0.247766300823513	0.0314930252514664	0.00181865166238414	5.91183683817901e-05	
0.661293506151721	0.285016923628016	0.0494013982401376	0.00411394024460674	0.000172404129901334	1.82760561732863e-06	
0.608380805897654	0.315257311625342	0.0679644323277533	0.00787382442379909	0.000510869182256985	1.21490887575977e-05	6.07454437879887e-07	
0.559909809387579	0.339340350055668	0.0873492910720318	0.0122646306709055	0.00106701981974072	6.28017379618824e-05	6.09725611280412e-06	
0.516058231011348	0.356112876020319	0.107631980399126	0.0180790215196784	0.00197010280443462	0.000134963645313097	1.28245997808826e-05	
0.474729574757298	0.369122975856219	0.127249167382142	0.0253766779066515	0.003217501645695	0.000272959429801796	2.87004322162962e-05	2.442589975855e-06	
0.436776611611639	0.377796245642165	0.146228183306396	0.0335393539794273	0.00503646791697778	0.000576050604394496	4.15832708055475e-05	5.50366819485187e-06	
0.402825173334509	0.381400850332948	0.16441832558772	0.0430569108081471	0.00726599152117226	0.000934128904888526	9.06564445400012e-05	7.96306607445957e-06	
0.371002314751111	0.384158785199047	0.181106493840071	0.0522840202670678	0.00995985114652038	0.00134971088544581	0.000108857515908181	2.56854812817055e-05	4.28091354695092e-06	
0.340849318100796	0.383280368408405	0.197409253870251	0.0631035754228888	0.013118832011809	0.00199894946614169	0.000207905420155452	2.32364881350211e-05	7.9493248882967e-06	6.11486529868977e-07	
0.314151397303766	0.379225085578918	0.212576500044437	0.0734755920038491	0.0172751427336833	0.00291136874170643	0.000353041767415348	2.81943078144202e-05	2.45167894038436e-06	1.22583947019218e-06	
0.289554079876355	0.373203185851754	0.226321640822565	0.0847363877159802	0.0215070079805378	0.00406216290135962	0.000561690848538655	5.26202755711594e-05	1.22372733886417e-06	
0.265828461932808	0.367307571277648	0.237616805155588	0.0960477039801588	0.026723198742754	0.00549311893671793	0.000874988466894335	0.00010631843103325	1.833076397125e-06	
0.244854375339131	0.358771820479354	0.247760513670338	0.107670714240322	0.0321936089398583	0.00726840106175483	0.00130275166571343	0.000165593668578021	1.22209349504074e-05	
0.225534570798315	0.350663758103845	0.25656338821053	0.118143741337796	0.0379120761447877	0.0091583014890577	0.00175431618688638	0.000247819342758627	2.14164864112394e-05	6.11899611749696e-07	
0.208324088895734	0.33970084083126	0.264573053671524	0.129100633878098	0.0442742856723747	0.0113628654150462	0.00222233223866968	0.000385668768592016	5.25634137859166e-05	3.6672149152965e-06	
0.190568637695506	0.329679703994305	0.27100286900648	0.139955574702635	0.0511379781295544	0.0142038736170564	0.00283600832286864	0.000542025292476726	6.41630842277973e-05	9.16615488968533e-06	
0.175071738947194	0.319096913850961	0.275269883812835	0.149886451508869	0.0588424284106998	0.0171342779623085	0.00392502745564646	0.000671884562902444	8.85666014735039e-05	1.16052788137695e-05	1.22160829618626e-06	
0.161519430250282	0.307597456465752	0.27887922851581	0.159946965955782	0.0654031606776491	0.0205299375592497	0.00492921163745664	0.00100842818886419	0.000164205316467596	2.136500400136e-05	6.10428685753144e-07	
0.149292443880842	0.295195521973348	0.280754302193357	0.169806736379805	0.0731773743615103	0.0239250789811584	0.00621812141738895	0.0013537878518961	0.000231955513502993	3.9169268770954e-05	5.50817842091541e-06	
0.137293473793242	0.284715304849262	0.281177342136812	0.178290601526949	0.0807202713109883	0.0278108420571119	0.00788636501050762	0.00170088488765304	0.000336512593571571	5.67979513650746e-05	1.09931518771112e-05	6.10730659839512e-07	
0.126244841513473	0.271775495831101	0.282210865380742	0.186923045939061	0.0885099251660908	0.0320500536445981	0.00951199893565211	0.00221596741533125	0.000481519771604614	6.71320340640147e-05	9.15436828145655e-06	
0.115659327246985	0.259975955670556	0.28150112288239	0.194539984377288	0.0967826978469951	0.0369635795537763	0.0111549821803447	0.00269918957184006	0.000613923741639408	9.64214226431675e-05	1.03744568666699e-05	2.44104867451057e-06	
0.106573540792287	0.249667160170228	0.278860483568287	0.201285269102072	0.104552662046234	0.0414579668223791	0.0133392667865583	0.00333206595424476	0.000783044668388835	0.000125311597985723	1.95608348075275e-05	3.66765652641141e-06	
0.0982489862020773	0.237821433396854	0.276823537107786	0.207204216470082	0.112064027154439	0.046718767290199	0.0156607553673363	0.00422943104431732	0.001007531419635	0.00019258033809771	2.62887445657191e-05	2.44546461076457e-06	
0.0914055204139607	0.226417332923173	0.273249666234693	0.213431829009419	0.119657079463358	0.0513169892809812	0.0179716487547481	0.00504302101788786	0.00120601957885943	0.000271537876781738	2.62975871657989e-05	3.05785897276732e-06	
0.0838538801522229	0.216554396252185	0.269673067494739	0.217547765042333	0.127052295646578	0.0570707770683837	0.0202306544938795	0.00614154681013834	0.00150745392924064	0.000316266154453888	4.70125364728753e-05	4.88441937380523e-06	
0.0771104664622767	0.206014781313166	0.265562741170642	0.222329935182861	0.133932820098383	0.062370690997986	0.0229532450412842	0.00731430051427339	0.00192172953214499	0.00041537701266961	6.71933402847898e-05	5.49763693239189e-06	1.22169709608709e-06	
0.0711633856425296	0.195523590523783	0.261571673875927	0.225286183484095	0.141042134259251	0.0678392344052712	0.0262506400245182	0.00844067699147796	0.00228114831868541	0.000480821286802557	0.000107664817401081	1.2234638341032e-05	6.11731917051599e-07	
0.0654452762888416	0.18581086046899	0.256281296240042	0.228352311144646	0.1473226097267	0.073761746807906	0.0296658957951572	0.00991129261433233	0.0026892718204	0.00061980029201658	0.00012371507805074	1.46988211545434e-05	1.22490176287862e-06	
0.0596116429748047	0.175936403114273	0.250311433428764	0.231420363601982	0.154111811508025	0.0794359386502239	0.033378173198122	0.0114191233939459	0.00334058015949567	0.000841745156895526	0.000165770381007872	2.1488753093613e-05	5.52567936692905e-06	
0.0552419543441495	0.1659123415548	0.244657975003262	0.232196532361101	0.160772796537777	0.0856582630294944	0.0370482973218484	0.0131445817834486	0.00400405698488232	0.00108440645671113	0.000231405691102944	4.12345247444075e-05	3.69264400696186e-06	2.46176267130791e-06	
0.0511143140213397	0.157704315457739	0.237906319786578	0.23329879428436	0.165994301056919	0.0918798041095739	0.0407593516316631	0.0149729232680652	0.00461673318707437	0.00133450045854271	0.000341912031006572	6.93645592526797e-05	6.13845657103361e-06	1.22769131420672e-06	
0.0469966750643313	0.149479248734986	0.231429133744817	0.233312017285006	0.171798561503952	0.0977057759951049	0.0448225607584017	0.0169845782579986	0.0054021774251399	0.00153279350389851	0.000406496837233884	0.000110361132280692	1.96197568499009e-05	
0.043442903533766	0.140604782436435	0.224797414846263	0.232529728716847	0.17656827822368	0.104133024947076	0.0495493923210842	0.0195852217092657	0.00632449019208006	0.0018523995769793	0.000474581709804613	0.000124309789793983	1.34719969234858e-05	
0.0396229925350025	0.133249409740114	0.217639743798446	0.232529347758236	0.181004463821261	0.109524573048409	0.0539159107627418	0.0219292716272568	0.00765226501903886	0.00219763945004547	0.000569758375937715	0.00014259259032598	1.52996341551481e-05	6.73183902826516e-06	
0.0360508531862084	0.125740681998899	0.21225233947026	0.231042055152274	0.184826554354981	0.114712427444487	0.0584679625049124	0.0245214254587415	0.00885854142715784	0.00260548931309327	0.000714477365002588	0.000166853995419766	3.54488341917452e-05	4.8894943712752e-06	
0.0331225019043299	0.118428533525376	0.20500004279393	0.230090124016809	0.188293903821253	0.120506484503095	0.0630978159200756	0.0271337970565112	0.00994164130616856	0.00328718517422632	0.000868716781211753	0.000187070608761996	3.79031952393587e-05	4.27939301089533e-06	
0.0304364476353377	0.111741214643851	0.197872085312348	0.228518363541598	0.191531286169778	0.126023153551949	0.0673495031358356	0.0298669074518613	0.0114954130909821	0.00375370415232111	0.00112133958787558	0.000246535654071937	4.0375566175553e-05	3.67050601595936e-06	
0.0283063490065278	0.105826756833062	0.191605627536847	0.225829910131009	0.194868313144486	0.130531868475698	0.0716140852197103	0.0325382459596842	0.0127971341654944	0.00437917307816879	0.00131692966556709	0.000317163107391795	5.98882168100114e-05	8.55545954428734e-06	
0.0264334948937655	0.099870869804618	0.183686939027692	0.223584074879624	0.198256100683663	0.135179086408451	0.076080479951208	0.035634556046966	0.0142587113992079	0.00502281626050443	0.0014642496362293	0.000400285272007593	0.000108168691824952	1.83336765805004e-05	1.83336765805004e-06	
0.0240831378874219	0.0942570414067945	0.177317831459031	0.219839478381224	0.20026041778208	0.140901561955997	0.0803244453119598	0.0391299745395115	0.0157131782044512	0.00580127112758575	0.00174264530865565	0.000482776386421807	0.000116257938428572	2.44753554586467e-05	4.28318720526318e-06	1.22376777293234e-06	
0.0222668777903795	0.0879571583269138	0.170861265106353	0.216667745074221	0.201311424975186	0.146278456224996	0.0856796836562655	0.042067050905313	0.0176960575454549	0.00636362193554216	0.0021022843113676	0.000575015046837478	0.00012330471280379	4.4560614033053e-05	3.66251622189477e-06	1.83125811094738e-06	
0.0203439730324362	0.0827924453745847	0.16369513676477	0.212818983642865	0.202510403098733	0.150834565118764	0.0907966114924361	0.0455425222087254	0.0199677296609053	0.00736022284339983	0.00240564035768122	0.000717728441315791	0.000156717255240576	4.63444023279525e-05	6.09794767473059e-06	6.09794767473059e-07	4.26856337231141e-06	
0.0185985818787209	0.0779948402005599	0.157171346458754	0.209049963671547	0.202941537117552	0.154573145250977	0.0961322245885368	0.0493090883357908	0.02182757436352	0.00842661499953331	0.00280988841582932	0.000873591014213545	0.000215957555189661	6.34451574568497e-05	1.03708430458312e-05	1.22009918186249e-06	6.10049590931247e-07	
0.0172534491599997	0.0733591324259592	0.151329791465494	0.204550210933283	0.203528282928417	0.158831477340735	0.100526507099034	0.0528324539857028	0.0238011315863872	0.00942254336462758	0.00324385649927853	0.00096134664409858	0.00027720562048164	7.09842206972853e-05	8.56706111863789e-06	3.05966468522782e-06	
0.0160797926751078	0.0689810441617682	0.145419862272841	0.200198710826803	0.203770366636159	0.161819011633883	0.105109951692713	0.0569623428300141	0.0260000391548427	0.0103705271710137	0.00376314746203204	0.00110979507334191	0.000291825937146689	9.23809570422432e-05	2.81425432049218e-05	2.4471776699932e-06	6.11794417498299e-07	
0.0145150838528947	0.0650091694503409	0.139415419239997	0.195791782189911	0.203525694959892	0.165160249683184	0.109601396620184	0.0606193371683685	0.028723601498197	0.0117082591139196	0.00412120440745525	0.00133457265221379	0.000335325911697918	9.54577412862686e-05	3.42668814873785e-05	5.50717738190011e-06	3.67145158793341e-06	
0.0134779693756611	0.0603741694621927	0.132922818968803	0.191251362014593	0.203904462260092	0.168610971862525	0.113828262982496	0.0645303822710743	0.0311887553055754	0.0129147786396891	0.00476720428196552	0.00163748166106336	0.00042898097408097	0.000115212033038889	3.79954577043144e-05	6.74112959270095e-06	2.45131985189125e-06	
0.0124680557803709	0.056792653197365	0.127075454576669	0.186584899274541	0.20247423615914	0.171287848688632	0.11887664258281	0.0685470223818003	0.0337541876971222	0.0142584035983539	0.00531034330532543	0.00184798230253445	0.000515031564077284	0.000145925609821897	5.51819532939947e-05	4.90506251502175e-06	1.22626562875544e-06	
0.0114363860603222	0.0538889965011046	0.121763766939729	0.18154964042536	0.201219586948899	0.173610310830393	0.121994247786526	0.0730385221764257	0.0364067790792045	0.015976736146017	0.00606176886694145	0.00214727235725512	0.000653437719906925	0.000196153912167182	4.47476112131384e-05	8.58173365731421e-06	3.06490487761222e-06	
0.0106915742676991	0.0503456462537532	0.116706296850289	0.177480132843806	0.199530930531412	0.175743020003749	0.125717110316466	0.0763459868160731	0.0395046165795048	0.0174017545084693	0.00698459016754931	0.00244825106548229	0.000765652697486332	0.000241946252405681	7.65652697486332e-05	1.34754874757594e-05	2.45008863195626e-06	
0.00975641697223677	0.0473550031087373	0.111287898444652	0.172690355081439	0.197760974821676	0.176493050625909	0.130189388190715	0.0804183821837533	0.0423761278351929	0.0194057416174246	0.00797990825553331	0.00293371780498671	0.000936904872639685	0.000283947655718363	0.000107092327048952	2.08065092552249e-05	3.67173692739263e-06	6.11956154565438e-07	
0.00897284519232061	0.0442628615665268	0.10665701227516	0.168261147220109	0.195865299259681	0.178552109903769	0.133079803802577	0.0839864903641277	0.0451694870758549	0.021184510806854	0.00905282360425461	0.00336275643459903	0.00111359254479096	0.000316250514364977	0.000123325490157771	2.38103669116489e-05	1.40420112555878e-05	1.83156668551145e-06	
0.0083904276588482	0.0410006339298776	0.10134344370215	0.163194275125567	0.194151996879114	0.180245769737163	0.137016628468328	0.0874561125469352	0.048281684302921	0.0232761983712879	0.0101020383283757	0.0037139757156093	0.00131296630418881	0.000377310186765495	9.87467693958161e-05	2.49914663285707e-05	1.21909591846686e-05	6.09547959233432e-07	
0.00762080227786618	0.0389145659590309	0.0962444916215187	0.158773947578025	0.190747452346299	0.18138878683943	0.140065785733628	0.092202721776227	0.0513253423003734	0.025446278753751	0.0110268430488833	0.00424471412669469	0.00139371373975575	0.000431562236959455	0.000131424760547143	3.36202875818272e-05	6.72405751636544e-06	1.22255591206644e-06	
0.00701116847701193	0.0363255863833438	0.0918376664164356	0.153477854549354	0.187982780016239	0.182466869915585	0.143556447535735	0.0960305179783371	0.0546927519801449	0.0274012225575659	0.0121918710646056	0.0045875017235304	0.00169319626798217	0.000524566053345181	0.000155653945735603	4.9024864798615e-05	1.28690270096365e-05	2.45124323993075e-06	
0.00642453367646626	0.0335420206862004	0.0874436433644052	0.148664261789464	0.185141984342923	0.182939287082421	0.147712092488729	0.0994338552358875	0.058103814079582	0.029495761588103	0.0132481067117192	0.00512734880705649	0.001870573732651	0.000625570933236418	0.000157160116691387	5.83211370534443e-05	6.75297376408302e-06	4.91125364660583e-06	
0.00592061907384821	0.0318284760199866	0.0831431718928276	0.144132740882087	0.182914609316599	0.181833885785104	0.150210120195145	0.103518929259944	0.0614014488334579	0.0318604428138647	0.0143979669119094	0.00582041546996105	0.00206247295117441	0.000699580989101782	0.000184423810835268	5.59418892866979e-05	7.99169846952827e-06	3.68847621670535e-06	3.0737301805878e-06	
0.00526055919388041	0.0297160796490177	0.0791841281694777	0.138971863439175	0.17999882088797	0.182836059211076	0.152508315196298	0.106892032641751	0.0646638548120053	0.0342427644281552	0.0157196513758764	0.00645195364124534	0.00236804999435009	0.000861611551367524	0.000236436526925515	6.20262057648752e-05	1.3510658681458e-05	4.91296679325744e-06	5.52708764241463e-06	1.84236254747154e-06	
0.00501146582154544	0.0274688938212166	0.0750572677603674	0.134407157519162	0.176865665232365	0.18254029601328	0.155046863248146	0.110612357075989	0.0682096754601972	0.0361587473359909	0.0172416754700128	0.0073334633897361	0.00272566319563305	0.000904260083358792	0.000316552376535371	7.30033581544751e-05	1.59503135463559e-05	8.58863037111472e-06	1.22694719587353e-06	1.22694719587353e-06	
0.00461234014152934	0.0257049476380696	0.0711235241002287	0.129195824786283	0.174059865341015	0.182353366965364	0.156609160148007	0.114669928450146	0.07168910165183	0.0385813450194824	0.0186530175586679	0.0080021249030789	0.00317263242611913	0.0011121389382355	0.00034106412005457	9.93747975698568e-05	1.47221922325714e-05	4.29397273449999e-06	0	1.22684935271428e-06	
0.00421007278378753	0.0243113238032222	0.0673605490328835	0.124012494806654	0.17002600520104	0.181811131457061	0.158876082908889	0.1176438364596	0.0755591118223645	0.041410743687199	0.0203412990290366	0.00881714804499361	0.00367273454690938	0.0013584255312601	0.000442550048471233	0.000115715450782464	2.8313354978688e-05	2.462030867712e-06	
0.00397932721034379	0.0226840130837322	0.064332661898866	0.119435871848416	0.165392789163417	0.180536408379995	0.160621908475474	0.121107066077776	0.0787758948866261	0.0445900245781975	0.0223532238094358	0.00991998225934618	0.00402367884488632	0.00152581942724792	0.000511891782011716	0.0001687826092313	3.32637259068985e-05	7.39193909042189e-06	
0.00359966808335399	0.0209519300361138	0.061157368191979	0.115740518120405	0.161181164593421	0.178665354782152	0.162599701373657	0.124151867894216	0.0820562803388706	0.0474251183963445	0.0241656772048969	0.0110486815190735	0.00463413341027092	0.00180322472063888	0.000587512191032086	0.000165835025590379	5.54838375581193e-05	8.63081917570745e-06	1.84946125193731e-06	
0.003270244657953	0.0196596947894965	0.058094934511871	0.111659371711027	0.1584144985779	0.177249233459338	0.163768722674744	0.127212147257193	0.0845004337513418	0.0500395524500014	0.0259609580633049	0.0120858476216431	0.00502806281779916	0.00205253477871899	0.000701647515224456	0.000220729183172544	6.59721301660956e-05	1.17146773192132e-05	3.69937178501471e-06	
0.00308022565331635	0.0184191582399731	0.0548695214689019	0.107338043373173	0.155318007743054	0.175945420519771	0.165095045467505	0.130167552698523	0.0872322121894911	0.0527166888251606	0.0278267166777408	0.0130019760983849	0.00566288586723254	0.00214729045444105	0.000809159637836403	0.000267256684034246	7.45116561477966e-05	2.52477512566914e-05	3.07899405569408e-06	
0.00278452883505562	0.0171654100050874	0.0521490945507984	0.102776275641871	0.151104880839904	0.175453032555768	0.165742596454576	0.132569687130069	0.0911916255957389	0.0552649829331356	0.0297940273981377	0.014008871566764	0.00629706321822798	0.00237802827519349	0.000864737554615814	0.000325200447889708	9.73137703912383e-05	2.58682174457722e-05	6.77500933103558e-06	
0.00248161255577781	0.0160055393137406	0.0494863825203877	0.0993340513925219	0.146739498384367	0.173290660101554	0.165986151715649	0.135496537928912	0.0950607785813202	0.058200953992922	0.0315716264040622	0.0152891214032928	0.00673949838436683	0.00277150330820126	0.00103400523157409	0.000348361286351746	0.000120018464379135	3.56977996614864e-05	8.00123095860902e-06	
0.0022793186904748	0.0149171070129049	0.0466632657393909	0.0954643158013276	0.143296163126359	0.169990160284595	0.166385956836941	0.138127081862863	0.0983830006147515	0.0613779170694755	0.0337971763278231	0.016730593022848	0.00756778111648463	0.00319806134837946	0.00118458112288445	0.000430141405140897	0.000156918538356121	3.69220090249697e-05	1.35380699758222e-05	
0.00221322361124524	0.0138944677406358	0.0437957461571536	0.091341300856317	0.139945487527396	0.167858063349374	0.166547229687461	0.140298569893393	0.102263479411423	0.0645710141522056	0.0358680013262118	0.0177642258669126	0.00810305576179366	0.00351113962562197	0.00131452441835216	0.000493331110677789	0.000168544544047025	4.12134469020098e-05	7.3815128779719e-06	
0.00201353073012429	0.0131717190066009	0.041747162891629	0.087301684713368	0.135619057905732	0.165555675566869	0.166990492649171	0.142355579339616	0.104993261637483	0.067598418141783	0.038567613146803	0.0193123433545508	0.00890777157810241	0.00363675193743265	0.00141149670200727	0.000556620655965476	0.000189631513443586	5.8914644953347e-05	1.22738843652806e-05	
0.00185018290746699	0.0119613346034986	0.0396993942241744	0.0835470159988204	0.132110034489025	0.16369652350387	0.167040802529073	0.144556552639356	0.107065875444267	0.0702047743774141	0.0409750659708902	0.020845761190578	0.00986030017749275	0.0040546171057486	0.00157424623707426	0.00062896429526325	0.000228213698573144	8.13737852821131e-05	1.77431561893329e-05	1.22366594409193e-06	
0.00174977807022206	0.0111768296147495	0.0374265554482309	0.0803107811133941	0.128027668976691	0.162110462072155	0.167013995169782	0.146474264393666	0.110319719400114	0.0724563303903581	0.0427510372506001	0.0225705486201864	0.0104736192240981	0.00448197343685372	0.00168440577500078	0.000643947655731165	0.000221777038928285	7.69804597932891e-05	2.62711092945352e-05	3.05478015052735e-06	
0.00160909354804211	0.0103934120666738	0.0352576658059982	0.0772022672757551	0.124585274930103	0.159452431515744	0.16695216414832	0.148153942523643	0.112717216934289	0.076309412861137	0.0441727651902892	0.0238668968572869	0.0114824377797809	0.00487372618520159	0.00194521259529739	0.000699738743831452	0.000231616579835913	6.5390432829664e-05	2.56672726994943e-05	3.6667532427849e-06	
0.00143953905421795	0.00986903005251629	0.0331698882157598	0.0738167031745013	0.121235339583963	0.156698958533821	0.16651666376437	0.149302074072716	0.115344594243677	0.0785269776095464	0.0473135427263868	0.0253520180125685	0.0125342547360896	0.00547831373519447	0.00220024623694348	0.000819975131901737	0.000283508540389274	7.57652133798923e-05	2.07743327009382e-05	1.83302935596514e-06	
0.00126840455622659	0.0089681217032337	0.0311230028285299	0.0705071477715771	0.117842978365568	0.154563106796117	0.165529240883724	0.150761562571669	0.117987921412736	0.0813619753841449	0.0498952679458757	0.0271667303722957	0.013230181178809	0.00607965751853834	0.00230135310756058	0.000960171240730831	0.000330249980888311	9.05129577249446e-05	2.69092577020105e-05	5.50416634813852e-06	
0.00108554897368784	0.00837029893924783	0.0296257519401203	0.0669672896480997	0.113464052287582	0.151510309041649	0.16524528937258	0.151958488313358	0.121110651911038	0.0843054598888736	0.0523481961090447	0.028864704351686	0.0144250049746675	0.00651696744271479	0.00263764522202324	0.00100472976075676	0.00041389233288944	0.000108371217339395	3.00010714668381e-05	7.34720117555219e-06	
0.00107969164251379	0.00789245414827928	0.0279600373395909	0.0643055778154871	0.109839202410679	0.147707322205679	0.163774846671552	0.153152883113133	0.123202909845442	0.0876067304245482	0.0550887427006116	0.0307537776973022	0.0156460471051418	0.00725687362897513	0.00299560905007934	0.00114575776001605	0.000382938792189027	0.000154154274171941	4.77144181960769e-05	6.11723310206114e-06	6.11723310206114e-07	
0.00099670068241303	0.007472505177527	0.0261751565480057	0.0613725625596202	0.106409255933302	0.144728150041646	0.162138329343883	0.15406939261146	0.125652117851453	0.0902396053774171	0.0578226948317617	0.0326081841897972	0.0169329118387386	0.00795343922845223	0.00343375912598333	0.00132302696347284	0.00045771233055019	0.00015094118243778	5.13322239869372e-05	1.16108601875215e-05	6.11097904606395e-07	
0.000916793101619566	0.00696067847566079	0.0250966015869542	0.0587863097919477	0.101889605675339	0.141613446136272	0.160722242778273	0.153765831291782	0.128251674336072	0.0931581266942233	0.0602706124531469	0.0352203381771788	0.0184059625687519	0.0087064866159789	0.0039049046602227	0.00153855438064347	0.000525449237763342	0.000184090104181588	7.01005363605386e-05	1.03626879837318e-05	1.82870964418796e-06	
0.000871917030979522	0.00642285846407525	0.0235940870274201	0.0565930739486646	0.0984925509809827	0.137740378033532	0.15924381124487	0.154766794138138	0.128745577287565	0.0962662115417963	0.0634235977377617	0.0374474066096544	0.0200194097371167	0.00958256896084892	0.00421233887332256	0.00159476241325703	0.00063157702592934	0.000248249929267024	8.15330650043657e-05	1.64283041426707e-05	3.65073425392682e-06	1.21691141797561e-06	
0.000820072054402169	0.00614932368389994	0.0219825546096202	0.054034109643877	0.0950681304668935	0.134806340106025	0.1570091217807	0.155476049394132	0.131963464208235	0.0980034773975244	0.0661593738251008	0.0392198851655779	0.0213395159141431	0.0104492267109879	0.00466492026198504	0.00172470643488883	0.00073490136625951	0.00026707094353305	8.82124984334677e-05	3.46766373152252e-05	3.65017234897108e-06	1.21672411632369e-06	
0.000774266335435813	0.00566658178774503	0.0207815277474881	0.0512825042612061	0.0921913016568447	0.131020362412689	0.154767982046281	0.155368632405635	0.134638275682676	0.101843131569233	0.0680909674613202	0.0416221458447301	0.0222788893938305	0.0112868659818684	0.00516583676199504	0.00202186464776669	0.000770002083391713	0.000273521309685822	0.000112088910873477	3.59415529431258e-05	6.09178863442811e-06	1.21835772688562e-06	
0.000709798079520557	0.00529909390982271	0.0193627306005294	0.0491151001004328	0.0887735433132325	0.128299661626328	0.152782207240306	0.154805497642239	0.137031885422491	0.104664727121055	0.0708852901665525	0.0429159529557541	0.0238916570065425	0.0121208388544932	0.00565338315741846	0.00230623396627727	0.00084761110870582	0.000334166106166035	0.000132324899704434	5.54910869728271e-05	9.14688246804842e-06	3.65875298721937e-06	
0.000587946905280716	0.00485987265424143	0.0181909429312969	0.0466248611792029	0.0860801891198685	0.12556665443558	0.151910094798044	0.154569592949033	0.137395193732474	0.107143707533352	0.0734988579909799	0.0451034035593072	0.0248909733970815	0.0130612130266566	0.00621953803125094	0.00273154148933118	0.000981132582332409	0.000374869574083447	0.000128823257543334	5.98326030296055e-05	1.52634191402055e-05	3.66322059364932e-06	1.83161029682466e-06	
0.000505071479523535	0.00438502203504109	0.0171541084847123	0.0438734279879223	0.0828848559172147	0.122256612955236	0.149856601229272	0.154787613473133	0.138669298494191	0.109748307063916	0.0764630583269003	0.047619629264098	0.0266374820446173	0.013895878323578	0.00655493614235321	0.00290034396161701	0.00116465696668849	0.000420180384416194	0.000139856552371088	5.98512756871904e-05	1.77110917849849e-05	2.44290921172206e-06	3.05363651465257e-06	
0.000482479174405547	0.00413736566370775	0.0160688133635142	0.0416023920231736	0.0791210949532434	0.119201024246561	0.147728291639447	0.154615361624546	0.140127567249728	0.111503926014167	0.0792638258341675	0.0503315443176335	0.0285223877046496	0.01504895852204	0.00704078016455529	0.00319436591196188	0.0012943373047896	0.000458690694251544	0.000172009010344329	5.61164147222634e-05	2.74482463315419e-05	1.21992205917964e-06	
0.00046959595207068	0.00385019828063152	0.0148481476912855	0.0395089577412496	0.0764305578115974	0.115717236064481	0.145367121443986	0.154143497286847	0.140955117863088	0.113714278037443	0.0818776265924432	0.0527425258522037	0.030547552544062	0.0162764766014199	0.00782191749034244	0.00349296338861416	0.00141367311969262	0.000554477405045744	0.000155107115508391	7.51109260139059e-05	2.99222388185479e-05	4.88526348057925e-06	3.05328967536203e-06	
0.00046317767922386	0.00361400478657565	0.0139550559195631	0.0377904230701489	0.0729961928013656	0.112805704886342	0.142766596844663	0.15339896236011	0.141885340365508	0.116260035262448	0.0843739087137739	0.0551711654830242	0.0326052708401007	0.0171010074723967	0.00852978262949625	0.00377367919704493	0.00160649521372907	0.00060152153867625	0.000186489960319081	7.55710950312615e-05	2.49872169054977e-05	1.09699976658283e-05	3.65666588860942e-06	
0.000461345570960792	0.00339618507382746	0.0135707416829984	0.0359332205329211	0.0700216674173169	0.110009616438023	0.140095068836654	0.151732176114716	0.142887487675135	0.118083772565154	0.0872162237830337	0.0576535891224696	0.0343014692456574	0.018335747586761	0.00915083200447956	0.00425375223673479	0.0018435563778895	0.000695061533030639	0.00024223685652031	8.39916738688513e-05	2.37367773977188e-05	8.52089445046317e-06	
0.000421065915624215	0.0032320146001876	0.0127460414343422	0.0342762216675424	0.0675980677078846	0.106314289909343	0.137803831821177	0.151227583093779	0.1432637340902	0.119892148880171	0.0896178735807227	0.0598975365823766	0.0363038906733293	0.0197761434002468	0.00994480032132062	0.00450309974893793	0.00195668238888774	0.000801481375417274	0.000285159914039454	0.000105569840516734	2.00218663048978e-05	1.09210179844897e-05	1.82016966408162e-06	
0.000331356502038418	0.00304096826367981	0.0121747769249874	0.0322518309415492	0.0646750949545369	0.10362856571702	0.13520072207852	0.150089351159142	0.144116453334464	0.121973721672654	0.0921467903246325	0.0618382713731002	0.038087218846734	0.0211365467442861	0.0108081585180429	0.00497822254799217	0.0021480624428304	0.000866251915749429	0.000350741160292951	0.000118125261238559	2.36250522477117e-05	1.09038702681746e-05	4.24039399317902e-06	
0.000310294144332142	0.00279022785147012	0.0115002389204425	0.0306785945429361	0.0622535943917207	0.0998965686185559	0.133183327587145	0.149326486296854	0.145042854464183	0.123636792538424	0.0940989675007712	0.0644268631258052	0.0395990975460754	0.022399245132374	0.0113925735058399	0.00549214586849093	0.00246299757450386	0.000987739449696662	0.000341746962081209	0.000123391823477109	3.6291712787385e-05	1.6936132634113e-05	3.02430939894875e-06	
0.0003136099465715	0.00260676938248449	0.0108657689002865	0.0293868834905814	0.0596203325594801	0.096732655678032	0.130421856740076	0.148758068356092	0.145079345129257	0.125196837071475	0.0960444057182151	0.0665771559022117	0.0417904892194315	0.0239388925882912	0.0123860822443596	0.00597188266274785	0.00259951828545394	0.00111485616844782	0.000410895498398112	0.000115413294402999	4.29023240974499e-05	1.93362587481464e-05	6.04258085879576e-06	
0.000316678501820599	0.00250804538655627	0.0101337120582592	0.0279589647513862	0.0579739223714627	0.0939205584178162	0.127835979875202	0.146948494417333	0.14619849819451	0.126602505023645	0.0980246876274797	0.0688848263254113	0.04319579373593	0.0253524105942255	0.0131584752292746	0.00628159608382311	0.00283560215752338	0.00116034870896097	0.00050463081874084	0.000137791409189116	3.62608971550304e-05	1.26913140042607e-05	1.69217520056809e-05	6.04348285917174e-07	
0.000254722963063355	0.00236087648901	0.00954515312419832	0.0264397595318422	0.0557141439614322	0.0910849383098496	0.125411429013974	0.144852660009584	0.146236997633073	0.127881213183154	0.100683940231465	0.0710677066946761	0.045797494639322	0.0263744149237404	0.0140968891126202	0.00695859572017019	0.00304094444740243	0.00133169891140723	0.000583866174242608	0.000208134677657468	4.05378587297976e-05	8.47059734652488e-06	2.11764933663122e-05	4.23529867326244e-06	
