# <P(N_2)> as a function of N_tot.
# number_of_species: 2
# species_total_upper_bound: 100
# species_total_lower_bound: 0
# volume: 512
# Bin widths for each species index 
1	1	1	1	1	1	1	1	1	1	1	1	1	1	1	1	1	1	1	1	1	1	1	1	1	1	1	1	1	1	1	1	1	1	1	1	1	1	1	1	1	1	1	1	1	1	1	1	1	1	1	1	1	1	1	1	1	1	1	1	1	1	1	1	1	1	1	1	1	1	1	1	1	1	1	1	1	1	1	1	1	1	1	1	1	1	1	1	1	1	1	1	1	1	1	1	1	1	1	1	1	
# Bin lower bound for each species index 
0	0	0	0	0	0	1	2	2	2	3	4	4	5	6	7	8	9	10	10	11	12	13	13	13	15	15	16	17	18	19	20	20	21	22	23	24	25	26	26	27	28	29	30	30	30	31	31	32	34	35	36	37	37	38	39	39	40	41	42	43	44	44	44	45	46	49	51	51	52	52	53	54	55	56	57	58	59	59	60	61	62	62	63	64	64	65	67	68	69	70	71	72	72	73	74	76	76	76	76	77	
# Bin upper bound for each species index 
0	1	2	3	4	5	6	7	8	9	10	11	12	13	14	15	16	17	18	19	20	21	22	23	24	25	26	27	28	29	30	31	32	33	34	35	36	37	38	39	40	41	42	43	44	45	46	47	48	49	50	51	52	53	54	55	56	57	58	59	60	61	62	63	64	65	66	67	68	69	70	71	72	73	74	75	76	77	78	79	80	81	82	83	84	85	86	87	88	89	90	91	92	93	94	95	96	97	98	99	100	
# Normalized histogram for each species index 
1	
0.0790825022266694	0.920917497773331	
0.00641171784028927	0.145413985413985	0.848174296745725	
0.000397273039383982	0.0171219775369072	0.201470155475992	0.781010593947717	
7.88627012693198e-05	0.00181507435890169	0.0316547489516806	0.24812054163889	0.718330772349258	
2.47335271617412e-06	0.000183028100996885	0.00407237524718069	0.0494571609126177	0.286639319630135	0.659645642756354	
1.1080700743515e-05	0.000474007754028143	0.00798426048018832	0.0674285264022319	0.315199150972085	0.608902973690723	
5.16621687778453e-05	0.0010676848214088	0.0123288075633415	0.0864714000693749	0.33872423964358	0.561356205733517	
1.23114198268029e-06	0.000136656760077513	0.00197352059823651	0.0180325366203183	0.10650978634762	0.356456231671374	0.516890036860391	
1.23358864506324e-06	2.22045956111383e-05	0.00026275438139847	0.00323570301600088	0.0254069917337225	0.127249603092853	0.369692947450357	0.474128562141411	
8.66474969394866e-06	6.18910692424905e-05	0.000555781801797564	0.00512458053327821	0.0335140139948086	0.146468928826508	0.378062834289138	0.436203304735533	
8.68031874130418e-06	0.000124004553447203	0.000897792966957747	0.00721830505616166	0.0433185106557113	0.164622244928834	0.380773341997118	0.403037119523029	
7.42531984565235e-06	2.47510661521745e-05	9.9004264608698e-05	0.00130809384614242	0.00996106657294263	0.052222274474473	0.180545414493729	0.383919974852917	0.371911995109189	
7.41648115163119e-06	1.8541202879078e-05	0.000173051226871395	0.0019183964578886	0.0131877395677922	0.0629609806565811	0.196331561206365	0.383548267077375	0.341854046123096	
3.70771810960756e-06	1.35949664018944e-05	0.000281786576330175	0.00287100972287279	0.0171654989414465	0.0734968601807142	0.212271805399179	0.379740781067897	0.314154955427049	
2.46781354188003e-06	6.04614317760607e-05	0.000519474750565746	0.00387076554043883	0.0210788293679683	0.0848027106463944	0.225914756784636	0.373728150595854	0.290022383068825	
1.23012578036104e-06	0.00013039333271827	0.00085001691422948	0.00521696343451118	0.0267294030814651	0.0963102377218071	0.237771012085986	0.367058461727712	0.265932281575791	
3.69022753943008e-06	0.000147609101577203	0.00126697812187099	0.00724022643236182	0.0319512201122321	0.108695652173913	0.247859052989207	0.358885698892194	0.243949871949104	
1.23373322739677e-05	0.000231941846750593	0.00171735665253631	0.0092147534754265	0.0382346264502534	0.119578359332205	0.25663501729694	0.349638762911018	0.224736844702596	
1.23086770018525e-06	4.67729726070393e-05	0.00035202816225298	0.00214540240142288	0.0113941423006148	0.0446140306609144	0.130026402112169	0.264925809449371	0.339328069322469	0.207166111750478	
7.41595864861458e-06	8.28115382428628e-05	0.000521589091619225	0.0028996398316083	0.0142769563916912	0.051597768290844	0.141317272014891	0.271545213863887	0.32836134505714	0.189389987961427	
1.11378970660304e-05	7.42526471068694e-05	0.000628672412171494	0.00383638676718825	0.0171845376287665	0.0597053159945152	0.150662333612193	0.275014479266186	0.318954720735794	0.173928163039012	
2.59402410960122e-05	0.000175405439792083	0.00093261342988044	0.00486194233113829	0.0208188963539138	0.0657856866690631	0.160106873793316	0.278337551710635	0.307110220084417	0.161844869946748	
4.9476660622268e-06	5.31874101689381e-05	0.000211512724160196	0.00132473758816122	0.00619076716036128	0.0239788635705822	0.0731128983180409	0.170257847616833	0.280692227958766	0.294433133530086	0.149739876456778	
1.23494448307076e-06	1.11145003476369e-05	4.81628348397598e-05	0.000334669954912177	0.00168569921939159	0.00778262013231195	0.0276294129197422	0.0808567550845752	0.179296649719112	0.281215382962459	0.284261991002195	0.136876306725631	
9.87062083737412e-06	6.16913802335882e-05	0.000455282386123881	0.002259138344154	0.00934747793299329	0.0323904422778432	0.0893192479573984	0.187947725192045	0.281595240386632	0.271179267747993	0.125434615773746	
4.93199396817138e-06	9.86398793634275e-06	8.38438974589134e-05	0.000611567252053251	0.00286178950003144	0.0111426073725912	0.0370417406979511	0.0972700180387679	0.194752111818167	0.281367789887193	0.260256389706435	0.114597345847446	
7.43405988878646e-06	1.23900998146441e-05	0.000109032878368868	0.000788010348211365	0.00336391209967587	0.0136105246463866	0.041496922299206	0.104890868000833	0.201780209541368	0.279846511443496	0.248166265227433	0.105927919355318	
4.97281733723036e-06	1.61616563459987e-05	0.00017031899380014	0.000982131424102997	0.00425300202766627	0.0158098295193896	0.0464374114993914	0.112236487301289	0.207819009340194	0.277138839816851	0.23714619958651	0.0979856360171214	
4.97701242386726e-06	1.86637965895022e-05	0.00025382763361723	0.00125296287770858	0.00507530841923864	0.0182842993921824	0.0517995010545045	0.119542861408868	0.213916970990239	0.272924430287609	0.226114384188032	0.090811812938988	
2.48104173980571e-06	3.22535426174742e-05	0.000338662197483479	0.0015655373378174	0.00624602257996087	0.0208841688448146	0.057426192109543	0.12706531218328	0.217589841622701	0.268100129882535	0.216658210449404	0.0840911882081048	
2.48039557348606e-06	8.185305392504e-05	0.00050352030141767	0.00201780179903091	0.00747467206070024	0.0231594534696393	0.063025611324494	0.13442751850065	0.221315775439867	0.263946334161372	0.207042339112242	0.077002640381088	
1.24322906371176e-06	8.70260344598232e-06	0.00013426873888087	0.000566912453052563	0.00230867637131274	0.00839552586724551	0.0261314316901575	0.0680170620756704	0.141464548701634	0.223977661660183	0.261729555408855	0.196443867586159	0.0708205436143404	
2.49281446231238e-06	2.24353301608115e-05	0.000119655094190994	0.000613232357728847	0.00270345728437778	0.00994757611185757	0.0295996789254973	0.0736177967010093	0.146880367341139	0.22889770237291	0.256528057873181	0.185760794509825	0.0653067532836599	
8.75073287387819e-06	2.0001675140293e-05	0.000165013819907417	0.000860072031032599	0.00331527765450356	0.0114384579708551	0.0334690530331915	0.0801529628106354	0.154032900255396	0.231994429533473	0.24968341098567	0.175359686373734	0.0594999831235866	
3.76483344376845e-06	2.13340561813545e-05	0.000188241672188422	0.00113446981105556	0.0041011585647451	0.0134906531735036	0.0365841415175793	0.0862046463064474	0.160794781438869	0.232042999417706	0.24416576310664	0.166127040539727	0.0551410055619139	
2.50016251056319e-06	4.75030877007005e-05	0.000285018526204203	0.00145384449989249	0.00451404341282183	0.0150784801012066	0.041201428092826	0.0923635036277358	0.166180801752114	0.232390105356848	0.237285423552531	0.157719001735113	0.051478346092496	
1.24837087600681e-05	8.23924778164495e-05	0.000380753117182077	0.00160665331742077	0.00523691582484857	0.0172724594404302	0.0457240800755015	0.0977961260554976	0.171372608745587	0.233588916464014	0.230610303553862	0.149627236456424	0.0466890707626547	
1.12064489378154e-05	0.000125761260302151	0.00045448376247807	0.00193248986127661	0.00632043720092789	0.0197432727064446	0.0498861300271819	0.104243633180552	0.177264854459357	0.232431712258236	0.22432322387123	0.139993450453176	0.0432693445098984	
1.36859497551459e-05	2.11510132579528e-05	0.00013063861129912	0.000554903053708644	0.00215864752956165	0.00766413186288171	0.0225469801329777	0.0549428673806585	0.109614504120715	0.181401043118207	0.232636262292471	0.216138471951268	0.132787305410678	0.0393894075725604	
9.94378035183581e-06	4.84759292151996e-05	0.000171530211069168	0.000744540553843706	0.00262515801288465	0.00884499262295795	0.0246779768881685	0.0591580352581592	0.115356552889103	0.185365738456203	0.230125179764904	0.211570085628379	0.125173550041453	0.0361282399633074	
8.70599121441115e-06	5.47233733477272e-05	0.000197750371870196	0.000926566207819473	0.00327469640964922	0.00984150121137649	0.0271154314937988	0.0634131962927402	0.121169985722174	0.188361582201969	0.229188949858465	0.205212650053977	0.118573112914219	0.0326611478973787	
4.97628179688559e-06	6.46916633595127e-05	0.000278671780625593	0.00120177205394787	0.00370732993867977	0.0116544519683061	0.0297046701160593	0.068334301634833	0.125939739715581	0.191578140686951	0.228319273263806	0.198116974968058	0.111114152172209	0.0299808537557865	
1.36798735482234e-05	8.95409904974624e-05	0.000339509588969545	0.00132072960983757	0.0044944602730254	0.012734718648528	0.0326439091606651	0.0725207405537364	0.130677613881838	0.194910838315087	0.2260362815119	0.190811850750092	0.105432029061026	0.0279740977812489	
2.48655705094334e-06	3.10819631367917e-05	0.000131787523699997	0.000451310104746216	0.00149939390171883	0.00494078886022441	0.0141994840394119	0.0357890156342275	0.0762664345880086	0.135669039256519	0.198327790383241	0.222856432412271	0.183570074285892	0.0999508904982439	0.0263139899916079	
2.48512960572176e-06	6.21282401430441e-06	3.35492496772438e-05	0.000104375443440314	0.000498268485947213	0.00162900245655062	0.00564372933459412	0.0157929986443618	0.0387183192571451	0.079875793222306	0.14139144891754	0.200766165457444	0.219174763011828	0.177451922061365	0.0948561544855968	0.0240548120185838	
3.71559360323405e-06	7.43118720646811e-06	5.20183104452767e-05	0.000101559558488397	0.000539999603670016	0.00204481501297981	0.00628926143907417	0.0176428769593564	0.0416295107306343	0.0853273685670689	0.146675534550066	0.200791916849969	0.216677318034996	0.171125378990548	0.0887556229316529	0.022335671680241	
8.65993665874901e-06	1.23713380839272e-06	1.11342042755344e-05	4.20625494853523e-05	0.00011381631037213	0.000675475059382423	0.00238643111638955	0.00718279889152811	0.0200749703087886	0.0454844615993666	0.0902823139350752	0.151240845209818	0.201881680522565	0.212085560174188	0.164761480601742	0.0834149841646872	0.0203520882818686	
1.23734658449036e-06	2.47469316898071e-06	1.60855055983746e-05	5.93926360555371e-05	0.000163329749152727	0.000846345063791403	0.00259719048084526	0.00830383292851478	0.0218762876137895	0.0493144481248631	0.0960329431154655	0.154670797754463	0.202601892397866	0.208087049806912	0.158197235520261	0.0785282009846804	0.0187012562779872	
6.20997670016742e-06	1.24199534003348e-05	5.46477949614733e-05	0.000281932942187601	0.00090541460288441	0.00305779252716244	0.00931620704559116	0.0242449910327936	0.0529884891871886	0.100499778924829	0.158615224875676	0.203086110020915	0.204429948978831	0.151466299698444	0.0735956758690241	0.0174388565694102	
1.24293546554769e-06	4.10168703630739e-05	9.57060308471724e-05	0.000270959931489397	0.00110621256433745	0.00359208349543283	0.0101684550436457	0.0261426616468646	0.0569115290964978	0.104699911875875	0.161733248647997	0.203155315972839	0.201026167520356	0.145893279075057	0.0686609980523201	0.0165012112406112	
7.45600027835734e-06	4.22506682440249e-05	8.45013364880499e-05	0.000319365345256306	0.00127249071417299	0.0039728054816514	0.0117282884378561	0.0288609344108082	0.0605762742615142	0.109046489404402	0.164525344808946	0.204319260961252	0.195901436646987	0.139557685210154	0.0650001677600063	0.0147852485519826	
8.69915344809588e-06	4.59812396542211e-05	0.000101904368963409	0.000415073893094861	0.00156211941203665	0.00490383707231233	0.0131655473755897	0.0312150480441818	0.0639474769969528	0.113526437970065	0.169238302124085	0.204446261600942	0.190691657263296	0.132745353409323	0.0603062599108213	0.0136800401652342	
2.49641140860014e-06	7.48923422580041e-06	5.99138738064033e-05	0.000142295450290208	0.000481807401859827	0.0018361105910254	0.0054496661049741	0.0144504774386819	0.0338163889408975	0.0683118017849342	0.119304749422705	0.172553204768146	0.201908506521875	0.185779192410909	0.126767771328715	0.0564700742682394	0.012658054047307	
6.25616231988509e-06	1.50147895677242e-05	4.00394388472646e-05	0.000202699659164277	0.000625616231988509	0.00207204096034594	0.00610976812159978	0.015843105458877	0.0364671701626102	0.0732108626997593	0.122894801379359	0.173943834677157	0.200889125788902	0.180599140153051	0.12184126364469	0.0536966411915737	0.011542619480188	
5.00588191124571e-06	2.12749981227943e-05	8.25970515355543e-05	0.000230270567917303	0.000712086701874703	0.00237278802593047	0.00687432733461818	0.0175743999199059	0.0397792406077141	0.0769904637949591	0.126374740319876	0.176275874152129	0.199282907416214	0.176427302079944	0.116341701499262	0.0497709809025605	0.010884038745526	
1.25151746492622e-06	7.50910478955734e-06	1.75212445089671e-05	0.000117642641703065	0.000260315632704654	0.000947398720949151	0.002968599426805	0.00794463286735166	0.0194072813286109	0.0427956397131522	0.0813861807441523	0.131154024254408	0.176714266047583	0.197637135026219	0.172118693916374	0.110079721662516	0.0470357808843222	0.00940640526638549	
3.7535940663185e-06	1.37631782431678e-05	2.87775545084418e-05	0.00012386860418851	0.000310297109482329	0.00115860936847031	0.00346706971925619	0.00894231226399277	0.0211965456925006	0.0457125197376488	0.0854318009494091	0.133900709929758	0.179081470508011	0.195736167380267	0.167355242644832	0.105729986462037	0.0432226356736575	0.00858446962967041	
1.2514000037542e-06	2.00224000600672e-05	3.25364000976092e-05	0.000105117600315353	0.000374168601122506	0.00132272980396819	0.00370414401111243	0.0101225746303677	0.02382665607148	0.0491512379474537	0.088422672865268	0.137525106212575	0.180197846340594	0.19435994018308	0.162153909686462	0.100300961700903	0.0400760851202283	0.00830303902490912	
2.50887829305956e-06	1.1289952318768e-05	3.88876135424232e-05	0.000130461671239097	0.000396402770303411	0.00139242745264806	0.0043089984683298	0.0111971238219248	0.0259367837936498	0.0519413073012122	0.0939135867049521	0.140095763884446	0.181107142901944	0.189924595662902	0.157777083654783	0.0953449017711426	0.0388411992940016	0.00763953440236637	
5.03507559536622e-06	2.2657840179148e-05	4.40569114594544e-05	0.000139723347771413	0.000487143563851682	0.00169430293784073	0.00456555479609832	0.0125197154678781	0.027559486271237	0.0560781544433913	0.0975117915176599	0.143784136239075	0.182191692880529	0.187082010052528	0.15166780585252	0.0918372613216822	0.0358585496212994	0.00695092185940307	
6.32188776626211e-06	1.13793979792718e-05	6.44832552158735e-05	0.000151725306390291	0.000624602511306696	0.00184725560530179	0.00520417800918697	0.0132784930642569	0.0297217231443047	0.0585684970217587	0.1006280163307	0.147865161720211	0.18267726889391	0.184060497937168	0.147954932526492	0.0877048133589075	0.0332581871607517	0.00637246286839221	
6.34215146072432e-06	5.07372116857946e-06	5.07372116857946e-06	6.46899448993881e-05	0.000191532974113875	0.000761058175286919	0.00212588916963479	0.00572949962961835	0.0144360051549007	0.0321204602879844	0.0620376571585132	0.103736034582483	0.150121261935929	0.18102149228287	0.182768120795154	0.144224329507748	0.0833942179873563	0.0314291657787655	0.00582209504094493	
3.80424376072321e-06	1.14127312821696e-05	1.2680812535744e-06	1.2680812535744e-05	7.48167939608898e-05	0.000295462932082836	0.000929503558870038	0.00231424828777329	0.00657246513727614	0.0160082577451233	0.0348582855795068	0.0646670716072803	0.106374264037342	0.15198587864716	0.18249591360816	0.18133561926114	0.138903084354033	0.0789482026850352	0.0290492053568824	0.00515855453954068	
2.53838031029161e-06	2.53838031029161e-06	7.61514093087483e-06	2.79221834132077e-05	0.000111688733652831	0.00041756356104297	0.000916355292015271	0.00268687555844367	0.00759356469823735	0.0176861648119568	0.0366186743562668	0.0684842315815125	0.109873791730972	0.155107728860369	0.183131447485988	0.176978413613841	0.133776449922833	0.0746194967914873	0.0270299427341402	0.00492699618227601	
2.53893456150061e-06	0	3.80840184225092e-06	1.90420092112546e-05	0.000140910868163284	0.000363067642294587	0.00106889145039176	0.00322063849126353	0.008282004539615	0.0187716126804548	0.038552451849106	0.0717642548480956	0.115148299167737	0.156280308531328	0.182780438016991	0.17342319469058	0.129031193350023	0.0709035560317468	0.0255137534085196	0.00473003508807564	
2.5466936276632e-06	2.92869767181269e-05	0.000143888189962971	0.000448218078468724	0.00130390713736356	0.00361630495128175	0.00886376717108178	0.0201736335715341	0.0411431089017129	0.0753719446043202	0.117849520966929	0.159309693225286	0.182333076966175	0.169697656532524	0.124230261851039	0.0672505386257023	0.0238446924358106	0.0043879531204637	
3.82386268764013e-05	0.000166975337360286	0.000532791534477858	0.00148620796459613	0.0040749630041285	0.0099955770654913	0.0224894110869075	0.0440865875466989	0.0789614898788728	0.121699528517731	0.160750088904807	0.180259436337147	0.165663752458425	0.119197447699118	0.063955378071677	0.022516178125721	0.0041259478399637	
5.10952914411555e-06	5.36500560132132e-05	0.000162227550325669	0.000659129259590906	0.00170530535184856	0.00454620355597681	0.0113597606696549	0.0238742749258799	0.0470702598578784	0.0824205372414419	0.124281632136894	0.162597991188617	0.177980228676977	0.16139725183975	0.115772988729656	0.0615647166574482	0.0209235218451532	0.00362521092774998	
1.4013577883007e-05	7.89856207951304e-05	0.000217847437999473	0.000693035124395983	0.00195553109549234	0.00506909330877135	0.0121000875211637	0.0256333818712713	0.050014459464452	0.0846572979528711	0.127654776782814	0.163081101671055	0.176828421574285	0.159189148904457	0.111597764452139	0.0582952100316834	0.0196534060001045	0.00326643760836636	
2.53741095273438e-06	3.17176369091797e-05	7.73910340583985e-05	0.000252472389797071	0.000751073642009376	0.0021770985974461	0.00572186169841602	0.013153938378975	0.0276869596107612	0.0527971783990206	0.0876726232388782	0.129406689883977	0.164689389181748	0.175581225696361	0.155397390272835	0.107966836038848	0.0553371267627077	0.018212267113251	0.00308422301304864	
1.01491287607279e-05	3.04473862821838e-05	7.86557478956416e-05	0.000293056092966019	0.000820810788523873	0.0024091494395778	0.00650432289453152	0.0142087802650191	0.0297077685237458	0.0552493196912128	0.0911328330658615	0.131986882251077	0.165199906120559	0.175469555785321	0.151851264518012	0.103372682351299	0.0520650305425344	0.0168995680277071	0.00270981737911436	
1.14200589528821e-05	3.17223859802281e-05	0.00011546948496803	0.000352752932100136	0.00101765414224572	0.0028930816013968	0.00684569089453322	0.0151912161982116	0.03165513452195	0.0584821218977093	0.0948994210030111	0.135202077943171	0.1649665582607	0.173749852490905	0.147786982909247	0.0999331292103537	0.0488626255730649	0.0155160534306492	0.00248703506084988	
1.39502736155939e-05	4.4387234231435e-05	0.000154721216463859	0.000410898968313856	0.00117182298370989	0.00322124499850986	0.00756865753980584	0.0164334223191696	0.0337495164961985	0.0616006036663855	0.0983240648560902	0.137364539672676	0.166265701984109	0.171267509178646	0.144462692529628	0.095237249766967	0.0459547377031509	0.0145146255936793	0.00223965301864898	
1.52152385686011e-05	4.56457157058032e-05	0.000155956195328161	0.000461528903247566	0.00135542416915288	0.0035489543961262	0.00792713929424116	0.0174531465747328	0.0355301179307783	0.0644973962922999	0.101660616496108	0.140114596105153	0.16758190553112	0.16912752018238	0.140606555485537	0.0907753812368214	0.0431998661059006	0.0137545756660154	0.00218845848078379	
1.89396091622253e-05	4.79803432109708e-05	0.000171719123070843	0.000611118055634471	0.00151516873297803	0.00352781786661717	0.00854681429460688	0.0191643591909504	0.0378527028716235	0.066989397606791	0.105008769039042	0.142201110871209	0.167765795318381	0.166937503077686	0.136002808112718	0.0872876080662533	0.041385571300684	0.0130178246975029	0.00194699182187676	
1.88838392104037e-05	8.18299699117495e-05	0.000264373748945652	0.000703737741241046	0.00159253710674405	0.00391147256178163	0.00977175733007692	0.0206450719474274	0.0403774249996853	0.0705399519091561	0.107213626578374	0.14508705449876	0.166879004947566	0.164876059068649	0.132154142484861	0.082553850414815	0.0396208125086551	0.0119194793096068	0.00178892903453225	
3.78168579989588e-05	7.94154017978134e-05	0.000289929244658684	0.000663055576915077	0.00167150512355398	0.00445734699614394	0.0103895514542473	0.0223636292586509	0.04261329615516	0.072579374433535	0.110579013912822	0.146556712051098	0.16720849820433	0.163280587220171	0.127325579196694	0.0796725564322063	0.0374399499809025	0.0111118534420274	0.00168032905708707	
5.04543413438009e-06	3.02726048062806e-05	7.56815120157014e-05	0.000257317140853385	0.000722758439749948	0.00191221953693006	0.0050946271171903	0.0116587369260188	0.0238358922093452	0.0441828667147665	0.076380304643313	0.113146383180541	0.148749489149794	0.167562651678364	0.159194799166494	0.123417625719605	0.0766931215596446	0.0351111761411511	0.0104162987704277	0.00155273235485547	
3.7830830613717e-06	2.39595260553541e-05	7.06175504789383e-05	0.000306429727971107	0.000831017245814649	0.00216896762185311	0.00546024988524648	0.0127010708647119	0.0252533404623432	0.04722548688279	0.0790576087888586	0.115829176145391	0.150319544415917	0.166458176755729	0.155687739280004	0.120348699376044	0.0737032852293305	0.0331826825589783	0.00987636884555437	0.00149179575386757	
1.00989954024323e-05	2.01979908048647e-05	0.000108564200576148	0.000363563834487564	0.0010300975310481	0.00224450172819059	0.00603036262967741	0.0131526791372428	0.0271195897788068	0.0499496312604304	0.0821149316171774	0.117975201916789	0.150512902729001	0.165258698390978	0.154637079976469	0.117840127853282	0.0699797262667296	0.0312122076656425	0.00907899686678668	0.00136083963047776	
5.05382960255421e-06	3.79037220191565e-05	0.000108657336454915	0.00045358120682924	0.00108530990714852	0.00253828591788285	0.0063450830660068	0.0143831990488693	0.028911695698812	0.0527480830192589	0.0845227731879178	0.120639966442571	0.151717228126078	0.165660743999525	0.15209752880367	0.11331696734847	0.066149575667832	0.0296824047132015	0.00843484160666297	0.00116111735118683	
1.26291807324167e-06	3.78875421972501e-06	5.93571494423585e-05	0.000161653513374934	0.000397819193071126	0.00114925544664992	0.00278473435149788	0.0073009293814101	0.0157801613251547	0.0311890247367763	0.0557729879504987	0.0875012787045492	0.122549781073152	0.15297979204791	0.164444562316798	0.148149130417761	0.108840805388114	0.0638493490288791	0.0282072751658527	0.00785661333363643	0.00102043780317927	
1.26229634426356e-06	2.01967415082169e-05	5.80656318361236e-05	0.000140114894213255	0.000460738165656198	0.00126608323329635	0.00334760990498695	0.00794615548713909	0.0171053777611155	0.0331163445917544	0.0580694187251564	0.0904851888458446	0.125712092925208	0.154106186893072	0.162443654246933	0.144166865478341	0.105376498819122	0.0613842089251925	0.0265069609331904	0.00735918768705654	0.000927787813033715	
3.78172393667377e-06	1.26057464555792e-05	5.29441351134328e-05	0.000171438151795878	0.000557173993336602	0.00143075222270824	0.0038346680717872	0.00856434414192054	0.0185417924615115	0.0351448211181549	0.0608227266481698	0.0937779296069906	0.128079426287267	0.154138025360241	0.160333749743158	0.141086035480134	0.102001918594611	0.058344436895003	0.0252089717618674	0.00697980181245423	0.000912656043383937	
2.52431228267249e-06	5.04862456534498e-06	2.14566544027162e-05	5.93213386428035e-05	0.000236023198429878	0.000644961788222821	0.00152342246259285	0.00419414485766034	0.00931976094762683	0.0199799317173528	0.0376539041644842	0.0635104348758985	0.0965574691245054	0.129121097570981	0.154675972964615	0.15827942874813	0.13850017985725	0.0980808915870982	0.0562088615982683	0.023862324008103	0.00653923096826308	0.00102360863062369	
2.52068537435329e-06	7.56205612305986e-06	3.27689098665927e-05	7.30998758562453e-05	0.000258370250871212	0.000773850409926459	0.00171280571187306	0.00470485925123041	0.0103335496921613	0.0211926622848753	0.039292443615419	0.0659108811685897	0.0980332352366609	0.132323378726676	0.155709037287238	0.156886197357061	0.135144025660577	0.0942194382652643	0.054047275454196	0.0221845519796833	0.00620214636359626	0.000955339756879896	
7.56385787006805e-06	2.26915736102041e-05	0.000107154653159297	0.000282384027149207	0.000844630795490932	0.00200442233556803	0.0051610723533431	0.0112512385817262	0.0219112356066088	0.0411599932429536	0.0681919606275985	0.10208056517146	0.135211523285336	0.155069171480222	0.154835952529228	0.131139646465283	0.0919122189081319	0.0516863621121317	0.0205030973997978	0.00574979262423006	0.000867322369101136	
7.56299978823601e-06	4.5377998729416e-05	0.00013865499611766	0.000291175491847086	0.000869744975647141	0.00235965593392963	0.00562561134248288	0.0121474381598717	0.0235032823419081	0.0431670817913217	0.0710997610092067	0.104837042564563	0.136788195669931	0.155186453154779	0.152649066725826	0.127944527917553	0.0889534825093025	0.0489300876299575	0.0192604394607077	0.0054188893482711	0.000776467978258897	
1.0086135598007e-05	5.67345127387893e-05	0.000110947491578077	0.000350493212030743	0.000951879047061909	0.00276612268775341	0.00640595687168418	0.0131674500231981	0.0250350493212031	0.0456397635809816	0.0736262683315514	0.107112238516935	0.13699619752688	0.15546391180683	0.150874720109737	0.125535825953644	0.0861292941722308	0.046199544106671	0.0180403142839852	0.00490060113368164	0.000626601174026184	
5.06453483513673e-06	6.07744180216408e-05	0.000116484301208145	0.00040263051939337	0.00113065740194427	0.00290324459424213	0.00650159659460678	0.0141541087304984	0.026892679974576	0.0475255948929231	0.0764263629296308	0.109825704033649	0.139213933548238	0.155352073800402	0.149675996383922	0.122266733856162	0.0821809406360549	0.0435018219664069	0.0170763453303723	0.00428206420310811	0.000505187349804889	
1.51854715531827e-05	5.69455183244351e-05	0.000149323803606296	0.000408742275973167	0.00127557961046735	0.00317376355461518	0.00691951320440024	0.0148969475936722	0.0281981552182975	0.0506144421427207	0.0794149543992944	0.112106743741371	0.140990776091487	0.156215476779516	0.147115582951271	0.11839859078824	0.0782115057787047	0.0413500390393165	0.0159839742656875	0.00395708079556685	0.000546676975914577	
1.77696319528445e-05	8.50403814886128e-05	0.00013200298022113	0.000524204142608912	0.00147487945208609	0.00338511488701687	0.0076320569237467	0.0161475184074348	0.0307363862407201	0.0530816984214221	0.0822467414937406	0.114636972765501	0.141665852225202	0.15486741950674	0.144510262597082	0.115063443932369	0.0758496739907166	0.0389853032451156	0.0147792567470658	0.00369735270561685	0.000481049322152004	
2.53526554371305e-06	2.02821243497044e-05	7.09874352239654e-05	0.000181271486375483	0.000643957448103114	0.00160609072194222	0.00376360169964202	0.0085869443965561	0.017228397002302	0.0330712713849649	0.0553854110679553	0.0850049184151548	0.116607003417538	0.142423612449168	0.15449020880447	0.141920362238741	0.112378180490625	0.0717277327627296	0.0370592440852255	0.0138514232980762	0.00351641330913	0.000460150696183918	
6.32962670393551e-06	2.27866561341678e-05	8.734884851431e-05	0.000282301350995524	0.000657015251868506	0.0017862206558506	0.00434718762026291	0.00915390613923153	0.0188572238763647	0.034564825504851	0.0579578598772559	0.088234996252861	0.118696957728221	0.143500232930263	0.151899647566385	0.139768285025622	0.109443043487067	0.0686903749164489	0.0351015778493448	0.0132706953474712	0.00318127038139799	0.000489913106884608	
1.26524781776383e-06	1.26524781776383e-05	0.00010248507323887	0.00027455877645475	0.000762944434111587	0.00195733837408064	0.00459791056975375	0.010109330063933	0.0199744672990375	0.0365163172684818	0.0599436458621968	0.090822018854723	0.120716029045029	0.143441145099885	0.150832722851261	0.13803474117458	0.105488771558241	0.0666089713661766	0.0337353025650369	0.0125208924045908	0.00310744864042796	0.000439040992764048	
2.02234437744024e-05	9.35334274566112e-05	0.00033368682227764	0.000798826029088896	0.00217402020574826	0.00509251593544171	0.0110293606484647	0.0214343224703948	0.0382614916559335	0.0621150435878412	0.0935094121171291	0.121841192879831	0.143492917370801	0.149893637325399	0.135484433636137	0.103394884227104	0.0638808030223937	0.0317659743086426	0.0120557004200156	0.00302719673998086	0.000300823726144236	
1.77078906360674e-05	3.28860826098395e-05	0.000102452795822962	0.0003263311274361	0.000885394531803372	0.00241839192115435	0.00564881711290551	0.0114974804201324	0.0223815089146581	0.0398933479043976	0.0656545342318823	0.0942628964037804	0.123224151539069	0.144426820877097	0.149272458664724	0.13310009511667	0.0995234047720236	0.0619561147876065	0.0306409750470524	0.0116264950519094	0.00280037641916095	0.000307358387468885	
5.05385514387694e-06	2.27423481474462e-05	2.90596670772924e-05	0.000108657885593354	0.000448529644019078	0.00105751918885625	0.00259262768880887	0.00594965096812913	0.012157048548596	0.0238074481190183	0.0420872421744212	0.0669433652357939	0.095646735525443	0.124484032976405	0.145890899902082	0.148852459016393	0.130154458447835	0.0962064499826274	0.0599147161944471	0.0296825547237752	0.0109757099087147	0.00266717205218105	0.000315865946492309	
1.26036174902921e-06	2.01657879844673e-05	1.26036174902921e-05	3.0248681976701e-05	0.000138639792393213	0.000510446508356829	0.00116331389435396	0.00278035801835843	0.00617829329374117	0.0129842467384989	0.0252412647478079	0.0433627459753498	0.0686884549603427	0.0984619805576597	0.126295809423221	0.1461868385464	0.146421265831719	0.127402407038868	0.09407340094754	0.0580245342018066	0.0286719694286654	0.0103626943005181	0.00265432184345551	0.00033273550174371	
6.30282555669707e-06	3.52958231175036e-05	1.26056511133941e-06	3.6556388228843e-05	0.000189084766700912	0.000661796683453192	0.00117610724887967	0.00283248980517966	0.00676923464789265	0.0136922582393687	0.0264945575101318	0.0456690134187156	0.0705097095027701	0.101088497973642	0.127124209783246	0.146296144561607	0.144687663479538	0.125634221821643	0.0911716322427344	0.0559464007714658	0.0271324034564695	0.0101210772789441	0.00238498919065417	0.000339092014950302	
