# <P(N_2)> as a function of N_tot.
# number_of_species: 2
# species_total_upper_bound: 100
# species_total_lower_bound: 0
# volume: 512
# Bin widths for each species index 
1	1	1	1	1	1	1	1	1	1	1	1	1	1	1	1	1	1	1	1	1	1	1	1	1	1	1	1	1	1	1	1	1	1	1	1	1	1	1	1	1	1	1	1	1	1	1	1	1	1	1	1	1	1	1	1	1	1	1	1	1	1	1	1	1	1	1	1	1	1	1	1	1	1	1	1	1	1	1	1	1	1	1	1	1	1	1	1	1	1	1	1	1	1	1	1	1	1	1	1	1	
# Bin lower bound for each species index 
0	0	0	0	0	1	2	2	3	3	4	5	5	7	7	8	9	9	10	11	12	13	13	13	13	15	16	16	17	18	19	21	21	22	23	24	25	25	26	26	28	29	29	30	30	30	31	31	32	35	35	36	37	37	38	39	41	41	42	44	44	45	46	47	48	49	50	51	52	53	54	54	55	55	56	57	58	59	59	60	62	62	63	64	66	66	66	67	68	69	70	71	72	73	74	75	76	76	77	79	80	
# Bin upper bound for each species index 
0	1	2	3	4	5	6	7	8	9	10	11	12	13	14	15	16	17	18	19	20	21	22	23	24	25	26	27	28	29	30	31	32	33	34	35	36	37	38	39	40	41	42	43	44	45	46	47	48	49	50	51	52	53	54	55	56	57	58	59	60	61	62	63	64	65	66	67	68	69	70	71	72	73	74	75	76	77	78	79	80	81	82	83	84	85	86	87	88	89	90	91	92	93	94	95	96	97	98	99	100	
# Normalized histogram for each species index 
1	
0.078102214826125	0.921897785173875	
0.00607872073048411	0.144566332706919	0.849354946562597	
0.000467509530556942	0.0165706155830738	0.200382665208345	0.782579209678024	
8.13293869216537e-05	0.00182700658477572	0.0312391984407995	0.249291998640637	0.717560466946866	
0.000207483430548575	0.00381068159768086	0.0487819845936247	0.287402541233679	0.659797309144467	
0.000405146231557102	0.00771818144721732	0.0667325393633083	0.315632232151705	0.609511900806212	
2.0407508797094e-05	0.00088918431187338	0.0114981735279627	0.0862392168181195	0.339709222153225	0.561643795680022	
0.000134105313485747	0.00190954305072096	0.0174161987557359	0.106409650918038	0.356250765274887	0.517879736687132	
2.92769186628646e-05	0.00023128765743663	0.00288963187202473	0.0247097193514577	0.127784966887805	0.370754114870918	0.473601002441695	
8.85049739795377e-05	0.000451375367295642	0.00485892307147662	0.0328854981649969	0.146935957800828	0.379512278590057	0.435267462031366	
0.00012159497012026	0.00081854175007785	0.00726307516645165	0.043791983629165	0.164992511529279	0.381689576938476	0.40132271601643	
1.77662494559086e-05	0.000100675413583482	0.00136504016652898	0.00994909969530882	0.0528990077549679	0.180383691767416	0.383250572221285	0.372034146731454	
0.000177852607615649	0.0019741639445337	0.0132500192673658	0.0630694988706359	0.196384849329199	0.383571754634543	0.341571861346107	
1.18852008450378e-05	0.00021690491542194	0.00300992711400582	0.0173434793331214	0.0732098659052215	0.212029011775263	0.379874789409098	0.314304136347024	
6.47897278831429e-05	0.000580162563317234	0.00398162327718224	0.0215484744964071	0.0839468724231358	0.225912946165626	0.373592295912357	0.290372835434091	
0.000176206278817069	0.000998502246630055	0.00537429150392059	0.0267921646941353	0.0956829461689818	0.2388828521923	0.366832104784	0.265260932131215	
2.94145331325301e-06	0.000150014118975904	0.00148249246987952	0.00726244823042169	0.0320765483810241	0.109439711972892	0.247720373682229	0.357807205384036	0.244058264307229	
8.8825460930121e-06	0.000245750441906668	0.00188902146911391	0.00939477291770913	0.0382600868713008	0.119813703399943	0.255994978400609	0.350508229678955	0.22388457427437	
2.95573782605483e-05	0.000248281977388606	0.00226113943693194	0.0112938742333555	0.0446139067464716	0.130693859454666	0.263891228848001	0.341494125471071	0.205474026453854	
5.67872748683432e-05	0.00047223102258938	0.00297385992073692	0.0144389118362614	0.0515090471095277	0.141286739872438	0.273388885235906	0.327752240108553	0.188121297619119	
6.01608701668261e-05	0.00059860065815992	0.00379314286401839	0.017239097346304	0.0597036475535582	0.151593360646368	0.274784774486978	0.318972933624512	0.173254281949934	
1.80288461538462e-05	0.000162259615384615	0.000883413461538462	0.00502403846153846	0.0206159855769231	0.0656430288461538	0.159630408653846	0.277524038461538	0.308380408653846	0.162118389423077	
1.20098841346428e-05	5.10420075722319e-05	0.000228187798558213	0.00140815891478687	0.00623012739484596	0.0234883308963277	0.0725697248835792	0.17031216691337	0.279539060646912	0.295392107704641	0.150769082955272	
2.98786627505699e-06	2.0915063925399e-05	3.58543953006839e-05	0.00042726487733315	0.00172101097443283	0.00784912470457472	0.0273539157481468	0.0802750032119562	0.178892517486487	0.281448039511544	0.285595197901323	0.136378168258701	
1.1888097339741e-05	6.83565597035109e-05	0.000546852477628087	0.00235384327326872	0.00941240106873995	0.0327190159033022	0.0895797854792835	0.188132112425737	0.280767138921333	0.270962430640382	0.125446175153282	
5.91747489511276e-06	7.10096987413531e-05	0.000615417389091727	0.00289660396115769	0.0114207265475676	0.0369398370327414	0.0976738406187312	0.194465977478091	0.281174737116178	0.260007929416359	0.114728003266446	
1.19245652005414e-05	1.49057065006767e-05	7.15473912032482e-05	0.00069758706423167	0.00367276608176674	0.0137281556871233	0.0417657896148962	0.10507330626457	0.201733831780159	0.279443242050787	0.247515218726337	0.106271725067225	
1.1948609032551e-05	8.96145677441325e-06	0.000203126353553367	0.00112018209680166	0.00433435792655787	0.0159185343836161	0.0466951640992093	0.112397578016949	0.20791774577542	0.275409463895784	0.236546613017412	0.0994363243688894	
1.18979984592092e-05	1.78469976888138e-05	0.000342067455702264	0.00122549384129855	0.00495254185864583	0.0185281581006035	0.0525475101950974	0.118825310612122	0.212861141434482	0.272142918757492	0.226671743146009	0.0918733696023986	
5.91624957107191e-06	2.66231230698236e-05	0.000405263095618426	0.00144356489534155	0.00617360642741353	0.0211565084661531	0.0571923846035521	0.125841586501485	0.216298084318389	0.268645060523233	0.217487250482174	0.085324151313999	
8.89466053528067e-05	0.000539609405807027	0.0018886329203246	0.0073173407336909	0.0230371707863769	0.0622982023891058	0.133227190384279	0.221734992484012	0.264921534269645	0.207971987749088	0.0769743922723189	
8.9123911945575e-06	0.000112890288464395	0.00057039303645168	0.00222809779863937	0.00807462642226909	0.0258073141023737	0.0669647366388402	0.141427765069368	0.223338581741481	0.263708743055762	0.19698761177624	0.0707703276789163	
1.49599372879429e-05	0.000119679498303543	0.00065225326575431	0.00268979672437213	0.00971199128733252	0.0291269978996248	0.0730703176892283	0.146532585735401	0.229461502097383	0.258005062442778	0.186646161579291	0.0639686918432438	
9.01434181783217e-06	0.000177282055750699	0.000832324227846504	0.00320910568714825	0.0114211710831934	0.0337376766435399	0.0804890580914235	0.154406660997647	0.231217867627395	0.251449055447217	0.174649867939892	0.0584009158571287	
6.0159241512283e-06	0.000234621041897904	0.00115806539911145	0.00385921534301296	0.0134546143642221	0.0369347663264662	0.0866924749812754	0.161235791139145	0.231237084562838	0.245314347076712	0.165561240603878	0.0543117632372891	
3.29540620375197e-05	0.000320553148910419	0.0015578283872282	0.00460158538996639	0.0150240564652874	0.0414801766337725	0.0930053505413454	0.167098065296976	0.230735354915248	0.237487941809118	0.157855948807363	0.0508001845427474	
3.00712086220169e-06	9.02136258660508e-05	0.000411975558121632	0.00171405889145497	0.0051481909160893	0.0177600558121632	0.0459307640492687	0.0976772998460354	0.17018199095458	0.233478877983064	0.231004017513472	0.15075899730562	0.0458405504234026	
1.19843723784185e-05	9.58749790273483e-05	0.00041346084705544	0.00211823781788548	0.00600716665468229	0.0195255386975384	0.0493246806164761	0.103290309436495	0.17672155509216	0.233605378586323	0.225171376525011	0.140942211356391	0.0427722250185758	
1.79248946912437e-05	2.98748244854062e-06	6.87120963164341e-05	0.000519821946046067	0.00207630030173573	0.00744779374421175	0.0218265467690377	0.055830071998327	0.108729423714636	0.181922743703881	0.232677083022137	0.215624533205867	0.134128999492128	0.0391270576285364	
1.19913422508949e-05	0.000101926409132606	0.000716482699490967	0.00247621217480979	0.00872070365196328	0.024435357671761	0.0601365813882377	0.116723725470211	0.18408209272905	0.229853046100715	0.210514008885585	0.126238855546296	0.0359890159304982	
3.61653843024149e-05	0.00014466153720966	0.000864955441232757	0.00316748490848651	0.0103282310003647	0.0268226600242911	0.0640127302152745	0.12093403132525	0.187993695168003	0.227317523032829	0.206410917124008	0.119014252175197	0.0329526926635504	
3.02116629103499e-06	3.92751617834549e-05	0.000244714469573834	0.00119940301754089	0.00353476456051094	0.0122024906494903	0.0296436836476353	0.0686046441368226	0.124302865878344	0.189807793400564	0.229572384123167	0.199523864192533	0.110638130743992	0.0306829648517514	
1.20968717489657e-05	8.467810224276e-05	0.000335688191033799	0.00119154186727312	0.00437906757312559	0.012865023105025	0.032743207606513	0.0715741659206929	0.128480874845765	0.194006604891975	0.228255873031234	0.19254288341035	0.105242784216002	0.0282855103670191	
6.03034469450274e-06	2.11062064307596e-05	0.00015377378970982	0.000476397230865716	0.0014261765202499	0.00501724678582628	0.0140808548616639	0.0355398364570519	0.0750808066189063	0.134802325300914	0.197677714258147	0.2238373495429	0.185644161420267	0.0998655233133126	0.0263706973490605	
6.01503759398496e-06	3.00751879699248e-06	2.70676691729323e-05	0.000132330827067669	0.000667669172932331	0.00161503759398496	0.00556992481203008	0.0160902255639098	0.0386406015037594	0.0780872180451128	0.140162406015038	0.200201503759398	0.219972932330827	0.179154887218045	0.0958375939849624	0.0238315789473684	
9.00044102161006e-06	1.50007350360168e-05	4.20020581008469e-05	0.000177008673424998	0.000618030283483891	0.00203109952387667	0.00621930474593255	0.0178778760159248	0.0406489918005982	0.0843131313434358	0.146281167777221	0.201351866241446	0.217393652288962	0.17294047408323	0.0884503340663692	0.0216310599219362	
2.09728401719773e-05	2.99612002456818e-06	1.79767201474091e-05	6.59146405405001e-05	0.000167782721375818	0.000772998966338592	0.00252273306068641	0.00716971521879166	0.0202927209264003	0.0456638652944437	0.0895270624541219	0.151900289125582	0.20329872814705	0.213137986307731	0.163198657738229	0.0822375024343475	0.0200020972840172	
3.00786255271279e-06	3.00786255271279e-06	2.10550378689895e-05	0.000102267326792235	0.000228597554006172	0.000866264415181284	0.00269805270978337	0.00840396797227954	0.0222641986151801	0.0491815605994068	0.0953672900963118	0.156065956410056	0.203728546420343	0.207674862089502	0.156496080755094	0.0778705536271815	0.0190247306459084	
2.11174765218913e-05	7.54195590067546e-05	0.000319778930188639	0.000923135402242676	0.00301979914263045	0.00909258203385433	0.0241915777470066	0.0522929054329234	0.100965672033522	0.161084110908987	0.204266333613894	0.202045981796735	0.151439457703203	0.072420877340646	0.0178412508786379	
3.02107501933488e-06	5.1358275328693e-05	0.000145011600928074	0.000293044276875483	0.00106643948182521	0.00321140274555298	0.0098396413379737	0.0258996761407579	0.057258434841454	0.105039757347254	0.164663693928848	0.202481511020882	0.200321442382057	0.144600734725445	0.0682460846867749	0.016878746133024	
1.51422004039939e-05	5.45119214543781e-05	0.000118109163151152	0.000366441249776653	0.00112960815013795	0.00343122261154502	0.0116413236705905	0.0296181439902121	0.0599691704799775	0.110392697825277	0.16609782467149	0.204734663222321	0.195055768724088	0.137818251196991	0.0649509544128915	0.0146061665096925	
9.11435784791783e-06	4.25336699569498e-05	0.000118486652022932	0.000440527295982695	0.00140361110857935	0.00470604676880824	0.01330696245796	0.0311255320506394	0.064110393102254	0.11468596480035	0.170669388821544	0.204313521757491	0.190240953240306	0.131720699618108	0.059781073124493	0.0133251911736559	
3.05480627945979e-06	9.16441883837936e-06	7.63701569864947e-05	0.00013746628257569	0.00043072768540383	0.00187565105558831	0.00546810324023302	0.013939081053175	0.0337556093880307	0.0684582087226939	0.118795306595632	0.173549654348669	0.201342281879195	0.186737253057097	0.126630884702447	0.0568499448607467	0.0119412377464083	
6.12686907799811e-06	2.14440417729934e-05	6.12686907799811e-05	0.000189932941417941	0.000637194384111803	0.00222099004077431	0.00585422340402719	0.0155040422018742	0.0369879086238746	0.0726616038305185	0.123159258771379	0.173295428436637	0.2017516718694	0.179903256737258	0.123238908069393	0.0534262983601435	0.0110804427275596	
3.07482273646924e-06	3.07482273646924e-05	0.000113768441249362	0.000212162768816378	0.000820977670637288	0.00232149116603428	0.00638640682364662	0.0174250204475712	0.0399357977012625	0.0764124198239971	0.126704220501688	0.174831345972905	0.200998087460258	0.176722361955833	0.116551155825867	0.0499289715947876	0.0106019887953459	
2.15407150286492e-05	0.000166171230221008	0.000276952050368346	0.000932405236240099	0.00284337438378169	0.00742231494987168	0.0194697291408947	0.0427244696368235	0.0809223118726267	0.131038324009281	0.177166226620631	0.198854649409477	0.171636417348276	0.110143830431491	0.0468695186573365	0.00951176430765065	
3.0714511685336e-06	3.0714511685336e-05	0.000144358204921079	0.00030714511685336	0.00108729371366089	0.00337552483421842	0.00864306358825354	0.021441800607533	0.0457369793506338	0.0851744123546052	0.134443560549053	0.179950181062046	0.194561074270761	0.167096157921733	0.105089701731377	0.0439923950869067	0.0089225656445901	
1.22897303940395e-05	4.91589215761579e-05	0.000110607573546355	0.000294953529456948	0.00128427682617713	0.00361318073584761	0.00988401566940625	0.0241493202242876	0.0487994469621323	0.0889315615638682	0.139085951301943	0.179273369690452	0.193809048314003	0.161984791458637	0.100450111375682	0.0398125816114909	0.00845533451109916	
5.23811871425754e-05	0.000150981068822717	0.000363587063695524	0.00141121080654703	0.00412887004535595	0.011086324196411	0.0261166436600276	0.0523195622165253	0.0950965046341944	0.139460288897653	0.180160471307434	0.190753796095445	0.158258972589233	0.0946343176888188	0.0381057730230724	0.00790031551962138	
1.23322809786898e-05	8.32428966061563e-05	0.000132572020520916	0.000595032557221784	0.00153228591160221	0.00455061168113654	0.012585092738753	0.0280035270323599	0.0571046270718232	0.0977610743883189	0.14232068863457	0.181139626085241	0.18881955406472	0.151588397790055	0.0911941347671665	0.0357666979084451	0.00681050217048145	
6.20797973715414e-06	9.62236859258891e-05	0.000170719442771739	0.000620797973715414	0.00176617023522035	0.00534507055368971	0.0138034429455622	0.0306084440940385	0.0595997094665483	0.0999360578087073	0.1463934741717	0.181884494329011	0.184557029605855	0.148693530664316	0.0870327719250324	0.0334796347224723	0.00600622039569663	
6.23280136373694e-06	9.34920204560541e-05	0.000246195653867609	0.000763518167057775	0.00222511008685409	0.00620163735691825	0.0151270089097896	0.0325414559200706	0.061673569494177	0.102233524368695	0.149736819962416	0.180205869429044	0.184257190315473	0.143980827903005	0.0840181623831739	0.0311733560207303	0.00551602920690719	
1.24517882324375e-05	9.02754646851721e-05	0.000361101858740688	0.00104283726446664	0.00251837417001049	0.00678622458667845	0.0164083439432946	0.034491453403852	0.0637220262794991	0.105914910705114	0.151606747624043	0.181817898822995	0.1824342623405	0.140372121691326	0.0796447504817286	0.0281939615052967	0.00458225806953701	
1.24361868163984e-05	0.000111925681347585	0.000497447472655934	0.00104153064587336	0.00262092637155595	0.00778194390036127	0.0179143271090218	0.0360960322345962	0.0678642714570858	0.110616772685159	0.154889597751537	0.182218118280573	0.176954502210532	0.134671467034778	0.075235821192506	0.0268372911497877	0.00463558863581249	
1.24433051907248e-05	0.000136876357097972	0.000398185766103192	0.001356320265789	0.00324770265477916	0.00824368968885515	0.0191035842940602	0.0377312121645752	0.0712721413061738	0.114994804920083	0.156682988135309	0.182593060368695	0.17345034187981	0.129351268283882	0.0716454404618955	0.0254372266361391	0.00434271351156294	
3.4372851696769e-05	0.000171864258483845	0.000587463283544778	0.00148115742766077	0.00349665645897131	0.00862133616648959	0.0200362477345166	0.0407349540653709	0.0752577963877258	0.118208236985188	0.160246234610337	0.182654209111931	0.168861321167427	0.125689019436285	0.06638335104056	0.0234985313417911	0.0040372476720205	
3.1297043368313e-05	0.000234727825262347	0.000751129040839512	0.00154607394239466	0.00406235622920703	0.0101371123469966	0.0217702233669985	0.0427110750847367	0.0798387576325665	0.122155489970862	0.161214200094517	0.18027409950582	0.166043333886248	0.120409114950911	0.0629602621440353	0.02179839070603	0.00406235622920703	
6.26009440222359e-05	0.000222233351278937	0.000867023074707967	0.00170900577180704	0.00449787782799765	0.0114121520952536	0.0230621877777917	0.0469475779694758	0.0837757133377571	0.12469169035069	0.161995592893541	0.178622403625847	0.16145722477495	0.115886867573963	0.0609858396664622	0.0201794143055677	0.00362459465888746	
6.85465025704939e-05	0.000233681258763047	0.000794516279794361	0.00172612556472971	0.00501947343823025	0.0118149244430597	0.0249820844368282	0.0496899828633744	0.0850381679389313	0.12776133354105	0.163925845147219	0.17701199563795	0.159249104221841	0.112123383704627	0.0576631874123695	0.0195201744820065	0.00337747312665524	
0.000123707259141966	0.000253599881241031	0.000708224058587758	0.00200715027957841	0.00536580236528279	0.0130449304765204	0.0277073333663219	0.0522106487208669	0.0871146518877728	0.130480231579989	0.164416225444109	0.175011752189618	0.155450541837795	0.10899228066703	0.0556002276213568	0.0184107328418032	0.00310195952298481	
3.40244419218242e-05	8.66076703464616e-05	0.000275288666458396	0.000754723984447737	0.00220540246275097	0.00636875690154873	0.0145562748803732	0.0295827056854842	0.0545968567601926	0.0919371352038528	0.13101575331661	0.163809129067081	0.175222782766311	0.153821408797483	0.104628252040693	0.051760455556346	0.016622486444353	0.00272195535374594	
2.7786611175775e-05	0.000117321247186606	0.000302565321691772	0.000941657378734598	0.00276322411136874	0.00686020555917468	0.0155080164373242	0.031432832042285	0.0582993976480177	0.0944899150038438	0.133585676928159	0.165092606600246	0.174790133900592	0.149779096441153	0.0994513687993405	0.0482529940073542	0.0157704455428732	0.00253475641947903	
6.12861511684205e-06	4.59646133763154e-05	0.000183858453505261	0.000407552905269996	0.00110315072103157	0.00315930109273208	0.00732369506462625	0.0169302992602762	0.0333120874675949	0.0617549902248589	0.0978035043421238	0.137605795218454	0.166845417940908	0.17221714909082	0.144552580453395	0.0944603447958865	0.0454590026291759	0.0143930526019035	0.00243612450894471	
2.13922700560172e-05	7.02888873269136e-05	0.000125297581756672	0.000400341053905464	0.00129881639625819	0.00333413809015925	0.0078998597278292	0.0178564334196155	0.0349152407699995	0.0652158632850581	0.101050971667466	0.140382188184744	0.168561919925677	0.169970753710795	0.139077259711327	0.0902845477521308	0.0433071227091171	0.0139447040379438	0.00228286081883498	
3.35095121319665e-05	5.17874278403119e-05	0.000146223325666763	0.000597078579805949	0.00151402068450794	0.003457572388162	0.00829512741230408	0.0195665087657837	0.0376281358049137	0.0675825933316071	0.104418686122492	0.1429454861164	0.168839200036556	0.165771556516839	0.135146908747506	0.0871125462659741	0.041755898435715	0.0131052655628836	0.00203189496291106	
2.44789053033548e-05	6.73169895842258e-05	0.000260088368848145	0.000758846064404	0.00163396692899894	0.00380646977467168	0.0099445552794879	0.0216546516039803	0.0395946293281764	0.0708419519479089	0.10720230591288	0.147096801831022	0.164736912965252	0.163669020721393	0.131252830373426	0.0828304958202269	0.0401331652448502	0.0125331995153177	0.00195831242426839	
2.46152331370268e-05	6.15380828425671e-05	0.000347690168060504	0.000701534144405265	0.00184306558113489	0.00445535719780186	0.0109537787459769	0.0225475535535166	0.0424335850240922	0.0726949372619245	0.110605473197088	0.146863711607929	0.164958984867785	0.162152848290164	0.126706912572846	0.080713349456311	0.0385597627091526	0.0115260829164128	0.00184921938941914	
3.08830705184032e-06	1.85298423110419e-05	7.41193692441677e-05	0.0003829500744282	0.000716487236026955	0.0019456334426594	0.00540453734072056	0.0121988128547693	0.0237089332369782	0.0441813206836277	0.0763553035497001	0.112732472313327	0.148365359077461	0.167200943786635	0.158034848456773	0.12354463530182	0.0769544351177572	0.0359571590045769	0.0107318670051451	0.00148856399898704	
3.09429875454475e-06	2.4754390036358e-05	9.28289626363425e-05	0.000343467161754467	0.000888063742554344	0.00236404424847219	0.00575230138469869	0.0129991490678425	0.0251721203682216	0.0472035275005802	0.0783507387638276	0.116039297594183	0.149513421520848	0.167590314844898	0.155674170341146	0.119365668755318	0.0738052138934014	0.0334741239266651	0.00998220778216137	0.00136149145199969	
1.85617146074507e-05	6.18723820248356e-05	0.000392889625857706	0.00110751563824456	0.00232640156413382	0.00620889353619225	0.0132004727049987	0.0267659924639439	0.0499619484850547	0.0816344208435681	0.117879262233717	0.151114012238357	0.165573587917561	0.153947767335095	0.117594649276402	0.0699250725453679	0.03151469778435	0.0094633808306986	0.00130860087982527	
3.09897826686541e-06	4.02867174692504e-05	0.000102266282806559	0.00052062834883339	0.00110323626300409	0.00278288248364514	0.00621345142506516	0.0141530337447743	0.0290219314691946	0.0526113540365741	0.0848593218815756	0.121526432735127	0.150684719248064	0.165197234471795	0.151670194336927	0.112836897674837	0.0668201693901521	0.0299826147319229	0.00870812892989182	0.00116211685007453	
3.09915114250207e-06	4.95864182800331e-05	0.000148759254840099	0.000483467578230323	0.00125825536385584	0.00278923602825186	0.00725821197573984	0.0158769513030381	0.0309016360418881	0.0558436044367448	0.0874797392994059	0.122376181163979	0.150699323455306	0.163783939578949	0.147197282664278	0.110912421087864	0.0648156469942883	0.0290266496006744	0.00798341334308533	0.00111259526015824	
1.54543740514878e-05	5.87266213956536e-05	0.000157634615325175	0.000537812216991775	0.00132907616842795	0.00338759879208612	0.00755409803636723	0.0169998114566366	0.0330507243465118	0.0575088167203964	0.0907357209310951	0.124577709229043	0.151792861933713	0.161674388702234	0.144822939236492	0.106798997320212	0.063613294470734	0.0270358819656727	0.00728828280268164	0.00106017005993206	
4.93419023770461e-05	0.00020045147840675	0.000582851221828858	0.00142783130003577	0.00367597172708994	0.00839429114189498	0.018746839034379	0.0348908927183688	0.0605178432654471	0.0929015505692822	0.1274717209222	0.153271368127598	0.160355014987603	0.14116409883183	0.104015814079712	0.05904992166973	0.0255961118580927	0.00669507937878545	0.000993005785338054	
9.27354165829472e-06	5.87324305025332e-05	0.000228747360904603	0.000676968541055515	0.00151158729030204	0.00426273798226281	0.00916844151950071	0.0196506347739265	0.0376289408688072	0.0632300982068062	0.0955731203303854	0.129300991341603	0.154982519373974	0.158147888260005	0.139393695846381	0.0982624474112909	0.056618063004442	0.02389173449232	0.00632146423040423	0.00108191319346772	
3.08062931095564e-06	3.38869224205121e-05	9.54995086396249e-05	0.00026185349143123	0.000831769913958023	0.0017220717848242	0.00478729794922507	0.0101260285451112	0.0209359567972545	0.0399711653096495	0.0658084033406344	0.0975111595796789	0.132248335690015	0.154872477349673	0.157084369194939	0.135011660181942	0.0943227082428399	0.0551525065540389	0.0220295802026438	0.00622903246675231	0.00096115634501816	
9.23804596851674e-06	1.2317394624689e-05	0.000141650038183923	0.000332569654866603	0.000926883945507846	0.00191227551548297	0.00502241765821693	0.0108115931318208	0.0222482940408445	0.0415034611878895	0.0684446825807405	0.101677013278151	0.134487473209667	0.154672603650876	0.154142955682014	0.130918508117163	0.093892419875348	0.0520748651245289	0.0201882097898652	0.0057368265464489	0.000843741531791196	
1.23254409426497e-05	3.08136023566243e-05	0.000141742570840472	0.000274241060973956	0.00078574686009392	0.00221857936967695	0.00534924136910998	0.0118231792242367	0.0235724058028176	0.0429942193681979	0.0718511579751766	0.105157580762452	0.135696942058102	0.15415428986972	0.150740142728606	0.130344619328756	0.0898493831116808	0.0491969975225864	0.0192246065102979	0.00581144540445934	0.000770340058915608	
3.07463365739972e-06	5.84180394905947e-05	8.60897424071922e-05	0.000276717029165975	0.000814777919210926	0.00259191617318796	0.00647210384882641	0.0136944183100584	0.0251197569809557	0.0458581610001168	0.0740556262721297	0.106305458704595	0.134505998610266	0.154521863719938	0.150832303331058	0.126050756052416	0.0875409694934848	0.0470972383640489	0.0183955331722225	0.00507007090105214	0.000648747701711341	
9.21373091605984e-06	8.29235782445386e-05	7.37098473284787e-05	0.000353193018448961	0.00113328890267536	0.0029146102131136	0.0066523137213952	0.0148832466730753	0.0266891072201867	0.0463911351623613	0.075911929017417	0.108350404329225	0.136200441644835	0.15482753431347	0.150669070426688	0.123691266304465	0.0841520757000132	0.0445606739537041	0.0175060887405137	0.00438880715968317	0.000558966342240964	
1.22079626436343e-05	5.7987822557263e-05	0.000125131617097252	0.000366238879309029	0.00140391570401795	0.00308251056751766	0.00711419023057789	0.0151531336314111	0.0274099281256199	0.0488440585371809	0.0785826555370741	0.109831987914117	0.139073110436282	0.156548808960645	0.148888312401764	0.120898506050571	0.0797790358761502	0.0420747432512856	0.0159313912499428	0.00427278692527201	0.000549358318963544	
3.04884555463074e-06	8.231882997503e-05	0.000112807285521337	0.000515254898732595	0.00150917854954222	0.00329580204455583	0.00748491583661846	0.0163966913928041	0.0298299049065072	0.0517602509809661	0.0812212455753629	0.113764623025491	0.14015238130082	0.156152722771523	0.145765305966896	0.116600049391298	0.0765016326567945	0.0397477994957209	0.0146253121255637	0.00396045037546533	0.000518303744287226	
1.21487861844004e-05	6.07439309220018e-05	0.000124525058390104	0.000649960060865419	0.00154593304196494	0.00366285903459671	0.00887165111115836	0.0170568958028981	0.0322975480712283	0.0543506321924611	0.0840787119856887	0.114909294125151	0.141621437748101	0.155152148360977	0.143474127641222	0.113348175100455	0.072768192048012	0.0378282829816766	0.0142262286219328	0.0035170736003839	0.000443430695730613	
9.05146663931112e-06	6.63774220216149e-05	0.000223269510436341	0.000579293864915912	0.00179520755013004	0.00433565252023003	0.00902129508384675	0.0184981806552055	0.0339339484307774	0.0569488109389992	0.0869664914705013	0.117831992710552	0.143332991389038	0.152827979893675	0.141039953173746	0.110566682154732	0.069415697656877	0.0356597614033394	0.0134233250260984	0.00305637856854072	0.000467659109697741	
6.00929036290104e-06	5.70882584475599e-05	0.000261404130786195	0.000639989423648961	0.00188090788358803	0.00467823254751846	0.00972303180717389	0.0198246489072105	0.0357642915948056	0.0589601523956036	0.0893431244704313	0.119942430998323	0.143955555288476	0.152215324892283	0.138706440156482	0.106027919163026	0.0675504329693706	0.0342078853908142	0.0127036398271728	0.00310379847243839	0.000447692132036128	
1.49929083543484e-05	7.79631234426116e-05	0.000314851075441316	0.000719659601008723	0.00220995469143095	0.00502262429870671	0.0106239748598913	0.0204023496885973	0.0372693715872392	0.0609191852253884	0.0917086218218783	0.122249176139686	0.144624592567715	0.151449364450615	0.134975156750857	0.104647501731681	0.064655417987292	0.0323127160852917	0.0123271692489452	0.00317249940778012	0.000302856748757838	
2.99345630451832e-06	4.49018445677748e-05	0.000101777514353623	0.000320299824583461	0.000939945279618753	0.00247858182014117	0.00573246882315259	0.0112703629865115	0.0216037741497087	0.0390316767546144	0.0647304991289042	0.0930485957696476	0.123414216522681	0.144093012674294	0.149364489226551	0.133235746657806	0.0998796630565584	0.0637905538492855	0.0313235267704797	0.0121923475283031	0.00308924690626291	0.000311319455669906	
2.97160041483542e-06	3.26876045631896e-05	6.24036087115438e-05	0.0004279104597363	0.00123024257174186	0.00262392316629967	0.0062671052748879	0.0122400221087071	0.023327063256458	0.0414835417911024	0.0656961419711814	0.0941848751482086	0.123645321660887	0.145014100243968	0.148178854685768	0.130928714277649	0.098582843762165	0.0613278893613734	0.0301676874114092	0.0114317467958719	0.00279627599036013	0.000347677248535744	
2.94641068250657e-05	0.000106070784570237	0.000571603672406275	0.0012109747905102	0.00294935709318908	0.00634362219943665	0.0126636731134132	0.0250150266944808	0.0430028639111834	0.0668216478685665	0.0970783391672265	0.12463611828071	0.145396527949652	0.146760716095652	0.129155912267676	0.0957642400028286	0.0590814270056218	0.0292077690956876	0.0109193979893693	0.00285801836203137	0.000427229548963453	
3.2232070910556e-05	0.00019046223719874	0.000720826313090616	0.00155592996850048	0.0031470221961761	0.00657534246575343	0.0139389055746832	0.0257329133396821	0.044272214489781	0.0691436524796718	0.0985099992674529	0.124700021976412	0.146846384880229	0.145703611457036	0.128169364881694	0.0919874001904622	0.0562918467511538	0.0285429638854296	0.0108622078968574	0.00257270529631529	0.000503992381510512	
