# <P(N_1)> as a function of N_tot.
# number_of_species: 2
# species_total_upper_bound: 100
# species_total_lower_bound: 0
# volume: 512
# Bin widths for each species index 
1	1	1	1	1	1	1	1	1	1	1	1	1	1	1	1	1	1	1	1	1	1	1	1	1	1	1	1	1	1	1	1	1	1	1	1	1	1	1	1	1	1	1	1	1	1	1	1	1	1	1	1	1	1	1	1	1	1	1	1	1	1	1	1	1	1	1	1	1	1	1	1	1	1	1	1	1	1	1	1	1	1	1	1	1	1	1	1	1	1	1	1	1	1	1	1	1	1	1	1	1	
# Bin lower bound for each species index 
0	0	0	0	0	0	0	0	0	0	0	0	0	0	0	0	0	0	0	0	0	0	0	0	0	0	0	0	0	0	0	0	0	0	0	0	0	0	0	0	0	0	0	0	0	0	0	0	0	0	0	0	0	0	0	0	0	0	0	0	0	0	0	0	0	0	0	0	0	0	0	0	0	0	0	0	0	0	0	0	0	0	0	0	0	0	0	0	0	0	0	0	0	0	0	0	0	0	0	0	0	
# Bin upper bound for each species index 
0	1	2	3	4	5	5	5	6	7	7	7	8	8	8	8	8	8	9	9	9	9	10	10	11	10	11	11	11	11	11	11	12	12	12	12	12	12	12	13	13	13	13	13	14	15	15	16	16	15	15	15	15	16	16	16	17	17	17	17	17	17	18	19	19	19	17	16	17	17	18	18	18	18	18	18	18	18	19	19	19	19	20	20	20	21	21	20	20	20	20	20	21	21	21	22	21	21	22	23	23	
# Normalized histogram for each species index 
1	
0.920856587489873	0.079143412510127	
0.847934314869827	0.145651466042812	0.00641421908736142	
0.780605271786706	0.201695426819791	0.0172500754559192	0.000449225937583666	
0.718836985396787	0.247510598293183	0.0317278368392134	0.00184695106890277	7.76284019134897e-05	
0.660494064157616	0.286000505178075	0.0493164940641576	0.00401111391765597	0.000175801970194494	2.02071230108613e-06	
0.60885016265354	0.315157701029217	0.0677382861797284	0.00777519118704403	0.00046960867619627	9.05027427358979e-06	
0.561186849405588	0.338807711136585	0.0867946080870636	0.0121360347964132	0.0010304750661297	4.43215082206325e-05	
0.516951759317996	0.35634950970653	0.106691651143816	0.0179325479628339	0.00192527046066306	0.000142201746963589	7.05966119677394e-06	
0.474386971669366	0.369401257296993	0.127271495673871	0.0254037484354559	0.00322917867245775	0.000279039860237427	2.42643356728197e-05	4.04405594546995e-06	
0.436521391937754	0.377815295344433	0.14644349344394	0.0335418530862984	0.00504055038675634	0.00057154612346815	5.67492604861993e-05	9.12041686385346e-06	
0.403116737822519	0.381062645862742	0.164352285820545	0.0432792427247236	0.00717368547457897	0.000896837356265346	0.000111471309818292	7.09362880661856e-06	
0.371207740213523	0.384508451957295	0.180374474280168	0.0523546182465222	0.0100645017793594	0.00136282756389518	9.90779682950501e-05	2.22419928825623e-05	6.06599805888062e-06	
0.34166992749337	0.383206287480549	0.196640489053228	0.0628930054508889	0.0133072062753472	0.00205457360014479	0.000192110720485979	3.0333271655681e-05	6.06665433113619e-06	
0.314733642552434	0.37942276403021	0.211972931186608	0.0731531848757862	0.0173439941070287	0.00299707779855428	0.000350097541627205	2.32723799347564e-05	3.03552781757692e-06	
0.290335313684614	0.373465648392584	0.225892293791927	0.0843185454765715	0.0213262128179372	0.00402901374468107	0.000569372025056407	6.15810168943986e-05	2.01904973424258e-06	
0.266461972448775	0.367363076368985	0.237673326941669	0.0955761702932486	0.0265964992057368	0.00532795172650384	0.000879273000182092	0.000120723981718365	1.00603318098638e-06	
0.244777169624503	0.358908942868775	0.247785769213371	0.108110553218438	0.031816970994607	0.00713600016083392	0.00131883817594226	0.000142740107457165	3.01563607303871e-06	
0.225465050080769	0.349855259637455	0.256781875569557	0.118820873994412	0.0379523513519494	0.00913202051108737	0.00173004463917505	0.000246430777091795	1.50875985974568e-05	1.00583990649712e-06	
0.208250602235571	0.33879902037016	0.26477395974528	0.129898274611394	0.0443552392237206	0.0113303561843398	0.00215510538244592	0.00036921730946932	6.22050901823311e-05	6.01984743699979e-06	
0.189867176990358	0.328826748527738	0.271163793580506	0.14089240239506	0.0513412598515513	0.014359896929103	0.00293898955506656	0.000515153253061992	8.1498854488323e-05	1.30800630660272e-05	
0.174067946806355	0.31941289797696	0.274963883285295	0.150461275724023	0.059278794825808	0.0171202805056441	0.00393276494244009	0.000651260228868571	9.37572775306148e-05	1.71384270754887e-05	
0.161217560102441	0.307583999290452	0.278785826376437	0.159968796016049	0.0657249030166875	0.0206030956045318	0.00491039437360723	0.000969581155051347	0.000200568243092742	3.42679410309208e-05	1.00788061855649e-06	
0.1493178633462	0.294826195179851	0.280652675467952	0.170094368808753	0.0734386279216013	0.0239005639481629	0.0061267943115849	0.00136690196522488	0.000210292610034597	5.66172411631608e-05	9.09919947265084e-06	
0.136970875980756	0.28494397985212	0.281015910044881	0.17888811307352	0.0808326741144942	0.0275610651900165	0.00771185140938297	0.00170017919989668	0.000315819637725614	4.54053792257273e-05	1.3117109554099e-05	1.00900842723838e-06	
0.125682074635287	0.271162448617716	0.282031312968486	0.187623921979528	0.0890283710808415	0.0323869589747723	0.0093818005964375	0.00220440074151689	0.000424155718545982	6.44797291851374e-05	1.00749576851777e-05	
0.114604161404617	0.260311687736666	0.281291792410775	0.194827476903168	0.0971531097830342	0.037120968934874	0.0112120641891178	0.00280553176801835	0.000571571751877482	8.85533700091874e-05	9.05659466003053e-06	4.02515318223579e-06	
0.10601450475079	0.248981396607213	0.27936888989392	0.201707700197462	0.104583008605129	0.0414972359404465	0.0135416708729906	0.00339197958351336	0.000769252512689638	0.000123161163448997	1.51427659978275e-05	6.05710639913101e-06	
0.0980907659999757	0.237438344912418	0.277169712835992	0.207258204830441	0.112400411101355	0.0464734706098948	0.0156884126874942	0.00423948272443666	0.00102067240967707	0.000198267385824287	1.82082293103937e-05	4.04627318008748e-06	
0.0911632368311618	0.226232550233372	0.273102190851906	0.213800555883267	0.119491630891083	0.0515603483427212	0.0179908270154816	0.00508834537207451	0.0012657625890764	0.000278245173458041	2.22596138766433e-05	4.04720252302605e-06	
0.0843047172563616	0.216282706287219	0.268918641990638	0.217810068070063	0.126963840996894	0.0570696256903665	0.0205340819727901	0.00616799768220578	0.00155158959698041	0.000355341273999417	3.93701979715263e-05	2.01898451136032e-06	
0.0770562971655005	0.206535031602716	0.264675141856254	0.221792594492574	0.134136083040566	0.0626469937784205	0.0231170911161984	0.00746670328993409	0.00201764581732328	0.000481690217649251	7.16981246396159e-05	3.02949822420912e-06	
0.0709412321393184	0.195730422509009	0.26195396766979	0.224313579577855	0.141415346536656	0.0680020302433461	0.0261737597113981	0.00847080615220354	0.00233862194199651	0.000534859925342048	0.000117284974177084	7.07754154516887e-06	1.01107736359555e-06	
0.065256529751622	0.185399506745563	0.256729117900359	0.228589124316513	0.147104989115816	0.0738009433971811	0.0296903953018375	0.00991872535119331	0.00273445524935459	0.000625423147335728	0.000130549491919594	1.8216208174827e-05	2.02402313053634e-06	
0.0598357061064053	0.175324648956819	0.249766512632682	0.231363647438136	0.154113844379655	0.0800628182534333	0.0336171050814972	0.0114642297353268	0.00338353650118165	0.000883191345943005	0.000160395669722982	1.72577619322196e-05	7.10613726620808e-06	
0.0552039685783508	0.166296846317476	0.244296493654617	0.23164445875934	0.160476889880513	0.0862209728398635	0.0368899620530686	0.0134796714323718	0.00410454721044698	0.00115379871920188	0.000197735822902089	3.15969613915709e-05	3.0577704572488e-06	
0.0514380401967754	0.157702218539923	0.237525846796316	0.232757562881617	0.165744007447528	0.092213864936482	0.041108448543199	0.0151729187434527	0.00455532355270617	0.00141567935876621	0.000308285476407541	5.57753329026802e-05	2.02819392373382e-06	
0.0470585613826478	0.149593395474429	0.230821119329743	0.233308653804277	0.17152644068861	0.0975070974746866	0.0455291733303083	0.0172081476882439	0.00534070410595114	0.00159623547714375	0.000388930471588325	0.000110399534903978	1.11412374673739e-05	
0.0434785245379706	0.140366995658919	0.224189774455849	0.232558609641343	0.17681691151574	0.104136407970608	0.0498673418335633	0.0197142669436064	0.00635445251343006	0.0018870308322847	0.000465946016970138	0.00014958787529627	1.41502044199174e-05	
0.0394243087798363	0.133204311626794	0.216559602879668	0.232696402232742	0.180960515117649	0.109703785141505	0.0546191891016031	0.0223465999549736	0.0076161170119865	0.00213925662094372	0.000560305533092856	0.000136290535076641	2.2210309419897e-05	1.11051547099485e-05	
0.0363388248204189	0.125507073307016	0.211949077837644	0.230132106338643	0.185098146799614	0.115026717795928	0.0589919654978345	0.0245372042030351	0.00880204624629592	0.00262639262350803	0.000753423690384216	0.000178522079247666	5.04299658891711e-05	8.06879454226737e-06	
0.0329663345080121	0.118586390339722	0.205210286997588	0.229702994270541	0.188546529283399	0.120544636614665	0.0632641675233784	0.0270048315514738	0.00972363606280512	0.00325163716854336	0.000917076694448004	0.000222963640784388	5.14531478733203e-05	7.06219676692632e-06	
0.0302998794667463	0.111077349237531	0.197699773268268	0.228447866844068	0.191771031235678	0.1262823062433	0.068019519522551	0.0296326057593494	0.0114324882545695	0.00377852569861841	0.00121542744887432	0.000281648055013234	5.75410004865748e-05	4.0379649464263e-06	
0.0282379457295517	0.10547183973914	0.190409651487514	0.225887423525803	0.194978934284654	0.131212771796155	0.0724285299197727	0.0324500799044375	0.012688865034141	0.00446637556699866	0.00134485625272401	0.000330917367511986	8.07115530517038e-05	1.10978385446093e-05	
0.0263805476769655	0.0996901274817559	0.183505092204738	0.222817518395527	0.198341626881189	0.135797846032723	0.076547596216931	0.0356676390136566	0.0142248644938581	0.00495089479474731	0.00148274504658181	0.000444116964258678	0.000120113451697233	2.72526318976916e-05	2.01871347390308e-06	
0.0242147991560423	0.0946856722119146	0.177203849723815	0.219495665576201	0.200526817069439	0.140914476056386	0.0801790127633959	0.0389386090453764	0.0157903720544553	0.00572570162317429	0.00168973343015886	0.000492881000548431	0.000106050215281937	2.92900594588207e-05	5.05001025152081e-06	2.02000410060832e-06	
0.0227957729399322	0.0887517573335024	0.171410083395978	0.216386751240071	0.200694781990011	0.146390283518149	0.0850021082970294	0.0418952332360196	0.0176140920787406	0.00624840871375767	0.0020861573946883	0.000558522602051136	0.000107679132287336	4.93110045054157e-05	6.03808218433661e-06	3.01904109216831e-06	
0.0205482000339872	0.0838288129304338	0.164861220463534	0.212280453015663	0.201864069156986	0.150729368088801	0.0900249474354217	0.0453659208580068	0.0200564912100763	0.00714838042777662	0.00241631145983222	0.000692816727350977	0.000122675821098431	4.3238199239611e-05	9.04985565480231e-06	1.00553951720026e-06	7.03877662040179e-06	
0.0187338709352744	0.0788889917749319	0.158548957876217	0.208229496712791	0.202260987893891	0.154401196519947	0.0956028294556478	0.0492497594479582	0.021968742325484	0.00830961362712219	0.0026712348069746	0.000866591246723862	0.000194253322436359	5.73701522221372e-05	1.30844206822418e-05	2.01298779726797e-06	1.00649389863399e-06	
0.0175376260510564	0.0737531165776697	0.152249487720432	0.204586794795441	0.202661834919802	0.158406936719594	0.10024326970636	0.0526683961359484	0.0241836332986767	0.00925434302038015	0.00313020481088556	0.000948852796592205	0.000296768853402243	6.35933257290521e-05	1.00941786871511e-05	5.04708934357556e-06	
0.0164907158965414	0.0689902666820106	0.146261222792237	0.201276374949779	0.203142886561722	0.161128709553026	0.104444902071232	0.0567453852039838	0.0261654845762948	0.0101148979727806	0.00370778645249733	0.00111849370796816	0.000283661310414307	9.38807895677244e-05	3.43220090892756e-05	1.00947085556693e-06	
0.0147348841718141	0.0653991758078083	0.139541130340916	0.196378280182934	0.203813378329663	0.164402208213042	0.10895756147361	0.0605885269457934	0.0286881893723436	0.0117034887302169	0.00404926572978169	0.00127536723608835	0.000326162800678176	9.89596113512733e-05	3.73623022448685e-05	6.05875171538408e-06	
0.0135522156219093	0.0604545518899885	0.133167887286341	0.191107376102552	0.204265191001191	0.16869631346565	0.113596509856984	0.0640142712384789	0.0312051874819233	0.012954546833569	0.00485214018012989	0.00156850133792861	0.000399457142799355	0.00011427508135779	4.24739240444884e-05	9.10155515239037e-06	
0.0125209985148876	0.0567507689311249	0.127060289069411	0.186503331358594	0.20208483805783	0.172104639555927	0.118974339206155	0.0682877790672196	0.0334586481419865	0.0143601438043222	0.00537947461107099	0.00181987129026237	0.000482864400314876	0.0001501343093416	5.2749892471373e-05	7.10094706345406e-06	2.02884201812973e-06	
0.011596749619096	0.0541767394616557	0.121717623158964	0.181056373793804	0.201144743524632	0.173841543930929	0.122194007110208	0.0731945149822245	0.0360385982732351	0.0159370238699848	0.00614220416455053	0.00208633824276282	0.000603351955307263	0.000214321990858304	3.85982732351447e-05	1.21889283900457e-05	5.07872016251905e-06	
0.0109286566897549	0.0503599239957451	0.116848421856095	0.176695682536074	0.199358917101769	0.175864385997678	0.126187566483423	0.0764386809688919	0.0394698378413492	0.0174389570527239	0.00695690656186308	0.00242385364308857	0.00070441977734651	0.000224318113535416	7.71410707180616e-05	1.82702535911198e-05	4.06005635358219e-06	
0.00956371688234793	0.0474424433152326	0.111269836120089	0.172403409805218	0.197706249011489	0.176510546144706	0.130179290543144	0.0807111601367491	0.0425150963367304	0.0193200666712628	0.00804495849267792	0.00300203177023558	0.00093883195516317	0.00024940892113406	0.000111524314328238	2.43325776716156e-05	6.08314441790391e-06	1.01385740298399e-06	
0.00871908238085405	0.0438332786745861	0.106635167033083	0.167942037435169	0.195603412325345	0.178791798758639	0.133303574682068	0.0846076919028127	0.0453789065821278	0.0210982764275043	0.00897415653455445	0.00348702563292805	0.00114985808969703	0.0003239036872386	0.000108305295420407	2.73293736107568e-05	1.31585872940681e-05	3.03659706786187e-06	
0.00838974972128419	0.0406460551614936	0.100977928939587	0.162982097558611	0.194099303614419	0.18009585400139	0.136949435297539	0.087948974810554	0.0487419414777593	0.0235757218335461	0.0100277100063014	0.00373236819569889	0.00132995912168167	0.000362532516844129	9.59347885799228e-05	2.72656767542938e-05	1.61574380766186e-05	1.00983987978866e-06	
0.0076498426696163	0.0390340975094828	0.0957498068094004	0.158366794450253	0.190702607694289	0.181051663964524	0.139919491290008	0.0928294720467092	0.0516528529074554	0.0257678379320272	0.0110045406104318	0.00427898237798688	0.0014283477531807	0.000407089211125758	0.000112126308771611	3.33348485537221e-05	9.09132233283331e-06	2.02029385174074e-06	
0.00694145844483407	0.0362693985991629	0.0921066076897317	0.152578537832011	0.187572148776468	0.182360743376477	0.143564050914146	0.096614862875591	0.0554143072351628	0.027476479878269	0.0122095205527267	0.00448700892039631	0.00169363087547766	0.000503840009550702	0.000142653496680018	4.24925309259628e-05	1.82110846825555e-05	4.04690770723456e-06	
0.0063680960315778	0.0335585172143459	0.0881432116745385	0.148967200096551	0.184720423444411	0.182638292348244	0.147471270546212	0.0997171425412953	0.0580593077750812	0.0293993259696412	0.0132159037087897	0.00507804695494666	0.00178598775467567	0.000637925211635999	0.000159227755527586	6.59223191674721e-05	9.12770573088075e-06	5.07094762826709e-06	
0.00580516430016987	0.0316987979225761	0.0834515227126799	0.145017352503718	0.183268041320903	0.181332647902663	0.150106268845957	0.102957850077619	0.0613169209262254	0.0317252127408828	0.0144753204320652	0.0057116964815462	0.00211420141908532	0.000751806367190357	0.000189983500898104	6.19732275656916e-05	6.09572730154344e-06	4.06381820102896e-06	5.0797727512862e-06	
0.00515977206772938	0.0294172038465603	0.079031491070485	0.139470325722043	0.181649785805445	0.18287520626895	0.15215739032182	0.106099464310391	0.0639687771807607	0.0341928889033401	0.0158430811500662	0.00647460961314919	0.00237056877392923	0.000921605605638153	0.000265202936131817	7.01111210463424e-05	1.52415480535527e-05	5.0805160178509e-06	9.14492883213162e-06	3.04830961071054e-06	
0.00497511425880764	0.0271739683146648	0.0749246919029304	0.134120619062051	0.177304041314195	0.183580902558136	0.155152985780448	0.109867445545279	0.0678138989966378	0.0360878841933338	0.0173579824548914	0.00754504756461445	0.00267671723818105	0.00091122288959355	0.000377303227722329	9.45800543886162e-05	2.33907661391201e-05	8.13591865708527e-06	2.03397966427132e-06	2.03397966427132e-06	
0.00465259188945287	0.0255083717149273	0.0711898446728179	0.129488153847876	0.173820548116631	0.182854084829173	0.156750531339627	0.114936213809642	0.0713373683605438	0.0380753550996904	0.0184811571554584	0.00813618572927063	0.00315395470310603	0.00108557086071424	0.000377457159629787	0.000130227807095991	1.72958806299363e-05	3.05221422881229e-06	0	2.03480948587486e-06	
0.00430314635696527	0.0239386745533879	0.0673129207631403	0.124501511406194	0.170375214366673	0.182124701467946	0.159359241307757	0.117841734398544	0.074997985131803	0.0408696885268814	0.0200017751243862	0.00883889521971245	0.00357881399246898	0.00132624235752841	0.000455003147275133	0.000142826100041522	2.95854064371723e-05	2.04037285773602e-06	
0.00403387516314591	0.0223623426069263	0.0640695300071126	0.119574346064242	0.165744001485789	0.18056923254326	0.161067237035321	0.12132647448699	0.0786498508598899	0.0440328138855922	0.0222847877087732	0.00997804992290431	0.00407163215303622	0.00149395224863284	0.00053267969520925	0.00017245760247196	3.67365307040862e-05	
0.00356422292482851	0.020664116171806	0.061310967979201	0.115708017713851	0.161421807241839	0.17843486788675	0.163220774444654	0.124205353996087	0.0820690676732438	0.0469580496376016	0.0240087036914071	0.0112596345879793	0.00453879118802323	0.00175606168179427	0.000645625935365897	0.000169578964035979	5.82289213858483e-05	6.12936014587877e-06	
0.00322961667538021	0.0196273864156351	0.0578130939605455	0.111624072211335	0.158872885181981	0.176997057777424	0.163905339313577	0.12773750523577	0.0846212563606327	0.0496702611311709	0.0257054658892758	0.01205628440194	0.00509360181241726	0.00201991172313145	0.000701160073417982	0.000234399443148453	7.84728570540474e-05	1.22295361642671e-05	
0.00302618119094807	0.0183429854867235	0.0550279406222414	0.107669677948901	0.155233241467723	0.17530010392022	0.165205722418223	0.12989418016292	0.0875662453309549	0.0527839546367414	0.0277598030899758	0.013135800261883	0.00574659516522096	0.00215154473394697	0.000787274395093909	0.000257006996075818	8.22828722614279e-05	2.74276240871426e-05	2.03167585830686e-06	
0.00269702137786063	0.017036388432097	0.0521312265650504	0.102762412959533	0.15148981955788	0.175494530192503	0.165410192340744	0.132429648116	0.0911678651733385	0.0552319875684806	0.0296367258648621	0.0142997049751502	0.0064740716785297	0.00243362449367288	0.00085222621215958	0.00031424570352901	9.96636859088769e-05	3.05092916047582e-05	8.13581109460219e-06	
0.00248044867656881	0.0156329261263423	0.0489766624343164	0.0992840245889724	0.146886274477911	0.173621241586552	0.1656095956767	0.135613448504767	0.095255328644201	0.0583576380029135	0.0315718420279498	0.0153177871551388	0.00691170924261939	0.00287386410190984	0.00106029015150052	0.000372067301485321	0.000127072165807828	3.76133610791172e-05	1.01657732646263e-05	
0.00219859042312706	0.0146708159472989	0.0460403528717309	0.0948817749655327	0.143790252035271	0.170737208501352	0.166621455357134	0.137815247285543	0.0982253799019981	0.0616062511493324	0.0339613133428226	0.016576802839067	0.00767068285333146	0.00331922130885217	0.00120800555133922	0.000442969234973843	0.000168653424324904	4.36873328070534e-05	2.13356741615842e-05	
0.00216712475807894	0.0137417258932783	0.0432581277343178	0.0910233057394246	0.139957430025859	0.168502081740856	0.167080033177745	0.140427041488445	0.101888407305609	0.0646945695838145	0.0357504431831119	0.0176500723730219	0.00809825654203328	0.00362576642217054	0.00142611446321987	0.000465545562476621	0.000187031405012442	4.47249011986274e-05	1.21977003268984e-05	
0.00198825279879753	0.012922123895598	0.0414484365931699	0.0874061454534037	0.135874745137998	0.166106721469383	0.167116547266836	0.142387463169719	0.105051256002488	0.0674314468058815	0.0381829617977938	0.0192505006082251	0.00873494250475287	0.00368480065309496	0.00153651528057863	0.000591512804125194	0.000206624335687568	6.38104566093959e-05	1.519296585938e-05	
0.00182871845309201	0.0118689987286822	0.0393916658504248	0.0831132846146312	0.132385684901006	0.164376645316471	0.166432565123481	0.145069579152408	0.107079493209709	0.0702870108481073	0.0407700207308613	0.02071066563938	0.00986053876004609	0.00405125258630875	0.00168330958658442	0.00069574103488702	0.000277690543677693	9.89588119287779e-05	1.8176108313449e-05	
0.00171332978665302	0.0110638220402582	0.0371835042954614	0.0798640259406626	0.127658240266689	0.163100095274891	0.167181137594339	0.146216615860134	0.110752509815741	0.0722379889918055	0.0427412062893565	0.0224371357657087	0.0104610212416483	0.00450988047147923	0.0017750258415443	0.000699896229258494	0.000277126541642814	8.79927340252731e-05	3.94450187009845e-05	
0.00154798761609907	0.0103884244138604	0.0349345066586753	0.0765651481066765	0.123547432810858	0.159461960406344	0.16760990307107	0.148810307228464	0.112936276365904	0.0764163226131732	0.0440806937900285	0.0238869979164431	0.0116914067957568	0.00502361971947913	0.00197624056679227	0.000757288905717531	0.000254116999111097	7.18817009437764e-05	3.54346413103123e-05	4.04967329260712e-06	
0.00146362497191176	0.00986782838946595	0.0332159869144235	0.0734768077185467	0.120484878911857	0.155841645090176	0.166663967496594	0.150235131452956	0.115885493108007	0.0787513234368263	0.0473481666224678	0.0252045127424445	0.0127130910423318	0.00545266094307653	0.00218430338131783	0.000809751021804571	0.000302644444399458	7.08532144078999e-05	2.42925306541371e-05	3.03656633176714e-06	
0.0013027573680249	0.00893290394342427	0.0309622676487661	0.0699528029037509	0.118002870928757	0.154564158774314	0.165552501831053	0.150562687853864	0.118318936479941	0.0817495443894819	0.0500214255974601	0.0271086991977811	0.0132048540374842	0.00607413155418144	0.002235758562388	0.000965418173971799	0.000346456469568054	0.000103329122502753	2.93778877703905e-05	9.11727551494879e-06	
0.00113194457123035	0.00840438415521029	0.0294062159579842	0.066161957330964	0.113439914637585	0.15188951571841	0.165472850573174	0.151869229973405	0.120906083086354	0.0847974569790063	0.0525623938801964	0.0289122580671336	0.0144505504536907	0.00643159545355883	0.00258136105177531	0.000995015792452486	0.000433100655838136	0.000113600172023118	3.44857665070179e-05	6.08572350123844e-06	
0.00106289110437226	0.00791590178399375	0.0280286818324729	0.0641355388999888	0.108690757512754	0.147963975293867	0.164309982859867	0.152976196513149	0.123101654174992	0.0876631608839846	0.0554265256239921	0.0310510248582643	0.0158500593312305	0.00724753800748486	0.00283370013894664	0.00113287153013722	0.000384385237172791	0.000160245032911084	6.08525441434497e-05	3.04262720717249e-06	1.0142090690575e-06	
0.000973793701652308	0.00751878175469316	0.0263886946705821	0.0611595136908707	0.10553248579842	0.144206586128557	0.162838370511784	0.153988095599993	0.125592028064714	0.0906205730892465	0.0580020306790615	0.032840457936368	0.0169942707288354	0.00796970599739376	0.00339662485737621	0.00127474763442102	0.000472203813704449	0.000151996935741775	6.07987742967102e-05	1.72263193840679e-05	1.01331290494517e-06	
0.00094015018114842	0.0070678243973526	0.0251037302406542	0.0584886756937276	0.101194162770458	0.140899062885826	0.16084562916186	0.154658246807133	0.128199445422713	0.093694213370575	0.0605015483635922	0.0351761896087599	0.0184133827190479	0.00863136802477382	0.00389317303216143	0.00144817535976683	0.000565709312445605	0.000199364462525553	6.5780152609954e-05	1.11320258262999e-05	3.03600704353634e-06	
0.000978845994222076	0.00653812438126203	0.0235408918734525	0.056219366776732	0.097748957888365	0.137811798384044	0.158744121356658	0.155241735482813	0.129391900783279	0.096555514840601	0.0635298381006946	0.0373955610801925	0.0200466040016277	0.00949389511872683	0.00424942656023193	0.00152039987933977	0.000646827911383564	0.000255087063644222	6.68085166687249e-05	1.82205045460159e-05	4.04900101022575e-06	2.02450050511288e-06	
0.000893303360965375	0.00628752025866342	0.0220250367741531	0.0540554758585525	0.0941711702779863	0.134667252085555	0.15662046039014	0.156137894474873	0.132637844903113	0.0983301398328319	0.0658737882739518	0.0391343758915329	0.0211661301450935	0.0103857896983811	0.00475990069461165	0.0017076965722645	0.000769879793538675	0.000267080506562694	7.2840138153462e-05	2.8326720393013e-05	6.0700115127885e-06	2.0233371709295e-06	
0.00080967726264311	0.00576085372370573	0.0206579032597607	0.051362889252344	0.0919833854225706	0.130511877965443	0.154547147507004	0.155198937703431	0.135447872977831	0.1023847019578	0.0682568053373925	0.0413623629621233	0.0220222094473143	0.0111614010655353	0.00521027318510842	0.00208390685472771	0.000810689359221414	0.000282374945346785	0.000111330623613428	2.7326607614205e-05	6.07257946982333e-06	
0.000723990514205403	0.00534436634122534	0.0192834620315073	0.0489852994485521	0.0887521238742707	0.127916466683273	0.152428861603391	0.155188126150537	0.136890911336983	0.105160887906017	0.071137384034946	0.0429776970418659	0.0236112039304078	0.0121296256918413	0.00572509422002426	0.00234917201812103	0.00088904009996132	0.000302759669576805	0.000150873547715531	4.65784107041238e-05	6.07544487445093e-06	
0.000597714098150733	0.0048830202594687	0.0180144950734175	0.046643987300095	0.0861032485254697	0.12527175729971	0.151279412092465	0.155032854013903	0.136992018997178	0.107182294695338	0.0737791942813957	0.0454313368331689	0.0249976192743548	0.0130392850123696	0.00642492001774907	0.00280925626130845	0.000962421005496944	0.000368759206316724	0.000120555894372775	5.67321855871883e-05	9.11767268365525e-06	
0.000480618280362018	0.00430524239723863	0.017066521431206	0.0437606500641671	0.0826450059899466	0.121875854164359	0.149892953201192	0.155293558190884	0.139054147288673	0.109542355883103	0.0765432876525811	0.0476015318818594	0.0268028520071656	0.0140212508471786	0.00647056492462015	0.00291622508380337	0.00112686188778325	0.000400345882584853	0.000136158244330889	5.89341654566534e-05	5.08053150488392e-06	
0.000505252905457847	0.00396085811828802	0.0161143210790903	0.0419146853075905	0.0787230696650417	0.118302228489974	0.147038741128905	0.155403821862841	0.140965560622739	0.111746115487828	0.0794647159981535	0.0506105139274282	0.0282414053741459	0.0149871404004484	0.00695585124461647	0.0031350029675999	0.00128342354498831	0.000419014959747171	0.000159286558547956	5.47864596279594e-05	1.42038969405821e-05	
0.000467404624054268	0.00373009211935482	0.0147913241572999	0.0395139804787443	0.076288563421727	0.115466215790554	0.144545896085791	0.153984421200661	0.141411236813601	0.11416764381329	0.0822022480130223	0.0529681209724455	0.0307430310986651	0.0162656809170885	0.00774570749818627	0.00343237569577243	0.00145200262559467	0.000576127003997326	0.000141237484225094	8.33199547227173e-05	2.23541341938998e-05	1.01609700881363e-06	
0.00045044450959883	0.00358428029822673	0.0139160976084846	0.0373473282249138	0.072558088573217	0.112426485731359	0.142577861463965	0.153415921590191	0.142003646165693	0.116651939295501	0.0844877664749572	0.0553032232145303	0.0328865072593597	0.0172224008895265	0.00874308735072685	0.00390993950449075	0.00160597670877241	0.000624941031335314	0.00017754006572026	7.10160262881039e-05	2.63773811927243e-05	9.13063195132764e-06	
0.000451149620476718	0.00328274712607554	0.0132202046090256	0.0355120649574348	0.0693340930219827	0.109812859082149	0.139832050682858	0.151791063993293	0.142880605534034	0.118245808617262	0.0880015491160002	0.0577846627377787	0.034484052114371	0.018692801578314	0.00925110176820237	0.00443444593250599	0.0019313259033891	0.000669120785426144	0.000264606856054884	8.8202285351628e-05	2.63593036683026e-05	9.12437434672014e-06	
0.000406993402049748	0.00313546907002008	0.0125540253368579	0.0339515515864137	0.0669220668380359	0.105639085945465	0.138221843801602	0.151022899959604	0.143282938370872	0.120011420113371	0.0902502806938326	0.0600001417389957	0.0364998162455162	0.0198323227680411	0.0102669653984739	0.00468042412357211	0.00207546386617409	0.000818036489692032	0.00029258978406064	0.000103266982609638	2.12608493608078e-05	8.09937118506962e-06	3.03726419440111e-06	
0.00030656969755837	0.00295844817049727	0.012098879351165	0.0319348493862535	0.0642389989032292	0.103262387236987	0.135701103650911	0.150128091497396	0.1435312782034	0.121634309904528	0.0927418865267171	0.0622731080703714	0.0380965967728227	0.0212726993107747	0.0110840628275642	0.00509330646042519	0.00226436628097568	0.000868108252492017	0.000364241224821825	0.000116354835706972	2.63063106815763e-05	4.0471247202425e-06	
0.000291016090764685	0.00271817112554515	0.0114931146401303	0.0305415324422313	0.0619854168603406	0.0996396654931712	0.133481401242477	0.149846003985304	0.144207567226738	0.123184686086602	0.0942326269456649	0.0651108084184488	0.0398146389177435	0.0223779248127594	0.0114476433759483	0.00568997085797202	0.00247060535388769	0.000939739459760963	0.00035871775076897	0.00010812056149938	4.64817367193594e-05	1.41466155232833e-05	
0.000302581321251597	0.00255983797778851	0.0108414887404447	0.0295036960308391	0.0597517421119571	0.0963449184997211	0.130377248305292	0.149272443213051	0.145456892752068	0.124664512960062	0.0956560416916716	0.0667665857429733	0.0420275369174427	0.0239644406431265	0.0121899928288227	0.00598909295197328	0.00261127680240129	0.0010983701961433	0.00042058803653972	0.000122041132904811	5.54732422294595e-05	1.91634836792678e-05	4.03441761668796e-06	
0.000319612834925516	0.00252564716557861	0.0101378771456658	0.0283548004940388	0.0578821868777254	0.0941920197615507	0.127447886471908	0.146799082499433	0.14597333198901	0.126745141532024	0.0983298464950974	0.0685272099412699	0.0435258236079954	0.0253825019534696	0.0129417992085297	0.00620573185793865	0.00283820230383384	0.00116250346583319	0.00049202228215663	0.000136112721498248	4.83956343104882e-05	1.51236357220276e-05	1.61318781034961e-05	1.0082423814685e-06	
0.000302973074782844	0.00226724850962495	0.00981329789221632	0.0266343630041598	0.0562419017821886	0.0909212098320822	0.126149909057582	0.144120252033202	0.146686433976612	0.127281008536771	0.100848627582467	0.0706492813983621	0.0455429126013571	0.0268807811049832	0.0137287199286599	0.00679770588787774	0.00296307667137621	0.00126036799109663	0.00063422363654542	0.000187843306365363	4.64558714667028e-05	8.07928199420917e-06	2.82774869797321e-05	5.04955124638073e-06	
