# <P(N_2)> as a function of N_tot.
# number_of_species: 2
# species_total_upper_bound: 100
# species_total_lower_bound: 0
# volume: 512
# Bin widths for each species index 
1	1	1	1	1	1	1	1	1	1	1	1	1	1	1	1	1	1	1	1	1	1	1	1	1	1	1	1	1	1	1	1	1	1	1	1	1	1	1	1	1	1	1	1	1	1	1	1	1	1	1	1	1	1	1	1	1	1	1	1	1	1	1	1	1	1	1	1	1	1	1	1	1	1	1	1	1	1	1	1	1	1	1	1	1	1	1	1	1	1	1	1	1	1	1	1	1	1	1	1	1	
# Bin lower bound for each species index 
0	0	0	0	0	0	1	2	3	3	4	4	4	5	7	7	8	9	10	11	11	12	13	13	13	15	15	16	17	18	19	20	20	21	22	24	24	25	26	26	27	28	29	30	30	30	31	31	32	34	35	36	37	37	38	39	39	40	41	42	43	44	44	44	45	46	49	51	51	52	52	53	54	55	56	57	58	59	59	60	61	62	62	63	64	64	65	67	68	69	70	71	72	72	73	74	76	76	76	76	77	
# Bin upper bound for each species index 
0	1	2	3	4	5	6	7	8	9	10	11	12	13	14	15	16	17	18	19	20	21	22	23	24	25	26	27	28	29	30	31	32	33	34	35	36	37	38	39	40	41	42	43	44	45	46	47	48	49	50	51	52	53	54	55	56	57	58	59	60	61	62	63	64	65	66	67	68	69	70	71	72	73	74	75	76	77	78	79	80	81	82	83	84	85	86	87	88	89	90	91	92	93	94	95	96	97	98	99	100	
# Normalized histogram for each species index 
1	
0.078830220761009	0.921169779238991	
0.00636764463167161	0.145330367738944	0.848301987629385	
0.000412205693787808	0.0169271796162711	0.201803006584278	0.780857608105663	
9.66826747816715e-05	0.00179734677381009	0.0315454963308132	0.248368281742824	0.718192192477771	
3.1845003996548e-06	0.000206992525977562	0.0039169354915754	0.0493502026934504	0.287206906544467	0.65931577824413	
1.27116287568822e-05	0.000486219799950742	0.00813385345080997	0.0673906998546107	0.315637686801357	0.608338828464515	
4.60227606356219e-05	0.00110295926350887	0.0121833356344714	0.0866910111200512	0.339333749125171	0.560642922096162	
0.000115798206555448	0.001973328341849	0.0178138884879134	0.106312271278714	0.35574319447595	0.518041519209019	
2.38322968932218e-05	0.000246267067896625	0.00318240604514155	0.0250159676389185	0.12710240579093	0.369646868912834	0.474782252247386	
6.05462868396272e-05	0.000544916581556645	0.00508110812451503	0.033327544258539	0.146872545286233	0.378562471818093	0.435550867644224	
9.6018742858606e-06	0.000124824365716188	0.000830562125726942	0.00717900134106178	0.0433908698978041	0.16509942740823	0.381034377910568	0.402331335076607	
7.98167407632077e-06	2.71376918594906e-05	0.000105358097807434	0.00125312282998236	0.00991962454205145	0.0523470112621421	0.180933376966485	0.383923312075475	0.371483074860121	
1.59722211130402e-06	2.07638874469523e-05	0.000158124989019098	0.00187513875867092	0.0131611101971451	0.0627724261963593	0.196902347437337	0.383673515022673	0.341434976289238	
1.43887422480651e-05	0.000252602363910476	0.00282339097889811	0.0171178070277815	0.0732195130529873	0.212360249340916	0.379694926689358	0.314517121803901	
3.19024550534286e-06	6.85902783648716e-05	0.000521605140123558	0.00377087018731526	0.0210556203352629	0.0846419986250042	0.225464220599096	0.374014812309881	0.290459092279446	
1.58868096585448e-06	0.000149336010790321	0.00084041223093702	0.00522517169669538	0.0264642475292039	0.0958498887128983	0.237749283902055	0.36782253798139	0.265897533255064	
1.58880212263964e-06	0.000147758597405486	0.00125992008325323	0.00727512491956689	0.031761743233689	0.10879958055624	0.248137526711736	0.358692733613492	0.243924023482495	
4.77462192952021e-06	0.000246688799691878	0.00174273700427488	0.00937099130700501	0.0382128908425934	0.120076966905504	0.255911777719068	0.349088524673655	0.225344648126279	
4.76726983223977e-05	0.000346421607809424	0.00220247866249478	0.0114335021476551	0.0446057547303235	0.130055888293333	0.263978032420613	0.339965135366627	0.207365114072822	
6.39988736198243e-06	8.9598423067754e-05	0.000502391157915621	0.00288954914393507	0.0142717488172208	0.0514358947282528	0.141122316247234	0.271731217530571	0.32899740964559	0.18895347441885	
1.44288345830307e-05	8.17633959705075e-05	0.000594788625589378	0.00381722834913291	0.0172055836383429	0.0595125298396315	0.150662684308322	0.275459277820797	0.319412714368394	0.173239000819237	
3.35545805198084e-05	0.000175762088437092	0.000915560697040486	0.00495009954525554	0.0207207523895655	0.0657142491922933	0.160061740428156	0.279146946692956	0.307046781476593	0.161234552909182	
6.38511501986569e-06	6.86399864635562e-05	0.000217093910675433	0.00133927787541683	0.00621750575059422	0.0239314110944566	0.0731861883577005	0.170672528202255	0.280239505664395	0.294291547544365	0.149829916498658	
1.59165970315547e-06	1.43249373283992e-05	6.20747284230631e-05	0.000394731606382555	0.00168397596593848	0.00786598225299431	0.0275659543989495	0.0810886952369583	0.178986908598942	0.280541164299073	0.284528271855477	0.13726632445983	
1.26979088131423e-05	7.93619300821396e-05	0.000511090829728979	0.00222689575810484	0.00940756319193683	0.0324336335859688	0.0894075631919368	0.187810007539383	0.280719019086544	0.271963810959883	0.125428356017618	
6.3375874389017e-06	1.26751748778034e-05	9.66482084432509e-05	0.000641680728188797	0.00286617391924329	0.0110955312086571	0.0369085248473038	0.0976352876868598	0.194582947136599	0.281251039760439	0.260712503267819	0.114190650474131	
9.56397823238554e-06	1.59399637206426e-05	0.000113173742416562	0.000733238331149558	0.0033936182761248	0.0136222929956611	0.0414821615866002	0.105299400338565	0.202455073212253	0.27971767136258	0.247603426454601	0.105554439758095	
6.40009216132712e-06	1.76002534436496e-05	0.000171202465315501	0.000990414261965372	0.0042640614024842	0.0159986303802775	0.0467670734458576	0.113064028122005	0.208041395796099	0.276466381115888	0.236027398794543	0.0981854138699597	
6.41240415459665e-06	1.60310103864916e-05	0.000264511671377112	0.00125522811326229	0.00513152642471597	0.0184468836517359	0.0521873512121849	0.119437439783517	0.213558707964687	0.272293123818715	0.226070911571344	0.0913318723739201	
3.19738070572587e-06	1.75855938814923e-05	0.000351711877629846	0.0015267492869841	0.0062237015436954	0.0211107061095551	0.0578182353016409	0.126517157144867	0.217207663482075	0.268023635038177	0.216801596132448	0.08439806110834	
3.19420443547228e-06	7.02724975803901e-05	0.000503087198586884	0.00195006180785583	0.00748082678787608	0.0233656054454797	0.0632212912890851	0.134032012316852	0.221205045565326	0.26392593278755	0.206970073498644	0.0772725966007276	
1.60207629087297e-06	6.40830516349189e-06	0.000128166103269838	0.00054470593889681	0.0022525192649674	0.00829875518672199	0.0263365321456608	0.0679120139701053	0.141485765552156	0.223888559573207	0.261548566942758	0.19631041830212	0.0712859866386837	
1.60603096748912e-06	1.4454278707402e-05	0.000107604074821771	0.000631170170223222	0.00261301238410479	0.00995739199843251	0.0295429396469623	0.0736284897045385	0.147115648683938	0.228844958588491	0.256423722362215	0.185564030045627	0.0655549720309707	
4.83379791502183e-06	6.44506388669578e-06	0.000182073054799156	0.000829801975412081	0.00324508966695132	0.0114625461224884	0.0336802926059005	0.0803183861560028	0.154198153489196	0.232030356250906	0.249723667885858	0.175173613908448	0.0591447400222355	
2.26327003721463e-05	0.000211777410625083	0.00111223556114547	0.00406256971680025	0.0135036390148955	0.036844419584399	0.0864472156928678	0.161097944627482	0.231742685596226	0.244717689395287	0.165653583888104	0.0545836068117962	
3.22002080133438e-06	5.152033282135e-05	0.000281751820116758	0.00145544940220314	0.00454022932988147	0.0153514491703616	0.0413498971203354	0.0923614666550746	0.166038762610406	0.23187691792489	0.237376713453569	0.157975830523865	0.051336791635674	
1.61023076217053e-05	9.33933842058906e-05	0.000412219075115655	0.00156997499311626	0.00523163974629204	0.0175692278460426	0.0455856328770476	0.0974173508805547	0.170682850559314	0.233177516669914	0.23066716691169	0.150843197338611	0.0467337274104752	
1.28463908867703e-05	0.000149339294058705	0.000431959893567652	0.00206505733504833	0.00638786786844653	0.0195795055102988	0.0492739380450683	0.10360132510522	0.176939764878931	0.232028300599124	0.224988478393173	0.141106363299146	0.0434352533870312	
1.7660497801268e-05	2.56879968018444e-05	0.000131650983609453	0.000533025933638271	0.00217063572975585	0.00768071104375148	0.0224175937090096	0.0547025891895276	0.108832014950414	0.181016891463397	0.232304582578079	0.216705546520159	0.133832857837809	0.0396285515662453	
1.28391542849073e-05	4.65419342827888e-05	0.000125181754277846	0.0007302268999541	0.0026336315226916	0.00881247452230322	0.0246046342927391	0.0587262916991658	0.11501635387277	0.184649507136965	0.229479019217004	0.212319489515226	0.12664381297204	0.036199995506296	
1.12551049940509e-05	5.14519085442326e-05	0.000167218702768756	0.000913271376660128	0.00329453001897289	0.00976460751841014	0.0268578962600894	0.063054313920957	0.120551821719137	0.187601697912982	0.229332411486639	0.206359134321639	0.119238190179117	0.0328021995690903	
6.43946101711287e-06	4.66860923740683e-05	0.000273677093227297	0.00117842136613165	0.003651174396703	0.011526635220632	0.0294975610541398	0.0681359370220713	0.124719480979442	0.19117954827181	0.229235153017692	0.199362493359306	0.111198222708759	0.0299885699566946	
1.28693296527051e-05	0.000101345971015052	0.000315298576491274	0.00127084630320462	0.00444152739638983	0.0124800324307107	0.0321668894669363	0.0718961187710434	0.129769494219258	0.195095820202595	0.227077713055774	0.191825401804602	0.105478634499777	0.0280680079725497	
3.21663903037633e-06	4.02079878797041e-05	0.000136707158790994	0.000397254920251477	0.00149252051009462	0.00494558250920361	0.0138749724575283	0.0353283464706232	0.0755958421723893	0.135314354090841	0.199032756643566	0.223287823252119	0.18398371093995	0.100082506791129	0.0264841974566035	
3.21273786307954e-06	8.03184465769884e-06	4.33719611515738e-05	0.000107626718413165	0.00048833615518809	0.0016401026791021	0.00566405685260923	0.0157440218980213	0.0384002493084582	0.0792550303443091	0.141564474829805	0.200974423393872	0.218923989834897	0.177545532527364	0.0954600801256823	0.0241774587886051	
4.80698358575338e-06	9.61396717150676e-06	4.96721637194516e-05	0.000110560622472328	0.000519154227261365	0.00199329586022574	0.00612730174397364	0.0175070342193138	0.0411573934612205	0.0853031283849176	0.146598578414721	0.201361337751485	0.216857450504092	0.171099773751306	0.0890445639424957	0.0222563340020382	
1.12058987851205e-05	1.60084268358864e-06	1.28067414687091e-05	4.64244378240706e-05	0.000120063201269148	0.000640337073435456	0.00242687750832038	0.00709493477366486	0.0200121343875416	0.0455936004712881	0.0901530565689779	0.151191587251529	0.202120796387218	0.211922756138831	0.164600245569268	0.0835479796564912	0.0205035930914033	
1.60345062574661e-06	3.20690125149321e-06	2.08448581347059e-05	7.21552781585973e-05	0.0001892071738381	0.000820966720382263	0.0026216417730957	0.00825135692009204	0.0219624632208513	0.049484089761166	0.095905588827156	0.154495674691937	0.202865366268209	0.20788256327617	0.158082593741732	0.0783542182777337	0.0189864588594656	
8.04968912100615e-06	1.60993782420123e-05	6.60074507922504e-05	0.000299448435301429	0.000940203689333518	0.00301863342037731	0.00912995740104517	0.0241764363060299	0.052955684851451	0.100609844447807	0.158660982512855	0.203462332284727	0.20414172604654	0.151417872241774	0.0731909933638363	0.0179057284807661	
1.61063275318342e-06	5.31508808550527e-05	0.00012240808924194	0.000301188324845299	0.00115643431678569	0.00344836472456569	0.00992955092337576	0.026080976172299	0.0571549138794667	0.10463958870882	0.16204898256329	0.202992877781965	0.200916772163112	0.145221091558029	0.0691976149750191	0.0167344743055757	
9.65948698464625e-06	5.47370929129954e-05	0.000106254356831109	0.000350961360442147	0.00126378288049122	0.00376880983850948	0.0114883498537393	0.0288947454000718	0.0607211450999837	0.109343782751698	0.164786018214573	0.204222483743888	0.195396932468917	0.139235065225686	0.0655122506443683	0.0148450215809038	
1.12740479469153e-05	5.47596614564459e-05	0.000122403949137938	0.000444519604764091	0.00149783779866161	0.00484945119545173	0.0131632562671627	0.0311759637297772	0.0641139000958294	0.113594085956563	0.168825646848501	0.204211662197312	0.190855136536774	0.13279378961016	0.0605400268966572	0.0137462856038461	
3.22935353186322e-06	9.68806059558967e-06	7.10457777009909e-05	0.000143706232167913	0.00048117367624762	0.0017826031495885	0.00539624975174345	0.0143415590350046	0.0336789279838016	0.0682023319161854	0.118601237811209	0.172444249247964	0.202391659225698	0.186128634839235	0.12678441966095	0.0567930258881126	0.0127462583902641	
8.09513401494362e-06	1.94283216358647e-05	4.6951777286673e-05	0.00020237835037359	0.000607135051120771	0.00208044944184051	0.00594506642057459	0.0154730391561632	0.0365543871578794	0.0728772534829314	0.122866325052011	0.174202426921178	0.201026462993095	0.180414632764245	0.122262428054496	0.0540350195497486	0.0113785203714047	
6.49027189371531e-06	2.75836555482901e-05	0.000100599214352587	0.00020768870059889	0.000704194500468111	0.00238842005688723	0.00668498005052677	0.0174036640829976	0.0397886118444217	0.0772066518796639	0.1268685898424	0.175956138742542	0.199749475504903	0.176137866355566	0.116154773513849	0.0497657823130356	0.0108484894703451	
1.62245477407317e-06	9.73472864443904e-06	2.27143668370244e-05	0.000128173927151781	0.000264460128173927	0.00094102376896244	0.00299018414861686	0.0077715583678105	0.0194191611908818	0.0424239474324653	0.0814488521132473	0.131462642978827	0.176819988642817	0.19821529974852	0.171585949541657	0.109883994483654	0.0471712501014034	0.00943944187555772	
4.87456128948395e-06	1.78733913947745e-05	3.41219290263876e-05	0.000138112569868712	0.000313596776290134	0.00119589236968673	0.00349993500584947	0.00886032757051865	0.0210824775770181	0.0456323930846224	0.0856232939035487	0.133896074353308	0.179474847263746	0.195304172624464	0.166916352528272	0.105665865072144	0.0436175744183024	0.00872221500064994	
1.62876529817806e-06	2.11739488763148e-05	3.58328365599174e-05	0.00010912727497793	0.000390903671562735	0.00137793544225864	0.00370381228805692	0.0101586091647366	0.0237522843433307	0.0490698121382105	0.0884468419869634	0.137961307051576	0.179963906560992	0.193995719604796	0.162081692352295	0.100274935582332	0.0401409207735984	0.00851355621357674	
3.2652901291912e-06	6.53058025838241e-06	3.91834815502944e-05	0.000146938055813604	0.000421222426665665	0.00144489088216711	0.00421222426665665	0.011142802565865	0.0257239556377683	0.0520830102056643	0.0939293358563142	0.140325843301992	0.180792583873059	0.190147640093191	0.158004124061433	0.0950183101143994	0.0387606264785642	0.0077975128285086	
6.54579849741195e-06	2.29102947409418e-05	5.07299383549427e-05	0.000157099163937887	0.000526936779041662	0.00163972252360169	0.00449696356772201	0.0122782815315205	0.027639634155322	0.0563249596206055	0.0973752984475002	0.143334986147454	0.181958470181433	0.187880781371967	0.151569600657198	0.0917999145773296	0.0360051646350145	0.00693200060875926	
8.21461840633117e-06	1.15004657688636e-05	7.7217413019513e-05	0.000170864062851688	0.000630882693606234	0.00187950469136857	0.00515713743549471	0.0132321073289183	0.0301805080248607	0.0587033060553238	0.10042535294108	0.147038383625965	0.182541964378129	0.184635049148062	0.1479649925822	0.0876056194561594	0.0334088530585489	0.00632854202023753	
8.24591291326454e-06	6.59673033061163e-06	6.59673033061163e-06	7.2564033636728e-05	0.000207797005414266	0.000809748648082578	0.00218846528718041	0.00574575211796273	0.0147024627243507	0.03251858216475	0.0618690845882238	0.103360869185188	0.149676512836413	0.180789991440742	0.183458368859475	0.144282036608555	0.0831616809128555	0.0313872429130501	0.00574740130054538	
4.95084634718305e-06	1.48525390415492e-05	1.65028211572768e-06	1.65028211572768e-05	9.24157984807503e-05	0.000325105576798354	0.00100997265482534	0.00243911696704552	0.00656482225636473	0.0163740991522501	0.0350982000372964	0.0642487833295102	0.106053729885124	0.151850708878683	0.182273659682123	0.181438616931564	0.139037918532173	0.0790947212425964	0.0290169104408399	0.0050432621456638	
3.30355181373253e-06	3.30355181373253e-06	9.9106554411976e-06	3.63390699510579e-05	0.000138749176176766	0.000477363237084351	0.000981154888678563	0.00268743940047142	0.00770057927781054	0.0178160549314596	0.0362961237774794	0.0682199967294837	0.109750598355822	0.154446002619717	0.182935833461346	0.177526267366359	0.134447951715287	0.0747692882002085	0.0268925635396897	0.00486117649390742	
3.30384104559961e-06	0	4.95576156839942e-06	2.47788078419971e-05	0.000153628608620382	0.000414632051222752	0.00113817324020907	0.00322124501945962	0.00826786221661303	0.0187179114438446	0.0381197179841283	0.0713811377107025	0.114793609049881	0.156032152981056	0.18312199763445	0.174188411447148	0.129485790179663	0.0711135265860089	0.0251835283700831	0.00463363706645346	
3.31414992882863e-06	3.64556492171149e-05	0.000159079196583774	0.000517007388897266	0.00132565997153145	0.00363893662185384	0.008867008134581	0.0200340363197691	0.0407988426988449	0.0751085798370432	0.117431931503149	0.158764352340536	0.183179694866216	0.170009263049051	0.125236754585541	0.0669242865878009	0.0236978290660891	0.00426696803336686	
4.14342893605032e-05	0.000183968244760634	0.000596653766791246	0.00150820813272232	0.00413514207817822	0.0101447714070256	0.0223546277957787	0.0437811275098821	0.0784699145624953	0.12171571105384	0.160915863532025	0.180554059317329	0.166378560241313	0.119284346954165	0.0634789886718653	0.0224126358008834	0.00404398664158511	
6.64116459462331e-06	5.31293167569865e-05	0.000175990861757518	0.000720566358516629	0.00171176017426416	0.00466375783657422	0.0114676309637658	0.0238368000212517	0.0467621002018914	0.0825131495058974	0.124435501009457	0.162157315906917	0.178477977898204	0.161262418977792	0.115705690149825	0.0615934810328339	0.020830012751036	0.00362607586866433	
1.81911392614397e-05	7.77257768443335e-05	0.000226562370801568	0.000732606790256164	0.00191668458218261	0.00514147745125602	0.0121202599679174	0.02564950635863	0.0500603615075493	0.0850915345052837	0.12763399427806	0.162794158990557	0.176665729547371	0.159051745522499	0.111688633845441	0.0581752633580843	0.0196563528419521	0.00329921116605203	
3.2887380454372e-06	2.79542733862162e-05	7.89297130904929e-05	0.000248299722430509	0.000761342857518713	0.00214919031269321	0.00569938303274268	0.0132042832524304	0.0278112132812397	0.0529618374837207	0.0877945064919689	0.129658497441362	0.164479655866451	0.175339068892485	0.155249812541931	0.108117263243748	0.055122538379573	0.0181373903205862	0.003155544154597	
1.31309633038817e-05	3.28274082597042e-05	6.2372075693438e-05	0.000275750229381515	0.000778009575754989	0.00239640080295841	0.00651131642831233	0.0140632616984573	0.0296398669176869	0.0553453689554483	0.0918034885686758	0.131593590120263	0.165381200071564	0.175275380921039	0.151958072834171	0.103332474349484	0.0519477322005689	0.0168010675473166	0.00278868833166187	
8.1986701756975e-06	3.279468070279e-05	9.67443080732305e-05	0.00032958654106304	0.00102319403792705	0.00280722466815882	0.00679669757565323	0.0152528059948676	0.0319420190045175	0.058559821596937	0.0950980151019505	0.135032097793738	0.165068745849423	0.17384460240549	0.147897451033442	0.0994695460396324	0.0489313033425978	0.0153692271113625	0.00243992424428758	
6.54001919495634e-06	4.25101247672162e-05	0.0001422454174903	0.000408751199684771	0.00121480856546314	0.00317681432395004	0.00769106257326865	0.0165086434528685	0.0338544093626915	0.0616315058884698	0.0989406803908969	0.137569303765907	0.166361738271702	0.170910321621794	0.143877152279442	0.0951540092770172	0.0459043947293985	0.0143733271857153	0.00223178155027885	
1.6311909814713e-05	5.21981114070817e-05	0.000151700761276831	0.000473045384626677	0.00139140590719502	0.00356741467647774	0.00787702124952492	0.0176723230932601	0.0354033690618531	0.0650176413304646	0.10219737737114	0.140551570918475	0.167125303197624	0.168718976786521	0.140106255780533	0.0904103913390284	0.0432771279294151	0.0138080316581546	0.0021825335332086	
2.43829488413223e-05	4.55148378371349e-05	0.000177182761580275	0.000643709849410908	0.0014353429217925	0.00358429347967437	0.00853240656454004	0.0193112954823272	0.037697664438607	0.0675992873676819	0.105713087466514	0.142311893677339	0.167910738900882	0.166556672475227	0.135068532341543	0.0868325574137169	0.0415469192956904	0.0130838903482535	0.0019246274285417	
2.11027655985962e-05	9.25275107015371e-05	0.000287322270073194	0.000741843375273727	0.00157296768192613	0.00394134729795319	0.00985336824488298	0.0209339434738074	0.0402640767621215	0.0711471625708363	0.107846495236456	0.145605836050991	0.166153436585378	0.164041536735857	0.131372832299568	0.0824679846696524	0.0398452680294724	0.0120026037566169	0.00180834468283355	
4.71287231691304e-05	8.61318044125486e-05	0.000336401575724482	0.000640300583746116	0.00168363300700755	0.00442359946435768	0.0105844611724326	0.0223666419647152	0.0427587529414824	0.0732250347777474	0.111243288219769	0.146302182872447	0.166616287686727	0.162589219548344	0.126907900724157	0.0796507924126006	0.0377533575152437	0.0110606237892794	0.00172426121663611	
6.5069746634674e-06	3.57883606490707e-05	8.784415795681e-05	0.000276546423197365	0.000727154418642482	0.00191793078205702	0.00504615885151897	0.0116865264955875	0.0237667249583147	0.0441937451706047	0.0768050754402375	0.113439342795559	0.149084550002033	0.16735613485705	0.158301679612835	0.123933466184066	0.076321932571475	0.0351213957460653	0.0103281955345886	0.00156330066289804	
4.88332912824436e-06	2.92999747694662e-05	7.65054896758283e-05	0.000322299722464128	0.000865977032075333	0.00219749810770996	0.00542212310872732	0.0127031668389397	0.0252370449347669	0.047422009164381	0.0787697266149576	0.116770166114579	0.150556292576526	0.166213873538053	0.155729365899713	0.120041996630503	0.0734224812195301	0.0330096771305558	0.00974712493997575	0.00145848763296898	
1.30446763860376e-05	2.28281836755659e-05	0.000102726826540046	0.000375034446098582	0.00103216001904523	0.00222737849291593	0.00594185009384014	0.0130952245070335	0.0272470678013361	0.0495925984506186	0.082161894217458	0.119031041438045	0.151093225410377	0.164969499916025	0.154359286260532	0.11723250668132	0.0698672867236176	0.0312191717608846	0.00907909476468219	0.00133707932956886	
6.5216469767275e-06	3.9129881860365e-05	0.000105976763371822	0.00047771064104529	0.00108096298639258	0.00252061655650518	0.0063064326264955	0.0142824068790332	0.0289870903998096	0.0528171884527719	0.0851547749868752	0.121822735113526	0.151439164446589	0.164966690688066	0.151768507618914	0.112928839049013	0.0660333060511101	0.0297191452729472	0.00841618542346684	0.00112661451522968	
1.62794597172909e-06	3.25589194345818e-06	5.372221706706e-05	0.00016116665120118	0.000434661574451667	0.00119654028922088	0.00275122869222216	0.00723784779030754	0.0158968924139346	0.031355867361474	0.0563155350000244	0.0878928030136536	0.122774801349893	0.152325276628719	0.164083930382518	0.148006335965722	0.108904701670761	0.0637015258737593	0.0280706723905247	0.00776367433917603	0.00106793255745428	
1.62539781611549e-06	1.95047737933859e-05	5.52635257479268e-05	0.000151161996898741	0.000479492355754071	0.00130681984415686	0.00331418614705949	0.0077937825282738	0.0170910580364544	0.0336311062132457	0.0583989181352136	0.0909946459395937	0.125583111466531	0.153814646134641	0.162156187726946	0.143706297116219	0.105265638765088	0.0614319104600851	0.0265216161655565	0.00730941397907138	0.000973613291853181	
4.87047776139854e-06	8.11746293566424e-06	4.54577924397197e-05	0.000175337199410347	0.000574716375845028	0.00148549571722656	0.00386228886478904	0.00853632402314451	0.018978628343583	0.0354960419250726	0.0608192792991707	0.0936446759184098	0.128603341797141	0.154233419270208	0.160305281546084	0.140503542460825	0.101689081687653	0.0579651793309912	0.0252436862373286	0.0069095844508374	0.000915649819142926	
3.25870358995081e-06	6.51740717990162e-06	1.6293517949754e-05	4.72512020542867e-05	0.000267213694375966	0.000658258125170064	0.00152996133548191	0.0042330559633461	0.00956429503650563	0.0201909274433352	0.0377178647018857	0.063727207405078	0.0965423525558827	0.129619823345678	0.154814490151383	0.158100892721848	0.138222800823149	0.0974661950236338	0.0560757713758735	0.0237086979686871	0.00645386245989758	0.00103300903801441	
3.25288408835484e-06	9.75865226506451e-06	2.60230727068387e-05	8.29485442530484e-05	0.000289506683863581	0.000821353232309597	0.00171589635660718	0.00479637758827921	0.0104206141770447	0.0213665691343588	0.0395632027246157	0.0663002834888483	0.0981574038081514	0.132403767490351	0.155905855028715	0.156486494838486	0.134745844033967	0.0938701025796997	0.0539718527939835	0.0219407031759534	0.00612843362246051	0.000993756088992403	
8.11647465793118e-06	1.13630645211036e-05	0.000126617004663726	0.000306802742069798	0.000883072442782912	0.00201288571516693	0.00517506424189692	0.0112851463643875	0.0222716064613631	0.041460575847644	0.0684527239700599	0.102239984676096	0.135551619967177	0.154774678547021	0.154063675366986	0.130521028974191	0.0923265225288987	0.0514730589856679	0.0203902076356547	0.00574646405781527	0.000918784931277809	
6.48200514347108e-06	4.53740360042976e-05	0.000150706619585703	0.000306274743029009	0.000875070694368596	0.00234000385679306	0.00560045244395901	0.012218579695443	0.0239056349691213	0.0433386863892476	0.0713393281077569	0.105473567193276	0.136961527678972	0.154526141116493	0.151383989123195	0.128230266750717	0.088396724642801	0.0491352194887967	0.0193115138236862	0.00563934447481984	0.000815112146791488	
1.13288773082588e-05	4.5315509233035e-05	0.000118144006214698	0.000351195196556021	0.00092249429510107	0.00274806195277477	0.00645584165466345	0.0134328116655068	0.0254041981582482	0.0460518862580718	0.0743514217741022	0.107345967728884	0.1364093932577	0.154728187865154	0.150107624334428	0.125326514428134	0.085944100082539	0.04632377931347	0.0183301234847627	0.00493777209535678	0.000653838061790934	
4.86602218906118e-06	5.67702588723805e-05	0.000118406539933822	0.000400635826899371	0.00113540517744761	0.00294232141698566	0.00657561798481801	0.0145364302861221	0.0271134756374489	0.0478605722442094	0.0767712320768183	0.109871537014209	0.138237202361643	0.154458898332576	0.149875105430481	0.121786803347823	0.082346071498086	0.0439304483228444	0.0171235320833063	0.00433562577045351	0.000519042366833193	
1.13302159053571e-05	5.98882840711732e-05	0.000152148613586224	0.00040141336350408	0.0013207794541102	0.00317569765804437	0.00702635246359359	0.0150432895177698	0.028344962990659	0.0509293204945801	0.079623901576033	0.111201213304263	0.140358714635564	0.155526636528292	0.14734298344008	0.118853964847196	0.0785103032127636	0.0415576133385776	0.0158784882902219	0.00411286837364462	0.000568129397540048	
8.11419594809511e-06	9.89931905667604e-05	0.000111975904083713	0.000519308540678087	0.00148327501931179	0.0033187061427709	0.0074991398952295	0.0162154091826733	0.0308939896527773	0.0533427241627773	0.0819550019149502	0.114361477692453	0.140756957111606	0.154682540197727	0.144924408150548	0.115190748518348	0.0762669505553356	0.039159109645507	0.0148327501931179	0.00386398011048289	0.00051444002310923	
3.23394869987177e-06	2.42546152490383e-05	6.62959483473714e-05	0.000158463486293717	0.000666193432173585	0.00153450865808916	0.00372389192790235	0.00865728066955674	0.0170202720074251	0.033190015506784	0.0555980460481955	0.0848264743976366	0.115709067507062	0.141710015054031	0.154370924214029	0.142562160536447	0.112690176395732	0.071905232367299	0.0374491259445151	0.0140531240752928	0.00360746977470696	0.000473773484531215	
8.05719967191083e-06	2.09487191469682e-05	7.89605567847261e-05	0.000265887589173057	0.000652633173424777	0.00178547544729544	0.00434766494296308	0.00899666915365563	0.0186491943606048	0.0346717416281667	0.0578845338829418	0.087755795946584	0.117865551120515	0.142562479554856	0.152206947562133	0.140710935070251	0.109851860326832	0.0688423254367405	0.0354758501554234	0.0136488962442169	0.00321804554896119	0.000499546379658471	
1.60949991228225e-06	8.04749956141127e-06	8.69129952632418e-05	0.000247862986491467	0.000782216957369176	0.00190886689596675	0.00456293225132019	0.00996441395693944	0.0200302264083527	0.036688550500474	0.0593599662648818	0.0901062430892098	0.119468349988975	0.143248711192945	0.151584311238655	0.138471715453292	0.105766677235716	0.0671193653419946	0.0341696831377523	0.0128309333007141	0.0031562293279855	0.000436174476228491	
1.76764470984112e-05	8.67752857558368e-05	0.000337459444606032	0.00082436521468045	0.00209546245602984	0.00509081676434243	0.0108163786744914	0.0213129743514753	0.0380397141557809	0.0612922768388728	0.0926888607851235	0.121408266470833	0.14368541066404	0.150280332381483	0.135557458898243	0.103781634814245	0.0645045693615749	0.0324073553303326	0.0123574434715257	0.00307409484538733	0.000340673344078471	
1.12436794459115e-05	3.21247984168899e-05	0.000109224314617426	0.000351766542664945	0.000928406674248119	0.00243505972000026	0.00573267027749401	0.0115151339925342	0.0222094793855169	0.0391617355101097	0.0649964983969726	0.0932711397235982	0.122811498107849	0.14436241912582	0.149799541257879	0.133284182391755	0.100120146746079	0.0627927372255739	0.0310935923877078	0.0118042571782862	0.00285750081918236	0.000319641744248055	
6.40211013550066e-06	1.12036927371262e-05	3.20105506775033e-05	0.000108835872303511	0.000454549819620547	0.00116038246205949	0.00259765618747939	0.00608520568379338	0.0122200277211369	0.0234637336466099	0.0414088483564183	0.0663066546733803	0.0945383598434044	0.123940050640691	0.146120161205133	0.148973901798033	0.130865533279769	0.0974849310332686	0.060490337615278	0.0298386348140347	0.0109187988360964	0.0026424709584279	0.000331309199512159	
1.59446656323894e-06	1.27557325059115e-05	3.18893312647787e-06	3.02948647015398e-05	0.000133935191312071	0.000556468830570389	0.00121976692087779	0.00279669435192109	0.00618812473193031	0.0127668937718542	0.0248162775902508	0.0428959339508171	0.0678110684679887	0.0975383030730154	0.125750794442965	0.146477265298508	0.147006628197503	0.128828114910016	0.0948053873836239	0.0582825362860728	0.0287609878677039	0.0103608437279266	0.00261970856340157	0.000336432444843415	
7.97476147488429e-06	1.43545706547917e-05	1.59495229497686e-06	3.50889504894909e-05	0.00019777408457713	0.000709753771264701	0.00127277193139153	0.00286931917866337	0.00659831764431926	0.0134901065109143	0.0258844807951794	0.0449042869127784	0.0698908095658859	0.100348018590764	0.126532350417399	0.147072146072111	0.145820108520554	0.126919923825078	0.0913397280287347	0.055958901269263	0.0273231277652485	0.0102156694493268	0.00226961711575207	0.000323775315880302	
