# <P(N_1)> as a function of N_tot.
# number_of_species: 2
# species_total_upper_bound: 100
# species_total_lower_bound: 0
# volume: 512
# Bin widths for each species index 
1	1	1	1	1	1	1	1	1	1	1	1	1	1	1	1	1	1	1	1	1	1	1	1	1	1	1	1	1	1	1	1	1	1	1	1	1	1	1	1	1	1	1	1	1	1	1	1	1	1	1	1	1	1	1	1	1	1	1	1	1	1	1	1	1	1	1	1	1	1	1	1	1	1	1	1	1	1	1	1	1	1	1	1	1	1	1	1	1	1	1	1	1	1	1	1	1	1	1	1	1	
# Bin lower bound for each species index 
0	0	0	0	0	0	0	0	0	0	0	0	0	0	0	0	0	0	0	0	0	0	0	0	0	0	0	0	0	0	0	0	0	0	0	0	0	0	0	0	0	0	0	0	0	0	0	0	0	0	0	0	0	0	0	0	0	0	0	0	0	0	0	0	0	0	0	0	0	0	0	0	0	0	0	0	0	0	0	0	0	0	0	0	0	0	0	0	0	0	0	0	0	0	0	0	0	0	0	0	0	
# Bin upper bound for each species index 
0	1	2	3	4	4	4	5	5	6	6	6	6	6	7	7	7	8	8	8	8	8	8	9	9	9	10	10	10	10	10	10	10	10	10	10	11	11	11	11	11	12	13	13	14	15	15	16	16	14	14	14	14	14	14	15	15	15	16	15	16	16	15	15	15	15	15	16	16	16	16	17	17	18	18	18	18	18	19	19	18	19	19	19	18	18	18	19	19	19	20	19	20	19	19	20	19	19	19	19	19	
# Normalized histogram for each species index 
1	
0.921250639199357	0.0787493608006428	
0.847992492247429	0.146670474946956	0.00533703280561449	
0.781676968119714	0.201797332465843	0.0160540013012362	0.000471698113207547	
0.714845768369598	0.252019651102709	0.0312646091513775	0.00185356811862836	1.64032576869766e-05	
0.660199248463331	0.287242955380621	0.0483189966238916	0.00414755335827395	9.1246173882027e-05	
0.611417771894331	0.315191780935968	0.065356212170409	0.0075846508646169	0.000449584134675425	
0.559348888407078	0.343793258726797	0.0846411714671692	0.0113244050100902	0.00087559832552244	1.66780633432846e-05	
0.517366064023885	0.355954552993863	0.106427268203682	0.0179134184773594	0.00218112456460441	0.000157571736606402	
0.470313257848171	0.375390945125521	0.126156110451406	0.0244852904283253	0.00326136040541219	0.000326136040541219	6.68997006238397e-05	
0.433606148064765	0.384110164112026	0.145288656041845	0.0313751047388511	0.00504439234538853	0.000499360987211281	7.61737099135852e-05	
0.4009703026014	0.38442911589915	0.163459324880844	0.04296445350136	0.0071451105445802	0.000895270414297042	0.000136422158369073	
0.372960253721418	0.383173904888571	0.178892355960237	0.0535492011526591	0.00960833461217113	0.00168806588572305	0.000127883779221444	
0.341974213793574	0.385249675966983	0.194479500648066	0.0621631762057439	0.0137628760488437	0.00221706801282489	0.0001534893239648	
0.318710749124933	0.379257739997118	0.210312650964904	0.0709037129950589	0.0174674339568272	0.00316125806205558	0.000177979676415998	8.47522268647609e-06	
0.293129567663853	0.375909370890143	0.224666633371623	0.0807904243453362	0.0206346035392632	0.00412858546005427	0.000682548402670263	5.82663270572175e-05	
0.266543934719873	0.368660231532159	0.238597538726905	0.0936245729259959	0.0258649285169337	0.00527415663250075	0.00109463628221714	0.000340000663415929	
0.242817576784755	0.359439460956554	0.250729610185606	0.108031912694804	0.0305568186515646	0.00682898598652391	0.00138894630234385	0.000198420900334835	8.26753751395147e-06	
0.221020603895889	0.351580844660515	0.25945861031187	0.120258292820055	0.0371151238548798	0.00844164434302345	0.00180242748949962	0.000297648576247644	2.4804048020637e-05	
0.203893391676197	0.340410720501218	0.263263885435831	0.132746589760164	0.0455803623224438	0.0116188487229211	0.00211327134404058	0.000339780882767308	3.31493544163227e-05	
0.18652624176413	0.32676417155726	0.272388590755733	0.141393253911777	0.0542081425234623	0.0150527011980209	0.00297202943564928	0.000619521628839569	7.53472251291368e-05	
0.173057326450005	0.317278783234098	0.273949183517067	0.150857749218888	0.0616299340581602	0.0183677078683858	0.00417715868992176	0.000606361745311224	7.57952181639029e-05	
0.160196879643388	0.309063893016345	0.27735377549642	0.15934418478995	0.0666030663244631	0.0207686073213562	0.0056058354721059	0.000911792516547346	0.000151965419424558	
0.150105637063037	0.292433692751867	0.280666313140241	0.170601752480998	0.0734914101495753	0.0238798683534928	0.00692743449239497	0.00148144407127766	0.000370361017819415	4.20864792976608e-05	
0.139531214971894	0.283736995491494	0.278090983817534	0.178007123938259	0.0828054035652903	0.0275658217022725	0.00806217255208031	0.00161077391874725	0.000556298209051885	3.3211833376232e-05	
0.128746212620208	0.271711566328547	0.275869450665261	0.186520221314715	0.0908559478329601	0.0335594783296008	0.00956725069160848	0.00261823211698064	0.000469305756817284	8.23343433012778e-05	
0.115659049667868	0.262683822020051	0.280123820706304	0.191199533619621	0.0985885424792058	0.0366453456387687	0.0114213927366182	0.00300519751373277	0.000591186396144151	7.38982995180189e-05	8.21092216866876e-06	
0.106268315700591	0.248555439659597	0.280344045431216	0.198993360817232	0.104074570771039	0.0426745475918476	0.0145118296660541	0.00380801006639183	0.000645706054736006	9.93393930363085e-05	2.48348482590771e-05	
0.0969260270788541	0.238347044320663	0.276117978134365	0.204652050837187	0.113545237956883	0.047774005296232	0.0168848526103451	0.00453251205764426	0.00102106040859019	0.000182628690967351	1.66026082697592e-05	
0.0913627320954907	0.225878647214854	0.272645888594164	0.211886604774536	0.118144893899204	0.0526525198938992	0.0204575596816976	0.00513925729442971	0.001467175066313	0.000356432360742706	8.28912466843501e-06	
0.0853755596086884	0.215843143757254	0.269457801359642	0.216639031669707	0.12582490465926	0.0576023876637374	0.0213397446526281	0.0060852263306251	0.00151716133311225	0.000306748466257669	8.2904990880451e-06	
0.0756314390162845	0.207028913260219	0.264888667331339	0.223786972416085	0.133607510800931	0.0621136590229312	0.0233881688268528	0.0071036889332004	0.00189431704885344	0.000481887670322366	7.47756729810568e-05	
0.0705279155602318	0.194390166508008	0.263156136746998	0.225128179434507	0.141297994221487	0.0678056682866543	0.0262037176211233	0.00865941847453947	0.00227967333032717	0.00043422349149089	0.000116906324632163	
0.0641563585706853	0.185562511538913	0.255291116295463	0.231340528020678	0.145264429935718	0.0741679394437824	0.0304962991557711	0.0102381631728236	0.00266863597455565	0.000713314647286887	0.000100703244322855	
0.0579826001173599	0.175521103523349	0.248811518280082	0.231666765883984	0.156216248394806	0.0792519581246226	0.0345956610849839	0.0116169304429911	0.00312109331813891	0.00103752965889086	0.00017859117079269	
0.0528920533707145	0.164214953031378	0.245826673390716	0.232791705486653	0.163488413836725	0.0852016787329156	0.0368227158889848	0.0135649141401622	0.00380364637200516	0.00112827263169591	0.000264973118049798	
0.0487995198079232	0.157091407991768	0.236383124678443	0.23265306122449	0.167792831418282	0.0925741725261533	0.0418881838449666	0.0161550334419482	0.00470759732464414	0.00168067226890756	0.000240096038415366	3.4299434059338e-05	
0.0446260869565217	0.150817391304348	0.231008695652174	0.233034782608696	0.172052173913043	0.0963739130434783	0.0466869565217391	0.0181391304347826	0.00537391304347826	0.00141739130434783	0.0004	6.95652173913043e-05	
0.0404284271981037	0.140476713050349	0.227856547122602	0.23069224353628	0.178631315569993	0.102822527544884	0.0494271542074536	0.0208770466616918	0.00594354944910232	0.00241429261226461	0.000386286817962337	4.38962293139019e-05	
0.0377416574313508	0.134879589072422	0.214901402008901	0.234304360828188	0.179736837476032	0.108941544848453	0.0563794043661055	0.0229739476137703	0.00726511513360424	0.00222527134237515	0.000589301106478794	6.156877231868e-05	
0.0355456743757584	0.125114042002888	0.208455494831572	0.230714722268971	0.185833104511192	0.116256410710648	0.0605064793572903	0.0254125441774361	0.00892849234257775	0.00243584860536595	0.000735183397255906	6.20034190456788e-05	
0.0333661593554163	0.117645478961504	0.203276633840645	0.226786034019696	0.188128916741271	0.124136078782453	0.0645299910474485	0.0268218442256043	0.010734109221128	0.00353625783348254	0.000922112802148612	8.95255147717099e-05	2.6857654431513e-05	
0.0311438278595697	0.110643728990275	0.198691330061658	0.226159017778497	0.18751909975013	0.12685829333621	0.0710420823671107	0.0303798378543565	0.0122238400834097	0.00355929461252225	0.00153696812813461	0.000170774236459401	6.29168239587266e-05	8.98811770838951e-06	
0.0283521809369952	0.105241428827859	0.190558248070364	0.227481601148806	0.193672590199246	0.129312511218812	0.071602943816191	0.0342039131215222	0.0133728235505295	0.00422724824986537	0.00136420750314127	0.000439777418775803	0.000134625740441572	3.5900197451086e-05	
0.0279445230885014	0.0998082677800276	0.185720429336822	0.22234665902127	0.195978999050298	0.134866593796477	0.0742827960650098	0.0363932839966312	0.0149354023688785	0.00533087247119537	0.00149622807174727	0.000537566971885247	0.000277742935474044	6.27161467199455e-05	1.79188990628416e-05	
0.025296591551064	0.0959763982173122	0.18031331545863	0.2191863124008	0.19966462512442	0.138606669835092	0.0770286144713362	0.0386936520889192	0.0165624971977367	0.00586457670131011	0.00166790713523499	0.000816019082292386	0.000224181066563842	7.17379413004295e-05	8.96724266255369e-06	1.79344853251074e-05	
0.0229230205081881	0.0896350025489898	0.173322362242753	0.218148807341091	0.200046507883981	0.144362260640914	0.0830791796724772	0.0416961067534814	0.0173689059020294	0.00599236197443855	0.00225384360829629	0.000796000321977658	0.000232539419903586	9.83820622669016e-05	1.78876476848912e-05	2.68314715273368e-05	
0.0201890149584686	0.0842252085512728	0.160170953926486	0.214953103904581	0.203937662616346	0.151945137380077	0.0868270700893216	0.0468960954194719	0.0201174861189346	0.00675947533596202	0.0027538603220586	0.000813640549699132	0.000259292043310712	3.57644197669948e-05	4.47055247087435e-05	8.9411049417487e-06	6.25877345922409e-05	
0.018818925328452	0.0790989999909828	0.157972569635434	0.205430166187251	0.203293086502133	0.157188072029504	0.0952848988719465	0.0482420941577471	0.0222544838095925	0.00831387118008278	0.00272319858610087	0.000919755813848637	0.000324619699005401	9.91893524738726e-05	1.80344277225223e-05	9.01721386126115e-06	9.01721386126115e-06	
0.0170105286028553	0.07319325372756	0.15201745412408	0.198613085161279	0.203492635409783	0.162781434171337	0.102977521478169	0.0520817302034202	0.0238455201383294	0.00946940549153095	0.00310516833995709	0.000995826581327346	0.000307800943319362	9.95826581327346e-05	9.05296892115769e-06	
0.0172058501714202	0.0690331169304836	0.144868334670654	0.199640746954555	0.200306368079364	0.165803486760522	0.105286672988548	0.0580913998103436	0.0255215551827267	0.00945546721132103	0.00325516084324167	0.000993872638412722	0.000328251513604202	0.000182361952002334	2.73542928003501e-05	
0.0146988790387574	0.0656916257601289	0.139625613598066	0.194904388599897	0.202249249029233	0.167402373800278	0.109531833833981	0.0600685031870467	0.0298190343614917	0.0114202505678072	0.00301304124844311	0.00109898161037439	0.000393801743717488	7.32654406916258e-05	9.15818008645322e-06	
0.0132094337372607	0.0586535550805867	0.131809967618541	0.190784585324686	0.20400319227982	0.170786970361333	0.113069083503802	0.0665241760157046	0.0320970893379689	0.0135121499270729	0.00412794804289397	0.00101822718391385	0.00032106262555842	5.50393072385862e-05	2.75196536192931e-05	
0.011600842694045	0.0564586610732389	0.126155714403996	0.185227095005474	0.201308199707449	0.173828646077701	0.116339616739804	0.070552626979089	0.0362100847293903	0.0143699574053119	0.00595221667172651	0.00162834984682472	0.000285191216110544	4.59985832436361e-05	3.67988665949089e-05	
0.0117364630568152	0.0532463829434976	0.122956926444753	0.177399030546077	0.199998160428988	0.173572722841033	0.121347301809218	0.0746497916685829	0.038916124759706	0.0167768876298047	0.00615336503527377	0.00248342086625399	0.000616256289033397	0.0001103742607224	3.67914202407998e-05	
0.00994918178003637	0.0498578022285421	0.11706839479696	0.174031423376381	0.198890391160427	0.175113058883864	0.127120145461327	0.0770851787962143	0.0419972959112313	0.0182945591869085	0.00710522635087883	0.00223786656720593	0.00100703995524267	7.45955522401977e-05	0.000111893328360297	5.59466641801483e-05	
0.00865752086913246	0.0459073964524822	0.111298909828446	0.171901555912373	0.196136980384424	0.175300712696132	0.130060001690188	0.0836079889574354	0.0438510004976666	0.0207611482013578	0.00816924420406209	0.00295782979802248	0.000938993586673803	0.000244138332535189	0.000159628909734547	4.69496793336902e-05	
0.00860133566996637	0.0440486903803344	0.10538530763037	0.166286174394923	0.195254108842893	0.177284137735045	0.131662956472316	0.0865533083881968	0.0474399658977881	0.0226874437550324	0.00947283664093213	0.00359020508691328	0.00107043054042533	0.000397859138919149	0.000208402406100507	5.68370198455928e-05	
0.00843809030674376	0.0385371419804581	0.0992913921890132	0.162663368140456	0.194852764912886	0.176902645533086	0.138298382379733	0.089127328864981	0.0492861183825715	0.0259375389542521	0.01050925792749	0.00418069019743214	0.00146707706469522	0.000326017125487827	0.000124653606804169	2.87662169548083e-05	2.87662169548083e-05	
0.00793266436790516	0.0369512998334044	0.0938747045833172	0.158256169850064	0.191536554182325	0.180020146449188	0.138681182441595	0.0950660571074348	0.053504319863624	0.0260838402231607	0.0115938940761691	0.00431986362403626	0.00151098368912479	0.000416489093797218	0.000213087443338112	3.87431715160203e-05	
0.00674011288476831	0.0351746610547549	0.0903757006807999	0.150803964544097	0.190885815699129	0.181944255872142	0.141193242430708	0.0958938650425742	0.0587311131369164	0.0290358244273329	0.0127334794499292	0.00415074577651919	0.00130923056035068	0.000669162286401459	0.000203658087165661	0.000116376049808949	3.87920166029831e-05	
0.00608351716698574	0.0324097919359384	0.0872586272242252	0.146636087112856	0.186839778039086	0.183205216664561	0.146704113662647	0.0982400559761324	0.0591733802392591	0.0318947337732384	0.013547001486866	0.00523804433387431	0.00172981798038892	0.000728855890613308	0.000174925413747194	0.000116616942498129	1.94361570830215e-05	
0.00579967248908297	0.03006082345602	0.0839831565814099	0.143286026200873	0.184965689332502	0.181710074859638	0.148725046787274	0.1029222551466	0.0617494541484716	0.0321565034310667	0.0152156113537118	0.00606285090455396	0.00214441671865253	0.000867514036182158	0.000233936369307548	0.000116968184653774	
0.00504301683606781	0.0284828030199575	0.0796347958407304	0.137702647339979	0.183226360248932	0.185021167014573	0.151251487543651	0.105113248405158	0.0635888331805146	0.0344817495464211	0.0161630152753663	0.0066232271405997	0.00246785930275659	0.000760841998478316	0.000292631537876275	0.000146315768938138	
0.00486615641633319	0.0264676172345468	0.0761684603131435	0.13470803061502	0.176434593418548	0.183952368001865	0.153084812929795	0.111435953222736	0.0683690120051284	0.0360348109872178	0.0176191771242084	0.00727495240685341	0.00237965732934457	0.000796456738801041	0.000281673724697929	0.000126267531761141	
0.00452788833131453	0.0250043260079599	0.0722731729826383	0.129943665763012	0.173251812116668	0.182817096383457	0.15737055622849	0.115840879813886	0.0701582357578205	0.0376554959527792	0.0187075810886159	0.00831554863394282	0.00288400530656976	0.000999788506277518	0.000192267020437984	5.76801061313953e-05	
0.00417893891290212	0.022281299009295	0.06523734842979	0.126946027617335	0.169605630570325	0.182611023983476	0.162165780514861	0.119735684504456	0.0734709099950274	0.0402402172665723	0.0200722946869143	0.00851088245419424	0.00323222277473894	0.00118578587002257	0.0004303255173469	9.56278927437555e-05	
0.00410140974037123	0.0214131741096126	0.0617309856736804	0.123318898914557	0.167060910703726	0.180757711604128	0.16056542225444	0.123099521184258	0.07806031933767	0.0422826729745713	0.0215562465424162	0.0103775204593579	0.00365311611758646	0.00133534270616738	0.000457831784971672	0.000171686919364377	5.7228973121459e-05	
0.00321204230772886	0.0194718186051374	0.0619696091381653	0.117287059650857	0.166446511893109	0.178220832660198	0.15691491889118	0.126476541637761	0.0828668903059043	0.0458238698457649	0.0234916230316738	0.0114512159195659	0.00417185376654724	0.0014919841488563	0.000541675773788594	0.000114037005008125	4.75154187533855e-05	
0.00315967722099766	0.0183526161938188	0.0577634404533285	0.114022723187679	0.161030016933599	0.17872042532661	0.159450178323101	0.127096597197915	0.0876100920468843	0.0491452789313858	0.0247854919730954	0.0123076049835867	0.00430435070525131	0.00140009649313669	0.00071896846944857	0.00010406122584124	2.83803343203383e-05	
0.00304846784192715	0.0185704830003636	0.055254644951383	0.110155033700952	0.155639665507565	0.176447556098334	0.163880783465558	0.127681393159126	0.0864198681794028	0.0530358824242311	0.0285083017144136	0.013797346807499	0.00494094176214493	0.00164076556629718	0.000745802530135083	0.000167805569280394	6.52577213868198e-05	
0.00283852172776336	0.0170964910642589	0.0514668808007619	0.105436142598368	0.152663915292536	0.175381426357168	0.165446600309996	0.128835272367364	0.0918037685110833	0.0545014846215616	0.030616818241237	0.0148555528581299	0.00618125455190573	0.00179275056490317	0.00063493249173654	0.000289454518291658	0.000102709667780911	5.60234551532241e-05	
0.00260411805335175	0.015736713397674	0.0473501465399765	0.0993578375553025	0.151412197352947	0.174186563124195	0.16650488155463	0.130737926786014	0.0940935989098172	0.0591760159793911	0.0316601019246206	0.0161007298997555	0.00699098359125614	0.00271612313091527	0.000868039351117251	0.000214676398663406	0.000224010155127032	6.53362952453845e-05	
0.00276466810019827	0.014251538253884	0.0444394798328167	0.094417604512832	0.146620495778529	0.173950682789243	0.168002457482756	0.134863674867584	0.0969402477961779	0.0622655384586743	0.0325802638070504	0.0166438604820017	0.00708388021633295	0.00323940908710101	0.00107980302903367	0.000484049633704748	0.000260642110456403	0.000102395114822158	9.30864680201439e-06	
0.00253451301142852	0.0140744385543064	0.0435787695078588	0.088940053661118	0.139388931698124	0.172876068812492	0.170490098688181	0.138367699349196	0.101046298961128	0.0640869718604068	0.0346104926981887	0.0173888017230975	0.00705578713804276	0.00324937565567759	0.00145757707983252	0.000519900104908414	0.000194962539340655	0.00012069109578231	1.85678608895862e-05	
0.00236327434451702	0.013658609203744	0.0420737267161652	0.0854965667392397	0.135302108338451	0.1677645657716	0.171337389977484	0.140931167308659	0.104291110738942	0.065250562905897	0.0375425668508904	0.0204134799679935	0.00781555295037124	0.00338673961182754	0.00124676678017827	0.000790859524739947	0.000148867675245166	0.000130259215839521	5.58253782169374e-05	
0.00216666511015437	0.0131680939884382	0.0401766952753626	0.0822865788171129	0.131316716008106	0.164134221167945	0.166440972384359	0.146436676410434	0.107184549436387	0.06919319741868	0.039270805121548	0.0220682312728224	0.01010487779822	0.00344611821399554	0.00128879217759183	0.000784482195055894	0.00034554572877462	0.00012140795875865	6.53735162546579e-05	
0.00200504070982189	0.0115711461524768	0.0380208186937253	0.0807356812922206	0.125699187677432	0.162464513590241	0.167701979743467	0.147398600219243	0.108600125549278	0.0708603873288923	0.0423494579831539	0.02368571455341	0.01166483964359	0.0046753052065473	0.00148035715958812	0.000580899644901669	0.000346665917118738	8.43241420018551e-05	7.49547928905379e-05	
0.00168404321746864	0.0102461730590929	0.036651592272323	0.0754791954436224	0.123531192643191	0.158697420954039	0.168867906677515	0.148139037635528	0.112480841643172	0.0741735889042366	0.0440973339136029	0.0244280875702473	0.0123654184563568	0.006130674184942	0.00186380063955799	0.000709568771405325	0.000312210259418343	7.5687335616568e-05	5.6765501712426e-05	9.46091695207099e-06	
0.00142857142857143	0.0105014191106906	0.0323841059602649	0.0721002838221381	0.120444654683065	0.156064333017975	0.166490066225166	0.152005676442763	0.115837275307474	0.0774645222327342	0.0457710501419111	0.0262062440870388	0.0127625354777673	0.00602649006622517	0.00299905392620624	0.000946073793755913	0.000387890255439924	9.46073793755913e-05	7.5685903500473e-05	9.46073793755913e-06	
0.000982430705251712	0.00981476889033021	0.0305316571602984	0.0664905286049484	0.11704278819557	0.157808893382423	0.164943438698232	0.153259190019267	0.117958451765514	0.0819900421586769	0.0490356918029034	0.0253619732549932	0.0135632666297858	0.00661948455771542	0.00268022357452166	0.0014593388145972	0.000333835676541844	6.67671353083688e-05	5.7228973121459e-05	
0.00129962647772344	0.00815395278986484	0.0301898417343756	0.0648080403558089	0.111883399437791	0.150968462397474	0.166554353267357	0.151218760830221	0.121086680272633	0.0866032577303708	0.0530151334283184	0.0283511109399669	0.0134487273287381	0.00670029650737418	0.0034464168816666	0.00154992491047018	0.000471716277099619	0.000154029804767222	8.66417651815626e-05	9.6268627979514e-06	
0.00113753578899675	0.00729758129042831	0.0274840214782181	0.0625355479934061	0.110398812335515	0.146771037181996	0.162976102108297	0.152950362951038	0.122853865211649	0.0893736805066854	0.057966124569809	0.030154338542219	0.0153567331514561	0.00722046021998785	0.00335476656415991	0.00124357726085238	0.000674809366354005	0.000163882274685973	7.71210704404577e-05	9.64013380505721e-06	
0.00109196679647865	0.00645516654909502	0.0257336953895809	0.0615560043678672	0.105447271532522	0.144477836939401	0.161427480842264	0.151715740749688	0.127083675579564	0.0928654948155736	0.0588309190881594	0.0323821303982297	0.016988297594774	0.00808828503232415	0.00368176415449881	0.00124658156412164	0.000657112762482727	0.00020293188253143	2.89902689330615e-05	3.86536919107486e-05	
0.00131539203554482	0.00668414026950921	0.0253919381083688	0.0573316054603385	0.103428788572653	0.141380284709298	0.159620387602186	0.152078806598396	0.128664828365698	0.0955364363593846	0.0625736863131023	0.0345412204889361	0.0177431770127934	0.00822363613333203	0.00366361041011001	0.00117898100963646	0.000428720367140533	0.000185129249447048	2.92309341232181e-05	
0.00106019783875266	0.00619583507601327	0.0236745095369173	0.0566573615663694	0.0983163280193754	0.140062833743471	0.158922683370456	0.153641147348046	0.129149604614292	0.0965558160119053	0.0662477750435265	0.0361245392030036	0.0184902393712735	0.0086761144235539	0.00388090768497534	0.00145898785149449	0.000622501483304316	0.000223711470562488	3.89063427065197e-05	
0.000829883526811993	0.00650397089617771	0.021837516525297	0.0555732468710496	0.0952146599889992	0.135184166594293	0.157899815688659	0.156876935992821	0.131208445512357	0.097028823977844	0.0670372193111967	0.0399502069883913	0.0185565816518542	0.00893572262590588	0.00445821150450164	0.00169836628742919	0.000916731802873713	0.000164046743672138	0.000125447509866929	
0.000915010016951764	0.00583680073971336	0.0202458005856064	0.0514331946370781	0.094737247649869	0.131751810756665	0.156611188164586	0.155513176144244	0.133273616890122	0.100583680073971	0.0688761750654955	0.0419459855139467	0.0213341809215596	0.00944868238557559	0.00430536292186778	0.00193596856218215	0.000905378332562799	0.000231160425335183	0.000105948528278625	9.63168438896594e-06	
0.000675011089467898	0.00599795568070047	0.019691037781335	0.0489672330331141	0.0888893174673584	0.129544271084454	0.152070355441554	0.156149351025053	0.134413993944186	0.105031725521205	0.0727565524290756	0.0436635744730092	0.0236446741625041	0.0111955410696033	0.0043393570037222	0.00204431929953135	0.000646082042776417	0.000173574280148888	7.7144124510617e-05	2.89290466914814e-05	
0.00049254898930879	0.00480959601325053	0.019025911939967	0.0476613580831152	0.0891223935949316	0.126575432429039	0.15024675738582	0.155722743208136	0.133635301275798	0.103956810214114	0.074210714389191	0.0457297934191592	0.0255835739740977	0.013530610471012	0.006238953864578	0.00236616671334615	0.000724336748983514	0.000299392522913186	2.89734699593406e-05	3.86312932791208e-05	
0.000490941645328353	0.00416819083190543	0.0177124044589053	0.0445024162029996	0.0847211258928399	0.123688415702432	0.151527694884581	0.154348202768526	0.135913825301785	0.107901272597755	0.0753547294045167	0.0459367359119	0.027309832309736	0.0151421805510098	0.00712346701064669	0.00286863941780097	0.000789357155233823	0.000433183804701488	5.77578406268651e-05	0	9.62630677114418e-06	
0.000587343690791967	0.0037514209928003	0.0161519514967791	0.0417298219022357	0.0808450170519136	0.120898067449792	0.150511557408109	0.156763925729443	0.13917203486169	0.109037514209928	0.0786756347101175	0.0473948465327776	0.0273872679045093	0.0144751799924214	0.00755968169761273	0.00347669571807503	0.00116521409624858	0.000331564986737401	4.73664266767715e-05	3.78931413414172e-05	
0.000518667307928066	0.00390415028149489	0.0144566724191586	0.0379947378844032	0.0777152233570034	0.116011731311474	0.147688158353844	0.157109042728756	0.140313652266576	0.114059656170726	0.0795541347214757	0.0508105355475712	0.0297809337897606	0.0156637526994276	0.007921464339265	0.0039324412255637	0.00181062042040343	0.000622400769513679	9.43031468960119e-05	2.82909440688036e-05	9.43031468960119e-06	
0.000419091967403958	0.00334342258440047	0.0140256111757858	0.0365075669383004	0.0724935972060536	0.115166472642608	0.144763678696158	0.155278230500582	0.141485448195576	0.114663562281723	0.0822724097788126	0.0541001164144354	0.0327636786961583	0.0167264260768335	0.00922002328288708	0.0039860302677532	0.00182537834691502	0.000782305005820722	0.00010244470314319	7.45052386495926e-05	
0.000538333023946538	0.00286801559309449	0.0131705958789679	0.0348895489140523	0.0687302765917951	0.109439391126787	0.143261555596807	0.153517727863375	0.144282532021533	0.116799702988676	0.0847039168368294	0.0571932429923891	0.0354650083534435	0.0186281789493224	0.00914237980323	0.00486356042324114	0.00169853350658994	0.000584741043252274	0.000139224057917208	8.35344347503249e-05	
0.000607997936491852	0.00310447431208718	0.01180068722191	0.0334122502372113	0.0669626818236253	0.105165218833197	0.138531408620674	0.154984201265741	0.146665684043739	0.118172689838144	0.0875885512146141	0.0587362855010916	0.036065332141903	0.0205061122216797	0.00987536042301917	0.00507586156071228	0.00194375097878456	0.000598785846545006	0.00014739343914954	4.60604497342312e-05	9.21208994684624e-06	
0.000329733740004946	0.00330649667060515	0.0108079392557177	0.0304820524093461	0.0638126379615127	0.105047674003242	0.13561215984759	0.150569248665036	0.1466490808672	0.122138872860165	0.0905668672546918	0.0614953425109224	0.0384964141455774	0.0206083587503091	0.0114307696535048	0.00516582859341082	0.0024730030500371	0.000806015808900979	0.000183185411113859	1.83185411113859e-05	
0.000466605672461116	0.00270814272644099	0.0107319304666057	0.0285910338517841	0.0634126258005489	0.100201280878317	0.133778591033852	0.151930466605672	0.143156450137237	0.12416285452882	0.0927447392497713	0.0635956084172004	0.0402653247941446	0.0223787740164684	0.0118572735590119	0.0059743824336688	0.0027996340347667	0.00103385178408051	0.000164684354986276	4.57456541628545e-05	
0.00042771210425255	0.00259357339812717	0.00989197994303239	0.0273917751872378	0.0582598487537197	0.0998844267292764	0.131735328109785	0.152684120960623	0.145212809522509	0.124227615641523	0.0934687451654882	0.0654217514355656	0.0411422643260804	0.0232602582653089	0.0134501806401121	0.00658858645699673	0.00263907468581361	0.00135593837305596	0.000336709528879667	2.73007726118649e-05	
0.000531847765337949	0.00312798600969946	0.0100510213279968	0.0255467214740296	0.0541853714821425	0.0953449798979573	0.130672291632863	0.150404745163791	0.148214253520111	0.125290713397155	0.0976256152306777	0.0654443182432798	0.0431878414192222	0.0251500892422521	0.0138550850054988	0.00658950366884814	0.00296572736942687	0.00122595417094849	0.000459732814105684	0.000126201164656462	
0.000723020054768769	0.00315417498892876	0.0114327546160312	0.025721438448399	0.0495720625050837	0.087765596898244	0.128182417959818	0.151951702260341	0.151310021961734	0.128001662946126	0.0976438583965223	0.0670962610825418	0.0436794490587183	0.026091986226468	0.0151382323967211	0.0076188238271259	0.00275651395880593	0.00131047384926839	0.000668793550661111	0.000180755013692192	
