# <P(N_2)> as a function of N_tot.
# number_of_species: 2
# species_total_upper_bound: 100
# species_total_lower_bound: 0
# volume: 512
# Bin widths for each species index 
1	1	1	1	1	1	1	1	1	1	1	1	1	1	1	1	1	1	1	1	1	1	1	1	1	1	1	1	1	1	1	1	1	1	1	1	1	1	1	1	1	1	1	1	1	1	1	1	1	1	1	1	1	1	1	1	1	1	1	1	1	1	1	1	1	1	1	1	1	1	1	1	1	1	1	1	1	1	1	1	1	1	1	1	1	1	1	1	1	1	1	1	1	1	1	1	1	1	1	1	1	
# Bin lower bound for each species index 
0	0	0	0	0	1	2	2	3	3	4	5	6	7	7	8	9	9	10	11	12	13	14	14	15	16	16	17	18	19	20	21	22	23	24	25	25	26	27	28	29	29	29	30	30	30	31	31	32	35	36	37	37	37	38	39	41	42	42	44	44	45	47	48	49	50	51	51	52	53	54	54	55	55	56	57	58	59	59	60	62	62	63	64	66	67	68	68	69	70	70	72	72	74	75	75	77	78	79	80	81	
# Bin upper bound for each species index 
0	1	2	3	4	5	6	7	8	9	10	11	12	13	14	15	16	17	18	19	20	21	22	23	24	25	26	27	28	29	30	31	32	33	34	35	36	37	38	39	40	41	42	43	44	45	46	47	48	49	50	51	52	53	54	55	56	57	58	59	60	61	62	63	64	65	66	67	68	69	70	71	72	73	74	75	76	77	78	79	80	81	82	83	84	85	86	87	88	89	90	91	92	93	94	95	96	97	98	99	100	
# Normalized histogram for each species index 
1	
0.0784930035396827	0.921506996460317	
0.00522703579288776	0.146132572686204	0.848640391520908	
0.000483569464392687	0.0159144875968041	0.20170620628929	0.781895736649513	
9.42828339969394e-05	0.00192191930839915	0.0311713554245266	0.251662641514908	0.71514980091817	
0.000109394827812541	0.00407678058314736	0.0488994880322058	0.286308143350982	0.660606193205852	
0.000407006323133949	0.00751508103786612	0.0664219783414492	0.314041718148121	0.611614216149429	
1.45224298929697e-05	0.000885868223471151	0.0116832948488941	0.0854281938453942	0.342620427249887	0.55936769340246	
0.00015868436237738	0.00214223889209463	0.0179818234275822	0.106044431621466	0.356563762261973	0.517109059434507	
5.80884541936233e-05	0.000319486498064928	0.00312951546968146	0.0246803319755157	0.126080989827259	0.373966207041773	0.471765380733512	
6.62417381832099e-05	0.000493132939808341	0.00506381287444983	0.0317077120103632	0.145091487200624	0.383782550454124	0.433795062782447	
0.00011896353024276	0.000877356035540355	0.00740547975761181	0.0428120004461132	0.16381278114428	0.384162980036433	0.400810439049779	
0.000111283394291904	0.00164699423552018	0.00969649308930121	0.0530895979701909	0.179455601635124	0.383378712228561	0.372621317447011	
0.000162812210915819	0.00213876040703053	0.0138242368177613	0.0622978723404255	0.19550046253469	0.384481036077706	0.341594819611471	
7.37028301886792e-06	0.00021373820754717	0.00297759433962264	0.0173275353773585	0.0710716391509434	0.211401827830189	0.379613797169811	0.317386497641509	
5.08041572316089e-05	0.000711258201242525	0.00386837368634965	0.0210038901468966	0.0815769610404691	0.226586541252976	0.375261278522905	0.290940892991929	
0.000339624822961528	0.00104055264907362	0.00536173656675434	0.0260716247073446	0.0947625516663295	0.239637829869642	0.367459606324248	0.265326473393647	
7.23055342655927e-06	0.000173533282237422	0.00142441902503218	0.0067461063469798	0.0309973825396596	0.109123512313632	0.251702795331955	0.358432994461396	0.241392026145681	
2.17520555692513e-05	0.000261024666831016	0.0017401644455401	0.00830928522745399	0.0375875520236662	0.120839919372381	0.259581780478255	0.350316854942792	0.221341666787511	
2.91273447512525e-05	0.000298555283700338	0.00217726902015612	0.0116582197366888	0.0453804031224514	0.132755155540021	0.26355149714552	0.340265641384131	0.20388413142258	
6.63922453857389e-05	0.000597530208471651	0.00312043553312973	0.0151153011994866	0.0541170569055312	0.141393351923162	0.272923766948465	0.326576078136296	0.186090086900072	
6.69349020891127e-05	0.000617288541488484	0.00415740114086822	0.0179980514506281	0.0611413144527328	0.150863832097517	0.274232293859095	0.317167314943589	0.173755568611993	
0.000164108072625282	0.000850378194512823	0.0054379447701741	0.0206254009458593	0.0658446344119709	0.160072505930269	0.277335183278879	0.308224798221665	0.161445046174044	
3.73114837284619e-05	0.000350727947047542	0.00138052489795309	0.00672352936786884	0.0240808315983493	0.073675255770221	0.170453782265106	0.280201780504004	0.292626504585581	0.150469751580141	
2.94935224851242e-05	0.000538256785353517	0.00157053007233286	0.00797062445160482	0.0279377391740339	0.0827661974738798	0.17727819027746	0.277740501242415	0.284959040870649	0.139209426129786	
7.3104224693145e-05	0.000453246193097499	0.00247823321709762	0.00951817005504748	0.0334744244869911	0.090049783977016	0.186167218603563	0.277006528207265	0.27257641219086	0.128202878844368	
7.26765312945144e-06	6.54088781650629e-05	0.000595947556615018	0.0030088083955929	0.0113956801069799	0.0363891392191633	0.0974592284659438	0.191771563126835	0.280633157940638	0.262594842873339	0.116078955783598	
2.18904601374721e-05	8.75618405498884e-05	0.000583745603665922	0.00370678458327861	0.0143090641098609	0.0419713089035798	0.103571063730426	0.198874830348934	0.279869532857581	0.249689885148052	0.107314332413934	
1.46167844535881e-05	0.000190018197896645	0.000957399381710018	0.00434849337494245	0.0164950412558741	0.0475995585731095	0.112929276688421	0.203955301873141	0.275175584123249	0.239846816098926	0.0984878936482763	
7.29863077686626e-06	0.000335737015735848	0.00134294806294339	0.00496306892826906	0.0198595743438531	0.0524771552856684	0.117668525384638	0.211638396636791	0.272560067731294	0.227841356961434	0.0913058710185969	
1.45347780902755e-05	0.000312497728940923	0.00147527997616296	0.00585751557038103	0.0212280434008474	0.0571652822290536	0.125086300244911	0.21632110231757	0.269809085689784	0.21654639137797	0.0861839666862886	
9.46790380609733e-05	0.000451546181521565	0.0018425997407251	0.00707179584286193	0.0235022504479047	0.0616142047689103	0.132506955267796	0.223770264955647	0.265531003743464	0.207689394491137	0.0759253055219728	
0.000102538561823429	0.000461423528205429	0.00221922744517849	0.00851802481433196	0.0257298548346932	0.0669357083217367	0.141034467605139	0.225775264769215	0.264505544406521	0.194566921059956	0.0701510246531999	
9.58914214059158e-05	0.000693368739396622	0.00252268200929409	0.00993582651028989	0.0297558456885742	0.0733053035332301	0.146005753485284	0.232374419119274	0.256280888102087	0.185999852474736	0.0630301689164269	
0.000156426911387879	0.000953459269411835	0.00313598712829986	0.0111361063107085	0.0339446397711698	0.0793978308801621	0.156955783326381	0.232003456289852	0.249091234133842	0.175719563792384	0.0575055121864013	
0.000231923091310365	0.00112968989638275	0.00377810197134628	0.0131522836943104	0.036456813675981	0.0856095462536939	0.163737702465118	0.23233456776269	0.245995585979875	0.164276362548161	0.0532974226611304	
2.99255601690794e-05	0.000239404481352635	0.00176560804997569	0.00465342460629185	0.0159578049601616	0.0418434145064153	0.0928664945946957	0.167762690307859	0.232633823364381	0.236666292597165	0.156323644933229	0.0492574720383047	
6.83086030890668e-05	0.000409851618534401	0.0014951994231718	0.00551022731585139	0.0179879321467876	0.0469204204774012	0.097461196918523	0.172137679784448	0.23217335205495	0.22995711737695	0.150316876019885	0.0455618382604076	
6.10039728837341e-05	0.000419402313575672	0.00238678043907609	0.00613852477142574	0.0206422193245335	0.0500918872341561	0.103866889331168	0.177857082942527	0.229977352275067	0.227300802964793	0.140156627700379	0.0411014267304158	
5.35020942248311e-05	0.000626738818062307	0.00223180164480724	0.00743679109725152	0.022929468953499	0.0571402366321196	0.109579932128772	0.17914029777737	0.234025803295729	0.214466966278394	0.133992173407931	0.0383762878718396	
7.71581124039381e-05	0.000794728557760563	0.00246905959692602	0.0089889200950588	0.0250995339650011	0.0610474985339959	0.116539612974908	0.184932563809759	0.229645689947841	0.209275948273201	0.125551680503688	0.0355776056294559	
2.33268795633208e-05	0.00017883940998546	0.000948626435575046	0.00346015380189259	0.0106526083339165	0.0266470720878335	0.0650197889694962	0.122979309057827	0.187898014882549	0.226776147488084	0.204055766793409	0.117847395553897	0.0335129503059709	
7.80262480298372e-06	5.46183736208861e-05	0.000234078744089512	0.00147469608776392	0.00347216803732776	0.0121486868182457	0.0303990262324246	0.0703328599740953	0.126090416816217	0.188932756979448	0.226947145019585	0.198178867370984	0.1106178118319	0.0311090650894961	
3.12319440323563e-05	0.000132735762137514	0.000452863188469166	0.00124146977528616	0.0040757686962225	0.0134687758639537	0.0339959710792198	0.0716851195402658	0.129448600028109	0.194122148133111	0.226900073395068	0.19060855442947	0.105228227431016	0.0286084607336384	
1.56051278450099e-05	5.46179474575345e-05	0.000265287173365168	0.000561784602420355	0.00140446150605089	0.00512628449708574	0.0146063996629292	0.0362351068561129	0.0749358239117374	0.134539609715753	0.19701473904325	0.222131192309793	0.18549035212971	0.100021066922591	0.0275976685939	
1.55580275532668e-05	7.7790137766334e-06	6.22321102130672e-05	0.000217812385745735	0.000731227295003539	0.00157913979665658	0.00559311090539941	0.0163437079447068	0.0388872898693904	0.0765299375345194	0.138940965064449	0.20185762848986	0.218776983454038	0.179337383606506	0.0964364337889242	0.0246828107132578	
2.32549126002868e-05	1.55032750668579e-05	8.52680128677183e-05	0.000209294213402581	0.000705399015542033	0.00206968722142553	0.00579047323747142	0.0177047401263517	0.0409208945389714	0.0830200379830239	0.145141661175923	0.201565830781753	0.217712491763885	0.173342118522538	0.0892058447347002	0.0224875004844773	
5.41812440013623e-05	7.74017771448032e-06	3.87008885724016e-05	3.09607108579213e-05	0.00023994550914889	0.00071983652744667	0.00263940060063779	0.00680361621102821	0.0203798879222267	0.0461237190005883	0.0870537787547602	0.153356141056999	0.204487755038856	0.214596427133967	0.159927551936592	0.0835629586055296	0.0199773986810737	
7.78700971040111e-06	7.78700971040111e-06	1.55740194208022e-05	8.56571068144122e-05	0.000288119359284841	0.000856571068144122	0.00274881442777159	0.00859685872028282	0.022247486742616	0.0484352003986949	0.095749071399092	0.157313170169523	0.203622516917279	0.205265575966173	0.157305383159813	0.0786332240556304	0.0188212024700395	
7.81225586700416e-06	8.59348145370457e-05	0.000265616699478141	0.000992156495109528	0.00326552295240774	0.00953095215774507	0.0242648667229149	0.0518343176775726	0.10240304990469	0.162416799475016	0.203704571732133	0.199017218211931	0.152370238430049	0.0724196118871285	0.0174213305834193	
2.35784178881597e-05	0.000172908397846505	0.00029865995991669	0.00106102880496719	0.00337171375800684	0.00991865445828585	0.0259991354580108	0.0585923684520769	0.104947538020199	0.164671670530907	0.20025150312414	0.200031437890518	0.144457106928125	0.0687389476166149	0.017463748182497	
3.15243604495374e-05	7.88109011238434e-05	0.000472865406743061	0.00122945005753196	0.00330217675708904	0.0117585864476774	0.0299244991567234	0.0615907192282837	0.109105811515849	0.16589694686569	0.202614945699289	0.193874816764655	0.139266743375944	0.066027772961556	0.014824330501395	
7.90939002784105e-06	3.16375601113642e-05	0.000102822070361934	0.000419197671475576	0.00131295874462161	0.00444507719564667	0.0137939762085548	0.0316850164515313	0.066581245254366	0.113230827638573	0.169822513287775	0.202290559352063	0.191454695013921	0.132553467476588	0.0592808782586687	0.012987218425715	
7.93556322660001e-06	2.38066896798e-05	7.14200690394001e-05	0.0001031623219458	0.000317422529064	0.001825179542118	0.00580089671864461	0.0144506606356386	0.0353370630480498	0.0702694123715431	0.11704955759235	0.171312938935841	0.201364916874975	0.185977859778598	0.126929333809467	0.0574455421973575	0.0117128913224616	
1.58597993735379e-05	3.17195987470759e-05	7.13690971809207e-05	0.000134808294675072	0.000602672376194441	0.0025296380000793	0.0060029340628841	0.0165497006462868	0.0384838031798898	0.0745886364537489	0.121105428016336	0.172760794575949	0.19997621030094	0.177590103485191	0.12403949090044	0.0537647198762936	0.0117521113357916	
8.02194804986443e-06	4.81316882991866e-05	0.000152417012947424	8.82414285485087e-05	0.00101878740233278	0.00227021129811163	0.00698711675143192	0.018282019605641	0.0415617128463476	0.0776043254343885	0.126113045291919	0.17457363346115	0.198342665532898	0.174461326188452	0.117906592436907	0.0505543166102456	0.0100274350623305	
4.03225806451613e-05	0.000233870967741935	0.000274193548387097	0.000991935483870968	0.00290322580645161	0.008	0.0214516129032258	0.0440887096774194	0.0829758064516129	0.128475806451613	0.174879032258065	0.19616935483871	0.172290322580645	0.111524193548387	0.0468629032258065	0.00883870967741936	
4.89061328290568e-05	0.000220077597730755	0.000350493951941573	0.00103517981154837	0.00364350689576473	0.00956929999021877	0.0231326008281438	0.0466156956082293	0.0859606794692054	0.131720517752926	0.176151739428124	0.194304065729843	0.167413843695999	0.106484953213133	0.0445371849629944	0.00881125493136839	
2.4709050925354e-05	2.4709050925354e-05	0.000107072554009867	0.000280035910487345	0.00142488860336208	0.00400286624990734	0.0106743099997529	0.0254667951537315	0.0489568662334346	0.0890102377834334	0.136484560961347	0.176735604918748	0.195110902456903	0.163936316539415	0.100467001062489	0.0388838098061987	0.0084093136649288	
3.3325557369947e-05	0.000183290565534709	0.000383243909754391	0.00147465591362016	0.00413236911387343	0.0114140033992069	0.0255190455560369	0.0530626187222981	0.0945196120905122	0.137484586929716	0.180366247875496	0.192196820741827	0.15853800779818	0.0949861698936915	0.0376162228813277	0.00808977905155464	
3.33380562246318e-05	0.000100014168673895	0.000175024795179317	0.000658426610436479	0.0013085187068168	0.00396722869073119	0.0124517639999	0.0284123584174425	0.0577831859513431	0.0952884992040539	0.141711742496854	0.182067459556771	0.190777026745456	0.152138219581107	0.0910128934932449	0.0354550227948959	0.00665927673087021	
1.67177952571615e-05	0.000100306771542969	0.000150460157314453	0.000727224093686525	0.00165506173045899	0.00506549196291993	0.0136500798274724	0.0317220165004639	0.0595237100131235	0.0987185809935386	0.146982855900964	0.182834167829947	0.186963463258465	0.146506398736135	0.0871833022660971	0.0322235503581788	0.00597661180443523	
0.00010080814529814	0.00023521900569566	0.000840067877484501	0.00207496765738672	0.00595608125136511	0.0152976360489928	0.0326702397553722	0.0626354609452444	0.10352996522119	0.148187973588266	0.180538987550194	0.185226566306558	0.143500394831902	0.0835699524521581	0.0300744300139451	0.0055612493489474	
0.000126097044285282	0.000319445845522714	0.00084064696190188	0.00249672147684858	0.00644776219778742	0.0164178351659437	0.0345926224822624	0.0642086149500656	0.10589629779078	0.151535021352433	0.183849490567941	0.182807088335183	0.137782037055718	0.0792393826288712	0.0283129896768553	0.00512794646760147	
0.00010893702601919	0.000301671764360833	0.000905015293082499	0.00233795617379646	0.00718146394603427	0.0180248879205598	0.0362173712657644	0.0692839485482046	0.112020781832656	0.152997863158336	0.182997444169774	0.176293627183978	0.133908744291281	0.0758620689655172	0.02657225457745	0.00498596388318599	
6.65812207666828e-05	0.00024967957787506	0.000982073006308571	0.0028962831033507	0.00811458628093946	0.0188175175191837	0.0380511676681592	0.0707841603275796	0.115676548429515	0.157581104249546	0.182782096309736	0.172736654626563	0.129408925212644	0.0721573980058924	0.0250428616608686	0.00465236280107196	
0.000124355424383612	0.000422808442904279	0.00124355424383612	0.00315862777934374	0.00853078211271576	0.0200626751338893	0.0405315779874318	0.0742733498035184	0.119099335112998	0.163411318001691	0.182048050935982	0.169396959095356	0.126112981048233	0.0649301122514964	0.022483460728557	0.00417005189766378	
4.96709300881659e-05	0.000173848255308581	0.000504987789229687	0.00134111511238048	0.003890889523573	0.010488844736951	0.0220290574941016	0.0421788981332009	0.0776108282627592	0.124044869406846	0.162821308829008	0.180437932033611	0.165884349517778	0.121569601390786	0.0619148143548988	0.0211267022641666	0.00393228196531313	
4.13250462840518e-05	0.000115710129595345	0.000528960592435864	0.00157035175879397	0.00434739486908225	0.0116040729965618	0.0233238561227189	0.0452591906902936	0.0828897778365512	0.127413382702989	0.159051838138059	0.179003570483999	0.164432359164242	0.116726725733933	0.0613181036762761	0.0192574715683682	0.00311590848981751	
2.47267692003363e-05	9.0664820401233e-05	0.000733560819609976	0.00160723999802186	0.0045662100456621	0.0121738127029656	0.0242734450983301	0.0489919720422663	0.0875574897383908	0.127614855842936	0.161366895801395	0.17869211875443	0.15954535713697	0.113331025501541	0.0573743468011803	0.0188170713614559	0.00323920676524405	
5.7038093298024e-05	0.000162965980851497	0.000782236708087187	0.00195559177021797	0.00510083520065186	0.0136565491953555	0.0279568140150744	0.0530698716642901	0.0871705031574659	0.128017926257894	0.164033408026075	0.175098798125891	0.155208800162966	0.109757588103483	0.0559869627215319	0.0188551639845182	0.00312894683234875	
4.89196901752956e-05	8.96860986547085e-05	0.000277211577660008	0.000717488789237668	0.00207093355075418	0.00622095393395842	0.0148226661231146	0.0303628210354668	0.0554423155320016	0.0917488789237668	0.129319200978394	0.16350591112923	0.175002038320424	0.152906644924582	0.105389319200978	0.0524092947411333	0.0169180595189564	0.00274765593151243	
5.68953045117977e-05	0.000195069615469021	0.000211325416758106	0.000885941170255135	0.00280412572236717	0.00694122715043931	0.0160119642697488	0.0318044752220949	0.059447465314184	0.0944462054895841	0.131021758390025	0.166369998293141	0.172912958311998	0.150788812757553	0.100363317158811	0.0477676720879764	0.0154836507278535	0.00248713759723001	
8.10221757695081e-06	8.91243933464589e-05	0.000226862092154623	0.000494235272194	0.00105328828500361	0.00309504711439521	0.00700841820406245	0.0168526125600577	0.033113763236998	0.0620629866394432	0.0981907748150669	0.136068641987312	0.167035317566418	0.172633949912091	0.146026267389384	0.0944718569472465	0.0449105920290383	0.0140330408432788	0.00262511849493206	
1.61226612064587e-05	0.000104797297841982	0.000185410603874275	0.00051592515860668	0.00135430354134253	0.00320034824948206	0.00729550419592258	0.0180493192206306	0.0347846415529347	0.0652806552249514	0.101669501567929	0.138388862465639	0.168554361582923	0.170706736853985	0.139509387419487	0.090182105458327	0.0436601665470903	0.0140912058944449	0.00245064450338173	
4.83099566820722e-05	0.000112723232258168	0.000185188167281277	0.000740752669125107	0.00118359393871077	0.00345416190276816	0.00790672957696581	0.0202982334659173	0.0379394193143207	0.0660558141032867	0.104470281324981	0.140477302372019	0.168819143625501	0.166999468590476	0.136330697756808	0.0868210438171307	0.0421101789078729	0.0138649575677547	0.00218199971014026	
5.64625411369943e-05	0.000104859004968704	0.000314577014906111	0.000709814802865071	0.00129863844615087	0.00359747047815706	0.0100906627089114	0.0218671355746273	0.0395399109505066	0.0697231722268826	0.10717396915532	0.145132928953991	0.165177131057624	0.164354391172485	0.132267535652062	0.0829112086210234	0.0401690649803188	0.0134703490998258	0.00204071755823708	
6.46783464980718e-05	7.27631398103307e-05	0.0003153069391781	0.000533596358609092	0.00151185634939243	0.00455982342811406	0.0111570147709174	0.0231467632529974	0.0418468901842524	0.0712431986676261	0.108829402776318	0.145946688872899	0.167250119250701	0.1626983806159	0.126454252197043	0.0814300382410724	0.0388312622787798	0.012175698728262	0.00193226560162989	
8.14763514889803e-06	4.88858108933882e-05	6.51810811911843e-05	0.000309610135658125	0.000668106082209639	0.00189839898969324	0.0057766733205687	0.0115207561005418	0.0240844095001426	0.0433535666272864	0.0745671568827148	0.112388479243899	0.148352140791135	0.168012384405426	0.158887033038661	0.123754430276612	0.0770114474273842	0.0370798875626349	0.0106571067747586	0.00155619831343952	
8.16906701085669e-06	6.53525360868535e-05	8.16906701085669e-05	0.000465636819618831	0.000841413902118239	0.00277748278369127	0.00565299437151283	0.0121555717121548	0.025765237352242	0.0454853651164501	0.0774427552629214	0.115461593131448	0.151789434128728	0.166763333959628	0.156404956989862	0.120158806662691	0.0734725886956451	0.033231764600165	0.010603448980092	0.00137240325782392	
4.95290611766454e-05	5.77839047060863e-05	0.000354958271765959	0.00128775559059278	0.00249296274589115	0.00609207452472738	0.0131334560553405	0.0255735052542079	0.0489347124425257	0.0818797929685243	0.117730578416886	0.152103746873478	0.166037922751174	0.156454049413493	0.117738833260416	0.0681024591178874	0.0314839732212876	0.00949307005885703	0.000998836067062349	
8.32230627751563e-06	7.49007564976406e-05	0.00013315690044025	0.000449404538985844	0.00140646976090014	0.00312918716034587	0.00621676278930417	0.0134738138632978	0.0285871220632662	0.0526801987366739	0.086818299087043	0.120898143293469	0.151116437387129	0.165039655789412	0.150983280486688	0.113699348363418	0.0661456902936942	0.0299020464551136	0.00799773633269252	0.00124002363534983	
8.35484706452448e-06	6.68387765161959e-05	0.000142032400096916	0.000618258682774812	0.001194743130227	0.00309129341387406	0.00694287791061985	0.0154146928340477	0.0302946754559658	0.0575899608157673	0.0888621533782824	0.122548896742445	0.152342281374539	0.161975420039936	0.147630147630148	0.112564854500338	0.0628033853840305	0.0275626404658663	0.0072687169461363	0.00107777527132366	
3.34865342274238e-05	2.51149006705678e-05	0.000175804304693975	0.00061950088320734	0.00117202869795983	0.00345748465898151	0.00790282207767202	0.0169274430519627	0.0328502900771027	0.0585512050966505	0.0928163012448619	0.125381955781032	0.150187106009996	0.161681358883559	0.146244066604717	0.106847159086152	0.0619082301529497	0.0257762597215595	0.00641267130455166	0.00102971092749328	
2.52266191285044e-05	0.000159768587813861	0.000378399286927566	0.00117724222599687	0.00361581540841896	0.00844250853500614	0.0177343132473386	0.0348379610164646	0.0630749566943038	0.0949277677805621	0.127192613645919	0.150720640419771	0.160163804846874	0.14303493045862	0.104227981365937	0.057415785136476	0.0252602546206757	0.00644119675081146	0.00116883335295404	
3.35700018463501e-05	0.000193027510616513	0.000562297530926364	0.00139315507662353	0.00391090521509979	0.00893801299159071	0.0188327710358024	0.0369437870319083	0.0664266411534653	0.0962368027930242	0.127398157006899	0.152693153398123	0.159407153767393	0.141296137771288	0.0986790204273461	0.0562129680917132	0.0236416738002921	0.00627759034526747	0.000923175050774628	
0.000108555872872722	0.000141957679910483	0.000935250597057301	0.00169514170716636	0.00453429530537602	0.00921054829066252	0.0192310904019907	0.0406165973579171	0.0673380429881257	0.0972827629974782	0.130834878166909	0.155627369440687	0.158650232977604	0.134934949980794	0.0950281410224293	0.0550795798052675	0.0215107637323179	0.0064632496618067	0.000776592013627937	
8.38876911590762e-06	9.22764602749839e-05	0.000209719227897691	0.00109053998506799	0.00202169335693374	0.00461382301374919	0.00982324863472783	0.0218779098542871	0.0429337203352152	0.0690227922856879	0.101084667846687	0.133968642781045	0.155225783720755	0.155762664944173	0.130629912672913	0.0936606071791086	0.0510540488394138	0.0203511538751919	0.00569597422970128	0.000872431988054393	
2.51950516918477e-05	6.71868045115939e-05	0.000201560413534782	0.000730656499063584	0.0022171645488826	0.00469467796524763	0.0113797650141512	0.0242964281815052	0.0440745437596056	0.0725617488725214	0.106054370921551	0.135851718722443	0.155554249145468	0.150238093238488	0.128536755381243	0.0882330710248507	0.0490547656440275	0.0196353436185133	0.00587884539476447	0.000713859797935685	
3.36250304726839e-05	2.52187728545129e-05	0.000302625274254155	0.000731344412780874	0.00235375213308787	0.00632991198648274	0.0136601686295278	0.0260425861010937	0.0458056977614136	0.0748997553779033	0.105481720592809	0.134323590480754	0.155263578207618	0.149127010146353	0.125934145377819	0.0879462672013046	0.047646668179793	0.0184937667599761	0.00503534831328441	0.000563219260417455	
8.3725447512517e-06	0	5.02352685075102e-05	0.00039350960330883	0.000770274117115156	0.00290527302868434	0.00707480031480768	0.0155729332373282	0.027344731157588	0.0459568981396206	0.0760394514308679	0.108742611229257	0.136614812706174	0.154691136824126	0.150077864666187	0.122448466987056	0.0845543294428909	0.0441986637418577	0.0175739714328773	0.00451280162092466	0.000468862506070095	
3.3009019714637e-05	4.12612746432963e-05	0.000305333432360392	0.00108104539565436	0.00339167677567895	0.00764158806393847	0.0147055182828708	0.02751301793215	0.047904339860867	0.0793536833939874	0.109895278884955	0.140057270649205	0.156025383936161	0.14882941763837	0.120449912938711	0.0801706566319247	0.0416078693503	0.0165210143671758	0.00393632560097047	0.000536396570362852	
8.21773716389455e-06	2.46532114916836e-05	8.21773716389455e-05	0.000558806127144829	0.0016599829071067	0.00384590099270265	0.00765893103674972	0.0157205311945303	0.0298139504306094	0.0518950101899941	0.0806488725264611	0.11455525606469	0.140309644336336	0.15574255473013	0.146809874432976	0.115878311748077	0.0775179146670173	0.0382946551837486	0.0147015317862073	0.0037719413582276	0.000501281966997568	
6.5034305596202e-05	8.94221701947777e-05	0.000715377361558222	0.00166650408090268	0.00378824830097877	0.00902350990147303	0.0165674893506325	0.0326147042564953	0.0544418430722206	0.0831870061457419	0.115517185315254	0.141278899619549	0.154643449419569	0.144213572659578	0.114736773648099	0.072757129385751	0.0367037362208565	0.0142750300783663	0.00332487887360583	0.000390205833577212	
7.28061092415221e-05	0.000153701786176547	0.000550090603158167	0.0016340926740875	0.00470812839761843	0.00910076365519027	0.0184037665027181	0.0348498576236086	0.0566107947191302	0.085636163603417	0.117452433341962	0.144714276469065	0.152844292001035	0.142643347139529	0.109662179653119	0.0689312063163345	0.0349550220036241	0.0137037276727932	0.00289606523427388	0.000477284493916645	
8.04233485065384e-06	4.02116742532692e-05	0.000144762027311769	0.000554921104695115	0.00187386402020235	0.0049299512634508	0.00967492882533657	0.0198967364205176	0.0362226761673449	0.0593443888629747	0.0883933023435364	0.119147190812437	0.145904038860562	0.153865950362709	0.138456836788857	0.105475221566325	0.0666468289073684	0.0337938910424474	0.0119750365926236	0.00311238358720304	0.000538836434993807	
1.60333493666827e-05	0.000160333493666827	0.000753567420234087	0.0023649190315857	0.00503447170113837	0.0107744107744108	0.0201940035273369	0.0385682219015552	0.0620811287477954	0.0908289241622575	0.122134038800705	0.146865480198814	0.150737534070867	0.134928651595318	0.105026455026455	0.0638287638287638	0.0312249478916146	0.0110068943402277	0.00316658649991983	0.000304633637966971	
4.012583461736e-05	0.000144453004622496	0.000979070364663585	0.00256002824858757	0.00577812018489985	0.0112352336928608	0.0221013097072419	0.0405190677966102	0.0649637262455059	0.0926585772984078	0.124823446327684	0.143506034925526	0.151796032357473	0.133241846430406	0.0997447996918336	0.0636796995377504	0.0284171160760144	0.0107537236774525	0.00263225475089882	0.000425333846944016	
2.39905956864909e-05	0.000335868339610873	0.00127150157138402	0.00249502195139505	0.00616558309142816	0.0133387712016889	0.0238146646514566	0.0419275643947573	0.0659181600812482	0.0945469376004606	0.124207310734192	0.145031147790066	0.151012802981231	0.131492454957657	0.0993530536029876	0.0592487744804037	0.0270134107429887	0.00990811601852074	0.00251901254708154	0.000375852665755024	
0.000110971076181644	0.000412178282960391	0.00110178425637489	0.00275049738821646	0.00665826457089863	0.0139585760825625	0.025420302951038	0.0439445461679309	0.0663448505457399	0.0983758590350272	0.125246712481868	0.146909851853613	0.149137199882688	0.130311749459016	0.0959424218644726	0.0546532550194596	0.0255392005326612	0.00978923422030929	0.00292488050793047	0.000467663821051213	
0.000159100129666606	0.000588670479766441	0.00116938595304955	0.00274447723674895	0.00777204133421369	0.0150110972340442	0.0262912964274066	0.044365071157533	0.0696619917745233	0.0991512008082287	0.126643703214618	0.150325757515492	0.150278027476592	0.128369939621501	0.0879585066861829	0.0499017556699309	0.0250821354419404	0.0108506288432625	0.00303881247663217	0.000636400518666423	
