# <P(N_1)> as a function of N_tot.
# number_of_species: 2
# species_total_upper_bound: 100
# species_total_lower_bound: 0
# volume: 512
# Bin widths for each species index 
1	1	1	1	1	1	1	1	1	1	1	1	1	1	1	1	1	1	1	1	1	1	1	1	1	1	1	1	1	1	1	1	1	1	1	1	1	1	1	1	1	1	1	1	1	1	1	1	1	1	1	1	1	1	1	1	1	1	1	1	1	1	1	1	1	1	1	1	1	1	1	1	1	1	1	1	1	1	1	1	1	1	1	1	1	1	1	1	1	1	1	1	1	1	1	1	1	1	1	1	1	
# Bin lower bound for each species index 
0	0	0	0	0	0	0	0	0	0	0	0	0	0	0	0	0	0	0	0	0	0	0	0	0	0	0	0	0	0	0	0	0	0	0	0	0	0	0	0	0	0	0	0	0	0	0	0	0	0	0	0	0	0	0	0	0	0	0	0	0	0	0	0	0	0	0	0	0	0	0	0	0	0	0	0	0	0	0	0	0	0	0	0	0	0	0	0	0	0	0	0	0	0	0	0	0	0	0	0	0	
# Bin upper bound for each species index 
0	1	2	3	4	5	5	5	6	7	7	7	8	8	8	8	8	8	8	9	9	9	9	10	11	10	11	11	11	11	11	11	12	12	12	12	12	12	12	13	13	13	13	13	14	15	15	16	16	15	15	15	15	16	16	16	17	17	17	17	17	17	18	19	19	19	17	16	17	17	18	18	18	18	18	18	18	18	19	19	19	19	20	20	20	21	21	20	20	20	20	20	20	21	21	21	20	21	22	23	23	
# Normalized histogram for each species index 
1	
0.921206289122342	0.0787937108776581	
0.848576251930201	0.145052418784887	0.0063713292849123	
0.780777782819803	0.201875722381343	0.0169567759036273	0.000389718895227011	
0.718125722997147	0.248264135852338	0.0317353810312388	0.00179155673531393	8.32033839621451e-05	
0.659369202726243	0.286743180014739	0.0496532918747567	0.00404167233623481	0.000189958599803036	2.69444822415654e-06	
0.608349508307628	0.315644220366239	0.0674623948626671	0.0080485598232431	0.000484578068077178	1.07385721457546e-05	
0.561220438645435	0.338794046954805	0.0865286600283274	0.0123288553156788	0.00108239624018198	4.56028155714838e-05	
0.517298218768037	0.356320219063343	0.106326259412878	0.0179546034174955	0.00197318084806507	0.000126176190284433	1.34229989664291e-06	
0.474582058034016	0.369689613317149	0.126965372347075	0.0252532788130273	0.00321261171890857	0.000271526178752942	2.41954020670939e-05	1.34418900372744e-06	
0.435784610529978	0.378637438153943	0.146445528946449	0.0334026018159041	0.00508792961854687	0.000567722864937247	6.47284976650543e-05	9.43957257615375e-06	
0.402770239817663	0.380829474875246	0.164797327749904	0.043353684697768	0.00720847042645831	0.000902750614804298	0.000128577673772726	9.4741443832535e-06	
0.371784873922322	0.38397434251339	0.180575509426261	0.0522421242841948	0.00996214358407409	0.00132314998898501	0.000104067976661743	2.56791111243261e-05	8.10919298662929e-06	
0.341211220006759	0.384125718148023	0.196475836431227	0.0627333558634674	0.0132977357215275	0.00194660358229131	0.000181142277796553	2.02771206488679e-05	8.11084825954714e-06	
0.314333866707064	0.379817101954637	0.212415750170089	0.0730645364179738	0.0171536238078556	0.00291484460699644	0.000281339989909633	1.48785571586825e-05	4.05778831600432e-06	
0.289838875547814	0.373971434633311	0.226153972975201	0.0845379716130148	0.0210125313012256	0.0038919602641668	0.000532441786139486	5.81091289441571e-05	2.70275018344917e-06	
0.265577105747142	0.367135321579908	0.238166519580434	0.0962321222859222	0.0266695410235854	0.00524525225850349	0.000840749398742918	0.00013204077095642	1.34735480567775e-06	
0.243546944737811	0.358785421497101	0.248368948722203	0.108743945518773	0.031919643158217	0.00723772681964896	0.00125574425439679	0.000140276479545936	1.34881230332631e-06	
0.224434343830725	0.349290739355001	0.25685614112954	0.119838865291221	0.0384054862660671	0.00921639655268068	0.00172122396344294	0.000228684630363094	8.11898095963649e-06	
0.206973046219027	0.338998072124432	0.264817419240657	0.13034573415312	0.044747788752393	0.01154969041858	0.00216430039192481	0.000358014733995053	4.45829668748556e-05	1.35099899620775e-06	
0.18939829052866	0.328445250072982	0.271303556759472	0.141285973237744	0.0515828564057652	0.014490451265131	0.00288532692451306	0.000513248742336911	8.68992579618051e-05	8.14680543391922e-06	
0.173812415094801	0.31874856366581	0.274899065651861	0.150863704293976	0.0596875896646491	0.0174155095535771	0.00385651480393103	0.000624167946052308	8.02307381635864e-05	1.22385871774962e-05	
0.161522224560022	0.306908651594644	0.278478589899346	0.160247595648072	0.0658639717111113	0.0208732361864297	0.00494105350319336	0.000948845164486857	0.000187325654791397	2.85060779030386e-05	
0.149388280746941	0.294497379510462	0.280757809167502	0.170257104121328	0.0733275190797178	0.023943042050095	0.00621500240449273	0.00134081035480532	0.000209204452522816	5.84142302498771e-05	5.43388188370949e-06	
0.136681338207269	0.283947887772887	0.281263606214946	0.179502343151284	0.080990973272477	0.0276769910004001	0.00780869577012024	0.00170361679473181	0.000358085058765285	5.28989291357807e-05	1.22074451851802e-05	1.35638279835335e-06	
0.125325407844498	0.270841016574106	0.281263558660187	0.188324366539396	0.0894505488545644	0.0324784146129816	0.00948157106907324	0.00226700798333912	0.000489467632766401	6.77933009371746e-05	1.08469281499479e-05	
0.114205436894784	0.260081118133876	0.28128004469498	0.195242208550356	0.0972292095795878	0.0371554140455601	0.0111615406207666	0.00290598731020567	0.000637337394212163	8.54303315646091e-05	1.08482960716964e-05	5.42414803584819e-06	
0.105565501715997	0.247294424680901	0.280034033594539	0.202388078424528	0.10520962158079	0.0415179855820822	0.0137143386969878	0.00338427009802384	0.000758120134770853	0.000111809084624478	1.36352542224974e-05	8.18115253349841e-06	
0.097784965568385	0.236348784802749	0.277137216108496	0.207671963101459	0.11288479878063	0.0466896256374261	0.0160370736753098	0.00429215085056282	0.000965973382370849	0.000166924578823291	1.50505767791492e-05	5.47293701059971e-06	
0.0910807520775794	0.225583563947271	0.272801339728905	0.213710312379758	0.119513020045269	0.0521787711027157	0.0184787832895384	0.00514448231336018	0.00124196046266108	0.000247844370167206	1.369305912526e-05	5.477223650104e-06	
0.0843758444954592	0.216474724506815	0.267826872630295	0.217355047046074	0.12692203754405	0.0576809165181265	0.0211536729240084	0.00630829577745446	0.00154772985972163	0.000330291557365638	2.1837458338224e-05	2.729682292278e-06	
0.0771886714493961	0.206914184960993	0.263690574404807	0.221037373198806	0.134387788358086	0.0632304832865833	0.0233454651570296	0.00760500345681975	0.00200863727665331	0.000507272957851344	8.18182190082814e-05	2.72727396694271e-06	
0.070859058420785	0.196833148313218	0.261493577158857	0.223809627972854	0.14122184367532	0.0680427423809081	0.0262587292125799	0.00846125241300865	0.00231594144250067	0.00056326320797537	0.000129878652324418	9.57000596074657e-06	1.36714370867808e-06	
0.065308106849634	0.185844683196724	0.256728089456781	0.228728335969652	0.146823065387539	0.0734909646185556	0.0295842834350199	0.0100399213897848	0.00269794641084109	0.00062312975478817	0.000106822243677972	2.19122551134302e-05	2.73903188917877e-06	
0.0594441394455119	0.175387043645347	0.249824320614878	0.231892670875652	0.153789459236893	0.0801345045292342	0.0335918199286303	0.0115234696678562	0.00335300576447982	0.000867416964040626	0.000171561899533352	1.09799615701345e-05	9.60746637386769e-06	
0.0549992909978757	0.166203864956434	0.244546534631656	0.232059837025881	0.160577279166489	0.0860288033833857	0.0366175504871464	0.0134861840954991	0.00410257539858998	0.00115918405557475	0.000194115144698385	2.06505473083388e-05	4.13010946166777e-06	
0.051583658323353	0.157984888306663	0.237752923539874	0.232125092152827	0.16582027663662	0.0921528270705952	0.0411446956969768	0.0151514321028933	0.00450829443958748	0.00144703918790407	0.000282282265822195	4.38496723607293e-05	2.74060452254558e-06	
0.0467976960208348	0.150115650343395	0.230914957672385	0.233669774840887	0.170853377797049	0.0975128678959845	0.0456610261762344	0.0172360730587361	0.00520187174370078	0.00155522697149298	0.000388464784436241	7.9334357384866e-05	1.36783374801493e-05	
0.0433118969307217	0.140306164193026	0.224705863101569	0.232606786557794	0.177033049150998	0.10406746194084	0.0495273627770232	0.0196145811174202	0.00631637512068204	0.00193636715703119	0.00043090987438159	0.000132272967769032	1.09091107438377e-05	
0.0395112465882783	0.1331276648221	0.21647110443718	0.232415410421779	0.181474299839072	0.109485778758276	0.0545889105246591	0.022437308122589	0.00759810701394122	0.00217478098892579	0.00054096995777164	0.000136264472990337	2.31649604083574e-05	1.49890920289371e-05	
0.0360724717609331	0.125327668498206	0.211968325945898	0.229981412259738	0.185082146918044	0.115648426169904	0.0589047531507241	0.0245943719318313	0.00880364401413485	0.00265402972676703	0.000755765263394407	0.000151153052678881	4.49373940396675e-05	1.08939137065861e-05	
0.0325235280646463	0.118497748067045	0.205781960544826	0.229530856388837	0.187856465174102	0.121296306393745	0.0633731011243307	0.0269577639887022	0.00976428314376384	0.00326884698851678	0.000898319501848439	0.000190841775809987	5.04367550354966e-05	9.54208879049935e-06	
0.0297143215905508	0.110836016416511	0.198646879866571	0.228743361672333	0.191579645600995	0.125603779018585	0.0683943948015292	0.0296460786949775	0.0116504271322834	0.00367965692931537	0.00116422379848146	0.000272971582293425	6.27834639274878e-05	5.45943164586851e-06	
0.0277976836401111	0.105262655009794	0.190666311773578	0.226651105969711	0.195331790913372	0.130511933280099	0.0724800884502774	0.0324249435242249	0.0127543116097814	0.00443752857913092	0.001262600410857	0.000307119018857108	9.69131126171318e-05	1.50147075885697e-05	
0.0262285316913291	0.0995777039719872	0.183610651532685	0.22281956032576	0.198746910653855	0.135854722515578	0.0762592031433798	0.0356827164659929	0.0142523201689731	0.0049101647514656	0.00147414239477779	0.000418060771827622	0.000128423897228093	3.41552918159822e-05	2.73242334527858e-06	
0.0241186446695378	0.0945792789668159	0.177334782573074	0.218956274288648	0.201132537161802	0.141793816516417	0.0797391368466473	0.0386556480750692	0.0157973504037753	0.00561762464872777	0.00161400883198742	0.000506596680767624	0.000107873686740276	3.6868222050474e-05	6.82744852786555e-06	2.73097941114622e-06	
0.0223507803575635	0.0885698686537658	0.170981563601558	0.216483700513703	0.201049462810649	0.147094984008899	0.085370286913983	0.0415659706101398	0.017638545293143	0.00621263467175695	0.00196876391307485	0.000544609657835367	0.000102114310844131	5.44609657835367e-05	8.16914486753051e-06	4.08457243376525e-06	
0.0205257819701596	0.083296850909704	0.164565188426053	0.211885837659106	0.202032864092322	0.151385289742955	0.0902851611254171	0.0455531777777173	0.0201179039420052	0.00714330386641179	0.00237656931071332	0.000648526064765592	0.000116925034737612	4.35069896698091e-05	1.22363408446338e-05	1.35959342718154e-06	9.51715399027075e-06	
0.0189285903729002	0.078255038851418	0.157694729726605	0.207985996352197	0.203139939910532	0.154941875884919	0.0959364123405106	0.0493555139363226	0.0218405765759884	0.00829664448334347	0.00254883799373535	0.00081878360311029	0.000172733417931905	6.25648600383278e-05	1.76813734890926e-05	2.72021130601425e-06	1.36010565300713e-06	
0.0176032081877676	0.0733938558939789	0.151392510948187	0.204141995658996	0.203623972838656	0.158901791620878	0.100463623590131	0.0527850218963736	0.0242131247027178	0.00919046291284642	0.00305619795852537	0.000878861935300453	0.000278830225196411	5.60394080051611e-05	1.36681482939417e-05	6.83407414697087e-06	
0.0165492138644481	0.0687174153997728	0.145768278164726	0.20098934030296	0.203384009086058	0.161979501635217	0.104589553770577	0.0569397501334173	0.0259568412266178	0.0100343463922604	0.00355368847411705	0.00110838955103381	0.000277781578839338	0.000105365426456301	4.51566113384146e-05	1.36838216177014e-06	
0.014813568687308	0.064871422436313	0.139448050615876	0.19602573466055	0.204338620865098	0.164734105263734	0.109113811864532	0.0606889930165191	0.0287244547660274	0.0115844268102206	0.00391572773998364	0.00125828484833564	0.000337822127759679	9.02682608588615e-05	4.65018313515347e-05	8.20620553262377e-06	
0.0137657026799696	0.0603393214937805	0.132626698488029	0.190885778175925	0.204625494929325	0.169131454596432	0.113460026122695	0.0638966580730752	0.0311133601854575	0.0131297313191961	0.00487988347363454	0.00154958183173429	0.000425348587528123	0.000110782108005717	5.06041727927349e-05	9.57376242024714e-06	
0.0126767484057987	0.0565210588296655	0.126849836256379	0.185919695626275	0.202186999881962	0.172626678269176	0.119123827510575	0.068065464507575	0.0335955793339903	0.014450065744505	0.00544897046026644	0.00181998358446179	0.000488623043792154	0.000149606493745351	6.58817587135489e-05	8.23521983919361e-06	2.7450732797312e-06	
0.011516301573257	0.0538220938504959	0.122146553847551	0.180522052155677	0.200885086052326	0.173940325494799	0.122862108491845	0.0731971119113703	0.0363405434637523	0.0156678945767838	0.00611524007546349	0.00207373240182797	0.000638494913369726	0.000205033926922606	4.40341319565328e-05	1.65127994836998e-05	6.88033311820825e-06	
0.0109374569689626	0.0498430227754675	0.11651978739225	0.176295062102393	0.199115970367106	0.176073366197571	0.12644928534053	0.0771198810277877	0.0398102503373633	0.0174451268210735	0.00687257304948914	0.00241662306188207	0.000747707306325907	0.000234088843601113	9.08815510451378e-05	2.34088843601113e-05	5.50797279061441e-06	
0.00940716928221783	0.0472080127595924	0.110218141650208	0.172393608083279	0.197443123125108	0.17635618876043	0.131156324289779	0.081409890887855	0.0427922902531809	0.0192757443784244	0.00791552003878563	0.003014977094989	0.000979282190286512	0.000274088826817181	0.000126714432498395	1.92826310323645e-05	8.26398472815622e-06	1.37733078802604e-06	
0.00863759827661251	0.0434841297389024	0.105823319724743	0.167493099287615	0.195693735089778	0.178959851903274	0.133619003542641	0.0852355057492163	0.045696214387641	0.0211897324011173	0.0089089436538239	0.00353713161765921	0.00120796901428627	0.000330573048379366	0.000132229219351746	3.16799171363559e-05	1.51512647173876e-05	4.13216310474207e-06	
0.00839198812524722	0.0401586056813029	0.100458534151629	0.16224418494073	0.194264395174572	0.180173462904491	0.137447231360594	0.0882612776385009	0.0489874898873029	0.0238018779640367	0.0101478417747077	0.00374876132380891	0.00136581708525538	0.00038038901668061	0.00010887946491945	3.58337479481734e-05	2.20515371988759e-05	1.37822107492975e-06	
0.00765542305194357	0.0387289786781268	0.0953915458703553	0.157964265480122	0.190045186341841	0.181081155775422	0.140210316857131	0.0937333314908729	0.0519228377575414	0.0257050865726091	0.011234402420993	0.00428095678969696	0.00143988281951718	0.000418699130819296	0.000129893459726118	4.28372048032943e-05	1.24366078461177e-05	2.7636906324706e-06	
0.00694133421706159	0.0357618759073583	0.0917542884161806	0.151666627379584	0.18761846788697	0.182094241854054	0.143746351501067	0.0974546130199241	0.0561352326095728	0.0274408717849878	0.0124932923083749	0.00449259346050331	0.00168472254768874	0.000500563654086943	0.000138660291990843	4.57578963569781e-05	2.49588525583517e-05	5.54641167963371e-06	
0.00636547249678803	0.033462925611805	0.087691239088706	0.147960696374061	0.18429803718505	0.182627674841698	0.147380245459746	0.100532149603219	0.0585114009189777	0.0299259333497586	0.0133656826840496	0.00516420357819453	0.00183183070320863	0.000640305564951344	0.000155900485379458	6.68144937340533e-05	1.2527717575135e-05	6.95984309729721e-06	
0.0057906265891044	0.031476141780244	0.0834911960123608	0.144190094605846	0.18298240320084	0.180960922700374	0.149874548065693	0.103453141327611	0.0621070895710047	0.0322291327890563	0.0145457187082642	0.00571379077187865	0.00214302079316916	0.00077115220197482	0.000191391035635055	6.14686537806016e-05	5.58805943460015e-06	5.58805943460015e-06	6.98507429325018e-06	
0.00511330101622662	0.0290364448571884	0.0790701512451783	0.139106682815896	0.181571137261922	0.182327782735057	0.151801823221883	0.106176520773485	0.0644477327209307	0.0349441536899404	0.0161510941289346	0.00651470353763227	0.00236224436991432	0.000966436269751803	0.000299301536507794	7.83218974039088e-05	1.39860531078409e-05	1.39860531078409e-06	1.25874477970568e-05	4.19581593235226e-06	
0.00500544100120024	0.0271279776701871	0.0746334501829773	0.134257579937901	0.177170763406781	0.182915676385775	0.1548269453505	0.109814389732544	0.0683451373415142	0.0364904211769089	0.0176815032568979	0.00756418210617865	0.00263156789067019	0.000935544093117449	0.00043415968393175	0.000120444299413324	3.08113324080597e-05	8.40309065674355e-06	2.80103021891452e-06	2.80103021891452e-06	
0.00475280383246401	0.0256388372769806	0.0710598038996217	0.129342862259632	0.17379563922903	0.182664648205771	0.155980669785767	0.115073257818271	0.071542499608247	0.0384365695865327	0.0187090058427168	0.00821142351861387	0.00317459873295874	0.00107732085693179	0.000377761858924134	0.00013431532761747	2.09867699402297e-05	4.19735398804594e-06	0	2.79823599203062e-06	
0.00422836540147726	0.0238929300439812	0.067283478651244	0.124773254957527	0.170099816920476	0.182609549596313	0.158927055786646	0.117854111573291	0.0752716381057933	0.0408358527226941	0.0199633840952294	0.00877939969556892	0.00354935781875829	0.00127804939639873	0.000476988797777793	0.000143096639333338	3.08639810326807e-05	2.80581645751643e-06	
0.00401079657003868	0.0224820876364668	0.0639691157429383	0.119161103137578	0.166334306073211	0.180431076370847	0.160488036422976	0.121902375863318	0.0788073778434385	0.0440064150275672	0.0223051407289651	0.00986127924188081	0.00404871376450333	0.00144366207072821	0.000539266765719486	0.000174138226430251	3.51085133931957e-05	
0.00360783254253696	0.0208716771074301	0.0617004091878718	0.115736284889317	0.161211297412604	0.178375237098199	0.162325729305619	0.124544799599255	0.0826283707343431	0.0469201154956689	0.0236633852838706	0.0112850300277482	0.00455763245135617	0.00168290472733003	0.00066556349166146	0.000166039095171358	5.20631061130529e-05	5.62844390411383e-06	
0.0032508274450686	0.0196411176333527	0.058408217462951	0.111531734869476	0.159092631738519	0.176713913148446	0.163024223998293	0.127836403091374	0.0849973471226808	0.0500355120614681	0.0254592004311978	0.0120039189595106	0.0050643287658927	0.00193281061824674	0.00069339756384451	0.000216160374153957	8.28146887992432e-05	1.54400267252826e-05	
0.00310836489938714	0.0181510052896736	0.0553437169220616	0.108012534135384	0.15525185026714	0.175491878120775	0.164734950018667	0.129596304080026	0.0878969527397098	0.0527009775339186	0.0277711359724372	0.0130654798110092	0.00565741987535778	0.00212817425859974	0.000731297724867059	0.000254486015154502	7.27102900441435e-05	2.79654961708244e-05	2.79654961708244e-06	
0.0027757472923885	0.0168878925145671	0.0520026331862532	0.103612524686121	0.151989634973857	0.175526183012035	0.165300922593549	0.131544704765871	0.0913480823443744	0.0553472269781392	0.029602380489823	0.0140394670453386	0.00649072025470906	0.00236763137628707	0.000778495086535948	0.000276736134890696	6.84852050992127e-05	2.93508021853769e-05	1.11812579753817e-05	
0.00247498116862154	0.0155416519346359	0.0487952809054714	0.0998573147502449	0.148258499275394	0.173740603526464	0.165213028658633	0.134955650182165	0.094707509213051	0.0586099577813771	0.0316171507390705	0.0151461580494186	0.00675973117595844	0.0028411274510489	0.00101319104870165	0.000331208660058332	9.64278377385017e-05	2.93476027899788e-05	1.11800391580872e-05	
0.00222947087038654	0.0145501575139307	0.0459497015745812	0.0952952304949202	0.144297549256238	0.171210248311155	0.166309039820749	0.137424975096336	0.0984831785167182	0.0615657638100234	0.033789458704563	0.0163303858184446	0.00759526872239321	0.00318097220555777	0.00118728392409196	0.000424129627407703	0.000132540508564907	3.6274244449343e-05	8.37097948830993e-06	
0.00216937280588017	0.0137844401874918	0.0433790909268353	0.090740012659322	0.140452947196127	0.168776088938708	0.167312180554278	0.14025078841923	0.101964704471752	0.0647409997518327	0.0354670146586026	0.0174846429039481	0.00785491413131676	0.00354823508416776	0.00137746807982623	0.000490757858399628	0.000147785036904433	4.46143507636025e-05	1.39419846136258e-05	
0.0019349393978091	0.0130532066692947	0.0415470631673042	0.0875011798410962	0.135606771455063	0.166825366861179	0.167400018877458	0.142120882354574	0.105351481602807	0.0672884197902381	0.037829869690021	0.019116201855543	0.00852122881144196	0.00356450815894819	0.00148243563619808	0.000626009805173534	0.000170729946865509	3.88653537580021e-05	2.08207252275011e-05	
0.00177942103040248	0.0119865124040186	0.0397454804782973	0.082886400930561	0.13199842136967	0.164450352768488	0.166598120876001	0.145130133145006	0.107234696632948	0.070922044741707	0.0402592277174252	0.0206260515547432	0.00977781470480305	0.00391611103033324	0.00159663225529499	0.000727000810086617	0.000268644108870102	7.89315165236898e-05	1.80019248211924e-05	
0.00166929181853066	0.011078279396506	0.0377149126634832	0.0797284249227346	0.127515885978364	0.163057256016723	0.167034464988509	0.146400355746173	0.110634566392792	0.072800517549729	0.0425177630658449	0.0222576860152134	0.0104216451044035	0.00438864438265987	0.00167067712294438	0.000681569771549449	0.000313078797500357	7.48064383407932e-05	4.01738279978334e-05	
0.00155638575103921	0.0104308308385928	0.035188995632704	0.0769469361078725	0.12362466179073	0.159021360148217	0.167693641250315	0.148662532920882	0.113170291309995	0.076264286485753	0.0440343623387881	0.0236324160257884	0.0116645850238027	0.0050887167571789	0.00189147948035548	0.000742191069890582	0.000270013542217656	8.0311720249354e-05	3.04630663014791e-05	5.53873932754166e-06	
0.00146922309640843	0.00989166208975542	0.033269187403418	0.0737115591334627	0.120668593350313	0.155837256564813	0.166525785418722	0.150245354723303	0.115876325171444	0.0788842758542453	0.0469957707956632	0.0250252133624596	0.0126682447211036	0.00548952659750343	0.00217339876125955	0.000849437835399976	0.000314042978234193	7.47062591394116e-05	2.62855356231263e-05	4.15034772996731e-06	
0.00132477283675809	0.0090906825694779	0.031204837289656	0.069991472726568	0.118088894056933	0.154707719397332	0.165163319434985	0.150759702542124	0.118214865141724	0.0819213497455661	0.0497212024562977	0.0269273575973023	0.0130871498419132	0.00599816165274063	0.00226609522860291	0.00102576454758385	0.000365454575657403	0.000107975215535142	2.21487621610547e-05	1.10743810805274e-05	
0.00113073578196754	0.00836273338746823	0.0296263860520416	0.0662284141707799	0.113515618287988	0.152301518456213	0.165490664501271	0.151700122219235	0.120814129763017	0.0845405138750703	0.052673441843321	0.0287367630471112	0.0143226532382555	0.00629941772650051	0.00253168415889055	0.00110440737527957	0.000473911320383452	9.97708042912531e-05	4.15711684546888e-05	5.54282246062517e-06	
0.00101552098443191	0.00780274786401163	0.0280591357403813	0.0638240391689076	0.109045895175513	0.148400450542188	0.164607223360585	0.152752089576432	0.12239729453018	0.0873943781977481	0.0558370289707494	0.0312012934384598	0.0158133103905946	0.00727074232782902	0.00277778932303681	0.00116653297256708	0.000422556480561709	0.000157939143554213	4.84900879333109e-05	4.15629325142665e-06	1.38543108380888e-06	
0.000931923861958951	0.00731553307983527	0.026417895153719	0.0614169673840496	0.105364170366206	0.144082629659273	0.162507858347573	0.153994533082605	0.125642168931625	0.090450619113163	0.0581877750421651	0.0332501571669515	0.0171388137287755	0.00793173830802507	0.0033787432736699	0.00128779969037418	0.00047911687405319	0.000149550931785389	5.12350414449943e-05	1.9386231898106e-05	1.38473084986471e-06	
0.000902377412097661	0.00692467566925173	0.0250883030882589	0.0583781527933625	0.101837367545368	0.141284941214188	0.160138134220694	0.154266462514717	0.128346258657572	0.0935169779615391	0.0607038820193355	0.0351180967437027	0.0187329681445573	0.00860367805163865	0.00387068779676194	0.00145651729303359	0.00058730536009419	0.000178264450475648	4.97482187373902e-05	1.105515971942e-05	4.14568489478252e-06	
0.0010157637117722	0.00650420905358223	0.0237611211595759	0.0560981111500134	0.098221859954692	0.138744466232776	0.158378874328994	0.154663171922852	0.129011678514937	0.0964172879108896	0.0632624282288208	0.0376330768091734	0.0200661768674345	0.00946846773289566	0.00421528101642797	0.0015236455676583	0.000680866139226054	0.000249097368009532	6.08904677356634e-05	1.52226169339159e-05	5.53549706687849e-06	2.76774853343925e-06	
0.000963062344815008	0.0061763108770776	0.0221725415312	0.0539522171850669	0.0942668083395396	0.135135471230412	0.156972253579704	0.155851674581648	0.132108111693124	0.0979159441396206	0.0658129448291013	0.0394095612608517	0.0212136243614703	0.0103878087637292	0.00477247824819374	0.00170643041010981	0.0007958736163751	0.00027358155562894	7.73766015920236e-05	2.48710505117219e-05	8.29035017057395e-06	2.76345005685799e-06	
0.000884436809680513	0.00574676959800208	0.0206249008285559	0.0518050927554829	0.0918144752364592	0.131058081696573	0.154659160681886	0.155129664507316	0.135350566743244	0.10184959055129	0.0681361287607536	0.0411656352836476	0.0220088167725645	0.0112631165014384	0.00520865671847728	0.00200205586715511	0.000860980607239688	0.000293892418817393	0.000113141682361626	1.79370959841602e-05	6.89888307083083e-06	
0.000797893231136853	0.00546122776337711	0.0193602798000719	0.0492502697540587	0.0887949056101954	0.128123186997785	0.152214325973147	0.154974568014541	0.136999232423956	0.104783087419608	0.0709945828699627	0.0429994170831835	0.0235853931794598	0.012252277578649	0.00567207001616457	0.00235785029097609	0.000888844791162816	0.000289391327355335	0.00014882982549703	4.68538339527686e-05	5.51221575914924e-06	
0.000633157930234255	0.0049702897523389	0.0182225605181985	0.0465921650835424	0.0862319808070561	0.125624039079609	0.150391525594033	0.155020460636159	0.136968577473067	0.107006443070155	0.0736101151108646	0.04560664100083	0.0250276318379336	0.0132853050926544	0.00653116169339465	0.00276524843878395	0.000964877628465679	0.000357871873610666	0.000118373004348143	6.05629324571896e-05	1.10114422649436e-05	
0.000513745452938431	0.00436269324148522	0.0172159968180927	0.0439045206837786	0.0824160951478675	0.121962065698652	0.149780277146337	0.154891491988609	0.138787229282386	0.109991244230721	0.0762110996638558	0.0474606888055971	0.0269813035324143	0.0142440069935671	0.00662206840548327	0.00291536734180921	0.00114073587130953	0.000406024632161018	0.000122912218579356	6.49086996992103e-05	5.52414465525194e-06	
0.000578151130637319	0.00409121265474857	0.016051627930081	0.041622741898985	0.0783346487766377	0.118551338164598	0.147015967457956	0.156055270696155	0.140714258117573	0.111768066187956	0.0793308901043708	0.0505930533554843	0.0282286773999481	0.0149270618883879	0.00704406091146423	0.00316396310871449	0.00130118500284246	0.000407051512023888	0.000144882741567824	5.93329322611091e-05	1.65580276077514e-05	
0.000506392864011379	0.00382838539540843	0.0149496581848168	0.0391319928219503	0.075911887641662	0.115212678084949	0.144707987033022	0.154797103875566	0.141251786556791	0.114512583032518	0.0818516268908447	0.0531906209400367	0.0307294686057178	0.0161962701260033	0.00765538720375672	0.00334828068553972	0.00147075304492922	0.000518845147552642	0.000121755661292353	8.71659847888439e-05	1.93702188419653e-05	
0.00047900786014627	0.00359324916415199	0.0140223684246853	0.0372300921848556	0.0717310819503764	0.112675900797058	0.142262573611222	0.15461324601678	0.142139715687438	0.116126966071887	0.0847899129503295	0.0552032401361652	0.0330543032023125	0.0171904463469784	0.00863732616984211	0.00376994370622324	0.00159439215697101	0.000630854732238747	0.000160129428752067	7.04017316065123e-05	2.20868177589058e-05	2.76085221986323e-06	
0.000508408722034076	0.0032557447429987	0.0134376971978275	0.0351807813236263	0.0686834005241157	0.109763927505601	0.140330451891308	0.152011452285359	0.143084676919346	0.118201583369386	0.0880070653656547	0.0577684577166524	0.0345649040912435	0.0188634791690204	0.00911002295417157	0.00438967530731861	0.00181456446319479	0.000651700069165631	0.000259026665968581	8.26680848835896e-05	2.34226240503504e-05	6.88900707363246e-06	
0.000423442200139681	0.00312494844453732	0.0127128896905572	0.0337117733429387	0.0668818706246597	0.105801433104381	0.13830199677744	0.150986015408897	0.143337934371958	0.120091232546757	0.0905918842078056	0.0598043367080394	0.0364022810886314	0.0200722601364914	0.0100691255643605	0.00460149689567374	0.00195910758181508	0.000765770472330527	0.000266713593594474	8.24887402869508e-05	9.62368636681093e-06	1.37481233811585e-06	
0.000316889380913382	0.00304543041397276	0.0121227335893141	0.0318590432135601	0.064091220243607	0.103843689854464	0.135672553126985	0.150065641371761	0.143438400682615	0.121739023075309	0.0930996308444485	0.0617330693960308	0.0380870855916846	0.0213701418868774	0.0109992166933485	0.00506199920160338	0.00219216117185967	0.000816230223564772	0.000337466613440225	8.91680076163197e-05	1.92054170250535e-05	
0.000311297066539405	0.00282635794774323	0.0116372991482528	0.0306387623816008	0.0622127873155359	0.0998056793201382	0.133510786374788	0.149690005718541	0.14450903515737	0.123166672837754	0.0936976743229289	0.0651762805348824	0.0395306133923564	0.0222611686393575	0.0115056492875137	0.00567191483351092	0.00243140836552584	0.000917434967025824	0.000345580884440221	0.000106965511850544	3.01697597527177e-05	1.64562325923915e-05	
0.000329577156610689	0.00268448115529785	0.0108746786280838	0.0293788633006947	0.0600199660850063	0.0964457633608665	0.130898200317269	0.149365461408019	0.146056014441223	0.124318965045676	0.0951862589573875	0.0665458672939117	0.0417263825830097	0.0236803238334883	0.0121642689130792	0.00599803074230075	0.0025846507302664	0.00110497237569061	0.000470433783709863	0.000113505825720694	2.87183414474044e-05	1.91455609649363e-05	5.47016027569608e-06	
0.000350249331187318	0.00265889667372162	0.0102499035792211	0.0282448147426349	0.0578238477546565	0.0941148572495479	0.127974563994096	0.147197392073462	0.146644079900458	0.126152449769203	0.0980616357052618	0.0682727256621007	0.0433164386866059	0.0251661640066343	0.0128801806577873	0.00618319539142748	0.00278155208153041	0.00119248313147433	0.000536958118629585	0.000144460813641462	2.72567572908419e-05	1.22655407808788e-05	1.22655407808788e-05	1.36283786454209e-06	
0.000362821936268827	0.00234470266333125	0.0101140024715539	0.0267287919666313	0.0554803844275734	0.0911596934836635	0.125893755916316	0.145452040668793	0.146925152289734	0.127514178699352	0.100629891617176	0.0702456004430247	0.0453472860646369	0.0264860013476243	0.013521255091101	0.00678586140202035	0.00285483576169419	0.00120576914158512	0.000684724105289289	0.000197778875033759	3.1371821557079e-05	1.36399224161213e-06	2.59158525906305e-05	6.81996120806065e-06	
