# <P(N_2)> as a function of N_tot.
# number_of_species: 2
# species_total_upper_bound: 100
# species_total_lower_bound: 0
# volume: 512
# Bin widths for each species index 
1	1	1	1	1	1	1	1	1	1	1	1	1	1	1	1	1	1	1	1	1	1	1	1	1	1	1	1	1	1	1	1	1	1	1	1	1	1	1	1	1	1	1	1	1	1	1	1	1	1	1	1	1	1	1	1	1	1	1	1	1	1	1	1	1	1	1	1	1	1	1	1	1	1	1	1	1	1	1	1	1	1	1	1	1	1	1	1	1	1	1	1	1	1	1	1	1	1	1	1	1	
# Bin lower bound for each species index 
0	0	0	0	0	0	1	2	2	2	3	4	4	5	6	7	8	9	10	11	11	12	13	13	13	15	15	16	17	18	19	20	20	21	22	23	24	25	26	26	27	28	29	30	30	30	31	31	32	34	35	36	37	37	38	39	39	40	41	42	43	44	44	44	45	46	49	51	51	52	52	53	54	55	56	57	58	59	59	60	61	62	62	63	64	64	65	67	68	69	70	71	72	72	73	74	76	76	76	76	77	
# Bin upper bound for each species index 
0	1	2	3	4	5	6	7	8	9	10	11	12	13	14	15	16	17	18	19	20	21	22	23	24	25	26	27	28	29	30	31	32	33	34	35	36	37	38	39	40	41	42	43	44	45	46	47	48	49	50	51	52	53	54	55	56	57	58	59	60	61	62	63	64	65	66	67	68	69	70	71	72	73	74	75	76	77	78	79	80	81	82	83	84	85	86	87	88	89	90	91	92	93	94	95	96	97	98	99	100	
# Normalized histogram for each species index 
1	
0.0788027174431978	0.921197282556802	
0.00634559643892328	0.145098733880656	0.84855566968042	
0.000394451383866938	0.0168956676089672	0.201909087531049	0.780800793476117	
8.91949009289217e-05	0.00179828429292181	0.0315649245367979	0.24808698516919	0.718460611100162	
2.8898769056932e-06	0.000190731875775751	0.00398514025295093	0.0493562076723342	0.286938767843184	0.65952626247885	
1.15287397069971e-05	0.000485648160157252	0.00809173418184858	0.0673595439230572	0.315535841410657	0.608515703584573	
4.60654359517695e-05	0.00108973546923405	0.0122274941554478	0.0867095459099651	0.339035850425529	0.560891308603872	
1.4383232602761e-06	0.000125134123644021	0.00199063939222212	0.0178999329741361	0.106135311699034	0.355963432069431	0.517884111418273	
1.43820948671742e-06	2.44495612741961e-05	0.000264630545556005	0.0032043307364064	0.0251744188555017	0.126896099432051	0.369402668453882	0.475031964205842	
1.00894647250693e-05	6.77435488683224e-05	0.00057509948932895	0.00506635264408837	0.0333932455357722	0.146582626230014	0.378839221496902	0.435465621590301	
1.0140019179122e-05	0.000127474526823248	0.000866247352730707	0.00718347930132371	0.0434050763833159	0.164882506149197	0.381195189574901	0.402329886692529	
8.67705309922644e-06	2.74773348142171e-05	0.00010267846167418	0.00131891207108242	0.0099554722558458	0.0522575522900912	0.180682276685192	0.383988523151101	0.3716584306971	
8.67502071161195e-06	2.16875517790299e-05	0.000176392087802776	0.00194898798654215	0.0131007271113193	0.0626741329678258	0.19670031128866	0.383814724690989	0.341554361294371	
4.34258980475716e-06	1.59228292841096e-05	0.000286610927113973	0.00288492716029367	0.0170924334715242	0.0728744470435649	0.212390277230933	0.379590117423628	0.314860921323853	
2.89195789887691e-06	6.21770948258535e-05	0.000539350148140543	0.00380437061597257	0.0209551269352621	0.0844466166261552	0.225997833923534	0.374008239188054	0.290183393510157	
1.43903112912139e-06	0.00013526892613741	0.00085190642843986	0.00518626818935347	0.0264206115306686	0.0958653757598084	0.237997041351999	0.367403354669368	0.266138734113096	
1.43805850597226e-06	0.00013373944105542	0.00126692954376156	0.0072204917584867	0.0317192564662301	0.108596426137001	0.248079472865274	0.358910641920556	0.244071603809129	
4.31972284658216e-06	0.000236144848946492	0.00170629052439995	0.00927156513638085	0.0383562590624186	0.119797433796648	0.256400029374115	0.349059524340918	0.225168433193326	
4.45395899484203e-05	0.000344822631858738	0.0021364635565581	0.0115256964698783	0.0446315426502493	0.130095831956437	0.264342466343874	0.339255183115185	0.20762345368601	
5.77818417673154e-06	8.23391245184245e-05	0.00050559111546401	0.00285586752934956	0.0144902413691985	0.0515154010276501	0.141207264910965	0.271376753498329	0.328580776847972	0.189379986392376	
1.30169350324773e-05	7.66552840801438e-05	0.000590101054805636	0.00383131787789247	0.017373269290013	0.0595785116436484	0.150828672547429	0.275037712953441	0.318816558119892	0.173854184293766	
3.02754198191548e-05	0.000164352279018269	0.00093565464107769	0.00494931029710279	0.0208078635357077	0.0657985790736298	0.159943601217937	0.27832193439749	0.307177292858461	0.161871136279756	
5.76383825517088e-06	6.1961261243087e-05	0.000201734338930981	0.00133721047519964	0.0062364729920949	0.0239458660311074	0.0732410927084564	0.170128331858751	0.280521685000476	0.294282848834696	0.150037032660789	
1.43800473966362e-06	1.29420426569726e-05	5.60821848468813e-05	0.000371005222833214	0.00167671352644778	0.00782705979798909	0.0275449807882567	0.0810286910705658	0.179402595310954	0.280873961760578	0.284345305202126	0.136859225088006	
1.14813034149702e-05	7.17581463435637e-05	0.000492260883916847	0.00224172449177293	0.00942902042954426	0.0325337083892449	0.089425001973349	0.18805513895965	0.281063742761397	0.271329032628429	0.125347130032937	
5.73483280094969e-06	1.14696656018994e-05	8.88899084147202e-05	0.000627964191703991	0.00289322314807912	0.01117145429625	0.0371488131763518	0.0973774609601257	0.194667465720037	0.281322223050587	0.26044456423873	0.114240736811318	
8.64747695447392e-06	1.44124615907899e-05	0.000105210969612766	0.000732153048812125	0.00336963351992667	0.0136961622497276	0.0415367143046564	0.105169173474153	0.202211159857259	0.280019716247456	0.247509526637112	0.10562748975274	
5.78558896572472e-06	1.5910369655743e-05	0.000166335682764586	0.000956068576586011	0.00424806869808338	0.0160434382019547	0.0466708997892599	0.112826216817839	0.207815462854349	0.27707474836304	0.23618509834778	0.0979919667097211	
5.79133529370033e-06	1.44783382342508e-05	0.000251923085275964	0.00126251109402667	0.00505294004375354	0.0184454029104356	0.0520394911153677	0.119473799275214	0.21392758224782	0.272446129723015	0.225811402270493	0.0912685485610703	
2.88746953719638e-06	2.16560215289729e-05	0.000342165140157771	0.00155778981531745	0.00628313371293933	0.0210886337649138	0.0574952934246544	0.126657407514351	0.217170915096846	0.26808566544623	0.216706032501357	0.084588420092168	
2.88328186675201e-06	7.35236876021763e-05	0.000520432376948738	0.00200243925645927	0.00757870638675766	0.0232637597418886	0.0630126835569318	0.134101439622636	0.221127536206812	0.264029328743149	0.207016754750928	0.0772705123880205	
1.44570509929103e-06	8.67423059574616e-06	0.000133004869134774	0.000579727744815702	0.00227553982628408	0.00835039265350497	0.02624388466743	0.0677269467864867	0.141343696147485	0.223828400587535	0.261682742907371	0.196821183627679	0.0710043602465795	
2.89988298972136e-06	2.17491224229102e-05	0.000102945846135108	0.000632174491759258	0.00261134463224409	0.0100002464900541	0.0294584613510845	0.0734656356616011	0.147012468046914	0.229005209639791	0.256477251142916	0.185857850635727	0.0653517630563607	
1.01774511300606e-05	1.16313727200692e-05	0.000170108826031012	0.000840366679025	0.00325678436161938	0.0114510864429081	0.0335754112780698	0.0802826423570977	0.154246541484018	0.232095319099441	0.249773551712356	0.175030350613191	0.0592560283223926	
4.37893556834205e-06	2.18946778417102e-05	0.000197052100575392	0.00112100750549556	0.00401840320654855	0.0134681461630307	0.0368180902586199	0.0864343495383142	0.160822247328119	0.232063150089476	0.244397151940306	0.165814233876029	0.0548198943800741	
2.90966226095306e-06	4.6554596175249e-05	0.000289511394964829	0.00142427967673652	0.00451725066012963	0.0152335367672197	0.0412866526517934	0.0923046707353444	0.165828926407367	0.232237603020229	0.237717951888735	0.157740065321918	0.0513700872171263	
1.45484382978909e-05	8.43809421277673e-05	0.000391352990213266	0.00154504414723602	0.0051748795025598	0.0173300997004477	0.0455293376532496	0.0975851047269331	0.170980521095963	0.233938887830086	0.230678582807529	0.150225719020192	0.0465215411451658	
1.16040411073156e-05	0.000140698998426202	0.000429349520970678	0.00197268698824366	0.00631114785724128	0.0195339526990274	0.0494071060246731	0.104247804297847	0.177038503658899	0.232347715091781	0.224886316659777	0.140394392347135	0.043278721814872	
1.5954700254695e-05	2.46572640299832e-05	0.000133439311221086	0.000529405962996699	0.00213502897953737	0.00755527578424604	0.0224120025759589	0.0546419475177387	0.109488405284197	0.180977065843598	0.232558611767027	0.2165444439932	0.133374041992771	0.0396097190232242	
1.1597934407882e-05	4.34922540295573e-05	0.000144974180098524	0.000721971416890652	0.00262693214338526	0.00873324460913511	0.0246166157807295	0.058855167894598	0.115506728251698	0.184621718871869	0.229987039308299	0.211968198463854	0.125865133419738	0.0362971854712676	
1.01620852598953e-05	5.08104262994767e-05	0.000175658902349619	0.000865228973556802	0.00329396735067179	0.00977157084062221	0.0268671017006976	0.0633388256984619	0.120902683516372	0.187683552665007	0.229439560997917	0.205814164495126	0.119015439110963	0.0327712732366967	
5.81017012178117e-06	5.66491586873664e-05	0.00024983731523659	0.00113007808868644	0.00373739193083573	0.0116087199033188	0.0295084015059961	0.0682535209630938	0.125107488147253	0.191408791949428	0.228846623129125	0.198834189365065	0.111283640885005	0.0299688574881473	
1.59743944978376e-05	9.43941493054043e-05	0.000288991318642699	0.00125762051228431	0.00447428267707616	0.0126488160069242	0.0323655754703007	0.072112773416284	0.129935724845411	0.195082210042957	0.226750721026079	0.191222215445206	0.105770822623228	0.0279798780718035	
2.90663453866623e-06	3.63329317333279e-05	0.000124985285162648	0.000389489028181275	0.00147366371110378	0.00492238559123126	0.0141422303478806	0.0355423271388107	0.0758239218929167	0.135444809550038	0.198828335617464	0.223185933051487	0.183939100193146	0.0999010290939584	0.0262425499323481	
2.90423713677069e-06	7.26059284192673e-06	3.92072013464043e-05	0.00010600465549213	0.000487911838977476	0.00160459101806581	0.00564728911245061	0.0157758161269384	0.0385029238407374	0.0793640882365327	0.141449417627848	0.201204096716905	0.219271355944756	0.177531659815087	0.0949249908153501	0.0240804822195342	
4.34168480526096e-06	8.68336961052193e-06	4.486407632103e-05	0.000104200435326263	0.000515213263557634	0.00195665261890427	0.00616519242347057	0.0174839647107859	0.0413096836937897	0.0851679363682675	0.146844463483536	0.201349974528782	0.216833869772611	0.171034883990182	0.0889220464965498	0.0222540290834993	
1.01165133292289e-05	1.44521618988985e-06	1.15617295191188e-05	4.19112695068055e-05	0.000115617295191188	0.000635895123551532	0.00235425717333056	0.00704253849333322	0.0199382025557203	0.0454491587396559	0.090278319733849	0.15127222381196	0.202158285857981	0.211877364734991	0.164704063080796	0.0835898592070388	0.020519179464056	
1.44751317236987e-06	2.89502634473974e-06	1.88176712408083e-05	6.51380927566441e-05	0.000176596607029124	0.000817844942388976	0.00255920328874993	0.00819871460830294	0.0218125759944416	0.0492646633084361	0.0959860459730184	0.154723235481443	0.203057147820045	0.20798303514562	0.158055410804238	0.0783857333101731	0.0188914944125992	
7.27154267232102e-06	1.4543085344642e-05	5.96266499130323e-05	0.000285044472754984	0.000910397142574592	0.0029900583468584	0.00908070248919449	0.0241357044379679	0.0529164703350145	0.100581432552079	0.158859938453663	0.203385048544819	0.204483051488339	0.151460416630309	0.073231706252945	0.0175985875755513	
1.45502164344695e-06	4.80157142337492e-05	0.000112036666545415	0.000283729220472155	0.00113782692517551	0.00349932705248991	0.00989414717543924	0.0260288821796224	0.0571416099814485	0.104731002873668	0.161750391037067	0.203343639736641	0.201188752682696	0.145404677894584	0.0689083700120039	0.0165261358262704	
8.72517868438847e-06	4.94426792115347e-05	9.59769655282732e-05	0.00033301098645416	0.00124915474831495	0.00385507478205231	0.0115390488101038	0.0287538263544022	0.06074614819716	0.109149076948805	0.164523423469276	0.204496375415355	0.196019864323471	0.139421084394291	0.0650142147702733	0.0147455519766165	
1.01901778331606e-05	5.3862368546706e-05	0.000113547695855218	0.000438177646825905	0.00151105779868867	0.00485634760734624	0.0130492505852074	0.0310931440483538	0.0638327296866084	0.113320600463508	0.169164230728918	0.204770167817672	0.19112697543876	0.132635354676418	0.060317118334168	0.0137072449252914	
2.92028355953363e-06	8.76085067860089e-06	7.00868054288071e-05	0.000147474319756448	0.000499368488680251	0.00179305410555365	0.00538646302555978	0.0143531936951078	0.0335073335620889	0.0678411073715258	0.118731428821739	0.172641323472509	0.20269542172545	0.186182678338067	0.126762208610456	0.0566476604878334	0.0127295160360071	
7.31656279586351e-06	1.75597507100724e-05	4.3899376775181e-05	0.000204863758284178	0.000646784151154334	0.00208961033449862	0.00601567793075898	0.0154818468760472	0.0361482101492432	0.0727178543155282	0.122867039030936	0.174409297302676	0.201016709566113	0.180549356800965	0.122230498067696	0.0540430594353662	0.0115104165904525	
5.86008461962191e-06	2.49053596333931e-05	9.08313116041396e-05	0.000224148236700538	0.000747160789001793	0.00244365528638234	0.00672737714332595	0.0172740644374905	0.0394471596169849	0.0768828451882845	0.126569037656904	0.17637682688138	0.199450910071141	0.176485238446843	0.116448671518817	0.0498282995206451	0.010973008450242	
1.46607788978613e-06	8.79646733871677e-06	2.05250904570058e-05	0.000123150542742035	0.000268292253830862	0.000986670419826065	0.00300545967406156	0.00776434850430734	0.0192158829014268	0.0424077690399536	0.0811825970690171	0.131147997630818	0.176611072993086	0.197989420781947	0.172563231939386	0.110048204641016	0.047182784726987	0.00947232924590818	
4.40014960508657e-06	1.61338818853174e-05	3.37344803056637e-05	0.000124670905477453	0.000310943905426118	0.00122617502328412	0.00349811893604383	0.00881789980859349	0.0210825834745048	0.0454139440740985	0.0851267609765399	0.133651610821435	0.179292895958463	0.195837458473588	0.16748876128455	0.105858799199173	0.0434954788462808	0.00871962980074656	
1.4676012351332e-06	2.34816197621312e-05	3.22872271729304e-05	9.97968839890576e-05	0.000369835511253566	0.00137954516102521	0.00369835511253566	0.0101323189273596	0.023644523499231	0.048953306799103	0.0883129043241403	0.137744649125897	0.180001291489087	0.194394056802038	0.162172871684689	0.100398600495462	0.0402064034377091	0.0084343042983105	
2.94159608061738e-06	1.17663843224695e-05	3.8240749048026e-05	0.000132371823627782	0.00040446946108489	0.00144432367558313	0.00422413197176656	0.0111986562789104	0.0257007249563541	0.0521147869622579	0.0936545360146962	0.140039093811911	0.181140545048338	0.190002103241198	0.15789752361734	0.0952812386472776	0.0389820312603415	0.00773051449986248	
5.90510496324072e-06	2.50966960937731e-05	4.72408397059258e-05	0.000146151347840208	0.000519649236765183	0.00164752428474416	0.00444949658980188	0.0123844813841566	0.0275871741120198	0.0562313620124598	0.0972851279931501	0.143483716673064	0.182021907939414	0.187714429123978	0.151685907467005	0.091966104697511	0.0358366057456671	0.00696211875166081	
7.40848300938507e-06	1.33352694168931e-05	7.11214368900966e-05	0.000161504929604594	0.0006252759659921	0.00180915155089183	0.00513556042210573	0.0132656296766049	0.0300458436928621	0.0584840465726876	0.100227884937369	0.147314721248418	0.182742086999298	0.184357136295344	0.148134099469256	0.0877712616053886	0.0334700445397999	0.00636388690506177	
7.42940946595919e-06	5.94352757276735e-06	5.94352757276735e-06	6.53788033004409e-05	0.000197622291794514	0.000778602112032523	0.00212332522537114	0.0056983570603907	0.0145438119705617	0.032361021751825	0.0618112008748873	0.103417379766152	0.149873477156795	0.181063623976785	0.183215180958126	0.144345996514121	0.083233160129034	0.0314590914426576	0.00579345350155498	
4.46292425673716e-06	1.33887727702115e-05	1.48764141891239e-06	1.48764141891239e-05	8.33079194590936e-05	0.000315379980809426	0.000963991639455226	0.00237130042174634	0.00648760422787691	0.0160933048697942	0.034876265424982	0.0642943744839744	0.105838248748522	0.151978934997508	0.182552941438996	0.181883502800485	0.139211996340402	0.0788747480307347	0.0290223964415617	0.00511748648105861	
2.97866826720442e-06	2.97866826720442e-06	8.93600480161325e-06	3.27653509392486e-05	0.00012808273548979	0.000451268242481469	0.000947216508971004	0.00262122807513989	0.00752113737469115	0.0175845681154413	0.0363352848574931	0.0682159713213819	0.109704352281139	0.154878835221561	0.183130014401861	0.177583734088326	0.134294748161045	0.0745024506993168	0.0270939665584914	0.00495948266489535	
2.97846865012822e-06	0	4.46770297519233e-06	2.23385148759617e-05	0.000139988026556026	0.000399114799117182	0.00107373794837122	0.00312590284830957	0.00816845027297665	0.0184888441456709	0.0381809896259937	0.0713924043092484	0.114858686554895	0.156335351742255	0.183014984675779	0.174079578725394	0.129398081270496	0.0710200957279824	0.0255671748927007	0.00472682974775349	
2.98496770264946e-06	3.2834644729144e-05	0.000146263417429823	0.000480579800126563	0.0012551789189641	0.0035491265984502	0.00871909065943906	0.0197843659331606	0.0407283918188005	0.0750226857545401	0.117701753967022	0.159151015486012	0.18287553878667	0.170014805439805	0.125076116676418	0.0673498262748797	0.0238364595895072	0.0042729812663427	
3.73251874844167e-05	0.000176174884926447	0.000565849842263758	0.0014526962968935	0.00407441746579893	0.0099314858858536	0.022232374673218	0.0438302211592009	0.0786740301796536	0.121775663679159	0.160604309715448	0.180570299004612	0.166368811670541	0.119342061455175	0.0637991964633638	0.0224936509856089	0.00407143145080018	
5.98637501047616e-06	5.53739688469044e-05	0.000175101469056428	0.000680950157441663	0.00170312369048047	0.00457957688301426	0.011302276019779	0.0237434598853011	0.0467655615818397	0.0825012272068772	0.124411838655221	0.162272667408977	0.178530165343678	0.16121158243837	0.115963566921686	0.061692587670462	0.020781700848868	0.00362325347509069	
1.64145540389502e-05	8.80416989361877e-05	0.000225327059989226	0.000699856894933424	0.00193393291222541	0.0050512059474406	0.011979639984063	0.0255082169765287	0.05005095972913	0.0849199492044164	0.127469457737746	0.163190511790873	0.176780270302938	0.159236096499671	0.111712978092539	0.0582507755876783	0.0196079309156187	0.00327843411123397	
2.97042202270888e-06	2.97042202270888e-05	7.57457615790763e-05	0.00023763376181671	0.000738149872643156	0.00211345526915737	0.00566756521932854	0.0131084723862143	0.0278150318206459	0.0527799437105027	0.0878695390647626	0.129520796667186	0.164684652572014	0.175550456331083	0.155361983053742	0.108037219387945	0.0551132102093405	0.0181537341917853	0.00313973607800328	
1.1869453812246e-05	3.11573162571458e-05	6.08309507877608e-05	0.000259644302142882	0.000762612407436806	0.00236943971726961	0.00648814019011898	0.0140994274472217	0.0296024178077416	0.0553398447178705	0.0916010261142821	0.131629275414355	0.16552843550213	0.175519548248588	0.151776189578916	0.10326869921172	0.0519377625189355	0.0169035859103649	0.00281009319004924	
1.18627304150028e-05	3.11396673393823e-05	9.04533194143963e-05	0.000308430990790073	0.00102909186350149	0.00280405290184629	0.00678696463868347	0.0151724322007886	0.0318366027512638	0.0586241308696419	0.0949685711786068	0.135153570459429	0.165289354237441	0.173625888036585	0.147822966542652	0.099652866851231	0.048809204292529	0.015535728319748	0.00244668814809433	
8.88024544998424e-06	3.84810636165984e-05	0.000134683722658094	0.000407011249790944	0.00121363354483118	0.00315396717565274	0.00760445018700317	0.0164047734279375	0.0339121773325815	0.0616585042410572	0.0987734900992664	0.137435118706681	0.166309236787305	0.170892923480405	0.144123423571428	0.0953161145374058	0.0458250266037353	0.0145680426606991	0.00222006136249606	
1.47949129171426e-05	4.73437213348562e-05	0.000143510655296283	0.000477875687223705	0.00139368079679483	0.00351675080040479	0.00781763198541813	0.0175541641761897	0.0354782011753079	0.0649910934624239	0.102099694041201	0.140414080022725	0.167169200542086	0.168698994537718	0.140402244092391	0.0904738514709102	0.0433076690910597	0.0138125306994443	0.00218668812915367	
2.21140435970998e-05	4.12795480479197e-05	0.000172489540057379	0.000633935916450195	0.00150522923417593	0.00352055574065829	0.00851095824573715	0.0191728757986855	0.0378194373597601	0.067621796780785	0.105507576271336	0.142227208529534	0.167406258569192	0.166798859505058	0.135395443327603	0.0870821551462328	0.0415655563451088	0.0130649769571666	0.00193129314081338	
1.91276890955987e-05	8.38675598807021e-05	0.000275144450836689	0.000744508514028689	0.00161996813032725	0.00391676218249875	0.00981544722744147	0.0207094018477348	0.0403505958275153	0.071125576221634	0.107453471896275	0.145346895355356	0.166210790076555	0.164236224017609	0.131823619164767	0.0827404975847614	0.0398576899931287	0.0119062507816604	0.00176416147889407	
4.27055277151512e-05	7.95206378144194e-05	0.000321027760065619	0.000677398025826536	0.00167876902052663	0.00439572414585263	0.0104716899166359	0.0222731416100573	0.0424890548677675	0.0728129247543328	0.111006392575718	0.146316500974128	0.166710599364718	0.163004054079924	0.127654185362607	0.079695877738492	0.0376927823240348	0.0110239165681249	0.00165373474565913	
5.88668138337013e-06	3.23767476085357e-05	8.53568800588668e-05	0.000286975717439294	0.000735835172921266	0.00189845474613687	0.00503016924208977	0.0117056659308315	0.0236703458425313	0.0440132450331126	0.0764738778513613	0.11339808682855	0.148763796909492	0.167557027225901	0.158875643855776	0.123814569536424	0.0766372332597498	0.0350242825607064	0.0104253127299485	0.00156585724797645	
4.41373790635814e-06	2.79536734069349e-05	7.94472823144465e-05	0.000307490407476284	0.000845966432051976	0.00219804147736635	0.00546862126597773	0.0127012664485299	0.02505090511052	0.0470636872954968	0.0789661848826534	0.116455003413291	0.150367222993809	0.166325828017231	0.155749040747628	0.120344977754761	0.0734916786328006	0.0332177914832513	0.00987058920458558	0.00146388973894212	
1.17757196436667e-05	2.35514392873334e-05	0.000105981476793001	0.000360631414087293	0.0010318474337763	0.00224180262716305	0.0059997291584482	0.013109319893312	0.0269649260190413	0.049624354543367	0.0822430979563239	0.118549113582704	0.150916150988277	0.164835051607091	0.154540128708616	0.117632079415453	0.0701803451463428	0.0312807272684452	0.00902461714191509	0.00132476845991251	
5.88772115752598e-06	4.12140481026819e-05	9.71473990991787e-05	0.000479849274338367	0.00111572315935117	0.00255085519149813	0.00628514233565898	0.0143307132974182	0.0287968441814596	0.0526759692660956	0.0847375548294033	0.120924960993847	0.151471930289381	0.165383143454326	0.152215255085519	0.113438723542053	0.0662663016279549	0.0296903058671141	0.00835762018310813	0.00113485825311313	
1.47101656070444e-06	2.94203312140888e-06	4.85435465032465e-05	0.000167695887920306	0.000436891918529219	0.00118563934792778	0.00279640248189914	0.00724181452834796	0.0157648844810695	0.0312046743022233	0.0559030423564508	0.0874725287657288	0.122475367827691	0.152428207036755	0.164627347374677	0.148431455041321	0.109183262185166	0.0637656258734161	0.0280449307298302	0.00779050370549072	0.0010267695593717	
1.46796532665898e-06	1.76155839199078e-05	5.43147170863824e-05	0.00015854025527917	0.000488832453777442	0.00131823286333977	0.00335576873674244	0.00786095432425886	0.0170430774425108	0.0332611583714393	0.0580932598372026	0.0905763965855127	0.125638748412762	0.153860381817781	0.162767995419948	0.14402354616384	0.105361743355622	0.061526830736258	0.0263940165733285	0.00725615260967536	0.000940965774388409	
4.39478017309574e-06	7.32463362182624e-06	5.27373620771489e-05	0.000183115840545656	0.000603549810438482	0.00146785657781398	0.00383371323766385	0.0085273384625301	0.0187598516322214	0.0351890048459776	0.0607241425783882	0.0934799041351952	0.128500442407871	0.15435053938602	0.160287887399872	0.141262884030541	0.101689353498538	0.0582762500219739	0.0250194835254341	0.00688076082434357	0.000899465008760262	
2.93669369403763e-06	5.87338738807526e-06	1.46834684701882e-05	6.31389144218091e-05	0.00025989739192233	0.000690123018098843	0.00152854906774659	0.00417157339238045	0.00947671055065943	0.0200414661149598	0.0377071470314432	0.0633973434668844	0.0964924130518414	0.129186623947562	0.154703555455055	0.158452244955494	0.138711789944173	0.097935798002461	0.0559469515651109	0.0237020548045777	0.00650330818544633	0.00100581759020789	
2.9311588043217e-06	8.7934764129651e-06	2.49148498367345e-05	7.76757083145251e-05	0.000284322404019205	0.000813396568199272	0.00171326232112603	0.00470890661914281	0.0103880268025161	0.0213344393572555	0.0394841746736155	0.0659158991915864	0.0978083725620087	0.132108792890181	0.155861438261002	0.156836048563439	0.135330136416131	0.0940711450864985	0.0539978074932144	0.0221038685433899	0.00614957117146693	0.000976075881839126	
7.31389786873016e-06	1.90161344586984e-05	0.000115559586325937	0.000308646490060413	0.000865965507657651	0.00200108245688457	0.00519433026637216	0.0112209821102058	0.0221362432894987	0.0413381507540629	0.0682386671152524	0.101818235010166	0.135462165206325	0.155047320919211	0.154529496950105	0.131046033673186	0.0920278513230841	0.051624416716645	0.0203852961397247	0.00572385647206822	0.000889369980837588	
5.83962065824204e-06	4.52570601013758e-05	0.000147450421620612	0.000300740463899465	0.000884702529723669	0.0023548270304361	0.00559143678026675	0.012220866132536	0.0236796617691715	0.0431095396043073	0.0711207399967298	0.104933603513116	0.137159550115625	0.154825862511971	0.152085620518091	0.128233689939502	0.0886439816869496	0.04909661068417	0.0192809675083507	0.00547756417743103	0.00080148793534372	
1.0213923328455e-05	4.66922209300799e-05	0.0001167305523252	0.000354569052687794	0.000971781848107287	0.0027635958262991	0.006465413466912	0.0133495977902906	0.0250635087161244	0.0456766651248506	0.0738043508395115	0.107055048669345	0.136943906592212	0.155091130083068	0.150430662781485	0.125467834166741	0.0861019145269713	0.0465273390249205	0.0181705696013214	0.00496104847382099	0.000627426718747948	
4.39106856653567e-06	5.70838913649637e-05	0.000127340988429534	0.00041568782429871	0.00114753258538799	0.00293030642340147	0.006607094503114	0.0143441573173498	0.0269084681757306	0.0474864791680389	0.076284570516902	0.109811842711924	0.138664090573108	0.154925681164511	0.150077941467056	0.12190923661273	0.0824481670947959	0.0438360374997256	0.0171339495466222	0.00437643167131388	0.000503509195629423	
1.60704763435283e-05	6.28209529792472e-05	0.000153400001460952	0.000416371432536871	0.0012973257266412	0.00317757145883401	0.00704909530522948	0.0150142077620401	0.0281978421733128	0.0506497585776167	0.0793487074223686	0.111521801062112	0.140748153721411	0.15609838053427	0.147198258544745	0.118646865891875	0.0782266959831114	0.0415115013477286	0.0159930458666004	0.0040862838484408	0.000585841910341351	
2.05183522004467e-05	9.23325849020102e-05	0.000128972499545665	0.000526149174282884	0.0014626653925747	0.00334742260184431	0.00760644628002275	0.0161757895168807	0.0307995122494563	0.0531557225684287	0.081830119768553	0.114637499340482	0.141408086575722	0.154900368744101	0.144699816507307	0.115009760873261	0.0759384214938533	0.0391123760838087	0.0148245094648228	0.00380322314001137	0.000520286787939899	
2.92320734309685e-06	2.33856587447748e-05	7.45417872489696e-05	0.000160776403870327	0.000644567219152854	0.00160484083136017	0.0037490134175217	0.00860884562542021	0.0170773772983718	0.0331447864597036	0.0553801631149697	0.084800783419568	0.116334882633225	0.142247654126107	0.154713671840744	0.142119033003011	0.112376859890672	0.0716463503756321	0.0372548159840978	0.014005086380777	0.00355754333654886	0.000472097985910141	
7.29247795483914e-06	2.47944250464531e-05	8.16757530941984e-05	0.000256695224010338	0.000663615493890362	0.00185083090493817	0.00438277925085832	0.00903392169045473	0.0188277195838037	0.034637811789895	0.057846852128966	0.0882141888285072	0.118247530037717	0.143011326676759	0.151979616065621	0.140301441868741	0.109681785431963	0.0686134665814905	0.0351716211761892	0.0134385783751776	0.00322181676044793	0.000504639474474869	
1.45613184400168e-06	8.7367910640101e-06	8.29995151080959e-05	0.000275208918516318	0.000784855063916907	0.00194830440727425	0.00459409596782531	0.0100735200968036	0.0201281104796353	0.0364324187369221	0.0597683876688931	0.0906704176622968	0.119937211594887	0.143242601758134	0.151091152397303	0.138229139819236	0.10571808413821	0.0669252756821614	0.0338070130221871	0.0127207677891987	0.00313068346460362	0.000429558893980497	
1.59903708893844e-05	9.01275450128941e-05	0.000348880819404751	0.000809694235035193	0.0021587000700669	0.00510528932395619	0.0109127012969644	0.0213369694467622	0.0380280093151179	0.0616108990367982	0.0930566902258131	0.121579150882232	0.143465607619557	0.15014958265132	0.135537290998584	0.103847283235986	0.0643176327273467	0.032018537200871	0.0122021066586812	0.00308759525173205	0.000321261087868542	
1.01701022240561e-05	2.90574349258745e-05	0.000111871124464617	0.000348689219110494	0.000922573558896515	0.00242048432932534	0.00570252160420287	0.0114442707455557	0.0221838986941589	0.0394251277074265	0.0652412057673197	0.0935518646155992	0.122942007171375	0.144518605475583	0.149836116067018	0.13325739657006	0.100038936962801	0.0623601610944192	0.0308081453801584	0.0116331440725738	0.00289847913385598	0.000315273168945738	
5.79364205720642e-06	1.01388736001112e-05	2.89682102860321e-05	0.000112976020115525	0.000466388185605117	0.00113120861166955	0.00259989687317138	0.00606304641286652	0.0121434737519047	0.0235772263518015	0.0415693817604561	0.0665588083637017	0.0950562852325858	0.124212788885477	0.146031644872916	0.149318088329867	0.13086388996715	0.0968827308911201	0.0600163380706013	0.0294708087344948	0.0108355590574903	0.00271142448277261	0.000333134418289369	
1.44392030137505e-06	1.15513624110004e-05	2.88784060275009e-06	2.88784060275009e-05	0.000147279870740255	0.000554465395728017	0.00119700992983991	0.00279109794255796	0.00620308161470719	0.0128494467619365	0.0250577929100625	0.0432194224607579	0.0681891362324365	0.0978876889911185	0.126010924701	0.146768722953568	0.147207674725186	0.128273547813255	0.0942417902301465	0.0577712512580156	0.0282806230227316	0.0103038152706123	0.00265536943422871	0.000345096952028636	
7.22305367595648e-06	1.30014966167217e-05	1.4446107351913e-06	3.32260469093998e-05	0.000202245502926781	0.000706414649508543	0.00123225295711817	0.00284588314832685	0.00667265698584859	0.0135143334277146	0.0262341309510739	0.0452235390651635	0.0703077598710252	0.100322437116095	0.127254315052266	0.147230392298491	0.145547420791993	0.126299427356305	0.0910740391894	0.0553545941510601	0.0269463240435232	0.0102394008910359	0.00237494004865449	0.000362597294533015	
