# <P(N_2)> as a function of N_tot.
# number_of_species: 2
# species_total_upper_bound: 100
# species_total_lower_bound: 0
# volume: 512
# Bin widths for each species index 
1	1	1	1	1	1	1	1	1	1	1	1	1	1	1	1	1	1	1	1	1	1	1	1	1	1	1	1	1	1	1	1	1	1	1	1	1	1	1	1	1	1	1	1	1	1	1	1	1	1	1	1	1	1	1	1	1	1	1	1	1	1	1	1	1	1	1	1	1	1	1	1	1	1	1	1	1	1	1	1	1	1	1	1	1	1	1	1	1	1	1	1	1	1	1	1	1	1	1	1	1	
# Bin lower bound for each species index 
0	0	0	0	0	0	1	2	2	2	3	4	4	5	6	7	8	9	10	10	11	12	13	13	13	15	15	16	17	18	19	20	20	21	22	23	24	25	26	26	27	28	29	30	30	30	31	31	32	34	35	36	37	37	38	39	39	40	41	42	43	44	44	44	45	46	49	51	51	52	52	53	54	55	56	57	58	59	59	60	61	62	62	63	64	64	65	67	68	69	70	71	72	72	73	73	75	76	76	76	77	
# Bin upper bound for each species index 
0	1	2	3	4	5	6	7	8	9	10	11	12	13	14	15	16	17	18	19	20	21	22	23	24	25	26	27	28	29	30	31	32	33	34	35	36	37	38	39	40	41	42	43	44	45	46	47	48	49	50	51	52	53	54	55	56	57	58	59	60	61	62	63	64	65	66	67	68	69	70	71	72	73	74	75	76	77	78	79	80	81	82	83	84	85	86	87	88	89	90	91	92	93	94	95	96	97	98	99	100	
# Normalized histogram for each species index 
1	
0.0789124462758651	0.921087553724135	
0.00641365878358121	0.145664228972948	0.84792211224347	
0.000436492069838731	0.0172153360877871	0.201689324270292	0.780658847572082	
7.25782589033983e-05	0.00183455506735821	0.0317580129189301	0.247959713483366	0.718375140271443	
2.23813786929275e-06	0.000172336615935542	0.00400962399283796	0.049468442256043	0.286304834377798	0.660042524619517	
1.00384024663239e-05	0.00048184331838355	0.00784445383840626	0.0676543711108162	0.315454566748126	0.608554726581801	
4.68630227319134e-05	0.00105330222521253	0.0123227434059822	0.086581666069721	0.338968053923718	0.561027371352634	
1.11616984086767e-06	0.000138405060267591	0.00198454997706271	0.0181009263093509	0.106651144464746	0.356304852771617	0.516819005247114	
1.11877972457881e-06	2.01380350424185e-05	0.000285288829767596	0.00331494432392701	0.0255260781959901	0.12732496411514	0.369457984786833	0.474069482933575	
7.85360873321291e-06	6.05849816562139e-05	0.000591264543200458	0.00514860149667344	0.0335416409554476	0.146337413470061	0.377778775061426	0.436533865882802	
7.85981679889873e-06	0.000121265744897295	0.000916230072557337	0.00727033053898132	0.0434075225183751	0.164436350080732	0.381204483239502	0.402635957988156	
6.72779239826737e-06	2.24259746608912e-05	9.30677948426986e-05	0.00138480393531003	0.0100681413240071	0.0523074645977957	0.180557128488501	0.384053786457627	0.371506453634858	
6.72786029373838e-06	1.6819650734346e-05	0.000190622708322587	0.00199929581728926	0.0133133142112593	0.0628987658861601	0.19668002520705	0.383535131765144	0.341359296893747	
3.36462433969247e-06	1.90662045915907e-05	0.000315153146484528	0.00293395242421184	0.0172874398573399	0.0733611475612081	0.212160873905095	0.379548691721903	0.314370310554827	
2.2387190944829e-06	6.26841346455212e-05	0.00053281514448693	0.00394238432538439	0.0211066436227848	0.0845116458167295	0.225947202048876	0.373731765632975	0.290162620555023	
1.11554727075782e-06	0.000126056841595634	0.000869011323920345	0.00524418771983253	0.0266805440747149	0.0959024833197794	0.237800096160175	0.367242623722559	0.266133881290153	
3.34422435732368e-06	0.000146031130269801	0.0012897558604745	0.00720680349003254	0.0318325569159117	0.108313853226452	0.247825975482377	0.35891219070105	0.244469488969076	
1.33947108751658e-05	0.000231058762596609	0.00172680147699012	0.00923007201889547	0.03797847023472	0.118975170670941	0.256707401470739	0.349673392299827	0.225464238354415	
1.11351382650118e-06	5.56756913250592e-05	0.000364119021265887	0.00211790329800525	0.011302165338987	0.0443701854445927	0.12984796082213	0.264891577158714	0.339132884513027	0.207916415198128	
6.70593363361014e-06	7.82358923921183e-05	0.000527533445843998	0.00290255160774759	0.0142456383489991	0.0514736289159858	0.14110737317403	0.271396957741442	0.328502453254054	0.189758921685872	
1.00812887919592e-05	7.50495943401404e-05	0.000641842053088067	0.00390369904888641	0.0171012262207601	0.0595412117485099	0.150737670303772	0.274915625213527	0.319016783105552	0.174056811422772	
2.46220790659726e-05	0.000182427222170615	0.000977048864754277	0.00484607283434825	0.020745220798494	0.0658931603221911	0.160107307497311	0.278605539743953	0.307112311375289	0.161506289262423	
4.48888440000449e-06	4.93777284000494e-05	0.000214344230100214	0.00134778754110135	0.0061015161207061	0.024009920434524	0.0733270488951733	0.17048782951217	0.28031624190598	0.294707605292395	0.149433839455049	
1.12083623349709e-06	1.00875261014738e-05	4.37126131063864e-05	0.000331767525115138	0.0016935835488141	0.00772256164879493	0.0275860213788303	0.0807495256060642	0.179174638614377	0.281200998440917	0.284495136131165	0.136990846130481	
8.95934919287463e-06	5.93556884027944e-05	0.00043340851720531	0.00223983729821866	0.00934348128951913	0.0323320513997863	0.0890133740685077	0.187908910296756	0.281929440645432	0.271294693153489	0.12543648829349	
4.47527911756446e-06	8.95055823512893e-06	8.05550241161603e-05	0.000576192186386425	0.00284292105943283	0.0111680590378821	0.0369624490517443	0.0971247450489428	0.194815612906257	0.281239965585104	0.260341530925857	0.114834543336925	
6.74169423270531e-06	1.12361570545088e-05	0.000107867107723285	0.000765182295412052	0.00340455558751618	0.0136081098087157	0.0415614213289228	0.10471424205379	0.201580028405005	0.279298279519632	0.248730314252841	0.106212021789156	
4.50888645158527e-06	1.46538809676521e-05	0.000167956020321551	0.00100097279225193	0.00431162266932841	0.0157833570237742	0.0464618204403604	0.112053718873184	0.207237439087762	0.277054164125721	0.237725402051769	0.0981843841481079	
4.51208053161333e-06	1.692030199355e-05	0.000258316610434863	0.00127917483071238	0.00512685150404564	0.0181182593746933	0.0516779863487003	0.119228343987483	0.213819600252225	0.27303276108872	0.22643312137835	0.0910041522421092	
2.24822671118156e-06	2.92269472453602e-05	0.00034735102687755	0.00157375869782709	0.00623320855675086	0.0207162850301824	0.057117323710923	0.126968603513978	0.217391157724345	0.268694567160152	0.216557065614497	0.0843692037905102	
2.24749151852888e-06	7.41672201114531e-05	0.000494448134076354	0.00201487614636114	0.00750212668884941	0.0231446676578104	0.062816264197123	0.134325825587916	0.221477927947669	0.264170153087885	0.206865861839954	0.0771114340007259	
1.12609822729617e-06	7.88268759107319e-06	0.000122744706775283	0.000540527149102162	0.00233665382163955	0.00844235841003939	0.0261018308104979	0.0678665618644583	0.14122510478344	0.2240383684188	0.262340347423825	0.196164058998538	0.0708124348270651	
2.2547355082512e-06	2.02926195742608e-05	0.000111609407658435	0.000604269116211323	0.00269102682909781	0.00994338359138781	0.0295494362033862	0.0734716839041196	0.146958023589043	0.228709096279461	0.256928238532979	0.185740601698718	0.0652700834928559	
7.92081896741941e-06	1.92362746351614e-05	0.00015615328821484	0.000861106176315167	0.0033244808751826	0.011395795402983	0.0334360399526109	0.0800964529441118	0.15384493525862	0.231638692974347	0.250227723545313	0.175369195029799	0.0596222674588994	
3.41045509112736e-06	2.50100040016006e-05	0.00019325912183055	0.00112545018007203	0.00406980974207865	0.0134712976099531	0.0366032776747062	0.0861242224162392	0.160571046600458	0.232158772599949	0.244433000472916	0.166007312015715	0.0552141311069883	
2.26376738431866e-06	4.64072313785325e-05	0.000293157876269266	0.00140014012720109	0.00449697390894901	0.0150585806404877	0.0410692678863091	0.0921591020993047	0.16610845935915	0.232693781317807	0.23751786961379	0.157640837458106	0.0515131587138632	
1.13071008593397e-05	8.59339665309815e-05	0.000379918588873813	0.00156490275893261	0.00526345545002261	0.0172241067390321	0.0455766621438263	0.0978674807779285	0.17146540027137	0.233509724106739	0.230538218000905	0.149650610583446	0.0468622795115332	
1.12844655789946e-05	0.000127514461042639	0.000455892409391384	0.0018901479844816	0.00630124557931061	0.0196609243782824	0.049925861061146	0.104411774662764	0.177031824449826	0.232413724618416	0.224158009600823	0.140258008020998	0.0433537883079395	
1.23893127535585e-05	2.13997220288739e-05	0.000128398332173243	0.000549634965794234	0.00216137192491626	0.00761266953648202	0.0223705936282891	0.0547731516834823	0.109622891845805	0.181362644194706	0.232413370546324	0.216472830237131	0.133028556239596	0.0394700978305187	
9.00636186886512e-06	5.51639664467989e-05	0.000172246670742045	0.000743024854181372	0.00261522232767171	0.00880709611251648	0.0245400845021902	0.0591402752119028	0.115172229783814	0.185159542071531	0.230464919657623	0.211681026184871	0.125189555772459	0.0362506065221821	
7.88661303769801e-06	5.18263142477298e-05	0.000215191870028617	0.000915973771378355	0.00327294441064467	0.00982108654994479	0.0270837558304604	0.0633407692827689	0.120780098695329	0.188588070934451	0.229570292255346	0.205162351562676	0.118490727596386	0.0326990243133013	
4.507235239368e-06	5.97208669216259e-05	0.000286209437699868	0.00122934841153762	0.0037883312186888	0.011567819241838	0.0298378972846161	0.0679702342184792	0.126276956083753	0.191804268802495	0.228401892137353	0.197793257626805	0.110934327328945	0.0300452301056271	
1.23893127535585e-05	8.67251892749098e-05	0.000351405961737297	0.00133016166926842	0.00449394162606351	0.0127181926921076	0.0326345760940326	0.0724808585117958	0.131118349473229	0.195252190092604	0.225575596207519	0.190578040281035	0.105321547718001	0.0280460251705783	
2.25232834442605e-06	3.04064326497517e-05	0.00013401353649335	0.000447087176368571	0.0014786535581157	0.00492471592508756	0.0141671452864399	0.0357838665720689	0.0765251078302195	0.135827786974785	0.198441388785657	0.222611124249693	0.183658231697017	0.0996171041814476	0.0263511154656126	
2.25286874674038e-06	5.63217186685095e-06	3.26665968277355e-05	0.000108137699843538	0.000479861043055701	0.00162206549765307	0.0056794821105325	0.0158207707739843	0.0388315721531906	0.0799576911249362	0.141240226773768	0.200667525009659	0.219330289707657	0.177301896802841	0.0947680502660075	0.0241518793994303	
3.36959390777421e-06	6.73918781554843e-06	5.27903045551294e-05	0.000103334213171743	0.00053014944148981	0.00204983629389598	0.00631012619129185	0.0175915265945199	0.0415706800402105	0.0851687324149318	0.14634820260245	0.200715477106417	0.216676120249575	0.171328125438749	0.0888236186068976	0.0227211717201215	
7.84891511174052e-06	1.1212735873915e-06	1.00914622865235e-05	4.03658491460941e-05	0.000125582641787848	0.000666036510910553	0.00240737439212956	0.00718287860082997	0.0199440932989327	0.0452355403361354	0.0900685434543972	0.150787750758822	0.201895400872127	0.212258211366799	0.165058199705554	0.0837916539121796	0.0205193066492645	
1.12092669251524e-06	2.24185338503047e-06	1.45720470026981e-05	6.05300413958228e-05	0.000179348270802438	0.000855267066389125	0.00259382436648026	0.0082914947445352	0.0217840893423411	0.0491649656604108	0.0956621257926353	0.154338154439038	0.202348565606158	0.208290598003181	0.158861093643337	0.0788437416981367	0.0187082664980793	
5.62207090106055e-06	1.12441418021211e-05	6.1842779911666e-05	0.000296845343575997	0.000917521971053081	0.00306177981271757	0.00928653671437181	0.0241186841655497	0.0527114123541635	0.100012143673146	0.158382732596317	0.202726254621342	0.204732209518841	0.152181588392448	0.0738571454272324	0.0176364364166269	
1.12553547350152e-06	3.71426706255501e-05	0.000102423728088638	0.00028138386837538	0.00109852262213748	0.00363998172130391	0.0101669619321392	0.0260820335274507	0.0566369450265964	0.104351770354746	0.161432176357902	0.203168157250812	0.201376304776998	0.146200304795006	0.0689829436354346	0.0164418221969102	
6.75657414664469e-06	3.94133491887607e-05	0.00010134861219967	0.000324315559038945	0.0012702359395692	0.00407759249750007	0.011727160527193	0.0287863841517797	0.0602753979622172	0.109062367683756	0.164476410547463	0.203921290415574	0.196226678558237	0.139658387611146	0.0652899020747187	0.014756357936272	
7.89149420933429e-06	4.50942526247673e-05	0.000113862987877538	0.000403593560991668	0.00157378941660438	0.00489047169715602	0.0130570408475014	0.0312469350000169	0.0638590984982487	0.113514634776011	0.169008749412366	0.204203686229681	0.191175956646386	0.132932219956236	0.0603947325403509	0.0135722426837393	
2.26239993122304e-06	6.78719979366913e-06	5.65599982805761e-05	0.000145924795563886	0.0004909407850754	0.00183480634422189	0.00539808623589818	0.0145031147591053	0.0336305749776305	0.0682339819256869	0.119070108380269	0.172433335558027	0.201923718661519	0.186314290336046	0.126833533744261	0.0565351118813326	0.0125868620173594	
5.66762978588828e-06	1.36023114861319e-05	3.9673408501218e-05	0.000215369931863755	0.000632507484105132	0.00211969353992222	0.00619811993384742	0.0159430425877037	0.0363997855368889	0.0730682167256289	0.122340323032227	0.174089183555259	0.201076169543744	0.180779253754521	0.121689679132807	0.0538844234263543	0.0115052884653532	
4.53331248009592e-06	2.03999061604317e-05	8.15996246417267e-05	0.000232332264604916	0.000730996637415468	0.0024434554267717	0.00696770128190744	0.0176436521725333	0.0397129506537603	0.0765064480703389	0.126274285804952	0.176103323258046	0.199499748967821	0.176617854224537	0.116373531348422	0.0499423702650968	0.0108448167805095	
1.1330905497982e-06	6.79854329878918e-06	2.37949015457621e-05	0.000114442145529618	0.000262877007553182	0.000960860786228871	0.00304121503565836	0.00805400762796558	0.0194325029290391	0.0426812548297985	0.0809049314366908	0.130817570155301	0.176615957087595	0.197804750368821	0.172365734435302	0.110532983132814	0.0469824665568324	0.00939671992947645	
3.39738152481278e-06	1.4721986607522e-05	2.83115127067731e-05	0.000117775892860176	0.000322751244857214	0.00116190448148597	0.00350043543106543	0.00900192858024559	0.0211271832423024	0.045473951709619	0.0851134668806262	0.133725466658664	0.178994443016286	0.195752593617679	0.167665308091544	0.105988111429584	0.0433313364279704	0.00867691241437183	
1.13142778266177e-06	1.81028445225884e-05	3.05485501318679e-05	0.000107485639352869	0.00036318831823443	0.00130906194453967	0.0037382373939145	0.0100402901433406	0.0237102006134601	0.0488460002330741	0.0883124641478821	0.137460555598927	0.180175348677757	0.194285384555332	0.162537520973843	0.100376878594405	0.040319560462935	0.00836803988056648	
2.26591151388947e-06	1.01966018125026e-05	3.73875399791763e-05	0.000120093310236142	0.000389736780388989	0.00141392878466703	0.00430863074366083	0.0110893709489751	0.0258585821965066	0.051763615579048	0.0934926420188365	0.140203274921911	0.181024803800387	0.190299179626736	0.157974818925346	0.0955183669122537	0.0388921052243989	0.00760100017334223	
4.54348742192301e-06	2.04456933986535e-05	4.31631305082686e-05	0.000134032878946729	0.000499783616411531	0.00169926429579921	0.0045082753944031	0.0124014489181389	0.0276039578318932	0.0557451830514289	0.0971261306184481	0.144019464300116	0.182148410744893	0.187364334305261	0.151963752057348	0.0918579569527284	0.0359435289948329	0.0069163237280223	
5.696155664542e-06	1.02530801961756e-05	6.8353867974504e-05	0.000157213896341359	0.000628855585365437	0.00181479519472308	0.00513679317828398	0.0132982450144398	0.0296838063990613	0.0585735686984854	0.100210188144022	0.147702455612707	0.182455840553211	0.184392533479155	0.148309665806547	0.0878757326680224	0.0333179537130391	0.00635804895276178	
5.70837509961115e-06	4.56670007968892e-06	6.85005011953337e-06	6.85005011953337e-05	0.000192943078366857	0.000751222163108827	0.00209725701159713	0.00572207519985021	0.0145597815290682	0.0320890597849541	0.0619655533812989	0.103319305952922	0.150019522642841	0.180921240407076	0.182823270990266	0.144649083349127	0.0833936518302192	0.0315947145013278	0.00581569255148384	
3.42688344369802e-06	1.02806503310941e-05	5.71147240616336e-06	1.71344172184901e-05	7.88183192050544e-05	0.000286715914789401	0.000901270345692579	0.00230857714657123	0.00653620902161335	0.015970419142114	0.0346686375054116	0.0645419227786085	0.106442426644704	0.151828070973041	0.182458697487295	0.181450051460366	0.139198863188532	0.0789473984814337	0.0292598731367749	0.00508549503044786	
2.2887301781662e-06	2.2887301781662e-06	9.1549207126648e-06	2.63203970489113e-05	0.000102992858017479	0.000397094685911836	0.000906337150553816	0.0026949797847907	0.00760888347731353	0.0176884511819575	0.036603661739412	0.0682957085164794	0.109810985218236	0.154728459329837	0.183160209968107	0.177183191107826	0.134070380741709	0.07474763888873	0.0270665230869935	0.00489444948600842	
2.29018997125812e-06	0	3.43528495688717e-06	1.71764247844359e-05	0.000132831018332971	0.000362995110444411	0.00107066381156317	0.00318908953497693	0.00826071522632802	0.0187772675743453	0.0384751915171363	0.071824937878597	0.114977842412028	0.156219583414444	0.182773191036196	0.17374182688454	0.129021287315783	0.0710497085733262	0.0254268341558932	0.00467313263635219	
2.29807398419385e-06	2.987496179452e-05	0.000144778661004212	0.000445826352933606	0.00131334928196678	0.00361831748811321	0.00885562809809099	0.0200679310669728	0.0412148078695245	0.0751780432819254	0.117882003093208	0.159457608578251	0.182383194644568	0.16986328757868	0.12419596136478	0.0672313034445831	0.0237908109213668	0.00432497523825282	
3.67962431035791e-05	0.000178231802532961	0.000524346464226003	0.00149369749348592	0.00407748368891536	0.0100120277719645	0.022379015102558	0.0441451427809221	0.0787968548411207	0.121715072891058	0.161075554185918	0.180253296138464	0.165424410167722	0.119393459927741	0.0639863669919301	0.0223882141633339	0.00412002934500388	
4.60517529599764e-06	5.29595159039729e-05	0.000164635016831916	0.000640119366143672	0.00172809202982312	0.00454761060479767	0.0113690265119942	0.0239330960132997	0.0471351204483599	0.0823485933492058	0.12432937134752	0.162773374718509	0.178004992010021	0.161269784984365	0.115805191874629	0.0614065586906566	0.0208533850341013	0.00363348330854214	
1.26233212417217e-05	7.68875021086684e-05	0.000223777058375975	0.000698872966928046	0.00200596050277541	0.00507687028848879	0.0121080602201278	0.0256609169351035	0.0500342551035514	0.0846910097853691	0.127542595102381	0.16322069123012	0.17671502163752	0.159214508097861	0.111640653061787	0.0580994098023532	0.0197130374809359	0.00326484990297256	
2.28644333450323e-06	2.9723763348542e-05	8.68848467111227e-05	0.000245792658459097	0.000749953413717059	0.00216411861610731	0.00573897276960311	0.0131504788383953	0.0277254118741862	0.0528522808987094	0.0877056798682094	0.129246925591131	0.164780541452646	0.175507390356468	0.155345533032818	0.107849245645183	0.0554199567633565	0.0183304162127124	0.00306840695490333	
9.14189593779854e-06	3.19966357822949e-05	8.7990748401311e-05	0.000299397091962902	0.000796487683580698	0.00243517253043109	0.00652274275161926	0.0142282182901912	0.0297031626388997	0.0552570472590311	0.0912178376673538	0.132258094006116	0.165107211584611	0.175446695890261	0.151581776544638	0.103218861559699	0.0522482207585031	0.0168679407422305	0.00268200372075165	
1.02698576255405e-05	3.42328587518015e-05	0.000125520482089939	0.000351457349851829	0.00101785700022023	0.00291549847036176	0.0068465717503603	0.0151925427140495	0.0316733820124585	0.0583966926494065	0.0952666226203884	0.1353875330775	0.165181531144484	0.173746592404185	0.147152225535202	0.0998241572155449	0.0489712455397438	0.0154538535358549	0.00245221378192071	
1.254323138727e-05	4.33311629742054e-05	0.000164202301796989	0.000424189279642221	0.00118704580674073	0.00327606397960243	0.00762286380217272	0.0164772448678228	0.033892951502166	0.0615473558298089	0.098377704064121	0.137376891034668	0.166421313458773	0.170951700577103	0.144299614466679	0.0951506727163052	0.0459891877345442	0.0145638319343829	0.00222129224930927	
1.3677676436327e-05	4.1033029308981e-05	0.000177809793672251	0.0004684604179442	0.00139170357739627	0.00358013180720859	0.00799460187703313	0.0173991442333776	0.0357215316262073	0.0646201823234269	0.101680986434025	0.140190484440503	0.167345231392091	0.168815581608996	0.140433263197248	0.0908972783703504	0.0433183410802173	0.0137529036567268	0.00215765345783058	
1.70380391261531e-05	5.45217252036898e-05	0.000199912992413529	0.000605418323615972	0.00147890179615008	0.0035700371315666	0.00853037825582729	0.0191280385922945	0.0380379902837742	0.0672525480387513	0.104858907997996	0.142274441919028	0.167439625708356	0.166588859621324	0.136094177193335	0.0874017331093399	0.0415830382912891	0.0129614042979022	0.00192302668270514	
1.92512400063416e-05	0.000100785903562612	0.000281974044798768	0.000691912214345571	0.00159672049464363	0.00393517994247277	0.00978868933028333	0.0206780966185763	0.0405249926392318	0.0704640681267411	0.107038026861142	0.145049034040722	0.166603628292528	0.164718139197789	0.132306978008289	0.082949063483795	0.0396281113401128	0.0118610286956719	0.00176431952528707	
3.63141583229214e-05	8.85157609121209e-05	0.000296187353821328	0.000650250397469811	0.00173627069481468	0.00448593337032838	0.0104471294225254	0.0223593081698913	0.042568137276597	0.0723219159349931	0.110662858219313	0.146442517524418	0.167196059005968	0.163224197939398	0.127455886808769	0.0799830685236819	0.0373207413989349	0.0110599308442247	0.00166477719561643	
4.54464373969644e-06	3.63571499175715e-05	7.95312654446877e-05	0.000262453175967469	0.000747593895180064	0.00200191556733628	0.00506046080415199	0.0116524665485817	0.0239457278644605	0.0440682741829015	0.0763625125971844	0.113088914818606	0.148837082475058	0.167571240131022	0.158985271945801	0.123464336476333	0.0768124323274143	0.0350789688657819	0.0104038256811001	0.0015360895840174	
3.41029226204686e-06	2.61455740090259e-05	7.38896656776819e-05	0.000296695426798077	0.000827564255590037	0.0021712194068365	0.00550534847503098	0.012737441598745	0.0252543509645443	0.0473871477452284	0.0788789232570565	0.116082938307813	0.150205185917766	0.166177858109107	0.155555934476918	0.120567472632405	0.0737100569518808	0.0332082892837249	0.00983641964783049	0.00149370801077652	
1.02456800228593e-05	2.84602222857201e-05	0.000102456800228593	0.000350629938560072	0.000976754828845915	0.00224266551611475	0.00606430416464125	0.0132100967761399	0.0271066541138113	0.0500125794182503	0.0820474056230569	0.118368341304093	0.150727614042957	0.164979354954754	0.154684723349563	0.117948268423156	0.0697628352756486	0.0310421336514807	0.00897863092669899	0.00135584498969171	
6.84255062917253e-06	3.64936033555868e-05	0.000104919109647312	0.000428799839428145	0.00102068046885157	0.00256937776125429	0.00636699336044504	0.0144240967262957	0.0289610955379727	0.0526591292170069	0.0848168363239081	0.12097857597398	0.151626360242044	0.165589725225975	0.152213679171048	0.113238510787281	0.0660089454945225	0.0293385762476821	0.00845967342786697	0.00115068893080585	
1.14025085518814e-06	3.42075256556442e-06	6.49942987457241e-05	0.000150513112884835	0.000371721778791334	0.00114139110604333	0.00279475484606613	0.00727251995438997	0.0158129988597491	0.0311493728620296	0.0555803876852908	0.0877753705815279	0.122987457240593	0.152827822120867	0.164527936145952	0.148183580387685	0.108669327251995	0.0637502850627138	0.0280102622576967	0.00786887115165336	0.00105587229190422	
1.13876539610816e-06	1.82202463377305e-05	6.14933313898404e-05	0.000141206909117411	0.00045664492383937	0.00125833576269951	0.00339465964579841	0.00795199876102325	0.0170894522993951	0.0329911722906494	0.0578720574302165	0.0906047299759493	0.125621765906275	0.153934889949712	0.162852561766635	0.144321432475767	0.105438288025654	0.0611232326361052	0.0264307448436703	0.00747143976386561	0.000964534290503608	
3.41280621403755e-06	1.13760207134585e-05	5.46048994246009e-05	0.000170640310701878	0.000569938637744272	0.00145385544718	0.00388149826743205	0.00856614359723426	0.0184917216697268	0.0350324557870955	0.0604282844278203	0.0937861899658947	0.128009810680263	0.154736633744463	0.1607101822211	0.140965960670821	0.101534397673831	0.058437480802965	0.0251546570015995	0.00705540804648697	0.000945347321288403	
2.27634614574761e-06	4.55269229149523e-06	1.93489422388547e-05	6.37376920809332e-05	0.000244707210667869	0.00064875865153807	0.00152059922535941	0.00422831296572619	0.00935464448594982	0.0199965627173199	0.0375449151548883	0.0634269708320387	0.0964408189838163	0.129272559443934	0.155074943005983	0.158604417704965	0.137751948836844	0.0981071043625036	0.056344119799545	0.0237331849155646	0.00658888391886647	0.00102663211173217	
2.27569084284762e-06	6.82707252854285e-06	3.18596717998666e-05	7.16842615496999e-05	0.000256015219820357	0.000778286268253885	0.00170449244129287	0.00474481540733728	0.0103452905715853	0.0211570977659543	0.0391054714434935	0.0657924979575675	0.0979946612292827	0.132624986630316	0.155809724937248	0.156688141602587	0.134931399299542	0.0944593755049189	0.054098860561595	0.0221424719009073	0.00631504208890214	0.000938722472674642	
6.830173429487e-06	2.16288825267088e-05	0.000101314239204057	0.000282313835085463	0.000836696245112157	0.00206840418689631	0.0051738563728364	0.011147981399161	0.0218417562652612	0.0411848074175683	0.0680103135618785	0.10231941306043	0.135386559357053	0.155026723053543	0.154636264805824	0.130880921618068	0.0921936809512155	0.0516622934584014	0.0205747590940913	0.00578401853253724	0.000859463489877114	
6.83272465144563e-06	4.55514976763042e-05	0.000140070855354635	0.000298362309779793	0.000907613591200362	0.00237095545405163	0.00562674875046548	0.0120996165702683	0.0234806582646929	0.0429858095696864	0.070969233379682	0.105226237207147	0.13695741048846	0.154967333882229	0.152671538399343	0.1279313812239	0.0889689076864736	0.0489496394029565	0.0191965399082365	0.00543771003510882	0.000761848798636188	
9.1107664204482e-06	5.80811359303573e-05	0.000121856500873495	0.000367847194225596	0.000956630474147061	0.00280383836589293	0.00636842572789329	0.0131138094164326	0.0249270569263463	0.0455264998029797	0.0736423249764828	0.107339633428313	0.13695873506119	0.155285041715922	0.151077006475477	0.125478030525623	0.0860067738548336	0.0463681068510686	0.0180256513628568	0.00495967347013149	0.000605865966959806	
5.71220320820181e-06	6.28342352902199e-05	0.000138235317638484	0.000405566427782328	0.00114815284484856	0.00291665095810784	0.00644222277821	0.0140794384675758	0.0268050847748078	0.0476214957061369	0.0766257787161024	0.109722284104424	0.139199537540028	0.155360502856673	0.149692854833495	0.12188699205661	0.082259153520031	0.043678933051836	0.0171286125401139	0.00431728318475893	0.000502673882321759	
1.48402334711192e-05	5.59362646219108e-05	0.000172375019549154	0.000418951206453903	0.0013082236583002	0.00316096972934839	0.00686874498428648	0.0149429735489962	0.0283083161243703	0.0506999453194474	0.0795025553740481	0.111904492823606	0.140991350426999	0.155827017672435	0.146970822959439	0.118153372671368	0.0784374832333901	0.0417181794001578	0.0160194612538627	0.00398403190878508	0.000539956187064568	
1.94521363022633e-05	8.46740050804403e-05	0.000137309197427741	0.000554958006270453	0.00148179508890771	0.00340297960958418	0.00772020962537474	0.0162368125958304	0.0307492505206307	0.0529967732338604	0.0820857267089274	0.11433164748152	0.141404444241023	0.154380163397945	0.144348582282537	0.115481612009978	0.0761768542462869	0.0393345080898002	0.0148660091081768	0.00374625260315353	0.000459985811382932	
5.70868793799908e-06	2.28347517519963e-05	6.8504255255989e-05	0.000173544113315172	0.000633664361117898	0.00161327521127854	0.00386478173402538	0.00865779612676941	0.0172356706224068	0.0329482633029555	0.0552897844171087	0.0845433848865912	0.116726684005855	0.141993336819439	0.15382287996456	0.142187432209331	0.112507963619674	0.072438682982858	0.0372366296819804	0.0140136871502001	0.00356907169883703	0.000446419396751528	
9.12121640541983e-06	2.3943193064227e-05	9.34924681555532e-05	0.000272496340111917	0.000671549557849035	0.00190177362053003	0.00441124828407116	0.0091679626394976	0.0187349784967323	0.0345044215096525	0.0576449475302026	0.0881246323009637	0.118421892743616	0.143362718852186	0.151872813758443	0.139651523927231	0.109536687812687	0.0690384869726227	0.0354655696883736	0.0133352183847238	0.00329161897030588	0.000462901732575056	
3.41646348199125e-06	2.2776423213275e-06	1.822113857062e-05	0.000110465652584384	0.000276733542041291	0.000797174812464625	0.00204076751990944	0.00463727976622279	0.0102106705265112	0.0197813235607293	0.0363044797807997	0.0598279696754701	0.0906296656079426	0.120442864772959	0.14331494896373	0.150816363949022	0.138005764712715	0.105601747407189	0.0668784114811394	0.0340894726233087	0.0126204161024757	0.0031761722170912	0.000413392081320941	
3.41458528723491e-06	2.39020970106444e-05	0.000103575753712792	0.000347149504202216	0.000847955346330004	0.00223200058275589	0.0051378126621928	0.0110154521366198	0.0211852253171012	0.0379838467352012	0.0621511432031542	0.0929837101517897	0.121761834952606	0.1434034765031	0.150006146253517	0.135712692241152	0.103405024448431	0.0642306256430802	0.0320424683354124	0.0121206395745882	0.00300711144295821	0.000294792529797948	
1.59313767326795e-05	4.32423082744157e-05	0.000108105770686039	0.000350490288118948	0.000902398696358201	0.00246253566067988	0.00563174167500219	0.0113624854768432	0.0222640989839195	0.0396372653109065	0.065267436607345	0.0941441948908075	0.123246268359489	0.144392895061159	0.149786804040652	0.133283035701077	0.0997019694595508	0.0620390569080156	0.0306747279432934	0.0116014561278334	0.00278116319533347	0.00030269615792091	
4.54396226693734e-06	2.15838207679523e-05	3.97596698357017e-05	0.00011019108497323	0.000441900330459656	0.00107010311386374	0.00259687443555469	0.00592419080551955	0.0121857708093592	0.0237217550145464	0.0419044200256961	0.0668007892862458	0.0956992533134005	0.124439814651779	0.145873684664923	0.149136249572584	0.130351509561065	0.0963547198704062	0.0598689748480329	0.0295482506313268	0.0109657169406865	0.00261618627518917	0.000323757311519285	
1.13436303247001e-06	1.81498085195201e-05	1.58810824545801e-05	3.28965279416302e-05	0.000130451748734051	0.000484373014864693	0.00116158774524929	0.00282229522478538	0.00620950323974082	0.0128500644318202	0.0252486523767174	0.043249859338984	0.0684973773526689	0.0983390656478574	0.12642816305788	0.146429252046391	0.146574450514547	0.127411655807031	0.0942338058333485	0.0578752019166198	0.0287152658039458	0.0102932101566328	0.00263966277655771	0.000338040183676062	
5.67783079610001e-06	3.17958524581601e-05	5.67783079610001e-06	3.29314186173801e-05	0.00017487718851988	0.000637052615322421	0.00122300475347994	0.00296042097708655	0.00673277175801539	0.0135632022057237	0.0267459897481087	0.0452682093711462	0.0702518004401454	0.100742887381362	0.127986255107209	0.146628844743124	0.144227122316373	0.125589074945095	0.0909599849196814	0.0563763175406362	0.0271150487498552	0.00999298220113602	0.00242102705145704	0.000327043053855361	
