# <P(N_1)> as a function of N_tot.
# number_of_species: 2
# species_total_upper_bound: 100
# species_total_lower_bound: 0
# volume: 512
# Bin widths for each species index 
1	1	1	1	1	1	1	1	1	1	1	1	1	1	1	1	1	1	1	1	1	1	1	1	1	1	1	1	1	1	1	1	1	1	1	1	1	1	1	1	1	1	1	1	1	1	1	1	1	1	1	1	1	1	1	1	1	1	1	1	1	1	1	1	1	1	1	1	1	1	1	1	1	1	1	1	1	1	1	1	1	1	1	1	1	1	1	1	1	1	1	1	1	1	1	1	1	1	1	1	1	
# Bin lower bound for each species index 
0	0	0	0	0	0	0	0	0	0	0	0	0	0	0	0	0	0	0	0	0	0	0	0	0	0	0	0	0	0	0	0	0	0	0	0	0	0	0	0	0	0	0	0	0	0	0	0	0	0	0	0	0	0	0	0	0	0	0	0	0	0	0	0	0	0	0	0	0	0	0	0	0	0	0	0	0	0	0	0	0	0	0	0	0	0	0	0	0	0	0	0	0	0	0	0	0	0	0	0	0	
# Bin upper bound for each species index 
0	1	2	3	4	5	6	6	6	7	7	7	8	9	9	8	8	8	9	9	9	10	10	10	11	10	11	11	11	11	11	11	12	12	12	12	12	12	12	13	13	13	13	13	14	15	15	16	16	15	15	15	15	16	16	16	17	17	17	17	17	17	18	19	19	19	17	17	18	18	18	18	18	18	18	18	19	19	19	19	19	19	20	20	20	21	21	21	21	22	22	21	22	22	21	22	21	21	22	23	23	
# Normalized histogram for each species index 
1	
0.921004665759531	0.0789953342404694	
0.847777619301419	0.14591464251032	0.00630773818826036	
0.780274311696251	0.202103938778629	0.0171748433440318	0.000446906181087749	
0.718551175065205	0.247889811537751	0.0316408469505809	0.00185723967496594	6.09267714972241e-05	
0.661079219445302	0.28514593487896	0.0494939341207674	0.00410368072173322	0.000175177966443839	2.05286679426374e-06	
0.60861139352976	0.315207170274238	0.067792749943914	0.00785748916296568	0.000517559166422889	1.29560265639458e-05	6.81896134944517e-07	
0.560023933173322	0.339374588391863	0.0872054734126816	0.0122465828823044	0.00108370175541885	5.88745110334941e-05	6.84587337598769e-06	
0.515896987711708	0.356428389638952	0.107530960830168	0.0180431342176769	0.00195029391608454	0.000135827715576764	1.44059698338992e-05	
0.474455065661275	0.369149843382445	0.127486415263792	0.0253966248607882	0.0032023861347117	0.000280826742945344	2.60914822296407e-05	2.74647181364639e-06	
0.43623158502868	0.377892405672705	0.146654699514436	0.0335843684232245	0.00500075654410652	0.000585290031499746	4.47048790217197e-05	6.18990632608427e-06	
0.402685427805462	0.381013916637866	0.164810334690528	0.0432046408069915	0.00723026273213329	0.000950082133912011	9.63851440200591e-05	8.95004908757692e-06	
0.370819421835995	0.384269970199219	0.181075645334292	0.0523750267121363	0.00995168796651758	0.00136257662346229	0.000112002011913441	2.88594141126658e-05	4.80990235211096e-06	
0.340988384476175	0.383198920483199	0.197405504491345	0.0629770808799381	0.0131621075311962	0.00201378802390437	0.00021848672521378	2.61084765978731e-05	8.93184725716712e-06	6.8706517362824e-07	
0.314156149980129	0.379155161619369	0.212786151102797	0.0732943544971103	0.0172629087836	0.00294924095959843	0.000362284153374305	2.96163851617778e-05	2.75501257318863e-06	1.37750628659432e-06	
0.289559761401337	0.373097485087584	0.226522269781514	0.084771973252196	0.0214009935880907	0.00403761195056126	0.000557647018376223	5.0882711911024e-05	1.37520843002768e-06	
0.265785583181637	0.367210894910641	0.237652208007482	0.0962004733872457	0.0266632241832628	0.00550637122651518	0.000872751942748571	0.000106433163749826	2.05999671773856e-06	
0.244334082490674	0.358729103010623	0.248150181426166	0.108053178032627	0.0320493220824604	0.00720895031169847	0.00129447792482271	0.000170398368023372	1.03063529046394e-05	
0.22523378634096	0.350422157233786	0.256967486667813	0.11831825219336	0.0379274040942715	0.00911680715637365	0.00173473249612937	0.000256666093239291	2.20196112162395e-05	6.88112850507483e-07	
0.208401924281092	0.339559042973274	0.264517166696108	0.129304733514287	0.0441802456695771	0.0114174286419302	0.00217887236138213	0.000380787157162682	5.56746565526665e-05	4.12404863353085e-06	
0.190485912056036	0.329595336784003	0.270889269241609	0.140226424432392	0.0510671643329965	0.0142577279194935	0.0028780786230315	0.000523099553887503	6.66762900487356e-05	1.03107665023818e-05	
0.174874108908069	0.319581738735726	0.27506782977011	0.149727479177239	0.0589032281545564	0.0171203644506767	0.0039472084899318	0.000666108600423425	9.75128054228107e-05	1.3047488049531e-05	1.37341979468747e-06	
0.161247444674939	0.307487179627943	0.278854500700291	0.160211933290833	0.0655110204076031	0.0205578860470845	0.00493051643128054	0.00100600377011236	0.000168811000987476	2.40178253437465e-05	6.86223581249901e-07	
0.149246870849876	0.294839912748491	0.280858340157025	0.169941580022983	0.0733648943417259	0.0239473738534477	0.00616471818726045	0.00136106848692948	0.000226386012234478	4.26624096004184e-05	6.19293042586718e-06	
0.136933202913563	0.284641835621632	0.281348828008012	0.178314919783598	0.0808600286300704	0.027962401738686	0.00783548974730254	0.00170557736850637	0.000335208117531659	5.01438372537113e-05	1.1677331963193e-05	6.86901880187826e-07	
0.126102620506547	0.271426357567213	0.282164564739184	0.187152002545353	0.0886388945269429	0.0322639925833685	0.00950118764845606	0.00220112675747286	0.000477939361357814	6.23995435919097e-05	8.91422051312996e-06	
0.115217649347254	0.25997026331444	0.281436390320414	0.194926924187919	0.0966977458714104	0.0370782299879448	0.0112394242308017	0.00271980206647322	0.000608593449283994	9.19408367576721e-05	1.02918847116797e-05	2.74450258978126e-06	
0.106532946008324	0.249491085747925	0.278756406130078	0.201478464674474	0.104657528217232	0.0413712900838746	0.0133803184977952	0.0033918447178827	0.000787441646791502	0.000129291728905504	1.9256214943373e-05	4.12633177357992e-06	
0.0982863829567552	0.237510970384265	0.277124124520315	0.207283302644938	0.112170845450947	0.0464958441603139	0.0156218271927862	0.00426149954397618	0.00101392163273735	0.000199617972500903	2.89101891208205e-05	2.75335134484005e-06	
0.0916315281796886	0.226108584814662	0.273251343530384	0.213522805567039	0.119606586743834	0.0514055394791236	0.0178951357310183	0.00502411464792614	0.00124500482292959	0.000278351936061733	2.75595976298746e-05	3.44494970373433e-06	
0.0842923048253772	0.216757927975195	0.269299824170414	0.217335545700908	0.126819409880976	0.0571621503607704	0.0203080765398498	0.00613237485465006	0.00150593192775102	0.000337631313482079	4.60718900270861e-05	2.75056059863201e-06	
0.0770828523685455	0.206432148236096	0.265508366038939	0.221866995371745	0.133995415718479	0.0624031199498697	0.0229660686213076	0.00729623583215153	0.00194103646537603	0.000438365049525631	6.59608851950793e-05	3.43546277057705e-06	
0.0710665804694444	0.195817093900583	0.261651255126566	0.224911410322875	0.14114657452101	0.0678500195871484	0.0262653676497419	0.00838839421872752	0.00229882208604163	0.000491572018398838	0.000103271432436731	8.95019081118333e-06	6.88476216244872e-07	
0.0654221843518689	0.185754772457315	0.256437672820829	0.228744287562829	0.146979483138616	0.0736996600630238	0.0296126400576879	0.00988099103589434	0.00271480797455884	0.000625274462398393	0.00011237016248174	1.44771374976475e-05	1.37877499977595e-06	
0.0597875099609022	0.176000336978874	0.25015364303165	0.231501033724128	0.153895075274728	0.0794531274815939	0.0333291441150921	0.0114607343653542	0.00336012131239461	0.000874902117304556	0.000162274662641334	1.72632619831207e-05	4.83371335527379e-06	
0.0553796088538718	0.166199731189121	0.244745245632515	0.231960810640592	0.160458777948649	0.0856768926459047	0.036955266935293	0.0132128436785841	0.00405015772914328	0.00109628329510645	0.000222163470788618	4.0141686310716e-05	2.07629411951979e-06	
0.051198281147301	0.157897498494899	0.238111775135183	0.233064854654213	0.165877294243059	0.0918070046561466	0.0407240225129936	0.0149467553341324	0.00461817388470652	0.00135182904264544	0.000325875029687768	7.11125594445764e-05	5.52330558792826e-06	
0.0471576944422421	0.149703377122982	0.231494076160207	0.233251407278205	0.171652435892575	0.0974508702201662	0.0448729571628996	0.0169266353899876	0.00540022544028073	0.00155946763001596	0.000406757693063403	0.000104102392631481	1.99931747437944e-05	
0.0437960674435631	0.140741372761652	0.224917154291188	0.232534968595696	0.176361587114602	0.10384682076152	0.0494356308108971	0.019514843418858	0.0063482932683045	0.00188467106675548	0.000476844486769458	0.000126608059979192	1.51379202149034e-05	
0.0398553861843091	0.133549937946077	0.217821639295595	0.232236291443156	0.180675872362708	0.109304927342621	0.0540089033291964	0.0219587049353141	0.00762857806493465	0.00222170911484855	0.000574497005881035	0.000138813869842068	1.71799343863946e-05	7.55917113001362e-06	
0.0362769672238572	0.125931557578681	0.212481928074595	0.230766222190506	0.184512385658834	0.114582354115733	0.05850260503331	0.0245037125069732	0.00887831581663145	0.00261155189721766	0.000736257274228731	0.000173600270624295	3.70530221885848e-05	5.48933662053108e-06	
0.0333026081620971	0.118820620135991	0.205372947070116	0.229892457325071	0.188029125540579	0.120238599371449	0.0631021349990357	0.0269903356410385	0.00987849716163934	0.0032381539365396	0.000891556160145175	0.000196293350116644	4.1866763486417e-05	4.8043826951626e-06	
0.0306030133507224	0.111851597625013	0.198080104334695	0.228652229124481	0.191408861584926	0.125790575556852	0.0672334145588084	0.0297367608195765	0.0114781892439167	0.0037272196863095	0.0011202251432886	0.000271132923773896	4.39303977760236e-05	2.74564986100148e-06	
0.0283637366020704	0.105823672241266	0.191555335823377	0.226117211269518	0.194918746712874	0.130313829207298	0.0716444233550315	0.0323888582985735	0.0127706757198762	0.00438717693598411	0.00131930734992707	0.000324341152035086	6.37710933176808e-05	8.91423885085861e-06	
0.0264663211724396	0.0999173420495742	0.183610403240466	0.223421353189534	0.198341353326725	0.135303176328958	0.0761097944526569	0.0355662412583215	0.014209621934196	0.00500680813409109	0.00150224822765577	0.000412946773081632	0.000109753295171198	2.05787428445996e-05	2.05787428445996e-06	
0.0241222137229509	0.0945092265922515	0.17736933972564	0.219814273374102	0.199985717562043	0.140955989491422	0.080339400165072	0.0390322549634905	0.0157148016869757	0.00577340088194054	0.00173037229097171	0.000508125196555186	0.000115358152731448	2.33462928146977e-05	4.80658969714365e-06	1.37331134204104e-06	
0.0223290906462418	0.0882619142724615	0.171300917897599	0.216471592586934	0.201065273707787	0.14621546236428	0.085487735443783	0.0420648824862233	0.0176563567337727	0.00633080078463561	0.00206915783220774	0.00057141643445737	0.000122642136412313	4.65903088046777e-05	4.11090960041274e-06	2.05545480020637e-06	
0.020339421495691	0.0831164529570895	0.164064216209262	0.212884028821879	0.202093959217137	0.150755072194989	0.0905566531690996	0.0455465898740189	0.0199938272069617	0.00736902831888567	0.00235962199512609	0.000710350240992136	0.000150555927763266	4.79041588337664e-05	6.84345126196663e-06	6.84345126196663e-07	4.79041588337664e-06	
0.0184773659453344	0.0782170621686232	0.15760786619206	0.208959585638327	0.202637805164327	0.154417889057783	0.0960695731206956	0.0493156366368977	0.0219397333176378	0.00842219665617029	0.00276565063282823	0.000871922520718426	0.00021969162413706	6.43333728002606e-05	1.16347589106854e-05	1.36879516596299e-06	6.84397582981496e-07	
0.0173165669670923	0.0732084961058142	0.151510867207854	0.204451615737068	0.203480471420218	0.158606740771041	0.100514466275555	0.0528981966227513	0.0240411408303387	0.00939642179645913	0.00325384820225058	0.000946436758258501	0.000289627492374973	7.34363547017111e-05	8.23585286374331e-06	3.43160535989304e-06	
0.0162404088559832	0.0688564500271875	0.14539130769104	0.200449417528519	0.203672783395306	0.161586404055605	0.104887432786471	0.0570697098352822	0.0261315764902317	0.0104204999203599	0.0037547578115989	0.00112457365064893	0.000290411876815932	9.5430853138096e-05	2.81486689112369e-05	6.86552900274072e-07	
0.0145954538141787	0.0650831148151866	0.139193423967373	0.195758112443228	0.203623390677445	0.165138529275473	0.109417433141697	0.0606197069221324	0.0288739589162967	0.0117745415244064	0.0041141455378984	0.00133654728036004	0.000334136820090011	0.000101753599533584	3.16261187739516e-05	4.12514592703717e-06	
0.0136109521261172	0.0603580502769094	0.132843498845321	0.191161490413721	0.204100917475424	0.168820023706557	0.113723974960036	0.0641971074143943	0.0312317698163603	0.0129835066556743	0.00475784117433548	0.00162681251502322	0.00041944488638829	0.00012121888342256	3.719215741374e-05	6.19869290229e-06	
0.0125147017738703	0.0568328326394901	0.127109553652421	0.186628542653252	0.202199833753548	0.171544953799352	0.119077987521169	0.0683714401012655	0.0335528108412001	0.0143268570797879	0.00529850205738607	0.00181560440242678	0.000507017186847905	0.000150380607799787	6.20837371650496e-05	5.51855441467108e-06	1.37963860366777e-06	
0.0114965194656194	0.0539675885578122	0.121698732445641	0.181424233565369	0.201175300892473	0.173625437135261	0.122080708683133	0.0730760532615531	0.0363863393162487	0.01594440522025	0.00608817721491059	0.00211259059869604	0.000663287257162399	0.000197193508886119	5.03326089114918e-05	9.6528291063135e-06	3.44743896654054e-06	
0.010804518528723	0.0504112136657942	0.116529136244662	0.177142857142857	0.199475823116132	0.175752858520457	0.125913348946136	0.0765394682463149	0.0395818983331037	0.017357762777242	0.00698718831795013	0.00239220278275245	0.000752858520457363	0.000257611241217799	8.33448133351701e-05	1.51536024245764e-05	2.75520044083207e-06	
0.00976311901900489	0.0473713752457825	0.111197352607964	0.172387645962968	0.197870516083044	0.176459285328118	0.130107197338834	0.0806738315214584	0.0424478045723298	0.0195055768098375	0.007952506723508	0.00292080895595371	0.000911848870002996	0.000287879779200342	0.000116391585370473	2.20386433837582e-05	4.13224563445466e-06	6.88707605742444e-07	
0.00894899670267541	0.0441149565377679	0.106564660989087	0.168151861262007	0.195738238923287	0.178660105949078	0.133151661799319	0.0840893427773185	0.0452264451759605	0.0213473223165734	0.00906110848981984	0.00339636812833842	0.00108328874081268	0.00031157447592898	0.000115550799020019	2.61364902545281e-05	1.03170356267874e-05	2.06340712535749e-06	
0.00842301585993594	0.0409408287599365	0.101067263268344	0.163170696200098	0.193944300696035	0.180257758293917	0.137250660601766	0.0874528239695437	0.0483907960731963	0.0234321351857651	0.0101438765924485	0.0037019793331905	0.00132326361993287	0.000363948997698194	9.68241673121611e-05	2.74678488828826e-05	1.16738357752251e-05	6.86696222072065e-07	
0.0076791485817153	0.0388156694558509	0.0960103535988049	0.158576655525992	0.190777449256007	0.181333920771563	0.140098510637566	0.0923384057247691	0.0514189731074909	0.0256010628960475	0.0111170390359588	0.00421647557714085	0.00141467058139175	0.000427498993208893	0.00012804317670991	3.71738254964255e-05	7.57244593445704e-06	1.37680835171946e-06	
0.00698903389929965	0.0362920289529911	0.0918784581876422	0.15304562132608	0.18795420263642	0.182378301134579	0.143690091159811	0.0962048386150336	0.0547745857078261	0.0274728954026599	0.0122867271177139	0.00459009150498255	0.00169686342596588	0.000521209066966736	0.000153256175982272	5.45371076693671e-05	1.44972058361609e-05	2.76137254022112e-06	
0.00642056463587611	0.0335419987996486	0.0876332656549287	0.148562520377938	0.184985639394785	0.182971208872909	0.147475697037956	0.0994741021073989	0.0581755074322795	0.029544980987514	0.0133090863276932	0.00518213982363003	0.0018489841662992	0.000642402585670407	0.00015575493725845	6.29942190689731e-05	7.61468582152422e-06	5.53795332474489e-06	
0.00590782053201577	0.0318272307342527	0.083230745343337	0.144219998558223	0.182922010946416	0.18180463364997	0.150159704546589	0.103238176040991	0.0615243743518934	0.0318549572180355	0.0144046014872486	0.00588286669661127	0.00203581707175059	0.000720195416257701	0.000189233251817471	6.09982643221152e-05	9.01110722940338e-06	4.15897256741695e-06	3.46581047284745e-06	
0.00523870199299198	0.0297889284378765	0.0791532207803	0.138966524936637	0.180247358143013	0.182655152832985	0.152581610182402	0.106682547816573	0.0646039638242178	0.0343219810811185	0.0156627840948437	0.0065066548481365	0.0023946373419387	0.000857305098126117	0.000247219644613105	6.23242801545642e-05	1.52348240377824e-05	5.53993601373904e-06	6.23242801545642e-06	2.07747600515214e-06	
0.0050074142929863	0.0274646991124981	0.0749569805015161	0.134335646150101	0.176915266803886	0.182558290728814	0.154993305004094	0.110591926166921	0.0681824469380077	0.0362359737069252	0.01725483035655	0.00740530177279065	0.00274646991124981	0.000908804196268508	0.000334058163468561	7.8154394351858e-05	1.79824270190116e-05	9.68284531792931e-06	1.38326361684704e-06	1.38326361684704e-06	
0.00458714008979112	0.0255891547495379	0.0710660671364079	0.129334788557619	0.174031028943691	0.182212859079707	0.156503973606642	0.114824532202374	0.0716571078178626	0.0385872051457912	0.0187022158488874	0.00809808783805762	0.0032126590671108	0.00111564119262874	0.000348118808866164	0.000106581106491828	1.66100425701549e-05	4.84459574962852e-06	0	1.38417021417958e-06	
0.00421517323410156	0.0241036764481104	0.0673156287257073	0.123743507368737	0.170517548515831	0.181733925092613	0.158869024625449	0.117715677637558	0.0753694095283619	0.041366641562289	0.0204450144651239	0.00892710744766293	0.00368853711881411	0.0013756457892733	0.000452295661018645	0.00012644824931704	3.19594476295817e-05	2.77908240257232e-06	
0.00395419062856126	0.0225340889891053	0.0640534382407154	0.119133985667015	0.165726268772324	0.180569606479116	0.160808387584384	0.121194169741646	0.0787305984268065	0.0445293178169419	0.0224040672469669	0.0100749467571396	0.00401468202731013	0.00152758164426747	0.000520086968553512	0.000180083589378823	3.61557785625436e-05	8.34364120674083e-06	
0.00355052298243931	0.0208942645077039	0.061125875983417	0.115316202372856	0.161249094289819	0.178476014847389	0.162902667273023	0.124363569103079	0.0822301400878104	0.0474077566341098	0.024103364304797	0.0111271971729326	0.00461790503846052	0.0017989038299198	0.000589667741697715	0.000175231451542245	5.9801209653306e-05	9.73508064123586e-06	2.08608870883625e-06	
0.00323587452430488	0.0195842749853405	0.0577943049443078	0.111457513843937	0.158310222428116	0.177102918477803	0.163930571988818	0.127389257202638	0.0848199783950424	0.0501484036607396	0.0260024637720475	0.012094880960579	0.00505066313864526	0.00205893993807877	0.000709499573256874	0.000222588101413921	7.02543695087689e-05	1.32161685214516e-05	4.17352690151103e-06	
0.00304575645192973	0.018372408278516	0.0548118162578703	0.107146352484533	0.155193368746846	0.17584107092906	0.165252416718898	0.130069348570445	0.0873107594747805	0.0530168467536109	0.027917814551747	0.0130006878634102	0.00570003463610915	0.00214549525818478	0.000790591749942562	0.000275561830313606	7.77403652270123e-05	2.8458526556317e-05	3.47055201906305e-06	
0.00274877564315592	0.0170393563341518	0.0522302061442975	0.102694036017148	0.151323498701582	0.175315273188198	0.165756305290318	0.132666929842393	0.0909780909676842	0.0553536256156473	0.0298653571708563	0.0140484497724039	0.0063030355169287	0.00239910807017495	0.000819359927957379	0.000322609963166961	9.92112359846784e-05	2.91389644150804e-05	7.63163353728296e-06	
0.00249267451841806	0.0157534256073597	0.049477682415932	0.0993110649787204	0.146746765070107	0.173481826010625	0.165906730290537	0.135636855804846	0.0950294891369314	0.0581781218754897	0.0316649401688778	0.0152333961528914	0.00672640765039598	0.00280191870067521	0.00102896494724128	0.000353620029038445	0.000126887186890265	4.02156111455486e-05	9.01384387745055e-06	
0.00228319058187355	0.0147942421958603	0.0463911015249492	0.0952284786733344	0.143265698149713	0.170367656141783	0.166550772190322	0.137935246216774	0.0984610323907712	0.0614795907745221	0.0339529176954904	0.0166922744880865	0.00749289018616678	0.00325337308444474	0.001207523286462	0.00043026691816462	0.000157533210360272	4.09447551156655e-05	1.52675358058414e-05	
0.00222732926760663	0.0138362499748236	0.043320061034517	0.0912239615346417	0.139832800982886	0.168110228837767	0.166648261856691	0.140421754902104	0.102247400928297	0.0645918542394612	0.0360428686222993	0.0177901587744758	0.0080731136285187	0.00357470026204282	0.0013487600366985	0.000487553834069178	0.000171546719394711	4.30603101314659e-05	8.33425357383211e-06	
0.00200781780630137	0.0131107661172948	0.0414177397668519	0.0870749760891563	0.135475375296287	0.165905216029275	0.167064025615791	0.142343678527369	0.105182068946398	0.0676815491454472	0.038621210651068	0.0192832291421205	0.00885532899934852	0.0036552402866529	0.00147346242878727	0.000577325589454278	0.000195445157534342	6.16830461721858e-05	1.38613586903788e-05	
0.00183817175533996	0.0119470794568579	0.0396185119588316	0.0831608535089793	0.132024837094707	0.163662268603971	0.166996417673548	0.144899643703	0.10714833817936	0.0703261424109569	0.0409693158738125	0.0208551957559594	0.0098787041684122	0.00405932476395497	0.00161211603364152	0.000657428108058783	0.000244720873031345	8.01910205413447e-05	1.93564532341177e-05	1.38260380243698e-06	
0.00178507256392536	0.0111050449205252	0.0374098134070491	0.0801782999308915	0.127764340013822	0.16226192121631	0.167006910850035	0.146400138217001	0.110544574982723	0.0725148583275743	0.0428562543192813	0.0225010366275052	0.0105065653075328	0.00447339322736697	0.00167449896337249	0.000668970283344851	0.000234968901174844	8.15480304077402e-05	2.83344851416724e-05	3.45542501727713e-06	
0.0015822883291713	0.0104045139477195	0.0353124155000633	0.0772783257619085	0.124142552560257	0.159262022936265	0.167142344400822	0.148297345725159	0.112723520702182	0.0763792983021521	0.044167835978664	0.0238878511653125	0.011518616438233	0.00493151139655617	0.00189556482091719	0.000725446004064987	0.000242737414134233	7.26137563649415e-05	2.90455025459766e-05	4.14935750656809e-06	
0.00142793525402726	0.00994230173482032	0.0332013962648256	0.0739255565144273	0.12101077071163	0.156322606877323	0.16622134448575	0.149680114843335	0.115428339086564	0.0786574504337051	0.0473320775801027	0.0253619279961055	0.0126031709152062	0.00548631394937157	0.00217682333156311	0.000829101389626483	0.00029042750929368	7.67558417419012e-05	2.35107983713932e-05	2.07448220924057e-06	
0.00126409122501931	0.00898847780156121	0.0310138482370566	0.07053919790435	0.11802292255676	0.154464194235301	0.165434650775762	0.150680920114419	0.118151685408815	0.0814224279966439	0.0499073738193277	0.0270623516804244	0.0132618814883324	0.00609754409089273	0.00226719537893661	0.000963644570222829	0.00033229123111132	8.93032683611673e-05	2.97677561203891e-05	6.23046058333726e-06	
0.00109010696761191	0.0083745701730389	0.0295914869155998	0.0669141454191614	0.113466006877231	0.151601051322984	0.165454551750647	0.152028367713719	0.121007413974008	0.084321920915302	0.0521956236429934	0.0287770232600016	0.0144567298868685	0.0065427195190786	0.00263938859820139	0.000977910443626441	0.000404461543256262	0.000114274237392608	3.39359856499261e-05	8.31085362855332e-06	
0.00107326187935624	0.00785514283995328	0.0280687025909731	0.0642546396792939	0.109658042998246	0.14758803064052	0.164025810841743	0.153248933826351	0.123132596941065	0.0876720797699126	0.0550959538995297	0.0307276535743009	0.0155712872019745	0.00730606427538572	0.00300679294551605	0.00112512698306224	0.000375503350831467	0.000152829172253691	5.39397078542438e-05	6.91534716080049e-06	6.91534716080049e-07	
0.00100347660096991	0.00750708234861868	0.0261794821149115	0.061412353604988	0.10605842954876	0.144465408718161	0.162405747096272	0.154200443933076	0.125651431041889	0.0903778127386969	0.0578204184352395	0.0327217628038227	0.0168346494323762	0.00794839105338109	0.00345173850767214	0.00129768240414485	0.000446833696371324	0.000145031029734124	5.80124118936494e-05	1.31218550711826e-05	6.90623951114874e-07	
0.000948309548636357	0.00700067470570357	0.0251805130657897	0.0587510845945873	0.101566985044138	0.141083788248543	0.160708833820468	0.154222975417694	0.128462863274576	0.0932451552477838	0.0603761673821488	0.0352783557304844	0.0182790800570364	0.00870363465823296	0.0038979933191041	0.00149551723876519	0.000523775622793337	0.000184699824879756	7.58096296148251e-05	1.17160336677457e-05	2.06753535313159e-06	
0.000916861580058123	0.00649099451948055	0.0236463557505531	0.0564372355935027	0.0984001729096313	0.137712333990922	0.158905465513752	0.155187770773592	0.128956030567559	0.0963819760982721	0.0633790892232971	0.0373387060137034	0.0199334793520294	0.00956303148029092	0.00422362061203952	0.0015542593451736	0.000622942740204656	0.000243670419925357	8.19118078280155e-05	1.85850320282052e-05	4.13000711737893e-06	1.37666903912631e-06	
0.000843142464233552	0.0062254886440755	0.0220862028855432	0.0539659356678858	0.0949233876018826	0.134719023634144	0.156877495873764	0.155805844594734	0.132327940433534	0.0979408052044947	0.065946818014754	0.0391871968988876	0.0212086464431777	0.0104081635462366	0.00468856038070119	0.00171794578834853	0.000747471605026643	0.000259481395115142	7.84638701409184e-05	3.64788168199006e-05	4.12967737583781e-06	1.37655912527927e-06	
0.000793545188985786	0.00578508921006058	0.0207941932623808	0.0512688105026499	0.0920705462362448	0.130960465454586	0.154716492020079	0.155412826199815	0.135080557591318	0.101793715480612	0.0680807995846815	0.0415552934152296	0.0220662096600166	0.0112213218904715	0.00518182940088372	0.00200695920515866	0.000788719110512371	0.000271639274075065	0.000109620925324709	3.30931095319876e-05	6.89439781916408e-06	1.37887956383282e-06	
0.000722796248086868	0.00535642415368291	0.0193705252388438	0.0489609890227477	0.0885325303184376	0.128275968716108	0.152893152489298	0.154998719401108	0.137032365670009	0.104802694573367	0.0708202253163701	0.0430219096318295	0.0237701245598157	0.0121073549178104	0.00565603596998635	0.00228298681224763	0.000873292506045738	0.000325845108975169	0.00013254716297295	4.90148363077055e-05	1.03552471072617e-05	4.14209884290469e-06	
0.000604952739793667	0.00488520054942968	0.0182279995055409	0.046525423553241	0.0859253877809215	0.125536671116338	0.151850734126724	0.154729784323299	0.137333249542315	0.107105639526894	0.0737110052367085	0.0452029526665916	0.0247844165279166	0.0130209861972712	0.00628916050376818	0.00271745323183571	0.000986155836102005	0.000368081975239754	0.000117399504297858	5.38656549131347e-05	1.72646329849791e-05	4.14351191639498e-06	2.07175595819749e-06	
0.000511299723898149	0.0043799039862032	0.0171575604646471	0.0438252957937997	0.082738659510313	0.122027897618449	0.149801836809711	0.154829847743234	0.138857949881572	0.109899039032897	0.0765084032800568	0.0476849177636579	0.0265585659286447	0.0139626281358565	0.00659991211172314	0.00286742412726665	0.00117391652824724	0.00041042167026419	0.000129897767693043	4.97480812441442e-05	1.86555304665541e-05	2.76378229134135e-06	3.45472786417668e-06	
0.000492796134932275	0.0041225088430679	0.0160938659304633	0.0417441118108878	0.0790565093607109	0.119014407730135	0.147620050038823	0.154637908722285	0.140121128461738	0.111763954792511	0.0792345785523251	0.0503438874989216	0.0284365455957208	0.0150861875593133	0.00703649383142093	0.0031955827797429	0.0013086015011647	0.000454835648347856	0.000160814424984902	4.83133465619877e-05	2.62272452765076e-05	6.90190665171254e-07	
0.000453738710137048	0.00379867834767175	0.014894526500139	0.0396115277299369	0.0764556643329557	0.11572688803029	0.145450923593445	0.154307128539473	0.140541415415773	0.113649788416659	0.0818825453081619	0.052801075692747	0.0305609621474014	0.0162612760294543	0.00788163506404218	0.0034749745117813	0.00142830859212348	0.000560948313904186	0.000151476795000021	7.40092103424759e-05	2.55919699315104e-05	3.45837431506897e-06	3.45837431506897e-06	
0.000457741422353799	0.00355629874290259	0.0139234860703002	0.0378558369971058	0.0727525793694629	0.112789419614254	0.142985164483132	0.153616778605042	0.141883961513819	0.115925259041601	0.0843473145836555	0.0551871837925016	0.0326556735081634	0.0171504595364868	0.00860250093895676	0.00381796389987407	0.00159691690784968	0.000599275346309348	0.00018295848706449	7.45642135960939e-05	2.55451472505137e-05	8.97532200693723e-06	4.14245631089411e-06	
0.000471453263312515	0.00331190740464633	0.0134243383087874	0.0359167315518888	0.0698675789252798	0.10993903550188	0.140090646035927	0.151893544058446	0.143131968258702	0.117870908779661	0.087129118831072	0.0576581128616316	0.0344195395634191	0.0184681289310781	0.00922060423327756	0.00428725654236315	0.00184508722230505	0.00068681697949627	0.000250567400559946	8.49030034955188e-05	2.34691229174605e-05	8.28321985322134e-06	
0.000433825737021724	0.00318758624868819	0.0127517222193147	0.034177893342221	0.0676644199543312	0.106276976386108	0.137933171555355	0.151244735559112	0.143176265462789	0.119756561786426	0.089537500447598	0.0597577737440401	0.0364998939537087	0.0198650870819091	0.00999520725852433	0.00454621827907528	0.00197080834818441	0.000798101633663775	0.000287839933452509	0.000108800740395925	2.13469807105928e-05	6.19751052888178e-06	2.06583684296059e-06	
0.00033714676136133	0.00306115498223787	0.0121661817028388	0.0320819225346831	0.0647590123113612	0.103884549940036	0.135268097040471	0.150439013247116	0.143876348329025	0.121699660032215	0.0921745484469575	0.0615836402630295	0.0380115772069524	0.0213124917003412	0.0108389243504592	0.00495880961047164	0.00217081231039795	0.000873829361079365	0.000347467580586677	0.000126602049164254	2.54580207558555e-05	2.75221846009249e-06	
0.00031548017939069	0.00282557520147087	0.0115229307352613	0.0306228843411172	0.0620664295410416	0.0999914084918467	0.133406876643126	0.149444816743131	0.145067271508841	0.123540388679829	0.0939017475127584	0.0644651786174545	0.0394494561575339	0.0224128391497844	0.0114686324037322	0.00550131450074746	0.00245579669055106	0.00100211351100572	0.000357406739178995	0.00012990360327852	3.9177277179236e-05	1.23717717408114e-05	
0.000317788248698475	0.00262329737910491	0.0109434467327181	0.0295124386987841	0.0595417122815206	0.0964559403409188	0.130503896852661	0.148969247294853	0.145193538534399	0.125222297341355	0.0959150825871944	0.0665303082820559	0.0417743977981324	0.023830000446139	0.0123402050180343	0.00596590811595496	0.00259996087704066	0.00114966591051824	0.000419370669448744	0.000124232555106747	4.66730041285018e-05	1.71591926943021e-05	3.43183853886042e-06	
0.000311487152184115	0.00256119281740815	0.0102509461250724	0.028217031074617	0.058003847621034	0.0939072015280709	0.127501159500633	0.146545099771942	0.146176666730702	0.126876126911118	0.098154815975586	0.0689079562326246	0.0432727008268818	0.0252990688317997	0.0130495278293874	0.00622699866348684	0.00284660835773545	0.00117185034345918	0.00050771033615913	0.000137905104821602	4.11657029318214e-05	1.37219009772738e-05	1.85245663193196e-05	6.86095048863689e-07	
0.000263848979440393	0.00229631064919217	0.00961399718835931	0.0267751745594615	0.0560562273168895	0.091188680878782	0.125380485344701	0.144026500331873	0.146311817273588	0.127976374522633	0.100785500399209	0.0709705657224446	0.0458190243359457	0.0265195708606286	0.0139104754915905	0.00688618352070734	0.00301845980906679	0.0013343612449824	0.000588163350002542	0.000193764094276538	4.60361500586102e-05	9.61949404209765e-06	2.40487351052441e-05	4.80974702104883e-06	
