# <P(N_1)> as a function of N_tot.
# number_of_species: 2
# species_total_upper_bound: 100
# species_total_lower_bound: 0
# volume: 512
# Bin widths for each species index 
1	1	1	1	1	1	1	1	1	1	1	1	1	1	1	1	1	1	1	1	1	1	1	1	1	1	1	1	1	1	1	1	1	1	1	1	1	1	1	1	1	1	1	1	1	1	1	1	1	1	1	1	1	1	1	1	1	1	1	1	1	1	1	1	1	1	1	1	1	1	1	1	1	1	1	1	1	1	1	1	1	1	1	1	1	1	1	1	1	1	1	1	1	1	1	1	1	1	1	1	1	
# Bin lower bound for each species index 
0	0	0	0	0	0	0	0	0	0	0	0	0	0	0	0	0	0	0	0	0	0	0	0	0	0	0	0	0	0	0	0	0	0	0	0	0	0	0	0	0	0	0	0	0	0	0	0	0	0	0	0	0	0	0	0	0	0	0	0	0	0	0	0	0	0	0	0	0	0	0	0	0	0	0	0	0	0	0	0	0	0	0	0	0	0	0	0	0	0	0	0	0	0	0	0	0	0	0	0	0	
# Bin upper bound for each species index 
0	1	2	3	4	5	5	5	6	7	7	7	8	9	9	8	8	8	9	9	9	9	10	10	11	10	11	11	11	11	11	11	12	12	12	12	12	12	12	13	13	13	13	13	14	15	15	16	16	15	15	15	15	16	16	16	17	17	17	17	17	17	18	19	19	19	17	17	17	17	18	18	18	18	18	18	19	19	19	19	19	19	20	20	20	21	21	21	21	22	22	21	22	22	21	22	21	21	22	23	23	
# Normalized histogram for each species index 
1	
0.92080638111533	0.0791936188846697	
0.848009362553194	0.145623225360646	0.00636741208616079	
0.780461162686596	0.201964247484479	0.0171228988666368	0.000451690962288265	
0.718535041869574	0.247769551431784	0.0318006566401451	0.00182789571047828	6.68543480192769e-05	
0.661123451112394	0.285111108936662	0.0494910157180087	0.00409584756238768	0.000176945833374104	1.63083717395488e-06	
0.608649539749634	0.315344791882377	0.0677053260732746	0.00778466698338064	0.000507554440289265	8.12087104462825e-06	
0.560872159713047	0.33894572651347	0.0869163831569589	0.0121666980094484	0.001049372615201	4.96599918752997e-05	
0.516225461217001	0.356519009275303	0.107281214962797	0.0178974620324126	0.00193415553970034	0.000135358271328101	7.33870145754765e-06	
0.474141247954671	0.369422880394337	0.127551708109671	0.025442538421133	0.00314263751183493	0.000268762085103637	2.69578991137386e-05	3.26762413499862e-06	
0.436054547657962	0.377961324682046	0.146564486703722	0.0337745773981285	0.00501292125079018	0.000571548355611164	5.32244170698075e-05	7.36953467120412e-06	
0.402328727722087	0.38095405888441	0.164982549702005	0.0434557080379539	0.00723578921318372	0.000925164894867998	0.000107348628191061	1.0652917301403e-05	
0.37059311675517	0.384080810062831	0.181147316482915	0.0525486156248595	0.0101266029768256	0.00135473769841757	0.000109556337711499	3.35209690012795e-05	5.72309226851114e-06	
0.34132949325544	0.382748138973052	0.19736095613355	0.0629683267253539	0.013318837530485	0.00200900038722787	0.000223495153102367	3.02905518856687e-05	1.06426263382079e-05	8.18663564477533e-07	
0.314569631523019	0.379054949473399	0.212497281861709	0.0732719820459273	0.017253305871589	0.00295323160999947	0.000364333102206103	3.03610918505085e-05	3.28228020005498e-06	1.64114010002749e-06	
0.289557033340299	0.373436750949565	0.226419021630016	0.0846631347338144	0.021266169245961	0.00401460302631741	0.000586743369431162	5.49047566367149e-05	1.63894795930492e-06	
0.266049429636041	0.367501228017265	0.237417216107336	0.0958777033747794	0.0266420491092482	0.00549072877614287	0.0009055861095514	0.000115241553652299	8.17315983349639e-07	
0.244778279211223	0.358953857222277	0.247574315706858	0.107867327250728	0.0320571307106184	0.00724435069819157	0.00133997187612414	0.000174956669609863	9.81065437064652e-06	
0.2256017428524	0.350269008679097	0.2567632437401	0.118148742704382	0.0379368068804725	0.00924500111626948	0.00174432440345005	0.000268231788247359	2.2080055739874e-05	8.17779842217557e-07	
0.208326732851131	0.339036694326089	0.264898445116922	0.129536572659469	0.0441502852224866	0.011466874833627	0.00215407076914535	0.000366632970184329	5.87919239493802e-05	4.89932699578168e-06	
0.190101431351761	0.329281201645593	0.271138615763261	0.14058651827015	0.0510655237214001	0.0143617443020985	0.00287153145892271	0.00050924113262421	7.35661347290191e-05	1.06262194608583e-05	
0.174524710786851	0.319248630494886	0.275095736564376	0.150142245358729	0.0590324371753073	0.017232990456191	0.00393167970548383	0.000671362112770845	0.00010630581566408	1.39015297406874e-05	
0.161551081233884	0.307058494802169	0.278767814950015	0.160044510822143	0.0656215991869095	0.0207218792586759	0.00499357828447056	0.00102780128957198	0.000184644746775253	2.77784132316752e-05	8.17012153872801e-07	
0.149376668540403	0.294557096243951	0.280567987951274	0.170081728775838	0.073524760361134	0.0240007604201321	0.00619398252016998	0.00141267705579747	0.000226159435846926	5.08039312409762e-05	7.37476421239976e-06	
0.136781899523358	0.284916242217062	0.280978690463637	0.178438041801644	0.0810504606616755	0.0278416052982428	0.00784240637790197	0.00175828810911686	0.000332693287034199	4.65934087492613e-05	1.22614233550687e-05	8.1742822367125e-07	
0.125786137834193	0.271300567481443	0.282155171498332	0.187271326707407	0.0888520570079098	0.0323244683588456	0.0095092147321352	0.00226192041863091	0.000469701784294969	6.12654501254308e-05	8.16872668339077e-06	
0.11489851788609	0.260157598058021	0.281327388988379	0.194646824612984	0.0970450772237014	0.0371736500748485	0.0112444108519665	0.00278579952364705	0.000612173935756018	9.63153658922802e-05	8.97855105775494e-06	3.26492765736543e-06	
0.106228638214842	0.249225737595432	0.27908722156018	0.20144900017024	0.104732494794599	0.0414705092780535	0.0134489215981562	0.00342443329884892	0.000772625486164766	0.000135045768238545	2.04614800361432e-05	4.91075520867436e-06	
0.0982011273776142	0.237395644662241	0.276757196022967	0.20735736363048	0.112450223599564	0.0466360123501998	0.0157031692237872	0.0042573619101686	0.00101170713085592	0.000195787857712198	3.11294501801822e-05	3.27678422949286e-06	
0.091106835104158	0.225769886303053	0.273268832338424	0.213647242549659	0.119955938537048	0.0516442668425188	0.0179272411717134	0.00509675969442408	0.00127049899688814	0.000282971048370825	2.54263840565089e-05	4.10102968653369e-06	
0.0842036521474411	0.216123034519782	0.269099140237944	0.21749132136246	0.127169659384958	0.0572994665972703	0.0205030254524267	0.00616138255892554	0.00153932269801287	0.000359257131540485	4.7464495738834e-05	3.27341349922993e-06	
0.0770190114565964	0.20645589713352	0.264589393591208	0.221866568966518	0.134135979306323	0.0627418140006166	0.0232460383598479	0.00744363909063624	0.00196272619397132	0.000465329668487368	6.95132193698177e-05	4.08901290410692e-06	
0.0708916474392338	0.195798515628522	0.261339540754644	0.224516308824674	0.141223479461823	0.0682646951546869	0.0264727940362855	0.00854066858189657	0.00231548836313415	0.000518013679823285	0.000110651656291366	7.37677708609109e-06	8.19641898454565e-07	
0.0652731208631417	0.185866284594516	0.256368279477244	0.228448127304865	0.147074801127178	0.0737573218186503	0.0297886622386999	0.00996456641868083	0.00268747056091408	0.000635966315941501	0.00011898724620841	1.47708305638026e-05	1.64120339597807e-06	
0.059911334936466	0.175700713525446	0.249974540413398	0.231339765574697	0.154087988331297	0.0796926124492451	0.0335031734142784	0.011390290534947	0.00332288669005664	0.000881230207224609	0.000174110721278301	1.56042627560742e-05	5.74893891013259e-06	
0.0554348578035901	0.166328456741523	0.244478009217319	0.231753958867963	0.16054374932056	0.0859766964576903	0.0368033891269901	0.0132461893734002	0.00405687197546441	0.00111428091408919	0.000222362044940193	3.87074670821817e-05	2.47068938822437e-06	
0.0515619613572566	0.158172595498793	0.237678316397721	0.232814321125466	0.165601556215835	0.091934927852652	0.040815371735312	0.0150163336999524	0.00465141093619187	0.00137071753369339	0.000316003742797577	5.99175927901899e-05	6.56631153865095e-06	
0.0473578723466967	0.149911331404402	0.231565856286464	0.233016648081467	0.171348990749974	0.0974085518117704	0.0449532586322931	0.0168920633828993	0.00544046923126047	0.0015965259595121	0.000398722124247381	9.49728263094378e-05	1.47371627031886e-05	
0.0437037206437986	0.140807672265792	0.22485008469745	0.232535745264049	0.176488412702821	0.103841360125061	0.0494324372446621	0.0194853139359566	0.00633311498760983	0.00190467167282772	0.000474534409053561	0.000131497486846168	1.14345640735798e-05	
0.0396161636100981	0.133194229076651	0.217699249310121	0.232332114403735	0.181025320183141	0.109299076055171	0.054231898977029	0.0219896748533165	0.0076414895031482	0.00224888840309347	0.000562018175455712	0.000132143605840095	1.8761129224211e-05	8.97271397679656e-06	
0.0361577660157558	0.125621707201664	0.212649720776402	0.230658970948855	0.184774597290102	0.114735366720717	0.058490767337558	0.0244586352452908	0.00883156102157478	0.0026484910035191	0.00074437908278489	0.000178357788982375	4.31642137719903e-05	6.51535302218722e-06	
0.0332249138782334	0.118633751910648	0.205426078681237	0.230043704555898	0.188174023002741	0.12038551915863	0.0630791016611642	0.0268215935052618	0.00978952720209365	0.00326562006042375	0.000892179133274452	0.000208582518829461	4.97013033148325e-05	5.70342824924307e-06	
0.0305649296077448	0.111583614012	0.197834485364535	0.228755285119579	0.191463025336	0.125907183853756	0.0675314501260611	0.0297326657849991	0.0114228616845932	0.00370935588317687	0.00116533222147664	0.000276878375473136	4.96752379525333e-05	3.25739265262513e-06	
0.02835728188851	0.105894918336662	0.190970834347528	0.22598557306799	0.194919883392747	0.130690648055962	0.0718017058003235	0.0325147326149445	0.012769487388849	0.00437399309832245	0.00131309340547071	0.000328883903168113	7.00099397833111e-05	8.95475973972584e-06	
0.0263365141622491	0.100093901913628	0.183395405240101	0.223234900564144	0.198366774522204	0.135617003983298	0.0761004563160642	0.0355059993794167	0.0143002922931206	0.00499968645067869	0.00150259350081482	0.000412907807540983	0.00010994586591328	2.19891731826559e-05	1.6288276431597e-06	
0.0241730850272127	0.0946977508499624	0.177247825473847	0.219866989343986	0.200484342026004	0.140892829341574	0.0800876086855518	0.038750622544972	0.0157121792212217	0.00575472013393989	0.00168566023186794	0.000513523184756676	0.000103519753117616	2.36383688221327e-05	4.07558083140219e-06	1.63023233256087e-06	
0.0225649373087777	0.0882953890384473	0.171483929403366	0.216627626091842	0.201182681432975	0.146296863934721	0.0850805379550002	0.0418060730927372	0.0176068791633907	0.00627684632377632	0.00206843226006308	0.000548004458837466	0.000109763504366555	4.47184647419297e-05	4.87837797184688e-06	2.43918898592344e-06	
0.0203852138338974	0.083462455667096	0.164755493623781	0.212810939715376	0.201742846812297	0.150891533177059	0.0902112135332664	0.0453652056274858	0.0199602679677756	0.00718345392424913	0.00236929664552771	0.000680888404990473	0.000121064883464893	4.63134117952947e-05	7.31264396767811e-06	8.12515996408679e-07	5.68761197486075e-06	
0.0184595390394964	0.0784956848411006	0.158151284394355	0.209043760787897	0.202273530307645	0.154348258706468	0.0959195857447457	0.0492175855416794	0.0219604020712763	0.00829079094324297	0.00270727992689613	0.000872372829728907	0.000194943649101432	5.19849730937151e-05	1.05594476596609e-05	1.6245304091786e-06	8.12265204589298e-07	
0.0173668172127423	0.0734868979310637	0.151582199623119	0.204793423965003	0.203367498008915	0.15824439279659	0.10032215665804	0.0528537249159999	0.0241772219932995	0.00932185860612684	0.00317514865949931	0.000956046300654574	0.000278507525403632	6.18905612008072e-05	8.14349489484305e-06	4.07174744742153e-06	
0.0163352550641084	0.0690592106121278	0.1458947461098	0.200277661836253	0.203658353659332	0.161177560097565	0.10464900152608	0.0571530123782071	0.0261553210638215	0.0103018573832288	0.00380378780961822	0.00113314724718588	0.000284509632566815	8.39670262303207e-05	3.17933400289564e-05	8.15213846896318e-07	
0.0145469950957664	0.0651337399515454	0.139411491971032	0.196165261570008	0.203545284164746	0.164720373792716	0.109192662587424	0.0607625397530251	0.0288686958395643	0.0117283668445077	0.0041442732787838	0.00130931934984621	0.000344471799024377	9.06075111177865e-05	3.10187875898729e-05	4.89770330366414e-06	
0.0135013552884057	0.060117714609142	0.132683307459893	0.191259248596046	0.204493962954905	0.16881642508126	0.113754255212994	0.0641893052449743	0.0312910492075203	0.0129378105017266	0.00479871881487104	0.00159493807550682	0.00040650473001379	0.000109600872880982	3.84420972045234e-05	7.36125265618533e-06	
0.0124265635945736	0.0565409053697782	0.126643654815673	0.186459975621	0.202448235639604	0.171972845140852	0.119229879532304	0.0684908808431262	0.0336876436531751	0.0142754958239068	0.00531793595508752	0.00181694094408744	0.000487251882974238	0.000141910060192834	5.24985193776957e-05	5.74202555693546e-06	1.64057873055299e-06	
0.0113851245524754	0.0537726550366302	0.121208443557368	0.181173051597148	0.201384025728873	0.174013477809503	0.122435189907879	0.0732341330691783	0.0364145221839365	0.0159239220458455	0.00610749118891074	0.00207382454575124	0.00062075333378161	0.000197624244968782	4.18208983128958e-05	9.84021136774018e-06	4.10008806989174e-06	
0.0107201957565311	0.0500609279082621	0.116442826989341	0.176713074653498	0.199483547824718	0.176036553464855	0.126231473569752	0.0768019654375575	0.0397163039146386	0.0174107853057958	0.00696857825587097	0.00237233430151032	0.000715882421437439	0.000232887294030049	7.46223371716002e-05	1.47604622976792e-05	3.28010273281759e-06	
0.00967658100150113	0.0472720207190168	0.110876090080828	0.172285445612171	0.197992373840848	0.176511724953249	0.130276802850423	0.0808608984307427	0.0425620353039847	0.0194728587602859	0.00796967244900385	0.00291699357818699	0.000911662973283848	0.000280385554732982	0.000105759463627353	2.29555424927588e-05	4.91904481987688e-06	8.19840803312813e-07	
0.00887594321231164	0.0439079051266845	0.106354048236115	0.167865579754069	0.195603311850646	0.178626309357256	0.133227612734963	0.0847048069015455	0.0454937141022323	0.0213944961943861	0.00900945915395125	0.00337230142165809	0.00109597748413372	0.000321093552900163	0.000107304223035514	2.5392602397717e-05	1.22867430956695e-05	2.4573486191339e-06	
0.00844380474161549	0.0407731499276245	0.100898764301311	0.162942941960598	0.193738908561568	0.180223914163511	0.137168279099437	0.0878270185395693	0.0487982400902853	0.0235821359350338	0.0100810441694813	0.00370873167101465	0.00132483909747381	0.000355743831729079	9.32294179703792e-05	2.45340573606261e-05	1.39026325043548e-05	8.1780191202087e-07	
0.00764809736058267	0.0388535804505091	0.0957180162650138	0.15832323805246	0.190440984818555	0.181264251558553	0.140309104112809	0.092726315979286	0.0516982202252054	0.0257597689259878	0.0110176534906175	0.00424165725442239	0.0014278196980104	0.000412280888690717	0.000119668011429115	3.03268248142277e-05	7.37679522508241e-06	1.63928782779609e-06	
0.00683233177218887	0.0362498400018379	0.0918635601314118	0.152782655214627	0.187421847051603	0.182441391442478	0.143932705593536	0.0966561204630265	0.0551263411127995	0.0274802997134802	0.012193500956707	0.00460138304052302	0.0017058265587103	0.000507071098260205	0.000141126583981805	4.59481901336108e-05	1.47690611143749e-05	3.2820135809722e-06	
0.00628257264687303	0.0332956609286165	0.0876220651716151	0.148722921930933	0.184762581596125	0.182618215676985	0.147640457201516	0.100073699726258	0.0583436973573384	0.0294436986734049	0.0133383343861866	0.00515075542219415	0.00185318619709413	0.000630889397767951	0.000144767319435671	6.49807854285113e-05	7.40287428932407e-06	4.11270793851337e-06	
0.0057747770990441	0.0314711339449904	0.0829042364575872	0.144305959329282	0.183060269187369	0.181785136419424	0.150305759857963	0.103432472776698	0.0617883015841485	0.0318865618150901	0.0143998509734942	0.00583247541433572	0.00208455770532152	0.000717931894557153	0.000178040515756998	5.68740536445965e-05	8.24261647023138e-06	3.29704658809255e-06	4.12130823511569e-06	
0.00512155137615435	0.0295117350007002	0.0785515985797725	0.138944220646022	0.18048917117696	0.182859237657448	0.152738716028635	0.106844936526374	0.064552801324667	0.0344158037383947	0.0157922052245261	0.0065409551112539	0.00242526093797626	0.000865811564474541	0.000252082149123891	6.01372447256341e-05	1.72997553320317e-05	6.59038298363114e-06	7.41418085658503e-06	2.47139361886168e-06	
0.00493048380372324	0.0272494920382244	0.0744590392477716	0.133876971905141	0.176868747291282	0.182963464653605	0.155214662256916	0.110723307906406	0.0684631952237586	0.0362807475483532	0.017358038484799	0.00747812015417649	0.00275279852744641	0.000914578379367112	0.000350176406514435	8.23944485916317e-05	1.89507231760753e-05	1.15352228028284e-05	1.64788897183263e-06	1.64788897183263e-06	
0.00462029881504379	0.0254104070066976	0.0709440494590417	0.129093044822257	0.173643276661515	0.182563214837713	0.156527150953117	0.115308809891808	0.0717930963420917	0.0385450798557445	0.0186295723853684	0.00810963420917053	0.0031892838742916	0.00111117980422463	0.000368469860896445	0.000120350334878928	1.56620298815044e-05	5.77022153529109e-06	0	1.64863472436888e-06	
0.00427168584234168	0.023880876258533	0.067295608938751	0.123587487603005	0.169955975144749	0.182171672100097	0.159217983466258	0.118035951700148	0.0755889711032043	0.0412308746856254	0.0202482876003556	0.00883891274005467	0.00363507219645781	0.00138664220657409	0.0004801507342167	0.000140733835891102	2.98024593651745e-05	3.31138437390828e-06	
0.00395395987922871	0.0224554455117671	0.0638536372539848	0.119171820916083	0.165303008602512	0.18040438677609	0.16123314537674	0.121566880784301	0.0789517039033763	0.044459695853061	0.0223296075926627	0.0100107376171762	0.00399866545575266	0.00152826841228145	0.000538950561427532	0.000197035689124044	3.8910409196765e-05	4.1394052336984e-06	
0.00354924431570222	0.0207870113888841	0.0610104001305088	0.115200553834484	0.161066628242743	0.178335863184333	0.163064009784851	0.124701365788299	0.0823273966715276	0.0474237338944551	0.0241358550689353	0.0111768899974412	0.00455952851195903	0.00178787178665448	0.000616935841156825	0.000187979108647784	6.04514314153668e-05	8.28101800210503e-06	
0.00321991649065504	0.019618160262822	0.0575605575121595	0.111194670095067	0.158318627779474	0.177035012868911	0.164080888405736	0.127663235784424	0.0849612857162949	0.0501171894067064	0.0259810527935588	0.0120970243901228	0.0050913068045969	0.0020533999819645	0.000697427955195838	0.000224202818336978	7.44585005547158e-05	1.15824334196225e-05	
0.00307225366269081	0.0184442496950852	0.054922620138074	0.107155058449564	0.155123641086833	0.175630088445917	0.165413173968942	0.130046360250005	0.0873764455601272	0.0529693500817782	0.0277790155915017	0.0130391297674396	0.00571457335861774	0.0021513202521179	0.000807054547975184	0.000253339208822476	7.50940325825581e-05	2.55814836270253e-05	1.65041829851776e-06	
0.00278702248835991	0.0170858747695696	0.0522111010759606	0.102644743299475	0.151360312766773	0.175413331353797	0.165667413116904	0.132686684729938	0.0910520824312008	0.0552406167905939	0.0298002730110813	0.0140299652343895	0.00634441461392851	0.00239276479394262	0.000830580540330995	0.000321674687913692	9.73272132661941e-05	2.63938205467645e-05	7.42326202877751e-06	
0.00253832416212639	0.0158167264024447	0.0492855194375469	0.0994932417119183	0.146810735792596	0.17357934199715	0.165530876488278	0.135745125881923	0.0950833155458345	0.0581564679054458	0.0315881255877086	0.0151541249003831	0.00682050998888247	0.00279874962811079	0.00106395340691726	0.000365090131111036	0.00012526794566338	3.54376425231931e-05	9.06544343616568e-06	
0.00230708828155705	0.0147843160842779	0.0464037849431179	0.0949482182274805	0.143645908090547	0.170455921842441	0.166264436810912	0.138025676244654	0.0985349165452012	0.0614534161797749	0.0338268579682297	0.0166200991883169	0.00756807352360769	0.00324969863659322	0.00122440470942635	0.000466361416914747	0.000163968060010662	3.95500848266924e-05	1.73031621116779e-05	
0.00224695955967173	0.013756962525955	0.0433258626940444	0.0912717115454336	0.139839655911143	0.168324214758907	0.166808114432616	0.14040984146864	0.102105237137866	0.0647366599650638	0.0357865594410204	0.017698823374312	0.00802462015095086	0.0035488283181174	0.00138014567746613	0.000496852443887809	0.000182920800237303	4.61421838436439e-05	9.88761082363798e-06	
0.00200834690971467	0.0130751837428134	0.0416204659332001	0.0870893743100668	0.135594194096429	0.166062466401021	0.166986617860089	0.142526971516273	0.10501922579745	0.0675155837707185	0.0384474912078397	0.0192364670494043	0.00879503289109212	0.00364818226958795	0.00149784761349786	0.000586827969123821	0.000201901650915329	7.14042423968845e-05	1.64147683670999e-05	
0.00183980674257676	0.0119738778528662	0.0396266067631918	0.0831757894848787	0.131906535526922	0.163823787580446	0.166836685860975	0.145188484069597	0.107134179911666	0.0702685103455385	0.0408913205133134	0.020722163004096	0.00990583363533214	0.00401910650345915	0.00163365676519599	0.000679804092077051	0.000263413859986535	8.58958239086527e-05	2.29055530423074e-05	1.63611093159338e-06	
0.0017803852969984	0.011109800799945	0.0374134785158105	0.080097683697436	0.127582541414022	0.162535910715397	0.167036010626624	0.146433824372443	0.110607460256624	0.0722915049251321	0.0428070468534515	0.0224267945530365	0.0105652027215163	0.00451975457871858	0.001710775016297	0.000695283862535256	0.000258786455313476	9.00838926724124e-05	3.35767236324446e-05	4.09472239420056e-06	
0.00155206679872489	0.0104200829080796	0.0352408532185913	0.0772048695378399	0.123922654108017	0.159411116504218	0.167232942843275	0.148584364218342	0.112424405410015	0.0763997297616393	0.0441203478990935	0.0238459116609164	0.0115892573692427	0.00500629681617232	0.00191692138162642	0.000753486206037073	0.000262367340513453	7.37908145194086e-05	3.36158155032862e-05	4.91938763462724e-06	
0.00138943163562155	0.00989396572134523	0.0332308463653992	0.0738471444967939	0.120991149746486	0.156052998296799	0.16641802722008	0.149860360482139	0.115538285968952	0.0785225491810464	0.0473307920497639	0.0253628620325517	0.0126539864645109	0.00552004148633138	0.00216443300784914	0.000818421110840762	0.000301480449238639	7.53701123096597e-05	2.53964508869506e-05	2.45772105357586e-06	
0.00125248776201421	0.00897889459758093	0.0309548087988905	0.0702966953339913	0.117982215985285	0.154617483024201	0.165395599243261	0.150605095854659	0.118066644152489	0.0814699025879282	0.0499527858016414	0.0272825933709954	0.0133085021623447	0.00615014115078051	0.002248412258642	0.000956579331328916	0.000342630814477709	0.000102461367965822	2.86891830304302e-05	7.3772184935392e-06	
0.00109734823911694	0.00846057132640533	0.0295185036041082	0.0664559998622164	0.113353284622444	0.151763753554285	0.165220621945489	0.151884314235264	0.120935485273144	0.0845786486213845	0.0524110905984813	0.0290895700248421	0.0144295552459069	0.0065857297160755	0.00264331343398647	0.000975147276763856	0.000434674564074721	0.000122200962353082	3.28056274773375e-05	7.38126618240093e-06	
0.00107935160226754	0.00786689144279887	0.028063141658956	0.0640472652738086	0.10904155708557	0.147650709692118	0.164282722916429	0.152991738083901	0.12315754189761	0.0877889027575507	0.0552846021519829	0.0310397589857865	0.0157559108227741	0.00731287346016193	0.00292088770727526	0.00111869015724768	0.000381092251370088	0.000158993326378058	5.3270959868937e-05	3.27821291501151e-06	8.19553228752878e-07	
0.00100041834187619	0.00746465993553769	0.0262941377286247	0.0613005929648159	0.105615359614372	0.144168306059244	0.162418163405483	0.154174126823901	0.12574816473992	0.0904830088523106	0.0580578294196673	0.0328942790315754	0.016986644988207	0.00797960521953124	0.00349245879414387	0.00126157501213683	0.000436352681031102	0.000148179803502119	6.1400471064414e-05	1.39174401079338e-05	8.1867294752552e-07	
0.00092228766552572	0.00699762280149984	0.0252162760491124	0.058567309027636	0.101193500690286	0.141026688341924	0.160580167139111	0.154179703136105	0.128546804669439	0.093477816898532	0.0604919412153938	0.0353565389296888	0.0185225425404165	0.00875642292893729	0.00392523669871664	0.00144837558102489	0.000512200501580714	0.00018870544795079	7.84230433042242e-05	8.98597371194236e-06	2.45072010325701e-06	
0.000928497531077742	0.0064578716682604	0.0234914770780232	0.0562662976609695	0.0977949407491294	0.137520438368325	0.15872004412403	0.155032162893388	0.129374463543825	0.0966714424184668	0.0635718924705214	0.0375780411149803	0.0202009405728944	0.0096292863460277	0.00426390869719884	0.00153144979422928	0.000610295389495739	0.000248034489848536	8.56698073490008e-05	1.79498643969335e-05	3.26361170853337e-06	1.63180585426668e-06	
0.000841844912915549	0.0061955543736372	0.0219540427725738	0.0539025466624357	0.0944644618269829	0.134217161726402	0.156570917684372	0.15613531188641	0.132413557944952	0.0985276687177119	0.0660048830267914	0.0393464607844657	0.0213960757954088	0.0104300669152502	0.0047500609766543	0.00169918890853012	0.000757007828668245	0.000258589958715338	8.72843078313602e-05	4.07870597342805e-05	4.89444716811366e-06	1.63148238937122e-06	
0.000790218613529981	0.00573419235898643	0.0206453806124317	0.0511991383593525	0.0917699589445883	0.130760342302764	0.154412149263879	0.155282452080228	0.135278562276091	0.102221764598206	0.0684188763369159	0.041591485578306	0.0222429787400957	0.011212605580398	0.00518831228262859	0.00201191129939071	0.000795121727988285	0.000283563452838576	0.00011277163254099	3.84077299233807e-05	8.17185743050652e-06	1.6343714861013e-06	
0.000732766093866028	0.00531909673493822	0.0193528759433546	0.0488352617512455	0.0886115391032121	0.127933108923717	0.152585453938781	0.155002109973797	0.13684325021018	0.105005544814862	0.0712116156510987	0.0431882194765302	0.0238132624120435	0.0121225355015359	0.00573536675924381	0.00230461479075275	0.000871795375068288	0.000325492081873526	0.000136575823298691	5.23404352761449e-05	1.22672895178465e-05	4.90691580713858e-06	
0.000608459052913856	0.00490283873954109	0.0182333260547237	0.0467270382355996	0.0861542034788483	0.125170822425642	0.151323930023938	0.15468926470504	0.137317922308611	0.107244179361298	0.0736505335057301	0.0453858112910045	0.0248421400420851	0.0130851409228786	0.00639209134082621	0.00272498059718948	0.000978932105292858	0.000367201767148282	0.000118584089613588	5.7247491537594e-05	1.79920687689581e-05	4.90692784607949e-06	2.45346392303974e-06	
0.000514144710449746	0.00435303730168996	0.0172836130291474	0.0439118880408958	0.0828256017867347	0.122027498554991	0.149484299756191	0.154789487214334	0.138795329470153	0.10996474670186	0.0764618329422668	0.0475477425936145	0.0266757597143058	0.0140448288340213	0.00666996330578675	0.00285726917112996	0.00116910612503541	0.000406076077043111	0.000135085791758293	5.40343167033172e-05	2.12862459740341e-05	3.27480707292832e-06	4.0935088411604e-06	
0.000505672036500029	0.00405110396878907	0.0162559649662558	0.0420075998088592	0.0790583044767522	0.118735558072097	0.14731993820655	0.154873107411941	0.140361629147656	0.111607873428162	0.0792104970314269	0.0503470972134034	0.0283511818651934	0.0150891553804159	0.00708349970870672	0.00317967885734485	0.00128136312161658	0.000436121675492744	0.00016119318962865	5.40038097233041e-05	2.86383839441764e-05	8.18239541262184e-07	
0.000482063230627084	0.00375566608758958	0.0148906708467342	0.0396956115029469	0.076470149382213	0.115676319135697	0.144947723194046	0.15398722860373	0.140782959228764	0.114102235117323	0.0820409311034903	0.0526580294271728	0.0305847804111803	0.016276192717074	0.00786140190218216	0.00350807578886614	0.0014248739707991	0.000575524469218049	0.000157408401837415	8.36232134761268e-05	3.03339107707519e-05	4.09917713118269e-06	4.09917713118269e-06	
0.000470744652545419	0.00356619775041364	0.0138898326523227	0.0376718524989173	0.0728041399331461	0.112744572314156	0.142846850800143	0.153368607799297	0.141815305996304	0.116451584117157	0.0844073816036265	0.0551106904882564	0.0326713162593566	0.0171596659432208	0.00863959707532488	0.00384045767841836	0.0016078999958247	0.000609921332428412	0.000194028665483938	8.3506007929796e-05	3.02913950333574e-05	1.06429225792877e-05	4.91211811351741e-06	
0.000477024284872684	0.00333507887674282	0.0133067683445703	0.0359494665182955	0.0699049224324147	0.109968416573935	0.140061857694574	0.15187209530667	0.142933003862015	0.117910093604765	0.0874680892845454	0.057632388557963	0.0342532892583622	0.0184198468285658	0.0092434705766839	0.00430467369247889	0.00189991490475879	0.000667670354127119	0.000257740394056425	9.73685933102049e-05	2.7001374615435e-05	9.81868167833999e-06	
0.000412981325245646	0.00319774868045937	0.0126636724160305	0.034243170913056	0.0676334456109308	0.106226795305725	0.138034519035909	0.15101568104783	0.143211476636765	0.119703371674215	0.0897116231390335	0.0598578071018097	0.0364509070490036	0.0197014944863728	0.0100690723509003	0.00460482339335165	0.00203144371252256	0.000799845254428327	0.000282394344930817	0.000114263607775475	2.36688901820627e-05	7.34551764270912e-06	2.44850588090304e-06	
0.000326785667718466	0.00304538164654341	0.0121904907815474	0.0322523600281639	0.0648420997731244	0.10377034057423	0.135560637077216	0.150042702167053	0.143302442172791	0.121516187706991	0.0923401765457533	0.0618358346154849	0.0381703588285915	0.0212981132813519	0.0108426017680653	0.00505091662972332	0.00222393537956033	0.000883380707747673	0.000355308107544267	0.000120609174120531	2.6077659269304e-05	3.259707408663e-06	
0.000317229464272642	0.00279975337442675	0.0115121759175659	0.0308477184694248	0.0624242512977939	0.100030584173991	0.133497479245872	0.149623310346398	0.144336966017404	0.123017519200517	0.0939129359668259	0.0647497872935772	0.0394918146664129	0.0224281231240758	0.0114633713846009	0.00557591789125374	0.00244673391931309	0.000990732019189942	0.000363593770589412	0.000117130879116052	4.06704441375182e-05	1.22011332412554e-05	
0.000336720552773441	0.0026272316864588	0.0109292189056825	0.0297320191224819	0.0599792612594485	0.0965576611633817	0.130671104346048	0.149225623866104	0.144990247274592	0.124525751414226	0.095717076843687	0.066454843745436	0.0418312405271989	0.0238073601433213	0.012323972231508	0.0059887575904115	0.002582606071031	0.0011123948863913	0.000426783158455013	0.000114403850460374	4.70597399056858e-05	1.54161216932419e-05	3.2454993038404e-06	
0.000324146481795123	0.00256886086822635	0.0102568050502022	0.0285038208766542	0.058360953314803	0.0941337590457128	0.127731541883777	0.146808372703625	0.146147113880763	0.126265589419859	0.0978849442062868	0.0686396382525263	0.0431203961070008	0.0253182713268126	0.0130136708778697	0.00624225087316959	0.00284195427913874	0.00115153037657718	0.000495133750942051	0.000123986029286635	4.13286764288782e-05	1.21554930673171e-05	1.29658592718049e-05	8.10366204487808e-07	
0.000280635501526462	0.002313215174432	0.00966651418263694	0.0268809878369654	0.0565407537902014	0.0916445240389451	0.125915309721019	0.144480240340786	0.14627436094592	0.127417439630924	0.100422899856925	0.0704322111157613	0.0454515960535835	0.0265330322584831	0.0138144042254298	0.0068390709504946	0.00296451664184746	0.00128232580321774	0.000590470072575909	0.000182494184518653	3.97431779618401e-05	6.48868211621879e-06	2.27103874067657e-05	4.05542632263674e-06	
