# <P(N_2)> as a function of N_tot.
# number_of_species: 2
# species_total_upper_bound: 100
# species_total_lower_bound: 0
# volume: 512
# Bin widths for each species index 
1	1	1	1	1	1	1	1	1	1	1	1	1	1	1	1	1	1	1	1	1	1	1	1	1	1	1	1	1	1	1	1	1	1	1	1	1	1	1	1	1	1	1	1	1	1	1	1	1	1	1	1	1	1	1	1	1	1	1	1	1	1	1	1	1	1	1	1	1	1	1	1	1	1	1	1	1	1	1	1	1	1	1	1	1	1	1	1	1	1	1	1	1	1	1	1	1	1	1	1	1	
# Bin lower bound for each species index 
0	0	0	0	0	0	1	2	2	2	3	4	4	5	6	7	8	9	9	10	11	12	12	13	13	15	15	16	17	18	19	20	20	21	22	23	24	25	26	26	27	28	29	30	30	30	31	31	32	34	35	36	37	37	38	39	39	40	41	42	43	44	44	44	45	46	49	50	51	52	52	53	54	55	56	57	58	59	59	60	61	62	62	63	64	64	65	67	68	69	70	70	70	71	73	73	75	76	76	76	77	
# Bin upper bound for each species index 
0	1	2	3	4	5	6	7	8	9	10	11	12	13	14	15	16	17	18	19	20	21	22	23	24	25	26	27	28	29	30	31	32	33	34	35	36	37	38	39	40	41	42	43	44	45	46	47	48	49	50	51	52	53	54	55	56	57	58	59	60	61	62	63	64	65	66	67	68	69	70	71	72	73	74	75	76	77	78	79	80	81	82	83	84	85	86	87	88	89	90	91	92	93	94	95	96	97	98	99	100	
# Normalized histogram for each species index 
1	
0.0791179181070979	0.920882081892902	
0.0063708512965824	0.145502083534138	0.848127065169279	
0.000442120605255615	0.017286728326255	0.20179246184368	0.780478689224809	
7.62910134837302e-05	0.0018658333050774	0.0317869804205236	0.247498408249225	0.71877248701169	
1.88674973396829e-06	0.000179241224726987	0.00405651192803182	0.0494592575262447	0.285467121499136	0.660835981072127	
8.44991080649704e-06	0.000474133884142334	0.00781241198009577	0.0677241573561168	0.315097173974275	0.608883672894564	
4.139177978068e-05	0.00101315788235892	0.0122303302029232	0.0868954565936635	0.339037246016747	0.560782417524527	
6.59856320999362e-06	0.000133856567974156	0.00191264067901101	0.0179631743613769	0.107003243665144	0.356542993881247	0.516437492282038	
3.78047178397628e-06	2.26828307038577e-05	0.000268413496662316	0.00320489495486589	0.025335776778263	0.127469947612112	0.36938800777643	0.474306496079178	
8.52723314023888e-06	5.30583395392641e-05	0.000570377150047089	0.0050348574341366	0.0334703375457865	0.146619141553965	0.377835068151542	0.436408632591843	
6.63831788818038e-06	0.000111903072972184	0.000899017908285	0.00721395488219831	0.0433045925779813	0.164472860659811	0.381103933298182	0.402887099282682	
5.67664684255442e-06	2.55449107914949e-05	0.000106910182201441	0.00136239524221306	0.0100997008407114	0.0523642287991432	0.180421812704714	0.384593769690869	0.371019960982514	
5.6763460981743e-06	3.12199035399586e-05	0.000204348459534275	0.00205010699912395	0.0132485917931388	0.0629591927479002	0.196798919223703	0.382957527686378	0.341744416840584	
2.84136919898961e-06	2.9360815056226e-05	0.000369377995868649	0.00301848121239329	0.0172461639148006	0.0730667560750841	0.212132835904299	0.379477169124925	0.314657013588375	
1.89094539706071e-06	6.05102527059429e-05	0.000589974963882943	0.0040333865319305	0.0212258620820065	0.0842690361473122	0.226133432670998	0.373843686889697	0.289842219516069	
9.42099506434069e-07	0.000122472935836429	0.000871442043451513	0.00541707216199589	0.0265191590066126	0.0957286150477786	0.237856572886941	0.367302929269995	0.266180794547882	
2.82608818525573e-06	0.000146956585633298	0.00133202956465054	0.00719616254905618	0.0318989993763765	0.107939612147657	0.247698151173109	0.359061098142506	0.244724164372825	
9.41960181459209e-07	1.7897243447725e-05	0.000245851607360854	0.00173980045515516	0.00919258941086042	0.0378564377326642	0.11868038914259	0.256831095235942	0.349902412925201	0.225532584286597	
5.6412715426057e-06	6.29941988924304e-05	0.000357280531031695	0.00215778636504668	0.0113069885952294	0.044149531304356	0.130016265666281	0.264643330606719	0.3389849472071	0.208315234253801	
1.22569008708999e-05	7.73127593395228e-05	0.000509132805406613	0.00290582834493182	0.0143188887327967	0.0512159317083197	0.140854419131325	0.270704969796168	0.329321241114925	0.190080018705916	
1.60608270759091e-05	9.63649624554548e-05	0.000659438664646152	0.00390278097944592	0.0171359577354612	0.0591784792475219	0.150255650576867	0.274893337213125	0.319467800875976	0.174394128917425	
9.44711692885565e-07	3.21201975581092e-05	0.00019177647365577	0.00101556506985198	0.00497107292796384	0.0206400610661638	0.0657415419962136	0.159876393922103	0.278656884491991	0.307566951717675	0.161306687425132	
8.53028012492121e-06	5.30772985550653e-05	0.000208517958609185	0.00140370498500092	0.00616170567690142	0.0239179576613763	0.0735840919753759	0.169852094420723	0.280452863093743	0.294970452057456	0.149387004592134	
9.45332374136084e-07	1.22893208637691e-05	4.25399568361238e-05	0.000323303671954541	0.00173373957416558	0.00779426542475202	0.0276991838945614	0.0809601551857625	0.178425813623941	0.280911186968782	0.285183143967503	0.136913433078503	
9.44283496568474e-06	6.13784272769508e-05	0.000429648990938656	0.00223889617036385	0.00937862368791808	0.0323237683710354	0.0890062738195512	0.187390227043524	0.282122635986266	0.271369135527345	0.125669969140815	
3.77372375021345e-06	8.49087843798027e-06	8.49087843798027e-05	0.000577379733782658	0.00279632929890817	0.0111513536818807	0.0370060785255307	0.097140366485182	0.194676030533199	0.281426392103106	0.260319955168162	0.114808941083681	
5.67779103647129e-06	1.70333731094139e-05	0.000121126208778054	0.000767448088429703	0.00337260787566395	0.0134383850848215	0.041334318745511	0.104672916652866	0.201420583317325	0.279529008307555	0.249178376322097	0.106142518232806	
3.79270586807452e-06	1.89635293403726e-05	0.000198168881606894	0.00102782329024819	0.00423834880757328	0.0156117255294617	0.0463904818253535	0.112506826870563	0.207375675101645	0.277247747132714	0.237369341282845	0.0980111050427817	
3.79563900057029e-06	2.27738340034218e-05	0.00028372401529263	0.0012838748919429	0.00509754317776591	0.0180027157797049	0.0514906897719865	0.119722994265738	0.213859586028632	0.273135131390789	0.225846213992433	0.0912509572127105	
1.89337460889981e-06	4.73343652224952e-05	0.000365421299517663	0.00156014067773344	0.00617618797423117	0.0204910467048182	0.0571022848298093	0.127036916071437	0.217665185101035	0.26904379848814	0.216059603432688	0.0844501876807581	
3.7851152236388e-06	7.75948620845954e-05	0.000491118700267135	0.00198623921360446	0.0074623546634039	0.0231630126110576	0.0627297683225599	0.134340363238582	0.221855066045529	0.264526562519221	0.206302027591597	0.0770621071168683	
9.479769224498e-07	8.5317923020482e-06	0.000124184976840924	0.000534658984261687	0.00232349143692446	0.00846827784824406	0.0262798162441534	0.0681785002625896	0.141311127921902	0.224299871643925	0.261819850257565	0.195652009047492	0.0709987316068778	
1.89770785356907e-06	1.70793706821216e-05	0.000129044134042697	0.000622448175970654	0.0027298527473591	0.00991552353489837	0.0297769339303522	0.073780034784985	0.14691390004583	0.22865671698439	0.256539738476881	0.185636628797906	0.0652802013088491	
6.6562512183317e-06	1.80669675926146e-05	0.000171160745614244	0.000865312658383121	0.00336901400950703	0.0114354395930939	0.0335845909686082	0.0798578985454189	0.153990470150041	0.231460676294142	0.249927018959856	0.17547970176191	0.0598339930946148	
2.86288225442435e-06	4.19889397315571e-05	0.000194675993300856	0.0011403814313457	0.00409678450608124	0.0133849288335186	0.0368414774381021	0.0860391546862997	0.160368166657919	0.232056646896874	0.244340320356524	0.166296241512747	0.0551963698653014	
7.6001269221196e-06	5.79509677811619e-05	0.000295454934097399	0.0014041234488616	0.00458287653403812	0.0151917037014518	0.0410957862996312	0.0921999897398287	0.165525064268573	0.232779537418275	0.237592317791707	0.157833735823388	0.0514338589454444	
1.70656068292766e-05	0.000105237908780539	0.000380183796585551	0.00157856863170809	0.00541169354341727	0.0171945469697645	0.0454201125761197	0.0975033965298037	0.171443930474718	0.23301000328987	0.230991521237674	0.149853093567878	0.0470906458668522	
1.32428030095216e-05	0.000141887175102017	0.000455930789327814	0.00186345156633982	0.00638586879409144	0.0196475900936266	0.0498184790073195	0.103979651487261	0.176579535328961	0.232423489705612	0.224529833197437	0.140669783139642	0.0434912569122702	
1.03850296964645e-05	2.07700593929289e-05	0.00013122901161896	0.000540021544216152	0.00217235939377861	0.00765471097990308	0.022240013141783	0.0545100767831332	0.109377020950381	0.180719342684266	0.232534976307971	0.217082996213241	0.133448575693177	0.0395575222074419	
7.5424735542021e-06	4.71404597137631e-05	0.000171591273358098	0.000735391171534705	0.0026144098957253	0.00881715158486226	0.0244875832029114	0.0586879867252465	0.114847359191447	0.185053645843154	0.230232119623631	0.212173552316482	0.12575094752324	0.0363735787151396	
6.60156891000553e-06	4.80971449157546e-05	0.000215022530211609	0.000911016509580763	0.00323759800972128	0.00974674495498673	0.026971181322464	0.0631053402920157	0.120608777823255	0.188510629469026	0.229656322322545	0.20529181763826	0.118564177623699	0.0331266727904077	
3.77326097476537e-06	5.56555993777893e-05	0.000282051257863712	0.00120744351192492	0.00375439466989155	0.0114584502651188	0.0298172515378397	0.0679658633079613	0.126318400967464	0.1916712810504	0.228356810877557	0.197671709315521	0.111125365652571	0.0303115487255339	
1.03689654977386e-05	7.54106581653718e-05	0.000332749529154703	0.00134513761502482	0.00447562256211482	0.0128339513865192	0.0326386754872	0.0723650102087179	0.131253193170057	0.194972371420115	0.225696558823141	0.19041945293338	0.105427870648098	0.0281536265928145	
1.88585841917918e-06	2.54590886589189e-05	0.000118809080408288	0.000442233799297518	0.00151057259376252	0.00506164399707692	0.0143400674194385	0.0356295231135522	0.0765319063671295	0.135891185969213	0.198314042573254	0.222914122722237	0.183174371184083	0.0997571957285307	0.0262869805049386	
1.88688857734262e-06	4.71722144335655e-06	2.7359884371468e-05	0.000108496093197201	0.000517007470191878	0.00173782437973255	0.00577199215809107	0.0157762753951616	0.0389633056778364	0.0802776745230417	0.141103414702258	0.200324356146445	0.21930079456878	0.177042037990615	0.0948199247886213	0.0242229321116359	
2.82076572506373e-06	5.64153145012745e-06	4.88932725677712e-05	0.000110950118519173	0.000568854421221185	0.00210147046517248	0.00624799608101615	0.0176673959913158	0.0420200067510326	0.0852444804666675	0.146256702844554	0.200902456980972	0.216091340155199	0.171309803759328	0.0886228175500521	0.0227983688452067	
6.57633908355896e-06	9.39477011936995e-07	8.45529310743295e-06	4.79133276087867e-05	0.000132466258683116	0.000700849850904998	0.00239096899537965	0.0072452467160581	0.0200869579922249	0.0454885374409774	0.0900686006114116	0.150857460668795	0.201645587934109	0.21216115412872	0.164769236261558	0.0838116837119113	0.020577364992456	
9.39808993220218e-07	1.87961798644044e-06	1.22175169118628e-05	5.54487305999929e-05	0.000202998742535567	0.000876841790674463	0.00269537219255558	0.00832294844395825	0.0220065673852446	0.0492121581209835	0.0955757551835165	0.154342011529577	0.202022280991611	0.208554893303485	0.158620022066715	0.0787907665646034	0.0187068980100484	
4.71343716092711e-06	9.42687432185423e-06	6.31600579564233e-05	0.000286576979384369	0.000950228931642906	0.00313820646174527	0.00931469451742416	0.0241940729470389	0.0526368381509375	0.100293458597639	0.158280990613661	0.202651402671765	0.204736627271759	0.152121470931762	0.0737238133214932	0.0175943182343087	
9.42922096719291e-07	3.67739617720524e-05	8.86346770916134e-05	0.000280047862725629	0.00112113437299924	0.00376414501010341	0.0102561636460157	0.0262000333794422	0.0568280289250782	0.104423907601178	0.161022806456753	0.20325628716881	0.201083794657969	0.146134066549556	0.0690690435846881	0.0164341892237205	
5.6624500288785e-06	3.49184418447507e-05	9.53179088194547e-05	0.00033974700173271	0.00129198234825578	0.00413170103773834	0.0117599649683092	0.0286982404880277	0.0606306836842165	0.109111637089803	0.164400742913444	0.203740614489077	0.196275617867672	0.139565237086783	0.0652474679410954	0.0146704642831527	
8.50770987574962e-06	4.06479471841371e-05	0.000113436131676662	0.000418768386106343	0.00158337933798674	0.00486357414563687	0.0129156488924852	0.0313140441493424	0.0642303736586177	0.11369987068281	0.168654004673569	0.204323050978198	0.191060476583001	0.132864905129582	0.0603640921706382	0.0135452194232907	
1.89689610889701e-06	6.63913638113954e-06	5.31130910491163e-05	0.000149854792602864	0.000491296092204326	0.00183619543341231	0.00538339115704972	0.0143898538820927	0.0336367102510163	0.068342321459396	0.119008416528035	0.172038992596414	0.20213419781212	0.186297960646993	0.126993400698437	0.0567067607274217	0.0125289987992648	
4.74952433513784e-06	1.13988584043308e-05	4.65453384843508e-05	0.000208029165879037	0.000626937212238194	0.00208789089772659	0.00612023705825862	0.0159698006244675	0.0361714274315427	0.0730885301837021	0.122243257337778	0.173797444185965	0.201187951026705	0.181264646345668	0.121613470410938	0.0540011417856502	0.0115565426122574	
3.79930548695698e-06	1.70968746913064e-05	7.88355888543574e-05	0.000221309544615244	0.000698122383228346	0.00240875967873073	0.00690618754891606	0.0173875215610586	0.0395089777588657	0.076505664764481	0.126182533832815	0.176059816265587	0.199493932509137	0.176771236218019	0.116717514038434	0.0501679293025235	0.0108707628245557	
9.49099778859752e-07	5.69459867315851e-06	2.46765942503535e-05	0.000111044674126591	0.000245816842724676	0.000937710581513435	0.0029735296071676	0.00798192914021051	0.019422377874586	0.0423962871216651	0.0808414718639371	0.130165238271499	0.176867591089851	0.197716465932063	0.172345130643585	0.111050368725264	0.0473316059717358	0.00958211136736805	
2.84478295254333e-06	1.42239147627167e-05	2.560304657289e-05	0.000103360447275741	0.000320512212653215	0.00112843057117552	0.00343554954568816	0.00893451499295442	0.0211898399525111	0.0454804933232944	0.0847290154585506	0.13338807960082	0.178893227709703	0.195625292775579	0.167781505497069	0.106305745892608	0.04387603573806	0.00876572453777018	
9.46761696293996e-07	1.51481871407039e-05	2.55625657999379e-05	9.08891228442236e-05	0.000355982397806543	0.00131978580463383	0.00369615766233176	0.0100243128403608	0.0236321187011944	0.0487960978269926	0.0880109672874899	0.13704280877686	0.180260586689288	0.194033129085277	0.162836384430693	0.100867044361466	0.0406094494391384	0.00838262805898704	
1.89673240425058e-06	8.5352958191276e-06	3.12960846701345e-05	0.000105268648435907	0.000401158903498997	0.00142444603559218	0.00422971326147879	0.0110143250714831	0.0257870254019887	0.0516356946071156	0.0928602250472998	0.140109725969586	0.181303908691302	0.190644367416034	0.158319305416594	0.0955469464979207	0.0389712123439345	0.00760494857484269	
3.79897712540898e-06	1.70953970643404e-05	3.98892598167943e-05	0.000135813432233371	0.000508113190523452	0.0016924443093697	0.00451318482498587	0.0122051637596577	0.0274675543609883	0.0553700916028359	0.0966640232117502	0.14366496820731	0.182564594482935	0.187636228945356	0.152448203321256	0.0919418946448669	0.0362859300133439	0.00684100805858023	
4.76278020626648e-06	8.57300437127967e-06	6.19161426814643e-05	0.000153361522641781	0.000643927883887229	0.00183748060357761	0.00507617114383882	0.0132681530986172	0.0294435072351394	0.0582754734917942	0.0999145557230996	0.147616657156982	0.182786931312136	0.184594882678435	0.148625414004669	0.0879256853878856	0.0334756769577646	0.00628686987227176	
4.7731967817198e-06	3.81855742537584e-06	5.72783613806376e-06	5.82330007369816e-05	0.000184245395774384	0.000740800140522913	0.00210497978073843	0.00579752481107687	0.014490470789945	0.0317723070578397	0.0616276982881407	0.103160238125241	0.150312739853138	0.181618228265726	0.183059733693805	0.144608769698983	0.0832197312499284	0.0314715956605913	0.00575838459746677	
2.86489444296425e-06	8.59468332889275e-06	4.77482407160708e-06	1.43244722148212e-05	6.68475370024991e-05	0.000254020640609497	0.000911036432862631	0.0023988716135754	0.0064880309484997	0.0159030290528945	0.0342899215878391	0.0643111504556615	0.106440378204265	0.152516475530459	0.182797454827777	0.181339223556308	0.13898366914671	0.0787750475333736	0.0293899971255559	0.00510428693254797	
1.91271881503244e-06	1.91271881503244e-06	7.65087526012976e-06	2.19962663728731e-05	8.98977843065247e-05	0.000368198371893745	0.000934363141143347	0.00271127892030848	0.0075351557718203	0.0173980903415351	0.0362221125596768	0.0680440154853715	0.110187905496389	0.155249648059738	0.183316883951524	0.177139758538377	0.134043334557473	0.0747203605092423	0.0270879238584894	0.0049176000734484	
1.91371261203591e-06	0	3.82742522407183e-06	1.62665572023053e-05	0.000127261888700388	0.000379871953489129	0.00112047873434703	0.00314710039049306	0.00815050201466095	0.0185075146709993	0.0381804803227285	0.0715575419892469	0.115103115619818	0.156719666937457	0.182737546754391	0.173695254662522	0.129380368561912	0.0710925098245221	0.0254456797459355	0.00463309823373894	
3.8407509436245e-06	2.88056320771837e-05	0.000144988348121825	0.00047817349248125	0.00135194433215582	0.00357189837757078	0.00885581148826219	0.0200544810521353	0.040903037361865	0.0753372899469304	0.11788800946361	0.159326831582111	0.182041032662706	0.170046367465767	0.124352953489466	0.0673437270455119	0.0239806887042555	0.00429011880402856	
4.79829411047784e-06	3.93460117059183e-05	0.00017753688208768	0.000535489622729327	0.00150762400951214	0.00401041421753738	0.0100121204909231	0.0222775198961265	0.0440848069694262	0.0787112165882785	0.12134214044223	0.161104644076938	0.180236402354235	0.1656850956348	0.119704002832913	0.0641339990806468	0.0224205090606188	0.00401233353518157	
9.59967437904506e-06	6.14379160258884e-05	0.000176634008574429	0.000642218215958115	0.00177113992293381	0.00456368519979802	0.0112440986001755	0.0239780666639788	0.0469731266715433	0.0820215378294368	0.124297543827313	0.16313782636493	0.178147877224005	0.161534680743629	0.115732714346329	0.0613361594774705	0.0207976945422011	0.00357395877131848	
1.24558893840371e-05	7.85679176531571e-05	0.000234745607622238	0.000700404241517779	0.00205713803904059	0.00509637504874564	0.0120390961623405	0.025702248671292	0.0496769612995517	0.084747955078314	0.127589507542041	0.163723084499795	0.177018309199249	0.158954395156384	0.111689085670649	0.0577895778699088	0.0196755145000925	0.00321457760641881	
1.90928053536226e-06	2.76845677627528e-05	7.82805019498528e-05	0.000257752872273905	0.000789487501372295	0.00216226020629776	0.00575552617384954	0.0130155654095645	0.0276521099936516	0.0527791964792867	0.0873887247437984	0.12972988453626	0.165197634401417	0.175580301952717	0.155415435578488	0.107567910722042	0.0552106652410705	0.0183415034629576	0.00304816637470585	
7.63645874498619e-06	2.86367202936982e-05	9.35466196260808e-05	0.000311185693858187	0.000846692363350344	0.00243316666762122	0.00641557990313152	0.0141532217264888	0.0296561875361539	0.0551476413842609	0.0910714524353621	0.132455331489129	0.165478242774478	0.175605141627673	0.151512114287242	0.10284973549216	0.0522238322422743	0.0170302575586623	0.00268039701949015	
9.54113804786407e-06	3.53022107770971e-05	0.00012212656701266	0.000365425587233194	0.00106288277853206	0.00282990154499648	0.0069068298328488	0.0152247939829767	0.0314895720131706	0.0582476936684054	0.0952482270180223	0.13570551468238	0.165598854300143	0.173771793151944	0.146965965806469	0.0993184765092411	0.0489632122340289	0.0156226594395726	0.00251122753419782	
2.0026052941255e-05	4.10057274511412e-05	0.000162115666667302	0.000441526786276241	0.00119965593333804	0.00326901473726772	0.00763278703532405	0.0166483253451633	0.0338783598471917	0.061575344686516	0.0984051632886212	0.137905122282894	0.166592919932026	0.170685863704591	0.143708863149583	0.0949282590493919	0.0460294058746903	0.0146247403765279	0.00225150052353824	
1.14474433566193e-05	4.19739589742709e-05	0.000182205140092858	0.00046743727039529	0.00139277227505535	0.00362502372959612	0.00814771780907382	0.0176681748673289	0.0357589511852397	0.0649041419711925	0.101869844476942	0.14043532719178	0.166908493907575	0.168524491328085	0.139899205261245	0.0910892146958462	0.0431635391297463	0.0137417017960085	0.00216833656246631	
1.42501973652335e-05	6.0800842091663e-05	0.000205202842059363	0.000591858197236032	0.00154377138123363	0.00371455144653753	0.0087534212348841	0.0192482165877997	0.0383691314124701	0.0674452341164925	0.105115155844908	0.142412672415513	0.16718331548892	0.166226652239134	0.135674229088073	0.0871399568884029	0.0413398225565424	0.0129895299049892	0.00197222731534832	
1.70582482316283e-05	9.28726848166428e-05	0.000274827332620678	0.000702231218868697	0.00169540033813239	0.00406175844004215	0.00990420845937483	0.020788318511611	0.0407663702322196	0.0703690646772959	0.10719118884618	0.14519980894762	0.16678891744566	0.164274721192409	0.132009992342742	0.0829457320262924	0.0392472384591474	0.0118403196336646	0.00182997096307079	
3.70238870524619e-05	9.30343828497761e-05	0.000274356496363115	0.000713896488806445	0.00179233586551405	0.00452925551608451	0.0105385171838302	0.0224934353800265	0.0427322109716017	0.0723123980656443	0.110746040817411	0.146382006770625	0.167279617685646	0.162858585839407	0.127569125495788	0.079769388650185	0.0371605906354248	0.0110046384285164	0.00171354143922292	
3.80331534999059e-06	3.61314958249106e-05	7.51154781623141e-05	0.00026242875914935	0.000785384619773056	0.00198913392804508	0.00507932764991243	0.0116495549170212	0.0238135082351286	0.0440300309780035	0.076383883831536	0.112986990759845	0.148885533519569	0.16753413950941	0.159480619255805	0.123616306334232	0.0766253943562604	0.0349144349129136	0.010313640400337	0.0015346377437212	
2.8515565221276e-06	2.66145275398576e-05	7.12889130531901e-05	0.000314621736274746	0.000834555542142679	0.00220520371044535	0.00554627743553819	0.0126875254857864	0.0252153638063337	0.0472883123252828	0.0787799520368193	0.115848285786797	0.150129698295815	0.166553713344429	0.15591360544153	0.120692129799051	0.0735036219520425	0.0331578992392998	0.00979129457814548	0.00143718448715231	
8.56069916181243e-06	3.13892302599789e-05	0.000109386711512048	0.00035098866563431	0.000965456627693291	0.0022419519915991	0.00615324031975163	0.0132766932111753	0.0270984176023194	0.0500058973705337	0.0818012852463008	0.118360226611219	0.150514212662986	0.165370830463914	0.154610031617516	0.118084381860449	0.0699333026416415	0.0309031727853471	0.00890027356189766	0.00128030011908884	
5.717710895384e-06	3.7165120819996e-05	0.000115307169723577	0.000420251750810724	0.000983446274006047	0.00263109996369254	0.00649722548078802	0.0143800429018908	0.0289887942395969	0.0525514808394743	0.0847374284214067	0.120893373268367	0.152073956684528	0.165256139153836	0.151886225176796	0.113383160007281	0.0662720810847641	0.0294080930385917	0.00836882284721038	0.00111018886552039	
9.52333789183774e-07	2.85700136755132e-06	5.80923611402102e-05	0.000156182741426139	0.00036855317641412	0.0011266108726044	0.00287033404059989	0.0072482124694777	0.0157954082274021	0.0309432294781592	0.0554353498683875	0.0877108943176148	0.123438648752633	0.152923855199552	0.164329956992606	0.147848868436992	0.108769851397836	0.0640434949888196	0.0279967087344246	0.00787770510412818	0.00105423350462644	
9.51513715594453e-07	1.61757331651057e-05	6.27999052292339e-05	0.000152242194495113	0.000449114473760582	0.00126265870059384	0.00342354634870884	0.00798224856012187	0.0169064956986822	0.0327844050708069	0.0580899123370414	0.0907392024602339	0.125694961830027	0.153941597991164	0.162884875404037	0.144124830987376	0.105579961882361	0.0611204835212097	0.0263569299219664	0.00746652812626968	0.000960077339034804	
2.85013153357027e-06	1.04504822897577e-05	7.6003507561874e-05	0.000203309382728013	0.000548175298290016	0.00143931642445299	0.00389707985023509	0.00863684859056245	0.0184365508468216	0.0353311805339816	0.0605367937730326	0.093665772675409	0.128238818221461	0.154511330697912	0.160835772570904	0.141120462709354	0.101059963917335	0.0584181959997454	0.0250545562677718	0.00704837528251929	0.000928192836099386	
1.89918192738478e-06	3.79836385476956e-06	1.7092637346463e-05	8.64127776960074e-05	0.000265885469833869	0.000630528399891747	0.00151649676901675	0.00426366342697883	0.00951869982005251	0.0201123366110048	0.0375211877483774	0.0636653261607562	0.0966028383273905	0.129452038534401	0.155366375933567	0.158672851669144	0.13769923605407	0.0976283965681783	0.0561312714548208	0.0234216611194728	0.00647241200852733	0.000949590963692389	
1.89734239251081e-06	5.69202717753243e-06	2.94088070839176e-05	9.77131332143067e-05	0.000266576606147769	0.000763680312985601	0.00169717277010092	0.00471299850299685	0.0103803602294266	0.0212625675216724	0.0393783926853656	0.0659952604387035	0.0985166577175351	0.132681153508281	0.156140843520481	0.1564652890696	0.134488372137148	0.0941755383234703	0.0538902159744845	0.0219323293862287	0.00623182108820176	0.000886058897302548	
5.69432304464065e-06	2.84716152232032e-05	0.000127173214663641	0.000277123721505845	0.000800052387772011	0.00205659967295605	0.00518278302446376	0.0112197145056236	0.0222458220277295	0.041642584425457	0.068515043926957	0.102322239842989	0.135371141740242	0.155161761481891	0.154371199632526	0.130586012275062	0.0917602196490209	0.0511388171562361	0.0206419210368223	0.00573228519827158	0.000813339141542839	
5.69650718661852e-06	5.60156540017488e-05	0.0001538056940387	0.000312358477399582	0.000883908031790308	0.00234126445370021	0.005771511197909	0.0123054049409605	0.0238541238439651	0.0432175011891459	0.0712395694579868	0.105124293039723	0.136912701976783	0.154990567533517	0.152472711357031	0.127706196945343	0.0884525153402191	0.048897868272069	0.0192323576798886	0.00533477898026825	0.00073484942707379	
1.42541921579136e-05	6.36687249720143e-05	0.000120685493603669	0.00038296262930928	0.000976887302555682	0.00281852892935812	0.00649516022662265	0.0131680227154806	0.0251101849053807	0.0455487959008744	0.0738215109063576	0.107316011639023	0.136876355336104	0.154731156433107	0.151284492769323	0.125086237862555	0.0859195189305175	0.046740446365276	0.018023000564466	0.00490059126389071	0.000601526909063956	
1.61998721163036e-05	5.62230855801127e-05	0.000146751782700633	0.000427867210601196	0.00117687306256676	0.00293503565401266	0.00661145369075969	0.0141262884854168	0.026892740646718	0.0477657994017483	0.0765558309533815	0.109646452085066	0.138807174828067	0.15506803469822	0.149623924733488	0.121864014461721	0.0824954664181416	0.0438254187428709	0.0171432764336649	0.00431393065120627	0.000501243101951513	
9.5228209642999e-07	1.90456419285998e-05	5.33277974000794e-05	0.000175219905743118	0.000451381713707815	0.00130938788259124	0.00316633797062972	0.00706021946293194	0.0150736733043903	0.0284303819889173	0.0505699884488182	0.0793355737356789	0.111758874554927	0.140844426626188	0.154994386297042	0.147199957337762	0.118371521432537	0.0786984970131672	0.0419175533206553	0.0160669035309668	0.00399482339452381	0.000507566357397185	
4.77416755227475e-06	4.77416755227475e-06	2.48256712718287e-05	8.68898494514004e-05	0.000166141030819161	0.000582448441377519	0.00147235327312153	0.00347845847858738	0.00783918312083513	0.016320014360696	0.0307828775435571	0.0529311956520701	0.0822016169150666	0.114083507829157	0.141129167012794	0.154025148404998	0.144674463837113	0.115365849233698	0.0762625524800368	0.0395998101790981	0.0147865517429053	0.00372480552428476	0.000452591083955646	
5.72154390140636e-06	1.23966784530471e-05	2.95613101572662e-05	8.10552052699234e-05	0.000182135814194769	0.000616973150701652	0.00162396487734917	0.00392211834441406	0.00871391136184188	0.0172523620440406	0.0328740840761804	0.0552348312335267	0.0843746543233893	0.116650837061873	0.142054491984117	0.153309722428834	0.142663836409617	0.112370168632971	0.072725590940126	0.0373740783546365	0.0139167019495207	0.00355403235342358	0.000456769921462274	
1.04832392065522e-05	2.8590652381506e-05	9.33961311129197e-05	0.000256362849687504	0.000676645439695643	0.00194988249241871	0.00439343024929143	0.0092204853930357	0.018662071831155	0.0343688232278084	0.057805534006675	0.0878895714642417	0.118101313835779	0.142804590515146	0.151833518537226	0.139939807146519	0.109780480971015	0.0694924396784886	0.0356868523025958	0.0132527204005741	0.00330222035006395	0.000450779285881745	
2.85652258366755e-06	7.61739355644679e-06	2.38043548638962e-05	0.000110452206568478	0.000284700084172199	0.000836961117014591	0.00207573974413175	0.00465803615976721	0.010195881275304	0.0197585667112284	0.0364463716450142	0.0600907612442251	0.0900214048758936	0.120014892004403	0.143444090235644	0.151023396824309	0.138217606081727	0.105591357305271	0.0671130459290745	0.0339688143907799	0.0125639384971644	0.00314407919042341	0.000405626206880792	
3.80854084326807e-06	2.66597859028765e-05	0.000116160495719676	0.000356098568845565	0.000889294286903094	0.00226227326090123	0.00507868921449797	0.0109752625750878	0.0212449929589601	0.0381082596777403	0.0622163232156272	0.0925999099280091	0.121808561790243	0.143712432315088	0.150192664559909	0.135525973772483	0.103305718238436	0.0642538925667756	0.0319289021595379	0.0120845000956896	0.00299446523801952	0.000315156754780433	
1.33075420494565e-05	4.46753197374612e-05	0.000110262491266926	0.000353600403028416	0.000982857034224146	0.00246474689530291	0.00564334836768739	0.0114663485530424	0.0223899394982106	0.0396555247686626	0.0651071494769661	0.0941584643096475	0.123114725270547	0.144302233290718	0.149750721221252	0.133419515510416	0.0997923072901567	0.0620302556473882	0.0306786371175864	0.0114806066338097	0.00273469989116332	0.0003060734671375	
3.792295950776e-06	1.8013405766186e-05	5.4040217298558e-05	0.000116613100486362	0.000415256406609972	0.00111114271357737	0.00262806109388777	0.00599561989817685	0.0122386871071418	0.0238819837500119	0.041876428036444	0.0667766432492392	0.0956767826161154	0.124624325682376	0.145280013652265	0.149441110384254	0.130508072850005	0.0963954226987874	0.0596888421172388	0.0295467258264835	0.0108374337533301	0.00255411132284763	0.000330877821705206	
9.47350072377546e-07	1.51576011580407e-05	1.42102510856632e-05	4.54728034741222e-05	0.000131681660060479	0.000503042888432477	0.00118702964068906	0.00282310321568509	0.00620135357378341	0.0128962765352755	0.0253700349382707	0.0433677916132993	0.0686213024926675	0.0982278869546106	0.126522391566311	0.146165695317059	0.146916943924455	0.127663948403526	0.0941637551441109	0.0578991943734984	0.0283257671640886	0.0100636998188667	0.00253795084389944	0.000335361925621651	
4.74103068110595e-06	2.65497718141933e-05	7.58564908976952e-06	4.36174822661747e-05	0.00018300378429069	0.000626764256042207	0.00127154442867262	0.00294702467137546	0.0067569169267122	0.0136902001947615	0.0267621699887069	0.0455527709902022	0.0706005842846211	0.100904304192114	0.127310896879738	0.146951090579288	0.1443283524065	0.12589522511836	0.0909481397617917	0.05636326914926	0.0265118435687445	0.00969920056740655	0.00230698552942615	0.000307218788135666	
