# <P(N_1)> as a function of N_tot.
# number_of_species: 2
# species_total_upper_bound: 100
# species_total_lower_bound: 0
# volume: 512
# Bin widths for each species index 
1	1	1	1	1	1	1	1	1	1	1	1	1	1	1	1	1	1	1	1	1	1	1	1	1	1	1	1	1	1	1	1	1	1	1	1	1	1	1	1	1	1	1	1	1	1	1	1	1	1	1	1	1	1	1	1	1	1	1	1	1	1	1	1	1	1	1	1	1	1	1	1	1	1	1	1	1	1	1	1	1	1	1	1	1	1	1	1	1	1	1	1	1	1	1	1	1	1	1	1	1	
# Bin lower bound for each species index 
0	0	0	0	0	0	0	0	0	0	0	0	0	0	0	0	0	0	0	0	0	0	0	0	0	0	0	0	0	0	0	0	0	0	0	0	0	0	0	0	0	0	0	0	0	0	0	0	0	0	0	0	0	0	0	0	0	0	0	0	0	0	0	0	0	0	0	0	0	0	0	0	0	0	0	0	0	0	0	0	0	0	0	0	0	0	0	0	0	0	0	0	0	0	0	0	0	0	0	0	0	
# Bin upper bound for each species index 
0	1	2	3	4	5	5	5	6	7	7	7	8	8	8	8	8	8	9	9	9	9	10	10	11	10	11	11	11	11	11	11	12	12	12	12	12	12	12	13	13	13	13	13	14	15	15	16	16	15	15	15	15	16	16	16	17	17	17	17	17	17	18	19	19	19	17	17	17	17	18	18	18	18	18	18	19	19	19	19	19	19	20	20	20	21	21	20	20	20	20	21	22	22	21	22	21	21	22	23	23	
# Normalized histogram for each species index 
1	
0.920821533620027	0.079178466379973	
0.84821356937875	0.145428897636754	0.0063575329844963	
0.780315062706527	0.202060439197025	0.0171941375725021	0.0004303605239463	
0.71839764664553	0.247819013131164	0.031850303661503	0.00186117976441616	7.18567973868965e-05	
0.660791832885988	0.285327802406699	0.0495830051861316	0.00412244633405933	0.0001731374187253	1.77576839718257e-06	
0.608881338022881	0.315086683293886	0.0676803792631545	0.00786568175573537	0.000477966284381988	7.9513799619924e-06	
0.560933056093306	0.338923278336772	0.0868897864667564	0.0121801493661631	0.00103389639968594	3.98333373166671e-05	
0.516397432589515	0.356577105217192	0.107094249216858	0.0178839167994439	0.00190897733610326	0.000132112226232877	6.20661465523586e-06	
0.474348807146629	0.369372909594926	0.127513598190583	0.0253044589973879	0.0031561671506123	0.000273830840109461	2.66718350755969e-05	3.55624467674625e-06	
0.436724278442567	0.377584402513483	0.14646068341431	0.0335695104409283	0.00503141853225799	0.00056557811435366	5.61124743374497e-05	8.01606776249282e-06	
0.40280187052848	0.381172770724767	0.164416458225993	0.0433464489018757	0.00722485385381995	0.000916366411070562	0.00011053446981785	1.0696884175921e-05	
0.370944811109797	0.38450663776417	0.180582216962553	0.0523116810601218	0.0101360272641351	0.00137103105625406	0.000106695023833001	3.46758827457253e-05	6.22387639025839e-06	
0.341642906818113	0.382780498129746	0.197104173966558	0.0629714543873161	0.0132171753912593	0.00204011575478058	0.00020632382524372	3.02371123202003e-05	7.11461466357655e-06	
0.314839986603198	0.37932100304991	0.212195899723513	0.0731043169056238	0.0171780135678249	0.00296974318045777	0.0003607516460964	2.76130889604652e-05	2.67223441552889e-06	
0.289710729256664	0.373823593200573	0.226179428924941	0.0844106321931032	0.0212277651559595	0.00400876060854941	0.000580425870816578	5.68870685026968e-05	1.77772089070928e-06	
0.266365088519919	0.367351241972165	0.237441405332901	0.095798903013921	0.0266095759035163	0.00544417659154678	0.000869119159692008	0.000119603554086056	8.85952252489304e-07	
0.244931839845785	0.359163439084631	0.247346768106647	0.10785764148503	0.0320398790941273	0.00717391381381488	0.0013297165515604	0.000154144357076289	2.65766132890154e-06	
0.22558648766436	0.350256527454461	0.256618691780846	0.118351633945243	0.0380371043577779	0.00915739234882065	0.00172819428057159	0.000242708986610259	2.03733820877225e-05	8.85799221205325e-07	
0.208236377288804	0.339163520293774	0.264830405415564	0.129627025463731	0.0442199162087511	0.0113481688242427	0.00214475172619348	0.000361733383922941	6.27947928081389e-05	5.3066022091385e-06	
0.189766395294243	0.3294136406722	0.270900844236953	0.140881266444017	0.0512176324158642	0.0143529140791793	0.00287200021260952	0.000505833473596556	7.79568225507827e-05	1.15163487859111e-05	
0.173990697971547	0.319237737630272	0.275242976010278	0.150449929285419	0.0591775459467325	0.0172181575879319	0.00390482899847924	0.000667219133573367	9.5824024502558e-05	1.50834112642915e-05	
0.161094249194192	0.306896548664793	0.279069210356579	0.160118318311391	0.0659170334540235	0.0207278847407883	0.00496748819345434	0.000987464611415375	0.000190750127092817	3.01651363774688e-05	8.87209893454964e-07	
0.149244749031621	0.294682751860863	0.280606871550804	0.170089266239877	0.0735558445928802	0.023994252489831	0.00616237072330849	0.00139592564203232	0.000207430277164241	5.25252633162671e-05	8.01232830248142e-06	
0.136522361880932	0.285015131832649	0.281171308694717	0.178566287734064	0.0810312748235804	0.0277970788365815	0.00779160543146604	0.00172554427504927	0.000324317023889281	4.26499099909191e-05	1.15510172892073e-05	8.88539791477482e-07	
0.125447462109472	0.271296798697775	0.282339599652953	0.187476300381947	0.0889702532606678	0.0323051880295505	0.00942656470761665	0.00222365690323807	0.000442244863343673	6.30509744927727e-05	8.88041894264404e-06	
0.114630770227928	0.260004421647605	0.281617222051058	0.194840168093639	0.0972638169828559	0.0369589363895383	0.0112103860773149	0.00277640402849388	0.000594880300316885	8.96759855701572e-05	9.7666914977399e-06	3.55152418099633e-06	
0.106180921081928	0.249026104149411	0.279330429903546	0.201500699138768	0.104820049696743	0.0414094993810173	0.0134484017776828	0.00337189729339781	0.000757919861775367	0.000128249659336842	2.04843205885234e-05	5.34373580570177e-06	
0.0981229133441558	0.237368955112524	0.276668811517582	0.207646854610344	0.112576114690325	0.0465295806474356	0.0156267709522335	0.0042186034432443	0.00101739114137899	0.000194553744579492	2.58810027192902e-05	3.56979347852278e-06	
0.0911954182426587	0.225730914706955	0.273135801056779	0.213826961439736	0.119994959208918	0.0514804195654195	0.0179815027992478	0.00508101016023281	0.00125930401332771	0.000284214816350753	2.59189612395341e-05	3.57502913648746e-06	
0.0844048414298825	0.215959309299801	0.269187925143524	0.217633350249144	0.127092439702864	0.0571947640066034	0.02046664448882	0.00611466422413063	0.00153134166756597	0.000361207556997215	4.99447486218371e-05	3.56748204441694e-06	
0.0770139181028029	0.2063410434299	0.264603490933982	0.221772526007316	0.134323595890167	0.062722372352031	0.023247937596703	0.00746262005433194	0.00196079829446199	0.000472374134574935	7.4866843970367e-05	4.45635976014089e-06	
0.0709917850488067	0.195713332934535	0.261492762253902	0.224250043079165	0.141330909590895	0.0682936454437422	0.0264403395977433	0.00851672855483464	0.00231868582208885	0.000525878301582724	0.000116961048399553	8.03549187477847e-06	8.92832430530941e-07	
0.0652961618298974	0.185811647027391	0.256491594592445	0.228501270216004	0.146942054381151	0.0736877189815754	0.0298525334174485	0.00996067379083747	0.00269770110115173	0.00061835348194667	0.000122419692235107	1.60843391257804e-05	1.78714879175338e-06	
0.0599625446402632	0.175541381915051	0.249981898065998	0.231298914330921	0.154149812499721	0.0796914178954379	0.033528357461796	0.0114386344437343	0.00335846745898012	0.000858165760080095	0.000167163538682269	1.69845306682519e-05	6.2574586672507e-06	
0.0552539316659079	0.166340745573627	0.244241861532229	0.231963807523131	0.160513599065075	0.0861193462698017	0.0367714274447667	0.0133212404957107	0.00408491753091023	0.00113818456872663	0.00020702412234319	4.12255828042717e-05	2.68862496549598e-06	
0.0514474474367291	0.157830350219551	0.237606596609075	0.232724813218916	0.165570176416998	0.0923005950761	0.0410253618953205	0.0150861472815578	0.00463907728850885	0.00139109857526165	0.000307844136283045	6.33534309452064e-05	7.13841475438946e-06	
0.0471153589449235	0.14950921501099	0.231203780334784	0.233136663374002	0.171541589911988	0.0976372907600715	0.0453195219407142	0.0170275248952132	0.00541420829217503	0.00159026795169572	0.000388000462752845	0.000100559752961173	1.60183677283285e-05	
0.0434128122470426	0.140420637062073	0.22461372963915	0.232499786983257	0.1766885127171	0.10414477327918	0.0498068648195748	0.019590439808569	0.00635854978201287	0.00185413323487226	0.000458873567462403	0.000138460883025406	1.24259766817672e-05	
0.039411919585748	0.132917379205308	0.217087806923526	0.232632009141771	0.181000328898085	0.109664018638149	0.054503997751791	0.022209929176097	0.00769586058267266	0.00218172018131061	0.000538116273894978	0.000127658555915777	1.95033904871326e-05	9.75169524356632e-06	
0.0361926068419216	0.125352272344827	0.212024111281749	0.230338730561918	0.185099964750624	0.115048472320383	0.0588947992114059	0.0245532274434991	0.00890268160956799	0.00263661790207759	0.000732443065172377	0.000172704229393728	4.42831357419816e-05	7.08530171871706e-06	
0.0331182128451753	0.11842648818758	0.205113248526218	0.22963875714729	0.188341828819645	0.120649793892115	0.0634422233057045	0.0269881654181995	0.00984353530428616	0.00327556402641727	0.000898009839989362	0.000211870041221577	4.60972474624352e-05	6.20539869686627e-06	
0.0303530281658299	0.111389300903339	0.197713149875834	0.228362296496138	0.191492002585274	0.125985990228091	0.0679848961856574	0.0298627482097689	0.0115388673203142	0.00379368522962922	0.00118713356449487	0.000281046557091017	5.23083497424922e-05	3.54632879610117e-06	
0.0281946173992812	0.105555875614328	0.190684812521881	0.225742179363891	0.195053467048965	0.130955936770174	0.0720424722915273	0.0326386088374628	0.0128648854657372	0.00449362516784621	0.00135695071636539	0.000333255042033565	7.35642778957071e-05	9.74948261268408e-06	
0.0262483313921641	0.0997725552346865	0.183228652013055	0.223057190924192	0.198435364381405	0.135841962229632	0.0763482262676544	0.0355393525535683	0.0143203337038396	0.00510554110758332	0.00152988957494598	0.000431666409616854	0.000115229226386429	2.39322239417968e-05	1.77275732902199e-06	
0.024087709698846	0.0947660977147626	0.177187709787528	0.219368249663675	0.200542909059629	0.141122656476554	0.0801034737489014	0.038933904679642	0.0157472005420222	0.00575987314976823	0.00172397127069275	0.000517900834405642	0.000106417979672392	2.57176784208281e-05	4.43408248634968e-06	1.77363299453987e-06	
0.0226571657311695	0.0883640079085999	0.17143792324058	0.216250669002092	0.201199559453829	0.146400215849931	0.0851784521613744	0.041904079475237	0.0175723075153815	0.0062348783411402	0.00207534401082788	0.000558202076228642	0.000113232750803908	4.60008050140877e-05	5.3077851939332e-06	2.6538925969666e-06	
0.0204920205715498	0.0837760458088118	0.164826891469169	0.212347348143435	0.201692204372338	0.150881890320414	0.0902240955764099	0.0453908417722638	0.0199529894137815	0.00717795097467437	0.00236555149073043	0.00068748564056342	0.000124595726631674	4.50665394199671e-05	7.95291872117067e-06	8.8365763568563e-07	6.18560344979941e-06	
0.0185950285462398	0.0787316158770626	0.158557732484234	0.208766076307637	0.202222039658205	0.154204464043575	0.0957630719517183	0.049150061438681	0.021951850801618	0.00825954949678584	0.00266690694447021	0.000865706792176484	0.00019964258676723	5.21190823861353e-05	1.14838656105044e-05	1.76674855546221e-06	8.83374277731106e-07	
0.0175427877731763	0.0736386231762788	0.152031295795026	0.204867742858079	0.202928579460983	0.15821005478358	0.100252976704361	0.0525867465708242	0.024180216460221	0.00930444245510482	0.0031531328114416	0.000953643369256557	0.00027272252342713	6.37533171647837e-05	8.85462738399774e-06	4.42731369199887e-06	
0.0163579943430005	0.0691498644215838	0.146068580266763	0.200955471282268	0.203648436884062	0.160925954961922	0.104410882770069	0.0567967705673033	0.0260854467355322	0.0102926208313291	0.00377458106225091	0.00113033687759497	0.000282584219398742	8.50410190040102e-05	3.45479139703791e-05	8.8584394795844e-07	
0.0145899319361143	0.0652574474801466	0.139686140008016	0.196448902429941	0.203798844439085	0.164489201641478	0.108921724758017	0.0605179807122767	0.0286496110888448	0.0117453651650523	0.00411610939877492	0.00130257748961662	0.000343156901621261	9.48780063914081e-05	3.28082825839449e-05	5.32026204063971e-06	
0.0134952826460168	0.0602469561232347	0.132904776326459	0.191477589127039	0.204510150992629	0.168683483887814	0.11355842937824	0.0641076993718188	0.0311861372051487	0.0128602627650098	0.00482259853687867	0.00157733609603987	0.000411208678190575	0.000111905601408234	3.81900068297942e-05	7.99325724344531e-06	
0.0124757008788201	0.0566277494850768	0.126946712461364	0.186567383477755	0.202418914622928	0.171983013099931	0.119038311354669	0.0683305090103768	0.0335000618887374	0.0142798243606537	0.00532955530048095	0.00181302833613688	0.000480862132374221	0.000150492037724525	4.98671840980674e-05	6.23339801225842e-06	1.78097086064526e-06	
0.0114690427640491	0.0538463046671135	0.121501090846868	0.181452216629354	0.201371757760698	0.173993640291463	0.122299619273054	0.0730680246403057	0.0360959802649403	0.0158689700409246	0.00607541102824794	0.00206761824637454	0.000623850332957835	0.000207653039398822	4.36695233070484e-05	1.069457713642e-05	4.45607380684168e-06	
0.010821706172714	0.0501833333779075	0.116578276175932	0.176813074839065	0.1994754516919	0.176205975250663	0.126192023549402	0.0766015260397583	0.0395568618745916	0.0172804969480096	0.00687511310684329	0.00238382422817673	0.000705162664355944	0.000232676934762202	7.48845307280648e-05	1.60466851560139e-05	3.56593003466975e-06	
0.00963017526170794	0.0472013973195478	0.110982158523801	0.172309950557618	0.198058110608067	0.176791918918413	0.130160565269555	0.0808758364722847	0.0424495489084109	0.0193485291537256	0.0079262791022881	0.00293928767699188	0.000914741952809291	0.000271661436812886	0.000108664574725154	2.49394105926584e-05	5.34415941271251e-06	8.90693235452085e-07	
0.0088071118829728	0.0438086866468917	0.106203146324928	0.167689225233946	0.195759169663463	0.179039091512467	0.13334780573997	0.0847400927776166	0.0454048032968617	0.0212513056305373	0.00896547797198878	0.0034022018224556	0.00111123171449975	0.000318511572290561	0.000108543049774996	2.75806110084005e-05	1.33454569395486e-05	2.66909138790973e-06	
0.0084534756927055	0.0407240863675273	0.100915142021944	0.162738286785939	0.193806585896903	0.180408004517992	0.137261535620034	0.0878237983100152	0.0487282491715239	0.0235782710155892	0.0100438302059025	0.00370461140650918	0.00132573941273207	0.00035341211404378	9.32368642577813e-05	2.57511339378634e-05	1.50954923084027e-05	8.87970135788393e-07	
0.00763856577164549	0.0389650481791905	0.0957525268386248	0.158225781627408	0.190540669179642	0.181193968504483	0.140429151101436	0.0927277046136546	0.0515598741318093	0.0257794922391069	0.0110023460165315	0.0042071718534954	0.00142878367450066	0.000398564810819611	0.000110317045851857	3.02482222497026e-05	8.0068823602154e-06	1.77930719115898e-06	
0.00684233162868686	0.0363371976538033	0.0919217922563399	0.152449357039881	0.187663678563573	0.182497201714323	0.143812738811532	0.0965913897395301	0.0553557451454085	0.0274441255591006	0.0121833395814281	0.00450575195746428	0.00170345918866189	0.000495988901246562	0.000134460186872946	4.18518462452215e-05	1.60283666471061e-05	3.56185925491247e-06	
0.00626775947015516	0.0334741741706891	0.0878905744360043	0.148534561948692	0.184611896155697	0.182755046747077	0.147630240578051	0.0998806438625324	0.0583738105674371	0.0295212274488764	0.0132854004322531	0.00506259278667568	0.00185774212468208	0.000633828403904026	0.000145512718079375	6.24901243285659e-05	8.03444455652991e-06	4.46358030918328e-06	
0.00573561755868494	0.0314456798541131	0.08316466501667	0.144464189524132	0.182980516796143	0.181583746279902	0.150514773912872	0.103329700477282	0.0616243340509566	0.031837598807421	0.0145001064802636	0.00575798736195594	0.00208397087272656	0.000731939963027189	0.000175379257644657	5.45823199812452e-05	7.15833704672068e-06	3.57916852336034e-06	4.47396065420042e-06	
0.00512622742231918	0.0294026589452624	0.0786794036432096	0.139008541624537	0.180848722156505	0.182669611108228	0.15282045408586	0.106666511570474	0.0644075713188963	0.0342953472931837	0.0159164484880806	0.00652477751152931	0.00240249967340321	0.000889417011308302	0.000245171288831464	6.44245722476838e-05	1.43165716105964e-05	7.15828580529821e-06	8.05307153096048e-06	2.68435717698683e-06	
0.00495307121764046	0.0271362022931018	0.074574622541042	0.134126123285794	0.177009151090168	0.183054047590685	0.155229072826269	0.110489315069965	0.0681616044726323	0.0362595266010377	0.0174029247303353	0.00749409527631062	0.00271478460409914	0.000917169064532338	0.000353790801260033	8.77759456290714e-05	2.06004770353943e-05	1.25394208041531e-05	1.79134582916472e-06	1.79134582916472e-06	
0.0046558597435693	0.0254907424913509	0.0709678113068575	0.129357812140181	0.173808011197002	0.182448591548665	0.156528642587497	0.115125899071068	0.0717312432740479	0.038338263084749	0.0185678840658666	0.00816925967708261	0.00318096652995978	0.00110751398057191	0.000370067373767151	0.000128134708108239	1.5232797467413e-05	6.27232836893477e-06	0	1.79209381969565e-06	
0.00429631909958225	0.0239668536236072	0.0672342884609672	0.12398476620481	0.170047103787656	0.182189853557898	0.15907632289813	0.117847681850955	0.0755127813917986	0.0410792195155322	0.0202466175375872	0.00886897801973264	0.00360501948330754	0.00138619975138417	0.000486970172401843	0.000140420234555799	2.70038912607307e-05	3.60051883476409e-06	
0.00396601127437923	0.0223894700465806	0.0640132398361399	0.119608492501746	0.165347662690156	0.18026767651315	0.161151268187676	0.121337266646988	0.0788234616519917	0.0443649702301672	0.0223750710948243	0.0100522681948754	0.0040200073434654	0.00151818947580616	0.000544460363285553	0.000178187027984363	3.77972483603194e-05	4.49967242384754e-06	
0.00351796973177731	0.0208287573321043	0.0611053698549243	0.115660906606365	0.161273886726416	0.178266004601807	0.163108488137204	0.12436311064861	0.0821825815488429	0.047118109442346	0.0240991728990303	0.0112497614478048	0.00455139584541098	0.0017895915626339	0.000631038071129963	0.000183640180471487	6.12133934904957e-05	9.00196963095525e-06	
0.00322106924400139	0.0196203020830899	0.0576808660937525	0.111554687177017	0.15869068568152	0.176908061121227	0.16377393558221	0.127778666527662	0.0848092073689149	0.0497396362276821	0.0258934782335167	0.0121347312869717	0.0050949334665859	0.00207428231449643	0.000708203840477984	0.000230076374571528	7.54938104062825e-05	1.16835658962104e-05	
0.00304753236771407	0.0183487964397082	0.0551261160624305	0.107503003189966	0.155305008541511	0.175559184565619	0.16511677280476	0.129905322252809	0.0874602374065338	0.0527961243844692	0.027700116365213	0.0130420410762931	0.00573853390581315	0.002169642385245	0.000823245810090897	0.00025440893369512	7.61435188876238e-05	2.59783770322481e-05	1.79161220912056e-06	
0.00274131350202128	0.0170398471097546	0.0522712333134519	0.102951949547652	0.151460929341995	0.175436004076596	0.165507810191131	0.132403382356365	0.0911009852966726	0.0552212126259831	0.0297039811287298	0.014063896516087	0.00637102393119222	0.00242338919845462	0.000843618856224779	0.00033046216342563	9.49295103607501e-05	2.68668425549293e-05	7.16449134798114e-06	
0.00254182506441857	0.0157138329361079	0.0492016395174561	0.0996200244602539	0.146939692760589	0.173617664385978	0.165358299743758	0.135483125827056	0.0951953328546334	0.0582524706468	0.0316210558735946	0.0151676852470289	0.00684027597469456	0.00283011941832585	0.00107349357246843	0.00037245481747028	0.000126240695344494	3.58129632182961e-05	8.95324080457403e-06	
0.00229738513521983	0.0147378241273786	0.0461742180743149	0.0950997473413542	0.14378533147346	0.170620687926283	0.166298094226813	0.137682846250678	0.098296926732574	0.0615638334637513	0.0339611897697422	0.0167102089492373	0.00761378144579478	0.00323030614492328	0.00123822433437608	0.000466460504851726	0.000163843133182084	4.02892950447748e-05	1.88016710208949e-05	
0.00224551903453426	0.0138079723088466	0.043261159772977	0.0912900184530093	0.140091557725866	0.168370951149217	0.16661339378686	0.140203475540585	0.101853269477505	0.064834437738329	0.0358047472850977	0.0177761303475451	0.00812254732109042	0.00357510267340322	0.00140479241036055	0.000504973180014881	0.000188917271246702	4.02904132990596e-05	1.07441102130826e-05	
0.00201927047610723	0.0131083119202067	0.0415555874658958	0.0871167154389461	0.135805750461337	0.16631510787132	0.166769086966876	0.142242621055889	0.105069849455537	0.0673681788303037	0.0384588970537738	0.0192321242386485	0.00886017354666486	0.00367375224871276	0.00152337189628584	0.000594899915001556	0.000209597421327385	6.06494665968603e-05	1.60542705697571e-05	
0.00188763925116533	0.0119346080526833	0.0395408877414539	0.0831147825082318	0.132112529605453	0.164069089018543	0.166730802557733	0.145048724021631	0.107017769937301	0.0702105819776665	0.0408099785374351	0.0207729189532667	0.0099483209875446	0.00406411219189222	0.00166545948996414	0.000692312135902916	0.000265726994396626	9.06493425700866e-05	2.13292570753145e-05	1.77743808960954e-06	
0.00175724708638819	0.0111167688018317	0.0372751809768656	0.0800526640008261	0.127505456902046	0.162789269220224	0.167169924190901	0.146337555236668	0.110616656637124	0.0721788795635903	0.0427828242005149	0.0224276003518055	0.0105853217346717	0.00453198830638413	0.00176525885121975	0.000708596089546605	0.00026883921990336	8.99098053319185e-05	3.56078436958093e-05	4.45098046197616e-06	
0.00153314626571921	0.0104530268942379	0.035027043987036	0.0768418256563114	0.12357961129394	0.159443646178366	0.16745790087318	0.148806998277885	0.112808367413154	0.0763952522382153	0.0440993478780186	0.0237798116725913	0.0115904074960156	0.00506383949741326	0.0019654578580877	0.000775486773939366	0.000262952411853003	7.5765949177984e-05	3.4763200211075e-05	5.3481846478577e-06	
0.00141346721637805	0.00994236580745317	0.0332641295509057	0.0735546251194589	0.120604290634511	0.155723651572761	0.166550436375717	0.150104518196498	0.115803667889534	0.0787854335389852	0.0473471438075975	0.025282982905686	0.0126401554724873	0.00554164651562963	0.00218833582271006	0.000835433049125779	0.000311728749673798	7.65962070627047e-05	2.6719607114897e-05	2.6719607114897e-06	
0.0012699900896212	0.00900400693013539	0.0309574566688294	0.0699742258853391	0.117937963880591	0.154429012455706	0.165351818447564	0.150595870437839	0.118395160312854	0.0816447663931212	0.0500385007521906	0.0272366085115181	0.01324978432449	0.0061734886672323	0.00227350506570082	0.000971431015920774	0.000350249898400793	0.000108728976093885	2.94102968122803e-05	8.02099003971281e-06	
0.00110027788039899	0.00842297073242991	0.0294157015810806	0.0662272694012097	0.113309882155153	0.151728587414534	0.16534419155008	0.152052513505844	0.120950254589845	0.0847463828253137	0.0525188599943246	0.0290882060562578	0.0143705393235567	0.00650618493591975	0.00266012032560373	0.000976240065820354	0.000425654946431727	0.000116006589174265	3.48019767522795e-05	5.35415026958147e-06	
0.00106535198962285	0.00788003869144464	0.0279853257792894	0.0639175533456064	0.108872732783867	0.147778139333776	0.164237158942493	0.153035361662484	0.123407878255676	0.0877609332305127	0.055372449730096	0.0310431980172863	0.0158055442878857	0.00723547845002429	0.00290007533242102	0.00112954056138255	0.000362843732030543	0.000152447857929295	5.43819844075261e-05	2.67452382332096e-06	8.91507941106985e-07	
0.000983936458184927	0.00749394500641117	0.0263454551930474	0.061051253739849	0.105454836871349	0.144153369425844	0.16260240062687	0.154014104573301	0.12596078501211	0.0907990810656789	0.0579792349337512	0.0328055990881892	0.0170029562615757	0.00796320700954552	0.0034620316284371	0.00126976777318706	0.000436315714489243	0.000146032198318849	5.96594956546517e-05	1.51374839720758e-05	8.90440233651517e-07	
0.000921627040555145	0.0070832859336784	0.0251096709515955	0.0583317928445481	0.101167453500939	0.140866738240146	0.160664389113247	0.154345422615323	0.128440326204425	0.0937766623058984	0.0605980888459132	0.0353257778283374	0.0185294138558671	0.00869991041465218	0.0038944741482282	0.00143443205733462	0.000527913656788579	0.000195523576588362	7.46544565155566e-05	9.77617882941812e-06	2.66623058984131e-06	
0.000920700762485839	0.00653635391843852	0.0235173787817984	0.0561165782959667	0.0976351219373604	0.13762301165925	0.15863665259128	0.155156279410041	0.129307405736934	0.0967810099474748	0.0637156890251049	0.0374672827163958	0.0201799494990749	0.00962074586528115	0.00429009265605745	0.00151200906317588	0.000621495210935475	0.000253037335880872	8.78971798323028e-05	1.59813054240551e-05	3.55140120534557e-06	1.77570060267278e-06	
0.000860920164949112	0.00628622447939156	0.021924648649703	0.053876224328664	0.094294253823381	0.134439200505735	0.156487977706512	0.156147510823566	0.132493042151396	0.0985642759803274	0.0659450660230897	0.0393505239554804	0.0213075524243636	0.0103904463574033	0.00476387646371944	0.00171918043237521	0.00076516385412058	0.000258010059732432	9.13231482901735e-05	2.74856077378192e-05	5.31979504602953e-06	1.77326501534318e-06	
0.000806776568155313	0.00579920582654215	0.0206646631863148	0.0512067921889117	0.0917373298801994	0.130618812716006	0.154341949008881	0.155314696114159	0.135386693600638	0.102252939098576	0.0683523474624259	0.0415920390944932	0.0222081004272632	0.0112220934298743	0.00521342746022476	0.00204134885231817	0.000805889025176044	0.000284013753366007	0.000118930759222015	2.66262893780631e-05	5.32525787561263e-06	
0.000743089797563518	0.00535255482617736	0.0193593979996058	0.0488894491902363	0.0885297830745984	0.127763503903663	0.15251363219097	0.154919574068386	0.137045467862476	0.105145874653092	0.0711714894999725	0.0430255207399292	0.0237842003306173	0.0122312403118669	0.00579024093155229	0.00232603974864566	0.000889577033642347	0.000317832912219521	0.000143823831786487	5.23802844160664e-05	5.32680858468472e-06	
0.000617006108804366	0.00489521105603925	0.0181311018131102	0.0466687440685294	0.0860736838460699	0.12509510327972	0.151292561214552	0.154678548695099	0.137264771969634	0.107300469546088	0.0736359060268624	0.0454072107151323	0.024982976845847	0.013166644028313	0.0064719058031422	0.00276454247887309	0.000987209774086986	0.000377305893873174	0.0001154112145965	6.03689430197078e-05	1.33166786072885e-05	
0.000513263913721848	0.00435073449222454	0.0172561640594283	0.0437946659692682	0.0826052457884783	0.1219780141579	0.149601753458972	0.154916748059471	0.13884633928079	0.109958565280587	0.0763980437261715	0.047534287274791	0.0268373869618512	0.0140689463768193	0.00663773886341843	0.00290078617443145	0.00116974358153246	0.000419862334968306	0.000141436676398222	5.51514084068537e-05	1.51221603696212e-05	
0.000506175068965241	0.00404139426767854	0.0161299935860769	0.0419965181560282	0.0789206105770129	0.118511685171561	0.147331638966407	0.154898466974523	0.140546758033194	0.111773062768377	0.0792933475785883	0.0504093435113961	0.0283724914755315	0.0150856183119729	0.00707577592012219	0.00314913839039886	0.0012890117309853	0.000429670576995099	0.00016991113914299	5.07064656081173e-05	1.77917423186376e-05	8.89587115931883e-07	
0.000460302479388975	0.00375646073780421	0.0147947996524538	0.0396252638264695	0.0764191321692557	0.115403005525414	0.144664327093083	0.154128181751683	0.141094306700612	0.114122900761997	0.0822317890601444	0.0528098968601305	0.0306877240183336	0.01622655445753	0.00780194861382941	0.00347010977678898	0.00144691980924209	0.000578054276441969	0.000160570632344991	8.47456115154121e-05	2.40855948517487e-05	4.46029534291643e-06	4.46029534291643e-06	
0.000471197706184626	0.00356738528028247	0.0138357541969108	0.0374535371448982	0.0728503720145973	0.112444340327665	0.14259386766025	0.153278208843018	0.142123560686969	0.11677864663824	0.0844129758406515	0.0552459269011135	0.032785205995345	0.0171670952576489	0.0086267481746656	0.0038372773501765	0.00159886556257354	0.000611042772103314	0.000185272444019664	8.55103587783064e-05	3.02849187339835e-05	1.1579527751229e-05	5.34439742364415e-06	
0.000464051175670536	0.00333386478029715	0.013235701478818	0.0357265963672186	0.0696531017055885	0.109812678305652	0.13992256313011	0.151708216021612	0.143008815190951	0.11812284619242	0.0878125553899856	0.0577855050364249	0.0344555771202284	0.0185549214809378	0.00914118467544475	0.00431719011223625	0.00190608352386746	0.000658222300999091	0.00024761271945568	9.35227897224689e-05	2.85021835344667e-05	1.0688318825425e-05	
0.000413040323951799	0.00316100472058801	0.0125104929155573	0.0340642544755679	0.0672009485684681	0.105805085915058	0.13806852018512	0.151068608312258	0.143324102238162	0.120136873017696	0.0899083744815854	0.0600288238053654	0.0365789935168692	0.0197538315276172	0.0101328405334985	0.00458172100728429	0.00204116694573594	0.000805606666328401	0.000273283145373281	0.000109491292771705	2.22543277991271e-05	8.01155800768575e-06	2.67051933589525e-06	
0.000316807717293608	0.00303459077520001	0.0120538217155672	0.0320438547312029	0.0644463429176567	0.103336270034084	0.135580354361891	0.150013793594433	0.143674969520606	0.12186952149576	0.092598624200194	0.0620195602068149	0.0381566418381967	0.021297309804131	0.0109138478789011	0.00505468492760588	0.0022274430235559	0.000878340497103345	0.000344394906159062	0.000110348755461818	2.49174609107332e-05	3.55963727296188e-06	
0.000323455499987559	0.00278935938038722	0.0114755613374707	0.0307407130949715	0.0621967604687617	0.0997309276774829	0.133423616516846	0.149614163796443	0.144409551534281	0.123193003408723	0.0941504316886865	0.0649416891486011	0.0394749002086466	0.0224579418988615	0.0115111058979089	0.00562137223330028	0.00244635437215866	0.00098902739419273	0.00034744807828334	0.00010841090933649	4.17648585148772e-05	1.24405961533677e-05	
0.000351050758748344	0.00262667524790744	0.0109268981119497	0.0295777994081781	0.0596919263644439	0.0963129032429644	0.130534146778223	0.149415535946357	0.145165694185146	0.124638089716518	0.0957810081539517	0.0666943252112953	0.0418246838326942	0.0237774834624952	0.0123000739334174	0.00604498768662869	0.00260273996890187	0.00112584460507676	0.000418424136689946	0.000118789903212824	5.05300334562011e-05	1.68433444854004e-05	3.54596726008429e-06	
0.000339304381721859	0.00257091727351654	0.0101711582416414	0.0283252715320966	0.058059143500062	0.0940147770158933	0.127438473396056	0.146874501674374	0.146303974202236	0.126512695122167	0.0981776785556087	0.068774251847127	0.0432413756445011	0.0252546997643473	0.0129414057655168	0.00626339942238523	0.00284377823845213	0.00119155194103368	0.000496110845337444	0.000132000921348713	4.51815234146601e-05	1.3288683357253e-05	1.41745955810698e-05	8.85912223816864e-07	
0.000302393967018662	0.00231717136604036	0.00970143694775413	0.0267206305401945	0.0562639003678388	0.090990433354498	0.12585973885931	0.144314638705718	0.14667614936311	0.127530443357442	0.100852378536945	0.0706839247012419	0.0455391125756872	0.0265548015905391	0.0136964070985432	0.00686194872959062	0.00295654394733202	0.00129204694998883	0.00061897650726987	0.000187111809504216	4.34525055246757e-05	7.09428661627358e-06	2.48300031569575e-05	4.43392913517099e-06	
