# <P(N_2)> as a function of N_tot.
# number_of_species: 2
# species_total_upper_bound: 100
# species_total_lower_bound: 0
# volume: 512
# Bin widths for each species index 
1	1	1	1	1	1	1	1	1	1	1	1	1	1	1	1	1	1	1	1	1	1	1	1	1	1	1	1	1	1	1	1	1	1	1	1	1	1	1	1	1	1	1	1	1	1	1	1	1	1	1	1	1	1	1	1	1	1	1	1	1	1	1	1	1	1	1	1	1	1	1	1	1	1	1	1	1	1	1	1	1	1	1	1	1	1	1	1	1	1	1	1	1	1	1	1	1	1	1	1	1	
# Bin lower bound for each species index 
0	0	0	0	0	0	1	2	2	2	3	4	4	4	5	7	8	9	9	10	11	12	12	13	13	15	15	16	17	18	19	20	20	21	22	23	24	25	26	26	27	28	29	30	30	30	31	31	32	34	35	36	37	37	38	39	39	40	41	42	43	44	44	44	45	46	49	50	51	52	52	53	54	55	56	57	57	58	59	60	61	62	62	63	64	64	65	66	67	67	68	70	70	71	73	73	75	76	76	76	77	
# Bin upper bound for each species index 
0	1	2	3	4	5	6	7	8	9	10	11	12	13	14	15	16	17	18	19	20	21	22	23	24	25	26	27	28	29	30	31	32	33	34	35	36	37	38	39	40	41	42	43	44	45	46	47	48	49	50	51	52	53	54	55	56	57	58	59	60	61	62	63	64	65	66	67	68	69	70	71	72	73	74	75	76	77	78	79	80	81	82	83	84	85	86	87	88	89	90	91	92	93	94	95	96	97	98	99	100	
# Normalized histogram for each species index 
1	
0.0791201807654286	0.920879819234571	
0.00631616230668619	0.145807522514038	0.847876315179276	
0.000447035651093175	0.0171396168844465	0.20200385980782	0.780409487656641	
6.17809488649634e-05	0.00181349687704838	0.0316476677691803	0.247951810859885	0.718525243545021	
1.50547088118222e-06	0.00017011820957359	0.00413628124604814	0.0495013880441525	0.284868963814502	0.661321743214843	
1.27464947139537e-05	0.00050836020094474	0.00779935517732624	0.0676853865187074	0.314997375721677	0.608996775886631	
4.81111126145834e-05	0.00105694100525163	0.0121721114914896	0.0869525669533788	0.339147260598352	0.560623008838913	
6.77651650910011e-06	0.000131765598788058	0.00193733077532384	0.0179833689225941	0.107415316132025	0.356594604688145	0.515930837366616	
3.01612040955899e-06	2.48829933788617e-05	0.00026994277665553	0.00316617239993455	0.0254960198521045	0.127584155414652	0.369480028381693	0.473975782061171	
6.80110177848811e-06	4.91190684001919e-05	0.000567514159516064	0.00506228675712132	0.0337221296516702	0.146689941548309	0.378115565832776	0.435786641880429	
9.83426985841677e-06	0.000102881592364975	0.000941820459517606	0.00729854119953885	0.043395606956006	0.164883637893106	0.381010630089235	0.402357047540373	
5.27867640959513e-06	3.09179618276286e-05	0.000109344011341613	0.00137396405975462	0.0101131899041543	0.052489650023754	0.18108876471431	0.384422625915285	0.370366264733163	
7.54677111397888e-07	9.81080244817255e-06	2.79230531217219e-05	0.000217347008082592	0.00201423321032096	0.0132989200570536	0.0630230855728377	0.197696725456014	0.382859773445931	0.340851426717079	
1.51397703599632e-06	3.02795407199264e-06	3.02795407199264e-05	0.000367139431229107	0.00294771328908483	0.0173221682573519	0.0734445399932174	0.212810668087786	0.379107419698658	0.313965529770844	
1.51157412306027e-06	5.36608813686397e-05	0.000565328722024542	0.00406084388160142	0.021428830555564	0.0847887272848199	0.226507870766459	0.373135095425674	0.289458130908365	
2.26186688461011e-06	0.000112339388602302	0.000880620173741535	0.00548955092894873	0.0267405442654889	0.0960411297874297	0.237591775248843	0.367138693153631	0.266003085186431	
1.131810670711e-05	0.000166753438818088	0.00131591853981333	0.0072616972632818	0.0321200322943311	0.108084900891112	0.247715628796282	0.358797564343437	0.244526186326218	
7.55330366395654e-07	2.41705717246609e-05	0.000262099637139292	0.0017380151730764	0.00920898782709582	0.0380067133762965	0.11825527749327	0.256742834180814	0.350366033095555	0.225395113314662	
4.52846251904785e-06	5.96247565007966e-05	0.000371333926561923	0.00218120944667471	0.0114585196606974	0.0442287386797871	0.129329115825241	0.264841847220241	0.339385623490041	0.208139458531737	
9.82199522499924e-06	7.02650427634561e-05	0.000514521442171114	0.00288766659614978	0.0143000695095047	0.0511846837317538	0.14036008945571	0.271193599081266	0.329206080570582	0.190273202574874	
1.28423234633782e-05	0.000101983156915062	0.000678376851183156	0.00391690865633036	0.017245729549733	0.0589545744356177	0.149881246279503	0.275257073098505	0.319368187902833	0.174583077745915	
7.54328146321557e-07	2.56471569749329e-05	0.000175758458092923	0.00102211463826571	0.00495744457762527	0.0206263488330166	0.0654809633977354	0.160189125152846	0.278863046444738	0.307277079060379	0.16138171795218	
6.80326617249757e-06	4.68669447438721e-05	0.000229043294474085	0.00139769323921645	0.00616073547842835	0.023985292850372	0.0734238722074482	0.170155734321873	0.280579547567681	0.294891351839225	0.149123058990365	
7.54114827556562e-07	1.13117224133484e-05	5.20339231014028e-05	0.000330302294469774	0.0017291852995872	0.00784354832141581	0.0279429708202809	0.0810552781250895	0.178373796621264	0.281059350345158	0.284788448167426	0.136813020244967	
7.53211694666056e-06	6.47762057412808e-05	0.000470757309166285	0.00223628552146352	0.0095416857480296	0.0323060027959218	0.088862409313312	0.187009659186772	0.282257044035769	0.271429625924944	0.125814221841934	
3.01266978277145e-06	8.28484190262147e-06	9.64054330486862e-05	0.000621363142696611	0.00275132067911602	0.0112485558014229	0.0372004464776618	0.0969228590838773	0.194668930185897	0.281463946627542	0.259859338447842	0.11515553660921	
4.53266350639294e-06	1.88860979433039e-05	0.00012615913426127	0.000787172562276908	0.00343726982568132	0.0134695650531644	0.0415479045874332	0.10471359232469	0.201435343443691	0.278628113845398	0.249239834557782	0.106591625904172	
3.02473476856998e-06	2.87349803014148e-05	0.000193583025188479	0.0010231165354688	0.00431024704521222	0.0156930801630332	0.0467079542962576	0.112400656367445	0.207052925296613	0.276836581142291	0.237533933743185	0.0982161626702358	
3.78350196401587e-06	2.64845137481111e-05	0.000281492546122781	0.00125687935244607	0.0051009173478862	0.017980714733789	0.0516296678009606	0.119765241270137	0.213555984856912	0.273244511841226	0.225831178628965	0.0913231436058438	
3.02056171876003e-06	4.68187066407805e-05	0.000345854316798023	0.00153142479141133	0.00617780385529395	0.0204288140444038	0.0573363025455029	0.126904369771124	0.217354335298964	0.269289118350894	0.216406634059703	0.0841755036975451	
3.77259691235578e-06	6.48886668925195e-05	0.000442902877510569	0.00196250491380748	0.00736863628921332	0.0231810989876613	0.062716405590385	0.134086393978332	0.221966775493512	0.264960798945484	0.206161857988889	0.0770839636714008	
7.56465129226938e-07	6.80818616304244e-06	0.000103635722704091	0.000507588101711275	0.00232159148159747	0.00847770470324629	0.0264755230578136	0.0682376934470452	0.141411321862296	0.224676195101434	0.261394256008981	0.195506899718444	0.0708800261434349	
1.51543967830247e-06	1.36389571047222e-05	0.000115173415550987	0.000638000104565338	0.00273082230030104	0.00997462396258682	0.0297958172349439	0.0739261783869509	0.147156769961561	0.228414645512139	0.256159315142501	0.185715617136289	0.0653578824458287	
5.31366165183522e-06	1.51818904338149e-05	0.00017307355094549	0.000876754172552812	0.00339011613387087	0.0114706773172689	0.0335588097094262	0.0796844292254427	0.153954237227665	0.231196659376829	0.249811934332251	0.175853355083922	0.0600094583177403	
2.28280447094865e-06	4.10904804770757e-05	0.000220671098858369	0.00111324764699929	0.00408089345923254	0.0132585283672698	0.0369738230811316	0.0859658507669843	0.160422562326269	0.231710741279877	0.244346064026578	0.166430142758982	0.0554341019028697	
6.069452747793e-06	6.90400250061453e-05	0.000337613309095985	0.00136107477869258	0.00462644035700521	0.0150014111477639	0.0408504517190208	0.0918998600991142	0.165668747477384	0.232824207405339	0.23782088437996	0.158206355323972	0.0513278445248984	
1.96933741642624e-05	0.000101496620692737	0.00040977367011023	0.00158152943288384	0.00543006920706144	0.0169461484683478	0.0449683050291576	0.0975268909237026	0.171330840354147	0.233178639354481	0.231595595046662	0.149672673398266	0.0472383451203227	
1.43658063564913e-05	0.000131560542422604	0.000478608180192577	0.00188645720312872	0.00633758888842683	0.0195042284616868	0.0494841541375413	0.103797487496078	0.17647032137821	0.232692038696946	0.224850576711516	0.140660146606834	0.0436924658906611	
8.30722849711664e-06	1.73696595848802e-05	0.000138202074088395	0.000573953968891695	0.00223842047867761	0.0076328325836689	0.0218661358095923	0.054117062443171	0.109354090328271	0.181086253198283	0.232284457628603	0.217721130870567	0.133282684412921	0.0396790993151823	
6.03396063896626e-06	3.99749892331515e-05	0.000178756083929376	0.000748211119231817	0.00263231532874903	0.0088623796884817	0.0244066165395387	0.0585256469725734	0.114736515795023	0.18474177288323	0.230771841617584	0.212507797008513	0.125684383129348	0.0361577548839255	
5.28446262299587e-06	4.60503171432497e-05	0.000200809579673843	0.000908927571155289	0.00325749374546102	0.00983136524846788	0.0268813064399481	0.0630572277105141	0.120249456832735	0.188166880309941	0.229991137201258	0.205354217529619	0.118827936387149	0.0332219066643113	
3.01986846962881e-06	4.60529941618393e-05	0.000271788162266592	0.00115056988692857	0.00370764351358677	0.0114687054805328	0.02975551899837	0.0672283118708765	0.125869627748363	0.191448336467705	0.228702188876164	0.197841398017909	0.111829504265942	0.0306773338487242	
8.30114125599286e-06	6.56544808428526e-05	0.000321480561368451	0.00131988145970286	0.00439130372442022	0.0128079063087919	0.0323887892332689	0.0716977116772154	0.130538464847308	0.194908532743097	0.22591027673741	0.191303573490381	0.105960294886723	0.0283778287082141	
1.5099866743676e-06	2.03848201039626e-05	0.00011324900057757	0.000408451395416435	0.00151074166770478	0.0050191957055979	0.0142686190794366	0.0356402154750984	0.0761524029550439	0.135397485117194	0.198282390157907	0.223361758832478	0.183535105302696	0.0999618728364722	0.0263266176675991	
1.51041430664431e-06	3.77603576661078e-06	2.26562145996647e-05	0.000108749830078391	0.000506743999879167	0.00170903378796804	0.00575996495838809	0.0157105744105608	0.0389837932544897	0.0801569320464603	0.140935248538674	0.200295285996949	0.219943510504931	0.177361910372015	0.0944243055870225	0.0240760040479103	
2.25888645933101e-06	4.51777291866202e-06	4.74366156459512e-05	0.00011294432296655	0.000547403485311214	0.00206462222382854	0.00630455210799284	0.0176253380800067	0.0419324623067146	0.0852737168018987	0.146317111516707	0.201132003300986	0.216740908734963	0.171208534374228	0.0882486702688376	0.0224375192005349	
5.26703887074687e-06	7.52434124392409e-07	7.52434124392409e-06	4.74033498367218e-05	0.000128666235271102	0.000680200448450738	0.00235812854584581	0.00727980015349656	0.0199741162661209	0.0454327248649381	0.0902597402597403	0.1508051045131	0.201974387142406	0.212840288332756	0.164432438939971	0.0834155994642669	0.020357857669561	
7.52118341308295e-07	1.50423668261659e-06	1.2786011802241e-05	5.26482838915806e-05	0.000204576188835856	0.000863431855821922	0.00274598406411658	0.00834475299681553	0.021939292015963	0.0492584865273041	0.0957597072153721	0.154283539589253	0.202522153645743	0.209053549321664	0.158030593165651	0.07837975658442	0.0185464861783212	
3.77018462594113e-06	8.29440617707049e-06	6.48471755661875e-05	0.000282763846945585	0.000937267898008965	0.00324763703678569	0.00933723924460581	0.02405604002428	0.0528278269786871	0.100371363185655	0.158439746794401	0.203452735080437	0.204606411575975	0.151557651778208	0.0734552611041363	0.0173511436855063	
7.53837977603474e-07	3.01535191041389e-05	8.89528813572099e-05	0.000287966107444527	0.00113377231831562	0.00377295907790539	0.0103547184603613	0.0260586712097969	0.0570708117704262	0.104841524411158	0.161349219212315	0.203666667923063	0.200229166745191	0.145747034589856	0.0690704046979183	0.0162972232378095	
4.52876330795968e-06	3.09465492710578e-05	0.000101142380544433	0.000335128484789016	0.00132843723700151	0.00414532801455243	0.0117272325859616	0.0288044442263929	0.0606854283266597	0.109303966819261	0.164902084363312	0.203613198325867	0.195883354153065	0.13943760307654	0.0651251259562295	0.0145720507372449	
6.80858789886977e-06	3.70689785605132e-05	0.00011120693568154	0.000413054332531433	0.00164692176175994	0.00476071596084305	0.0129499341836503	0.0312771397878747	0.064224653140272	0.113707956969724	0.168666878489401	0.204347661628312	0.191185148200263	0.132936165705899	0.0602264990241024	0.0135021863132253	
1.51696037547803e-06	5.30936131417311e-06	5.38520933294701e-05	0.000141077314919457	0.000510457166348358	0.0018195939703859	0.00528281450760225	0.014330724667141	0.0336158419205932	0.0685393036848485	0.119142067890045	0.171674405692849	0.202371615851022	0.186517104486714	0.126885392126672	0.0566213044949053	0.0124876178109352	
3.7904430800534e-06	9.85515200813884e-06	4.16948738805874e-05	0.000201651571858841	0.000654230475617217	0.00209611502326953	0.00606546701670145	0.0159350227085445	0.0364428359488654	0.073114614659766	0.122220562850474	0.173795605663528	0.201343787880741	0.18129006972141	0.121418505094735	0.0539091976617515	0.0114569932537694	
3.03118482952617e-06	1.36403317328677e-05	7.35062321160095e-05	0.000248557156021146	0.000730515543915806	0.0023809956835928	0.00694671783306659	0.0174331017508124	0.0396198591105291	0.0766920073718415	0.125997259808914	0.175898140064989	0.199557295455648	0.176767332314855	0.11660134463359	0.0502820517483874	0.0107546437751588	
7.58054710324554e-07	4.54832826194732e-06	2.12255318890875e-05	0.000106885714155762	0.000287302735213006	0.000903601214706868	0.00292609118185278	0.00795578418485619	0.0194751835629481	0.0425571914376204	0.0807707293850812	0.130322491634866	0.176429653280937	0.197908375443272	0.172217143255663	0.111106562782849	0.0473048880883831	0.00970158418273364	
2.27111512509681e-06	1.1355575625484e-05	2.57393047510971e-05	0.000108256487629614	0.000325526501263876	0.00109392045192163	0.00337412003751882	0.00902162631525955	0.0214453830879141	0.0453889928134347	0.0844680707709755	0.13325692292668	0.178474825067357	0.195583892343087	0.167874016701781	0.106581161705668	0.0439869577428749	0.00897696105113264	
7.55560928433269e-07	1.28445357833656e-05	2.49335106382979e-05	0.000100489603481625	0.000367958172147002	0.00132978723404255	0.00368562620889749	0.0101199830754352	0.0235984344777563	0.0486150568181818	0.0877259127176016	0.137215153529981	0.180166525628627	0.193756044487427	0.163024359284333	0.101008673839458	0.0408040679400387	0.00844339337524178	
1.51452161184477e-06	6.81534725330147e-06	3.18049538487402e-05	0.000127977076200883	0.000436182224211294	0.00142365031513408	0.00422930160107652	0.0111491508455953	0.0257468674013611	0.0515883924034625	0.0925963368265774	0.140271205385033	0.181118610517292	0.190470024209628	0.158612819365279	0.0957579006913034	0.0387550935254958	0.00767635278963522	
3.03612917818814e-06	1.51806458909407e-05	4.93370991455573e-05	0.000156360652676689	0.000529804541593831	0.00170175040437445	0.00459897667266049	0.0122750702674147	0.0275270651940428	0.0551763345875077	0.0964942575411756	0.143626367871074	0.182321075214787	0.187751192249977	0.152792441860024	0.0919104615144061	0.0361785152872899	0.00689277226678164	
6.08985118687393e-06	7.61231398359242e-06	6.69883630556133e-05	0.000157574899460363	0.000650852845597152	0.00184141875263101	0.00516952242625761	0.0133542824214162	0.0295890644542237	0.0583826420971621	0.0996725943755657	0.147603529373255	0.182734358407534	0.184825461058827	0.148616728364472	0.0876291524221241	0.0333944602146216	0.00629766735862601	
3.81351601600456e-06	4.57621921920548e-06	8.38973523521004e-06	6.40670690688767e-05	0.000194489316816233	0.000724568043040867	0.00204633269418805	0.00590332279277507	0.0143792434899468	0.0319214171635678	0.0616866723716866	0.103356961878568	0.150127447705255	0.181701072208163	0.183086141225176	0.144266836291859	0.0831445642905411	0.0315583704388442	0.00582171355003257	
2.28779727065786e-06	6.86339181197357e-06	6.10079272175428e-06	1.6014580894605e-05	6.78713190295164e-05	0.000266147082486531	0.000851060584684722	0.0024159139178147	0.00656597816678805	0.0157011526685249	0.0344077083516039	0.0645456243970701	0.106737181662542	0.152593790155608	0.182798052321924	0.180464499105853	0.138860143139849	0.0788916384822753	0.029626212055929	0.00517576002531829	
1.52502838459081e-06	1.52502838459081e-06	1.06751986921357e-05	1.90628548073851e-05	8.46390753447899e-05	0.000347706471686704	0.000902054289485463	0.00275648880514789	0.00742383817618805	0.0173075471367211	0.036307875780338	0.0683220341438605	0.110633946674332	0.15493754627508	0.182819640230554	0.176880417186765	0.13408583317257	0.0748415304879862	0.027361296762136	0.00495481722153554	
1.52589753292887e-06	0	5.34064136525104e-06	1.60219240957531e-05	0.000113679366203201	0.000360874766537677	0.00111009045520575	0.00319370353642012	0.00809793820725351	0.0186396013134926	0.0385991039929687	0.0717164210988904	0.115079377189663	0.156506732259915	0.182541595966748	0.173682234890563	0.129167989111195	0.0710404484918029	0.0254870664925109	0.00464025439763669	
3.06314598877204e-06	2.98656733905274e-05	0.000132481064014391	0.000454111392835455	0.00137458676246145	0.00363901743466118	0.00887929443495295	0.0202435660532972	0.0413639576458804	0.0754782145228346	0.117996978206482	0.159142686700662	0.181849022128932	0.170072757375098	0.123733484856955	0.0672812358568806	0.0240801564042342	0.00424552034043804	
3.83052823750501e-06	3.60069654325471e-05	0.000185397566695242	0.000514056889473172	0.00151459086510948	0.00396459672581768	0.0100206618693131	0.0223036337156967	0.0444234020759931	0.0788506576633931	0.121508952327544	0.161043068161186	0.180439330944616	0.165448175634316	0.119304100274036	0.0639253874387786	0.022580963960092	0.00393318639427014	
7.65881510471515e-06	5.59093502644206e-05	0.000177684510429391	0.000599685222699196	0.0017799086303358	0.00455010205371127	0.0111290242286616	0.0240456159027637	0.0473314773471396	0.0823429847168345	0.124597433531058	0.162974224257765	0.178403673167724	0.161278562593581	0.115318779031696	0.061020077583797	0.0208404017814404	0.00354679727499359	
1.07156114978511e-05	6.88860739147573e-05	0.000218139234063398	0.000696514747360324	0.00204362019280447	0.00501796778427943	0.0120650131457591	0.0259195334116594	0.0500817065376711	0.084906678504866	0.127501999609646	0.164042234817318	0.177319642863977	0.158434142999835	0.111342092070065	0.0575168101155373	0.0196011496320336	0.00321315264771279	
1.52708359102869e-06	2.36697956609447e-05	6.94823033918054e-05	0.000261131294065906	0.000786448049379775	0.00211730139896128	0.00567998741683121	0.0130367126166119	0.0277341286384675	0.0530058349864013	0.0872384678464914	0.130039566735844	0.165367882072497	0.176020053661717	0.15523415536243	0.1072547160159	0.0547253311098996	0.0183792145598258	0.00302438905203232	
6.8681266268875e-06	2.51831309652541e-05	9.38643972341291e-05	0.000315933824836825	0.000806623316068898	0.00235881993374547	0.00629807211685583	0.0139697695590892	0.0297428039203267	0.0552273693319831	0.0910034409314401	0.132743335818578	0.165972858689821	0.175518028450833	0.151341459599008	0.102663993693534	0.0521573167297644	0.0170169284058849	0.00273733002340505	
8.38357763840715e-06	3.50585973969754e-05	0.000118894373781047	0.000352872404234774	0.00103956362716249	0.00280926065228807	0.00674039642127935	0.0151361683544333	0.0315077711953991	0.0580753287315114	0.0951223583156326	0.135873404929086	0.16598950223651	0.173606363592714	0.146674501501041	0.0993392978677513	0.0493586944178329	0.0157306402233385	0.00248153898096852	
1.60063171598391e-05	3.96346901100777e-05	0.000157014349282231	0.000447414674896454	0.00122257774878009	0.00324775797228925	0.00750315172006933	0.0165756847273819	0.033803055224843	0.0614718799495725	0.0987528792315748	0.138123846211305	0.166427588183374	0.170484046275025	0.143338856783096	0.0949997789603821	0.0463680141953167	0.0147326716372633	0.00228814114827795	
9.15192190359976e-06	4.49969493593655e-05	0.000176937156802929	0.000491153142159854	0.0013575350823673	0.00354026845637584	0.00801021964612569	0.0176731238560098	0.0358976510067114	0.0647071384990848	0.102244508846858	0.140510982306284	0.166799115314216	0.168249694935937	0.139690359975595	0.0913766015863331	0.0432519829164124	0.0137561012812691	0.00221247712019524	
1.5196633033985e-05	6.61053536978347e-05	0.000194516902835008	0.000584310540156723	0.00147635289925164	0.00362895596851562	0.00878137439868823	0.0191925876902713	0.0385644956503437	0.0675513133310184	0.105172857901603	0.142408407993125	0.167111294821519	0.166024735559589	0.135501538279179	0.0871215373521843	0.0415316382502293	0.0130835412106094	0.00198923926414864	
1.51475446587485e-06	2.1206562522248e-05	8.02819866913673e-05	0.000251449241335226	0.000668764096683748	0.00160715448829322	0.00402924687922711	0.00983833025585718	0.0207657689726784	0.0408877672973599	0.0702793055759627	0.107204475190594	0.144961245006991	0.16711452907041	0.163770708586992	0.131985858252307	0.0831138201653203	0.0396555145393707	0.0119309635504633	0.00183209552647564	
3.78739388669178e-06	3.10566298708726e-05	8.40801442845575e-05	0.000245423123857627	0.000680215942049844	0.00166569583136704	0.00449184914961645	0.010550921889546	0.0223539561980322	0.0428513319128081	0.0724945063851674	0.110649469878478	0.146422920095836	0.167039977457432	0.162454200939425	0.127694257326145	0.0801382247272887	0.0373232517957928	0.0110425256160386	0.00178234756307715	
4.54899380047962e-06	3.1084790969944e-05	7.35420664410871e-05	0.000252469155926619	0.000730871670610392	0.00188479976466539	0.00495612874562254	0.0115582350813853	0.0237889630796081	0.0441472266680213	0.0764769256080299	0.112653556971977	0.148486739303989	0.167294554172072	0.159424794897242	0.124076080404982	0.0770766346240598	0.0351288464585704	0.0103800456870611	0.00157395185496595	
2.27339895878328e-06	2.5007388546616e-05	7.50221656398481e-05	0.000300088662559393	0.000794931835921219	0.00215821341153826	0.00546676669622085	0.0126173642212472	0.025353702988004	0.04730943233228	0.0787437197353764	0.115476542311744	0.149723782026508	0.166634081281591	0.15615901667917	0.121025151370481	0.0737361796288297	0.0331226650298194	0.00989080107001311	0.00138525776555194	
6.82790123213271e-06	3.1863539083286e-05	9.63492729423171e-05	0.000332291193297125	0.000937698435879559	0.00224486219398674	0.0061215927824532	0.0133174420254286	0.0273191914854554	0.0500083072798324	0.0814212048817976	0.118112828791894	0.150723643732252	0.165567501010909	0.154422090232991	0.117943648572476	0.0703455904275859	0.030850733733853	0.00894379195840139	0.00125254054825012	
9.10498042429209e-06	3.26261798537133e-05	0.000116847248778415	0.000415035357673981	0.000959816686394124	0.00263968557467601	0.00657227836960151	0.0145353424990136	0.0290684087529212	0.0523293574918814	0.0844107560168746	0.12083219521078	0.15206379556284	0.165268293423169	0.151598682812832	0.113602082005524	0.066552854411363	0.0294857203557012	0.0084122431636772	0.00109487389602112	
7.57985184421585e-07	7.57985184421585e-06	5.38169480939326e-05	0.000154628977622003	0.000378992592210793	0.00111120628036204	0.00294098251555575	0.00734790837778285	0.0157297085471167	0.0309765805317569	0.0552010290406864	0.0876299091857951	0.123066474542689	0.153207755401213	0.164059071301392	0.147752536028931	0.109433353015682	0.0640474741280707	0.0280121004754841	0.00781937516249307	0.00106875911003444	
7.57342817284987e-07	1.43895135284147e-05	6.05874253827989e-05	0.000145409820918717	0.000443802890929002	0.00126324781923136	0.0034807475882418	0.00798315063700104	0.0169531189649244	0.0328770090411586	0.0579851954626077	0.0903191897037729	0.125744657325095	0.154242710196712	0.162535614045983	0.144426789941882	0.105692491551841	0.061254644404827	0.026154834194937	0.00742574632347929	0.000995905804729757	
2.26843957822147e-06	1.2854490943255e-05	7.56146526073823e-05	0.000186768191940234	0.000512667344678052	0.00147675416542218	0.00390171607454092	0.00875617677193487	0.0184590489945142	0.0353800959549942	0.0605212118004227	0.0934309770547337	0.128708993228708	0.15423271921633	0.16079229033002	0.140792970861894	0.101180722800464	0.0585196919459053	0.0251267490614331	0.00700116068491752	0.000928547934018654	
1.50965385901494e-06	4.52896157704481e-06	2.03803270967016e-05	8.45406161048364e-05	0.000237770482794852	0.000627261178420706	0.00156475622486898	0.00427986869030734	0.00967084262084968	0.0200836801134052	0.0375352787236179	0.0636319101574795	0.0966080342268723	0.129165229350388	0.155228648399352	0.158809547352935	0.137351327400897	0.0979267168727218	0.0563297144414243	0.0234736078538232	0.00645075093957082	0.000914095411633544	
1.50935194464905e-06	4.52805583394714e-06	3.99978265331997e-05	8.2259680983373e-05	0.000257344506562662	0.000771278843715662	0.00173047200454013	0.00476653344120169	0.0104749024958644	0.0213331803856696	0.0393359757054711	0.066065089293261	0.098363711556806	0.132315074199742	0.15609265005977	0.156630734028038	0.134293079923204	0.094594105075045	0.0538348104857698	0.0219565427388097	0.00621249260417547	0.000843727737058816	
1.51091979508906e-06	7.55459897544529e-06	3.55066151845929e-05	0.000113318984631679	0.000274987402706208	0.000808342090372646	0.00201632246654635	0.00520965145346707	0.0112034702805854	0.0221266649391817	0.0417142291627162	0.0683910290648086	0.102162352864742	0.135238653558934	0.155286292860073	0.154425068576872	0.13076633096547	0.091810285888689	0.051125748566326	0.0207335968881096	0.00573998430154333	0.00080909755027019	
4.53803211262791e-06	1.13450802815698e-05	4.9918353238907e-05	0.000134628286007961	0.000322200279996581	0.000887941616704194	0.00230683299058585	0.00569598664003346	0.0120772161290737	0.0238216432365548	0.0431914769706215	0.071188109750794	0.105109143454002	0.137016803576574	0.154799082409907	0.152607212899508	0.127863592805404	0.0885052402925821	0.0489169608193871	0.0193796661369775	0.00537908073083495	0.000731379508818531	
2.26998952778165e-06	4.53997905556329e-06	1.66465898703987e-05	5.37230854908323e-05	0.000115769465916864	0.000370764956204335	0.00100409203445541	0.00273458071780096	0.00636656396225159	0.0130516831215685	0.0247867723170237	0.0453801173130588	0.0739592854678297	0.107342508126563	0.137279886682123	0.154587800168282	0.151459754598999	0.125192192446686	0.0858245207295444	0.0466899012705888	0.0182560124455959	0.00491452732764726	0.000606087203917699	
3.78710128450901e-06	3.02968102760721e-06	1.96929266794469e-05	5.07471572124208e-05	0.000134820805728521	0.000415066300782188	0.00119293690462034	0.00287365245468544	0.00665393695688234	0.0139153249597999	0.0265695451918583	0.047814425977697	0.0767448501103183	0.109950154172893	0.138782113672117	0.154750047528121	0.149558689087316	0.121812870236489	0.082717108835989	0.0438879593659181	0.0172691818573611	0.00435743873795607	0.000522619977262244	
7.5678171009963e-07	2.64873598534871e-05	5.29747197069741e-05	0.000161194504251221	0.00045028511750928	0.00130620523163196	0.00320799766911233	0.00706834117233055	0.0150622263761129	0.0283566106774331	0.0505030706417887	0.0793538597759169	0.111719899953458	0.140096186955354	0.154681640854104	0.14728636998301	0.118859378606538	0.0790208758234731	0.0419688432969952	0.0162291837730866	0.0040904051430885	0.000497205583535457	
3.78926244280108e-06	3.78926244280108e-06	2.8040542076728e-05	7.88166588102625e-05	0.000155359760154844	0.000570662923885843	0.00142855194093601	0.00350658346456812	0.00785817245388089	0.0162172854027001	0.0305475181088852	0.0527184926617144	0.0819913028848413	0.113974951459548	0.140501304264133	0.153960006608474	0.145311394009025	0.115730137823054	0.0764316970287635	0.0397690671896859	0.0149190840897964	0.00382488150976341	0.000469110690418774	
4.53695119904059e-06	9.8300609312546e-06	2.79778657274169e-05	7.86404874500368e-05	0.000189039633293358	0.000606439143605092	0.00161893541952432	0.00386321394598306	0.00855895843699007	0.0170952321179849	0.0326471446697629	0.0551935236533951	0.0844039277898847	0.116245763621818	0.141628493263384	0.153503206868339	0.142883716428452	0.112820365466542	0.0727356454644855	0.0378729562925245	0.0139685165833128	0.00357436138631081	0.000469574449100701	
9.06571053639543e-06	2.56861798531204e-05	9.06571053639543e-05	0.000262150129677434	0.000690504952522118	0.00188491231569222	0.00428581465608094	0.00914654645534495	0.0183527755050545	0.0342933165315498	0.0576919154259864	0.0873322560247313	0.117767357247167	0.142953412069029	0.151833275539429	0.140094691346553	0.109914940970892	0.0701126943367262	0.0360520643756105	0.0134270727802797	0.0033082288699063	0.000470661472014529	
2.25989211275054e-06	6.77967633825161e-06	2.25989211275054e-05	0.000110734713524776	0.000299059056253988	0.000801508402655524	0.00199247154607506	0.0045612155809015	0.0100143352489685	0.0197348845232795	0.0365047905946303	0.0597861991401864	0.0895557579414492	0.119580684551453	0.1430850691188	0.15104666903202	0.137872251312056	0.106355042610266	0.0679203041513465	0.0344362360140927	0.012691554105207	0.00318343468949459	0.000436159177760854	
3.00976140868873e-06	2.4830531621682e-05	0.000127162419517099	0.000365686011155681	0.000876593010280593	0.00218884898446888	0.00499545149807112	0.010872763088888	0.0212895473243597	0.0380260780777256	0.0616286270446626	0.0920941844637621	0.121359599521147	0.143657416917417	0.150239012677867	0.135373048640002	0.103924051680613	0.0650198757119026	0.032307531401217	0.0122158691175154	0.00306920419651033	0.000341607919886171	
1.12689769571959e-05	3.90657867849458e-05	0.000122456216268196	0.000356850936977871	0.000992421237363721	0.00245889077206015	0.00555410310963663	0.0114658084213816	0.0223892034185568	0.0394564446527953	0.0644953601865542	0.0936827617708221	0.12319846621711	0.144691410335004	0.149609191879124	0.133453235248158	0.100067012849639	0.062387310230428	0.030870986741673	0.0115537064416477	0.00281574170903802	0.000328302862019641	
2.9994630961058e-06	1.42474497065025e-05	4.42420806675605e-05	0.000114729463426047	0.000419174967680785	0.00114354530539034	0.00262078088022244	0.00600267552108173	0.0123015480229039	0.0237564975869319	0.0418680056269928	0.066426109726359	0.0956161347118866	0.124877396945947	0.145164265596458	0.149144553124991	0.13041665541868	0.0965264717615547	0.0599022774923289	0.029739676597889	0.0109270440591134	0.00264102725612115	0.000329940940571638	
7.49452150478001e-07	1.1991234407648e-05	1.124178225717e-05	3.9720963975334e-05	0.00013115412633365	0.000503631845121216	0.00117663987625046	0.00284716871966592	0.00620921106671023	0.0129767639855266	0.0253179925474478	0.0432156593530129	0.0686385752015277	0.0978072528981315	0.126629683701214	0.146225609079763	0.146773458601762	0.127592729714579	0.0941206977699302	0.0582144452405292	0.0283712606084952	0.0102824835045582	0.00258111320624623	0.000320765520404584	
3.7505128826367e-06	2.10028721427655e-05	6.00082061221872e-06	4.05055391324764e-05	0.000186775541555308	0.000595581445762708	0.00131117930376979	0.00296215507470647	0.00683943529277629	0.0137973867926439	0.0266668966981235	0.0455597302931176	0.0704226302946928	0.100602257358694	0.127683960781637	0.1464755305288	0.144417249058809	0.125670685466237	0.091376745769984	0.056340954625545	0.0267696607511077	0.00968157395523838	0.00229456378159713	0.000273787440432479	
