# <P(N_2)> as a function of N_tot.
# number_of_species: 2
# species_total_upper_bound: 100
# species_total_lower_bound: 0
# volume: 512
# Bin widths for each species index 
1	1	1	1	1	1	1	1	1	1	1	1	1	1	1	1	1	1	1	1	1	1	1	1	1	1	1	1	1	1	1	1	1	1	1	1	1	1	1	1	1	1	1	1	1	1	1	1	1	1	1	1	1	1	1	1	1	1	1	1	1	1	1	1	1	1	1	1	1	1	1	1	1	1	1	1	1	1	1	1	1	1	1	1	1	1	1	1	1	1	1	1	1	1	1	1	1	1	1	1	1	
# Bin lower bound for each species index 
0	0	0	0	0	0	0	1	2	2	3	4	4	4	5	7	8	9	9	10	11	11	12	13	13	15	15	16	17	18	19	20	20	21	22	23	24	25	26	26	27	28	29	30	30	30	31	31	32	34	35	36	37	37	38	39	39	40	41	42	43	44	44	44	45	46	49	50	50	51	52	53	54	55	56	57	57	58	59	60	61	62	62	63	64	64	65	66	67	67	68	70	70	71	73	73	75	76	76	76	77	
# Bin upper bound for each species index 
0	1	2	3	4	5	6	7	8	9	10	11	12	13	14	15	16	17	18	19	20	21	22	23	24	25	26	27	28	29	30	31	32	33	34	35	36	37	38	39	40	41	42	43	44	45	46	47	48	49	50	51	52	53	54	55	56	57	58	59	60	61	62	63	64	65	66	67	68	69	70	71	72	73	74	75	76	77	78	79	80	81	82	83	84	85	86	87	88	89	90	91	92	93	94	95	96	97	98	99	100	
# Normalized histogram for each species index 
1	
0.0790362706216939	0.920963729378306	
0.006287105795245	0.146009750371715	0.84770314383304	
0.000442428315412186	0.0171685987903226	0.202056731630824	0.780332241263441	
6.25523172822213e-05	0.00183088524179985	0.0316795859458297	0.247828064062007	0.718598912433081	
2.10741938067159e-06	0.000173510862341961	0.00410103811478692	0.0494857194238034	0.284918182954911	0.661319441224776	
6.99667168328026e-07	1.32936761982325e-05	0.000508658031374475	0.00779359258800589	0.067764164586906	0.315053129226427	0.60886646222392	
7.02004151652553e-06	5.82663445871619e-05	0.00104809219841726	0.0121945141183565	0.0872029557182801	0.339371973045849	0.560117178532994	
1.47750394704626e-05	0.000129457488693577	0.0019355301706306	0.0180508767930566	0.107570730224665	0.356585024019993	0.515713606263491	
2.81748077773739e-06	2.67660673885052e-05	0.000280339337384871	0.0032154499375928	0.0255094709616344	0.127560737841866	0.369154783941487	0.474249634431869	
6.35003510158292e-06	4.58613646225433e-05	0.000578558753699777	0.00502640556263075	0.033664358311314	0.146699216476224	0.377803805082145	0.436175444414262	
9.1804084434335e-06	9.886593708313e-05	0.000949819181262928	0.00724192989133927	0.0432700897349616	0.164877310903006	0.380919156617062	0.402633647326842	
4.9300565829637e-06	2.95803394977822e-05	0.000109165538622768	0.00135717414791015	0.0100171706827847	0.0523987542451309	0.180990828686168	0.384181702165422	0.370910694137881	
7.04339435260641e-07	9.15641265838833e-06	2.67648985399044e-05	0.000216936546060277	0.00200173267501074	0.0132049557322665	0.0629763975855244	0.197416482951464	0.383167696176141	0.340979172682899	
1.41258101152101e-06	2.82516202304202e-06	3.03704917477017e-05	0.000360914448443618	0.00295653205711348	0.0172836349664653	0.0732875280397331	0.212829343262836	0.379106373000492	0.314141065990135	
1.41086606718967e-06	5.07911784188283e-05	0.000557997529573516	0.00403296065306168	0.021400016507133	0.0847429648927142	0.226578036060326	0.373163493276165	0.289472329036541	
2.11298407584768e-06	0.000107762187868231	0.000871253767274525	0.00547544606854661	0.026721500951195	0.096075272944718	0.237629710809956	0.367268327143464	0.265848613142902	
1.05705116550462e-05	0.000169128186480738	0.00128960242191563	0.00722811586972056	0.032067408857525	0.1080757299643	0.247977156419613	0.358841387358514	0.244340900410277	
7.05741702771236e-07	2.25837344886796e-05	0.000259712946619815	0.00171918678795073	0.00914147227599582	0.0379547887750371	0.118337357237275	0.25702759944077	0.350343590347994	0.225193002712165	
4.23098050857796e-06	5.71182368658025e-05	0.000381493409190113	0.00215780005937476	0.0114391609683586	0.0442581716099798	0.129317098591013	0.264754310487684	0.339341560709987	0.208289054947039	
1.05774363538026e-05	6.69904302407495e-05	0.000523230518301433	0.00287565236338712	0.014283770052175	0.0511623544809194	0.140332258430746	0.270992509059574	0.329368675133787	0.190383982094516	
1.40941545903252e-06	1.19800314017764e-05	9.58402512142114e-05	0.000664539388933834	0.00395129623939767	0.0171779556146884	0.0589889699146176	0.149773647877279	0.275119307018607	0.319450356159287	0.174764698089115	
7.04113289011749e-07	2.39398518263995e-05	0.000169691302651831	0.00099843264381866	0.00494850819517457	0.0205910890238596	0.0655754788322422	0.160150567585722	0.278926734195825	0.307361645259276	0.161253208996315	
6.35403855630596e-06	4.37722656101077e-05	0.000225921370890879	0.00136047025533351	0.00616624141675292	0.0239533133487054	0.0734886919293826	0.169979709436877	0.280803319914545	0.294715134331435	0.149257071691911	
7.05066963734881e-07	1.05760044560232e-05	4.93546874614417e-05	0.000332791606882864	0.00170555698527468	0.0078671371813538	0.0280010293977671	0.0809515583742566	0.1783960431642	0.281239930762424	0.284538234018776	0.136907082750184	
7.04033973863443e-06	6.26590236738464e-05	0.000471702762488507	0.00221629894972212	0.00955585312724851	0.0323383925214695	0.0888075494971085	0.187123781845217	0.281932516935537	0.27136919119169	0.126115013806106	
2.81749863879597e-06	8.45249591638791e-06	9.3681829739966e-05	0.000607170956660532	0.00271536431313962	0.0112784470511003	0.0371628070457188	0.0967937569865162	0.194675772822267	0.281349074698228	0.260067803104743	0.115244851197331	
4.2364773408479e-06	1.83580684770076e-05	0.000127800399782245	0.000780217910272822	0.00340612778204171	0.0134246906135902	0.0413861471427432	0.104596507306864	0.201328700510001	0.278921195166744	0.249431076397102	0.10657494222504	
2.82732068248694e-06	2.82732068248694e-05	0.000195791957262221	0.00102985155859587	0.00427066789089652	0.0156492199775652	0.0465108388872514	0.112189498341423	0.207328839307109	0.277091563487132	0.237453941179007	0.0982486868862505	
3.53831249385218e-06	2.83064999508175e-05	0.000282357337009404	0.00125751626031507	0.00502369607877133	0.0179144761563736	0.051439987035623	0.119705357642012	0.213641185391298	0.273216460512786	0.225926914032452	0.0915602047409141	
2.82555117673611e-06	4.73279822103298e-05	0.000341185304590885	0.001512376267348	0.00612155662439878	0.0203467940236767	0.0572894628839129	0.126959784636489	0.217368945638515	0.269076532172785	0.216663264232125	0.0842699446827718	
3.53055483375323e-06	6.77866528080621e-05	0.000446968241953159	0.00194816015726503	0.00730330572910194	0.0230283969586388	0.0625007061109668	0.134190740343226	0.221900314078158	0.265325432422356	0.206307265599403	0.0769773931512885	
7.07569865448514e-07	9.19840825083069e-06	0.000106135479817277	0.000503082174333894	0.00229818692297677	0.00842432681803001	0.0263541472084954	0.0680547772287036	0.141253587379218	0.224741170943219	0.261507916291655	0.195779628780546	0.0709671347948896	
1.41685906432044e-06	1.48770201753646e-05	0.000115474013742116	0.000632627572219078	0.00273099584647765	0.00992084716837174	0.0296924069814314	0.0737687671838438	0.146919075386112	0.22857974755822	0.256413943876796	0.185790603815743	0.0654192167178035	
4.96622963845848e-06	1.7736534423066e-05	0.000166013962199898	0.00087334695499177	0.00336355638799024	0.011472699926216	0.0333751915545718	0.0795994381065895	0.153911970032351	0.231416368692888	0.250026250070946	0.175981185084284	0.0597912764629094	
2.13274943393275e-06	4.05222392447223e-05	0.000221805941129006	0.00110476420677717	0.00406217675516392	0.0132593032307599	0.0369946716809976	0.0857521674066122	0.160480863905704	0.231881049454905	0.244672569643155	0.166155399232921	0.0553725735531961	
5.67120481201728e-06	6.94722589472117e-05	0.000326803177292496	0.00135187344706462	0.00461706961758357	0.0149521314868836	0.0407873050080283	0.0918068812981388	0.165782076866092	0.233049654942632	0.237977931924275	0.158015361876035	0.0512577668922152	
1.98155035084057e-05	0.000102616000311386	0.000411171697799418	0.00155551702540984	0.00539901700948667	0.0169677325756262	0.044881407749985	0.0974512308612313	0.171595183417254	0.233123737203962	0.231548404675043	0.149788221806254	0.0471559444741284	
1.55366353862408e-05	0.000129236557985548	0.000478810854175965	0.00187569561753888	0.0063481279766781	0.019490709092039	0.0495138445545505	0.103894187038491	0.176403664386077	0.23250857339789	0.224900565533528	0.140715306693183	0.0437257416624765	
7.75870156013382e-06	1.76334126366678e-05	0.000141067301093342	0.000570617232922569	0.00220840859861627	0.00764091036372088	0.0219507773866295	0.0540788552106382	0.109303176906154	0.180765755630525	0.232145993371248	0.217891142595765	0.133496219043662	0.0397816842448279	
5.63453689389111e-06	3.8033124033765e-05	0.000176783595045833	0.000732489796205844	0.00259822582519554	0.00888636899877801	0.0244524814852639	0.0585829844028976	0.11455154368703	0.184499389004906	0.230776544831545	0.212619954008093	0.125820617474812	0.036258949229301	
4.93113320258786e-06	4.29713036225513e-05	0.000200767566105363	0.000892535109668402	0.00325032122810577	0.0098650841955772	0.0269324406573341	0.063107938279119	0.120223140821893	0.188046651337887	0.22987886319064	0.205490182818241	0.118740983070715	0.033323189287888	
2.8167486692623e-06	4.50679787081968e-05	0.000277449743922337	0.00113233296504344	0.00372162917926281	0.0114796592015785	0.0296927560970285	0.0672217069919448	0.125836134237791	0.191303006808786	0.228605209435826	0.198108975780891	0.111914353939962	0.0306589008905855	
9.14405330561044e-06	6.54151505709054e-05	0.000331999473865241	0.00131533689857627	0.00440110319486189	0.0127594713049056	0.0323657283695661	0.0716661660883639	0.130375912031394	0.194808428566304	0.226023412996795	0.191585501470434	0.105905018608148	0.0283873617929097	
2.11119821758572e-06	2.11119821758572e-05	0.000112597238271238	0.000420128445299558	0.00150669179461701	0.00501761443046206	0.0142217349263966	0.0355152801489661	0.0760045432985643	0.135222245836365	0.198306256043305	0.223567446449457	0.183665800137087	0.0999779027919893	0.0264385352788259	
1.4083059065758e-06	4.92907067301531e-06	2.39412004117886e-05	0.000114776931385928	0.00051684826771332	0.00173573702985468	0.00578461651126011	0.0156765571990485	0.0389417707756808	0.0802234418151373	0.140927763765134	0.200031546052307	0.219919642064971	0.177383170462755	0.0945712623913316	0.024142588156429	
2.10626381796826e-06	4.21252763593651e-06	4.70398919346244e-05	0.000124269565260127	0.000578520462001948	0.00207958447627399	0.00633634365238784	0.0176252156287584	0.0419293938242941	0.0853802122131005	0.146296872268439	0.200948801641201	0.216567449939375	0.171447768518798	0.0882433268296587	0.0223888822970632	
4.90579472472885e-06	7.00827817818407e-07	7.00827817818407e-06	4.83571194294701e-05	0.000149977153013139	0.000713442718539138	0.00237300299113313	0.00734257304728345	0.0199890110198166	0.0454486839855237	0.0905336383335996	0.150806933149436	0.201953347293823	0.212923405126135	0.164133174105253	0.0832422257170169	0.0203296133392764	
7.00560238022347e-07	1.40112047604469e-06	1.19095240463799e-05	6.30504214220112e-05	0.000219975914739017	0.000877101418003978	0.0027651112594742	0.00838080212746133	0.0219044169622447	0.0493173390760591	0.0960496108738158	0.154453916797263	0.202602020836063	0.208838408074938	0.157747250476206	0.0783002166832816	0.0184667678742691	
3.5131602984781e-06	8.43158471634744e-06	7.16684700889532e-05	0.000285268616236422	0.000949255912648782	0.00326161802110707	0.00933727744129509	0.0240215848568738	0.0529517572827813	0.100493247705906	0.158640969070137	0.203414089178061	0.204375289835725	0.151564058964882	0.0733161422689394	0.0173058276303031	
7.02747108722708e-07	2.81098843489083e-05	8.85461356990612e-05	0.000288829061685033	0.001120178891304	0.00376602175564499	0.0103774665545082	0.0261049468477224	0.0570792284117845	0.104894844436386	0.161596697650787	0.203659625843384	0.200445260568087	0.145491842160188	0.0688284573225195	0.0162292417288422	
4.22023433554521e-06	2.88382679595589e-05	9.98788792745699e-05	0.000327771533394011	0.001330077188086	0.00410699138087474	0.0117456155282116	0.0288460050558407	0.0606285898368317	0.109375813274325	0.165194039341024	0.203647407861734	0.195865999119378	0.139246631901314	0.0650028627256243	0.0145492578717921	
6.34215503609391e-06	3.45295107520668e-05	0.000116272842328388	0.000419286916275097	0.00162641042481164	0.00475520690928463	0.0129654789454546	0.0311935372030814	0.0642516679867745	0.113732456894486	0.168931755593076	0.204174406444757	0.191154666839549	0.132775834416198	0.0602899351408945	0.013572211777241	
1.41183911810881e-06	4.94143691338085e-06	5.57676451652981e-05	0.000151772705196697	0.000509673921637282	0.00182480206015564	0.00528804341687656	0.0143280492901273	0.0336123598043756	0.0684156059048759	0.119164868924856	0.171753052396173	0.202127359183166	0.186509594858647	0.126965280052407	0.0568117001931396	0.0124757163671685	
3.52613038924953e-06	9.16793901204879e-06	4.93658254494935e-05	0.000199578980031524	0.000667849095723862	0.00209945803375917	0.00606847039989845	0.0159747811154561	0.0364178746601692	0.073095977743065	0.122174776178874	0.173716929304612	0.201093100420667	0.18136651657105	0.121619058029528	0.0539906980680332	0.0114528715042825	
2.81821723804847e-06	1.33865318807302e-05	8.3841962831942e-05	0.000263503311757532	0.000748236676701869	0.00238914366355559	0.00700679260809801	0.0174046051078778	0.0396100432807712	0.0765709623577769	0.125970787769219	0.175791936657749	0.199530485008141	0.177031247688181	0.116485373100257	0.0503164505681174	0.0107803854898449	
7.04723124855091e-07	4.22833874913055e-06	2.11416937456527e-05	0.00011909820810051	0.000294574266189428	0.000914025892937053	0.00294997100064341	0.00796478075711224	0.0194975746953658	0.0424377218556487	0.0807253292290259	0.130184207577606	0.176562036424319	0.197924308508052	0.172283662333324	0.111084801447783	0.0472841027852772	0.00974773026299562	
2.11147459755294e-06	1.05573729877647e-05	2.60415200364863e-05	0.000118242577462965	0.000318832664230494	0.00109092854206902	0.00339102820367002	0.00901388505695351	0.0213603808537114	0.0452066711336085	0.084131705339497	0.13315944166981	0.178751105005039	0.195806892979206	0.168117718931763	0.106443657411839	0.044075624574186	0.0089751746893317	
7.02747108722708e-07	1.1946700848286e-05	2.74071372401856e-05	9.83845952211791e-05	0.000370347726296867	0.00132257005861614	0.00368380034392444	0.0101062061705413	0.0234422380527721	0.0483110527362513	0.087515205690565	0.137299216366699	0.18036707292477	0.19392376739914	0.163166634691673	0.100991084247432	0.0409511822665984	0.00841118014430209	
1.40899346438382e-06	7.74946405411098e-06	3.59293333417873e-05	0.000126104915062351	0.000431856496833639	0.00141181145131258	0.00419386904673843	0.0110838470875753	0.0255774583589594	0.0514324884304024	0.0924539241524728	0.140240641993782	0.181247283284476	0.190714310371671	0.158603349318364	0.0959609088853241	0.0388325643751501	0.00764449404101439	
2.82535758431927e-06	1.48331273176761e-05	5.29754547059862e-05	0.00015468832774148	0.000521984813702984	0.0016832067808582	0.00456083348048737	0.0122175525339926	0.027415857319442	0.0548211195479428	0.0963213844252163	0.143685678968744	0.182405791983048	0.187889104714815	0.153125198657955	0.0919540879392548	0.0362373300370828	0.00693554653010772	
5.66455095688427e-06	7.78875756571587e-06	6.44342671345586e-05	0.000157899357923149	0.000644342671345586	0.00184097906098739	0.00516111399059118	0.013295409164677	0.0295151427608455	0.0581154605421542	0.0995027940397595	0.147483664851178	0.182945878047882	0.184944048397923	0.148666139863428	0.0877807139033571	0.0334548379513585	0.00641368782093221	
3.54480204407465e-06	4.25376245288958e-06	9.21648531459409e-06	6.23885159757139e-05	0.000193546191606476	0.000722430656582414	0.00202904469002833	0.00587019218498762	0.0143585751597288	0.0318443746827402	0.0615725025451679	0.103218254879774	0.150127329289423	0.181738455997663	0.182899024186893	0.144308891214279	0.0833134824418865	0.0318195610684317	0.00590493124501955	
2.12487011731408e-06	6.37461035194224e-06	5.66632031283754e-06	1.55823808603032e-05	6.37461035194224e-05	0.000252151253921271	0.000855614367238469	0.00240110323256491	0.00649218649843362	0.0156447103837445	0.034347817156343	0.0645514292938844	0.106631648807133	0.152526010180961	0.182603546691542	0.180244940861323	0.139121621190905	0.0792017004627259	0.0297998868152518	0.00523213851886637	
1.41512170754246e-06	1.41512170754246e-06	9.9058519527972e-06	1.83965821980519e-05	7.99543764761488e-05	0.000338214088102647	0.000910630818803571	0.00272410928701923	0.00735934044007455	0.0172283992284756	0.0362002284006436	0.0682605182458717	0.110518175115651	0.15492964722431	0.182622871480062	0.176927006607203	0.134413212708359	0.0750049883040191	0.0274717577085217	0.00497981328884191	
1.41657606482252e-06	0	4.95801622687882e-06	1.69989127778702e-05	0.000109076356991334	0.000350602576043574	0.00110776248269121	0.00316675579291075	0.00806031780884014	0.0186442658771616	0.0385648667887283	0.0716603333911769	0.114863070216134	0.15647924184849	0.182229053266801	0.174015036954928	0.129414139553991	0.0711014941336044	0.0256003626434726	0.00461024680296489	
2.84439185479948e-06	3.27105063301941e-05	0.000129419829393377	0.000444436227312419	0.00135677491473935	0.00364437706396184	0.00886810270530109	0.0203416683495985	0.0413716795280585	0.075355762311239	0.117738623143679	0.15890906194801	0.181684818627353	0.170526980478939	0.123903842488957	0.0673303106929223	0.0241175985368448	0.00424098825550603	
8.53950910631902e-06	3.70045394607158e-05	0.000183599445785859	0.000503119411513962	0.00152572562699567	0.00395877409653773	0.00998268614528694	0.0223365093190951	0.044470916922674	0.0787300042057082	0.121222601518752	0.160764086809803	0.180557245666733	0.165755429882447	0.119296942215277	0.0641345598914913	0.0225827318316607	0.00394952296167255	
2.13482410472593e-06	9.96251248872101e-06	5.97750749323261e-05	0.000177190400692252	0.000592057885043992	0.00178186651941124	0.00453792443861242	0.0110911228320861	0.0240722766048896	0.0474400612552196	0.0822533495390203	0.124308672794086	0.162800974618365	0.178395864703388	0.161312290609336	0.115454134015718	0.0612239088914001	0.0209262574825585	0.00356017499864794	
4.26933832371546e-06	1.35195713584323e-05	7.04440823413051e-05	0.000221294036445918	0.000700883041476622	0.00204785928260885	0.00500010673345809	0.0121028625913461	0.025962557902901	0.0501547635142347	0.084845983619972	0.127334438617588	0.163776087436049	0.177106384795463	0.158471434568832	0.111466019624725	0.0578473996171827	0.0196240136049581	0.00324967802073475	
3.54926090190979e-06	2.91039393956602e-05	7.80837398420153e-05	0.000275422645988199	0.000787935920223973	0.00214730284565542	0.00569159478230253	0.013007331353319	0.0278957709846502	0.0530394450659595	0.0872358640036799	0.129920695314408	0.165184022079242	0.175870846654893	0.155270226528028	0.107201166429103	0.054897128222019	0.0184171148200099	0.00304739541037974	
7.80358241186031e-06	2.97954964816485e-05	9.86089050225985e-05	0.000324912794966547	0.000812281987416369	0.00239569980044112	0.00633863716817926	0.0140386447589367	0.0298316767273762	0.0552685177237092	0.0909642319253069	0.132599181758913	0.165682824102287	0.175281230468875	0.151371763375518	0.102835609023495	0.0522769079936351	0.0170877172322254	0.00275395517480379	
9.21289294760132e-06	3.82689399361901e-05	0.000121893660537494	0.000357176772737774	0.00102830058976689	0.00281205840123708	0.0067402942172797	0.0152267859901663	0.0316335309616985	0.0580518558309817	0.0950557946970588	0.135560632883224	0.165776795699138	0.173383101853492	0.146850678848473	0.0995084567270418	0.0495611119536577	0.0158043635095736	0.00247968557105054	
1.55963771033841e-05	4.11177214543763e-05	0.000155254844801869	0.000437407485126728	0.00120730137304833	0.00326460529823109	0.00748980564078424	0.0166930859842448	0.0339107773801489	0.0614504347135654	0.0984025056288743	0.13791663594653	0.166243910323667	0.170292588034459	0.143488087203598	0.0953434889379151	0.0465353357191064	0.0148342814040142	0.00227777998332605	
8.51014941694839e-06	4.3259926202821e-05	0.000174458063047442	0.000485787695884137	0.00134744032435016	0.0035919922330703	0.00806904000550323	0.0177755745946509	0.0359979320336917	0.0645189886254761	0.102185619124008	0.140323144556944	0.166511001850248	0.168183246210679	0.139933096042	0.0914131883203873	0.0433989253099645	0.0138133908619434	0.002225404072532	
1.41502358844322e-05	6.29685496857233e-05	0.000194565743410943	0.000568131970759953	0.00147869964992316	0.00365854348791994	0.00885097254571234	0.0192973841873944	0.0385749580445506	0.0676522777634703	0.105192853564869	0.142197842938042	0.167078910205433	0.165925665980852	0.135580485126687	0.0871244173640375	0.0414417958347366	0.0130925057520709	0.00201287105456048	
1.41070087146046e-06	1.97498122004465e-05	8.11153001089766e-05	0.0002426405498912	0.000647511700000353	0.00162089530130807	0.00406281850980613	0.00986644189499448	0.0208593284358501	0.040908914571482	0.0702952244248749	0.107113106469122	0.144910014918162	0.167038974138326	0.163745692953902	0.131933682952033	0.0832461637753177	0.03962235537671	0.0119451096290915	0.00183884858594871	
3.52526273783185e-06	2.89071544502212e-05	8.10810429701326e-05	0.000234077445792035	0.000676145393116149	0.00168084527339823	0.00449188978054534	0.0104996425383584	0.0224256063804435	0.042848158473251	0.0725012585187974	0.110500065569887	0.146463385916152	0.16696701905193	0.162300981292136	0.12784435824002	0.0802215839146492	0.0373875264923495	0.0110538138407456	0.00179012841827101	
4.2321533619521e-06	2.8919714640006e-05	7.26519660468443e-05	0.000246875612780539	0.000732867890511371	0.00190023685951649	0.00493892297339809	0.011483948147657	0.0238108001732361	0.0440905737248169	0.0763903681832353	0.112790413890492	0.148281251983822	0.167100227266636	0.159361029485412	0.124163620691844	0.0773136829750345	0.0353003911920424	0.0104047490403592	0.0015842360751574	
2.11523071879065e-06	2.32675379066972e-05	7.61483058764635e-05	0.000295427223724428	0.000827055211047145	0.00217657240963558	0.0054974846381369	0.0125835075460856	0.0252918137045798	0.0472387425658454	0.078659084739668	0.115516980014595	0.149682891661408	0.166299439111321	0.156229530736065	0.121120931265578	0.0739019308531078	0.0332063019773882	0.00994581483975365	0.00142496042755864	
6.35179635858572e-06	3.03474714910207e-05	9.03366593221081e-05	0.000335233696703135	0.000966884556806938	0.0022675913000151	0.00611325111756328	0.0132434954076512	0.0270770021215	0.0498594841494451	0.0814032106213327	0.118172348230884	0.150712600975918	0.16535490309276	0.154403700415407	0.118153998596959	0.0705557539511702	0.0309727705547659	0.00901743356373886	0.00126330172020761	
8.47129185082902e-06	3.45911083908852e-05	0.000116480262948899	0.000408033890814931	0.000990435205559426	0.00264727870338407	0.00654760265970326	0.0144527298385019	0.0287847437681294	0.0521972766208582	0.0843768905982073	0.120990519918478	0.151953091633258	0.165318672350904	0.151600827080461	0.113568962316164	0.0668766135163697	0.029617754133461	0.00841269874886079	0.00109632635369479	
7.05088837668102e-07	7.05088837668102e-06	5.4996929338112e-05	0.000155119544286982	0.000382158150016111	0.0011274370514313	0.00299310211590109	0.0073033101805662	0.0156177177543485	0.0307221308348745	0.0551266656842429	0.0876693358979765	0.123078192236831	0.153192536493636	0.164011419618815	0.147630090653272	0.109614520881558	0.0642639119315838	0.0281076614248012	0.00786526598418768	0.00107667065511919	
7.04235270919309e-07	1.33804701474669e-05	5.91557627572219e-05	0.000145776701080297	0.000451414808659277	0.00129438442794969	0.00345286553331737	0.00795926703193003	0.0168523500330991	0.0327427146861223	0.0578733503288779	0.0904287384329357	0.125620783391315	0.154102170453105	0.16244031606079	0.144490063240327	0.106083888505472	0.0613557937435739	0.0261489598445049	0.00747757010662122	0.00100635220214369	
2.1080946618827e-06	1.19458697506686e-05	7.58914078277771e-05	0.000185512330245677	0.000522807476146909	0.00150026070103985	0.0038901373493942	0.00871697142688495	0.0183256668957463	0.035290207338137	0.0604397766543976	0.0933457289299452	0.128395613476628	0.154160746434158	0.160756974631189	0.141104613494898	0.10151389304652	0.0586717879312986	0.0251558936002462	0.00698552301125863	0.000947939899626586	
1.40339846973431e-06	4.21019540920293e-06	1.89458793414132e-05	8.20988104794571e-05	0.000242787935264035	0.000627319115971236	0.00155426380523075	0.00423264978471867	0.00957959795440639	0.0199836925097817	0.037359870662797	0.0634476448166881	0.0963917221944661	0.129003895834152	0.155197626572508	0.158861198277749	0.137823553517197	0.0983052560079488	0.0563176788912029	0.0235813044869456	0.00646475505083109	0.000918524298441105	
1.4037235170012e-06	4.21117055100359e-06	3.71986732005317e-05	7.86085169520671e-05	0.00025828512712822	0.000760818146214649	0.00172798364942847	0.00471440543184852	0.0104352806253869	0.0212579889414661	0.0391372153775104	0.0659314898700292	0.0980479820772581	0.132314978712533	0.15591297475684	0.156826798766408	0.134737805502877	0.0947906416560569	0.053900175605812	0.0220335461846093	0.00624025289482882	0.000849954589544225	
1.40599615178853e-06	7.02998075894266e-06	3.37439076429248e-05	0.000108261703687717	0.000272763253446975	0.000797199818064098	0.00201198049320939	0.00520218576161757	0.0112289882662591	0.0220298507042986	0.0415851481814494	0.0681120775772437	0.101842628256726	0.135103576221512	0.155253610070869	0.154681369637091	0.131033217362084	0.092032290107622	0.0512443417442366	0.0208277239945194	0.0057870801607616	0.000803526800747146	
4.22292244532547e-06	1.05573061133137e-05	4.92674285287972e-05	0.000128095314174873	0.000328684130327832	0.000873441125774818	0.00228530486332863	0.00567138484407211	0.0120705199895553	0.0237729419059597	0.0430231338729759	0.0707994062571042	0.104841791729688	0.136925445008048	0.154889757090463	0.153017594806368	0.128198071954376	0.0885736868294791	0.0490112379004474	0.0194296661709425	0.00536451914637846	0.000731269403448861	
2.11164700019427e-06	4.22329400038854e-06	1.75970583349523e-05	4.99756456712644e-05	0.000109805644010102	0.000371649872034192	0.000978396443423346	0.00271557804224983	0.00629763523691272	0.0129894445805284	0.0247562455479442	0.0451632021578217	0.0737429365407844	0.107069653380184	0.137267613247629	0.154737268880236	0.151875283312639	0.125517705456214	0.0859313630259057	0.0466075687059546	0.0182819358453486	0.00491028315778508	0.000602523277388765	
3.52145658713105e-06	2.81716526970484e-06	1.83115742530815e-05	4.7187518267556e-05	0.000130998185041275	0.000409897546742054	0.00116771500429266	0.00286646566192467	0.00661118259667983	0.0139048234799457	0.0265398097145719	0.0477002423466423	0.076546606125785	0.109878601305615	0.138812297208119	0.154800414405011	0.149737264124034	0.121976917556363	0.0828211374727351	0.0438829834061923	0.0172480943637679	0.00438210057702588	0.000510611205134002	
7.03400590153095e-07	2.46190206553583e-05	4.92380413107167e-05	0.000161078735145059	0.000446659374747215	0.00130269789296353	0.00318570127280337	0.00703681950389156	0.0150260434068504	0.028412460038054	0.0504070930915511	0.0791761772288127	0.111709157923984	0.140072379920727	0.154655984356371	0.147569926811169	0.119049143082231	0.079136083395174	0.0418178684851917	0.0161676625646689	0.00410223224177285	0.000490270211336707	
3.52430111346769e-06	3.52430111346769e-06	2.60798282396609e-05	7.54200438282086e-05	0.000152249808101804	0.000561068737264057	0.00143157111229058	0.00347778033876992	0.00786130606370104	0.0162371600899684	0.0305422983095337	0.0527461001846029	0.0818518933602872	0.113650252586661	0.140439170210351	0.154206500080002	0.14555222626577	0.115833909556565	0.0764780390224716	0.0396970228818774	0.0149099082906364	0.00380413062187703	0.000458864004973494	
4.21993454881515e-06	9.14319152243282e-06	2.60229297176934e-05	7.52554994538701e-05	0.000182863830448656	0.000601340673206159	0.00160146516127535	0.00382537066850093	0.00859881996563567	0.0171434841045615	0.0326503369266076	0.0551517312633148	0.0843248421216987	0.1158407199771	0.141693445667991	0.15357607803503	0.143114156966092	0.112883249180805	0.0728058274482829	0.0379210351780777	0.0139433670717101	0.00357147127314722	0.000455752931272036	
8.43503407050845e-06	2.38992631997739e-05	8.57561797168359e-05	0.000249536424585875	0.000686049437734687	0.00184727246144135	0.00430116445645343	0.00921457180252461	0.018436172800108	0.0343685463202867	0.0575852746798553	0.0871156260411995	0.117740423073192	0.143050445721259	0.151970494250821	0.140166366988651	0.109933096121431	0.0699819630854792	0.0359803407472597	0.0134623143765315	0.00332621510180383	0.000466035632395592	
2.10359356889374e-06	6.31078070668122e-06	2.17371335452353e-05	0.000106582074157283	0.000284686329656953	0.000802871545461111	0.00196685998691565	0.00456339564878682	0.0100088982007964	0.0198172538146916	0.0364538741532159	0.0597062962659111	0.0894812608378894	0.119624354284424	0.143167072309627	0.151174050630692	0.137975403381597	0.106352782458273	0.0678184542654216	0.0342408937187397	0.0127870441074488	0.00320026701614368	0.000437547462329898	
2.80255705305521e-06	2.45223742142331e-05	0.000122611871071165	0.000349618992368637	0.000872996522026697	0.00217618555169737	0.00495281895201182	0.0108318830100584	0.0213043380780624	0.0379711448725817	0.0615931976335208	0.0920233621155943	0.121581230714904	0.143752960200887	0.150433555576108	0.135370512055199	0.103959452604556	0.0649065207094953	0.0321642466586514	0.0121953270163697	0.00307020125162198	0.000340510681946208	
1.25901419188775e-05	3.77704257566326e-05	0.000125201966859949	0.000356021235372703	0.000996020116248977	0.00245647657883877	0.0054920996859459	0.0114458379089173	0.0224272394714938	0.0393707726849877	0.0643901824871126	0.0937056284928901	0.123356112164175	0.144968489672586	0.149577181067224	0.13348628024257	0.100094426064392	0.0622498583609034	0.0307318369716512	0.0115570508292007	0.00284677097832397	0.000316152452629591	
3.48942216564706e-06	1.74471108282353e-05	4.25709504208941e-05	0.000124223429097035	0.000412449699979482	0.00114313470146598	0.00260310893557271	0.00597389074758776	0.0123162644758679	0.0238201914715731	0.0417683833227953	0.0664616282202132	0.0956715811688448	0.12498272736028	0.145208116116804	0.149073697991907	0.130523929759328	0.0965809245852124	0.0597172730584506	0.0296189132264454	0.0109826073241575	0.00263521161949666	0.000318235301507012	
6.97311168135669e-07	1.88274015396631e-05	1.39462233627134e-05	4.18386700881401e-05	0.000131791810777641	0.000503458663393953	0.00116450965078657	0.00282620216445387	0.00621234519692067	0.0130522704451634	0.0253228550708468	0.0432346870467477	0.0687995090929376	0.0978752928706906	0.126683309159879	0.146239400870244	0.146676614972665	0.127545185763695	0.093986388485998	0.0581641191565324	0.0283443043623787	0.0102992859533638	0.00254936963070401	0.000313790025661051	
4.88705321861325e-06	2.44352660930662e-05	9.7741064372265e-06	4.67760808067268e-05	0.000182217270008294	0.000593427890831609	0.00130344690845013	0.00297830986151487	0.00690261359606131	0.013930894274887	0.0264780543384466	0.0457344403207024	0.0707296230825298	0.100590216398717	0.127866256712717	0.146287654745049	0.144189712613345	0.125453448723641	0.0912740966631201	0.0563002493793442	0.0269032279684659	0.009663100514118	0.0022850464549316	0.000268089776563927	
