# <P(N_1)> as a function of N_tot.
# number_of_species: 2
# species_total_upper_bound: 100
# species_total_lower_bound: 0
# volume: 512
# Bin widths for each species index 
1	1	1	1	1	1	1	1	1	1	1	1	1	1	1	1	1	1	1	1	1	1	1	1	1	1	1	1	1	1	1	1	1	1	1	1	1	1	1	1	1	1	1	1	1	1	1	1	1	1	1	1	1	1	1	1	1	1	1	1	1	1	1	1	1	1	1	1	1	1	1	1	1	1	1	1	1	1	1	1	1	1	1	1	1	1	1	1	1	1	1	1	1	1	1	1	1	1	1	1	1	
# Bin lower bound for each species index 
0	0	0	0	0	0	0	0	0	0	0	0	0	0	0	0	0	0	0	0	0	0	0	0	0	0	0	0	0	0	0	0	0	0	0	0	0	0	0	0	0	0	0	0	0	0	0	0	0	0	0	0	0	0	0	0	0	0	0	0	0	0	0	0	0	0	0	0	0	0	0	0	0	0	0	0	0	0	0	0	0	0	0	0	0	0	0	0	0	0	0	0	0	0	0	0	0	0	0	0	0	
# Bin upper bound for each species index 
0	1	2	3	4	5	5	5	6	7	7	7	8	9	9	8	8	8	9	9	9	9	10	10	11	10	11	11	11	11	11	11	12	12	12	12	12	12	12	13	13	13	13	13	14	15	15	16	16	15	15	15	15	16	16	16	17	17	17	17	17	17	18	19	19	19	17	17	17	17	18	18	18	18	18	18	19	19	19	19	19	19	20	20	20	21	21	21	21	22	22	21	22	22	21	22	21	21	22	23	23	
# Normalized histogram for each species index 
1	
0.920742535076916	0.0792574649230841	
0.84802293957196	0.145627942826791	0.00634911760124922	
0.780471696154331	0.201957893627182	0.0171167947917282	0.00045361542675788	
0.718563167341882	0.247777165282937	0.0317644104121983	0.00182946057392104	6.57963890620725e-05	
0.661168543148381	0.285038802731918	0.0495047757208514	0.00411135645877731	0.000174917195162657	1.60474490974915e-06	
0.608715949077294	0.315231727730109	0.0677605168370112	0.00777541698841082	0.000508395723720498	7.9936434547248e-06	
0.560896203748198	0.338900368412622	0.0869469806182925	0.012153612045491	0.00105398045811309	4.88547172833574e-05	
0.516162942863191	0.356446734535471	0.107377685404358	0.0179366408149388	0.00193567217699774	0.000133107531641104	7.21667340222851e-06	
0.474136761046013	0.369365968987081	0.127584376453053	0.02545086301811	0.00315927347952937	0.00027304346289781	2.65012772812581e-05	3.21227603409189e-06	
0.436016939946554	0.37792045499351	0.146609556440873	0.0337865512016563	0.00503643955347164	0.000570512165427607	5.23036540942093e-05	7.24204441304437e-06	
0.402267818139484	0.381039854398148	0.164956618350249	0.0434557719871124	0.00723658609096249	0.000926527945291345	0.000106349294589963	1.0473794164163e-05	
0.370496897655176	0.384132906879818	0.181188351999383	0.0525803036672698	0.0101000032956636	0.00135443736993181	0.000108515753674062	3.29566363010114e-05	5.62674278309952e-06	
0.341182730092905	0.382749250208879	0.197518243709884	0.0629784295196346	0.0132885685630251	0.0020219809940226	0.000219745545926819	2.97823633673711e-05	1.04640736155628e-05	8.04928739658678e-07	
0.314289936623403	0.379169385421445	0.212587780785456	0.0733288541175407	0.0172622085548715	0.00296451944259605	0.000362590364948414	2.98793841939673e-05	3.23020369664511e-06	1.61510184832256e-06	
0.289525790564223	0.373455664499971	0.226339553708019	0.0847004279600571	0.0213278057848839	0.00401494955493445	0.000580134391076742	5.40598111295434e-05	1.61372570535951e-06	
0.266021512470362	0.367576978808551	0.237366914821463	0.0958494883366173	0.0266962854018845	0.00547909055142501	0.000895481319197655	0.000113443725073557	8.04565426053599e-07	
0.244778928623756	0.358896229042859	0.247656938055577	0.107830761774883	0.032072698115729	0.00724614346736136	0.0013355573838854	0.000173083084710887	9.66045123967741e-06	
0.225559023093805	0.350258320413957	0.256818410614694	0.118182294078563	0.0379277991422876	0.00923510580465903	0.00173072663941853	0.000265770028389071	2.17448205045604e-05	8.05363722391125e-07	
0.208316980743619	0.33916611443167	0.264763171608902	0.129545483790026	0.0441527964536862	0.0114835391078885	0.00214406577923039	0.000365118478533607	5.7904252102246e-05	4.82535434185384e-06	
0.190107158759055	0.329320952117933	0.271135251600457	0.140537476579905	0.0510471509812084	0.0143922369682823	0.00287200611277556	0.000504835389041288	7.24644099102327e-05	1.04670814314781e-05	
0.174562761469205	0.319178086605205	0.275210987626677	0.150124603114514	0.0589782705699847	0.0172253536328211	0.00393381778465811	0.0006677180473959	0.000104708499591637	1.36926499465987e-05	
0.161529375414384	0.30704823271173	0.278853209828067	0.160133343203455	0.065593398175744	0.0206363332067383	0.00497100115222947	0.00102348874484232	0.000183455529735888	2.73574035571062e-05	8.04629516385475e-07	
0.149357726522107	0.294722974940726	0.280440729569104	0.170184118665904	0.0735280711788903	0.0239274399978702	0.00615853260093532	0.00139643960338211	0.000226689502339904	5.00169008721495e-05	7.26051786853784e-06	
0.136876178767066	0.28502265807548	0.280932778897092	0.178379239538342	0.0810388277020721	0.0278116611845281	0.00780078273351657	0.00174924204875348	0.000329893854640721	4.58632919866369e-05	1.20692873649044e-05	8.04619157660296e-07	
0.125872827277068	0.27129714633915	0.282263056434926	0.187142367916292	0.0888511237626071	0.0322964180117143	0.00949237346315676	0.00224929377963352	0.000467062075041843	6.02920062446441e-05	8.03893416595254e-06	
0.114933182493106	0.260127078606185	0.281441027684752	0.194709236178514	0.0969327903942201	0.0371336928644431	0.011225437575929	0.00276960012341473	0.000614663212768282	0.000101238646808894	8.83829456268118e-06	3.21392529552043e-06	
0.106342805681798	0.249171525279555	0.279050584886237	0.201401117091631	0.104741436946509	0.0415050932869785	0.0134078383294212	0.00344600374726728	0.000774907808525275	0.000133715900431596	2.01379368119874e-05	4.83310483487697e-06	
0.0982316623856998	0.237371953942924	0.276685902800284	0.207353588514432	0.112473334655515	0.0466697947554528	0.0156888164376228	0.00428257928657002	0.00101421023014026	0.000194296236457714	3.06359211012162e-05	3.22483380012803e-06	
0.0912118611985345	0.22579009947024	0.273139160665869	0.213579709782276	0.119977753795214	0.0516376709934835	0.0179648597141088	0.00511517415565724	0.00127455578219706	0.000280095539216201	2.50229444256548e-05	4.03595877833142e-06	
0.0843475578472425	0.216140767999716	0.269010920683092	0.217389168235221	0.127118555335139	0.0573716423067537	0.0204761801207968	0.00617515135846081	0.00156331926265455	0.000356800841502301	4.67143313930777e-05	3.22167802710881e-06	
0.0770380054160052	0.206423214762961	0.264668615827486	0.221834840820322	0.134124213922547	0.0627308322680568	0.0232393958030789	0.00742929730391131	0.00197545731756402	0.000463677023193511	6.84245607143202e-05	4.0249741596659e-06	
0.0708971027552585	0.195715082081744	0.261379670317702	0.224566518522343	0.141225453932332	0.0682760050566452	0.0264554191537783	0.00852159279484526	0.00232905788116238	0.000517120229243189	0.000108909876673683	7.26065844491217e-06	8.06739827212464e-07	
0.065284039821075	0.185873422752753	0.256308383090827	0.228399215728727	0.147043592977104	0.073853019420166	0.0297866358817841	0.00996981024157462	0.00271118087438007	0.000637402178154313	0.000117139817278042	1.45414945586535e-05	1.61572161762817e-06	
0.0599926410234638	0.17580028869831	0.249932677494875	0.231241685771702	0.153957875924421	0.0796872030632751	0.0335658284711524	0.0114023702373876	0.00334307791215323	0.000883885863082603	0.000171439892930935	1.53648960645649e-05	5.66075118168181e-06	
0.0554669322392521	0.166478651873106	0.244440047069929	0.231644227891772	0.160459475175154	0.0859666893473873	0.0368587391195393	0.0132361874006029	0.00406306591979784	0.0011248447965588	0.000220589606823356	3.81165864731534e-05	2.43297360466936e-06	
0.0515449334894958	0.158125015660704	0.237837392183632	0.232792018577838	0.165589614386994	0.0918901398591789	0.0408463488938087	0.0149833531769607	0.00463395175937399	0.00136520923104529	0.000326550935075369	5.90054907438167e-05	6.46635515000731e-06	
0.0473317610925245	0.149780940182797	0.231619461803259	0.233183368230197	0.171386884156394	0.0973807995199396	0.0449733998793397	0.0168456676807727	0.0054103580773065	0.00158165059475224	0.000396824116582409	9.43667106506948e-05	1.45179554847223e-05	
0.0437147035317997	0.140713442375963	0.224830202710479	0.232724700223982	0.176471677111913	0.10388801386869	0.0494233049043429	0.0194275946047963	0.00630255989685403	0.00188891687880429	0.000471625603314578	0.000131990783180189	1.12675058812357e-05	
0.0396443374245407	0.133248085335871	0.217629135847319	0.232343658200003	0.181063049493937	0.109313276746023	0.054210975130464	0.0219584588812366	0.00763374116811189	0.00224077388678627	0.000556978588071335	0.000130202786821871	1.84855808450804e-05	8.84092996938627e-06	
0.0361542949174223	0.125609171863302	0.21254671354137	0.230610219081193	0.184791828330093	0.114789525253198	0.0586145106683818	0.0244487260453923	0.00883274124730472	0.00263931007198921	0.000738268551605373	0.000175740013914757	4.25306882990052e-05	6.4197265356989e-06	
0.0331923552230824	0.118675357149453	0.205379705415438	0.230075633538283	0.188121864829642	0.120315863771302	0.0631221659505343	0.026856771646778	0.00983099489539863	0.00327780128751264	0.000888908874394044	0.000207974163024442	4.89823318320115e-05	5.62092332498492e-06	
0.0305348597685943	0.111599104432801	0.19775610484462	0.228791088640762	0.191547502550793	0.12584180185937	0.0674725915174791	0.0297786529725269	0.0114739530108189	0.00371279875988508	0.00116320981688075	0.000276151951005506	4.89688052655113e-05	3.21106919773844e-06	
0.0283312155492178	0.105836495293382	0.190964192458013	0.225935323435	0.194941559593482	0.130645473306689	0.0718591040769819	0.0325445758103835	0.0128391498146972	0.00438915105887868	0.00130919995922296	0.0003266979665259	6.90320027548585e-05	8.82967477097028e-06	
0.0263070795422229	0.100041131171483	0.183436188040148	0.223259516805136	0.19836632128265	0.135528013380484	0.0760870438416514	0.0355744466170415	0.0143396759956234	0.0050216982996438	0.00149984174139097	0.000407294998867286	0.000108451331059337	2.16902662118673e-05	1.60668638606424e-06	
0.0241640725083012	0.0946096458461165	0.177245820060973	0.219935842328784	0.200394210208452	0.140870237933444	0.0801102373222656	0.0387648080135167	0.0157724292500436	0.00578689649127181	0.00169682484666252	0.000517893460308372	0.000102131163756465	2.33212893617124e-05	4.02091195891593e-06	1.60836478356637e-06	
0.0225443376788431	0.0882228341453082	0.171409338031876	0.216640028756106	0.201137085748397	0.14632878242283	0.0851394157632243	0.0418311477409126	0.0176211383053154	0.00631446855763738	0.00208770612286816	0.000562445039250801	0.000109921498398516	4.41290687001342e-05	4.81408022183282e-06	2.40704011091641e-06	
0.0203796383243694	0.0834302971302191	0.16468181573965	0.212740040528328	0.201781193540808	0.150929128352268	0.0902320635686901	0.0453798588485111	0.0199690624676732	0.00722036135486825	0.00238486835510642	0.000688035322354171	0.000124295425367012	4.57086402962561e-05	7.21715373098781e-06	8.01905970109757e-07	5.6133417907683e-06	
0.018457774614107	0.0784114738644453	0.158099905731161	0.209047564080366	0.202332512489018	0.154416527187262	0.0959193456331724	0.0492009593617935	0.021935942079173	0.00830944548118792	0.00272385642919897	0.000882567960137748	0.000197996626842892	5.13027697082796e-05	1.04208750969943e-05	1.60321155338374e-06	8.01605776691869e-07	
0.0173764243580191	0.0734465184056353	0.151604660826568	0.204782836892772	0.203344111715804	0.158267003280133	0.100339426615773	0.052841401848802	0.0241448627464219	0.00932197463824903	0.00320699075759731	0.000960489713114985	0.000286941278311339	6.43005665683672e-05	8.0375708210459e-06	4.01878541052295e-06	
0.0163308671485365	0.0689925853600472	0.145939481288872	0.20023147124183	0.203669760188394	0.161222374052058	0.104711380776627	0.0570997248564565	0.0261374302188199	0.0103011941117191	0.00382514672043534	0.0011356407000115	0.000285518731235186	8.52534803124781e-05	3.13668465300627e-05	8.04278116155454e-07	
0.0145810455264183	0.0650161179687173	0.139380174737459	0.196152941972092	0.203575097496804	0.164807437774336	0.10923103924669	0.0607273857331019	0.0288472995559105	0.0117205488804372	0.00416072239415438	0.00132276836176386	0.000346995230627039	9.50010144176116e-05	3.0593547015841e-05	4.83056005513279e-06	
0.0134830771812189	0.0600938346019935	0.132725301461406	0.191251730357817	0.204462145095141	0.168825647694308	0.113793815564024	0.0641684440816116	0.0312682514431749	0.0129272652763571	0.00479740696402469	0.0016246809526729	0.000417060602051583	0.000114550494180512	3.95279874284866e-05	7.2602425889057e-06	
0.0123995819893038	0.0564686508154768	0.126694124232002	0.186593083411252	0.202371207733845	0.171913369547986	0.119303714536225	0.0684993998375841	0.0336107129800086	0.0142833801923755	0.00532057732065497	0.0018271791072301	0.00050552764144259	0.000147209649188082	5.50014073889538e-05	5.66190958415701e-06	1.61768845261629e-06	
0.0113843428890318	0.0537335161169006	0.12116124179597	0.181148220488744	0.201503516157339	0.173971943531201	0.122569322285442	0.073157909635363	0.0363642245649792	0.0159045966832062	0.00610788274353282	0.00208260037931634	0.000647021477069154	0.000205429318969457	4.36739497021679e-05	1.05140990023738e-05	4.04388423168222e-06	
0.0107187776775712	0.0500762333833467	0.116453064905547	0.176696445542672	0.199426530835089	0.176048562889508	0.126312043256884	0.076829500095039	0.0396470212361536	0.0173820202453219	0.00696170536302863	0.0023836581509057	0.000726340352736111	0.000246696890405917	7.36046459899623e-05	1.45591607452673e-05	3.23536905450384e-06	
0.00966592730290779	0.047201176510559	0.110923169265765	0.172214321653975	0.197949681199937	0.176551005583248	0.13035533142749	0.080951433346438	0.0425360662288727	0.0194612837102147	0.00795018273771677	0.00291700844039547	0.000909239458403913	0.000281508302068115	0.000104352215421801	2.26500932698484e-05	4.85359141496751e-06	8.08931902494584e-07	
0.00884128054271575	0.043874965845835	0.106299078928861	0.167868731599191	0.195584129186007	0.178664681278991	0.133318459093415	0.084798526803542	0.0454383778024604	0.021376869586868	0.00899810676794084	0.00337338060754803	0.00109778357657566	0.000320119511284213	0.000105898121157151	2.50598607318449e-05	1.21257390637959e-05	2.42514781275919e-06	
0.00838396916003719	0.0407623786031615	0.100824755914867	0.162948619433826	0.193813604194648	0.180247668922409	0.137203449478252	0.0878835623514826	0.048733889089782	0.0235771386506871	0.0100911122016737	0.00370244214278335	0.00133504235974791	0.000361607604091332	9.2016220683955e-05	2.42147949168303e-05	1.37217171195371e-05	8.07159830561008e-07	
0.00763708284629167	0.0388309382343543	0.0957017646749528	0.158242362714922	0.190553346734563	0.181327530628011	0.140234022674233	0.0927540335138589	0.0516661880513345	0.0257619084213379	0.0110459025808826	0.0042306898936665	0.00143341921445068	0.000419833280078951	0.000122148025610639	2.99303109112162e-05	7.28034589732286e-06	1.61785464384952e-06	
0.00682973689475385	0.0362351885345954	0.0918871765047979	0.152723835473971	0.187488103443947	0.182478387754424	0.143869152868012	0.0966166397078894	0.0551214521938667	0.027496332823317	0.0122250022476897	0.00459662676443645	0.00171067413682639	0.000511906275792746	0.000146606069491277	4.53587839310028e-05	1.45796091206795e-05	3.23991313792877e-06	
0.00627526861805182	0.0332658285019857	0.0876498651934204	0.148751079386819	0.184830015361208	0.182620470941648	0.147612189211737	0.0999778233225537	0.0583214123537903	0.0295014796636618	0.0133523094207013	0.00514775109807047	0.00184318245881677	0.000627933028058777	0.000147844516308794	6.41742680681027e-05	7.31099256472056e-06	4.06166253595587e-06	
0.00578705305639934	0.0314746319790858	0.0828970111352736	0.144344963073749	0.183106331807868	0.181737727954772	0.150343697868283	0.103418741486934	0.0617158107532695	0.0319069512212001	0.0143780749825566	0.00584323013305826	0.00207366687319205	0.00071320462540881	0.000187256922196377	5.61770766589131e-05	8.14160531288596e-06	3.25664212515438e-06	4.07080265644298e-06	
0.00513226548793547	0.0295445002490048	0.078564267649232	0.138909684496278	0.180475582882792	0.182882629230233	0.152658655113712	0.106875136301644	0.0645654784960761	0.0344432220243927	0.0157703036556508	0.00654085143364917	0.00242413491177418	0.00085931066358964	0.000255514723832526	6.50992926961849e-05	1.70885643327485e-05	6.50992926961849e-06	7.3236704283208e-06	2.44122347610693e-06	
0.00495014848003334	0.0272636692802626	0.0745281851572065	0.133880310766105	0.176849162520514	0.182934076167652	0.155136399749928	0.110710424861288	0.0684709487092657	0.0363165555237177	0.0173690705670895	0.00747609992445753	0.002740042720571	0.000908463361900544	0.000348407095782646	8.38456328635807e-05	1.95368464924848e-05	1.13964937872828e-05	1.6280705410404e-06	1.6280705410404e-06	
0.00464546083981591	0.0253989329206207	0.0708866533621146	0.129053068871421	0.173697715146825	0.18250560013033	0.156551948845355	0.115261678817252	0.0718291043864294	0.0385956909542622	0.0186852930395471	0.00808618091475583	0.00318576141408382	0.00110292021341588	0.000368997678491427	0.000120555532928766	1.71058526452979e-05	5.70195088176598e-06	0	1.62912882336171e-06	
0.00427280855968802	0.0238959866031949	0.0672278119506111	0.123483594722104	0.1700255484992	0.182162517251168	0.159181139104747	0.118037665834138	0.0756008151304708	0.041301361850356	0.0202915457619187	0.00884666891910133	0.00363470963635724	0.00138581996938761	0.000476119965869888	0.000140708993349864	3.19049461665389e-05	3.27230217092707e-06	
0.003956255399356	0.0224555943872876	0.0638956517186314	0.119084432838556	0.165348732951124	0.180460385088615	0.161181411817063	0.121565682347705	0.0788919539778528	0.044487421136679	0.0223598785308516	0.0100166234718186	0.00398734260059164	0.0015330898714626	0.000536663263436216	0.000196340218330323	3.84499594230215e-05	4.09042121521506e-06	
0.00356884901142964	0.0207693433988563	0.0609976254025487	0.115188016912565	0.161077542099412	0.17835901655838	0.163094682063241	0.124695404503637	0.0823616406398898	0.0473528923382219	0.0241516928515864	0.0111760678531201	0.00454551775304023	0.00179055935961941	0.000617575293061971	0.000185681578178897	5.97125780046674e-05	8.17980520611882e-06	
0.00322753597366318	0.0196104072302037	0.0575357938561577	0.11116814081178	0.158275127622118	0.177088662840591	0.164179336250566	0.127587790776554	0.0849964120326857	0.0501064947929522	0.0259992775027094	0.0120912046579825	0.00508118286864117	0.00205061731018509	0.000695526237930454	0.000221489554029557	7.35574164673806e-05	1.14422647838148e-05	
0.00306883768180458	0.0184440079802825	0.0548689262247834	0.107115806226218	0.155068433286616	0.175596380989187	0.16549546971398	0.130092953821494	0.0873648516986636	0.0530230578635704	0.0277826017123201	0.0130710960984833	0.00570637484988052	0.0021467188140785	0.000802267874308105	0.00025111636716148	7.41934721158918e-05	2.52746992922269e-05	1.63062576078883e-06	
0.00276899056522285	0.0170939126211535	0.0521968574646216	0.102563475726921	0.151341876622646	0.175346042331819	0.165759695948864	0.132817834972074	0.0910010251295265	0.0552535036124	0.0298224684271514	0.0140266729250091	0.00634227591793097	0.00239088237738783	0.000826296772553257	0.000318621339317873	9.61568236304579e-05	2.60764267472428e-05	7.33399502266204e-06	
0.00253667225396681	0.0157980300900128	0.0493372984440495	0.0994137812291138	0.146781820949689	0.173604932020277	0.165576478307626	0.135800700271333	0.0951146264880359	0.0580976097806788	0.031577336347599	0.0151573493891553	0.0068048919675573	0.0028069467046462	0.00106074581094953	0.00036307953314159	0.0001237401099496	3.50054258410054e-05	8.9548763779316e-06	
0.0023011484578561	0.0148129818309393	0.046407986214273	0.0949738587256017	0.14356170895478	0.170482785342002	0.166274459368491	0.137973670694016	0.0986270438260114	0.0614814447012129	0.0337911481892395	0.016600502882744	0.00754568312852	0.00325270224180862	0.00122831023095326	0.000466416012151236	0.000161983920450429	3.90714984001035e-05	1.70937805500453e-05	
0.00223803072834915	0.0137603475338513	0.0433244973589772	0.0912292642260273	0.139891167716346	0.168310657227154	0.166874540019148	0.140364988699939	0.102134473977296	0.0647001738971857	0.0357816255153414	0.017702342727255	0.0080158787018282	0.00355284325155172	0.00138482730771986	0.00049824474563466	0.000180735839102769	4.55910224763741e-05	9.76950481636587e-06	
0.0019932482567187	0.0130493697913415	0.0415849324055295	0.087070403507079	0.135577372983134	0.166085910783895	0.167132001203409	0.142473460523872	0.105091541020936	0.0674752648271153	0.0384174679259757	0.0192431981822354	0.00879121413795257	0.0036410433981558	0.00149615257674776	0.000591162725446677	0.000199487010233035	7.0550284106805e-05	1.62184561165069e-05	
0.0018330220374832	0.011946971674637	0.0396338481905373	0.0831527655760401	0.131908888782923	0.163750776892607	0.16702887979562	0.14517243580988	0.107103283679557	0.0702779679318129	0.040870410676141	0.0207273735331985	0.00991432157575238	0.00400549260042625	0.00162369544678296	0.000679705261694608	0.000261052080294124	8.48621313649629e-05	2.26299016973234e-05	1.61642154980882e-06	
0.00177738442147229	0.0111157314296902	0.0373897932668115	0.0800939416836693	0.127599535954618	0.162423164731257	0.167119439909521	0.146469582213535	0.110589392647437	0.0722967495789128	0.0428449153214259	0.0224418042110339	0.0105550908270137	0.00450130492538545	0.00170295594319489	0.000697362481251305	0.000255645642778901	8.89905718534147e-05	3.31692131453637e-05	4.04502599333703e-06	
0.00155508650978652	0.0104320386698179	0.0352478176142705	0.0772043756246669	0.123984941578964	0.159312943341395	0.16731353945789	0.148555308433591	0.112465152293186	0.0763336891673646	0.0441369188876596	0.0238665282207704	0.0115910640841431	0.00498032653576942	0.00190498097448848	0.000745145619272705	0.000259181084964419	7.28946801462429e-05	3.32075765110662e-05	4.85964534308286e-06	
0.00138095608138737	0.00990629573506366	0.0332198456178524	0.073914338630506	0.121159064122988	0.156005135278652	0.166393875225033	0.149819164367771	0.115536484438746	0.0784627514214296	0.0472941031718278	0.0253647472510394	0.0126730647187577	0.00550358757171906	0.00215804742847522	0.000808660683063294	0.000297885016383676	7.4471254095919e-05	2.50935747497118e-05	2.42841045964953e-06	
0.00125478848834845	0.00899170575898502	0.0309338980016542	0.070336200688392	0.118078918014275	0.154633037147086	0.165333167000278	0.15063294317971	0.11802545381787	0.0814267811880554	0.0499015367716212	0.0273202043628404	0.0133344566215002	0.00613137125132952	0.00223739561318168	0.000952634772303278	0.000338606577230247	0.000101257947736318	2.8352225366169e-05	7.29057223701488e-06	
0.00111009554924611	0.00847399945548598	0.0295261107437802	0.0664744661817899	0.113400716943461	0.151720891187948	0.165242989381977	0.151901585572971	0.12092424772795	0.0844952873607924	0.0523592366432007	0.0290877445451363	0.0144920137943552	0.00658440615560136	0.00263992065652833	0.000974777332659173	0.000431073600145204	0.00012073301958954	3.2411548883098e-05	7.29259849869706e-06	
0.00108818509510284	0.00787395837044282	0.0280555816446493	0.064067707135709	0.109082459168769	0.147663640691645	0.16419935810034	0.153019551706605	0.123140612298435	0.087745448892545	0.0552585896991622	0.0310416133639493	0.0158013544018059	0.00732176920760045	0.00292692642767617	0.00111976189473752	0.000378921595616169	0.000157883998173404	5.26279993911345e-05	3.23864611637751e-06	8.09661529094377e-07	
0.00100208342769147	0.00748206116995464	0.0262741583793262	0.0613681067336124	0.105660355994384	0.144165755436646	0.162414349769982	0.154108137661514	0.125727096853507	0.0904786707472518	0.0580504745944757	0.0328584692629713	0.0170079196133365	0.00799483025240532	0.00348909435598144	0.00126170310508369	0.00043431703040381	0.000147198695593098	6.06588031290237e-05	1.37493287092454e-05	8.08784041720316e-07	
0.000923283531979184	0.00699403416794721	0.02519337301946	0.058622854818507	0.101267416484808	0.140990399142573	0.160483464831291	0.154136697614958	0.128572881290273	0.0935211967820663	0.0605170387779083	0.0353446494750843	0.0185294288555158	0.00874536744101962	0.00391749848271587	0.00145191177799873	0.000511679859505946	0.000188046383698558	7.74783383479036e-05	8.87772626903062e-06	2.42119807337199e-06	
0.000922805877910767	0.00645802925737902	0.0234586119548897	0.0562468316326572	0.0977876031306089	0.137541596784606	0.158668612752774	0.154909689945284	0.129383025691077	0.0967439056529718	0.0636929482317992	0.037556990314971	0.0202428954021701	0.0096390902181771	0.00424974270237858	0.0015361292605222	0.000607681774624208	0.000246618863441655	8.4624119808411e-05	1.77307679598575e-05	3.22377599270137e-06	1.61188799635069e-06	
0.000838860600063338	0.00618951802986215	0.0219513944345105	0.0538200390178965	0.0944254046636137	0.134179822380736	0.156570389751879	0.15607803256971	0.132390091936221	0.0985528244460579	0.0661031822712735	0.0393893803954813	0.0214187461572368	0.0104789080146241	0.00476482490698801	0.00171075989811188	0.000749414368932665	0.000255445542958769	8.62229435223604e-05	4.02910951039067e-05	4.8349314124688e-06	1.61164380415627e-06	
0.000798821939362153	0.00573538014645069	0.0206555988138705	0.0511326730276562	0.0916539245153612	0.130642890283017	0.154366288100377	0.155242571561132	0.135365622415428	0.102328283541444	0.0684751780202933	0.0416654227099429	0.0222500151292034	0.0112262723660057	0.00519557016924536	0.00202368224638412	0.000802856393601356	0.000279991124200674	0.000111350937001997	3.79238698485062e-05	8.06890847840558e-06	1.61378169568112e-06	
0.000741388625741691	0.00532862979590815	0.0193415209127318	0.0488403890432776	0.0885119490363967	0.127795854846121	0.152585532261308	0.154881575685037	0.136949339251521	0.105116469891788	0.0712387247146502	0.0432234414484699	0.0238617302136863	0.0121246921985403	0.00573485907559014	0.00231058045560673	0.000888374170278715	0.000321429927064481	0.00013487135130595	5.16872244525798e-05	1.21141932310734e-05	4.84567729242936e-06	
0.000608415034396053	0.00491014364412326	0.0182047797343658	0.0467057517440423	0.0860264923136093	0.125105644443223	0.151357177600631	0.154651345057779	0.137331312285782	0.107368689814987	0.0737410333521325	0.045370955413601	0.0248666415651699	0.013104758888273	0.00638956984329879	0.00271403200602436	0.00098089754549377	0.000363594642069354	0.000117158273555681	5.65591665441218e-05	1.7775738056724e-05	4.84792856092473e-06	2.42396428046236e-06	
0.000520981224451493	0.00434501577100772	0.0172490088008614	0.0438724437336233	0.082816599238429	0.121995358089649	0.14945932018422	0.154868140784659	0.138750890885984	0.110003891179642	0.076544600118596	0.0475557162723308	0.0266857261661202	0.0140098646662282	0.00669024025809604	0.00284840821629458	0.00116411798444984	0.000403679551244247	0.000134290191395882	5.3392485735712e-05	2.10334034716441e-05	3.23590822640679e-06	4.04488528300849e-06	
0.000502006408867648	0.00405727885041341	0.0162129477234292	0.0419931190361477	0.0789952758044228	0.11871521928222	0.147361919944125	0.154835429203354	0.140394459013319	0.111639434907311	0.0792555754238357	0.0503623176690088	0.0283653830608002	0.0150909108546558	0.00708305983011004	0.00318260745847332	0.00127562981190523	0.000430868624680284	0.000163293550066449	5.4161722051743e-05	2.82934368927016e-05	8.08383911220045e-07	
0.000482663785800938	0.00376898868979458	0.0148969804359199	0.0396513159066872	0.0763961211972005	0.115620652179195	0.144995926512009	0.153965698477665	0.140762090484883	0.114177519853192	0.0821038634158667	0.0526694708676772	0.0305940813758185	0.0162818043851139	0.00786596199913509	0.00350417147845748	0.00141397813759805	0.000570126351013189	0.000156298843388559	8.42232109451302e-05	2.99640269708636e-05	4.04919283390049e-06	4.04919283390049e-06	
0.000474758152373912	0.00357564870808359	0.0139184208589483	0.0376636075634554	0.0727568890481301	0.112670542914659	0.142829413006432	0.153354162302585	0.141843501272627	0.116432212704593	0.0845344498911777	0.0551293695745536	0.0326790513571856	0.0171390119368919	0.00860873215309697	0.00385468033085871	0.0016030164531603	0.000610634420855713	0.000192491380349218	8.4113880488734e-05	2.99251305584919e-05	1.05142350610917e-05	4.85272387435004e-06	
0.000475219101868225	0.00333461567059234	0.013332805312109	0.0359913814005063	0.0699250964177532	0.109929169724341	0.14012578758676	0.151835735829904	0.142905980971839	0.117855145459071	0.0874686015950551	0.0576235488845282	0.0342731572328671	0.0184058500441275	0.0092182807413418	0.00431334072563047	0.00191299934374505	0.000678884431240322	0.000260239031975457	9.69834901771888e-05	2.74786555502035e-05	9.69834901771888e-06	
0.000415097959088268	0.00320713549361595	0.0126963554399192	0.0343281982088725	0.0678133042522957	0.106130472945688	0.138004354095485	0.151127897726311	0.14308950559818	0.119627201731966	0.0896942057967019	0.0597668519696197	0.0364439887770408	0.0197054658326019	0.0100469826408452	0.0046071843381525	0.00204486120816881	0.000814881624540269	0.000287747517270896	0.000114454194544726	2.41804636362098e-05	7.25413909086293e-06	2.41804636362098e-06	
0.000327625248234486	0.00307420349633293	0.0122139014532232	0.0323342775702281	0.0648979733118244	0.103818564840418	0.135410654501869	0.15008617268507	0.143383942176961	0.121445125185849	0.0922695735961419	0.0617955956540954	0.0381132005605853	0.021285981422763	0.0108510770176926	0.00505122465029828	0.00223461348672957	0.000895938332395536	0.000357409361710349	0.00012316133410289	2.65642093163097e-05	3.21990415955269e-06	
0.000321523765429122	0.00281735199457268	0.0115394879412512	0.0309257633778001	0.0624262504863047	0.100006751999074	0.133397798848302	0.149594558531794	0.14444615923786	0.12304151836383	0.0938286728463534	0.0647235377902958	0.0394686498252518	0.0223917188338976	0.0114832212823011	0.00557924113960883	0.00246126442435993	0.0010079770046203	0.000361714236107762	0.000124590459103785	4.01904706786402e-05	1.20571412035921e-05	
0.000338386138677375	0.00265817547325948	0.0109430228306401	0.0298020360902449	0.0600058054873081	0.0965523103273525	0.130583371288177	0.149120837529749	0.145068222494499	0.124611096499387	0.095626158691873	0.0664046713324395	0.0418788930443206	0.0237527824642209	0.0123077934657797	0.0059931232238737	0.00260364879688492	0.00113623971209915	0.00043140223366926	0.000117071981627718	4.65080474959426e-05	1.52353948693605e-05	3.20745155144432e-06	
0.000324313416485692	0.00258649959320688	0.0102963503930198	0.02852116285178	0.0583523917513885	0.0941581944791446	0.127685795552822	0.146678550150866	0.14618527344826	0.12638453801754	0.0978713829044389	0.0685902856520541	0.0431120634981646	0.0252948449381482	0.0129685327900883	0.00624683694322193	0.00286276657762061	0.00116832907321636	0.000519702240244973	0.000125721497254947	4.08394672611612e-05	1.20116080179886e-05	1.28123818858545e-05	8.00773867865906e-07	
0.000282909009890595	0.00231696869006717	0.00967661015699446	0.0268899804528307	0.0565361197867203	0.0916336672941957	0.125803145018517	0.144348511842507	0.146296817233567	0.12762161681297	0.100447925908294	0.0704114843426293	0.0453784448980606	0.0265974541394878	0.0137823972892027	0.00683229266095559	0.00296453378919352	0.00131115903733998	0.000609095885316862	0.00018673597536688	3.92706557638503e-05	6.41153563491434e-06	2.24403747222002e-05	4.00720977182146e-06	
