# <P(U)> as a function of N_tot.
# number_of_species: 1
# species_total_upper_bound: 326
# species_total_lower_bound: 297
# volume: 729
# Bin widths for each
10	10	10	10	10	10	10	10	10	10	10	10	10	10	10	10	10	10	10	10	10	10	10	10	10	10	10	10	10	10	
# Bin lower bound for each
-1170	-1180	-1180	-1190	-1200	-1200	-1210	-1220	-1220	-1230	-1230	-1240	-1250	-1260	-1260	-1260	-1270	-1270	-1270	-1280	-1280	-1280	-1290	-1290	-1300	-1300	-1310	-1310	-1310	-1320	
# Bin upper bound for each
-990	-990	-990	-990	-1000	-1000	-1010	-1010	-1020	-1030	-1030	-1040	-1050	-1050	-1060	-1060	-1070	-1090	-1090	-1100	-1100	-1110	-1110	-1120	-1120	-1120	-1130	-1130	-1140	-1150	
# Normalized histogram for each
0.00178897899211503	0.00201891046132104	0.00427896856107765	0.0142277106676986	0.0180243839519051	0.0474107473333558	0.0849793061677715	0.110361497134269	0.107288266765369	0.105667530311697	0.131150666801261	0.132934037708761	0.104534697219512	0.0761521809841067	0.0334073600502484	0.0150296667676122	0.00758773848379824	0.0026694482766356	0.000487903361485918	
0.000580383052814858	0.00229251305861869	0.00318630295995357	0.0105049332559489	0.0198607080673244	0.0260301799187464	0.0680789320951828	0.109680789320952	0.112925130586187	0.105821242019733	0.115385954730122	0.127237376668601	0.11849680789321	0.0854149738827626	0.0571909460243761	0.022890307603018	0.00889146836912362	0.00442832269297736	0.000737086477074869	0.00036564132327336	
0.00121667068397553	0.00435017159647854	0.00456825407756849	0.0146918724102705	0.026204331806756	0.0444658700917094	0.0900623256774905	0.11677742961101	0.116536391079279	0.108874809177829	0.128089023564386	0.113580799559244	0.100203161048173	0.0701077786577597	0.0355244883670213	0.0147607405621937	0.00557832030577459	0.0034376685834969	0.000814939797757194	0.000154953341827072	
0.00136951025376908	0.00297897743234385	0.00340621781065643	0.00790102069482161	0.0225325405000468	0.0391949152542373	0.0635710272497425	0.107453881449574	0.112498829478416	0.116847317164529	0.1171048319131	0.125526734712988	0.1073017136436	0.0830719168461466	0.0504085120329619	0.020530948590692	0.01156475325405	0.0035993538720854	0.00196062365390018	0.00109443768143085	8.19365109092612e-05	
2.31480141897327e-05	0.00306132487659215	0.00326965700429974	0.00512728514302579	0.0173610106422995	0.0304107036417613	0.0505668369974711	0.0763247897870961	0.115456507774839	0.115068778537161	0.115352341710985	0.13418903825788	0.118251630488249	0.0933733022378343	0.0608271942870701	0.0348377613555477	0.0135010792761616	0.0074305125549042	0.00386571836968536	0.00127892778398273	0.000422451258962622	
0.000784920362094649	0.00434857339291853	0.00725908101294832	0.0107711699323937	0.0252778732668729	0.0382548412971239	0.0563996791566403	0.103792826859173	0.118041709636759	0.114237424086169	0.122115274435659	0.130846797295749	0.105924143462817	0.0785894350865131	0.0457946602497995	0.0215537985562049	0.00840495015469233	0.00491577861808181	0.00184484931820786	0.000681792139337688	0.000160421679844162	
0.000139220827435784	0.00288883216929253	0.00589368169478154	0.0105401768104508	0.0214168039538715	0.0370617444369678	0.0471494535582523	0.0717103278650486	0.112014757407708	0.121435366730863	0.118302898113558	0.129411559969371	0.117867833027821	0.0896872172076943	0.0559377682901362	0.0366962897649488	0.013376801169455	0.0053367983850384	0.00189688377381256	0.000957143188621018	0.000278441654871569	
0.000154407135985177	0.000706709583932156	0.00611689807941278	0.00926442815911062	0.0160405259344601	0.0260651123014977	0.0435546898198187	0.0668523511455822	0.0923532835271341	0.119843692468495	0.114184077061038	0.121328376468352	0.116232940980842	0.102728255318138	0.0772154454645873	0.0426579406839048	0.0300262492131175	0.0071739930873113	0.00529141377549202	0.00159158124784721	0.000587934863943558	2.96936799971494e-05	
0.000813629527355211	0.00323602652925368	0.00908552972213319	0.0131351857787421	0.0222946818215439	0.034079982248083	0.0561835844078996	0.0785522325501122	0.110061885154959	0.119535738060603	0.112379496535911	0.119270692078207	0.121458862397988	0.0854434280924086	0.0568431174338618	0.0323725930126482	0.0164266870484973	0.00461673118173525	0.00232993910106265	0.00176902783599201	0.000110949481002983	
0.000160469063416139	0.00095664249344237	0.00383274186082395	0.00860978244098133	0.0170590958185465	0.0309458416910971	0.0448079000154297	0.0689831816077766	0.0874432957876871	0.134837216478938	0.120166640950471	0.113377565190557	0.122394692177133	0.0992562876099367	0.0741058478629841	0.0350810060175899	0.0246443450084863	0.00635704366610091	0.00399938281129455	0.0025551612405493	0.000425860206758216	
0.000952040937760324	0.00244900004384399	0.00481031210657848	0.013529002799752	0.0211390668746124	0.0350438753076909	0.0566213820878508	0.084512423507895	0.114595664455677	0.137200373300262	0.120708769424454	0.115522651684549	0.113756365207914	0.0772468479302505	0.051034405005731	0.0267323073839544	0.0170615757530205	0.00368289520659915	0.00227988750884709	0.000926987228871894	0.000194166243885329	
8.1953778069169e-05	0.00104648670457554	0.00307641874598111	0.00781082546366926	0.0194545660862658	0.0293898856429589	0.0517380505087438	0.07631787979272	0.094814217089254	0.128081146848562	0.134170942972779	0.116115895250463	0.116431102089191	0.0929544967407613	0.0635456986874787	0.0320124065411723	0.018931322733978	0.00918512728052148	0.00286838223242091	0.00160125074073607	0.000371944069698536	
0.000248483342525197	0.000503027254380276	0.00193332161623263	0.00478784977060745	0.0107029654365731	0.0295634571911685	0.0369028066496567	0.0645208210859328	0.0936479172853498	0.100120605329665	0.137011290840662	0.124968939582184	0.115011424173187	0.104738759159035	0.0805086029781638	0.0497633347676681	0.024624093187314	0.013296889109763	0.00372725013787795	0.00195756389355216	0.00146059720850177	
0.000174313415521107	0.00093768595935492	0.000823480618151436	0.00463433252988874	0.00775394158697338	0.0185493517344185	0.0339670727968888	0.0563453088653399	0.0778579886636172	0.106283097008421	0.124135195080755	0.12861925742485	0.119663154351524	0.0989138470970806	0.0943035577969189	0.0628069268544844	0.0335523270840972	0.0197094375687486	0.00563212656356128	0.00210378260111681	0.00307152259763054	0.000162291800657582	
0.000769426504622617	0.000399859443347187	0.0011692859479698	0.0048164887494093	0.0108870821165893	0.0236341164923845	0.0551806031819118	0.0693634964679083	0.0954210035260333	0.114765718717057	0.132468586799792	0.122781083013244	0.110894352288287	0.0903137079087351	0.0759248264246507	0.0477407941450884	0.0249124550158126	0.0125168122720498	0.00255667704685626	0.00265361266948588	0.000830011268766131	
0.000790185069661052	0.00077830258741051	0.00260226361286873	0.00676707364168375	0.0145798057214152	0.0381962391943677	0.0723405519413005	0.0883819029795324	0.0985473665448712	0.125787957104239	0.141027240590559	0.112740991593144	0.104155898167127	0.0828090188040282	0.053916763211835	0.0296586756973532	0.0167602412143897	0.00769984849835131	0.00163978255057482	0.000629771559278733	0.000190119716008674	
5.93225366316664e-06	0.000225425639200332	0.000848312273832829	0.00490597377943881	0.0117102687310909	0.0256629293468589	0.0538767277688794	0.0752031796879635	0.0977754048763125	0.115910304324613	0.142967313282316	0.130230764667497	0.113555199620336	0.0909117873880287	0.0664886990567717	0.0340748650412292	0.0184671056534377	0.0130272290443139	0.00355341994423682	0.000522038322358664	7.71192976211663e-05	
5.9365149095572e-06	0.00100327101971517	0.00222619309108395	0.0066845157881614	0.0170318612755196	0.0437283688237983	0.0696115738294677	0.0914698217264573	0.101793421154177	0.129754406378192	0.136854478210022	0.121484841109178	0.0996562757867366	0.0798995541677303	0.0472487221651657	0.0265540311904493	0.0145563345582342	0.00845359723120945	0.0019827959797921	
0.000321979016688233	0.000261228258822529	0.00290388622598067	0.0116702205860018	0.0296038443079577	0.0552163638241387	0.0837631449452332	0.0964175278086594	0.118141998821435	0.143371788563062	0.129143961070914	0.106988159677292	0.0915756924067628	0.0649364850826514	0.0306912828737539	0.0204304798702364	0.011299640963021	0.0027337841039567	0.000528531593431628	
4.28879521615528e-05	0.000477894324085874	0.000857759043231056	0.0068130575433781	0.0251629742182139	0.0371899813743751	0.0669480933241839	0.0993591314577002	0.111808891285168	0.130134300558769	0.14058670718557	0.125722968336438	0.0996777276737575	0.0723948632487011	0.0392486030781296	0.0233126654249583	0.0109854426036663	0.0084489265758259	0.00082712479168709	
0.000241468126207341	0.0013683193818416	0.00199365991381445	0.0101726187527862	0.033495963148249	0.0508630937639309	0.0835417801773243	0.110951508247065	0.133420426965179	0.140045321709842	0.132553618306999	0.108388231215018	0.0841423547476348	0.0553333498439744	0.023756748724553	0.0156087473376591	0.0105874486106296	0.00347961761355193	5.57234137401555e-05	
0.000330937103564928	0.00164855705294381	0.0070293492183143	0.0180422006091694	0.0441617179312754	0.0718194799384702	0.0999246198819658	0.126332175053471	0.131326873931349	0.132313556777163	0.127171774742145	0.0976019316921304	0.0670883050504679	0.0368014316093962	0.0163139735127748	0.0149473258443492	0.00577914238262458	0.00136664766842554	
0.000186860680293432	0.00144063556742355	0.0064858739353462	0.0140085232581269	0.0323027866352419	0.0542980970349429	0.0861066070319893	0.115739094268199	0.134889300116336	0.13341852572951	0.128867563999783	0.109699274860005	0.0833519189386313	0.053574765369291	0.0216698111501576	0.0110247801373125	0.00962031115317151	0.00330321460647744	1.20555277608666e-05	
0.000941846986089644	0.0036526758114374	0.0117791248068006	0.0221998164605873	0.0449973435085008	0.0655972275888717	0.0927115533230294	0.133180786321484	0.140129926584235	0.13866281877898	0.118358771251932	0.0990086456723338	0.0673179095826893	0.0324997585007728	0.0140371425811437	0.00904414605873261	0.00488432187017002	0.000996184312210201	
0.000391291974957314	0.00308290646936065	0.0062013849364447	0.0164994782773667	0.0386904761904762	0.0492020015177386	0.0814302314551319	0.116717653196737	0.136809903244166	0.139098368431038	0.13579610130905	0.112425298804781	0.0741854012521343	0.0497474388161639	0.022689005881237	0.0098297287042307	0.00534765699108329	0.00174302788844622	0.000112644659457408	
0.00209941916069887	0.00796612937087406	0.0137278686230143	0.0267034453801115	0.0491963889990436	0.0675371480557046	0.101471926100446	0.131388649140404	0.131866850171453	0.142952949683921	0.115275607082041	0.0833586041195269	0.0638689962443724	0.0335615479717278	0.0161188737782547	0.00707970794746787	0.00451375119550258	0.00116051225827521	0.000151624717161585	
0.000166912238696013	0.00591675108205175	0.0113442766368911	0.0196380882217515	0.0388272400773552	0.0635820517543052	0.0811826595450778	0.12069481536053	0.138128510912607	0.146462611658532	0.133783037112073	0.0981846855143199	0.0626841790220094	0.045187171931117	0.0168638917027351	0.0104464039045953	0.00472534303342849	0.00163458882033336	0.000546781471590386	
0.00052293657941373	0.00770459893669562	0.0142354957729293	0.0292321547892275	0.0489468638331251	0.06572150721943	0.102576915255222	0.139932018244676	0.138833851427907	0.155004212544668	0.111292524912118	0.0798349844571628	0.0540193486534383	0.0263443827895761	0.0133639348072398	0.00719909357659568	0.00385229946834781	0.00113302925539641	0.000249847476831004	
0.00424321496996838	0.0123652691091599	0.0235316242932873	0.042837664703739	0.0642946977443963	0.0870858163781045	0.118510290677857	0.14919425931803	0.12958849042632	0.133825828367244	0.099251266499759	0.0657698320345099	0.0352327891204438	0.0178661682946037	0.0104082184374155	0.00402576489533011	0.00122242204120973	0.000746382688623247	
0.00119876066589618	0.00700813927754691	0.017225268645339	0.0324095704133573	0.0530466963385546	0.0721408021245727	0.106443799640987	0.141177121499004	0.130437455430693	0.134832911205646	0.116882238670175	0.0924828485012418	0.0593355792165638	0.0169793690215654	0.0120921139990656	0.0046659453611036	0.00114958074114147	0.000491799247547151	
