# <P(U)> as a function of N_tot.
# number_of_species: 1
# species_total_upper_bound: 151
# species_total_lower_bound: 97
# volume: 729
# Bin widths for each
10	10	10	10	10	10	10	10	10	10	10	10	10	10	10	10	10	10	10	10	10	10	10	10	10	10	10	10	10	10	10	10	10	10	10	10	10	10	10	10	10	10	10	10	10	10	10	10	10	10	10	10	10	10	10	
# Bin lower bound for each
-250	-260	-260	-260	-270	-270	-280	-280	-280	-280	-310	-310	-320	-320	-320	-320	-320	-320	-330	-330	-350	-350	-360	-360	-360	-360	-370	-370	-370	-370	-380	-380	-380	-380	-390	-390	-400	-410	-410	-410	-420	-430	-440	-440	-450	-450	-460	-460	-460	-460	-460	-470	-470	-470	-480	
# Bin upper bound for each
-100	-100	-100	-100	-110	-110	-110	-120	-120	-120	-120	-130	-130	-130	-140	-140	-140	-140	-150	-150	-150	-150	-160	-160	-160	-170	-170	-170	-170	-180	-180	-190	-190	-190	-190	-200	-200	-210	-210	-210	-220	-220	-220	-220	-230	-230	-230	-230	-240	-240	-240	-240	-250	-250	-250	
# Normalized histogram for each
2.40593746872281e-06	6.64038741367496e-05	0.000373882682639525	0.00191272028763464	0.00649891829051406	0.0190636861271721	0.0477131083172296	0.0965560448697714	0.161486522900675	0.221928002802436	0.217822029918314	0.149165235935852	0.0611613363924026	0.0146776621216904	0.00150130498048304	7.07345615804507e-05	
3.35860282122637e-06	9.11620765761443e-06	0.000129546108818731	0.000729776413012187	0.00311582381729201	0.00964014969772575	0.0268409941464351	0.0624071586220132	0.117341905767201	0.181284905479321	0.225278284233759	0.199975050379042	0.120763362441224	0.0432007484886287	0.00845648210344497	0.00079406966701852	2.92678245849727e-05	
7.15359434732513e-06	6.91514120241429e-05	0.000227484300244939	0.00128097029446102	0.00470515745538065	0.0138712963457532	0.0366464331224772	0.0789704356252814	0.13823796479287	0.199216156822049	0.222002739349729	0.177533612355307	0.093100215180118	0.0290130710475914	0.00475380189694246	0.000353864467047683	1.04919383760769e-05	
1.23315147511002e-05	0.000147978177013203	0.000451523155501824	0.00197161949308937	0.00684873357714951	0.0203503193625176	0.049491585875483	0.0981095313597534	0.158154522417034	0.211306196728449	0.211598358770244	0.151080501551162	0.0693543361163033	0.0185470724746836	0.00239136528365567	0.000182601276122061	1.42286708666541e-06	
2.37028609353149e-06	5.02500651828676e-05	0.000174453056483918	0.000800682642394937	0.00325677309251227	0.0104970489938136	0.0281210742136576	0.0649534238782621	0.116191898362132	0.176867429898789	0.215543862144161	0.196844675152291	0.124353741496599	0.0494086136196639	0.0115693664225272	0.00127473986110124	8.95968143354903e-05	
1.32593650184802e-05	9.80245913866218e-05	0.000398728048055727	0.00128899969929654	0.00502435224450269	0.0151620838986322	0.0380472743717784	0.081742091143928	0.13592127725569	0.192004602893856	0.215758755324464	0.174142817567712	0.0986870860887951	0.0343928986629351	0.00662115863172824	0.000671965677186552	2.46245350343204e-05	
5.2126278278506e-06	1.56378834835518e-05	0.000163960838948755	0.000780946423663435	0.00197321657046999	0.00762844388843081	0.0219608010387346	0.0512003260261769	0.0990209737188782	0.155144389790831	0.202775013505445	0.207516609327761	0.151273302815767	0.0743917811075413	0.0223195246083421	0.00349625164671652	0.000328869428411665	4.73875257077327e-06	
2.73407190986236e-05	5.09103045284716e-05	0.000281420850032385	0.00128077127225794	0.00339826282727548	0.0114510473852373	0.0303477268077636	0.0658307948889825	0.117805030503757	0.173208640798575	0.20836032050865	0.192532872500799	0.125547639317463	0.0540144189295826	0.0138004636608846	0.00192092121253261	0.000141417512579088	
5.27065768396007e-05	0.00013223703653507	0.000496006535615528	0.00189320141630101	0.00535348230470801	0.0169611646647579	0.0413591332026963	0.0821954359869212	0.13710910073168	0.188239186210454	0.205913301445854	0.172535920473305	0.0999933175590078	0.0383035635293077	0.00844434656080174	0.000963306810630917	5.45889545838722e-05	
3.38038008618091e-05	0.000178408948992881	0.000791572336847364	0.00302684866883449	0.00849743044163727	0.0235044400353438	0.0533729150801573	0.0995395171127047	0.155401706528547	0.197872895830771	0.198333472617513	0.15104618068695	0.0770050583632012	0.0259754039788952	0.00500296252754775	0.000409871085449436	7.51195574706869e-06	
9.38297552919982e-07	0	1.59510583996397e-05	6.99031676925387e-05	0.000343886053145173	0.00140087824650953	0.00480408347095031	0.0125267414802582	0.0319133763699144	0.0672327728569284	0.11801578216484	0.17282924861132	0.203405081819547	0.185405719861883	0.126976992944002	0.055904237351749	0.0162822774358204	0.00273279162287945	0.000138868037832157	4.69148776459991e-07	
8.43998979699011e-06	2.81332993233004e-06	5.15777154260507e-05	0.000141604273260612	0.000651285879334404	0.00233178162557955	0.00709006031779375	0.0182960223265863	0.0419608159407025	0.0830415285009078	0.136876003421009	0.187885426200729	0.201903780365208	0.16700817366123	0.10159450162798	0.0394954011433373	0.0102438031719357	0.00137853166684172	3.84488424085105e-05	
4.68289539676065e-07	9.83408033319737e-06	1.07706594125495e-05	7.11800100307619e-05	0.000262242142218597	0.000945944870145652	0.00350748865217373	0.0100588593122419	0.0255311457031391	0.0548624610207494	0.0995892632447501	0.155741393657767	0.197189232524956	0.193046743256982	0.14613818006763	0.0784867317183276	0.0276384486316814	0.00618516824004147	0.000705244046752155	1.91998711267187e-05	
1.40787169220546e-06	2.39338187674928e-05	2.06487848190134e-05	0.000193817002960285	0.000421892217097569	0.00160966663475491	0.00549445392411384	0.0144884075844864	0.0340456225514765	0.0693282950298375	0.118125127881679	0.17263979696613	0.200780805640497	0.179419637745228	0.123036722925219	0.058292927415767	0.0181610755388864	0.0035933578490724	0.000321464036386913	9.38581128136973e-07	
7.10006068185196e-06	2.08268446667658e-05	6.5320558273038e-05	0.000225308592304102	0.000680185813321418	0.00260714228237604	0.00826873067008479	0.0198825365960794	0.0447237555723643	0.0858889607309844	0.136710721754302	0.184990187716138	0.196664107489239	0.163691425682718	0.10006115518934	0.0415325149645612	0.0119262085959961	0.00191228301031213	0.000141527876258249	
5.70133012031707e-06	2.28053204812683e-05	0.000126854595177055	0.000445653971071451	0.00109608071563096	0.00420710651795064	0.0119903723538702	0.0277740296811246	0.0569567630128109	0.103596494062065	0.154124532253375	0.194243842088359	0.188175251286125	0.142686238699489	0.0781186750868978	0.0284002257726728	0.00702736448413415	0.000956873238526548	4.51355301191768e-05	
9.53205247966813e-06	3.76516072946891e-05	0.000231152272631952	0.000685354573288139	0.00197122845279537	0.00644557388675159	0.0177115067124714	0.0377493108326057	0.0724540841032054	0.121626606627445	0.168901774105608	0.195945636798298	0.174882183831351	0.1192688534466	0.0583904938747031	0.0192609418430414	0.00401680691493215	0.000398916396274111	1.23916682235686e-05	
2.14911413515349e-05	6.20855194599897e-05	0.000335739386002867	0.00114667178633412	0.00334736466073129	0.0093801668285666	0.0239115214486367	0.0500848661292926	0.0895153795383321	0.139286952584811	0.18049167910765	0.192461767259536	0.157386314250155	0.096325683442174	0.0421255025345219	0.0116988221899378	0.00222266159666763	0.000191509948488122	3.82064735138398e-06	
1.91752991466513e-06	6.23197222266166e-05	9.73146431692551e-05	0.00052204751926758	0.00193574644885444	0.00520034112857182	0.0138474422787542	0.0327614779745323	0.0632401365856558	0.107327025618679	0.15542586661566	0.185667710282323	0.183482684944562	0.13678939337503	0.0764322630160732	0.0290553720319633	0.00696159235519174	0.00109155390392312	9.77940256479214e-05	
2.40534024018766e-05	9.47704054633936e-05	0.000267954902756905	0.000928942400760472	0.00295375781495044	0.00776684363556594	0.0202919313342711	0.0427669494705365	0.0787325588779184	0.125122431818226	0.167076376287579	0.18896160499695	0.167277943799706	0.115738718473205	0.0577502948947134	0.0195251088656993	0.00414440123384333	0.000564773888396061	1.05834970568257e-05	
4.33535200168019e-06	4.81705777964466e-07	6.64753973590962e-05	0.000135359323608015	0.00039692556104272	0.00153423290281682	0.00428091924877021	0.0116283774800622	0.0273074188470276	0.0552068540951735	0.0952067384857868	0.140174936270326	0.176353930430125	0.185298243315369	0.151120254957234	0.094037638562667	0.042023048658064	0.0126674168431315	0.00227654150666006	0.000269755235660101	1.01158213372538e-05	
1.01348416551644e-05	4.34350356649904e-06	0.000152022624827466	0.000160709631960464	0.00068965184405857	0.00223014777564356	0.00647616381765007	0.0160801328146868	0.0368840670636951	0.0690076542185072	0.112521838170709	0.155441927357316	0.181252955995483	0.176436493151743	0.130502977713001	0.0737034641854	0.0292916228294547	0.0078212020887426	0.00124175940851134	8.78352943447584e-05	2.89566904433269e-06	
7.74181810791901e-06	2.56447724824817e-05	1.79029543745627e-05	0.0001959647708567	0.000259834770247032	0.00105579044446745	0.00350849519378255	0.0100440412677614	0.0229670711444052	0.0477602436350159	0.0850917744150331	0.128281926048218	0.166976984542492	0.179021318063887	0.162474633449106	0.110467034854633	0.0561683419638476	0.0204374320776427	0.00457444677451664	0.000627571130373185	3.58059087491254e-05	
4.1334973764449e-05	3.20953913935722e-05	4.08486799554555e-05	0.000227099208799973	0.00044933547951001	0.00192426460218735	0.00575966387371922	0.0142858532268026	0.0316373026255003	0.0607405282123353	0.100551943473208	0.144105389594285	0.17398182233742	0.174385446198884	0.145924128439921	0.090020764745644	0.040283120255596	0.0128736560054854	0.00243001016354061	0.000297611811104033	7.78070094389628e-06	
2.97924588937327e-05	6.73993332350019e-05	9.76801930942057e-05	0.000330159052658415	0.000851282882816003	0.00329084570534379	0.00864958109849192	0.02009476932334	0.0416747659826774	0.0751385349338559	0.117109760302574	0.1563820819361	0.174517874986935	0.167206512533834	0.126288279646671	0.0714633176686864	0.0275775605153216	0.00781392704657098	0.00126837730732826	0.00014700869060678	4.88400965471029e-07	
4.10418372671609e-05	4.93479233807529e-05	0.000193482947116615	0.000609275846097019	0.00156056700275371	0.00452535115200528	0.0122744409026859	0.027009926261499	0.0527172627830665	0.0913234624457417	0.134428629222179	0.165981495994512	0.173608437419993	0.153320577790894	0.10610487557483	0.052633224735329	0.01844293132528	0.00448235494153493	0.000608787252796219	8.45266410383194e-05	
3.40578077767598e-06	3.06520269990838e-05	7.00617759979059e-05	0.000384366687766289	0.000933183933083219	0.00253682013925751	0.00680815577457429	0.0170833963808227	0.0356283592553795	0.0668155803766696	0.107532662654008	0.148421493590564	0.171525823846207	0.167815955499095	0.136555753361141	0.0851926869128981	0.0379423440237548	0.0117990842342029	0.00253390089859093	0.000355660821211592	3.06520269990838e-05	
1.31604601286801e-05	3.55819847923572e-05	0.000130142327939169	0.000583934490154026	0.00136625073113667	0.00401589003704426	0.00984548644960031	0.0233768765841295	0.0465597582374732	0.080996295574186	0.122999610060441	0.159968317410801	0.173806297523884	0.159027100799376	0.116395983622539	0.0660001949697797	0.0260596607525833	0.00734889842074478	0.0013019107038409	0.00015695067264574	1.16981867810489e-05	
1.41120388830467e-05	5.79080216235365e-05	0.000310951477457478	0.000891978181814643	0.00245160178940653	0.00611343256854193	0.01396410578579	0.0315214286444219	0.0594506134600627	0.0966236703661296	0.138074134919851	0.166453931735688	0.170648613638166	0.145322856685432	0.0965117472991261	0.0493274153606137	0.0173539148499039	0.00414309996725034	0.00068954341714749	7.25066825370332e-05	2.43311015224943e-06	
4.83742111705338e-05	0.000116782186563208	0.000482276226518352	0.00132516020903523	0.00351910170555742	0.00886958263805585	0.0196316230525105	0.0411781807876201	0.0740232929156212	0.112751002298997	0.149248123056175	0.171780732893731	0.163083147450948	0.126760955659416	0.0775502126755092	0.0354607399299795	0.0114539382227119	0.00239623365232624	0.00029219978060585	2.83404469483935e-05	
4.40922291855283e-06	7.05475666968453e-05	0.000331671546206697	0.000600634144238419	0.00222175843729301	0.00561588025726346	0.0121038068250851	0.0266601214202009	0.0530503004150549	0.0887390406314791	0.129337205610883	0.158154416865572	0.170162690527421	0.150820409411045	0.108501177752433	0.0607081407972659	0.024786201679816	0.00670397849083078	0.00129631153805453	0.000126397723665181	4.89913657616982e-06	
2.75483313336196e-05	0.000131346508322794	0.000441757170314115	0.00110980420515439	0.00338008186773751	0.00777404071544984	0.0169446834426166	0.0356372101214537	0.0659398826539472	0.104032829739998	0.142369776332146	0.164469933210055	0.164372530181411	0.137266447952593	0.0900151565015784	0.0448683607906568	0.0167479096473764	0.00386217766607585	0.000551950495648594	5.65724661315403e-05	
5.1578295853105e-05	0.000247476631064417	0.00051578295853105	0.0017010918728476	0.004929694815191	0.0114231046960055	0.0229399430258209	0.0461615828982241	0.0805236387297456	0.118967323165796	0.152339968418213	0.166789826379521	0.15563056450461	0.119861016330482	0.0718981606386187	0.0325389614511752	0.0107481233435432	0.00237855295107203	0.000328315690911111	2.52932027741188e-05	
8.73761006892227e-05	0.000350502986764768	0.000744444377872177	0.00247349258751091	0.00689522257438952	0.0155993800790479	0.0309965468965008	0.0581180885504355	0.0947771060636018	0.133518670525195	0.160761040844083	0.164580125382208	0.142776043570217	0.1008874416078	0.0568858358847155	0.0222095069191886	0.00678987196155851	0.00133510681853132	0.000184238749453275	2.99575202363049e-05	
1.50042086805349e-06	0.000111031144235958	0.000507142253402079	0.00113731901798454	0.00382007153006418	0.00937412944330885	0.0213374851645887	0.0409484860503371	0.0708688787204811	0.110776572828678	0.148104543324402	0.164568161369264	0.15897509251345	0.125108092820036	0.0820340105399565	0.0430470747044546	0.0147586397984635	0.00384257784308499	0.000612171714165823	6.15172555901931e-05	5.50154318286279e-06	
1.19927803462316e-05	0.000167898924847242	0.000717068324868429	0.00172596097149516	0.00582999034581182	0.0133954359475596	0.0282939670318468	0.0519102500294823	0.0864899330602977	0.125628371720224	0.158257229148053	0.163030855425034	0.147703082744188	0.108766522553423	0.0652871971073414	0.0307539861003676	0.00962920321966176	0.00211622603192878	0.000266339663522559	1.84888697004403e-05	
5.01579473762879e-07	4.5643732112422e-05	0.000342077201106284	0.00106084058700849	0.00311480853206748	0.00863870327661807	0.0189045303661229	0.0376134447374783	0.0646219946611881	0.103846011088919	0.137989529026906	0.161806027179589	0.157832013008965	0.13471371348376	0.0914218875238125	0.0495996894219898	0.0210337352322463	0.00604002002305259	0.00121231758808488	0.000157997534235307	4.51421526386591e-06	
1.65579196027705e-05	1.85649401606821e-05	8.63018839901977e-05	0.000523330610475443	0.00168439200322729	0.00485698975014601	0.0122051937677998	0.024876016305035	0.0469943863634995	0.0791955259497723	0.118827659151713	0.149701656394066	0.161921401060911	0.150309281867974	0.119557712879653	0.0736009561445938	0.037529779167528	0.0138660032794716	0.00359959137061441	0.000542397305775603	8.63018839901977e-05	
4.00388376725424e-05	2.55247590162458e-05	0.000222716034553517	0.000852326756954246	0.00266808804540404	0.00720849223747035	0.0162077214898451	0.0329454570933806	0.0591774020800176	0.0947108695434572	0.132049087614987	0.157745513147753	0.159196420527912	0.139349168693633	0.101548502046986	0.0586548952483909	0.0262144279951553	0.00901524478744382	0.00189784090567851	0.000251243706395203	1.90184478944576e-05	
4.06657127795768e-05	8.98662047844968e-05	0.00044682079473856	0.00141175289303913	0.0041524211160479	0.0101503627281171	0.0219715340010543	0.0423104149408841	0.0722499184175515	0.109488164269398	0.143705098275473	0.161581946431709	0.153483947084369	0.12575896779376	0.0834701408238572	0.0449787885633958	0.0184145392474333	0.00527901197379321	0.000874563847679293	0.000140572834299772	5.02045836784898e-07	
2.51404344669323e-06	9.60364596636813e-05	0.000211179649522231	0.000816561311485961	0.00240292272634939	0.00592258355171991	0.0142159100736715	0.0288139547512404	0.0534701844503396	0.0857047467151508	0.124171622684315	0.15217605544572	0.162225189910842	0.143750993047161	0.110005490670888	0.0669705977590822	0.0330501179589185	0.0122720516806883	0.00313450936933712	0.000474651402735682	0.000112126337722518	
4.01583645104469e-06	3.86524258413052e-05	0.000169167110500258	0.000474872660336035	0.00124039148381643	0.00380851889425951	0.00894075787869463	0.0191108636909653	0.0373984809094665	0.0656373408536564	0.0997127170998834	0.137188502861032	0.159394070517084	0.157828396280733	0.130548819268786	0.093072531528081	0.0525708130010697	0.0229761062750958	0.00797143535532372	0.00165352065871765	0.000220871004807458	3.91544053976858e-05	
1.15747322588291e-05	2.3652713746303e-05	7.04548920102643e-05	0.000287355309556149	0.000827844981120605	0.00186403514290013	0.00557348520724055	0.0128892192440492	0.0253104167054588	0.0479053005731505	0.0791661361581048	0.113953239088173	0.148242125281882	0.161521362678131	0.148695552836891	0.116875607358913	0.0760792053895979	0.0387542165994745	0.0159831955017571	0.00502444029878913	0.000759906335253565	0.000170601488510568	1.10714830301844e-05	
1.30055013270613e-05	3.40143880861604e-05	0.00019508251990592	0.000389664828222338	0.0012300202985863	0.00304378752212186	0.00800988818270128	0.0174248707203147	0.0329279285137613	0.058716837222145	0.0931594064289194	0.128836497838586	0.156566227514239	0.158817179666999	0.138800712701473	0.100253907402831	0.0589454339185475	0.0283649983943208	0.0106690129924958	0.0030948091042511	0.000415175619286958	9.05382976999271e-05	1.00042317900472e-06	
9.49390016914133e-06	3.29788111138593e-05	0.000114426480985967	0.000250838836047839	0.000583125341967786	0.00189578196009064	0.00462602777715318	0.0115570745795826	0.0231786077445241	0.0433206664717919	0.07187282171205	0.107868194684915	0.140587172741514	0.159426568429784	0.153306000894425	0.124052296399563	0.0831450792865584	0.0454667875889741	0.019985659213955	0.00685109816942614	0.00155699962773918	0.000262831130998334	4.9468216670789e-05	
2.96737248219702e-05	7.59446177647034e-05	0.000250969299765477	0.000424485148300727	0.000927932581297205	0.002902995587668	0.00679830065116223	0.0158844957805472	0.0303773441613929	0.0552942200110547	0.0856081931668956	0.120762001135649	0.150476464461188	0.159503312140929	0.142629524551487	0.108636009517721	0.0668679785806001	0.0338114491289253	0.01388126788282	0.00391844050996559	0.000761960900089574	0.000148871568598359	2.81648913564463e-05	
2.32412793414836e-05	6.31556503844663e-05	8.4375948913647e-05	0.000368828998245283	0.000633577484656966	0.0018466712172418	0.00418999846910703	0.0100968201382654	0.0216704720051212	0.0391782287821014	0.0670586695782264	0.100649391659513	0.1318417147618	0.155039543015819	0.15631932911521	0.129206355782557	0.0924649246148895	0.0525803630388882	0.0250167109850917	0.00911613919909541	0.00209070465032737	0.000396112239211373	5.10297655106488e-05	1.36416204830447e-05	
1.16566242314864e-05	9.3759803601086e-05	0.000149508876012543	0.00055799753386376	0.0010972431070073	0.00303984487567197	0.00644509958051357	0.013929159146877	0.0280909439686346	0.0505340000922394	0.0796836696269424	0.115146668207368	0.14195487670079	0.157560562498004	0.146990031559043	0.11493178087371	0.0755987830484302	0.0399675236312716	0.0171636189662399	0.00558402981663116	0.00118441438386885	0.000254925303845115	2.73677264565332e-05	2.5340487459753e-06	
1.26872897716085e-05	0.000100990826582004	0.000283687799293166	0.000648066761533761	0.00159656854485921	0.0048201551300295	0.00896889888534547	0.0195029018369166	0.0356061175066329	0.0627528576851482	0.095714436511787	0.128199480734604	0.148853373499601	0.155319323858804	0.13430308209793	0.0983615126497354	0.0600017457710726	0.029403555283089	0.0116347522121558	0.00316167261108483	0.000608482417446343	0.000126365406125221	1.92846804528449e-05	
7.55373544892002e-05	0.000205826616930304	0.000457786785931193	0.00107222486405811	0.00261186879415006	0.00645920425199261	0.0123065052364116	0.0249263130572147	0.0460575077539855	0.0753426810387045	0.11016844323089	0.137453650989032	0.151937051528643	0.151375844472136	0.118957138381392	0.0832634570557466	0.0468737167521574	0.0211322086209921	0.0070325783991556	0.00192899083108327	0.000304177266399464	4.25848172959249e-05	1.47019012093074e-05	
0.000141306805335745	0.000301286295662285	0.000781224766641904	0.00148119812021576	0.00400554326410646	0.0087918066276929	0.0178818715480766	0.0331652118794613	0.0576435879009076	0.0881073164626466	0.122910173282517	0.14560202755079	0.153530348664449	0.141578820936016	0.102137063563838	0.067789921191176	0.0340342487322761	0.0145884136494299	0.00435931494460773	0.00102094166855076	0.000136260133716611	1.11026775620942e-05	1.00933432382675e-06	
8.06317903936293e-06	0.000185453117905347	0.000485806537121616	0.00119183865175583	0.00233126663975581	0.00554545138432185	0.012226803115814	0.0235137419248522	0.042564010302727	0.0690792706249821	0.101767902399249	0.133433014384207	0.150591963328662	0.149972610388701	0.127769135057745	0.087887139682986	0.0538257516772672	0.0248088900580498	0.00976047822714883	0.00246884463211494	0.000521586894108789	4.78751255462174e-05	1.00789737992037e-05	3.0236921397611e-06	
2.79128143244576e-05	0.000303551855778476	0.000614580358251003	0.00171564119472827	0.00320498921618325	0.00823926465684435	0.0170203369774509	0.0302375530031945	0.0533074940423587	0.0828362609389572	0.115640297530663	0.140589369105599	0.151186768129747	0.143707130777018	0.112004155021789	0.0736394870621613	0.0406285965785868	0.0177729860779854	0.0056204445414747	0.0014285379616767	0.000232274490628522	2.8909700550331e-05	1.3457964049292e-05	
0.000112520079652372	0.000505846849314392	0.00080984846802431	0.00224941457480488	0.00456397235361903	0.0111528126318595	0.0226446660300399	0.0389990648002152	0.06484759204562	0.0972864400966291	0.128871023858698	0.143999052462487	0.149539679367124	0.133383177754583	0.0956129506663607	0.0595981355225398	0.0295330663448987	0.0118792580583871	0.00348713545098097	0.000748159827864019	0.000139663081322901	1.57922918810347e-05	2.0727383093858e-05	
2.94592605431011e-06	0.000178228526285762	0.000774287564607841	0.00125840141286614	0.00311973569151441	0.00693912882092747	0.0152908291848966	0.0296615474654971	0.048916120156468	0.0777999431436271	0.11074276124595	0.13919991594291	0.145769822031697	0.145037759407201	0.118369272812883	0.0801007113920433	0.045595079517909	0.0208173864627824	0.00774385762142984	0.00224577762873574	0.000381006436357441	5.25356813018636e-05	4.90987675718352e-07	2.45493837859176e-06	
