# <P(U)> as a function of N_tot.
# number_of_species: 1
# species_total_upper_bound: 151
# species_total_lower_bound: 97
# volume: 729
# Bin widths for each
10	10	10	10	10	10	10	10	10	10	10	10	10	10	10	10	10	10	10	10	10	10	10	10	10	10	10	10	10	10	10	10	10	10	10	10	10	10	10	10	10	10	10	10	10	10	10	10	10	10	10	10	10	10	10	
# Bin lower bound for each
-250	-260	-260	-260	-270	-270	-280	-280	-280	-280	-310	-310	-320	-320	-320	-320	-320	-320	-330	-330	-350	-350	-360	-360	-360	-360	-370	-370	-370	-370	-380	-380	-380	-380	-390	-390	-400	-410	-410	-410	-420	-430	-440	-440	-450	-450	-460	-460	-460	-460	-460	-470	-470	-470	-480	
# Bin upper bound for each
-100	-100	-100	-100	-110	-110	-110	-120	-120	-120	-120	-130	-130	-130	-140	-140	-140	-140	-150	-150	-150	-150	-160	-160	-160	-170	-170	-170	-170	-180	-180	-190	-190	-190	-190	-200	-200	-210	-210	-210	-220	-220	-220	-220	-230	-230	-230	-230	-240	-240	-240	-240	-250	-250	-250	
# Normalized histogram for each
2.17430914588353e-06	7.52310964475702e-05	0.00036050045638749	0.00192339387044857	0.00659815853409817	0.0189169244310159	0.046910284960608	0.096197524679496	0.161277641448594	0.221814321826454	0.218758982614659	0.149666830609576	0.0613437839328121	0.0146204895587501	0.00146983298261727	6.39246888889759e-05	
3.03695936157908e-06	8.24317541000036e-06	0.000141435535982111	0.000708045382585294	0.00315800388470487	0.00971176218699253	0.026730014746607	0.0613044955241727	0.116690391103965	0.181068289502056	0.225092486258844	0.201427631210745	0.121283575212685	0.0434311219786051	0.00845879952467248	0.000756202881033191	2.64649315794748e-05	
7.34251493229985e-06	6.47868964614693e-05	0.000231505176688984	0.0012788933361494	0.00478386443471489	0.0139827399069574	0.0363471765654566	0.0779433874822214	0.137749899256376	0.19921711514316	0.22182601435764	0.178804923631366	0.0935134063524848	0.0291774266903873	0.00472166901411188	0.000340347162744252	9.50207814768216e-06	
1.54815603864714e-05	0.000137613870101968	0.000455415901368699	0.00195411695544794	0.00703421897893089	0.020415447672971	0.0488963582639494	0.0969494015301802	0.157730007607467	0.211223959262854	0.211828600204615	0.152364786846866	0.0697685119683213	0.0186380785319352	0.00241297320356919	0.000173737511003734	1.29013003220595e-06	
2.15008172460635e-06	5.63321411846864e-05	0.000166846341829453	0.000786499894861004	0.00328016467905945	0.0105801221504429	0.028200041883592	0.0641356477959727	0.115184608166956	0.176273590159162	0.215511721600538	0.197152173754124	0.125638305511993	0.0500921740035339	0.0115992608879063	0.00125736779254979	8.29931545698052e-05	
1.20302716005675e-05	9.62421728045399e-05	0.000402154793504684	0.00126231921294526	0.00509181245494019	0.0152720001443633	0.0381290865328843	0.0804941176268399	0.134931526271965	0.191580356628809	0.216011260334218	0.174685129123483	0.099640294879143	0.034951805872663	0.00675757541906162	0.000659946327802559	2.23419329724825e-05	
4.72973641178977e-06	1.5909113385111e-05	0.000169410558749561	0.000780836483982748	0.00200411831048656	0.00775289793099831	0.0218883601616882	0.0508231676248683	0.0977941799303525	0.154350218062347	0.202575040492993	0.208055945042183	0.151904084385377	0.07510176457866	0.0228734352634528	0.00359158984069818	0.000310012722990948	4.29976037435434e-06	
2.48462743868325e-05	5.8688613637863e-05	0.000286160539489726	0.0012560220086585	0.00344377930682322	0.0115410944526837	0.0301205387014994	0.0652728763503736	0.116726940301257	0.172294776199325	0.20872241313871	0.193217481153244	0.126245633695661	0.054626676159657	0.0140711305997291	0.00194871900320174	0.000142223501662558	
4.78776930133622e-05	0.000132091135188651	0.000518105035108883	0.0019074130913002	0.00543069832180136	0.0171261072785208	0.0412722812951258	0.0815699095539082	0.136206906870192	0.187387305742673	0.206446047397206	0.173298867094089	0.100428163368948	0.0385949778009947	0.0086102901131709	0.000965675968903438	5.72822398552726e-05	
3.07505964334433e-05	0.000182795212132135	0.000806348973143625	0.00310794569786343	0.00865244907146012	0.0236497712070207	0.0534137860048911	0.0987055707267989	0.154547372575081	0.197464527905739	0.198845742195541	0.151618378264795	0.0773044368839737	0.0261807161301399	0.00506231693785561	0.000413851777000091	1.32398401310659e-05	
8.53168068990583e-07	0	1.45038571728399e-05	6.35610211397984e-05	0.000351078660389625	0.00142095141890382	0.0048289312704867	0.0126413912782335	0.0319409061668694	0.0671903981052843	0.117299944885343	0.171996123204294	0.203019873696999	0.186265785742196	0.12719157547722	0.0564242702426922	0.0164733956601047	0.00272032638797647	0.0001539968364528	2.13292017247646e-06	
7.67971820553998e-06	2.55990606851333e-06	4.69316112560776e-05	0.000131835162528436	0.000637843262071237	0.00236321995224922	0.00707003391022239	0.0184744154454493	0.0421138680351356	0.0831973738776945	0.136271053094158	0.187249022542533	0.201154432306697	0.16815724308356	0.101723414095525	0.0397148093979272	0.010286129234298	0.00134523063900375	5.29047254159421e-05	
4.25904173264632e-07	8.94398763855728e-06	9.79579598508654e-06	6.47374343362241e-05	0.000252561174745927	0.000954451252286041	0.00359718664739308	0.0101859242077969	0.0258830484176382	0.0551102964037503	0.0999682275486745	0.154890274307842	0.196179554384982	0.192946089901557	0.14678318836975	0.0785299150832259	0.0277808774137054	0.00613642732839682	0.00069422380242135	2.38506337028194e-05	
1.28177192150429e-06	2.17901226655729e-05	1.87993215153962e-05	0.000176457267860424	0.000404612669888187	0.00161759616493841	0.00545479404061508	0.0145211940987221	0.03448650080538	0.0699198038034445	0.118108873707013	0.171377605735502	0.200142276683287	0.180071010164451	0.123236815907644	0.0583616391299332	0.018221669636105	0.0035462356494952	0.000305488974625189	5.55434499318525e-06	
6.45221788537592e-06	1.89265057971027e-05	5.93604045454585e-05	0.000204750380895929	0.000654685041436143	0.0026036849906787	0.00819732774944059	0.019978647460278	0.0453762976485537	0.0860454872757962	0.136364613972407	0.184273192067041	0.196249798905876	0.164168941431928	0.10018014592336	0.0416641216251674	0.0119236986521747	0.00189867264973662	0.000131195097002644	
5.17947305767602e-06	2.07178922307041e-05	0.00011783301206213	0.000411336485330437	0.00107042443191971	0.00421436457792906	0.0119762365776114	0.0279575006970707	0.0573298607843967	0.103570038129554	0.153627487118219	0.193524104835988	0.187761077813813	0.143473130188645	0.0782998207039076	0.0285535717214583	0.00710407892135747	0.000940074359968198	4.31622754806335e-05	
9.52679953665111e-06	3.50759437485791e-05	0.000219982462028126	0.000653018804603176	0.0018936679260807	0.0064150003789068	0.0177886999166405	0.0379131978651308	0.0727544359160343	0.121583613904797	0.168775048445941	0.195137001872882	0.17435472172002	0.119922053458336	0.0586417815115134	0.0194091219105563	0.0040683764384926	0.000413982743501748	1.16919812495264e-05	
2.38370860852527e-05	6.32766285172162e-05	0.000327651583280928	0.00111860943974613	0.00325181194359365	0.00931163262803007	0.0240464190412377	0.0500990539277234	0.0898450112662737	0.139813611322876	0.179775836042454	0.191922781709934	0.156813787717313	0.0969775008245465	0.0423207960373228	0.0118617674375869	0.00222855084818853	0.000194163901203513	3.90061408667771e-06	
1.73933764283223e-06	6.34858239633765e-05	9.95770800521453e-05	0.000493537056153646	0.00186804862840182	0.00507625691060587	0.0138855672371404	0.0330061059447952	0.0633284139067002	0.107708048697975	0.155891180079714	0.185205541877598	0.182561313826082	0.136653670915579	0.0768165424924535	0.029106945783976	0.00705736248579179	0.00108186801384165	9.47939015343567e-05	
2.18298095654733e-05	0.000105656278296891	0.000261957714785679	0.000872319190236312	0.00291384298079937	0.00766444613843767	0.0203318480330905	0.0430946636593921	0.0787824729332191	0.12567770643796	0.167495326237772	0.188210505726832	0.166758351866842	0.115572250993911	0.0579791010135144	0.0194446845723497	0.00425681286526729	0.000544872046754213	1.13515009740461e-05	
3.930822760512e-06	4.36758084501334e-07	6.46401965061974e-05	0.000163784281688	0.000379542775431659	0.001474058535192	0.00422083012862089	0.011619948838158	0.0275397810182316	0.055359960726713	0.0951656557900801	0.141036173614833	0.176562076208171	0.18423984657562	0.15068634349189	0.0940335788350526	0.0422004396406879	0.0126751563703132	0.00231088702509656	0.000253756447095275	9.17191977452801e-06	
9.18222251760801e-06	3.935238221832e-06	0.000156097782799336	0.000212940112670243	0.000681233461068251	0.00214689107435501	0.0063619684586284	0.0160002413612776	0.0367695541987243	0.069446023398052	0.113025288715311	0.156027385760034	0.181139015350927	0.175062570287727	0.130493373933332	0.0739422516908407	0.0292886663390216	0.00790676808504312	0.00124047453725971	8.35145000411014e-05	2.623492147888e-06	
7.01776239523248e-06	2.32463379342076e-05	1.62285755389751e-05	0.00020746260080906	0.000338607035569967	0.00105705046078189	0.00341896611692733	0.00988627277428376	0.0229173803219311	0.0476413958504848	0.0851798455127331	0.128893487472636	0.1674398632589	0.178778812848997	0.161491432408641	0.11079730991623	0.056337719288627	0.0202558939335392	0.00466198728118288	0.000617563090780458	3.24571510779502e-05	
3.74493717537453e-05	2.90783357146728e-05	3.70087909095836e-05	0.000258180374678761	0.000519885396110817	0.00194208036106481	0.00562137099065925	0.0141642335589548	0.0317006728991233	0.0606776750196389	0.100883761115304	0.144777949457447	0.174143543882513	0.174225491919527	0.145137022845439	0.0898899473109368	0.0404343069729408	0.012750850210884	0.00248267305685123	0.000279768836042685	7.04929350658734e-06	
2.69693959253222e-05	6.1012731765483e-05	8.84242489354826e-05	0.000334685782220802	0.000896179762961116	0.00325578084580447	0.00847148516926391	0.019870255099537	0.0420258349128115	0.0751491164427986	0.117093601046589	0.156976474286449	0.174990262279586	0.166759733188671	0.125473567118205	0.0714534249585401	0.0278739759919322	0.00774905905546102	0.00131133161171321	0.00013838394958403	4.42121244677413e-07	
3.71185243088774e-05	4.46306066094835e-05	0.000178522426437934	0.000626596041309382	0.00153158101493535	0.00446571198411327	0.0120127033730575	0.0268866263282577	0.0529827164661751	0.0911158137728284	0.134582047625718	0.166648475643841	0.173705414134469	0.15260220740329	0.105817842609503	0.0529513424753902	0.0186909445382964	0.00440517343851427	0.000635875672386602	7.86559205592878e-05	
3.08301457164816e-06	2.77471311448334e-05	6.34220140453335e-05	0.000359831843576649	0.000922702218228984	0.00250737170805614	0.00661394711749148	0.0166636937597583	0.0359113941612108	0.0669031779273774	0.107454068588266	0.148893307876442	0.171898322179427	0.168268733167291	0.135605515072638	0.0848890445077197	0.0381910632216181	0.011915410888767	0.00251089515328088	0.000369521317944686	2.77471311448334e-05	
1.19277865297298e-05	3.22492006174176e-05	0.000120603174911712	0.000563256586126129	0.00136153474387508	0.00391894052982344	0.00961423771283368	0.0231376970183184	0.0466698945318609	0.0810205944278683	0.123280300332829	0.160583790049752	0.17430030278907	0.158913016395847	0.115259968316265	0.0659443140241613	0.0264942645017587	0.00730996606323847	0.00129085156443965	0.000161687772958559	1.06024769153154e-05	
1.27826846635113e-05	5.24530853433738e-05	0.000298409569558521	0.000865255517050779	0.00238375029862996	0.00601491430752671	0.0137281625463813	0.0311963623124141	0.0594831211260752	0.0965079468628206	0.1388239224858	0.16703398519148	0.171208192907461	0.144574367455461	0.0958004913840298	0.0495518567069865	0.0176114539907101	0.00409266300347248	0.000690705754059384	6.699889892599e-05	2.20391114888125e-06	
4.38541508396741e-05	0.000106313092944664	0.000447843904029399	0.00128151574120381	0.00350656018229152	0.00867514838428462	0.0194340333902847	0.0408694107552526	0.0739868251499568	0.112800406470392	0.150334243934506	0.172403513116156	0.163126809814293	0.125871158276718	0.0773697963617002	0.0356919631288475	0.0113852463119324	0.00232559890816454	0.000314066595407363	2.56923307949606e-05	
4.00098691010449e-06	6.40157905616719e-05	0.000302296788763451	0.000566361924830347	0.00213963888870366	0.00559604702493282	0.0120180755697516	0.0263616136424763	0.0526578778320875	0.0882804425091523	0.129256772226038	0.159818088461821	0.170684324355563	0.150578031469985	0.108170682101585	0.0603651122832521	0.0249741602928722	0.00671143326464973	0.00128920689325589	0.000157372151797443	4.44554101122721e-06	
2.503426565111e-05	0.000119359802300828	0.000409936100036926	0.0010657444520044	0.00330228786365624	0.00762740429534354	0.0168449314999906	0.0351583909046937	0.0653725143432931	0.103634260107808	0.142761923239577	0.165880620527919	0.164926636190428	0.136927151181036	0.0897178906485395	0.0449150489017557	0.0167810047144887	0.00389327534920565	0.000578470352723862	5.81152595472195e-05	
4.68869964776144e-05	0.000224967415791631	0.000498625174079245	0.0016649392114599	0.00477931778518452	0.0112731667973341	0.0228055645848089	0.0457008456340317	0.0798922861423228	0.118524917057354	0.153571594414857	0.167664743548417	0.155743724693983	0.119720986304038	0.0715806643436564	0.0327343369254483	0.0108399129164208	0.00236103077455064	0.000347144108536183	2.43451712479921e-05	
7.93659792061134e-05	0.000319277996349165	0.000736516287032733	0.00243993696073652	0.00670393088357011	0.0153457522194129	0.0308688307123664	0.0579036043492557	0.0942536763455368	0.132798331046837	0.161834487919364	0.165624553566367	0.142847878093856	0.101059649202372	0.0561312486536129	0.0225744056055057	0.00696787945441558	0.00130205557886144	0.000181407952471116	2.72111928706675e-05	
4.0854679903583e-06	0.000100774877095505	0.000463473646461758	0.0011561874412714	0.00371505222589914	0.00921454608180923	0.0209956739433391	0.0410825582292674	0.070664978006564	0.110102908399268	0.147827665881349	0.165929466664851	0.159222490047346	0.125284961392328	0.0820262105468626	0.0425823789226167	0.0149945754063906	0.00396562759597445	0.000597386208367946	6.400566518228e-05	4.99334976599347e-06	
2.58736909955016e-05	0.000152518599552431	0.000685879773582508	0.00177166694658672	0.00576620169676942	0.0130362549421019	0.0278986477592022	0.0523697123481055	0.0862261179023246	0.125248637091979	0.158326562294315	0.164423220956782	0.147423752048334	0.108599597822979	0.0652475476734105	0.0305604604609148	0.00977934734749275	0.00218473815370788	0.000253743741517288	1.95187493474837e-05	
2.2784918571258e-06	5.14939159710431e-05	0.000318077463254762	0.00102668843082089	0.00316983787163341	0.00858353452416432	0.0184357333143763	0.03740782361192	0.0651329682277981	0.103641759105081	0.13777493421994	0.162204923912043	0.158480956820757	0.134557248019307	0.0910312180726329	0.0497782116026274	0.0208919475363579	0.00616377617189672	0.00119073984453394	0.000151747557684578	4.10128534282644e-06	
1.50544835445371e-05	3.28461459153537e-05	0.000101731813043387	0.000515502012282634	0.00167104767344362	0.00490821783199014	0.0119473293802388	0.0243011298161802	0.047089968330841	0.0798946003673294	0.118264373154115	0.14960735169737	0.162497639183262	0.150756966804408	0.119411251082326	0.0736282856410336	0.0372881309539342	0.0137912755162091	0.00366188907309089	0.000525538334645658	8.9870704796176e-05	
3.64630146526624e-05	3.23609255042379e-05	0.000245213773539155	0.000862806084218625	0.00268960311831701	0.00725841885429562	0.0157834716800881	0.0324028579710885	0.0592259631249533	0.0952081217718837	0.1315316653935	0.157467807715939	0.159793236475412	0.139700292251062	0.101575019917922	0.0587469302699539	0.0261540088349884	0.00904738551069187	0.00197219330502588	0.000245213773539155	2.09662334252809e-05	
3.70096563219347e-05	9.22956861361827e-05	0.00053412701531286	0.00142418640438852	0.00426570557310595	0.0100446948713755	0.0215652069022552	0.0419346820687758	0.0724274405126888	0.110069916266795	0.142580386344259	0.16127985788292	0.154053836713396	0.126209781697857	0.0836290298261277	0.045204782195888	0.0182311394679199	0.00537279689740284	0.000896456119797973	0.000146210987938507	4.56909337307835e-07	
2.28769608415061e-06	8.73899904145534e-05	0.00022282159859627	0.000871612208061383	0.00236913806474637	0.00610174299564651	0.0140967832705361	0.0282036324038424	0.0529899043971806	0.0859780243914157	0.124649696537114	0.151106901750316	0.16198672678732	0.144718281665717	0.110207928697088	0.0671017864618721	0.03317937138687	0.0123338846680896	0.00321009514528014	0.000476298324720158	0.000105691559087758	
3.65899786451737e-06	3.52178544459797e-05	0.000154135285042794	0.000473840223455	0.00126235426325849	0.00378523329084322	0.00913697504243294	0.0188607618673879	0.0367715564142004	0.0651791010848471	0.100353504931186	0.13712414659592	0.158447414026128	0.158131825460313	0.131448126158587	0.0929005836558969	0.0526891118743171	0.0233178786411031	0.00798164646671158	0.00166758827675379	0.000238749610659758	3.65899786451737e-05	
1.05361237875441e-05	2.15303399136771e-05	6.41329274024424e-05	0.000262945002350014	0.000826856671152918	0.00189925083578947	0.00549802424774367	0.0130460117106725	0.0248111972426506	0.0473644573483966	0.0792092043577408	0.114984383632178	0.147650032112273	0.160532962950408	0.149242819173546	0.117379748470659	0.0759791952783506	0.0390019817074567	0.0162636522969208	0.00500053596803615	0.000782421714309797	0.000158041856813162	1.00780314489552e-05	
1.18492213922197e-05	3.09902713334977e-05	0.000177738320883296	0.000375073430992185	0.00118902379278082	0.00312956166539895	0.00806339515740551	0.0174817032070829	0.0324559288718584	0.0584002548494078	0.0936535114483987	0.129390763167333	0.156107111492514	0.158128315218456	0.139034206423463	0.10018015373909	0.0590834080365977	0.0287772013688585	0.0107777783347925	0.00306484668702606	0.000403785005904102	8.24888104612218e-05	9.11478568632285e-07	
8.65576040855189e-06	3.00673782612855e-05	0.000104324691239915	0.000228694301320687	0.000588591707781529	0.00182682101254174	0.00457980838879853	0.0116834542861959	0.022980588318368	0.0427435115964411	0.0716282396461161	0.108296774134766	0.140983203269144	0.159385805464063	0.152773715644604	0.12436824338176	0.0832046358430483	0.0456390912362704	0.0202007225282109	0.00686902923369186	0.00157990405772937	0.000251017051848005	4.51010673919283e-05	
2.70183138374065e-05	6.9148565922854e-05	0.000228510823811286	0.000400695332334419	0.000934650483765199	0.00289141751812517	0.00680311983675443	0.0158679930979657	0.0302142598081059	0.0546745346438895	0.0854341980414928	0.121009532427472	0.150971468660588	0.159316922073688	0.142217534977268	0.109061026586021	0.0669454285012987	0.0340242999967029	0.0139277118144217	0.00406236376358701	0.000754681037356711	0.00013783919432304	2.56445012694028e-05	
2.1135305931256e-05	5.74328965523262e-05	7.67303497939078e-05	0.000336786505382841	0.000624869914489309	0.00185255551119183	0.00412735767783637	0.0101270277832786	0.02167747247471	0.0389418011783393	0.0663124818224882	0.100683083898435	0.132174689736006	0.155520932452941	0.155724934101494	0.129382072574046	0.0930757521526998	0.0525386948397232	0.0250549862551592	0.00901696475871521	0.0022394235023683	0.000374003022348748	4.64057804142796e-05	1.24055056553025e-05	
1.05882363773132e-05	8.51662491218669e-05	0.000135805640491626	0.000514680359558093	0.00106204614445485	0.00296884940857794	0.00635800576552489	0.0140123799501156	0.0279552458266236	0.0497941738919871	0.0790720285495681	0.11507571509726	0.142084464663372	0.15782548929161	0.147107892287252	0.115156738123451	0.0763522328749087	0.0400000552429724	0.0173076232539768	0.00559381131394489	0.00126184156131371	0.000238005139437866	2.48593375815179e-05	2.30179051680721e-06	
1.15520076002968e-05	9.19539804983628e-05	0.000258302889942637	0.00062889129376016	0.00155859686543205	0.0046503761795755	0.00881556803993852	0.0192900043712797	0.0352849140946507	0.0618263446767887	0.0954523904800367	0.127695429933377	0.148979772896772	0.155520981680364	0.13505452085507	0.0988574602403002	0.0607215106698963	0.0295675944931118	0.0116684518369078	0.00325073493872353	0.000681106368113502	0.00011598215630698	1.75590515524512e-05	
6.87372098044173e-05	0.000187297363628144	0.000423033700608394	0.00102183167595157	0.00257695338233205	0.00621541226640882	0.0122532149638599	0.0247172547926904	0.0455035715669685	0.0746952035267263	0.110032126572421	0.137018170612213	0.151896777931757	0.15181650763306	0.12011712082433	0.0838372524307138	0.0469673512093136	0.0211479944419738	0.00709469496363848	0.00202198114478363	0.000335382225018868	3.87511786816849e-05	1.3378383116296e-05	
0.000128795440641401	0.000274610278796131	0.00072861420705707	0.00143376924456874	0.00401335792712938	0.00851613852869608	0.0176711944397168	0.0326836829976219	0.0571985151725629	0.0878568898660987	0.122795413042378	0.144897630623876	0.153283593760781	0.142151067852198	0.10350139605058	0.0683080418953169	0.0341565508580996	0.0146891200051518	0.00445310236017645	0.00111592049641443	0.00013155534294086	1.01196417646815e-05	9.19967433152866e-07	
7.34758918710406e-06	0.000168994551303393	0.000456009753924646	0.00113015106184144	0.0022749973020571	0.00556396191193455	0.0118980430155424	0.0230562756448084	0.0421117889772385	0.0689488584831361	0.101644711917101	0.133120406321682	0.150217787135749	0.149531246771079	0.128980039814749	0.0889838972990721	0.0541016768576198	0.0248399029199779	0.00983061510802104	0.00255466491549124	0.000522138056608582	4.45447594468184e-05	9.18448648388008e-06	2.75534594516402e-06	
2.54861946744776e-05	0.000282623694515189	0.000629873096954946	0.00169983816266382	0.00320625431217312	0.00813100632239672	0.0164395057862764	0.0297924513532259	0.0528105811398519	0.082496536608188	0.115468845857674	0.140489007258104	0.150870080481762	0.143921451548013	0.113464538690774	0.0747874178297777	0.0403455563909364	0.0176733106748926	0.00573575913361502	0.0014499824327301	0.000241208628169163	2.63964159128518e-05	1.22879867180517e-05	
0.000102717693933709	0.00048430491657341	0.000878506592854092	0.00227060165537673	0.00452543524370223	0.0109223147882844	0.0219671699833669	0.0386087879492322	0.0642647845901834	0.0964361465367018	0.129025137001977	0.144206631958899	0.14969211722792	0.133388386413152	0.0972610417015817	0.0603475462184571	0.0293331098772974	0.0117832512492814	0.00354736457032468	0.000790205417367219	0.000131100214625918	1.44165184468364e-05	1.89216804614728e-05	
2.69440103465e-06	0.000163011262596325	0.000784070701083149	0.00137145012663685	0.00320588816439439	0.00678001113685761	0.014980869752654	0.0285678360367157	0.0485266117008856	0.0776194068725189	0.110236478597474	0.139359361247328	0.146124553178495	0.145293779526145	0.118753929334842	0.0812231682563633	0.045709615419159	0.0208636453449731	0.00771047762749008	0.00227182913904906	0.000400567620484633	4.80501517845916e-05	4.49066839108333e-07	2.24533419554166e-06	
