# <P(U)> as a function of N_tot.
# number_of_species: 1
# species_total_upper_bound: 151
# species_total_lower_bound: 97
# volume: 729
# Bin widths for each
10	10	10	10	10	10	10	10	10	10	10	10	10	10	10	10	10	10	10	10	10	10	10	10	10	10	10	10	10	10	10	10	10	10	10	10	10	10	10	10	10	10	10	10	10	10	10	10	10	10	10	10	10	10	10	
# Bin lower bound for each
-250	-260	-260	-260	-270	-270	-280	-280	-280	-280	-310	-310	-320	-320	-320	-320	-320	-320	-330	-330	-350	-350	-360	-360	-360	-360	-370	-370	-370	-370	-380	-380	-380	-380	-390	-390	-400	-410	-410	-410	-420	-430	-440	-440	-450	-450	-460	-460	-460	-460	-460	-470	-470	-470	-480	
# Bin upper bound for each
-100	-100	-100	-100	-110	-110	-110	-120	-120	-120	-120	-130	-130	-130	-140	-140	-140	-140	-150	-150	-150	-150	-160	-160	-160	-170	-170	-170	-170	-180	-180	-190	-190	-190	-190	-200	-200	-210	-210	-210	-220	-220	-220	-220	-230	-230	-230	-230	-240	-240	-240	-240	-250	-250	-250	
# Normalized histogram for each
2.22334871890647e-06	7.69278656741638e-05	0.00036107183195041	0.00193876008288644	0.00656421475769946	0.0189215869373816	0.0472061399998221	0.0968290600570956	0.161515612354704	0.221341035013296	0.218636108961874	0.149773218430672	0.0608174808569675	0.0144539900216109	0.00149720302731162	6.53664523358502e-05	
3.10611371926057e-06	8.43088009513583e-06	0.000144656153211278	0.000714406155429931	0.00317489195161562	0.00969107480409297	0.0266571116692255	0.0616554698662596	0.117348088852602	0.181256822356919	0.22475350768985	0.201241558026642	0.12126534198312	0.0429424658993087	0.00834701502471579	0.000768985010782652	2.70675624106992e-05	
7.50982572345023e-06	6.62631681480902e-05	0.000236780387515842	0.00128638897098159	0.00479480284719581	0.0139408870694495	0.0363568333450398	0.0783681237053833	0.138269144202348	0.199356717163618	0.221496566905258	0.178729876428026	0.0932349281110889	0.0288231528810563	0.00467729616234653	0.00034501022882439	9.71859799505323e-06	
1.58313503834045e-05	0.000140723114519151	0.000465705557111816	0.00196616576567227	0.00701944485610842	0.0204026528066126	0.0490494813253831	0.0974784616676832	0.158199606063231	0.211397340948799	0.211485732655107	0.152009108303587	0.0694376220608109	0.018368764042078	0.00238437727163387	0.000177662932080429	1.31927919861704e-06	
2.19941961715143e-06	5.76247939693674e-05	0.00017023507836752	0.000804547695953992	0.00329517047041627	0.0106333140810803	0.0281934803044173	0.0644152820953607	0.115661759174989	0.176620433400034	0.215587550757106	0.196663744371135	0.125341404910072	0.0497539509274293	0.0114431403841154	0.00127126453871352	8.4897597222045e-05	
1.23070539637944e-05	9.84564317103552e-05	0.000404374630238959	0.00129136159091528	0.0051316019652607	0.015339424152945	0.038181755847389	0.0808340490471263	0.135534508539777	0.191779503304884	0.215950996827417	0.174193162728263	0.0993170464125377	0.0345889751652442	0.00664668821573211	0.000672932129234616	2.28559573613325e-05	
4.83926810909118e-06	1.62775381851249e-05	0.000170254250747117	0.000789240635246325	0.00204437080935879	0.00778638238752771	0.0219601587455913	0.0510111650713946	0.0982714574247791	0.154767272997632	0.202587160717813	0.207775296064223	0.15150912575982	0.0748062862972604	0.0226433754159021	0.0035357452538878	0.000317192027877704	4.39933464462835e-06	
2.54057361771989e-05	6.00101009702801e-05	0.000289975816367339	0.00128123755721218	0.00347226328752854	0.0116318848997503	0.0301745680696327	0.0655827177917685	0.117214620212716	0.172687169095762	0.208607375810848	0.192773469753376	0.125729922131419	0.0544817251721348	0.0139131447964891	0.00192908382973076	0.000145425938117759	
4.89470484711258e-05	0.000135041410514088	0.000526180771064603	0.00193777868679439	0.00548250645598458	0.0172638862120972	0.0413266048622774	0.082113481109717	0.136576250105433	0.187562030550825	0.206415821783797	0.172393252824179	0.10003072301346	0.0386240285431217	0.00853557860437106	0.000969326370615688	5.85616472779541e-05	
3.14312206314532e-05	0.00018684114486475	0.000814155923300837	0.00314486824206929	0.0087435544170469	0.0237916878390861	0.0534937547910784	0.0994108392310527	0.154897857263842	0.197549587115993	0.198578523046943	0.150756357400917	0.0769279124954818	0.0262372114221056	0.00500760460921389	0.000414280949711793	1.35328866607646e-05	
8.72495664787166e-07	0	1.48324263013818e-05	6.50009270266438e-05	0.000359031966059919	0.00141606046394957	0.00488946570546728	0.0126638383265533	0.0321113304468268	0.0673374704169439	0.117925641556969	0.172272087773064	0.203167159263177	0.185739058359054	0.126519723855122	0.056192647042785	0.0164792618686676	0.00269339411719798	0.00015094175000818	2.18123916196791e-06	
7.85508931236548e-06	2.61836310412183e-06	4.80033235755668e-05	0.000134845699862274	0.000652408806777022	0.00236394548917132	0.00714856766810328	0.0185310284755715	0.0422581985312729	0.0833800274753568	0.136834783033705	0.187329479102844	0.201282736084709	0.167620187230418	0.101271738959672	0.0395128448166011	0.010236926949415	0.0013296920630432	5.41128374851844e-05	
4.35714279489796e-07	9.14999986928572e-06	1.00214284282653e-05	6.6228570482449e-05	0.000258378567737449	0.000969464271864796	0.00360640709133704	0.0101939712829433	0.025941992486543	0.0552028206399597	0.100264827139074	0.15542843349388	0.196253990053514	0.192939075815156	0.146146847912188	0.0782529774535289	0.0276107781769889	0.00613921419801123	0.000680585704563061	2.43999996514286e-05	
1.31047915923152e-06	2.22781457069358e-05	1.92203610020623e-05	0.000180409297587539	0.000413674587930749	0.00163242020601606	0.00552629061447931	0.0145231668689901	0.0345306890193641	0.0697895676248745	0.118479547133349	0.172096928280533	0.200140308635315	0.179792061903541	0.122722441824554	0.0581131983161216	0.018152757313675	0.00355052486874459	0.000307525776032996	5.67874302333658e-06	
6.60103768312379e-06	1.93630438704964e-05	6.07295466847388e-05	0.000209472929144462	0.000669785290247627	0.00262985341295652	0.00829794443686548	0.0199588975386931	0.045473668460682	0.0860326443316889	0.136776581278577	0.184717277556032	0.19625677156449	0.16379550865396	0.0997513609139357	0.0414061090403411	0.0118858284522327	0.00191738141235802	0.00013422109955685	
5.29803897502372e-06	2.11921559000949e-05	0.00012053038668179	0.000420752595266467	0.00108918851261529	0.00423401614753979	0.0120790873598062	0.0279851248725711	0.0575415598044847	0.103298514915525	0.154186179270628	0.193755907865336	0.187849035911433	0.143006434026832	0.0779897827318367	0.0283723232209958	0.00705301438550033	0.000947907473281327	4.41503247918643e-05	
9.74502151213499e-06	3.58793973855879e-05	0.000225021405825662	0.000667976929104526	0.00192331288207682	0.00645076128551008	0.0178267450343578	0.0379050329935421	0.072931298041295	0.121608566405456	0.169080552790775	0.195205626598239	0.17440399226954	0.119637414326865	0.0584090012105974	0.0192313569986751	0.00402602275108159	0.000409733859032948	1.19597991285293e-05	
2.43818319001249e-05	6.4722681043968e-05	0.000335139362118081	0.00114417287516768	0.00327691820737679	0.00937326279447712	0.024020094175934	0.0501919958435626	0.0899618668149082	0.139868816878257	0.180048302625524	0.19186329505829	0.156737054798832	0.0967271602081411	0.042174806208767	0.0117808578681058	0.00221032388825496	0.000192838125028261	3.98975431092953e-06	
1.77870191223796e-06	6.49226197966855e-05	0.000101830684475623	0.000504706667597521	0.0019023216951385	0.00508575344256638	0.0139121170065692	0.0329242170710027	0.0635321195767935	0.10771374105035	0.156104660599218	0.18543812318489	0.182524609452645	0.136395754060665	0.0765704492689757	0.0290533170344948	0.00698229435649011	0.00109034427220187	9.69392542169687e-05	
2.23190870600629e-05	0.000108024381370704	0.000267829044720755	0.000886960519766899	0.00295817179894074	0.00772820708541738	0.0204085732077215	0.0430436985405549	0.0788872595955335	0.125664941401237	0.167634645472462	0.188293638836997	0.166572256928403	0.115508417643685	0.0578345575352586	0.0194243014683727	0.00419197093162101	0.000552620595607157	1.16059252712327e-05	
4.0169300210621e-06	4.46325557895789e-07	6.60561825685768e-05	0.000162908828631963	0.000387856909811441	0.00149340531671931	0.00426642600792585	0.0116995318491223	0.0275958629191388	0.0552613526253092	0.0952248967537403	0.141149565033428	0.1765226507989	0.184450285358245	0.150496961192439	0.0940381170952954	0.0420045909046885	0.0126136065916929	0.00229545234425804	0.000256637195790079	9.37283671581157e-06	
9.38856731803951e-06	4.02367170773122e-06	0.000159605644406672	0.000209678003436216	0.000696542280071693	0.0021763593192484	0.00643519228456479	0.0161304528016603	0.036891704664285	0.0692827089861554	0.112956088776504	0.156362117935606	0.180961058458138	0.175216149408766	0.130430447928547	0.0738066572095479	0.0291622313137333	0.00779027550080183	0.00123124354256575	8.53912551307403e-05	2.68244780515414e-06	
7.17725026981975e-06	2.37746415187779e-05	1.65973912489582e-05	0.000212177461101546	0.000336433606397801	0.00108017616560787	0.00347244339616717	0.0100055354542706	0.0230273103344329	0.0478471389237534	0.0850903391519899	0.128680471509456	0.167703629804608	0.178696037170979	0.161527157369287	0.110695628067714	0.0561615347831977	0.0201931936341379	0.00456966553116586	0.000620383570197545	3.31947824979164e-05	
3.82888746944773e-05	2.97301850568883e-05	3.78384173451305e-05	0.000258562518525058	0.000522980982591625	0.0019793095930298	0.00567351031502284	0.014225893549721	0.0318603978619492	0.0608928244846993	0.100722713771292	0.144670684145613	0.174328796026606	0.174109423297474	0.145195466957602	0.0898329073508333	0.0401988138557077	0.0127051495383263	0.00242346053948574	0.000286040416835213	7.20731758954867e-06	
2.75734006184578e-05	6.23791686122488e-05	9.0404592191665e-05	0.000338565197757785	0.000916250541862524	0.00327490635214306	0.0085274131584788	0.0199315004404964	0.0422261769208829	0.0754159628292479	0.117059934176416	0.156817613707506	0.17500746967943	0.166674878417124	0.125579210921598	0.0712691041854162	0.0276529566595865	0.00771015564506615	0.00127560879582439	0.000141483186779956	4.52022960958325e-07	
3.79838875966328e-05	4.56711029435704e-05	0.000182684411774282	0.000639395441209986	0.0015618612828425	0.00449069033002572	0.012077067499177	0.0268957577423824	0.0533081252961839	0.0913327099152417	0.134342679781357	0.166701786689722	0.17357280064247	0.152673975248975	0.105800953576454	0.052694052446705	0.0185406590385374	0.00440160906982886	0.000619046929997504	8.04896665738172e-05	
3.15466938388856e-06	2.83920244549971e-05	6.48960558971361e-05	0.000365490981476232	0.000940542143453633	0.00251607416717855	0.00666085907055328	0.0167503930943386	0.0359059962603648	0.0672638606032719	0.107597660677452	0.148534002603954	0.17190559606802	0.168089798114679	0.135811671645787	0.0848493397502313	0.0379781633785247	0.0118345168601305	0.00250931416135593	0.000361885645037502	2.83920244549971e-05	
1.21993206333887e-05	3.29833483791621e-05	0.000123348686404264	0.000562072402516132	0.00137716775150255	0.00393089220409192	0.00965101810108086	0.0232229882190709	0.0468011122165804	0.0812560601254813	0.123231211464831	0.16023401007935	0.174293049369295	0.159031247430236	0.115460244221363	0.0657791886819221	0.0262484197361513	0.00729203095193558	0.00129041702699845	0.000159494821614304	1.08438405630122e-05	
1.30758149276209e-05	5.36559302202373e-05	0.000305252645034459	0.000857593103183961	0.00241902576160986	0.0059873705663406	0.0137981409798294	0.0312038542091725	0.0598051703575785	0.0967772625105114	0.13849722815268	0.166775706939425	0.17103481548447	0.14487552049634	0.095911102494099	0.0493657102534679	0.0174931859223071	0.00407830158690795	0.000678138815556613	6.76335254876941e-05	2.2544508495898e-06	
4.48516633171384e-05	0.000108731305011245	0.000458030622359868	0.00129118424700853	0.00351791076421798	0.00869352088275322	0.0194860089993277	0.0409772044819044	0.0745334973967913	0.112922443772324	0.149906038030586	0.172045543919292	0.162908489921514	0.126103396222312	0.0773700253162722	0.0355909274599099	0.0113963999064911	0.00232639688013642	0.000293121476426147	2.62767320443841e-05	
4.09166046855877e-06	6.54665674969403e-05	0.000309147679846663	0.000579197270771542	0.00216403375892664	0.00556011194783042	0.0120194799408619	0.0263980294563183	0.0529492688657372	0.0888485885589899	0.12925464494389	0.159227421762906	0.170404928905126	0.150487635002064	0.108312162778983	0.0604374621521407	0.0248832058250697	0.00667349822421936	0.00128205361348175	0.000135024795462439	4.54628940950975e-06	
2.56013810116386e-05	0.000122063727323348	0.000419222614065582	0.00108714435795851	0.00330212098298331	0.00766212760276897	0.0168420513655137	0.0353737938777955	0.0657091445389968	0.104257052494717	0.14262483644832	0.165399550695763	0.164414354694333	0.136953673386724	0.0898462179902733	0.0448047026079578	0.0166930147546245	0.00384797899955289	0.000560030209629594	5.53172696858619e-05	
4.79559690425775e-05	0.000230096428386983	0.000498926524077585	0.00167430888070768	0.00480989147195314	0.0112779527965708	0.0227343571317904	0.0460142134114401	0.0803695929644904	0.118985675920939	0.153267277060078	0.167337281708118	0.155384717539342	0.119694409809578	0.0716033340465247	0.0325906921153009	0.0107624261293631	0.0023595258999122	0.000333847322950251	2.35168694343409e-05	
8.11988476259545e-05	0.000325723377333829	0.000747493391573787	0.00244617328390875	0.00669774494560373	0.0152820871166196	0.0307344598165463	0.0580813037101377	0.0949692441964864	0.13313687852142	0.161551835256354	0.165207175379767	0.142731798350318	0.101009046479612	0.0561585149983551	0.0223978901291433	0.0069246377255414	0.0013098534105604	0.000179101458192105	2.78396049003273e-05	
4.17977878752977e-06	0.000103101210092401	0.000474172682451988	0.00115176126589709	0.00374368853403083	0.00926192537330069	0.0208965718383224	0.0409465062622375	0.0711091832526481	0.110665216438234	0.147999464988315	0.165349726735351	0.158950020991778	0.125207131259915	0.0819793946194172	0.0426253840752286	0.0149468889442065	0.00391227294512786	0.00060328140500013	6.5018781139352e-05	5.10861851809194e-06	
2.64585753867478e-05	0.000155966339121882	0.000698599227316762	0.0017704036232466	0.00578839359776745	0.0130812125083147	0.0278232808540642	0.0523086035396004	0.0868324025639752	0.125879225422885	0.158274733777992	0.163725200307662	0.147281427797565	0.108476909786934	0.065117803325518	0.0305893624458121	0.0097483603806507	0.00214546553399207	0.000256230414271663	1.9959977923336e-05	
2.33040913594954e-06	5.26672464724597e-05	0.000325325115378556	0.00103516773818879	0.00317588157047204	0.00859128632059159	0.0184619672568195	0.0373960754045823	0.0650762090395638	0.104227082523516	0.138316773446013	0.16194898641185	0.157882422469618	0.134438972643793	0.0911301831794797	0.0496088175224395	0.0208333915935617	0.00615414444621556	0.00118384784106237	0.00015427308479986	4.19473644470918e-06	
1.53950797325175e-05	3.35892648709472e-05	0.000104033417586406	0.000525765298743855	0.0016538047773265	0.00493948800629985	0.0120515483251553	0.0243918710246872	0.0470823524801473	0.0799597115428576	0.118930256556671	0.150030650204195	0.162059339168535	0.150076835443392	0.119353387990532	0.0735175704511505	0.0372467626013393	0.0137557369997882	0.00365703121282438	0.000522966193337942	9.19039608274529e-05	
3.72872587106532e-05	3.30924421057047e-05	0.000250756814829143	0.000875784488966467	0.00265718327386792	0.00724957527481875	0.0159183968343117	0.0324361863523972	0.059229412189671	0.0954139002239566	0.132264898007695	0.157791289230274	0.159382056905018	0.139143931149077	0.101418547148573	0.0585698938012263	0.0261257839063531	0.00897504317165423	0.00196037762671259	0.000245163726022545	2.14401737586256e-05	
3.78305973871667e-05	9.43429712618232e-05	0.000545974917846888	0.00142868885688078	0.00422441670823362	0.0100722797932301	0.021668058459015	0.0419503961470704	0.0723633941798794	0.110587242962108	0.143351809610279	0.161449313538123	0.153574010659822	0.125605523080401	0.0834832545896454	0.0449362110741835	0.0182847887371306	0.00532056994363708	0.000879911672560767	0.000141514456892735	4.67044412187244e-07	
2.33766221622534e-06	8.9298696659808e-05	0.000227688299860348	0.000885506447506159	0.00236290896816057	0.00604846721826144	0.0141321031619687	0.0283030115167267	0.0531093478904235	0.0860367228032871	0.125116357136813	0.151701654457057	0.162017290284816	0.144118278227622	0.109828981307585	0.0669796328841749	0.0329750632220746	0.0123017136466642	0.00317735048429348	0.000480155819212685	0.00010612986461663	
3.73783917386279e-06	3.59767020484293e-05	0.00015745647519897	0.000484050173015231	0.00127787376756434	0.00378129155425894	0.00905024309971527	0.0189648615083863	0.0368270604604831	0.0652337037220468	0.100622163330489	0.137658075554812	0.159029638261269	0.157832128035943	0.130705227461531	0.0926259908778035	0.0525951350154233	0.0231769390274329	0.00800271367124022	0.00165773167360815	0.000240623396817417	3.73783917386279e-05	
1.07616990196092e-05	2.19912979965928e-05	6.55059940324039e-05	0.000268574575532856	0.000844559423060637	0.00191651822540519	0.00552262319688903	0.0129683152185865	0.0249301776288608	0.0474113668808245	0.0793553648707263	0.115441681183263	0.148264863193071	0.160757792054965	0.148723873051255	0.116718580166937	0.0758428398907173	0.0388183841636452	0.0161654756273252	0.0049985752446298	0.000780457128900356	0.000161425485294138	1.02937990622349e-05	
1.20980143901228e-05	3.16409607126289e-05	0.000181470215851842	0.000382948686271964	0.00121398921322425	0.00314920620739812	0.00802517131486339	0.0174234672630057	0.0325669241217191	0.0584073522425298	0.0938210322118939	0.12989405396552	0.156517595863968	0.158198289247704	0.138592526312018	0.099868643482218	0.0588340399039045	0.0285950529357926	0.0107314040722847	0.0030603323324553	0.000407610023297984	8.42207924850857e-05	9.30616491547908e-07	
8.83452196401653e-06	3.06883394539521e-05	0.00010647923840841	0.000233417369786121	0.000600747493553124	0.00186082931052601	0.00456837780507697	0.0116434349737336	0.0230260190621085	0.0427962842930569	0.0717470127691391	0.108572555139041	0.141318408260929	0.159636557065897	0.152836765002646	0.123967872098441	0.0828292231107375	0.0454898835424015	0.0199525353683112	0.0069034814526186	0.00157347485927536	0.000251086413714154	4.60325091809282e-05	
2.75853040461563e-05	7.05996764571119e-05	0.000233306215576813	0.000399285587379957	0.000941173170252756	0.0029263799665236	0.00672286587931663	0.0158208731917599	0.0303209246219878	0.0546698646917459	0.0857253064774034	0.121296789818685	0.151205337522559	0.159580983907014	0.142282192984917	0.108615965812925	0.0665268699563311	0.0338602593953675	0.0137879765478161	0.00406252045520427	0.000757894539979989	0.000138861615283194	2.61826614675382e-05	
2.15848234291058e-05	5.86544114921354e-05	7.83622937534929e-05	0.000342541763114071	0.0006048442913069	0.00182157140329976	0.00413865527488507	0.0100552430709198	0.0217255940166869	0.0389493446425295	0.0664066477502279	0.10090435717815	0.132391452973004	0.155635961629692	0.156096750686374	0.129224583987721	0.0925209994524024	0.052370412462514	0.0249637867663448	0.00900368678168875	0.00224388316604313	0.000381019057052911	4.73927644856454e-05	1.26693528823012e-05	
1.08174207506349e-05	8.70096886464114e-05	0.000138745179192926	0.000517825228106481	0.00103988335998495	0.0029776126422726	0.00635217759382937	0.013984103094723	0.0280495720063964	0.0498748941774057	0.0791750540871037	0.115177311635782	0.142371366757596	0.158034051359232	0.147239206095381	0.114850907722698	0.0758785626940081	0.039882419339667	0.0172481422255667	0.00557661555827298	0.00126469758254162	0.000241275515003292	2.53974226319255e-05	2.35161320665977e-06	
1.17947394518466e-05	9.38861260366986e-05	0.000263730374143289	0.000602475291200322	0.00151491633519517	0.00466552713757243	0.00886398259285173	0.0192820400558788	0.0353955413054135	0.0619058694869619	0.0954100063738772	0.128015384114562	0.149307719562613	0.155681124972813	0.134949747333091	0.0984926794770118	0.0603767994644245	0.0294665616777592	0.0116366899431918	0.00326053777406846	0.000666638673818368	0.000118419184096539	1.79280039668068e-05	
7.01911743784312e-05	0.000191259173138544	0.000425386781635728	0.000996337810807933	0.00252122929713667	0.00625784939894685	0.0122754471272024	0.0248561552006949	0.0455894032996447	0.0744912082020978	0.110098390125374	0.137279804632994	0.152393047964597	0.151860254553711	0.119694795583515	0.083446000374981	0.0469555402506343	0.021090328033036	0.0070973170012446	0.00201670078868499	0.000340120992625687	3.95708634079747e-05	1.3661369509896e-05	
0.000131509052284711	0.000280396086478474	0.000728935889806686	0.00138648115123024	0.0039551347474627	0.00860726747203436	0.0177560704343697	0.0329683800574037	0.0571481980206948	0.0875591966863476	0.122891451958569	0.145433042870542	0.153620890400825	0.14203963964641	0.102800156495772	0.0681508089450579	0.0342078528751871	0.0146299123914874	0.00443890018979574	0.0011201753203537	0.000134327103405098	1.03328541080845e-05	9.39350373462225e-07	
7.50535929562203e-06	0.000172623263799307	0.000452197897561227	0.00112158212973952	0.00221501916212045	0.00544982901853355	0.0119429029791586	0.0232825627049315	0.0424085636149563	0.068803974087747	0.101349557418344	0.133247334424738	0.150568765509121	0.150004456307082	0.128593542576496	0.0884459684493459	0.0540831499992964	0.0248849569145468	0.00983108250735291	0.00254478588617184	0.000531942340077211	4.55012407297086e-05	9.38169911952754e-06	2.81450973585826e-06	
2.601719085886e-05	0.000282936950590102	0.000572842791588828	0.00163629546794473	0.00312392127383883	0.00803373686306084	0.0165093013780284	0.0300735496693726	0.0532056198990626	0.0822867995742473	0.115320733889203	0.140605726662464	0.151085544058951	0.144123622540737	0.113008456051622	0.0744091658563396	0.0404692757882628	0.0177739226908465	0.00570333991041724	0.00146346698581087	0.000246234127771354	2.69463762466764e-05	1.25440027355218e-05	
0.000104853522388526	0.000471380966878244	0.000754669430875315	0.00213294138964029	0.00449766424982363	0.0108937291155237	0.0220767251853562	0.0389181323932081	0.0646040261913062	0.0965912487778586	0.128901769725109	0.144249014238924	0.149959852138138	0.133293200800934	0.0968221104806614	0.060016224702938	0.0294003758170987	0.0118093579009429	0.00353190812256089	0.000802957237238452	0.000133826206206409	1.47162838440037e-05	1.93151225452549e-05	
2.74975320964943e-06	0.000166360069183791	0.000722726801936193	0.00117460291272192	0.00299768929071949	0.00679143213563249	0.014942158941235	0.0288357453251904	0.0488113275166887	0.0779651276297952	0.110234398129435	0.139286915665986	0.146056349775941	0.145695673813275	0.118318214273602	0.0809541093686842	0.0456445284035758	0.0209563275029399	0.00770526678563932	0.00227771224199295	0.000408796643834549	4.90372655720816e-05	4.58292201608239e-07	2.2914610080412e-06	
