# <P(U)> as a function of N_tot.
# number_of_species: 1
# species_total_upper_bound: 151
# species_total_lower_bound: 97
# volume: 729
# Bin widths for each
10	10	10	10	10	10	10	10	10	10	10	10	10	10	10	10	10	10	10	10	10	10	10	10	10	10	10	10	10	10	10	10	10	10	10	10	10	10	10	10	10	10	10	10	10	10	10	10	10	10	10	10	10	10	10	
# Bin lower bound for each
-250	-250	-260	-260	-260	-260	-260	-270	-270	-270	-310	-310	-320	-320	-320	-320	-320	-320	-330	-330	-350	-350	-360	-360	-360	-360	-370	-370	-370	-370	-380	-380	-380	-380	-390	-390	-400	-410	-410	-410	-410	-420	-440	-440	-440	-450	-450	-450	-450	-450	-460	-460	-470	-470	-470	
# Bin upper bound for each
-100	-100	-110	-110	-110	-110	-120	-120	-120	-120	-130	-130	-130	-130	-140	-140	-140	-140	-150	-150	-150	-150	-160	-170	-170	-170	-170	-170	-170	-180	-180	-190	-190	-190	-200	-200	-200	-210	-210	-210	-220	-220	-220	-230	-230	-230	-240	-240	-250	-250	-250	-250	-260	-260	-270	
# Normalized histogram for each
3.1421805266504e-06	4.29431338642222e-05	0.000322597200736108	0.00181408555738617	0.00676406728036944	0.0191599694580053	0.0495804665300167	0.0982957860216957	0.161401244931925	0.218560650892222	0.216195636349163	0.146816290320722	0.0622445014459267	0.0172631398134173	0.00149986750472113	3.56113793020379e-05	
6.26555292982476e-06	0.000122178282131583	0.000560766987219316	0.00309309462969016	0.00966252687661142	0.0270327281157289	0.0656964109868559	0.117659774210358	0.181384624541962	0.221760891880574	0.196923195807927	0.120341430864323	0.0447485790248085	0.010320409934243	0.000679812492885987	7.30981175146222e-06	
2.07733718610137e-06	5.60881040247369e-05	0.000173457655039464	0.00112176208049474	0.00456287112927165	0.0144665761640099	0.0362993899899353	0.082464054276666	0.14035217097316	0.19918547608933	0.218209730039646	0.174480743603619	0.0919003584445315	0.0306926569246477	0.00582381480123519	0.000208772387203187	
1.13569137277211e-05	0.000141445198245254	0.000447049422191203	0.00167772589159516	0.00692668492720735	0.0202215011155587	0.0505372336416563	0.101416207141847	0.159779386788606	0.209774585911439	0.207107776078829	0.148997545874188	0.0696653736992462	0.0203877250346644	0.00281857949787987	8.98228631192486e-05	
2.37219784129996e-05	0.000192869998401345	0.000838520367381248	0.0032942608283096	0.0103644417857493	0.027942427789782	0.0665741853305348	0.119708322804557	0.178591430177451	0.212979016363008	0.192828742786714	0.122721014063008	0.0497449887320603	0.0128119311237514	0.00134802720807785	3.60986628023908e-05	
5.86302733816502e-05	0.000464927781903612	0.00148118585385221	0.00488379891256272	0.0150124357895646	0.0379615591126874	0.0835255103405287	0.139431018911863	0.193550875648276	0.213131329755172	0.170704612453893	0.0962986811274293	0.0353108535950644	0.00740490066797368	0.000765279357823644	1.44004180235632e-05	
0.000132068229749194	0.000772805500641769	0.00226889091576936	0.00769813329811514	0.0220017416497798	0.05163764604889	0.100812425969567	0.157657481046145	0.202513217140805	0.20501838637386	0.149532189567435	0.0727664992426712	0.022976776627225	0.00381656548314273	0.000395172906202667	
1.02448939448579e-05	0.000309395797134708	0.00133081172343704	0.00376807199291873	0.0111310772710881	0.0306199390223912	0.06693296560994	0.118476051535915	0.174220568468675	0.207891436907845	0.191750606497722	0.122767637609415	0.0539086319378422	0.0146645411926696	0.00206434612988886	0.000153673409172868	
8.90723574688708e-05	0.000571291672041723	0.00199542557134286	0.0057159881810196	0.0167937227535849	0.0421281536221735	0.0838856843316604	0.135016288979395	0.189090376704405	0.206269055853487	0.170401562759154	0.0985539563484019	0.0392061707691142	0.00918878630210477	0.00102689166139399	6.75721332522468e-05	
0.000153712096225808	0.000952811404419579	0.00327376226133907	0.00878907442922932	0.0232583706924984	0.0542247413361348	0.101584354348118	0.153191918204806	0.19759842663963	0.197565851890761	0.150439351925371	0.0765679651775935	0.0267245275643453	0.00532495347918677	0.000344070784929292	6.10776541294602e-06	
2.03082384430892e-06	0	2.6400709976016e-05	2.03082384430892e-05	0.000230498506329063	0.00159013507009389	0.00531060435286783	0.0126337551354458	0.0319052580060153	0.0686509846449409	0.118612297450707	0.171968132312235	0.203262112341113	0.183339730428443	0.127184404897535	0.055529831786861	0.0169198088588598	0.00271927312752964	9.44333087603648e-05	
1.82713106924725e-05	6.09043689749084e-06	6.69948058723993e-05	0.000101507281624847	0.000603968325667842	0.00268588267179346	0.00772673427728338	0.0179211105708668	0.0424828275056311	0.0850803582394983	0.137126186747006	0.185741069135594	0.200777342762683	0.165741089437051	0.102150837790349	0.0398669848581588	0.0104674308811543	0.00141501150585037	2.03014563249695e-05	
1.01007448289237e-06	2.12115641407397e-05	2.02014896578474e-05	9.29268524260979e-05	0.000145450725536501	0.00107875954772905	0.00370697335221499	0.0106078022193357	0.0250054038984835	0.0550137067107329	0.101400367263082	0.156820123915938	0.195405979236909	0.192283839010289	0.145186086021983	0.0783878403193451	0.0278952269940385	0.00624125022979195	0.000674729754572102	1.11108193118161e-05	
3.03137779152002e-06	5.15334224558404e-05	3.03137779152002e-05	0.000192997719393442	0.000343556149705603	0.00180468024521825	0.00560602799578436	0.0152569244247203	0.0336088855745825	0.0702380338887828	0.120139564633522	0.172451040722519	0.201441117002089	0.17821672128199	0.12058113533182	0.0577861443804824	0.0182165596085077	0.00377002351338707	0.000259688030806882	2.02091852768002e-06	
1.52889613698909e-05	4.48476200183468e-05	3.77127713790643e-05	0.000200795025991234	0.000571807155233921	0.00258587299969422	0.00871674650902049	0.0201722556314341	0.0451768423198451	0.0879084700845989	0.13790948934869	0.183633676485577	0.196188971562532	0.16351238405871	0.0981469778819692	0.0413199469982672	0.0116063602079299	0.0021353582713281	0.000116196106411171	
1.22190135997621e-05	3.97117941992269e-05	0.000145609912063832	0.000439884489591437	0.00103047014691327	0.00395081439725642	0.0128727308273494	0.0273899372350001	0.0579313617276056	0.104586610404897	0.156745506457749	0.194296571752084	0.1866250677137	0.14158985658951	0.076078633425519	0.0285639807917106	0.00656466505647221	0.00110480247964516	3.15657851327189e-05	
2.04174969782104e-05	6.22733657835419e-05	0.000213362843422299	0.000647234654209271	0.00176407173891738	0.00634882068537454	0.0196620495900167	0.0371190095063866	0.0733886511384796	0.122675467969031	0.169506059913103	0.197202394564046	0.172412490607951	0.117690536081801	0.0575844876024958	0.0193721211329261	0.00391097154617621	0.000407329064715298	1.22504981869263e-05	
4.5871325834221e-05	9.68394656500222e-05	0.000298673299320595	0.00117736402974501	0.00343321389799236	0.00956366175503693	0.0256991554579233	0.0491995453641928	0.0904664094474544	0.140592555593499	0.180342607835842	0.194447530848467	0.154135809705353	0.0948547662855949	0.0416093699828237	0.0114352118490731	0.00242710281802845	0.000167175498595828	7.13553957421216e-06	
4.09333625324653e-06	0.000104380074457786	8.18667250649305e-05	0.000505527027275946	0.00193921804997554	0.00538990051146237	0.0146173037603433	0.0341803810486718	0.0627805214501053	0.107420399959885	0.158663853180215	0.186014502690345	0.184380238191237	0.133412061833937	0.0740924561859521	0.0286881471308783	0.00637127787817822	0.00126074756599993	9.31233997613585e-05	
4.3078204377361e-05	0.000167184459845472	0.000263597583928137	0.000906693634990169	0.00294367729911967	0.00837871075139671	0.0216160275536401	0.0441592621729262	0.0789243987769893	0.125721688132262	0.170290193246773	0.189343067639961	0.167178305816276	0.110787910614777	0.0554283153037372	0.0194262188311242	0.00375395781002717	0.000654378437922769	1.3333729926326e-05	
9.19256586984144e-06	0	6.53693572966502e-05	0.000249220674693479	0.000307440258535808	0.00163219114000074	0.00438178973129109	0.0124385630181032	0.0285531309879353	0.0561185718429665	0.0958856117959005	0.142587931999526	0.177127466161144	0.186529418253576	0.149754047793171	0.0895672548546962	0.0403216580937478	0.0121597218533847	0.0019406527947443	0.000360552861339336	1.02139620776016e-05	
2.1368021433143e-05	0	0.000218767838482179	0.000295082200743404	0.000606444798769202	0.00251532138012998	0.00677875041845709	0.0171330830900601	0.0384024046146786	0.0700921979248599	0.115017954225628	0.155796279318706	0.181487763755155	0.177006584403176	0.128239671868593	0.0703130008130023	0.0275667826984148	0.00738417769239614	0.00101752483014967	0.000103787532675266	3.052574490449e-06	
1.61584987138845e-05	5.35250269897424e-05	7.06934318732447e-06	0.000292872789189156	0.000442338902292588	0.00114523359634656	0.00366393958337331	0.0102384287475851	0.0240317272122247	0.0489198548562853	0.0862126599817611	0.13182103250787	0.167575750537018	0.179241176702273	0.161715265034726	0.10841140749613	0.0521242871324825	0.0194164560170715	0.00419212051008341	0.000476675712059593	2.01981233923556e-06	
8.6126447810919e-05	6.68746535943606e-05	1.62120372349965e-05	0.000380982875022418	0.000596805620713309	0.0019920540752502	0.0060156790665109	0.0149677633772105	0.0330127740720889	0.0611720694969506	0.101398186886286	0.147401869045243	0.173031073409118	0.174011901661835	0.145428053511882	0.088425517341307	0.0368955569898705	0.0126555215665692	0.0021592407092361	0.000285737156266814	
6.18661257606491e-05	0.000110547667342799	5.67951318458418e-05	0.000478701825557809	0.000986815415821501	0.00334279918864097	0.00908722109533469	0.0210659229208925	0.0427758620689655	0.0751622718052738	0.118819472616633	0.159175456389452	0.171659229208925	0.165761663286004	0.127065922920892	0.0696815415821501	0.0261450304259635	0.00736511156186613	0.00103853955375254	0.000159229208924949	
8.49240586825246e-05	7.98690551895171e-05	0.000182991126446868	0.000696579481336422	0.00174903120858057	0.00472845026735913	0.0129418199427976	0.0283080195608415	0.0525417063063191	0.0915279152457894	0.138269510544232	0.166843423288805	0.170018976483113	0.152518554390321	0.106771783779303	0.0505328479181979	0.0174215640383008	0.00419969690199056	0.000498423344410531	8.39130579839231e-05	
7.02953811917678e-06	6.22616233412801e-05	0.000140590762383536	0.000338422049451796	0.00100823661023621	0.00265214431039227	0.00659772363471306	0.0181131112936559	0.0364401213900811	0.0669603674640841	0.1086133934794	0.151708479028879	0.172093135354761	0.166048736792	0.134350540973169	0.0845542971566522	0.0361860537980594	0.0116017505558356	0.00224543531921133	0.000256076031484297	2.20928340888413e-05	
2.70994549998494e-05	6.52394287033413e-05	0.000186685134443407	0.000526933847219295	0.00131281804221493	0.00388927363423765	0.00975981853401985	0.0247026587576405	0.0467826924814068	0.0801652063071472	0.124661507733382	0.163095560707798	0.174652976423474	0.15637790691839	0.114519285778808	0.0655134343038953	0.025284795198378	0.00727971655977437	0.00104583822629049	0.000144530426665864	6.02210111107765e-06	
2.9109977494976e-05	7.62882168833854e-05	0.000430626908460162	0.000782958015382114	0.0026088562589463	0.00560417256394659	0.0138121824252024	0.0333419659473491	0.060140209712293	0.095669439141075	0.138754213418294	0.167672466578734	0.171650495572272	0.144223877810368	0.0948945114643122	0.0488274701823489	0.0165565506483495	0.00437151558588347	0.000489850655777527	6.22351242996039e-05	1.00379232741297e-06	
9.96800170764959e-05	0.000180229525825179	0.000648423545426902	0.00132000507461905	0.00359955617220679	0.00869934694485782	0.019663141954413	0.041803181302848	0.0736413815046245	0.112250774785587	0.149986205896627	0.174212477521653	0.163488317300625	0.125279657825687	0.0757819846996208	0.0353139115042822	0.0113524463892676	0.00249502103349047	0.000163112755216084	2.11442460465294e-05	
9.08951352923591e-06	0.000131292973200074	0.000437306595351017	0.000651415136261907	0.0021562345983243	0.00549309600950157	0.0118648449934959	0.0257415023147961	0.0531665845243963	0.0891802470731766	0.128357060330131	0.160289531304285	0.173487504948735	0.150838457125775	0.106657361698002	0.0589980124263749	0.0245012886910293	0.00668988195751763	0.00124122356971455	0.000102004540716981	6.05967568615728e-06	
5.68711523111015e-05	0.000137100099321405	0.000517933708547531	0.00104094519855141	0.00296542437050743	0.0069809339461877	0.0161067227795369	0.0348254563402195	0.0658974166279063	0.103859926351858	0.139907096910475	0.1665309206424	0.169125666966594	0.138133935625918	0.0892349002012833	0.0434190936769434	0.016728243229794	0.00395965397966044	0.000523011490003879	4.87467019809441e-05	
8.6593934553323e-05	0.000230237990694718	0.00059495126798989	0.00168297858684811	0.00419012768020962	0.0108894419581232	0.0220030093939138	0.04644694899006	0.0804895715433993	0.118676477929244	0.15022723267179	0.168010570572529	0.159174932991576	0.122484573545247	0.0707095506997299	0.0306746278753007	0.0106235476414359	0.00255503044540864	0.000232275495037149	1.73187869106646e-05	
0.000149083547448152	0.000419490257647215	0.000809163805804799	0.00234832291290745	0.005909877453324	0.015161282694279	0.0300624403023209	0.0602626543657318	0.0949672478868692	0.1327265118871	0.158109785124341	0.166494449465304	0.146328072226352	0.102294961284545	0.0548822805464478	0.0210691038228106	0.0065596760877187	0.00133352662786382	8.32811540917265e-05	2.87885470934363e-05	
3.09696280857363e-06	0.00013626636357724	0.000492417086563207	0.0011045834017246	0.00355221634143396	0.00868801299898523	0.0214567906587343	0.0394645970696538	0.0732080715109359	0.109623192535081	0.146387238035658	0.162765009688332	0.161978381134954	0.128959595990878	0.0819528621614116	0.042375742109713	0.0135523092503182	0.00370499983999025	0.000551259379926106	4.33574793200308e-05	
2.06081888699294e-05	0.000183412880942371	0.000684191870481655	0.00153221884247925	0.0056878601281005	0.0124689846757508	0.0286010749231315	0.0505003668257619	0.088672915069532	0.124086026823619	0.155626859889046	0.16285415172573	0.150580944844243	0.112433126427117	0.0645448475406187	0.0306866236367683	0.00869974693144068	0.00193098729711238	0.000194747384820832	1.03040944349647e-05	
1.03622325637303e-06	7.35718512024853e-05	0.000373040372294292	0.00104658548893676	0.00277915077359247	0.00882654969778549	0.0179007567538441	0.0384739332858743	0.064751518844238	0.104654404000651	0.135961817245449	0.159813604160644	0.15949755606745	0.137568999516084	0.0928217706361271	0.0476818131420051	0.0208488119182254	0.00566296009607862	0.0011180848936265	0.000137817693097613	6.21733953823819e-06	
3.43391585033122e-05	3.85014807461379e-05	0.000126950828406184	0.000415191643721865	0.00159104767732013	0.00488032282971315	0.0120072590899915	0.0235223235747688	0.0476856447749328	0.0796085752162847	0.119635547064418	0.147208850762017	0.160583432708777	0.151301454107276	0.123565819842206	0.0744722695686377	0.0358375945107294	0.0137491909486141	0.00321227219090075	0.0004370438354967	8.63681865386336e-05	
6.63501900829274e-05	4.7689199122104e-05	0.000322420454934225	0.000533911685823556	0.00234195436558333	0.00745713933228901	0.0147193749812094	0.0313587585879435	0.0588194435085151	0.095602330135738	0.132282581312676	0.156580228265388	0.160314499900993	0.141605819741048	0.104110705292153	0.0581289868429647	0.0248802845593777	0.00888366841907195	0.00168674623851442	0.000237409273890474	1.96977126808691e-05	
3.86274921257335e-05	0.000101266668545842	0.000559576642686302	0.00118074847551904	0.00357252102849352	0.0101214469232159	0.0210592911124405	0.0407384323710912	0.0710338700466766	0.110509079026629	0.144066973807428	0.161884687540128	0.152470019324186	0.129285172158556	0.0859106744464524	0.0434862042433866	0.0179670037698344	0.00511344476842818	0.000774637815062008	0.000125278352840217	1.04398627366847e-06	
0.000107671657892646	0.000257157551860106	0.000797606553127078	0.00203112651733409	0.00544212282513705	0.0140140412204739	0.0278629162084523	0.0524340066819149	0.0848672188933444	0.125327719075236	0.149497392882381	0.162248644173395	0.143637127696496	0.114788440872579	0.0686171613987698	0.0321624650328451	0.0124062838433973	0.00293117794884446	0.000496544053388417	7.31749131309246e-05	
2.6032934786457e-05	0.000211387430466031	0.00053940240877539	0.00116106889147598	0.00349466116573399	0.00854088524474083	0.0183417645331462	0.0366731158923778	0.064335712396467	0.0991563246494405	0.138591014263966	0.158354177036452	0.157626296179823	0.131380932645508	0.0963416437403288	0.052604230664298	0.0226986364990076	0.00817121757077314	0.00154635632631555	0.000172858686982075	3.22808391352067e-05	
4.18119632389219e-06	0	4.18119632389219e-05	0.000341812799478187	0.000941814471956716	0.00177805373673515	0.00516273216092588	0.0122843547995953	0.0247861318080329	0.0472234765811194	0.0773573584874104	0.113879063077528	0.150011916409523	0.161426582373749	0.148105290885828	0.118211827768161	0.0788354113879063	0.0380363429584473	0.0157422041594541	0.00511255780503918	0.000588503382587826	0.000124390590635793	4.18119632389219e-06	
1.75804538445867e-05	1.13755877817914e-05	0.000182009404508662	0.000411589448832089	0.00130509016187461	0.00291938948254519	0.00725762500478292	0.0166817824098252	0.0326251857581778	0.0578634784685977	0.0921774219401996	0.128625839337403	0.156758702066117	0.158900415002125	0.139719105713337	0.10289943049671	0.0602885469548069	0.0279094875504533	0.0100973853728556	0.0030393502264259	0.000232682477354824	7.65266814411422e-05	
2.98331197007635e-05	7.61258916502242e-05	0.000148136870238274	0.000598719850546358	0.00171489001866113	0.0043751813133568	0.0101484043395873	0.0224447932976296	0.0428496184446863	0.0717815721848337	0.10634169826577	0.140753687476468	0.159260508973597	0.154758794083578	0.125896793865488	0.0851560683651656	0.0462608813732288	0.0191209722716583	0.00655299905151254	0.00155440840923633	0.000137849587582838	3.80629458251121e-05	
2.90646075084261e-05	0.000131828755484647	0.000192034013894958	0.000250163228911811	0.000916573158212153	0.00247152965991295	0.00654057471109261	0.0139354412785936	0.0293573296269039	0.0539096568196468	0.0849433914867689	0.118872168666069	0.151827281493838	0.16072312743481	0.143517917811518	0.1118800545169	0.0683371203824902	0.0340751382385395	0.0133375407812774	0.00402544813991702	0.000643573451972293	6.95474536808768e-05	1.34942820574836e-05	
3.32890173290141e-05	0.000100907333778574	0.000269432984006708	0.000648095556124243	0.00186626553400785	0.0032727265161587	0.00888712734505523	0.0198371334827178	0.0378756197478773	0.0664459188705036	0.0998171184610487	0.128973096232307	0.156703887949168	0.156940031915845	0.131447926614361	0.0960804262658669	0.0547968433689318	0.0250114951137964	0.00863121802433843	0.00207952330127185	0.000262151011465986	1.97653540391021e-05	
1.77602636041007e-05	9.92485319052688e-05	0.00059026758448923	0.00110844939317358	0.0027758247291821	0.00551403948837904	0.012053995380242	0.0261013191696972	0.0491436941139352	0.0794792690711278	0.113124521387014	0.142004799450059	0.157790539629939	0.148445506810016	0.118416035219647	0.0781911275991362	0.0421597316319697	0.0163154139238377	0.00524345664876362	0.00123695012395619	0.00018282624298339	5.22360694238257e-06	
8.39099520349737e-06	0.000206628256886123	0.000671279616279789	0.0013289238653539	0.00436226863141819	0.00807738175776665	0.0179693162282896	0.0331947770250356	0.061199723516708	0.0956898604262835	0.126261402575826	0.147142394139729	0.157852450642593	0.136565544685721	0.102629213459576	0.061893029495397	0.0301016464181464	0.0108873162765378	0.00310152160209271	0.000720576713100336	0.000136353672056832	
5.25422018965633e-05	0.000386710605958706	0.001085521891183	0.00229609422287982	0.00586370973165647	0.0110737944717197	0.0226971803752774	0.0438990096845787	0.0739825728024749	0.109393915192683	0.134974611608044	0.152780112986751	0.154290175869258	0.121588960252875	0.0872200551482951	0.0486708924608245	0.020684814042639	0.00663187672338422	0.00198189185553837	0.000385659761920775	5.98981101620822e-05	
3.13855463282049e-06	0.000130773109700854	0.000721867565548713	0.00123449815557606	0.00386042219836921	0.00792903518738217	0.0157911145425975	0.0296980501206251	0.0556790053711132	0.0856553406691817	0.122245656763481	0.144736539262272	0.156487287807552	0.144314926756597	0.105643748940738	0.070915641928579	0.0351057797529748	0.0142751926549452	0.00424541823332852	0.00117068087804204	0.000146465882864956	9.41566389846148e-06	
3.34715079018908e-05	0.000337853032884711	0.00103134083722701	0.00201352039722312	0.00540564852615537	0.0111742537161219	0.0213025228103096	0.0379368162529274	0.0656459948725834	0.0998371401943649	0.133465545789546	0.151000431991649	0.152679237309853	0.132711390877131	0.0913500209719917	0.056368111276028	0.0252207812040747	0.00941386159740679	0.00250408718491021	0.000517762387857374	4.7069307987034e-05	3.13795386580226e-06	
4.13394818922734e-06	0.000146755160717571	0.000520877471842645	0.00151612549839913	0.00299917941128444	0.00770877988586169	0.0151385182689505	0.0270329206964049	0.0489180424101745	0.0793366666735566	0.115119088712461	0.141561888304854	0.1523659618974	0.146247718577343	0.115561421168708	0.0776448483771153	0.0428411385720103	0.017642657384575	0.00568314527314029	0.0016938852705359	0.000295577295529755	2.06697409461367e-05	
6.44492707513864e-05	0.000279280173256008	0.000464443951129039	0.00205419262966324	0.00432219315753345	0.00968989670725607	0.0202554850932929	0.0352517050924131	0.06023244703651	0.0936857105736701	0.129974742023891	0.146503422460878	0.150381631753235	0.136991528501411	0.0990319310331423	0.0637689728934551	0.0309479260122372	0.0113860378327449	0.00376363281102144	0.000828633481089254	0.000103323434061746	1.8414077357539e-05	
6.46295699774104e-05	0.000530372820290813	0.000606286918359517	0.00292269277564512	0.00631010293541352	0.012114453839099	0.027097229545767	0.0447513608115012	0.0745117389868135	0.108956222186203	0.139767087340196	0.149772360292413	0.147895025164498	0.123274236601675	0.0821441834412887	0.0480690120703416	0.0211215589883318	0.00731237420315844	0.00238411302583336	0.00034571690606964	4.9241577125646e-05	
