# <P(U)> as a function of N_tot.
# number_of_species: 1
# species_total_upper_bound: 151
# species_total_lower_bound: 97
# volume: 729
# Bin widths for each
10	10	10	10	10	10	10	10	10	10	10	10	10	10	10	10	10	10	10	10	10	10	10	10	10	10	10	10	10	10	10	10	10	10	10	10	10	10	10	10	10	10	10	10	10	10	10	10	10	10	10	10	10	10	10	
# Bin lower bound for each
-250	-260	-260	-260	-270	-270	-280	-280	-280	-280	-310	-310	-320	-320	-320	-320	-320	-320	-330	-330	-350	-350	-360	-360	-360	-360	-370	-370	-370	-370	-380	-380	-380	-380	-390	-390	-400	-410	-410	-410	-420	-430	-440	-440	-450	-450	-460	-460	-460	-460	-460	-470	-470	-470	-480	
# Bin upper bound for each
-100	-100	-100	-100	-100	-100	-100	-100	-100	-110	-110	-110	-120	-120	-140	-140	-140	-140	-150	-150	-150	-150	-160	-160	-160	-170	-170	-170	-170	-180	-180	-190	-190	-190	-190	-200	-200	-200	-210	-210	-220	-220	-220	-220	-230	-230	-230	-230	-240	-240	-240	-240	-250	-250	-250	
# Normalized histogram for each
1.94399581341062e-06	6.84286526320537e-05	0.000363527217107785	0.00197898773805201	0.00655126589119378	0.0184185827337402	0.046284985120656	0.0946134986403693	0.160692637932335	0.221941336427138	0.219978289454756	0.150911228597578	0.0619951928871526	0.0146429540649341	0.00147004963410111	8.70910124407956e-05	
2.71686185378471e-06	7.37433931741563e-06	0.000140112447030897	0.000742479532327163	0.00323888745283334	0.00968716500123035	0.0260822619194551	0.0603108400459227	0.114948484418021	0.180560698186922	0.225402114960516	0.203490235986621	0.122242482249189	0.0438621821368662	0.00849795575551659	0.000753346979742302	3.06617266355702e-05	
6.56811404718688e-06	5.79539474751783e-05	0.00024263386009608	0.00129546390589515	0.00483722281592822	0.0137277447182704	0.0357204950658009	0.0768627750977297	0.135728531346517	0.199050559796497	0.222598021374961	0.180840656780496	0.0944077531563652	0.0294831048788724	0.00479163237724774	0.000338451053255041	1.04317105455321e-05	
1.38703896847453e-05	0.000124062929958	0.000454640550777763	0.00205512940495643	0.00703652574479176	0.02006775685361	0.0481556812538216	0.0958544102252513	0.155954808729253	0.211866349548461	0.212215035733591	0.15430615879978	0.0703598634074847	0.0189230644160161	0.0024392621415034	0.0001718387166499	1.54115440941615e-06	
1.92812118473021e-06	5.05167750399314e-05	0.000157720312910931	0.000782045952526571	0.00328667537149111	0.0104064556582259	0.0278170043321027	0.0631197463518019	0.114094257360988	0.175312490600409	0.216638683201206	0.197521747278843	0.127218207016973	0.0505009644462166	0.0117626960995651	0.00124749440652044	8.02098412847766e-05	1.15687271083812e-06	
1.0783456637025e-05	9.62808628305803e-05	0.000386278821676288	0.00127822473493878	0.00505166431099489	0.0150248212064377	0.0375476108866697	0.0792287517763819	0.133603946745129	0.191675941723119	0.216753255255972	0.175555059174218	0.100851122827422	0.0354363641265208	0.00682631317468815	0.000648162768575467	2.31074070793393e-05	2.31074070793393e-06	
4.23617361071798e-06	1.54042676753381e-05	0.000168676731044952	0.000747106982253899	0.00204299100044172	0.00763435505989757	0.0216272067094828	0.0501878742996353	0.0965751306570729	0.153227405886664	0.202678571084726	0.208738995094896	0.15318581436394	0.0759549779468653	0.0233112782730892	0.00357918159436481	0.000305774713355462	1.38638409078043e-05	1.15532007565036e-06	
2.22551957248536e-05	5.94750920233158e-05	0.000283178180085207	0.00124897693248963	0.00349214717744643	0.0113862185851605	0.0298634029805846	0.0647181091678744	0.115454199766474	0.171495852283824	0.209220711299078	0.193989332087042	0.127273243537456	0.0551103876893466	0.0142644293288178	0.00196306174704054	0.000141589090042603	1.22787286757813e-05	1.1511308133545e-06	
4.28752609361584e-05	0.000142024301851025	0.000527518835446663	0.00189799592608458	0.00539654065550915	0.0168974465868038	0.0408375375972015	0.0809821803524882	0.134914664832218	0.186766933526885	0.207489083078092	0.174008480879739	0.10137242944627	0.0389502604863509	0.00870329515521036	0.00099570137227632	6.62269655531732e-05	8.03911142552969e-06	7.65629659574256e-07	
3.17988047480596e-05	0.000191175946617852	0.000827152041579044	0.00302203580545415	0.00852207967247997	0.0234387840443559	0.0532070627060936	0.0981625271391305	0.153234992017734	0.19678824409682	0.199932877703713	0.152464924577449	0.0780082148189326	0.0265634955085146	0.00516596485810645	0.000421046824314669	1.3792252661809e-05	3.83118129494694e-06	
7.65948385802074e-07	0	1.30211225586353e-05	6.66375095647805e-05	0.000360761689712777	0.00142006830727705	0.00473547589522132	0.0125010436046757	0.0316064771659297	0.0669672503448683	0.116417644080636	0.171236187078298	0.202637773051025	0.187310762876933	0.127772445925959	0.0571412814776064	0.0168175457328632	0.00282558359522385	0.00016238105779004	4.21271612191141e-06	2.68081935030726e-06	
6.8914451896564e-06	2.29714839655213e-06	4.21143872701224e-05	0.00013821176185922	0.000637841538109309	0.00235917140325904	0.00697337681580009	0.0182711354881096	0.0415768545453292	0.0829385428575148	0.135187183137093	0.186505095458002	0.201145970763427	0.169235899528855	0.102458944215283	0.0404998748054124	0.010530128249795	0.00143074059298589	5.66629937816193e-05	1.53143226436809e-06	1.53143226436809e-06	
3.83098462051224e-07	8.04506770307571e-06	8.81126462717815e-06	5.93802616179397e-05	0.000264337938815345	0.000950467284349087	0.0036459480633415	0.0101448303735785	0.0255277660187833	0.054453998494423	0.0998220507643772	0.1539883423138	0.195852959148296	0.193056340375322	0.147622012071433	0.0791964126660014	0.0282496805916573	0.00638433587008365	0.000736315244062453	2.37521046471759e-05	3.83098462051224e-06	
1.15334976984905e-06	1.96069460874339e-05	1.88380462408679e-05	0.000172618015554075	0.000444039661391886	0.00163852557303222	0.00555376359174648	0.014548353996876	0.0340818701489628	0.0691875304436283	0.117675508117852	0.170584659909831	0.200093113771419	0.180413122198561	0.124056992394427	0.0589415555382126	0.0185424042498632	0.0037014838613689	0.000315248937092075	8.84234823550941e-06	7.68899846566036e-07	
5.8000827478472e-06	1.70135760603518e-05	5.91608440280415e-05	0.000223496521883712	0.000696009929741664	0.00262550412385883	0.00834554572978575	0.0199766450001353	0.0450596828514753	0.0858361979297571	0.135986420072926	0.183406349930592	0.196212545965656	0.164740910303654	0.100424952729326	0.0421240676366983	0.012198347363089	0.00192949419411717	0.000131855214467726	
4.65963501855505e-06	1.86385400742202e-05	0.000116490875463876	0.000413154304978548	0.00113267961242709	0.00416882012993392	0.0121270884387077	0.0279325704216465	0.0571131464224293	0.10328585812421	0.152724585671079	0.192866564750094	0.188232557724141	0.143978839044169	0.0786888097700121	0.0289464293411004	0.0072395196071617	0.000968039175104813	4.15484122487826e-05	
8.56858980875297e-06	3.89481354943317e-05	0.00023135192483633	0.00062823342552357	0.0019520805509759	0.006410863102367	0.0179402901713991	0.0381586567878616	0.072738369405149	0.121125585536532	0.167781167563837	0.194888680386537	0.1744911523468	0.120295211287793	0.0589125602673712	0.0196913983432242	0.00424729417565687	0.000448293039539758	1.12949592933562e-05	
2.14255134234737e-05	7.635273874547e-05	0.00031553937950934	0.00105023971253973	0.00332874567642878	0.00939917796148316	0.0244340450629189	0.0503491774355842	0.0897884834359356	0.139263110369053	0.178720335889722	0.191946889658216	0.156943833600893	0.0971514585126097	0.0426246955142376	0.0120633431669947	0.00231200767578757	0.000207632702812936	3.50599310565933e-06	
1.56442314047777e-06	5.74925504125579e-05	0.000128673803304296	0.000457202662804627	0.00182411738179708	0.00518488939332844	0.0141243943238035	0.033661301607875	0.0637967845628982	0.107530233454954	0.154945161102339	0.184129083682167	0.18295967738466	0.136534638479412	0.0766281831610969	0.0295339622575095	0.00724327914041206	0.00114985100825116	0.000109509619833444	
1.96051368595394e-05	0.000103123019881177	0.000279961354354222	0.000807339535875832	0.00284274484463321	0.00781499965494959	0.0204383551760698	0.0438621805931103	0.0790859457831703	0.124895700671907	0.166711497079619	0.187805055929534	0.166952640262991	0.11573069129281	0.0579947395496778	0.0196341524620915	0.0044009611222294	0.000610111859068866	1.01946711669605e-05	
3.5271295044383e-06	3.91903278270923e-07	5.80016851840966e-05	0.000157937021143182	0.000373483824192189	0.00137754002312229	0.00416749946113299	0.0117308408284835	0.0277483197146944	0.0561099680598828	0.0951944820018419	0.140366037661905	0.175898732192895	0.18387357200243	0.150929006721141	0.0942374541963043	0.0422679442713538	0.0127646816765622	0.00246428781376756	0.000268061842337311	8.22996884368938e-06	
8.23655059536533e-06	3.52995025515657e-06	0.000140021360121211	0.000209051498444272	0.00067343606534487	0.00202501479637482	0.00627036830324312	0.0160393095260414	0.0373390293656562	0.0702416956939706	0.112631691658061	0.155407236633353	0.180880534324648	0.175023170201258	0.13042891641117	0.0741195421576076	0.0292452456472772	0.00788159448637459	0.00134647991399472	8.35421560387055e-05	2.35330017010438e-06	
6.30123941441007e-06	2.08728555602333e-05	1.45716161458233e-05	0.000186280390188498	0.000326482967159122	0.00102907116186584	0.00326876794622522	0.0097019395608745	0.0232291252737593	0.0483643754703777	0.0858461166446058	0.128418865438214	0.166793019644508	0.178540499050285	0.161157742470708	0.110638343120602	0.0567903140498341	0.0202919600517174	0.0046912727440283	0.00065060296953784	3.34753343890535e-05	
3.36072389201876e-05	2.60950325733221e-05	3.32118596387736e-05	0.000231692258908587	0.000521505272185028	0.00187133013893233	0.00543330208519079	0.0140383367658845	0.0319549489031586	0.0616317223868098	0.101182302665212	0.144291691855622	0.173847083899879	0.173677466188152	0.145000606907197	0.0897542599152228	0.0409794810014325	0.0126612307287196	0.00251817064332558	0.000305628184533	6.32606850262354e-06	
2.41669532365493e-05	5.46727794531771e-05	7.92359122509813e-05	0.000301096466553729	0.00093577612368409	0.00311832932663737	0.00812762369914441	0.0196845776805113	0.0424375660629418	0.0764507699353593	0.117252114410318	0.156304326122337	0.174988154231118	0.166101846672171	0.12533457363948	0.0714018576067268	0.0281929299380217	0.00770608864596919	0.00134106781484786	0.000162829799675767	3.96179561254907e-07	
3.32746405645597e-05	4.00087940121492e-05	0.000163204189435698	0.00057319529639188	0.00154449789953831	0.00433639869357423	0.0117483248793299	0.0268296595885432	0.053558703002046	0.0923248476397782	0.134525014409108	0.165586891376124	0.173903174757224	0.15227584677028	0.105354246180844	0.05319901998261	0.018822355012686	0.00440849374813078	0.000686091398307351	8.67517414718879e-05	
2.76386631731396e-06	2.48747968558257e-05	6.00153828902461e-05	0.000330874281987015	0.000845743093098073	0.00253288606079558	0.00648521489455455	0.0165204186546762	0.0359073615184524	0.0671343128475562	0.108737213169902	0.148861050174439	0.170744159160795	0.168028068246966	0.13548985976932	0.0849154493809729	0.0384481443401546	0.0120011023878226	0.00251156480634773	0.000385756770287963	3.31663958077676e-05	
1.07010792236565e-05	3.17069014034267e-05	0.000115730190122508	0.000514048139003056	0.0012722394188125	0.00386903464375315	0.00944350424674311	0.0228622612569408	0.0466368886017653	0.0814645417758243	0.124121817915192	0.160201893694686	0.173488274391525	0.15891578250651	0.115501900432403	0.0658881301251234	0.0267859903056149	0.00735520845305991	0.00134199460190004	0.000166857568635533	1.14937517587422e-05	
1.14693458003804e-05	6.05106864640758e-05	0.000287129139692281	0.000809182120950975	0.00226816200569591	0.00584501591668351	0.0136868844866815	0.0308731059265274	0.0594444327993232	0.0972972288874062	0.138874002908468	0.16681412026756	0.170397302093472	0.144847554597052	0.096115886269967	0.0494910181180069	0.0179546676084713	0.00408981051454254	0.000754999349411247	7.43530003610866e-05	3.1639574621739e-06	
3.93594507806092e-05	0.000118873492761638	0.000424604984178693	0.00118873492761638	0.0033622512651678	0.00832710804646324	0.0193183340695008	0.0406654689201476	0.0741110628284178	0.113184660628105	0.150621461873613	0.171631059616051	0.163379489909469	0.126331909899458	0.0772900342268194	0.0357554768278191	0.0115382826318671	0.00235162779158893	0.000333561406110416	2.66372040636446e-05	
3.59193682022596e-06	5.74709891236153e-05	0.000300126276534435	0.000556750207135023	0.0020386236975238	0.00540347028989325	0.0117332611753137	0.0262522689067581	0.0525759774458296	0.0887172475227609	0.129301743446312	0.160230714093004	0.169946104983533	0.150995844528203	0.108187540608841	0.0602028566274427	0.0252094099166192	0.00681190862751296	0.00130467127392429	0.000166426406003803	3.99104091136217e-06	
2.24862211664406e-05	0.000108817248859025	0.000399531965368007	0.00108174785397127	0.00313803247170952	0.00738873135149417	0.0164916355272657	0.0351315082552539	0.0650968071975182	0.10434208930724	0.142752971995821	0.166254686971724	0.164598737398681	0.13708564118255	0.0892815411413524	0.0450696149314933	0.0170859142295217	0.00399572119334376	0.000614355685440252	5.9427870225593e-05	
4.20872525401073e-05	0.000211650318062271	0.000517187584098627	0.00163654662761725	0.00465185546104359	0.0110143149267702	0.0225466268078802	0.0456403878987818	0.0798864615425706	0.119293889214211	0.153646799729832	0.167970224887568	0.155364688066686	0.119635038770858	0.0713520570347022	0.032803775874049	0.0109932713005001	0.00241232800376519	0.000354099480505711	2.6709217958145e-05	
7.12691902476055e-05	0.000305032134259751	0.0007432358411536	0.00242355972093429	0.00658893845152005	0.0151518298466409	0.0306099135850887	0.0577948335131353	0.0943017635255687	0.13358900646269	0.162169580762043	0.165333525556521	0.142607206170364	0.101001881913875	0.0560090312317882	0.0227776332031347	0.0069615745033861	0.001352078352126	0.000179191106908265	2.89149286147428e-05	
3.66987740162894e-06	9.05236425735138e-05	0.000460365731826563	0.00114663280593117	0.0036784404488994	0.00912209192798233	0.0208179912069737	0.0408893662447939	0.0705236262629475	0.109842284979844	0.148032660277818	0.166315173964422	0.15934403795795	0.125134256348276	0.0818831201134563	0.042839294437526	0.0151586324895062	0.00401117599998043	0.000626733507367075	7.54363688112615e-05	4.48540571310203e-06	
2.32379991022794e-05	0.000136981889445015	0.000676348079134764	0.00184966319170249	0.00576710061931306	0.0128820051865583	0.0276087813544818	0.0523401276622288	0.0858856062610508	0.125128063797684	0.15789894242643	0.165105168253306	0.147452850303664	0.108629492119261	0.0654773431547174	0.030692096919579	0.00994708666835992	0.00221209444085909	0.000255210305930297	3.17993671925929e-05	
2.04302279114505e-06	4.61723150798781e-05	0.000304819000438841	0.00104766208729918	0.00324145996043073	0.00842787761803156	0.0183349037368521	0.0368365181334617	0.0653469011838908	0.103121983987605	0.137960425831326	0.162107729408986	0.159030119876405	0.134192274595338	0.0911592683363339	0.0501325104582337	0.0210831779955004	0.00626104764574312	0.00121314693338193	0.000140968572589008	8.98930028103822e-06	
1.34924295204545e-05	2.94380280446281e-05	9.1176114638223e-05	0.00049308696974752	0.00175156266865537	0.0050155040281035	0.0117588567578264	0.0241060652150448	0.0467749822554109	0.0799099359886435	0.118091058362526	0.149954861690332	0.162541662986913	0.150580010924779	0.119005272677912	0.0738015451693831	0.0375281705573927	0.0142120257615454	0.00372023079413987	0.000535199704311363	8.05457156221073e-05	5.31519950805784e-06	
3.27429774499114e-05	2.90593924867964e-05	0.000220196523350654	0.000857047434751432	0.00275368440353755	0.00729431680140402	0.0156863419218163	0.0319907075429997	0.0591587837948456	0.0951916119040369	0.131518308235841	0.157668487176213	0.160349727742143	0.139270617434326	0.101353021685674	0.0587327158007786	0.0264072113133536	0.00915534578221336	0.00204643609061946	0.000263990255689911	1.96457864699469e-05	
3.3194000491763e-05	8.2780099991804e-05	0.000490123760347512	0.0013740676993689	0.00432587492828457	0.0100626997787067	0.0213072698959102	0.0416572412097369	0.0729362347348578	0.109859027948529	0.142826407671502	0.161328169822146	0.154163593148103	0.125906483075158	0.0835124170149988	0.0451778542742398	0.0184472584214409	0.0054011966232276	0.000955249569707401	0.000152446520776985	4.0980247520695e-07	
2.0531815074048e-06	7.84315335828633e-05	0.000199979878821227	0.000845500144749296	0.00227697829171192	0.00614599352426553	0.0139883256099489	0.0278653687821965	0.0528833854499239	0.0862147340411334	0.124815367652947	0.151396266084111	0.161687633071826	0.14441134259592	0.110047243706485	0.0672798835435449	0.0334639841165879	0.0125424751924344	0.0032243162392285	0.000523561284388224	0.000107176074686531	
3.29368966114932e-06	3.17017629885623e-05	0.000138746676975915	0.000429414789572343	0.00127136420920364	0.00366505317044391	0.00911775640447662	0.018657516796788	0.0366427091914939	0.0653900325540052	0.100620984014489	0.13726945716289	0.158653737287902	0.157804788777741	0.13108061428959	0.092594262310268	0.0531206268550163	0.023466303702066	0.00806953966981585	0.00166907723578742	0.000270082552214245	3.29368966114932e-05	
9.47444823696996e-06	1.93608290059821e-05	5.76705544859041e-05	0.000236449273392207	0.000769078037322735	0.00187099756053555	0.00527644380292818	0.0128959598481122	0.0246364489438462	0.0473248689436649	0.0792072111261329	0.115150384209473	0.147971520632465	0.160977878399164	0.149108042488369	0.117065046618405	0.075506409258266	0.0394767303431975	0.0163846164619774	0.00508777870325287	0.000806151965206531	0.000152415036855604	9.06251570492778e-06	
1.06548687217723e-05	2.7866579733866e-05	0.000159823030826584	0.000350791062532195	0.00111753180785665	0.0031411372597071	0.00790427338098245	0.0174485769398315	0.0324264537441414	0.0585566996790016	0.0931620740767454	0.129409117862928	0.156168410855016	0.159285369758778	0.138903425499314	0.0998180886067079	0.0587972538305278	0.0289369842377609	0.0107749408962138	0.00311245107468694	0.000411441853717668	7.58134889818412e-05	8.19605286290176e-07	
7.78444782043655e-06	2.70407134815164e-05	9.38230816252616e-05	0.000206902428911603	0.000570722937572006	0.00174371631177779	0.00463051732981968	0.0113435793054961	0.0228588261708219	0.042654267270412	0.0718856882517113	0.107537639853751	0.141572474848039	0.159993346345652	0.153452361637586	0.123846877453125	0.08291666052105	0.045613176857738	0.0202108847885334	0.00690193726226706	0.00163883112009191	0.000252379992494153	4.05610702222747e-05	
2.4293301677926e-05	6.21743822604547e-05	0.000205463687072628	0.000361929019913508	0.000881558625295586	0.00285755107872553	0.00678730143828698	0.0154455988566502	0.0300586374422365	0.0552050869350212	0.0851566691495245	0.120909821205417	0.150885696721598	0.159777868637471	0.142816614806644	0.108778405148862	0.0668135793791867	0.0340793847453712	0.0138018893600691	0.00411997926422589	0.000816501986903852	0.000130936778535262	2.30580490502348e-05	
1.90291099878421e-05	5.17095380104404e-05	6.90839427819483e-05	0.000303224730893222	0.00058948873331902	0.00175895164496314	0.00408463982652071	0.00991292527475346	0.0211297582599782	0.0391147492563134	0.066883184844224	0.100309884919389	0.132099254182991	0.155511264612598	0.156048630131603	0.1298612653779	0.0929985699210168	0.0526072155903016	0.0249769478879549	0.00892382523168976	0.0022847342274533	0.000408712188434521	4.17813067124358e-05	1.11692602102551e-05	
9.53979213207718e-06	7.67331106275773e-05	0.000122358203433164	0.000463716852333143	0.00100333726815194	0.00283290348965596	0.00631866058000277	0.0136095504103355	0.0273132544212789	0.0500262551670418	0.0794270649709617	0.114821352875252	0.142064095789468	0.157993474782182	0.147660220808858	0.115558820284419	0.0761536719489463	0.040068371275437	0.0172525066840761	0.00564672739504777	0.00129990037138826	0.000253011878285525	2.23977728318334e-05	2.07386785479939e-06	
1.04110707161567e-05	8.28721229006076e-05	0.000232791541213265	0.000570110232416743	0.00148586801260989	0.00449591677806512	0.00870282223304974	0.0188290460544124	0.0349462164086803	0.062181993844975	0.0951434437323272	0.127499802189656	0.149774079765459	0.155328177771115	0.135674991358811	0.0991437935443033	0.060590349353889	0.0296028384743201	0.0116004314347705	0.0032815694897326	0.000693377309696038	0.000113272449391785	1.58248274885582e-05	
6.18875623444504e-05	0.000168633223569442	0.000380878487717188	0.000944927545863253	0.00245639626647704	0.0059968632559005	0.01203401573024	0.0241926372907037	0.0452692981202795	0.0750193554389614	0.109659776241157	0.137236707880737	0.152867263224001	0.151062555449594	0.12099184579447	0.0841006283456665	0.0469444158312538	0.0210156039727661	0.00719141781497862	0.00202069121346142	0.000337266447138884	3.48896324626432e-05	1.20452302549601e-05	
0.000115918221350812	0.000247154207665838	0.000669841721948618	0.00134920529779391	0.00388615837078596	0.00829933065507043	0.0172627071210219	0.0320696039239974	0.0570843420978549	0.0878995452693774	0.122659279916009	0.145479851757155	0.153777940431282	0.14182014791165	0.104414579862687	0.0684625435107324	0.0343233853419753	0.014495573579919	0.00442724806830564	0.00111736885509229	0.000128338030781256	9.10786024899234e-06	8.2798729536294e-07	
6.60063283567312e-06	0.000151814555220482	0.000409651775363963	0.00104124982982743	0.00214396805293708	0.00545831081554944	0.0116402160057095	0.0227090647315811	0.0416075016192177	0.068983626305172	0.101453789382057	0.133716857603723	0.15118873271975	0.149492370080982	0.128474717513542	0.0898135733763475	0.054142103374161	0.0248159042248176	0.00966621424829106	0.00250494016113795	0.000516499519391422	5.15674440286963e-05	8.2507910445914e-06	2.47523731337742e-06	
2.29203375019697e-05	0.0002541701712272	0.000566459769691537	0.00156676878495607	0.00307787389312165	0.00802702962658268	0.0160737052567385	0.0294166160168137	0.0522415885431056	0.0824190779066365	0.115051908425066	0.141255993565934	0.152119824250126	0.143450206590006	0.11349987414279	0.0754586625573776	0.0403500262969944	0.017642111208659	0.00578083655138965	0.0014259724260154	0.000255807338191626	3.15154640652084e-05	1.10508770098783e-05	
9.24381910819039e-05	0.000435837962337924	0.000793427806786342	0.00212972727084755	0.0044544666904249	0.0108456756562807	0.0214379571484115	0.0381031845362258	0.0641500774575281	0.0960513891473509	0.128259611848792	0.14558569121671	0.150511673767785	0.133344523219622	0.097784199799474	0.0603848428935911	0.0292793915945304	0.0118876324592654	0.00350454264785955	0.000785724624196183	0.000147576761200934	1.33792118671177e-05	1.7028087830877e-05	
2.42323005257601e-06	0.000146605418180849	0.00070515994529962	0.00125806026896238	0.00299107362822966	0.00677010089522196	0.0148701512176327	0.0281409706005653	0.0477598449778961	0.0777117761710865	0.109732741957501	0.138689533342434	0.14753755400774	0.145954780911732	0.118770986181934	0.0816773921521271	0.0459969451146471	0.0209274186057219	0.00770667931054259	0.00219100383920415	0.000409122007209917	4.72529860252323e-05	4.03871675429336e-07	2.01935837714668e-06	
