# <P(U)> as a function of N_tot.
# number_of_species: 1
# species_total_upper_bound: 151
# species_total_lower_bound: 97
# volume: 729
# Bin widths for each
10	10	10	10	10	10	10	10	10	10	10	10	10	10	10	10	10	10	10	10	10	10	10	10	10	10	10	10	10	10	10	10	10	10	10	10	10	10	10	10	10	10	10	10	10	10	10	10	10	10	10	10	10	10	10	
# Bin lower bound for each
-250	-260	-260	-260	-270	-270	-280	-280	-280	-280	-310	-310	-320	-320	-320	-320	-320	-320	-330	-330	-350	-350	-360	-360	-360	-360	-370	-370	-370	-370	-380	-380	-380	-380	-390	-390	-400	-410	-410	-410	-420	-430	-440	-440	-450	-450	-460	-460	-460	-460	-460	-470	-470	-470	-480	
# Bin upper bound for each
-100	-100	-100	-100	-100	-100	-100	-100	-100	-110	-110	-110	-120	-120	-140	-140	-140	-140	-150	-150	-150	-150	-160	-160	-160	-170	-170	-170	-170	-180	-180	-190	-190	-190	-190	-200	-200	-200	-210	-210	-220	-220	-220	-220	-230	-230	-230	-230	-240	-240	-240	-240	-250	-250	-250	
# Normalized histogram for each
2.08004166739468e-06	7.1969441691856e-05	0.000363175275127111	0.00203053667571069	0.00672311067735309	0.0188971785482807	0.0466241339746518	0.095461848291745	0.160947800106332	0.221993694977698	0.218943105868297	0.150041725635848	0.061806774113299	0.0145245149550836	0.00148265370051893	8.56977166966609e-05	
2.90427629791071e-06	7.88303566575763e-06	0.000135256296159841	0.000735611696599383	0.00332207718819586	0.00990897583185734	0.0265898941972145	0.0608383649920195	0.115881039183251	0.180774603680382	0.22538636209936	0.201876245467773	0.121614080595327	0.0437670289129003	0.00837800732624441	0.000752207561158873	2.94576595930943e-05	
7.0235715191696e-06	6.19726898750259e-05	0.000224341137347594	0.00129357661332471	0.00493715762671039	0.0140558192149217	0.0361680881135968	0.0775216377646699	0.136904695505451	0.198902174456427	0.222429486440582	0.179312194035666	0.0938307839834475	0.0293411765969639	0.00466365148872861	0.000335065676590973	1.11550841775047e-05	
1.48282273430865e-05	0.00013180646527188	0.000448553877128366	0.0020257006131472	0.0071500888457955	0.0204287664315294	0.0488029913477293	0.0964217839840316	0.156989326147684	0.211153133575143	0.212267310101895	0.152951929358325	0.0699402175300951	0.0187045731076916	0.00239681819192834	0.000170524614445494	1.6475808158985e-06	
2.06131165383157e-06	5.4006365330387e-05	0.000165729456968058	0.000797727610032816	0.00331829950033806	0.0106660510215861	0.0282317244108771	0.0639109678270477	0.114702511502119	0.17587688197754	0.215575270856351	0.197411817087449	0.126214937088768	0.0501649049323065	0.0115812733958873	0.00124132187793737	8.32769908147953e-05	1.23678699229894e-06	
1.15277761766978e-05	0.00010292657300623	0.000400590222140247	0.00127011391089688	0.00512162627279	0.0153607617554498	0.038064305229164	0.0800484660646972	0.134207605367991	0.191582582518292	0.2160984570895	0.175051339774616	0.100312238051872	0.0349806251018973	0.00671739986067859	0.000642261815558875	2.47023775214952e-05	2.47023775214952e-06	
4.52926895951986e-06	1.64700689437086e-05	0.000180347254933609	0.000770799226565562	0.00201511293526275	0.00776316699661705	0.0219624251847118	0.0507479881810785	0.0972615216367296	0.153926793837559	0.202314209387281	0.208251669241487	0.152343196708621	0.075624380313656	0.0229596878592534	0.00353530029876705	0.000307166785800165	1.39995586021523e-05	1.23525517077814e-06	
2.37885672145967e-05	6.35728951424566e-05	0.000302278862709616	0.00126817672116436	0.0034518031323801	0.0115189984521025	0.0300917172310436	0.0651454014648836	0.116150550459242	0.172123408524346	0.208689717514866	0.193288670981967	0.126736873017449	0.0549343640618732	0.0141246668575221	0.00193220586462008	0.000139450221602808	1.31247267390878e-05	1.23044313178948e-06	
4.58276202248745e-05	0.000148530590550263	0.000561797522935292	0.00190225541451287	0.00539456558075666	0.0171219354313382	0.0412018948084262	0.0812495064324384	0.135815880988944	0.187243063560045	0.206520943017855	0.173456724200789	0.100896871078312	0.0388004456736067	0.00860168064613671	0.000972200229056266	5.64661749199346e-05	8.59267879216397e-06	8.18350361158473e-07	
3.3945858400782e-05	0.000202448191667314	0.00085191834998589	0.00304735651740032	0.00855149341327651	0.0236079130658836	0.0533060403178641	0.0984777531931601	0.154227486329635	0.197203761037516	0.199003300519004	0.152053315447002	0.0775102553301132	0.0263877925785356	0.00510128544377053	0.000417165970708405	1.26785736195692e-05	4.08986245792554e-06	
8.17015157673713e-07	0	1.38892576804531e-05	6.61782277715707e-05	0.000372150404320376	0.0014452998139248	0.00475135164945148	0.0125436337157645	0.0319215992254696	0.067194186120138	0.116762087228623	0.171560110868957	0.202919603665947	0.186680610392024	0.127469479377516	0.0566722564120371	0.0166854920575914	0.0027831621346155	0.000153190342063821	2.04253789418428e-06	2.85955305185799e-06	
7.35240956842581e-06	2.45080318947527e-06	4.49313918070466e-05	0.000130301036240435	0.000661716861158323	0.00234950332431029	0.006962323394101	0.0184251383784751	0.0421248136878992	0.0830936652047626	0.135824329695116	0.18693868948201	0.201177856012862	0.168505790226769	0.101846394276231	0.0399644306763767	0.0104939307901349	0.00139205621162195	5.10583997807348e-05	1.63386879298351e-06	1.63386879298351e-06	
4.08101300537225e-07	8.57012731128172e-06	9.38632991235616e-06	6.32557015832698e-05	0.00026608204795027	0.000969240588775908	0.00358965903952543	0.0100862236427775	0.0258246502979956	0.0550385818969528	0.100051747244908	0.154680187334821	0.196097572123743	0.193051504016533	0.146876474265948	0.0784289079372438	0.0279386150347784	0.0062578253424378	0.000734174239666467	2.28536728300846e-05	4.08101300537225e-06	
1.22803103643773e-06	2.08765276194414e-05	2.00578402618162e-05	0.000179292531319908	0.000437997736329456	0.00166889417851887	0.00544508961556488	0.0143921144033714	0.0344208912639919	0.0699273619641947	0.11837768913213	0.171060220595309	0.200050349272494	0.180146012890232	0.123212037978907	0.0582999547675235	0.0184147347350625	0.00359935896779898	0.000319697413152622	5.32146782456349e-06	8.18687357625152e-07	
6.17982296043183e-06	1.81274806839334e-05	6.30341941964047e-05	0.000229477425930702	0.000702439876502418	0.00266350369594612	0.0082129847144139	0.0198821384164986	0.0452976903117679	0.0863395425447852	0.1366746125457	0.183805238347532	0.196209790981908	0.164294713285054	0.0998511074654733	0.0416190476975216	0.0120770220174732	0.00191780505872068	0.000135544116932138	
4.96104135565416e-06	1.98441654226166e-05	0.000124026033891354	0.000430370337602998	0.00110589880219791	0.0042590540038291	0.0119953845778588	0.0277338748585586	0.0573136705215336	0.103842037135875	0.153777398901212	0.193127965514148	0.187830400186535	0.143560961069468	0.0782414100602477	0.0285007691681202	0.00713604456999554	0.000951693100059657	4.42359520879163e-05	
9.11636333348942e-06	4.14380151522246e-05	0.000245727429852692	0.000647676176829271	0.00193059712594214	0.00646433036374704	0.0178262197383355	0.0379617800611045	0.0729454099732186	0.121785497772085	0.16861335555516	0.19482787270076	0.174290778011166	0.119939019816902	0.0585651755749421	0.0193527962165435	0.00410319226037328	0.000437999820159014	1.20170243941451e-05	
2.28023036130872e-05	8.12591183302744e-05	0.000329182346705295	0.00109243763673609	0.003309650722605	0.00940491377205242	0.0241148871265242	0.0502372061456769	0.0900363468719593	0.139866428251308	0.179248908702478	0.191984202564057	0.156704893001227	0.0968932068620838	0.0424085534342964	0.0118294205271312	0.00223338199206729	0.000198587335103068	3.7312860457779e-06	
1.66478684485435e-06	6.11809165483974e-05	0.00013692871798927	0.000478626217895626	0.00183875707014163	0.00516458498944941	0.0141053227397397	0.0331263448356231	0.0636477144557604	0.107925217774929	0.15582488107179	0.184477943655289	0.182806913859767	0.136291104627691	0.0766759201068793	0.0291849619804304	0.0070478751076909	0.0010995917110263	0.000104465374514611	
2.0875737174469e-05	0.000109806377537707	0.000294765408903502	0.000842962267105057	0.00288419184802463	0.00781420593914723	0.0204920411252022	0.0431067272063045	0.079035958457283	0.125547100882	0.167323208600804	0.187894160012525	0.166976253848964	0.115338030374198	0.0579355983508168	0.0194966859767236	0.00429914931371014	0.000577422890245812	1.08553833307239e-05	
3.75743502455484e-06	4.17492780506093e-07	6.17889315149018e-05	0.000168249590543956	0.000382840879724087	0.0014115430908911	0.00421542460477002	0.0118233955439326	0.0277035684360428	0.0554150692349153	0.0953503411542256	0.141056198285691	0.176311376135528	0.184179445076946	0.150724078603871	0.0936373682758091	0.0422026752102389	0.0126763332945065	0.00239557357454396	0.000271787800109467	8.76734839062796e-06	
8.77561749005639e-06	3.76097892430988e-06	0.000149185497330959	0.000222733529628574	0.000665275383055703	0.0020580912446918	0.00637820236908241	0.0161830744247583	0.0370540001353952	0.0696972077656693	0.113185824954012	0.155862906467797	0.181183070245893	0.174825762204168	0.130380602709409	0.0736495787285718	0.0291964793894176	0.00791268177020085	0.00129503040960404	8.52488556176906e-05	2.50731928287325e-06	
6.70706274666795e-06	2.22171453483376e-05	1.55100826016696e-05	0.000198277542448371	0.000342898582923399	0.0010249230259752	0.00331203142258897	0.00987489232020356	0.0233024319390328	0.0479014229452808	0.0854140248873947	0.129041372097361	0.16743553359924	0.178671540465596	0.161027354336221	0.110378550813336	0.0563804078313341	0.0203115011454406	0.00467733788295756	0.000626691175391787	3.43736965766733e-05	
3.57684192631032e-05	2.77731255454684e-05	3.53476143305961e-05	0.000246591690449159	0.000518010871916236	0.00187510677925162	0.00549823724813773	0.0142046913017096	0.0320590237830532	0.0610545876574547	0.101132470234363	0.145016533425798	0.174168636735092	0.174006206031145	0.144741747804871	0.0893154261196988	0.040558862614764	0.0126940015940091	0.00251641349639244	0.000287830573834854	6.73287892011355e-06	
2.57455119452845e-05	5.82439450565452e-05	8.44115145747031e-05	0.000319497582665251	0.000884632672742889	0.00314981566635505	0.00825840052841608	0.0199856922482796	0.0423049408169768	0.0755508378897966	0.117442162285357	0.157014702375551	0.17511590756095	0.166433761229369	0.125236721541185	0.0709402809637263	0.0279532951089858	0.00774433440465614	0.00134298719688353	0.000153206898953086	4.22057572873516e-07	
3.54381484073716e-05	4.2610154632673e-05	0.000173815680283775	0.000598229695733964	0.00150401189371762	0.00433906376630735	0.0118211537901733	0.0270916206919973	0.0532318958523444	0.091496236595204	0.134655682528191	0.166289714457119	0.173973042538013	0.152587385622321	0.105493883333397	0.0528230914975022	0.0186961545812034	0.00439264287163754	0.000668262227110437	8.60640747036168e-05	
2.94458872929218e-06	2.65012985636296e-05	6.05743967168677e-05	0.00035250933644955	0.000881273341123874	0.00247597846580197	0.00647304733804972	0.0165069437608792	0.0359921286936711	0.0669204060840251	0.107801393379387	0.148981466758538	0.17167961865052	0.168408180572277	0.135455288102768	0.0848205609693923	0.0383015275685017	0.011934838775354	0.0025024797643656	0.000387003090135544	3.53350647515062e-05	
1.13975411704515e-05	3.08155742756652e-05	0.000115241805167898	0.000544549189254905	0.00130269674266716	0.00382661891519047	0.00941774605602862	0.022985463491565	0.0466615335518284	0.0810069685410978	0.123619842190489	0.160678314109481	0.17434945367786	0.159082658345617	0.115253624840223	0.0656641896010523	0.0266217012560935	0.00730877880834064	0.00133562297271513	0.000170540986402311	1.22418034793738e-05	
1.22138381944409e-05	5.18035206178012e-05	0.00028807811465509	0.000834752665564894	0.00229409574638344	0.00589422984590348	0.0135708377345268	0.0310176738450342	0.0595862625486658	0.0966931664838803	0.139062971180396	0.167305155587452	0.17110534393326	0.144517502851299	0.0957152170946564	0.0494197163357138	0.0177302813899853	0.00405836361522872	0.000765681304741159	7.32830291666456e-05	3.36933467432853e-06	
4.19151586382908e-05	0.000112197141809566	0.000431429764165842	0.00122824116373416	0.00337776904662913	0.00846305157596763	0.0192585335452519	0.0406534700247342	0.0739531583283727	0.112874558514832	0.150798039217347	0.172665473848751	0.16338655852838	0.125921180872801	0.0770379446499746	0.0356706467720671	0.0114259028906218	0.00233158362243503	0.000339978508955025	2.83668245329847e-05	
3.82721567083224e-06	6.12354507333158e-05	0.000308303484594819	0.000551119056599842	0.00205351383049432	0.00539594884968781	0.0118533121787531	0.0261913378202476	0.0526429263061118	0.0883108753735256	0.129448340880744	0.160179181732785	0.170894960364929	0.15077273610625	0.107956823904279	0.0600132931957634	0.0251086610315877	0.00676864353695963	0.00131060874416722	0.000170098474259211	4.25246185648026e-06	
2.39639752982766e-05	0.000114684738927467	0.000404820011288744	0.00104756806303895	0.00317351501450034	0.00744252604263619	0.0165912015408836	0.0348350615210877	0.0651430713514527	0.103689553546861	0.142835990980987	0.16650769136625	0.165375821461537	0.136935289991916	0.0894168666160856	0.04486869239285	0.0169716296487438	0.00393779465526324	0.00062092371710356	6.33333632883025e-05	
4.49072772674613e-05	0.000223240984108437	0.000510820278917372	0.00163868381951938	0.00462372235557668	0.0110579852263694	0.0224424118144138	0.0452937389324072	0.0798421163763454	0.118623004702742	0.153876080959185	0.168393653738121	0.156140012254505	0.119534967871866	0.0713248467215313	0.0326877480425393	0.0109608300592042	0.00238224469889023	0.000370485037456555	2.84988490351196e-05	
7.60482380492367e-05	0.000321575406608201	0.000765262555455462	0.00241398835636291	0.00648800110900059	0.0151305574422761	0.0303754045223063	0.0574320639361438	0.0942454950110183	0.132957090107602	0.162375155953208	0.166296203107027	0.143192313826308	0.100859953475861	0.0559419530317391	0.0226011017868729	0.00700078351413259	0.00130585688764546	0.000190337875803232	3.0853856579976e-05	
3.91359818826495e-06	9.6535421977202e-05	0.000485286175344853	0.00116364319464411	0.00364138569205896	0.0090069288081702	0.0207590293232867	0.0406183659075156	0.0701429854840295	0.109942974525955	0.148258840166041	0.166583611416227	0.159807433575368	0.125413428164166	0.0818520364190751	0.0424786295796709	0.0150586561399572	0.00400274125810876	0.000598345678561396	8.04461849810016e-05	4.78328667454604e-06	
2.47774700638172e-05	0.000146056665639343	0.00070724462796194	0.00179484515602634	0.00562144285728569	0.0128303825684847	0.0275612405601099	0.0520313830566443	0.0857591708154439	0.125052326104543	0.158615365422041	0.165353967894485	0.14807842025806	0.108529231111635	0.065152574879036	0.0304154312344788	0.00984752292676693	0.00219041529213289	0.000254295087497071	3.39060116662762e-05	
2.18059894947465e-06	4.92815362581271e-05	0.000323600884102038	0.00105322929259626	0.00318192998707341	0.00839705043463698	0.0182585911237411	0.0369681301102336	0.0647293353359954	0.103108312966539	0.137852668268099	0.162614241578963	0.159424025315882	0.13481640229085	0.0909697908543936	0.0498519809433097	0.0208857767380682	0.00617938130302126	0.0011783956722961	0.000146100129614802	9.59463537768846e-06	
1.44094924496443e-05	3.14388926174057e-05	9.73732368566871e-05	0.000515248517896371	0.00168154410374485	0.00490315729445623	0.011681731863798	0.0240328501495749	0.046594622115427	0.079479267141947	0.118113736307161	0.149820296163101	0.163297101465096	0.151243779356612	0.119459932222987	0.0736242100432416	0.0372236488590084	0.0139165131473519	0.00366263098992776	0.000514811866610018	8.60203034115128e-05	5.67646672258714e-06	
3.49350012467429e-05	3.10048136064843e-05	0.000234937883384346	0.000834946529797154	0.0026899950959992	0.00719311675670435	0.0154993499906331	0.031956792390458	0.0588287953494526	0.094978661264551	0.131292284997993	0.158077823828902	0.160685721671972	0.140059223560864	0.101408448244014	0.0587327240960241	0.0261619490586546	0.00906912632365445	0.00197339088292539	0.000235811258415514	2.09610007480457e-05	
3.54415048900526e-05	8.83849875035879e-05	0.000513683046184219	0.00137171750407796	0.00424204185072913	0.00998925378567778	0.021181768539845	0.0415033148745808	0.0722814178002114	0.109929046982309	0.142224133827122	0.161860477733984	0.154698668449535	0.126518296567512	0.0836078226839633	0.0452054207125405	0.0183105690943077	0.00539673483103591	0.000901351852759362	0.000140015821787862	4.37549443087069e-07	
2.19100670623333e-06	8.36964561781131e-05	0.000213404053187126	0.000851863407383517	0.00231107387373491	0.00605199872395769	0.0139396228663977	0.0276930101627655	0.0527138685466088	0.0856482049520257	0.124491686444154	0.151185597548877	0.162181822006121	0.145324216408362	0.110373715631869	0.0673546135590012	0.0333510658809425	0.0124436034873816	0.00321070122731432	0.000472819247205152	0.00010122450982798	
3.51107722921585e-06	3.37941183312025e-05	0.000147904128280718	0.000454684501183452	0.00125784341736658	0.00374675828822696	0.00904585159642098	0.0185727207732445	0.0363567658238765	0.064922451276123	0.100098617381676	0.137199292693492	0.158730973801658	0.158565514287232	0.131601318936161	0.0927903101290628	0.0530967042834703	0.0233846521158849	0.0080530945098602	0.00166205618338005	0.000240069905547634	3.51107722921585e-05	
1.01041340844952e-05	2.06475783465771e-05	6.15034248621445e-05	0.000252164041934792	0.000802180384273399	0.00188376204149197	0.00538770001792386	0.0128392792501502	0.0244142238092058	0.046913494554311	0.0788737492839244	0.114958247960722	0.147854672678773	0.161153031064501	0.149653208545813	0.117562478693456	0.0756821608437567	0.0394091981007742	0.0162461296773355	0.00507403255112692	0.000785925907702689	0.000152440631622601	9.66482390690842e-06	
1.13726430197342e-05	2.9743835590074e-05	0.000170589645296012	0.000359987892509277	0.00116175922540054	0.00310254449765286	0.00794204151189666	0.0172715454722009	0.0321159064783824	0.057976421886564	0.0931563808400709	0.12952478098914	0.156377778205467	0.158983863094374	0.139433414924757	0.10029183951626	0.0589531569582204	0.0288825765860026	0.0106745377020612	0.00309248408267387	0.000407228101975866	7.91710917912263e-05	8.74818693825705e-07	
8.3083463460986e-06	2.88605715180267e-05	0.00010013743753982	0.000219515256091658	0.000567591239854525	0.0017827962133181	0.0045656549578745	0.0114034240007136	0.0227985396550812	0.0423725663651028	0.0712213312856904	0.107856765858119	0.141556293200668	0.159943975508744	0.153596398900325	0.124236889320146	0.0833733810203262	0.0455384836043531	0.0200725274907876	0.00687450067931663	0.00158951784042465	0.000249250390382958	4.32908572770401e-05	
2.59299399392273e-05	6.6363066624124e-05	0.00021930576321482	0.000384554194013963	0.000903592483305953	0.00286591759904578	0.00673738947912464	0.0155874098275351	0.0298756857150642	0.0545187974484939	0.0848445214431813	0.120948227139242	0.15121198297238	0.159793035130234	0.143055478644717	0.109216467533518	0.0669401176603987	0.0340438136876682	0.0137402312247458	0.00409956745344257	0.000761197558893925	0.00013580256680036	2.46114684168937e-05	
2.0292861280206e-05	5.51436447831686e-05	7.36719094303132e-05	0.0003233623330085	0.000599962855240874	0.00178091915191721	0.00406386604594039	0.00994526662393402	0.0213344144428705	0.038565700564715	0.0661759029330684	0.100218060028931	0.132178434246939	0.15577859076666	0.156417374747828	0.130124443766055	0.093096589167053	0.05262556538779	0.0250140395719618	0.00894826952625433	0.00223353818829746	0.000370124143784627	4.45560649848002e-05	1.19110272731644e-05	
1.01704208785475e-05	8.18055592404907e-05	0.000130446702572674	0.00049437089313983	0.00102013743333952	0.00286938526438672	0.00621147400351985	0.0137229931106453	0.0276210943372865	0.0493504196404093	0.0786239862743537	0.114565369274716	0.142157278926004	0.158323384008561	0.147853156810202	0.115905653869624	0.0765310905344335	0.0401758156235352	0.0172132162408356	0.0056299912445942	0.00125096176806134	0.000231708719146038	2.38783794539811e-05	2.2109610605538e-06	
1.11065056134501e-05	8.84077846830625e-05	0.000248341465516743	0.000604638165596222	0.00149848973736668	0.00452256908579687	0.00861953687648633	0.019013893350002	0.0349641681915899	0.0613363436406148	0.0947700353586713	0.127420940561092	0.149435811727848	0.155776293652454	0.135882765057867	0.0996093619845637	0.0607921248655557	0.0297494416759628	0.0115978574217891	0.00326309134923163	0.000666390336807004	0.000111509316359039	1.68818885324441e-05	
6.60724286850123e-05	0.000180036282188691	0.000406633671839975	0.000982217647901358	0.002478381234366	0.00605117021366227	0.0120105485297554	0.0244277307313508	0.045054744776398	0.074135925619296	0.109407516559125	0.136896750965921	0.1523217807096	0.152079662950795	0.121308979065683	0.0842148533480319	0.0472200579929679	0.0212376297114852	0.00712296256353928	0.00201587423357091	0.000330362143425062	3.72488859700741e-05	1.28597344420494e-05	
0.000123850128958947	0.00026406616781604	0.000700637872396328	0.00137871732844656	0.00387518207074762	0.00828115040846215	0.017302305337454	0.0323876933665429	0.0566238366381413	0.0871953563278791	0.12235861954877	0.145083791247069	0.153806378900892	0.142524959118399	0.104439717497856	0.0688062661088103	0.034499780387182	0.0146713747408547	0.00444445034206963	0.00108678488161476	0.000134465854298285	9.7310815610601e-06	8.84643778278191e-07	
7.06154845634551e-06	0.000162415614495947	0.000438257351071943	0.00108615442194164	0.00218643194079598	0.00537030760105076	0.0116524376465271	0.0228454332966133	0.0419098487416321	0.0681801330395729	0.100804928254668	0.133042662344999	0.150490865887072	0.150068055673248	0.129408171623874	0.0899349984464593	0.0543540625088269	0.0251227826737847	0.00981069753975652	0.00255186707341186	0.000505783408185747	5.51683473151993e-05	8.82693557043188e-06	2.64808067112957e-06	
2.44965306788426e-05	0.000271649027706451	0.000605414258205682	0.00163383110866923	0.00308175104700797	0.00785507502499959	0.0161292156998265	0.0295270682289621	0.0524173263961491	0.0817300499816713	0.114708066970015	0.140555406340577	0.151186463217147	0.144470039430666	0.114149458582928	0.0756842187225234	0.0405907513348422	0.0178334743341974	0.00580611520893354	0.0014571061373433	0.000237528859975206	3.36827296834086e-05	1.18108272915848e-05	
9.87706947348722e-05	0.000465695161578893	0.000844749362864038	0.00218335219940244	0.00435154223075347	0.0106382103096678	0.0215172824889522	0.0382628140897262	0.063950559202418	0.0953912640786145	0.128240317764386	0.144604629139868	0.150233259125351	0.134337242140257	0.0980844983293457	0.0608769711359973	0.0294219705013523	0.0119833112182282	0.00353971643280105	0.000806627340334789	0.000134726693256777	1.42957584484683e-05	1.8194601661687e-05	
2.58986731678092e-06	0.000156686972665245	0.000753651389183247	0.00131824246424149	0.00308151046241649	0.00651696945812638	0.0146198010032283	0.0280301339695199	0.0479699540859689	0.0772324332537237	0.109201323767515	0.138811708444824	0.146787636491403	0.146042617993276	0.119313460705886	0.0821691520040609	0.0463331579417634	0.0211475615751746	0.0078032702254609	0.0022389402953571	0.000416105348896134	5.05024126772279e-05	4.31644552796819e-07	2.1582227639841e-06	
