# <P(U)> as a function of N_tot.
# number_of_species: 1
# species_total_upper_bound: 151
# species_total_lower_bound: 97
# volume: 729
# Bin widths for each
10	10	10	10	10	10	10	10	10	10	10	10	10	10	10	10	10	10	10	10	10	10	10	10	10	10	10	10	10	10	10	10	10	10	10	10	10	10	10	10	10	10	10	10	10	10	10	10	10	10	10	10	10	10	10	
# Bin lower bound for each
-250	-260	-260	-260	-260	-270	-270	-280	-280	-280	-310	-310	-320	-320	-320	-320	-320	-320	-330	-330	-350	-350	-360	-360	-360	-360	-370	-370	-370	-370	-380	-380	-380	-380	-390	-390	-400	-410	-410	-410	-420	-430	-440	-440	-450	-450	-460	-460	-460	-460	-460	-460	-470	-470	-470	
# Bin upper bound for each
-100	-100	-100	-110	-110	-110	-120	-120	-120	-120	-130	-130	-130	-130	-140	-140	-140	-140	-150	-150	-150	-150	-160	-160	-160	-170	-170	-170	-170	-180	-180	-190	-190	-190	-190	-200	-200	-210	-210	-210	-220	-220	-220	-230	-230	-230	-240	-240	-240	-250	-250	-250	-260	-260	-270	
# Normalized histogram for each
2.93803450192676e-06	8.10897522531787e-05	0.000431891071783234	0.00210069466887764	0.00694845159705679	0.0198517115226188	0.0496574839377654	0.0994665704558302	0.16363265637101	0.22032555772709	0.2140892856933	0.145631318977705	0.0609201453974514	0.015178473843854	0.00166116470738939	2.05662415134873e-05	
4.09223906860639e-06	1.11075060433602e-05	0.000156089690188272	0.000803832674190541	0.00335738985300093	0.0101165995831762	0.0279266086153325	0.0648994039946099	0.12049831779744	0.183373232664252	0.223015921733005	0.195310294027377	0.117861746626095	0.0429334338854933	0.0088591129779516	0.000864047049057177	8.76908371844226e-06	
8.71239006415804e-06	8.42197706201944e-05	0.000269503265984622	0.00143115527453903	0.00486906439385579	0.0146623716519737	0.0380022838078488	0.0817146680637468	0.141245848546134	0.20030423666104	0.219709052637937	0.172651110597403	0.090787751076561	0.028867052412577	0.00502762989302347	0.000364177904681806	1.16165200855441e-06	
1.49829482523543e-05	0.000179795379028252	0.000528437059515728	0.00214601920352952	0.00702124005794943	0.0211766685529814	0.0510814807301997	0.100515989687121	0.161258014436647	0.211678516642022	0.208447962491918	0.146481369856383	0.0680946184707481	0.0187137023671906	0.0024877456771313	0.000173456439383025	
6.09369808140491e-05	0.000211554801316699	0.0008715138010764	0.00353836902745728	0.0108456328305458	0.028803071223833	0.0670381522987614	0.118468389228641	0.179203588153391	0.214940253014943	0.193608285589784	0.12066614467819	0.0485868944100093	0.0117476151220292	0.00132509189411682	8.45069450911813e-05	
6.88173226964692e-06	0.000107813805557802	0.000472545615849088	0.00137921384237507	0.00520431002892048	0.0157769447058547	0.0392138309055155	0.0837707534407228	0.138288983436244	0.193398468929266	0.21457986737755	0.170833842294782	0.0957380858576388	0.0338833557849849	0.00663226947487221	0.000698495825369162	1.43369422284311e-05	
1.2631641803385e-05	0.000197512944562021	0.000877324939798743	0.00218584819752213	0.00777707219212957	0.0229063340793658	0.0527549036607646	0.101115718470561	0.1569975276432	0.203317758136213	0.206228777406356	0.147797099086043	0.0721565313052275	0.0219078602113618	0.00343408407391118	0.000333016011180151	
5.70003562522266e-07	3.93302458140363e-05	0.000331172069825436	0.00142671891699323	0.00368222301389384	0.0116206626291414	0.0314493765586035	0.0674901318133238	0.119923049519059	0.17421246882793	0.208161881011756	0.191215675097969	0.122184823655148	0.0525167082294264	0.0136852155325971	0.00191122194513716	0.000148770929818311	
1.36465985853026e-05	0.000138740418950577	0.000535628994473128	0.002074282984966	0.00569688630108945	0.0174682147974617	0.04258591671026	0.0836496690699843	0.139154365774331	0.188953078445198	0.20521356926786	0.170169672709077	0.0974162440011827	0.0373677985762049	0.00852969272408852	0.000980849273318625	5.17433529692724e-05	
9.08111077876768e-06	0.000202054714827581	0.000846246010696413	0.00330779460116613	0.00887621821682174	0.0243844851492622	0.0546637463327921	0.101197628240892	0.15661170135178	0.19782064692698	0.197157158270707	0.14878491899933	0.0750667319749884	0.0255531105926049	0.00508769231380459	0.000425109498331062	5.6756942367298e-06	
1.13187600524738e-06	0	1.47143880682159e-05	4.98025442308846e-05	0.000335601235555847	0.00146577942679535	0.00517776678600413	0.0129865793462058	0.0328855254564573	0.0689318146575679	0.119724184455041	0.173605443870835	0.202203988957418	0.183913438650623	0.12485328057282	0.0546882870075349	0.0162401569232894	0.00277649184087182	0.000146012004676912	
1.01775415582947e-05	3.3925138527649e-06	4.80606129141694e-05	0.000125523012552301	0.000664367296166459	0.00245844170530363	0.00752516114440801	0.0187419427795997	0.0430730521316295	0.08492027592446	0.138380074635305	0.187180255569377	0.200813637905688	0.165527535904105	0.0997879678842022	0.0390014700893362	0.010260092728712	0.00143503335971955	4.35372611104829e-05	
5.63431704752772e-07	1.18320657998082e-05	1.29589292093138e-05	6.93020996845909e-05	0.000275518103624105	0.000988822641841114	0.00366117921748351	0.0106150533175422	0.0262480293976126	0.0558681975481706	0.101397986745833	0.157551844168313	0.196285520143247	0.191700876361674	0.144369232572212	0.0770104088373136	0.0271128970644081	0.00607210348212062	0.000727390330835828	2.02835413710998e-05	
1.68967439974317e-06	2.87244647956339e-05	2.47818911962332e-05	0.000172346788773803	0.000420165700736135	0.0017183988645388	0.00561704092954621	0.015296059116075	0.0347994074875105	0.070572067429273	0.119769753701795	0.173892840849568	0.19927738258171	0.178277545916902	0.121233574956772	0.0573143188640882	0.0178350765140891	0.00344299320187667	0.000304704616753685	1.12644959982878e-06	
8.50955679958973e-06	2.49613666121299e-05	5.33265559440956e-05	0.000209335097269907	0.000734091099911274	0.00272419278344199	0.00859521967137226	0.0205624930505286	0.0455527921557771	0.0878679816012036	0.137900204456285	0.186175487484144	0.195012378568624	0.162225056219805	0.0979030182830664	0.0408061613729659	0.0116711408025306	0.00183352583841827	0.000140124035299911	
6.82374937733287e-06	2.72949975093315e-05	0.000116003739414659	0.000470838707035968	0.00114127208335892	0.0042745103391176	0.0123890856403293	0.0282025561765167	0.0582725450992969	0.105085171765145	0.155887985879388	0.19498579522838	0.186556190164248	0.140914973808175	0.0759909790033232	0.0278249753776377	0.0068715156229742	0.000941108768290492	4.03738504825528e-05	
1.1387355707969e-05	4.49800550464775e-05	0.000208957977241231	0.000751565476725953	0.00201670069588131	0.00643670281392947	0.0181776359166309	0.0384237849976143	0.0738805944655174	0.122741460337271	0.170398113342906	0.196808807436399	0.172862906485896	0.117202650520915	0.0568798417613051	0.018860877259109	0.00392180530582452	0.000359271072586422	1.19567234933674e-05	
2.56681417292114e-05	7.4152409439944e-05	0.000331974633031134	0.001214958708516	0.00338648349880729	0.00932266907604957	0.0243676225482647	0.0508046677230533	0.0911823658725514	0.140473183636731	0.181144069005091	0.193319324231981	0.155161064737335	0.0940765914533074	0.0412926248013571	0.0114251750852467	0.00220517857611403	0.00018823303934755	3.99282204676621e-06	
2.29097305071126e-06	7.4456624148116e-05	8.9920692240417e-05	0.000506305044207189	0.00196565487751026	0.00516557148609122	0.0139262524320111	0.0334905895418226	0.0637749622991747	0.108510793060414	0.157231198700102	0.186451414475399	0.183674755137937	0.134551138241323	0.0745505540431951	0.0281377310088357	0.00672056944426148	0.00109107591540124	8.47660028763167e-05	
2.87583248160761e-05	0.00011330779977534	0.000239844428966075	0.000896684567765254	0.00303227776860707	0.00765143990056522	0.0206018887317406	0.0433364948318414	0.0790434060899779	0.12630598742571	0.168971838122841	0.190209285833017	0.166783904770834	0.112860895407698	0.0564387876180457	0.018928154227445	0.00398072732104126	0.000565388665884057	1.09281634301089e-05	
5.16863237413088e-06	0	7.92523630700068e-05	0.000161376188570086	0.000397410400322063	0.00146387154685107	0.00424172430170341	0.0115220301469098	0.0276975523079954	0.0554944572160712	0.0962778381103939	0.141445942135438	0.177554007901116	0.186426826810041	0.149979928477614	0.0914043920740745	0.0410079292563544	0.0124024205279701	0.00215531970001258	0.000270491760912849	1.20601422063054e-05	
1.2061534502881e-05	1.72307635755443e-06	0.000174030712112997	0.000188964040545135	0.000718522841100196	0.00227963002104451	0.00641041840888832	0.0162279331354476	0.0369117417315309	0.0699494334524936	0.114218711230782	0.156352523043274	0.182137786375291	0.176735367635572	0.129160080685922	0.0712067048347225	0.0283101445546192	0.00767285902018986	0.00123314831322312	9.47691996654934e-05	3.44615271510885e-06	
9.19653865276456e-06	3.04635342872826e-05	1.66687263081358e-05	0.000196001230037045	0.000305784910204422	0.00112600120129786	0.00351365254902186	0.00993341131231733	0.0231333181973635	0.0479565003721724	0.085895671016821	0.130045379170415	0.168566230884851	0.180188931390948	0.161630316389669	0.108779533103228	0.0538968895581925	0.0198058955560601	0.00434766364809445	0.000581106286121561	4.13844239374405e-05	
4.9074087438477e-05	3.81045855404645e-05	3.29085056940375e-05	0.000240174357345958	0.000514989247001429	0.00201088290056724	0.00573069872840379	0.0145703852315864	0.0317284182266934	0.0606474892830853	0.101293535210658	0.145532381680932	0.175230864714288	0.175599209041179	0.144816477346535	0.0884136079557756	0.0385583765137191	0.0123764848519839	0.00233650390427666	0.000270196152014203	9.23747528253684e-06	
3.53153340917446e-05	6.31044494426256e-05	7.64200672149228e-05	0.000361258499561453	0.000944250982026811	0.00338390373387291	0.00871246660240434	0.0205795767370368	0.0417780402305339	0.0748725608538206	0.117950900106814	0.157759965726758	0.174913376116992	0.168365565812441	0.124986756749716	0.0700100446073195	0.0265241316625128	0.00741390439965379	0.00114745888803013	0.000120419499853818	5.78939903143354e-07	
4.86112236370918e-05	4.57176984205982e-05	0.000186921728985484	0.000618635691286322	0.00166840663983018	0.00466552005907421	0.0124132231787574	0.0276765686957609	0.052612390306459	0.0910187292100213	0.135650776969391	0.166617283836305	0.174571584656446	0.153575586980525	0.104867719601203	0.0513334521607689	0.0175214525959551	0.00429804235657953	0.000541667920527594	6.77084900659492e-05	
4.03731866671588e-06	3.63358680004429e-05	8.24766527629102e-05	0.000310873537337123	0.000973570558488059	0.00256196707393599	0.00689631704256026	0.0173195203204016	0.0360446042966299	0.0670056476320549	0.107202345797497	0.148987440478388	0.172176068620575	0.169205755601491	0.136257197962423	0.0841654054852165	0.0369333911631169	0.0111101242109926	0.00240854896460079	0.00029530102247979	2.30703923812336e-05	
1.55957759707215e-05	4.2166357254173e-05	0.000127654314427017	0.000503108180388832	0.0013961107600457	0.003969991416547	0.00989003245076644	0.0239984334909469	0.0469594590691748	0.0804903774062261	0.122962873966491	0.160467827069415	0.174625325922837	0.160583351335865	0.115034443560042	0.0652689000588019	0.0253500674084095	0.00694705176295807	0.00121358241905503	0.000141517226400992	1.21300479772279e-05	
1.67046168680917e-05	6.85465312863073e-05	0.000309899443966667	0.000757467971777262	0.00251721295564003	0.00615305922017088	0.0139909806589338	0.0319663004515431	0.0597789115156444	0.0957785129089247	0.137978407266624	0.166651594110067	0.171512637618682	0.147082423459734	0.0952773744028819	0.048770568999572	0.016648166783503	0.00404021319699294	0.00062901522827435	7.08506163715614e-05	1.15204254262701e-06	
5.72959771279089e-05	0.000137741844004468	0.000475151487091043	0.00126629896925116	0.00354829935122434	0.00884267913674061	0.019686666242252	0.0412577335100442	0.0739083380115402	0.111882838407982	0.149312737648087	0.172769363435907	0.164374055918559	0.127730674182664	0.0761909171407571	0.0349517035425119	0.0109689965101541	0.00234913506224427	0.000266223732109476	2.31498897486501e-05	
5.22414180410513e-06	8.35862688656821e-05	0.000365109466086903	0.000568850996447003	0.00214770274168766	0.00552946386954505	0.0119180088357652	0.0265612783126719	0.0529519013264096	0.0887819681199649	0.128813405844422	0.158289755283784	0.171273489047587	0.152189699037191	0.108672017348794	0.0597287741667349	0.0242783283442779	0.00638041852341373	0.00133738030185091	0.000120155261494418	3.48276120273675e-06	
3.26701678196513e-05	0.000154016505435499	0.000499386850957528	0.00108628308000341	0.00316842288265226	0.00754330839121593	0.0166664527548536	0.035738246615429	0.0657026244645885	0.103459420734589	0.141915708633442	0.164820996650141	0.165680338742969	0.139060569324346	0.0897653698554695	0.0441379801202029	0.0162254054892883	0.00372731611070986	0.000560060019765452	5.54226061226228e-05	
4.993980784337e-05	0.000293176048398137	0.000539349924708396	0.0016497762402845	0.00463852685792242	0.0111618408165687	0.022505815049978	0.0463934939593396	0.0800682001516995	0.118579429851902	0.151684234707696	0.167699049792339	0.156835672768528	0.121705661822897	0.0711900773714505	0.032046080929515	0.0103275522620089	0.00228019287341316	0.000336065530428325	1.58632330796587e-05	
9.00719390355192e-05	0.000405323725659836	0.000753759910876187	0.00235075909311779	0.00674235869964564	0.0155261504912476	0.0306552733564834	0.0589260106427107	0.0949506382070943	0.132843665927919	0.160008059068229	0.165194899083874	0.143926662479112	0.10211906088152	0.0556526067530251	0.021851926472854	0.00650947533095512	0.00128885833817272	0.000181921613709897	2.25179847588798e-05	
1.78198272902339e-06	0.00011048292919945	0.000574986427231547	0.00104661785617974	0.00376592350066943	0.00935243935615776	0.0211978725502192	0.040455759902775	0.0715287867429989	0.110917732985332	0.146937543881325	0.16443186232639	0.159781481397882	0.126474442209706	0.0828170533371191	0.0421528014550483	0.0142047783272885	0.00359544715292619	0.000593994243007797	5.70234473287485e-05	1.18798848601559e-06	
1.422960053361e-05	0.000177277106647891	0.000774327429037279	0.00161505966056474	0.00585014451938042	0.0135021122063292	0.028278959460461	0.0516813162380494	0.0869867338620025	0.125014748388053	0.157875639220336	0.163257985622174	0.148573630771511	0.109458830504706	0.0652599125472467	0.0301608241310309	0.00925872674720225	0.00198621507448307	0.000261468909805084	1.1858000444675e-05	
5.95930864868505e-07	5.42297087030339e-05	0.000356366657191366	0.00112154188768253	0.00297786653174792	0.00885493672108111	0.018984569562116	0.0376544876275813	0.0646418127740165	0.10357933955366	0.137419273715218	0.161311333949526	0.158579586864969	0.135879388360398	0.0915945739302892	0.049113046297273	0.0207395859591537	0.0058693230880899	0.00112094595681766	0.00014361933843331	3.57558518921103e-06	
1.96928864520102e-05	2.20799029916478e-05	9.36903991807759e-05	0.000548417049981739	0.00181234230771985	0.00491427030097892	0.0123211826234744	0.0249825151038472	0.0470224355684561	0.0791964347520964	0.118481356207317	0.149310868325007	0.16104484487973	0.150711450279639	0.120721571229767	0.074094186898621	0.0372380547724815	0.0135761565691889	0.00334361341789737	0.000459500683880239	8.53358412920443e-05	
4.75445611399284e-05	3.03096577267044e-05	0.000209790376029934	0.000886706065259665	0.00279799742308479	0.00738545326607363	0.0161710938577181	0.0326631135031308	0.0588334228755901	0.094817523974345	0.131827993286708	0.15798463359784	0.158836275549259	0.139241378982451	0.102802633017796	0.0587502198935953	0.0259587360753867	0.00881773317041397	0.00169971806075244	0.000219893595272169	1.78292104274732e-05	
4.83505594637266e-05	9.13288345425948e-05	0.000448884206379289	0.00153587641358233	0.00436826412537718	0.0102670323799518	0.0220663596505627	0.0417062375206311	0.0716943289569113	0.109709210184657	0.14315406816235	0.161864540833838	0.152981170143231	0.126479691272724	0.0844594735758223	0.0448084332926433	0.0183105359450594	0.00510904245000045	0.000790322725061408	0.000106251846722757	5.96920487206502e-07	
2.98630837336977e-06	0.000114076979862725	0.000220986819629363	0.000883350016842779	0.00261540887339725	0.006255718780535	0.0142423018942751	0.0289743583617829	0.0528516855918983	0.0851599586217112	0.124305086041517	0.151314453493622	0.161718751866443	0.14380926328967	0.110959871182602	0.0679761429796668	0.0327681645193119	0.0122546150409602	0.00305439620428261	0.000437792807536009	8.06303260809839e-05	
4.76587064712183e-06	3.57440298534137e-05	0.000200762301010007	0.000452161977645684	0.0013046570896496	0.00407124500030382	0.00918085406784932	0.0190587167178402	0.0376146340824091	0.0651006015720224	0.0992170865994441	0.137353583517713	0.158294223407335	0.157392282387368	0.13102808170132	0.0942224541612604	0.0530191194815686	0.022810052650956	0.00783628281153007	0.00160311973892561	0.000172167077127276	2.74037562209505e-05	
1.37199741348662e-05	2.80364688842917e-05	7.0389432518009e-05	0.000330472420465906	0.000849445355132583	0.0019201998582667	0.0057254048585411	0.0132302307103129	0.0254905189013522	0.0478290228753725	0.0789912597799555	0.113221998725832	0.147680012025856	0.16121267868775	0.149080642428841	0.117031975891023	0.076862277706593	0.0387762260288191	0.0158817648420294	0.00493561156486446	0.000714631696242159	0.000116321519839083	7.15824737471278e-06	
1.18448677668575e-05	3.43501165238867e-05	0.000187741154104691	0.000387327175976239	0.00125141027956849	0.00316376418052763	0.00803141258931771	0.0178075742006935	0.0331206192496869	0.0584289559637429	0.0929798429962777	0.128098691438233	0.156327380300208	0.158040148179296	0.139224575731643	0.100757775415385	0.0595423735338275	0.0286029866834074	0.0106112247889393	0.00297898424336465	0.000361860710277496	4.91562012324585e-05	
5.91469588999612e-07	3.90369928739744e-05	0.000101141299718934	0.000220618156696855	0.000570768153384626	0.00186135479658178	0.00482047715034684	0.0116383471027454	0.0232749197967237	0.0435002223925655	0.0720090565823468	0.107562885046702	0.140125651799487	0.159137850268291	0.152319980315892	0.124364761661414	0.0836858492083771	0.0459033633326709	0.0201827167854338	0.00689949275568047	0.001517710965373	0.000241319592311842	2.18843747929856e-05	
3.27835629176179e-05	9.00057818283691e-05	0.000237233782567489	0.00042141779968647	0.000975161980604052	0.00275620354420118	0.00689944983220776	0.0157003463136374	0.030500634808991	0.0549530002920717	0.0857862392484815	0.120325809008923	0.150583845452324	0.159610054420714	0.142051178122038	0.109222910345896	0.0669279417287071	0.0341604725601578	0.0139139401670174	0.00400913171243451	0.000690839080391257	0.000143651612057198	7.74884214416423e-06	
2.75055295083506e-05	4.06603479688661e-05	9.86611384538664e-05	0.000373118487243713	0.000655947084144796	0.00189369591202057	0.00390339340501115	0.00998630105041225	0.021529056303221	0.0391834206235264	0.0663002850409982	0.100688176389373	0.131458492661106	0.15517902213059	0.156249345996241	0.128938746979624	0.0938273406159206	0.0529194428814793	0.0250025263230907	0.00918923864096375	0.00214004978500841	0.000377304111299331	3.82685627942269e-05	
1.37908704437662e-05	4.97670542101129e-05	0.000157695605509153	0.000594206635207493	0.00118421604897558	0.00308855537634086	0.00608657069020309	0.0138844085215587	0.0279283114578149	0.0505051655803858	0.0790882435827482	0.114247168374536	0.141824712040629	0.157142171882214	0.14724032690359	0.115575289158577	0.0765453269935303	0.0404881968137093	0.0172955503456712	0.00561588228592672	0.00115123788052309	0.000275817408875325	1.73884888204009e-05	
1.14363309361179e-05	7.52390193165649e-05	0.000316003881129572	0.000701227660030385	0.00168535403269105	0.00463351976559133	0.00868679621421331	0.0193568929776113	0.0353442817141495	0.0628426384939676	0.0947825050620812	0.127176213394712	0.148929318659518	0.155028494521396	0.134526764625863	0.0993558336122193	0.0610031949497163	0.0297802057576509	0.0117836342492831	0.0032262491482943	0.000607329363923312	0.000141449356315142	5.41720939079267e-06	
3.30833833594191e-05	0.000171432077407899	0.000506476523429652	0.00116513661031263	0.00264426460450921	0.00647712494571318	0.0120808485707377	0.0249135922178258	0.0461771849770161	0.075471017151629	0.109035613359912	0.137056637549279	0.151660845996249	0.150738120358552	0.119231310595224	0.0844203731083824	0.0477615782819017	0.0210909576496602	0.00704916671980059	0.00195312265032789	0.00031278835176178	4.93243170085884e-05	
5.74969769167605e-05	0.000229388980824159	0.000837898653193208	0.00157697437731073	0.00415295872855018	0.00863532722068597	0.0175916792291572	0.0330326121655218	0.0576461097006384	0.0876882801396458	0.122581159079162	0.144821708462776	0.153600179198911	0.141090993158459	0.102762669848166	0.0691461040108334	0.034540709955901	0.0144808532072233	0.00433323570825794	0.00103973699924475	0.00014553922282055	8.38497580036091e-06	
0.000105836493977784	0.000393448661228146	0.00120067615766887	0.00245815721323542	0.00582937841688935	0.0120599787968244	0.0234879283612504	0.0420918313958877	0.0682776934341311	0.101314226158835	0.133572830755487	0.149706019704722	0.149832186372684	0.127830752497472	0.0890593168702773	0.055000893929709	0.0250138873026702	0.00966759567589158	0.00249224015197403	0.000554894160516291	4.48459720244847e-05	5.38151664293816e-06	
2.36482092393554e-06	0.000186229647759923	0.000536223144502383	0.00179962872311494	0.00343253757109243	0.00837383089165573	0.0167074598276046	0.0302874439833044	0.0532445343076396	0.0824429782554716	0.114972863679898	0.140532439431024	0.150278457663793	0.142641268489944	0.112407032977428	0.0747898265403852	0.0419850306835515	0.0180270299031606	0.00558097738048786	0.00152294467501448	0.000237073297624537	1.18241046196777e-05	
3.69977554695015e-05	0.000272491405362678	0.000735844247671197	0.00247415148877793	0.00487900559429553	0.0111245790771233	0.0223155192077077	0.0389885870733366	0.0647002653267607	0.0966774841056468	0.128393956798367	0.144116241075026	0.147880028611598	0.132568243240862	0.0966763095737271	0.0610639145034725	0.0305765894646836	0.0120759499320533	0.00351419950364281	0.000784587322337365	0.000134483904801839	1.05707872770004e-05	
4.09534189961849e-05	0.000475059660355745	0.00123796335137039	0.0035219940336719	0.00725226545538154	0.0149825158153328	0.029323818098954	0.0488153053457668	0.0774083974400603	0.110758521675182	0.138194387158412	0.146764182607785	0.142957854836511	0.118262358132969	0.0810713882448476	0.0468179485964386	0.0214437952352452	0.00790400986626369	0.00231211302675604	0.000396078066577388	5.90899331230668e-05	
