# <P(U)> as a function of N_tot.
# number_of_species: 1
# species_total_upper_bound: 151
# species_total_lower_bound: 97
# volume: 729
# Bin widths for each
10	10	10	10	10	10	10	10	10	10	10	10	10	10	10	10	10	10	10	10	10	10	10	10	10	10	10	10	10	10	10	10	10	10	10	10	10	10	10	10	10	10	10	10	10	10	10	10	10	10	10	10	10	10	10	
# Bin lower bound for each
-250	-260	-260	-260	-260	-270	-270	-280	-280	-280	-310	-310	-320	-320	-320	-320	-320	-320	-330	-330	-350	-350	-360	-360	-360	-360	-370	-370	-370	-370	-380	-380	-380	-380	-390	-390	-400	-410	-410	-410	-420	-430	-440	-440	-450	-450	-460	-460	-460	-460	-460	-460	-470	-470	-470	
# Bin upper bound for each
-100	-100	-100	-100	-110	-110	-110	-120	-120	-120	-120	-130	-130	-130	-140	-140	-140	-140	-150	-150	-150	-150	-160	-160	-160	-170	-170	-170	-170	-180	-180	-190	-190	-190	-190	-200	-200	-210	-210	-210	-220	-220	-220	-220	-230	-230	-240	-240	-240	-250	-250	-250	-260	-260	-270	
# Normalized histogram for each
2.60062467004574e-06	7.17772408932626e-05	0.000404137073725109	0.00203160799223974	0.00677826814000723	0.0195197686484294	0.0486498857025458	0.0973028921546956	0.161127422806958	0.220239621557098	0.21714435807481	0.148074367463065	0.0617887616605509	0.0151912889476052	0.00159678354740809	7.64583652993449e-05	
3.62599423466917e-06	9.84198435124488e-06	0.000139859777622954	0.000784768752217684	0.00329706475766704	0.00996112416181258	0.027442560366329	0.0633896312104864	0.117869676587214	0.181226155850412	0.223450340713958	0.199245275200012	0.1197583015843	0.0437911323720995	0.00876247406766623	0.000836568669855815	3.15979497592599e-05	
7.72161418800277e-06	7.46422704840268e-05	0.000245547331178488	0.00137702119686049	0.00494389217743858	0.0143040328961355	0.0373808490584006	0.0798574487066039	0.138682764687926	0.198697724028479	0.220695573301541	0.176534117437515	0.0924879504210596	0.0293889783738178	0.00493874443464657	0.000371667029582533	1.13250341424041e-05	
1.32885746879229e-05	0.000159462896255075	0.000486566273188563	0.0020924394143214	0.0071645861528963	0.020875328636674	0.0502354122115868	0.0988388852316914	0.158444275895343	0.210735328391346	0.210279939158772	0.149773480911474	0.0693091167799944	0.0188953310081735	0.00250489632867347	0.00019012883784259	1.53329707937572e-06	
5.4095404901554e-05	0.000187802915129923	0.000850726792178213	0.00345445090357188	0.010931354462182	0.0285812561463352	0.066052020386823	0.116818516550897	0.176855740313478	0.214885830627287	0.195622763142249	0.122975186029504	0.0495018884909985	0.0118019842806919	0.00132993042616462	9.64531276074878e-05	
6.11407332302433e-06	0.00010546776482217	0.000428494638721955	0.00137566649768047	0.0052519889844779	0.0156255333892092	0.0385792931621732	0.0827356402071652	0.136503310515951	0.191586525601408	0.215074757284027	0.172856571482433	0.0978154925522944	0.0346316398199405	0.0066984768314834	0.000698532877155529	2.64943177331054e-05	
1.12209059759485e-05	0.000176474248530826	0.000825756671593664	0.00210391987049034	0.00784800364781453	0.0225081173053912	0.0520078791161598	0.0997247817788808	0.155255005289127	0.202498589736135	0.20676559425408	0.149957207544937	0.0739671921110911	0.0224596633932224	0.00354019583541175	0.000345297879350779	5.10041180724932e-06	
5.06813088346644e-07	3.49701030959184e-05	0.00029901972212452	0.00136940896471263	0.0035943184225544	0.0117129572847793	0.0309799636513653	0.0668030331749711	0.118470600279558	0.173135966801715	0.207740150847848	0.19177199087331	0.124415010992776	0.0536775878129698	0.0138537357699555	0.00198873455867223	0.000152043926503993	
1.21373646241336e-05	0.000123396540345359	0.000507240696583585	0.00199356213951395	0.00559633653877762	0.0173675573300832	0.0420726572989812	0.0831738197045057	0.137609900043745	0.187938999628293	0.2052934081467	0.171533834168199	0.0992148642258764	0.037965170820764	0.00852599292492787	0.00101245849906315	5.86639290166459e-05	
8.07444639576899e-06	0.000180161085205596	0.000801388804780072	0.00316568764004118	0.00883293970407154	0.0240310664325077	0.0540316720159874	0.100797351581582	0.155569349401482	0.196949877873998	0.197607440602354	0.150184702961303	0.0764655120208321	0.0258392377722602	0.00509396636993076	0.000433496840872848	8.07444639576899e-06	
1.00766277154622e-06	0	1.30996160301009e-05	4.43371619480338e-05	0.000327994232138296	0.00144347692023996	0.0049617314870936	0.0129444359632828	0.0325263466027405	0.0680525052763742	0.119096166800434	0.172911404777632	0.202316012114122	0.184534291016031	0.126114034172868	0.0555358221596128	0.0162208514649653	0.00280684465014201	0.000149134090188841	5.03831385773112e-07	
9.05873229080745e-06	3.01957743026915e-06	4.2777346928813e-05	0.000112227627825003	0.000641156941027149	0.00240257710868415	0.00735971672337601	0.0186770929320248	0.0425694993490294	0.0840227615746694	0.13788497725	0.187167500489423	0.20076113481759	0.166280076878441	0.101063746802393	0.0393128850904842	0.0102192565498409	0.0014292666503274	4.12675582136784e-05	
5.02255882295329e-07	1.05473735282019e-05	1.15518852927926e-05	6.17774735223255e-05	0.000255145988206027	0.000947756849891287	0.00369007396722379	0.0103766065282215	0.0259430230882007	0.0554676328730493	0.100486836626709	0.156144824479148	0.196596010983332	0.192237434436773	0.145110765001002	0.0781243957233916	0.0276155351762441	0.00617372930517419	0.000725759749916751	2.00902352918132e-05	
1.50860887655406e-06	2.56463509014189e-05	2.21262635227928e-05	0.000153878105408514	0.000399278482661307	0.00166399559083912	0.00566382059220944	0.0150016066684535	0.0344616554367498	0.0701432725850063	0.119139368808103	0.172759351237839	0.199602531847991	0.178613256548494	0.122003211325429	0.0581950902826982	0.0182783051483289	0.00354774520802962	0.000323345169208086	1.00573925103604e-06	
7.60690747769148e-06	2.2313595267895e-05	4.76699535268666e-05	0.000197272467254799	0.000672450621027926	0.00269030961127689	0.00849742277974656	0.0203373207051908	0.0452250934635365	0.0872552857864427	0.137751459004854	0.184865094031519	0.195374290275532	0.162792891294249	0.0987924287942747	0.0415519714061419	0.011898724676605	0.00188245603714605	0.000137938588928805	
6.10479180370652e-06	2.44191672148261e-05	0.000103781460663011	0.000443106138419032	0.00108919660431131	0.00431252667666835	0.0122080574094621	0.0280591493277861	0.0577116493163396	0.10480146962688	0.15483837818066	0.194065735380677	0.187018770708598	0.141914533932213	0.0770129660690584	0.0283908430157875	0.00703068522726868	0.000931998215365863	3.66287508222391e-05	
1.01956078341011e-05	4.02726509446995e-05	0.000202892595898613	0.000712163207211965	0.00197234033550687	0.00657820617456206	0.017975366391912	0.0380607138250913	0.0731733676449522	0.122745432495135	0.169415827355733	0.195730691175548	0.17360367327359	0.118163016554099	0.0578554864349987	0.0193522832299074	0.00402981399642848	0.000367551662419346	1.07053882258062e-05	
2.3020246050621e-05	6.65029330351274e-05	0.000314610029358487	0.00116687069425481	0.00339113802376815	0.00951094254606991	0.0242699896306581	0.0505898042818681	0.0904424542447032	0.14023422333015	0.18065163666276	0.192019034162557	0.15616730296332	0.0951534197087069	0.0418707581999395	0.0117326520704665	0.00220943205983627	0.000182627285334927	3.58092716342993e-06	
2.05411673237273e-06	6.67587938021136e-05	9.50028988722386e-05	0.000483744490473777	0.00193241031597964	0.00521026709166342	0.0140465637451478	0.0331005505546372	0.0638573539176371	0.108271979434183	0.156718836096377	0.185617690874946	0.182521109900894	0.135655409593444	0.0754168958290646	0.0287524989613872	0.00705486391733413	0.00111179068139674	8.42187860272818e-05	
2.5781142847125e-05	0.000101577702817673	0.00026399890275456	0.000879652593943906	0.00292255035315009	0.00770598359700567	0.0205852113177155	0.0431638206003706	0.0795446225176627	0.126078554111009	0.168128113717527	0.188925246029446	0.166197106118278	0.114381133978412	0.0570366535664086	0.01931626346678	0.00419201382694253	0.000541919622646568	9.79683428190752e-06	
4.64423603865243e-06	5.16026226516937e-07	7.12116192593372e-05	0.000145003369651259	0.000384955564981635	0.00147428692915889	0.00426031252612383	0.0117039908436306	0.027636300587341	0.0557174157819397	0.0962693367927731	0.140987137530278	0.176780780706399	0.185196652434663	0.150031013176214	0.0928702720387061	0.0413930437600561	0.0125585302747427	0.00225555063610553	0.000248208614954646	1.08365507568557e-05	
1.08501170004283e-05	4.65005014304071e-06	0.000162751755006425	0.000172051855292506	0.000681490682074522	0.00223047405194519	0.0064377360869208	0.0162493418887367	0.0370087157439848	0.0698246362756612	0.11369785937525	0.15619725099369	0.181253271181108	0.176257567310767	0.129547813623924	0.0724493312452886	0.0287073428941809	0.00777540051140218	0.00124311340490622	8.52509192890797e-05	3.10003342869381e-06	
8.28355006034049e-06	2.74392595748779e-05	1.91557095145374e-05	0.000209677360902369	0.000278016648900178	0.00106132985148112	0.00345372265328321	0.0100215424073757	0.0232627971788299	0.0480140447591273	0.0861080205991181	0.129487936821364	0.167766221650197	0.179321773984372	0.161491432479489	0.109284875946072	0.0549106179062395	0.0201461114686268	0.00449279046397717	0.000596933326223286	3.72759752715322e-05	
4.4225111018036e-05	3.43394979669456e-05	4.37048155942944e-05	0.000237775008649911	0.000478671789842272	0.00195683108869216	0.00566965923251222	0.0145198843903568	0.0320762128736697	0.0609349188469213	0.101431592858425	0.145338283077131	0.174268789818859	0.174578885891409	0.144867415718645	0.0888981963959136	0.0391407841372331	0.0127820976750599	0.00241781283412722	0.000271594211193115	8.32472677986561e-06	
3.18667988703481e-05	7.20921023624268e-05	0.000104481307771633	0.000351579600651545	0.000887568709520023	0.00333190890483738	0.00858522905959509	0.0203884823985565	0.0419941720326525	0.075513342785409	0.117981337548806	0.157677443217021	0.174243999377291	0.167156509864603	0.125262639887411	0.0703984603634487	0.026916996914667	0.00772952714894542	0.00125064125402645	0.000121198317015094	5.22406538858166e-07	
4.38635655125849e-05	5.27407156758462e-05	0.000206785380273615	0.000629755476287826	0.00162034099744704	0.0045069813564181	0.0121862384329428	0.0274491926754112	0.0529177364938077	0.0916544866944574	0.135683584948322	0.166415234442925	0.173450114854658	0.153064522782684	0.105074649000093	0.0517475192281683	0.0181516833426543	0.00447460586758738	0.000592158134419897	7.78056102544661e-05	
3.64117945084772e-06	3.27706150576295e-05	7.49042629888674e-05	0.000401570076579206	0.00096647305995358	0.00258523741010188	0.00673930299502615	0.0170594458957145	0.0361158186359726	0.0671267036818566	0.107983858131326	0.149118262387553	0.1718423431718	0.167796472633415	0.136170228260338	0.0842933042871247	0.0372170153356075	0.0115935153714991	0.00250409112519727	0.000342270868379686	3.27706150576295e-05	
1.4078668470822e-05	3.80645480877779e-05	0.000133486634390016	0.000619982844881752	0.00140578111841985	0.00403536352947004	0.00981178905983173	0.0236349557695166	0.0471348606081463	0.0811619594377918	0.123149241707273	0.160297633480116	0.174030592425155	0.159477942115815	0.115570225180481	0.0651571205472952	0.0256528982503344	0.00722392122202842	0.00128741601683183	0.000150172463688768	1.2514371974064e-05	
1.50884573821318e-05	6.19147044301272e-05	0.000323621396265034	0.000915713275605242	0.00247554759393735	0.00616545586131939	0.0138756575835888	0.0317872173710808	0.0599818210103127	0.0966561376983027	0.138022964632136	0.167051595760456	0.170803418732268	0.145855955179997	0.0953611318216086	0.0486940940135765	0.0171368455446647	0.00409313428362866	0.000648283375797802	7.18002454735929e-05	2.60145816933307e-06	
5.17615122308794e-05	0.000124436766777266	0.000484153134603983	0.00133638813396089	0.00355585903719404	0.00885278712215403	0.0195313439484518	0.0413260776589993	0.0742432623764913	0.112964010586536	0.149773242748944	0.172512754768595	0.163379723499413	0.126665126020983	0.0760721691419824	0.0351037164765782	0.0113791671938673	0.00234809041847353	0.000271355806543701	2.45736472207205e-05	
4.71514005275718e-06	7.54422408441148e-05	0.000330059803693002	0.000636020002671913	0.00226536284312467	0.00568226766802271	0.0119382107091309	0.0265923420886499	0.053179969037247	0.0889348760573047	0.129843955059476	0.15883682733943	0.170841050009299	0.150736740633243	0.107676509958114	0.0598073603336224	0.0245302541722441	0.00666458851234712	0.00130452208126282	0.000115782883517704	3.14342670183812e-06	
2.94689691754582e-05	0.000140503835175846	0.000454664095849927	0.00115770950332157	0.0034084020240972	0.00779191118894661	0.0166147100674418	0.035576413037072	0.0659431333091968	0.104283314669653	0.143015012334869	0.164791001860755	0.165023596224604	0.137671130513855	0.0890199673315427	0.0441061009185899	0.0164942030327779	0.00388937769956807	0.000538334919044532	5.1044464464633e-05	
5.51482187920737e-05	0.000264605395935046	0.000522317264521083	0.00174194133396117	0.00492781151187251	0.0114612846247296	0.0224368407070214	0.046304883745964	0.0804692052876536	0.119285597247255	0.152928131795759	0.167337725040526	0.155649484284614	0.120214632625368	0.0709343964213048	0.0321439877570954	0.0105985331634344	0.00238250910608449	0.000326647142076129	1.43173260325576e-05	
9.3488649142442e-05	0.000367543946342858	0.000742032763764868	0.00248252430037102	0.00685458775512385	0.0154993495861124	0.0305729251529875	0.0586045617118573	0.0950197261049691	0.133682891844317	0.161607150011886	0.16471684959279	0.142730456197897	0.100985904582814	0.055907814849737	0.0219249579968855	0.00667829487388381	0.0013328810263451	0.000175758660387791	2.0300392385216e-05	
1.6076808560579e-06	0.000118968383348285	0.000532142363355166	0.00114091751418242	0.00378716020325373	0.00930525679486314	0.0211742286615199	0.0405349933174066	0.071281889689514	0.11128688421804	0.148392158375856	0.165334971024232	0.158851194131751	0.125125801026987	0.081981541680198	0.0422637861312875	0.0144487637470111	0.00377912179897344	0.000605559789115143	5.19816810125388e-05	1.07178723737193e-06	
1.28285855094712e-05	0.000179600197132597	0.00074191986196442	0.00173185904377862	0.00579210635752626	0.0134438230895296	0.0282629774505538	0.051804500909226	0.0870836455846681	0.125591317613327	0.159042923378066	0.163514754476909	0.147640983482127	0.108433619018806	0.0648185663841883	0.0301306056909743	0.00937555790983856	0.00211137136510047	0.00027634911284986	1.06904879245594e-05	
5.36139559271837e-07	4.87886998937371e-05	0.000365647179423393	0.00110337521298144	0.00308548316360942	0.00861522657793914	0.0188678233698945	0.0375817746862779	0.0647892489006458	0.104201940181837	0.138208200147331	0.162436346830825	0.158422806090116	0.13477797924711	0.0907904091066521	0.0487522424037067	0.0206279695429839	0.00594364315408758	0.00121489224130998	0.000162450286459367	3.21683735563102e-06	
1.76946261420407e-05	1.98394293107729e-05	9.22265362554847e-05	0.000549605811987627	0.00174962318489329	0.00483760354707548	0.0121508461516601	0.0247252909291448	0.0468226617758005	0.0795148240752011	0.119011374427405	0.150164104252448	0.162511199894047	0.150684755221657	0.119322370886871	0.0731490482704039	0.0368766732815971	0.0136350499444228	0.00351640479513644	0.000560329827831288	8.84731307102033e-05	
4.27702047783942e-05	2.72660055462263e-05	0.000208504748294672	0.000893362652308709	0.00275119342237021	0.00728697363911891	0.0163056059442031	0.0326277853427577	0.0588362975758383	0.0950621263955784	0.13231497475756	0.158314982242346	0.159957892733396	0.139041124086522	0.101171850148172	0.0582749386381218	0.0258417577271058	0.00890956828289924	0.00187012720393529	0.000240582401878467	2.03158472697372e-05	
4.34565209460431e-05	9.60335462881693e-05	0.000442612713339328	0.00149415322018185	0.00432633808529496	0.0101945779137866	0.0220785951418829	0.0418663341795731	0.0718507971320842	0.109897785970733	0.143924778371743	0.162236605198044	0.154044782749585	0.12586564316724	0.0829660094896166	0.044461385930388	0.0181111757295867	0.00513967247732213	0.000848743409094323	0.000109982553011591	5.36500258593125e-07	
2.68486792329225e-06	0.000102561954669764	0.000225528905556549	0.000860768656207495	0.00253290439883391	0.00612364675944496	0.0144209625895873	0.0289353585829052	0.0530127171454055	0.0854104814021884	0.12479910475764	0.152330277416663	0.162369535555437	0.143996984356349	0.110218124039824	0.0664037643996179	0.0325180463397464	0.0120550569755822	0.00315364586269908	0.000444077154512538	8.37678792067182e-05	
4.29127455145453e-06	3.2184559135909e-05	0.000180769940480022	0.000487596070909021	0.0013066931009179	0.00396513768554398	0.00912968660821951	0.0193681312786711	0.0376419875467213	0.0650192463663633	0.0992062214898447	0.13775527719488	0.159220768910574	0.157919976312164	0.130889237912552	0.0934666417772743	0.0521395222094914	0.0225404559908338	0.00783318528436131	0.00168647089872163	0.000174869437971772	3.16481498169771e-05	
1.23549037418706e-05	2.52469772116486e-05	6.33860278930753e-05	0.000306723914635136	0.000869677789482109	0.00196442969495743	0.00577403740527683	0.0131337998473364	0.0254736628368256	0.0479638850048533	0.0787496192809553	0.113653833860924	0.14824541565925	0.161489335300807	0.149220915885129	0.11695850202701	0.0763097943767999	0.0382883838657849	0.0155951115406082	0.00500158733654597	0.000767078371451793	0.000121400358507076	1.18177340139632e-05	
1.06739762055722e-05	3.09545309961595e-05	0.000186260884787236	0.000413616577965924	0.00126486618036031	0.00318618189736331	0.00824564661880456	0.0176398130773287	0.0330765174658273	0.0588579058939562	0.0927467129490275	0.128942699960933	0.156293696590092	0.158769525370974	0.138756887383147	0.100398352791992	0.0590543070561387	0.0281307305909754	0.0104332780421366	0.00307463884601508	0.000422689457740661	6.29764596128762e-05	1.06739762055722e-06	
5.33384253750091e-07	3.5203360747506e-05	9.12087073912656e-05	0.000221887849560038	0.000612858507558855	0.00195271975297908	0.00477645599233207	0.0117760575542945	0.0232006148853677	0.0433774744362262	0.0719087315535723	0.107904701302151	0.140497679511804	0.159142126101638	0.153054078229335	0.124236927151979	0.083278883690763	0.045413935517044	0.0197885558141284	0.00688492394740618	0.00156281586348777	0.000261358284337545	2.02686016425035e-05	
2.9544811152253e-05	8.11139360725492e-05	0.000213796997065394	0.000412015820977783	0.000972292876101417	0.00293890294207229	0.00707034189792644	0.0158768443348362	0.0302775224688289	0.0553712735263988	0.0856530934223044	0.120295190265898	0.151027702826472	0.159597846774163	0.142056823803878	0.109054732568427	0.0667100348682489	0.0336762501081072	0.0137818486349491	0.0039869379704004	0.000774611230573615	0.000134294596146605	6.98331899962344e-06	
2.48022158083932e-05	3.66641451080595e-05	8.89644697474973e-05	0.000336447449226899	0.000647014325436344	0.00191084897445534	0.00424872740369866	0.0103743355297672	0.0216048866835286	0.0391605420470347	0.0671395981933203	0.100607492533724	0.131578450756548	0.155582682230237	0.15609598026175	0.12846038088655	0.093045512605187	0.0526599567686595	0.0247693259135168	0.0090722191998266	0.00211411930836325	0.000406540667815836	3.45074306899383e-05	
1.24521944014934e-05	4.49361797966936e-05	0.000142388135982294	0.000536527158777389	0.00111799049735147	0.00311737979842604	0.00660832542889689	0.0142512657926309	0.0280645391821832	0.0504979794961084	0.0796821333749128	0.114800028585907	0.141862978218405	0.157434718017351	0.147013314102814	0.114775124197104	0.0759112840702867	0.0400516711927686	0.0170573407310196	0.00554285070793432	0.00118674826643798	0.000272324077563095	1.57005929410134e-05	
1.03151495343796e-05	6.78628258840762e-05	0.00028502386871312	0.00063248153723959	0.00163902297075221	0.00487417960629789	0.00921631465766462	0.0199299547056355	0.0353956212733129	0.0629283840883932	0.0952305463066064	0.127679292228729	0.148830777800278	0.155443331554422	0.134072513329616	0.0985683115348888	0.0602730474372011	0.0293742884582706	0.0116463467269216	0.00315100673144942	0.000611308335563758	0.00013518274916108	4.88612346365348e-06	
2.98456275612975e-05	0.000154654615544905	0.000456909425574772	0.00107227200111134	0.00262750052094186	0.00665286170730013	0.0125753195110092	0.0254876232895742	0.04592156786136	0.0753423022157394	0.109618106202681	0.137157480725151	0.151954942870042	0.151452993679239	0.118556600333403	0.0834494599569355	0.0472874123081197	0.0209293819893033	0.00698387684934361	0.00194159373480586	0.000302797457803709	4.44971174550254e-05	
5.18213308473489e-05	0.000206745517859736	0.000755187935994179	0.00144559920842917	0.00409712397011852	0.00890787085044742	0.0183398928701946	0.0335823816112008	0.0573629744148373	0.0879904605566798	0.122603870729531	0.145026312820543	0.153544444078576	0.141591530235317	0.102030802383133	0.0680689374845818	0.0344671228743133	0.0144090290032113	0.00432600151469432	0.00104182467224358	0.00014250865983021	7.55727741523839e-06	
9.52406062898618e-05	0.000354058299088865	0.00108692669325153	0.00230837401685597	0.00573972625589806	0.0125992022388538	0.0241394580755694	0.0427189094573922	0.068430106578005	0.101554466596106	0.133429398999489	0.149914095125457	0.149890419494515	0.127929657548141	0.0879877919837542	0.0540756791543065	0.0250698027550901	0.00964997193899651	0.00244558505981594	0.000525168540897769	5.11178395341066e-05	4.84274269270484e-06	
2.12877718248889e-06	0.000167641203121	0.000482700226129356	0.00164341598488142	0.00324106326033934	0.00844006933427283	0.0174538441192264	0.0308880247236182	0.0533194820897993	0.0825928293204996	0.115453698297989	0.140230535924978	0.150740841069221	0.143608905313587	0.112010933399609	0.0734955000311334	0.040945432522287	0.0179817808604837	0.00560347373860639	0.00143586020958876	0.000230972324300045	3.08672691460889e-05	
3.3204800887148e-05	0.000244555993835502	0.000660406595422165	0.00225634527933143	0.00468029574409324	0.0114372091944621	0.0231711533555823	0.0398178268670058	0.0643899065838268	0.0974787541980355	0.128473591115028	0.143596006147632	0.149101151310588	0.133212390555922	0.0955565651689017	0.0597317473736584	0.0296698072434955	0.0121092111171782	0.00349072057580287	0.000737357403827301	0.00013492744487476	1.6865930609345e-05	
3.67163999045374e-05	0.000425910238892633	0.00111040883711294	0.00319852295168384	0.00712403062147752	0.0157156681991393	0.0300927613617588	0.0494984277513041	0.0772717616790934	0.111356120230474	0.138339002520319	0.145933003060574	0.144373605104629	0.118404619972148	0.0798445322724042	0.045746536201059	0.0209278234255877	0.00789297693947826	0.00226540187410996	0.000386046718996279	5.61236398540785e-05	
