# <P(U)> as a function of N_tot.
# number_of_species: 1
# species_total_upper_bound: 151
# species_total_lower_bound: 97
# volume: 729
# Bin widths for each
10	10	10	10	10	10	10	10	10	10	10	10	10	10	10	10	10	10	10	10	10	10	10	10	10	10	10	10	10	10	10	10	10	10	10	10	10	10	10	10	10	10	10	10	10	10	10	10	10	10	10	10	10	10	10	
# Bin lower bound for each
-250	-250	-260	-260	-260	-260	-260	-270	-270	-270	-310	-310	-320	-320	-320	-320	-320	-320	-330	-330	-350	-350	-360	-360	-360	-360	-370	-370	-370	-370	-380	-380	-380	-380	-390	-390	-400	-410	-410	-410	-410	-420	-440	-440	-440	-450	-450	-450	-450	-450	-460	-460	-470	-470	-470	
# Bin upper bound for each
-100	-100	-110	-110	-110	-110	-120	-120	-120	-120	-130	-130	-130	-130	-140	-140	-140	-140	-150	-150	-150	-150	-160	-170	-170	-170	-170	-180	-180	-180	-180	-190	-190	-190	-200	-200	-200	-210	-210	-210	-220	-220	-220	-230	-230	-230	-240	-240	-250	-250	-250	-250	-260	-260	-270	
# Normalized histogram for each
3.20219627968836e-06	4.37633491557409e-05	0.000328758818048005	0.00181351049306351	0.0068505652410133	0.0193369959342781	0.0498240393144311	0.0987589354618688	0.161329850766979	0.218068499248018	0.216078867959571	0.146538906151099	0.0623851879208887	0.0170762453608181	0.00152638022665145	3.62915578364681e-05	
6.38360350161931e-06	0.000124480268281577	0.000569204645561055	0.00304817067202322	0.00970733305812909	0.0272069181239015	0.0660596569025905	0.117972184511676	0.180958136328236	0.221359962889985	0.196743723853824	0.12041923252063	0.0449097145678088	0.0102201492060925	0.000687301310341012	7.44753741855586e-06	
2.1154014979158e-06	5.71158404437266e-05	0.000176636025075969	0.00112750899838912	0.00450897829280753	0.0145497315026649	0.0365023105472861	0.0827248909774953	0.140674199611401	0.198732451422449	0.217768949502193	0.174504758066819	0.0918634254484916	0.0307864956999176	0.00580783481252783	0.000212597850540538	
1.15719554711153e-05	0.000144123445412982	0.000455514247181177	0.00169581747449436	0.00688636550126555	0.020431865378182	0.0507261928056101	0.101847936089142	0.160007532291016	0.209069467500689	0.206776116325504	0.148883727095418	0.0696905238308643	0.0204592172729319	0.00282250513900023	9.15236478170032e-05	
2.41907408361793e-05	0.000196681240711544	0.000855090099991901	0.00332464920796359	0.0103326016510707	0.0279613410926011	0.0667043901987532	0.120222723099107	0.178472975261286	0.212798584736484	0.192675043674805	0.122488238566983	0.0496646427080167	0.0128947166370242	0.00134731908744111	3.68119969246206e-05	
5.98012709343791e-05	0.000474213587058585	0.00150027749888004	0.00494776831099179	0.015009069859425	0.0378395164700044	0.0837784331437528	0.139611837294381	0.193308132867933	0.213273364199182	0.170533290947871	0.0960912000856102	0.0353341579613852	0.00746361827065216	0.000760630200481138	1.46880314575668e-05	
0.000134721668191056	0.000785174722426	0.00228605830711699	0.00778333387713173	0.0218280677860494	0.0514794649444747	0.101080194125504	0.157852747111641	0.202654016863364	0.204712732355408	0.149453693110355	0.0727654885186616	0.0229616243223132	0.00382167482188848	0.000401007465474941	
1.04557012847966e-05	0.000315762178800857	0.00132996520342612	0.0037881005754818	0.0111165016059957	0.0303915869245182	0.0668934856798715	0.118609475374732	0.174443965805675	0.208210653104925	0.191620591876338	0.122684062165418	0.0538249046440043	0.0145281969352248	0.00207545670503212	0.000156835519271949	
9.09450127636621e-05	0.000577030425810822	0.00201333442049211	0.00574207994380225	0.0166659349251847	0.0419632833031229	0.0839234305713228	0.135279138468486	0.189293158635281	0.206622887619143	0.170167526985581	0.098478813993406	0.0390969473836061	0.0089931028138596	0.00102339272983477	6.89927683034678e-05	
0.000156964330635487	0.00096569445801568	0.0032713029702641	0.00889914989781726	0.0229479772391326	0.0540882451387835	0.101833468121688	0.153584919781872	0.197288571125632	0.197853019016592	0.150377026243189	0.0765497369028339	0.0265945393044921	0.00523179785489011	0.00035135062089268	6.23699327028426e-06	
2.07432729565802e-06	0	2.69662548435542e-05	2.07432729565802e-05	0.000235436148057185	0.00161278947237411	0.00535280158644552	0.0126959202130749	0.0315629641307324	0.0684133885380971	0.11864114967516	0.171987661901245	0.203244662755868	0.183702425303474	0.127314949261954	0.0555380390139478	0.0168756897138258	0.00267691937504667	9.54190556002688e-05	
1.86614552824878e-05	6.22048509416259e-06	6.84253360357885e-05	0.000103674751569377	0.00061686477183779	0.00272042548118044	0.0076988870515419	0.0179637242044259	0.0420266340436782	0.0849034010502252	0.137079793272545	0.185749905396789	0.200841838982743	0.166033041143325	0.10243894853067	0.0399054486265687	0.0104545619482559	0.00134880851791759	2.07349503138753e-05	
1.03198109410636e-06	2.16716029762335e-05	2.06396218821271e-05	9.49422606577847e-05	0.000148605277551315	0.00109080401647042	0.00366766080845399	0.0105829661200607	0.0251287396414898	0.0544947936553802	0.101292040329821	0.15662583461471	0.195112537538312	0.192485113672718	0.145750817845017	0.0787742128564205	0.0279119926522946	0.00614441543430924	0.000639828278345941	1.13517920351699e-05	
3.10098032324619e-06	5.27166654951852e-05	3.10098032324619e-05	0.000197429080580007	0.000351444436634568	0.00179753492737504	0.00556005771958042	0.0153085061957587	0.0335898188614027	0.0698165046576724	0.119680268255471	0.172093037678978	0.201392133433116	0.17874980877288	0.121154267569121	0.0580555199517074	0.0182347979607953	0.00367052704261574	0.000259448687044931	2.06732021549746e-06	
1.56524733516641e-05	4.59139218315481e-05	3.86094342674382e-05	0.000205569150018522	0.000583315506905349	0.00256491863322603	0.00867981822260948	0.0202438655348189	0.0451208631817304	0.0876861992142458	0.137345236169735	0.183277940969305	0.196106708128329	0.163992006803608	0.0987608458596599	0.0414696628978989	0.0116433531771912	0.0021047359166871	0.00011478480457887	
1.25039856454245e-05	4.06379533476296e-05	0.000149005828941308	0.000450143483235281	0.00103574681096266	0.00394188147472007	0.0128874412052175	0.027416030526397	0.0579153355131948	0.104294702269682	0.156677024134776	0.19389722140599	0.186529247864423	0.141845213161695	0.0765025101751183	0.0286507991088826	0.00660314641958791	0.00111910671526549	3.23019629173466e-05	
2.08896047060101e-05	6.3713294353331e-05	0.000218296369177806	0.000662200469180522	0.00176308263718726	0.00641519760521572	0.0197949894194152	0.0372660103152868	0.0731146609512708	0.122219854733689	0.169606878529038	0.196925259083322	0.172458309571408	0.118005376984251	0.0576897768363529	0.0194335992580012	0.0039147119219063	0.000414658653414301	1.25337628236061e-05	
4.69006487923083e-05	9.9012480783762e-05	0.000305375335469918	0.00120378331900258	0.00346126788087235	0.00962922431538081	0.0258745668203966	0.0493530316058261	0.0902545662992782	0.140346543682743	0.18073217123948	0.194095729435368	0.153980041168347	0.0949675603845853	0.0415821152192605	0.011500039083874	0.00238984861512806	0.000170926808931968	7.29565647880351e-06	
4.18444182684361e-06	0.000106703266584512	8.36888365368723e-05	0.000516778565615186	0.00198237931546716	0.0054596504735742	0.0146601919403466	0.0344400484558364	0.0629204056397907	0.107093465784865	0.158497241406726	0.186229629614132	0.183837174999634	0.133402097660688	0.0743073179610889	0.0287335159144784	0.00638755044867678	0.00124277922257255	9.51960515606922e-05	
4.40079046579224e-05	0.000170792582362889	0.000269286464216334	0.00092626161232389	0.00300511120378384	0.00848933436996398	0.021668654007758	0.0445705771531915	0.0791356428402283	0.125162672076146	0.170467762114224	0.189030715421837	0.166728138025554	0.110818190772171	0.0555694098959108	0.0194881671126833	0.00379096664410388	0.000650688304584995	1.36214942988807e-05	
9.39150361103314e-06	0	6.67840256784579e-05	0.000254614097899121	0.000314093620768997	0.001667513641159	0.00446200771564197	0.0126200938524261	0.0286179985036204	0.0564940682219692	0.0959404703891109	0.142044405116074	0.177516114254946	0.185869334966759	0.149544042499684	0.0896669459769407	0.0404064225362695	0.0121828671843124	0.00194612824828631	0.000366268640830292	1.0435004012259e-05	
2.18439633687136e-05	0	0.000223640577346354	0.000301654732234617	0.000619952484178729	0.00257134654511715	0.00690893355690456	0.0173389059710994	0.0384360138303494	0.0704238977120009	0.114910689395484	0.155496773334554	0.181942531652943	0.176541871757212	0.127853757785813	0.0702605880811014	0.0275941266783445	0.00742070641297157	0.00102354571213401	0.000106099250648038	3.12056619553052e-06	
1.65338618657843e-05	5.47684174304105e-05	7.23356456628064e-06	0.000299676246317341	0.000452614468575845	0.00117183745973746	0.00374905317806659	0.0104308001045767	0.0241756061468765	0.0490539014230488	0.0865547668673809	0.13173561114837	0.167274113862506	0.179079291234676	0.161385992305554	0.10825339383349	0.0520589308171551	0.0195647254190559	0.00421096794394194	0.000468114964075018	2.06673273322304e-06	
8.80969605512175e-05	6.84046987809454e-05	1.65829572802292e-05	0.000389699496085386	0.000610460114878437	0.00203763087580816	0.00615331358579504	0.0151972439125	0.0332166998671291	0.0614595489850194	0.101860815093808	0.147142652817134	0.172561217023235	0.173487789761268	0.145300908124198	0.0882949196037502	0.0369924319528712	0.0127098003204656	0.00215578444642979	0.000255999403013538	
6.3235173684216e-05	0.000112993998878353	5.80519627264934e-05	0.000489295114409016	0.00100865285237282	0.00341469937894766	0.00925099491734334	0.0214014780444367	0.042990588325543	0.0755442630666157	0.119214888669812	0.158855049432283	0.170997239421844	0.165092525498806	0.127200143471279	0.0696281460794711	0.0261513725660937	0.00739747867886173	0.000998286430457377	0.00013061691613461	
8.67951510442283e-05	8.16287730058814e-05	0.000187022884988159	0.000711926893684206	0.00178756680126804	0.0048295301902467	0.0130988348784248	0.0285938358910349	0.0528107163079823	0.0920855221554956	0.138690385163816	0.16657952709042	0.169027357004989	0.152127101165948	0.106885128684144	0.0502802243447999	0.0174055276111908	0.00420749827442974	0.000459807645412876	6.40630876755019e-05	
7.18322245516386e-06	6.36228274600228e-05	0.000143664449103277	0.000345820852484318	0.00103027933499779	0.00271012721486968	0.00672349621803338	0.0182012595267488	0.0367822036689848	0.0669773923465843	0.10921987125613	0.152068819375819	0.1712788085702	0.165441927238061	0.1342174854001	0.0847199518108391	0.0361490539182939	0.0114777633087154	0.00218883049955207	0.000241151039566215	1.12879210009718e-05	
2.76824839595385e-05	6.66430169396296e-05	0.000190701556165709	0.00053827052143547	0.00134106255626209	0.00397294908678561	0.00992673369245375	0.0249962577382795	0.0472006857053804	0.0804555511582556	0.125196596899972	0.163260012344337	0.173824468445044	0.155812398882038	0.114060036130768	0.0654916306623496	0.025344851980733	0.00717181389988783	0.000999645254094444	0.000122007984858707	
2.97297463540054e-05	7.79124387208418e-05	0.000439795213305804	0.000799627660556008	0.00264389709817172	0.00571733777297546	0.0140150124967451	0.0337565892394721	0.0607040414002095	0.0962546670575957	0.139000916496319	0.167651165508573	0.171029079792589	0.143254320552276	0.0943714414006196	0.0488141931859421	0.0165645945375179	0.00434771911335645	0.000478751432666225	4.92078560342159e-05	
0.000101704944709494	0.000183890758616155	0.000661595801948626	0.00134682002539542	0.00365418675082494	0.00883497499496612	0.0199310871950393	0.0423534318741242	0.0741952981495864	0.112661341025926	0.150219230658596	0.173878471836976	0.162995015430387	0.124400557219818	0.0752811782158282	0.0352433316485241	0.0113817079033988	0.00248817551602418	0.00016642627316099	2.15737761504987e-05	
9.26833688962853e-06	0.000133875977294634	0.000445909985912128	0.000664230810423378	0.00219865547326188	0.00553834619915802	0.0119643931093005	0.0260543248119557	0.0537501750685857	0.0896680699615261	0.128608472495695	0.16043903082031	0.173198441271698	0.150470419587909	0.105746574834612	0.0586242904573203	0.0244581112365197	0.00666187459322299	0.00125534474093969	0.000104011336205831	6.17889125975235e-06	
5.79395855664215e-05	0.000139675786633338	0.000527664082837053	0.00106050134295682	0.00301596235582355	0.00703862501086367	0.0163037855242084	0.0351227698432734	0.0663325483899003	0.104233314433992	0.140440382235723	0.166444909800481	0.168583501289156	0.137529952696467	0.0886589469066469	0.0433563988064445	0.0166803928303901	0.00389850640025493	0.000524560176467423	4.96625019140756e-05	
8.8188362041239e-05	0.000234477292015529	0.000605905922730395	0.00171396675402502	0.00424549149967941	0.0109716697480718	0.0222940179240252	0.0466547560502404	0.0807805396297749	0.118866499420032	0.150318619364504	0.167995717158135	0.158730751593097	0.122208319586324	0.0702871620570091	0.0306428620339764	0.0105701533232487	0.00256265004990424	0.000210614558757312	1.76376724082478e-05	
0.000151890194911783	0.00042738758292419	0.000824397126866023	0.00239253244950699	0.00599494886538024	0.0153492898347749	0.0303288056088335	0.0604355372775201	0.0953168586593648	0.132458725148931	0.158137595756293	0.166370044320511	0.146092179540495	0.102078591129403	0.0546113339415925	0.021044648384674	0.00652185071393629	0.00135234649400767	8.17064496766834e-05	2.93305203967581e-05	
3.15469023570794e-06	0.000138806370371149	0.000501595747477562	0.00112517285073583	0.00361842970035701	0.00883102953315842	0.0216527422144874	0.0396923125456773	0.0735053340554069	0.109986171941133	0.145918093725847	0.162501248731552	0.161836660655229	0.128879611762788	0.0818200459533211	0.0420835677443439	0.0135693742671917	0.00373199854884249	0.00056048329854411	4.41656632999111e-05	
2.09986098920251e-05	0.000186887628039024	0.000697153848415235	0.00156124664547207	0.00579561633019894	0.0126401132245045	0.0287838445094935	0.0509237288491502	0.0889280629622319	0.124314920352273	0.155322517649332	0.162263608149141	0.15012641163155	0.112769884633637	0.0642861942539404	0.0304626833703609	0.00875327053349068	0.00195392065045294	0.000198436863479638	1.04993049460126e-05	
1.05466430562484e-06	7.48811656993637e-05	0.000379679150024943	0.00106521094868109	0.00282860966768582	0.0089836305553124	0.0181275700850798	0.0386049322430917	0.0651793087519208	0.104862107915361	0.136046422104076	0.159656137249794	0.159002245380307	0.137175967575401	0.0928537001315166	0.0474556750958953	0.0207262629341394	0.00569202325745727	0.0011379827857692	0.000140270352648104	6.32798583374905e-06	
3.49533690281375e-05	3.91901410315481e-05	0.000129221546104023	0.000422618007340207	0.0016195060983037	0.00496761517399893	0.012219909650837	0.0237810012551437	0.0476848688983863	0.0801480751815192	0.119592422533272	0.147227827118518	0.160084311762868	0.150913818761486	0.123204270666179	0.0747694931231894	0.0356715018827156	0.0137144309750401	0.00324218977560996	0.000444861060358113	8.791301907077e-05	
6.75391172848431e-05	4.85437405484809e-05	0.000328197898056034	0.000543478834401472	0.00238391978041344	0.00759076360359181	0.0149525273876397	0.0316061962918914	0.0588772254930619	0.0961693712213711	0.132305964864885	0.156740351140092	0.159568551676395	0.141103990189943	0.104037678385055	0.0582050002163362	0.0246465013154298	0.00886345384492808	0.00169903091919683	0.000241663404034829	2.00506754439378e-05	
3.93252635058366e-05	0.000103095961082869	0.000569684898354822	0.00120207764932706	0.00363705545181008	0.0102808992943772	0.0213631836883058	0.0408982740460701	0.0711819154804431	0.110735690652597	0.144195112826307	0.161779882683173	0.151902864473451	0.128898648167496	0.085725885907845	0.0435107469568092	0.017900434809873	0.0051579865890223	0.000788630960035967	0.000127541395154065	1.06284495961721e-06	
0.0001096288159875	0.000261831929445874	0.000809976009383375	0.0020680464996477	0.00548037644193824	0.0142336520019499	0.0281426749856844	0.0525217820749435	0.0849644611051862	0.125413236774827	0.149694422979903	0.162022875170031	0.14291659482254	0.114688771241914	0.0684903366988315	0.0322330006151986	0.0124146651425068	0.00295359188704187	0.000505569782466627	7.45050205740292e-05	
2.65196277068584e-05	0.00021533937697969	0.000549486686086106	0.0011244322147708	0.00354196147652801	0.00864539863243584	0.0186263257161891	0.0370808042448377	0.0644989169384045	0.09922053510244	0.138725233319685	0.15787028295382	0.157377017878472	0.130985745169715	0.0962768564269787	0.0525629629001016	0.0227697523491086	0.00812667471448969	0.00156677960492119	0.00017609032797354	3.28843383565044e-05	
4.25791919746739e-06	0	4.25791919746739e-05	0.000348084894392959	0.000959096299229529	0.00174255343156353	0.00524469197148046	0.0124352530162035	0.0251259811842551	0.0476716633348449	0.0776889291971906	0.113901467491851	0.150060781796544	0.160868445199515	0.147733828955128	0.117899653618273	0.0786490899762195	0.0380870872213458	0.0156531754496895	0.00516059806733048	0.000591850768447967	0.000126673096124655	4.25791919746739e-06	
1.79000880263152e-05	1.15824098993804e-05	0.000185318558390087	0.000419072649086674	0.00132881829936528	0.00292508497277081	0.00736851858871494	0.0169303244338307	0.0330024975887529	0.0583879812491313	0.0925276609007324	0.128866945486861	0.156258291952542	0.158472638136032	0.139324808679647	0.102593828049649	0.0602695963846034	0.0276903832303552	0.0100408964364084	0.00306933862333582	0.00023059525163312	7.79180302321957e-05	
3.03529207359641e-05	7.74522804986671e-05	0.000150717951240649	0.000609151719597625	0.00174476961609835	0.00440431346403231	0.010260333861195	0.0227134045824537	0.0432120926036212	0.0723289168089242	0.106311628203934	0.140919191105129	0.158787641546659	0.154347741899695	0.125514560505408	0.0850080644570438	0.0462442447199001	0.0190051149904702	0.00657925723263002	0.00157207196363511	0.000140251426848938	3.87261402493335e-05	
2.95781417532444e-05	0.000134158000095073	0.000195427008012507	0.000254583291518996	0.00093276782743267	0.00251519841123124	0.00661599649287748	0.0141066608918866	0.029648918021011	0.0544459644322845	0.085447026076301	0.118630532036825	0.151902772422608	0.160251202932461	0.143082148006909	0.111411352724622	0.0682219839538581	0.0340169757406419	0.0133429110173296	0.00407438902650941	0.000654944567393268	7.07762677666918e-05	1.37327086711492e-05	
3.38784230441034e-05	0.000102693969852438	0.000274203486513212	0.000659570548639887	0.00189930909191004	0.00332855506408315	0.0089820169095679	0.0200644960478702	0.038326024769362	0.0669691727524313	0.100242018984621	0.128873521259769	0.15653948847816	0.156142475708112	0.131001509707227	0.0959849833889857	0.0546088418449342	0.0249038170395764	0.00866123059136905	0.0021152840388162	0.000266792581472314	2.01153136824364e-05	
1.80771255243696e-05	0.000101019230871477	0.000600798583604047	0.00112822530478565	0.00282534838342647	0.0055741348234556	0.0121988696479746	0.0263681459781054	0.0497046516697415	0.080029561417034	0.113432899305094	0.141882041439152	0.157425179309135	0.147883647113243	0.117777789592892	0.0781240197147004	0.0420250634028594	0.0161418097329371	0.00530829474221487	0.00125901862475609	0.00018608805686851	5.31680162481458e-06	
8.55071751208323e-06	0.00021056141873505	0.000684057400966659	0.00135421988597618	0.00444530426659427	0.00819051853688673	0.0181606551559758	0.0335359140823904	0.0618708542380563	0.0963302458117517	0.126284478096268	0.146894913819456	0.157439017351544	0.135962821480257	0.102214208299754	0.0617137348037717	0.0299210982541573	0.0107525272714447	0.00315307708258069	0.000734292866350148	0.000138949159571353	
5.35806329587333e-05	0.000394353458576277	0.00110697587692743	0.00234147366029664	0.00596245283564784	0.0112455032453789	0.0229485850962255	0.0443851247303555	0.0746035301064219	0.110041760745328	0.13489031508627	0.152446545281529	0.153480651497632	0.120955064066363	0.0868542060261066	0.0484894012149944	0.0206896256106853	0.00664185526156458	0.00201463179924837	0.000393281845917102	6.10819215729559e-05	
3.20086039127317e-06	0.000133369182969716	0.00073619788999283	0.00125900508723412	0.003937058281266	0.0080661681860084	0.0160032350029021	0.0300091331216498	0.0563458124210454	0.0862877274744785	0.12263776503124	0.144400414831507	0.156015270237973	0.143454027109154	0.105237887944279	0.070576837720646	0.0349736675885145	0.0143046450885998	0.00426567994810338	0.00119392092594489	0.000149373484926081	9.60258117381952e-06	
3.41079388359387e-05	0.000344277007625256	0.00105095086538236	0.00205180569559944	0.0055084321220041	0.01134835077457	0.0215263728978318	0.0383938145252921	0.0664081569135726	0.100473460825966	0.133774533733817	0.150652634092164	0.15195619687955	0.131943363767563	0.0911150951078557	0.0559700617566868	0.0249158493196532	0.00941805461107357	0.00253571207783432	0.000527607178868427	4.79642889880388e-05	3.19761926586925e-06	
4.21293877757368e-06	0.000149559326603866	0.000530830285974284	0.00154509529667515	0.00305648708312971	0.00785607758548053	0.0154035574055038	0.0272777253500952	0.0495504794324329	0.0803660201209956	0.115735747628115	0.141209281946715	0.151598388972211	0.145631814428473	0.115172267066615	0.0771747189969835	0.0425938642759643	0.0174162889064896	0.00568641411503008	0.00171887902125006	0.000301225122596518	2.10646938878684e-05	
6.56737080001001e-05	0.000284586068000434	0.000473267673524531	0.002093219137527	0.00440430819524481	0.00987398987582457	0.0205579554836504	0.0354888208754826	0.0609639649406643	0.0947171235332872	0.130263278598294	0.146079175388413	0.149736054240228	0.136175997197922	0.0987576202350076	0.0632990301140012	0.0307488470615707	0.01124584066516	0.00380282042514865	0.000844376245715572	0.000105286420762065	1.87639165714572e-05	
6.5913302036721e-05	0.000540907573856901	0.000618329547677812	0.00298074599210505	0.00643544001314081	0.0123236949950879	0.0274481822052917	0.045055403792212	0.0753619215715405	0.110112879145345	0.139855472007248	0.148920120401632	0.147364357224987	0.122200123247412	0.0819846390618968	0.0478080688344122	0.0209259040323247	0.00716362506421316	0.00243146847513238	0.000352583853751984	5.02196586946446e-05	
