# <P(U)> as a function of N_tot.
# number_of_species: 1
# species_total_upper_bound: 151
# species_total_lower_bound: 97
# volume: 729
# Bin widths for each
10	10	10	10	10	10	10	10	10	10	10	10	10	10	10	10	10	10	10	10	10	10	10	10	10	10	10	10	10	10	10	10	10	10	10	10	10	10	10	10	10	10	10	10	10	10	10	10	10	10	10	10	10	10	10	
# Bin lower bound for each
-250	-260	-260	-260	-270	-270	-280	-280	-280	-280	-310	-310	-320	-320	-320	-320	-320	-320	-330	-330	-350	-350	-360	-360	-360	-360	-370	-370	-370	-370	-380	-380	-380	-380	-390	-390	-400	-410	-410	-410	-420	-430	-440	-440	-450	-450	-460	-460	-460	-460	-460	-470	-470	-470	-480	
# Bin upper bound for each
-100	-100	-100	-100	-110	-110	-110	-120	-120	-120	-120	-130	-130	-130	-140	-140	-140	-140	-150	-150	-150	-150	-160	-160	-160	-170	-170	-170	-170	-180	-180	-190	-190	-190	-190	-200	-200	-210	-210	-210	-220	-220	-220	-220	-230	-230	-230	-230	-240	-240	-240	-240	-250	-250	-250	
# Normalized histogram for each
2.19642062509252e-06	7.59961536282013e-05	0.000364166539640341	0.00193021444533131	0.00654928701990089	0.0189120601502967	0.0471070724304844	0.0965234615061911	0.16165743657506	0.221939957767224	0.218776672782966	0.149221742279911	0.0607674908661848	0.0146286006472412	0.00147906964893731	6.45747663777202e-05	
3.06692288616721e-06	8.32450497673958e-06	0.000142830980127216	0.000715031164317842	0.00314447222200316	0.00966299775063113	0.0266874866917453	0.0615649718850798	0.117094677662023	0.18139841168445	0.225350483566113	0.201253232317656	0.120740372709994	0.0430096502919272	0.00843798112352777	0.000759282480246826	2.67260422937429e-05	
7.41312471928241e-06	6.54099239936683e-05	0.000233731461737375	0.00129119189963501	0.00476576706217867	0.0139096383703335	0.0363286717860834	0.0782756199770629	0.13812482829895	0.199601435529799	0.221988636115871	0.178503682578721	0.092944013465723	0.0289011568835224	0.0047086423952242	0.000340567670927033	9.59345551907135e-06	
1.56297893364894e-05	0.000138931460768795	0.00045977630298173	0.00196067024009961	0.00699780401459822	0.0203712595960394	0.049013716876786	0.0973405913443963	0.158082728474958	0.21158870730354	0.211784079670246	0.151915039938453	0.069320286511405	0.0184301265926104	0.00240394843211505	0.000175400969220603	1.30248244470745e-06	
2.17102652212841e-06	5.68808948797642e-05	0.000168471658117164	0.000794161501794571	0.00327607902189176	0.0105889647590291	0.0281356353161753	0.0642623850550008	0.11554854458724	0.176543534726438	0.215823483386002	0.196997209796714	0.125216125690278	0.0497438622909193	0.0114951512293655	0.00126353743587873	8.38016237541564e-05	
1.21471365294763e-05	9.71770922358106e-05	0.000406061421128209	0.00127458168298577	0.00509138551106908	0.0152607079177639	0.0381428763551649	0.0806591556872459	0.135273549176381	0.19161457135792	0.216327486800835	0.174455439531121	0.0993141206123892	0.0346800747916549	0.00670261640644319	0.000665489551293453	2.2558967840456e-05	
4.77531699422447e-06	1.60624298896641e-05	0.000171043172338586	0.000788361423773785	0.00201778848992321	0.00773861824900413	0.0218722541927283	0.0509330969406715	0.0980541885607716	0.154573972264959	0.202489937104734	0.20811526052393	0.151673184250831	0.0749095294489458	0.0227652384706483	0.00355934763960422	0.000313000322985077	4.34119726747679e-06	
2.50786301533342e-05	5.92374539828756e-05	0.000288836636938401	0.00126690321291843	0.00343231320960633	0.0115668695729628	0.0300895998920754	0.0653760972981667	0.117033751512285	0.172523679847937	0.208664147849767	0.193100263498573	0.125971688820898	0.0545425614621014	0.0139774447989083	0.00193797276460765	0.000143553538119085	
4.83243530577234e-05	0.000133323438346755	0.00052293853487465	0.00191700982710237	0.00543821558874595	0.0171521250634257	0.0412025515258415	0.0818001857035853	0.136530535813523	0.187444556434215	0.206518868933999	0.172955879865658	0.100239809602049	0.038525296072956	0.00853960353320056	0.0009729590727247	5.7816636694062e-05	
3.10350445999453e-05	0.000184486098455231	0.000813807836176345	0.00311988406686673	0.00866610516224863	0.0236599110845972	0.0533677764856088	0.0990466206715811	0.154864441511441	0.197363486752777	0.198915670025061	0.151241100054398	0.0771220858308642	0.0261496113291706	0.00502336680233004	0.000417248932954821	1.33623108694209e-05	
8.61308266965943e-07	0	1.4642240538421e-05	6.41674658889627e-05	0.000354428351856485	0.00143450891863178	0.00484572030995039	0.0125901735923747	0.0319980327719182	0.0672053001465516	0.117599154884328	0.172173369295824	0.203017248990008	0.186159723588951	0.126926692761436	0.0563050133739641	0.0164419441622464	0.00271139842440879	0.000155466142187353	2.15327066741486e-06	
7.75462638856279e-06	2.58487546285426e-06	4.73893834856615e-05	0.000133121086336995	0.000644064802827854	0.00238627086479163	0.00709892964615209	0.0184469637406594	0.0421692274884273	0.0832566845956501	0.136456437309231	0.187238039027311	0.201167071271479	0.168116422790847	0.101571388875127	0.0396338954719444	0.0102193051423943	0.00135102824191849	5.34207595656548e-05	
4.30128247038137e-07	9.03269318780088e-06	9.89294968187715e-06	6.53794935497968e-05	0.000255066050493615	0.000963917401612465	0.00362985227675484	0.0101579086820526	0.0258902794457195	0.0551712598628407	0.099995784743179	0.15502897343872	0.196158266548754	0.192976177777166	0.146709002756262	0.078465285209438	0.0276753116709278	0.00611341277515304	0.000700678914425125	2.40871818341357e-05	
1.29440566500954e-06	2.20048963051622e-05	1.89846164201399e-05	0.000178196513216313	0.000408600721588011	0.00163353994924204	0.00550208701340055	0.014516759533082	0.0345701235639648	0.0698646828317799	0.118123577771776	0.17165070376836	0.200030547973694	0.180053985345602	0.123194627698728	0.0582594731078594	0.0181246995900186	0.00353200159125603	0.000308500016827274	5.60909121504134e-06	
6.51978602931557e-06	1.91247056859923e-05	5.99820314697032e-05	0.000206894543330281	0.000661540955774553	0.00262486585540245	0.00825013724149592	0.0199644541265682	0.0454485591055549	0.085980330240202	0.136497805657349	0.184488212009533	0.19619470515137	0.164104752967481	0.100079584854798	0.0415179974346815	0.0118560135681094	0.00190595078256992	0.000132568982596083	
5.23459491432931e-06	2.09383796573172e-05	0.000119087034300992	0.000415714079446319	0.00108181628229472	0.00423216998823525	0.0120269180319145	0.0279723665734473	0.0574230699939497	0.103468311725362	0.153839946153467	0.193570085336984	0.187769281739421	0.143328443349251	0.0782144447774228	0.0284583114679942	0.00706452205313027	0.000945716814522162	4.36216242860776e-05	
9.62969026101276e-06	3.54547686882742e-05	0.000222358302390658	0.000660071496073056	0.00191324436958576	0.00646414844430165	0.0178591360154355	0.0379243465270303	0.0728153406218416	0.121629115981303	0.168981366987058	0.195064258485399	0.174323218802758	0.119829239328881	0.0585292574064355	0.0192838924608717	0.0040260859554907	0.00041801609996669	1.18182562294247e-05	
2.40950765434868e-05	6.39614759154377e-05	0.000331197779397746	0.00113071622834072	0.00327649231761341	0.00938043234452981	0.0240407530981888	0.0501116259182415	0.0898097978466887	0.139866662227331	0.180020450148601	0.191829228116413	0.156784472606965	0.0968258460438513	0.0422338501654237	0.0118429491672742	0.00222726125721976	0.00019626535075422	3.94283070711602e-06	
1.75800761480998e-06	6.41672779405644e-05	0.000100645935947872	0.000498834660702333	0.00188810017830592	0.00511492315528965	0.0139194647921617	0.0329476997129613	0.0633709004910555	0.107591824033986	0.156049985430512	0.18542189765495	0.182536128155239	0.136537858913736	0.0766961587094114	0.0290581078651942	0.00701445038309183	0.0010912832268933	9.58114150071441e-05	
2.20698714474128e-05	0.000106818177805478	0.000264838457368954	0.000877056691320184	0.00294500364594276	0.00770900609658129	0.0203797606919699	0.0429974063487075	0.0786764433254529	0.125573154561489	0.167670551552571	0.188426824251434	0.166739644374919	0.115519003924906	0.0578764722811243	0.0194391427708812	0.00421446265159795	0.000550863991327423	1.14763331526547e-05	
3.97354677460586e-06	4.41505197178429e-07	6.53427691824074e-05	0.000161149396970126	0.000383668016348054	0.00148080843133645	0.00425081203843391	0.0116844350433271	0.0275490412935396	0.0552640885412183	0.0950547444369241	0.140996892244917	0.176768967835905	0.184369479805332	0.150729432811518	0.0939840943337664	0.0420396833701328	0.0126469163731761	0.00230024207729961	0.000256514519560667	9.271609140747e-06	
9.28483348977541e-06	3.97921435276089e-06	0.000157842169326182	0.000207361281271651	0.000688846217955718	0.00215761844905257	0.00639680813952717	0.0160897321679246	0.0367927001754834	0.0692480567064573	0.112935408950491	0.156093967820536	0.181304501419916	0.175202597277422	0.130555370104516	0.0737587172427758	0.0291968221109909	0.00787221239454529	0.00124107274313331	8.44477712641478e-05	2.65280956850726e-06	
7.09861124544247e-06	2.35141497505282e-05	1.64155385050857e-05	0.000209852694943393	0.000332747402130116	0.00106922831884477	0.00344371378044528	0.00995802058774726	0.0230154723105358	0.0476858083676655	0.0850147429282304	0.128554075002152	0.16767363424938	0.178994144533049	0.161587018769615	0.110746321366554	0.0561482402986386	0.0202079715629634	0.00465535798740174	0.000623790463193257	3.28310770101714e-05	
3.78792605255324e-05	2.94121317021781e-05	3.74336221664085e-05	0.000255796418137125	0.00051738613494286	0.00196348261029995	0.00564445545666345	0.0141940273764557	0.0318261546935523	0.0607280304745336	0.100596174996836	0.144583354872521	0.174388539607446	0.174449146424287	0.145161793462664	0.0898442583062534	0.040230002869911	0.0127465939860212	0.00247596672329245	0.000282980358043683	7.13021374598257e-06	
2.72773453150936e-05	6.17094041554576e-05	8.94339190658806e-05	0.000334930026901723	0.0009064127697327	0.00329295690000572	0.00850784872073722	0.0199003885009444	0.0421828494362086	0.0751933561330204	0.116940215213783	0.156695380916948	0.175223853099422	0.166856862801213	0.125591605374621	0.071302086314464	0.02767979795089	0.00775660380058382	0.00131602011905443	0.000139964083338103	4.47169595329403e-07	
3.75683778019189e-05	4.51715018808787e-05	0.000180686007523515	0.000632401026332302	0.00154969558432916	0.00451178327697331	0.0120938869540677	0.026854234246886	0.0531377869452571	0.091134623151155	0.134293533364074	0.166482924501425	0.17388657838396	0.152784778366697	0.105886025592116	0.0527665755931667	0.0185842714619421	0.00443172685284779	0.000626139630031982	7.96091815326377e-05	
3.11976047370443e-06	2.80778442633399e-05	6.41779297447768e-05	0.000364120615288074	0.000931471341434608	0.00253235414451265	0.00666469973196801	0.016741971742101	0.0358776911276686	0.0670231512967953	0.107479313759659	0.148496141747654	0.171779805523046	0.168396648129347	0.135806293180828	0.0849867321043854	0.038032554254863	0.0118738083629191	0.00252968006410662	0.000360109494679026	2.80778442633399e-05	
1.2068587121566e-05	3.26298836990488e-05	0.000122026825340278	0.000569458518254632	0.00137224305419287	0.00395089783583414	0.00966693828437435	0.0232289013160571	0.0467125839157917	0.0810338577506925	0.1230629358939	0.160137635531351	0.174411645203206	0.159071130017571	0.115523644820587	0.065919963812118	0.0264007048054879	0.00731132887212796	0.00128910389846653	0.000159573540829595	1.07276329969475e-05	
1.29363509230532e-05	5.30836468911495e-05	0.000301996881893347	0.000862274701181446	0.00240928383915209	0.00604796709706055	0.0138191453532851	0.0312827730183406	0.059653082754729	0.096672012204778	0.1383814840671	0.166630013672385	0.171277732302291	0.144792561152138	0.0959716649306678	0.049419090931395	0.0175773783369652	0.0040834260810217	0.000682057950391325	6.78043220794515e-05	2.2304053315609e-06	
4.43776438877864e-05	0.000107582167000694	0.000453189878490425	0.00128291734148328	0.00352331596927274	0.0087235689666688	0.0194602692333381	0.0410018051391105	0.0742751763563086	0.112875657876158	0.149771858567104	0.172087089557223	0.163086048251498	0.126193433632785	0.077398645271562	0.0356316619696591	0.011412674882657	0.00233767083711925	0.000307057434981148	2.59990236918345e-05	
4.04893998751127e-06	6.47830398001803e-05	0.000305919910167518	0.000573149949343262	0.00215043701558932	0.00559518518051974	0.0120460463450669	0.0263918906030401	0.0528773567080138	0.0885980050422799	0.129176481597118	0.159253807353235	0.170302914696932	0.150712343508469	0.108419365810031	0.0604394269580224	0.0249689131385403	0.00668390015493944	0.00129071209157443	0.000140813135121225	4.49882220834585e-06	
2.5328157946393e-05	0.000120761038780124	0.000414748586372185	0.0010764467127217	0.0032935651101006	0.00766583837559668	0.0168748852317843	0.035260414169657	0.0655741486346766	0.103979324986499	0.142540088594278	0.165380207310973	0.164486937454828	0.137136597469536	0.0899416457332456	0.0449063717504199	0.0168011622006189	0.00389058597597986	0.00057621559328044	5.47269127055991e-05	
4.7444194906227e-05	0.000227640896713531	0.000504550765060453	0.00166009062753615	0.00479460085061967	0.0112816821156826	0.0227937422931695	0.045847059075778	0.0801642664009792	0.118786578219739	0.153179513779117	0.167322445802991	0.155500173581886	0.119902429188399	0.0717356226982152	0.0326803826009364	0.0108368927884368	0.00236764780349344	0.000343970413070146	2.32659032713229e-05	
8.03635555408605e-05	0.000323291103432947	0.000743018473514927	0.00243340846177726	0.00669359534607762	0.0152897404670454	0.0308191939397613	0.058069786793191	0.0947063837134759	0.132999847538855	0.16146599657238	0.165120471858061	0.142873084362446	0.101176797985309	0.0562599995224109	0.0225004178904888	0.00692642004698742	0.00130694102325308	0.000183688126950538	2.75532190425807e-05	
4.13752203805141e-06	0.000102058876938601	0.000469378888983388	0.00115344919927455	0.00372698790694253	0.00922943249288001	0.0209519518760214	0.0410989258533065	0.0709157485581885	0.110487928779454	0.147958247805389	0.165459046577005	0.158763616470096	0.1253678372023	0.0821155609905228	0.0426224534126512	0.0149713936323536	0.00392880703746526	0.000603158768213717	6.48211785961388e-05	5.05697137984061e-06	
2.61991753235024e-05	0.000154437244012224	0.000693129059435817	0.00175902182391304	0.00577347089892128	0.0130527049269618	0.027861214235253	0.0524535068055805	0.0865188696113008	0.12575879936074	0.158238422607406	0.163872164571269	0.147126295193003	0.108683831569639	0.0652593879229156	0.0305946615273384	0.00975344737481965	0.00214373602997921	0.000256935772032242	1.97642901563263e-05	
2.30708181834961e-06	5.21400490947011e-05	0.000322068621841605	0.00103034274007493	0.003166239087503	0.00856942470607778	0.0184603458777062	0.0373848766172644	0.0651718314538307	0.103965873645743	0.138256953544601	0.161952529484506	0.157881452907846	0.134443347298869	0.0911851017884498	0.0497194588508887	0.0209339990033407	0.00616406120226648	0.00117984164190399	0.000153651649102084	4.15274727302929e-06	
1.5248967113523e-05	3.3270473702232e-05	0.000103046050494413	0.000522161601160031	0.00165797860616123	0.00491663666932985	0.0119963162192173	0.0243526004802963	0.047133171078162	0.0799641972735771	0.118584285893181	0.149961577223773	0.162206959905845	0.150109445995783	0.119406805937486	0.0736608287767417	0.0372846487723888	0.0138187988342396	0.00365466911820768	0.00052632041037281	9.10317127686071e-05	
3.69339298162999e-05	3.27788627119661e-05	0.000248380678014617	0.000873949114278196	0.00265324118317844	0.00722843173917259	0.0158335757122478	0.0323799762699501	0.0592886525117381	0.0952743036800044	0.131952466032326	0.157825145542767	0.15937775561742	0.139233528621487	0.101532296413254	0.0587438770469476	0.026174614386689	0.00907466655586488	0.00196580841447256	0.000248380678014617	2.12370096443724e-05	
3.74811899953912e-05	9.34716096181361e-05	0.000540932235859411	0.00142983798871307	0.00421362612466707	0.0100458843802462	0.0215974945906776	0.0418697283400368	0.0724099572251703	0.110385806382353	0.143160562014248	0.161403258734968	0.153597916601113	0.125732271397132	0.0835964728812022	0.0451569675218548	0.0183167336392292	0.00537276663008009	0.000890293945075712	0.000148073837018829	4.62730740683842e-07	
2.3164180764001e-06	8.84871705184839e-05	0.00022561912064137	0.000882555287108439	0.00237247539384898	0.00601620102802634	0.0140490756333666	0.0282413059038548	0.0529371022999715	0.0861156216918654	0.125031445375387	0.151558601902706	0.161985726231813	0.144223895705593	0.109860296825812	0.0670691057004732	0.033175276406587	0.0123678193935154	0.00320870231942942	0.000481351676275941	0.000107018515129685	
3.70438798648454e-06	3.56547343699137e-05	0.000156047343930661	0.000479718244249748	0.00127801385533717	0.00379097805566862	0.00899703232217433	0.0188706154516506	0.0367669768628557	0.0651296234813746	0.100583394803021	0.137464281596462	0.158879348546329	0.157937507900765	0.130866766592533	0.0926851765673381	0.0527694699159706	0.0233381073633509	0.00801814779674579	0.00167253117589777	0.000239859122124874	3.70438798648454e-05	
1.06672207437557e-05	2.17982336937617e-05	6.49309088750349e-05	0.000266216726387643	0.0008371449322817	0.00191685318843228	0.00550660486480921	0.0129347008401132	0.0248388553979384	0.0473661704399255	0.0792412173988863	0.115260711512899	0.147984034417092	0.160739711465593	0.148858282725874	0.116992047818832	0.075891710085347	0.0390480572208272	0.0162586995823087	0.00500570928205894	0.000785663997387922	0.000160008311156336	1.02034285375055e-05	
1.19926420528451e-05	3.13653715228257e-05	0.000179889630792677	0.000379613246518905	0.00120341550445665	0.00314760728340827	0.00801754246779053	0.017405936173314	0.0324548569277803	0.0583271371349394	0.093744637905236	0.129759003245393	0.156334698034498	0.158138668152524	0.138736418332875	0.100028782340927	0.0589655146965216	0.0288007911453711	0.0107555548995478	0.0030867215622169	0.000405443552478879	8.34872389063448e-05	9.22510927141932e-07	
8.75803665100054e-06	3.04226536297913e-05	0.000105557389109428	0.000231396547305383	0.000595546492268037	0.00184840668265853	0.00457722652339133	0.0116592515289688	0.0229866195637945	0.0427069524060631	0.0716269113262618	0.108465518226857	0.141301702377945	0.15960000663767	0.152751682925885	0.12392944525674	0.0830178903641315	0.0456040187403546	0.0201697584072542	0.00690363762747553	0.00158474368453368	0.000248912620607384	4.5633980444687e-05	
2.73385588594539e-05	6.9968176064026e-05	0.000231219336794364	0.000405444728847833	0.000942485232544562	0.00292568916336596	0.0067725487506742	0.0158832393319383	0.0302392262909824	0.0545478387710808	0.0855289130745036	0.121208975943922	0.151172963184692	0.159575168062632	0.142135020971918	0.108764834643422	0.0666384322680254	0.0339980464514551	0.0139194967481016	0.00409012642461694	0.00075945589780754	0.000137619525106064	2.59484626462613e-05	
2.13912098868312e-05	5.81282877359543e-05	7.7659392415235e-05	0.000340864279283636	0.000632435770567183	0.00183545881355049	0.0041671006912151	0.0101199023816787	0.021719053429662	0.0388836392586365	0.0663211211226107	0.100735857620107	0.132382292542466	0.155674529951414	0.155987027626283	0.129167100691215	0.0927425205169604	0.0524010238019062	0.0250035341998943	0.00903592607197863	0.0022563076167588	0.000377601357132759	4.69676564906511e-05	1.25557101509661e-05	
1.07155469541291e-05	8.61902689788643e-05	0.000137438537020351	0.000520868760639839	0.00105431664161713	0.00297286543975207	0.00641535137210249	0.0139889136019426	0.0279880768574935	0.0498151801097086	0.0790467263072268	0.115202845303842	0.142321565178013	0.1579709226645	0.147122596106809	0.114947535750326	0.0760501003068374	0.0399331163512724	0.0172916315305435	0.00557953870968042	0.00127701366092469	0.000239003286411662	2.51582406749117e-05	2.32946672915849e-06	
1.1688513277216e-05	9.30405656866394e-05	0.00026135515687855	0.000636322662811639	0.00155129948215211	0.00468569120257035	0.00888233500962198	0.019247241043326	0.0353586877446406	0.0618626253709934	0.0953212283972898	0.127834464469725	0.14915150744418	0.155683048663489	0.135016822108309	0.0986150514388092	0.0605226542088934	0.029527054700372	0.0116656037911927	0.00324800406947278	0.000689154742824656	0.000117352673303249	1.77665401813683e-05	
6.9562424339192e-05	0.00018954593477659	0.000428112369926437	0.00102989736974669	0.00255793639566733	0.00628116011449321	0.0123270218271948	0.0247478828979613	0.0456240799902519	0.0745774549583302	0.109957184094388	0.137169164144445	0.152129287134546	0.151877648565964	0.119861659479328	0.0835589443505274	0.0469709765957457	0.0211091611845407	0.00710890627793877	0.0020322498869027	0.000339408607346259	3.92164002986049e-05	1.3538995341185e-05	
0.000130340346574982	0.000277904238947371	0.000737353960624181	0.001393245204639	0.00400982766213175	0.00860665238508869	0.0177835437864429	0.0327787351586568	0.057144931948374	0.0875980229231429	0.122630715075071	0.145246627210782	0.153447362516537	0.142259505768026	0.103130868224979	0.0682531879852269	0.0341868764029044	0.014666081997112	0.00444926083058455	0.00112465099044698	0.000133133354001588	1.02410272308914e-05	9.31002475535582e-07	
7.43945907693052e-06	0.000171107558769402	0.000461711428962	0.00114056206973191	0.00225043637077148	0.00556378545715941	0.0120170512402043	0.0232580739054463	0.0421910322900422	0.0687880284224534	0.101273821380447	0.13306030518521	0.150504441822035	0.149840470099419	0.128793310438398	0.0886839317913194	0.0541220647846695	0.0248817358489864	0.00986797749935602	0.00253685554523331	0.000528666560654375	4.51017206538913e-05	9.29932384616314e-06	2.78979715384894e-06	
2.57963827022356e-05	0.000286063458180148	0.000637539172498108	0.00169933671050977	0.00319184170971054	0.00815672408050867	0.0165511434016308	0.02997631799938	0.052944772247883	0.0823383683880071	0.115172557071042	0.140476044603788	0.151073290747805	0.144089380780866	0.113138328035094	0.0745510853597697	0.0404648508162943	0.0177571242929603	0.00573278540588075	0.00145334977545631	0.000244144336289015	2.67176820844583e-05	1.24375416600064e-05	
0.000103978926937474	0.000490251519551687	0.000889293454070501	0.00227795938619598	0.00453266032820857	0.0110176618240458	0.0220772800572067	0.0387467438178143	0.0643903186498063	0.0964276853926025	0.128702653104409	0.14411844111874	0.149872853838464	0.133455128532547	0.0969758549986501	0.0601436003706758	0.0294488387195634	0.0118120973096821	0.00355398148080586	0.000796259677336972	0.000132709946222829	1.45935336052595e-05	1.91540128569031e-05	
2.72726033063486e-06	0.000164999250003409	0.000793632756214745	0.00138817550829314	0.00320089454138845	0.0068036054381571	0.0151072040581634	0.0287830509861319	0.0485943245712519	0.0778264644251617	0.110006318153099	0.139176185562793	0.145902518624915	0.145545247521602	0.118561733810301	0.0810528133963027	0.0456602469988773	0.0209639956182017	0.00771951036586197	0.00228953504756797	0.000405452702487716	4.86361425629884e-05	4.54543388439143e-07	2.27271694219572e-06	
