# <P(U)> as a function of N_tot.
# number_of_species: 1
# species_total_upper_bound: 151
# species_total_lower_bound: 97
# volume: 729
# Bin widths for each
10	10	10	10	10	10	10	10	10	10	10	10	10	10	10	10	10	10	10	10	10	10	10	10	10	10	10	10	10	10	10	10	10	10	10	10	10	10	10	10	10	10	10	10	10	10	10	10	10	10	10	10	10	10	10	
# Bin lower bound for each
-250	-250	-260	-260	-260	-260	-260	-270	-270	-270	-310	-310	-320	-320	-320	-320	-320	-320	-330	-330	-350	-350	-360	-360	-360	-360	-370	-370	-370	-370	-380	-380	-380	-380	-390	-390	-390	-400	-410	-410	-410	-420	-440	-440	-440	-450	-450	-450	-450	-450	-460	-460	-470	-470	-470	
# Bin upper bound for each
-100	-100	-110	-110	-110	-110	-120	-120	-120	-120	-130	-130	-130	-130	-140	-140	-140	-140	-150	-150	-150	-150	-160	-170	-170	-170	-170	-180	-180	-180	-180	-190	-190	-190	-200	-200	-200	-210	-210	-210	-220	-220	-220	-230	-230	-230	-240	-250	-250	-250	-260	-260	-260	-260	-270	
# Normalized histogram for each
3.28411539067837e-06	4.4882910339271e-05	0.000337169180109646	0.00179641111870107	0.00691634701276864	0.0194058378435185	0.0499897097717759	0.0995130751580754	0.162651288248997	0.218066356646174	0.215071243409875	0.146022717320862	0.0616089100239959	0.0169701189287653	0.00156542833622335	3.72199744276882e-05	
6.54372462261795e-06	0.00012760263014105	0.00056385093831558	0.00300356960178164	0.00980140886391125	0.0271880851862071	0.0664951483735027	0.118956188673031	0.182021334723511	0.220676206690086	0.195673725527833	0.11995519729875	0.0445289554361447	0.0102900069690667	0.000704541017701866	7.63434539305427e-06	
2.16937151137944e-06	5.85730308072448e-05	0.000178973149688804	0.00111505695684903	0.00451012337215785	0.0146768829602376	0.0364931675644249	0.0832789182645896	0.141718532723885	0.199314261665253	0.216800480732727	0.173654935428657	0.0914129767465068	0.0306987762575304	0.00586814993828138	0.000218021836893634	
1.18747152767133e-05	0.00014789418117361	0.000454477739226934	0.00171319755855854	0.00697369642614251	0.0206360961117864	0.0508809959215751	0.102636402695344	0.160950970380142	0.208826583817138	0.205801769980288	0.148125198361721	0.0694044722336771	0.0204946790480365	0.00284777262726996	9.39182026430957e-05	
2.48363768693423e-05	0.000201930542372479	0.00086711350548182	0.00333347371285477	0.0104161604905076	0.0280769841295552	0.067048498964971	0.121377533445421	0.179546487758366	0.211861853592798	0.191729270534015	0.121622657686697	0.0494783820936202	0.0129937444725563	0.00138327820737511	3.77944865403035e-05	
6.13924452826368e-05	0.000486831320486874	0.00148526635166239	0.00498140455144202	0.0151639339848113	0.0379717659375326	0.0843909169338674	0.140730871675788	0.194330784649304	0.212133516720825	0.169338674117053	0.0953650857932496	0.0351961811744913	0.00756742667641765	0.000780868821577398	1.50788462097704e-05	
0.000138348166130207	0.000805229560679722	0.00229787657181891	0.00783288406207509	0.0218817079945785	0.05181787328605	0.101755076188767	0.159136058936319	0.203148069286491	0.203432331534087	0.148131975503728	0.0724231032790677	0.0229322893811297	0.00385537428583163	0.000411801963246945	
1.0732216181177e-05	0.000324112928671545	0.00134903957397395	0.00382174218211712	0.0111808228175502	0.0303410483658054	0.0673060205586333	0.119556888258312	0.175822678031368	0.208328414400917	0.190343366524501	0.121215015658303	0.0535322943117108	0.0146043997793456	0.00210244114989257	0.000160983242717655	
9.32183140771441e-05	0.000591454130696362	0.00204651701019937	0.00572381877931153	0.0166775064208132	0.0419482413347148	0.0844268627322824	0.136482326557683	0.190555377571674	0.206128193396929	0.168908370683162	0.0973702792156375	0.0388913235179092	0.00906360596297197	0.00102218703022523	7.07173417136955e-05	
0.000160705144373883	0.000988709133267136	0.0033141445005316	0.00896649563807924	0.0230563989914954	0.0541065485749924	0.102379819690957	0.154906987906672	0.198215427906714	0.196894665759907	0.148982183014424	0.0760028905640538	0.0263833147617786	0.0052830485872315	0.000352274190647386	6.38563487578344e-06	
2.12336991545803e-06	0	2.76038089009543e-05	2.12336991545803e-05	0.000241002485404486	0.00164030325969133	0.00544325877827665	0.0127083689440163	0.0317146530572811	0.0685147770620842	0.119220850643222	0.173390140556472	0.203916768146054	0.182394290682971	0.126133481402995	0.0550717221273194	0.0167916092914421	0.00267438440851938	9.34282762801532e-05	
1.91211494785238e-05	6.37371649284125e-06	7.01108814212538e-05	0.000106228608214021	0.000632060218873424	0.00273113751718248	0.00771325924242006	0.0180163719530979	0.0420622797084237	0.0851560392026056	0.137846491162842	0.187324590010687	0.200928225578574	0.164361151773062	0.101406891687186	0.039730561758126	0.0105251305018452	0.00134804103823593	1.59342912321031e-05	
1.05773543075218e-06	2.22124440457957e-05	2.11547086150435e-05	9.73116596292003e-05	0.000152313902028313	0.0011169686148743	0.00365024497152576	0.010695820675766	0.0252428560549007	0.0545347233387207	0.101657894514161	0.157813068532794	0.196149631484976	0.191985327094105	0.144206359951598	0.0780365468746033	0.0277549777029371	0.0062173688619613	0.000632525787589802	1.16350897382739e-05	
3.17783818024274e-06	5.40232490641267e-05	3.17783818024274e-05	0.000202322364142121	0.000360154993760844	0.00182407911545934	0.00557392816814577	0.0154125151741773	0.0337698270620462	0.0700448498895172	0.120235626108271	0.173177350911722	0.201990809691983	0.177676110495552	0.119905130937526	0.0576057319726536	0.0181782936703819	0.00369688508301573	0.000255286333812834	2.1185587868285e-06	
1.6041168053693e-05	4.70540929574995e-05	3.95682145324427e-05	0.000210674007105168	0.0005956620403938	0.00259332216868037	0.00871249307556246	0.0202942164103288	0.0452382327338214	0.088253159575401	0.137838548851773	0.184322645637765	0.196300051117856	0.162720539325458	0.0977484616519837	0.0411594984033691	0.0116875950439207	0.0021056706598481	0.000116565821190169	
1.2800887528202e-05	4.16028844666564e-05	0.000152543909711073	0.00046083195101527	0.00104327233354846	0.0039384063961768	0.012996101063007	0.0273928325697248	0.0581053619717634	0.105061150906463	0.15735170971854	0.194370809709473	0.186360654338701	0.140891901838527	0.0755497714508206	0.028523577634716	0.00659885752078811	0.00111474395558092	3.3068959447855e-05	
2.13804044317302e-05	6.52102335167772e-05	0.000223425226311581	0.000677758820485848	0.00177350454761202	0.00643977781483715	0.0197875643015663	0.0372425264796309	0.0733925142928004	0.122929842340898	0.169991319555801	0.19730051013645	0.172436168802569	0.11720417003408	0.0567457314022552	0.0194123382037895	0.00392651127388726	0.00041691788641874	1.28282426590381e-05	
4.80308422048078e-05	0.000101398444654594	0.000312734150355748	0.00123172426454107	0.00337176512277751	0.00967234426799929	0.0258811524840484	0.0495913109004395	0.0904815678974659	0.140855247849819	0.181243849383818	0.194002975777513	0.153815036428725	0.0942599941509108	0.0410599659728167	0.01148897745539	0.00240047475819139	0.000173978383986304	7.4714643429701e-06	
4.28283407979562e-06	0.000109212269034788	8.56566815959125e-05	0.000528930008854759	0.0020032956408244	0.00535782543382432	0.0148100402479333	0.03457639023471	0.0630775803272299	0.107326751331158	0.159100861813288	0.186732636587609	0.18337168254349	0.133035533603652	0.073722564432562	0.028457291043202	0.00636322073405635	0.00123988046610083	9.63637667954015e-05	
4.50201304297493e-05	0.000174720982382122	0.000274408414047996	0.000947566554759485	0.0030249240017322	0.00846592833652762	0.0218047498381419	0.0447435781999666	0.0790081850884753	0.125657615476635	0.17066702682771	0.189567978253133	0.166322584241239	0.11039579126095	0.0551089272774826	0.0194186829253652	0.00372702365486282	0.000631353733883865	1.39348022758748e-05	
9.60745025742629e-06	0	6.83196462750314e-05	0.000260468651423557	0.000314910869548973	0.0017015861900375	0.00444504698576923	0.0125046302572768	0.0287337487310159	0.0565857470272948	0.0959965754777305	0.142478487317632	0.177485901066747	0.186136876276323	0.149384109063775	0.0893588948443219	0.0400812149795094	0.0121619645314286	0.00193109750174268	0.000350138187159536	1.06749447304737e-05	
2.23452749320065e-05	0	0.000228773052875305	0.0003085776062039	0.00060119430174208	0.00257928316358018	0.00686638376839229	0.0172771537652852	0.038539214893445	0.0705110470783021	0.114798317932828	0.155965762782561	0.182395966784281	0.176924566608072	0.127458512272876	0.0696757594201295	0.0273186946954445	0.00741118285244883	0.00101192173620658	0.000102149828260601	3.19218213314379e-06	
1.69294075448021e-05	5.60786624921569e-05	7.40661580085091e-06	0.000306845511749538	0.000448629299937255	0.00113850265738794	0.00375621229900296	0.0104539091589153	0.0239434727082079	0.0492063811169388	0.086367488765751	0.131837761255146	0.16790798020529	0.179928917650071	0.161455759754778	0.107700658448145	0.0513638224909295	0.0194402503012906	0.00418897027936697	0.000471907235311358	2.11617594310026e-06	
9.0296427235952e-05	7.01125199714451e-05	1.69969745385321e-05	0.000399428901655505	0.000586395621579359	0.00198333446646497	0.00606579528843866	0.0152611585137845	0.0331239164428732	0.0617967501784682	0.101583480640446	0.147443442567223	0.173316024747595	0.174170122718156	0.145019249073665	0.0874759917734643	0.0365063143760411	0.0126882414930142	0.00214374341367237	0.000259203861712615	
6.47623698780663e-05	0.000115722923224741	5.94539789044543e-05	0.000501112107908972	0.000992669112065442	0.00342285049978501	0.00916971456781735	0.0214289126822769	0.0429395745855474	0.0758537219783312	0.118922821303635	0.159145561388887	0.171629835280628	0.165344700367871	0.126918319788089	0.0691237439019859	0.0258497406851009	0.00738078680971011	0.00100222421581794	0.000133771452535022	
8.88951915109325e-05	8.36038110638532e-05	0.000191547972184271	0.000728093949518114	0.0017948362476493	0.0047897575806962	0.0131321479935614	0.0285342981989199	0.0528989886055413	0.0923652788081271	0.138747403255046	0.166921887583564	0.169461750198162	0.152310269616999	0.106157791081484	0.0498500951919342	0.0172181519747961	0.00420135607498098	0.000458233546717069	6.56131175437835e-05	
7.35665041197242e-06	6.51589036488986e-05	0.000147133008239448	0.00035417016983353	0.00102152345720531	0.00272090970237094	0.00664725912224651	0.0183012443248697	0.036669749453506	0.0670380023541281	0.10963195728939	0.152240625525475	0.171359508996133	0.165986001345216	0.13428304186985	0.0839341264503111	0.0357795947536573	0.0114038590886161	0.00215339667059021	0.000243820413653943	1.15604506473852e-05	
2.83530947402909e-05	6.82574503007003e-05	0.000195321319322004	0.000551310175505656	0.001267488346353	0.0039085266156801	0.00985952616728116	0.0251082405644576	0.0469873786723821	0.0806540533899275	0.12570187035915	0.163387333727476	0.173567144853861	0.156310611303224	0.114152709768271	0.0649926439470868	0.025046283801877	0.00708827368507273	0.000999709118250257	0.000124963639781282	
3.04370231751693e-05	7.97659917694091e-05	0.000450258032487849	0.00077247065713533	0.00254096665886499	0.00563609705002272	0.0140839453099171	0.033856465296021	0.0604573739985957	0.0964738183875305	0.139558999020767	0.167650272306402	0.17108125950501	0.143823330922861	0.0941616541787409	0.048323497276936	0.0162974515815182	0.00419401188303367	0.000477546398093173	5.03785211175215e-05	
0.000104144202902362	0.000188301134540635	0.000674307414751658	0.00128234124583818	0.00347147343007874	0.0088028150493633	0.0200661683875006	0.0424098337374619	0.074265336285839	0.112897575754388	0.150356877988229	0.174255342650207	0.163176082600028	0.124540687246543	0.0748049926099694	0.0348777883558365	0.0111876120996628	0.00244686278738277	0.000169365824922023	2.20911945550465e-05	
9.4905273991526e-06	0.000137085395765538	0.000456599818203675	0.000645355863142377	0.00196875718380199	0.00538323804140823	0.0120392612573473	0.0260694242624278	0.0538724515297676	0.0899659817317893	0.129099644210673	0.160628230733702	0.17381900931548	0.150085309296288	0.105775091372689	0.0578658545587221	0.0242567335291897	0.00655795443281445	0.00125169511364379	0.000106504807479379	6.32701826610173e-06	
5.61322348360886e-05	0.000142978334016452	0.000539081274180549	0.00096589807868892	0.00285744848278806	0.00693286055164219	0.0163651942016461	0.0352595162672276	0.0664923390090436	0.104759695784469	0.140849545487763	0.166851479402118	0.168837289596791	0.137124695111941	0.0883807332988067	0.0426604984754273	0.0165600683754166	0.00378415990696876	0.000529549385246119	5.08367409836274e-05	
5.62154685877508e-05	0.000233347228100097	0.000613066808372074	0.001527363674837	0.00410691121456172	0.0108304933915004	0.0224204259435448	0.0468911254867146	0.0810298249577588	0.119128002621974	0.150747612698756	0.168825658861202	0.158489437325586	0.121539964425154	0.0700911433059575	0.0302216480466185	0.0104815332185689	0.00253287809410469	0.000215315851383272	1.80313767168257e-05	
0.000119903178183617	0.000433578456824686	0.000835039990921617	0.0021411281818503	0.00585812670554242	0.0152255625011375	0.0305314173090943	0.0605264820086352	0.0957041474723447	0.132775640812901	0.158893122375111	0.166958752236141	0.145550682109911	0.101601885049251	0.0541416377703576	0.0208181893121305	0.00640411439191424	0.00136711034411142	8.35039990921617e-05	2.99757945459042e-05	
3.22474887268154e-06	0.000124690289743686	0.000509510321883683	0.00114156110092927	0.00339566056293366	0.00858105675020558	0.02153809772064	0.0399406646207427	0.0736489645868828	0.110455173303379	0.145923111237712	0.163337830066484	0.162285487017698	0.128325656639489	0.0816441919585512	0.0415250912335202	0.013346160667738	0.00365579030532997	0.00057293038304642	4.51464842175416e-05	
1.61057914278536e-05	0.00018038486399196	0.000695770189683274	0.00153219762450314	0.00544375750261451	0.0122296642908835	0.0286940780078639	0.0509952305382985	0.0892561486543074	0.124684594917871	0.155729044754773	0.162991682969307	0.150384069439583	0.112410908130418	0.0641300403074273	0.0300458907683751	0.00846949885219393	0.00189726223020115	0.000202932971990955	1.07371942852357e-05	
4.09951906168482e-05	0.000361404969911688	0.0010410620775068	0.00272078607199187	0.00852268436508159	0.0178426173055803	0.0384599617234378	0.0653506491264788	0.105316644694683	0.136521536499744	0.15999128312789	0.159569464192859	0.137008084683118	0.0926210814531285	0.0472793218100887	0.0206141079554404	0.00550306492990901	0.00108529373054077	0.000143483167158969	6.47292483423918e-06	
1.94935362682657e-05	8.88038874443216e-05	0.000367128266385671	0.00160821674213192	0.00475425690098258	0.0118141659528061	0.023677065746283	0.0475848050050737	0.0803545224462655	0.120345512100613	0.14772093486668	0.160376571801733	0.151068408233637	0.12287100802159	0.0745995973501786	0.0354240872963873	0.0136346456454147	0.00314820610732491	0.000452683231118615	8.98868616814475e-05	
3.88236854677553e-05	1.29412284892518e-05	0.000224314627147031	0.000441080204341998	0.00228736213547525	0.00736032370326194	0.0146505490855404	0.0314924795285942	0.0586906280701717	0.0963204852097935	0.133067103505024	0.157234847708702	0.160186526239958	0.141079880811286	0.103881397954639	0.0578483697826629	0.0244707846374677	0.00881189816547302	0.0016327516610606	0.000246961777003221	2.04902784413153e-05	
3.58393355169987e-05	2.82370522255141e-05	0.000432244107144409	0.00109038463209293	0.00353071756865948	0.00978088047473001	0.0209269138205166	0.040705882864019	0.0711465112035935	0.1112767926184	0.145396926071053	0.162421696482098	0.152471393694015	0.128612170603925	0.085574558850361	0.0428757917235028	0.0177241804738612	0.00508918564341382	0.000748281883976124	0.00013032485642545	1.08604047021208e-06	
0.000109872656503265	0.000197988351322714	0.000679905052619212	0.00194180883028047	0.00533154346061881	0.0138602724406742	0.0276389562750341	0.0520350374110956	0.0851687143593771	0.126244770170335	0.15070394649528	0.162841067570596	0.143112942563797	0.114441618456866	0.0681232227281924	0.0318271713991684	0.0123351094266388	0.00288606096735803	0.000443842018349822	7.61493658933517e-05	
2.70889362283099e-05	0.000152781600327668	0.000437757209449488	0.000928608733906463	0.00333844050077691	0.00834664303066684	0.0182557759029826	0.0364833793122878	0.0642018624185436	0.0996493608094608	0.139633714239895	0.158602470944407	0.158230810739355	0.131129955379104	0.0960432816187481	0.0522079650140971	0.0225444962866486	0.00808983991522247	0.00149097505000618	0.000171202076962919	3.35902809231043e-05	
4.35066820825344e-06	0	3.48053456660275e-05	0.000199043070527595	0.000839678964192913	0.00146073685092109	0.00498151509845018	0.0120491756027579	0.0245975903824129	0.0469970056526057	0.0773853354202039	0.114520463911751	0.151146564222933	0.161746967312342	0.148507883954627	0.117760624059848	0.0785969965162024	0.0378301477378157	0.0154872911543302	0.00513487615279112	0.000585164874010087	0.00012943237919554	4.35066820825344e-06	
1.83103825254326e-05	1.18478945752799e-05	0.000102322725877417	0.000295120283056972	0.00124510601172942	0.00275732819206514	0.00689762880546296	0.0163027029355851	0.0321422609014094	0.0577154028014885	0.09227571127758	0.12972906019269	0.157572689525923	0.15937895490799	0.140041036798483	0.102679239796001	0.0601646857345964	0.0274655737881489	0.00988652948240857	0.00302121311669638	0.00021757042765514	7.9704018051883e-05	
3.10870275977767e-05	6.43179881333312e-05	8.25414181044417e-05	0.000499536374502206	0.00168191538968661	0.00420961232332653	0.00966806558290857	0.0219624490145948	0.0424680955979697	0.0716759659757843	0.106633864492719	0.142177056701666	0.159858071639519	0.155028862697175	0.126123286863587	0.0846478322158083	0.0463282468524385	0.0188462424895349	0.00636855279166868	0.00148252962647328	0.000122204177453329	3.96627593488876e-05	
3.03019808837789e-05	0.000137441127579997	9.19881562543289e-05	0.000188305166920626	0.000692616705914947	0.00235273237290483	0.0064283488017731	0.0134594905804128	0.0290141466962183	0.0533520484139077	0.0850338516415016	0.119254527981715	0.153133224823383	0.161361294846932	0.143802379138385	0.111748294431362	0.0680928799002632	0.0340983862030752	0.0131781150436349	0.0039338464468763	0.000553011151128965	4.86996121346447e-05	1.40687768388974e-05	
3.47537479745081e-05	8.36262060636602e-05	0.000130326554904405	0.000505015400254571	0.00151613225538792	0.00314738630094139	0.00863847848091368	0.0192361995038902	0.0380282026664813	0.0657399724576547	0.100009340069768	0.129970328987667	0.157521362694458	0.157025035731197	0.131402835036991	0.0966686360457186	0.0545927077948312	0.0249010604237351	0.00859286418669713	0.00204178269350235	0.000205264323974439	8.68843699362703e-06	
1.85674248729224e-05	6.11632819343325e-05	0.000349504468196186	0.000951307474371493	0.00233731113106199	0.00539656742924173	0.0118187120323466	0.0257552027016695	0.0491381438254575	0.0789257543289405	0.1136381012296	0.143267342520932	0.158606219868892	0.148395228390248	0.118326922110745	0.0784604765056543	0.0418662664840506	0.0160968651633606	0.00522399959806986	0.00123527985478089	0.00013106417557357	
8.79639963362996e-06	0.000168231142993173	0.000545376777285057	0.00123149594870819	0.00397817173430915	0.00788597227154926	0.0175136316705572	0.0331558293190597	0.0607006552218177	0.0959522267535898	0.126807797568455	0.148033509884404	0.158585890794898	0.136105591981202	0.103096002806051	0.0616352726828909	0.030000120950495	0.0106887251048146	0.00310842772053399	0.000724603419820268	7.36698469316509e-05	
5.51031586232586e-05	0.000279924045806154	0.000834261821556135	0.00216004381803174	0.00535823114452567	0.0107230746680861	0.022293635915798	0.0436097417976193	0.0737324344906099	0.110125866634927	0.135611077498184	0.153825977612689	0.154332926672023	0.121289766571999	0.0875313674730463	0.0485469848102633	0.0207871155590381	0.00658152126596201	0.00194403943622856	0.000360374657396111	1.65309475869776e-05	
3.29211242783415e-06	0.000137171351159756	0.000547588033829747	0.00107103390985538	0.00373764497640104	0.00742810300800313	0.0154531757362535	0.0292339583591673	0.0551867779985932	0.0857266076208013	0.122836396278157	0.145691338122991	0.156887812490055	0.144640056887703	0.105326747645317	0.0710821941709857	0.0350478289067224	0.0144457893333363	0.00418537226658649	0.00118625784482957	0.000144852946824703	
3.51236131660864e-05	0.000354528970395185	0.000913213942318246	0.00194057962742627	0.00518073294199774	0.0105392791756488	0.0206812224773562	0.0372365180206088	0.0652596732625885	0.100453533655007	0.134128297777992	0.152381600495243	0.153147734307428	0.132542247120961	0.0916320186857622	0.0560737508067455	0.0248653228957663	0.00954484187788398	0.00250694788972942	0.000533439874959937	4.9392581014809e-05	
4.34391656205068e-06	0.000154209037952799	0.000539731632834797	0.00143023452805519	0.00296798099102112	0.00705234853848927	0.013756097772874	0.0262101065562733	0.0480513190302641	0.0798943993883765	0.116436511487487	0.142015664163123	0.153459712345845	0.146894968441446	0.115386369658612	0.0778668763330394	0.042685496096991	0.0173724083107812	0.00577523706924637	0.00172453487513412	0.000299730242781497	2.17195828102534e-05	
6.77802714223313e-05	0.000293714509496769	0.000471234267983827	0.00195809672997846	0.0043411650030017	0.00879529712504061	0.0184104127710942	0.0338664664100341	0.0593593796060998	0.0946804321584036	0.131441008570439	0.14739088990117	0.151814897458132	0.137553067649014	0.0989333752208238	0.0638027529548971	0.030762560329821	0.0112257040003271	0.00386455134839705	0.000839184312847912	0.000108663609740563	1.93657918349518e-05	
6.80467556819041e-05	0.000558415439484832	0.000615661122836275	0.0028914470628644	0.0061296085475366	0.010777309971334	0.0246923314546668	0.0435002387036985	0.0740737540423013	0.110143935089876	0.141786756589194	0.150801331556197	0.149463078694453	0.123232674539928	0.0821313540008252	0.0481673820576907	0.0208385088471583	0.00729288403752725	0.00243024127435372	0.000353195065206074	5.18451471862126e-05	
