# <P(U)> as a function of N_tot.
# number_of_species: 1
# species_total_upper_bound: 151
# species_total_lower_bound: 97
# volume: 729
# Bin widths for each
10	10	10	10	10	10	10	10	10	10	10	10	10	10	10	10	10	10	10	10	10	10	10	10	10	10	10	10	10	10	10	10	10	10	10	10	10	10	10	10	10	10	10	10	10	10	10	10	10	10	10	10	10	10	10	
# Bin lower bound for each
-250	-260	-260	-260	-260	-270	-270	-280	-280	-280	-310	-310	-320	-320	-320	-320	-320	-320	-330	-330	-350	-350	-360	-360	-360	-360	-370	-370	-370	-370	-380	-380	-380	-380	-390	-390	-400	-410	-410	-410	-420	-430	-440	-440	-450	-450	-460	-460	-460	-460	-460	-460	-470	-470	-470	
# Bin upper bound for each
-100	-100	-100	-100	-110	-110	-110	-120	-120	-120	-120	-130	-130	-130	-140	-140	-140	-140	-150	-150	-150	-150	-160	-160	-160	-170	-170	-170	-170	-180	-180	-190	-190	-190	-190	-200	-200	-210	-210	-210	-220	-220	-220	-220	-230	-230	-240	-240	-240	-250	-250	-250	-260	-260	-270	
# Normalized histogram for each
2.5638343475862e-06	7.07618279933792e-05	0.000398419857614896	0.00202748020207117	0.0067962120885815	0.0195671837407779	0.0487133653710073	0.0972667474787253	0.161429778628287	0.220793311879168	0.216932177351703	0.147912218414074	0.0614258816000788	0.0150143267063343	0.00157419428941793	7.53767298190343e-05	
3.57667314214823e-06	9.70811281440234e-06	0.000137957392625717	0.000774094258622082	0.00327929831804391	0.00997993997320561	0.0275168793424644	0.0634818606466829	0.11780948186269	0.181553972508668	0.223773533231892	0.199070984698992	0.119591686994092	0.0434887687353804	0.0086718995097914	0.000825189589224199	3.11681516672917e-05	
7.61669539007128e-06	7.36280554373557e-05	0.000242210913404267	0.00136034179666673	0.00492546301891276	0.0143341129444215	0.03747211020038	0.0799554981877343	0.138872160369014	0.199099401937078	0.220716599013486	0.176272673632727	0.0922645857177821	0.0291475699187248	0.00487823950749432	0.000366616938108764	1.11711532387712e-05	
1.31130806509938e-05	0.000157356967811926	0.000480140491528698	0.00207388413988026	0.00713805501744292	0.0209072940502423	0.0503617949386535	0.0990849591451885	0.158520501545074	0.210948111035515	0.210428126952777	0.149470962848121	0.0690373435319478	0.0187174095815263	0.00247181570271234	0.000187617923160373	1.51304776742237e-06	
5.34029519741207e-05	0.000185398927608268	0.000847394011513878	0.00341577372060885	0.0109178808701054	0.0286768814086691	0.0660755732378663	0.117003852569564	0.177012145141163	0.215102052537421	0.195582265988013	0.122771371382769	0.0492581775789218	0.0116897046665615	0.00131290653626942	9.52184709727247e-05	
6.03496356139293e-06	0.000104103121434028	0.000423453276557737	0.00136239302398445	0.00521722599882419	0.0156391051557197	0.0387917399453735	0.0829012886155944	0.136666778984044	0.191831375071477	0.215063470214689	0.172589899583235	0.0976276055326534	0.034430975858637	0.00662890455856002	0.000689494586889142	2.6151508766036e-05	
1.1075708002048e-05	0.000174190680395846	0.000821112715970013	0.00208827439965887	0.00784764256072383	0.0226100510036353	0.0521726259849199	0.099899865530836	0.155631821314596	0.202642663929289	0.206483417399635	0.14963130478385	0.0738296626591063	0.0223145309764898	0.0034958961984646	0.000340829741699386	5.03441272820364e-06	
5.00249124063784e-07	3.45171895604011e-05	0.000297147979693888	0.00135517487708879	0.00357227899493948	0.0117608569067396	0.0310574666183759	0.0669763542244037	0.11869360941749	0.173428367326929	0.20785201030113	0.191336785719288	0.124185844550586	0.0535556707240206	0.0137803626205851	0.00196297756282629	0.000150074737219135	
1.19777632824661e-05	0.000121773926705072	0.000513047527265631	0.00197134020690588	0.00556866177940653	0.0174196604004665	0.0422046470727095	0.0833557500500321	0.137707845385043	0.188192121326757	0.20535076630236	0.171205157624869	0.0989817403989493	0.0378771810134485	0.0084612916121221	0.000999145087145714	5.78925225319195e-05	
7.96854814048949e-06	0.000177798230384672	0.000803827293671877	0.00313313352198871	0.00882815527114479	0.0240545566648439	0.0542090369312324	0.100899748691913	0.155696466048507	0.197232523230808	0.197577660972143	0.149786293499557	0.0763018366507395	0.0258151077696333	0.0050401066988596	0.000427811428292529	7.96854814048949e-06	
9.94754163916586e-07	0	1.29318041309156e-05	4.37691832123298e-05	0.000323792480354849	0.00144139878351513	0.00493049901345256	0.0129372752788172	0.0326304234618738	0.0682122825280881	0.119208852118354	0.173031518288307	0.202468283506926	0.184500039044101	0.125761297796072	0.0554252151280224	0.0161518233595136	0.00277188247775357	0.000147223616259655	4.97377081958293e-07	
8.94092729337269e-06	2.9803090977909e-06	4.22210455520377e-05	0.000110768154801228	0.0006328189650976	0.00238921446006237	0.007354409416982	0.0187034264613697	0.0427828338169713	0.0841520076852237	0.137898405236602	0.187331798805293	0.200767528936318	0.166276908465767	0.100700670668891	0.0392119267996348	0.0101817293144196	0.00141067963962102	4.07308910031422e-05	
4.95834740264409e-07	1.04125295455526e-05	1.14041990260814e-05	6.09876730525223e-05	0.00025188404805432	0.000941094337021848	0.00366173955685266	0.0103520377072403	0.0259782695466732	0.0557204206066935	0.100634123049324	0.156143813891405	0.196797304245684	0.192226699609927	0.144944394613053	0.0778991085387205	0.0274999863645446	0.00612950905914862	0.000716481199682071	1.98333896105764e-05	
1.48912861653499e-06	2.53151864810948e-05	2.18405530425131e-05	0.000151891118886569	0.00039412270717626	0.00165640739779242	0.00567705466243688	0.0149647498437656	0.034584019366614	0.0703523923595789	0.119275231174808	0.172780118743116	0.199771071294018	0.178480006711006	0.121801289684657	0.058014465395381	0.0182130357326339	0.00351533628743359	0.000319169900143999	9.92752411023324e-07	
7.50362049688975e-06	2.20106201242099e-05	4.70226884471758e-05	0.000194593891552674	0.000663320051925054	0.00269129855155112	0.00849760009204441	0.020349818787565	0.0454649368320214	0.0872440952759707	0.137930551491094	0.184792662459637	0.195538347252549	0.16271801144052	0.0985740619849077	0.0413909711435768	0.0118692269019802	0.00186790126235909	0.000136065651676934	
6.02344324109434e-06	2.40937729643774e-05	0.000102398535098604	0.000437201588582764	0.00108421978339698	0.0043077658245893	0.0121849237231304	0.0282017612548037	0.0580097740405659	0.104718564653632	0.154786930734418	0.194067811924008	0.187038955615255	0.141858613724616	0.0768531123131227	0.0283287555164701	0.00702835435515024	0.000924598537507981	3.6140659446566e-05	
1.00620830524335e-05	3.97452280571124e-05	0.000200235452743427	0.000702836501212481	0.00195908757030881	0.0065685278166286	0.0179477375406257	0.0383310022840929	0.0735664047171045	0.122609500618818	0.16928800700321	0.195837819345361	0.173399877242587	0.118125836410654	0.0577513256794422	0.0192633548997313	0.00402533632512603	0.000362738094040228	1.05651872050552e-05	
2.2707168855049e-05	6.5598487803475e-05	0.00031033130768567	0.00115100115907482	0.00337277148060328	0.00950219326020952	0.0243375435788416	0.0510240176247999	0.090734819122262	0.140188509869797	0.180529056850173	0.191850346637548	0.155955863318991	0.0951485881439312	0.0417362809593325	0.0116775400365232	0.0022091552277201	0.000180143539583389	3.53222626634096e-06	
2.0260170985713e-06	6.58455557035674e-05	9.37032908089228e-05	0.00048219206945997	0.00190952111540345	0.00521142248180004	0.0141015855103309	0.0331993291857387	0.0643630176916878	0.108506384739634	0.156486015163725	0.185543152391435	0.182406877922846	0.135283746227176	0.075428110075535	0.0287461436030789	0.00698368093877528	0.00110417931872136	8.30667010414234e-05	
2.54230135219924e-05	0.00010016667327665	0.000260331658465202	0.000886754711647096	0.00291601965097253	0.00777130677340265	0.0206160301252541	0.0433670849260851	0.0800794418326535	0.126120519320982	0.167888496696534	0.188839602140008	0.165996007569956	0.114109162352381	0.0569790748260303	0.0193413202272614	0.00415818809165708	0.000535408664773161	9.66074513835712e-06	
4.57947682021483e-06	5.08830757801648e-07	7.02186445766274e-05	0.000142981442942263	0.000379587745320029	0.00147408270535137	0.00428842562675229	0.0117641671203741	0.0277546825150487	0.0560706053559526	0.096724147581273	0.140918134219377	0.176664003785701	0.18494573319968	0.149693429468425	0.0926229716733917	0.0414366327615772	0.0125548901179979	0.00223427585750703	0.000245256425260394	1.06854459138346e-05	
1.06996392183557e-05	4.58555966500958e-06	0.000160494588275335	0.000169665707605355	0.000672039244238626	0.00224233867618969	0.00646411060777517	0.0162935125030379	0.037293337742264	0.07020186143152	0.113913963691539	0.156131173500764	0.181241698226356	0.175987156356885	0.129142607339035	0.0722796294663988	0.028701017943295	0.00776946659241457	0.00123249653662869	8.50876071174e-05	3.05703977667305e-06	
8.16677785394432e-06	2.70524516411906e-05	1.88856737872462e-05	0.000206721564427966	0.000274097481723006	0.0010484101070001	0.00350967278273257	0.0100573869271324	0.0232768481545889	0.0482692300821221	0.0864034888474992	0.129659848598147	0.167734387800467	0.179275065755322	0.161113172655382	0.109040265787785	0.05482460058076	0.0201311074099728	0.00447488384034562	0.000609956220966467	3.67505003427495e-05	
4.35770503771209e-05	3.38362979398821e-05	4.30643791962136e-05	0.000239417441483711	0.000471657486434721	0.00193379569438235	0.00572397373483006	0.0144993663384204	0.0321788320120088	0.061391348571288	0.101773944820175	0.145466858884181	0.17407442344999	0.174214382682378	0.144570196988775	0.0886182896469131	0.039229598763027	0.0127834558959236	0.00241160523498796	0.000290171888393535	8.20273889451688e-06	
3.13934416527155e-05	7.10212286569628e-05	0.000102929316894149	0.000347901091102224	0.000883648185536269	0.00329528208036618	0.0086059201855198	0.0204268375842283	0.0422540285248016	0.0758702287758462	0.118286370974756	0.157704182172539	0.174162065297329	0.166743949428768	0.124825985123626	0.0702585224187772	0.0270029916405955	0.00773668210434871	0.00125522301952415	0.000134322758546864	5.14646584470745e-07	
4.31875274420747e-05	5.19278603767803e-05	0.000203598343655495	0.000637530167002055	0.00161027780891164	0.00446990909025473	0.0122035613257748	0.0274986298242782	0.0532615323551701	0.0920871195255953	0.13587258856785	0.166573779206851	0.173131599594037	0.152547601395574	0.104914329313123	0.0516080670188164	0.0181464735841432	0.00445962634562567	0.000594856776791434	8.38043687268831e-05	
3.58432666119459e-06	3.22589399507513e-05	7.37347198874317e-05	0.000404516866049104	0.00096879229185431	0.00256176946942237	0.00673546184305053	0.017120280273863	0.0362242293313643	0.0675046481036096	0.108432026061127	0.149450548325172	0.171852589957638	0.16718118822477	0.135683149619524	0.0841927609914657	0.0371141664366724	0.0115881280956421	0.00250032386951617	0.000343583312808796	3.22589399507513e-05	
1.38533789160808e-05	3.74554318842186e-05	0.000136994524836799	0.000614679553387587	0.00140637450403621	0.00402928091214752	0.00986463196446557	0.0236728591270422	0.047293896355176	0.0815892185822042	0.123721961658978	0.160684828959514	0.173865036277895	0.158588350950214	0.115300133454217	0.064941048741831	0.0255923217390814	0.00721094026987408	0.00127502394838744	0.000148795551320868	1.23141145920719e-05	
1.48455677021877e-05	6.09180191917356e-05	0.00032711440557579	0.000919913281407974	0.00251453201907399	0.00616244634479087	0.0139794056141842	0.0318314567341287	0.0601091917100302	0.0972492186880102	0.138548052287113	0.167159044662123	0.170582739723924	0.14499819549565	0.0952092329192785	0.0484303371735575	0.0171005582445372	0.00408253111810161	0.000647061985364318	7.06444256173069e-05	2.55958063830822e-06	
5.09144282746849e-05	0.00012240034272096	0.000492172806655287	0.00133714660115334	0.00360258151579967	0.00891053923522414	0.019638054986554	0.0413332585902669	0.074550037311533	0.113673918286971	0.150086991672148	0.172386482682152	0.162937484796386	0.125912409697604	0.07598952705639	0.0350219266328231	0.0113220317016888	0.00233949226486406	0.000268457894539248	2.41714962516181e-05	
4.63558865022475e-06	7.4169418403596e-05	0.000328096663354796	0.000631470187241727	0.00226062206509294	0.00572804237546105	0.0120690125835629	0.0265974624787729	0.0533020585619065	0.089347365775243	0.130503151942749	0.159026443972988	0.170625201841256	0.150165258735381	0.107212924433209	0.0596038837991842	0.0244645766342639	0.00665258477847809	0.00128611831773458	0.000113829454633297	3.09039243348317e-06	
2.89455647641505e-05	0.000138008317714789	0.000458993955545815	0.00114128226784365	0.00342022860793543	0.00788043000703998	0.0167951470693133	0.0355415353347813	0.066127693358957	0.104893040969346	0.14362944301497	0.16493596310681	0.164635135987297	0.136840157422522	0.0886892104373571	0.0439367828865551	0.0164576211087599	0.00386785109160961	0.00053239163762634	5.01378532521893e-05	
5.41507316857279e-05	0.000259819376069021	0.000539424596407828	0.00172605457248258	0.00500738064059274	0.0115382712899589	0.0226860324956458	0.0462848172282636	0.0807840401131959	0.119798600932538	0.153353830773757	0.167334091790697	0.155261082025342	0.119417983770401	0.0706547292072906	0.032030157792108	0.0105521031571439	0.00238054947372258	0.000322821669664916	1.40583630337947e-05	
9.17854151401878e-05	0.000360847803522567	0.000763130165879847	0.0024792551849581	0.00702761587121929	0.0156753754416845	0.0307496875362225	0.0586283272868598	0.0953519341284922	0.134202340160944	0.1616718792041	0.164742756950647	0.142138369398008	0.100319360795879	0.0557420693467658	0.0218826919455938	0.00664736200849566	0.00133272422783553	0.000172556580463553	1.99305472875836e-05	
1.57688662658221e-06	0.000116689610367083	0.000524577617776348	0.0011816137121856	0.00377033592415806	0.00951178013154388	0.0212401372311868	0.0406205995007577	0.0713735681212394	0.111615714831617	0.148850738745103	0.165415407128474	0.158891301525428	0.124555646489351	0.0813752343647749	0.0421323081467745	0.014395398014069	0.0037635027487762	0.000611832011113897	5.09860009261581e-05	1.05125775105481e-06	
1.25911613195327e-05	0.000176276258473458	0.000736582937192664	0.00177325521916752	0.00582183821511894	0.0135842891686109	0.0281732480841761	0.0518357126256296	0.0872520262588669	0.125930499937307	0.159321210493264	0.163624239874214	0.147437777366233	0.108085151925477	0.0644709430097807	0.0299952940534568	0.00937726739272199	0.0021053470989702	0.000275956285586425	1.04926344329439e-05	
5.26229100153501e-07	4.78868481139686e-05	0.000358888246304688	0.00108297948811591	0.00312001233481011	0.00872856208424612	0.0189389853145245	0.0376343265556779	0.0648266890770099	0.104414904281558	0.138366153365261	0.162767396739379	0.158394959146204	0.134278931944369	0.0905508724089137	0.0486404081853884	0.0205602971720974	0.00590797410742336	0.00121664167955489	0.000159447417346511	3.15737460092101e-06	
1.7363285175648e-05	1.94679258029993e-05	9.0499546976105e-05	0.000539314160758765	0.00173580235740797	0.00490328650157164	0.0123189877520439	0.0248468610863524	0.0469761049626374	0.0796290781358356	0.119285769156702	0.150198204531081	0.162585593103514	0.150623341937806	0.118917983207072	0.072876338682979	0.0367370283105734	0.0135470455581033	0.00351317136720612	0.000551942004522873	8.68164258782402e-05	
4.19867941035846e-05	2.67665812410352e-05	0.000204685621254975	0.000881722676175276	0.0027391134803326	0.00731934788210738	0.0164089639706071	0.0328090057474673	0.0591683150856977	0.0951310539052704	0.132605842147499	0.158313831342197	0.159797539678833	0.138983636171833	0.100871698329083	0.0580005573746917	0.0257300322616029	0.00885134103196192	0.00185844047400991	0.000236175716832663	1.99437271992027e-05	
4.26522091474771e-05	9.42561165110914e-05	0.000434420648724304	0.00147755677614594	0.00428365088166329	0.0102275784971784	0.0221717767699219	0.0421898802631378	0.072194919542663	0.110039013607108	0.144170785764272	0.162069443062197	0.15367432984691	0.125689741511815	0.0828269041710175	0.0442872104981304	0.0180824303965971	0.00509772884884847	0.000837247068450477	0.000107946949076948	5.26570483302187e-07	
2.63503500380499e-06	0.000100658337145351	0.000221342940319619	0.00084479222221988	0.00250328325361474	0.00611802427183443	0.0143588327427342	0.0289890740908602	0.0534332398071576	0.0857203237087801	0.124909091292369	0.152435193949116	0.162342398556422	0.143762766744593	0.109908364022708	0.0663132909057564	0.0323851072037641	0.0120104895473431	0.00312304348650967	0.000435834789629345	8.22130921187157e-05	
4.207569944276e-06	3.155677458207e-05	0.000177243883902626	0.00047808513491836	0.00128120504803204	0.00395879737132068	0.00916040571493188	0.0193190573991432	0.0376987748082269	0.0653624952993554	0.0995032437734539	0.138115587205832	0.159198668304113	0.157880121072825	0.130471484509568	0.0931550726200275	0.0521202207922328	0.0224605343087883	0.00775612924602976	0.00166461985920419	0.000171458475229247	3.10308283390355e-05	
1.21193598870265e-05	2.47656484647933e-05	6.21775855073533e-05	0.000300876282412701	0.000853097550308517	0.00193119365156313	0.00576670759146165	0.0130899625353701	0.0255486644992333	0.0482065982010655	0.0789860838132776	0.113870343926356	0.14850852834086	0.161347145890747	0.149020176099568	0.11669152013658	0.0761749192481781	0.0382128686524853	0.015575485169592	0.00493363333140126	0.000752454170377123	0.000119085884107304	1.15924311962862e-05	
1.04662231430173e-05	3.03520471147501e-05	0.000182635593845651	0.000405566146791919	0.00124024744244755	0.00315504296646256	0.00829395852968404	0.0176293062620983	0.0331936266980793	0.0590656069964608	0.0927804516070624	0.128966894812887	0.156439160629836	0.158727600320057	0.138697865780108	0.100208330171662	0.0589358258294874	0.0280803533815582	0.0104484305636741	0.0030310182222178	0.000414462436463484	6.17507165438019e-05	1.04662231430173e-06	
5.22722485064512e-07	3.44996840142578e-05	8.93855449460315e-05	0.000217452553786837	0.000600608135339124	0.00191368701782118	0.00476566089633315	0.0118569141287183	0.0232658550877364	0.0435987143117757	0.0720907488051871	0.107834512333898	0.140617052984719	0.159227541620471	0.153208392204953	0.123828252209417	0.0829628537720439	0.0454198794497405	0.0197829551697515	0.00687484612356846	0.00153366777117928	0.000256134017681611	1.98634544324514e-05	
2.8951726417766e-05	7.94856488924122e-05	0.000209505220259471	0.000403744984771392	0.000952774996657392	0.00289201427162194	0.00704895579018737	0.016179803907325	0.0304240533048659	0.0556452181749463	0.0857013213567937	0.120411282961541	0.150997992329372	0.159589285545087	0.142008744474168	0.108573185226829	0.0665826540205526	0.0336108487909233	0.0137783897997277	0.00398428395011039	0.000759061627171248	0.000131598756444391	6.84313533510834e-06	
2.43035962982453e-05	3.59270553974061e-05	8.71759432437059e-05	0.000329683567176197	0.000634006859954225	0.00187243359306481	0.00419818209099689	0.0104468480348957	0.0219170888095676	0.0392603464636154	0.0674599149162794	0.100621643726185	0.131680583117243	0.155589510145166	0.156029088234735	0.128263286142089	0.0926067403382638	0.0525369784501068	0.0247474011002132	0.00912335871474129	0.00210331775789814	0.000398367643671238	3.38136991975587e-05	
1.21941650390107e-05	4.40050303581691e-05	0.000139437626315644	0.000525409458854766	0.0010948239480677	0.00305384307063921	0.00659386219957289	0.014339807904788	0.0283466620859021	0.0505782154952846	0.0799878906639352	0.115033390804963	0.14174921586217	0.157524754155029	0.14682145833731	0.114379677522655	0.0756176079501715	0.0400360947285155	0.0170940986603384	0.00557379378500521	0.00117170020592233	0.000266681087592278	1.53752515709266e-05	
1.00930043793015e-05	6.64013446006676e-05	0.000278885647322804	0.000618860531678222	0.00160372527479532	0.00482233125027889	0.00927812707836209	0.0200585181769697	0.0358386649186291	0.0630339996132786	0.0956051871667981	0.128035603869764	0.14861523979916	0.155322306814584	0.133698841748066	0.0981332191584347	0.0599620078066733	0.0294375752991248	0.0116871678604743	0.00315751673845095	0.000598674522919619	0.00013227147844453	4.78089681124807e-06	
2.91945850945188e-05	0.000151281031853416	0.000446942557265179	0.00104888182085035	0.00258027051171738	0.00664203351432207	0.0127065450544107	0.0255489776321705	0.0464183286790087	0.0756304305245842	0.110093842012707	0.13708131647408	0.15199125648717	0.151071361651373	0.118196666403031	0.0830113524471167	0.0469831111979281	0.0210577888233574	0.00704226473543602	0.00192843504815249	0.000296192336049845	4.35264723227371e-05	
5.06791266930656e-05	0.000202188599202543	0.000738542690037487	0.00141373647170864	0.00404429989162058	0.00901454966052904	0.0184308369816146	0.0337834449241951	0.05783966496874	0.0882735363630653	0.122839868213154	0.145075862957307	0.153362955986762	0.141121307352538	0.101704032844297	0.0677590482037681	0.0342865408381377	0.0145042604780414	0.00437265839998606	0.00103522674421981	0.00013936759840593	7.39070597607206e-06	
9.31703010979883e-05	0.000346361910296476	0.00106329948145727	0.00225819543339192	0.00564864689877126	0.0125985196976229	0.0242548086666277	0.0430957385378158	0.0690570902335943	0.101719860591963	0.13339249910646	0.149967864141909	0.149749940386799	0.127547510273736	0.0876564089849859	0.0538045329193835	0.025021226510688	0.0096849738412536	0.00246559147086428	0.000519016479562805	5.00066587814062e-05	4.73747293718585e-06	
2.082482986114e-06	0.000163995535156478	0.00047220301710135	0.00160767686528001	0.00318359586502178	0.00838876208881374	0.0175485635032362	0.0311315587801648	0.0538384326400053	0.0831509425317995	0.115523140550942	0.140402564786046	0.150405251189098	0.143257128339261	0.111630979849895	0.0733559838066123	0.0406943206524003	0.0179390290631326	0.00560344109488625	0.00143743388116519	0.00023271747369824	3.01960032986531e-05	
3.24613092109738e-05	0.000239080118633204	0.000645619372084923	0.00220582324971712	0.00459765495380189	0.0113243595847426	0.0232732129276391	0.0400304621047707	0.0653198830156247	0.0978584810580532	0.128608100281744	0.143699002252712	0.148745962946704	0.132764693637377	0.0951183343535459	0.0595613498133732	0.0295413371586152	0.0120549966714277	0.00349036362849423	0.000738881228706927	0.000133452048978448	1.64882840436692e-05	
3.58622173608994e-05	0.000416001721386433	0.00108457591647177	0.00312411144952521	0.00702643301578194	0.0155887935693921	0.0304449732698401	0.0498577038446859	0.0784147875291701	0.111439278862041	0.138576731056424	0.145924899393672	0.143916615221462	0.117777669621884	0.0795178068717132	0.045435892444087	0.0208513178084087	0.00788763854983439	0.00224036395027447	0.000383725725761624	5.48179608230891e-05	
