# <P(U)> as a function of N_tot.
# number_of_species: 1
# species_total_upper_bound: 151
# species_total_lower_bound: 97
# volume: 729
# Bin widths for each
10	10	10	10	10	10	10	10	10	10	10	10	10	10	10	10	10	10	10	10	10	10	10	10	10	10	10	10	10	10	10	10	10	10	10	10	10	10	10	10	10	10	10	10	10	10	10	10	10	10	10	10	10	10	10	
# Bin lower bound for each
-250	-260	-260	-260	-270	-270	-280	-280	-280	-280	-310	-310	-320	-320	-320	-320	-320	-320	-330	-330	-350	-350	-360	-360	-360	-360	-370	-370	-370	-370	-380	-380	-380	-380	-390	-390	-400	-410	-410	-410	-420	-430	-440	-440	-450	-450	-460	-460	-460	-460	-460	-470	-470	-470	-480	
# Bin upper bound for each
-100	-100	-100	-100	-110	-110	-110	-120	-120	-120	-120	-130	-130	-130	-140	-140	-140	-140	-150	-150	-150	-150	-160	-160	-160	-170	-170	-170	-170	-180	-180	-190	-190	-190	-190	-200	-200	-210	-210	-210	-220	-220	-220	-220	-230	-230	-230	-230	-240	-240	-240	-240	-250	-250	-250	
# Normalized histogram for each
2.29826623391846e-06	7.95200116935786e-05	0.000373238436388357	0.0019250277975301	0.00646686152899975	0.0190769887012635	0.0476035288499062	0.0968365284596606	0.161639362497719	0.221490811761423	0.218054444088469	0.149385006938466	0.0609242799416976	0.0145448076879763	0.00152972600529612	6.75690272772026e-05	
3.20922349169934e-06	8.71074947746965e-06	0.000149458122613427	0.000736287561095592	0.00311157140545192	0.00958595056970594	0.0269258435558563	0.0620264962660685	0.117582281051873	0.181251441285193	0.22476301030665	0.200563172876743	0.121062913158871	0.0430187239852321	0.00839624557528311	0.000786718215965153	2.79660904276657e-05	
6.83999518464339e-06	6.61199534515528e-05	0.000244415827931257	0.00131555907384641	0.00473738066488401	0.0139134622049226	0.0366842621742794	0.0786658726192257	0.138516742484213	0.199237203737009	0.221299380205236	0.178166826570554	0.0932063343827406	0.0288424356949253	0.00473692466520504	0.000350207753453742	1.0031992937477e-05	
1.18005721462018e-05	0.000141606865754422	0.000477923171921174	0.00199520442902705	0.00690333470552807	0.0203650643153875	0.0495011308125193	0.09793204050501	0.158495753836434	0.211376840832521	0.211014200173105	0.151564733173178	0.069287967092743	0.0183489819510249	0.00239869322279526	0.000183362736425598	1.3616044784079e-06	
2.26890725796205e-06	4.81008338687954e-05	0.000169714262895561	0.000829058712059333	0.00326858779582013	0.010476452372914	0.0281299121842135	0.0650159912583541	0.116052337337501	0.176925303942816	0.215459063467689	0.196451973586289	0.124851159683878	0.049559741235665	0.0114021665341625	0.00127058806445875	8.75798201573351e-05	
1.26990750084472e-05	9.38824473838772e-05	0.000409998707415579	0.0013052834955111	0.00510412107660944	0.0151672309440175	0.0381248908673241	0.0815244332470854	0.135940423196675	0.192093918730455	0.215515548429963	0.174141054975656	0.0989756835390508	0.03432378559426	0.00658129562312774	0.000662166054011887	2.3583996444259e-05	
4.99421352260495e-06	1.49826405678148e-05	0.000157090716256483	0.000799982202439083	0.00208122498069282	0.00777553643528475	0.0219018963936784	0.0512379066254599	0.0989898522121415	0.155140702885611	0.202815919191809	0.207181315829977	0.15127699769676	0.0744056091374131	0.0223627260959915	0.00352909288283711	0.000319629665446716	4.54019411145904e-06	
2.62156253262828e-05	5.01712829520241e-05	0.000271648117605103	0.00128546962806808	0.00353323350302677	0.0115977022456395	0.0302446957428084	0.0658455149359005	0.117815732177556	0.173025387121167	0.208643834062324	0.19206199904991	0.125581885183697	0.0541343623116938	0.0138007187601275	0.00193498434520374	0.000146445906995097	
5.05201773979943e-05	0.000128555808557396	0.000509712504104764	0.00195314614404746	0.00555812165980434	0.0171971586008798	0.0412822021023611	0.0823623234951302	0.137002601789136	0.187944081380789	0.206288769725423	0.172018948675108	0.0998580924302731	0.0383939816034383	0.00840935417170365	0.000981985948173515	6.04437836726004e-05	
3.24101103339187e-05	0.000178255606836553	0.00080755191582014	0.0031631367405062	0.008787641304705	0.0235914093401437	0.0534568758724284	0.0998879600491373	0.155098583002968	0.197708875283645	0.19846286048933	0.150586825560234	0.0768839839587959	0.0259645496412606	0.00495739645982564	0.000417730310970507	1.39543530604372e-05	
8.99762417733597e-07	0	1.52959611014712e-05	6.7032300121153e-05	0.000336061263023499	0.00141712580793042	0.00489065862159097	0.0126835009215817	0.0319433653543782	0.0674371932091331	0.118252175513056	0.172360288265883	0.203389045122635	0.18541494118478	0.126558782153572	0.0559985135924859	0.0163734265967071	0.00270378606528946	0.000155658898267912	2.24940604433399e-06	
8.09709314356146e-06	2.69903104785382e-06	4.948223587732e-05	0.000135851229408642	0.000626175203102086	0.002381894899731	0.00716232872398809	0.0185104047646895	0.0419960234275895	0.0836128329929555	0.137041052262238	0.18737618195068	0.201480868368256	0.16717483423451	0.101374706480374	0.0394409407022879	0.0102212305782224	0.00134861584691096	5.5779974988979e-05	
4.49146105880805e-07	9.4320682234969e-06	1.03303604352585e-05	6.82702080938823e-05	0.000251521819293251	0.000945901698984975	0.00362415992835221	0.0101547443078591	0.0258366805946874	0.0550033304183751	0.100400773070277	0.155702785649063	0.196577327014746	0.192888490047147	0.145802707183239	0.0783414112260476	0.0275254699527992	0.00614701360508469	0.000684049519256466	2.51521819293251e-05	
1.35070581132171e-06	2.2961998792469e-05	1.9810351899385e-05	0.000185947166691955	0.000408363390289596	0.00159113144573697	0.00559777511738759	0.0145425992352304	0.0343939225442255	0.0696914672762252	0.118783320223983	0.172407241403996	0.200394316049852	0.179266125513887	0.122553590378652	0.0581195203553617	0.0181332255169939	0.00357216663567547	0.000309311630792671	5.85305851572739e-06	
6.80733649345021e-06	1.99681870474539e-05	6.26274957397419e-05	0.00021601947805882	0.00065758870526729	0.00261401721348488	0.00840433763481363	0.0199904243466659	0.0452038910735397	0.0861082684178162	0.137196421156294	0.184810563170948	0.196454739154211	0.163338408580875	0.0995745414691594	0.0414076664223589	0.0118765330689061	0.00192148418088455	0.000135692907436107	
5.46391109488127e-06	2.18556443795251e-05	0.000121572021861108	0.000433470280193914	0.00105362418946294	0.00422041599487121	0.0121635767490549	0.0279856973020573	0.0573136954297571	0.103633091084764	0.154447008941235	0.193870948794502	0.187918472982553	0.142495614073032	0.0778698396205496	0.0284132483452318	0.00704753466054769	0.000941614012017872	4.32559628344767e-05	
9.13857506768257e-06	3.60973715173462e-05	0.000221610445391302	0.000672599124981437	0.00190859140288551	0.00649158679932832	0.0179541015067226	0.0379241726733759	0.0725433796735244	0.121921842336734	0.1692962154876	0.195567334163421	0.174324259489839	0.118936726790875	0.0584612924229789	0.0193098091180133	0.0040191453147668	0.000390217155390046	1.18801475879873e-05	
2.0580451041165e-05	5.94546363411434e-05	0.000321512379598645	0.00113695558418525	0.00327686514910994	0.0094578606118065	0.0241651082691795	0.0501353507663474	0.0895821299486266	0.140103478507835	0.180365700894701	0.192033901948328	0.156740257786156	0.09614317774055	0.0422914548595247	0.0117614990983476	0.0022153712187423	0.000185681402726956	3.65874685176267e-06	
1.83451736141368e-06	5.96218142459446e-05	9.31017560917442e-05	0.000504033645048408	0.00189689095170174	0.00513985901734078	0.0139395801707018	0.0329043620236561	0.0633536811884003	0.107615540196569	0.156171545718466	0.185520613095702	0.182810572323554	0.136336285377521	0.0763516953233566	0.0291573603129687	0.00696336927458597	0.00108649290729725	9.35603854320976e-05	
2.30226639708662e-05	9.07092960452128e-05	0.000256472476635449	0.000906172053893294	0.00292249696446176	0.0077503495991524	0.0204321538208643	0.0429151665482534	0.0787660588836863	0.125523247595398	0.167739906518775	0.1883295353612	0.167057514758679	0.115192057365111	0.0577942538193448	0.0195388744587947	0.00419334801565357	0.000558529827933214	1.01299721471811e-05	
4.14521135972144e-06	4.60579039969049e-07	6.35599075157288e-05	0.000129422710231303	0.000388728709733877	0.00151530504149817	0.00424147237907497	0.01175627999521	0.0275942114426257	0.0552003979402905	0.0952601810996785	0.141081808049079	0.176762866275482	0.184292412420896	0.150707449405392	0.0936191379802688	0.0421213349422894	0.0126686870733887	0.00231763372912425	0.000264832947982203	9.67215983935003e-06	
9.67767802088719e-06	4.14757629466594e-06	0.000145165170313308	0.000161755475491972	0.000667298941630698	0.00215904388227888	0.00641768305327976	0.0161879902780812	0.037029100316967	0.0689746546221051	0.112995186046447	0.156362243783474	0.181175810229029	0.175383028670812	0.130226522183542	0.073507955512175	0.0293832738386556	0.00786426549649714	0.00125441140823119	8.80207858090216e-05	2.76505086311063e-06	
7.39282710949701e-06	2.44887398002088e-05	1.70959126907118e-05	0.000187130936209143	0.000261059207304113	0.00101143115891806	0.00340624509070075	0.010009887906259	0.0231811335052166	0.0480168741278774	0.0850895918235332	0.128664763013686	0.167923447275281	0.178790441074547	0.161370630146101	0.110251078890706	0.0560847587628104	0.0203838725476606	0.00464546773493018	0.000639017493277148	3.41918253814237e-05	
3.94390193882219e-05	3.06232385837959e-05	3.89750309248311e-05	0.000216682612403525	0.000458884590293547	0.00187265743824546	0.00562214821090688	0.0142504776761231	0.0320616028203075	0.0611082086055012	0.100645593547962	0.14456674149254	0.174521372700589	0.174086151521929	0.145005210590444	0.0897483604967646	0.0401043788447244	0.0128534084128532	0.00246702665984913	0.000294632674253187	7.42381541425354e-06	
2.84013662453953e-05	6.42522711781073e-05	9.31192335914598e-05	0.00031893337505075	0.000857162545209388	0.00318467778882793	0.00853018739314568	0.0200499677807452	0.0423427123025407	0.0755588085207824	0.116984296372447	0.15688309438938	0.175086507768006	0.166612657511184	0.125413914993314	0.0711277297903327	0.0275819169897904	0.00782946516036994	0.00130599725112022	0.000145731600570635	4.65596167957299e-07	
3.91382502779282e-05	4.70590866436993e-05	0.000184508894167376	0.000592199001229127	0.00153384666565404	0.00441143992418362	0.0120625019219676	0.0270067904864232	0.0535369329962474	0.0914740117358839	0.134159864842576	0.16661619074865	0.173927122714256	0.152587923613318	0.105578691645568	0.0525249296676324	0.0185263703279879	0.00446968136804958	0.000637860293220044	8.29358160651335e-05	
3.24860356455347e-06	2.92374320809812e-05	6.68284161850999e-05	0.000366628116571034	0.000902183618498848	0.00247543591618974	0.00661322868498384	0.0167832141869302	0.0360400079451561	0.0675509984351012	0.107677285578242	0.148406420725719	0.172078066728174	0.168212692572578	0.135597640956909	0.0846725314789685	0.0377585192308049	0.0118156352505045	0.00254829745328044	0.000372661237476633	2.92374320809812e-05	
1.25564108383218e-05	3.3948814488796e-05	0.000126959265143031	0.000566898696737565	0.00134446606420697	0.00392364586084893	0.00958519199217224	0.0232498223500393	0.0470284091120478	0.0815701652237645	0.123323021574704	0.160006343312735	0.174409011596543	0.159239007094837	0.11525017951017	0.0654175053108967	0.0260973372968187	0.00732317783226123	0.00131702798126397	0.000164163445404726	1.11612540785083e-05	
1.3458200684976e-05	5.52250303969705e-05	0.000314179374611336	0.000871998589209308	0.00239834417723986	0.00593877910915993	0.0137482481135315	0.031299598110283	0.0600393536351064	0.0970280580280487	0.13852293927103	0.166678887331656	0.171261172626948	0.144925330189993	0.0955866383270993	0.0490115183634828	0.0174251213558441	0.00411356865074577	0.000695649752647553	6.96113828533242e-05	2.32037942844414e-06	
4.61470693114997e-05	0.000111871683179393	0.000471259465393194	0.00129305020474849	0.00345497048219026	0.00864162139359488	0.0194964375860888	0.041069493291195	0.0747988057697821	0.113254230730685	0.149972381678215	0.171834905363548	0.163043655593701	0.126016459121388	0.0771509079086288	0.0352610222741183	0.0114211665885896	0.00233718591442282	0.000297392224451887	2.70356567683534e-05	
4.20738086801072e-06	6.73180938881716e-05	0.000317890998916366	0.000595578136205073	0.00217241098818287	0.00553457578848655	0.0120036576164346	0.0264536734642359	0.0529900920855426	0.089324098288157	0.129395661161854	0.159088550407695	0.170169389153746	0.150796737690372	0.107953445798182	0.0603530086045614	0.0246697439761993	0.00669254050071572	0.00127483640300725	0.000137908595118129	4.67486763112302e-06	
2.62994882401369e-05	0.000125392202859224	0.000430654119932241	0.00110974447699006	0.00330434284388577	0.00766301338596988	0.0167978588459503	0.0353958237351942	0.065999035372342	0.10459118619615	0.142662043592341	0.164900139434251	0.164562942424315	0.136971022190663	0.0896234899514821	0.0446724985781839	0.0167274137881642	0.00383033260868851	0.000549941084450005	5.68256799474386e-05	
4.92413051218533e-05	0.000236263569767354	0.000508511170200677	0.00168840859677432	0.00483653780595896	0.0113231328075877	0.0227026090316129	0.046024048695863	0.0808101899199261	0.119369919623039	0.153107315742824	0.166990996416748	0.155651292016091	0.119553154094983	0.0712819973788475	0.0324457588085119	0.0107265554570729	0.00234511715642826	0.000324803224169148	2.41471784732165e-05	
8.33759741887041e-05	0.000334456765031259	0.000753718806665885	0.0024264790659604	0.0067324908072033	0.015350707933486	0.0306933164866222	0.0580858972636482	0.0954092712177561	0.133597849566874	0.161388252849314	0.164720909646171	0.142955968909814	0.100790118374826	0.056168249857308	0.0221541874272842	0.00684016492244129	0.00130400023631133	0.000181997840800486	2.858604829327e-05	
4.2911067765635e-06	0.000105847300488566	0.000483941486467995	0.00115764525038846	0.00372181994420608	0.0093188535497704	0.0208876774193856	0.0407998432315658	0.0710378423170832	0.111315600890834	0.148226747803549	0.165321563622095	0.158635065684925	0.125296026768878	0.0818933888825052	0.042564441696017	0.0147065765025668	0.00385293709571218	0.000598847790151529	6.57969705739737e-05	5.24468606024428e-06	
2.71544818472289e-05	0.000160068524573139	0.000709827683374931	0.00176456492565151	0.00576484885672486	0.0132313785758761	0.0278033310450521	0.0519174637142281	0.0867066425102937	0.126224512303124	0.158486418709724	0.163800598446668	0.147391669100248	0.108602206373109	0.0649101686864996	0.0305011526362953	0.00960696984089856	0.00211280924548176	0.000257729380339488	2.04849599900148e-05	
2.39097169089518e-06	5.40359602142311e-05	0.000333779648048967	0.00104055087987758	0.00317329762815608	0.00863523335883703	0.0185831101759755	0.0372556426931905	0.0645844491201224	0.10417798393267	0.138712700841622	0.161934774292272	0.158189078041316	0.134402257077276	0.091268649579189	0.0494161247130834	0.0208057574598317	0.00608311017597552	0.00118448737566947	0.000158282325937261	4.30374904361132e-06	
1.57938491093944e-05	3.44593071477696e-05	0.000105292327395963	0.000527897441444304	0.0016597899609509	0.00495687561290903	0.0121665284306035	0.024476637307656	0.0467004974105266	0.0794114733220351	0.119101894735431	0.15025454420148	0.162139654957043	0.150377544783938	0.119418250319108	0.0734323049304089	0.0372462036133455	0.0137588355817234	0.00359764738652478	0.000523590028050833	9.42844931682031e-05	
3.82151243997837e-05	3.3915922904808e-05	0.000243143728993624	0.000863661811435112	0.00265260732239999	0.00725944056879391	0.0161310816982037	0.032505784814456	0.0588875959438467	0.0949411773697676	0.132387222391006	0.157841839064647	0.159473624876517	0.139540138300535	0.101498892716771	0.0584939801625289	0.0260708355545874	0.00896861200757424	0.00189881399361425	0.000247442930488599	2.19736965298756e-05	
3.88063920355869e-05	9.67764344591179e-05	0.000544247671017614	0.00139607193076173	0.00419109033984338	0.0101078673971211	0.0219212996787693	0.0419300670488218	0.0720184354316732	0.109993604131683	0.143656472403146	0.161733543814093	0.153796438914667	0.125689591981929	0.0834078719484881	0.0449124101404456	0.0183147006757582	0.00525371475385489	0.000854698807302309	0.000141811012870787	4.79091259698604e-07	
2.39770779135147e-06	9.15924376296261e-05	0.000221548199920876	0.000892426839941016	0.00235598767578195	0.00598036277318883	0.0142399865728364	0.0285821154975843	0.0531058707875271	0.0856159111889034	0.124512006521765	0.152248690252119	0.162195341253761	0.144067711268028	0.109844268878952	0.0671262273266757	0.0330054068310695	0.0122283097358925	0.00310311342356707	0.000471868893337969	0.000108855933727357	
3.83156259264599e-06	3.68787899542176e-05	0.000161404574215212	0.000480382160052991	0.00130129444552739	0.0037539734501449	0.00897974588118995	0.0190629817890619	0.0370718049198222	0.0652697108750762	0.100050241364496	0.137403187189554	0.159343672485693	0.158007893976831	0.130616053002005	0.0927319568125422	0.0527524748302259	0.0231546116926838	0.00790930308186948	0.00163272460979127	0.000237556880744051	3.83156259264599e-05	
1.1036097635876e-05	2.25520256037465e-05	6.71762464792449e-05	0.00027398311956892	0.000864654258254281	0.0019308372559463	0.0055252462729179	0.0128767267894073	0.0250543407850984	0.0475703791139453	0.0792554952568772	0.114594519377948	0.148467661834775	0.161080961771917	0.148832812717423	0.116745118925948	0.0758784493802991	0.0388715350252151	0.016193793874486	0.00494609106220041	0.000761970567207435	0.000164101973542155	1.05562673038813e-05	
1.24050121974668e-05	3.24438780549132e-05	0.000186075182962002	0.000376921524461491	0.00124240968316168	0.00315278156157156	0.0079788084222399	0.0173221681862011	0.0326953181098388	0.0586141597488844	0.0935003938591373	0.129526457743996	0.156621389962532	0.158431090395801	0.138663226343284	0.100049763183546	0.0588684624989325	0.0285572923102761	0.010659722404454	0.00301584931154568	0.000405548475686415	8.63579695285189e-05	9.54231707497446e-07	
9.05597642014392e-06	3.14576023015526e-05	0.000109148347379629	0.00023926842962696	0.000590068358323062	0.00189555885383749	0.00460424906413633	0.0115816405806883	0.0231084686725178	0.0428700391122855	0.0718072201870107	0.108258001908428	0.141077337085367	0.159641135485987	0.153094617794898	0.124011111206437	0.0830094630187287	0.0454381233729032	0.0199517459445908	0.00684298176126349	0.00152950675432852	0.000252614079088225	4.71864034523289e-05	
2.82831594877776e-05	7.23857132653291e-05	0.000239208416684763	0.000404592993350581	0.000939096770111124	0.00296733486829395	0.00671605193938583	0.015845280571339	0.0304278858530033	0.0547734542893808	0.0857511839378499	0.120867842383225	0.150895449623139	0.159757186678919	0.142478093734226	0.108584801780593	0.0667060713397157	0.033857818160377	0.0138136868440644	0.00396395670854971	0.000741594029281219	0.000141895173023427	2.68450327341618e-05	
2.21548479382747e-05	6.02033911366159e-05	8.04317305585189e-05	0.000351587804237837	0.000603960419882531	0.00182633007352038	0.00415210747991013	0.0100111015053256	0.021658771995309	0.0391134207807657	0.0666051789365191	0.100865243137415	0.13214210890071	0.155465384254164	0.15631208474711	0.129151204429043	0.0925041961763622	0.05250217334242	0.0249521383040464	0.00902521077207237	0.00215287326704539	0.000380485431983413	4.86443400383857e-05	1.3003932485509e-05	
1.11097532523803e-05	8.93610587691456e-05	0.000142494661280529	0.000531819057863942	0.0010525283624755	0.0029899727231406	0.00639100631661927	0.0138186009149606	0.0281110569577728	0.0500557178277244	0.079421210837516	0.115069510827904	0.142153157126206	0.158135744761631	0.147273304277303	0.114830409616602	0.0759129439735143	0.0399279701563046	0.0170442936201517	0.00555777482269075	0.0012037176132579	0.00024779580080309	2.60837685055884e-05	2.41516375051745e-06	
1.21011813657296e-05	9.6325403671208e-05	0.000270582415337715	0.00061812834416147	0.00154362669501247	0.00472526929969011	0.00885128809814929	0.019229261237399	0.0355310046788008	0.0621042308634338	0.0954546026601301	0.128025174329619	0.149088974662062	0.155842401958649	0.134663882426858	0.098541856050155	0.0603660171720604	0.0294300730814545	0.0115919636538597	0.00323391970817759	0.000639426423365155	0.000121495860911926	1.83937956759091e-05	
7.20218714472433e-05	0.000196247515487119	0.000436481543066179	0.00102232387993906	0.002557984857039	0.00636112636406524	0.0121644457506129	0.0247760071461164	0.045771107725385	0.0744860828609214	0.109783083657512	0.137355859583453	0.152348009682833	0.152070072930604	0.119377460344468	0.083467548588178	0.0471694921152969	0.02117346346896	0.00706346045274205	0.00195667473569423	0.000336424312263633	4.06029342387143e-05	1.40176796776514e-05	
0.000134863260695018	0.000287547737981877	0.000747527787852384	0.00141799085530762	0.00400592049714451	0.0087323961300024	0.0176772018955995	0.0330978524470698	0.0573395235569992	0.087474719159301	0.122593112244284	0.145538169433531	0.153774943080479	0.142040876091008	0.102445504405453	0.0681873462619035	0.0343400394089714	0.014589314880186	0.00436523475599624	0.00106349314148071	0.000134863260695018	1.05963990546085e-05	9.63309004964413e-07	
7.69297712925981e-06	0.000176938473972976	0.000463501872037903	0.00114961926975376	0.00226221608707296	0.00555000218769037	0.0121130733010901	0.0232525041842583	0.0425993800422056	0.0687641568809594	0.101192940347213	0.133031768629866	0.150468862915475	0.150255382800138	0.128512144566426	0.0882764317471857	0.0541148051825664	0.0249997716147415	0.0097532525666897	0.00247858106883339	0.000518795145154458	4.56770517049801e-05	9.61622141157476e-06	2.88486642347243e-06	
2.66580853020647e-05	0.000289906677659953	0.00058695391388296	0.00167660315060485	0.00316517159238264	0.00816356258651977	0.0166936738459429	0.030006531230899	0.0534656462967159	0.082194493582066	0.115096283291664	0.140370052306972	0.151003296081833	0.144371145288469	0.112786074577898	0.0743498759446959	0.0405769380904052	0.0177957000508408	0.00568959706304066	0.00142049511681002	0.000230878060205382	2.76101597771384e-05	1.28530054134955e-05	
0.000107462416433831	0.000483109547564374	0.000773446602490866	0.00218601178693031	0.00455536953874114	0.0110285661497159	0.0222748850906266	0.0388038301867584	0.0648662941302897	0.0964380922216064	0.128514680874329	0.143920455188172	0.149937879182079	0.133853866196094	0.0964409201799336	0.0600177595782949	0.0294932487208202	0.011890150786738	0.00349959842991754	0.00074610967199454	0.000133385367766554	1.50824444117658e-05	1.97957082904426e-05	
2.81803126699625e-06	0.000170490891653273	0.000740672551342181	0.00120376902288523	0.00307212375290375	0.00683748319748857	0.0151196770911906	0.0290313581125954	0.0487862269661169	0.0778420080163596	0.109994805429031	0.138936925884838	0.145961338489704	0.145719927144498	0.118852347373078	0.0805886491579253	0.0457239663226477	0.0209919845797329	0.00773925320292737	0.00224925862294084	0.000381843236677992	5.02548909280998e-05	4.69671877832709e-07	2.34835938916354e-06	
