# <P(U)> as a function of N_tot.
# number_of_species: 1
# species_total_upper_bound: 151
# species_total_lower_bound: 97
# volume: 729
# Bin widths for each
10	10	10	10	10	10	10	10	10	10	10	10	10	10	10	10	10	10	10	10	10	10	10	10	10	10	10	10	10	10	10	10	10	10	10	10	10	10	10	10	10	10	10	10	10	10	10	10	10	10	10	10	10	10	10	
# Bin lower bound for each
-240	-240	-260	-260	-260	-260	-260	-270	-270	-270	-270	-280	-280	-280	-310	-310	-310	-320	-330	-330	-350	-350	-360	-360	-360	-360	-370	-370	-370	-370	-380	-380	-380	-380	-380	-390	-390	-400	-410	-410	-410	-420	-440	-440	-440	-450	-450	-450	-450	-450	-460	-460	-470	-470	-470	
# Bin upper bound for each
-100	-100	-110	-110	-110	-110	-120	-120	-120	-120	-130	-130	-130	-130	-140	-140	-140	-150	-150	-150	-150	-160	-170	-170	-170	-170	-170	-180	-180	-180	-190	-190	-190	-190	-200	-200	-200	-210	-210	-210	-220	-220	-220	-230	-230	-230	-240	-250	-250	-250	-260	-260	-260	-260	-270	
# Normalized histogram for each
9.85536269705798e-06	0.000453346684064667	0.00179170493832514	0.00713725366520939	0.0212540751924752	0.0494325282159034	0.0961232945294853	0.158925607780218	0.21663664066165	0.216995375863823	0.145890905077089	0.0655696990960661	0.0179781526319732	0.0017345438346822	6.70164663399942e-05	
3.73185630389095e-05	0.000699232023255357	0.00323493017500442	0.0106161491171214	0.0293363188183764	0.0651660676055232	0.115546127708051	0.177781706047571	0.220262015595231	0.19772749592442	0.120315047237444	0.0472649421562273	0.0110953980319368	0.000903502052520967	1.3748944277493e-05	
3.93060902821588e-06	3.53754812539429e-05	0.000145432534043987	0.00118114801297887	0.00496435920263665	0.0147731940325494	0.0383882930740704	0.0819276492796176	0.137679407735832	0.197092528501829	0.215707892859459	0.175275683090716	0.0931063013558636	0.0327950364269192	0.00661718029900143	0.000306587504200838	
2.14860116297921e-05	7.0317856242956e-05	0.000390654756905311	0.00173841366822863	0.00749275823744387	0.021663759544184	0.052478606768875	0.101830022208723	0.156765847398532	0.207463068475919	0.203439324479794	0.149310201362994	0.0721285410412121	0.0214449928803171	0.00361746304894318	0.000144542260054965	
4.48800629101404e-05	0.000113175810816876	0.000878088187372311	0.0032547802145267	0.0105897435397101	0.0294959578673775	0.067811823750139	0.121027870519067	0.174876140782903	0.210965565283905	0.189692415464499	0.123779213506167	0.052226734077822	0.0133235247630625	0.00185569303598015	6.43931337406362e-05	
0.00010127706483485	0.000520018775209712	0.00162822358080644	0.0049275187313879	0.0150708063017706	0.0390929470262522	0.0846111447619307	0.139417617924482	0.191489610336493	0.212064435584865	0.167697290643752	0.0972941494966335	0.0368551134205744	0.00817422771368974	0.00102835173524617	2.72669020709212e-05	
0.000156706346019365	0.000601360602849313	0.00230750094513515	0.00769819924820131	0.0217155818996335	0.0527512737287687	0.101829742472709	0.156996252759501	0.199540066874433	0.20513644225665	0.147472424580174	0.0742807668425042	0.0243991780752151	0.00452881339995965	0.000585689968247377	
7.77996697404019e-06	0.000352043505575319	0.00113198519472285	0.00396194818152997	0.0108900087719128	0.0305986101089001	0.0690744367790159	0.11673645945373	0.172590787352108	0.206344174068981	0.191840370637627	0.123065462587111	0.0551230110028183	0.0154587943774179	0.00261406890327751	0.000210059108299085	
6.60253148824944e-05	0.000772884568330375	0.00181569615926859	0.00593256873429471	0.0164150584324037	0.0431261821444245	0.0852503330394559	0.134031389211464	0.188403236017198	0.203857043541753	0.170215203688096	0.099368098898154	0.0398559871367151	0.00961833484155866	0.00117874606275512	9.32122092458744e-05	
0.000166033422914157	0.001210499490316	0.00328784789793964	0.00874764464214006	0.0234609087820097	0.0550729002563865	0.101952244154079	0.152517143916226	0.196929153924567	0.197112562938251	0.148474423130386	0.0772576684273932	0.0276349118092237	0.0057455286813085	0.000418944799678745	1.15837271800575e-05	
0.000252785952047856	0.00193352308360268	0.00524482608905398	0.0120333831829804	0.0330512808143181	0.0701085435862801	0.116731149597183	0.170877514593082	0.20352935500989	0.180824931255729	0.127284480679242	0.0576602826957403	0.0174711756476434	0.00287133966906267	0.000125428144145883	
3.09635269005316e-05	0.000764412070356874	0.00314279798040396	0.00749704395079121	0.0168867334833774	0.0422536028966379	0.0848729624547884	0.135552515109234	0.18427362468722	0.201413872047096	0.164209259255676	0.103878762310421	0.0423619752407898	0.0113249099638694	0.00150753671596963	2.90283064692484e-05	
8.82764973421098e-05	0.00119748987698862	0.00393214224030398	0.0105624748124124	0.0235372008674125	0.0555086453395767	0.102406494079718	0.155255330173291	0.192304592296916	0.192335297165557	0.144650636166497	0.0805599800418354	0.0300140090963173	0.00682031894682301	0.000806002801819263	2.11095971905045e-05	
0.000348217549394948	0.00191231074087612	0.00611593143384829	0.0150580041940014	0.032441947709652	0.0701437118836453	0.120337059196983	0.170424594547798	0.201971950210662	0.176723292098732	0.121247042074684	0.0593932164912753	0.0195963754593201	0.00395929125223648	0.000323207449162162	3.84770772812097e-06	
3.88283167148138e-06	2.5238405864629e-05	9.51293759512938e-05	0.000541655018171652	0.0027529276550803	0.0091324200913242	0.0199655204547572	0.0439206504519616	0.0885712732581617	0.135650607274873	0.181755350542043	0.19740898642562	0.162826546143572	0.0999169074022303	0.0427092069704594	0.012248392507688	0.00230057776535272	0.000174727425216662	
4.26256633618861e-05	4.45631935146991e-05	0.000352630487811967	0.0012070812852025	0.00424900362511892	0.0133263323910478	0.026939419244712	0.0569711366133135	0.106089463517276	0.155244603494142	0.189143631047758	0.187911361870569	0.14150945224085	0.0787102249278754	0.0301247188159366	0.00692473276615367	0.00117608080275749	3.29380125978211e-05	
2.91903189334247e-05	6.2272680391306e-05	0.00059937454876632	0.00207835070805984	0.00696091805499067	0.0195263773451989	0.0370483527903026	0.070549108819563	0.123910957851125	0.167132090085216	0.194611856329142	0.173941218481753	0.119816529115397	0.0591609923930029	0.020141320064063	0.00404772422543489	0.000371690061085607	1.16761275733699e-05	
5.42464299068318e-05	8.33070173569202e-05	0.000178238269693876	0.00133097490521405	0.00371975519361132	0.0103145711722847	0.0256798724433948	0.0497342893620814	0.089390366996472	0.140263831386597	0.178137526324049	0.192073046692615	0.155231971295889	0.0959270618002453	0.0429631724862108	0.0123739981362477	0.00238490554340392	0.00015886454472715	
7.76680931706446e-06	0.000194170232926611	9.12600094755074e-05	0.000363098335572763	0.00176112401264437	0.00594355082988358	0.0157394390810311	0.0341273601391812	0.0641421947449768	0.106723726825783	0.157749722336567	0.182034593368698	0.185015106444122	0.132800789107827	0.0752797993056473	0.0303565742157464	0.00637460874698065	0.00122327246743765	7.18429861828462e-05	
8.1887786436653e-05	0.000269059869720431	0.000235914813305595	0.000881268558794456	0.00269449811560606	0.00867035681628085	0.0229149322378567	0.0439133003312556	0.0793804604043307	0.126126688204454	0.167033536947964	0.18818203264983	0.166099626240746	0.111574058729141	0.0566546499589586	0.0211250991914556	0.00359721347561011	0.000553717413047844	1.16982552052361e-05	
1.74779001662343e-05	0	9.90414342753274e-05	0.000415585626174903	0.000219444746531608	0.00168758836049528	0.00405098886075163	0.0128365466776454	0.0300794661860891	0.0557292556744916	0.0942641415632234	0.144278123883356	0.17498679447543	0.184463700343344	0.149713750835055	0.0894616029953237	0.0421372753118834	0.013401665449687	0.00189343918467538	0.000260226513586154	3.88397781471872e-06	
4.07703657684243e-05	0	0.000283451114389998	0.000386347751805545	0.00055525355284616	0.00214918070979265	0.00629222645026015	0.0185835210064456	0.0382367787528151	0.0706666925526132	0.113180476819135	0.157317309932438	0.181125262095209	0.175512541741089	0.128568377727732	0.0688941523646812	0.0292964199735963	0.00795022132484274	0.000922186844761979	3.88289197794517e-05	
3.0828813379705e-05	0.000102120444320273	1.34876058536209e-05	0.00039499417142747	0.000477846607385428	0.000741818321949152	0.00290368886020097	0.0101388260002505	0.0254819410591624	0.048302970163489	0.0850412817079163	0.131209356544861	0.169860981319666	0.178834092813996	0.161228913573348	0.108261158585343	0.051289511459648	0.0208576190522067	0.00437576469908188	0.000452798196514417	
0.000164425323821167	0.0001276714279082	3.09506491898668e-05	0.000437177919806868	0.000464259737848001	0.0012070753184048	0.00500433309088658	0.0155875206982466	0.0340766647580433	0.0610501555270122	0.100614757269534	0.147924758971819	0.175559819867222	0.173025735464801	0.146816338847707	0.0866405391603089	0.0356996394249369	0.0130650427892725	0.00229228245562451	0.000210851297605967	
0.000118030173156069	0.000145119065355822	7.54619139850276e-05	0.000586281024037522	0.000673352463251015	0.0022406383690939	0.00837820737320947	0.0223850995613534	0.0435434592902323	0.0741693868429251	0.118051457285654	0.160457183103497	0.17368043233872	0.165662120247592	0.128074347399563	0.0671707780510316	0.0257209031436659	0.00761778347074496	0.001129993788904	0.00011996509402748	
0.000162135869858942	7.52773681487944e-05	0.000281807583326256	0.000696798202608071	0.00136464357131276	0.00360752310436145	0.0123937430995746	0.0293851962230063	0.0536187182001374	0.0917052061055736	0.13744296291721	0.169725372719482	0.170414450166382	0.15324928003953	0.104928930443712	0.0487507817265154	0.0172848418403193	0.00436222697477629	0.000525011388114669	2.50924560495981e-05	
1.33652061678517e-05	0.000118377540343829	8.40098673407822e-05	0.000525061670879889	0.000958476213751652	0.0020124181858451	0.00522388629646318	0.0182664182011196	0.0376669696113398	0.0673625484011395	0.10729205648518	0.150895086950213	0.175844108235258	0.166582020360937	0.134335596508244	0.0844031862651504	0.0343543077968794	0.0115036238801867	0.00232172724287253	0.000234845765520823	1.90931516683596e-06	
5.15750445551079e-05	0.00010506027594559	5.7305605061231e-05	0.000733511744783757	0.00126645387185321	0.00273920792192684	0.00870663159563637	0.0243319599089987	0.0480813128332082	0.0783577741738919	0.126037947771672	0.16366289786804	0.176554748819982	0.156660152929558	0.113789829783251	0.0659835838543368	0.0244809544821579	0.00708106259873278	0.00120150751945048	0.000116521396957836	
5.55716308740651e-05	9.19806304122457e-05	0.000331513522110802	0.000745426358965908	0.00230909707597408	0.00400115742293269	0.0126435041554166	0.0334234615760498	0.0615197116407237	0.0940176181232502	0.139193521497598	0.167960463659028	0.173941120898957	0.145434790523696	0.0947937046923535	0.049341859426769	0.0155715542235398	0.00402032005426857	0.000548051256206297	5.55716308740651e-05	
0.000151686213067287	0.0001977681005814	0.000545302335583665	0.00127109206393094	0.00306828567698133	0.00740190318195433	0.018409714061888	0.0426449467370183	0.0755090128491663	0.111061189066304	0.150641690283634	0.175996328809628	0.16278042748631	0.126368056035575	0.0755243734783377	0.0344922928043133	0.0110500526101549	0.00267850971175779	0.000180487392763608	2.6881101049899e-05	
1.73455857411576e-05	0.000181165006629868	0.00040858490856949	0.000549276881803324	0.0023185266274014	0.00484520028369669	0.0107041536895988	0.0247945511733325	0.0552977273428104	0.0910373431188134	0.128704246199389	0.160539177896327	0.174352046008203	0.148038792438866	0.108174781831077	0.0580845847852231	0.0241643282247371	0.00630030219864936	0.00136259212433316	0.000125273674797249	
0.000102508360233719	0.000179873160410111	0.000497068841133317	0.000765911521746278	0.00302496368689692	0.00643481725467138	0.0149700888341318	0.0345395150387501	0.0677038707543648	0.10483317247902	0.142533039604975	0.16578503029799	0.168577899584358	0.136295502590754	0.0915805822088037	0.041746046175181	0.0161634408768526	0.00368063036839184	0.000526080641199464	5.99577201367036e-05	
6.18331201378879e-05	0.000204822210456754	0.000548768941223755	0.00138351606308524	0.00420078759936776	0.00990489293208791	0.021674440893334	0.0471767383802041	0.0819288841827014	0.118936006585227	0.153315221381893	0.166290515185828	0.158176850452734	0.123422772365233	0.0706984437376575	0.0294132423355915	0.00996479376722149	0.00243274682042503	0.000245400195547242	1.932285004309e-05	
9.5964778967654e-05	0.00039169297537818	0.000734424328834087	0.00215431136457999	0.00541711384948022	0.0142184550062279	0.030444336511269	0.0612411967003784	0.0962820502777103	0.133357748862132	0.15974610461336	0.167227440443083	0.14440153230292	0.101924387588033	0.0544649082263359	0.0206657213809528	0.005744177483921	0.00134742383530094	8.61724545831995e-05	5.48370165529451e-05	
6.0776925158118e-05	0.000519544682803267	0.00100379953809537	0.00323294030921731	0.00834408366041775	0.0207837478581035	0.039712819225898	0.0752986891789626	0.11200403088252	0.145472511184915	0.16205676956919	0.162825303590544	0.128788264956025	0.0816881085044563	0.0408146460626355	0.0131925138512573	0.00352114056722516	0.000619532527418235	6.0776925158118e-05	
1.17473842491072e-05	9.20211766180064e-05	0.000704843054946432	0.00159177056575403	0.00561720756844809	0.0123014692061901	0.02815848004511	0.0528142816866111	0.0917705657540254	0.125319137272101	0.155750736169413	0.160508426790301	0.149833970302613	0.111222276173172	0.0635690119666688	0.0302397249545768	0.00835826389323977	0.00190307624835537	0.000215368711233632	1.76210763736608e-05	
4.15189613142135e-05	0.000320289130138219	0.00103401984606351	0.00265523643071375	0.00944062096549379	0.0177108026406059	0.0379641473883585	0.0680871423685183	0.107891963708474	0.136733802168081	0.159322094216409	0.156904108993205	0.135237142467373	0.0921740712109499	0.0468175716152655	0.0207713432174823	0.00555365534912504	0.00118427894415304	0.00014432781790179	1.18625603754896e-05	
7.9900922855659e-06	0.00010786624585514	0.000241700291638368	0.00143222404218769	0.00509368383204826	0.0127701649954057	0.0236207103192042	0.0484918700810994	0.0835424074148056	0.121950781031521	0.148182254005034	0.159979625264672	0.147323319084335	0.120242898805481	0.0740521753026247	0.0347029683192841	0.0143362230833766	0.00338180655986577	0.000439455075706124	9.98761535695737e-05	
2.00119671563595e-06	1.40083770094517e-05	0.000276165146757761	0.000258154376317038	0.00240944084562568	0.00709624355364508	0.0153251644483401	0.0304502092251166	0.0602020007964763	0.100061836978513	0.134266291242163	0.158530801419249	0.157706308372407	0.137756378314232	0.101234538253876	0.0583769093918163	0.0248528620114829	0.00923952523609118	0.0017090219951531	0.000198118474847959	3.40203441658112e-05	
5.63882897633102e-05	5.23605547802166e-05	0.000515550077835979	0.000831727274008825	0.0035766286649871	0.00894962713243394	0.0210710955640541	0.0407888721737887	0.0732544300050145	0.115285858421088	0.145501926264256	0.16149606188212	0.151910052622358	0.126350046419646	0.0839722327950266	0.0422932311899742	0.0183845963303307	0.00484133744967849	0.000781380586720155	8.45824346449652e-05	2.01386749154679e-06	
0.000114882990666261	0.000272091293683249	0.000614724774617712	0.00165068718167838	0.00480694618840407	0.0136065801752268	0.0269914563333783	0.0516409120500164	0.0885727703126228	0.130108010166137	0.150099666033131	0.161479128582283	0.143593660877504	0.111966575096189	0.0670029849422663	0.0306878669453419	0.0132316988372632	0.00300711266796599	0.000479686873308247	7.25576783155332e-05	
5.01314446478667e-05	0.000154404849515429	0.000561472180056107	0.000705850740641963	0.00311817585709731	0.00753575875946732	0.0177264788274857	0.0363633446897766	0.0641401755402666	0.102017489858409	0.143131290243017	0.155028484686849	0.159028973969749	0.132908486050424	0.094233079133488	0.0508072165217199	0.0220237462627008	0.00873289765765838	0.00146383818371771	0.000226594129808358	4.2110413504208e-05	
8.01969637429527e-06	0	6.01477228072145e-05	0.000306753386316794	0.00105459007321983	0.00140545178959525	0.00448501519732463	0.0118090029111498	0.0234836759080301	0.0454035110230727	0.0788997778544104	0.117703078761438	0.153637333290562	0.158793998059233	0.148751333274522	0.117544689758046	0.0768066371007194	0.0373757949524031	0.0158709791247303	0.00578821585814761	0.000625536317195031	0.00017843824432807	8.01969637429527e-06	
3.39387066957076e-05	2.19603396266343e-05	0.00017168992799005	0.000433217608998149	0.00150528146168021	0.00273506048077173	0.00688157188118258	0.0157834950080155	0.0310020103692731	0.0567894382744763	0.0924250803049692	0.135501284679868	0.159366184670485	0.157373782947996	0.140961423668854	0.0984362241791325	0.0592689602577745	0.0273545975967403	0.0101496696965281	0.00337789951347866	0.000281491626123221	0.000145736799340391	
5.77053564499665e-05	0.000119390392655103	0.000143268471186124	0.000772057872503	0.00188636820395063	0.00458459107795596	0.00974026620077882	0.020927145992562	0.0416055620004258	0.0727127288067129	0.107449363549715	0.149194214341572	0.159340407877378	0.15329925400903	0.125063426146098	0.0802442727433723	0.0453245727316323	0.0188537328401184	0.00671769942672713	0.00168937405606971	0.00020097382763609	7.36240754706469e-05	
5.62660257698398e-05	0.000255206616884631	0.000170807578229871	0.00029740613621201	0.000880161403113923	0.00270679773971336	0.00675192309238078	0.0132627060743194	0.0282234404263357	0.0518089527285003	0.0864527485953589	0.120893584869262	0.158788753225249	0.160293869414592	0.140315411264458	0.109481629142586	0.066582803494924	0.0334421143164884	0.0138253663320178	0.00479868819779919	0.000606869277946129	7.83705358937054e-05	2.61235119645685e-05	
6.44030341879482e-05	0.00015496980101475	0.000239498783386432	0.0008694409615373	0.00196630513755079	0.0034777638461492	0.00866824588273415	0.0193953762646643	0.0370860847181663	0.0646546085402449	0.101130877028444	0.134378943427972	0.15954845422655	0.154480740473886	0.128572607376965	0.0949340975826724	0.053605462987375	0.024978314290832	0.00911302933759467	0.0023970004286827	0.00026767511084366	1.6100758546987e-05	
3.42515433342467e-05	0.000112828613336342	0.000596379813349237	0.00150908270337358	0.00257088054673522	0.00582276236682194	0.011637465546977	0.0254650150706791	0.0496103383246563	0.0768100933253816	0.11563119549975	0.147616092583936	0.159064167244242	0.145730242903886	0.117077819506455	0.0765501845553747	0.0412872132944343	0.0158685385470898	0.00535935913347625	0.00143856482003836	0.000207524056672201	
1.62525648578916e-05	0.000310830302907178	0.000906080490827459	0.001649635333076	0.00456493915446031	0.0087662271702253	0.0181297360989781	0.0329947382321273	0.0614814212867968	0.0937102573999959	0.130168823517461	0.149604859516893	0.155981959653008	0.135960831318692	0.100664323588566	0.0593137354488755	0.0305202852325133	0.0105905775755236	0.00353696442719867	0.000995469597545863	0.00013205208947037	
0.000101632626512293	0.000504097827500976	0.00122772212826851	0.00287620333029791	0.00651261870690777	0.0118198744633797	0.0224140594510212	0.0429682418368674	0.0728848217770262	0.110580362950436	0.137409343697151	0.15493080850787	0.152737576427735	0.120263919604527	0.0836456842721478	0.0466005919084168	0.022271773773904	0.00701671653440874	0.00270139521269676	0.00050206517497073	3.0489787953688e-05	
6.06967992554526e-06	0.000252903330231052	0.000942823615101364	0.00150528062153522	0.00528264476186622	0.00875045522599442	0.0169566624853316	0.0286003318091693	0.0553291789746287	0.0856674624691458	0.12686035689718	0.148419859992716	0.154928580099543	0.141945534738801	0.101990855015579	0.0670740096305588	0.033142475620119	0.0160826285760531	0.00433375146683932	0.00169546392586898	0.000232671063812568	
6.48630679825762e-05	0.000654711592449128	0.00156076757333074	0.00273235673876602	0.00707615532272417	0.0115395451882752	0.0220331734053313	0.0370003263423108	0.0651813024098657	0.101008012615867	0.139996797386018	0.15381871177893	0.150135705700045	0.129030884955214	0.0875083865919931	0.0527802945999469	0.0236669119301425	0.010661866799636	0.00271614097177038	0.000766194990544181	6.68900388570317e-05	
7.98317147453169e-06	0.000283402587345875	0.000991909055710562	0.00214747312664902	0.00426500936026855	0.00928642421774899	0.0159563639847202	0.027935112782255	0.0479110036044019	0.0788318225181318	0.118318584424034	0.147489092991973	0.15352237483385	0.142888790429774	0.109720708745964	0.073714609602957	0.0402291968530338	0.0171977471490099	0.00678569575335193	0.00203570872600558	0.000453044981179673	2.79411001608609e-05	
0.000124701853702952	0.00054037469937946	0.000857077819894894	0.00283449292861314	0.00606486475787057	0.0113399511089558	0.0209736641561346	0.0355736780118962	0.0588414603972645	0.0932928217258341	0.134422660108273	0.151629536524777	0.151055512118843	0.13169307508833	0.0923051038687266	0.0611533931770272	0.0298314545580507	0.0116131075504003	0.00461396858700923	0.00103522332518483	0.000168248532773824	3.56291010579864e-05	
0.000125124131082423	0.00102681231380338	0.00108639523336643	0.00409930486593843	0.00797219463753724	0.0135849056603774	0.0276067527308838	0.0443932472691162	0.0726653426017875	0.109594836146971	0.144	0.154282025819265	0.147056603773585	0.118732869910626	0.0762284011916584	0.0462502482621648	0.020506454816286	0.0076266137040715	0.00267130089374379	0.000395233366434955	9.53326713008937e-05	
