# <P(U)> as a function of N_tot.
# number_of_species: 1
# species_total_upper_bound: 151
# species_total_lower_bound: 97
# volume: 729
# Bin widths for each
10	10	10	10	10	10	10	10	10	10	10	10	10	10	10	10	10	10	10	10	10	10	10	10	10	10	10	10	10	10	10	10	10	10	10	10	10	10	10	10	10	10	10	10	10	10	10	10	10	10	10	10	10	10	10	
# Bin lower bound for each
-250	-260	-260	-260	-260	-270	-270	-280	-280	-280	-310	-310	-320	-320	-320	-320	-320	-320	-330	-330	-350	-350	-360	-360	-360	-360	-370	-370	-370	-370	-380	-380	-380	-380	-390	-390	-400	-410	-410	-410	-420	-430	-440	-440	-450	-450	-460	-460	-460	-460	-460	-460	-470	-470	-470	
# Bin upper bound for each
-100	-100	-100	-110	-110	-110	-120	-120	-120	-120	-120	-130	-130	-130	-140	-140	-140	-140	-150	-150	-150	-150	-160	-160	-160	-170	-170	-170	-170	-180	-180	-190	-190	-190	-190	-200	-200	-210	-210	-210	-220	-220	-220	-220	-230	-230	-240	-240	-240	-250	-250	-250	-260	-260	-270	
# Normalized histogram for each
2.88665436182134e-06	7.9671660386269e-05	0.000424338191187737	0.00212804159553469	0.00697588893077745	0.0197920569663918	0.0494177906817643	0.0991415667258816	0.163801469768935	0.219853369505037	0.213902820203578	0.14623329132289	0.0611941858162506	0.0153951050424656	0.00163731035402506	2.02065805327494e-05	
4.02209624761403e-06	1.0917118386381e-05	0.000153414242587564	0.000794076716314657	0.0034256768326107	0.01016728472879	0.0277398232346158	0.064519020493155	0.120172191686212	0.183302439803584	0.22270002171932	0.195493413530102	0.118450159907055	0.0432340871507815	0.00897099838771399	0.000853833574850637	8.61877767345865e-06	
8.56543276849063e-06	8.27991834287427e-05	0.000264957386971977	0.00141900669531328	0.00502905109280646	0.0146229068223672	0.0379151736641494	0.0813002326942569	0.140904795214778	0.200178161001585	0.219396708018673	0.173165641194021	0.0911716084455167	0.0291093377492898	0.00506959414124399	0.000360319205127839	1.14205770246542e-06	
1.47406328947428e-05	0.000176887594736914	0.000519890783249198	0.00212718671619519	0.00721270506488146	0.0211618793626604	0.0510281024496664	0.100200585996852	0.161017035636047	0.211474788982171	0.208366216283637	0.14679799436681	0.0683336054680945	0.0188617736836615	0.00253028633112451	0.000176320647317885	
5.99590920609637e-05	0.000208159866777685	0.000859225102269848	0.00354211164609202	0.0110466142345147	0.0289144236686819	0.0669793966984035	0.118129593092713	0.179040111501285	0.21478478079861	0.193445000543026	0.120902983926438	0.0488451652608334	0.0118334359048619	0.00132475654346016	8.42821199724867e-05	
6.77161541964547e-06	0.000106088641574446	0.000466677162670567	0.0013656091096285	0.00523897312966571	0.0159386897939905	0.039212167690027	0.0837101455163724	0.137983514502261	0.19329011914093	0.214357743314017	0.170771676364184	0.0961151806638779	0.034036396304278	0.00668866313075482	0.000697476388223484	1.41075321242614e-05	
1.24290484941925e-05	0.000194345121909192	0.000883027399837405	0.00216491426498844	0.00783312533508997	0.0229852653630101	0.0526822169128842	0.100932913080839	0.156822954418724	0.203318894921999	0.205953288246018	0.147851441232916	0.0725257577906123	0.0220344431532044	0.00346600965963051	0.000338974049841614	
5.6074556730629e-07	3.8691444144134e-05	0.000325793174604955	0.00143270492446757	0.00365157513429856	0.0117240683212399	0.031469041237229	0.0673057296982067	0.119739365460316	0.174145143382642	0.20817903484473	0.190994986934628	0.122427579709982	0.0527695223569258	0.0137074253928023	0.00193513295277401	0.000153644285441924	
1.34329686468915e-05	0.00013656851457673	0.000540117281010428	0.00206643834351347	0.00568550397979682	0.017535061447436	0.0425847494387538	0.0835133257847512	0.138852119246702	0.188958771420688	0.205283746275849	0.170129667326934	0.0975910769266935	0.0375138037745522	0.00854728600861165	0.000993479972843015	5.48512886414735e-05	
8.93909681600545e-06	0.000198894904156121	0.000854242439479521	0.00329796803155501	0.00889496002547643	0.0244428428562649	0.0545854773198353	0.101028554827392	0.15636994452173	0.197949035974278	0.197272458084016	0.148782327405595	0.0752325561906039	0.0255289431194096	0.00511372207230612	0.000430194034270262	8.93909681600545e-06	
1.1143408423191e-06	0	1.44864309501483e-05	4.90309970620404e-05	0.000335416593538049	0.00149600258081339	0.00517109867878178	0.0130667607170338	0.0329036992215772	0.0688384055342624	0.119508040804933	0.173487825547712	0.20227849272029	0.184121980205964	0.124832918519955	0.0547887961943032	0.0161908152684754	0.00276969416358412	0.000144864309501483	5.5717042115955e-07	
1.00175752792956e-05	3.33919175976519e-06	4.73052165966735e-05	0.000123550095111312	0.00065670771275382	0.00246543658262663	0.00749871162851269	0.0188686595705132	0.0430060072059758	0.0847865310361178	0.13793978546806	0.187300831124829	0.200915828993312	0.165860993899297	0.0998084416993815	0.0390101077334568	0.0102084657415621	0.00144642656393829	4.28529609169866e-05	
5.54943576111899e-07	1.16538150983499e-05	1.27637022505737e-05	6.82580598617636e-05	0.000271367408718719	0.000988909452631404	0.00371312746776472	0.0106116310624117	0.026284347538964	0.0557468569383208	0.101172873248112	0.156975224544044	0.196469448968776	0.191935559951942	0.144769240587463	0.0769029708904347	0.0272249769004736	0.0060816266506103	0.000738629899804937	1.99779687400284e-05	
1.66440677213827e-06	2.82949151263507e-05	2.44112993246947e-05	0.000169769490758104	0.000413882484005051	0.00172543502045001	0.00570003839231621	0.0153108778969	0.0349214732884905	0.0704632155007312	0.119372918104529	0.173523282831533	0.199484699663346	0.178421631961936	0.121502249168351	0.0572250788374008	0.0179445242126801	0.00344476721606885	0.000320675704765308	1.10960451475885e-06	
8.37938269646301e-06	2.45795225762915e-05	5.25107982311682e-05	0.00020613281433299	0.000722861413948209	0.00273838226520411	0.00865478507442009	0.0205652396391726	0.0456430561731471	0.0877606267331357	0.137543656583849	0.185947998668237	0.195104988078932	0.162411429924898	0.0980114048984754	0.0408249111226809	0.0117842051987925	0.00185463670348381	0.000140215003787481	
6.71944416757846e-06	2.68777766703138e-05	0.000114230550848834	0.000463641647562914	0.00112606685175002	0.00431052343350158	0.0124337714784233	0.0281903080977142	0.0582251036194286	0.104902282483193	0.155413464198242	0.194953473448676	0.186731673555963	0.141131285620054	0.0761665795005437	0.0278431368157226	0.00698150249011402	0.000939602276099721	3.97567113248392e-05	
1.12161314889527e-05	4.43037193813631e-05	0.000205816012822282	0.000740264678270876	0.00199983624448026	0.00649077529265691	0.0182772470678228	0.0383900140538128	0.0737707400291395	0.122355095993261	0.169981594328227	0.196664210333871	0.17314061776209	0.117541693164777	0.0570929133116413	0.0189328299533521	0.0039935036166416	0.0003555513681998	1.17769380634003e-05	
2.52840380743901e-05	7.30427766593493e-05	0.000327006892428779	0.00120183460980268	0.00338412802937893	0.00938599680072638	0.0244344943950906	0.0508304682772412	0.0910702958063895	0.139952769416877	0.180756711928841	0.193212190951798	0.155620445010307	0.094400484554543	0.0413444590592427	0.0115475011223304	0.00223848017085267	0.000190473086827072	3.93307258934958e-06	
2.25575782184025e-06	7.3312129209808e-05	8.85384945072297e-05	0.000498522478626695	0.00195743384990187	0.00517470844330153	0.0139772394035776	0.033557217297151	0.0639947215266969	0.108425819404029	0.156590196476506	0.186028399990977	0.183584850330469	0.135046581399021	0.0748071327062327	0.0281400148880016	0.00686539893077079	0.0011041934537908	8.34630394080891e-05	
2.82861586208574e-05	0.000111447464966178	0.000235906562897951	0.000881962425798334	0.00300285859919022	0.00766215464721786	0.0206296612053637	0.0435459754736376	0.0795016431429543	0.126172673421024	0.168267568957412	0.189745814921401	0.166632063265954	0.11338336966219	0.056629455282129	0.0189274001795605	0.00406981250236897	0.000561197387037811	1.07487402759258e-05	
5.08426893297013e-06	0	7.7958790305542e-05	0.000158742174462734	0.00039092378906837	0.00143997794557121	0.00423632585870478	0.0115141743768664	0.0276663318581421	0.0558761155733417	0.0965785129756192	0.141255678845939	0.176925214923346	0.186159942061931	0.149732849913511	0.0919523931653868	0.0411356900991206	0.0124157847343131	0.00219866385412442	0.000267771497136427	1.18632941769303e-05	
1.1862959096517e-05	1.69470844235958e-06	0.000171165552678317	0.000185853025845434	0.000706693420463943	0.00224605358894056	0.00640091378679212	0.0161364488853338	0.0369130094858481	0.0702473596442468	0.114526136923404	0.156176421408461	0.181543382276513	0.176629857599299	0.129038490218143	0.0716274172191416	0.028377327964497	0.00770244987052428	0.00126086308111552	9.32089643297767e-05	3.38941688471915e-06	
9.05095119840251e-06	2.99812758447083e-05	1.64048490471045e-05	0.000192898397415953	0.000300944127346883	0.00111213562850371	0.00348631326473467	0.00994416694479485	0.0230940676671739	0.0480096392630263	0.0862114415336837	0.130234136793814	0.168042222687341	0.179946486251039	0.161501213393145	0.108809969622745	0.0541688115535392	0.0198170576489023	0.00442874355826833	0.000603585308043467	4.07292803928113e-05	
4.82932593973001e-05	3.74982955320213e-05	3.23848915958366e-05	0.000237489205036135	0.000506795145675197	0.00198797781919004	0.00571110404072542	0.0145470660424526	0.0317440116358347	0.060812576701059	0.101604472523976	0.145464410708604	0.174692059451843	0.175447706922413	0.14476841961729	0.0885135902913504	0.038729489568656	0.0124323894368438	0.00240159538202809	0.0002715785646107	9.09049588655061e-06	
3.47737454801257e-05	6.21366927431754e-05	7.75283505786408e-05	0.000361988989834095	0.000929770145542376	0.00334341011870389	0.00870654778226163	0.0205136595262676	0.0417986121285124	0.0750947584564333	0.118280900035743	0.15765105059466	0.174598976055711	0.168168683448894	0.12480696295798	0.0701038708879333	0.0266629118622367	0.00748262595364147	0.00120168943396893	0.000118572771473215	5.70061401313536e-07	
4.78589391952178e-05	4.501019281455e-05	0.000192005506057005	0.000621596460261697	0.00164258716309301	0.00461382963812944	0.0123749542776206	0.0275599119851318	0.0527411207424061	0.0911912203915545	0.136031058172541	0.166432879547027	0.174275478333005	0.153370807642389	0.104798542353452	0.0514153141768433	0.0177060982544022	0.00431186252177867	0.000561203036991541	6.66606653076247e-05	
3.97454925772454e-06	3.57709433195208e-05	8.11943634078012e-05	0.000336701101404379	0.000983984837662375	0.00252440657140618	0.00685836864057924	0.0173102976028926	0.0359248151550699	0.0669989768374625	0.107570040074812	0.149309053001182	0.171938433096412	0.169032469796265	0.135950025153219	0.0841871989988678	0.0369877231851356	0.0111980086372633	0.00242447504721197	0.000321370697124584	2.27117100441402e-05	
1.53496217455249e-05	4.15008291638265e-05	0.000127913514546041	0.000563387968511672	0.00139852109237004	0.00392836615783618	0.00987264930491796	0.0239471154365461	0.0468731967747602	0.0807429899130245	0.123300100454747	0.160513837115499	0.174340435281162	0.160430835457171	0.114905562873472	0.0651443631925167	0.0254576319172076	0.00700397555203209	0.00123365478473293	0.000146674163346127	1.19385946909638e-05	
1.64451859270038e-05	6.74819698383949e-05	0.000323232964772143	0.000822259296350189	0.00252348542672989	0.00613575557690279	0.0140277435957342	0.0319643377637042	0.0597158725532115	0.0960291113815431	0.138393044480258	0.166591434666679	0.171346928776467	0.146781790529161	0.0950509063565747	0.0486953296806118	0.0167593456857472	0.00404721696417331	0.000636258572762009	7.08844220991543e-05	1.13415075358647e-06	
5.64218301189988e-05	0.000135640359275977	0.000490698946792504	0.001319928874299	0.00355514521497287	0.00878185838690558	0.0196553139105458	0.0413178771713856	0.0737758172616605	0.112249806228058	0.149707632334838	0.172650800164136	0.164197214243378	0.127435257374732	0.0760982309761546	0.0348704007659691	0.0110700770528427	0.00234008115624858	0.000268431131172206	2.33666165139288e-05	
5.14422697701216e-06	8.23076316321946e-05	0.000359524307615628	0.000608161944837883	0.00217886591515226	0.00554376193889344	0.011836866274105	0.0265945103096024	0.0528226373422866	0.0886778993720614	0.129009210452612	0.158738841314316	0.171100990320851	0.152067922086681	0.108445448902393	0.0597376215609414	0.0242790365891717	0.00643657110979266	0.00135178853340375	0.000119460382021727	3.42948465134144e-06	
3.21781381729253e-05	0.000151696937100934	0.000491865826357573	0.00110612349969431	0.00326550641494169	0.00757737693011368	0.0166148368798238	0.0357861119155646	0.0655227338546192	0.103559591613458	0.142148074598118	0.164863541709762	0.165543879488276	0.139023922147293	0.0896184132500379	0.0441035860236555	0.016191924206694	0.00377633435843688	0.000567714294908039	5.45879129719269e-05	
4.92288161164719e-05	0.000289002108730817	0.000533408701685537	0.00168420467372589	0.00480299496534002	0.0112652906150764	0.0225247896047274	0.0464001862586737	0.07984971890346	0.118636234377814	0.151852364517954	0.167518711293843	0.156639722094646	0.121722012404503	0.0712219345071414	0.0320178428396108	0.0103218348332678	0.00231780849527201	0.000337072599762196	1.56373886487617e-05	
8.8771461376822e-05	0.000399471576195699	0.000753973398930771	0.00237755670569107	0.00682313804779876	0.0156973640716199	0.030759895389841	0.0588876001453049	0.0948061686821293	0.133082437150389	0.160216719170314	0.164894741575764	0.143715155741353	0.101955191436825	0.0557537339495942	0.0217595204472213	0.00652353436565199	0.00130003469095267	0.000182799127703587	2.21928653442055e-05	
1.75634464868131e-06	0.000108893368218241	0.000566713873307835	0.00107429747677673	0.00373750141239382	0.00944503607239184	0.0213319766546669	0.0405651214541597	0.0715441138158168	0.110943022423252	0.147175827077331	0.164585886131493	0.159235474883393	0.12625424962224	0.0827431527440251	0.0422084745971092	0.0141537960755064	0.00366666217823034	0.000600669869849007	5.62030287578018e-05	1.1708964324542e-06	
1.40280654830097e-05	0.000174766315809162	0.00076336056336711	0.00167518481976274	0.00581930916453518	0.0136428781849554	0.0283361077729511	0.0518290259378931	0.0869634849455477	0.125259519211436	0.158210276025568	0.163154000102872	0.147994921840295	0.109255834506235	0.0652796027251855	0.030143974712074	0.00918721388591442	0.00201536540772572	0.000269455757819478	1.16900545691747e-05	
5.87559600576984e-07	5.34679236525055e-05	0.000351360641145036	0.00110872496628877	0.00304003337338531	0.00883043323707149	0.0190927492207491	0.0376807847446025	0.0647508306623853	0.103740110637473	0.137574142677098	0.161651747549142	0.15831969705427	0.135313800893678	0.0914853800482386	0.0491323213598479	0.0207449668175716	0.00581801516491329	0.00114280342312223	0.000164516688161555	3.5253576034619e-06	
1.94122785603148e-05	2.17652820221712e-05	9.23553858778615e-05	0.000540602545361495	0.00179592989226185	0.00490365921450862	0.0124179757699469	0.0251306652234912	0.046984184875482	0.0794568091508305	0.118791968022683	0.149311011173825	0.161384860187476	0.15028691935963	0.120144356762385	0.0739660755725887	0.0372803985987864	0.0135556529437544	0.00332067613554476	0.000503542740837257	9.11788841469333e-05	
4.6860163998859e-05	2.98733545492726e-05	0.000206770473644965	0.00087394205857872	0.00277880772513234	0.00737813282162034	0.0163600547561016	0.0328858773423492	0.0589413000298148	0.0949357635014383	0.132174364327232	0.157963269831954	0.158989507423529	0.138755874360871	0.102317410835359	0.0586970414249707	0.0259089846749691	0.00878218048543615	0.00170570996955847	0.00024601586099401	2.2258577899458e-05	
4.76168641296872e-05	0.000105227391101407	0.000442072615129935	0.00151257026426772	0.00438486653757206	0.0102934727272941	0.0222200275354804	0.0419481058481739	0.071736275467674	0.109955569350729	0.143472550935348	0.16196494223075	0.152977112160642	0.125951308523184	0.0839138475719514	0.0448791883734902	0.018221386673627	0.00506855064847115	0.000785972189399898	0.000118748229064158	5.87862520119595e-07	
2.94183232614801e-06	0.000112377994858854	0.000244172083070285	0.000875489300261647	0.00259999140984961	0.0062790469169303	0.0144079180005425	0.0290988402708604	0.0529594539017816	0.0850548445800564	0.124491872011466	0.151697348997218	0.161968462380731	0.143674383877347	0.110501105834771	0.0675409400095668	0.0327790725108715	0.0121503558734565	0.00303185239532814	0.000437744650130823	9.17851685758178e-05	
4.69360718966749e-06	3.52020539225062e-05	0.000197718202864743	0.000496935661206046	0.00129660898614565	0.00406994413434042	0.00919242968096379	0.0193335547151391	0.0377888181849117	0.0652030043779621	0.0990110569651371	0.137661152069353	0.158564718389436	0.157636557567679	0.130678824673824	0.0937307488767611	0.0527555581109639	0.0227639948698873	0.00778024061777258	0.00158937273460115	0.000174250166916406	3.46153530237978e-05	
1.35159594098109e-05	2.76195692287441e-05	6.93427482764213e-05	0.000326733627471951	0.000901455727593478	0.00194100930133068	0.00578600592821733	0.0133261483276645	0.0257367373179165	0.0478529604652311	0.079048970083893	0.113278431114444	0.147902205569516	0.161425804434645	0.148895922411341	0.116827839585542	0.0764656588853917	0.0386391897006039	0.0157960429972051	0.0048939526071698	0.000708118742992269	0.000123406585915665	1.29283090006887e-05	
1.16672704479123e-05	3.38350842989458e-05	0.000184926236599411	0.000383853197736316	0.00127931620461359	0.00317291419830976	0.00808658514744805	0.0179623462180835	0.0333689768445517	0.0584833598472054	0.0930138134648468	0.128153881963392	0.156358924907697	0.158521453485218	0.139027194657324	0.100383444843271	0.0592399823357525	0.0284424718979207	0.0105297115792409	0.00295356951388901	0.000357018475706118	4.95858994036275e-05	1.16672704479123e-06	
5.82522801398754e-07	3.84465048923178e-05	9.96113990391869e-05	0.000217281004921735	0.000571454868172177	0.0019176650622047	0.00482678393239007	0.0117640479742478	0.0235176105380705	0.0435662977938114	0.0720668083750468	0.107603029351576	0.140127607444874	0.159127753658098	0.152633206945303	0.12417114286896	0.0833217314208721	0.0457134768397672	0.0201395608127591	0.00681901191317381	0.0014976661223962	0.000237669302970692	2.15533436517539e-05	
3.22782455188992e-05	8.86184558791596e-05	0.00023357712211858	0.000414922174215668	0.00097773740062702	0.00278942729002414	0.00691986896206074	0.0158644642339433	0.0307142178042107	0.0551148107849248	0.0858284417119442	0.120279306592861	0.150690108889194	0.159390563249516	0.14215691452838	0.108972530626186	0.0667766474523074	0.0340564834083949	0.0138984256432467	0.00397139795320711	0.000680190664661894	0.000141437403091904	7.62940348628527e-06	
2.70838521951757e-05	4.00369988972162e-05	9.7148600265304e-05	0.000367398342821513	0.000645890996915385	0.00188115016877361	0.00398368139027301	0.0102029581454391	0.0216712032119094	0.0393528372395902	0.0665167634325603	0.100535259348492	0.131589839787239	0.155136894153362	0.156232612608475	0.128921491566618	0.0934275144854451	0.0527616991937844	0.0249318635044503	0.00915434204196937	0.00211312925061925	0.000371519798590344	3.7681881315027e-05	
1.3579039158997e-05	4.90026195737717e-05	0.000155273360818096	0.000585079469850696	0.001166026188653	0.00306059734783653	0.00629713181173312	0.0141647090218546	0.0281641080017735	0.0507265671539574	0.0789963555039683	0.114121787450252	0.142069221218489	0.157157895296162	0.147180253479334	0.115299621499043	0.0761955310791735	0.0403238423721519	0.0172678146661888	0.00558039470134084	0.00113650653830736	0.000271580783179939	1.71213972004744e-05	
1.12616216972331e-05	7.4089616429165e-05	0.000311176389002493	0.000690515225119818	0.00167323989743626	0.00475121892236949	0.00898618139746056	0.0197451791368382	0.0355310091717018	0.0629660977769559	0.0945158273202201	0.127039983498761	0.148997774940639	0.155068974469311	0.134439461670774	0.0991319067822228	0.0607611907920239	0.0295534589181968	0.011804550406426	0.00320422773132853	0.00059805138381622	0.00013928847888683	5.33445238289988e-06	
3.25778432756962e-05	0.000168812460610426	0.000498737164329749	0.0011473324077277	0.00263406670994584	0.00659138618130814	0.0124311126695825	0.0253929480223472	0.0462972615657267	0.0753685442561116	0.108820658380443	0.137147981595296	0.151829927073017	0.150625731520663	0.119084455985557	0.0841770007534367	0.0474872413319244	0.0209114214364578	0.00706643036871011	0.00192979297076761	0.000308008700061128	4.85706027019471e-05	
5.6607278162858e-05	0.000225839453503902	0.000824933147394149	0.00155257253544589	0.00413351062418369	0.00875761765911215	0.0180076007064117	0.0334495944619213	0.0577329374754923	0.0876345528467269	0.122540015743899	0.144911683801179	0.153585569861342	0.14083419079601	0.102638429855622	0.0689122852535092	0.0343305452283308	0.0143381518313339	0.00435817075939253	0.00102364828011168	0.000143287172849734	8.25522806541679e-06	
0.000104158513958124	0.000387210746804776	0.00118164009055318	0.00242153833298123	0.00576696856943283	0.0123342511444196	0.0239770545266878	0.0424131114972757	0.0684421475955566	0.10115027484313	0.13361183476105	0.149636357323726	0.149606345548518	0.127798965829534	0.0889307746039181	0.054743831844612	0.0248044379765473	0.00960965272845287	0.00248391574812	0.000546096615554456	4.41349635415778e-05	5.29619562498933e-06	
2.32742980762629e-06	0.00018328509735057	0.000527744708879261	0.00177117408360361	0.00337884622322147	0.00832114341971589	0.0170420229088916	0.0307564030503295	0.0535087749922322	0.0826714704817896	0.114850515002031	0.140396966427989	0.15014191503252	0.142542274853168	0.112465481306666	0.0745801607555768	0.041714524442086	0.0178362583307441	0.00555906609551539	0.0015046833706304	0.000233324838214535	1.16371490381314e-05	
3.63955047507688e-05	0.000268055781021535	0.000723866150043068	0.00243387716690459	0.00482615947123686	0.0111006289489845	0.0227188828544243	0.0395151194436918	0.0647435590066454	0.0970009526378942	0.128273356815174	0.143959241656331	0.147969101949586	0.132270507567088	0.0966156224526757	0.0608902571544608	0.0302937694939812	0.0119377255582522	0.00350841111668919	0.000771815783286144	0.000132294771236921	1.03987156430768e-05	
4.0277871279979e-05	0.000467223306847756	0.00121754250897765	0.00346389693007819	0.00719823099589338	0.0150052332462756	0.029856259785365	0.0492431500287411	0.0774750608052007	0.111006388645783	0.13823998361266	0.146277720525661	0.142990470831053	0.118094718592898	0.0810643945344079	0.0465894137095517	0.0211855848951078	0.00784095074188962	0.0022958386629588	0.000389544555093511	5.81152142753982e-05	
