# <P(U)> as a function of N_tot.
# number_of_species: 1
# species_total_upper_bound: 151
# species_total_lower_bound: 97
# volume: 729
# Bin widths for each
10	10	10	10	10	10	10	10	10	10	10	10	10	10	10	10	10	10	10	10	10	10	10	10	10	10	10	10	10	10	10	10	10	10	10	10	10	10	10	10	10	10	10	10	10	10	10	10	10	10	10	10	10	10	10	
# Bin lower bound for each
-250	-260	-260	-260	-270	-270	-280	-280	-280	-280	-310	-310	-320	-320	-320	-320	-320	-320	-330	-330	-350	-350	-360	-360	-360	-360	-370	-370	-370	-370	-380	-380	-380	-380	-390	-390	-400	-410	-410	-410	-420	-430	-440	-440	-450	-450	-460	-460	-460	-460	-460	-470	-470	-470	-480	
# Bin upper bound for each
-100	-100	-100	-100	-110	-110	-110	-120	-120	-120	-120	-130	-130	-130	-140	-140	-140	-140	-150	-150	-150	-150	-160	-160	-160	-170	-170	-170	-170	-180	-180	-190	-190	-190	-190	-200	-200	-210	-210	-210	-220	-220	-220	-220	-230	-230	-230	-230	-240	-240	-240	-240	-250	-250	-250	
# Normalized histogram for each
2.24572548610974e-06	7.7702101819397e-05	0.000364705818944222	0.00192503588669327	0.0064973329764127	0.0189638042949051	0.0472666825963461	0.0968765551648991	0.161567821807971	0.221238095409198	0.218648773923714	0.149828067256783	0.0607077987758101	0.0144570823893801	0.0015122715423463	6.60243292916263e-05	
3.13723381131331e-06	8.51534891642185e-06	0.000146105460355449	0.000721563776602062	0.00312961481491441	0.00961248439786399	0.0267556744716562	0.0617156635361555	0.117478201827215	0.181203039531387	0.224636248943985	0.201397413574811	0.121164899731767	0.0428711963841139	0.00835221275823356	0.000776689456429425	2.73387517843017e-05	
6.69175927689741e-06	6.46870063433417e-05	0.000239118864827801	0.00128704836758994	0.00472125922849369	0.0138680019254422	0.036463396299814	0.07843544883637	0.138394504191941	0.199320295704381	0.221402655200858	0.178802469526844	0.0932166528444661	0.0287272764584355	0.00469226160496047	0.000348417599683792	9.81458027278288e-06	
1.15494163991052e-05	0.000138592996789262	0.00046775136416376	0.00196029132958658	0.00692520775623269	0.0202892151549665	0.0492142843182024	0.0975921243641158	0.158358490331362	0.211364536895055	0.211316562396166	0.152165782099826	0.0693213740607215	0.0183062692009048	0.00238717552803043	0.000179460162509173	1.33262496912752e-06	
2.22120145675276e-06	4.70894708831586e-05	0.000166145868965107	0.00081162701229746	0.00324250988656768	0.0105480414778275	0.0280493319958739	0.0646129734157725	0.115742809748764	0.176871162319183	0.215613802368156	0.19656655563621	0.125397484000686	0.0495692201894774	0.0113987616357638	0.00127452539588474	8.57383762306567e-05	
1.24304560379164e-05	9.18965857088823e-05	0.000401326152081302	0.00128033697190539	0.00509204752696077	0.0152082190175323	0.0379985722733351	0.0810865284044799	0.135700624896783	0.192064752021281	0.215845990201249	0.174168446885549	0.099371729236255	0.034371986724273	0.00661167077759606	0.000670356736330494	2.30851326418448e-05	
4.88793302643039e-06	1.46637990792912e-05	0.000153747711558629	0.000783402356872434	0.00204582215033505	0.00775359485256217	0.0218210661026288	0.0509455928618404	0.0985531718241766	0.154995467553012	0.202768347523151	0.207527416860703	0.151549474769378	0.0747524928458435	0.0224867137093191	0.00352064485167345	0.000319048719361547	4.44357547857308e-06	
2.56663288741775e-05	4.91200431902362e-05	0.000265956269885873	0.00126915571053691	0.0034751324249813	0.01158259468884	0.0301145691818194	0.0655810104568164	0.117484965284078	0.172836173592888	0.208754430760653	0.192387720874248	0.125800855839311	0.0544502316607442	0.0138491970421769	0.00192630223429818	0.000146917606659085	
4.94746630090755e-05	0.000125895347835594	0.000501372701029471	0.00192244404835265	0.00547401807150414	0.0171738923970253	0.0412393403083773	0.0821297075473157	0.136680824371572	0.187810679901139	0.206576154537644	0.172140022131077	0.100093427600236	0.0385668250297621	0.00848755513443194	0.000969173309302783	5.91929003858582e-05	
3.17474595418312e-05	0.000174611027480072	0.000796773047112348	0.00312051071079916	0.00870894546403762	0.0236739042055683	0.0534137778683168	0.0994952153932849	0.154941712546155	0.1977703582789	0.198726309560659	0.150562767814073	0.0769492278753277	0.0261916541220108	0.00501213017516661	0.000416685406486535	1.36690450805107e-05	
8.81528323284645e-07	0	1.4985981495839e-05	6.56738600847061e-05	0.000329250828746815	0.00138840710917332	0.00485457647632854	0.0126129072495567	0.0320043265410107	0.0672725116989828	0.117935266730636	0.172300440720085	0.203393707738981	0.185737136187751	0.12649490674973	0.0562353363272974	0.0164995656269187	0.00270541042416058	0.000152504399928244	2.20382080821161e-06	
7.93702237314323e-06	2.64567412438108e-06	4.85040256136531e-05	0.000133165597593848	0.00061379639685641	0.00233568930614109	0.00709657989296484	0.0184628368769933	0.0420939981559651	0.0833338845154426	0.136719619834266	0.187362672977481	0.201523202782544	0.167599046322667	0.101391051360031	0.0396202928496688	0.0102630108741616	0.00133738826987463	5.46772652372089e-05	
4.40256334848402e-07	9.24538303181644e-06	1.01258957015132e-05	6.69189628969571e-05	0.000246543547515105	0.000927179841190735	0.00357356066996448	0.0100853921187072	0.0258716635173664	0.0549360659750533	0.100215989757877	0.155318032371168	0.196432250713656	0.193191964089171	0.146208248290485	0.0783823573437398	0.0276648275692039	0.00614773945982309	0.000686799882363507	2.46543547515105e-05	
1.32401345550741e-06	2.2508228743626e-05	1.94188640141087e-05	0.00018227251904152	0.00040029340138174	0.00156277721531725	0.00551495738000687	0.0144379253944898	0.0344901091781495	0.0695005556443135	0.118496556241002	0.171933739305281	0.200497122918761	0.179905624320891	0.122753259500459	0.0582212850168459	0.0181734086902947	0.00357042295168498	0.000310701824225739	5.73739164053211e-06	
6.67007581652845e-06	1.95655557284834e-05	6.13646975120617e-05	0.000211663739244503	0.000644329323876648	0.00257198123485337	0.00828023211863842	0.0198674878271116	0.0453449540876448	0.0858305356070881	0.136777019365453	0.18462458589946	0.196660515374525	0.163905107054717	0.0997580985837206	0.0414611912755408	0.0119065300042244	0.00193254329990884	0.000135624874936078	
5.35469260717752e-06	2.14187704287101e-05	0.0001191419105097	0.00042480561350275	0.00103791791702458	0.00416773574591984	0.0120154839861224	0.0279077654198414	0.0573393871108087	0.103264354480651	0.153998282036122	0.193851474213808	0.188228154527504	0.143109068395042	0.0779719101750315	0.028450374270702	0.00708738188998338	0.000955366405997256	4.4622438393146e-05	
8.95926892365583e-06	3.53891122484405e-05	0.000217262271398654	0.000659402192781069	0.00188592610842955	0.00642603563549214	0.0177756375079793	0.0377727257455792	0.072694612119651	0.121553537231362	0.168879083466789	0.195433460629613	0.174705296047842	0.11967253872084	0.0584910351315333	0.0193148399090634	0.00404869362660007	0.000413470260826717	1.20950130469354e-05	
2.01816437634909e-05	5.83025264278625e-05	0.00031528212368298	0.00111492369768974	0.00323803262160898	0.00935845245361698	0.0239228720362696	0.0499737862871561	0.0896737704557778	0.139744877113971	0.180062419581756	0.192261550515327	0.157094812016958	0.0966525828691929	0.0422531863451895	0.0118349643838836	0.00222087777592904	0.000195089223047078	4.03632875269817e-06	
1.8005033307061e-06	5.85163582479482e-05	9.13755440333345e-05	0.000494688290111501	0.00186172044395011	0.00507066750510105	0.0138278655798228	0.03266473142567	0.0632710374185103	0.107540012810581	0.15597265215491	0.185547719865088	0.183031516460427	0.136677108085565	0.0765542507407946	0.0291213408708404	0.00702376349308449	0.0010911050184079	9.81274315234824e-05	
2.25988189857198e-05	8.9039346803736e-05	0.000251750843500919	0.000889489515277932	0.00288044546791985	0.00767681880944902	0.0203082026933272	0.0426909769695436	0.0786597092435949	0.12541530979591	0.167577022424808	0.188473246388144	0.167236232234503	0.115674766836685	0.057865179965695	0.0195127242650299	0.00421061195341931	0.00055412304152985	1.17513858725743e-05	
4.06709624240978e-06	4.51899582489976e-07	6.23621423836167e-05	0.000126983782679683	0.00038140324762154	0.00149036482305194	0.00419905092049685	0.0116653358223962	0.0274099691759295	0.0549442107370437	0.0949061427162147	0.140920365803674	0.176588799849608	0.184793488669296	0.151013542978588	0.0941442400201366	0.0420777258243891	0.0126943111717259	0.00230785116777631	0.000259842259931736	9.48989123228949e-06	
9.50565178896367e-06	4.07385076669871e-06	0.000142584776834455	0.00015888017990125	0.000655437323353304	0.00213741370226126	0.00638100825090575	0.0160364872180669	0.0367538289670706	0.0688191083517562	0.112708513261742	0.156210449698807	0.181236567608722	0.175662181809623	0.130700448847824	0.0739218327620889	0.029272428359071	0.00785710017870625	0.0012429771339283	8.64561662710505e-05	2.71590051113248e-06	
7.26654740445739e-06	2.40704382772651e-05	1.68038908728077e-05	0.000183934481175328	0.000256599955219902	0.000997787790474556	0.00338030702071102	0.00992110800314823	0.022973189619192	0.0476671884956021	0.0847452007860588	0.128358564148399	0.167686481178961	0.179018207696999	0.161919113335886	0.11090885887502	0.0563230089319492	0.0203295288416079	0.00462106999002212	0.000628102191272786	3.36077817456154e-05	
3.87732154627583e-05	3.01062614181418e-05	3.83170599867259e-05	0.000213024607307155	0.000451137765796094	0.0018624828086405	0.00555049983236286	0.0141526797993828	0.0318232306299279	0.0607457685877655	0.100335502352622	0.144214009903135	0.174551998303102	0.174559752946194	0.145550089292434	0.0900391609476174	0.0402876516431861	0.0128074773005631	0.00245137952819839	0.000289658727280606	7.29848761651921e-06	
2.79139664098887e-05	6.31496289272892e-05	9.15212013438973e-05	0.000313460114602848	0.000854808020552001	0.00319317471488858	0.00841766249360496	0.0198953363541431	0.0420201291730236	0.0752285970806567	0.116712412013805	0.156575386471153	0.175303827508161	0.167084766021473	0.125924936141082	0.0713755545040786	0.0277107893429052	0.00777335323614392	0.00128953372693551	0.000143230680103199	4.57606006719487e-07	
3.84691125084151e-05	4.62545281351182e-05	0.000181354387539671	0.000582074309502329	0.001526857394084	0.00441204083221513	0.0119190133588573	0.0268088497277394	0.0531546962085026	0.0911598895386912	0.133828546829275	0.166580874439565	0.173980683009933	0.153104777955367	0.106138571238843	0.0528153436803034	0.0185750857540633	0.00443814487284584	0.000626954940762146	8.1517881267832e-05	
3.19573852832589e-06	2.8761646754933e-05	6.57409068684182e-05	0.00036066191962535	0.000887502242723646	0.00245113145122595	0.00655309011936996	0.0166224056880494	0.035845229470005	0.0671643801157497	0.107423837561524	0.148262180215	0.171954016061782	0.168372049705604	0.136036197673776	0.0851006908730164	0.0380822464398331	0.0118662336897495	0.00252508997145292	0.000366596862606527	2.8761646754933e-05	
1.23571603794655e-05	3.34101002852216e-05	0.000124944621614596	0.000557902907502535	0.00132770823188257	0.00388518275782529	0.00947382295759023	0.0230680723928222	0.0467558334950443	0.0811906627465482	0.123064044873884	0.16006458675825	0.174388824001084	0.159201873894721	0.115767370506113	0.0659474189095676	0.0263381431673141	0.00732321937895658	0.00130207856591035	0.000161558430146345	1.09841425595249e-05	
1.32469752359218e-05	5.43582776922307e-05	0.000309248352921346	0.000858312636837828	0.00236435668348728	0.00589764473348228	0.0135840879160635	0.0311166880369307	0.0597753769792237	0.0967010920532309	0.138323545036747	0.166714096928575	0.171075549326939	0.145037020727862	0.0962351639587261	0.0494751685449203	0.0175988349970468	0.00410838949213381	0.000687015543269874	6.85188374271816e-05	2.28396124757272e-06	
4.54516029953984e-05	0.000110185704231269	0.00046415727907422	0.00127356309807308	0.00343136647260209	0.00859586225134185	0.019270102348746	0.0408467587727333	0.0744318205295249	0.112852198273665	0.149795628474006	0.171992538591395	0.163008730839739	0.12631367758102	0.0777263730860399	0.035650125496926	0.0115171607347734	0.00235062835693373	0.000297042294323462	2.662821185589e-05	
4.14598663886706e-06	6.63357862218729e-05	0.000313252323825511	0.000586887441990737	0.00214071110120169	0.00547869101067177	0.0119104982831009	0.0262376461114791	0.0527632079617685	0.0888130224518996	0.129183876350094	0.159121124538989	0.170450724027467	0.150576246076284	0.108520278941981	0.0606912557456465	0.024955614909705	0.00675243023916815	0.00129262650096233	0.000136817559082613	4.6066518209634e-06	
2.59411303106358e-05	0.000123683603445353	0.000424786008836661	0.00109462305221486	0.00325931772974345	0.00759380266396879	0.0167051614511098	0.0352229593826752	0.0656648758022063	0.104080447150969	0.14250018760996	0.165249169188978	0.164660398177821	0.136990476825769	0.0901713689597699	0.044930500932491	0.0168005877518953	0.00388144162272888	0.000564219584256328	5.60513708497666e-05	
4.85760446301752e-05	0.000233071598754398	0.000501641076277001	0.00166559783799235	0.00477119515285807	0.011217796768105	0.0225509616422066	0.0458385042688535	0.0803933538629399	0.118784309750754	0.153100949895211	0.167287490313983	0.155820274239797	0.119678762880242	0.0718990851355902	0.0326407666047166	0.0108221822507804	0.00238349572834408	0.000338164003002373	2.38209449628744e-05	
8.22525350231294e-05	0.000329950169064211	0.00074356291660909	0.00239425379090184	0.00664694485884055	0.0152035585736752	0.0305664520580524	0.0577995613824818	0.0949518564162147	0.133137243289838	0.16150731765553	0.16511373880543	0.14306676931783	0.101114216340148	0.0564318192286686	0.0224361414818805	0.00694164394146628	0.00132309077765777	0.000181425591536731	2.82008691507872e-05	
4.23359271144679e-06	0.000104428620215687	0.000477455178013166	0.00114212923371031	0.00367381767515549	0.00920900494577708	0.0207483674796105	0.0407050531221805	0.0707108766641547	0.110837338782438	0.147924081333902	0.165355193724498	0.159052785374725	0.125465812798057	0.082252591193939	0.0427701055669863	0.0149808030090495	0.00390713567347522	0.000607755753687694	6.58558866225056e-05	5.1743910917683e-06	
2.68039656702332e-05	0.000158002323950848	0.00070066506752013	0.0017417875235534	0.00569983978752449	0.0130803352470738	0.027668746246857	0.0519446747338766	0.0865453026990653	0.125900107733132	0.158217696166233	0.163890261743076	0.14757087885501	0.108765319994677	0.0652065245554891	0.0306797250571465	0.00977639379445873	0.0021471387236892	0.000259575246490679	2.02205355056145e-05	
2.36091272886098e-06	5.33566276722581e-05	0.000329583416948992	0.0010274692196003	0.00314568011993437	0.00853611606246975	0.0184047312691086	0.0371947634955674	0.0646238475794742	0.103966569475759	0.13838112214182	0.161885897087814	0.158271339699928	0.134544166774875	0.0914730914971728	0.0497123227839883	0.020918158960254	0.00617614769870032	0.00119273311062057	0.000156292422650597	4.24964291194976e-06	
1.56017156213832e-05	3.40401068102907e-05	0.000104011437475888	0.000521475525163203	0.001639598478029	0.00491406764147447	0.0120208854966452	0.0242757967276111	0.0468264219309062	0.0794680476864074	0.118782479935248	0.150057300846464	0.162176997208711	0.15046672768671	0.119559256261489	0.0736263871343525	0.0373916389933206	0.0138354123013382	0.00366687595028631	0.000523839421469474	9.31375144670454e-05	
3.77715181978453e-05	3.35222224005877e-05	0.000240321284533791	0.000853636311271304	0.00262464837077278	0.00717611631361314	0.0159570500066572	0.0323465838966798	0.0590165807522009	0.0949613739012029	0.1321700964779	0.157867004595849	0.159544060003834	0.13944772374667	0.101643155470402	0.0585949561803175	0.0262389294040882	0.00901558924984821	0.00196459109026543	0.000244570580331048	2.17186229637611e-05	
3.8354215862262e-05	9.5648785236752e-05	0.000537906039747279	0.00137980475336582	0.00414983145452918	0.00999103647770034	0.0217089596868781	0.0417980456396228	0.0720884059940537	0.11000367916367	0.143377055561054	0.161690009863189	0.153923044396662	0.125747374511872	0.0836581209369982	0.0450946141684261	0.0183726164156991	0.00532460688112513	0.000880252929480802	0.000140158615990488	4.73508837805703e-07	
2.36986929222906e-06	9.052900696315e-05	0.000218975922601965	0.000882065350567655	0.00232863356654427	0.00591851157041285	0.0140808153867082	0.0283474285259271	0.0530272473352005	0.085678832469674	0.124599195855952	0.151908147658024	0.162259262752622	0.144261527399718	0.11000411883283	0.0672038054413147	0.033119871306618	0.0123133668685637	0.00316661934827647	0.000481083466322498	0.000107592065867199	
3.78746812017068e-06	3.64543806566428e-05	0.00015954709456219	0.000474853815566399	0.00128631886031297	0.00371077189073723	0.00890670471809638	0.0188899972493513	0.0368553788438659	0.0651960559200731	0.100210251824021	0.137379043654831	0.159214744234645	0.158087972468894	0.130716887231451	0.0928706120406452	0.0527949384276042	0.023254580824333	0.00800528730549576	0.00166411880529999	0.000243818260235988	3.78746812017068e-05	
1.09073698727063e-05	2.22889732181389e-05	6.63926861816902e-05	0.000270787312926751	0.000854568717852898	0.00190831549425087	0.00546174690538947	0.0127711074205208	0.0248261222972249	0.0473863570617632	0.0792629083980109	0.114878316433233	0.148352086105623	0.161007006325326	0.148941558312222	0.116786157694011	0.0760561416554352	0.0389407331459795	0.0162292179036415	0.00500411160420854	0.000789124498616661	0.000163610548090594	1.04331363999799e-05	
1.22645096224512e-05	3.20764097817955e-05	0.000183967644336768	0.000372652407759095	0.00122833780987935	0.00311707229173683	0.00793042060664038	0.0171802194215114	0.0324339674084808	0.0584064250935641	0.0936503803413119	0.129677377357262	0.156672034748186	0.158319252732863	0.13877151124231	0.10008547419783	0.0589998386745273	0.0286564984447658	0.0107286156481935	0.00304301352209357	0.000412276208077783	8.53798554486027e-05	9.43423817111633e-07	
8.95558548082774e-06	3.110887588077e-05	0.000107938372374187	0.000236615995335554	0.000583527096066565	0.00187454544511852	0.00455320819709453	0.0115116981156977	0.0228871770627659	0.0425729679894381	0.0716635377107921	0.108408304938628	0.141155110269181	0.159711083385456	0.153108460153065	0.124132899003149	0.0830107358616051	0.045592885682894	0.0200704097557435	0.00691324064459476	0.00156439937951933	0.00025452716629721	4.66633138211551e-05	
2.79732348296169e-05	7.15925162588501e-05	0.000236587189491167	0.000400159494850791	0.000928806220868128	0.00293481904398862	0.00665620752157614	0.0157418193697109	0.0302196278232224	0.0544662588263853	0.0856218047098393	0.121107038397769	0.151080596579016	0.15965510423823	0.142555397672722	0.108740023867333	0.0667474571618356	0.0339931697894753	0.0138277863356911	0.00407271334214253	0.000747691378411964	0.000140814419396546	2.65508669569245e-05	
2.19034268387451e-05	5.95201816270246e-05	7.95189626537049e-05	0.000347597860701824	0.000597106462082311	0.00180560422983742	0.00410498788645264	0.00992749013393469	0.0215053558640235	0.0388381089152661	0.0662873881972908	0.100927657742766	0.132299078913285	0.155537186304835	0.156266665650856	0.129366400524159	0.0926867314754148	0.0525239413978577	0.025104660287373	0.00903897286260647	0.00223653034481708	0.000376643709335812	4.80923067546359e-05	1.28563592314373e-05	
1.09790233824557e-05	8.83095359023612e-05	0.000140817908601062	0.000525561075829728	0.001040143128277	0.00295478933640873	0.00632296277060906	0.0136855913206524	0.027921088508113	0.049681990200983	0.0791043408194361	0.115212439328962	0.142310578432234	0.158166674940713	0.147439214398369	0.114936531697873	0.0761290254827906	0.039929753344306	0.0172766866644008	0.00559452843662526	0.00125495010749896	0.000244879956313034	2.57768375066351e-05	2.38674421357733e-06	
1.19677006121718e-05	9.52628968728877e-05	0.000267597785688162	0.000611310147269737	0.00152659989008864	0.00467314773504085	0.00876370780428118	0.0190951843887569	0.0353281734991067	0.0617643454433698	0.0951920480852636	0.128238220431641	0.149251109166493	0.155936266728452	0.134892740680033	0.0985439616727207	0.0605383741926589	0.0294745317756813	0.0117211659795611	0.00327436288749021	0.000661574489840858	0.000120155714146205	1.81909049305012e-05	
7.12351846353834e-05	0.000194103925919233	0.000431713904199673	0.00101115715103246	0.00253004427577483	0.00629164449531306	0.0120593040083417	0.0245962184156817	0.0454623904519992	0.074277739769743	0.109727523028327	0.137510679301589	0.15237301611206	0.1523065618123	0.119663636063744	0.0835383137723429	0.0472121943161972	0.0211845789689831	0.00713260214480057	0.00202852945240223	0.000342789445527315	4.01594329488068e-05	1.3864566137088e-05	
0.000133419802071724	0.000284470077988639	0.000739526902911839	0.00140281391892555	0.0039630446208233	0.0086389321841441	0.0175161140148449	0.0328479552700584	0.0570565018566795	0.0871817401658885	0.122598026625827	0.145637243947149	0.153834461286577	0.142361787806288	0.102745636576848	0.0682956906833429	0.0343641760207449	0.0146857082137519	0.00444049691252283	0.00112644432891984	0.00013437280065795	1.04829844484926e-05	9.52998586226597e-07	
7.61246102776788e-06	0.000175086603638661	0.000458650776923015	0.00113758714483706	0.00223853932097799	0.00549191485272029	0.0119862956670348	0.0230890700760342	0.0423181466321759	0.0685454537669074	0.100969779957056	0.133059633640797	0.150689141823479	0.150251901093197	0.128816638175445	0.08856432315468	0.0542516308508305	0.0249669690558217	0.00984862145467469	0.00254065886801753	0.000534775387200694	4.51989873523718e-05	9.51557628470985e-06	2.85467288541295e-06	
2.63822658409017e-05	0.000286907141019806	0.000580880960389855	0.00165925607663671	0.00313242295671707	0.00807909780188614	0.0165209517590847	0.0298246804212494	0.0531499012078367	0.0819687577439017	0.114884403275547	0.140541627917714	0.151131752093386	0.14453335896182	0.11321195606599	0.0745035187347065	0.0406861650455707	0.0177962516453583	0.00572730724692576	0.00147363799197037	0.000240738175798228	2.7324489620934e-05	1.27200210304348e-05	
0.000106341299602619	0.000478069439003004	0.000765377511613589	0.00216320591033749	0.00450784500289174	0.0109135090763232	0.0220424992071043	0.0386863118225406	0.0645216507154717	0.0961455942986138	0.128441633551613	0.144178746665174	0.150163243223074	0.13395552321785	0.0968661965261842	0.0601597917949292	0.0295097106397269	0.0118892371410981	0.00352418798156751	0.000813417660118281	0.000133393033712058	1.49250946810694e-05	1.95891867689036e-05	
2.78895684647071e-06	0.000168731889211478	0.000733030824480719	0.00119134939958407	0.00304042778879416	0.00676693896182011	0.0149636831335975	0.0287532154348309	0.0486705507539015	0.0776031890791887	0.109664107333934	0.13894118182976	0.146297985164609	0.145984227519381	0.118887652451354	0.0810085053887295	0.0458341816410408	0.0209766740945884	0.00776027242530476	0.00228415565725952	0.00041462491784198	4.97363970953944e-05	4.64826141078452e-07	2.32413070539226e-06	
