# <P(U)> as a function of N_tot.
# number_of_species: 1
# species_total_upper_bound: 151
# species_total_lower_bound: 97
# volume: 729
# Bin widths for each
10	10	10	10	10	10	10	10	10	10	10	10	10	10	10	10	10	10	10	10	10	10	10	10	10	10	10	10	10	10	10	10	10	10	10	10	10	10	10	10	10	10	10	10	10	10	10	10	10	10	10	10	10	10	10	
# Bin lower bound for each
-250	-260	-260	-260	-260	-270	-270	-270	-270	-280	-310	-310	-320	-320	-320	-320	-320	-320	-330	-330	-350	-350	-360	-360	-360	-360	-370	-370	-370	-370	-380	-380	-380	-380	-390	-390	-400	-410	-410	-410	-420	-430	-440	-440	-450	-450	-460	-460	-460	-460	-460	-460	-470	-470	-470	
# Bin upper bound for each
-100	-100	-100	-110	-110	-110	-120	-120	-120	-120	-130	-130	-130	-130	-140	-140	-140	-140	-150	-150	-150	-150	-160	-160	-160	-170	-170	-170	-170	-180	-180	-190	-190	-190	-190	-200	-200	-210	-210	-210	-220	-220	-220	-230	-230	-230	-240	-240	-240	-250	-250	-250	-260	-260	-270	
# Normalized histogram for each
3.28996717928742e-06	6.31673698423185e-05	0.000450067510126519	0.00212400281094796	0.00681681199548353	0.0194114643512316	0.0489507636671817	0.09847069165638	0.16484314752476	0.220638358911732	0.214628904862045	0.145902806473603	0.0606860765956999	0.0153430909373248	0.00164432559620785	2.30297702550119e-05	
4.57450861608698e-06	1.24165233865218e-05	0.000149651781869131	0.000807074020123917	0.00331913275158654	0.00991296017106048	0.0274222186497488	0.0642450525055564	0.119833174205784	0.184512151528637	0.222900120832378	0.195641277490346	0.118772541708082	0.042722642968098	0.00892355930752396	0.000811648528740004	9.80251846304353e-06	
9.74141099792313e-06	9.41669729799236e-05	0.000249380121546832	0.00138198150690536	0.00475770513138566	0.0145049609759075	0.0373212938152431	0.0809582690941397	0.141101091167917	0.201784886265779	0.219399955059624	0.172912642922735	0.0914536653033021	0.028592989561104	0.0051285281767066	0.000347443658925925	1.29885479972308e-06	
1.67328256851449e-05	0.000191140354941847	0.000538024702799273	0.00204462258468097	0.00693382553583656	0.0208220708545068	0.0504475387300558	0.0999374449747463	0.161085625730452	0.212802928501923	0.208158282233858	0.146810594710368	0.068833052736718	0.0186229914173476	0.00258393442791756	0.000171189678163405	
6.80485224483088e-05	0.000222762615939275	0.000837767186745689	0.00351220251240281	0.0106136436003574	0.0286278850005649	0.0664801965960332	0.117437626467537	0.179591606150559	0.215787642388323	0.19376174799963	0.121137925367462	0.0487554823998274	0.0117146173361957	0.00136739012089526	8.34557350781146e-05	
7.68697116040595e-06	0.00012042921484636	0.000488763249615812	0.00142657373118534	0.0051278503449208	0.0154597801654364	0.0388634044442224	0.082882204213357	0.136960686907743	0.194315741059252	0.215504236481981	0.171324010318478	0.0960461423255522	0.0341333548568526	0.006589656027258	0.000733465164888734	1.60145232508457e-05	
1.40860761698166e-05	0.000220255009200769	0.000898947770110115	0.00221599589198797	0.00775758631243173	0.0226644965572349	0.0519897863142245	0.100138555767416	0.156068601752052	0.204745599061611	0.206944947772671	0.148022891154328	0.0723691371510015	0.0221381895294354	0.00345941225206905	0.000351511628055878	
3.74711900532408e-05	0.000368995956286999	0.00146328172682486	0.00369440529728308	0.0116243252804147	0.0311150600523453	0.0671299545328391	0.118588695259513	0.173988897095856	0.209849461081723	0.191584478797975	0.121782002777949	0.0527657866441247	0.0139513496932126	0.00190023390914062	0.000155600704458373	
0.000137566841953449	0.000596545614185233	0.0021516214819816	0.00573279701283429	0.0176003144384959	0.0418463118456462	0.0831829290326262	0.137916147621266	0.189454265364536	0.206805438010923	0.169905192989797	0.0972153808604584	0.0377801656507641	0.00866100550584342	0.000962967893674144	5.13498350148819e-05	
6.3238107283449e-07	0.00021690670798223	0.000935923987795045	0.00343888827407396	0.00902154838505683	0.0245446065799251	0.0540932445891894	0.100723760137859	0.155402589600493	0.198462049230867	0.19771773670814	0.148929536938959	0.0752103457543516	0.0257151439457417	0.00518046574866014	0.00040282674339557	3.79428643700694e-06	
1.26169114557771e-06	0	1.64019848925102e-05	3.09114330666539e-05	0.000355166057480125	0.00158973084342791	0.0052751306796604	0.0131260038330177	0.0331225467992788	0.0679105259107202	0.119002078005317	0.172969655066258	0.202949329221902	0.184554503164952	0.125196350684531	0.0547372086597433	0.0162991570641456	0.00272209864658391	0.000141940253877492	
1.13464018668613e-05	3.78213395562044e-06	5.35802310379562e-05	0.000110312240372263	0.000666916287507738	0.00256239575493285	0.00779434772687446	0.0187719915330628	0.0433073248588318	0.083725729731229	0.13767345811854	0.186473702192251	0.201373418910418	0.166307363940883	0.100433936835842	0.0390404474012327	0.0102489526640721	0.00139623778528321	4.47552518081752e-05	
6.27859113437817e-07	1.31850413821942e-05	1.44407596090698e-05	7.59709527259759e-05	0.000258050095622943	0.00102466607313052	0.00378975760871067	0.0108198961018739	0.0263612927368002	0.05566473327917	0.100032397530253	0.157008100638282	0.196084796140424	0.192793558667783	0.145064336723354	0.0770602882877905	0.0271950896394456	0.00604439968506587	0.000677459983399405	1.69521960628211e-05	
1.88391563072239e-06	3.20265657222807e-05	2.38629313224837e-05	0.000186507647441517	0.000425136960666354	0.00181295480863185	0.00580371608637879	0.0156302200162268	0.0350056643063297	0.0701005006191803	0.118063108661742	0.173451484148734	0.199668682037744	0.179145305156654	0.121537677056671	0.0575485987435539	0.0178865229699553	0.00339921176970011	0.000275679653962377	1.25594375381493e-06	
9.50154875244665e-06	2.78712096738435e-05	4.49739974282475e-05	0.000219802494473266	0.000750622351443285	0.00279915626247078	0.00896059391014069	0.0208863044676282	0.0461084823492896	0.0868960973972091	0.136546757121411	0.18598141497064	0.195382247306311	0.162593669434785	0.0983087243220645	0.040876296169609	0.0116419309680811	0.00183316547263871	0.000132388245950757	
7.60800996649306e-06	2.47260323911024e-05	0.000114120149497396	0.000446970585531467	0.0011557835140764	0.00436572971910593	0.0128670468558314	0.0284577612796673	0.0588714151215538	0.104191062490292	0.154933952963478	0.195149893646361	0.186696126571926	0.140646110246404	0.0762633259049569	0.0279562666227093	0.00687890901137081	0.000944661237506221	2.8530037374349e-05	
1.26779669612181e-05	4.12033926239588e-05	0.000201579674683368	0.000741027168883198	0.00202593912040265	0.00659507841322565	0.0187925504266136	0.0385517958340201	0.0746225135337297	0.121879001483322	0.169174157232146	0.196843820125005	0.173068828682632	0.117627445262878	0.0567003055390038	0.0187709978827795	0.00399165789773952	0.000351813583173802	7.60678017673086e-06	
2.8530182079622e-05	6.02303843903132e-05	0.000318904035245553	0.0012337718739321	0.00335705142470219	0.00960199127990835	0.0249803934248708	0.051295999371068	0.0918976184906012	0.139255818730635	0.180310116739165	0.193173424832797	0.155869260757622	0.0938427429043852	0.0408780448836824	0.0115097094549657	0.00221204011724003	0.000169913084385305	4.43802832349676e-06	
2.54746078661768e-06	8.27924755650746e-05	5.98653284855155e-05	0.000512039618110153	0.00190486380319337	0.00529107605380492	0.014402069557143	0.0342455153545015	0.0642329500041715	0.10835688142398	0.156503253425857	0.185604808586981	0.183770636820616	0.134981667835314	0.0740642380449257	0.0281634527264518	0.00663804594472902	0.00110496111619542	7.83344191884936e-05	
3.19774673973731e-05	0.00012599122154565	0.00021680722895419	0.000888334044299025	0.00292977556294732	0.00784727049931536	0.0211876303481515	0.0441282654590269	0.0798323869068899	0.126250239031569	0.167841412227288	0.188920958735637	0.167346401031977	0.112937379804694	0.0560187669360662	0.0189447307848997	0.00397288054944964	0.000566640722281452	1.21514376110018e-05	
5.74035604239444e-06	0	8.80187926500481e-05	0.000176037585300096	0.000329113746430615	0.0015033354657693	0.00418599518958164	0.0119705558004065	0.0283375865119492	0.0560756247261372	0.0969801262495639	0.141437270345895	0.176139636074183	0.185398830370565	0.150556782645245	0.0912665585353673	0.0407182588607179	0.012413838850347	0.00211691574496746	0.000286379984781678	1.33941640989204e-05	
1.33858398212162e-05	1.91226283160231e-06	0.000193138545991833	0.000207799227700784	0.000638058364811304	0.00232977354983548	0.00642584053512763	0.0168177141829985	0.0375893504808066	0.070549112646304	0.115092088203761	0.156308363855173	0.180633621915042	0.175670025025146	0.129186740114557	0.0711954574833856	0.0282364729714397	0.00755216334294139	0.00125253215469951	0.000102624771962657	3.82452566320462e-06	
1.01779810829499e-05	3.37145623372716e-05	1.84475907128467e-05	0.00021691822183037	0.000328239889925135	0.00106741576607437	0.00351649246415919	0.0100297642334295	0.0237795805526771	0.0487328095489819	0.0869218668198453	0.130355128843699	0.167915059658872	0.17898106959131	0.160656250775276	0.108867502406138	0.0538351586906282	0.0198623300833767	0.00422195377797116	0.000604317626800151	4.58009148732746e-05	
5.42236732902478e-05	4.21030874959571e-05	3.63617573828721e-05	0.000256446078384466	0.000525012742563223	0.00196417282424321	0.0058229845858045	0.0147239600377907	0.032456377054838	0.0614551975304625	0.102235227398138	0.145728992632598	0.173936147478185	0.174514108042902	0.143930680456066	0.088686326256825	0.0385651522951605	0.0124822895914151	0.00227611842705417	0.000297911240312303	1.0206809089929e-05	
3.89545617388295e-05	6.96073316316789e-05	8.42951172053359e-05	0.00037421923244187	0.00094512707169619	0.00338138367880495	0.00885418030342411	0.0207442620249858	0.0423895877649469	0.0758726300779027	0.11887144164447	0.157406443595391	0.173854209040396	0.167182761393092	0.124714625905294	0.0699694174760382	0.0265638181090179	0.00741286151908742	0.0011367068835265	0.000132828669535681	6.38599372767696e-07	
5.35889269965703e-05	5.03991099134411e-05	0.000206062183570145	0.000647532867875225	0.00168741323697534	0.00460864772170505	0.0126150886003593	0.0277258900865589	0.0531155581414339	0.0917097929936306	0.137090682671893	0.165785639188306	0.174176772007186	0.152872621672383	0.104536047484893	0.0509241538053242	0.017313051200392	0.00425776784256084	0.00054864853829822	7.46417197452229e-05	
4.45046599557878e-06	3.94184131036978e-05	8.90093199115756e-05	0.000342685881659566	0.00104967419410008	0.00253867296004944	0.00680412672638344	0.0174490056069514	0.0362954575365145	0.0672598925911821	0.107785835946922	0.150321482590095	0.171220870905333	0.169019161799234	0.135411785724049	0.0839440538277504	0.0366375076373175	0.0111541393466334	0.00232568637311817	0.000281650919434486	2.54312342604502e-05	
1.7167403805314e-05	4.13289350868671e-05	0.000128437613654571	0.000553807730164019	0.00146431596161623	0.00384994926078431	0.00972883131944851	0.0242670790234672	0.0469827334067505	0.0808673735398169	0.123827211988189	0.161097009819755	0.174190652285045	0.160028815805202	0.114163871135109	0.0650828994854866	0.025395676866224	0.00697696007243373	0.0011820075434844	0.000140518379295348	1.33524251819109e-05	
1.83894634715502e-05	4.81930766840627e-05	0.000331010342487904	0.000833867050520295	0.00265378981477371	0.00602032986892751	0.0138276082917457	0.0324593053855763	0.0599845274859067	0.0963550815160527	0.138679382874971	0.166622489679706	0.171122201155366	0.146493636611519	0.0946841768178619	0.0485450129677423	0.0165771501404575	0.00409070444327485	0.000577682800778699	7.41919733162544e-05	1.26823886010691e-06	
6.30578871403949e-05	0.000115287652246581	0.000521660702706903	0.00139364300063822	0.00369557435544011	0.00876632020922479	0.0197753355762408	0.0416602441040876	0.0740707241975406	0.11214367516653	0.150135096746086	0.172774152126197	0.16376833933551	0.127165465169753	0.075722331281935	0.0347716476452656	0.0109364032545513	0.00226244055679477	0.000233123097912975	2.54779341981393e-05	
5.75185353480159e-06	8.75559926964242e-05	0.000345111212088095	0.000626312940456173	0.00234036529382705	0.00561444814480355	0.0119293442311785	0.0264981501399937	0.0535912975734208	0.0889747832350086	0.128988510992112	0.158549203591969	0.17080192981077	0.152187653582478	0.108301650206779	0.0593981132642216	0.0239711691537042	0.00642098582935018	0.00124943040672635	0.000114397975858832	3.83456902320106e-06	
3.58992078455155e-05	0.000133980972137727	0.000467971816557612	0.00118018645792132	0.00338926985498643	0.00744523928424672	0.0167380056579716	0.0359748526049042	0.0662526291361817	0.104037827508153	0.141424929307408	0.164929294586976	0.165317775300448	0.13907417225081	0.0892762014535333	0.0439085775387631	0.0160142519855147	0.00379441805781439	0.000546180805078199	5.83362127489626e-05	
5.4890838267051e-05	0.000252497856028435	0.000556657677484682	0.00174294555862083	0.00480391701021874	0.0111208838329045	0.0227260985916948	0.0468341547585836	0.0807947935071242	0.119196423958753	0.151438010807683	0.167122583511567	0.156420161598628	0.121602579998553	0.0708317834743705	0.0316268094603391	0.0101890311315004	0.00232543421881942	0.000342906295527107	1.74359133318868e-05	
9.89638742794193e-05	0.000382182856592231	0.000778038353709908	0.00245716882585874	0.00684934182512823	0.0155555584492361	0.030924908556078	0.059670658643648	0.0958823215362318	0.133086878562211	0.159509581916696	0.164597106348402	0.143893473202276	0.101549305494969	0.0553852624561011	0.0214510708281844	0.00640400439087084	0.00130866702172127	0.000190765889235986	2.47409685698548e-05	
1.95811590088017e-06	9.92112056445954e-05	0.000558715737051143	0.00111938959000317	0.00383399093392338	0.00946422685425417	0.0214596448630461	0.0407098822845991	0.0722623092060819	0.111535587124735	0.147132176086836	0.163534007577909	0.159382149162742	0.126311529712777	0.0822278137309614	0.0423325076611285	0.0137583750248844	0.00361729277422597	0.000596572644468159	6.13542982275788e-05	1.30541060058678e-06	
1.30302751928969e-05	0.000157666329834053	0.000758362016226602	0.0016691782522101	0.00607471429492855	0.0136440011544824	0.0288281808367652	0.0519823283407834	0.0877569488828819	0.125645731575028	0.157336012357913	0.162060790142857	0.148266289309897	0.109224978776939	0.0651689668359951	0.0301455416587671	0.00897395052534812	0.00201448054482187	0.000265817613935097	1.30302751928969e-05	
6.54648198604552e-07	4.64800221009232e-05	0.000322741561912044	0.00113450532818169	0.00308928484921488	0.00916572942866233	0.0194640002409105	0.0383381624548784	0.0650753041822855	0.104202972364681	0.137745182116582	0.160715478109219	0.157984285824641	0.135150156657314	0.091176127860649	0.0488125336325512	0.0204944165055141	0.00577923429728098	0.00114890758855099	0.000149914437480442	3.92788919162731e-06	
2.16542963764488e-05	2.42790595735941e-05	8.53048039072225e-05	0.000499361198256895	0.00185373900798387	0.00511435108963763	0.0128646206200084	0.0255028554142631	0.0479216140718805	0.0793400295417098	0.119307954935441	0.148950061911602	0.160071839768706	0.150194855857848	0.120189875369681	0.0736633229370838	0.0371279316144197	0.0134446932865776	0.00327242351604091	0.000455396414704711	9.38352842979447e-05	
5.22284918174275e-05	3.00313827950208e-05	0.000215442528746888	0.000828474451453943	0.00284188281101577	0.00771741252217263	0.0166896145602589	0.0332675907192581	0.0594516922357777	0.0950206008757412	0.131781624841438	0.157668676810745	0.157794025191107	0.139247034890591	0.102338465435511	0.0584312780768947	0.0259836746791702	0.00869212675071537	0.00172158166153195	0.000206955398826556	1.95856844315353e-05	
4.3246076729024e-05	8.05949611768175e-05	0.000441634177505488	0.00152868328801232	0.00450152344133932	0.0106490187727288	0.0230016708711463	0.0421976869901386	0.0717603118959473	0.109820790879009	0.142481407463224	0.161600760082561	0.152222258624644	0.126368312420142	0.0843586803394162	0.0445880155947974	0.0183586148150575	0.00510500278478524	0.000775808406775219	0.000115322871277397	6.55243586803394e-07	
3.27755588724421e-06	8.65274754232472e-05	0.000215663177380669	0.000833810217714927	0.00258599159503568	0.00649480474616313	0.0148938694628151	0.0300322445948187	0.0535080663927941	0.0850171776704051	0.124159716609408	0.150854098288657	0.161184954445251	0.142737558889485	0.110723704005239	0.0680695916886427	0.032782769495394	0.0122521594176963	0.00303370572923324	0.00044181453360052	8.84940089555937e-05	
5.23775821329592e-06	3.92831865997194e-05	0.000190523455008639	0.000451101926120111	0.00130747539399399	0.00416598193890024	0.0095615276183717	0.0199401455180176	0.0383220579675796	0.0655413779625252	0.0995219890910591	0.137290808847359	0.157687948769487	0.156301907002293	0.129639098817511	0.0941886417903705	0.0532804407049761	0.0228745995570166	0.0078906827483303	0.00159751625505526	0.000171536581485441	3.01171097264515e-05	
1.5108220842776e-05	3.08733208526292e-05	7.75117417151115e-05	0.000306105691857983	0.000887443754721319	0.00197129438039873	0.00588235294117647	0.0136900187210563	0.0264879955332217	0.0483804644135711	0.0795303313955398	0.113692646237725	0.147494991296351	0.16031004696686	0.147602062600585	0.115939829868296	0.0770276217689756	0.0390067986993793	0.0158183072223864	0.00501592931980162	0.000706801983775085	0.000117581370906822	7.88255000492659e-06	
1.30304874314433e-05	3.77884135511857e-05	0.000200669506444228	0.000368762794309847	0.00129262435319918	0.00318725722573104	0.00821507080115346	0.0184850494702455	0.0341496499359552	0.0592131409859649	0.0935660665258505	0.127848627433606	0.155732567488152	0.157179603117414	0.137768737515164	0.100319768161568	0.0598881202349136	0.0284872516226214	0.0106250594515989	0.00300417887731926	0.000363550599337269	5.34249984689177e-05	
6.49789045986221e-07	4.28860770350906e-05	0.000111113926863644	0.000226776377049191	0.000597805922307323	0.00193962030226887	0.00482663303358565	0.0118495530426047	0.0241728022997334	0.0443623977475713	0.0726061284204083	0.10769863563794	0.139559092140737	0.158070932271838	0.151975261231441	0.123364399747622	0.0834309641374928	0.0464378239604512	0.0200135026163756	0.00692155291784522	0.00152440510188367	0.000243021103198846	2.40421947014902e-05	
3.60448214077403e-05	9.8959418773978e-05	0.000260833434914194	0.000431227136114421	0.00102957117148291	0.00284491944965456	0.00697237918103544	0.0161454585491107	0.031092918306706	0.0558157336300805	0.0862578790702795	0.120390358862242	0.150139133010634	0.159220461924217	0.140947048191271	0.108447071128884	0.0666173835653964	0.0344863744021475	0.0137776414628168	0.00413991157877629	0.000692060571028614	0.000148111447966351	8.51968506001135e-06	
3.0245587596153e-05	4.47108686204001e-05	0.000108489607681853	0.000391220100428501	0.000682498259234931	0.00197714091090505	0.00403055330357431	0.0101039987954366	0.0220135276678088	0.0395415031925533	0.0670807682116244	0.10089993773354	0.131117252280419	0.154990883585391	0.155383418711367	0.128093351033577	0.0933674713965505	0.053179633147323	0.0251597262905825	0.00919071355258754	0.00219806520291173	0.000374124768308936	4.07657919774236e-05	
1.51823900118357e-05	5.478862482532e-05	0.000173607329265773	0.000617197159176798	0.0012594782670688	0.00325827291732264	0.00621751876180348	0.0138469997947077	0.028257728331594	0.0511408905989981	0.0799933725567079	0.114317455853901	0.141268838540563	0.156824187263559	0.146220938100076	0.11461054199152	0.0765040632696399	0.0408802353666514	0.0173726147970213	0.00571121906010444	0.00119082746005876	0.000244898551930045	1.91430134931841e-05	
1.25831147844976e-05	8.27836498980105e-05	0.000345704521974092	0.000747039656679647	0.00176825876182151	0.00489085803597446	0.00888367903785531	0.0193938912289067	0.0358069087922859	0.0634831386261888	0.095531669713105	0.127123897321783	0.147741662030782	0.154933243264722	0.133492277941138	0.0991483218098493	0.060735383718774	0.0301113936793028	0.0117473310551273	0.0032749211899653	0.000610612201647726	0.000128480224641712	5.96042279265676e-06	
3.64153280723116e-05	0.000188697609101978	0.000552188792951052	0.00120766469825266	0.00281457381155266	0.00679576231516738	0.0122799107228575	0.024859751329656	0.047055224838167	0.0761318711585967	0.109251943088801	0.136141021337396	0.151451349452744	0.150337040413731	0.118285592838231	0.0842829457749281	0.0476093999217401	0.0213354096691303	0.00700498492736466	0.00200019465648097	0.000323765371406552	5.42919436714463e-05	
6.34137609182313e-05	0.00025299448366336	0.000871278652616115	0.00166262954407488	0.00445745894454401	0.00904769045101056	0.0174150040921693	0.0332618387216314	0.0586656555694787	0.0881755134367814	0.12292955722002	0.143778152241908	0.1540676955109	0.139813471064499	0.101596111151112	0.0691936610019242	0.034443580578743	0.0146829278926088	0.00434384262289884	0.00110974081606905	0.000158534402295578	9.24784013390873e-06	
0.000116630601234044	0.000433575907412435	0.00128161875367353	0.00255269462813947	0.00619064688471098	0.0126218032013453	0.0236186851448196	0.0423145046296418	0.0690703552686721	0.101466646283767	0.134198991573604	0.148830531123897	0.150015287174851	0.126488193293147	0.0878999375334407	0.0550232865844498	0.0249490647148283	0.0097758847452445	0.00250063916205196	0.000596331605179717	4.8760816335137e-05	5.93036955427342e-06	
2.60280426131114e-06	0.000204970835578252	0.0005901858662523	0.00192347234910893	0.00364587806903157	0.00883521906502065	0.0173424847931161	0.0302549967334807	0.0531277898808176	0.0827568121894529	0.115121381776726	0.140799997917757	0.149607236836968	0.1427716221457	0.111112412513242	0.0743471516211566	0.0421335446810394	0.0179300678551071	0.00568712731096483	0.00153565451417357	0.000256376219739147	1.30140213065557e-05	
4.06058914636748e-05	0.000299065613319764	0.00080760606355531	0.00261102327491026	0.00512923308361784	0.0117976228150969	0.0229249261520633	0.0385672178970144	0.0647857330233535	0.096574989735733	0.12869489442146	0.144201833194865	0.147406475930697	0.132414522987124	0.0956468550737061	0.0608282699505446	0.0305975060248186	0.0121269817125245	0.00356687306920597	0.000818563208870905	0.000147599192780659	1.16016832753357e-05	
4.49549326799883e-05	0.000521477219087864	0.00135892339358365	0.00366190037344705	0.00771362423456199	0.0158877154224319	0.0301210893222402	0.0479431512765595	0.0778882741480238	0.111054096839347	0.138359722949172	0.145695725749222	0.143164763039339	0.117526322718617	0.0802342794205951	0.0468539574790558	0.0211564335325265	0.00796344521759793	0.00235114297916339	0.000434136207023887	6.48635457239831e-05	
