# <P(U)> as a function of N_tot.
# number_of_species: 1
# species_total_upper_bound: 151
# species_total_lower_bound: 97
# volume: 729
# Bin widths for each
10	10	10	10	10	10	10	10	10	10	10	10	10	10	10	10	10	10	10	10	10	10	10	10	10	10	10	10	10	10	10	10	10	10	10	10	10	10	10	10	10	10	10	10	10	10	10	10	10	10	10	10	10	10	10	
# Bin lower bound for each
-240	-240	-260	-260	-260	-260	-260	-270	-270	-270	-270	-280	-280	-280	-310	-310	-310	-320	-330	-330	-350	-350	-360	-360	-360	-360	-370	-370	-370	-370	-380	-380	-380	-380	-380	-390	-390	-400	-410	-410	-410	-420	-440	-440	-440	-450	-450	-450	-450	-450	-460	-460	-470	-470	-470	
# Bin upper bound for each
-100	-100	-110	-110	-110	-110	-120	-120	-120	-120	-130	-130	-130	-130	-140	-140	-140	-150	-150	-150	-150	-160	-170	-170	-170	-170	-170	-180	-180	-180	-190	-190	-190	-190	-200	-200	-200	-210	-210	-210	-220	-220	-220	-230	-230	-230	-240	-250	-250	-250	-260	-260	-260	-260	-270	
# Normalized histogram for each
9.46928448192598e-06	0.000435587086168595	0.00172151591881414	0.00692394081318427	0.0207509900136926	0.0493671677180729	0.0958083265312306	0.159491158529079	0.217939370065319	0.21716857030849	0.146349685525062	0.0648324031339544	0.0174708298691534	0.00166659406881897	6.43911344770966e-05	
3.57740660615201e-05	0.000670293027257956	0.00314623496783158	0.0103594163931833	0.0287039809004144	0.0655380890247048	0.115284752151622	0.178463635661848	0.221731427140466	0.197804225482056	0.120129313834584	0.0465119344167227	0.010741634046367	0.000866108967805223	1.31799190752969e-05	
3.76043049408296e-06	3.38438744467467e-05	0.00013913592828107	0.00113000936347193	0.00488855964230785	0.0144814178327135	0.0376174664475589	0.0824812824572157	0.137609193500472	0.196939385620866	0.217349122127501	0.175583900844969	0.0927717005042737	0.0322851760069493	0.00639273183994104	0.000293313578538471	
2.05318495650048e-05	6.71951440309247e-05	0.000395704737071001	0.00166121328298675	0.00731120497692033	0.0212056675370927	0.0522068938484712	0.102132885863448	0.156531088020039	0.207961504648597	0.204624145828395	0.149680916392442	0.0716318900687444	0.0209667514694271	0.0034642829811499	0.000138123351619123	
4.28725343632683e-05	0.000108113347524764	0.000861178733731737	0.00312969500851859	0.010365833199745	0.0290470740427309	0.0672315899745374	0.121497034339036	0.174521039230233	0.212558297326618	0.190398789130508	0.123638797033966	0.0517732453017294	0.0129903779120703	0.00177455011799267	6.15127666951241e-05	
9.66738614328925e-05	0.000498242208923369	0.00155979557196532	0.00475189211197064	0.0148691835334668	0.0389298203539379	0.0838292516513569	0.1398313041118	0.191776772617501	0.213193751150326	0.168065648988364	0.0971349213874186	0.0364832280145978	0.00797187534277391	0.000981611516087832	2.60275780780865e-05	
0.000149585554523	0.000590862940365849	0.00220264729035117	0.00743814169865616	0.0216805563086773	0.0522016188896638	0.101131053774137	0.157558464579076	0.200304406603454	0.205971829300444	0.147541841884329	0.073999973822528	0.0243170017071451	0.00435293963661929	0.000559076010029711	
7.42862024521875e-06	0.000336145066096149	0.00109200717604716	0.00378859632506156	0.0106767844474407	0.0303997711984964	0.0682467341928247	0.116514194236134	0.172780421128482	0.206870359433791	0.193469128511416	0.122503519308841	0.055326506431328	0.0152881004646602	0.00249973071251611	0.000200572746620906	
6.30087026137492e-05	0.000737572460008006	0.00177350965886347	0.0057152599664942	0.0163451987368608	0.0425957361640302	0.0848690160264488	0.133830484351603	0.188496093460438	0.20467265125795	0.171094572356229	0.0991145424085633	0.0400753880594802	0.00938829668944864	0.00113971623845458	8.89534625135283e-05	
0.000158309402842206	0.00115418599514027	0.00325822840733377	0.00846587143803844	0.0232733230248141	0.0547143067520801	0.102061703850968	0.152630513216994	0.196644208821147	0.197426551800309	0.149237905897946	0.0769346881672925	0.0280226051100803	0.00559421250276121	0.000412340770193653	1.10448420587586e-05	
0.000241096898868133	0.00184411521118984	0.00524891874482378	0.0116407472163431	0.0327615717309285	0.0699898776111162	0.116983528112635	0.171497193337628	0.202659427624919	0.181601177877979	0.127393024753842	0.0575485414557836	0.0176736909910739	0.00279746020060734	0.000119628232262814	
2.94955885660351e-05	0.000728172342723991	0.00299380223945256	0.00739970578150405	0.0165636164541141	0.0418579271237745	0.0849583559158933	0.13564836834091	0.185182522388995	0.200949757951826	0.165119991741235	0.103511081123929	0.0423335434894019	0.0112580974607985	0.00143790994259421	2.76521142806579e-05	
8.41372094979935e-05	0.001141339537538	0.00375873838083428	0.0103891163032305	0.0233096651704876	0.0548464861740616	0.102451685121981	0.1553428957101	0.193945413241734	0.192253523702915	0.145043403825682	0.0801955641399897	0.0296949477434766	0.00675475466687152	0.000768209304112115	2.01197674886506e-05	
0.000332597087111036	0.0018265276496595	0.00591875810820247	0.0148511030830464	0.032109400553471	0.0693970253692563	0.119738626465908	0.170734396418977	0.203475915193255	0.177263222112377	0.121342810206504	0.0593860368025108	0.0194137471012602	0.00389744984399175	0.000308708898534	3.67510593492857e-06	
3.7077753903824e-06	2.41005400374856e-05	9.08404970643688e-05	0.000517234666958345	0.00262881275178112	0.00878371989981591	0.0197160956383584	0.0435144519815279	0.0877593357149611	0.135148412979439	0.182504120265403	0.198594011571967	0.163401661454152	0.100182237160437	0.0424558821075737	0.0122782982052513	0.00223022689731501	0.000166849892567208	
4.07859829699982e-05	4.26398912868163e-05	0.000337411313660894	0.00115498488137768	0.00407303657204937	0.0129921894842612	0.0266035843463397	0.0563050494900825	0.104686494834084	0.154897747686786	0.190667054751474	0.188878033225745	0.141968591085296	0.0792082328360533	0.0300221912825523	0.0069651335462856	0.00112532234830859	3.15164413859077e-05	
2.7891357583939e-05	5.95015628457366e-05	0.000572702542390215	0.00198586465997646	0.00670508236317895	0.018954966614045	0.0364000810708794	0.0706488087601176	0.122874446124124	0.167318394722211	0.195920052212621	0.174241029674545	0.120470211100388	0.0595015628457366	0.0198549277520867	0.00409817014100011	0.00035514995323549	1.11565430335756e-05	
5.19773675690928e-05	7.98223859096782e-05	0.000170782779155591	0.00127530183999881	0.00356416234759493	0.0099740855695977	0.0250753671829752	0.0488587255149472	0.0894586185900768	0.139420006831311	0.178685195360649	0.193220294934434	0.15583742964492	0.096462568870012	0.0431189390676745	0.0121627040111677	0.00243179826841113	0.0001522194335952	
7.45425880441143e-06	0.000186356470110286	8.75875409518343e-05	0.000348486599106234	0.00169025318390029	0.00570437155007585	0.0152775034196412	0.0334696220318073	0.0632009332732023	0.106715169043954	0.157413446737457	0.183005780777703	0.185521593124192	0.133843080397908	0.0756327733942595	0.0302698814400137	0.00636034632486405	0.00119640853810803	6.89518939408057e-05	
7.8616793670225e-05	0.000258312322059311	0.000226491238907077	0.000846066446165279	0.00259061053427599	0.00832402098694025	0.0222897328339295	0.0430969775586491	0.0785831007586521	0.126022720253371	0.166721885605078	0.189105209860043	0.167144918828161	0.112530580996824	0.056944764215133	0.0210936344730897	0.00359952605304387	0.000531599271484379	1.12309705243179e-05	
1.67833732715457e-05	0	9.5105781872092e-05	0.000399071320012308	0.000210724575520518	0.00162052793033035	0.00393476862255126	0.0123413738123432	0.0295704388852111	0.054719391322996	0.0938451640574737	0.143542597133773	0.175427276711205	0.185331331760669	0.150813527398857	0.0901677404917528	0.0423724230528956	0.0134677246407892	0.00187041371015114	0.000249885779820791	3.72963850478792e-06	
3.91720155121181e-05	0	0.000277934776728838	0.00037120148032912	0.000533485544593609	0.00213767284651845	0.00608471974288235	0.0179818204541342	0.0376293842345695	0.0697784169655865	0.113065359440549	0.156781328752073	0.182174121474285	0.176124843078771	0.129383301902454	0.0692449314209928	0.029496527680625	0.00795005381488798	0.00090841769306674	3.73066814401125e-05	
2.96213466234442e-05	9.81207106901589e-05	1.29593391477568e-05	0.000418401521056149	0.000459130872663385	0.000712763653126626	0.00288993262994977	0.00984169241563933	0.0248263911387742	0.0474719106323972	0.0841153677397617	0.130711597312603	0.169904341563748	0.180703173742157	0.161751065905645	0.109104676284965	0.0514078470649874	0.0207571586463785	0.00433952728033457	0.000444320199351663	
0.000157908914422657	0.000122611627669357	2.97240309501472e-05	0.000444002712317824	0.000445860464252208	0.0011759569744652	0.00504193874991872	0.0152948716757851	0.0333020611757712	0.0600128184883473	0.0992336773270665	0.146959324521397	0.176727941517969	0.174333299274548	0.147982945837242	0.0873310606834669	0.0359400689225968	0.0129745395097393	0.00228689263122695	0.000202494960847878	
0.000113365199485582	0.00013938344199047	7.24793898350443e-05	0.000579835118680355	0.000648597616728987	0.00217066480326492	0.00834628050638934	0.0219686889035913	0.0428947896610938	0.0728324945547535	0.116636064257625	0.159670237360709	0.175244013945778	0.167616952000059	0.128816318641699	0.0676214122702032	0.0258082381189554	0.00760290214910683	0.00110205841467132	0.000115223645378788	
0.00015561232523717	7.22485795744003e-05	0.000270469041483652	0.000702107991248659	0.00132085223683455	0.0035438854545084	0.0122896686383736	0.0289438924941136	0.0527840712259843	0.0901125040060911	0.136064453143091	0.168748599025941	0.172451801861049	0.154836116138665	0.106283218136987	0.049142001804362	0.0173692995407584	0.00438122796649889	0.000503887529339407	2.40828598581334e-05	
1.28400786546532e-05	0.000113726410941214	8.0709065829249e-05	0.000504431661432806	0.00095016582044434	0.00198287500366859	0.00517638599477592	0.018176048484137	0.0373224400551757	0.0664143896927186	0.106026032342324	0.150197737211282	0.175549555366419	0.16793722302116	0.135508687230358	0.0853865230534441	0.0345875033017345	0.0114918703959147	0.00235340298770287	0.000225618524931764	1.83429695066475e-06	
4.95612907962847e-05	0.000100958184955395	5.50681008847608e-05	0.000704871691324939	0.00123536106318147	0.00273688461397261	0.00869158192297808	0.0241179925841624	0.0475953595946988	0.0774679687213187	0.124718234883806	0.16286390836668	0.17679980909725	0.15857593891112	0.114638936818532	0.0666727853445428	0.0244318807592056	0.00725614009324865	0.00117478615220823	0.000111971805132347	
5.33915608194316e-05	8.83722385976799e-05	0.000318508276612471	0.000765892734513225	0.00233081779301381	0.00394913441233382	0.0125580633223911	0.0328486975220793	0.0610652168709968	0.0933505413720158	0.137680265558577	0.166977503742012	0.175312110494756	0.146854408577999	0.0956924056948543	0.0500315746644156	0.015465141754594	0.0040780105936221	0.000526551254977843	5.33915608194316e-05	
0.000145757533265928	0.000190038302865704	0.000523989106930678	0.00139668927445959	0.00314762470571739	0.00719378002789688	0.0182362969468409	0.041909903394121	0.0748695562328873	0.10988457479391	0.149643170798308	0.175375833031978	0.164586085506166	0.127550756832154	0.0767293485560779	0.0348877113484232	0.010859858744345	0.00266976140045314	0.000173433014265788	2.58304489332025e-05	
1.66738302381764e-05	0.000174148893598731	0.000392761334499266	0.000528004624208919	0.00234174682456166	0.00488728490758993	0.0106156719183056	0.0246161313749611	0.0544567295578841	0.0905666879103615	0.127460316284033	0.159866831675831	0.174072935038757	0.15014413599917	0.109274725437595	0.0586548294822961	0.0241733485497473	0.00624342310029494	0.00139319114878985	0.000120422107275718	
9.85665082163553e-05	0.000172956325738133	0.000477954577577421	0.000738318938903643	0.00298303168262328	0.00633801245285545	0.0148686647771653	0.0342174563145797	0.0665100761007833	0.104279646202028	0.141463396490288	0.165591733803477	0.169082475990686	0.13801914793903	0.0925223355427109	0.0421641485713436	0.0161425904022257	0.00371763113065084	0.000554204140537243	5.76521085793777e-05	
5.94513752775172e-05	0.000196932680606776	0.000527630955587965	0.00133579808826671	0.00412258130440033	0.0097574569674225	0.0214006372444288	0.0462160128563599	0.0807721247364167	0.118533037315027	0.152481630453967	0.166554885695442	0.158510371478203	0.124925918012838	0.0720996553678089	0.0297219719278037	0.0100249881561713	0.00249881561713314	0.000241521212064913	1.85785547742241e-05	
9.20998964346063e-05	0.000375917944631046	0.000704846146183211	0.00207506705436337	0.00535495112126925	0.0141382738975736	0.0300396029554669	0.0599382366816971	0.0951786644011345	0.132497918354382	0.158960662066684	0.167644366587661	0.145978335848851	0.103396230670769	0.0554911273967118	0.0207769847997579	0.00586807911569063	0.00135330460067177	8.27019478188301e-05	5.26285122483464e-05	
5.83137543335584e-05	0.000498488545109451	0.000963117490928449	0.00313577511206587	0.00809244423041834	0.0204154572832939	0.0390946695585273	0.0740528247370708	0.111240070202236	0.145048880093753	0.162099069425346	0.16297377574035	0.130099867007018	0.0829127532180727	0.041617209705666	0.0134780016064499	0.00356278228089547	0.000598186254131341	5.83137543335584e-05	
1.12605849498529e-05	8.82079154405141e-05	0.000675635096991172	0.00152580926070506	0.00552144015374452	0.0119399735751607	0.0274795808059576	0.0520614377514864	0.0899964716833824	0.124573974536064	0.15545049846856	0.161506816407423	0.149516170199988	0.112999969971773	0.0646601555462134	0.031195573839409	0.00867628070386163	0.00189740856405021	0.000206444057413969	1.68908774247793e-05	
3.98182014687228e-05	0.000307168982758719	0.000991662827054382	0.00257680646647592	0.00913353697499227	0.0172507617601162	0.0373532651873257	0.0672946565869734	0.10633545507464	0.136119469773245	0.158944779738982	0.157943636387769	0.135656820194275	0.0934286694842784	0.0481193484225356	0.0215151015269332	0.00565039239889495	0.00118885772956615	0.000138415652724608	1.13766289910637e-05	
7.65396427512175e-06	0.000103328517714144	0.000231532419322433	0.00137197309631557	0.00492341251997206	0.0123994221256972	0.0231245395662116	0.0475885228805695	0.0819911788061729	0.12073363247577	0.147547382822591	0.16036777298342	0.148781584561954	0.121585136001378	0.0751523617263516	0.0355756259507659	0.0145941963815884	0.00339453315601649	0.000430535490475598	9.56745534390218e-05	
1.91294932788525e-06	1.33906452951968e-05	0.000263987007248165	0.000246770463297198	0.00230319099077385	0.0068751398844196	0.0150185651732271	0.0301232130662091	0.0594927240972314	0.098660361585682	0.133173793359388	0.15761363397245	0.157919705864911	0.139088632681209	0.102840155867111	0.0592440406846063	0.0255914361084489	0.00958005023404935	0.00172739324308038	0.00018938198346064	3.25201385740493e-05	
5.38547498927713e-05	5.00079820432877e-05	0.000492386284733909	0.000794357560918377	0.00342554676996521	0.00870138887553206	0.0208475583602767	0.0404583808569445	0.0725192674984661	0.113575820756005	0.144373044158972	0.161400762044711	0.152206986884445	0.127937728522053	0.0852636093838055	0.0429530098073346	0.0190011097925246	0.00504118926674835	0.000821284935864763	8.0782124839157e-05	1.92338392474183e-06	
0.000109455411321914	0.00025923650049927	0.000585682464090944	0.00157270143636224	0.00465473538674245	0.0133727628850142	0.0266475919809509	0.0511617635763115	0.0872839695829173	0.128147323143099	0.149600583762194	0.162698747983716	0.143956909132806	0.113553268300177	0.067812427989861	0.0315903679238037	0.0134649358629695	0.00297833935018051	0.000480067593517167	6.91297334664721e-05	
4.7767262611035e-05	0.000147123168841988	0.000534993341243592	0.000672563057563373	0.00297112373440638	0.00728164151242618	0.0175344067592587	0.0357738583146563	0.0633508543652591	0.100378125650829	0.141253527612344	0.156088128688827	0.159877027959134	0.133440714139683	0.0957427904870541	0.0516650712400955	0.0228270194565614	0.00865542798511954	0.0014998920459865	0.00021781871750632	4.01245005932694e-05	
7.64152096833354e-06	0	5.73114072625015e-05	0.000292288177038758	0.00100486000733586	0.00133917654970045	0.00428307250275095	0.0114794748746791	0.0233830541631006	0.0445481568651424	0.0784535854016383	0.11569262746057	0.152881999633207	0.160181562538208	0.149777631739822	0.118176121775278	0.0777925938378775	0.0378771090597873	0.0161618168480254	0.00579036251375474	0.000641887761340017	0.000170023841545421	7.64152096833354e-06	
3.23384504175465e-05	2.09248796819418e-05	0.000163594513877	0.000412790808271034	0.00143430538910765	0.00260609865129639	0.00659133709981168	0.0154045159694877	0.0305217904087961	0.0561110159980216	0.0919115828720349	0.133409423804904	0.159533184956914	0.158861686545302	0.141545397477601	0.0994730734843729	0.0597899902984649	0.0280545568681162	0.0103406950864578	0.00335749205805703	0.000285339268390116	0.000138865110616523	
5.50129090636613e-05	0.000113819811855851	0.000136583774227021	0.000736034783334503	0.00179835302732245	0.00437068077526468	0.00945842636522122	0.0204818751434604	0.0406583337917742	0.0717652883719783	0.107210674780755	0.147546519105604	0.159563994240718	0.153662436995992	0.126728875517169	0.0819464705424842	0.0457062424475812	0.0191957112694893	0.00692403855456427	0.0016788422248738	0.000191596683290683	7.01888839777748e-05	
5.37081651756257e-05	0.000243604892046588	0.000163042644283149	0.000283886015928307	0.000840149155247288	0.00258374637469885	0.00644497982107508	0.0129647674436448	0.0277095769331103	0.0512184080899842	0.0854516089431768	0.120877898322771	0.157867478938727	0.160660303527859	0.141490324857673	0.110953396657818	0.067169733147145	0.0335637669372535	0.0140600303834763	0.00471480964291743	0.000585035370663066	7.48078014946215e-05	2.49359338315405e-05	
6.1527339288667e-05	0.000148050160163355	0.000228804792979731	0.000830619080397005	0.00187850657765712	0.00332247632158802	0.00833310901490884	0.0190138705695509	0.0365395486200571	0.0636135006364234	0.100560667879268	0.13348163985741	0.159375036051175	0.155750691221202	0.129939972389607	0.0958595946117433	0.0540979130695605	0.0250646998427207	0.00923871454006391	0.00238995258549416	0.000255723003918522	1.53818348221668e-05	
3.27935894319764e-05	0.000108025941658275	0.000570994263050884	0.00144484696967943	0.0024614482420707	0.005574910203436	0.0112308398631157	0.025276141313364	0.0485383704286701	0.0755892236407057	0.115282970096105	0.147162197093331	0.158929308595393	0.147274081104334	0.117865947522541	0.077765174751251	0.0418619814272542	0.0159762651573899	0.00545531005374291	0.00140047917221264	0.000198690571264328	
1.55458739307354e-05	0.000297314838925314	0.000866682471638496	0.00157790620396964	0.00436644734029529	0.00838505575139038	0.0177300692180037	0.0328775801292639	0.0598865928496753	0.0928380158801102	0.130521214288213	0.149512442528847	0.155581163064558	0.136825066167126	0.102002308562279	0.0605375763205248	0.0308294112388896	0.0107169368410007	0.00355417542741437	0.000952184778257541	0.000126310225687225	
9.71681319620967e-05	0.000481953934531999	0.00117379103410213	0.00274985813452734	0.00622653389613115	0.0113686714395653	0.0219736013619085	0.0428666930963986	0.0715837628164766	0.109730028062157	0.137901012880608	0.154670289094626	0.152785227334562	0.121195867633684	0.0851814712032524	0.0475385368811362	0.0223836508787886	0.00694946479792915	0.00263325637617282	0.000480010571892757	2.9150439588629e-05	
5.81071030122722e-06	0.000242112929217801	0.000902597000123962	0.00144105615470435	0.00505725486550143	0.00837710735093591	0.0163552125945209	0.0283291496219165	0.0547117112929218	0.084125526837734	0.125621746002231	0.149023413288707	0.155204072145779	0.14281951159043	0.103405463617206	0.0680085533655634	0.0342153991570596	0.0160414342382546	0.00425925065079955	0.00163087269121111	0.000222743894880377	
6.20833624349095e-05	0.000626653939577368	0.00149388090859001	0.00261526164257056	0.00677290682063341	0.0110450181981856	0.021253851108576	0.03640413164777	0.0641806160221638	0.0991296688628656	0.139404310137437	0.155301531130926	0.150379484552883	0.130324618381332	0.0887190650245617	0.0537176293468054	0.0243211572338758	0.0107229607555545	0.00272778773698384	0.000733359718762368	6.40234675110004e-05	
7.63993009463963e-06	0.000271217518359707	0.000949261314258974	0.00205514119545806	0.00408163265306122	0.00888714868258955	0.0153027799795632	0.0270205227622167	0.0472357777926332	0.0774593412470276	0.116239626407418	0.147956796195315	0.154758243962068	0.143644055656891	0.11172633770401	0.0743708995062695	0.0413167419518111	0.0175393695147689	0.00674223830851948	0.00197492192946435	0.000433566032870799	2.67397553312387e-05	
0.000119381490184189	0.000517319790798151	0.000820510876980217	0.00271356022132949	0.00580610930038657	0.0108561358296066	0.020101569013871	0.034666110816342	0.0581994239369363	0.0917721518987342	0.13249829455014	0.152525960736754	0.15232320169787	0.133208898658379	0.0941901008110362	0.0614852573334344	0.0308345334647161	0.0116595922079891	0.00451565223982415	0.000991055862957629	0.000161070264534223	3.41089971954825e-05	
0.000119698587556667	0.000982288408996774	0.00103928773640471	0.00392155372566604	0.00762651000718192	0.0129958466490095	0.0264381880293813	0.043442987372749	0.0720281500678292	0.10822842290461	0.142234221636185	0.156653151492812	0.148063352852436	0.120127982489807	0.0773081877633844	0.0467337485417672	0.0212968486971854	0.00761701011928059	0.00267326845543223	0.000378095538472646	9.11989238526985e-05	
