# <P(U)> as a function of N_tot.
# number_of_species: 1
# species_total_upper_bound: 151
# species_total_lower_bound: 97
# volume: 729
# Bin widths for each
10	10	10	10	10	10	10	10	10	10	10	10	10	10	10	10	10	10	10	10	10	10	10	10	10	10	10	10	10	10	10	10	10	10	10	10	10	10	10	10	10	10	10	10	10	10	10	10	10	10	10	10	10	10	10	
# Bin lower bound for each
-250	-260	-260	-260	-260	-270	-270	-280	-280	-280	-310	-310	-320	-320	-320	-320	-320	-320	-330	-330	-350	-350	-360	-360	-360	-360	-370	-370	-370	-370	-380	-380	-380	-380	-390	-390	-400	-410	-410	-410	-420	-430	-440	-440	-450	-450	-460	-460	-460	-460	-460	-460	-470	-470	-470	
# Bin upper bound for each
-100	-100	-100	-110	-110	-110	-120	-120	-120	-120	-120	-130	-130	-130	-140	-140	-140	-140	-150	-150	-150	-150	-160	-160	-160	-170	-170	-170	-170	-180	-180	-190	-190	-190	-190	-200	-200	-210	-210	-210	-220	-220	-220	-220	-230	-230	-240	-240	-240	-250	-250	-250	-260	-260	-270	
# Normalized histogram for each
2.75801354625933e-06	7.61211738767576e-05	0.000418666456322167	0.00208726465180906	0.00678030050212395	0.019498052566635	0.0488118753444069	0.0979536091089465	0.162154648438771	0.220478360901517	0.21594198022063	0.146671711992781	0.0620564079962535	0.0154647335565853	0.00158420298097136	1.93060948238153e-05	
3.84408184379738e-06	1.04339364331643e-05	0.000146624264613414	0.000800667332608083	0.0033514902132422	0.0099160836933499	0.0274780461740128	0.063789792425072	0.118745335618548	0.181954671685207	0.223703597127043	0.197430945188335	0.119057255402445	0.0438598755286299	0.0089210156503555	0.000822084360023526	8.23731823670868e-06	
8.18887252327551e-06	7.91591010583299e-05	0.000257676522065736	0.00139429202829638	0.00494498715438864	0.0142808477557576	0.037475556215518	0.0803874319368212	0.139626827619866	0.199384851896052	0.220411146911649	0.174878831982897	0.0919626762108886	0.0295421765149687	0.00501814108226323	0.000346116345317111	1.09184966977007e-06	
1.41053288304784e-05	0.00016926394596574	0.000497484097598025	0.00210115148309395	0.00713566885028007	0.0207429710705131	0.0503885746836473	0.0992619115433128	0.159484070472393	0.211312473722044	0.209526522087046	0.148595299127911	0.0690477546757809	0.0190416514084985	0.00251237606976713	0.000168721433318414	
5.74221050185295e-05	0.000199352213649234	0.000835329112628042	0.00344424286516802	0.0109134502613518	0.0284651125500344	0.0664536270455948	0.117137302211997	0.177574609461971	0.21521263242973	0.194786072864318	0.122099438834353	0.0494707686273788	0.0119562573572072	0.00131366608179183	8.0715977809065e-05	
6.48532263399217e-06	0.000101603387932544	0.000446946818192627	0.00133867868036655	0.00515907415534077	0.0157144771857159	0.0385887505593591	0.0830294239087904	0.137021896610987	0.192164433193611	0.215283527496687	0.172036693955463	0.0970350185804493	0.0345948727039256	0.00677229816054632	0.000692308191178664	1.3511088820817e-05	
1.19089119801489e-05	0.000186212078235056	0.000854735091666143	0.00211329056229552	0.00774837118562962	0.0225933712830662	0.0520386974681653	0.100210246427868	0.155752870589101	0.20259819980556	0.20697201838736	0.149170490149165	0.0733789264224113	0.0224472164542189	0.00358404119184391	0.000339403991434244	
5.37912040623117e-07	3.71159308029951e-05	0.000312526895602031	0.00142223943540752	0.00357657715810311	0.0116167484292968	0.0310827093553662	0.0666795765556416	0.118999591186849	0.173271688613478	0.207887404251657	0.191937774335141	0.123558933643171	0.0534560848610035	0.0139631207504949	0.0020499827868147	0.000147387899130734	
1.28821295877826e-05	0.00013096831747579	0.000524946780702141	0.00205953046784674	0.00559460152889408	0.017358669619537	0.0422705612207106	0.0831133530787753	0.137978342993141	0.187927726958969	0.205547796458058	0.171156267746475	0.0985804966705063	0.0379652461613938	0.00867611427737157	0.00104989356140428	5.26020291501122e-05	
8.57228120725579e-06	0.000190733256861441	0.000826689368924731	0.00323817922604088	0.0087576567883627	0.0240747160030024	0.0539914416487497	0.100577503869581	0.155684413610425	0.197315697293463	0.198038983520325	0.149884193838566	0.07592523042024	0.0258357840235181	0.00519962431977609	0.000442008249749127	8.57228120725579e-06	
1.06993066849268e-06	0	1.39090986904049e-05	4.7076949413678e-05	0.000325258923221775	0.00146580501583497	0.00505381751262518	0.0128209792005478	0.0324756055807584	0.0680235170760935	0.119050650517846	0.172811456817598	0.202325494307969	0.185117264401267	0.125918000513567	0.0552159120089018	0.0163506804759052	0.0028294316528289	0.0001535350509287	5.34965334246341e-07	
9.62177343182466e-06	3.20725781060822e-06	4.54361523169498e-05	0.000119203081960939	0.000635037046500427	0.00244660316652564	0.00737883113627264	0.0185898008132537	0.0426201799592358	0.08386123905991	0.137533094891533	0.187022151995155	0.201085977494672	0.166700431964173	0.100842600081144	0.0392707337190239	0.0103519591267065	0.00144059329993153	4.3297980443211e-05	
5.33527395031153e-07	1.12040752956542e-05	1.22711300857165e-05	6.56238695888318e-05	0.000265163115330483	0.000973687495931854	0.00372242063513235	0.0104373964289944	0.0260003905420532	0.0552675693238821	0.100337296019139	0.156380080648001	0.196278859830616	0.192355299367557	0.145643908877789	0.0777408102573843	0.027470792042759	0.00626681278203592	0.000748538935228707	2.13410958012461e-05	
1.60038494592566e-06	2.72065440807362e-05	2.3472312540243e-05	0.000163239264484417	0.000409165084508327	0.00170761073730268	0.00569790386914399	0.0151028327347005	0.0345917871445345	0.0697837186437911	0.118974750726708	0.172968538032348	0.199467178505336	0.178857954633354	0.122304084875882	0.057924866194482	0.0181280937441486	0.00353738419214435	0.000327545452266118	1.06692329728377e-06	
8.0680426444462e-06	2.36662584237089e-05	5.05597339051962e-05	0.000209231239245971	0.000707298405163117	0.00274205876009245	0.00856610981036335	0.0205197217923748	0.0452531133231891	0.0869928630094767	0.137229875208895	0.185184707078954	0.195160572874057	0.163219729914204	0.0990147844192112	0.0412540535190919	0.0118282883862678	0.00188899771781967	0.000146300506619291	
6.47177282351583e-06	2.58870912940633e-05	0.000110020137999769	0.0004665069576951	0.00112069532727216	0.00435280653821636	0.0122861213910429	0.0281123025165489	0.0577735159955258	0.104433380109869	0.15481343496893	0.194161813735906	0.187016437224343	0.142126602977231	0.0770448375207501	0.0281516724678919	0.00700461545265197	0.000954047177066626	3.8830636941095e-05	
1.08116991233874e-05	4.27062115373804e-05	0.00021515281255541	0.000741141974908209	0.00198827146879095	0.00649080356872565	0.0180533751962323	0.0381669196604262	0.0733752178557373	0.12217328126419	0.169311748857203	0.196087462321229	0.173387218841764	0.118563795511847	0.0577593402268727	0.0192437432697173	0.00402357382876863	0.000354083146290939	1.13522840795568e-05	
2.44062898805556e-05	7.05070596549385e-05	0.000333552628367593	0.00121055197807556	0.00336318674554056	0.00937201531413336	0.0242891396891289	0.0505779680624714	0.0906590620283145	0.139809533313772	0.180325059239489	0.192527119455772	0.155961615956724	0.0955500825203779	0.0418117710993732	0.0116911552147835	0.00223507379106155	0.000184403079097531	3.79653398141976e-06	
2.1790373339914e-06	7.08187133547206e-05	0.000100780476697102	0.000510984254820984	0.00193117183724988	0.00517684794623007	0.0139147876555356	0.0333915681060843	0.0638098397699372	0.108309595445376	0.156367719087223	0.185454054180674	0.182899677665902	0.135542659286267	0.075650183883513	0.0286194763446431	0.00704155914479322	0.00112547278300656	8.06243813576819e-05	
2.73333526489025e-05	0.000107693409436676	0.000279893531124762	0.000889973962248267	0.00294489541439276	0.00764896540526889	0.0206104412313785	0.0433971640006626	0.0793547360773468	0.126050489075679	0.167741505203997	0.189143520328088	0.166345317550691	0.114117840643274	0.0573552138643511	0.0192579869423108	0.00416341627548083	0.000553227057613787	1.0386674006583e-05	
4.9170628089213e-06	0	7.53949630701266e-05	0.000153521627700765	0.000404291830955751	0.00143578234020502	0.00415983513634742	0.0115436244544109	0.0277114733104562	0.0558075702006326	0.0963137872802141	0.141024639401736	0.17660450588709	0.185542633393085	0.149971508352724	0.09253420500109	0.0416562634365571	0.0125598174349213	0.00222579043150504	0.000258965307936522	1.14731465541497e-05	
1.14791107515538e-05	1.63987296450768e-06	0.000165627169415276	0.000179839401774343	0.000706785247702811	0.00220781563454884	0.00631351091335458	0.0161297904788976	0.0369561771281451	0.070009456600762	0.113938920198315	0.156183687636998	0.181016830562859	0.17647711557278	0.129577842036504	0.072262095429674	0.0287223749733521	0.00778447696251797	0.00126106230970641	9.01930130479226e-05	3.27974592901537e-06	
8.7616934382035e-06	2.90231095140491e-05	1.58805693567438e-05	0.000186733591401712	0.000294064336019705	0.00109521167977544	0.003433488616096	0.00982623919094523	0.0231511320929331	0.0478925115449001	0.0861674217238522	0.12977765560083	0.167709764524013	0.179222082095972	0.161816430475141	0.109277483378794	0.0548690099450697	0.0201141101049158	0.00446572562428435	0.000607842482275368	3.94276204719158e-05	
4.67750012381618e-05	3.63194127261021e-05	3.13667655361791e-05	0.000230022947265313	0.000506270601636575	0.00197940799357256	0.00563611250213239	0.0144155050874693	0.0318312137837674	0.0606963421949032	0.101616764160444	0.145212716196807	0.174282554025126	0.1745742099152	0.145327177376308	0.0889660523549837	0.039213959861546	0.0127354571018209	0.00238167300422076	0.000271295007181338	8.80470611541869e-06	
3.36957188208266e-05	6.02103828109852e-05	7.51248813054495e-05	0.000356843186200885	0.000917517851826115	0.00333256183026306	0.00858798918864576	0.0203433759464492	0.0416434893518767	0.0750083272616594	0.118276392171766	0.157347959116598	0.174229514245832	0.16759698152646	0.125606039598546	0.0705107773823287	0.0270709195451188	0.00769090972364539	0.0011826644917277	0.000128154209285767	5.52388833128305e-07	
4.63852627393811e-05	4.36242351953703e-05	0.000186093256466326	0.000625648841472842	0.00162514081240474	0.00456121750270581	0.0122285909924237	0.0273761403043757	0.0525578159167716	0.0912536169460827	0.135843107370839	0.166081328827336	0.173822145649725	0.153389437413028	0.105351423585802	0.0518708722638217	0.018091909084885	0.0044054955492236	0.000557727563890177	8.22786208115212e-05	
3.85236207580678e-06	3.4671258682261e-05	7.86982538343385e-05	0.00032965212620118	0.000977949629815521	0.00252825019660805	0.0068175801992992	0.0171375078629462	0.0358126585315786	0.0667289648648069	0.107669117319284	0.14934617160512	0.171589159893389	0.16848305538541	0.136211267938937	0.0845004614579429	0.0373536033619013	0.0115658916264508	0.00247101510291035	0.000325799764125373	3.4671258682261e-05	
1.48890024864634e-05	4.02554511671048e-05	0.000124075020720528	0.000566333539022145	0.00142382979333513	0.00393565965725516	0.00980302952599482	0.0237369300751784	0.0466163638960439	0.0807910361587697	0.123141425120174	0.160406392565645	0.174057953512123	0.16017809452752	0.115389769270091	0.0653820214743531	0.0257414309654856	0.00723164365212893	0.00125894787691096	0.000146684246718491	1.32346688768564e-05	
1.59592938947996e-05	6.54881370165916e-05	0.000318085236937731	0.000830433603008712	0.00250781042340007	0.00613387206039437	0.0139209068400983	0.0317551426072974	0.0593361043803859	0.0961156729621495	0.138050643792413	0.16675976254772	0.171168930226517	0.146445782701556	0.0954872069749819	0.0490665739193219	0.0171644957440966	0.0041439132078566	0.000637271114833723	7.31926237244259e-05	2.75160239565511e-06	
5.47732084873023e-05	0.000131677006262404	0.000481340317009626	0.00133502779878647	0.00354919325703075	0.00883231818476054	0.0195523756357703	0.0411673221931635	0.0733601371653924	0.11224745539718	0.149315085924779	0.172741974480111	0.16389195182392	0.127442318002183	0.076358278749157	0.0353663414760992	0.0114913084876896	0.00239065690781448	0.000267780130382367	2.26838540199939e-05	
4.99389357790835e-06	7.99022972465335e-05	0.000349017673389372	0.000603706245862698	0.00218344124767437	0.00561424613569741	0.0118399667961565	0.026529782194106	0.052756046634088	0.0882864896867775	0.129088819726545	0.158680413560974	0.171177354801157	0.151537481113372	0.108313667565383	0.0600149483881099	0.0247086756693621	0.00675618313384578	0.0013550097908058	0.000116524183484528	3.32926238527223e-06	
3.1221148313835e-05	0.000147185413479508	0.000477237552797192	0.00113343918789333	0.00327766305244707	0.00763524332424947	0.016635296846218	0.0356411708822651	0.0652020231304107	0.103369876944074	0.14236174606502	0.164646955715031	0.16555515661866	0.138782464419041	0.089637589370537	0.044354658864353	0.0165594740574558	0.00394222749512727	0.000556405464592988	5.29644480323986e-05	
4.77565382914733e-05	0.000280358971852296	0.000533749545610584	0.00169114329714511	0.0047734064626395	0.0112733522449225	0.0225691781549233	0.0463126053101899	0.0795505941194284	0.118573866161459	0.151831519427641	0.167319245716379	0.156625714030478	0.121639835919771	0.0712859037868687	0.032336794839597	0.0106322909485628	0.0023670387743762	0.000340476025936857	1.51697239278798e-05	
8.61202487968661e-05	0.000387541119585898	0.00074222056528878	0.00235300916614069	0.00678876855976349	0.0156126945779371	0.030765325721512	0.0586767850404595	0.0941702257370364	0.132919238470368	0.160433524799799	0.164864184968164	0.143674637700045	0.102161278296451	0.0561356711203678	0.0220246870492143	0.00663975786612154	0.00136149314380835	0.000181305786940771	2.15300621992165e-05	
1.70516260714816e-06	0.000105720081643186	0.000550199134573138	0.00106629501700331	0.00368201445636858	0.00941704469174355	0.0213401100284592	0.0404521409169114	0.071119490406471	0.110219437375914	0.147197025286993	0.164930716401334	0.159353129513352	0.126248534270642	0.0829658234258649	0.0424989044330249	0.0144177182309734	0.00376954613686886	0.000608743050751891	5.4565203428741e-05	1.1367750714321e-06	
1.36187212020791e-05	0.000169666568309236	0.000741085412079806	0.00164843271216833	0.00573745375309258	0.0135778650384729	0.0282032367160724	0.0515678552783894	0.0863693624168691	0.124752025784779	0.158406155661983	0.163651065664934	0.148201761354609	0.109495085911433	0.0654532764373425	0.0302381006423497	0.00940486188346914	0.00209274349138616	0.00026499761672379	1.13489343350659e-05	
5.70086100103699e-07	5.18778351094366e-05	0.000340911487862012	0.00107575247089568	0.0029895315089438	0.0086932429404813	0.0190009697164563	0.0374557969490132	0.0643724121654093	0.103195275582471	0.137210602917359	0.162336577693329	0.158930313245209	0.135308225601313	0.0916783961881763	0.0492685510292619	0.0207625357657767	0.00595055871288241	0.00121485347932098	0.000159624108029036	3.42051660062219e-06	
1.88313385429566e-05	2.11139250330119e-05	8.95915197346721e-05	0.000524424246090215	0.00174218413853474	0.00483280624606967	0.0122831685496103	0.0249703549079604	0.0466338126384531	0.0789792044957824	0.118037112573742	0.149261754464454	0.162463664076311	0.150854999834512	0.120095434941149	0.0739997420677266	0.0374406955497553	0.0136647040227163	0.00344214042700345	0.000555809810328476	8.84502264896445e-05	
4.55027887521657e-05	2.90080278295056e-05	0.000200781055368931	0.000850333364806096	0.00269831537300342	0.00724120004504776	0.0162917047278535	0.0326874970849776	0.0586462692832287	0.0943852971388984	0.131396127940191	0.158320128044848	0.160084498678713	0.138976892546302	0.102171393079253	0.0589044976093972	0.0261032435525392	0.00891513388626805	0.00177460876133446	0.000255953186730932	2.16138246572787e-05	
4.6244596233292e-05	0.000102194848466164	0.000432187152451877	0.00147012142346576	0.00427105956075627	0.0101709565666185	0.0222139628992736	0.0419050261595975	0.0713919509282033	0.109157229343509	0.142910075384401	0.162314536332267	0.153940267967453	0.12604107433619	0.0840338533281265	0.0450319601542857	0.0184464556086131	0.00517140188495258	0.000831831811258104	0.000117038792936109	5.70920941151753e-07	
2.85851984698915e-06	0.000109195458154986	0.000237257147300099	0.000854697434249756	0.00253150517649359	0.00614753278293487	0.0143915040216516	0.0291043056741047	0.0528889059129626	0.084631053701869	0.123797349237375	0.1514964065547	0.162460545279812	0.144225475471899	0.110669882692063	0.0675485390962618	0.0328987049189981	0.0123402301794522	0.00313751138405529	0.00043735353658934	8.91858192260615e-05	
4.56385257615216e-06	3.42288943211412e-05	0.00019225228977041	0.000486050299360205	0.00129042931590702	0.00404300290089879	0.00912827563387634	0.0193929505592146	0.0378788354189189	0.0648934197803075	0.0983002501561693	0.136679397913749	0.158516291527493	0.158146048987253	0.131234151308827	0.0940461690736235	0.052940119401793	0.0229670176079137	0.00797590285839792	0.00164469837213083	0.000172285434749744	3.36584127491222e-05	
1.31522816921383e-05	2.68764017187173e-05	6.74769234640136e-05	0.000320801305621285	0.000884633903379908	0.00196769570881077	0.005795009681223	0.0133324107674871	0.025677256731395	0.0478560065326811	0.0785065412587077	0.112505761271219	0.147310701496958	0.161552335216206	0.149662672566513	0.117182255170276	0.0768333422921339	0.0387866505484501	0.0158147609772946	0.00503675204975451	0.000734240421421979	0.000120086050232567	1.25804433576975e-05	
1.1357647785713e-05	3.29371785785677e-05	0.000180018717403551	0.000399221319667812	0.00128171055261771	0.00318695596867106	0.00815819840447764	0.0179905140925694	0.0332648467171855	0.0585623035126933	0.0925239419215323	0.127530483926657	0.155638958549129	0.158979810645296	0.139441249159534	0.100780383979356	0.0594930627487325	0.0284543149975467	0.0105858956186738	0.00304782478329608	0.000406603790728525	4.82700030892802e-05	1.1357647785713e-06	
5.67522717934399e-07	3.74564993836703e-05	9.70463847667822e-05	0.000211685973789531	0.000610086921779479	0.00191822678661827	0.00482110548885272	0.011938407894468	0.0236299434066346	0.0434137853538277	0.0719584754977742	0.106951926285609	0.139235456095307	0.158793991523481	0.153121034435008	0.124843647491209	0.083560909943225	0.0460272274699156	0.0200829264195446	0.00694193788577357	0.00152947372483321	0.000253682654916676	2.09983405635728e-05	
3.14679873304162e-05	8.63939288525971e-05	0.000227713799227375	0.000410228125743789	0.000975507607242901	0.00288017905856936	0.00702765978871821	0.0162311878650287	0.0308695234259141	0.0550048975631191	0.0856369807209945	0.119502828685988	0.149764161738589	0.159233165198923	0.142609485710101	0.109442799209066	0.0669455683919515	0.0342915240117908	0.0138945467694392	0.00405250462293341	0.000735206613083359	0.00013903128947802	7.437887914462e-06	
2.64119786361543e-05	3.90437945056194e-05	9.47386190209883e-05	0.00035828423193392	0.000629868273127419	0.00185630275936276	0.00409730172929559	0.0105062257627033	0.0221556308615932	0.039443993399302	0.0666678532917938	0.100538345025419	0.130456800912247	0.154399833719369	0.156315850517388	0.12916892986701	0.0936230000103351	0.0527441471629516	0.0251447778350675	0.00916036319915665	0.00215142791194935	0.000384122037121462	3.67471007111712e-05	
1.32523900397341e-05	4.78238423173014e-05	0.000151538199150003	0.000571005153451153	0.00114201030690231	0.00304804970913885	0.00646889491200413	0.014590305242876	0.0286528196476478	0.0507007633376663	0.0791709304791142	0.113965368623872	0.141001972877543	0.156623659780033	0.147110748494989	0.115402964847747	0.0765573286869301	0.0403247181274258	0.0173519880889823	0.00560115145983719	0.00121230559320003	0.000273690663864074	1.67095352674908e-05	
1.09881530360556e-05	7.22904805003658e-05	0.000303620018101536	0.000673747278263409	0.00164706630772033	0.00487237838572465	0.00921963872109465	0.0201892853941422	0.0360029725845582	0.0629303090851784	0.0947097826369832	0.127068736680479	0.147921359523692	0.15457266205357	0.134183276609403	0.0993531447804827	0.0608246319691638	0.0295245888840374	0.0119186761010563	0.00322473375416032	0.000626903046899172	0.000144002637156729	5.20491459602634e-06	
3.17977708028243e-05	0.000164770266887362	0.000486794963926874	0.00111985967354674	0.00263574612891048	0.00671222034583255	0.0126653411814086	0.025844071825961	0.04647735622927	0.0753907801496345	0.109194123078186	0.136648318389345	0.151049817856587	0.150353735746649	0.119003446300214	0.0842629363449098	0.0474775406563407	0.0209807473169908	0.00718051478856506	0.00196336781175257	0.000309305588718382	4.74075855605745e-05	
5.5261244655921e-05	0.000220469340658518	0.000805317513267016	0.00151565476228167	0.00416186248814905	0.00888957709605613	0.018413507229725	0.0338734160601841	0.0577480006654375	0.0878527149676808	0.122578650854276	0.144360215818186	0.152718479072394	0.140888543250271	0.102727199987566	0.0687950688549352	0.034303417620163	0.0144680846164783	0.00442723159009051	0.00104938801049733	0.0001398800255353	8.05893151232182e-06	
0.000101587578536668	0.000377653258062868	0.00115247377232559	0.00236808106803555	0.00585075579436608	0.0125876766806	0.0243574872628117	0.0428435568508769	0.0684155035271552	0.101460163607656	0.133392525794349	0.149236744399339	0.148731102271142	0.127923440845897	0.0889384901560488	0.0546782227798379	0.0247810558106086	0.00973461536474819	0.00247942564564072	0.000541226477740554	4.30455841257069e-05	5.16547009508483e-06	
2.27110523904234e-06	0.000178849537574585	0.000514973112952851	0.00172831108691122	0.00330843255697493	0.00851550909378927	0.0174665026171649	0.0311589961033512	0.0535049683265986	0.0826790184510267	0.114941771700553	0.140118108827956	0.150049084261979	0.142124062530341	0.112287985228732	0.074662584733517	0.0415470314667309	0.0177623140745502	0.00570558413678413	0.0014966583525289	0.000235627168550643	1.13555261952117e-05	
3.55016581528431e-05	0.000261472529887606	0.000706088534373213	0.00237410294917346	0.0047696195969153	0.011558889079859	0.0232868336747316	0.040066720576592	0.064482845091614	0.0971223933752779	0.128157604821463	0.143710148684325	0.147855389912457	0.131858793563493	0.0965008325984114	0.0607957443091687	0.0300445461282061	0.011971384536492	0.00352818859833255	0.000773710740378628	0.000129045709793668	1.01433309008123e-05	
3.92686824964336e-05	0.000455516716958629	0.00118703617374933	0.00337710669469329	0.00712950979781677	0.0158718404838799	0.030475302523125	0.0495144427409316	0.0770114961872914	0.111162347392083	0.13802717505025	0.146168694894118	0.142782051519389	0.117851486964761	0.0807840946128416	0.0465676086101635	0.0209952815873075	0.0078672000475712	0.00228263241539983	0.000393247806142856	5.66590990305684e-05	
