# <P(U)> as a function of N_tot.
# number_of_species: 1
# species_total_upper_bound: 151
# species_total_lower_bound: 97
# volume: 729
# Bin widths for each
10	10	10	10	10	10	10	10	10	10	10	10	10	10	10	10	10	10	10	10	10	10	10	10	10	10	10	10	10	10	10	10	10	10	10	10	10	10	10	10	10	10	10	10	10	10	10	10	10	10	10	10	10	10	10	
# Bin lower bound for each
-250	-260	-260	-260	-260	-270	-270	-280	-280	-280	-310	-310	-320	-320	-320	-320	-320	-320	-330	-330	-350	-350	-360	-360	-360	-360	-370	-370	-370	-370	-380	-380	-380	-380	-390	-390	-400	-410	-410	-410	-420	-430	-440	-440	-450	-450	-460	-460	-460	-460	-460	-460	-470	-470	-470	
# Bin upper bound for each
-100	-100	-100	-100	-110	-110	-110	-120	-120	-120	-120	-130	-130	-130	-140	-140	-140	-140	-150	-150	-150	-150	-160	-160	-160	-170	-170	-170	-170	-180	-180	-190	-190	-190	-190	-200	-200	-210	-210	-210	-220	-220	-220	-220	-230	-230	-240	-240	-240	-250	-250	-250	-260	-260	-270	
# Normalized histogram for each
2.70768191019377e-06	7.47320207213481e-05	0.000411026113967415	0.00206758590662396	0.00688725970676888	0.0195846632564316	0.0487772650029947	0.0976796249102403	0.162042848524692	0.220680949508231	0.215905681691413	0.147022795432466	0.0618710731843097	0.0152751167281671	0.00163706448290315	7.96058481596969e-05	
3.77448223539936e-06	1.02450232103697e-05	0.000145587171936832	0.000787788363702638	0.00333502466084929	0.0100519854046164	0.0275278381545154	0.0636372312770853	0.118363988419889	0.182021170531647	0.223683366234237	0.197698212890504	0.11925800149793	0.043762425460716	0.00881880813713664	0.000861660373166882	3.28919166227658e-05	
8.04394352722634e-06	7.77581207631879e-05	0.000254188615460352	0.00138355828668293	0.00497276588853132	0.0144490676265058	0.0374761966304457	0.0802077696986792	0.139355958980178	0.199482291794588	0.220396008702474	0.175043182570169	0.0920833116593744	0.0294322531032193	0.00498509993527307	0.000380746660288713	1.1797783839932e-05	
1.38532124267578e-05	0.000166238549121094	0.00049658438391301	0.00207371933711313	0.00722125338537879	0.0210366358858943	0.0503713460154165	0.099060592352707	0.159221897026941	0.211470886142046	0.209500000266408	0.148639108364623	0.0690678546329138	0.0189533258632549	0.00250689863338059	0.00019820750087515	1.59844758770282e-06	
5.63750622253045e-05	0.000195717197159548	0.000848285134427931	0.00342451911008241	0.0109936689741441	0.0287411767709215	0.0664842809307629	0.116952193947233	0.177342117915357	0.215533031531742	0.194646070977267	0.122095088774768	0.0494265698859309	0.0118509953921364	0.00130939059621415	0.000100517799628137	
6.36556821714226e-06	9.97272354018954e-05	0.000438693742964721	0.00134896999801606	0.00512534334283571	0.0157648601537709	0.0388617939656535	0.0832658759923656	0.136822584187292	0.192035401046712	0.215448491413379	0.171819417317104	0.0969974675647776	0.0345263115457615	0.00671779632515747	0.000693316471650411	2.75841289409498e-05	
1.16820568916171e-05	0.000182664889578012	0.000838453083266515	0.00209799121721723	0.00772980464414862	0.0226387642507819	0.0522761425848144	0.100396658931729	0.155618272860989	0.202638020847162	0.206974718966881	0.148953659404321	0.0732836668914578	0.0224635333974076	0.00355187629763757	0.000338779649856895	5.31002585982594e-06	
5.2769613145966e-07	3.64110330707166e-05	0.000306591452378063	0.0013957562677108	0.0035477010918033	0.0116262011683192	0.0310908006733403	0.0670163533031139	0.119067244318032	0.17330174192493	0.208037867474394	0.191768995741492	0.123398574165053	0.0533300264375762	0.0139084869368823	0.00201632691830736	0.000150393397466003	
1.26399479234146e-05	0.000128506137221381	0.000515077877879143	0.00202765831271442	0.00554156383542366	0.0173298952674982	0.0424402051463548	0.0832740835774423	0.138197817291659	0.188048718572613	0.205587172980847	0.170925802452361	0.0984030479127759	0.0378561173661298	0.00861781116128468	0.00103331574273914	6.05664171330281e-05	
8.40388217336999e-06	0.000186986378357482	0.000810449387094368	0.00318717231425057	0.00873951221766895	0.02407397097089	0.0543064118469527	0.10076202201607	0.156137302626949	0.197267477711329	0.197776963068089	0.149689949272066	0.0757525939107571	0.0257279600311364	0.00513109530947821	0.00043332517456439	8.40388217336999e-06	
1.04923922287048e-06	0	1.36401098973162e-05	4.6166525806301e-05	0.000318968723752625	0.00143745773533255	0.00498021397135472	0.0128248510211458	0.032556843846448	0.0683600338484573	0.11918780490236	0.173294448527734	0.202409263103555	0.184658758550644	0.125699908139106	0.0550677467535227	0.0161839903931657	0.0028077641604014	0.000150565828481913	5.24619611435239e-07	
9.43218260705527e-06	3.14406086901842e-06	4.45408623110943e-05	0.000116854262298518	0.000622524052065648	0.00239839443291622	0.00733194994655097	0.0186096962837201	0.0427529396969125	0.0843127082940326	0.137868117126748	0.187438952818127	0.200822171917248	0.166196105556604	0.100662348823073	0.0391058290888512	0.0102349661489446	0.00142687962438953	4.24448217317487e-05	
5.23147169669183e-07	1.09860905630528e-05	1.20323849023912e-05	6.43471018693095e-05	0.000260004143325584	0.000954743584646258	0.00365365983296957	0.0104012120273627	0.0259747801212446	0.0556236228150758	0.10079633462167	0.156582133059344	0.196637942399404	0.192066159283665	0.145080742534167	0.0775440123713843	0.0274034950416111	0.00617365974926602	0.000738683803572886	2.09258867867673e-05	
1.56985460529931e-06	2.66875282900882e-05	2.30245342110565e-05	0.000160125169740529	0.000401359494088189	0.00167503486385436	0.00562426576591898	0.0150685110713996	0.0345613957054011	0.070214886931222	0.119319938984984	0.173342822232281	0.199504972514462	0.178457931821214	0.121913338792939	0.0578224546769893	0.0180664100826528	0.00348455393889603	0.000329669467112854	1.0465697368662e-06	
7.91405129254924e-06	2.32145504581444e-05	4.95947214333086e-05	0.000205237730186777	0.000693798496646816	0.00268972223262773	0.00846803488302768	0.0204536017638838	0.0452757598412547	0.0872286733464777	0.137789964244316	0.18543519104256	0.195205878768341	0.162761434089407	0.0986998268933181	0.0412617530256737	0.0117444521181431	0.00186244007084659	0.000143508130104893	
6.35105117835816e-06	2.54042047134326e-05	0.000107967870032089	0.000457804939106651	0.00109979036238569	0.00428590103686203	0.0122019570764206	0.0280383031896567	0.0578448448782212	0.104574820940051	0.155299608193068	0.194498825320159	0.186957481300124	0.141631087548711	0.0769001154303552	0.0281716752644022	0.00692370429294012	0.000936250794542965	3.81063070701489e-05	
1.06112842518992e-05	4.19145727950017e-05	0.000211164556612793	0.000727403535467687	0.00197263774242805	0.00643415220613905	0.017890625248702	0.0381438529360893	0.0734465345137326	0.122411775129909	0.169621909330821	0.196302922453796	0.173309330608356	0.118265415808479	0.0576532295974185	0.0192356055276302	0.00396225353965914	0.000347519559249697	1.11418484644941e-05	
2.39604620429009e-05	6.92191125683805e-05	0.000327459647919646	0.00119056873617614	0.00334647786532516	0.00927695844829918	0.0241377694620184	0.0506257940230894	0.0905998315313291	0.140051030459604	0.180828542128349	0.192482378411304	0.155969296531484	0.0952401743469709	0.0418003571706209	0.0116511740093946	0.00219424586841766	0.000181034602101918	3.72718298445126e-06	
2.1400216142183e-06	6.95507024620949e-05	9.89759996575965e-05	0.000503440084744856	0.00191050429609339	0.00515691708486256	0.0137983243630761	0.0331874551932975	0.0637651540280557	0.108322009052291	0.156776913446826	0.186028333886172	0.182776571043368	0.135423242774752	0.0753153856853954	0.028683779706175	0.00699680066768674	0.00110532116374375	7.91807997260772e-05	
2.68488522384157e-05	0.000105784477819358	0.000274932246921376	0.00087849444524096	0.00290880465150995	0.00758480075735242	0.0204496967959117	0.043234169782476	0.0793861493215027	0.126183161796016	0.168120532015377	0.189392877643874	0.166200302103285	0.114218776261534	0.0570419975116484	0.0192935852185255	0.00414546278561138	0.000543420769305533	1.0202563850598e-05	
4.8321706593819e-06	0	7.40932834438558e-05	0.000150871106142924	0.000397311809771401	0.00143569159368747	0.00413311663732465	0.0114560028176924	0.0275498156526893	0.0556698274431858	0.0964227440608596	0.141168107458885	0.177006706515967	0.185589715422732	0.149914336352366	0.0925655980589707	0.0414095549194987	0.0125818985813284	0.00220400672852919	0.000254494321394113	1.12750648718911e-05	
1.12855959788884e-05	1.61222799698406e-06	0.00016283502769539	0.000176807670335918	0.000695945085364785	0.0021883308012397	0.00629413810022577	0.0160217844246952	0.0367948047565025	0.0698599887466486	0.113977533065453	0.156447917780671	0.181435302096595	0.176381504735382	0.129462982976485	0.0722976774780885	0.0286809986570141	0.00776610226147221	0.0012505515163273	8.86725398341232e-05	3.22445599396812e-06	
8.61428463750013e-06	2.85348178617192e-05	1.5613390905469e-05	0.000183591941336722	0.000289116928146098	0.00108432307874533	0.00340533439576177	0.00978690413377984	0.0230297515855668	0.0477403654610257	0.0861385392326826	0.12987433912285	0.16802216024723	0.179400015074998	0.161568445875373	0.109351344366796	0.054810539577254	0.0201488117671128	0.00447350569081179	0.000601384746255478	3.87642808687506e-05	
4.59738284516339e-05	3.56973256212687e-05	3.08295084910957e-05	0.000226083062268035	0.000497599084417685	0.00195578074918951	0.00558230451116839	0.0143130049684187	0.0317808963057595	0.0604766782881293	0.101531307095438	0.145521229632242	0.174487445899621	0.174684862927678	0.145173451141719	0.0890518465793849	0.0391345453837408	0.0127623347781736	0.00242146858797606	0.00027800644498988	8.65389712030756e-06	
3.31295054090706e-05	5.91986244194869e-05	7.3862503862846e-05	0.000350846893348519	0.000902100139089612	0.00329557112823345	0.00852025706323771	0.020229636352083	0.0415824172481981	0.0749981398597373	0.118266360137276	0.15762855741642	0.174419785592358	0.167505494881491	0.125383772733765	0.0707021662894791	0.0269739346827361	0.00771320058720691	0.00123502451311847	0.000126000741883679	5.43106646050338e-07	
4.56063940164411e-05	4.28917277059387e-05	0.000182968509327865	0.000615143385959854	0.00160111018993434	0.00450363140912356	0.0121171845435587	0.0272129009630007	0.0525005605785931	0.0912187602987653	0.135826157112942	0.166399814968344	0.17391781184865	0.153293406021238	0.105335025113378	0.0520216934414205	0.0180802205612084	0.00441187568782858	0.000592340188951634	8.08970560529729e-05	
3.78828877584154e-06	3.40945989825739e-05	7.73893278493343e-05	0.000324169282389869	0.000961684164952917	0.00250838835371794	0.00674531875744128	0.0170034635783093	0.03579121117004	0.066605693256846	0.107561965580691	0.149466933650828	0.171892520835588	0.16843056607858	0.136239852797922	0.0845329581123498	0.0374326225782011	0.011533715770105	0.00248024677995454	0.000339322437493235	3.40945989825739e-05	
1.46426779831067e-05	3.95894626950662e-05	0.000122022316525889	0.000556964084764836	0.00140027387231042	0.0039090527000827	0.00971351871686755	0.0236631099421072	0.0466700109820085	0.0806209580107651	0.123029407378283	0.160687663543799	0.17421749800019	0.16007917892539	0.115533983215152	0.06537304933769	0.0257597245007254	0.007183047032824	0.00126523584202177	0.000148053744051412	1.30157137627615e-05	
1.56933710118544e-05	6.43969362210579e-05	0.000312785118787996	0.000816596443340978	0.0024725176604539	0.00609173370622226	0.013799343475941	0.0316648934961259	0.0594264668160964	0.0960147496041482	0.13783758335074	0.16721178582986	0.171222253849476	0.146410493129009	0.0956099688621873	0.0490179737801651	0.0171993934782679	0.00410787515003404	0.000628817141923271	7.19730463647118e-05	2.70575362273353e-06	
5.38667337008242e-05	0.000129497804250466	0.000473374326461788	0.00131293362040494	0.00350079358213235	0.00875579271427942	0.0194268470712548	0.0411715960169087	0.0735716201753226	0.112166318709331	0.14937898185344	0.17304334530916	0.163786972847357	0.127468823947735	0.0762616922098365	0.035344738934059	0.0114899375309122	0.00237448915020603	0.000266069017976798	2.23084452700383e-05	
4.91089990603811e-06	7.85743984966098e-05	0.000343217337877553	0.000593673233085497	0.00216734382519815	0.00554658861609749	0.0117834314967659	0.0264190045278497	0.0528200024227106	0.0884578573852841	0.129131021718182	0.158656443264373	0.171535551095731	0.151339202404377	0.108298438661223	0.0599522660529133	0.0246685415391197	0.00674812212644149	0.0013368560855326	0.000115678975564453	3.27393327069208e-06	
3.06954941207166e-05	0.000144707329426235	0.000469202552988097	0.00111600046481748	0.00322960448855825	0.0075889127875236	0.0165421306619483	0.0355711444814983	0.0653907207521273	0.103654846708895	0.142522468005429	0.164869883992958	0.165644397085682	0.138465729577082	0.0894378997265908	0.0442771540014865	0.0165218497104757	0.00391422363421495	0.000556355830937989	5.20727132405014e-05	
4.69520393203996e-05	0.000275636089657405	0.000524758086522113	0.00166541645354123	0.00471232761696858	0.0111640901965247	0.0224651698724783	0.0462936060160477	0.0798582379838684	0.118862677989657	0.152100855189968	0.167673465690212	0.156396138222385	0.121160566031691	0.0711770821019931	0.032300241167769	0.0105956943322812	0.00237522081267904	0.000336949929240515	1.49141771958916e-05	
8.46384074615438e-05	0.000380872833576947	0.000729449432727779	0.00232143105728405	0.00670815062295538	0.0154470661933598	0.0305639312312939	0.0585369248973342	0.0947198440871442	0.133278207002158	0.160986705644881	0.165108930187235	0.1432115264147	0.101776014477622	0.0559610217860375	0.0219837126748799	0.00664077399596297	0.00135699867752488	0.000182640773995963	2.1159601865386e-05	
1.67493432861653e-06	0.000103845928374225	0.000540445476700268	0.00105241706981405	0.00363684073886936	0.00927020319744963	0.0211454875873408	0.0403597758937868	0.0711026371841004	0.110988406662889	0.147887209922311	0.165223338534935	0.159294629323075	0.12562789100644	0.0826418180853826	0.0423155408781681	0.0143971771773448	0.00374961965032954	0.000605767915516313	5.41562099586012e-05	1.11662288574435e-06	
1.33760400567813e-05	0.0001666431657074	0.000727879513089849	0.00162463153189656	0.00567032631407054	0.0133860720868239	0.0280044118638787	0.0516688560643343	0.0866650355328931	0.1254182102524	0.158937451964689	0.163695420879887	0.148111776878735	0.108845853957051	0.0651697391616455	0.0301211702028644	0.0094139455249622	0.00208108889883422	0.00026696346613326	1.11467000473177e-05	
5.59502222063075e-07	5.09147022077398e-05	0.000334582328793719	0.00105578069303302	0.00294074367916352	0.00861297720643898	0.0187198253457864	0.037282430567173	0.0644630485149972	0.10380109024603	0.137973807462976	0.162849276255901	0.15878393311039	0.134927877366065	0.0911496260007397	0.0490241441993887	0.0207054987318882	0.00595590115386143	0.00120404878187974	0.000160577137732103	3.35701333237845e-06	
1.84787922261401e-05	2.07186458293086e-05	8.79142539243635e-05	0.000514606365327962	0.00170956826261836	0.0047776077355584	0.0121394465657725	0.0246490289394685	0.046445604315302	0.0791049097031018	0.118624886677407	0.150243220103134	0.162727044160394	0.150585357741018	0.119686577285309	0.0736928634344459	0.0372353262990731	0.013625029468074	0.00347065315810959	0.000549884059577866	9.12740343291162e-05	
4.46497090792393e-05	2.8464189538015e-05	0.000197016841312143	0.000834391438418284	0.00264884399112587	0.00716906891403536	0.0160900807880674	0.03234090052882	0.058489444529713	0.0946886380443427	0.132197742399085	0.158915012069374	0.160140088462236	0.138813713041901	0.101686363699787	0.0587629239978233	0.0259264116982238	0.0089450110926621	0.00180887133907268	0.000251154613570721	2.12086118126387e-05	
4.53653930379243e-05	0.000100251917948006	0.000423970401601342	0.00144217144534142	0.00419041815691049	0.0100800783197106	0.0219383680331918	0.0415524597564158	0.0714997798938338	0.109467253467092	0.143859822055646	0.162824796611821	0.154047433158854	0.125683981311698	0.0835966579706996	0.0447991657248214	0.0183012956580278	0.00517949573845339	0.000851861269267691	0.000114813649046599	5.60066580715115e-07	
2.80359420777437e-06	0.000107097298736981	0.000232698319245272	0.000838274668124536	0.00248286303040498	0.00606305283373285	0.0142416978566522	0.0287390835050535	0.0524743120680713	0.0849236721476933	0.124126329955002	0.152332730560579	0.163089000098126	0.14430211531183	0.110245735032311	0.0671376704935728	0.0327302802192411	0.0122533888444986	0.00314338982575662	0.000446332197877679	8.74721392825602e-05	
4.4776261417247e-06	3.35821960629353e-05	0.000188620001220153	0.000476867184093681	0.00126604879157266	0.00396661705830037	0.00902913311478786	0.0191541652277628	0.0373876185801336	0.0645377046904813	0.0987322161282974	0.137247636792878	0.159252930466384	0.158529793844495	0.131215154973439	0.0936618642260619	0.0526619207560919	0.0228409306522054	0.00794274907215191	0.00165728137570586	0.000179664748936704	3.30224927952197e-05	
1.29054195467729e-05	2.63719442912316e-05	6.62104133269218e-05	0.000314780015901721	0.000870274161610641	0.00193076298523676	0.00570195101888287	0.0131579168857315	0.0253080888364193	0.0473376400027606	0.0783213079137716	0.113031836547811	0.147788375808062	0.162163329867574	0.149838093095208	0.117258642001978	0.0765975927464809	0.0385939377072232	0.0157788392641218	0.00500954720493862	0.000752442070096628	0.000126809774676986	1.23443143490871e-05	
1.11457434127263e-05	3.23226558969063e-05	0.000176660033091712	0.000401804050028784	0.0012644845901738	0.00313474033482928	0.00806227349759558	0.0177234038877468	0.0328325736580386	0.0580475889806493	0.0923870671480885	0.128237908122293	0.156175271273462	0.159337318679653	0.139706878093989	0.100706807318518	0.0593159745810176	0.0283698179955829	0.010533284812197	0.00305003268489256	0.000425767398366145	6.57598861350853e-05	1.11457434127263e-06	
5.56636357816984e-07	3.67379996159209e-05	9.51848171867042e-05	0.000207625361465735	0.000612856629956499	0.00188532734392612	0.00473975858681162	0.011767292604251	0.023276305938475	0.0429077570059644	0.0714398234349473	0.10710908124386	0.139863234446884	0.159344950334121	0.153608256030459	0.125020525965694	0.0834815377636021	0.0458518067024584	0.0200272195178973	0.00688447847348045	0.0015502322565203	0.000268298724467786	2.11521815970454e-05	
3.08610629335629e-05	8.4727645508509e-05	0.000223321873591964	0.000402316038606629	0.000961181832821694	0.00283753445918232	0.00695159470334382	0.0159893972609965	0.0304065636430868	0.0545735814712423	0.0853078334916599	0.119637679898955	0.15019967107718	0.159937739208307	0.143093209948933	0.109624667752602	0.0668669456132682	0.0340689301479479	0.0138768172256353	0.00400576596877646	0.000772087683574227	0.000140277558788922	7.29443305702395e-06	
2.59152739554314e-05	3.83095354123768e-05	9.29569609270908e-05	0.000351546324960634	0.000618022946284961	0.00184392807948102	0.00403207860215266	0.0103672363332141	0.0218347450584925	0.0389393892445979	0.0663014115373673	0.100194082866905	0.130855232209305	0.154883198170156	0.156898392407951	0.129521722351642	0.0937208981332552	0.0527161742295136	0.0250262673836559	0.0091627394698073	0.00211547508049228	0.000424221767139996	3.60560333292958e-05	
1.30123691054675e-05	4.69576798153828e-05	0.000148793611945129	0.0005606633818921	0.0011213267637842	0.003005857263363	0.0063692717995371	0.0144522160347464	0.0282334464277935	0.0501445787358653	0.0787763168093218	0.114100938644417	0.141322814813055	0.157143592624589	0.147853326838464	0.115642055750647	0.0765189536471125	0.0402212329050001	0.0172657165374199	0.00556363642535511	0.00119430918181052	0.00028457485478479	1.6406900176459e-05	
1.0789373262343e-05	7.09827188312042e-05	0.000298127419091058	0.000661558939506823	0.00161727026585016	0.00481489978375825	0.00906875215787465	0.0200182624339009	0.0354839772128437	0.0623296414748051	0.0945972497319693	0.127205575039523	0.148209077610801	0.155390257309516	0.134688857189584	0.0995768294234159	0.0607572322872563	0.0293959313841289	0.0118563854918137	0.0031817293888899	0.0006201050317094	0.000141397575911759	5.1107557558467e-06	
3.12261545728716e-05	0.000161808255513971	0.000478044039097416	0.00109972838923004	0.00258836433995858	0.00661540278332909	0.0124870553395589	0.025572517350387	0.0458564596126594	0.0747673367610189	0.109129732749537	0.136855151520657	0.151323080556666	0.151493972784419	0.119426415282875	0.0843906698521129	0.047417199593038	0.020877806947422	0.00714113767668326	0.00193545383525308	0.000304880818284219	4.65553577268268e-05	
5.4278410931672e-05	0.000216548243612816	0.000790994759306345	0.00148869849982388	0.00408784282329154	0.00880271437286667	0.0182686430793047	0.0335220073513323	0.0569883736774585	0.0873746719972589	0.122588921889409	0.144421281886446	0.153407751296321	0.14193182518507	0.102956533735446	0.068922273880946	0.0342474156974295	0.0143809518963237	0.00436828127977185	0.00103128980770177	0.000140784628354024	7.91560159420216e-06	
9.97582131444127e-05	0.000370852566378664	0.0011317202937513	0.00232543721714038	0.00574596035597338	0.0124235609736852	0.0241860124331423	0.0424158395752667	0.0677065192274093	0.100998709342892	0.133402656837383	0.149319446088294	0.149870088880623	0.128825051147219	0.0890959200581641	0.0545914140304009	0.0247738532032531	0.00967936470362793	0.00244266720772816	0.000536552649228706	5.35425437780746e-05	5.07245151581759e-06	
2.22905427357072e-06	0.000175538024043694	0.00050543805653216	0.00169631030218732	0.00324717481302414	0.00837121332439483	0.017280743255857	0.0309621211234656	0.0530498199202779	0.0819283325615233	0.114711033762928	0.140177421574905	0.150414353326278	0.143402863108762	0.11300803629792	0.0745769115672871	0.0413383687669373	0.0177360275912338	0.00567628670764783	0.0014689467662831	0.000238508807272067	3.23212869667754e-05	
3.48336499693685e-05	0.000256552596599793	0.000692802593835218	0.00232943122731666	0.00467987322763071	0.0113834156439581	0.0230482650630655	0.0398087798491205	0.0639164302033179	0.0964814696040465	0.128104341710365	0.143757920508505	0.148613620731219	0.133129786862295	0.0968563460275263	0.0605961751546504	0.0299033062110057	0.011977246438674	0.00351101075088079	0.000759152403300682	0.000141546260192989	1.76932825241237e-05	
3.85380852627609e-05	0.000447041789048027	0.00116495126308574	0.00331427533259744	0.00699686465149184	0.0156415077200043	0.0301510968214338	0.0492346060994778	0.0765223231858885	0.110590541102244	0.138070398070894	0.146203585693562	0.143672184035873	0.119045246464819	0.0809674160489103	0.0464433476383036	0.0209118661517244	0.00782763566094193	0.00230567858686347	0.000391987381529797	5.8908216044506e-05	
