# <P(U)> as a function of N_tot.
# number_of_species: 1
# species_total_upper_bound: 151
# species_total_lower_bound: 97
# volume: 729
# Bin widths for each
10	10	10	10	10	10	10	10	10	10	10	10	10	10	10	10	10	10	10	10	10	10	10	10	10	10	10	10	10	10	10	10	10	10	10	10	10	10	10	10	10	10	10	10	10	10	10	10	10	10	10	10	10	10	10	
# Bin lower bound for each
-250	-260	-260	-260	-260	-270	-270	-280	-280	-280	-310	-310	-320	-320	-320	-320	-320	-320	-330	-330	-350	-350	-360	-360	-360	-360	-370	-370	-370	-370	-380	-380	-380	-380	-390	-390	-400	-410	-410	-410	-420	-430	-440	-440	-450	-450	-460	-460	-460	-460	-460	-460	-470	-470	-470	
# Bin upper bound for each
-100	-100	-100	-100	-110	-110	-110	-120	-120	-120	-120	-130	-130	-130	-140	-140	-140	-140	-150	-150	-150	-150	-160	-160	-160	-170	-170	-170	-170	-180	-180	-190	-190	-190	-190	-200	-200	-210	-210	-210	-220	-220	-220	-220	-230	-230	-240	-240	-240	-250	-250	-250	-260	-260	-270	
# Normalized histogram for each
2.53149175746284e-06	6.98691725059743e-05	0.000393393819109725	0.00200190368180161	0.00671959172100936	0.0194778038802706	0.0484881931224432	0.0969865122119162	0.161272732795982	0.220628620033213	0.217414131799587	0.148458321519705	0.0614944914739358	0.0149484588278181	0.00156901859127547	7.44258576694074e-05	
3.53277710598937e-06	9.58896643054257e-06	0.000136264259802447	0.000764593902224842	0.00324712684284794	0.00990943978230018	0.0273830600309673	0.0632215697238983	0.11760261708128	0.181405076297892	0.22368636206726	0.199494409127889	0.120129057394506	0.0435071594251465	0.00865378986234282	0.000815566829039832	3.07856290664788e-05	
7.52464320650129e-06	7.27382176628458e-05	0.000239283653966741	0.00134590784820286	0.00487045072612807	0.0142521758759939	0.0373086859464747	0.0797090471293486	0.138675662795656	0.198990694524568	0.220869347111791	0.176609897414031	0.0926419022298026	0.029192104141062	0.00484135543906293	0.000362186159672929	1.10361433695352e-05	
1.29575381474907e-05	0.000155490457769888	0.000474445242938889	0.00206074693230284	0.00708827173352922	0.0208402066428314	0.0501591285357882	0.0988216614155413	0.15829576477882	0.210997062625775	0.21055351612765	0.149958087347761	0.0691907618733411	0.0187500560662708	0.00245495511209766	0.000185392468879482	1.49510055547969e-06	
5.27859792471425e-05	0.000183256984556117	0.000837603934846166	0.00338826229054299	0.0108440328687337	0.0285821138195188	0.0658181403499511	0.116740674933482	0.176867391162532	0.215178060553486	0.195847436568433	0.123241816056798	0.0493200319305376	0.0117040459457131	0.0013002282246631	9.41183969595276e-05	
5.96767014697874e-06	0.000102942310035383	0.000418731521979675	0.00134720153568045	0.00517347271158499	0.0155686568017764	0.038708795102532	0.0827148920721989	0.136455750969125	0.191658191746215	0.21520363431112	0.172881414934592	0.0979533377925091	0.0344299756071483	0.00666936869509433	0.000681806314292321	2.58599039702412e-05	
1.09534151254714e-05	0.000172267346973322	0.000812046366801991	0.00206621239866846	0.00780181886436983	0.0225062807878094	0.0520720376239852	0.0998727412315422	0.155410538977728	0.202513709194795	0.206650117052177	0.149949265772669	0.0740002768226732	0.0223131023755966	0.00350658648766795	0.000337066456361096	4.97882505703244e-06	
4.94698562851205e-07	3.41342008367332e-05	0.000293850946333616	0.00134013840676391	0.00353956821720037	0.0116808224660427	0.0308919464558064	0.0669579451804735	0.118687584500698	0.173258277667378	0.20793367873187	0.191456753698985	0.124371176289296	0.0536708364808529	0.0137803231667832	0.00195405932326226	0.000148409568855362	
1.18481423593798e-05	0.000120456113987028	0.000507495431060103	0.0019500067633146	0.00553308248183038	0.0173155663856353	0.041984879795659	0.0833052762739962	0.137774642408253	0.188146525976558	0.205520345728794	0.171226391342167	0.0991758629643855	0.0379273847101698	0.00844871284743443	0.000994256612991291	5.72660214036692e-05	
7.87967344663319e-06	0.000175815213778003	0.000794862058929123	0.00309818910329809	0.00876613670937942	0.0239039743595426	0.0540343681806967	0.100905620718813	0.155665411336191	0.197183410726501	0.197781280949264	0.149827065791826	0.0765884559829129	0.0258113478132183	0.00502526174059032	0.000423039968166119	7.87967344663319e-06	
9.83891240662257e-07	0	1.27905861286093e-05	4.47670514501327e-05	0.000325668000659207	0.00142565840771961	0.0048801005536848	0.0128255142676529	0.0324236438904044	0.068062644355293	0.119241223075201	0.172968572054045	0.202440542222463	0.184626699364652	0.12605909742737	0.0556090409766104	0.0161279452169357	0.00277900080925055	0.000145615903618014	4.91945620331129e-07	
8.84364871258584e-06	2.94788290419528e-06	4.17616744760998e-05	0.000118897943802543	0.00063674270730618	0.00236321946152988	0.00728028814572761	0.0185667491582566	0.0425281240311906	0.0841252083784728	0.137929475832028	0.187316340753646	0.200847123283902	0.166485617524967	0.100845108897251	0.0392505695555428	0.0101967269656115	0.00141596642164847	4.02877330240022e-05	
4.90441058548363e-07	1.02992622295156e-05	1.12801443466124e-05	6.03242502014487e-05	0.000255519791503697	0.000945570360881244	0.00362190721737966	0.0102683644428271	0.0257810151247118	0.055561086640827	0.100638505214124	0.15627757198326	0.196784570331945	0.192199436875577	0.145249514340742	0.0779899371303607	0.0274725463356451	0.00614277425831825	0.000709668211719481	1.96176423419345e-05	
1.47217443107819e-06	2.50269653283292e-05	2.15918916558135e-05	0.000150161791969975	0.000402394344494706	0.00164343738989362	0.00561978052823581	0.0148463884126132	0.0343477923762956	0.0702850424133454	0.119203435858832	0.172801381095906	0.19984179032114	0.178598804005492	0.122106073112108	0.0580527450655167	0.0181793913245742	0.00355628270067455	0.000316026777871452	9.81449620718794e-07	
7.41929660122023e-06	2.1763270030246e-05	4.64942587009801e-05	0.000196858669819043	0.00067614523025787	0.0026749037346266	0.00842485860057227	0.020200766166029	0.0452359459974131	0.0870768218701079	0.137883175755717	0.184901731416517	0.195558314434736	0.162855538875878	0.0989932014512144	0.041337847563132	0.011878788478327	0.00189241525308457	0.000137009677235867	
5.95753173502686e-06	2.38301269401074e-05	0.000101278039495457	0.00044433257523742	0.00109966106609037	0.00428545116139599	0.0121101726343759	0.0279929522399575	0.0577642277028204	0.10457404392786	0.154856108232465	0.194106809607711	0.187098766443408	0.142164579792946	0.0770740774389763	0.0282779208412829	0.00703435559613297	0.000946254623913433	3.92204172555935e-05	
9.95707504946177e-06	3.9330446445374e-05	0.000198145793484289	0.000702969498492001	0.00197598154356569	0.00653582406246671	0.0178704604450215	0.0380668936215973	0.0734155057546915	0.122433688369439	0.16950376925076	0.19586114261419	0.173480625025515	0.118416506440734	0.0578595674049174	0.0192231290904909	0.00401718192870535	0.00037886670563202	1.04549288019349e-05	
2.24704064746729e-05	6.49145075934994e-05	0.000307095555153862	0.00115148349623546	0.00337904979142469	0.00943856940409481	0.0242096159358125	0.0507781252090996	0.0905417565066807	0.140198858103877	0.180624617378912	0.191925234466208	0.156216762523756	0.0953494248075285	0.0417664935280236	0.0116181988321381	0.00221907747496547	0.000184756675458421	3.49539656272689e-06	
2.00429319602589e-06	6.51395288708413e-05	9.26985603161973e-05	0.000477021780654161	0.00192412146818485	0.00520013869708917	0.0139959793878488	0.0330452829961778	0.0641985132153072	0.10826590556973	0.156446608635698	0.185653670161486	0.182533486728573	0.135630019501773	0.0756254897991498	0.0287104978864728	0.00693285016505354	0.00111188165049536	8.86899739241455e-05	
2.51385764024183e-05	9.90459910255282e-05	0.000257419022360764	0.000882364031724883	0.00291104714740004	0.00778340602571676	0.020550786208977	0.04324337912744	0.0798888874923013	0.125847232871203	0.167711509697206	0.189063713721892	0.166172023278322	0.114492640681758	0.0570907125529481	0.0192757576138463	0.00413177641750148	0.000563104111414171	1.00554305609673e-05	
4.52911997689142e-06	5.03235552987936e-07	6.94465063123352e-05	0.00014140919038961	0.000375413722529	0.00146642840140685	0.00426240513380782	0.0117319304468078	0.0276316577434616	0.0559668387900003	0.0964903849299068	0.140715731797593	0.176692544716253	0.18517709613963	0.149807688533426	0.0929531422279546	0.0414857325172195	0.0125013776073263	0.00224342409522022	0.000271747198613485	1.05679466127467e-05	
1.05817759646549e-05	4.53504684199494e-06	0.000158726639469823	0.000167796733153813	0.000664636309399036	0.00223073915216795	0.00644077430381992	0.0162586468226454	0.0371803295870487	0.0699148015866617	0.113665910153668	0.156249496105906	0.181364081622781	0.176225369656707	0.129259920666914	0.0724700485350791	0.0286625038295951	0.00772671203057226	0.00124965735201638	9.17087250270087e-05	3.02336456132996e-06	
8.07623562619345e-06	2.67525305117658e-05	1.86762948855724e-05	0.000204429714288022	0.000271058658204118	0.00103678674851258	0.00347732420180292	0.0100301798830056	0.0231500246577569	0.0482242124534544	0.0862294630161409	0.129446914146082	0.16788878619731	0.179224792428125	0.161324320927394	0.109258344139505	0.0549749359074988	0.0200911504143361	0.00445353918311905	0.00062287967267017	3.73525897711447e-05	
4.30785666899291e-05	3.34492400180626e-05	4.25717600229887e-05	0.00023667871346114	0.000466262133585115	0.00191167474769897	0.00567674147639877	0.0144384151344634	0.0319754462306001	0.0614082434131605	0.101602066554865	0.14531414157847	0.174189451427396	0.174300442087456	0.144773378864844	0.0888158411546272	0.039316033994564	0.0127466944802165	0.00240023637462946	0.000301043160162563	8.10890667104548e-06	
3.10368285042233e-05	7.02144644849642e-05	0.00010176009345647	0.000343949115882868	0.000873610402323793	0.00325988459387801	0.00855191825408172	0.0203189466609206	0.042187190744716	0.0759267673311431	0.11818875174455	0.157498167046317	0.174374060945138	0.166750194743379	0.12502041561875	0.0703620166204761	0.0270106904066181	0.00772766149708432	0.00125775475512197	0.000144499332708187	5.08800467282349e-07	
4.26957919739027e-05	5.13366070162402e-05	0.000201280162162684	0.000630271214852849	0.00159194310074123	0.00443019670053019	0.0122028639727316	0.0273197157476821	0.0531679515219779	0.0921410770623465	0.135605901575017	0.166482075137478	0.17332305923482	0.152587136266161	0.105157194215533	0.0517722057510215	0.0181380873403419	0.00446730137688846	0.000599774220585776	8.79330001367282e-05	
3.54298706202353e-06	3.18868835582118e-05	7.28843052759127e-05	0.000399851396999799	0.000957618788764074	0.0025322234673291	0.00670130695731308	0.0170493598834661	0.0360777311115768	0.0674923851085217	0.108390603188486	0.149269587910113	0.171781727702211	0.16733578508038	0.135699947462563	0.0844845510579866	0.0372509659701154	0.0115693711805334	0.0025104594039481	0.000356323270237795	3.18868835582118e-05	
1.36949336860878e-05	3.70270429290521e-05	0.000135427677562424	0.000607649279849376	0.00139028937902098	0.00398319682358694	0.00981977467269108	0.0235436198854495	0.0470649221011883	0.0816892649979813	0.123794592225741	0.160446799747607	0.17380240341014	0.15860660643601	0.115423437205179	0.0653532379895432	0.0256470602556793	0.00718628964683302	0.00128478766766149	0.000157745347273085	1.21732743876336e-05	
1.46782378421168e-05	6.02313897659277e-05	0.000323427378659057	0.000909544600078756	0.0024861898027751	0.0061020977732607	0.0139392644886861	0.0316498238105313	0.0598801243499818	0.0973916265208426	0.138808552249971	0.166921933032817	0.170550494656615	0.144970375266866	0.0953822263748701	0.048688221068434	0.0171087515703184	0.00406688417453133	0.000667606748750072	7.54157737405313e-05	2.53073066243394e-06	
5.03639943226043e-05	0.000121077077260402	0.000486851945118508	0.00132269075998759	0.00356363414373579	0.00886202809191683	0.0195793843383239	0.0411499269976446	0.0744486668803321	0.113774298083625	0.150214937248498	0.172144132594661	0.162921925634256	0.12614349159837	0.076201740864531	0.0350986167707014	0.0112876394548479	0.00232437464707049	0.000274712696305114	2.95061784920308e-05	
4.5874529085216e-06	7.33992465363456e-05	0.000324689722525362	0.000624913029538609	0.00223714786838903	0.00566856264396319	0.0120038351106315	0.0265674689442181	0.0530600094909304	0.0892091384100806	0.130669518363319	0.159074007338905	0.170473827816581	0.150180975017241	0.107524289288858	0.059785215454823	0.0244847653237493	0.00662479171689503	0.00128601596535556	0.000117744624652054	5.09716989835734e-06	
2.86472561044233e-05	0.000136586024640733	0.000454263632512999	0.00112952038354583	0.00338498024362445	0.00780944663732369	0.016734090030141	0.0354494447547897	0.0659004548775023	0.104721579364154	0.143753465806431	0.16497699011465	0.164523749598427	0.136891936411276	0.0891108710198219	0.0440850577958392	0.0164818918647931	0.00384180166686106	0.000533555144944885	5.16673726169064e-05	
5.35855702303304e-05	0.000257107687932066	0.000533794718832906	0.00170804005109178	0.00495511950870276	0.0114317600644263	0.0226703029285029	0.0461284167885653	0.0805674505789045	0.11972046881191	0.153378389866969	0.167214287149613	0.155262128758912	0.119572078002041	0.0711420579229099	0.0320869364047483	0.0106166411018842	0.00235931082773733	0.000325635388322777	1.64878677631786e-05	
9.07916042150132e-05	0.000356940706856738	0.000754867337901967	0.00245241093213924	0.0069520428370353	0.0155404097866086	0.0307129838738547	0.0583509858152386	0.0950686669872907	0.134306723092352	0.161546279593523	0.164828266383604	0.142227382644069	0.100528095851031	0.0561968901540915	0.0219030854099967	0.00665165232937534	0.00131933171153588	0.000183658445097798	2.85345041818613e-05	
1.55990503298159e-06	0.000115432972440638	0.000518928407638543	0.00116888883804754	0.00372973293385899	0.00942494620927478	0.0210555981351855	0.0405304925036164	0.0709902381143036	0.111337181792372	0.14882169973492	0.165401410362137	0.159080675168496	0.124819440992432	0.0816750676218832	0.0424346165805426	0.0144587597507064	0.00375573135107535	0.000610962804584457	6.29161696635909e-05	5.71965178759917e-06	
1.24569909411724e-05	0.000174397873176413	0.000728733970058584	0.00175435955754844	0.00575980118642458	0.0134462836384172	0.0279280546488193	0.0516975504884438	0.0868527360482999	0.125746576014375	0.159302595362158	0.163597142989128	0.14772953173652	0.108469767661548	0.064792443174062	0.0301687558943626	0.00944188009211945	0.00210367434519049	0.000274572841995008	1.86854864117586e-05	
5.20840115105665e-07	4.73964504746156e-05	0.000355212958502064	0.00107188895688746	0.00308806104246149	0.00863917498925767	0.0187809737105952	0.0373911118634357	0.064739384627404	0.103964895376242	0.138149715491087	0.162837536947096	0.158467167541244	0.134508001406268	0.0909720178648159	0.049040221877889	0.0206408937616375	0.00593184807093842	0.00120730738681493	0.000161981275797862	4.68756103595099e-06	
1.71880460785473e-05	1.92714456032197e-05	8.95861795609131e-05	0.000533871128197302	0.00171828375797356	0.00485380004260552	0.0122019501661251	0.0247179728105945	0.0467895073749739	0.0794217941299177	0.119033469292514	0.150071434561202	0.162539539016604	0.150744893457553	0.119250663692961	0.0732377434908088	0.0370115925558052	0.0135900150994381	0.00352302859622103	0.000546371525345336	8.80236299174088e-05	
4.15690227642361e-05	2.65002520122005e-05	0.000202648985975651	0.000872949478048958	0.00271185912258185	0.00724651989337546	0.0162618017053692	0.0326067414562668	0.0590196985206624	0.0949498833469299	0.132401494406368	0.158359270671496	0.159834451366841	0.13926869696702	0.101145746189939	0.0582168967685281	0.025882432411367	0.00884796649536765	0.00184930190022395	0.000233825753048828	1.97452858130121e-05	
4.22375911432464e-05	9.33398619091495e-05	0.000430197687570103	0.00146319358948086	0.00424200992531247	0.010128678646499	0.0219937915955537	0.0419367134878186	0.0720427298415882	0.109875096664117	0.144082330972721	0.162228330160299	0.153953933910163	0.125752259320037	0.0830453616085326	0.0445278071963469	0.0181486064462907	0.00507685416506972	0.000829108270589652	0.000106897607214389	5.21451742509215e-07	
2.6091294483048e-06	9.96687449252432e-05	0.000219166873657603	0.000836486901126518	0.00247867297588956	0.00605787675307408	0.0142249737521577	0.028736951743629	0.0531766672859001	0.0856185828461219	0.124597411326127	0.152398207423704	0.162714183436411	0.144190408005227	0.110061951169621	0.0664106936735916	0.0325389751756988	0.0120171284130022	0.00310642952115169	0.000431550010749613	8.14048387871096e-05	
4.16679470879574e-06	3.1250960315968e-05	0.00017552622710802	0.000473452048786916	0.0012687889888283	0.00392043297163819	0.00907163293038692	0.0191505884816252	0.0374329211158051	0.0651520020667302	0.0994650356443245	0.137849027652412	0.159299686813293	0.158177777337949	0.130880063501951	0.0932950543792752	0.0521812909875876	0.0225407968265691	0.00778148911867604	0.00164848815666731	0.000169796884383426	3.07301109773686e-05	
1.20073087966588e-05	2.45366744975202e-05	6.16027146959018e-05	0.000298094492299661	0.000845210127903942	0.00191333855390238	0.0057133907595928	0.0129689376141999	0.0253672670321065	0.0479368311145915	0.0787616810232315	0.113781780214043	0.14850430696946	0.161599582354477	0.149190289741582	0.116955886191595	0.0762699034194727	0.038335160532498	0.0156554424432263	0.00492978334638476	0.000745497259201253	0.000117984860349778	1.14852518924563e-05	
1.03727015389977e-05	3.00808344630934e-05	0.00018100364185551	0.000401942184636162	0.00122916513237123	0.00312685087893086	0.00821984733457875	0.0174759275529034	0.0329851908940128	0.0588749353002741	0.0926930541278684	0.128710704316807	0.156661504518867	0.158924827994677	0.138923147617027	0.100415011788575	0.0589916281925879	0.0281520306119168	0.0105023603082352	0.00301741887769444	0.00041075898094431	6.11989390800866e-05	1.03727015389977e-06	
5.17978516323057e-07	3.41865820773218e-05	8.85743262912427e-05	0.000215479062790392	0.000595157315255193	0.00189631934825871	0.00472241013331731	0.011759148277566	0.0231049496991063	0.0434009019041926	0.0718617494620793	0.107755070750686	0.140485097240107	0.159467455927798	0.153445437697026	0.124127335694625	0.0830785742330551	0.0454458810866361	0.0198582603587934	0.00685544566353566	0.00152855460166934	0.000253809472998298	1.96831836202762e-05	
2.86865921997505e-05	7.87577349484059e-05	0.000207586612645467	0.000400047567585611	0.000944049670573607	0.00286552977355326	0.00698440283903379	0.0160462365277332	0.030271135237984	0.0553630366479039	0.0854865663296601	0.120355379935659	0.150874784589771	0.159882896114897	0.142367384492133	0.108798855874388	0.0667615236648738	0.0336321606949875	0.0137930351040437	0.00396865963723457	0.000752110290037094	0.000130393600907957	6.78046724721375e-06	
2.40877043789352e-05	3.56079108210346e-05	8.64015483157458e-05	0.00032675494635773	0.000628374896841788	0.00185580052867275	0.00416088910858737	0.0103540473627106	0.0217695246553364	0.0390964387900013	0.0671900331363029	0.100448869134644	0.131713662127007	0.155537972695016	0.156475298582805	0.12856340931084	0.0927271889439532	0.0525667019952998	0.0247904369719033	0.00913028725111118	0.00208987017774631	0.00039482889351559	3.3513327831562e-05	
1.20854557320266e-05	4.36127315547046e-05	0.000138194559022739	0.000520725505671231	0.00108506374289717	0.00302661847897709	0.0065350788234441	0.0142130213954603	0.0281748754935332	0.0504793722288838	0.0797098860078797	0.114925853101811	0.141908997569247	0.157636904567987	0.147159339902917	0.114544373064357	0.0756738692479799	0.0400459457499656	0.0171539907751191	0.00557139509246425	0.00116125465946864	0.00026430366231345	1.52381833142944e-05	
1.00054924887715e-05	6.58256084787597e-05	0.000276467555610791	0.00061349467102204	0.001589820095979	0.00478051899016144	0.00919768062152013	0.0199040841893734	0.035657995415378	0.0629814155876094	0.0954697763035182	0.128082415768235	0.148652128510546	0.155476927597623	0.133988289360949	0.0982218133427982	0.0599997788259555	0.0294730212427138	0.0116785161538676	0.00315067692422735	0.000593483686044497	0.000131124612089689	4.7394438104707e-06	
2.8924639743612e-05	0.000149882224125989	0.00044280993934766	0.00103918342060686	0.00255641225079451	0.00658061849294213	0.0125890550215015	0.0253548132967095	0.0462941488609214	0.0755706174043239	0.109884706385982	0.137253726413928	0.152132561098042	0.151173840766177	0.118434829894194	0.0831478212120686	0.0469893920198497	0.0210923732035827	0.00702500613991216	0.00192269968913901	0.000293453617762464	4.31240083450215e-05	
5.0193322719537e-05	0.000200250443766486	0.000731463109214919	0.00140018456503042	0.00400553172244138	0.00892813727873764	0.0182541612094499	0.0335803785935936	0.0577657174377354	0.0882048305844646	0.122724242590603	0.145301303719273	0.153510003372364	0.141331848447536	0.101817677983692	0.0678247730189977	0.0343003390663519	0.0145314897744176	0.00436629622948805	0.00102582603308054	0.000138031637478727	7.31985956326581e-06	
9.2294022684515e-05	0.000343104332917576	0.00105329901594757	0.00223695682099757	0.00559552066343238	0.0124800290335095	0.0240329463589226	0.0428776129115688	0.0690849438727198	0.101625626243623	0.133378420093191	0.150211389812408	0.149933986309199	0.127683305314884	0.0877737013135994	0.0538736374899363	0.0249725725107728	0.00972215849125866	0.00246013106794091	0.000514135064219954	4.95363398589205e-05	4.69291640768721e-06	
2.06357034814495e-06	0.000162506164916415	0.000467914576441868	0.0015930763087679	0.0031546831697266	0.00831257725491491	0.0173891914312305	0.0308772031192929	0.0536734647552502	0.0830489045536807	0.115453149730601	0.14053636320489	0.150667461829107	0.143516674680198	0.111726341681851	0.0735384247116676	0.0406930913728314	0.0178994091998093	0.00559382332123393	0.00143314960678667	0.000230603986405199	2.99217700481018e-05	
3.21636486443022e-05	0.000236887824935813	0.000639699234147788	0.00218559650549616	0.00455549582306522	0.0112205185699123	0.0230598044756483	0.0397563118607794	0.0651124987428098	0.0977162277860229	0.128647447099732	0.144029329163291	0.149197465912914	0.132945123199538	0.095175299543123	0.0595834143806226	0.0295522666948481	0.0120041884218012	0.00346295283736987	0.000738742850608021	0.000132228333315465	1.63370913748837e-05	
3.5540391655116e-05	0.000412268543199346	0.00107484298762687	0.00309607583304139	0.00696337816499881	0.0154489005325982	0.0301717616356704	0.0495732614401982	0.0781756609243548	0.11118151493458	0.138766443777639	0.14615021400393	0.144476769276855	0.118091582512096	0.0795272112470108	0.0455313034692499	0.0208297158291827	0.0078361486400723	0.00222025903868318	0.000382820790113679	5.43260272442488e-05	
