# <P(U)> as a function of N_tot.
# number_of_species: 1
# species_total_upper_bound: 151
# species_total_lower_bound: 97
# volume: 729
# Bin widths for each
10	10	10	10	10	10	10	10	10	10	10	10	10	10	10	10	10	10	10	10	10	10	10	10	10	10	10	10	10	10	10	10	10	10	10	10	10	10	10	10	10	10	10	10	10	10	10	10	10	10	10	10	10	10	10	
# Bin lower bound for each
-240	-240	-260	-260	-260	-260	-260	-260	-270	-270	-270	-280	-280	-280	-310	-310	-310	-320	-330	-330	-330	-330	-340	-340	-340	-350	-350	-350	-350	-360	-360	-370	-370	-370	-380	-390	-390	-400	-400	-400	-410	-410	-410	-410	-410	-420	-420	-430	-430	-430	-440	-440	-440	-450	-450	
# Bin upper bound for each
-100	-100	-110	-110	-110	-110	-120	-120	-120	-120	-130	-130	-130	-130	-140	-140	-140	-150	-150	-150	-150	-160	-170	-170	-170	-170	-170	-180	-180	-180	-190	-190	-190	-190	-200	-200	-200	-210	-210	-210	-220	-220	-220	-230	-230	-230	-250	-250	-250	-250	-260	-260	-260	-270	-270	
# Normalized histogram for each
1.58555496009158e-05	0.000643735313797182	0.00201048368939613	0.00685276853751582	0.0210466565402557	0.046935597928631	0.0946798288869087	0.156614776738006	0.218001122572912	0.216773903033801	0.149425870548951	0.0672560702971647	0.0181546042930486	0.00148090833272554	0.000107817737286228	
6.02663773880552e-05	0.000945230550612655	0.00320363374536504	0.00997884332962219	0.0288929700856734	0.0626453133375837	0.113900281348825	0.173636948998785	0.218874795015019	0.200696552446022	0.125772757694272	0.0493105843618266	0.0111683113043864	0.000891308002423343	2.22034021955993e-05	
6.32717172260414e-06	5.69445455034372e-05	0.000161342878926406	0.00136666909208249	0.00465679838783664	0.014704347083332	0.0388045441747312	0.0802506825436496	0.136135426783551	0.192251112791327	0.215288345033328	0.177198771263251	0.0984096653875235	0.034037020281749	0.00633033530846544	0.000341667273020623	
3.45892370872089e-05	0.000113201139558138	0.000446515606034879	0.00185524089831393	0.00768509958555805	0.0221779899250986	0.0510851587017087	0.0990038299718884	0.15567986717733	0.201469728128596	0.204296612141451	0.151356212541428	0.078520712664063	0.0227471400989881	0.00333943361696508	0.00018866856593023	
7.24934598291676e-05	0.000182809594351814	0.00109370567655309	0.00349859740914678	0.0109339048759731	0.0294102814637375	0.0658618841995776	0.118971223248337	0.17194818293567	0.207696914300123	0.191373278280329	0.125952658618842	0.0566331515743688	0.0145018438553913	0.00176821004192013	0.000100860465849277	
0.000156989814500835	0.000797508257664243	0.00200632982932067	0.00576466598847067	0.0165812642075782	0.0393856046619695	0.0816692412996245	0.136577998819437	0.188525928437763	0.210143425894528	0.168726373032918	0.100950730316617	0.0391720985142484	0.00852140713110533	0.000985896035065245	3.45377591901837e-05	
0.000231264414425831	0.00087753757254733	0.00283853308665129	0.00874052766302557	0.0234178979648732	0.052516030108726	0.0979452315178549	0.155146742022962	0.198288643333249	0.202650987150569	0.148899434827787	0.0766277213168766	0.0265890716476164	0.00472349646450566	0.000506880908330588	
0.000495957008688665	0.00148159308924715	0.00499723770779971	0.0117209080407815	0.0316062729144694	0.0692676158907137	0.115696097634473	0.17045226256843	0.203744161518758	0.188429134649189	0.12489327507408	0.0574902064185626	0.0170759881472553	0.00258964893777309	5.96403997790166e-05	
6.89717874038706e-05	0.00115998006088328	0.00242341780287236	0.00672788435312301	0.0171488944135987	0.0445056133629703	0.0856410143868878	0.13279263632117	0.185546648441394	0.201259675644494	0.16827235077797	0.101300745208812	0.0417937680854999	0.0101106370171583	0.00115057481714639	9.71875186145449e-05	
0.000174143973530116	0.00181296315300103	0.00414835822659241	0.0101874224515118	0.0242060123206861	0.0559686292070541	0.100356684174355	0.153750470344214	0.195479720001368	0.192824024405034	0.146996171942296	0.0783368006642349	0.0293463692536376	0.00593644366908913	0.000466457071955668	9.32914143911336e-06	
0.000251958118961559	0.00279953465512844	0.00631761653840651	0.0132293565425125	0.0337623879408489	0.0712077192502224	0.112600394423327	0.171844768913967	0.202437461506398	0.177418953471734	0.12521074274765	0.0608027821153284	0.0190181720905058	0.0029301796057011	0.000167972079307706	
1.25251285391316e-05	0.000748376430213115	0.00431803806386563	0.00853274381728343	0.0181708302281452	0.0438974442475216	0.0847418884136298	0.128379436243964	0.186342599840931	0.200308118162063	0.162212939710294	0.103579681736484	0.044886929402113	0.0123842208430664	0.00144038978200014	4.38379498869607e-05	
7.14012970200824e-05	0.00137214666447289	0.00500119519562403	0.0116042629678725	0.0250960037004498	0.0564566951133573	0.100924181135777	0.150728138009394	0.192671743402365	0.191327536375856	0.143175122546357	0.0816675617698829	0.0315500600702216	0.00728914110448493	0.0010306622004638	3.4148446400909e-05	
0.000218438724817136	0.0022499188656165	0.00741131387772424	0.0168853134283646	0.034641261202786	0.0711392515665177	0.115320043937389	0.167221084953941	0.203038794717528	0.1768604738248	0.119632648475922	0.0604669595825948	0.0202243053648551	0.00427515789999251	0.000408792470729211	6.24110642334673e-06	
6.3300554196352e-06	4.11453602276288e-05	4.7475415647264e-05	0.000452598962503917	0.0032726386519514	0.0104572515532373	0.0221551939687232	0.0462030745079173	0.088114371441322	0.131620842340475	0.179824214360997	0.197665475561239	0.161698100666871	0.0992077935642326	0.043813478587005	0.0129164780837656	0.00234845056068466	0.000155086357781062	
6.90473350867172e-05	6.90473350867172e-05	0.000204003490028937	0.00114555805939326	0.00487097563884478	0.0148985318025748	0.0293827795946294	0.0594152318421201	0.104773053963631	0.152020262254333	0.190319563620842	0.186920551625437	0.139346937750689	0.0778759784321233	0.0303368882249186	0.00720916948609952	0.00112986548323719	1.25540609248577e-05	
4.70796493507716e-05	4.70796493507716e-05	0.000524153429438591	0.00192398833680153	0.00785916279828881	0.0211262079853363	0.0389191767966379	0.0715296805802724	0.122494970324128	0.16475994086796	0.195625358982326	0.172807422263652	0.118687796013295	0.0595369245689858	0.0200433760502685	0.00368162857923034	0.000379775838096225	6.27728658010288e-06	
8.74497164130625e-05	0.000134297778777203	0.000112435349673937	0.00148039877070684	0.00374159858081603	0.011777602878345	0.0280932213976963	0.0510831272018589	0.0890269345126552	0.137901956375084	0.176507882967294	0.192102041326237	0.156672413362317	0.0949797616370587	0.0416166954001449	0.0124709542013342	0.00204882192739175	0.000162406616195687	
1.25508308650033e-05	0.000279255986746323	0.000147472262663788	0.000301219940760078	0.00199558210753552	0.00607460213866158	0.0172040514082032	0.0364381997088207	0.0670622270194287	0.104582935890356	0.1546764395803	0.180879436718711	0.186031552788795	0.131896681560319	0.0753018474823033	0.0294662131633114	0.00657035995782921	0.000988377930619007	9.09935237712737e-05	
0.000132849171906828	0.000344775231853436	0.000347938307375027	0.00065791970849096	0.0029669648392525	0.00855611928590407	0.0251369611700849	0.0469969760998014	0.0822526158634563	0.12669066386629	0.160798107215608	0.187731695281957	0.166602350797728	0.110887938560421	0.0557681845211736	0.0197945266141174	0.00383681060769007	0.000477624403760264	1.89784531295469e-05	
0.000156023278673178	0.00050863588847456	0.000174746072113959	0.00131683647200162	0.00399107546845989	0.0125505125364704	0.0328772252820121	0.0594885556925093	0.0973366826330489	0.143322983789181	0.169684676953802	0.182653331877116	0.151177195637589	0.087947201722497	0.0415958060942693	0.0129624139921676	0.0020470254161921	0.000202830262275131	6.24093114692712e-06	
0.000327799249495814	0.000418334280308943	0.000355896328024026	0.0015390955238232	0.00512615588259167	0.0190466973445139	0.0410061251631191	0.0738734632458994	0.1152261190442	0.15405628157019	0.17841644865415	0.177795191028915	0.128871933516068	0.0663590556884096	0.0289868193482727	0.00755187032886069	0.00103334811031537	9.36569284273753e-06	
3.10943339904603e-06	0.000370022574486477	0.000537931978034962	0.000450867842861674	0.0021548373455389	0.00915106249339245	0.0269961007705176	0.0501489418598143	0.0875834105509294	0.132219326994235	0.167007667862762	0.17930236752259	0.16219115552764	0.108230048320595	0.0485600213929018	0.0204662906325209	0.00408579548634648	0.000541041411434009	
3.42907732881111e-05	0.000523713628400242	0.000427075994588292	0.000851034646150393	0.00378757177682318	0.0156365926193787	0.0357652765394999	0.0635563896180008	0.102909727980648	0.147896105191623	0.173296216169035	0.172476354953146	0.147596840261109	0.0858017494529063	0.0335769017351131	0.0132829986346038	0.00230059915332963	0.000280560872357272	
0.000114554984844685	0.000606831811609683	0.0005201415528083	0.00191337785497339	0.00669063033106391	0.0223196455606847	0.0458529547445888	0.0778633328069996	0.120025759391187	0.160689682930378	0.17055998811105	0.165736294424888	0.127728808101824	0.065934133979795	0.0246293217416073	0.00747393874094783	0.00114864592911833	0.000191957001631635	
1.2374093597644e-05	0.00034338109733462	0.000581582399089267	0.00101467567500681	0.00279654515306754	0.0104406414730121	0.0294627168559903	0.0562897517756824	0.095735268641572	0.137389561214641	0.169209542900983	0.167585443116292	0.154125522805454	0.105257133664959	0.0479805479248645	0.0169586952755711	0.00419481772960131	0.000581582399089267	4.02158041923429e-05	
8.87292442410131e-05	0.000480361770546174	0.000731251357710418	0.0017195115608086	0.00377252269479894	0.0164302083301462	0.0368777096840321	0.0704296025235821	0.111517361865395	0.149022295517337	0.174588556375196	0.166728369187087	0.135446721148462	0.0847609052830616	0.0342311305023605	0.0107270596658273	0.00218151555668422	0.00026312810361128	3.05962911175907e-06	
6.14499735765114e-05	0.000737399682918136	0.00117676699399019	0.002307446507798	0.00723266188995539	0.0220974104981135	0.0474025096169209	0.0804472329076898	0.129149409465754	0.164240416876621	0.175897476864085	0.156906362530264	0.113298388781693	0.0681388032003146	0.0227764327061339	0.00672262710927034	0.00124436196492436	0.000162842429977755	
0.000108527468302227	0.000635660885770188	0.00205582032812505	0.00340156093507267	0.011181430019938	0.0298512553527298	0.060573831236686	0.0966483617003464	0.141305864514309	0.168459437083526	0.174400540776871	0.148651623725965	0.0938297483092971	0.0493117808117234	0.014979891410516	0.00389148493483701	0.000623257746535648	8.99227594504169e-05	
6.22370484702133e-06	0.000276954865692449	0.000939779431900222	0.00276954865692449	0.00654422564664293	0.0172925639174488	0.0385682989369912	0.0753815131071224	0.114690432920909	0.152449650227788	0.179893076750728	0.162675197291444	0.129281908934751	0.0729542682167841	0.0334710846672807	0.00976188105255296	0.00273843013268939	0.000261395603574896	4.35659339291493e-05	
0.000100099160731099	0.000147020642323802	0.00198008652321206	0.00385381768814732	0.00899015587316185	0.0240707200570565	0.052023410691216	0.0915125295996346	0.131999512016591	0.16186347100096	0.178814638251017	0.148315675215761	0.110281122236716	0.0561775258615566	0.0231229061288839	0.0052677183334741	0.00127626429932152	0.000203326420235045	
6.26187799983093e-06	0.000181594461995097	0.000322486716991293	0.00219165729994083	0.00591434377084031	0.0130059206056488	0.0324240042831246	0.0655493389022302	0.107012364078111	0.146142839699054	0.165833315069523	0.170964924090384	0.137623554680284	0.092703972848497	0.0405738384999045	0.0157235756575755	0.00321547435291318	0.000513473995986136	9.70591089973794e-05	
7.47023577931678e-05	0.000224107073379504	0.00090576608824216	0.00391253598941717	0.00899229631935258	0.0196716208855342	0.0444510154851762	0.0800217881876897	0.124117967473348	0.156716208855342	0.168155007392421	0.155850906544238	0.126259435063419	0.0705937281145436	0.0286452416154385	0.00905454828418022	0.0020916660182087	0.000230332269862268	3.11259824138199e-05	
0.000197170915381876	0.000276675316745535	0.0018922047524551	0.00519004732101969	0.0132168116826948	0.0285229990332265	0.0590972116216354	0.0956342543123187	0.138805144252786	0.160948710120592	0.168743321630285	0.142201572279041	0.104945809800031	0.0535287233501247	0.0201082531928968	0.00529499313081972	0.0012275479570549	7.95044013636595e-05	8.90449295272986e-05	
6.36924419363776e-06	0.000299354477100975	0.000471324070329194	0.00272922113697378	0.00786601657914264	0.0199675805470544	0.0381645112082775	0.0741507409023308	0.111337573126885	0.150451101720014	0.163702314264878	0.162816989321962	0.126996359976943	0.0833925142272992	0.0401963001060479	0.0133754128066393	0.00339799177730575	0.000592339710008312	8.59847966141098e-05	
1.91581279954531e-05	7.02464693166615e-05	0.000249055663940891	0.00110159235973856	0.00488212961750797	0.0109169399360757	0.0259049820711852	0.0514619248171197	0.0906466826104865	0.126612874900617	0.158760213676988	0.165641174648688	0.146665048869191	0.110571135725758	0.065089739864552	0.0307424093900371	0.00862115759795391	0.00183598726623093	0.000178809194624229	2.87371919931797e-05	
6.78025203165409e-05	0.000280896155597098	0.000477846333659431	0.00231820045653697	0.00767782825298735	0.0158787045198452	0.0353670860736852	0.0690132796079077	0.108752013896288	0.137380820927086	0.165144338650988	0.15801538794342	0.13043913432325	0.0914752859813446	0.0487790703305857	0.0221197650804106	0.00575352815257504	0.000920177061438769	0.000119461583414858	1.93721486618688e-05	
1.30948327789854e-05	0.0001342220359846	0.000173506534321557	0.000991933583008145	0.00456354922347642	0.0105871723018097	0.0217668857868685	0.0448465285598303	0.0860395987743237	0.122138779037792	0.150593850666527	0.166235628421025	0.146793075452426	0.116177356415159	0.0729153026215855	0.036564046827122	0.0155337453840714	0.00349959406018385	0.000307728570306157	0.000124400911400361	
1.964662274555e-05	0.000229210598698084	9.49586766034919e-05	0.00205307207690998	0.00677808484721476	0.012953673263566	0.0293880731902186	0.0587564997576917	0.102486607552162	0.134926456142189	0.161979855662812	0.162500491165569	0.134651403423751	0.0975160119975376	0.0586287967098456	0.0256584893056884	0.00940745785799421	0.0017452749872297	0.000183368478958467	4.25676826153584e-05	
2.3094002487554e-05	0.000296922889125694	0.000362905753375848	0.00290654517021929	0.00871303722423287	0.0187556291631063	0.0397249834218054	0.0736764662217222	0.115070816109056	0.146976830117219	0.165577399549337	0.157039216915367	0.122025410001023	0.0805815729655009	0.0439148953016902	0.0184686037036182	0.00489922767057395	0.000880871237739559	0.000102273439587739	3.29914321250771e-06	
9.90854413760986e-06	9.24797452843587e-05	0.000495427206880493	0.000924797452843587	0.00386763506171372	0.012976889972223	0.0244774068679422	0.0527530889886349	0.089398188057562	0.130409652243129	0.152449557253219	0.165489201338314	0.145966066539177	0.107702571927773	0.0643659027179137	0.0314265991564526	0.013181666551067	0.00335569361460387	0.000538364231476802	0.000118902529651318	
9.20310933622574e-05	0.000328682476293776	0.000433860868707785	0.00230735098358231	0.00628112212197407	0.0173544347483114	0.0339167447287548	0.0649443704908873	0.103623724301139	0.144856940952193	0.154888330128679	0.163427500862792	0.132685828855035	0.0917681473812224	0.0502686979243702	0.0228269979786028	0.00821048825781853	0.0014363424214038	0.00027938010484971	6.9023320021693e-05	
9.85118148503277e-05	0.000518828891545059	0.000935862241078113	0.0035168717901567	0.0105144943716916	0.0218269344436709	0.0441300093257851	0.0802411569227536	0.12024352120631	0.156325115258823	0.159520181787136	0.152607936111804	0.116148713435698	0.074645685839255	0.0371816426516754	0.0157651741032141	0.00514231673518711	0.000413749622371376	0.000210158538347366	1.31349086467104e-05	
9.46255926335608e-05	0.000730901129307504	0.00177178264827667	0.00523703710954707	0.0140176395156475	0.0296863324751771	0.0577052967491214	0.0935814481631215	0.140160080399124	0.161548727285779	0.157636448473102	0.143135892139876	0.0969422881773479	0.0581490581490582	0.0267953574726483	0.0097235953809659	0.00270172381726167	0.000208828894087858	0.000172936427916508	
0.000303006607498925	0.00109799168523804	0.00310826132853736	0.00761426281424718	0.019242548643964	0.041042733706064	0.0744809790045744	0.111842019522748	0.151529368833978	0.159440121984596	0.155263192190901	0.124757268900444	0.0790879826927839	0.0457735465457247	0.0174961879813895	0.00636639689304193	0.00133583558144687	0.000101002202499642	0.000117292880322164	
2.31220746446633e-05	0.000528504563306589	0.00187288804621772	0.00529165194010722	0.011309997654761	0.0262237358005688	0.0509346272886725	0.0891554166763009	0.126520689302077	0.158700010900407	0.162551487905503	0.139624299318559	0.109463204521357	0.065812030745753	0.0340819380262336	0.0129285428798874	0.00444274148529601	0.000488866721058595	3.30315352066618e-06	4.29409957686603e-05	
0.000232134744270417	0.00106118740237905	0.00296137609476404	0.0073852010784317	0.0180700317361358	0.0355166158733738	0.0636612955108457	0.103462455521325	0.137397238923027	0.159310758782155	0.15649861216585	0.12891437212526	0.0976524544932996	0.0522900092522277	0.0249942795366591	0.0084994478509297	0.00191013732428229	0.000182391584783899	
0.000116832178920137	0.000534089960777769	0.00144204289409997	0.00554785946757907	0.0106283902194776	0.0246182091296003	0.0470332971709922	0.0743920554118334	0.117693398981891	0.149868981056497	0.161685721438705	0.147265292497705	0.117443044312776	0.0787115079696236	0.0415254944504715	0.0153450721855963	0.00502712175582075	0.00100809480096804	0.000113494116665276	
0.000107862865848931	0.000586504333053564	0.00327970526471907	0.0086627364134923	0.0173928871181402	0.0330161490934463	0.0617750857004176	0.0933957589669434	0.130035426210002	0.149642872792603	0.156933728381079	0.137535266101061	0.100750658132017	0.0616099206870865	0.0308858574929299	0.0105267415639441	0.00320554954444793	0.000596616476726901	6.06728620400239e-05	
0.000329099150449203	0.00124175555736504	0.005106125994083	0.0115354341394566	0.0207366392530467	0.0435055505794859	0.0742542681106316	0.110014113942947	0.138499850717911	0.154089650679912	0.152271123415574	0.123093260592243	0.084554732242217	0.0479670493716581	0.0233931818798686	0.00672108677360693	0.00245976169150178	0.000223923133295334	3.392774746899e-06	
0.000128428274498538	0.000851682241411359	0.00264291870152255	0.00774287307568819	0.0168545211822161	0.0273721209253595	0.05590347601264	0.0874055798705578	0.129469219460263	0.147019957077919	0.151133041553306	0.144627135542525	0.103918752217923	0.0688375551312165	0.0345607246058435	0.0160636733866198	0.00393396082937628	0.00145326731669399	8.11125944201294e-05	
0.000307400238488537	0.00174981674216552	0.0038982403869865	0.00953278541774341	0.0210079349797825	0.0383946275896781	0.066246440406579	0.103053396434833	0.144937523435046	0.149291797142867	0.147633187064868	0.132705696362881	0.0885988291766741	0.0542578311055261	0.0249027973421702	0.0103367552722519	0.00254703054747645	0.000584398255588097	1.35120983951005e-05	
0.000920749317718131	0.00256352507882674	0.00574971516388013	0.0140530192628706	0.0266255531120002	0.0472529874672107	0.0779556715508333	0.121194456956625	0.154152645663867	0.149956280967648	0.14271614424631	0.111344426485785	0.0772336451074428	0.041254868710421	0.0182924405818606	0.0065147982300416	0.00193092392888371	0.000271587928247794	1.65602395273045e-05	
8.16179951355675e-05	0.00140382951633176	0.00334960252036369	0.00875597851814368	0.0195099655572061	0.035559328120664	0.0561009451363837	0.0933285450776187	0.139054210672369	0.155887105989128	0.148567604185371	0.131026264670835	0.0946017858017336	0.064344362645076	0.0312237802190627	0.0116419908261373	0.00451184277109417	0.000901062666296665	0.000150177111049444	
0.000174360458995684	0.00262856616485946	0.00380303189809454	0.011695310032635	0.0261409095694284	0.0457449468365091	0.0699942099168333	0.109824060427413	0.15171004842615	0.156634908937783	0.143636830192652	0.116887303926729	0.0800117117591325	0.0498868301926519	0.0208508790398989	0.00760935361617012	0.00243775660595852	0.000266475418465102	6.25065796399621e-05	
