# <P(U)> as a function of N_tot.
# number_of_species: 1
# species_total_upper_bound: 151
# species_total_lower_bound: 97
# volume: 729
# Bin widths for each
10	10	10	10	10	10	10	10	10	10	10	10	10	10	10	10	10	10	10	10	10	10	10	10	10	10	10	10	10	10	10	10	10	10	10	10	10	10	10	10	10	10	10	10	10	10	10	10	10	10	10	10	10	10	10	
# Bin lower bound for each
-240	-240	-260	-260	-260	-260	-260	-260	-270	-270	-270	-280	-280	-280	-310	-310	-310	-320	-330	-330	-350	-350	-360	-360	-360	-360	-370	-370	-370	-370	-380	-380	-380	-380	-380	-390	-390	-400	-400	-400	-410	-420	-440	-440	-440	-450	-450	-450	-450	-450	-460	-460	-470	-470	-470	
# Bin upper bound for each
-100	-100	-110	-110	-110	-110	-120	-120	-120	-120	-130	-130	-130	-130	-140	-140	-140	-150	-150	-150	-150	-160	-170	-170	-170	-170	-170	-180	-180	-180	-190	-190	-190	-190	-200	-200	-200	-210	-210	-210	-220	-220	-220	-230	-230	-230	-240	-250	-250	-250	-260	-260	-260	-260	-270	
# Normalized histogram for each
1.06818434298117e-05	0.00046359200485383	0.00185223165072936	0.00706710761316345	0.0204706847488912	0.047944386050367	0.0962946821510669	0.16012510575025	0.219304654720093	0.217095649498808	0.145386298185796	0.0642171063313422	0.0181890429922834	0.00150613992360346	7.26365353227199e-05	
4.04287146009367e-05	0.000740483825322419	0.00340239550773146	0.0100475994918749	0.0285639507791039	0.0636922481131493	0.115834650812936	0.179754576424101	0.221536589050627	0.197775144000698	0.12066694612129	0.0461419303221743	0.010941286867264	0.00084687517953541	1.48947895898188e-05	
4.24947837652928e-06	3.82453053887635e-05	0.000125359612107614	0.00123022399000523	0.00514611831397696	0.0144503512193878	0.03722118110002	0.0810800474241787	0.139013186131402	0.198265787874538	0.216362191540988	0.175295232510209	0.0934545284566319	0.0316203685997544	0.00639546495667657	0.00029746348635705	
2.32200756552283e-05	7.59929748716563e-05	0.000341968386922453	0.00180694406917049	0.00777661442853283	0.02107960686301	0.050556437449338	0.101433734125912	0.159093403809781	0.208735814644691	0.203889151580654	0.149138324101594	0.0717479228586868	0.0206532018373413	0.00349145501215888	0.000156207781680627	
4.86040083514366e-05	0.000122566629755797	0.000847400319518524	0.00339382771358292	0.0107541651521939	0.0287989315571034	0.0653681647971734	0.121419152515152	0.177400404047235	0.211368266231626	0.190291032349137	0.123585200713422	0.0516111172159624	0.0130934972063261	0.0018279333575649	6.97361858955394e-05	
0.00010985319810123	0.000536590621494468	0.00165202309452234	0.0051314118882286	0.0153752226111683	0.0380852587570956	0.0822652574473074	0.140356473627838	0.193793716819581	0.211921607067786	0.167859911821683	0.0977270950800555	0.0359980479931722	0.00807421006044039	0.00108374405049867	2.95758610272542e-05	
0.000170298277432924	0.000589657785611499	0.00241397808261169	0.00796783065539292	0.0221089738677293	0.0514726543541012	0.100329101421139	0.158571112303199	0.201631031752114	0.204157832443525	0.147067463662605	0.0746119328002997	0.0237927980858474	0.00451077562350457	0.000604558884886879	
0.000382889696036351	0.00112751496125622	0.00410178519676511	0.0109472606463432	0.0304302114778061	0.0678243615155663	0.116527507768853	0.174043463269032	0.208355457024334	0.190131176740614	0.122928746554522	0.0553159263074837	0.0150998157475551	0.00258714971410198	0.000196733379731385	
4.64818520060088e-05	0.000838786147562978	0.00186772532605963	0.0059581283025884	0.0163764015862988	0.0423259518743807	0.0845969706509361	0.133671242312007	0.189633279315787	0.205521621456023	0.169381981521351	0.0995556757510516	0.0396215532122129	0.00931327289284032	0.00119796409488214	9.29637040120177e-05	
0.000117614443053607	0.00128535784194299	0.00342132013811296	0.00885678761351894	0.0234619811312829	0.0544386850705267	0.100549847521276	0.152951282417481	0.198934329135618	0.197363336217688	0.148271907790277	0.0766951181605101	0.0276183915384809	0.00557618475548797	0.000451555451009384	6.30077373501466e-06	
0.000193338643140996	0.0020111421900645	0.0053966699520226	0.0119933003957138	0.0330714155120637	0.0693224111010005	0.114941924854313	0.171730948262999	0.206033846871592	0.180756920787897	0.126329991236716	0.0577010774426341	0.0176568617355506	0.00272355305989925	0.000136597954393095	
1.6868348862757e-05	0.000634671625961232	0.00316703249898263	0.00759919116267203	0.0169063026476982	0.0422299113779122	0.0837597862780199	0.133466593289349	0.185946135144994	0.203946771925164	0.163595572901841	0.103430389595602	0.0423184702094416	0.0115252993604787	0.00142537547890297	3.16281541176694e-05	
8.79209214112564e-05	0.00114715868888973	0.00395016139769145	0.0107158856358148	0.0237219019388657	0.054883588513341	0.100945777911753	0.153878359311872	0.194455957898439	0.195408434547061	0.143618825125287	0.0797212488120209	0.0297256448580914	0.00688504548861005	0.000831062042863543	2.30269079886624e-05	
0.000256526712420939	0.00188399946171444	0.00623444018301709	0.0151497947786301	0.0326398701386085	0.0691717972009151	0.118477492935002	0.16962513457139	0.204813450410443	0.178855890862603	0.12053180931234	0.0585217332795048	0.0194792087202261	0.0040140122459965	0.000340633831247477	4.20535594132687e-06	
4.25993256526749e-06	2.76895616742387e-05	0.000104368347849054	0.000379133998308807	0.00287119454899029	0.00922062403752149	0.0198150763273417	0.0441073417807796	0.0876587623617918	0.133031304114456	0.180908686215497	0.201311633236846	0.164258739784149	0.0988325654804884	0.0428293620111994	0.0121301579795992	0.00232166324807078	0.00018743703287177	
4.67792487252655e-05	4.89055782127775e-05	0.000386991966727196	0.00101425916554326	0.00444615495838773	0.0134362760315888	0.0267215826695641	0.0564179002921577	0.104817412086907	0.153357261627833	0.190363900028493	0.191297358673511	0.141651817799079	0.0778023959480665	0.0300896885777833	0.00686166525620144	0.00120350248993183	3.61476012877051e-05	
3.19326264159459e-05	6.81229363540179e-05	0.000638652528318918	0.00194363252785057	0.00729341187340204	0.0195108347401429	0.0364117094812225	0.0699665133190985	0.122559549026161	0.165887865389078	0.195387225672129	0.177232463133783	0.119764379793886	0.0587943517570396	0.0202239967300991	0.00389365158098433	0.000378933833469224	1.27730505663784e-05	
5.93396346373924e-05	9.11287246217098e-05	0.000173780358580935	0.00137328868732251	0.0035158733522655	0.01066206078074	0.0255351163480693	0.0490399694824736	0.0890560759547323	0.138716992328233	0.17744670029246	0.193561649641843	0.158061713220023	0.0957063535794515	0.0420357733225957	0.0124507269105243	0.00235451193150511	0.000158945449921587	
8.5165092531873e-06	0.000212912731329683	0.000100068983724951	0.000347047752067383	0.0018140164709289	0.00566347865336956	0.0159429053219666	0.0338744155545525	0.0641484768223201	0.105894276054131	0.155268738449484	0.181150410069921	0.187597407574583	0.134743951149303	0.0753838816545874	0.0302293495941883	0.00642144797690323	0.00112843747604732	7.02612013387953e-05	
8.97909794271763e-05	0.000269372938281529	0.00025868353596877	0.000797429412531828	0.00269372938281529	0.00820304733481132	0.0234824790006692	0.0436127614360571	0.0791015771144172	0.125579098370294	0.163979707238649	0.188280994456476	0.168796351920779	0.113474419191325	0.0561877743167868	0.0210153649468844	0.00359591493801216	0.000568676203038783	1.28272827753109e-05	
1.91501992684624e-05	0	0.00010851779585462	0.00038087618545053	0.00019575759252206	0.00150435454253366	0.0037853560553994	0.0125455083207616	0.0307403254257196	0.0555015330798414	0.0938955548131898	0.142741329747281	0.172677346803725	0.184941985535216	0.152944130357534	0.0901633937557584	0.0423304515829767	0.0133178996912562	0.00192565892643983	0.000276613989433346	4.25559983743609e-06	
4.47299588484379e-05	0	0.00030671971781786	0.000347189680585494	0.000462209574767191	0.0018935682579172	0.00553373490896388	0.0183584531102231	0.0387787443235552	0.0704986751412189	0.112713106303942	0.155257687162928	0.179829344557003	0.177416056777228	0.131261129239761	0.0688777466324731	0.0294216629320701	0.00797045266718355	0.000986189092706035	4.25999608080361e-05	
3.39248268243606e-05	0.000112375988855694	1.48421117356577e-05	0.000398616715186237	0.000381654301774056	0.000716661966664617	0.00249983567662007	0.00908549268389906	0.0251955448221173	0.0484743369286582	0.0843116758652421	0.131473546056133	0.168356193719242	0.178724468917438	0.163337439650914	0.109878273480751	0.0509466086834835	0.0211648513350479	0.00439538537543122	0.000498270893982796	
0.00018093190574512	0.000140488303284446	3.40577704931991e-05	0.000440622405755763	0.00037463547542519	0.00115796419676877	0.00427850741820814	0.0144830669022329	0.0337171927882671	0.0607909917197045	0.100274590774601	0.148687711530684	0.17419698163009	0.173939419740735	0.148468464633134	0.087439068519977	0.0355116115711275	0.0132867877136593	0.00236488643862151	0.000232018561484919	
0.000130429948426715	0.000160364690688585	8.12514432822162e-05	0.000602971236989078	0.000534548968961949	0.00220661814387492	0.00723993123562063	0.021339194840961	0.0429862898880441	0.0739708863249545	0.118289272243652	0.16208166197689	0.171895981047032	0.16664457197595	0.129448516519701	0.0677337689551064	0.0254210107679544	0.00789421917363006	0.00120594247397816	0.000132568144302563	
0.000179381390462035	8.32842170002306e-05	0.000279749549411031	0.000681222185207015	0.00118306297995199	0.00316693573875236	0.0113992602653136	0.0289700945596187	0.0528363614620437	0.0915378964542278	0.137946424758049	0.170833013009422	0.16919295458234	0.153465050525758	0.106949747584758	0.0487041830031862	0.0173850464256122	0.00459771587696145	0.000580854026258019	2.77614056667435e-05	
1.48032541782185e-05	0.000131114537007078	9.30490262630877e-05	0.000486392637284322	0.000928375512033988	0.00192019354197463	0.0048850738788121	0.0170787258204704	0.0373190037832888	0.0665152505239295	0.107046560463892	0.151443634494966	0.176019151181405	0.166363199956013	0.134999333853562	0.0858144644711326	0.0346015492662873	0.0116290135322891	0.00244888119119672	0.000260114323417268	2.11475059688836e-06	
5.72327337321254e-05	0.000116585198343218	6.35919263690282e-05	0.000707990113575181	0.00125276094946986	0.00266662144574125	0.00823091500303122	0.0229418473030664	0.0472509210230669	0.0775503542070299	0.126297805230648	0.165097359239271	0.175691774172351	0.156758337961412	0.115156499730794	0.0671509545148148	0.0243493486067009	0.00722828229727954	0.00130151475968611	0.000129303583617024	
6.1794556538823e-05	0.000102280645305638	0.000364374798901335	0.000692525202590257	0.00221394980151162	0.00393354315071266	0.0122822008237854	0.0310869236325824	0.0601751129881504	0.093143574325001	0.139165603018984	0.169879628465556	0.173235712139647	0.146702408069943	0.0965273590071959	0.0498490295058353	0.0157810512319491	0.00413810444132394	0.000603029637947824	6.1794556538823e-05	
0.0001687565419862	0.000215752034691218	0.000559673594941576	0.00118556811142204	0.00313160874116164	0.00727575673424049	0.0178476064341102	0.0407536368102877	0.0737508811654882	0.110826052592229	0.150885437805738	0.177818127443232	0.161781983637024	0.128193023305492	0.0766475124431248	0.0348834725396791	0.0110546215794758	0.0027898233396706	0.000200798923375985	2.99062226304659e-05	
1.92835104559479e-05	0.000201405553651011	0.00033853273911553	0.000550651354130956	0.00236115872471718	0.00473088789852588	0.0105245114844018	0.0239608330476517	0.053408896126157	0.0894626328419609	0.129201662667124	0.161492972231745	0.175227116900926	0.147801679808022	0.109791738087076	0.0588747000342818	0.0243486458690435	0.00618786424408639	0.00137555707919095	0.000139269797737401	
0.000113873437194502	0.000191221432270013	0.000438305305427896	0.000760588618242525	0.00293922381286942	0.00648219169841157	0.0145586115175462	0.0327633215807352	0.0666116636479463	0.102937290112993	0.14282522146235	0.167058778030591	0.169705798306509	0.136946773836611	0.0928347825339633	0.0421374688728034	0.0165761050557658	0.00350644244342316	0.000545733076366105	6.660521798169e-05	
6.8421097645459e-05	0.000166776425510806	0.000521710869546625	0.00145181016566458	0.00426990412493692	0.00989112492837166	0.0216745208385006	0.0453247008715137	0.0809571256296879	0.117329353506154	0.154009476322024	0.168249617269485	0.157513919417052	0.12439810815665	0.0714487312162705	0.0298230459362144	0.0102481975317089	0.00239260025828964	0.000239473841759106	2.13815930142059e-05	
0.00010619070116203	0.000407425547315542	0.000656648621471326	0.00229068512506664	0.00558476401825613	0.0140648500110525	0.030296857188677	0.0592955872345774	0.0953960913153344	0.13267336173754	0.160956929918472	0.168570153044639	0.143621839743062	0.103267206144324	0.0545950233402827	0.0208350489994235	0.00592717485057451	0.00130246145710979	9.10206009960254e-05	6.0680400664017e-05	
6.71802706714776e-05	0.000528773743349695	0.000949192211422813	0.00330917010694666	0.00843220752202321	0.0202320969996424	0.0391487609574272	0.0744400741150083	0.111605933534874	0.145603484705653	0.162805968208562	0.164099730195365	0.128125778803541	0.0823673460542426	0.0405768834855725	0.0134317199232845	0.0036212332997432	0.000595954014021173	5.85118486493515e-05	
1.29991680532446e-05	9.96602884082085e-05	0.00061312742651137	0.0016227294786467	0.00560697448696617	0.0120307300332779	0.0272202579034942	0.0523736480865225	0.0907840231558514	0.124724850942873	0.155905522046589	0.162281613976705	0.149882574181919	0.111710517193566	0.0639754055740433	0.030303227260122	0.00862061494731004	0.00200620493621742	0.000205820160843039	1.94987520798669e-05	
4.59254302228696e-05	0.000352094965042	0.000822283893514236	0.00275989966386959	0.00918727296982262	0.0173685603252395	0.0372192808077627	0.0678078042614425	0.107797919359318	0.135495327634206	0.160174779065877	0.158156247061319	0.134740838423402	0.0927562474987042	0.0473578662607733	0.02073642520825	0.00583690348880185	0.00123123891502265	0.000139963215917317	1.31215514922484e-05	
8.82863833703768e-06	0.000119186617550009	0.000244994713852796	0.00136402462307232	0.00508088136296519	0.0126381957794694	0.0233671985185545	0.0471051998472646	0.0831679802944792	0.121590214337267	0.14810702958256	0.160981391437545	0.148753727340748	0.119837729627365	0.0736065649754674	0.0353631108590044	0.0145032456281687	0.00358001284566878	0.000476746470200035	0.000103736500460193	
1.3267145020951e-05	0.000305144335481874	0.000254286946234895	0.0022930048977877	0.00723722760892879	0.01525279439242	0.0300788289533328	0.0594390208846975	0.0998772789085562	0.132516666850933	0.158801092328273	0.159521940541078	0.138683678094838	0.100927594556048	0.0581100951917655	0.0253579365167111	0.00926267841546065	0.00181096529535982	0.000218907892845692	3.75902442260279e-05	
1.5615031475442e-05	0.000504142444778556	0.000762905823514453	0.00351784351953887	0.00911917838165814	0.020725608205476	0.0403938557081863	0.0726098963608054	0.114206109492601	0.143332604631864	0.162550246940569	0.154684732514511	0.126963590208037	0.0832459635143636	0.0426602659909076	0.0188317279593831	0.00492542707111085	0.000854365293584899	9.36901888526521e-05	2.230718782206e-06	
5.35456119371018e-05	8.92426865618363e-05	0.000618005604440716	0.00164652756706588	0.00468077891016831	0.0137456047976868	0.0263533653417102	0.0512476127581345	0.0877813375693862	0.128906598604244	0.148122780088172	0.163157941706677	0.146598961215128	0.112398932657469	0.0667602227497457	0.0309962161100898	0.0131923001410034	0.00304317561175862	0.000526531850714834	8.03184179056526e-05	
5.54831808285636e-05	0.000124282325055983	0.000317363794339384	0.000736816641403325	0.00303382032770586	0.00742586892209496	0.0173063137640456	0.0360241196483698	0.0629867262038186	0.100892835345893	0.141943731177331	0.154305383865935	0.161447178902188	0.134808594122778	0.0951603131026861	0.0505207651352569	0.0224418369815374	0.0087530266075142	0.00141815010197809	0.000250783977345108	4.66058718959935e-05	
8.88782235020686e-06	0	6.44367120389998e-05	0.000148871024365965	0.000666586676265515	0.00147093459895924	0.00427726450603705	0.0112697587400623	0.0228505912623818	0.0444813289071978	0.0774973669826288	0.117050398396637	0.15240615570576	0.158820941487022	0.152352828771659	0.118867958067254	0.0774595937376404	0.037615486141663	0.0160825145426993	0.00582818950614815	0.000573264541588343	0.000197754047292103	8.88782235020686e-06	
3.77160073390913e-05	2.44044753370591e-05	0.000135333908687328	0.000215203100699521	0.00130453013619916	0.00252253531438511	0.00643834431164959	0.0148068607635938	0.03054552876733	0.0558152536845211	0.0899770819790698	0.135908523152082	0.158243055262825	0.158662368520889	0.145219939787504	0.0990400166837868	0.0594004929704018	0.0276147731382159	0.010329748833577	0.00332566441184105	0.000270667817374655	0.000161956972691392	
6.42796029737074e-05	0.000132992282014567	0.000132992282014567	0.000574083350696215	0.00161807276451057	0.00401415037880635	0.00925847936624745	0.0201594134153748	0.0402722795320445	0.0707430278796154	0.106411557915922	0.149204041192143	0.158298496743906	0.156647175908891	0.128415130975232	0.0810078155131064	0.0455210415955527	0.0187053644653489	0.00680698830111226	0.00170673428585361	0.000223870341391188	8.20119072423164e-05	
6.27398960758436e-05	0.000284570242915433	0.000181497556505119	0.000277848111193022	0.000647565355925671	0.00244013381523549	0.00627174889701022	0.0128527158532514	0.0271013943941903	0.0503465258902903	0.0849005236540612	0.120984926739968	0.157737061576967	0.159832125963786	0.14335394040158	0.112335783923798	0.0675350167044973	0.0334358831872763	0.0137557222146287	0.00489147118334166	0.000654287487648083	8.73877123913535e-05	2.91292374637845e-05	
7.18807139551914e-05	0.000172962967954679	0.000208903324932275	0.000640187608663423	0.00172289086261349	0.00351316989455998	0.00805962505222583	0.0187541275253716	0.0365850371308813	0.0628911321661702	0.100006289562471	0.135171682592737	0.158252130589287	0.153788787507132	0.130986877277159	0.098539473743323	0.0537690203107942	0.0249403614701403	0.00930630618488618	0.00230467539118832	0.000296507945065164	1.79701784887978e-05	
3.81313828009519e-05	0.000125609260991371	0.000421688233328174	0.00133908444306872	0.0023484445760351	0.0057286795102136	0.0110760451924177	0.0248773627438446	0.0493756546821974	0.0752444333788667	0.113889468336373	0.148248087262548	0.158765619848058	0.145836838056017	0.119905254728852	0.0787278473488595	0.04125815619063	0.0158559261776429	0.00531820638947394	0.00138843093845819	0.000231031319323415	
1.81275591015075e-05	0.000328562008714824	0.000759091537375628	0.00155897008272965	0.00427130611329271	0.00843611281686407	0.0177355506359374	0.0324573945712492	0.0616586263388902	0.0924550833074638	0.128381639501764	0.150456474597625	0.155579775988688	0.136901592279473	0.102737941207794	0.0605732387376874	0.0303704593296882	0.0108221527836	0.00344197028439874	0.000908643899963065	0.000147286417699749	
0.000113443767059106	0.00045831281891879	0.00116393305002643	0.00284063192716003	0.00623713831290967	0.0115372311099111	0.0213206215810885	0.0425958656553533	0.0728785448341112	0.108933242880836	0.136854022829424	0.155340819109376	0.152575060068475	0.121582222907927	0.0858020587774846	0.047251597855459	0.0223030446038203	0.00706754668778233	0.00262055101906536	0.00049007707369534	3.40331301177319e-05	
6.76834220738201e-06	0.000282014258640917	0.00100171464669254	0.00136269289775291	0.00531089251872575	0.00871762476310802	0.0165553650392564	0.0278652648677917	0.0556041873477123	0.0855473332731703	0.126116776464218	0.147132479018139	0.15421442108113	0.142232199259995	0.103524050175977	0.0685633065607797	0.033451403302951	0.0161921306741269	0.00430692175796408	0.00176428120205758	0.000248172547604007	
7.21821335685268e-05	0.000728588410707317	0.00155417156339734	0.00266622755868746	0.00696332019768882	0.01123785591995	0.021104251302098	0.0367677742864683	0.0655571671219404	0.100994083320739	0.140207027381841	0.152080988353864	0.150260645172933	0.129266922762861	0.0886171031054107	0.0539538891507998	0.0236328816686705	0.0105814496428112	0.00287375119269697	0.000805281927623877	7.44378252425433e-05	
8.83361011978375e-06	0.000313593159252323	0.00109315925232324	0.00219956891982615	0.00444772269531112	0.00925983180806332	0.0157216176106851	0.0271213914702661	0.0473106073990318	0.0789040139924384	0.118023656407901	0.148455443270556	0.153004752482244	0.142773223561005	0.108620278435391	0.0749840995017844	0.0411602063531324	0.0172277481361083	0.00664287481007738	0.00220619412741599	0.000490265361647998	3.09176354192431e-05	
0.000137811251085537	0.000597182088037327	0.00094280395583915	0.00297497303930683	0.00639619203450969	0.0113158349502458	0.0207154372663498	0.0347109354321476	0.0580404115087707	0.0940791474077266	0.134770653640951	0.15252424274905	0.150203326282356	0.130938188372668	0.0912244857780976	0.0623781846977012	0.0306356598643325	0.0113989591969323	0.00466370773514865	0.00112655229061987	0.000185935814956677	3.93746431672963e-05	
0.00013824733105847	0.00113450587551157	0.00119375473167949	0.00425055682952787	0.00836506073007757	0.0138949539724164	0.0275397461076793	0.0435983805312647	0.0703700859108414	0.110235788503527	0.144648401926685	0.155249558376581	0.146362229951394	0.117753810030612	0.0765736605918302	0.0473069200469602	0.0206493235755588	0.00748510549588001	0.00271008656916207	0.000434491611898048	0.000105331299854072	
