# <P(U)> as a function of N_tot.
# number_of_species: 1
# species_total_upper_bound: 151
# species_total_lower_bound: 97
# volume: 729
# Bin widths for each
10	10	10	10	10	10	10	10	10	10	10	10	10	10	10	10	10	10	10	10	10	10	10	10	10	10	10	10	10	10	10	10	10	10	10	10	10	10	10	10	10	10	10	10	10	10	10	10	10	10	10	10	10	10	10	
# Bin lower bound for each
-250	-250	-260	-260	-260	-260	-260	-270	-270	-270	-290	-300	-300	-300	-310	-310	-310	-320	-330	-330	-350	-350	-360	-360	-360	-360	-370	-370	-370	-370	-380	-380	-380	-380	-380	-390	-390	-400	-410	-410	-410	-420	-440	-440	-440	-450	-450	-450	-450	-450	-460	-460	-470	-470	-470	
# Bin upper bound for each
-100	-100	-110	-110	-110	-110	-120	-120	-120	-120	-130	-130	-130	-130	-140	-140	-140	-140	-150	-150	-150	-150	-160	-170	-170	-170	-170	-180	-180	-180	-180	-190	-190	-190	-200	-200	-200	-210	-210	-210	-220	-220	-220	-230	-230	-230	-240	-250	-250	-250	-260	-260	-260	-260	-270	
# Normalized histogram for each
3.79664654865846e-06	5.18875028316656e-05	0.000380930203715398	0.00171355314229452	0.00647834456086088	0.0184592955195774	0.0478795096251318	0.0979686675415828	0.163159619879748	0.218295786608215	0.218016100312464	0.146139253402112	0.0626421369551654	0.0170646606873702	0.00170342875149809	4.30286608847958e-05	
7.55998850881747e-06	0.00013859978932832	0.000613619067299018	0.00289673559696189	0.00943864565325861	0.0261185002998795	0.0640885425854153	0.117352441624289	0.181711883797937	0.222213262235841	0.198896997676564	0.119733838004566	0.0456295706430526	0.0103559242589951	0.000795058791510637	8.81998659362038e-06	
2.50765461571447e-06	6.77066746242907e-05	0.000186820268870728	0.00121746631592937	0.00441472595096532	0.0136027724629431	0.0352576238969454	0.080517028228668	0.140512664909637	0.20020738303672	0.218505738767588	0.176171513545096	0.0918829727743938	0.0311563547729444	0.00605347824233473	0.000243242497724303	
1.37342914042064e-05	0.000168557212687988	0.00047071162358053	0.00173551500471336	0.00685341141069901	0.01928169655956	0.0490027031582627	0.100850901781088	0.160324129277139	0.209675184008291	0.207595063146526	0.150610239538528	0.0697302460311019	0.0205839570990679	0.00299532409806284	0.000108625759287815	
2.87140356703229e-05	0.000207240431359722	0.000857675761109211	0.00333207657409095	0.00983393299891885	0.0266366376113917	0.0650073283212776	0.120447889019004	0.178964596842455	0.21324915543282	0.193849703246684	0.123069605319338	0.0499973782836997	0.0129824894319864	0.0014918814185233	4.36952716722305e-05	
7.10772822042437e-05	0.000508763704198797	0.00153252596191255	0.00507267340362918	0.0143713276737528	0.0365262412338019	0.082059345789731	0.139400007980607	0.194216803168301	0.214041130053969	0.171611733487625	0.0966476462196862	0.0355211835240366	0.00756162525064094	0.000840457687818601	1.74575780852528e-05	
0.000160575865196561	0.000851804784909883	0.00237476650638352	0.0076649885652421	0.0208648264839782	0.0495991248615347	0.0990740543273314	0.158272605130148	0.202757137785383	0.206429056202807	0.150627688548055	0.0737118491189027	0.0232471199840428	0.00390023722575085	0.00046416461033381	
6.22878320720047e-06	0.000348811859603227	0.00138528138528139	0.00378834594661933	0.0109813447942944	0.0294235261141736	0.064060543772774	0.116987760440998	0.175554517425021	0.208733999813137	0.193578124513376	0.123748481734093	0.0544993615497213	0.014577844218132	0.00214768444984272	0.000178143199725934	
5.47248026486805e-05	0.00060446032016497	0.002098198683371	0.00570381693061019	0.0158055180013507	0.0407737092098112	0.0813235442269686	0.13442525897891	0.190291820010124	0.207868431624468	0.17165056223516	0.0997707777016329	0.0394615576917576	0.00910546091343158	0.000980071465617277	8.20872039730207e-05	
0.000133260122525279	0.00103770150966444	0.00348080375596123	0.00863599627365213	0.0222421015614878	0.053107860496394	0.0993133402019878	0.153909272066581	0.197745682927281	0.19957307405191	0.15095780713065	0.0774944629185201	0.0266174755844012	0.00536865549173602	0.000375102567108194	7.4033401402933e-06	
3.20210846526636e-05	2.4631603578972e-05	0.000217989691673902	0.00172544383070699	0.00554580554580555	0.0118946013682856	0.0306441780125991	0.0673267936425831	0.116630642946432	0.172817793870425	0.204155351523773	0.185039995566311	0.128344202028413	0.0558903401008664	0.0169243748191117	0.00268484479010795	0.000100989574673785	
7.38589712183899e-06	7.38589712183899e-05	0.000112019439681225	0.000616722409673556	0.00286449710041989	0.00780196932636925	0.0168152257807201	0.0405436512674815	0.0836280511448756	0.13568139209389	0.187435604209469	0.201706388431716	0.166724317696979	0.103920803487128	0.0401325029943658	0.0105593709185225	0.00135777408756473	1.84647428045975e-05	
2.4560761481849e-05	9.94710840014884e-05	0.000167013178076573	0.00101190337305218	0.00373814789753742	0.0106028807317142	0.0235893833652419	0.0531003663237575	0.100622983714987	0.156806953642791	0.196145925308268	0.193662832322453	0.145943728839369	0.0795916036580798	0.0279636549851592	0.00624948575905647	0.000665596636158107	1.35084188150169e-05	
3.70010865985764e-05	0.000186238802546168	0.000341643366260189	0.0016773825924688	0.00565623277136905	0.0148423692042423	0.0319196040390386	0.0686542828141053	0.118717986351533	0.172263492137886	0.203859953353964	0.179155561201647	0.121960514907121	0.0586615226933831	0.0180799642816177	0.00370750887717736	0.000276274779936037	2.46673910657176e-06	
2.49553922363775e-06	4.61674756372983e-05	0.000209625294785571	0.000510337771233919	0.00239696542430406	0.00858091162047839	0.0195650275133199	0.0431478731766967	0.08682854397764	0.13601562207554	0.183832649139663	0.198734761613616	0.164748012926893	0.0997117652196698	0.0418788914814769	0.0115618332231137	0.00209250963902025	0.000136006887688257	
2.74766105352818e-05	0.000164859663211691	0.000482089621209945	0.00104036438981317	0.0037243296643732	0.0128603026673544	0.0263150992717449	0.0558312236708502	0.103634281318028	0.15548514327179	0.194031081042263	0.188062411871894	0.144342128762891	0.0773429118462908	0.0289228793989117	0.00656566098108985	0.00112903890563158	3.87170421178971e-05	
5.27033691256135e-05	0.000235910318943222	0.000673850219534629	0.0017442305496334	0.00618386197740531	0.0190685808864958	0.036126904693486	0.0715485881143864	0.121747292364411	0.169239302157199	0.196700267155888	0.174126912222539	0.121033287196971	0.0579536285642222	0.019207868362042	0.00392389131561413	0.000417862426638792	1.5058105464461e-05	
3.50617525116111e-05	7.01235050232222e-05	0.000343104292435051	0.00123843118692798	0.00324696872366455	0.00937025335872806	0.0254110051327901	0.0484002449313854	0.0890505903522579	0.139475651491189	0.181125256858642	0.193582196643839	0.15548509812908	0.0973001198360613	0.041741016365073	0.0115065158510426	0.00243428738866328	0.000175308762558055	8.76543812790277e-06	
5.02816400362531e-06	0.000125704100090633	7.41654190534733e-05	0.000555612122400596	0.00173848770425345	0.00523808985077666	0.0146696684805768	0.0342757369717128	0.062360547013962	0.105791313595276	0.157363934739459	0.185995557617103	0.183901327309593	0.135152020253445	0.0763526703950503	0.0289848513988981	0.00606773691137484	0.00123818538589273	0.00010936256707885	
5.30011925268319e-05	0.000174146775445305	0.000267529828944961	0.000991879460144996	0.00276110974401686	0.00806249092985545	0.021572747291576	0.0441436837090739	0.0785351479932108	0.124623470694757	0.16888829998675	0.189826294901159	0.166266002889827	0.11301116179876	0.0569359001053714	0.0197631351467313	0.00346779231104128	0.000639800109788185	1.64051310202099e-05	
1.13299754643087e-05	0	8.05687144128618e-05	0.000269401638818007	0.000309685996024437	0.00166928305174148	0.00413669993063537	0.0118133877507859	0.0286547668353994	0.0559600077043833	0.0960630853033853	0.141440895924104	0.175516426576094	0.186622320303442	0.149749544597931	0.0916166993767255	0.0415180656458778	0.012381145410164	0.0018304204805672	0.000343675922417364	1.25888616270097e-05	
2.64343797990987e-05	0	0.000270637697943153	0.000260567458019687	0.000589109035522771	0.00241559880164145	0.00646509403086529	0.016798418972332	0.0376098285541653	0.0702399234661766	0.114288411671408	0.154294957327358	0.181672163339292	0.177749804889101	0.128963268799879	0.0715968882958637	0.0282256237254853	0.00746204778328844	0.00095037889277712	0.000117066539110294	3.77633997129982e-06	
2.00368427445966e-05	6.63720415914763e-05	8.76611870076102e-06	0.000363167774745814	0.000334364813300456	0.00091919016090837	0.00349642905893211	0.0100647565711452	0.0238413382607269	0.0484841502312377	0.0857702099735889	0.131149901882086	0.1663696622164	0.180017256730814	0.163087376914301	0.108636004453188	0.0525816845725077	0.020116990115575	0.00420147546300761	0.000468361199154946	2.50460534307458e-06	
0.000106897128491606	8.30024762405412e-05	2.01218124219494e-05	0.000450225552941117	0.000475377818468554	0.00150284786526434	0.00563159225159308	0.0152649099486013	0.0331997328829401	0.0609766373181648	0.100840462952599	0.146332107998798	0.172193667414108	0.17464349807648	0.147194830706389	0.0883360141456341	0.0372178073009481	0.0131219369256637	0.00213920018310849	0.000269129241143573	
7.68245516153936e-05	0.000137276657804556	6.2970943947044e-05	0.000518880578123642	0.000726684693148887	0.00271152884635971	0.00875170178976017	0.0213937484965687	0.0432635573293771	0.0739455200581348	0.118200240045238	0.156419824764457	0.172073142010813	0.16766517593452	0.129283126179918	0.0697642493800511	0.0262261387350649	0.00765852620283949	0.00097479021230024	0.000146092589957142	
0.000105787588597105	9.19344519951035e-05	0.000219131433522576	0.000701472462483187	0.00136516364332455	0.00397459082871982	0.0127360700414587	0.0282541017878102	0.0531078882278564	0.0912569076776602	0.137755590370307	0.165013525698828	0.169991839243165	0.1546299701276	0.108379384517735	0.0500828669444011	0.0174801396396169	0.00433477238037187	0.000440781619154606	7.80813153931016e-05	
8.78402712507576e-06	7.78013831078139e-05	0.000159367349269232	0.000387752054521202	0.000971262427829806	0.00229137621862691	0.00570836277028138	0.0179746292199407	0.0365252396470829	0.0671727102864722	0.10845638291331	0.150185531201492	0.170844308138652	0.166290417504809	0.136502526662659	0.0861863644292076	0.0360860382908291	0.0116865206594044	0.00223867205587645	0.000232149288305574	1.38034711965476e-05	
3.38514697806676e-05	7.14642139814093e-05	0.000198093786123906	0.000550399823470854	0.00118229392604331	0.00325851740592426	0.00907971645005905	0.0245861971258848	0.0468943157113448	0.0791986479472218	0.126059112188786	0.161702202351549	0.173480006318941	0.157314048861462	0.116067913570929	0.0668604140912385	0.0251742096935564	0.00711883871906038	0.00107447072600119	9.5285618641879e-05	
3.64495155356633e-05	6.28439923028678e-05	0.000488926260116312	0.000756641667326529	0.00219828285075432	0.00461777655441473	0.0131984952634483	0.0330496555520782	0.0600826272810798	0.0946744744042704	0.139793947118037	0.166696203343049	0.171766456642044	0.144792558265807	0.0970399222745503	0.0498604234930953	0.0163130435219784	0.0040408687050744	0.00048515562057814	4.52476744580648e-05	
9.97402964685622e-05	0.000170442278775391	0.00071333250005997	0.00117289538505436	0.0030212472082186	0.00785044510685468	0.0185100314750075	0.0416081165875688	0.073946698280553	0.111336684102281	0.150239187331215	0.173785472510186	0.163651100867741	0.126535085227452	0.0777279917985701	0.0356262238702518	0.0113501932310427	0.00246320656215399	0.000165392137182046	2.65132433650608e-05	
1.14014251781473e-05	0.000119081551860649	0.000500395882818686	0.000595407759303246	0.0018812351543943	0.00485447347585115	0.0109098970704671	0.02443072050673	0.0530330958036421	0.090498178939034	0.128381314330958	0.159276642913698	0.173609501187648	0.15138305621536	0.108449089469517	0.0597523357086302	0.024387648456057	0.00649627870150435	0.00130989707046714	0.000112747426761679	7.60095011876485e-06	
6.76233456203676e-05	0.000118659832881022	0.000609886022764825	0.000756615923639208	0.00260668858683795	0.00637318134667427	0.0148605491781212	0.0334505896628147	0.0655231941695917	0.104975674734259	0.139921633473811	0.16603827991727	0.170191374068106	0.138617651224302	0.0912545151342323	0.0435838842084177	0.0165689955891716	0.00385580661254247	0.000567780920774785	5.74160481682367e-05	
4.08896567057759e-05	0.000145669402014327	0.000670845930329136	0.0012318009082615	0.00365067966276256	0.0101930247356867	0.0209712826829748	0.0453696297186025	0.0806216250060696	0.119566467414777	0.149967927175521	0.167196528468146	0.159877279917812	0.12483995532805	0.071698735231806	0.0305944078283248	0.0105354756105976	0.00256454815651538	0.000241504534918489	2.17226301249435e-05	
6.32781436000615e-05	0.000333178796914609	0.000822615866800799	0.00187122510360182	0.00530890710897659	0.0141316882737852	0.0294256281647143	0.0594711238585721	0.0960639703290076	0.133097181023272	0.158138537809982	0.166502875281362	0.147444531541572	0.103371950219472	0.0549822498350248	0.021041919833049	0.00641950309869195	0.00137274829891562	0.000100728473485812	3.61589392000351e-05	
4.03270392798371e-05	0.000476119237949045	0.0010771222104421	0.00296598869542028	0.00807971745055059	0.0202363684850692	0.0387009489862953	0.0727057492048419	0.112041523841736	0.145844688863883	0.160927001554542	0.16223177640608	0.130431954625576	0.0837241370338812	0.0425255133567057	0.0135251686255634	0.00375821988643385	0.000653037861886395	5.46366338630051e-05	
7.80400501537389e-06	6.11313726204288e-05	0.000597006383676103	0.00144113959283904	0.00499326254233673	0.0117164128630813	0.0273504362438804	0.0500158681435313	0.0885897642670218	0.125464988632166	0.155347824503535	0.160672757259025	0.150906044982285	0.114462642227991	0.0660622031226425	0.0314111201868799	0.00868195557960345	0.0019640079288691	0.000240623487974028	1.30066750256232e-05	
2.75298633470021e-05	0.000222860798523351	0.000905863598703737	0.00234134933036885	0.00809771266163963	0.0173162840452643	0.0366684670323332	0.0646610942727397	0.104732776793112	0.137781722268251	0.158958741911464	0.158457960587723	0.137788276997619	0.094350085473671	0.0490909901311995	0.0215611267841973	0.00569999265870311	0.00115494331470042	0.00017435580119768	7.86567524200061e-06	
5.2819853926694e-06	7.13068028010369e-05	0.000190151474136098	0.00130993237738201	0.00421238335065384	0.0112625133535193	0.0228683557575622	0.046033823193462	0.0795599049770828	0.119421728239211	0.148955949562321	0.159130373924951	0.150802003457059	0.123993286596566	0.076452777069845	0.0371561262447329	0.0145597927348932	0.00336726568782674	0.000537442013704111	0.00010960119689789	
1.31718811949004e-06	9.22031683643026e-06	0.000181771960489625	0.000251582930822597	0.00193626653565036	0.00657408590437478	0.0141386972746061	0.0300200344312974	0.0574899926632622	0.0954276448808142	0.132643478008886	0.15766083196236	0.159126862339352	0.142124598092975	0.104617666390496	0.0602574049023107	0.0259683637757461	0.00941789505435377	0.00182562273361319	0.000301636079363219	2.50265742703107e-05	
3.70996549732088e-05	3.44496796179796e-05	0.000353771709923098	0.000727418235010414	0.00293087274288349	0.00882574292059084	0.0202484616893063	0.0400212528023489	0.0691259321288312	0.111116116620115	0.145503521817247	0.162708486811073	0.152401407666909	0.129669919069753	0.0865071204837795	0.0441631642825722	0.0192918205860685	0.00532512547633307	0.000847992113673343	0.000158998521313752	1.3249876776146e-06	
0.000102451109532211	0.00018627474460402	0.00050693341210094	0.00148088421960196	0.00426170004976197	0.0128383215048871	0.0267889693418381	0.0508769548869179	0.0840431731636637	0.127006112472691	0.151349560524656	0.16266042912379	0.143339746506683	0.115429137095551	0.068860450944546	0.0330717503705537	0.0134344006876199	0.0031280851754575	0.000541527293241686	9.31373723020099e-05	
3.31697401747913e-05	0.000126045012664207	0.000404670830132453	0.000615630377644126	0.00259387368166868	0.00689134521871463	0.0172681667349963	0.0358127050719186	0.0628380825767316	0.0986972252848949	0.140301366991332	0.159303647742667	0.159676475622231	0.132701516122484	0.0960887569175493	0.0525819989146861	0.0235465351552808	0.00859892344291289	0.0016691013255955	0.000209632757904681	4.11304778167412e-05	
5.32615367817515e-06	0	3.99461525863136e-05	0.000221035377644269	0.000720362284973189	0.00126762457540569	0.00383882526354474	0.0108267388893105	0.0235083107970456	0.0456504631756392	0.0762305745188819	0.113656124876999	0.151374613687416	0.163607457147765	0.150009786807384	0.118917033172617	0.0787565029007564	0.0386319241662239	0.0162900410246987	0.00557648290104939	0.000707046900777752	0.000158453071925711	5.32615367817515e-06	
2.24962947279272e-05	1.45564260004235e-05	0.00011380478509422	0.000316271437645564	0.00107717552403134	0.00250767520643659	0.00586359305526149	0.0149084268473428	0.0309588714799915	0.0563426318018209	0.090384818970993	0.129198867245395	0.157966334956595	0.161993171712894	0.1415559496083	0.103590143976286	0.0607466123226763	0.0283268049968241	0.0103774084268473	0.00337047427482532	0.000265985602371374	9.79250476392124e-05	
3.81841211990341e-05	7.9001630066967e-05	9.48019560803605e-05	0.00055037802279987	0.00153658170480251	0.00386712979177804	0.00861117767729941	0.0207050105467176	0.0411466823265453	0.0703101340657662	0.105292055859419	0.142231901384899	0.160156054553259	0.157215877220933	0.128492201222419	0.0850847555821235	0.0466991802264187	0.0193356489588902	0.0067046050050166	0.00164981737456516	0.000150103097127237	4.87176718746297e-05	
3.72601543901112e-05	0.000169001414555147	0.00011311118296998	0.000219568766941726	0.000710604373011406	0.00223693998320632	0.00571810297908242	0.0123277882239282	0.0273303232451465	0.0522759966093259	0.0834055248824642	0.117301619619068	0.154122636475296	0.162764330854202	0.146356555724557	0.112951496594023	0.0688421273951293	0.0342593812419076	0.0139246519835044	0.00422503536387868	0.000630761185032596	5.98823909841072e-05	1.72993573954088e-05	
4.27678268330692e-05	0.000102910083317073	0.000160379350624009	0.000606768543194169	0.00151023888504275	0.0029001932571175	0.00762470162758311	0.0183768005923344	0.0366533640905288	0.064703712514668	0.0971137062866032	0.127756854212497	0.158460144394875	0.159224619299516	0.134364483458206	0.0975908348547097	0.0555326866481518	0.0254321555252023	0.00934477016302561	0.0022359554466164	0.000251260982644281	1.06919567082673e-05	
2.2826482479332e-05	7.51931187554465e-05	0.000400134810520054	0.00110641303311586	0.00236992597506005	0.0049855723203388	0.010668023723429	0.0251534409579603	0.0481585070943365	0.0769547861091455	0.111187796156826	0.143495325270662	0.158913942818319	0.15044263234996	0.120801773483415	0.0792132651403359	0.0424344309290781	0.0163169067699319	0.00574287444494722	0.00139510089976623	0.000161128111618814	
1.08207542065682e-05	0.000206946924200617	0.000662771195152302	0.00126332305361684	0.00408618730725532	0.00718227560460964	0.016444841205432	0.0328207001027972	0.060179624519829	0.0929949142455229	0.125639777092463	0.14813883027647	0.15789103500514	0.13893713141806	0.105206135367635	0.062288318995834	0.0306619596385868	0.0109451928799437	0.00348834063734242	0.000860249959422172	9.06238164800087e-05	
6.7630720037224e-05	0.000335448371384631	0.000971177139734536	0.0022778026508537	0.00574590597436255	0.00996335767588383	0.0212306356340853	0.0429806751980566	0.0726123988751659	0.108765076578264	0.133922351817711	0.154241325345694	0.153636706708562	0.123821027472951	0.0888004880232758	0.049669353409738	0.0213050294261263	0.0069943690662497	0.00222640330362541	0.000412547392227066	2.02892160111672e-05	
4.05327626320355e-06	0.000168886510966814	0.00064041764958616	0.00122003615522427	0.00412623523594121	0.00770662926843768	0.0147620321505873	0.0276419930229605	0.0538491262487469	0.0854660321938223	0.121174044980558	0.145646375965693	0.156869897938504	0.144629003623629	0.107603676051352	0.0717956824501244	0.0358741971135269	0.0148566085967287	0.00448562573127859	0.00131731478554115	0.000162131050528142	
4.32950803259037e-05	0.000437009717039591	0.00109320077822907	0.0022161669241822	0.0058272472176146	0.0110131860579018	0.0200036800818277	0.0355073777522818	0.0638981266759931	0.099787042323647	0.133055252640323	0.152666571056698	0.153608239053786	0.132232646114131	0.0936120814921649	0.0566380828938432	0.0251557946406102	0.00986045454422457	0.00267617715264492	0.000607484095822837	6.08837067083021e-05	
5.35353400163283e-06	0.000190050457057965	0.000665176599702879	0.00168636321051434	0.0033754031880295	0.00768633644284433	0.0143033044688625	0.0246704230630245	0.0459908722245272	0.0788749548295569	0.115577445561251	0.140737716985425	0.153226173427734	0.148250063573216	0.115095627501104	0.0794772274047406	0.0438012768178594	0.018029364133999	0.00613381158237081	0.00187106013357067	0.000325227190599194	2.67676700081641e-05	
8.34977886339629e-05	0.000361823750747173	0.000573881626642952	0.00228492361277702	0.00503637455252475	0.0093530776887282	0.0185683177581241	0.0317424132981494	0.0578321588419519	0.0937150021669664	0.130553431295236	0.145947507723545	0.152303942553521	0.138296194488881	0.0991357316195523	0.0652727395624451	0.0319372414716286	0.0117466809629018	0.00412054960099985	0.00098739448463972	0.000123258640364421	2.38565110382751e-05	
8.37611133048546e-05	0.000687372945692219	0.000729918273085161	0.00335842178108036	0.00674343439178131	0.011202716519154	0.0241232006317981	0.0412570016978245	0.0722605794939499	0.110843873273424	0.139506128521457	0.151385581654455	0.1493779740181	0.123888004743804	0.0829793429140092	0.0491744212173548	0.0217991621229587	0.00766879526257779	0.00245965173990446	0.000406839693195008	6.3817991089413e-05	
