# <P(U)> as a function of N_tot.
# number_of_species: 1
# species_total_upper_bound: 151
# species_total_lower_bound: 97
# volume: 729
# Bin widths for each
10	10	10	10	10	10	10	10	10	10	10	10	10	10	10	10	10	10	10	10	10	10	10	10	10	10	10	10	10	10	10	10	10	10	10	10	10	10	10	10	10	10	10	10	10	10	10	10	10	10	10	10	10	10	10	
# Bin lower bound for each
-250	-260	-260	-260	-260	-270	-270	-280	-280	-280	-310	-310	-320	-320	-320	-320	-320	-320	-330	-330	-350	-350	-360	-360	-360	-360	-370	-370	-370	-370	-380	-380	-380	-380	-390	-390	-400	-410	-410	-410	-420	-430	-440	-440	-450	-450	-460	-460	-460	-460	-460	-460	-470	-470	-470	
# Bin upper bound for each
-100	-100	-100	-110	-110	-110	-120	-120	-120	-120	-120	-130	-130	-130	-140	-140	-140	-140	-150	-150	-150	-150	-160	-160	-160	-170	-170	-170	-170	-180	-180	-190	-190	-190	-190	-200	-200	-210	-210	-210	-220	-220	-220	-220	-230	-230	-240	-240	-240	-250	-250	-250	-260	-260	-270	
# Normalized histogram for each
2.8416921708539e-06	7.84307039155676e-05	0.000417728749115523	0.00210171552956354	0.00695703077268452	0.0198298963066527	0.0497091528063131	0.0992642858969659	0.163597354952927	0.2197940909853	0.21436248056993	0.1462277957278	0.0607428751673046	0.0152775054489447	0.00161692284521587	1.98918451959773e-05	
3.95811858184004e-06	1.07434647221372e-05	0.000150973951621613	0.000781445697157562	0.0033926730701486	0.0101418306976976	0.0278883380821332	0.0648797834569868	0.120161129353012	0.18293519372446	0.222749343093677	0.196001508608625	0.118221085802398	0.0429297541386371	0.00890124324504656	0.000842513812420237	8.48168267537151e-06	
8.42681006475723e-06	8.14591639593199e-05	0.000260669324669824	0.00139604153406145	0.00498698619632333	0.0145856846474195	0.0380150255641328	0.0816130936898361	0.140925477224299	0.199832250300978	0.219459414516472	0.173497907061274	0.0910870753519738	0.0288809252412736	0.00501395198853055	0.000354487810057454	1.12357467530096e-06	
1.45032066031984e-05	0.000174038479238381	0.000511516940582036	0.00210519622001811	0.00720530460359668	0.0211573893558735	0.0510418043774024	0.100438610436619	0.160729555917392	0.211277135639008	0.20842335083201	0.147205315759909	0.0683391095142709	0.0187091365181259	0.00249455153575013	0.000173480663599796	
5.90013191804383e-05	0.000204834768475484	0.000846056652398738	0.00351002187501739	0.0110627473463322	0.0289251184201005	0.0671657658760861	0.118220275302382	0.178615918110622	0.21469077185971	0.193642329550198	0.121104660547599	0.0488491959678721	0.0117145449384104	0.00130582164903121	8.29358165838236e-05	
6.6596850967902e-06	0.00010433506651638	0.000458963297920458	0.00136246057605166	0.0052100936407222	0.0159837992060545	0.0391201002060618	0.0839675295953631	0.13794649719988	0.193050951585754	0.214396352268483	0.170925257799185	0.0961675177189247	0.0339854829964365	0.0066141772486288	0.00068594756496939	1.38743439516462e-05	
1.22211902106044e-05	0.000191094974202178	0.000877148151933837	0.00215815108946356	0.00782822783853808	0.0229836147169795	0.0525950030886281	0.101246450299752	0.156781205142677	0.203158955465983	0.205899835125034	0.147969727000831	0.0725888702731769	0.0219492576182456	0.00342693283678267	0.000333305187561939	
5.51261838347978e-07	3.80370668460105e-05	0.000320283128080176	0.0014454085401484	0.00362895668184474	0.011692814853199	0.0315718680058654	0.0673548251948711	0.120011907255708	0.174116051642209	0.208016449653256	0.190781799539145	0.12252400745306	0.0527926924730709	0.0136371153570523	0.00191618615009757	0.000151045743707346	
1.31954772501725e-05	0.000134154018710087	0.000530568147767353	0.0020821363477668	0.00563007029340694	0.0175136971802915	0.0427989806493824	0.0838171216815436	0.138931331286202	0.188693125431258	0.205344718097872	0.169955547736013	0.0975618606722546	0.0374751553904899	0.00848194281410047	0.000982513243585761	5.38815321048711e-05	
8.77963125548727e-06	0.000195346795434592	0.00083955223880597	0.00326931518876207	0.0088630377524144	0.0243700614574188	0.054640035118525	0.101248902546093	0.156544117647059	0.197703577699737	0.197507133450395	0.148641900790167	0.075154741000878	0.0255075724319579	0.00507462686567164	0.000422519754170325	8.77963125548727e-06	
1.09498622233586e-06	0	1.42348208903661e-05	4.81793937827777e-05	0.000329590852923093	0.00147987387948691	0.00511303816519729	0.0129876315831256	0.032886268708524	0.068830833936032	0.11983693465177	0.173508231832673	0.202182636036982	0.184346405461353	0.124724953148277	0.0546513098498938	0.0161652816003443	0.00275060539050767	0.000142348208903661	5.47493111167929e-07	
9.84060408188257e-06	3.28020136062752e-06	4.64695192755566e-05	0.000121367450343218	0.00064510626759008	0.00246233782137773	0.00743894998567645	0.0188272624095484	0.0431116864827276	0.0847582163577082	0.138210737629814	0.187354167714509	0.200821581100792	0.165905477717592	0.0997733380859806	0.0388403176109637	0.0101975993299642	0.0014301677932336	4.20959174613866e-05	
5.45373136119136e-07	1.14528358585018e-05	1.25435821307401e-05	6.70808957426537e-05	0.000266687463562257	0.000974036421108776	0.00370581045992953	0.0105175209300575	0.0262646248623615	0.0558194858549297	0.101225071675664	0.157167811859357	0.196637011093435	0.191816457943278	0.14471367092294	0.0768141701029719	0.0271481293428745	0.00608854569163403	0.000729709256127404	1.96334329002889e-05	
1.63495846388023e-06	2.77942938859638e-05	2.39793908035766e-05	0.000166765763315783	0.000406559671351549	0.00170253674705394	0.00567494082812826	0.015224188229498	0.0349314325669556	0.0704667097932377	0.119599936563612	0.173724146538057	0.199571749879694	0.178362523700085	0.12131718793684	0.0571298086172121	0.0178864455948497	0.00346556695727145	0.000315001997374257	1.08997230925348e-06	
8.23396312172597e-06	2.41529584903962e-05	5.15995022294827e-05	0.000202555492794459	0.00071031655196756	0.00271830569191913	0.00860339360045408	0.0205892992513132	0.045623291795734	0.0877817319098458	0.137876065680677	0.185978329306925	0.194967072381476	0.162500555792511	0.0979539699504261	0.0407235348074323	0.0117032062503465	0.00184660346276574	0.000137781649570215	
6.60232335758954e-06	2.64092934303581e-05	0.000112239497079022	0.000455560311673678	0.00110643935600938	0.00428545805268874	0.0123997134591663	0.0282298840962135	0.0581246540657657	0.105044065006476	0.155527079979445	0.194915990937211	0.186676841580552	0.141252856880336	0.0761853096104519	0.0277407619741387	0.00693188933185588	0.000939180497617111	3.90637465324048e-05	
1.10312570668991e-05	4.35734654142513e-05	0.000202423567177598	0.000728062966415338	0.0019668731350281	0.00645769788696271	0.0181695835148894	0.0382883901534999	0.0737858722690744	0.122695708289438	0.170029177674942	0.196771702619372	0.172790301318787	0.117844161431416	0.0570078818331743	0.0188700683386375	0.00396904629267028	0.000356861166114185	1.1582819920244e-05	
2.48879076293604e-05	7.18983998181523e-05	0.000321883605339728	0.00118521746777154	0.0033543368838238	0.00934623891174582	0.0243707922152837	0.0507132597794268	0.0910239272343949	0.140320788537404	0.180728795364434	0.193260686452738	0.155404519754638	0.0946990415943304	0.0412525364925859	0.0115076154232023	0.00222166055438091	0.000188041968755168	3.87145229790051e-06	
2.22065665927743e-06	7.21713414265165e-05	8.71607738766392e-05	0.000490765121700312	0.00194362974103257	0.00512527556961231	0.0139063071645601	0.0334669613478054	0.0639587979363438	0.108613982697754	0.156843314352271	0.185897830918092	0.18338182692313	0.135078658434692	0.0749965718612822	0.0280796482923983	0.00685905325634317	0.00111365931462763	8.2164296393265e-05	
2.78447598946354e-05	0.000109708353984864	0.000232225297521259	0.000870984089504196	0.00298217378471545	0.00757377469134084	0.0205789482477293	0.0434005134573725	0.0795463531717966	0.126302160196473	0.168261985776897	0.189671821659882	0.166435369527809	0.113661196099506	0.0568033101850563	0.0189110471300406	0.00406422115422099	0.000555781407496923	1.05810087599615e-05	
5.00595708893583e-06	0	7.67580086970161e-05	0.000156297104665663	0.000384902478393733	0.00142447290052941	0.00420889747688638	0.0114480676449419	0.0276456761323753	0.0559421266863123	0.0966283210353654	0.141228061393058	0.176946121440069	0.186020809207401	0.149669217479912	0.0920311837753593	0.0413119389851701	0.0123875189252989	0.00220929572858368	0.000263647073350621	1.16805665408503e-05	
1.16793257580856e-05	1.66847510829794e-06	0.000168515985938092	0.000182976103543341	0.000700203387115702	0.00223186353653321	0.00635299705402912	0.0160774261435589	0.0368171278980717	0.0703089849053057	0.114361177031327	0.156305528937198	0.181440550285337	0.176664818367019	0.129107716196833	0.0717577774576777	0.0284825385737541	0.00767609781490938	0.00125524943980948	9.17661309563866e-05	3.33695021659588e-06	
8.91085910706509e-06	2.95172207921531e-05	1.61509321315555e-05	0.000189912684719325	0.000296286065309914	0.00110104802841673	0.00346910883611928	0.00983647459681147	0.0230986175915953	0.0479381942812334	0.0863813112551948	0.129991055725171	0.16793293687436	0.17969972632524	0.161786671805262	0.108892369074418	0.0543306218331642	0.0199391611094465	0.00442479847535201	0.000597027560173361	4.00988659817929e-05	
4.75682016085887e-05	3.69353094843159e-05	3.18986763728183e-05	0.000233923626734001	0.000499186303939542	0.00197436017970707	0.0056869184087821	0.0144445041378739	0.0317621276529066	0.060809510058716	0.101688503269335	0.145252581554283	0.174663720795922	0.175016285113727	0.145119390589779	0.0886833569495464	0.0388576244552042	0.0125333816850112	0.0023817678358371	0.000267501180810652	8.95401442044022e-06	
3.42707796096727e-05	6.12379504500708e-05	7.64069840477948e-05	0.000356753197576101	0.000916321992514363	0.00331471474913228	0.00867893448213481	0.0203793157305126	0.0417232696346285	0.075052445529124	0.11825497684756	0.157579853725571	0.174625914776998	0.167899291100497	0.125147336261519	0.0702539745677106	0.0268373913307288	0.00750249165422244	0.00118767914909587	0.000116857740308392	5.61816059174962e-07	
4.71800114018361e-05	4.4371677389822e-05	0.000189281712409747	0.000612778481421466	0.00162097039173451	0.00456354276952284	0.0123257779787297	0.0274407932981917	0.0526315493859578	0.0912219903786477	0.135888542839731	0.166398283546252	0.174303743790071	0.153351887060039	0.104962045365828	0.0515795474650573	0.0178621276500142	0.0043360677145497	0.000553803467169171	6.57150158811288e-05	
3.91921929151713e-06	3.52729736236542e-05	8.00640512409928e-05	0.000332013862838523	0.000970286718885598	0.00252789644302855	0.00682448056347176	0.0172053726897602	0.035843499974805	0.06688203709821	0.107507544497136	0.149187881773951	0.171899757568292	0.168981618861523	0.136052338374196	0.0843796715694234	0.0371614774336952	0.0113466997374123	0.00243887417626409	0.000316896874142671	2.23955388086693e-05	
1.51443339157358e-05	4.09457916981005e-05	0.000126202782631132	0.000555853144833118	0.00137981709010037	0.00393023510176151	0.00981465017990908	0.0237855786678034	0.0467073694011538	0.0807271523884578	0.123144748982665	0.160514234271628	0.174311844271375	0.160503016246505	0.115067209993017	0.0653124640672633	0.0255686837610673	0.00709091368010119	0.00124744439365172	0.000144712524083698	1.17789263789056e-05	
1.62288151006326e-05	6.65941033439753e-05	0.000318980158874504	0.000811440755031632	0.00249028369647639	0.00610707100666221	0.0139338367996777	0.0318403756131274	0.0595384860753968	0.0959755336622	0.138157581794627	0.166580952407601	0.171283951100901	0.146878611261119	0.0952967214995425	0.0489545005582153	0.0169378464362361	0.00409693639143902	0.000642996846573342	6.99517892268648e-05	1.11922862762984e-06	
5.57004016055219e-05	0.000133906015980952	0.000484424704872266	0.00130305181937766	0.0035282547320023	0.00878322191377578	0.0195716582853503	0.0412233608609594	0.0735948589091948	0.11213672366862	0.149348530353343	0.17279671153831	0.164036557467623	0.127558983349518	0.0762814186836026	0.0352414753067179	0.0112469800817614	0.00237880098977926	0.000272313074515885	2.30678430891555e-05	
5.07665752868312e-06	8.12265204589298e-05	0.000354801953949075	0.000600173734502093	0.00215419501133787	0.00557924662402274	0.0117891269277197	0.0264629234778489	0.0528237497320653	0.0885002425514153	0.128767161922812	0.158519195406189	0.171360318588464	0.151937026883722	0.108427815570673	0.0599491206101014	0.0246443519364628	0.00656919484211595	0.00135321126792342	0.000118455342335939	3.38443835245541e-06	
3.175092758067e-05	0.000149682944308873	0.000485335607304528	0.00109143813558553	0.00323179084303249	0.00761058394491668	0.0165722832545608	0.0356341794199559	0.0654227862799706	0.103341898524035	0.142002621719449	0.164622889697278	0.165864577758022	0.139174521241371	0.0895665318008219	0.0443191920749685	0.0164214663485526	0.00383675940961418	0.000565846887955512	5.38631807172081e-05	
4.85815890637699e-05	0.000285202505209661	0.000526395806208613	0.00166206189408756	0.00476728275742241	0.0112955052313798	0.0224109728091704	0.0462988259258794	0.0797229592017531	0.118497354303814	0.151664290931703	0.167428730808843	0.156904243973311	0.121917498173904	0.0711714564303163	0.0322393140508243	0.0104861931123881	0.00231134054322218	0.000346358152619348	1.54317988790799e-05	
8.7630140848156e-05	0.000394335633816702	0.000744279683124799	0.00234698883811081	0.00679248894390114	0.0156333324301279	0.0306768909517844	0.0586551194738963	0.0944843167991016	0.132862282892002	0.160060487857749	0.164918195533976	0.144086435603665	0.10226840996839	0.0559287843681665	0.0219842115852811	0.00656418936642832	0.0013052278873699	0.000184484507048749	2.1907535212039e-05	
1.73385348938015e-06	0.000107498916341569	0.000559456725906661	0.00106054038433752	0.00370929056494726	0.00943794249385927	0.0213096373356451	0.0404808553677214	0.0711891345181332	0.110585175552666	0.14703886721572	0.164515532437509	0.159444010981072	0.126481144343303	0.0830036121947695	0.0423927178153446	0.0143505273804364	0.00368039300679093	0.000595289698020517	5.54833116601647e-05	1.15590232625343e-06	
1.38476344778403e-05	0.000172518446203094	0.000753542109502478	0.0016536383505621	0.00576753976002049	0.0136601144276196	0.0282612910149624	0.051660908358663	0.0864703995273341	0.124946051924013	0.158262883492927	0.163128019072809	0.148323743846457	0.109553829217124	0.0654629610396804	0.0302611202274705	0.00934426834869267	0.0020223316185346	0.000269451887547976	1.15396953982003e-05	
5.79664443846746e-07	5.27494643900539e-05	0.000346639337420354	0.00109382680553881	0.00301657376577847	0.00873206518210738	0.0190866111425418	0.0375500830079484	0.0645479544801106	0.103399384164495	0.137425687018299	0.161751305404328	0.158403163576669	0.135546414891348	0.0916762504521383	0.0493358204802404	0.0208342994407397	0.00588881108503909	0.00114599660548502	0.000162306044277089	3.47798666308048e-06	
1.9148506532542e-05	2.14695376273956e-05	9.11004704730029e-05	0.000533256894042609	0.00177152698314699	0.00487300478364509	0.0123211935670302	0.0251582362948916	0.0467919868722481	0.0792104084318418	0.118430611614904	0.14937749946036	0.161441058575862	0.150565287123152	0.120142372047358	0.0741749314715569	0.0374504169732362	0.0136697126331401	0.00334808735432629	0.000518750449699775	8.99399549255761e-05	
4.62431220581426e-05	2.94799903120659e-05	0.000204047776081554	0.00086243422638436	0.00274221713804786	0.00730872544128944	0.0162845154327749	0.0328499578320531	0.0588594018336554	0.0945978206772652	0.131807926880375	0.158120263331459	0.159161311616793	0.138874453969885	0.102386318509908	0.058868650458067	0.0260851671139725	0.00889717668398664	0.00174336570159198	0.000248556781062517	2.19654829776178e-05	
4.70063075500835e-05	0.000103878136437839	0.000436404237995837	0.00149317567069586	0.00432864256809966	0.0102073326357829	0.022213091778945	0.0419325279585973	0.0715929276979154	0.109574024198383	0.143196881566738	0.161966906398835	0.153336896527511	0.125955432217195	0.084141870839434	0.0450372655560411	0.0183893317734203	0.00512252687338996	0.000806071125766246	0.000117225606482924	5.80324784568932e-07	
2.90409628589318e-06	0.000110936478121119	0.000241039991729134	0.00086425905468181	0.00256664029747239	0.00620547294369654	0.0143270686168254	0.029106595434993	0.0530200858915518	0.0847926417169947	0.124118171162789	0.151775041731864	0.162114205328901	0.143843954775089	0.110467176161319	0.0677212021100002	0.0328674001252246	0.0122651602538412	0.00306207912384577	0.000437356900655513	9.06078041198672e-05	
4.63291932408024e-06	3.47468949306018e-05	0.00019516172652688	0.000490510333436995	0.00127984396327716	0.00401732016889307	0.00913901248166377	0.0192897387207236	0.0379123370587796	0.0650965703077359	0.0985815738374413	0.137194639943988	0.158745243294863	0.157667510437099	0.130935565937156	0.093829356840766	0.0529600590233922	0.0228848841162098	0.00792171292926169	0.00161051858003339	0.000174892704484029	3.41677800150917e-05	
1.33446588873107e-05	2.72695203349393e-05	6.84639021175073e-05	0.000322592623536729	0.000890030727527594	0.00191640905672989	0.00573646271386266	0.0132587889083837	0.0256861475478319	0.0479589634333138	0.0787996305270096	0.112834892917815	0.147685339905868	0.161573648592197	0.149200248790858	0.117019313782828	0.0766232907232573	0.0387453467754663	0.0158151613891442	0.00496595371376055	0.000724092795276687	0.00012184253766675	1.27644563269929e-05	
1.15170752157148e-05	3.3399518125573e-05	0.00018254564216908	0.000378911774597018	0.00126284729740313	0.00313206860491364	0.00804928386826309	0.0178802592723973	0.0333620876311219	0.0585902408911452	0.0928161091634457	0.127744519023905	0.156130078454316	0.158731785745546	0.139237984235427	0.100614896645767	0.0593964361562452	0.0284402655376862	0.0105588545577673	0.00300192565497607	0.000393883972377447	4.8947569666788e-05	1.15170752157148e-06	
5.75225718571968e-07	3.79648974257499e-05	9.83635978758065e-05	0.000214559193027344	0.0005642964299191	0.00189364306553892	0.0047668955298059	0.0117069938243767	0.0235100503437549	0.0434680818753279	0.0720688798284447	0.107288800125169	0.139615910283195	0.159047610282275	0.153006589785832	0.124549598262358	0.0834566233790139	0.045919118662163	0.0201150681527431	0.0068866023027436	0.00151169318840713	0.000250798413297378	2.12833515871628e-05	
3.18803432179787e-05	8.75260331984505e-05	0.000230697756377373	0.000409807321002017	0.000965684578202772	0.00275504129663732	0.00685543307707334	0.0158480084349592	0.0306677308904875	0.0550318484628748	0.0858398528635214	0.119882842636887	0.150354654327235	0.159581984939726	0.142528319888523	0.109086419495467	0.0668084472475961	0.0342713689593271	0.0139149003507417	0.00400591003599001	0.000693252554340045	0.000140853152763069	7.53535385152223e-06	
2.67481516155011e-05	3.9540745866393e-05	9.59444568816889e-05	0.000362844491479841	0.000637885267874016	0.00185783357416361	0.00394942273418443	0.010128827238922	0.0217677620810062	0.0392447717539519	0.0666151086352919	0.100572468592727	0.131079316991763	0.155020657132307	0.156522042512117	0.129199387118439	0.0934028009966594	0.0526804846067295	0.0250932551046812	0.00918101230124234	0.00211077805139715	0.000373892641060157	3.72148196389581e-05	
1.3410812846859e-05	4.83955420125782e-05	0.000153349729509736	0.000577831110053795	0.00115158066837159	0.00302268059991814	0.00625585265365002	0.0140871842773962	0.0281720362395148	0.0505412720680756	0.0791704421020225	0.114217560701421	0.14159894206179	0.157188137378034	0.147426814861979	0.115448440089234	0.0762847850246701	0.0403076557082833	0.0173156917005727	0.00557948122311278	0.00115332990482988	0.00026821625693718	1.69092857634309e-05	
1.11246754083195e-05	7.3188654002102e-05	0.000307392346808828	0.00068211825529959	0.00165289256198347	0.00469988260539898	0.00893369986211258	0.0196895044542615	0.0354935696448594	0.0627244330074974	0.0947184139725923	0.12724169528343	0.148609854705884	0.15508558681199	0.134692300260844	0.0993211020454765	0.060759464024849	0.0295055667290234	0.011874712734533	0.00318868327756358	0.000591949833569001	0.000137594669523952	5.26958308815134e-06	
3.21905681635281e-05	0.000166805671392827	0.000492808334430739	0.00113369328241371	0.00260275375678563	0.00654053816777139	0.0123483019475294	0.0253410005413868	0.0460974788932297	0.0752668159138463	0.109065156636378	0.137085583015086	0.151611723219642	0.150764233352355	0.119401255432158	0.0843076833033376	0.0474190480371069	0.0209408425149613	0.00711294499802467	0.00191680201337372	0.00030434718990972	4.79932107165328e-05	
5.59464359497811e-05	0.000223202968424647	0.000815302748893164	0.00153444756099764	0.00408525537508297	0.00870083634093991	0.017965216468999	0.0332788049841281	0.0575263399899879	0.087527616268058	0.122588548347336	0.144769561875301	0.15345466328113	0.141302631172538	0.103003799112666	0.0689137708072663	0.0343318800858078	0.0143945517495791	0.0043644047794574	0.00101344637621531	0.000141614415997883	8.15885524267641e-06	
0.000102902370068317	0.000382541014152273	0.0011673895994191	0.00239233476175776	0.00570148894497165	0.0122860778906991	0.0238640479466908	0.0421742747563045	0.0681981097357851	0.101164075794281	0.133499256137952	0.149722948449401	0.149477029226017	0.128311116304677	0.0892146107412633	0.0547888263141708	0.0248360974537768	0.00966061403065095	0.00246791277367234	0.000539510731205638	4.36026991814901e-05	5.23232390177882e-06	
2.30081023032261e-06	0.000181188805637905	0.000521708719725651	0.0017509165852755	0.00334020125187085	0.008276589601028	0.0170047132097568	0.0307106397517886	0.0531084521414216	0.0824725427059139	0.114678709107412	0.140475968612347	0.150302729106055	0.142768726006863	0.112546433226461	0.0749661493294864	0.0417637320982584	0.0178053951699091	0.00559326966991426	0.00148747381390357	0.000230656225589841	1.1504051151613e-05	
3.59872296744984e-05	0.00026504880268202	0.000715746012415023	0.0024065745812486	0.00477202090001205	0.0110697860930493	0.0226639575327841	0.039412299978122	0.0643040383955179	0.0968142162124183	0.12819279558511	0.144094581294295	0.148235397610334	0.132502694758032	0.0967765153051403	0.0610634740472095	0.0302669738338567	0.0119563286399512	0.00354731263934341	0.000763157759446505	0.000130810723737462	1.02820656212852e-05	
3.98185185690817e-05	0.000461894815401348	0.00120365693274538	0.00342439259694103	0.00712125762809049	0.014949578378772	0.029919634852808	0.0489807596918274	0.0768793203092647	0.110834277601059	0.138240795096179	0.146627143942807	0.143201613673907	0.118461230414977	0.0811871151824598	0.0467503538159793	0.0210952823019199	0.00788463551265774	0.00229468434153822	0.000385101958160976	5.74524339353893e-05	
