# <P(U)> as a function of N_tot.
# number_of_species: 1
# species_total_upper_bound: 151
# species_total_lower_bound: 97
# volume: 729
# Bin widths for each
10	10	10	10	10	10	10	10	10	10	10	10	10	10	10	10	10	10	10	10	10	10	10	10	10	10	10	10	10	10	10	10	10	10	10	10	10	10	10	10	10	10	10	10	10	10	10	10	10	10	10	10	10	10	10	
# Bin lower bound for each
-250	-260	-260	-260	-270	-270	-280	-280	-280	-280	-310	-310	-320	-320	-320	-320	-320	-320	-330	-330	-350	-350	-360	-360	-360	-360	-370	-370	-370	-370	-380	-380	-380	-380	-390	-390	-400	-410	-410	-410	-420	-430	-440	-440	-450	-450	-460	-460	-460	-460	-460	-470	-470	-470	-480	
# Bin upper bound for each
-100	-100	-100	-100	-110	-110	-110	-120	-120	-120	-120	-130	-130	-130	-140	-140	-140	-140	-150	-150	-150	-150	-160	-160	-160	-170	-170	-170	-170	-180	-180	-190	-190	-190	-190	-200	-200	-210	-210	-210	-220	-220	-220	-220	-230	-230	-230	-230	-240	-240	-240	-240	-250	-250	-250	
# Normalized histogram for each
2.44229468239179e-06	6.74073332340134e-05	0.000379532593643684	0.00193332047058134	0.00655707276328547	0.0191466133920787	0.0479144024559715	0.0966328083213864	0.161653531191767	0.22169441520475	0.217789674466542	0.148773357495769	0.061221000803515	0.01464692966924	0.00151568807989234	7.18034636623186e-05	
3.40704391728281e-06	9.24769063262478e-06	0.000131414551095194	0.000740301971169594	0.00314275465341359	0.00967892504844086	0.0270222387490892	0.0625898303632834	0.11741452091852	0.181393938479495	0.225098524409279	0.199981309930511	0.12031099496877	0.0431974231066692	0.00845579628213633	0.000799681879442238	2.96899541363217e-05	
7.2566377675099e-06	7.01474984192624e-05	0.000230761081006815	0.00129942193623544	0.00472407118664895	0.0139448389098982	0.0368854897722528	0.079100254320965	0.138440684001	0.199311780474129	0.221917658447476	0.177229347971746	0.0927112878935577	0.0290052649325883	0.00475793549623066	0.000353156371352149	1.06430687256812e-05	
1.25024644280844e-05	0.000150029573137013	0.000457782543674474	0.00199750912439471	0.00688404925970985	0.0204410484759015	0.0497266288066398	0.0982958179256488	0.15826869719512	0.211304632163071	0.211500824681788	0.150680663015306	0.0691578628479652	0.0185377886987339	0.00239951144215927	0.000183209190273083	1.44259204939435e-06	
2.40306515766991e-06	5.09449813426021e-05	0.000176865595604505	0.000808391119040158	0.00328787374872397	0.0105278284557519	0.0281466215787561	0.0652518700653057	0.116281919914489	0.177008818287903	0.215583781424883	0.196633209591498	0.124001526426988	0.0493286797175533	0.0115371158219732	0.0012813143420696	9.08358629599226e-05	
1.34444484991194e-05	9.93928871184898e-05	0.000404293772723519	0.0013007503922898	0.00502534278542084	0.0151619767948819	0.0381635075413753	0.0819376715367581	0.136059259287713	0.192242169088908	0.215739703953244	0.173762294467994	0.0984172042845537	0.0343731333823736	0.00660026389531768	0.000674623219330812	2.49682614983646e-05	
5.28931850977779e-06	1.58679555293334e-05	0.000166373109489374	0.00078426168085887	0.00199551561959798	0.00760748255847221	0.0219410548728328	0.0513751506854716	0.099025178598648	0.155329974135232	0.203134834826604	0.207553339170818	0.150770581579804	0.0742629935715546	0.0222098484225569	0.00348710343935532	0.000330341983292485	4.80847137252526e-06	
2.77389326441324e-05	5.16518056132122e-05	0.000284084930872667	0.00129559945746474	0.00342527992409098	0.0114236576747888	0.0302933057346895	0.0660817896776736	0.117759421193692	0.173487893390673	0.208680946796727	0.192176760130928	0.125217846272748	0.0539546152801345	0.0137594671064085	0.00193646445303607	0.000143477237814478	
5.3482115485078e-05	0.000132272732047916	0.000490889417130895	0.00190052517527331	0.00538927817289813	0.0169447577498928	0.0413765341488083	0.0824035244714105	0.137160137869253	0.188494850913828	0.206100494805072	0.172032864759966	0.0997861670418373	0.0382850768662154	0.00841770296224067	0.000976048607602674	5.53921910381165e-05	
3.42998262142139e-05	0.000173404676971859	0.000778415500472575	0.00302505411750358	0.00856304689167353	0.0234644158358487	0.0533962544589774	0.0998272622640934	0.15542966248971	0.198042432696119	0.198450695905363	0.150619111863167	0.076826846855087	0.0259516296228544	0.0049939594194945	0.000415885392847343	7.62218360315863e-06	
9.51991089363404e-07	0	1.61838485191779e-05	7.09233361575736e-05	0.000331768894643146	0.00138990699047057	0.00478708719286387	0.0125410546157288	0.0318421979570271	0.0672929181382862	0.118302028693011	0.17291775748979	0.203593766362347	0.18534409717925	0.126654322515541	0.0557862018411508	0.0162442999533524	0.00274316232400065	0.000140894681225784	4.75995544681702e-07	
8.56403495458445e-06	2.85467831819482e-06	5.2335769166905e-05	0.000128936304038466	0.000624222992245266	0.00231752301465449	0.00711147947034298	0.0182090414323253	0.0418557692810921	0.0832290979264092	0.137065476329245	0.187953923588825	0.202091717959685	0.16697727152701	0.101352499009189	0.039368392906505	0.0102192725994177	0.00139260723955937	3.90139370153291e-05	
4.75012896600143e-07	9.975270828603e-06	1.09252966218033e-05	7.22019602832217e-05	0.000254131899681076	0.000920574993611077	0.00353219589911866	0.0100982991688224	0.0253903893490708	0.0547651868748237	0.099819210091554	0.155773354246568	0.197329382492735	0.193273247368666	0.145847484759211	0.0783947034161978	0.0275939741763989	0.00618466791373386	0.000710144280417213	1.94755287606058e-05	
1.42771615860594e-06	2.4271174696301e-05	2.09398369928871e-05	0.000196548924501418	0.000398332808251057	0.00160570477304548	0.00551288799376374	0.014563656628553	0.0339015960914842	0.0693765353897522	0.118252494458082	0.172759841961339	0.200847301949594	0.17950484899998	0.122667944631264	0.0583279159436871	0.018119145768868	0.00359165794966634	0.000325995189548356	9.5181077240396e-07	
7.20010828962868e-06	2.11203176495774e-05	6.62409962645838e-05	0.000228483436390883	0.000664329991523072	0.00260643920084558	0.00829548476409085	0.0198862190887351	0.0446665917855405	0.0861041750067921	0.136850058224876	0.185067263411642	0.196681038082813	0.163680541755348	0.099770940554946	0.0414899040081563	0.0118691385118432	0.00190130859568128	0.000143522158573265	
5.78343076004401e-06	2.3133723040176e-05	0.000128681334410979	0.000452071504410107	0.00109692403415501	0.00418720387027186	0.0119895339181346	0.0277527564071979	0.0570352302504274	0.103627030405905	0.154053245155292	0.19443315872192	0.18834272417903	0.14273844482583	0.0777876256751553	0.0283426663447224	0.00700277074528662	0.000955229980533936	4.57854935170151e-05	
9.66770175526793e-06	3.81874219333083e-05	0.000234441767565247	0.000695107756203764	0.00196399361158268	0.00643820598392068	0.0176875437463504	0.0376731001999281	0.0726232922004849	0.121542829852316	0.169001094383839	0.196226792681936	0.174722440282606	0.119277687331057	0.0582372686035585	0.019214557238595	0.00400194514159316	0.000399276082492566	1.25680122818483e-05	
2.18011531356599e-05	6.29811090585729e-05	0.000337675638567887	0.00115110088556284	0.0033525328821948	0.00933331589241082	0.0239168339299582	0.0501286025799969	0.0895949878664471	0.139377678816692	0.180622553728942	0.192539064032894	0.157297257754065	0.0961750603528589	0.0420021016311623	0.0116626479874387	0.00222613997018571	0.000193788027872532	3.87576055745064e-06	
1.94469009661707e-06	6.32024281400546e-05	9.86930224033161e-05	0.000510967322886134	0.00193302195603736	0.00514905320331784	0.0138170231364643	0.0326474573420073	0.0633696714883637	0.10730799953133	0.155632089914691	0.185753880993717	0.183590899433755	0.136834715440791	0.0762814413848527	0.0288567701711765	0.00695178092288186	0.0011002084221611	9.91791949274704e-05	
2.43899107719504e-05	9.60962484414847e-05	0.000271703605999528	0.000891207339607069	0.00290776516223193	0.00771160198787529	0.0202655768604136	0.0427277090849491	0.0788794104275649	0.125159753915556	0.167191374947074	0.18920961079556	0.167346494779583	0.115628664584093	0.0575660430003883	0.0194051008083792	0.0041404312526463	0.000566333728124689	1.07315607396582e-05	
4.39588349931864e-06	4.88431499924293e-07	6.74035469895525e-05	0.000137249251478726	0.000397583240938375	0.00146627136277273	0.00424007385084279	0.0115772918427055	0.0272144263127818	0.0552899573599301	0.0954629597972032	0.140330277380249	0.176287139110175	0.185518006027245	0.151129009412075	0.09380668858096	0.0418712787625099	0.0126410956495406	0.00227511392664736	0.00027303320845768	1.02570614984102e-05	
1.02744702409755e-05	4.40334438898949e-06	0.000154117053614632	0.000162923742392611	0.000688878766633022	0.00221096814376039	0.00644600692499294	0.0160125172403164	0.0367356344558763	0.0691354424700609	0.112887561579548	0.155651374503951	0.181271499940555	0.176529098033613	0.130325294620434	0.0734839896844319	0.0291256768307271	0.00782621076069731	0.00124614646208402	8.90454087551207e-05	2.93556292599299e-06	
7.84641813464159e-06	2.59912600710003e-05	1.81448419363587e-05	0.000198612459033115	0.000263345408643908	0.00104308321077392	0.00350931051071845	0.0100046735228014	0.0228875112976161	0.0475890163877347	0.0853283260108271	0.128776395228005	0.167378810845908	0.178941979170702	0.162307572725262	0.110186269062505	0.0559699717577987	0.0203433102174586	0.00455533612829286	0.000628203851904743	3.62896838727174e-05	
4.19004878202676e-05	3.2534496425149e-05	4.1407540904735e-05	0.000230206209553706	0.000453511162289955	0.0019136199260974	0.00574036683137666	0.0142713061515831	0.0316402907203729	0.0606699345760854	0.100801235916507	0.144713933045978	0.174162088832978	0.174144835690934	0.145606166963092	0.0897794358321141	0.0401145411452931	0.0128856323720211	0.00244748143561916	0.000301683512305927	7.88715064852096e-06	
3.02028044046582e-05	6.83276558662759e-05	9.9025588211994e-05	0.00033470648815654	0.000856076210092688	0.00328418363305078	0.00859492592886002	0.0200640695555732	0.0417145290343025	0.0752262734690644	0.117411669175315	0.156984274736592	0.174517250257467	0.166901687396023	0.125853600570387	0.0712905014655787	0.0274820763685336	0.00785520478491642	0.00128188623940426	0.000149033510259051	4.9512794105997e-07	
4.15832114714219e-05	4.99988614120669e-05	0.000196035139793846	0.000617312675057895	0.00157125134774159	0.00450633302409945	0.0121833859228948	0.027017206538861	0.0526260293082435	0.0914043541582716	0.134857820069444	0.166428883302657	0.173474762455904	0.153101464026067	0.105773828912807	0.0525285067765784	0.0184005710761042	0.00451920401812632	0.000615827560362487	8.56416141018571e-05	
3.45121534548391e-06	3.10609381093552e-05	7.09964299642405e-05	0.000389494303276042	0.000945633004662592	0.00251938720220326	0.00683291335329451	0.0169760352536717	0.0356826084877218	0.0667977799810775	0.107616289933643	0.148836619958576	0.171791146252153	0.167792666759028	0.136248558501305	0.0849610333135957	0.037787849848467	0.0117873794971185	0.00253762934045796	0.000360405488221249	3.10609381093552e-05	
1.33325761746864e-05	3.60473355834113e-05	0.000131844364394121	0.00059157134286201	0.00137226774775753	0.00397656429387961	0.00987845134720744	0.0232846035904134	0.0465622939931806	0.0809692289079879	0.123077948659706	0.160275836187081	0.174177762744338	0.159077879527829	0.116008226693299	0.0657537966979653	0.0260113623176955	0.00731859672166766	0.00131153045629507	0.000159003315861075	1.18511788219434e-05	
1.42960031825861e-05	5.86629096113015e-05	0.00031500503564388	0.000903605994264838	0.00246137737553974	0.00604967417436884	0.0139755755250454	0.0314019104389908	0.0594107384674389	0.0966636579331233	0.138165941103425	0.166670199586993	0.171082241948516	0.145407606163845	0.0960937896683278	0.0490776859601911	0.017339572963596	0.00413400974790231	0.000698532293438775	7.34518784208734e-05	2.46482813492864e-06	
4.90209913827039e-05	0.000117848443930137	0.000473869583366138	0.00133743129014832	0.00352901621802556	0.00881486554136258	0.019589085253446	0.0409696649192416	0.0739528695353355	0.112891381862134	0.149389243011909	0.172150828182416	0.163331506187291	0.126740554670042	0.0770763484610132	0.0354228654700593	0.0114288232535777	0.00240995116221838	0.000296106594412696	2.87193686888568e-05	
4.46795138471742e-06	7.14872221554787e-05	0.000316231670229444	0.000608634266407062	0.00223546500948695	0.00559536445079445	0.011996945907009	0.0264706261982797	0.052807213855018	0.0886967780113248	0.12970165006409	0.15837944424642	0.170577447965742	0.150879243188608	0.108358246299295	0.0604255674050039	0.024716210621214	0.00671731668740127	0.00130861331667946	0.000128081273028566	4.9643904274638e-06	
2.79153606265802e-05	0.000133096451558873	0.000442657861364343	0.00111462047073274	0.00335582513818103	0.00773105942781487	0.0168095334944448	0.0354694566075659	0.0657302060153614	0.103991198685585	0.142629048724268	0.164729540034615	0.164718573285797	0.137455235725281	0.0898585488797965	0.0446157251214318	0.0166928871661123	0.00387824117276418	0.000559304189696839	5.73261870010129e-05	
5.22366844170939e-05	0.00025063563003971	0.000520357740924127	0.00169015810638001	0.00489467778504403	0.0113886017545499	0.0227797148881582	0.0460627101396427	0.0802807520877094	0.119005714894186	0.152480388640932	0.167029309802716	0.155799929480476	0.119958532108986	0.0718751663788626	0.0324244150244759	0.0107607569899213	0.00238781920883523	0.00033250658734727	2.56160663968441e-05	
8.85087340418753e-05	0.000347965765833201	0.000735886903033877	0.00247622149639441	0.00685361060000829	0.0155517432174493	0.0307560264332599	0.0580323952081877	0.094643147957269	0.133684603425237	0.16097159324825	0.164963590035636	0.142714517354287	0.100874668598012	0.0568802643730598	0.0221297123314414	0.00673121566493324	0.0013473558142146	0.000186626987779726	3.03458516715001e-05	
1.51994625470043e-06	0.000112476022847832	0.000505635454063678	0.00113894639352219	0.00377503984792431	0.00931727054131366	0.0212118632818477	0.0405511527779044	0.070744378478777	0.11085525349157	0.148383233168875	0.164971419943924	0.159196130824814	0.125088030220585	0.0819631017847209	0.0430828765894838	0.0146016170201555	0.00382469142557786	0.000607471853128607	6.23177964427178e-05	5.57313626723492e-06	
1.21507728650966e-05	0.000170110820111352	0.000710820212608148	0.00172338461803286	0.0057199763262442	0.0133602810473764	0.0280581596743188	0.051655466860539	0.0864735065054732	0.125541785242178	0.158720483114729	0.163449158888063	0.14790376385378	0.10867955019864	0.0651332053789446	0.030708547005518	0.00957075876007438	0.0021223349937702	0.000267823285234836	1.87324415003572e-05	
5.08072251938804e-07	4.62345749264311e-05	0.000346505275822264	0.00105069341700945	0.00306926447396231	0.00859759864730844	0.0187895280212008	0.037402246898727	0.0645373697302746	0.103718885655291	0.138076255548149	0.162256938234672	0.158157303233778	0.134841359520055	0.0913198904189767	0.0494262848131107	0.0209854162940804	0.0060059220901686	0.00120921195961435	0.000158010470352968	4.57265026744923e-06	
1.67752909115032e-05	1.88086595068369e-05	8.74348495993501e-05	0.000524100755447267	0.00169633775065716	0.00486229265359177	0.0121209101967843	0.0247633794382718	0.0467776445356523	0.0791442974940257	0.118759909494764	0.14982673157857	0.162271455724161	0.150642620727448	0.119605282488274	0.0735118664849513	0.0373992402318244	0.0137572635738791	0.00357974541208502	0.000547992836442439	8.59098231528498e-05	
4.05564137180042e-05	2.58547137452277e-05	0.000225595051306398	0.000853712508763987	0.00269345282604695	0.00719115910737361	0.0161718699700542	0.0327629918669182	0.0589538168908338	0.0945446047042398	0.132015182293475	0.158064566824549	0.159488096946051	0.139531299665764	0.101710923008211	0.0585218910847371	0.0261416503722825	0.00892089015244649	0.00187319935860032	0.000249421944365726	1.9264296516052e-05	
4.1205919204858e-05	9.10599942922171e-05	0.000452756396201526	0.00142745443566459	0.0041806202966114	0.0100751016031137	0.0219658072265008	0.0420763306586792	0.0720915361515808	0.109398663198587	0.143849355229107	0.161810048851906	0.15366602958585	0.125949198697486	0.0835844266043728	0.044892577186063	0.0182862712560226	0.00516854492742417	0.000874481174236431	0.000118021892043544	5.08715051911827e-07	
2.54714510881913e-06	9.73009431568909e-05	0.000213960189140807	0.000827312731344454	0.00242284442750876	0.00593790467767916	0.014175881388622	0.0287149856697616	0.0532032387459488	0.0855463779087124	0.12410607942406	0.15232386236858	0.16231427491439	0.144018641026764	0.110279156915346	0.0670520667025984	0.0329091148059432	0.0121702593299378	0.00311821504221638	0.000472750132196831	9.32255109827803e-05	
4.06946164074589e-06	3.91685682921792e-05	0.000171426071616421	0.000481213839018202	0.00125695496428539	0.00383902837533866	0.00897519764866506	0.0190984921627256	0.0373312063613824	0.0653433455654568	0.0993248763138003	0.13718918215012	0.159619037348502	0.158029403895085	0.130803688153085	0.0933651497409279	0.0525199632527614	0.0228469750165576	0.00787186486131783	0.00163897567581041	0.000216190149664626	3.45904239463401e-05	
1.17265809980442e-05	2.39630133438295e-05	7.13791886837474e-05	0.000291125119560141	0.000838705467034032	0.00188746968933738	0.00560938452784706	0.0128875125168506	0.0253324740638619	0.0477934653372463	0.0789571092652226	0.113625981208919	0.148158722842768	0.161577500463965	0.148991819944977	0.117204627818713	0.0763385127432246	0.0386197100373415	0.0159185787791711	0.00493791030287209	0.000747442075788383	0.000163662282624878	1.12167296503032e-05	
1.31794246876983e-05	3.44692645678264e-05	0.000197691370315475	0.000394875839681423	0.00123379691114837	0.00307232665508229	0.00809470126299441	0.0173993750925094	0.0329597135401354	0.0587001437571093	0.0928977094159893	0.128372665467677	0.156538616728137	0.158971741285866	0.139028737228631	0.100646197330457	0.0590468640065857	0.0282906488940435	0.0106018333593542	0.00301758135253339	0.000408055264369121	7.80627462271362e-05	1.01380189905372e-06	
9.61660615796845e-06	3.34050529697851e-05	0.00011590541106183	0.000254080857436851	0.000590662072965746	0.00189345913878737	0.00468581788476168	0.0116214154733218	0.0230585970181435	0.0433977190422468	0.0716776270670009	0.107738381747884	0.140172663632881	0.159399296165657	0.153512920922648	0.124250600658282	0.0834341811637005	0.0454647832290438	0.0199873566935881	0.00687283657995019	0.0015244851446211	0.000259648366265148	4.45400706263802e-05	
3.00511990937781e-05	7.6910695985771e-05	0.000254161836403309	0.000429884949748283	0.000939736649627467	0.00288084037414252	0.00686491629467696	0.0159240794655572	0.0302595201180044	0.055242762754442	0.0854177320410978	0.120411589372266	0.150400139356069	0.159690034614907	0.142693280144409	0.108907582885282	0.0671318320637126	0.0337148986714314	0.0138602242328795	0.00395045932493801	0.000742621157266584	0.000148218626038804	2.85231720212131e-05	
2.35291229161381e-05	6.39378340112449e-05	8.54209462390231e-05	0.00037339695062567	0.000641424350800809	0.0018644272397679	0.00418153434433541	0.0101635580944275	0.0216365630294053	0.0390987527518844	0.0669628608139849	0.100485211434745	0.131518590053114	0.154942854921474	0.156699355097431	0.129065934740443	0.0928213668988207	0.0527747996955536	0.0249285942269762	0.00912725368077323	0.0020935804368642	0.000385673014755829	4.75697485043662e-05	1.38105721464289e-05	
1.18010628139788e-05	9.49215921993949e-05	0.000151361457831467	0.00056491174600829	0.00110109046951298	0.00304262184725628	0.00647416567768629	0.0139781023583141	0.0280536917572655	0.0504787896419506	0.0795063256262131	0.114889503570335	0.141610188319308	0.157637057800066	0.147346017936589	0.114821262641889	0.0759439439254542	0.0400497286525187	0.0171725987530894	0.00560704410570263	0.00117908010202275	0.000258084112844841	2.51413946906505e-05	2.56544843782148e-06	
1.28553937889936e-05	0.000102328934560389	0.000287446605121897	0.000656653514741794	0.00160846687087888	0.00480328933531958	0.00904196977542655	0.0196008760179544	0.0356737177644573	0.062786771696948	0.0952867498427785	0.127881857902648	0.148597039454232	0.155487530525133	0.134536838159334	0.0982943977736515	0.0602804841238458	0.0294712473691437	0.0116511004988407	0.00318093863914858	0.000611916744356097	0.000128039722138376	1.74833355530313e-05	
7.65167520333428e-05	0.000208495310909646	0.00046372232943697	0.00108201876868626	0.00261338087985021	0.00648184190714666	0.0124003356466384	0.025031248619874	0.0461586022803019	0.075356162371629	0.109801025632598	0.13712520913723	0.151871373799226	0.151597145976503	0.118846435500486	0.0832743623689586	0.0471271297590595	0.0211489221408668	0.00702875694684807	0.00194321738049778	0.000306067008133371	4.31369608778577e-05	1.48925222078318e-05	
0.000143073797464732	0.000305053775308733	0.000790993708840734	0.00147928087021571	0.00399635774989883	0.0087964836548406	0.0179552506039758	0.0332963385371317	0.0577880177738535	0.0879786329503043	0.122667897101325	0.14524494234126	0.153492635787253	0.141641015578693	0.102024903016404	0.0679927563780255	0.0342677074263477	0.0146001700534278	0.00436681668976287	0.00102144471832857	0.000137964018983849	1.12415126579433e-05	1.02195569617666e-06	
8.15810821628573e-06	0.000187636488974572	0.000491526020031215	0.001199241907794	0.00233066954104013	0.00553476654298635	0.0122662255849491	0.023642197610796	0.0427036174581476	0.0691185520989538	0.101481257511196	0.133145424907418	0.150226463985266	0.150045965840981	0.128003777204104	0.0878291732930051	0.0540214629629535	0.0249469850436382	0.009779022342509	0.00245049175546682	0.000525688098186911	4.84387675341965e-05	1.01976352703572e-05	3.05929058110715e-06	
2.8243301924428e-05	0.000307145908428154	0.000621856987014638	0.00172889355351677	0.00319855394294147	0.00818702714534356	0.0170887106983106	0.0304583837467867	0.0535417352785571	0.0828613087441767	0.115200898137001	0.140343993330546	0.150886310118516	0.143828006360795	0.112203073375594	0.0735677493770082	0.0408075365233807	0.0178422016460802	0.00560024329587229	0.00142023461105695	0.000235024619585419	2.92519912788718e-05	1.36173062849921e-05	
0.000113797951736691	0.000511591668991705	0.000819045784210135	0.00226547764444229	0.00453295174417821	0.0110274208143441	0.0226697498591251	0.0392303465197542	0.0650699682713343	0.0973511530277991	0.128473395486314	0.143928455028098	0.149360809882054	0.133546388387418	0.0955653237676505	0.0596291284823795	0.0295884656791866	0.0119422964526483	0.00345985702385415	0.000736192889524649	0.000141249212024051	1.59716423490093e-05	2.09627805830748e-05	
2.9803727552205e-06	0.00018031255169084	0.000783341305830454	0.00127311589527169	0.00313237176573674	0.00685336715062953	0.0151397968677276	0.0297004079633573	0.0491001509558801	0.077936747549016	0.110685083383379	0.1389236185103	0.145919050095595	0.144865488326625	0.118669998723407	0.0798516370442451	0.0456811666768496	0.0208496943379375	0.00780758316109262	0.00220646929644824	0.000381487712668223	5.31499808014322e-05	4.96728792536749e-07	2.48364396268375e-06	
