# <P(U)> as a function of N_tot.
# number_of_species: 1
# species_total_upper_bound: 151
# species_total_lower_bound: 97
# volume: 729
# Bin widths for each
10	10	10	10	10	10	10	10	10	10	10	10	10	10	10	10	10	10	10	10	10	10	10	10	10	10	10	10	10	10	10	10	10	10	10	10	10	10	10	10	10	10	10	10	10	10	10	10	10	10	10	10	10	10	10	
# Bin lower bound for each
-250	-260	-260	-260	-270	-270	-280	-280	-280	-280	-310	-310	-320	-320	-320	-320	-320	-320	-330	-330	-350	-350	-360	-360	-360	-360	-370	-370	-370	-370	-380	-380	-380	-380	-390	-390	-400	-410	-410	-410	-420	-430	-440	-440	-450	-450	-460	-460	-460	-460	-460	-470	-470	-470	-480	
# Bin upper bound for each
-100	-100	-100	-100	-100	-100	-100	-100	-100	-110	-110	-110	-120	-120	-140	-140	-140	-140	-150	-150	-150	-150	-160	-160	-160	-170	-170	-170	-170	-180	-180	-190	-190	-190	-190	-200	-200	-200	-210	-210	-220	-220	-220	-220	-230	-230	-230	-230	-240	-240	-240	-240	-250	-250	-250	
# Normalized histogram for each
2.10114049906289e-06	7.2699461267576e-05	0.00036349730633788	0.00198683845591387	0.00674466100199188	0.0189623727759428	0.0466083390064127	0.0957590580166915	0.161001991881193	0.221893463772136	0.218785036517822	0.15002269231739	0.0617495776707597	0.0144634107393493	0.00149769294773203	8.65669885613911e-05	
2.93509293552481e-06	7.96668082499592e-06	0.000136691470997298	0.0007299995429641	0.00324201979678255	0.00993025799886202	0.0266447736686943	0.0609220468667254	0.11609550456973	0.180565240197523	0.22530066882382	0.201823279731548	0.12174262337768	0.0437022759129921	0.00836375696927335	0.000760189070300927	2.97702283460374e-05	
7.09686172599852e-06	6.26193681705752e-05	0.000226682112777482	0.00128578435976914	0.00489307742884874	0.0141123182733753	0.0362269743364956	0.0775808050763434	0.137050001565484	0.198724234739138	0.22225283613555	0.179332268804074	0.0939019171963222	0.0293238151893714	0.00466973501570702	0.000338562050575576	1.12714862707035e-05	
1.49796651046205e-05	0.000133152578707738	0.000453134869414769	0.00200810732763607	0.0071428036440532	0.020506745426417	0.0488624192658466	0.096434922925462	0.15724196070501	0.210953630446669	0.21220027146482	0.152820878990104	0.069945465696983	0.0186962864578002	0.00241130998003544	0.000172266148703135	1.66440723384672e-06	
2.08267815749629e-06	5.45661677264027e-05	0.00016286543191621	0.000805579911319564	0.0033102086635246	0.0107037161226364	0.0283527473648915	0.0639644611799205	0.114720577485	0.175987137379699	0.215293522246127	0.197409564907706	0.126100747473191	0.050217119197919	0.0115771913418904	0.00125252264391827	8.414019756285e-05	1.24960689449777e-06	
1.16476615655456e-05	9.90051233071372e-05	0.000402676299837432	0.00127458696560113	0.00513121090753587	0.0153828170368682	0.0382371929801208	0.0801438153413014	0.134379903457525	0.19144138147922	0.215786658102862	0.175115935831368	0.100204000472562	0.0349879113912466	0.00672486060245034	0.000648941144366109	2.49592747833119e-05	2.49592747833119e-06	
4.57753321728593e-06	1.66455753355852e-05	0.000173530122873476	0.000779012925705387	0.00201661145190615	0.00776141563959999	0.0220042021754935	0.050942118757025	0.0973254305690165	0.154006527562368	0.202276199199265	0.207945682158565	0.152331982683608	0.0755829800656751	0.0229475901576378	0.0035596562855149	0.000310439980008664	1.41487390352474e-05	1.24841815016889e-06	
2.40483288484582e-05	6.38524593562511e-05	0.000285262935305849	0.00127414680260883	0.00345922771694288	0.0115373930782276	0.0301889452320042	0.0654649412681762	0.11625459716976	0.172117206579291	0.208443865810325	0.193202615463075	0.126592061563722	0.0549006762555923	0.0140865159361641	0.00194915851580348	0.0001409729622151	1.32680435025976e-05	1.24387907836853e-06	
4.63193104378085e-05	0.000145574975661684	0.000523160068784176	0.00191522077354903	0.00540984731997297	0.0171426940799786	0.0413267504770475	0.0815215728052711	0.135867358037517	0.187212727223099	0.206192478240263	0.17345589202307	0.100809429949901	0.0387680221406304	0.00861373748034531	0.000982631085716365	5.70720075037283e-05	8.68487070708909e-06	8.27130543532294e-07	
3.43027227682876e-05	0.000197963906096503	0.00081086677194434	0.0030669940441381	0.00856121568849491	0.0236155648397918	0.0535539893859937	0.0988050667187958	0.154225868137854	0.196894322403439	0.19876030786487	0.152129269190824	0.0774853045895803	0.026327546367569	0.00509292111654949	0.0004215515328151	1.28118603110472e-05	4.13285816485393e-06	
8.25424732613976e-07	0	1.40322204544376e-05	6.6859403341732e-05	0.000369377567844754	0.00141560341643297	0.00475898629588588	0.0125646152798499	0.0319608583591794	0.0675065363321014	0.117057608455651	0.171521608587719	0.202435002961211	0.186518750554582	0.127603234839527	0.0566509629611287	0.0166273558137759	0.00276806184082097	0.00015476713736512	2.06356183153494e-06	2.88898656414891e-06	
7.42838112052177e-06	2.47612704017392e-06	4.53956624031886e-05	0.000131647420969247	0.000649157972365597	0.00233994005296436	0.00697731331137009	0.0184397180681752	0.0422856468407301	0.0834347513700205	0.136027277015475	0.186735057295516	0.2007375557077	0.168486413697274	0.101928531545239	0.0398751371671208	0.0104599859933747	0.00138167888841705	5.15859800036234e-05	1.65075136011595e-06	1.65075136011595e-06	
4.12341887503237e-07	8.65917963756798e-06	9.48386341257445e-06	6.39129925630017e-05	0.00026884691065211	0.000967766409970097	0.00361129025075335	0.0101213439706545	0.0259020803472908	0.0552599980537463	0.100281959382675	0.154753147405627	0.195748590203087	0.192770657091538	0.146892261662266	0.0784929893632287	0.0278829707748564	0.0062045083812612	0.000731906850318245	2.30911457001813e-05	4.12341887503237e-06	
1.24049060576464e-06	2.10883402979989e-05	1.81938622178814e-05	0.000175736169149991	0.000442441649389389	0.00166887336162203	0.00548751694303419	0.0144591585007927	0.0344988707400519	0.0701431278060931	0.118626876138667	0.171150075380479	0.199585014542685	0.179944740278482	0.123215864386259	0.0583204253394189	0.0183398266124931	0.00357840190076241	0.000316325104469984	5.37545929164678e-06	8.26993737176428e-07	
6.2427584002557e-06	1.83120913074167e-05	5.74333772823525e-05	0.000224739302409205	0.000706264067015595	0.00266149599797568	0.00825459134071144	0.0199389541465234	0.04532783637647	0.0864921690838627	0.136854582018192	0.183939962976281	0.195748764766205	0.164181632639472	0.0998616604738503	0.0416462736558925	0.0120302116211861	0.00191194880605165	0.000136924500912275	
5.01222774727512e-06	2.00489109891005e-05	0.000114028181250509	0.000429798529328842	0.00109934861923568	0.00424702764452445	0.0120310173360427	0.0278070041705912	0.0573390500575362	0.103988689072717	0.153902123722665	0.193208013716797	0.187396335643831	0.143487549835119	0.078234192164635	0.0285483961915423	0.00714325991115826	0.000954411700210305	4.46923640798698e-05	
9.21528111424477e-06	3.39289895569921e-05	0.000212789218456197	0.000653866082697095	0.00193479015757712	0.00646116869032844	0.0178684300805206	0.0380528278556167	0.0730156044030613	0.121798370486973	0.168866256530807	0.194703810393078	0.173934661143642	0.119897509318953	0.0586460490110537	0.0193575357332997	0.00409828683735322	0.000442752369898033	1.21474160142317e-05	
2.30549966465459e-05	6.12005365526492e-05	0.000316901408450704	0.00110454393024816	0.00332494969818913	0.00940350435949027	0.0241649899396378	0.0503525318578135	0.0900876089872569	0.140111921529175	0.179551056338028	0.191570254862508	0.156371143527834	0.0968460764587525	0.0424279007377599	0.0118305667337357	0.00224723340040241	0.000200788061703555	3.77263581488934e-06	
1.68265964548885e-06	6.14170770603431e-05	9.63322647042368e-05	0.000477454674407462	0.00185429092932872	0.00515356582922098	0.0141053151432217	0.0332283213492911	0.0636882469168417	0.107948084901958	0.156073412757673	0.184620574973214	0.182386002964005	0.136166287156806	0.0766792207098384	0.0291848902211814	0.0070638051917622	0.00110550738708618	0.000105586892754425	
2.10966013375245e-05	0.000102107550473619	0.000253159216050294	0.00084302018944748	0.00289023438324086	0.00776692474842303	0.0205193983249299	0.0432121685196515	0.0790291344064471	0.125618868800236	0.167591401025295	0.187842872513238	0.16669226387629	0.115292082445518	0.0579329550009493	0.0194957912280332	0.0043045505369085	0.000581000400835425	1.09702326955128e-05	
3.7960172187341e-06	4.21779690970456e-07	6.24233942636275e-05	0.000158167384113921	0.000366526551453326	0.00142350645702529	0.00421400089248583	0.0117452990544543	0.027681401118391	0.0555243438584237	0.095337394228198	0.141123266801805	0.176535467875993	0.184125393415007	0.150513769841571	0.0936114717327469	0.0422382835928544	0.0126698401370615	0.00238263347429211	0.000273735019439826	8.85737351037958e-06	
8.86529313724994e-06	3.79941134453569e-06	0.000150709983333249	0.000205590369420987	0.000659408946684971	0.00207912231909314	0.00638132243155572	0.0160875519463962	0.0370168204161791	0.0698238930626126	0.113236389242093	0.156008473531612	0.18118506172777	0.174641208922031	0.130329940881159	0.0736541218547206	0.0292753087232796	0.00788588932399185	0.00127786868221217	8.61199904761422e-05	2.53294089635712e-06	
6.77686986546219e-06	2.24483814293435e-05	1.56715115638813e-05	0.000200341215397726	0.000327407525375142	0.00102881355645048	0.00333676130000695	0.00987517005707819	0.0231696945156486	0.0479243294710823	0.0854076202513202	0.1290303315753	0.167600886414578	0.178537060159968	0.161095514898101	0.110376997270616	0.0563937225854436	0.0203331509225861	0.00466121580433821	0.000624319136355704	3.1766577494354e-05	
3.61463407996081e-05	2.80665705032251e-05	3.57210897313774e-05	0.00024919712598318	0.000507749775467436	0.00188726424080777	0.00554399817652342	0.0141710665977193	0.031948687505103	0.0610626513893803	0.101044331573361	0.14502337179871	0.174211329368859	0.173960431238603	0.144823078545573	0.0894311501510492	0.0405595963857061	0.0127013989059141	0.00248133998312604	0.000286619219987481	6.80401709169093e-06	
2.60095766408419e-05	5.88413373186258e-05	8.52773004617766e-05	0.000322774582247824	0.000871960397221666	0.00316037675511344	0.00830942015699551	0.019944228645498	0.0422003249065148	0.0755573937551433	0.117359900055004	0.157089315180639	0.175158295988982	0.166409271348106	0.125359337224821	0.0709374960026265	0.0279577365698911	0.00772441787582772	0.00131668151912983	0.000150514435315036	4.26386502308883e-07	
3.58027727542604e-05	4.30485720021465e-05	0.000172194288008586	0.00060438490197073	0.00150755246704547	0.00435643024192019	0.0118669142740967	0.02703961789917	0.0531031840173013	0.0915046413606418	0.134686621313646	0.166530204114165	0.173804560335557	0.152549647577111	0.105696178522854	0.0526897472366866	0.0187171781277451	0.0043577089123757	0.000649990814883895	8.43922500636139e-05	
2.97379323470536e-06	2.67641391123482e-05	6.11751751139388e-05	0.000347084153250611	0.000890013832386817	0.00246782355720049	0.00649179063136179	0.0165347152125667	0.036011786417072	0.0669451836444771	0.10779320751639	0.149040144509358	0.171917111036341	0.168153988111624	0.13544863494394	0.0849068947820974	0.0381431465111458	0.0119465770790213	0.00245380424623688	0.000381495189252201	3.56855188164643e-05	
1.15107668302332e-05	3.11217029113714e-05	0.000116386642394581	0.000543563989205459	0.00131393271743625	0.00384843304357465	0.00946057136035948	0.0230151387900052	0.0467239078627064	0.0811760593102919	0.123570213546041	0.160658756922447	0.174504077795731	0.158710453055256	0.115272229635535	0.0657473685108052	0.0264952272950124	0.00732297932751542	0.00129517443074995	0.000170529878966418	1.23634162250653e-05	
1.23348354894484e-05	5.23167160414536e-05	0.000287954607805399	0.000834940760889214	0.00230023414920472	0.00591306493014868	0.0136006448141587	0.0311139845134014	0.0597401603103274	0.0969233092236922	0.138994455704117	0.167198695059473	0.171035679575001	0.144352453037241	0.0958038165682361	0.0493350885662455	0.01761924914879	0.00406666765912469	0.000737538094438053	7.40090129366904e-05	3.40271323846852e-06	
4.23184889478213e-05	0.000113276763345178	0.000433016457617606	0.00123664028814189	0.00338761641324731	0.00848421584481169	0.0193177490154539	0.0407864741560133	0.0741599459349244	0.113044225385707	0.15075726584945	0.172561119225717	0.16311982159551	0.12584620948165	0.0770863335645889	0.0355513778515288	0.0113738419588245	0.0023360660818166	0.000333845857255035	2.86397854495356e-05	
3.86205097220696e-06	6.17928155553114e-05	0.000311109661650006	0.00054669477095463	0.00206533903658135	0.0054257524991761	0.0118775232066352	0.0262297628529056	0.0527401680764583	0.0885628364275514	0.129603135642096	0.160102181286389	0.170707373256069	0.150556478633418	0.107932738520268	0.0600943713610897	0.0249818912721081	0.00671353194001977	0.0013075188124794	0.000171646709875865	4.29116774689663e-06	
2.41727001294534e-05	0.000115683636333813	0.000407914314684527	0.00102906637693959	0.00318993310636895	0.00749008379725493	0.0166321126551423	0.0349200552691522	0.0653034127104374	0.103951243663839	0.142990154372906	0.166340119387239	0.165166016809523	0.136680647983759	0.0894618682130288	0.0448835242760816	0.0168393072276805	0.00390000617267164	0.000610792333628154	6.38849931992698e-05	
4.52847277255746e-05	0.00022511734840502	0.000489858833569917	0.00160978498462932	0.00463123427008857	0.0110825662506858	0.0225178308615419	0.0453879246531799	0.0800324830835416	0.118870668559336	0.153943690182794	0.168242778392218	0.155889191754696	0.11946154717014	0.0713203981572599	0.0326324360570936	0.010876172395475	0.00235306412143274	0.000359229811284606	2.87383849027685e-05	
7.66664885083505e-05	0.000324189722835311	0.00072154118041859	0.00235826118651686	0.00652322293651051	0.0151466695639298	0.0304383483146953	0.0575905518848128	0.094491228039432	0.133113614478839	0.162356403667024	0.166168699569879	0.143078943702264	0.100677994614946	0.0559542699729345	0.0225180429104527	0.00693853625711575	0.00129982555088158	0.0001918852683809	3.11046896233879e-05	
3.94475415634639e-06	9.73039358565442e-05	0.000484328149195862	0.00112732307668032	0.00360068393270951	0.00903830838422431	0.0207103976268359	0.0406861943685566	0.0703972060621229	0.11020109041771	0.148379736060882	0.166732485620275	0.159741066337177	0.12510875468056	0.0816892839876731	0.0424087370168279	0.0149887508760642	0.00393116666980786	0.00058733006327824	8.10866132137868e-05	4.82136619109003e-06	
2.49737775335897e-05	0.000147213846513792	0.00070364713542009	0.00173195337877685	0.0055941261675241	0.0128536089737355	0.0275351232083505	0.0521864323162434	0.0860259008742575	0.125356971670974	0.158722376592297	0.165448647341344	0.147779480668106	0.108243362013745	0.0650474896095941	0.0303545312509584	0.00978928265671922	0.00216746100804681	0.000253242866919559	3.41746429407017e-05	
2.19773650721649e-06	4.96688450630926e-05	0.000326144097670927	0.00103513389489897	0.00311507172532865	0.00834832189631255	0.0182860468346441	0.0369817517542333	0.0649747611939511	0.103346361515348	0.13804070911287	0.162715575973993	0.159452376808078	0.134537517120367	0.0907076184096475	0.0497721386789318	0.0208288279734935	0.00614531082147874	0.00117754722056659	0.000147248345983505	9.67004063175255e-06	
1.4517874583161e-05	3.16753627268968e-05	9.81056373346942e-05	0.000519124000246364	0.0016647162855358	0.00483753178534663	0.0116877689106315	0.0240279623063184	0.0466503303916307	0.0797831997395581	0.118325077208697	0.14990761352538	0.163367882941937	0.15130352916333	0.119091884948044	0.0734318495772219	0.0371393627972865	0.0138377341557196	0.00367170246275945	0.00051604445109236	8.6667311905537e-05	5.71916271457859e-06	
3.51843373403896e-05	3.12260993895957e-05	0.00023661466861412	0.00084090566243531	0.00265333883968213	0.00712130987769485	0.0155448800412009	0.0319768451875963	0.0589196913102163	0.0952022197798428	0.131541482993431	0.158103898468558	0.16072601120885	0.140035421831617	0.101056453709067	0.058548936355492	0.0261252500836728	0.00905776784406653	0.00198395682178122	0.000237494277047629	2.11106024042337e-05	
3.56982938859841e-05	8.90253748761578e-05	0.000517404901507966	0.00138165618929086	0.00419609205047474	0.00990253043610093	0.0212691316412048	0.0414875875709999	0.0724111244698142	0.110111607851157	0.142563119872227	0.161866201031637	0.15483143353771	0.126336702782175	0.0831488186949761	0.0451089811618781	0.0183066139683458	0.00539881605065808	0.000895983104570439	0.000141030296833517	4.40719677604741e-07	
2.20809336878648e-06	8.43491666876435e-05	0.000215068294119803	0.000854090515046611	0.00232556393600592	0.00599718158962408	0.0138959731884471	0.0277579417390148	0.0527566500043941	0.0857446816967166	0.124712230231713	0.151496402795093	0.162288679944374	0.145328314778725	0.11007036310329	0.0668981631754502	0.0333585497596049	0.0124178754873814	0.0032171920383219	0.000476506548984123	0.000102013913637935	
3.5368432966209e-06	3.40421167299762e-05	0.000148989523870155	0.000458021206912407	0.00125027410535549	0.00373667494287998	0.00898004513012047	0.0185803641533858	0.0363954438384653	0.0649682745156293	0.100233696920824	0.137452341036578	0.15890462194682	0.15853855866562	0.131695244360503	0.0925202837963061	0.0527679335639355	0.0233533341821757	0.00803261323203814	0.00166850582518091	0.000241831660406454	3.5368432966209e-05	
1.0180657989205e-05	2.08039532822884e-05	6.19692225429867e-05	0.000254073812426246	0.00079896033350065	0.00187058524619044	0.00538866653741657	0.0128085956623315	0.0244273822518376	0.0468938812474936	0.0790005780843189	0.1151423565833	0.148122819457982	0.161253212440233	0.149612293985533	0.117525073190078	0.075430708228539	0.0391459578804047	0.0162093780680298	0.00506908240401631	0.000790107587423081	0.000153595144445831	9.73802068532649e-06	
1.14563183799003e-05	2.99626788397393e-05	0.000171844775698505	0.000362636539486845	0.00114959748666	0.00308659654812315	0.00792600980837104	0.0171796306659205	0.0321155854399006	0.0579760210443756	0.0934130575591873	0.129660848913192	0.156631666145257	0.158900898439738	0.139373603761197	0.100207976241358	0.0587766414480786	0.02873729340072	0.0106971169734169	0.00310113725991302	0.000409783695896435	7.97536010293061e-05	8.81255259992333e-07	
8.3677364744348e-06	2.90668740690893e-05	0.000100853244876083	0.000221084405798225	0.000569006080261567	0.00177175809666585	0.00450976955253749	0.011400820742826	0.0227263318573821	0.0423861085004752	0.0712768196964185	0.108039368878891	0.14167634828457	0.160150108384208	0.153388536905682	0.124231379364105	0.083269547693015	0.0454456171998383	0.0200270762336025	0.00688576630409411	0.00159911848098278	0.000243545172124339	4.3600311103634e-05	
2.61210467013324e-05	6.68521703712066e-05	0.000220922072948557	0.000387388404468913	0.000903611124024058	0.0028153175588775	0.00670248349171985	0.0155756702372809	0.0298306780625267	0.054544730078828	0.0849589257608862	0.121167566514589	0.151325864484895	0.159948466273966	0.142775870351062	0.109063339110955	0.066940273562623	0.0339710853294904	0.0137520669938438	0.00411472894986751	0.000749983951051815	0.000133261611137306	2.47928578860104e-05	
2.04430270612349e-05	5.55517039707469e-05	7.42170765049179e-05	0.00032575519208446	0.000604402539201726	0.00179187576328041	0.00401083302668793	0.00993353349723308	0.0213571859017775	0.0384573336248687	0.0662042987241774	0.100324599716642	0.132283272804197	0.156050513831041	0.156434487208887	0.129887438915346	0.0929931080333986	0.0526332396509398	0.0249444927373924	0.00894204668476319	0.00224517766768171	0.000369307727997526	4.48857768083635e-05	1.19991680576813e-05	
1.02454954342954e-05	8.24094197975936e-05	0.000131409615352919	0.000498020169371403	0.00102766773769215	0.00287274782851179	0.00616957007673876	0.0137173820175519	0.027502918852558	0.0492558874848601	0.0787633597919541	0.114750885233078	0.142360713603212	0.15862744215861	0.147710644045207	0.115595915878246	0.0764933143687728	0.0401485329564179	0.0171857049502225	0.0055793404484587	0.00125796865680218	0.000231637288079722	2.40546414544327e-05	2.22728161615118e-06	
1.11899029477338e-05	8.90716274639607e-05	0.000250206229911327	0.000609178316474626	0.00150974170570824	0.00451534963746952	0.00855132383265813	0.01894092492157	0.0347446486527133	0.0613426003633585	0.0949454313192851	0.127614129177135	0.149584832220833	0.156126449484078	0.135767987657089	0.0993188929873773	0.0607549066605436	0.0297212774214167	0.0115658836867776	0.00323522474024878	0.000671394176864025	0.000112346625595247	1.70086524805553e-05	
6.65868815799235e-05	0.000181438080009724	0.000409799801401274	0.000989865387245171	0.0024963377215131	0.00602767690436247	0.0119136891009341	0.0242823140773606	0.0447772199574738	0.0742273910723527	0.109607816674249	0.137109539442225	0.152585403261774	0.152460720443245	0.121143882185015	0.0838766793077467	0.0471613878314932	0.0212050169863582	0.00709172633417319	0.00200207536562454	0.000332934407899617	3.75389131054602e-05	1.29598628578375e-05	
0.000124883646352706	0.000266269774544877	0.000706484627938167	0.00139022259171923	0.00389146362295486	0.00826774340157184	0.0172071824153122	0.0321111535814623	0.0563863043673149	0.0872981289307685	0.122551890270092	0.145303014557419	0.154094377247627	0.142861539271224	0.104252867975239	0.0685762862904071	0.0343648573851059	0.014688100863169	0.00442177310693118	0.00108916380140467	0.000135587958897224	9.8122864991412e-06	8.92026045376473e-07	
7.12839350514247e-06	0.000163953050618277	0.000442405921912904	0.00109643602600973	0.00220712883902974	0.00539797598176913	0.0115613632161529	0.022605472378589	0.0413531472971137	0.0680948700070616	0.101109579001535	0.133202943135468	0.150692456600335	0.150445190450626	0.129654785268284	0.0898035013777848	0.0541735630161124	0.0250233343506145	0.00984431143060175	0.00254394543214772	0.000509234611023615	5.56905742589255e-05	8.91049188142808e-06	2.67314756442843e-06	
2.47414736905354e-05	0.00027436527074683	0.000611467849780375	0.00165016793275267	0.00311256575267539	0.00789341373134117	0.0159958045529613	0.0291905208345299	0.0519129135471056	0.0816972297502083	0.115045643600839	0.140690622893109	0.151465976497367	0.144772524240017	0.114195155442727	0.0756382195682083	0.0404836781381688	0.0178213718616987	0.00579834108418905	0.00143942359435294	0.000239903932392156	3.40195263244862e-05	1.19289248150796e-05	
9.97781686242297e-05	0.000470445312592311	0.000853365915865123	0.00220562267485139	0.00439592852557188	0.0106193729817349	0.0214129201350156	0.0378176764027695	0.063411214278431	0.0955498499170047	0.128733530584853	0.144779435544397	0.150402022871082	0.134456333703709	0.0981029456878545	0.060825734365133	0.0293750429418105	0.0119790693410133	0.00354300023325335	0.00079778772544724	0.000136100922991822	1.44415770377175e-05	1.83801889570949e-05	
2.61751097391476e-06	0.000158359413921843	0.000761695693409195	0.00133231308572261	0.00311440180712958	0.0065865301140275	0.014554233518624	0.0278642768209806	0.047566281921637	0.0766341775387893	0.109540652999188	0.139154299654401	0.146909548418282	0.146157014013281	0.119495483484815	0.082201623380306	0.0462950440919724	0.0211455624027704	0.00781937778274135	0.00224320690464495	0.00040964046741766	5.10414639913378e-05	4.36251828985793e-07	2.18125914492896e-06	
