# <P(U)> as a function of N_tot.
# number_of_species: 1
# species_total_upper_bound: 151
# species_total_lower_bound: 97
# volume: 729
# Bin widths for each
10	10	10	10	10	10	10	10	10	10	10	10	10	10	10	10	10	10	10	10	10	10	10	10	10	10	10	10	10	10	10	10	10	10	10	10	10	10	10	10	10	10	10	10	10	10	10	10	10	10	10	10	10	10	10	
# Bin lower bound for each
-250	-260	-260	-260	-260	-270	-270	-280	-280	-280	-310	-310	-320	-320	-320	-320	-320	-320	-330	-330	-350	-350	-360	-360	-360	-360	-370	-370	-370	-370	-380	-380	-380	-380	-390	-390	-400	-410	-410	-410	-420	-430	-440	-440	-450	-450	-460	-460	-460	-460	-460	-460	-470	-470	-470	
# Bin upper bound for each
-100	-100	-100	-110	-110	-110	-120	-120	-120	-120	-130	-130	-130	-130	-140	-140	-140	-140	-150	-150	-150	-150	-160	-160	-160	-170	-170	-170	-170	-180	-180	-190	-190	-190	-190	-200	-200	-210	-210	-210	-220	-220	-220	-230	-230	-230	-240	-240	-240	-250	-250	-250	-260	-260	-270	
# Normalized histogram for each
2.98932750294897e-06	8.25054390813916e-05	0.000439431142933499	0.00213736916460851	0.00704106200044601	0.0198515260815835	0.0496347938589647	0.0995171040351736	0.163682421020473	0.220257835475784	0.213592233009709	0.145674712142708	0.0611012562947764	0.0152736699435675	0.00169016577016735	2.09252925206428e-05	
4.16506262171652e-06	1.13051699732305e-05	0.000158867388571187	0.000818137300694316	0.00341713637664542	0.0102282037810438	0.0279648254511507	0.0650303127307519	0.120584512988153	0.183260970328689	0.222773729403022	0.1949076754369	0.117974803751174	0.0430596074011973	0.00891739907309506	0.000879423222128145	8.92513418939254e-06	
8.86682559958953e-06	8.57126474626987e-05	0.000274280471880636	0.00145652388515924	0.00495123541481079	0.0148081898730211	0.0380865626804768	0.0819673003294321	0.141292865929459	0.200084057506684	0.219372949916031	0.172349809274581	0.0909009226818719	0.0288928467771158	0.00509606023293742	0.000370633310062842	1.1822434132786e-06	
1.52385953766102e-05	0.000182863144519322	0.000537453536936597	0.00218263573778832	0.00709532444727856	0.0213346196270764	0.0512597043478057	0.100812099913609	0.161223752984713	0.211378073067893	0.208160385044139	0.146152782157246	0.0682618740893474	0.0186971704272785	0.00252960683251729	0.000176416046475371	
6.19601140533722e-05	0.000215106811053217	0.000886146536838795	0.00357556620438187	0.0109219314253515	0.0289014705590088	0.0672103569253287	0.118669985234788	0.179252363544539	0.214531634145401	0.193324908316567	0.120565614007194	0.048686036411504	0.0117636537294728	0.00134734021597191	8.59258185457143e-05	
6.995893410568e-06	0.000109602330098899	0.000480384680859002	0.00140209363770134	0.00524225612898562	0.0158923378643403	0.0393717221324416	0.083945474006758	0.138458058453021	0.193548387096774	0.213971148935575	0.170591945861113	0.0957061538210404	0.0339085123699055	0.00664026882886412	0.000710083181172652	1.45747779386833e-05	
1.28383863082111e-05	0.000200745676819301	0.000890517159378645	0.0022134545121384	0.00785709242062522	0.0230898377753177	0.0529735161597352	0.101233010292301	0.157148851168672	0.203314521206972	0.205618427986282	0.147602927385503	0.0721406433548804	0.0219472213938869	0.00341792857305421	0.000338466548125566	
5.79041477899145e-07	3.9953861975041e-05	0.000336423098659403	0.00144470848735837	0.00370239120968713	0.0117273270518914	0.031743632859909	0.0677710145733159	0.11993396610986	0.174243424404977	0.208039180262561	0.190692255667658	0.122054995043405	0.0525161668380629	0.0137163345284749	0.00188651713499541	0.000151129825731677	
1.38645937558491e-05	0.000140956703184466	0.000543607613510584	0.00209644211416569	0.00575322871727089	0.0175722172027258	0.042730677955527	0.0838542184181885	0.139261756597814	0.188979034423476	0.205202342192038	0.169659878407513	0.0972936312988582	0.0373321517618432	0.00855734280439138	0.000956079277747096	5.25699179909279e-05	
9.22622531480169e-06	0.000205283513254338	0.000855155758865682	0.00335084970651954	0.0089805770657951	0.0245054310751955	0.0548406832711813	0.101344318692275	0.156735692286933	0.197750876923884	0.196755021228968	0.148573366078745	0.0750939777544175	0.0254799511240714	0.00509633620826358	0.000417486695494777	5.76639082175106e-06	
1.15034821040329e-06	0	1.49545267352428e-05	5.06153212577447e-05	0.000341078244384575	0.00148049814678903	0.00523408435733497	0.0130972895495466	0.03315936233898	0.0690128401867245	0.119843276559815	0.173684749373635	0.202021852014605	0.183542083188581	0.124846716100964	0.0546081798960545	0.0161612420079558	0.00275335844160027	0.000146669396826419	
1.03463319666595e-05	3.44877732221984e-06	4.88576787314477e-05	0.000127604760922134	0.000675385558934719	0.00247737170979459	0.00761432553124104	0.0189010241144258	0.0433678000306941	0.0849790228119376	0.138588541897184	0.186981210486352	0.200594109373374	0.165290700314471	0.0998248595916533	0.0388999090097583	0.0101704443232263	0.00140077838904162	4.42593089684879e-05	
5.72659953946687e-07	1.20258590328804e-05	1.31711789407738e-05	7.04371743354424e-05	0.00028003071747993	0.00100501821917643	0.00370396458212717	0.0107488273355793	0.0264523085927053	0.0560330585138214	0.101517148015991	0.157716277916457	0.196012912336642	0.191378947989305	0.144300573175348	0.0769225483138887	0.0270982690207572	0.00599918567754549	0.000714106962571518	2.06157583420807e-05	
1.71680795042316e-06	2.91857351571938e-05	2.51798499395397e-05	0.000175114410943163	0.00042691291033856	0.00174599368558036	0.00568091750795025	0.0154564219776597	0.0349845401444064	0.0706872782814066	0.119864097482644	0.17407345305589	0.199054725542497	0.177967745756766	0.121105921900117	0.0572486779148108	0.0177666732096125	0.00340557470432275	0.000298724583373631	1.14453863361544e-06	
8.64428258505542e-06	2.53565622494959e-05	5.4170837533014e-05	0.000212649351592363	0.000745713444337447	0.00276617042721773	0.00867482571685595	0.0207134299303098	0.0457766628574195	0.0881088672474472	0.138182891120651	0.186320595694801	0.194431237901606	0.161866496547185	0.0978475160077706	0.0407088081205543	0.0116040849421784	0.00181702819937865	0.000134850808326865	
6.92981083348877e-06	2.77192433339551e-05	0.000117806784169309	0.000478156947510725	0.001159010861901	0.00430629994877715	0.0125135059125724	0.0284220416493181	0.0585262948784656	0.105368928691669	0.156389083468994	0.195049343140556	0.185724127695624	0.140405474781552	0.0759784459783709	0.0277024962911075	0.00686166769362613	0.000933792009812612	2.88742118062032e-05	
1.15605198997009e-05	4.56640536038187e-05	0.000212135540159512	0.000762994313380261	0.00204736807423703	0.00646001851995288	0.0183465450808254	0.0386219629069159	0.0741913705343157	0.122972718329089	0.170748300892588	0.196629414818043	0.172318797520962	0.116934658785475	0.056628050676695	0.018786422863009	0.00392942071390835	0.000345659545001058	6.93631193982056e-06	
2.60486913716315e-05	7.5251775073602e-05	0.000336896408406434	0.00123297139159056	0.00343669068163058	0.00938273863206166	0.0245083454218557	0.0510924821161262	0.0915003698914175	0.14072602912591	0.181495125421555	0.192940341550441	0.154786533868509	0.0935697937059415	0.0410643147978564	0.0114648973623674	0.00218635349579227	0.000170763643436251	4.05201865780934e-06	
2.32551514520807e-06	7.55792422192624e-05	9.12764694494169e-05	0.000513938847090984	0.00199529199458853	0.00523531597064967	0.0140333211437581	0.0336071821209745	0.0640057347203481	0.108912594931889	0.157472839436551	0.186611544206008	0.18318082798804	0.134240361757136	0.0741397483443786	0.0280253643936888	0.00670562292120748	0.00107555075465873	7.55792422192624e-05	
2.91861557221501e-05	0.000114993453545272	0.000243412538722732	0.000910024335416641	0.00307738825934351	0.00774250338997199	0.0207355961943588	0.0434581858702815	0.0794645624615837	0.126702355497884	0.169049132558266	0.189982610888421	0.166328982844961	0.112675489057818	0.056085868005027	0.0188507542578223	0.00398157536361572	0.000556288128064181	1.10907391744171e-05	
5.24256473256804e-06	0	8.03859925660432e-05	0.000163684521094624	0.000403094977215231	0.00148481083370177	0.0043000680950908	0.0116256785480659	0.0278019032840008	0.0556154567118518	0.0966769712189021	0.141766522962142	0.177620423168175	0.185974158815926	0.14966648550693	0.091234606519304	0.0407481256374813	0.0123829378983257	0.00216401422016558	0.000273195873286045	1.22326510426587e-05	
1.22270315212873e-05	1.74671878875532e-06	0.000176418597664288	0.000191556827166834	0.00072838173491097	0.00231090895752329	0.00649138925861103	0.0163650083318486	0.0370339317591904	0.0700824334820373	0.114577765667194	0.15681459045849	0.182044778882869	0.176313212297366	0.128651078948196	0.0711211489217505	0.0281314883325007	0.0076133649605882	0.00123900586082378	9.60695333815428e-05	3.49343757751065e-06	
9.32009879304721e-06	3.08728272519689e-05	1.68926790623981e-05	0.000198634605526819	0.00030989328486882	0.00114112959597372	0.0035608602451186	0.0100627941656182	0.0232728691924134	0.0480620019572207	0.0860705298476164	0.130420219954332	0.168717670907312	0.179958875064076	0.161221981453003	0.108438184444755	0.0538451232583065	0.0197079314040729	0.0043245258399739	0.000587748730136539	4.19404445687124e-05	
4.969246212119e-05	3.85847352941005e-05	3.33231804812686e-05	0.000243200755793118	0.000521478543671782	0.00203622171256594	0.00580291034135214	0.0147446304371592	0.0318721605873298	0.0608411121523793	0.101732746923306	0.145786576136744	0.175085836420599	0.175277590862667	0.144313925406353	0.0881520893341853	0.0385280274255622	0.0123137921136309	0.00234373036051589	0.000273016233065832	9.35387522281223e-06	
3.57529063889271e-05	6.38863409244764e-05	7.73669449727604e-05	0.00036573464896214	0.000955950660989183	0.00340707614489891	0.0088127983682608	0.0207882636688929	0.0419938399500632	0.0751309230404037	0.11829464497657	0.157953409860183	0.174446049743429	0.168042762820494	0.124649870615507	0.0697498175722604	0.0265702705791678	0.00738209599948422	0.00115698749527446	0.000121911549654047	5.86113219490609e-07	
4.92324139180034e-05	4.63019130895508e-05	0.000189310353518037	0.000626541077123163	0.00168679627685731	0.00469817892817518	0.0125360964439545	0.0278790265814008	0.052818174731698	0.0913132336142511	0.136166893194381	0.166519262474995	0.174197174645541	0.153355452753587	0.104425466521079	0.0511313784548407	0.0174945038456962	0.00425391500258177	0.00054448705392649	6.85737193857905e-05	
4.08864414135261e-06	3.67977972721734e-05	8.35251588876318e-05	0.000314825598884151	0.000985947330086171	0.00256766852076944	0.00693258818767344	0.0174666877718583	0.0362989826869284	0.0672412574566647	0.107478772635756	0.149528141261487	0.17178438359893	0.168897216743115	0.135851626608662	0.0838726936396468	0.0368474450938899	0.0111141029602368	0.00237082950996432	0.000299055114338933	2.33636808077292e-05	
1.57912005581897e-05	4.26947274351055e-05	0.000129253900865182	0.000509412432821601	0.00140658656823875	0.00389808710075312	0.00993851374390065	0.0241669703061095	0.047164806911633	0.0808673229177694	0.123301787973305	0.160889524176036	0.174243031255465	0.160017498989656	0.114690904794852	0.0650924984194178	0.0253372737252553	0.00692707331152588	0.00120539497594181	0.000143290523583573	1.2282044878592e-05	
1.6911464981896e-05	6.93953218222628e-05	0.000313736833112415	0.000766847463834249	0.00252097459023229	0.00608637793158788	0.0140475958603066	0.0321411139290407	0.0599383139735936	0.0961644214267095	0.138232565300123	0.166752293107178	0.171057718829983	0.14666555478644	0.095121158983516	0.0487160990731934	0.0166525446214835	0.00404942113221675	0.000614061125032292	7.17279376818347e-05	1.16630792978593e-06	
5.80045724008385e-05	0.000139445335670703	0.000481027817586752	0.0012819596405357	0.00353183396396217	0.00886298148189378	0.0197678410932514	0.0414041325035359	0.074097032861055	0.112197834261602	0.149592034507447	0.172704805942481	0.1639244370334	0.127462997184142	0.0759461483206212	0.0349216821091634	0.0109804413269103	0.00235475127756535	0.000267172575906893	2.34361908690257e-05	
5.28948157203392e-06	8.46317051525428e-05	0.000369675989867704	0.000575965771177027	0.00217456464628061	0.00550635031648731	0.0119460002703513	0.0267171714203433	0.0531528248770196	0.0890284397792523	0.129155622425051	0.15854633291997	0.171155869267524	0.151735831535889	0.108287442183028	0.0594443693468666	0.0242434572051555	0.00640791306443176	0.00134117743859793	0.000117544034934087	3.52632104802262e-06	
3.30684511032757e-05	0.000155894126629728	0.000505474895435786	0.00109952599918392	0.00320704924896233	0.00746402182045366	0.0167125589843734	0.0359082043417695	0.0659691979188134	0.10386269034289	0.142224455654912	0.164964920868968	0.16532276875055	0.138622356516876	0.0893704416468797	0.0439397044034776	0.01626731591059	0.00375326920022179	0.000560982652644856	5.60982652644856e-05	
5.05683285204183e-05	0.000296865834490456	0.000546137948020518	0.00166042594000574	0.00468381706401474	0.0110750588674836	0.022606422534675	0.0466103157010496	0.0804339833445774	0.118978948107376	0.151858475311352	0.167620920771923	0.156551216198047	0.121227751422755	0.0708819235478263	0.0318919574940478	0.0103724565618058	0.002296991957851	0.00033970018335481	1.60628808241329e-05	
9.11991062487588e-05	0.000410395978119414	0.000763192520713297	0.00233457712114421	0.00673853396236717	0.0154696483974457	0.0308192979708799	0.0592008198319656	0.0954134649480435	0.133294693712002	0.160060431407772	0.165130381722259	0.143508393617743	0.101552004790353	0.0553710573636378	0.0218055863052542	0.0065243360615066	0.00130498721112533	0.00018419819485769	2.27997765621897e-05	
1.80405009245757e-06	0.000111851105732369	0.000582106829832975	0.00105717335418013	0.00373799179157208	0.00935700647954658	0.0213010207916773	0.0406446472330382	0.0719238690860983	0.111376039208022	0.147325946750455	0.164283416269525	0.159418494520198	0.126171655366297	0.0822893395673287	0.0419886645519191	0.0141371378745283	0.00363155283611708	0.000601350030819189	5.77296029586422e-05	1.20270006163838e-06	
1.44058747157091e-05	0.000179473189166542	0.00077311527640972	0.00160205331734281	0.00583137803596307	0.0135307178267297	0.0284504020739658	0.051910369048498	0.0874028428793262	0.125454160206532	0.157982025069823	0.16299466922611	0.148302477750427	0.109282965593369	0.0648078286325163	0.0299948318924457	0.00919875125076006	0.00201082001240106	0.000264707947901154	1.20048955964242e-05	
6.02970837315453e-07	5.48703461957062e-05	0.000360576560714641	0.00110946634066043	0.00295335116117109	0.00881905146657582	0.0190906596802446	0.0378267725081476	0.064918252228731	0.104090855645767	0.137834912614451	0.161410469382648	0.158187590257197	0.135611156166432	0.091254209490158	0.0487586337886768	0.0205878362692988	0.00584761118028527	0.00113418814499037	0.000145315971793024	3.61782502389272e-06	
1.99184670747739e-05	2.23328267202011e-05	9.47636160830153e-05	0.000554699128536886	0.00180352665513408	0.00489752854074896	0.0123723860029914	0.0250737285076722	0.0472610900592363	0.0795000344046249	0.119044227447165	0.149590102091198	0.160935781654971	0.150121261213192	0.120673920207828	0.0737224717731178	0.0370024759258164	0.0134093534707023	0.0033493204181188	0.000464764231744725	8.63133573240203e-05	
4.81029981396165e-05	3.06656613140055e-05	0.000212254479291058	0.000893513190443377	0.00273345286928371	0.00737960120209392	0.0162275464223996	0.0327900099693464	0.0590650701281584	0.0952758045527083	0.132426351303411	0.158254654867001	0.158366494337676	0.138885381378608	0.102605498894232	0.0584060590536457	0.0257381104420786	0.00870544008831711	0.00171547317115408	0.000222476366395727	1.80386243023562e-05	
4.89203401715111e-05	9.24050869906321e-05	0.000454174022333041	0.00153706500909254	0.00430015829655752	0.0102412618307199	0.0221675576006808	0.0418280987562758	0.0719618203922928	0.110229001547936	0.143560663939609	0.16208818585864	0.152413433646202	0.126201794591343	0.0842033805766923	0.0445434796132032	0.0181669608933216	0.00505389390808895	0.00079963617761828	0.000107503957413938	6.03954816932236e-07	
3.0214456166982e-06	0.000115419222557871	0.000223586975635667	0.000893743613419328	0.00260569469984053	0.00616072761244763	0.0142950635017225	0.0290499910263065	0.0531061367373343	0.0855492111911929	0.124905353216057	0.151837310865058	0.161542798475016	0.143066658528906	0.110619354051185	0.0677402064372503	0.0325590979655398	0.0121425856443867	0.0030595158314686	0.000442943927407956	8.15790316508514e-05	
4.82170538897903e-06	3.61627904173427e-05	0.000203114339510742	0.000457459298779385	0.00130909301310781	0.00405445151895774	0.00917449992887985	0.0191325269834688	0.0376074938945156	0.0652539471685741	0.0997520438003718	0.13781096986193	0.158942093729131	0.157038122813658	0.130378311004819	0.0939111504347973	0.0527584976530349	0.0226168118401798	0.0077430561415267	0.00161346316578711	0.000174184107176867	2.77248059866294e-05	
1.38781701813635e-05	2.83597390662646e-05	7.12010470174304e-05	0.0003342828817598	0.000859239753837465	0.00192182487076708	0.00566893081973524	0.0131697801034105	0.025521351564824	0.0477517666005543	0.0791568589235729	0.113796168297553	0.148120503548286	0.161712662744173	0.1485664151902	0.116681620897869	0.076547159530773	0.0385843300977084	0.0157716353130644	0.00487546152458337	0.000721664849430905	0.000117662747189821	7.24078444245055e-06	
1.1976133960244e-05	3.47307884847077e-05	0.000189821723269868	0.00039161958049998	0.00124012867158327	0.00309822585551513	0.00791263170753323	0.0177528221759677	0.0331421543148813	0.0584866478082477	0.0931743222106985	0.128551223122561	0.156853821704108	0.158173591666527	0.13870937994764	0.100621681113876	0.0593255759921628	0.028416970660867	0.0105629501529352	0.00293415282025979	0.000365870892485455	4.97009559350127e-05	
5.97656469451985e-07	3.9445326983831e-05	0.000102199256276289	0.00022292586310559	0.000576738493021165	0.00185930927646513	0.00474300174157095	0.0115228167310343	0.0231627741300811	0.043384480773989	0.072119206168771	0.107752082533968	0.140538321135165	0.159493593720304	0.152319325461002	0.124078264309988	0.0836001869469436	0.0457768996212053	0.0200836479994645	0.00685751033049207	0.00150071539479393	0.00024384383953641	2.21132893697234e-05	
3.3130434520708e-05	9.0958102047762e-05	0.000239743871622578	0.000425876676475283	0.000985479834106879	0.00275344029443921	0.00680017227825951	0.01563093900687	0.0302890479819048	0.0549103821746215	0.0859542016920617	0.120535749244777	0.151044060466055	0.159832058815557	0.141842835242349	0.109214176211746	0.0667487899861756	0.034092421864882	0.0137521421837775	0.00398950668782999	0.000681884579589845	0.000145171540354375	7.8308299776219e-06	
2.77945115507344e-05	4.1087538814129e-05	9.96977044754602e-05	0.000377038591470831	0.000662838677633817	0.00190754941229714	0.00387975127537533	0.00990149262569313	0.0213643117263232	0.038979989764369	0.0662953481051092	0.100905557270893	0.131734504408753	0.155658932340304	0.156463764718251	0.128628769857215	0.0937249056346121	0.0527177292125754	0.0250186857667327	0.00908638836304224	0.00210754904976003	0.000377642819982804	3.86706247662391e-05	
1.39356946459061e-05	5.02896806787047e-05	0.0001593516387771	0.00060044666930839	0.00119665204024629	0.00310402450743378	0.00604930327585768	0.0136333506620667	0.0277217320493105	0.0502387850982588	0.0791904936750123	0.114514450103548	0.142322219919803	0.157643001433559	0.147272421017936	0.115211234835844	0.0763627594614278	0.0404904637435638	0.0172202772839695	0.00556579526162146	0.0011427269609643	0.000278713892918122	1.7571093249186e-05	
1.15543803872299e-05	7.60156604423017e-05	0.000319265773857667	0.000708465955322252	0.00170275079390756	0.00466432092473963	0.00865240653418455	0.0190805388963013	0.0351082888692397	0.0627226498694355	0.0949763986577459	0.127453937550398	0.149473545942041	0.15527202052058	0.134460148942044	0.099102528706554	0.0608544889984055	0.0297817195107267	0.0115975572823611	0.00322549650388774	0.000607517158254875	0.000142909441631527	5.47312755184572e-06	
3.34164694588658e-05	0.000173158069014123	0.000511575768806637	0.00117686729712406	0.00267088726802135	0.00651560397230686	0.0120299290051917	0.0246546711667512	0.046141461028802	0.0753918081044052	0.109318030615562	0.13728700798046	0.152140932441012	0.151056416114029	0.118948657113607	0.0841250505044368	0.0474999924053479	0.0210742483572767	0.00691781675015721	0.00196853383721319	0.000314114812913339	4.98209181023091e-05	
5.80715174934397e-05	0.000231681158333202	0.000846271385138773	0.0015927323495857	0.00419445731561991	0.00869318518643982	0.0173186202691373	0.032933809358467	0.0575464541894365	0.0875549108541715	0.122967043203999	0.145192101789692	0.154037119797911	0.141237794395373	0.102403071983275	0.0689018555059662	0.0344327804037664	0.0144065756314975	0.00424950427491056	0.00104649713816303	0.000146993528655269	8.46876296779329e-06	
0.000106869924810668	0.000397290454945874	0.00121240005095944	0.00248215966608281	0.00586093988778054	0.0121155475211913	0.0232046607362915	0.0420101447936535	0.0681878423082938	0.101257140511007	0.133921902840144	0.150091262085509	0.150168546550909	0.127863525294662	0.0888445308259355	0.054822460073215	0.0248590313237561	0.00953074442449942	0.00245197042178601	0.000560312374148588	4.52838664451984e-05	5.4340639734238e-06	
2.38613797007664e-06	0.000187908365143535	0.000541056784714877	0.00181585099522832	0.00346347926356624	0.00839324030974457	0.0167453197395053	0.0298822023337622	0.0531380995246217	0.0823271287780766	0.115125191711273	0.141018367893559	0.150569481653283	0.142867624820369	0.112273756837031	0.0745167026675233	0.041830788218921	0.0179706015871397	0.00556328067723368	0.0015163906799837	0.000239210331500183	1.19306898503832e-05	
3.7307444730205e-05	0.000274772291346272	0.00074200362296741	0.00249486134362466	0.00491984525108799	0.0111768366958395	0.0222689914139581	0.038591294574254	0.0647858582281569	0.0965113986087284	0.128713645227519	0.144405274917376	0.148122399212162	0.132600133477747	0.0966262818512309	0.0607418496557352	0.0304949868861371	0.0120443828312324	0.00351519034791265	0.000786417247646226	0.000135609600685983	1.06592699229157e-05	
4.12893605575715e-05	0.00047895658246783	0.00124811838485459	0.00355088500795115	0.00729288077048306	0.0150523313152667	0.0291491088576296	0.048541541815505	0.0774735866062033	0.110714471095088	0.138515187406509	0.146929959088142	0.143109513540551	0.118324100245849	0.0810575031026005	0.0466091997414106	0.0212539932710139	0.00789216634657581	0.00230630571114435	0.000399327101392513	5.95746488044961e-05	
