# <P(U)> as a function of N_tot.
# number_of_species: 1
# species_total_upper_bound: 151
# species_total_lower_bound: 97
# volume: 729
# Bin widths for each
10	10	10	10	10	10	10	10	10	10	10	10	10	10	10	10	10	10	10	10	10	10	10	10	10	10	10	10	10	10	10	10	10	10	10	10	10	10	10	10	10	10	10	10	10	10	10	10	10	10	10	10	10	10	10	
# Bin lower bound for each
-250	-250	-260	-260	-260	-260	-260	-270	-270	-270	-290	-300	-300	-300	-310	-310	-310	-320	-330	-330	-350	-350	-360	-360	-360	-360	-370	-370	-370	-370	-380	-380	-380	-380	-380	-390	-390	-400	-410	-410	-410	-420	-440	-440	-440	-450	-450	-450	-450	-450	-460	-460	-470	-470	-470	
# Bin upper bound for each
-100	-100	-110	-110	-110	-110	-120	-120	-120	-120	-130	-130	-130	-130	-140	-140	-140	-150	-150	-150	-150	-160	-160	-170	-170	-170	-170	-180	-180	-180	-180	-190	-190	-190	-200	-200	-200	-210	-210	-210	-220	-220	-220	-230	-230	-230	-240	-250	-250	-250	-260	-260	-260	-260	-270	
# Normalized histogram for each
3.92106632091575e-06	5.09738621719048e-05	0.0003816504552358	0.00172788322541687	0.00628939037874887	0.0184982838799735	0.0472998230292067	0.0971104355259065	0.161657722278715	0.219032071708461	0.219984890824443	0.14702299574695	0.062134523943338	0.0170553314738765	0.00170566384959835	4.44387516370452e-05	
7.8096832262322e-06	0.000123653317748677	0.000587027855838454	0.00293383766532123	0.00918418747404907	0.026201487224009	0.0630866211015038	0.116148212168267	0.180696545646948	0.223316590240239	0.201016039787733	0.12007387960332	0.0453755611582802	0.0104220222654069	0.000817413511012304	9.11129709727091e-06	
2.59247689130911e-06	6.9996876065346e-05	0.000167214759489438	0.00116531836264345	0.0044098031921168	0.0132410757223613	0.0352991653520648	0.0795631157942766	0.139835611040322	0.199619424392356	0.219707231584664	0.177659848884522	0.0919720064345276	0.0309088057366329	0.00612731913260908	0.000251470258456984	
1.42030048393511e-05	0.00016914487581409	0.000469990341956709	0.00165271329039722	0.00684197478579286	0.0192747687492576	0.0489164398489833	0.10019703441259	0.159927125673352	0.209210261283642	0.208662800006198	0.151753941979434	0.0693894257337789	0.0203477412057576	0.0030601019517511	0.000112332856456686	
2.97336639372025e-05	0.000204257343568608	0.000859690718184333	0.00320865016922333	0.00985089213919492	0.0267060012875969	0.0645647120876393	0.12008521926638	0.178352858439319	0.213137366941854	0.195021808996114	0.123851052442427	0.0496409983271582	0.0129121667567295	0.00152934454077002	4.52468799044386e-05	
7.36227698435968e-05	0.000486943583000632	0.00149699632015314	0.00504122229297471	0.0143331908237613	0.0366822221676868	0.081850437280504	0.139224532656865	0.193483222404055	0.213972310088774	0.172341862811072	0.0973125105752005	0.0352162249085205	0.00761543598241837	0.000851182549595269	1.80827855756203e-05	
0.000166219087145551	0.000831095435727754	0.00229330396796127	0.00764218224884036	0.0208942586888431	0.049992987632261	0.0990977420175881	0.157771781193349	0.201800360487645	0.206414238742553	0.151263265062306	0.0743609655251225	0.0230304336759871	0.0039619877725084	0.000479178462161783	
6.4358512957943e-06	0.000360407672564481	0.00136697481522671	0.00365942504678864	0.0110001570347716	0.029541844617955	0.0646944643955835	0.116524949221133	0.175051293734827	0.207973247453334	0.193949527479798	0.12424282209505	0.0548810783397563	0.0143776917948045	0.00218561510005174	0.000184065347059717	
5.65477108458509e-05	0.000624595169797354	0.00206270627062706	0.00565605625983159	0.0159194657783535	0.0408634321376063	0.0818052599652489	0.133798309737516	0.190027297122236	0.207370737073707	0.172033558496037	0.100112581351593	0.0396682191583644	0.00891911621068649	0.000997295991281371	8.48215662687764e-05	
0.000137589433131535	0.00104338653458081	0.00344228378075379	0.00861844921421146	0.0221901180211582	0.0533375629344259	0.0998325995230233	0.153435149513851	0.197394973399376	0.199461362848815	0.151310157157708	0.0774386453046332	0.0266885280988198	0.00527808353207363	0.00038346684604252	7.64385739619642e-06	
3.30475987106352e-05	2.54212297774117e-05	0.000224977883530094	0.00170068027210884	0.00554309915296462	0.0117700293869416	0.0304736991956723	0.0673459219263191	0.117025360218826	0.172509736331005	0.203871907507398	0.184944530876626	0.12869116256368	0.056061438028126	0.0170220554589549	0.00265270532727291	0.000104227042087388	
7.62175757729732e-06	7.62175757729733e-05	0.000115596656589009	0.000636416757704327	0.00282132059652956	0.00771067808236579	0.0165620792154671	0.0402352582505526	0.0839574705927187	0.136099184471939	0.187213231371154	0.201514189172023	0.166631945326592	0.103996341556363	0.040465181270801	0.0105955133253728	0.00134269962653388	1.90543939432433e-05	
2.53109129266629e-05	0.000102509197352985	0.000172114207901308	0.00103648188434685	0.00376752938913377	0.0104306272170778	0.0232303558840912	0.0526441677961662	0.101295539078151	0.156839071950067	0.195997585338907	0.194037255132737	0.14582123155309	0.0794129893074048	0.0282760863760215	0.00622775012560541	0.000669473646910234	1.39210021096646e-05	
3.81310691951802e-05	0.000191926381615741	0.000352076872235497	0.00171462707814327	0.00564212720524684	0.0145114139000458	0.0313157760943617	0.0684045960648737	0.119562509532767	0.172332096191977	0.204019014693172	0.179293558391377	0.122020692460217	0.0584193400782958	0.0182469876455336	0.00367202196349586	0.000260562306167065	2.54207127967868e-06	
2.5727013235262e-06	4.75949744852346e-05	0.0002161069111762	0.000526117420661107	0.00239003952955584	0.00853365029013639	0.0192631011599024	0.0427801639582553	0.0867399114733475	0.136465082654462	0.184120515620799	0.19897529306284	0.164624584991118	0.0996883172346548	0.0416970567010508	0.0117495269445441	0.0020530156561739	0.000127348715514547	
2.83271163896833e-05	0.0001699626983381	0.000481560978624615	0.00105969167221406	0.0037353165748396	0.0126583582375898	0.0260120184229264	0.0553717869646336	0.103921889264152	0.155983266399791	0.194190108428476	0.188434553416572	0.144213349539877	0.0771772286036921	0.028896233909876	0.0065796165796037	0.00106484205701218	2.1889135392028e-05	
5.4325752735043e-05	0.000243172417004478	0.000679071909188037	0.0017578261420696	0.00620607051482705	0.0187669606293509	0.0357114216014714	0.0709352048986307	0.122293736758098	0.169884389624299	0.196911451609982	0.174302884180082	0.121020961979734	0.0576939494046156	0.0192080340027473	0.00391404113752952	0.000408736615816037	7.76082181929185e-06	
3.61237651800447e-05	7.22475303600894e-05	0.000353496844976152	0.00125143043659441	0.00322791644573114	0.00918317716255565	0.025165362985784	0.0479749404280408	0.0886038551798254	0.140084090964801	0.18163932226656	0.193854315435298	0.155550222999743	0.0973974117322249	0.0415139469986957	0.0115196106890221	0.00240610078788512	0.000166427346722349	
5.18061569027171e-06	0.000129515392256793	7.64140814315077e-05	0.000567277418084752	0.00173680141016359	0.00513399014905926	0.0145523494739732	0.034024988699782	0.0621764543607185	0.105285652673392	0.158025615554281	0.186429636230118	0.184441574958976	0.134822933031476	0.0764710682041007	0.0287731395437691	0.00605613974192763	0.00121873984113642	7.25286196638039e-05	
5.4618799790888e-05	0.000179461770741489	0.00027309399895444	0.00100004421521888	0.00266591760884096	0.00785730448420346	0.0215198071176099	0.0438263850417314	0.0779592335681942	0.124212253857778	0.169370297256316	0.190706741260342	0.166522316981505	0.112759211720674	0.0573159281424666	0.0196224540486836	0.00351120855798566	0.000635918883279625	7.80268568441258e-06	
1.16788775820052e-05	0	8.30497961387035e-05	0.00027769775583879	0.000298460204873466	0.00169473490245542	0.0040603564393438	0.0113856079893904	0.02860416650446	0.0554227623919379	0.0953424636202963	0.141122366088692	0.176030531181305	0.187625061314107	0.149995717744887	0.0918258238150481	0.0417052718453405	0.0122913698285281	0.0018738110253795	0.000346473368266154	2.59530612933449e-06	
2.72378486768891e-05	0	0.000278863688834817	0.000268487365529335	0.000596638590065189	0.0023826632390212	0.00621930878122301	0.0166163847333155	0.0374546360115488	0.0697820712697766	0.113719315266425	0.154063757318551	0.182614210893583	0.178278204792305	0.129330493679522	0.0716770473134402	0.0282988277348746	0.00729844640499309	0.000979265511954821	0.000114139556360297	
2.06465732495254e-05	6.83917738890531e-05	9.03287579666739e-06	0.000374219140147649	0.000344539691101456	0.000945871136993885	0.00346346266260789	0.00980712229352459	0.0236248414407695	0.048196844429361	0.0851696954759487	0.130833463449758	0.166317180400724	0.18120465012446	0.163336331387824	0.108806150614171	0.052717153560179	0.0201162143991783	0.00415899409895128	0.000482613649707657	2.58082165619068e-06	
0.000110188694899171	8.55582807452385e-05	2.07414013927851e-05	0.00045890350581537	0.000490015607904548	0.0015374563782402	0.00551332375771969	0.0148936225376068	0.0328738248699773	0.0604845191365355	0.100319676848966	0.146241139532593	0.172480308632053	0.175623927280647	0.147510254030314	0.0885372645202773	0.0372632239397255	0.0131267144064589	0.00215192039450145	0.000277416243628501	
7.9188178373319e-05	0.000141500187585111	6.490834292895e-05	0.000527055744583074	0.000734762441955714	0.00274821923961174	0.00862761694211604	0.0210692481147372	0.0430485111973382	0.0732464686616029	0.117728156070812	0.156691336164203	0.172701628031057	0.168479989406958	0.129302611781903	0.0697868539834899	0.0262242687101544	0.00767606063477763	0.000971028810217092	0.000150587355595164	
0.000108929919158439	9.46652868876907e-05	0.000225640546828194	0.00065746986920629	0.00137718540650312	0.00394092886098208	0.0124231979230695	0.0279418210488914	0.0528906628904295	0.0908384750848746	0.137470854762701	0.165083292484614	0.170691886536521	0.155292567607873	0.108505870544572	0.0502037248845213	0.0174547227603879	0.00426382826420174	0.000453874663160161	8.04006546169428e-05	
9.04630025704416e-06	8.01243737052483e-05	0.000164125733234944	0.000399329539918092	0.000969246456111874	0.00234299176657444	0.00551048918514804	0.0177889032911733	0.0359642128361831	0.0669038520438823	0.107772451947992	0.149676207067228	0.171396373984391	0.166862885227004	0.137342222831053	0.0865343236016681	0.0361218769263773	0.0116942815751418	0.00221375890575952	0.000239080792507596	1.42156146896408e-05	
3.48907080875369e-05	7.36581615181335e-05	0.000204175254734475	0.000567297068534396	0.00120308330479618	0.00329911028694377	0.00871880027654117	0.0241275707667556	0.0461113013587992	0.0791476329239059	0.12551867622069	0.16141346135208	0.173937933307058	0.158074291363258	0.116816675173969	0.0670741556771705	0.0252737951398536	0.00721591533188171	0.00108936544139976	9.8210882024178e-05	
3.75647181804169e-05	6.47667554834774e-05	0.000503885357661454	0.000779791736021067	0.00222538571841228	0.00456994226691416	0.0127603461653547	0.0323017716298295	0.0595478503266187	0.0945400329792319	0.139185052869102	0.166640975853658	0.172131901383547	0.145686339784534	0.0978250028173539	0.0502771369467138	0.0163549010946877	0.00403885487194965	0.000481864660797072	4.66320639481037e-05	
0.000102778800506348	0.000175634659093127	0.000735063573241604	0.00120862665405566	0.00302481912882607	0.00771361402787517	0.0181267978158854	0.040661375076271	0.0735232702913324	0.111315945935749	0.149833277173609	0.174004509257248	0.163950400772272	0.127474334572317	0.0783590779050298	0.0358789083590389	0.0112497251642835	0.00246539021467759	0.000169129671719307	2.73209469700419e-05	
1.17441651073025e-05	0.000122661280009604	0.000515438357487166	0.000613306400048021	0.00189081058227571	0.00490253647868173	0.0108137662493573	0.0239150348801704	0.0519966385589648	0.090273482458132	0.128624706069646	0.158907688252442	0.173858010434038	0.151726783742944	0.109330347705582	0.0602188590413108	0.0244409124955307	0.00638491109667014	0.00132839556435933	0.00011613674383888	7.82944340486835e-06	
6.95669522849462e-05	0.0001220703125	0.000627415154569892	0.000778362315188172	0.00264616935483871	0.00642903645833333	0.0147009408602151	0.0331046811995968	0.0643940587197581	0.104941091229839	0.140025149109543	0.165894867271505	0.170554540490591	0.139110278057796	0.0919202578965054	0.043711672547043	0.0165083690356183	0.00384718371975806	0.000555223034274194	5.90662802419355e-05	
4.2130874294637e-05	0.000150091239674644	0.000691209656396388	0.00126919258812594	0.00364695380612952	0.0102035711182324	0.0207902698745817	0.0448483156866411	0.0796589505725849	0.119355450286885	0.150247913863428	0.167272736847926	0.160356690514497	0.125494708625507	0.0718910706245112	0.0308555990615348	0.0103549789477288	0.00260553125715896	0.000242252527194163	2.23820269690259e-05	
6.51699739320104e-05	0.000343139862744055	0.000847209661116136	0.00192583922966431	0.00521891791243284	0.0141871043251583	0.0293544182582327	0.0591410863435655	0.0950191519923392	0.132659466936213	0.157789806884077	0.167454913018035	0.147981060807576	0.103537798584881	0.0554144278342289	0.0212680214927914	0.006249667500133	0.00140181943927222	0.000103739958504017	3.7239985104006e-05	
4.15083880418351e-05	0.000475337992091983	0.00110867565479482	0.00304618009016693	0.00807137300374781	0.0202976017524574	0.0384755977542623	0.0721134598312617	0.111239801991599	0.145419951073661	0.160553105965559	0.163202947898939	0.130940218548358	0.083986197791486	0.0430093849126382	0.0135785988107177	0.00372370410143043	0.000660117267891119	5.62371708953895e-05	
8.02762573603293e-06	6.28830682655913e-05	0.000587354616353076	0.00148243488592075	0.00512430109483436	0.0115999191885676	0.0272350582471144	0.0499197906395208	0.0877138526047639	0.124846973384407	0.154967963083625	0.160710391360134	0.151809092356496	0.11493954528852	0.0662439675737438	0.031774680600841	0.00873004298793582	0.00198282355680013	0.000247518460194349	1.33793762267216e-05	
2.83094029007701e-05	0.000229171356815758	0.000864110821875889	0.00240764731337026	0.00830004731714485	0.0171959401620107	0.0362562567150578	0.0645400463465367	0.103937298716775	0.137560780962061	0.158608147985382	0.158763175667933	0.138493643190982	0.0946720355673946	0.0493783389929671	0.0216876987555995	0.00572254358636997	0.00116742585295557	0.000179292885038211	8.08840082879147e-06	
5.44057800700746e-06	7.34478030946008e-05	0.000195860808252269	0.00133974233422559	0.00433886096058845	0.0114823398837893	0.0226300842201475	0.0454519488150421	0.0792991447411373	0.118721572979913	0.148612108550412	0.158617331505299	0.151532338795674	0.124902069595874	0.076740712933342	0.0373903723531588	0.014586189636787	0.00341396269939718	0.00055357881221301	0.000112891993645405	
1.3580682836733e-06	9.50647798571312e-06	0.000187413423146916	0.000259391042181601	0.00198821196729772	0.00674688323328897	0.0144145367629084	0.0295379851698943	0.0566966347067931	0.0952250319146047	0.13206535024581	0.157112203601597	0.159050167042399	0.142800880028248	0.105546350870522	0.060512806583915	0.0262188662845968	0.00941141320585599	0.00187820843632018	0.000310997636961186	2.58032973897928e-05	
3.82372622120256e-05	3.55060291968809e-05	0.000364619607521816	0.000749723462657217	0.00300981878268944	0.00907315607631065	0.0204883444631079	0.0394116924085378	0.0684528930585713	0.110713261501905	0.145196443934614	0.161818728064785	0.152847993226542	0.130757780600052	0.0869051033088888	0.0443238149862756	0.0194777882475043	0.00529586081636555	0.0008739945648463	0.000163873980908681	1.36561650757234e-06	
0.000105510093342176	0.000191836533349411	0.000522069422900897	0.00150180600393539	0.00437524322131907	0.0131147675763372	0.027043470158457	0.049988489807999	0.0834310786146114	0.126420275477262	0.151072640273614	0.16190866388595	0.144111714634935	0.116583172099295	0.0690118226114981	0.0333028221894578	0.0135491402982784	0.00311186262311795	0.000557696207665788	9.59182666747055e-05	
3.4133746943323e-05	0.000129708238384627	0.00041643171270854	0.000633522343268074	0.00254501217209416	0.00704520536910186	0.0176253015716542	0.0360807358689701	0.0618093889649692	0.0979611230275814	0.13960156359868	0.159431905222873	0.158523947554181	0.133974956752543	0.0973453502327239	0.0525127216474858	0.023755722522675	0.00864266472604937	0.00167255360022283	0.000215725280681801	4.23258462097205e-05	
5.48357600441976e-06	0	4.11268200331482e-05	0.00022756840418342	0.000741653654597773	0.0013050910890519	0.00389882253914245	0.0110836779989334	0.0238521847252249	0.0453683660725669	0.0757007667410148	0.113139881911191	0.150721570057482	0.163283071789606	0.149264309734307	0.120264418034933	0.079609185538165	0.0384713983530079	0.0165425779113333	0.00560969825252142	0.000700526834564625	0.000163136386131488	5.48357600441976e-06	
2.31349173947361e-05	1.49696524318881e-05	0.000117035464467489	0.000325249721020114	0.00110775427995972	0.00255844968835905	0.00596880868784192	0.0152649628480444	0.031102855120982	0.0558694646307939	0.0896818268419477	0.128888707438556	0.158014207561035	0.161148308429275	0.141376119321739	0.104768514738303	0.0612721482812117	0.0281864946517515	0.010575379004382	0.00337633706213767	0.000258566723823521	0.000100704934541793	
3.92712342271827e-05	8.12508294355505e-05	9.75009953226606e-05	0.000566047445067668	0.00158032863252146	0.00395149867154894	0.00879540228639834	0.0210520899067511	0.041111565513898	0.0698134210120062	0.104766173654689	0.142141555195043	0.160150801539432	0.156365867068226	0.128664750952666	0.0858374387571873	0.0469832921211071	0.0193160305178115	0.00681965295062387	0.00166157946195701	0.000154376575927546	5.01046781519228e-05	
3.82711813903647e-05	0.00017358714416344	0.000116180372077893	0.000225526604621792	0.000729886102230526	0.00229763771132868	0.00579124984110626	0.0125269777658104	0.0278559527405583	0.0517932098723246	0.0829951573287262	0.117003202477786	0.154806928724025	0.162081186844008	0.145276037729918	0.113401610943371	0.0693391797119	0.0344973695396934	0.0140209206679415	0.00431917618548401	0.000631474492941017	6.15072558059432e-05	1.77687627883836e-05	
4.39016493300883e-05	0.000105638343700525	0.000164631184987831	0.000622854649870627	0.00155027699196874	0.00297708059519661	0.00768416055930701	0.0187062183942423	0.0370379008426373	0.0638645524364043	0.0968991716307542	0.12755487020203	0.158936317913794	0.158290140512716	0.133834177982774	0.0980694249707094	0.0560431992229408	0.0256440509149378	0.00942101956092863	0.00228151383862302	0.000257922189814269	1.09754123325221e-05	
2.3407659536969e-05	7.71075843570742e-05	0.000410322502471573	0.00113458302696838	0.00243026582839707	0.00507120059262686	0.010698677329544	0.0256231256660856	0.0484070399224518	0.0760019166742397	0.110988106155113	0.143365030058189	0.159156938718747	0.149718144240752	0.120632061884344	0.079541980948919	0.0428594246121902	0.0164968922889662	0.0057885765113775	0.00140996725681507	0.000165230537908016	
1.10892867786592e-05	0.000212082609641858	0.000679218815192877	0.00129467423140846	0.00418759191979119	0.00727179980510578	0.0165909591817215	0.033206869258695	0.0599750213815311	0.0923751450270787	0.125442012040193	0.148066929390353	0.157944711588443	0.138341624885468	0.105174954291346	0.0627722939714479	0.0310153489590625	0.0109437398896893	0.00353471016069763	0.000866350529582752	9.2872776771271e-05	
6.93768983253804e-05	0.000344109415693887	0.000996252259952463	0.00233661393559881	0.00589426128172432	0.0100915636304098	0.0215054509429014	0.0433300356180996	0.0720964727397353	0.107428739518885	0.133604643257051	0.154556466551316	0.153325720375024	0.123804462599608	0.089075774835889	0.050148397185518	0.0216539175053177	0.00705424302172468	0.00224503642980931	0.00041764892791879	2.08130694976141e-05	
4.15784280027941e-06	0.000173243450011642	0.000656939162444146	0.0012515106828841	0.00423268397068444	0.00786525263052855	0.0149737778714062	0.0280238604738832	0.0543388475568516	0.0848823607677041	0.119973168054462	0.145286115022563	0.156961337605748	0.144102515772084	0.107681198789236	0.0722189575456531	0.036220354580834	0.0151026709982149	0.00454036433790511	0.00134436917209034	0.000166313712011176	
4.44253785528155e-05	0.000448418664767482	0.00112174080845859	0.00227402406467224	0.00597937829459301	0.011167429533714	0.0203412702048704	0.0357652063211761	0.0643140652136791	0.0987104145581966	0.132533398860767	0.152415144056231	0.153470246796861	0.131736518632976	0.0938458356066632	0.0570158084932994	0.025358561395179	0.0100512418975745	0.00272105443635995	0.000623343592819193	6.24731885898968e-05	
5.49229499665657e-06	0.000194976472381308	0.000682417653334578	0.00173007292394682	0.00346289199539196	0.00788281639395134	0.0145683124786315	0.0250997881347205	0.0463755658780189	0.0789572328719348	0.1140035672456	0.140834801378017	0.153240522701715	0.147635635657627	0.114718938668915	0.0797330195402125	0.0440372212831923	0.0183319076250904	0.00623238174745604	0.00191131865883648	0.000333656921046886	2.74614749832828e-05	
8.56180673148272e-05	0.000371011625030918	0.000588454335671749	0.00234294520715495	0.00516426437771973	0.00957291533596258	0.0189528502662314	0.0323364491061746	0.0578818905556477	0.0939325329629559	0.12882393391916	0.146174503211357	0.151969351449935	0.13761813254764	0.0988168398507256	0.0658566019684001	0.032195111344258	0.0119661441699532	0.00419528529842653	0.00100431351977234	0.000126388575559983	2.44623049470935e-05	
8.58070974727767e-05	0.00070416300624485	0.00074774756369134	0.00344045600343228	0.00690815235526862	0.011443670364544	0.0246579633753516	0.0418139348002261	0.0723830537792578	0.110439182517144	0.138237958063484	0.151219346095437	0.149134097425106	0.12316723530894	0.0830313059704034	0.0496659652276953	0.0221069047473117	0.0078207040268045	0.00251019810543377	0.000416777330582058	6.53768361697346e-05	
