# <P(U)> as a function of N_tot.
# number_of_species: 1
# species_total_upper_bound: 151
# species_total_lower_bound: 97
# volume: 729
# Bin widths for each
10	10	10	10	10	10	10	10	10	10	10	10	10	10	10	10	10	10	10	10	10	10	10	10	10	10	10	10	10	10	10	10	10	10	10	10	10	10	10	10	10	10	10	10	10	10	10	10	10	10	10	10	10	10	10	
# Bin lower bound for each
-250	-250	-260	-260	-260	-260	-260	-270	-270	-270	-290	-300	-300	-300	-310	-310	-310	-320	-330	-330	-350	-350	-360	-360	-360	-360	-370	-370	-370	-370	-380	-380	-380	-380	-380	-390	-390	-400	-410	-410	-410	-420	-440	-440	-440	-450	-450	-450	-450	-450	-460	-460	-470	-470	-470	
# Bin upper bound for each
-100	-100	-110	-110	-110	-110	-120	-120	-120	-120	-130	-130	-130	-130	-140	-140	-140	-140	-150	-150	-150	-150	-160	-170	-170	-170	-170	-180	-180	-180	-180	-190	-190	-190	-200	-200	-200	-210	-210	-210	-220	-220	-220	-230	-230	-230	-240	-250	-250	-250	-260	-260	-260	-260	-270	
# Normalized histogram for each
3.72563897813174e-06	5.09170660344671e-05	0.000373805777472551	0.00172993836551251	0.00649378873888362	0.0187834298480809	0.0480147932705025	0.0979222111418959	0.1625645311718	0.218260350135551	0.218105115178129	0.146114593203689	0.0626466194172852	0.0172161777179468	0.00167777941981866	4.22239084188264e-05	
7.41803993130895e-06	0.000135997398740664	0.000603333914413128	0.00296227061256937	0.00942585607271657	0.0262833518166162	0.0640102665672649	0.117077687895861	0.18127216912142	0.222381710080745	0.198993866517317	0.119932396929426	0.0457186164366456	0.0104062736836379	0.000780130532775991	8.65437991986044e-06	
2.4607056073329e-06	6.64390513979884e-05	0.000183322567746301	0.00120574574759312	0.00443911291562856	0.0136766017655563	0.0353640306357848	0.0805093660607179	0.140128571867983	0.19952016240657	0.218981883054966	0.175859247639261	0.0922727692165728	0.0314675033065732	0.0060840946141306	0.000238688443911292	
1.34770889487871e-05	0.00016540063709875	0.000475373682920853	0.00172874295515805	0.00690762068120559	0.0193629012496937	0.0490713060524381	0.100470472923303	0.159898309237932	0.209593236951728	0.207588826268072	0.150306297476109	0.0703504043126685	0.0209495221759373	0.00301151678510169	0.000106591521685861	
2.81499831100101e-05	0.000203169443315725	0.000868977739482922	0.0033376088669999	0.00987942015930443	0.026792664359184	0.0650668500903247	0.120146575738142	0.178639792816124	0.213326691569202	0.193308381841058	0.12323328258177	0.0504863827516486	0.0131399225508291	0.00149929257868532	4.28369308195806e-05	
6.96499661525603e-05	0.000505878701529122	0.00154574047689454	0.0050844475291369	0.0145507332797314	0.0366786497193229	0.0821551899000218	0.138982230705126	0.194037474125649	0.213952476728358	0.170994332692228	0.0970834993120538	0.0358220773285694	0.00767860328601209	0.000841909239984457	1.71070092304534e-05	
0.000157312512366853	0.000839409733957504	0.00236214569350852	0.00770216808596146	0.0211044567372156	0.0498176772561748	0.0991879970553064	0.157949136440337	0.203229330917931	0.20569471294768	0.149689000537075	0.0742969789852606	0.0235600067349419	0.00394878986120858	0.000460876501074764	
6.10164610208542e-06	0.000341692181716784	0.00137409070218964	0.00376959696186837	0.0110207931895867	0.0296674236775597	0.0643235532081845	0.117028351908778	0.175541917698557	0.209164428379488	0.192692424562298	0.123039693648553	0.0549380011739567	0.0147391363241975	0.0021782876584445	0.000174507078519643	
5.36085237552771e-05	0.000595785639007511	0.0021077896840143	0.00571539965763647	0.0159412255639556	0.0408899014943376	0.0816287244217285	0.134299099011288	0.190439407138462	0.208008382423714	0.170953927128959	0.0992671471127546	0.0398774314206868	0.00914512680243432	0.000996631191632197	8.04127856329156e-05	
0.000130499244191877	0.00103070236384881	0.00347393821344118	0.00874344936085578	0.0223214123884866	0.0530866092067217	0.0995685066657322	0.153603652045515	0.198171560589712	0.199278387512672	0.150587669513081	0.0771540531494422	0.027105176349187	0.00535530231720741	0.000381831121894752	7.24995801065985e-06	
3.1376297138361e-05	2.41356131833546e-05	0.000213600176672689	0.00172448956195069	0.00561032328447078	0.0121269388439765	0.0307463576342755	0.0673612896140836	0.116943079776649	0.172683071642947	0.20415832479536	0.184696573104962	0.128059943208902	0.0557677478214592	0.0170481903720625	0.00269836155389905	0.00010619669800676	
7.23337769804988e-06	7.23337769804988e-05	0.000109706228420423	0.00062448160793164	0.00284874525008198	0.00793863202360975	0.0170285766641591	0.0406226491522481	0.0839385259340702	0.136018845360029	0.187120247670852	0.201583386378103	0.166376125995795	0.103608491020967	0.0400596512547499	0.0106583820380765	0.00136590282198175	1.80834442451247e-05	
2.40250918058821e-05	9.73016218138224e-05	0.000163370624279998	0.00104749400273646	0.00375031683089819	0.0108112913126469	0.0237728283419203	0.0531158742190344	0.100588254372867	0.157227408305234	0.195666353940055	0.193268649777828	0.146040124305825	0.0793452681981061	0.0280841310664858	0.00632820918166934	0.00065588500630058	1.32138004932351e-05	
3.61694175518127e-05	0.000182052735010791	0.000333964288728404	0.00173372074798355	0.00568583243914495	0.0150922922971197	0.0319412126400058	0.0686712561638716	0.118477749779969	0.172626984796788	0.203137094148994	0.179302653629601	0.122039231761571	0.0585341740713502	0.0182197412680998	0.00370495400455735	0.000278504515148958	2.41129450345418e-06	
2.43814130735575e-06	4.51056141860814e-05	0.000204803869817883	0.000502257109315285	0.00250031391069332	0.00855178063555029	0.0197355348123911	0.0429978410258723	0.0868112403190552	0.135872738776321	0.184195480417459	0.198314756728356	0.164956107361114	0.0995444332967206	0.0418506955407615	0.0117018592046539	0.00207973453517446	0.000132878701250888	
2.68549770206844e-05	0.000161129862124107	0.000471182778635645	0.00103879933839102	0.00383659967163687	0.0127793070195248	0.0263618219881228	0.0556911189370312	0.103392882210409	0.155721025615986	0.194073594843844	0.187933570552297	0.144463907521225	0.0771702178304841	0.0289716374822238	0.00674548195528646	0.00112302631177408	3.78411039836917e-05	
5.15391808215345e-05	0.000230699190344012	0.000684734830914673	0.00178791872516609	0.00622396964587674	0.0190351374500868	0.0360160704074295	0.07115474761754	0.121387042068243	0.169350385439445	0.196797453473618	0.174223292273786	0.121409130288595	0.0577901471811749	0.0194351796631301	0.0039991950070805	0.000408632076513595	1.47254802347242e-05	
3.43137254901961e-05	0.000112745098039216	0.000344362745098039	0.00127083333333333	0.00333823529411765	0.00944240196078431	0.0254473039215686	0.0482058823529412	0.0884350490196078	0.13925612745098	0.180770833333333	0.194014705882353	0.155958333333333	0.097530637254902	0.0415796568627451	0.0116470588235294	0.00243137254901961	0.00017156862745098	8.57843137254902e-06	
4.92019444608451e-06	0.000123004861152113	9.59437916986479e-05	0.000559672118242113	0.00185983350061994	0.00530765975871366	0.0147445927063038	0.0341412292613804	0.0621629666804432	0.105265100076755	0.157133789927378	0.186172777548169	0.184069394422468	0.135654681072996	0.0763478872685048	0.0288114286276594	0.00619083466178583	0.00124726929208242	0.000107014229202338	
5.18541564810288e-05	0.000186428038777032	0.000298778711152594	0.00101485991970013	0.0028865480441106	0.00817073351408211	0.0215663906050145	0.0440735637633278	0.0783800267666217	0.124168481562144	0.168658113200093	0.189683739030377	0.166628393360693	0.113480352213185	0.0568136361616072	0.019739148900445	0.00353719424567018	0.000645707710466144	1.60500960536518e-05	
1.10848905551806e-05	0	7.88258883923953e-05	0.000279585572891777	0.000352253188753516	0.00172554796308978	0.00420117352041344	0.0119605969090399	0.0285842377782923	0.0559220411963799	0.0957931608688583	0.140908665428443	0.17529522758512	0.186646155513625	0.15013252602486	0.0920698692968238	0.0414574906763754	0.0123904443316796	0.00183147025061706	0.000347326570728992	1.23165450613118e-05	
2.58198096957074e-05	0	0.000264345670694147	0.000311067231095903	0.000638118153908197	0.00260042369078196	0.00655823166270968	0.0169230409834151	0.0375469213565482	0.0702335709165664	0.113621916838082	0.15426475632862	0.181296867565278	0.177687012266869	0.12897855603329	0.0721749747027341	0.0283132656034643	0.00751233510670344	0.000930742663792881	0.000114344871509561	3.68854424224391e-06	
1.95516083030793e-05	6.476470250395e-05	8.55382863259717e-06	0.000354372900493312	0.00040325192125101	0.00101668363176012	0.00372702533277448	0.0102218252159536	0.023994711289954	0.0482765868268595	0.0859623118310448	0.130531424933433	0.166359747148826	0.17925036689815	0.162809908266298	0.109137077547788	0.0529970782565342	0.0201907014994862	0.00421459356483252	0.000457018844084478	2.44395103788491e-06	
0.000104366959139722	8.10378741555485e-05	1.96455452498299e-05	0.000439569074964945	0.000500961403870664	0.00173249152171938	0.00586051171733989	0.0153640442319451	0.0333077941245086	0.0607219246740681	0.10081234329608	0.145780996372941	0.171840812146841	0.17428299899071	0.147115665603352	0.0889476618117613	0.0375291306600658	0.0131563760844955	0.00213890873907524	0.000262759167716475	
7.49348005812975e-05	0.000133899889563302	6.14219676895881e-05	0.000506117013762206	0.000789886504488103	0.00296668103940711	0.00898234855492537	0.0214411804810814	0.043371279824972	0.0736596805320616	0.118018625597482	0.155960203478695	0.171366061414597	0.16722007859555	0.129491020722543	0.0705554142850299	0.0265957120095917	0.00770600006633573	0.000956954256603783	0.000142498965039844	
0.00010323874697658	8.9719387253456e-05	0.000213851690165772	0.000707922836410831	0.00147115214441626	0.00436429512516469	0.0128421627042652	0.0283058521621143	0.0532060547067036	0.0905391520657582	0.137548423888463	0.164727253062749	0.169565954810926	0.154329636402965	0.108819784476825	0.0506091086071618	0.0176820934851435	0.004367982223271	0.000430161445735748	7.62000275303325e-05	
8.57193938904114e-06	7.59228917315073e-05	0.000155519471772604	0.000378389895887673	0.000956383523263019	0.00248831154836166	0.00604076814373428	0.0182153712017124	0.0366156513816742	0.0673852401000223	0.107762748310716	0.149824030329971	0.170362397106113	0.166230722320595	0.13623750639834	0.0865116860025128	0.0365311565505536	0.0117374341491371	0.00224217443161919	0.000226544112424659	1.34701904684932e-05	
3.30544517001006e-05	6.9781620255768e-05	0.000193429754393181	0.000537440899864599	0.0011630270042628	0.00354662024352561	0.00949274883268816	0.0249267292987314	0.0469924121669764	0.079216829857719	0.125124566313351	0.161070670417735	0.173351011343798	0.157249820648994	0.116060301113813	0.0670136159856225	0.0255082428008628	0.00723280372756276	0.00109569386191074	0.000121199656233702	
3.55699034461104e-05	6.1327419734673e-05	0.000477127325535756	0.000738382133605463	0.00231694991757595	0.00497365374048198	0.0137471544077243	0.033414857916634	0.0601695580500824	0.0944908352303949	0.139059924248371	0.166048895125206	0.171684884998823	0.144790358348379	0.0969905408587801	0.049683795823848	0.0165817077478609	0.00414450702566921	0.00054581403563859	4.41557422089646e-05	
9.72133007484194e-05	0.000166123994949831	0.000695259682567809	0.00114440974298772	0.00327448852267777	0.0082865109777197	0.0193331413678281	0.0419112381036761	0.0737565926615033	0.110668113791245	0.149733094114781	0.173581116500912	0.163619829544476	0.126083189974478	0.0779133841795813	0.0355357683419349	0.0114600945553168	0.00253123746379112	0.000183351668500183	2.58415103255292e-05	
1.11132514410183e-05	0.000116071737272857	0.000487748257689135	0.00060628960639333	0.00183739090491502	0.00505652940566331	0.0114799887385719	0.0251715145139064	0.0532337092081932	0.0901334084095208	0.127764112594524	0.158886155852238	0.173272877245494	0.151252586917974	0.108094892349638	0.0600658892329881	0.024517067484602	0.00656669679592613	0.00132247692148117	0.000116071737272857	7.40883429401218e-06	
6.58848333113717e-05	0.00011560923581052	0.000594206609864824	0.000819209531173471	0.00259188448026811	0.00664193706382376	0.0154729909476725	0.0342377373407887	0.065550436704565	0.104727050323582	0.139091584890743	0.165613338073726	0.169805105204405	0.138810642016623	0.0910180325545663	0.0437139653470639	0.0166278401957152	0.00387477406474614	0.000571830628740207	5.5939952811542e-05	
3.98806571335279e-05	0.000142074841038193	0.000663015924844902	0.0012873974630917	0.00368896078485133	0.0105708666814557	0.0217125252681351	0.0460546813660122	0.0803856958053026	0.119383993399751	0.149172351737426	0.166669990054761	0.159583695790347	0.124635777436023	0.0718823919421132	0.0307043671812102	0.0106182249618018	0.0025473769744041	0.000235545131194899	2.11865991021867e-05	
6.17346167414201e-05	0.000325051655495641	0.000815148919014262	0.00189361487678274	0.00535201330443985	0.0147545734011994	0.0302814594567354	0.0597855666985839	0.095779368039107	0.1328717935796	0.157161215542005	0.16587335584337	0.147569671924608	0.103482336340271	0.0551252330796754	0.0209456735372676	0.00641662047069496	0.00137202035982462	9.82714307312402e-05	3.52769238522401e-05	
3.93294206903201e-05	0.000469415666303821	0.00107458126853875	0.00301821586523457	0.00819701248645672	0.0208268312920095	0.0396262943819826	0.0732415308532962	0.111652419266849	0.145405943056074	0.160365078519285	0.161586827942665	0.130555915018003	0.0834963601255497	0.042628017264347	0.0133681969617388	0.00375278794845055	0.000641957640945226	5.32850215804337e-05	
7.61283168156033e-06	5.96338481722226e-05	0.000591263260601185	0.00146673890398062	0.0050726835104797	0.0118709422021131	0.0278946840865173	0.0508689412961861	0.0893619558887156	0.125085168554437	0.154935081577836	0.160110538316016	0.150301404694326	0.114060519474258	0.0659601112995992	0.0314587581187678	0.00865325201137357	0.00198948667944777	0.00023853539268889	1.26880528026005e-05	
2.68380553400701e-05	0.000217260447991044	0.000966169992242524	0.00237325089364334	0.0081153167337831	0.0173731678234721	0.0375822234945448	0.0655564231773446	0.10499686250353	0.137325217164598	0.158543894917511	0.157791151365354	0.137518195562519	0.0941197820749906	0.0490139570667795	0.0214142121561055	0.00572545180588162	0.0011629823980697	0.000169974350487111	7.6680158114486e-06	
5.14373525194658e-06	6.94404259012789e-05	0.000185174469070077	0.00130650875399443	0.00421914884040918	0.0113766564434929	0.0233114081618219	0.0467848439840801	0.0807039201692289	0.119316654771779	0.148309318519376	0.158488770582978	0.15040796250217	0.123546091082692	0.0764359058439262	0.03698088459387	0.0145271942853101	0.00339100746484578	0.000527232863324525	0.000106732506477892	
1.28230609928896e-06	8.97614269502273e-06	0.000176958241701877	0.000265437362552815	0.001917047618437	0.00655899569786304	0.0142989953131712	0.0309279408087505	0.0584693112092788	0.0962640011797216	0.132183959633004	0.157104296366586	0.15850329232091	0.141567875667601	0.104441267174887	0.0599375516929646	0.0257807641262046	0.0094326436663696	0.00184139155857895	0.000293648096737172	2.43638158864903e-05	
3.6103503587141e-05	3.35246819023452e-05	0.000344272694920237	0.000745279466905981	0.00292438379055842	0.00896656299803494	0.0207363051674429	0.0407711708366213	0.0702535497480491	0.111222000443557	0.145188950264845	0.162022208812349	0.151611505670829	0.129440086235797	0.0863853687972891	0.0438967027185938	0.0190536240181136	0.00535621263932084	0.0008561687993522	0.000154729301087747	1.28941084239789e-06	
9.95863931360402e-05	0.000181066169338255	0.000492758646556251	0.00146146265251591	0.00424082835185813	0.0130807374049079	0.0274017780697829	0.0520319504189095	0.0851308461739425	0.12693126469546	0.150653519538333	0.161814955548255	0.142633581566429	0.115146443731101	0.0687663444551072	0.0328854963411701	0.0133122434357047	0.00311692477217996	0.000527678550642914	9.05330846691274e-05	
3.22563164318837e-05	0.000122574002441158	0.000393527060468981	0.000602547990947587	0.0026063103676962	0.00686801489467668	0.0176674296360713	0.0364122202409676	0.0640997520134393	0.0997907210189899	0.140216917276741	0.158987512934783	0.158556568547253	0.131541258409222	0.0959806049220558	0.052505541635163	0.0232026135357826	0.00852340905396095	0.00164636239068334	0.000203859919849505	3.99978323755358e-05	
5.17485177283953e-06	0	3.88113882962965e-05	0.000214756348572841	0.000699898702276547	0.00126266383257285	0.00390571937555064	0.0108865944171112	0.0239880253929976	0.0463770215881879	0.0779901910684646	0.114879121931151	0.151042279832697	0.162309225855112	0.149039612196608	0.117853367987591	0.0788155799262325	0.0383068402484446	0.0160562713381779	0.00547628688860743	0.000693430137560497	0.000153951840241976	5.17485177283953e-06	
2.18393063836293e-05	1.41313158952895e-05	0.000110481196999536	0.0003070349544522	0.00104571737625142	0.00245756430069899	0.00585550344097542	0.0149997494903091	0.0318057380850525	0.0571085015281091	0.0917751887494171	0.129934880327024	0.157896900488558	0.160601120484884	0.140537221243736	0.102972329598812	0.0606773011242104	0.0280005601139755	0.0102233647177013	0.0033003045940908	0.000259502346440771	9.50652160228568e-05	
3.70264445420467e-05	7.66064369835449e-05	9.19277243802539e-05	0.000533691510985363	0.00148999519932995	0.00382138443152917	0.00849310031357568	0.0210118688906367	0.0422548338661737	0.0714840198972452	0.106587642871005	0.14287866561801	0.159332451508125	0.155873670878318	0.127167962166634	0.0847190586601023	0.0466724717322248	0.019017547981165	0.00666092969571923	0.00160235130690581	0.000145552230268735	4.72406361398527e-05	
3.61219476954197e-05	0.00016383883418994	0.00010965591264681	0.000212861477490866	0.000688897145334076	0.00216860693128573	0.00556148987553409	0.0122156686688546	0.0278925939686668	0.0532824529898652	0.0849704316056722	0.118691559848907	0.154057526781844	0.161729570458439	0.145094123475138	0.111714863665449	0.0685517163085434	0.0342113546762441	0.0137315004025017	0.00420691683695585	0.000633424154230396	5.80531302247817e-05	1.67709042871592e-05	
4.14039564068094e-05	9.96282701038851e-05	0.000155264836525535	0.000587418631521608	0.00146207721061546	0.00280770579383676	0.00744883053231255	0.0182216224399093	0.0375391558509613	0.0658491110441172	0.0994445400473299	0.129250213165682	0.157972914049268	0.157358324071355	0.132895055203119	0.096493214279707	0.055398493672311	0.0253599232991708	0.00914380499771631	0.00221640554140202	0.000244542117527718	1.03509891017023e-05	
2.2089569305374e-05	7.27656400647614e-05	0.000387217156058909	0.00107069441809578	0.00229341704846971	0.00482462181357963	0.010443168735723	0.0249729077929402	0.0489842696278817	0.0788298765323014	0.112737365416051	0.144189013947614	0.158336733394491	0.148864206321775	0.119361637434803	0.0787324225500719	0.0425055288892585	0.0162059475515662	0.00559905612569745	0.00141113366268448	0.000155926371567346	
1.04644789801319e-05	0.000200133160495022	0.000640949337533078	0.0012217279209304	0.0039516488748723	0.00694710598293505	0.0160865203122077	0.0327708239861555	0.0609189643828377	0.0954530530771455	0.127058395716889	0.14838631193827	0.15691093812746	0.137504561858805	0.10392274075169	0.0619510236222532	0.0307681843213328	0.0109379966539828	0.00341011208765048	0.000860703396115847	8.76400114586045e-05	
6.53411132818881e-05	0.000324091921878165	0.000938298386727913	0.00220068869533399	0.00555138098442921	0.00967440523251635	0.0207993831798906	0.0432283737250315	0.0741948341315839	0.110457845180766	0.135307070561868	0.153998549427285	0.152108884431173	0.12273021307737	0.0878354449403109	0.0495573139575152	0.0214279646896624	0.00697451043170874	0.00217847271681815	0.000427330880863548	1.96023339845664e-05	
3.91158768736505e-06	0.000162982820306877	0.000618030854603678	0.00117738789389688	0.00398199626573762	0.00743723205624342	0.0143581345377546	0.027305489782933	0.054464946958871	0.0868229041713171	0.122972493715382	0.146608914247567	0.156245762446672	0.143088485328938	0.106658565333945	0.0714229834461609	0.0358053698275772	0.0149513920036717	0.00445529837590879	0.00128560848658065	0.000172109858244062	
4.17725121205555e-05	0.000421641294216857	0.00105475593104403	0.00213823046417093	0.00562231905322601	0.0106480744177303	0.0195116793333107	0.0353317129079673	0.0649588671294713	0.10111558715182	0.134784231920987	0.153111921613881	0.152641980852525	0.13060306453592	0.0927793602017612	0.0566526641724996	0.0254381544904145	0.00982045652134184	0.00265385991065904	0.000610922989763124	5.87425951695311e-05	
5.1643822882345e-06	0.000183335571232325	0.000641674499313137	0.00162678042079387	0.00325614303273185	0.00741476187033269	0.0138599109660494	0.0242015864982389	0.045916522924693	0.0804339630436803	0.117483241579475	0.142768057262671	0.15257005484574	0.146876323372961	0.113795872625675	0.0787348812708512	0.0438662631562639	0.0180740469132487	0.00606298480638731	0.00184626666804384	0.000356342377888181	2.58219114411725e-05	
8.05286771566986e-05	0.000348957601012361	0.00055347487633096	0.00220367364155791	0.00485728528881674	0.00902049007452098	0.0180499277798372	0.0315161121265962	0.058203060089732	0.0957038589853387	0.13283269208646	0.147430112612325	0.151372183094091	0.13648843838278	0.0978768550355988	0.0647105441437756	0.031803714545013	0.0117354569043754	0.0040813978755768	0.000979126455587795	0.000129101530044866	2.30081934733425e-05	
8.08475907417959e-05	0.000663463562119182	0.00070452900503565	0.00324160340021867	0.00650887270226014	0.0108130444379424	0.0236613948904323	0.041012827817731	0.0732697332286164	0.112955633922109	0.14166037852072	0.152028119562037	0.148302713912459	0.121969498642274	0.0818755101097987	0.048953857841703	0.0218211497297381	0.0075701577426326	0.0024292776075273	0.000415787609529236	6.15981643747016e-05	
