# <P(U)> as a function of N_tot.
# number_of_species: 1
# species_total_upper_bound: 151
# species_total_lower_bound: 97
# volume: 729
# Bin widths for each
10	10	10	10	10	10	10	10	10	10	10	10	10	10	10	10	10	10	10	10	10	10	10	10	10	10	10	10	10	10	10	10	10	10	10	10	10	10	10	10	10	10	10	10	10	10	10	10	10	10	10	10	10	10	10	
# Bin lower bound for each
-240	-240	-240	-240	-250	-250	-250	-260	-270	-270	-270	-270	-280	-280	-280	-280	-300	-310	-320	-320	-320	-330	-330	-330	-340	-340	-340	-350	-350	-350	-350	-350	-360	-360	-360	-370	-370	-370	-370	-390	-400	-400	-400	-410	-410	-420	-420	-420	-430	-430	-440	-440	-440	-440	-450	
# Bin upper bound for each
-110	-110	-110	-110	-120	-120	-120	-120	-120	-120	-130	-130	-140	-140	-140	-140	-140	-150	-150	-150	-160	-170	-170	-180	-180	-180	-180	-180	-190	-190	-190	-200	-200	-200	-200	-210	-210	-210	-210	-210	-220	-220	-230	-230	-230	-230	-250	-260	-260	-260	-270	-270	-270	-280	-280	
# Normalized histogram for each
4.56412596987677e-05	0.000976722957553629	0.00288452761296212	0.00600638977635783	0.0216795983569147	0.0500958466453674	0.101953445915107	0.164272021907805	0.23443176631675	0.218283888635326	0.127110908261068	0.0586398904609767	0.012816065723414	0.000803286170698311	
4.55443921189984e-05	0.00125702522248436	0.00480037892934243	0.010866891959593	0.0308882067351047	0.0653288760554913	0.12506490075877	0.181157374092528	0.232376597469554	0.189874570744104	0.107348132224479	0.0433309346620151	0.00725977610376834	0.000400790650647186	
0.000136172994171796	0.00231494090092053	0.00630027053034842	0.0148791691631716	0.041196869836774	0.0821032372859814	0.148546580242206	0.201163825190188	0.227309040071173	0.159703687564682	0.0836646876191514	0.0288959093632551	0.00369482724186139	9.07819961145306e-05	
0.000628496009050342	0.00272048986774648	0.0084398035501046	0.0229580613591675	0.0508991982186627	0.104976790540237	0.167045260691166	0.206146690968512	0.213374395072591	0.134803415426883	0.0667911687332214	0.0187561166129452	0.0023793063199763	8.0806629735044e-05	
7.0597163758946e-05	0.00142959256611866	0.00479178249013846	0.01138379265613	0.0334365816853308	0.0695382063025618	0.125195245281021	0.1754868998138	0.214377112399509	0.194662854419824	0.108693158252367	0.04822668749283	0.011454389819889	0.00125309965672129	
0.000263271055102632	0.00264148625286307	0.00728383252450615	0.0172705812147326	0.0449052662986722	0.0891523549595879	0.140490210704601	0.189879860641855	0.21971724688682	0.163175399952611	0.0857473826469272	0.0317768163508877	0.00691525304736246	0.000781037463471141	
0.000499937507811524	0.00305318977984895	0.0109986251718535	0.0247379791811738	0.0570285857125002	0.105763565268627	0.157096434374275	0.204099487564054	0.209661292338458	0.137616726480618	0.0626618101308765	0.0228632135268806	0.00338350563322442	0.000535647329798061	
6.23958212627132e-05	0.000713095100145293	0.00588303457619867	0.0137894764990596	0.034085945786945	0.0719602092934119	0.119933682155686	0.1693244315295	0.21364329200353	0.195102819399752	0.112927522796759	0.0475812705571947	0.0130318129551552	0.00183621988287413	0.000124791642525426	
0.000195593805010758	0.000248937570013692	0.00163587546008997	0.00700581447038532	0.0199861306210992	0.0489695762726933	0.0869681182097832	0.137911413787585	0.182346770035029	0.205871370401323	0.171233485659418	0.0942495421326837	0.0345489784669002	0.00767261153292199	0.000880172122548409	0.000275609452515159	
0.000492602170968139	0.00127548776411393	0.00372970215161591	0.0116113368871061	0.0280959166798614	0.059508101546419	0.103446455903309	0.161898981369082	0.187505497792087	0.194876937421931	0.143479178761809	0.0768723280730459	0.0228532221459862	0.00385285269435795	0.000475009236290706	2.63894020161503e-05	
0.00057702395523693	0.00250043713936003	0.0055953838083581	0.0138660605000874	0.0382059800664452	0.0765693303025004	0.111671620912747	0.181264207029201	0.193198111557965	0.180591012414758	0.118184997377164	0.0606924287462843	0.0147927959433467	0.00205455499213149	0.000236055254415108	
0.00106142088876309	0.00416607698839513	0.00776606283611661	0.0189109821681291	0.0495506651570903	0.0894512454005095	0.132111519954713	0.193567789414096	0.191082295499575	0.161937446928956	0.0982698839513162	0.0421737899801868	0.00902207755448627	0.000919898103594679	8.84517407302576e-06	
2.64851550705829e-05	0.000953465582540986	0.00504100784843429	0.0113179896001624	0.0245252535953598	0.0637939101800108	0.101879563171509	0.147239805422394	0.199186022900831	0.188124056466351	0.140380150259113	0.0819892117135013	0.0291689841177353	0.0054294567894695	0.000944637197517458	
0.000240957404085567	0.00176702096329416	0.00731796560556165	0.0164743469608132	0.0324400060685568	0.075910506635253	0.115222260894398	0.169625088127939	0.204742398686336	0.174729815355234	0.121496077748922	0.0592219753152526	0.0174381765771555	0.00298965668032092	0.000383746976877014	
0.000280746241622894	0.00323310994385075	0.00905633037493208	0.0243253033870676	0.0455895671074081	0.0931081325846767	0.14136931715269	0.182240536134758	0.192293062850933	0.157471472559319	0.0968393406991487	0.0429813439594276	0.00979894946567651	0.00125882992211556	0.000153957616373845	
0.000800626267658257	0.00534640429847347	0.0142244600220617	0.0341867416290076	0.0583834466071238	0.109774757143365	0.163256591822937	0.188102693662598	0.185336085115468	0.133855816105042	0.0711578834999822	0.0301035476639505	0.00467031989467317	0.000782834572821407	1.77916948368502e-05	
5.32613713027731e-05	9.76458473884174e-05	0.00134041117778646	0.00931186308276817	0.0207808117032987	0.0385257252423392	0.0678816177253844	0.130845435500479	0.174697297873096	0.194537158683379	0.169575329332813	0.117272662713489	0.0550633810318503	0.0178336824912119	0.00183751730994567	0.000328445123033768	1.77537904342577e-05	
8.8839928217338e-05	0.000177679856434676	0.000399779676978021	0.00258524191112454	0.0105186475009328	0.0288196727137044	0.0493772321031965	0.0878360370284821	0.14424050745367	0.184795934684885	0.194932570494483	0.154474867184307	0.0925001332598923	0.0379079973703381	0.0104298075727155	0.000746255397025639	0.000168795863612942	
0.000126415401007711	1.80593430011016e-05	0.000162534087009915	0.000984234193560038	0.0044967764072743	0.0166145955610135	0.0356310837411735	0.0653477326494862	0.10459068499088	0.164565763097539	0.189279973994546	0.188602748632005	0.126776587867733	0.0715782059848663	0.0251295757860329	0.00521012045581782	0.000767522077546819	0.000117385729507161	
0.000138793789440569	1.85058385920758e-05	0.000805003978755297	0.00194311305216796	0.008299868608546	0.0259729444639784	0.0452467753576253	0.0827858689416511	0.130947313877528	0.168366119510706	0.194042970557211	0.165081333160612	0.105168680718767	0.0528434220996724	0.0150637526139497	0.0028313933045876	0.000425634287617743	1.85058385920758e-05	
0.000517225454881315	0.000175487207906161	0.00182876142975894	0.00229056987161725	0.0128475108524984	0.0351620947630923	0.056082017179274	0.0950401773344417	0.149441211785351	0.17640158862104	0.185914842523321	0.149847603214187	0.0828576706382193	0.0405929620393461	0.00956867091530433	0.00142237000092362	9.23616883716634e-06	
5.57610453337299e-05	0.000427501347558596	0.000650545528893515	0.00197022360179179	0.00408914332447352	0.0213843608854854	0.0402037136856192	0.069561904053828	0.11848292782662	0.162617795208267	0.181632311667069	0.172208695005669	0.124402892139551	0.066736677756919	0.0292559617850969	0.00568762662404045	0.000631958513782272	
0.000164765758014023	0.000567526499826081	0.000732292257840104	0.00183988429782326	0.0101147868114164	0.0274609596690039	0.049036120315618	0.084369221756403	0.135254380023067	0.176427512220127	0.177068267945737	0.157113303919594	0.104827636709811	0.0504366292587372	0.02104424875968	0.00342346630540249	0.000118997491899017	
0.000283776237859412	0.000219697732536319	0.000741479847310076	0.00302084382237438	0.0169350335496746	0.0378246262850029	0.0603527979421646	0.0990012907241787	0.155362913191933	0.180042291813513	0.170741754469476	0.143837936305966	0.0810776173780906	0.0349044772567076	0.0143444311201838	0.0013090323230289	
0.000229568411386593	0.000293847566574839	0.000449954086317723	0.00166207529843893	0.00536271808999082	0.0246464646464646	0.0439026629935721	0.0726078971533517	0.116354453627181	0.166868686868687	0.175665748393021	0.166593204775023	0.124591368227732	0.0631955922865014	0.0293572084481175	0.00764003673094582	0.000578512396694215	
0.000542723367460515	0.000248364930871761	0.00103025452806064	0.00199611814811749	0.00932748295940613	0.0303097202674982	0.058531335375445	0.0901932647110228	0.134687382141642	0.172770004875312	0.174205002253682	0.155614427242873	0.100219848957327	0.0451656226140869	0.0205958918600694	0.00408422330766896	0.000478332459456725	
0.000685175541973854	0.00114195923662309	0.00130640136669681	0.00329797827536748	0.0153022537707494	0.0365701025936178	0.0728752706443391	0.106649857026704	0.146444852504545	0.173258055380455	0.172655100903518	0.140168644540065	0.0801564027370479	0.034094334968619	0.0130000639497173	0.00215601903874439	0.000237527521217603	
9.28901852230293e-05	0.000687387370650417	0.00185780370446059	0.00168131235253683	0.00599141694688539	0.0200457019711297	0.0506901740762071	0.0851245657383841	0.126349229940364	0.153788990655247	0.174559236071117	0.162009772047485	0.115769037843461	0.0697326620469281	0.0223772456202278	0.00786779868839058	0.00130046259312241	7.43121481784235e-05	
0.000114846823049757	0.000689080938298544	0.00323485218256817	0.00215337793218295	0.00892934049211864	0.0295156335237876	0.0661709112138352	0.0933513260022778	0.136801707389436	0.158804444572052	0.17965871352417	0.152554863284428	0.0942796711552633	0.0512695359231292	0.0165379425191651	0.00505326021418932	0.00088049231004814	
0.000454567435562648	0.00104453793703757	0.0036075245418057	0.00517433144736206	0.0134532617631414	0.0412205619227235	0.0807582571691088	0.11114657381885	0.150287731515064	0.171081773780163	0.165046665699502	0.134803423763238	0.0729145509937618	0.0331930944436385	0.0116059770781953	0.00397504714928188	0.000232119541563905	
0.000244197858873173	0.00223685238727827	0.00336016253809487	0.00733570368055013	0.0203856372587325	0.0539872626396812	0.0953641478471517	0.135060951785575	0.156687114167383	0.173233961084629	0.153424630772837	0.113571540204735	0.0546612487301711	0.0221633976713292	0.00613425021489412	0.002139173243729	9.76791435492694e-06	
0.000379115591371718	0.00239134449942161	0.00394669051530558	0.0114123513915486	0.0312721758318671	0.0696989433368005	0.107804920725958	0.149429868476053	0.160171476898251	0.165916536244423	0.141789231173023	0.0969272195273692	0.0387767203585073	0.0156603901974317	0.00377171408851863	0.000651301144151413	
0.000154999709375545	0.0012593726386763	0.00452405401739872	0.00579311413791099	0.0171177804041617	0.0435452308526922	0.0820239087051712	0.124280704473679	0.158409702981807	0.163350318718152	0.155493770949179	0.12942475732858	0.0737023618080716	0.02861682134346	0.00940654486272838	0.00258655765020441	0.00030999941875109	
0.000295543208417071	0.0019702880561138	0.00612759585451393	0.0100780234070221	0.0257319620128463	0.0591973046459392	0.103026362454191	0.131743310872049	0.163425542814359	0.16152421484021	0.14525948693699	0.10958742168105	0.0559266264727903	0.0194368916735627	0.00522126334870158	0.00132994443787682	0.000118217283366828	
0.000614220188030632	0.00264510951942224	0.0103922093103892	0.0147710048444141	0.0339406187773056	0.0766388286226608	0.118831792829475	0.143291625801211	0.168226984079809	0.159518926897891	0.130244400194173	0.0846633181759642	0.0388940073904558	0.0124528189734597	0.00399243122219911	0.000792542178104041	8.91609950367046e-05	
2.0101108576138e-05	0.00122616762314442	0.00623134365860277	0.0146436575977165	0.02185995557655	0.050262821994633	0.0986763420002613	0.128787802647316	0.154406665527604	0.165030101410093	0.143250550267847	0.110887765460265	0.0649567323637899	0.0290461018925194	0.00841231393911374	0.0020101108576138	0.000291466074354001	
0.000466545635262736	0.00214002454435733	0.0126474436341877	0.0172216193190462	0.0349097842733552	0.0668377333995963	0.117397081047091	0.136596448167794	0.166343803564003	0.15463959349676	0.127519092873008	0.0886639552927574	0.047841212207268	0.0193210746777285	0.00600423947990304	0.00125764475592564	0.000192703631956348	
0.000921391819282971	0.00455519551106188	0.01669893263487	0.0217407058482499	0.0448686757839595	0.0908968558798257	0.129491785119004	0.148447610075264	0.167051442651124	0.137390908243869	0.111747228060004	0.0709368173677182	0.0356651103082004	0.0149182652987277	0.003861563467332	0.000538341287670949	0.000269170643835475	
0.000736889082624986	0.00702639308362134	0.0203838050461334	0.0313541115297195	0.0589096117321045	0.111508962024265	0.134788429803531	0.168612676567965	0.157943352949113	0.119189214434723	0.0965947421407147	0.0556299363784496	0.0259364199645048	0.00920592417307553	0.00198233541945595	0.000103787194735913	9.34084752623221e-05	
0.000137340869473351	0.000200728963076435	0.00201785431303154	0.0111668691564101	0.0266124346310285	0.0431250330146321	0.078643494796894	0.120701494902541	0.151687707992182	0.175986477206698	0.147028683112355	0.107168136918282	0.0716813691828218	0.0401246632507527	0.017643019386192	0.00533516454492631	0.000570492842427764	0.000158470234007712	1.05646822671808e-05	
0.000190884218117033	0.000424187151371185	0.000402977793802626	0.00379647500477211	0.0176249761394727	0.0319837112133873	0.0561199601264078	0.0975524401365883	0.13447793166345	0.158645994612823	0.170342955311884	0.133173556172984	0.0964177395066703	0.0561623788415449	0.0252603448641541	0.012969522153174	0.00378587032598783	0.000445396508939744	0.000222698254469872	
0.00093472667121777	0.000504122249645539	0.00173292023315654	0.00714173186997847	0.0209000682665546	0.0417056136113007	0.0667541878905635	0.109520558735493	0.143989917555007	0.161035551121147	0.16925904531849	0.119655516462742	0.085963346111432	0.0409494302368324	0.0203224281888358	0.00777188468203539	0.00133382345218716	0.000420101874704616	0.000105025468676154	
0.00125900978880111	0.00104917482400092	0.00333637594032294	0.0145415630606528	0.024949377314742	0.0478318802262021	0.0815313755731117	0.119616421684345	0.154207715631656	0.172924994491832	0.154952629756696	0.109093198199616	0.0667170270582187	0.028369687240985	0.0148982825008131	0.00393440559000346	0.000304260698960268	0.000482620419040425	
0.000146434324205594	0.00109825743154195	0.00212329770098111	0.00811664539882434	0.01929795201138	0.035928707403301	0.0586260276551681	0.08930401857624	0.147344308934586	0.161663493922976	0.17034495742945	0.138328138401356	0.0868773926322616	0.0492960692843545	0.0186285379578688	0.0100830491810137	0.00209191891722277	0.000209191891722277	0.000491600945547351	
0.000640534268583369	0.00115506179580608	0.00381170392616005	0.0128736887423477	0.0248653302951708	0.0462549746411433	0.073010406056724	0.112482017787952	0.151218590194575	0.159986559280922	0.165226339609169	0.118015813846041	0.0685161656148604	0.0401016454380309	0.0143857696386757	0.00637384100049353	0.000693037077483645	4.20022471202209e-05	0.000346518538741823	
5.22864881257385e-05	0.000805211917136374	0.00221694709653131	0.00742468131385487	0.0174009432482458	0.0325326529118345	0.0574523931525615	0.0890334319805076	0.124786932560888	0.158689491461616	0.154632059983059	0.145774728894559	0.101990023738066	0.0586340677842032	0.0312150334110659	0.0133330544720633	0.00355548119255022	0.000334633524004727	0	0.00013594486912692	
0.000385146195076548	0.00124102662857999	0.00379796942367151	0.0114153052818521	0.0256978100159408	0.0444950840367601	0.0707385178290593	0.107755346578083	0.124455713536819	0.162777759946935	0.153245391618791	0.126424238533877	0.0933979523060628	0.0436392036032566	0.0206481154582705	0.00864439237838474	0.0012196296177424	2.1397010837586e-05	
0.000511291009799744	0.00129953131657435	0.00747763101832126	0.0176501917341287	0.0349382190029825	0.0621538133787814	0.07993182786536	0.121218576906689	0.132381763953984	0.168960374946741	0.139614401363443	0.118236046016191	0.0682360460161909	0.0299637835534725	0.0118662121857691	0.00470813804857265	0.000852151682999574	
4.20729334301011e-05	0.000241919367223081	0.00393381927571445	0.014157542099229	0.0271265238290577	0.0442712442018239	0.0760994183416953	0.0968098198226626	0.129858109032007	0.133486899540353	0.159519527100228	0.13222471153745	0.0999126986631325	0.0503297466157584	0.0209733573149054	0.00760468271749077	0.0030818423737549	0.000326065234083283	
3.17077810894794e-05	0.000623586361426427	0.00567569281501681	0.0177140803686558	0.0306085780117107	0.0564398503392733	0.0846069292070941	0.1167374807111	0.139619929397341	0.141733781469973	0.144143572832773	0.121694463821422	0.0772295854736086	0.0387469084913438	0.0167205698945188	0.00571796985646944	0.00179677426173716	0.000158538905447397	
0.00012615245524216	8.41016368281068e-05	0.00116691021098998	0.00768478706516826	0.0243369111571334	0.0375513808437497	0.0685218086057	0.0926800037845737	0.139251285178138	0.141080495779149	0.135845168886599	0.138830776993997	0.104790639487821	0.0614993219305531	0.0304553052363782	0.011406284494812	0.00372149742964372	0.000967168823523228	
9.48336722759028e-05	0.000453094211984869	0.00161217242869035	0.0118225978103959	0.0305996649210246	0.0504515136507803	0.0769311823651518	0.109006037743802	0.156011927968557	0.140069333951508	0.137645806771124	0.124885409312667	0.082853018345047	0.0463736657429165	0.0210952235440397	0.00760776793146687	0.00227600813462167	0.000210741493946451	
0.000834916195286898	0.000751424575758208	0.00307875347012044	0.0176376046254357	0.0381139243148469	0.0623264939781669	0.0912667765972991	0.1258636164395	0.155711870421006	0.140015445949613	0.134974639420568	0.105355987392765	0.0694963368051932	0.034137635934793	0.0131081842660043	0.00534346364983615	0.00171157820033814	0.000271347763468242	
0.000622385470870319	0.000938679726558514	0.00802979287827773	0.0271911029486787	0.0505152535455566	0.0732068156310581	0.10142842567085	0.14411794714825	0.164289358228752	0.130078563411897	0.121783491480461	0.084154678094072	0.0538414447505357	0.0256810529537802	0.0096826854402612	0.00320375471890623	0.00123456790123457	
0.000173267831298286	0.000723648001304605	0.000835762480379966	0.0122918237968078	0.0358256721772632	0.0639562141998084	0.0829749067411379	0.121063252950649	0.159936400513688	0.154799518926963	0.130236255784088	0.101973214831726	0.0651996656950078	0.0430213832888273	0.0181625456102085	0.00628860305359072	0.00216075177854333	0.000377112338708033	
