# <P(U)> as a function of N_tot.
# number_of_species: 1
# species_total_upper_bound: 151
# species_total_lower_bound: 97
# volume: 729
# Bin widths for each
10	10	10	10	10	10	10	10	10	10	10	10	10	10	10	10	10	10	10	10	10	10	10	10	10	10	10	10	10	10	10	10	10	10	10	10	10	10	10	10	10	10	10	10	10	10	10	10	10	10	10	10	10	10	10	
# Bin lower bound for each
-250	-250	-260	-260	-260	-260	-260	-270	-270	-270	-290	-300	-300	-300	-310	-310	-310	-320	-330	-330	-350	-350	-360	-360	-360	-360	-370	-370	-370	-370	-380	-380	-380	-380	-380	-390	-390	-400	-410	-410	-410	-420	-440	-440	-440	-450	-450	-450	-450	-450	-460	-460	-470	-470	-470	
# Bin upper bound for each
-100	-100	-110	-110	-110	-110	-120	-120	-120	-120	-130	-130	-130	-130	-140	-140	-140	-150	-150	-150	-150	-160	-160	-170	-170	-170	-170	-180	-180	-180	-180	-190	-190	-190	-200	-200	-200	-210	-210	-210	-220	-220	-220	-230	-230	-230	-240	-250	-250	-250	-260	-260	-260	-260	-270	
# Normalized histogram for each
4.07248479945049e-06	3.66523631950544e-05	0.000385528561014646	0.00177696086749356	0.0063245688935466	0.0186737003004136	0.0477064444356961	0.0971355499415598	0.161244605654509	0.219007372554982	0.219087464756038	0.147153808248411	0.0625044967019661	0.017158735955018	0.00175388345363001	4.61548277271055e-05	
8.10973005411893e-06	7.97456788655028e-05	0.000590658672274996	0.00301411633678087	0.00923022442326303	0.0264336651114007	0.0637451814687262	0.116220541405578	0.180248211804523	0.223005411893189	0.200184631520899	0.120286219406043	0.0456348026362029	0.0104629033914891	0.000846115168979742	9.46135172980542e-06	
2.69497468071287e-06	7.27643163792476e-05	0.000163045968183129	0.00117500896079081	0.00448848033072729	0.0133576420049534	0.0355992680448767	0.0804369092952372	0.139596993486246	0.198626371405241	0.219244275200035	0.177325291528886	0.0922220335739946	0.0311997218786129	0.00622808648712745	0.000261412544029149	
1.4760603145082e-05	0.000175785364727794	0.000481732411734948	0.00168136688552616	0.0070032352558348	0.0194075093897564	0.0492776026633496	0.100699518401776	0.159315215363909	0.208720295963512	0.208203674853434	0.151739000331443	0.0695184151942965	0.0205199221176903	0.00312522224771781	0.000116742952147466	
3.09116933560019e-05	0.000212349893489057	0.00088165525397988	0.00325782368238907	0.00996431715397383	0.0270396677664958	0.0649683155143101	0.120544852195066	0.177520478996848	0.21249101208916	0.194492342635961	0.124254255397786	0.0496495554764097	0.0130810222362594	0.00156440048114723	4.7039533367829e-05	
7.6556926118537e-05	0.000506350195555938	0.00150830575493188	0.00517095027291873	0.014387329694417	0.037033405681867	0.0827150578071947	0.139113336485151	0.192816005501354	0.213029720204582	0.172218163063566	0.097718872222461	0.0350684445781579	0.00773359264193923	0.000885105514247647	1.88034555378863e-05	
0.000172696425318915	0.000863482126594575	0.00231656064275451	0.00781586243650371	0.020983964867071	0.050421959429832	0.0999696432064869	0.157650249263004	0.201662203093695	0.205565412144067	0.150875962141706	0.0742000984909301	0.0229645769949473	0.00403947732347525	0.000497851413614685	
6.67870614761544e-06	0.000351299943364572	0.00141855718575352	0.00367061689872944	0.0110572658979921	0.0297416142165611	0.0653377822421218	0.117674795097295	0.175008815892115	0.207357796988705	0.192941141898462	0.124018230196301	0.0545837296032314	0.0144179908314722	0.00222267340592642	0.000191010995821801	
5.86571251076492e-05	0.000635896560826106	0.00212498766867256	0.0056644119223273	0.0160133951543882	0.0411653037772522	0.0824359237564023	0.134836733224729	0.18963715235655	0.206427754418615	0.171461442272057	0.100073054783089	0.0394295861206577	0.0089318804141193	0.00101583475754611	8.79856876614737e-05	
0.000125632792539264	0.00107515221404654	0.00353887739826389	0.00867791983834366	0.0223626370719889	0.0537258718915802	0.100309188914691	0.154032415905376	0.197318863962167	0.198917706553535	0.150386420020842	0.0771226652137344	0.0267055643425041	0.00529509159291801	0.000398057584782298	7.93470268669033e-06	
3.42657121469314e-05	1.31791200565121e-06	0.000216137568926798	0.00171592143135787	0.00557344987189895	0.0117557750904088	0.0307337079717861	0.0678645608190032	0.117613103208325	0.172836252069122	0.203518561472688	0.184473415079022	0.12800615728489	0.0559400929918711	0.0169285797125898	0.00268063301949455	0.000108068784463399	
7.90040226214852e-06	7.90040226214851e-05	9.08546260147079e-05	0.000621498311289016	0.00287969662455313	0.00774502768432626	0.0164486375097932	0.0404579599844625	0.0844553001823676	0.137144399602346	0.187060457828311	0.200924347064671	0.166130975502169	0.103673028685044	0.0404289918428347	0.0104746166658986	0.00135755245537919	1.97510056553713e-05	
2.62542646771185e-05	8.6639073434491e-05	0.000164089154231991	0.000976658645988808	0.00378455225320663	0.01033236586368	0.0230158011291959	0.052763195721605	0.10185998338105	0.157633230547887	0.195484003932889	0.193555628192355	0.145855567413732	0.0793876455306709	0.0282246472411362	0.00615662506678429	0.000678672741903513	1.44398455724152e-05	
3.95285040042375e-05	0.000193689669620764	0.000343897984836866	0.00162198628097388	0.00568683410940963	0.0142948246647324	0.0313092104049564	0.0681405528193047	0.120256250115291	0.172997815391345	0.203432128241008	0.17901010085039	0.122083784617087	0.0585127268606726	0.018134360020344	0.00367746848919422	0.000262205743228108	2.6352336002825e-06	
2.66609789911486e-06	4.93228111336248e-05	0.000205289538231844	0.000505225551882265	0.00230484163378479	0.00847419217233657	0.0189119654473712	0.0428948490988589	0.086548203050016	0.136937453343287	0.184653940492695	0.198335021862003	0.164770182361096	0.0998906899861363	0.0416671110163165	0.0116521808680815	0.00206489282286446	0.000131971846006185	
2.93545077182341e-05	0.000176127046309405	0.000468337827686371	0.00104075072819194	0.00360393297031592	0.0124863401466925	0.0256518368583205	0.0554893596581	0.103718815839159	0.156348779586342	0.194648406383805	0.188114359824887	0.144173330362301	0.0773517964291576	0.029036945316555	0.00655005810858232	0.00108878537718541	2.26830286913627e-05	
5.63245042437832e-05	0.000252119209472172	0.000685281468299362	0.0016924172465632	0.00625604314993449	0.0185616062675763	0.0352805966106059	0.0711955144237668	0.12231268414425	0.169995400165487	0.197472370819079	0.174109771094533	0.120475432458203	0.0579766897016008	0.0193501493269892	0.00390248350831926	0.000417069543328966	8.04635774911188e-06	
3.74663137696732e-05	7.49326275393463e-05	0.000362620393985051	0.00123237410649532	0.00316991776144128	0.00925685566637853	0.0248334756161201	0.0477294075772943	0.0888915055838188	0.14016817022552	0.181731693022434	0.194060786417926	0.155292518244757	0.0971367707784162	0.0418471963154557	0.0116118811033294	0.0023898155854513	0.000172612659867423	
5.37331798355496e-06	0.000134332949588874	7.92564402574357e-05	0.000550765093314383	0.00172214841372936	0.00504017226857455	0.0144031788549191	0.0335926407036897	0.0620967492769529	0.105792571119222	0.157826439142472	0.186691903350129	0.184537202838724	0.134617735442002	0.0764609715764912	0.0291314434478432	0.00602348945956511	0.00121839985277109	7.52264517697694e-05	
5.66297225143597e-05	0.000186069088261468	0.000283148612571798	0.000973491896556374	0.00265485532454224	0.00769085564814066	0.0211161448642235	0.0433190410700321	0.0781018256343877	0.124784941887118	0.169535905940728	0.190936547744249	0.166600598657067	0.112566405091282	0.0571164684626379	0.0199754604535771	0.00344901976646981	0.000644500175282474	8.08996035919424e-06	
1.20841540487958e-05	0	8.59317621247702e-05	0.0002873343296047	0.000308817270135893	0.00169849498574741	0.00406430381174499	0.0112758584113097	0.0282433533796022	0.0550876302571105	0.0950982643126735	0.141975383235519	0.176023158609893	0.187805208807469	0.150114732329274	0.0914448217385875	0.0417494095548063	0.0125111274918533	0.00185290362081536	0.000358496570114276	2.68536756639907e-06	
2.82124965238174e-05	0	0.000288842226315273	0.000278094608591914	0.000608583853585204	0.00234969792476936	0.00625511351499494	0.0165567051028346	0.0370927156677428	0.069374528952067	0.11355664196058	0.155239933848413	0.182987595905695	0.177873073321592	0.129265628715485	0.0711559465897137	0.0284905911324093	0.00748571574431955	0.000994154639410708	0.000118223794956949	
2.13892019287713e-05	7.08517313890549e-05	9.35777584383744e-06	0.00038767928495898	0.000356932307186371	0.000947809010468678	0.00337815707962531	0.00986576938964575	0.0236658151090649	0.047561564138864	0.0843336127297835	0.130976778010831	0.1672836114598	0.181881741776186	0.162810594606445	0.109028783181671	0.0524329548781417	0.0202662688275108	0.00422837785629397	0.000489277994120643	2.67365024109641e-06	
0.000114242551721635	8.87059813367991e-05	2.15044803240725e-05	0.000475786627170104	0.00041799333629916	0.0015281621330294	0.00548229845261824	0.0149899668158988	0.0329851847570867	0.0599733075637977	0.099698802872461	0.146788238662099	0.173307294991741	0.175455054964108	0.147280153649512	0.0887543664175283	0.0370885084089238	0.0131056367275019	0.00215716818250852	0.00028762242433447	
8.20521098153155e-05	0.000146617704424088	6.72558277174717e-05	0.000539391738294123	0.000683319209609513	0.00272117078944891	0.00858587896641244	0.0211492675840362	0.043163445112519	0.0726658864990651	0.117521488236956	0.157766030426536	0.172897246546413	0.167990261356147	0.129433840442274	0.0696783826318551	0.0261006416205964	0.00765774854391133	0.000994041133664232	0.000156033520304534	
0.000112864694042625	9.80847936322815e-05	0.000233791151945438	0.00066509551846547	0.0013113802545905	0.00396101330997213	0.012295533514096	0.0282000499829359	0.0532398885326784	0.0903374385626412	0.13714269590758	0.166204010996246	0.170550645344197	0.154943070510874	0.108299048443139	0.0500837079814149	0.0174765604215765	0.00429288925554985	0.000468925931200907	8.33048932219377e-05	
9.37396635281735e-06	8.30265591249536e-05	0.000170070532401115	0.000413793657574366	0.000930700945029722	0.00231403055109548	0.00554269239061586	0.0178118752084034	0.0363053716844616	0.0672702608239181	0.107360036638817	0.149154535191878	0.171839533765696	0.166886062117258	0.136997839970325	0.086701153935258	0.0360080830372722	0.0117013882844169	0.00223903882027294	0.000246401401274056	1.47305185544273e-05	
3.61186135268221e-05	7.62504063344022e-05	0.000211360775453255	0.000583248722136831	0.00115312018000447	0.00329080701022157	0.00879153807771388	0.0243131778092589	0.046451212448347	0.0793579448241358	0.125571041968491	0.160892370544869	0.174127835812809	0.158120601388292	0.116342067349175	0.0670468485171971	0.0251974149774526	0.00722773588464517	0.00110763748148921	0.00010166720844587	
3.89515845235953e-05	6.71579043510263e-05	0.000522488495850985	0.000796492745603172	0.00217457294288623	0.00459763013187126	0.0128553660508735	0.0325030825478097	0.0599290275266818	0.0948914325318261	0.139319072576204	0.165624823710501	0.172272113083166	0.145537894519109	0.0973453823568126	0.0505067735462328	0.0163771265550413	0.00409260269115154	0.000499654808371636	4.83536911327389e-05	
0.000106549129938687	0.000182077627110415	0.00076202858753618	0.00119361999994605	0.00300090903941239	0.0077821326550155	0.0182576654681013	0.0408838452636889	0.0740664812621891	0.111733621780261	0.149774358614699	0.172954863630601	0.163868515676209	0.127310025598766	0.0784511802676406	0.0357829742582697	0.0111903560898897	0.00249513785299457	0.00017533401129151	2.83231864393978e-05	
1.217117541098e-05	0.000127121165403569	0.000534179365259679	0.000635605827017846	0.00192710277340517	0.00477786252522138	0.0109270108134132	0.0238690273337553	0.0524442424930895	0.0909443750236662	0.129015811709212	0.158710775006356	0.172704922023336	0.151627150917166	0.109264698722838	0.0601729388790618	0.0244775861043043	0.00637363885688321	0.00132530576697338	0.000120359401286358	8.11411694065335e-06	
7.1999619624651e-05	0.000126338955190425	0.000647996576621859	0.000805580649762605	0.00269251407728412	0.00633460804358015	0.014736827805438	0.0331035232266697	0.0646801111239412	0.106055439707111	0.140146580357689	0.165546144284521	0.1692778981545	0.139165755350726	0.0918307601393804	0.0438002214327924	0.0165096486282714	0.0038648852421157	0.000542034872268599	6.11317525114962e-05	
4.36407277091346e-05	0.000144559910536508	0.000715980688977989	0.00131467692223768	0.00370809808253553	0.01002100210021	0.0208084444808117	0.044836756402913	0.079896626026239	0.11989198919892	0.150534598914437	0.167115347898426	0.15897226086245	0.12564438262008	0.0720112920382947	0.0310067370373401	0.0104001309221831	0.00266208439025721	0.000248206638845703	2.31841365954777e-05	
6.76000066220415e-05	0.000314546969588275	0.000876040902142782	0.00199351039936428	0.00517346989454399	0.0140552830094971	0.0293453008338254	0.0589002996473763	0.0952097807552438	0.132813319132733	0.158099860385292	0.167283804142087	0.147173491968016	0.103720483629762	0.055636185041912	0.0213878143400308	0.00635026184655626	0.00145271034638795	0.000107608173806515	3.86285752125951e-05	
4.29798036516196e-05	0.000447821825144294	0.00114797669108197	0.00312920699489372	0.00819527804466849	0.020361335368635	0.0386624130525504	0.0719260081883458	0.111406423955556	0.145834633125782	0.160686234955336	0.162779767326753	0.129958448234986	0.0840074923502882	0.0432099535679476	0.0136758962328895	0.00378776850245886	0.000682131077309575	5.82307017215491e-05	
8.30948971423665e-06	6.50910027615204e-05	0.000583049194948938	0.00153448576722903	0.0052142047956835	0.0117260749017403	0.027599970085837	0.0502821071757983	0.0873202726620558	0.125068899518881	0.155297438184321	0.160855101888193	0.151056828600156	0.114416133705229	0.0659911974805627	0.032058011317525	0.00869726590090102	0.00195549991275036	0.000256209266188963	1.38491495237277e-05	
2.93132328308208e-05	0.000237297599106644	0.000852875488553881	0.00249162479061977	0.00845477386934673	0.0173297040759352	0.0365787269681742	0.064892518146287	0.103979620323841	0.137582356225572	0.15892099385818	0.1592797319933	0.137465103294249	0.0941038525963149	0.0490647682858738	0.0217518146286991	0.00565047459519821	0.00114042434394193	0.000185650474595198	8.37520938023451e-06	
5.63871882669539e-06	7.61227041603877e-05	0.000202993877761034	0.00135611187782024	0.0044898298657562	0.0115043960861653	0.0228311725292896	0.0459541487578607	0.0795341290505384	0.118625956996311	0.148382885924489	0.159458739379826	0.151554665264505	0.12367824906503	0.0763440238743355	0.0372817992024032	0.0146874528638348	0.00334235058452369	0.000572329960909582	0.000117003415653929	
1.40791331759286e-06	9.85539322315004e-06	0.000194292037827815	0.000263279790389865	0.00201613187079298	0.00683682707023094	0.0144536381184083	0.0297618796205955	0.057369651865274	0.0953354423874831	0.131935556991627	0.156928834205536	0.159519394709907	0.142532920533149	0.104153203495567	0.0604572057707551	0.0265138235969088	0.00952171776688053	0.00184577435936424	0.000322412149728766	2.67503530342644e-05	
3.96434356133972e-05	3.68117616410117e-05	0.000378028475313466	0.000700839308165415	0.00304829703127301	0.00907409924450938	0.0205352996477398	0.0395202577955984	0.0689328553467668	0.11089826361752	0.144729688402596	0.161780613227315	0.153308244701938	0.130431150679035	0.0860050177262791	0.0444289646267287	0.0198387078505329	0.00528248779548518	0.000859413050619004	0.000169900438343131	1.41583698619276e-06	
0.000109461294059948	0.000199020534654451	0.000541620169309612	0.00144147730099723	0.00442678532081399	0.0131808456951148	0.0271691461308276	0.0501190569269808	0.0839269594637818	0.126211715201615	0.150750947124509	0.161640213520602	0.144444839326458	0.115929461436217	0.0687004669874688	0.0336799607645232	0.0137466326436324	0.00311040664159956	0.00057147324950778	9.95102673272253e-05	
3.54043459542746e-05	0.000134536514626243	0.00043193302064215	0.000647191444044139	0.00248821743366642	0.00703555162803344	0.017774397842884	0.0363446853828201	0.061688532390728	0.0982541408923028	0.139546937665692	0.158498175968096	0.158971178030046	0.134263193075476	0.0968025627081776	0.0522950513221399	0.024110359594861	0.00872079849545692	0.00168949538893798	0.000223755466431015	4.39013889833005e-05	
5.68647883279335e-06	0	4.26485912459502e-05	0.000235988871560924	0.000769096262135301	0.00131073337095887	0.00383126511359452	0.0109606879502092	0.0239386542663518	0.0455785494645469	0.0758462546717978	0.113510647220805	0.150377511113512	0.162883499686533	0.149746311963072	0.119852492739077	0.0791785312678147	0.0385216292330504	0.0168191827676945	0.00570638150870813	0.000709388234390971	0.000169172745275602	5.68647883279335e-06	
2.40094682044025e-05	1.55355382499075e-05	0.000121459662681095	0.000337544876520717	0.00114962983049315	0.00253794202137125	0.00594869882805549	0.0151485621153189	0.0312801001053592	0.0559858428876894	0.0894903496061035	0.129620057227274	0.157408898191381	0.161273010250631	0.141470848268635	0.10441152793431	0.0608894236880238	0.0282549071116045	0.0108551042717081	0.00340369519838882	0.000268341115225675	0.000104511802772105	
4.07466471832124e-05	8.4303407965267e-05	0.00010116408955832	0.000587313742158027	0.00163970128492444	0.00393696915197797	0.00874085834919877	0.0209957637537497	0.0412004805294254	0.0697231335576741	0.104533415763332	0.143037592294669	0.160002248090879	0.156215620016439	0.128361774024715	0.0855482882895541	0.0469007959646769	0.0194333405927935	0.00699858791791658	0.00170573895449724	0.000160176475134007	5.19871015785813e-05	
3.96954789684846e-05	0.000180047351035627	0.0001205041325829	0.00023391978677857	0.0007570494917561	0.00238314643378652	0.00571756666713923	0.0125622013978479	0.028015084282008	0.0522123141046543	0.0825892793852872	0.116961311084963	0.155081730155805	0.161713710534897	0.145072798673037	0.113245530714377	0.0693508371492975	0.0343720316996753	0.0142138168620724	0.00445439981853495	0.000640798446205538	6.37963054850646e-05	1.84300438067964e-05	
4.54986869363317e-05	0.000109481215440548	0.000170620076011244	0.000645512620909206	0.00160098504657217	0.00307400503613591	0.00757126587299895	0.0186473524740622	0.0372449407592878	0.0642953319769037	0.0968652826534834	0.127797280600355	0.158680936192357	0.157697027087359	0.133747655751247	0.0977752563922101	0.056141114177533	0.0256641031000246	0.00961728495116711	0.002331807705487	0.000265882951784188	1.13746717340829e-05	
2.42496169986962e-05	7.98810912898229e-05	0.000425081521506557	0.00117539320040739	0.00241069721928215	0.00508671377749122	0.0105685536672553	0.0254706565369835	0.0488101996741993	0.0758670664525093	0.110787941378691	0.143828757763444	0.159173059531383	0.14923927525027	0.120407907086879	0.0797427258281244	0.0427720450415239	0.0165796057868145	0.00594971485303306	0.00142930095486433	0.00017117376704962	
1.14894160935124e-05	0.000219735082788424	0.000703726735727632	0.00134138932891757	0.00426400954770477	0.00727423656420501	0.0165260888735058	0.0332877107769287	0.0602189021001216	0.0921522979550276	0.125751659143493	0.148708948675342	0.157249893363857	0.138038153478493	0.10491703923492	0.062960564015436	0.0307370604041689	0.0110456373969004	0.00362060224646808	0.000874631800118628	9.6223859783166e-05	
7.19000301980127e-05	0.000356624149782143	0.00103248443364346	0.00242159301706907	0.00590299247925684	0.0101148962482564	0.0214808530219583	0.0435124602752333	0.0729051926201809	0.107115226988395	0.133803080197294	0.154980515091816	0.152781812168361	0.123157561726176	0.0884039631296645	0.0503774751585396	0.0215915790684632	0.00721301102946463	0.00232237097539581	0.000432838181792036	2.15700090594038e-05	
4.30922418164242e-06	0.000179551007568434	0.000680857420699502	0.00129707647867437	0.00435662564764048	0.00774367585441142	0.0150320103536293	0.0279280819212245	0.0546481446635286	0.0851502698292542	0.119767704088448	0.145535428286609	0.156732229118577	0.143760027923773	0.107665966178336	0.071831894291858	0.0362851040174897	0.0151569778548969	0.00468412668544531	0.00138757018648886	0.000172368967265697	
4.60587392859456e-05	0.000464905399667513	0.00116298316697013	0.00235763171719934	0.00607399624333408	0.0110728087914619	0.0202370585737624	0.0359430886702698	0.0646938173339187	0.0982288975408951	0.132965822976114	0.152753808841839	0.153083416694854	0.131540880729455	0.0934747720452239	0.056721337430642	0.0254819975099494	0.0101890567314128	0.00279662907601851	0.000646261685605924	6.4770102120861e-05	
5.69553114387624e-06	0.000202191355607606	0.000707669744626622	0.00179409231032101	0.00359103238621397	0.00804208997515325	0.0145378432447441	0.0251144445789223	0.0465139789692513	0.0791835456105253	0.113839428738226	0.141064067605955	0.153332241689864	0.146934736332505	0.114827603391689	0.0794654744021472	0.0440093691487317	0.0181829831768249	0.00634482169427813	0.00193220894056001	0.000346003516990481	2.84776557193812e-05	
8.89585495520302e-05	0.000385487048058797	0.000611413523111572	0.00243435776869365	0.00535728153968893	0.00974166719618184	0.0190978473443049	0.0324854030316509	0.0575745380862616	0.0942890023228066	0.128989896850444	0.146140540387888	0.152363402735122	0.136862022465564	0.0984291049781487	0.0656019881529805	0.0323060738920777	0.0117792415930641	0.00428695486412641	0.00101808117820657	0.000131319763624425	2.54167284434372e-05	
8.90939148856133e-05	0.000731135777712097	0.000776389829717487	0.00357224173017554	0.00712185643434839	0.0116557467696385	0.0249137698180929	0.042190918360276	0.0719935399840762	0.110705553096438	0.138347293736981	0.15139318841666	0.148970682445246	0.122945359974771	0.082039939529273	0.0496408666716635	0.0220783206221301	0.00779218207967824	0.00254978299267874	0.00042425673755054	6.78810780080863e-05	
