# <P(U)> as a function of N_tot.
# number_of_species: 1
# species_total_upper_bound: 151
# species_total_lower_bound: 97
# volume: 729
# Bin widths for each
10	10	10	10	10	10	10	10	10	10	10	10	10	10	10	10	10	10	10	10	10	10	10	10	10	10	10	10	10	10	10	10	10	10	10	10	10	10	10	10	10	10	10	10	10	10	10	10	10	10	10	10	10	10	10	
# Bin lower bound for each
-240	-240	-260	-260	-260	-260	-260	-260	-270	-270	-270	-280	-280	-280	-310	-310	-310	-320	-330	-330	-350	-350	-360	-360	-360	-360	-370	-370	-370	-370	-380	-380	-380	-380	-380	-390	-390	-400	-400	-400	-410	-420	-440	-440	-440	-450	-450	-450	-450	-450	-460	-460	-470	-470	-470	
# Bin upper bound for each
-100	-100	-110	-110	-110	-110	-120	-120	-120	-120	-130	-130	-130	-130	-140	-140	-140	-150	-150	-150	-150	-160	-170	-170	-170	-170	-170	-180	-180	-180	-190	-190	-190	-190	-200	-200	-200	-210	-210	-210	-220	-220	-220	-230	-230	-230	-240	-250	-250	-250	-260	-260	-260	-270	-270	
# Normalized histogram for each
1.29770021567778e-05	0.000526866287565177	0.001868688310576	0.00707506157587523	0.0203790841870038	0.0482303262158802	0.094968297183731	0.159679416138719	0.214805721300711	0.215407854200785	0.148521789684321	0.0671040781526978	0.0197484018821844	0.00158319426312689	8.82436146660888e-05	
4.91367449751213e-05	0.000845669242466561	0.00322750830152376	0.0100730327198999	0.0283441434172279	0.0638622516008234	0.115248942266911	0.179338774581303	0.21664390859531	0.196350432920585	0.124197002141328	0.0490229546183368	0.0119479874623716	0.000830152375632312	1.81030113066236e-05	
5.17491202649555e-06	4.65742082384599e-05	0.000152659904781619	0.00141533843924653	0.00478420616849514	0.0145544400745187	0.0376034982405299	0.0813832539846823	0.138801490374664	0.196721693231215	0.212168805630304	0.17429879942041	0.0970632374249638	0.0337145518526185	0.00700165597184848	0.000284620161457255	
2.83036102541407e-05	9.26299971953695e-05	0.000416834987379163	0.00195552216301336	0.00764969393505093	0.0215853624019988	0.0501205476491279	0.10082775194716	0.159506282114949	0.20563859377372	0.201014813080385	0.14921663325983	0.0758330910372759	0.0223469868233829	0.00361256989061941	0.000154383328658949	
5.91618565505036e-05	0.000149190768692574	0.00103147410768487	0.00365260157833544	0.0107417353458654	0.0291976623349899	0.065363562469776	0.120618164233314	0.176297188011236	0.208434937391322	0.188199010196417	0.124690043316768	0.055336913911782	0.014427776234425	0.00171826609459724	8.2312148244179e-05	
0.000128147297629788	0.000650988271959321	0.00200422373492988	0.00557440744689576	0.0157877470679898	0.0383493602886902	0.0827216435659805	0.139093639793324	0.192023599606332	0.20979506684163	0.165835417862708	0.0995038136635775	0.0387363651275322	0.00882934880669236	0.000938038218650045	2.81924054785533e-05	
0.000188661203244973	0.000715878812313116	0.00284284004889685	0.00851818254651274	0.0224480987861073	0.0515742872870777	0.100683056931749	0.157224561104262	0.200063576241093	0.201735683069854	0.146411431318277	0.0762139573108801	0.0259732204467394	0.00492845088476936	0.000478114008223561	
0.000406888257668427	0.00125671816292527	0.00465346254181549	0.0113233396770131	0.0309312333092119	0.0685040160901129	0.117904886006907	0.172461390682259	0.206019370971356	0.187941171168619	0.121960892372905	0.057149773507454	0.0166463651744855	0.00274520811819331	9.5283959074252e-05	
5.67315899543826e-05	0.000954122194687344	0.00211711978875219	0.00639261870440521	0.0170504214899263	0.0435672823763316	0.0849761856257623	0.134667901008533	0.186579884525427	0.203480740914565	0.167314352318646	0.100270506535737	0.041037569206093	0.0102348945694975	0.00119394209767633	0.000105727054005895	
0.000143449604360868	0.00153183684656784	0.00383983851673109	0.00980068189794073	0.0243480087401795	0.055312630481504	0.100107331043263	0.154497785496733	0.196746255581086	0.193956673096283	0.146369828449643	0.0779494903696645	0.0289614504804281	0.00598645938198836	0.000440595213394095	7.68480023361793e-06	
0.00021047768166534	0.00238712492620447	0.0059575451115275	0.0130675838702225	0.0336379270515157	0.0702199748453502	0.114007033034729	0.172576298159604	0.204597140583691	0.177460920454837	0.125157216561	0.0590980261300341	0.0186760440463051	0.00279781308555148	0.00014887445776329	
2.06093143796339e-05	0.000726478331882094	0.0036478486451952	0.0082128117802841	0.0179507128246611	0.0436505278560645	0.0848202094936807	0.131108729590338	0.187792072627224	0.201015523966056	0.160922679004776	0.102961558476353	0.0438102500425067	0.0119688593259724	0.00135506242046093	3.60663001643593e-05	
8.89878773085998e-05	0.00125091530388089	0.00436803352046213	0.0115963916687007	0.0248250752583191	0.056405601659751	0.100507993653893	0.152499796599138	0.196314884875112	0.191649377593361	0.141109348303637	0.0805441990074038	0.0308330282320397	0.00708343503376454	0.000894963794646489	2.79676185827028e-05	
0.000247606260098889	0.00209827160619884	0.00669557959009677	0.0163164867479598	0.0339526893358281	0.0705065207236229	0.116500021697456	0.169842578576698	0.20573527572361	0.17563962823324	0.11840939780626	0.0596705560419756	0.0198646589287583	0.00414804301712057	0.0003675804273633	5.10528371337916e-06	
5.16200967360613e-06	3.35530628784398e-05	0.00012646923700335	0.000431027807746112	0.0030352616880804	0.0100968909215736	0.0210919715263546	0.0457328247033135	0.0890575718938897	0.131744810889776	0.182425421865241	0.200149182079567	0.159333171590364	0.0983337032773599	0.0433737862824755	0.0125514265213733	0.0022764462660603	0.000201318377270639	
5.64438332546541e-05	5.90094620389565e-05	0.000466944438743047	0.00112631103630878	0.00472075696311652	0.0148498594035426	0.0282347447712485	0.0589401900617803	0.105406292974282	0.153111594589602	0.192873709488721	0.188186305699801	0.136655651567086	0.0771715482030336	0.0300896943822992	0.00687845077071489	0.00112887666509308	4.36156893331418e-05	
3.83977391411194e-05	8.1915176834388e-05	0.000757715385718089	0.00214003399479839	0.00763603039053061	0.0209062890377015	0.0381084761729229	0.0717397759619914	0.123264422190821	0.166797218979746	0.196302041735783	0.17336835207143	0.116058446478671	0.0591504372222564	0.0196417234953206	0.00362474657492167	0.000368618295754746	1.53590956564477e-05	
7.11403802961472e-05	0.00010925129831194	0.000188013862211246	0.0015727105501184	0.00374757360488633	0.0113850015752513	0.0270282630568005	0.050578269662693	0.0903203349695621	0.138644979013588	0.179822555565718	0.191865605658709	0.155505249143775	0.0933717491386933	0.0416171224732461	0.0118956878766629	0.0021443743203553	0.000132117849121416	
1.0179256710675e-05	0.000254481417766875	0.000119606266350431	0.000363908427406631	0.00186025916387585	0.00612027809729334	0.016686346562974	0.0353042070867985	0.0660888241940573	0.106421584095929	0.155045348588646	0.182824540152078	0.18583505532426	0.131302232310997	0.0744510835818769	0.0296954366392166	0.00644601431203494	0.00109681491057523	7.37996111523937e-05	
0.000107853811861865	0.000323561435585595	0.00031072169607823	0.000767816422540419	0.00291205292027035	0.00853072292869322	0.0248859831131746	0.0450777574624566	0.0813628613102697	0.126538200792982	0.163187953242805	0.190138566468763	0.165653183228219	0.110121309858866	0.0553700926515603	0.0204973601495573	0.0037055488218255	0.000493045997082811	1.54076874088378e-05	
2.29304620997679e-05	0	0.000129939285232018	0.000456061412873161	0.000234400279242072	0.00141404516281902	0.00394403948116008	0.0124818148696403	0.0324593430167825	0.0572420768883872	0.0969474459286965	0.142686074330367	0.172210318198379	0.185711264716898	0.149850569821983	0.0875434086386694	0.0415550929830238	0.0129327806242691	0.00197966322794663	0.000193635013286929	5.09565824439286e-06	
5.35781258371582e-05	0	0.000367392862883371	0.000415868310069371	0.000426073667371687	0.00186247770767264	0.00551599562190172	0.0188390895800751	0.0403800475059382	0.0725881551520471	0.115710892432983	0.154600957772783	0.179313230480341	0.17889225949162	0.127822100211506	0.0659903916560999	0.0285724491071588	0.00758768315427184	0.00104604912348737	1.53080359534738e-05	
4.06966244693542e-05	0.000134807568554736	1.78047732053424e-05	0.000478185337514911	0.000440032252074892	0.000600275210922974	0.00242144915592657	0.00915928404463402	0.0262213438534108	0.0500008902386603	0.086589699175639	0.134481995558981	0.168255106790486	0.179347480497415	0.162453294264574	0.105956205344993	0.0484467878917368	0.0205594259741119	0.00391959364420467	0.000475641798485577	
0.000216759873412234	0.000168307666414205	4.08018585246558e-05	0.000527874044662734	0.00036211649440632	0.00102514669543198	0.0042994958420356	0.0155710092594718	0.0348600878770028	0.0621692818107865	0.102726329184294	0.150668512950765	0.1742468869457	0.173423199426734	0.146583226865984	0.0836718612532801	0.0339700973379337	0.0130642450763632	0.00214464768870222	0.000260111848094681	
0.000155448864968452	0.000191125653649735	9.68369978491993e-05	0.000718632457723005	0.000560635250705891	0.00199025514000591	0.00720161462952203	0.0223336697144838	0.0449553020804664	0.0759762698388429	0.120763381344098	0.163300306820383	0.171062556700611	0.165914905762311	0.125946709071078	0.0653853602845988	0.0247673363709571	0.00744115878209637	0.00108049702863317	0.000157997207017115	
0.000213320872685532	9.90418337468542e-05	0.000330139445822847	0.000761860259591186	0.0012189764153459	0.00310838985913204	0.0112120434869836	0.030106177924845	0.0551612223286005	0.0934878724544344	0.138630632369411	0.172188037270204	0.167781945435568	0.152933288976136	0.103313330268962	0.0476492801690314	0.0168777442841434	0.00431466860348475	0.000579013797289301	3.30139445822847e-05	
1.75560476822255e-05	0.000155496422328283	0.000110352299716846	0.000564301532642963	0.000915422486287473	0.00200891345620895	0.00435139181838018	0.0173503911236623	0.037793154646208	0.0685613822127141	0.110003686770013	0.151756984171969	0.176834544282622	0.166601876490697	0.13329053001708	0.0822174793026738	0.0340863205784467	0.01078442929051	0.00230736626680678	0.000285912776539101	2.5080068117465e-06	
6.78107427285536e-05	0.000138132994447054	7.53452696983929e-05	0.000768521750923607	0.0013034731657822	0.00262452689449402	0.00825533004995391	0.0235253047088282	0.0472967372986712	0.0790849065844231	0.128210022427775	0.166518069051428	0.176657030843842	0.157328457657214	0.11204343905949	0.0651887273430495	0.0227994786107337	0.00665298731436809	0.00130849618376209	0.000153202048386732	
7.32984028530771e-05	0.000121321494377507	0.000391767325594033	0.000707708717202124	0.00232280111110269	0.00401371943898919	0.0125946876350649	0.0312352297399423	0.0604484345735929	0.09471417414184	0.141048874869516	0.171073417196816	0.173909307127891	0.147170555273315	0.0928918241950445	0.0472951625581648	0.0151677143283212	0.00404404981258357	0.000702653654936395	7.32984028530771e-05	
0.000200327116430627	0.000256114414677131	0.000502085684218534	0.00117406904946051	0.00311648134295242	0.00727770663488481	0.0188561068073183	0.0408185518124532	0.0747067997109204	0.112905884292072	0.151962064637192	0.179947002066666	0.161788236487429	0.128120601995664	0.0717221792547324	0.0332390866097805	0.0102268260830977	0.00290601108138606	0.000238363910689607	3.55010079750479e-05	
2.29407491429081e-05	0.00023960337993704	0.000402737596064387	0.000433325261588265	0.0021972139734652	0.0045193275811529	0.00971158380383111	0.0248907128200553	0.0537017447714209	0.0914851586097906	0.131236378930196	0.162234428966519	0.176580044097218	0.146973732842231	0.109057772453258	0.0555166129258377	0.023478582261703	0.005742834202108	0.00140958158622535	0.000165683188254336	
0.000135273443781122	0.000227157292387168	0.000520675142100924	0.000617663648962861	0.00261103269788846	0.00656459051707636	0.0136166758975903	0.0336779828432436	0.0666106855811271	0.105982914708818	0.145207108747087	0.166700272333518	0.170268428454386	0.135931944696132	0.0916184063767391	0.0400256253844446	0.0159239814292533	0.0031214985234776	0.00055896007902011	7.91222029663169e-05	
8.11295258232745e-05	0.000197753219194232	0.000613542039038514	0.001229619375759	0.00393731730011079	0.00983695500607204	0.0210505766534578	0.045853393876242	0.0814362968427938	0.12139765890612	0.155254024151246	0.168972519908425	0.156179407805167	0.124224515821525	0.0700350631669417	0.0280150393858495	0.0093603190418603	0.00202570284789989	0.000273812149653552	2.53529768197733e-05	
0.000126095616504629	0.000483795426589191	0.000764293838813775	0.00212303844114937	0.00542211150969907	0.0136981013602886	0.0296041626993726	0.0594399295923251	0.0968543003751988	0.136564126054442	0.16162627317972	0.168710788123337	0.142480326510445	0.102824541809704	0.0526076058817172	0.0200594965439508	0.00533204321219576	0.00110397998939767	0.000102935197146636	7.20546380026454e-05	
7.97003267713398e-05	0.000596466961643575	0.000884416529333577	0.00330370709358618	0.00819884974431621	0.0204084256100289	0.039988996212949	0.074213859115532	0.112074085310201	0.14814491061994	0.163941001190363	0.163753319775708	0.127044891851799	0.0811323616749409	0.0392382705543286	0.0129834403288795	0.00339112035520636	0.000552760330833485	6.9416413639554e-05	
1.54036922650359e-05	0.000118094974031942	0.000713704408279998	0.00164819507235884	0.00555046377950128	0.0114834525835843	0.0275315326417075	0.0527114349309529	0.0909356972866396	0.126600379444286	0.157990536998385	0.163769488879818	0.148969107895162	0.109225014569326	0.0627212676211821	0.0295288780720739	0.0084027141305771	0.00185357763589266	0.000207949845577985	2.31055383975539e-05	
5.44610046239986e-05	0.00041753436878399	0.00095177089033369	0.00291236705679764	0.00883564965495063	0.0173860273809184	0.0379541334605819	0.0686986672614154	0.107633098805229	0.137436235240419	0.161941093940046	0.158512644029907	0.132749995461583	0.0911443813100206	0.0462322061634297	0.0203372951553046	0.00569247167379414	0.000972517939714261	0.000121888915110854	1.55602870354282e-05	
1.04687925294697e-05	0.00014132869914784	0.000290508992692783	0.00155985008689098	0.00511138795251356	0.0120364942107577	0.0230784531312158	0.048331797910429	0.0848469462532192	0.12114224995289	0.148868846967191	0.162789723833253	0.150009945352903	0.117588094889135	0.071931073469986	0.0341910764012479	0.0140700571596072	0.00349657670484286	0.000389962521722744	0.000115156717824166	
1.56818057076545e-05	0.000360681531276055	0.000300567942730046	0.00256920250177074	0.00705419893415994	0.0146128292852494	0.0300750897129968	0.0615223374254134	0.101785373579816	0.133062735063733	0.159235668789809	0.160681008549198	0.138998298524081	0.0984712853069321	0.056757682124571	0.0238912309956117	0.00850215232783338	0.00185306670778785	0.000214318011337946	3.65908799845273e-05	
1.83688946386445e-05	0.000593052884047665	0.000839720897766605	0.0040044190312245	0.0094206188218191	0.0206335169348088	0.0401071693795775	0.0742365756181789	0.115705667328822	0.144508094122216	0.162785144287667	0.156138228556284	0.125139406789668	0.0810068253564222	0.0421487408122725	0.0171775406149381	0.00453449284793967	0.000892203453877018	0.000107589240026346	2.62412780552064e-06	
6.26656396464614e-05	0.000104442732744102	0.000723265924252908	0.00192696841912869	0.00488791989242399	0.0135383892319543	0.0261811820306278	0.0525921380732927	0.0890896510307192	0.130472472812251	0.148434011775918	0.163288379440448	0.14682298262334	0.110865960807865	0.0648041045993968	0.0301787276264083	0.0123399088737157	0.00300533963471154	0.000587490371685575	9.3998459469692e-05	
6.45754551278077e-05	0.000144649019486289	0.000364205566920836	0.000857562044097287	0.0035051557043374	0.00761215465046598	0.0176342652863017	0.036061517161573	0.0647356022565247	0.101448040005786	0.143561568821937	0.154309507573409	0.162420184737462	0.133208831855847	0.0936886533176286	0.0490747628789288	0.0218316698696092	0.00778005083379828	0.0013638336122993	0.000278965966152129	5.42433823073585e-05	
1.0342197458405e-05	0	7.49809315734361e-05	0.000149961863146872	0.000736881568911354	0.00170646258063682	0.00485307615735653	0.0115186224192985	0.022856256383075	0.0447998138404457	0.0795547683994157	0.117407211097178	0.154889920235802	0.159554251289543	0.151924295114604	0.117115044018978	0.0759220715421509	0.0359624061122387	0.0150815094437191	0.00514265768619187	0.000506767675461844	0.000222357245355707	1.0342197458405e-05	
4.37025859077156e-05	2.82781438226395e-05	0.000156815161198273	0.000215942189191065	0.00138305830696182	0.00291007807338435	0.00706696521531236	0.0149051525348785	0.0305275416267131	0.0564791654348536	0.0923744129071731	0.135992164383421	0.160272806965678	0.158578689076667	0.144159406467469	0.098436218646608	0.0577439696858298	0.0259670482502256	0.00957086631378971	0.00271984328766842	0.000280210697878882	0.000187664045368426	
7.41547635485867e-05	0.000153423648721214	0.000153423648721214	0.000506298040780006	0.00157259239939244	0.0046257230089446	0.00989838240333032	0.0203772176109892	0.0404220173164158	0.0724952310815856	0.1087262257271	0.14811519047546	0.15872187872372	0.15644353754021	0.127671489283358	0.0804962743623969	0.0442550514736341	0.0174621682852862	0.00615740243534472	0.0013398998654986	0.000237806655517882	9.46112500447486e-05	
7.25142503450901e-05	0.000328903921208087	0.000209773367069725	0.000287467206725179	0.000691475172933538	0.00264159054828543	0.0070546006407152	0.0134876505641868	0.0271591765488914	0.0504362509096654	0.0870248697980737	0.122194281215442	0.156641139924015	0.159992334207821	0.142575965151723	0.111993080068681	0.0667752653892073	0.0329551369871883	0.0124828102379762	0.00441559988708495	0.000445444680691268	0.00010100199155209	3.36673305173633e-05	
8.31440939112541e-05	0.000200065475973955	0.000241637522929582	0.000657357992485853	0.00174602597213634	0.00377785976709261	0.00890681106024309	0.0199675738033746	0.0363599515685653	0.0625087691036547	0.101615074024226	0.134527143948409	0.157643800308672	0.154549281063413	0.130946751404356	0.0984348124321206	0.0533681152792862	0.0242572893986084	0.00813512993862927	0.00189932289528521	0.000153296923148875	2.07860234778135e-05	
4.42925182120413e-05	0.00014590476587496	0.000489823142580222	0.00136785718007775	0.00244129938615781	0.00642241514074599	0.0123315581586819	0.02584598709785	0.0485159400956718	0.074304607464071	0.1151110439486	0.146748929163236	0.158736568945213	0.147212697883339	0.120538180150699	0.0779496211686972	0.0408064364845289	0.0152626806874199	0.00473929944868842	0.000896272133231895	8.85850364240826e-05	
2.10486987957513e-05	0.000381507665672993	0.000820899253034301	0.00160233219582657	0.00469122874410308	0.00946928337073863	0.0193227054944997	0.0334016539015079	0.0609096721402054	0.0926037503519079	0.128602287467342	0.149737812145625	0.154118572582491	0.137613761639273	0.103012331906407	0.0598046154534284	0.0300891149285265	0.0103086002352192	0.00287314738562006	0.000568314867485286	4.73595722904405e-05	
0.000131894800706956	0.000503838138700572	0.00128201746287161	0.0028990477195389	0.00675565169221029	0.012722572476193	0.0226806299295682	0.0431797198554433	0.0729826690231871	0.109849903716795	0.136774908333114	0.153034899364267	0.150146403228785	0.122849455274473	0.0863304228547311	0.0467540689546018	0.0221556886227545	0.00657627476324883	0.00210767891529716	0.000279616977498747	2.63789601413912e-06	
7.87432576085673e-06	0.000328096906702364	0.00114177723532423	0.00146724936677297	0.00535454151738257	0.00948856254183236	0.0179245902069635	0.0292636193025972	0.0558893394753074	0.0860165098363453	0.127453836765227	0.145488667532843	0.150803837421421	0.141708991167631	0.104626166384503	0.068826856700395	0.0333398952714674	0.0156856569156266	0.00382692231977637	0.00125201779597622	0.000104991010144756	
8.39634968697359e-05	0.000847506546528897	0.00178947202703625	0.00301219045020177	0.00723922774573754	0.0116683022056161	0.0223762719157846	0.0385287496261001	0.0656725738485193	0.101616822086598	0.14223678755661	0.149310712167885	0.146295897858406	0.128453654773587	0.0895785557228995	0.0538599593826584	0.0240975236016142	0.0103380055520862	0.00248741859476593	0.000495909403386878	1.0495437108717e-05	
1.02479753843631e-05	0.000363803126144891	0.00126818695381494	0.00244414212917061	0.00490621821526385	0.00980731244283551	0.0163839506457505	0.028333089943918	0.0482449061157355	0.0783483338073022	0.118148908206322	0.149610192636317	0.149925317879386	0.139103455873499	0.109358707320385	0.0765318801704238	0.0408509918759175	0.0176982534887951	0.00661763010445249	0.00178827170457137	0.000243389415378624	1.28099692304539e-05	
0.000159013410130921	0.000689058110567324	0.00108785364708614	0.00335694976943056	0.00687543697137506	0.0117821364839863	0.0218176494789156	0.0365301759496003	0.0580626108992335	0.0939895454992895	0.13490899637298	0.152733642441941	0.147713361922094	0.127003758269328	0.0927174382182421	0.0631232757772096	0.0306567758642884	0.0112520917835499	0.0046189609609458	0.000805163140186727	0.000116105029619403	
0.000159475502790821	0.0013087116657596	0.00137705830981281	0.00471338708248427	0.00886228151223278	0.014322418964928	0.0289815084357478	0.0459238820893822	0.0716298143249503	0.110154539356276	0.146211191130124	0.153357212469466	0.142358465491273	0.114199648141351	0.0784315710868382	0.0475971091900923	0.0206735941475022	0.00685997797719247	0.00261236061714488	0.000217696718095407	4.8095786555962e-05	
