# <P(U)> as a function of N_tot.
# number_of_species: 1
# species_total_upper_bound: 151
# species_total_lower_bound: 97
# volume: 729
# Bin widths for each
10	10	10	10	10	10	10	10	10	10	10	10	10	10	10	10	10	10	10	10	10	10	10	10	10	10	10	10	10	10	10	10	10	10	10	10	10	10	10	10	10	10	10	10	10	10	10	10	10	10	10	10	10	10	10	
# Bin lower bound for each
-250	-260	-260	-260	-260	-270	-270	-280	-280	-280	-310	-310	-320	-320	-320	-320	-320	-320	-330	-330	-350	-350	-360	-360	-360	-360	-370	-370	-370	-370	-380	-380	-380	-380	-390	-390	-400	-410	-410	-410	-420	-430	-440	-440	-450	-450	-460	-460	-460	-460	-460	-460	-470	-470	-470	
# Bin upper bound for each
-100	-100	-100	-110	-110	-110	-120	-120	-120	-120	-130	-130	-130	-130	-140	-140	-140	-140	-150	-150	-150	-150	-160	-160	-160	-170	-170	-170	-170	-180	-180	-190	-190	-190	-190	-200	-200	-210	-210	-210	-220	-220	-220	-230	-230	-230	-240	-240	-240	-250	-250	-250	-260	-260	-270	
# Normalized histogram for each
3.03791807828593e-06	8.38465389606918e-05	0.000441713288582775	0.0021301881564941	0.00686569485692621	0.0196188749495706	0.049519279843292	0.0994808805587825	0.163988640616722	0.219931902028357	0.213629437183145	0.145888724706294	0.0613021489017319	0.0153767261450521	0.00171763888146287	2.12654265480015e-05	
4.23286566214718e-06	1.14892067972566e-05	0.000161453590256185	0.000825408804118699	0.00338629252971774	0.0100125413762618	0.0277923912425638	0.0648789460890135	0.120782402888991	0.183551567792972	0.222281079211429	0.194898671242999	0.1183436675725	0.0431939753018336	0.00897307050865742	0.000893739349807646	9.0704264188868e-06	
9.01110889504581e-06	8.71073859854429e-05	0.000277542153967411	0.00145319149447439	0.00491285656957898	0.014558948271429	0.0378244299572513	0.0818479020937011	0.141631803687586	0.200456923295038	0.218806544708316	0.172407744267133	0.0912446864494549	0.0289502899174102	0.0051531528067802	0.000376664351812915	1.20148118600611e-06	
1.54832501009389e-05	0.000176866356922263	0.000542509263152128	0.00220040804319112	0.00710800281556948	0.0210328042428869	0.0510149270441165	0.100718541906607	0.161593917226545	0.211597668937146	0.207690530325136	0.146297061636437	0.0685526853315262	0.018716867333558	0.00256247789170538	0.000179248395399331	
6.2939238696469e-05	0.000206036941770516	0.00089183713700091	0.00361069349540781	0.0108778004992388	0.0285803520322249	0.0670184138836835	0.118557337646452	0.179751496885101	0.214602615897264	0.193076208730266	0.12073705411112	0.0488040357114865	0.0117672625706285	0.0013686315584468	8.7283661211141e-05	
7.10523324112319e-06	0.000111315320777597	0.000468353291144037	0.00141808613437417	0.00528984614801622	0.0156664471939066	0.0390444408655121	0.0838192523399901	0.138576916518246	0.194046880328925	0.213874625791049	0.170581255447345	0.0957003865246883	0.0340009094698549	0.00665819564970253	0.000721181173974004	1.480256925234e-05	
1.30404372102948e-05	0.000203905018197337	0.000896826431780731	0.0022399914644411	0.00790665417946013	0.022797647979325	0.0525120624044195	0.101354427228433	0.157463872061456	0.203816106125449	0.20532346211753	0.147486752101289	0.0721746707289604	0.0220223347124584	0.0034444536649556	0.000343793344635046	
5.88238062296764e-07	4.05884262984767e-05	0.00034176631419442	0.00145941863255827	0.0037447235045812	0.011780055435555	0.0313036767231846	0.0674167878437075	0.12012350646356	0.174781998974113	0.208271568336792	0.190477955190377	0.12179351432242	0.0526184829105078	0.013801829655669	0.0018900088941595	0.000153530134259455	
1.40819699737195e-05	0.000143166694732815	0.000552130572719586	0.00210173401857764	0.00582289458413302	0.0176922350257319	0.0423104522835381	0.0836445546488983	0.139458442639736	0.189610791952389	0.205332137930549	0.16925941159662	0.0969596440077991	0.0374668413613275	0.00861640537766963	0.000961681199455262	5.33941361503532e-05	
9.37193947601486e-06	0.000208525653341331	0.000868661640183128	0.00336862649541009	0.00905329353383036	0.024613056048884	0.05454820222771	0.101031850536309	0.156936055256955	0.19828563797135	0.196755083105673	0.148259982287034	0.0748858966368795	0.0256217110349901	0.00512410790851113	0.000424080261289673	5.85746217250929e-06	
1.16798006024441e-06	0	1.51837407831774e-05	5.13911226507541e-05	0.000346306087862468	0.00150319033753456	0.00524598244058777	0.0131771510396775	0.0331998332124474	0.0686871553728835	0.119771099267793	0.174008589325363	0.202306410224965	0.183501347265	0.124520106192747	0.0544897737505825	0.0162553624884516	0.00277103269292987	0.000148917457681162	
1.04953575535088e-05	3.49845251783628e-06	4.95614106693473e-05	0.000129442743159942	0.000685113618076271	0.00251305505864573	0.0076342064693384	0.0189861018142975	0.0433988865591787	0.0847016169847537	0.138704313125494	0.187256420243446	0.20063625189791	0.165168357196667	0.0995677078838794	0.0388625597943843	0.01023472284093	0.00141279174178622	4.48968073122322e-05	
5.80835787848567e-07	1.21975515448199e-05	1.3359223120517e-05	7.14428019053737e-05	0.000284028700257949	0.00101936680767423	0.00374580999583541	0.0107135161068668	0.0265023753279544	0.0559553964581795	0.101250132866186	0.157981525936932	0.196317849606513	0.1915480261167	0.144218041108072	0.0765483484805626	0.0270512651474713	0.00603139882101952	0.000714428019053737	2.09100883625484e-05	
1.74144428423157e-06	2.96045528319367e-05	2.55411828353964e-05	0.00017762731699162	0.000433039145345584	0.0017687269113512	0.00570671291942686	0.0154419669497094	0.0350901023272661	0.0706022146527444	0.11953737952108	0.174280841558755	0.199491149980148	0.178006951845583	0.120926471578468	0.0569545157972216	0.0178022044362713	0.00341903561137465	0.000303011305456293	1.16096285615438e-06	
8.77042705548114e-06	2.57265860294113e-05	5.3791952606951e-05	0.000215167810427804	0.000753672031634346	0.00279601214528739	0.00871605040773715	0.0207514151084054	0.0460219389309317	0.0879802466594905	0.137949462460526	0.186517164018095	0.194773644048125	0.161801515880612	0.0976826777634008	0.0404000951883683	0.0116026902992645	0.00181313961993647	0.000136818662065506	
7.02849351270049e-06	2.8113974050802e-05	0.000110698772825033	0.000473251896521833	0.00114095878022838	0.00428796675054002	0.0125763177253921	0.0285204552589531	0.0588056480973868	0.105307332592999	0.156294367365299	0.195078765983966	0.185860311034266	0.140266473617378	0.0758479877423073	0.0275581373555059	0.006869766700872	0.000937132468360065	2.9285389636252e-05	
1.17277221655708e-05	4.63245025540047e-05	0.000197612118489868	0.00073943288253924	0.0020247912318858	0.00648191204091099	0.0184312881554111	0.03865164032718	0.0744733812958077	0.122898318889666	0.17048355157647	0.196812874224284	0.17245556805861	0.116916007813009	0.0564748460883062	0.0186118950767609	0.00393230524211589	0.00034948612053401	7.03663329934249e-06	
2.64107445951878e-05	7.62977066083204e-05	0.000312820597094114	0.00122839307639396	0.0034198979723591	0.00938227029108162	0.0245578841354766	0.0511646551461042	0.0917908362932931	0.140563851789944	0.181207053194761	0.193116538290884	0.155085652979249	0.0934687989332407	0.040881485011609	0.0113607285139789	0.00217917988182072	0.000173137103457343	4.10833804814033e-06	
2.35724800724147e-06	7.66105602353476e-05	9.25219842842275e-05	0.000506219009555105	0.00196830208604662	0.00522542952005252	0.0140533233071718	0.0336656267274208	0.0640929840048936	0.108953181518704	0.157257318371094	0.186489550908896	0.183436325427516	0.134502803357193	0.0739940149473096	0.0278779935576412	0.00664626075641731	0.00108256614732564	7.66105602353476e-05	
2.95925578268172e-05	0.00011659467783766	0.000246801932275656	0.000892511544056808	0.00303915568881413	0.00768873837456366	0.0207556282085731	0.0434773859591599	0.0795199376899102	0.126834294696895	0.168742683240077	0.189978894587758	0.166626223504303	0.11288495478849	0.0559044846929535	0.0187172928254619	0.00397487236729809	0.00055870749177031	1.12451719741906e-05	
5.3168958544163e-06	0	8.15257364343833e-05	0.000166005303898998	0.000408810214584009	0.00148695854061843	0.00422752297046701	0.0116115097798392	0.0278504912516386	0.0556105952737522	0.096810039717212	0.141782707918689	0.177211548061489	0.186117939383843	0.150029804155095	0.0913247754940725	0.0405572815774876	0.0122684418009626	0.00216161354792325	0.000274706285811509	1.24060903269714e-05	
1.24024195348738e-05	1.77177421926769e-06	0.000178949196146037	0.000194304572713023	0.000731742752557556	0.00230153471082873	0.00644098987844448	0.0163457983555573	0.0370029139779993	0.0701480848892464	0.114794432849167	0.156858124588801	0.181762183014827	0.176308661967921	0.128825112891547	0.0711946128614272	0.0279798584706754	0.00757020064752442	0.00124732905036445	9.7447582059723e-05	3.54354843853538e-06	
9.44944576047663e-06	3.13012890815788e-05	1.71271204408639e-05	0.000201391312770158	0.000314194071535848	0.001149879430978	0.00355240101557918	0.00998156767486347	0.0233206415464963	0.0480628340895843	0.0863466729977953	0.13064272177111	0.168484208499658	0.179645775713861	0.161255973083254	0.108629056691359	0.0537708899192722	0.0196548471817914	0.00429890723065684	0.00058763740822964	4.25225059221448e-05	
5.03771768867142e-05	3.91163961708604e-05	3.37823421475613e-05	0.000246551830410272	0.000528664020975871	0.00203583061889251	0.00578033654324851	0.0147202110862979	0.0318857896059438	0.060853851661143	0.102073643135191	0.145895267627271	0.174791023616821	0.174865700373147	0.144564124812123	0.0882934109023323	0.0384389713099014	0.0122932165056968	0.00232386953615066	0.0002767781365423	9.48276270808737e-06	
3.62324005569098e-05	6.47431419787405e-05	7.84045389100344e-05	0.000370639638483799	0.000962237522986785	0.00340168783589217	0.00878843604327931	0.0207296849087894	0.0419066320736337	0.0751958925525192	0.118646856453169	0.157991085641515	0.174392483618203	0.167731067679748	0.124837251184384	0.0697562806787457	0.0265019220991509	0.0073415159161214	0.00114280555199171	0.000123546546161266	5.93973779621472e-07	
4.98852342675927e-05	4.69158750849979e-05	0.000191820603195624	0.000634848993238769	0.0016818450410217	0.00462863709382878	0.0125004082868876	0.0277747919221553	0.052744133288595	0.0914135040516906	0.136601212092418	0.166471183853813	0.174214084858347	0.15333355108634	0.104519661611828	0.0509559851888364	0.0174063835283707	0.00421470842377506	0.000546955961433963	6.94830048727184e-05	
4.14262464861666e-06	3.72836218375499e-05	8.4627903536026e-05	0.000318982097943483	0.000997780736795384	0.00252404201805001	0.00686787986388519	0.0173688415446072	0.0360733836366326	0.0671868619618287	0.107594614587957	0.149861813877793	0.171800562213345	0.168985944666371	0.135972185234502	0.0838088474626424	0.0368018937712679	0.0110566651871579	0.0023269714454801	0.000303003402870247	2.36721408492381e-05	
1.60070668235754e-05	4.32783658563336e-05	0.000131020806222599	0.000516376118642008	0.00139024339634387	0.00382806038814173	0.00982003906910014	0.0239880717709448	0.0469564340997952	0.0808262017898272	0.123546691724643	0.161064884941797	0.174524456723116	0.160090232428539	0.114754069203886	0.0650100340594811	0.0252413658177981	0.0069103100331702	0.00118452294494458	0.000145249310065777	1.24499408627809e-05	
1.71454281124716e-05	7.03553774270388e-05	0.000318077252569302	0.000777456481651731	0.0024990939528075	0.00602454870572711	0.0139380506121213	0.0320022371827578	0.0599262273613837	0.0961409188648781	0.138409720157052	0.166791315899783	0.171465514336238	0.146517733989274	0.0952629547011877	0.0485789100592227	0.0165477030151713	0.00403272293638514	0.000605410978867964	7.27202640632418e-05	1.18244331810149e-06	
5.87935562262376e-05	0.000141342084665096	0.000487570804664051	0.00129939698003038	0.00354246023120714	0.00878340097561671	0.0197201901823075	0.0412576357388806	0.0741214520464315	0.11229747401503	0.149855272831795	0.172803169863492	0.164063715586469	0.127410981211005	0.0759113892026525	0.0348105362803752	0.0108714630331061	0.00227216309213722	0.000267837311697305	2.37549722126213e-05	
5.36147991142835e-06	8.57836785828536e-05	0.000374707873809826	0.000583805590355532	0.00219939820366594	0.005487772549342	0.0119006982434005	0.0265220496818557	0.0529428269653845	0.0890124809295138	0.129383828942579	0.158803460656567	0.171189074971956	0.151897278810657	0.108276873971266	0.059393283018823	0.0241612113608568	0.00633786497529847	0.00131951977820153	0.000119143998031741	3.57431994095223e-06	
3.35009377271408e-05	0.000157932992142235	0.000512085762400581	0.00111390617942743	0.00321668825283636	0.00736063460347752	0.0166966280707947	0.0357604563306303	0.0657509743687915	0.10401143817731	0.142241392203255	0.165156033608619	0.165570009481962	0.138735758362522	0.0893619566940557	0.0438359770159638	0.0161600148361296	0.00370783592915748	0.000559944244867926	5.68319479299711e-05	
5.12140439753907e-05	0.000300656564043764	0.00055311167493422	0.00167801308789957	0.0046695157742268	0.0109712532558575	0.022616724337697	0.0464710209851051	0.0803753206149782	0.119060601879495	0.151811079224511	0.16775672244579	0.15665412023009	0.121425485674829	0.0709314509059162	0.0317695777733459	0.0102669095216548	0.0022793262159871	0.000341627799224077	1.62679904392418e-05	
9.23721284118436e-05	0.000415674577853296	0.000773008864078059	0.00234515818119279	0.00670244871219883	0.0152815101384488	0.0307447259768656	0.0590829149240543	0.0954872569002588	0.133178123849147	0.160114930374508	0.165307824040819	0.14376931762521	0.101650665626265	0.0553928914785496	0.0216752414741133	0.00647577237076714	0.00130050233421938	0.000186567390937079	2.30930321029609e-05	
1.82915452819398e-06	0.000113407580748027	0.00059020719443059	0.00107188455352167	0.0037454987555652	0.00914272405008957	0.0211072238190064	0.0405047978723275	0.071741269750296	0.111178451096334	0.147353640200427	0.164420261666652	0.15967970284775	0.126592736305425	0.0824881623216117	0.0420254350034327	0.0139832766498669	0.0036058732932464	0.000593865503486978	5.85329449022073e-05	1.21943635212932e-06	
1.46110270638837e-05	0.000182029045504217	0.00078412511909509	0.00161878004011945	0.00581397118583704	0.013193757438687	0.0282285042874233	0.0518441855722196	0.0872686206886055	0.125200064532036	0.157928156362341	0.16328248898846	0.148755475330194	0.109534608348376	0.0650160264703107	0.0299866978774439	0.00910084348241654	0.00197005348244698	0.000264824865532892	1.21758558865697e-05	
6.11429326107054e-07	5.56400686757419e-05	0.000365634737012018	0.00112502996003698	0.0029648208022931	0.00873243363546094	0.0187170745307891	0.0376707722107817	0.0648231257245438	0.104010854093397	0.137703667108526	0.161273044771301	0.158672635847368	0.136036299336232	0.091399512813113	0.0488911117741722	0.0204865510005429	0.00578962428890769	0.00113053282397194	0.0001473544675918	3.66857595664232e-06	
2.0198619760983e-05	2.26469373077688e-05	9.60964637113434e-05	0.000562500956374042	0.00181726369910177	0.00491744579271932	0.0123584948967881	0.0247261709843767	0.0471735704120824	0.0793995501216508	0.11896987039219	0.149451423849673	0.160635950482778	0.150628452510291	0.121073587244266	0.0739085859435969	0.0370999678658322	0.0132808985325397	0.00333032394301541	0.000439472999648054	8.7527352297593e-05	
4.87631233755785e-05	3.10864911519313e-05	0.00021516728189474	0.00090577501670137	0.00273195398711678	0.00736262209067015	0.0161777757188903	0.0324738020119665	0.0588698902342093	0.095081995191956	0.132287039249438	0.158247307056512	0.158257669220229	0.139354644443686	0.103052937246737	0.0585901118138419	0.0257432719080523	0.00862558698609763	0.00171402378665158	0.000210290969557182	1.82861712658419e-05	
4.96035087439963e-05	9.36955165164374e-05	0.000460516525623274	0.00155852999695643	0.00428549819988254	0.0101864785734276	0.022151334793677	0.0414324023591674	0.0716648223551379	0.11016081947446	0.143147152789218	0.162117126744314	0.152484247824029	0.126751662176835	0.0846046018583557	0.0446909242113501	0.0182014257640624	0.00507486761680861	0.000774672081001917	0.000109005241437424	6.1238899683946e-07	
3.06518859185849e-06	0.000117090204208994	0.000226823955797528	0.000906682785471742	0.00261215371798181	0.00617145071084789	0.0142322836697173	0.0290113969842222	0.0527071439124435	0.0853017463605483	0.124785053649996	0.151504915642945	0.161521951961138	0.143330057668458	0.111135155812732	0.0680931645681364	0.0326270934471785	0.0121295642957024	0.00307561023307081	0.000424835138831587	8.27600919801793e-05	
4.89079466854473e-06	3.66809600140855e-05	0.000206024725412447	0.000464014144178181	0.00132785075250989	0.00405935957489213	0.00915679031818287	0.0190857148446622	0.0374041862756965	0.06491307223826	0.0996676705022724	0.137433164234108	0.158558951804887	0.15725738907372	0.130760286258212	0.0944546947349373	0.0529434636363303	0.0227012348033839	0.00773356906963636	0.00163474811796108	0.000168121066731225	2.81220693441322e-05	
1.4100567701117e-05	2.88142035631521e-05	7.23420429883394e-05	0.000339639761148645	0.000873009061147418	0.00193974766114497	0.00568620719251566	0.013149698983533	0.0254582684502863	0.0473821989528796	0.078934977990853	0.113635862035141	0.147600451218166	0.161426364383192	0.14880451708621	0.117348602817661	0.077040597373616	0.0387514253834741	0.0157730176441017	0.00488799244700026	0.000725259634366149	0.000119548291379036	7.35681793101757e-06	
1.21702693706571e-05	3.52937811749056e-05	0.000192898769524915	0.000397967808420488	0.00126023139333154	0.00313992949762954	0.00792101981989218	0.0177545974713831	0.0330453239086767	0.0581264235411954	0.093159760951569	0.128291069030376	0.15619445412995	0.157995045483339	0.139155468497562	0.101165972657056	0.0597146436940662	0.0285173751893238	0.0105571001655765	0.00294155410688782	0.000371193215805042	5.0506617888227e-05	
6.0706723391029e-07	4.00664374380791e-05	0.00010380849699866	0.000226436078248538	0.00058581988072343	0.00188251549235581	0.00478065446704353	0.0114662859140976	0.0231887542009053	0.0432899644501428	0.0717790226703188	0.107752005750141	0.140153612292869	0.159139640033413	0.152292528702139	0.124623011247742	0.0839112613400159	0.046002340851254	0.0201327777454009	0.00685864560871846	0.00152009635371137	0.000247683431435398	2.24614876546807e-05	
3.36647989844248e-05	9.24251753936027e-05	0.000243610727196383	0.000432745688763425	0.00100137474797307	0.00278132448336775	0.00682844540854988	0.0156235271650444	0.0301055116008897	0.0549476849023782	0.0856224376497318	0.120347371758539	0.150690985301337	0.159584613105767	0.141920387035013	0.109829264381296	0.0669537763947326	0.0342670928426189	0.0138252148120219	0.00402018908599459	0.000692882771824889	0.000147513028277207	7.9571343054095e-06	
2.82559448050831e-05	4.1769657537949e-05	0.000101352845496494	0.000383298033877649	0.000673842857634265	0.00193921777716625	0.00390976279748596	0.00989510901880617	0.021304368123363	0.0386436900789692	0.0663572435957287	0.100392757632791	0.13146016894598	0.155388040118528	0.156415696545895	0.128917748173192	0.0942090055381652	0.053009995233345	0.0252356300092876	0.00913711258642634	0.0021327095731141	0.000383912293547325	3.93126188592461e-05	
1.41761965634434e-05	5.1157578902861e-05	0.000162101725921114	0.000610809164972714	0.00121730383533916	0.00315759369541394	0.00609576452228067	0.0135216260960357	0.0275819476614823	0.0499045263979271	0.079116120307833	0.114130709463166	0.141843324675581	0.15765779647666	0.147390532026493	0.115418894281322	0.0768768976071813	0.0407405398542194	0.017420696507355	0.00562363554108077	0.00116244811820236	0.000283523931268868	1.78743347973852e-05	
1.17544507609151e-05	7.73319129007572e-05	0.00032479403418318	0.000720733428235057	0.00173223484897696	0.00474013693316481	0.00870386146080602	0.0189723021834202	0.0349329903508332	0.0623852007752988	0.0948472818451271	0.126999416608049	0.148929509796097	0.155366618225956	0.134747455625402	0.099560816600254	0.0611070589188751	0.0300146806903451	0.0117804342836497	0.00327639848577928	0.000618036647902851	0.000145383996253423	5.56789772885452e-06	
3.39863449045509e-05	0.000176111059959946	0.000520300043811488	0.00119693727418391	0.0027164358581892	0.00659644057920147	0.0120305481626673	0.0245974626412828	0.0459087546970674	0.0750004480018192	0.10908813400754	0.137013786715294	0.15196839640684	0.151134186122819	0.1191369692955	0.0845913945338835	0.0475957132714205	0.0212896643817544	0.00703208372752344	0.00200210468164991	0.000319471642102778	5.06705505849668e-05	
5.90771775632264e-05	0.000235693322986622	0.000860926785530768	0.00162031467212474	0.00426709530441054	0.00878711477526365	0.0172862283099066	0.032829679881698	0.0573448624086381	0.0872231449612398	0.122929144925547	0.144747700451633	0.154121894678931	0.141302762534977	0.102481056841476	0.0692156827752489	0.0345472257418955	0.0145945244071821	0.00432309554564235	0.00106461997067064	0.000149539105706917	8.61542172797052e-06	
0.000108683104628058	0.000404030976526906	0.00123296991013074	0.0025242725600336	0.00595792183167259	0.0122118055640837	0.0232311671214574	0.0418491355701995	0.06800307996866	0.101032919314154	0.133801796402773	0.14960628470798	0.150271277941382	0.127862909465132	0.0889819893060737	0.0551569826131594	0.0249965000356137	0.00965130530250745	0.00249357111804827	0.000569818763247672	4.60521629779907e-05	5.52625955735889e-06	
2.42652335619725e-06	0.000191088714300533	0.000550214171017726	0.00184658427406611	0.00352209865152031	0.0085177036110914	0.0168400720920089	0.0298347112952842	0.0526858883714328	0.0821171901587492	0.114960183784879	0.140688610930638	0.1503740789069	0.142969542885464	0.112482703438202	0.0747799901604478	0.0420959338141489	0.0180927647746457	0.00565076626574434	0.00154205559286335	0.000243258966458774	1.21326167809862e-05	
3.79142355918382e-05	0.000279241354200205	0.000754072018993227	0.00253543927854626	0.00499986459201574	0.0113309401225894	0.0223152358054819	0.0383607810332532	0.0642261132793106	0.0963376653858074	0.128437181227037	0.144153534599749	0.148216977753973	0.132849676074011	0.0968064779179668	0.0610070141335845	0.0306497476897893	0.012181904076984	0.00357236353131987	0.000799208013745415	0.000137815237310015	1.08326387405252e-05	
4.19679616580702e-05	0.000486828355233615	0.00126863152669252	0.00360924470259404	0.007412741113434	0.0152175828972163	0.0293080262527586	0.0479867669021469	0.0770939464812562	0.110435093849355	0.138049413078056	0.146561714786932	0.143609568455441	0.118675802892072	0.0811936167929403	0.0469285747260541	0.0213143286415151	0.00799549623817178	0.00234421042975792	0.000405890143464479	6.05537732495013e-05	
