# <P(U)> as a function of N_tot.
# number_of_species: 1
# species_total_upper_bound: 151
# species_total_lower_bound: 97
# volume: 729
# Bin widths for each
10	10	10	10	10	10	10	10	10	10	10	10	10	10	10	10	10	10	10	10	10	10	10	10	10	10	10	10	10	10	10	10	10	10	10	10	10	10	10	10	10	10	10	10	10	10	10	10	10	10	10	10	10	10	10	
# Bin lower bound for each
-250	-260	-260	-260	-260	-270	-270	-270	-270	-280	-310	-310	-320	-320	-320	-320	-320	-320	-330	-330	-350	-350	-360	-360	-360	-360	-370	-370	-370	-370	-380	-380	-380	-380	-390	-390	-400	-410	-410	-410	-420	-430	-440	-440	-450	-450	-460	-460	-460	-460	-460	-460	-470	-470	-470	
# Bin upper bound for each
-100	-100	-100	-110	-110	-110	-120	-120	-120	-120	-130	-130	-130	-130	-140	-140	-140	-140	-150	-150	-150	-150	-160	-160	-160	-170	-170	-170	-170	-180	-180	-190	-190	-190	-190	-200	-200	-210	-210	-210	-220	-220	-220	-230	-230	-230	-240	-240	-240	-250	-250	-250	-260	-260	-270	
# Normalized histogram for each
3.09081940094975e-06	8.5306615466213e-05	0.000449405140898093	0.00216604623618558	0.00685667375906692	0.0195209971725184	0.0494580557262375	0.0995287118577432	0.164369157578627	0.220073141150304	0.213353699772639	0.145457669991976	0.0614461078547612	0.0154757327405554	0.001734567847813	2.16357358066482e-05	
4.30617918257646e-06	1.16882006384218e-05	0.000164249977392559	0.00083970494060241	0.00343140964005879	0.00996695930230054	0.0277225664089726	0.0648762803962423	0.120686823276252	0.183974738722578	0.222324955354149	0.194531644572892	0.118257523048824	0.0432721794372562	0.00902944257740818	0.000896300438430558	9.2275268198067e-06	
9.16426766504235e-06	8.85879207620761e-05	0.000282259444083304	0.0014778908987825	0.00495237024618889	0.0145320847120465	0.0377616703893958	0.0819309967301893	0.141452304263462	0.2009143495325	0.218775507211668	0.17217459518375	0.091105650565252	0.0289816910151076	0.0051784221819266	0.000381233534865762	1.22190235533898e-06	
1.574404542036e-05	0.000179845441917189	0.000551647129921074	0.00223747107031654	0.00717141268897396	0.0209601687761669	0.0509592362442459	0.100847271859699	0.161315911537842	0.211861563819699	0.207715430012268	0.146169534303247	0.0684872031187743	0.0187675076812775	0.00258141790873056	0.000178634361500238	
6.39837360586381e-05	0.000209456192569315	0.000906637467547872	0.00366759604049325	0.0109182813002702	0.0285301064604861	0.0670084766377875	0.118509951583628	0.179648825868262	0.214908089777632	0.193028670146336	0.120556223897201	0.0487640575588032	0.0118182789461516	0.00137987566632119	8.14887204520391e-05	
7.22110729662804e-06	0.000113130680980506	0.000475991322636065	0.0014279739679082	0.00536708799821879	0.0156908643966314	0.0389163524983527	0.0838430733032654	0.138413582902825	0.194063046284289	0.21430080124203	0.170373602038759	0.0955129844535578	0.0340240523048872	0.00673247903622288	0.00072271248860419	1.50439735346418e-05	
1.32488697810745e-05	0.00020716414566771	0.000908752022710972	0.00224989897736792	0.00797521738685315	0.0228259959687303	0.0523432733982568	0.101375533793952	0.157359235275236	0.203927205891652	0.205670034489217	0.147302138668693	0.0720076072601398	0.0220075771490721	0.00348625941648364	0.000340857286185825	
3.52506079236197e-05	0.000347128867858018	0.00147395338555203	0.00376404796472549	0.0118537637492308	0.0312899930096252	0.0673483775758336	0.119945271937529	0.174920088664241	0.208527659777861	0.190549252268884	0.121486739199273	0.0525317703572261	0.0138714129519098	0.00190771510339183	0.000147574578934476	
0.000129400048897714	0.000561131087616356	0.00211035379285259	0.00583552478577434	0.0178083090335546	0.0421331329719673	0.0835918352743341	0.139233259986762	0.189710012701479	0.205719243635843	0.169127652850081	0.0967954107706161	0.03751349159496	0.00870975628663602	0.000973183777885114	4.83014007406215e-05	
5.94789878579594e-07	0.000204012928352801	0.000880289020297799	0.0033956554168109	0.00906400295967444	0.0247765671821116	0.054461340442262	0.101017923398201	0.156739623593173	0.198501605337882	0.19686117485276	0.147982532210846	0.0748382468925203	0.0256746998987668	0.00517467194364247	0.000423490393548671	3.56873927147757e-06	
1.18645847484322e-06	0	1.54239601729619e-05	2.9068232633659e-05	0.000333988060668368	0.00150858195076316	0.0052702485452536	0.0131898588648321	0.0333560935617424	0.0686650977730768	0.119422977785345	0.173987609814147	0.202538546552775	0.183701145347689	0.124235253359309	0.0545325976499817	0.0162841425672233	0.00278580449893189	0.000142375016981187	
1.06648149387988e-05	3.55493831293292e-06	5.03616260998831e-05	0.000103685700793877	0.000637518937452638	0.002481939432146	0.00765852210549516	0.0190254373610982	0.0435254797241131	0.0846922578775952	0.138203559322737	0.187356506396223	0.200749736490198	0.16528507939066	0.0995210905602761	0.0389828610499036	0.0102459247075915	0.00142375279432964	4.20667700363729e-05	
5.89953446773515e-07	1.23890223822438e-05	1.35689292757908e-05	7.13843670595953e-05	0.000242470866623915	0.000988761976792411	0.00370608755263122	0.0107347929174909	0.0265827123581678	0.0560355482348888	0.101087343197748	0.157701045810475	0.196563639163234	0.191680004530842	0.144201731041404	0.0765163720930781	0.0270883024620527	0.00604525296908821	0.000712073810255633	1.59287430628849e-05	
1.76904628945489e-06	3.00737869207332e-05	2.24079196664286e-05	0.000175135582656034	0.000399214779320321	0.00174015186672713	0.00569102191317639	0.0154502606100025	0.0351845616509683	0.0706439151588987	0.119251410372154	0.174236317458895	0.199743016542352	0.178044484437995	0.120853576628304	0.056984519075921	0.0178260897767405	0.00343018075525304	0.000290713273567087	1.17936419296993e-06	
8.91094578996426e-06	2.61387743172285e-05	4.21784767391641e-05	0.000206733942327171	0.000703964717407176	0.00276001694267826	0.00876005377458753	0.0208213159328305	0.0461860260924374	0.0878048954359918	0.137560052348836	0.186624313931432	0.195017830802526	0.1617556464208	0.0976906986953781	0.0404485651298057	0.0116079920490601	0.00183743702189063	0.00013722856516545	
7.1349789369476e-06	2.31886815450797e-05	0.000107024684054214	0.000420963757279908	0.00110711089838304	0.0042940681568863	0.0126384260236465	0.0286005630687544	0.0588796299324258	0.105011430830839	0.155989071590595	0.195226699091182	0.186317488725247	0.140194606550505	0.0757520713735726	0.0276016660175818	0.00684957977946969	0.000949546780192109	2.97290789039483e-05	
1.18988408149278e-05	3.86712326485154e-05	0.000189191568957352	0.000700841723999248	0.00197163792303354	0.00653246360739537	0.0185062671194572	0.0386652832281079	0.0745682505610303	0.122547946379064	0.170312868120388	0.19710489304132	0.172731902458063	0.11678176812015	0.0563999105207171	0.0186199010492398	0.00395457974484126	0.000354585456284849	7.13930448895669e-06	
2.67938959932408e-05	5.65648915412861e-05	0.000299496215213336	0.00119679402103142	0.00333971028057972	0.00942906970997692	0.0246771782097748	0.0511388298926994	0.0918125594303499	0.140254137126396	0.18115293539039	0.193389409980548	0.155309924994954	0.0933255214241015	0.0408535463507607	0.0113671615201547	0.00219054985242518	0.000175648873733467	4.16793937672635e-06	
2.39281962686371e-06	7.77666378730705e-05	5.62312612312971e-05	0.00048753699897348	0.00188614007087532	0.00517746346762635	0.0141373765604175	0.0339367625629012	0.0640593706405817	0.10888585532534	0.156849326540916	0.18644850532522	0.183723681975129	0.13467865628821	0.073838226250667	0.0279313835043801	0.00664665471852066	0.00109890241363716	7.77666378730705e-05	
3.00445560766617e-05	0.000118375550942047	0.000203702090199766	0.000861677868278657	0.00289329075018252	0.00767518229534399	0.0208911816223459	0.0438175814733249	0.0795141194391282	0.126816869417346	0.168475449091002	0.189810689252161	0.166975624851655	0.112793873314125	0.0557650996427702	0.0187802511123997	0.00399832952268214	0.000567241218727373	1.14169313091314e-05	
5.39467114384411e-06	0	8.27182908722764e-05	0.000165436581744553	0.000309294478913729	0.00144277482702586	0.00412272756970664	0.0116411009205107	0.0280319100792237	0.0559331492351855	0.0969098724280156	0.141858272398525	0.176999160229525	0.185953115512497	0.150181650565571	0.0910152950915086	0.0405457489092275	0.012335215274352	0.00217585069468379	0.000278724675765279	1.25875660023029e-05	
1.25768912200722e-05	1.79669874572461e-06	0.000181466573318185	0.000195241263702074	0.000603091878981559	0.0022344943400995	0.00634234657240786	0.0164206287367591	0.0372485594967806	0.0703940579579081	0.114977340634318	0.156650570242237	0.181679182669763	0.176162718620806	0.128877799930408	0.0710420673055328	0.02801472574292	0.0076012334935789	0.00125768912200722	9.88184310148533e-05	3.59339749144921e-06	
9.57259557339249e-06	3.17092228368626e-05	1.73503294767739e-05	0.000204015943157927	0.000308716207241908	0.0010194814285663	0.00345451042754802	0.00988191006785774	0.0233858509857979	0.0482674200299383	0.0866020755780352	0.130831056850449	0.168272469574103	0.179490953298896	0.161143279020819	0.108768617202672	0.0536490136038549	0.0197309143384319	0.00430228342301659	0.000585723191646953	4.30766800802662e-05	
5.09939011294249e-05	3.9595264406377e-05	3.41959101691438e-05	0.000241171155929751	0.00049374094858255	0.00187837534630858	0.00571191685474417	0.0146028534987216	0.0319749757928952	0.0611344883151975	0.10224997090348	0.14601833620699	0.174575520767716	0.174800493860934	0.144517915657287	0.0883274360386498	0.0383690110662765	0.0123669209162584	0.00232232225025887	0.000280166492087546	9.59885197730351e-06	
3.66604163661715e-05	6.55079571133228e-05	7.93307370546661e-05	0.000352180393288139	0.000891869801432761	0.00326818597047935	0.00870354343958844	0.0205965431030338	0.0420056252704457	0.0755024280013462	0.118829631232271	0.157762993413145	0.174341314486273	0.167758666282033	0.124912255396894	0.0697503485744507	0.0265060820231742	0.00737355161305832	0.00113767488821578	0.000125006009904322	6.00990432232319e-07	
5.04516322003939e-05	4.74485588551323e-05	0.000193998538103896	0.000609623889088093	0.00159763501967914	0.00446436883506581	0.012424315044016	0.0276084544923274	0.0528306669045101	0.0917114575056112	0.136749749693837	0.166278369283124	0.174189065089212	0.153615610215495	0.104484129057678	0.0509147061102332	0.0173787854490285	0.0042289278847973	0.000551964880859071	7.027191627912e-05	
4.18818345918825e-06	3.7095339209953e-05	8.37636691837649e-05	0.000322490126357495	0.000987812984445685	0.00244230926862949	0.00663228766358596	0.017226596879564	0.0359184596579211	0.0672251310153533	0.107874443046389	0.150166121305349	0.171731077936709	0.169024314798228	0.136314003670045	0.0835907570380927	0.0366872904786436	0.0110711638184028	0.00233042493907689	0.000306335704443483	2.39324769096471e-05	
1.61805024944941e-05	3.89530615608192e-05	0.000121054129773623	0.000521971024914978	0.00138013693499333	0.00373170329752648	0.00961541342682068	0.0238440678981827	0.0468161864952732	0.0808959204158988	0.123900100379043	0.161284851753637	0.174453383672674	0.160114462073202	0.114928311384781	0.0648730280012585	0.0251834539380047	0.00693124784634515	0.00119016585015057	0.00014682307819078	1.25848352734954e-05	
1.73352286516659e-05	4.54302543974693e-05	0.000312034115729986	0.000786062954377265	0.00250404389040788	0.00584735195415848	0.0137265122595933	0.0319296978768529	0.0598573490011919	0.0963503963789696	0.138685415812359	0.166978900037898	0.171303740703236	0.146731352972753	0.0952499082428414	0.0484806568736573	0.0164660761530617	0.00404687924040615	0.000606135236303077	7.35252801432727e-05	1.19553301045972e-06	
5.94467846194955e-05	0.000108685535516451	0.000491787036397645	0.00131383398734804	0.00352537446970766	0.00858195399779627	0.0195243656757868	0.0411900165430194	0.0740094454335562	0.112432484365195	0.150011258860723	0.1730742094028	0.164047305229215	0.12763945224892	0.0758162674024457	0.0347415415932339	0.0108739578047924	0.0022703867944072	0.000264207931642202	2.40189028765639e-05	
5.41945367089705e-06	8.24961281014329e-05	0.000325167220253823	0.00059011828860879	0.00220511548253611	0.00543089473975783	0.0117174609979984	0.026266285458281	0.0529649228871959	0.0890657102735981	0.129568900525326	0.158987501535512	0.171180670133511	0.15203494463727	0.108472171707561	0.0593460285039177	0.0239877062704283	0.00633895431039258	0.0013109056268381	0.000115012850126815	3.61296911393137e-06	
3.38649730954883e-05	0.000126388917445662	0.000441454113566187	0.00111331099051418	0.00320084468918607	0.00720114463609063	0.0164656337043564	0.0355878536017213	0.0657440074115913	0.104161400461773	0.142366532698446	0.165205433393041	0.165616650923486	0.138940123099177	0.0894869819415031	0.043843045525409	0.0161342407533505	0.00372030918720436	0.000553329471113783	5.74495079298463e-05	
5.17848091394705e-05	0.000238210122041564	0.000525158887979101	0.00164431999844036	0.00455036164073771	0.0107761141653995	0.0223247358365501	0.0462749054470308	0.0804711564705424	0.119200710609428	0.152076753616407	0.167800449370297	0.156723983311888	0.121685162982025	0.0710268257496003	0.0317398233711545	0.0102418167816899	0.0022888885639646	0.000342388973369205	1.64492923148906e-05	
9.3418540876143e-05	0.000360767654567736	0.000734441818072308	0.00231948403464845	0.00653069352203879	0.015065583503269	0.0304710384085414	0.0589354219752367	0.0955647089336396	0.133232662563626	0.160284705295233	0.165481111631469	0.143908803837044	0.101989692001529	0.0554291537140631	0.0216657263353013	0.00640777438930702	0.00131277633757527	0.000188680868743262	2.33546352190357e-05	
1.84960720508321e-06	9.37134317242162e-05	0.000527754589183744	0.00105735878557257	0.00363447815798852	0.00901436898184056	0.0209024110246454	0.0402628661759864	0.0716204901952322	0.111316760030728	0.147447603710559	0.164715536577216	0.159741942802747	0.126698710083935	0.0826694271026643	0.0420600678435923	0.0140070753640952	0.00356850883434055	0.000598656198711934	5.91874305626628e-05	1.23307147005548e-06	
1.23080255711539e-05	0.000148927109410963	0.000716327088241159	0.0015914277063502	0.00575154034940023	0.0131683565585776	0.0280296820344674	0.051587242977656	0.087126666814363	0.125436627207137	0.157961815581468	0.163632738363377	0.148682795103375	0.10968235447606	0.0651236095008111	0.0299694268644813	0.00913009336868198	0.00196805328882751	0.000267699556172598	1.23080255711539e-05	
6.18146302866963e-07	4.38883875035543e-05	0.000304746127313413	0.00107124754286845	0.0029337223534066	0.00867753779964642	0.0187168519045088	0.0374782103428239	0.0646581032798843	0.103917811267571	0.137970254799906	0.161431997725222	0.158971157293508	0.13570289416099	0.0914751443371617	0.0490326010360132	0.0204995858419771	0.00582293817300679	0.00113800734357808	0.000148973258990938	3.70887781720178e-06	
2.04334238802329e-05	2.29102025323823e-05	8.04953061948568e-05	0.000471207138571431	0.00175170170173269	0.00485200937956076	0.0122247602323466	0.0246680961807454	0.04703650338297	0.0792432945861953	0.119131814779062	0.149740464556988	0.160770798284335	0.150770185281619	0.120902092320686	0.0738581586017594	0.0372451781763603	0.0133219731752488	0.00335479668433642	0.000444581768060825	8.85448368143425e-05	
4.93222202150819e-05	2.83602766236721e-05	0.000203454158387213	0.000786072884677867	0.00268682794621658	0.00735086039530526	0.015965602683622	0.0323430459060399	0.0587211858048184	0.095211613903194	0.132414748083678	0.158582035491037	0.158258974948628	0.139407405854671	0.102880602618887	0.0586083612260764	0.0258688879750578	0.00867207936931677	0.00172936034629131	0.000212702074677541	1.84958325806557e-05	
4.08712765338185e-05	7.61691971766618e-05	0.00041738243005748	0.00146207702873251	0.00425432833011111	0.0101769478569208	0.0220661544959023	0.0412347831902632	0.0715278302430107	0.110148709520407	0.143429694592482	0.162228004750976	0.152564424897791	0.126837194843283	0.0844629700041986	0.0447936805575338	0.0182737954429765	0.00511076735202431	0.000783366133564855	0.000110228594288177	6.19261765663917e-07	
3.09927024582792e-06	8.1820734489857e-05	0.000203931982175477	0.000788454350538622	0.00245648159684321	0.00615577056226341	0.0142386673633826	0.0288511067184121	0.05245328934849	0.0851406727771879	0.12488943353398	0.151876639126551	0.161715582448957	0.143514808003308	0.111159046490913	0.0679434420371379	0.0327481291255161	0.0121764129418087	0.00308997243509043	0.000429558856071749	8.36802966373538e-05	
4.94498090619248e-06	3.70873567964436e-05	0.000179873680462751	0.000425886480545827	0.00123871771700122	0.00394733100836814	0.00906476812366408	0.0191030793632348	0.0370978648808692	0.064717437609794	0.0995715174044784	0.137693611455543	0.158822278622477	0.157409250328532	0.130849757881372	0.0944812776841665	0.0529774348158798	0.0227586564981376	0.0077728918619213	0.00164791488698864	0.000169983718650366	2.84336402106067e-05	
1.42528618817124e-05	2.91254134104558e-05	7.31233783496549e-05	0.000288775375516434	0.000845256678550249	0.00189439125097369	0.00557844620257283	0.0130264960702381	0.0254326828037982	0.0471081872776476	0.0786714597595232	0.113602745473012	0.147937889746057	0.161682606117204	0.148991981835657	0.117274406631671	0.0770974480560646	0.0388880041097817	0.0157741999651734	0.00492715238354327	0.000733092852437642	0.00012083948117104	7.43627576437169e-06	
1.23030285134989e-05	3.56787826891468e-05	0.000189466639107883	0.000351866615486068	0.00123337860847826	0.00304869046564502	0.00783149280026771	0.0176142459227763	0.032896452790819	0.0580475339809648	0.092796207714491	0.128144038936625	0.156494522691706	0.158351049694393	0.139402540329327	0.101244697394711	0.0598148640269289	0.0285971594767768	0.0104969439277172	0.00297056623458431	0.000375242369661716	5.10575683310204e-05	
6.13973044127471e-07	4.05222209124131e-05	0.000104989390545797	0.000214276592400487	0.000574064796259185	0.001864022161971	0.00465821348579512	0.011275614955401	0.0231081034618256	0.0430174073637471	0.0716936323627647	0.107322488113482	0.140371429132775	0.159351791818932	0.152722110888444	0.12493307693819	0.0839466924044167	0.0460473643365162	0.0201100730873512	0.00683658984635939	0.00153370466423042	0.000250501002004008	2.27170026327164e-05	
3.40492761123898e-05	9.34807398721976e-05	0.000246392943504203	0.000407353157853682	0.000993000706986788	0.00273013286646617	0.00668665875072587	0.0153778912478503	0.0300339378421178	0.0546521835491232	0.0855373532940508	0.120137608601714	0.15068166650777	0.159984547819422	0.142393453624267	0.110111644480984	0.0668907315394111	0.0343099078440865	0.0138128627021753	0.00402710074747447	0.000700796010167733	0.000149197737147017	8.04801071747396e-06	
2.8578120466718e-05	4.22459172116701e-05	0.000102508475587141	0.000369651775602113	0.000654190453292479	0.0018873984777802	0.00386550142486781	0.00966934493356519	0.0210670448918784	0.038468635202156	0.0659614083546271	0.100306096520738	0.131480477105509	0.155537663167089	0.156837346384837	0.129283689410502	0.0943792428413361	0.0531571678585607	0.0252090085690873	0.00912263306376711	0.00214211650802703	0.00038828968025432	3.97608632580424e-05	
1.43386872744774e-05	5.1743958425288e-05	0.00016395977187772	0.000582898808766798	0.00120881367935703	0.0031102482961899	0.00606277103236055	0.0133112891602018	0.0272696895113126	0.0497334251009319	0.0787935802579966	0.114059893320167	0.141871959263166	0.157740522127712	0.147844334223579	0.115673307349138	0.077070444100316	0.0409469269076065	0.0174177645113749	0.00560517988194896	0.00116205709041852	0.000286773745489548	1.80792143895584e-05	
1.18942687153188e-05	7.82517678639396e-05	0.000326779382599812	0.000706143953204191	0.00170651455357679	0.00469072397283599	0.00861520663474829	0.0187222049720547	0.0347081021254432	0.0622176676215469	0.0944980869007793	0.127119683887898	0.148747846511348	0.155765465053386	0.135050031050302	0.0998968328692482	0.0612235571626034	0.0301482151084757	0.011779708127166	0.0032289809491376	0.000605355676195437	0.000147113323584206	5.63412728620365e-06	
3.44270924943305e-05	0.000178394933834258	0.000522039911641302	0.00114172757653925	0.00273038140836854	0.00660499418182137	0.0119393156770338	0.0241045982702577	0.0457179269381984	0.0749584214614739	0.108689460740283	0.13701732433889	0.151849141732584	0.15154680926577	0.119534620823133	0.0848896987253838	0.047848025042893	0.0213573162892101	0.00700059277193804	0.00196484806072188	0.000318607092356622	5.13276651733654e-05	
5.98372799967089e-05	0.00023872581498687	0.000822139294954782	0.00157259851491351	0.00430205110976339	0.00881415600451522	0.0170255760740636	0.0321768740132303	0.0570835185068604	0.0871187165402085	0.122860895153243	0.144675323542043	0.154326578161512	0.141509557447217	0.102869010584342	0.0696025994311719	0.0347866520480867	0.0146345780941951	0.00429394814476383	0.00106647485494134	0.00015146311499167	8.72626999952006e-06	
0.000110087566262452	0.000409252082489795	0.00120971930158458	0.00244991482207797	0.00597582676073245	0.0122868919294619	0.0228783109457517	0.0411478712361092	0.0677542323071555	0.101046702628605	0.133941738176937	0.149562355276833	0.150449275443445	0.128108963055981	0.0893077606758506	0.0553989243760616	0.0251372829269112	0.00969205957665422	0.00250402565973239	0.000576560304662675	4.66472738400222e-05	5.59767286080267e-06	
2.45766820127565e-06	0.000193541370850458	0.000557276264639254	0.00181621680074271	0.0034825158412076	0.00853609608008066	0.0168387136810401	0.029442250634232	0.0520306790721565	0.0817506462131327	0.114771876165472	0.140972462442222	0.150509443897272	0.143324450910843	0.112786080258842	0.0750836068001221	0.0423216608430171	0.0181357480742634	0.00563911968782699	0.0015464877156527	0.000246381237177884	1.22883410063783e-05	
3.83950152300227e-05	0.000282782334392548	0.000763634191797118	0.00247983042811051	0.0049279697325391	0.0113685811762039	0.0222148682563422	0.0378452961230786	0.0635364368694533	0.0958065330032581	0.128502021528024	0.144630365703378	0.148413188870565	0.133262393971861	0.0971503585363089	0.0612601609665305	0.0308104761103777	0.0121687820491724	0.0035780497526264	0.000809342543261431	0.000139562833137702	1.09700043514351e-05	
4.25047180237006e-05	0.000493054729074927	0.00128485690483072	0.00348903013948834	0.0074158588746208	0.0152907687038976	0.0291558077232287	0.0472385291910259	0.0764587012015477	0.110082361999325	0.138079612551279	0.147156798690369	0.143876041669197	0.11907636033314	0.0814742579283443	0.0471650567498707	0.021393231791586	0.00798785093716831	0.00236690558366264	0.000411081344314933	6.13282360056252e-05	
