# <P(U)> as a function of N_tot.
# number_of_species: 1
# species_total_upper_bound: 151
# species_total_lower_bound: 97
# volume: 729
# Bin widths for each
10	10	10	10	10	10	10	10	10	10	10	10	10	10	10	10	10	10	10	10	10	10	10	10	10	10	10	10	10	10	10	10	10	10	10	10	10	10	10	10	10	10	10	10	10	10	10	10	10	10	10	10	10	10	10	
# Bin lower bound for each
-250	-260	-260	-260	-260	-270	-270	-270	-270	-280	-310	-310	-320	-320	-320	-320	-320	-320	-330	-330	-350	-350	-360	-360	-360	-360	-370	-370	-370	-370	-380	-380	-380	-380	-390	-390	-400	-410	-410	-410	-420	-430	-440	-440	-450	-450	-460	-460	-460	-460	-460	-460	-470	-470	-470	
# Bin upper bound for each
-100	-100	-100	-110	-110	-110	-120	-120	-120	-120	-130	-130	-130	-130	-140	-140	-140	-140	-150	-150	-150	-150	-160	-160	-160	-170	-170	-170	-170	-180	-180	-190	-190	-190	-190	-200	-200	-210	-210	-210	-220	-220	-220	-230	-230	-230	-240	-240	-240	-250	-250	-250	-260	-260	-270	
# Normalized histogram for each
3.19839108135044e-06	6.26884651944686e-05	0.000460568315714463	0.00211733489585399	0.00697441159199276	0.0194372622795829	0.0494970210185468	0.0992371197592763	0.164933351926647	0.220541218945222	0.213665317798535	0.145361117543431	0.0607195356447892	0.0153612326855099	0.00160623200105419	2.23887375694531e-05	
4.44836748090856e-06	1.20741403053232e-05	0.000149973532213489	0.000849638188853535	0.00337440447480349	0.0100444137718915	0.0276599489962894	0.0649258298270665	0.120655613108958	0.184389915932209	0.222638885976267	0.194610357960131	0.118243326972168	0.0427602501507679	0.00888084793509959	0.000790538449464321	9.53221603051834e-06	
9.46608742625918e-06	9.15055117871721e-05	0.000254953288013914	0.00148491358093252	0.00492425867914002	0.0145550560266161	0.037580998154744	0.081882287309637	0.14152242453004	0.20162640003433	0.218749921115938	0.172113032656739	0.0911155089852102	0.028687293481526	0.00506309462805849	0.000337623784869911	1.26214499016789e-06	
1.62636207824053e-05	0.000185780591245168	0.000544831296210576	0.00225689014549685	0.00713847847572342	0.0209381607095943	0.0507037143607771	0.100827568088274	0.161355760449376	0.212595548772097	0.207563834711571	0.146016663956063	0.0685036217832435	0.0186600027523051	0.00252649093615903	0.000166389351081531	
6.61246524556887e-05	0.000216464664170981	0.000874592101347882	0.00367740402100269	0.010833214288165	0.0286868704512009	0.0668938194035931	0.118238988217959	0.179845954512477	0.215477161106478	0.192853796521968	0.120355600914017	0.0488268176637661	0.0117327590885528	0.00133933612096569	8.10962718796182e-05	
7.46472915474384e-06	0.00011694742342432	0.00047587648361492	0.0014357162407624	0.00534910050013685	0.0157300505113339	0.0390623056060116	0.0834338998233347	0.138035905347234	0.194530841772624	0.214712981164	0.170164721690015	0.0954832168006171	0.0340995048396327	0.00663054567170121	0.000715369877329618	1.5551519072383e-05	
1.36880870711662e-05	0.000214031906930963	0.000882881616090222	0.00227408901114148	0.00791046995558216	0.0229704766627448	0.052453371842485	0.100798451006292	0.156960672259287	0.204612014282897	0.205973356760702	0.146971479626216	0.0720795999594335	0.0220925725328623	0.00344877575615793	0.000344068734107042	
3.64030571163966e-05	0.000358477562451296	0.00145859028852816	0.00378098193236065	0.0117945905057125	0.0314941974143957	0.0675572869973833	0.119227416067816	0.17454031885376	0.209322514427025	0.190694638199887	0.121175288124027	0.0526209275622353	0.0139109038262081	0.00187629994391461	0.000151165237178257	
0.000133642167860721	0.000579526635746262	0.00211795122245632	0.00583837673419189	0.0178218297398781	0.0423356216731876	0.0837302054086279	0.138594934284389	0.189628998256493	0.206304091975373	0.168939712601594	0.0966928798285931	0.037640285784846	0.00864363053421763	0.00094842828804383	4.98848645010066e-05	
6.14236277040216e-07	0.000210683043024794	0.00090906969001952	0.00338689883159975	0.00907779793837736	0.0248016323943299	0.054663343238917	0.101127860651901	0.156061467852716	0.198451756040092	0.197187657781944	0.148078853196301	0.0747857236747545	0.0257260579912754	0.00513440103977917	0.000392496981028698	3.6854176622413e-06	
1.22511635542586e-06	0	1.59265126205361e-05	3.00153507079335e-05	0.000344870254052379	0.00155099730596913	0.00525268637388836	0.0132716854783283	0.0334138234778848	0.0688184610333366	0.119341646972921	0.173646767101705	0.202561963322467	0.183962246814391	0.124166155180588	0.0544766364185439	0.0162989479925856	0.00270811970366886	0.000137825589985409	
1.10123332013893e-05	3.67077773379642e-06	5.2002684562116e-05	0.000107064350569062	0.000648504066304035	0.0024973524515595	0.00768660857456971	0.0189840388466172	0.0437825896235679	0.0846199919120531	0.137826079774565	0.18705426816622	0.200874134537675	0.165549628609063	0.0996120599731666	0.0389861067180739	0.0102769540620521	0.00138449500193022	4.3437536516591e-05	
6.09273137147383e-07	1.2794735880095e-05	1.40132821543898e-05	7.37220495948334e-05	0.000250411259367574	0.000995552306098824	0.00370681776640468	0.0107713397916286	0.0265618716870773	0.0563589837324072	0.100776213976726	0.157415463352221	0.196101870468531	0.192186681289222	0.144336196917078	0.0765125205629684	0.0271613964540303	0.00606653262657649	0.000680558094193627	1.64503747029793e-05	
1.82755106329967e-06	3.10683680760944e-05	2.31489801351291e-05	0.000180927555266667	0.000412417356617958	0.00176236840870865	0.0057050052359338	0.0155548962834312	0.0352747814401224	0.0709729455432426	0.118935804832167	0.174024894900584	0.199251800594685	0.17844208582058	0.120835848754311	0.0569854788884347	0.0179203565430288	0.00341203783518048	0.000271086741056117	1.21836737553311e-06	
9.20862885358096e-06	2.70119779705041e-05	4.35875099069499e-05	0.00021302628081284	0.000727481679432896	0.00276320256466453	0.00882309425891104	0.020999357237706	0.0463758827238142	0.0878251490109626	0.137414843204677	0.18620707013967	0.194884668062695	0.161941105293304	0.0977023243193135	0.0404258806672204	0.0116519850427311	0.00183681450199428	0.000128306895359895	
7.37262862472214e-06	2.3961043030347e-05	0.000110589429370832	0.000433141931702426	0.00114398620826939	0.00432650423127445	0.0127110261347397	0.0287004144646059	0.0591456843703959	0.105237515375003	0.15569148498257	0.194792220893784	0.186221540117544	0.140208964870653	0.0757562166618949	0.0276338408568961	0.00689770846414629	0.000930179978152444	2.7647357342708e-05	
1.22892848496467e-05	3.99401757613519e-05	0.000195399629109383	0.000718308699461852	0.00202527414322178	0.00656370703819633	0.0186766406502506	0.0388912852994346	0.0748749258034427	0.122691304224933	0.169820711623329	0.196494604389487	0.172637415710868	0.117003823196517	0.0563617326416924	0.0186354715460043	0.00400139114704498	0.000348401225487485	7.37357090978805e-06	
2.76492089561318e-05	5.83705522407226e-05	0.000309056713442984	0.00122148060899533	0.00340761139712682	0.00953098954061147	0.0248799870724587	0.0513955784613891	0.0922021243194454	0.140247847509083	0.180780358985041	0.192818210137675	0.155282872912562	0.0933437294359008	0.0407143818282026	0.0113736557108212	0.00223589936425252	0.000165895253736791	4.30098805984272e-06	
2.46882034209209e-06	8.02366611179929e-05	5.80172780391641e-05	0.000498701709102602	0.00192876589225945	0.00526661099476795	0.0142660783467791	0.0342178499413964	0.0642529010182032	0.10902125469153	0.157134859928392	0.185983642830823	0.183316082451193	0.134401962218408	0.0738269863048364	0.0279186548385484	0.00662014174731994	0.00112578207599399	7.90022509469469e-05	
3.09822360251526e-05	0.000122070009939101	0.000210059560250535	0.000868122253424776	0.0029241034360539	0.00778707520256186	0.0210555276026937	0.0440988754687612	0.0797203915163202	0.127063107096915	0.168685262617825	0.189173815301259	0.166579709857556	0.112342827116644	0.0559576361297486	0.0187647010709939	0.00402087459134431	0.000583085681993372	1.1773249689558e-05	
5.56221304388401e-06	0	8.52872666728881e-05	0.000170574533345776	0.000318900214516016	0.00146780621991384	0.00415373709643827	0.0117820032742894	0.028303012061968	0.0559774940499771	0.0970976990360685	0.142226405555786	0.176951919612425	0.185254449615929	0.149850345567936	0.0909242605810288	0.0406350564039304	0.0123320443419624	0.00216308285039934	0.00028738100726734	1.2978497102396e-05	
1.29682222975614e-05	1.85260318536592e-06	0.000187112921721958	0.000201316212809763	0.000618151929517094	0.00226573369570252	0.00635628152899046	0.0166616955147859	0.037409616122094	0.0704637621553927	0.11530787486036	0.157108778066166	0.181409374048611	0.175434111241411	0.1285194057096	0.0709071518510902	0.0282163815819132	0.00756356127145392	0.00124927208133175	0.000101893175195125	3.70520637073183e-06	
9.86116709377847e-06	3.26651159981412e-05	1.78733653574735e-05	0.000210166123686154	0.000318022638774356	0.00103480622190338	0.00347236346289674	0.00995977876471625	0.0236464623679374	0.0486513005030428	0.086826959937776	0.131038269956845	0.16843674616	0.179353674455756	0.160472621085887	0.108170839789316	0.0536638550013991	0.0198098520455142	0.00423598758972121	0.000593518994456791	4.43752519220031e-05	
5.25230529858738e-05	4.07826058478549e-05	3.52213414140565e-05	0.000248403144709662	0.000508546736557342	0.00190504202771116	0.0057435503235729	0.0146533138647884	0.0322948804853377	0.0615106742291624	0.10251634857264	0.146201316536667	0.174560675557687	0.17463853325976	0.14362830485863	0.0881602533959243	0.0383418286796878	0.0124071809518042	0.00225416585049962	0.000288567832287095	9.88669232675271e-06	
3.77551879341847e-05	6.74641882758382e-05	8.16997509395471e-05	0.00036269737917102	0.000916027510534316	0.00330017478795201	0.00880129135121485	0.0207449284260667	0.0423941245500324	0.0759454889358731	0.119010541743621	0.157801831064721	0.174067508751776	0.16746344555083	0.124279556741715	0.0695995226753945	0.0264750518669631	0.00741115771022831	0.0011103738877693	0.000128739001480499	6.18937507117781e-07	
5.19504293950372e-05	4.88581419310469e-05	0.000199761770173774	0.000627734355190033	0.00163582006845088	0.00450422592004829	0.0125441733264231	0.027784202863953	0.0532906267819307	0.0920184349809453	0.136987097739785	0.166057692188758	0.174213909603779	0.153011331378183	0.104181020034312	0.0506961975996428	0.0172797023487779	0.00426302749785704	0.000531873443806334	7.23595266573733e-05	
4.3124027784195e-06	3.81955674660013e-05	8.62480555683901e-05	0.000332055013938302	0.00101711099816723	0.00246361410155709	0.00667929584623204	0.0173549569529794	0.036182907483559	0.0678057570577092	0.108230220702614	0.150353771042215	0.171329914213988	0.168820095796947	0.13560843382772	0.0833981733893946	0.036564863158219	0.0110853393706972	0.00234717922653976	0.000272913490119977	2.46423015909686e-05	
1.66473783153716e-05	4.00770218703391e-05	0.000124547052581669	0.000537032093062544	0.00141995971334448	0.00376354063840846	0.00965856227075173	0.0241165020528684	0.0470738533193331	0.0813298419053973	0.124224586698005	0.161334675810804	0.174125411483115	0.159779687362235	0.114284252135026	0.0647583016467957	0.0251794679867832	0.00690434601390858	0.00117949758212244	0.000136261874359153	1.29479609119557e-05	
1.78304740016318e-05	4.67281387628971e-05	0.000320948532029372	0.000808519769384338	0.0025731218516148	0.0059430814379232	0.0137989423454697	0.0322842251337132	0.0602085919520619	0.0968840324416252	0.138858197929329	0.166797321002023	0.170942598785437	0.146292275900147	0.094762206035431	0.0483562454924254	0.0164194071797785	0.00405120666195696	0.000561352509085856	7.19367399376179e-05	1.2296878621815e-06	
6.11388500338116e-05	0.000111779109657777	0.000505785032097896	0.00135123034216141	0.00359916381815206	0.00869592068006163	0.0197188230462586	0.041609619179072	0.0744059804911488	0.112801795876524	0.150249032740163	0.172727132371786	0.163658202950104	0.127240445510772	0.07540890465736	0.0345718582196243	0.0107894631206134	0.0022429929628566	0.000226028475882576	2.47025656702269e-05	
5.57330412096299e-06	8.48380738413256e-05	0.00033439824725778	0.000606870893171526	0.0022677155212185	0.0055150940556996	0.0118723762896781	0.0265283083597704	0.0534578946162501	0.0894688703098324	0.129604710308941	0.158873845784198	0.17061741682308	0.151871298784215	0.108378471936246	0.0590832162423421	0.0238054396686733	0.00627058639209681	0.00123851202688067	0.00011084682640582	3.71553608064199e-06	
3.48015441942324e-05	0.000129884334582046	0.000453662986817672	0.00114410076538539	0.00328563864562333	0.00731205301766675	0.0166599963706961	0.035951859521081	0.066324285760451	0.104601634181082	0.142065496506174	0.165098525657438	0.164992878112563	0.138890477054596	0.089300140946254	0.0436038490507879	0.0158583179419361	0.00369952843907617	0.000536316654278974	5.65525093156276e-05	
5.32174320272523e-05	0.000244800187325361	0.0005396873694999	0.00168980998872417	0.00467374270686398	0.0109389996750606	0.0226180346990179	0.046771235790163	0.081231088246398	0.119670978530836	0.152148638165914	0.167045136521496	0.156087354223367	0.121492266881039	0.0707222106396047	0.0313663544368625	0.0100856425003177	0.00226581042948972	0.000338087215231956	1.69043607615978e-05	
9.59425152845264e-05	0.000370514845210638	0.000754284906348743	0.00238215166239344	0.00668883443730346	0.0153110367977418	0.0307842921904055	0.0596339540561592	0.0964556815011469	0.133529258048756	0.159994874649841	0.164502279265939	0.143580498926328	0.10158418766356	0.0552502647887182	0.0212885079802712	0.00630253957313155	0.00128196874041364	0.000184941822226094	2.39856288211316e-05	
1.89780929546993e-06	9.61556709704764e-05	0.00054150825230742	0.00108491431391031	0.00371591060053012	0.00922904660387027	0.0212769726146119	0.0406415860624885	0.0724982128962468	0.112208607197758	0.147433845530975	0.164061185371686	0.158885859422939	0.126230254875788	0.0823136825724172	0.0420567191938106	0.0135661734471175	0.00351853843380125	0.000578199232019838	5.94646912580578e-05	1.26520619697995e-06	
1.26211153784505e-05	0.000152715496079251	0.000734548915025817	0.0016167648799795	0.0058839639894336	0.0134421189338187	0.0285577977668198	0.0522381654956375	0.0881092685685005	0.126321588544066	0.157904036611331	0.162431861753351	0.147555353056771	0.109043281590967	0.0650662671662946	0.0298968981084734	0.00881016958992734	0.00195248654904629	0.000257470753720389	1.26211153784505e-05	
6.33858167896352e-07	4.5003929920641e-05	0.000312492076772901	0.00109847620496438	0.00299117669430288	0.00887971907405999	0.0191006820313887	0.0380783955782054	0.0654300093811009	0.10500494409371	0.138504348267032	0.161107096676048	0.157750183818869	0.134568722902563	0.0910581628254862	0.0487867954666464	0.0203842448213788	0.00563753454527015	0.0011124210846581	0.000145153520448265	3.80314900737811e-06	
2.09560665590075e-05	2.34961958388872e-05	8.25542015960902e-05	0.000483259595497113	0.00179650643319492	0.00494944190184559	0.0125069615418077	0.0251402945152894	0.0476756864540621	0.0800331232858096	0.120111283063752	0.149605359164755	0.160383762731604	0.149807934474825	0.119767095546328	0.0735411878787571	0.0370757269691241	0.0132829710368109	0.00318087689072935	0.000440712430059128	9.08096217556993e-05	
5.05417123911221e-05	2.90614846248952e-05	0.000208484563613379	0.000805508541233508	0.00275325978250638	0.00748143697669585	0.0162674819044875	0.0328451635687756	0.0592569989215662	0.0960741093128791	0.133027682327648	0.158232202525696	0.157882832938792	0.138507667493655	0.101797958241174	0.0584186382672785	0.0258647213161567	0.0086066218488032	0.00167040359452659	0.000200271535349821	1.89531421466708e-05	
4.18545895459919e-05	7.80017350629848e-05	0.00042742414172725	0.00149725281694071	0.00435668227546915	0.0103501326663657	0.0224765487466453	0.0417296599378015	0.072085018086256	0.110799879255851	0.143750221956157	0.161786379248241	0.152221337216086	0.125804115447641	0.0838271329352497	0.044610016691103	0.0182625525719011	0.00502698986865269	0.000756553414066186	0.000111612238789312	6.34160447666543e-07	
3.17257272805722e-06	8.37559200207105e-05	0.000208755285506165	0.000807102502017756	0.00251458114425815	0.00629819137973919	0.0145011954254039	0.0294173633636377	0.0530447814985711	0.0854786270120456	0.125517129354673	0.151744788097522	0.161379256958086	0.142869198633509	0.110260861619992	0.0675066370221471	0.0327003416226314	0.0121496845193679	0.00299744671346846	0.000431469891015782	8.56594636575449e-05	
5.06568291104534e-06	3.79926218328401e-05	0.000184264215889274	0.00043628194071378	0.00126895356921686	0.00404368138374194	0.00927083293757686	0.0194243611224034	0.0376924801203606	0.0652516947875389	0.0999870825085768	0.138470442373424	0.158640725304479	0.156766422627392	0.129736571824418	0.0936163530375734	0.0528863628016772	0.0227075568591246	0.0077954527897349	0.00157922664751839	0.000169067167156138	2.91276767385107e-05	
1.45920383301125e-05	2.98185131093603e-05	7.48635009979685e-05	0.000295647385297062	0.000865371316620585	0.00193947222500669	0.00570675585997226	0.0132850992448937	0.0258196601704604	0.0475979601599287	0.0793806885158121	0.114297532930424	0.148522841615478	0.161392384986188	0.14795692430285	0.115957853117811	0.0765231867489066	0.0388344894880225	0.0157403683030475	0.00492639902753581	0.000716913187522919	0.000113564124395223	7.61323738962392e-06	
1.25914057360149e-05	3.65150766344432e-05	0.000193907648334629	0.000360114204050026	0.00126228842503549	0.00311574334937688	0.00797602596347863	0.017946530595542	0.0333823348873227	0.0586306216691797	0.0935598107511718	0.128589731079052	0.156863732659273	0.157894968789053	0.138147237602974	0.10018792673061	0.0593477022258457	0.0285503829361269	0.0105176012112932	0.00299549542459794	0.000377112601793646	5.1624763517661e-05	
6.27738903302472e-07	4.14307676179631e-05	0.000107343352464723	0.000219080877252563	0.000586935874587811	0.0019058153104263	0.00475198349799971	0.0114838554970154	0.0235144715788073	0.0436052551790029	0.0722860179319895	0.107922127733568	0.140822551394553	0.159178264666021	0.152210990578267	0.123577308243028	0.0831572002593817	0.0457828814345592	0.0201535574905259	0.00690450019742389	0.00151912814599198	0.000245445911191266	2.32263394221914e-05	
3.4791079567199e-05	9.55173275390372e-05	0.000251760903049913	0.000416227824640308	0.00101463439319613	0.00278961201620632	0.006819051595171	0.0156692696719834	0.0303732450272477	0.0552634159147049	0.086212295167519	0.120679501412202	0.151098923690511	0.159851726744535	0.141507339336376	0.108653174053445	0.0663491189949806	0.0341705332207368	0.0138107934580119	0.00408257504594004	0.000703412372340459	0.000144857404016156	8.22334607951976e-06	
2.91831324032373e-05	4.31402826830464e-05	0.000104678627098569	0.000377477473476656	0.00066803996566541	0.00192735557045728	0.00394035729035884	0.0098499416020144	0.0214293010068815	0.0389341051214494	0.0665762412506114	0.100901314700115	0.131899511055649	0.155899465377703	0.156294072081068	0.128384846848824	0.0931195690031994	0.0527009306247157	0.025200903662039	0.00913178277852604	0.00217224011627575	0.000376208641633037	3.93337871521894e-05	
1.46448123617498e-05	5.28486706967492e-05	0.000167460245701748	0.000595343459053741	0.00123462135519273	0.0031753773586107	0.00617756389276941	0.0134948762258663	0.0275882795656476	0.050285828533443	0.0795818205666651	0.114719182539309	0.142247609393565	0.157843061096884	0.147051744579191	0.114705174457919	0.0761090898440136	0.0405266529217674	0.017378298425619	0.00561660390621717	0.00117604210574573	0.000239410845565997	1.84651981952497e-05	
1.2137620170425e-05	7.98527642791116e-05	0.00033346514362957	0.000720591344854703	0.00174142908339887	0.0047815835250332	0.00875186296499063	0.0189219110235783	0.035047058831045	0.0627712997666383	0.0954329968231376	0.12777975457732	0.148762505741414	0.155808074839288	0.134326403603979	0.0990097618407276	0.0603769944824934	0.0297071447781722	0.0116923611568046	0.00321199759036298	0.000601131609493152	0.000123931490161181	5.74939902809604e-06	
3.51413224254669e-05	0.000182095943477419	0.000532870234597079	0.00116541403825548	0.00278702633490703	0.00672860484477439	0.0120969210451157	0.0242717919327025	0.0462287291172691	0.0756151807957146	0.109538696665855	0.137208335010533	0.151973440827444	0.151393289540856	0.118696525289932	0.0841161861570025	0.0471564600293015	0.0210074825459441	0.00692731304976203	0.00196919192209616	0.00031691083496421	5.2392517070696e-05	
6.11170671956688e-05	0.000243831632666054	0.000839723037823825	0.00160623292223617	0.00439406247692194	0.00896128997756494	0.0171089589980875	0.0324531626809001	0.0576493102684313	0.0878850693551385	0.123546241427695	0.144850632434318	0.154476570517636	0.140946143131078	0.101983376157723	0.0689145863520496	0.0340543025142034	0.0144981142838226	0.00428710760932952	0.00107782494544028	0.000153429304105794	8.9129056327017e-06	
0.000112392155916495	0.000417819427079398	0.00123504374721798	0.0025012017070908	0.00609902066428209	0.0124513999173251	0.0231089702275084	0.0415044547297731	0.0684087239172413	0.101742205413492	0.134560079957177	0.14974635566847	0.150330540885663	0.127288878954918	0.0882824510125771	0.0548651516373378	0.0246462663262306	0.00959397222453286	0.00246373765511864	0.0005886301047152	4.6988810948139e-05	5.71485538558447e-06	
2.50796907172541e-06	0.000197502564398376	0.000568681987013736	0.00185338914400508	0.0035537921746349	0.00869951771754751	0.0170918092238087	0.0296072018839864	0.0524065217227741	0.082447602256169	0.115403569843177	0.141429391892739	0.150359642764885	0.143126032969761	0.111894294119565	0.0742722500746121	0.0419200760416223	0.0177576750123517	0.00561534275159319	0.00152923414148457	0.000251423899440472	1.2539845358627e-05	
3.91590622461265e-05	0.000288409601304805	0.000778830238006294	0.00252917816316649	0.00502603456066951	0.0115761646868549	0.0225108666397733	0.0380004512615745	0.0641232752142405	0.0964618233329583	0.129106806653063	0.145033356683737	0.148109518573516	0.133043224767423	0.0959807262825059	0.0605529632532603	0.0303650556959964	0.0119677553093162	0.00353053132631744	0.000822340307168657	0.000142340083402587	1.11883034988933e-05	
4.33279317845042e-05	0.000502604008700249	0.00130974148080016	0.00355660422905373	0.00755948615548785	0.0155373963379232	0.0294908472838958	0.0473654760563659	0.0772586541354035	0.110817994213864	0.138568915551385	0.147069855767505	0.143617857545188	0.118568742239658	0.0804345915352077	0.0466592307682785	0.0209614344268891	0.00785968682570906	0.00233599449363884	0.000419042997401562	6.25160158604989e-05	
