# <P(U)> as a function of N_tot.
# number_of_species: 1
# species_total_upper_bound: 151
# species_total_lower_bound: 97
# volume: 729
# Bin widths for each
10	10	10	10	10	10	10	10	10	10	10	10	10	10	10	10	10	10	10	10	10	10	10	10	10	10	10	10	10	10	10	10	10	10	10	10	10	10	10	10	10	10	10	10	10	10	10	10	10	10	10	10	10	10	10	
# Bin lower bound for each
-250	-250	-260	-260	-260	-260	-260	-270	-270	-270	-310	-310	-320	-320	-320	-320	-320	-320	-330	-330	-350	-350	-360	-360	-360	-360	-370	-370	-370	-370	-380	-380	-380	-380	-390	-390	-400	-410	-410	-410	-410	-420	-440	-440	-440	-450	-450	-450	-450	-450	-460	-460	-470	-470	-470	
# Bin upper bound for each
-100	-100	-110	-110	-110	-110	-120	-120	-120	-120	-130	-130	-130	-130	-140	-140	-140	-140	-150	-150	-150	-150	-160	-170	-170	-170	-170	-170	-170	-180	-180	-190	-190	-190	-200	-200	-200	-210	-210	-210	-220	-220	-220	-230	-230	-230	-240	-240	-250	-250	-250	-250	-260	-260	-270	
# Normalized histogram for each
3.03506409549526e-06	4.14792093051018e-05	0.000355102499172945	0.00196065140568994	0.00705146558186731	0.0193293115361775	0.049938944627279	0.0996239555585681	0.163284424961581	0.217559464493291	0.215434919626444	0.145779186946796	0.0612394999428396	0.0169154238922269	0.00144873726158307	3.43973930822796e-05	
6.04499897235018e-06	0.000117877479960828	0.000661927387472344	0.00324314194866587	0.00972438834685398	0.0273304478538239	0.0663106162271952	0.119245664728237	0.182905548906057	0.220425850027606	0.195860989203632	0.11951970468165	0.0439159100342953	0.0100689532882779	0.000655882388499994	7.0524988010752e-06	
2.00374299190889e-06	5.41010607815399e-05	0.000174325640296073	0.00123330381151992	0.00467573427161938	0.0145281385628354	0.036373946532122	0.0832475063418466	0.141512345060573	0.200388325391832	0.216776939322655	0.173538169300253	0.091484893781584	0.0301423058272854	0.00566658518111833	0.000201376170686843	
1.09553569205488e-05	0.000136443990737744	0.000444189926051341	0.00181161765804347	0.0070582376814481	0.0203500734506884	0.0507023877698379	0.102304110748699	0.160776834399821	0.210313970569928	0.205955730398626	0.14791325349202	0.0693334661255384	0.0200443193984513	0.00275776211936359	8.66469138261584e-05	
2.28905374499145e-05	0.000186110021875392	0.000862873737785908	0.00352812848956291	0.0104928233188891	0.0279612891154499	0.0668184740570591	0.120925733144105	0.179097555489649	0.213269146939336	0.191653512901306	0.121928935828866	0.0492972605002876	0.0126037289680747	0.00131670352374943	3.48334265542177e-05	
5.65990523134118e-05	0.000451799452677234	0.0015162588225014	0.00522995102692526	0.0151278344209619	0.0378558293052019	0.0838698658701757	0.140447072935326	0.19410098859678	0.212850169399971	0.169576718525962	0.0959751123044354	0.0349335308673358	0.00725460835441731	0.000739759543394593	1.3901521620838e-05	
0.000127297825196218	0.00077174306525207	0.00238583970816974	0.00811722538477757	0.0220672769006162	0.0515864491465079	0.101240557087108	0.158588227338004	0.202779468452019	0.204610369203474	0.148409373893603	0.0725319139625824	0.0226331555141838	0.0037702035571786	0.000380898961329308	
9.87067442370067e-06	0.000318822783885532	0.001325631575103	0.00391569654388206	0.0116434475501973	0.030801439539158	0.0668471683996281	0.119238734105747	0.174917234394957	0.207799412102631	0.191187067047543	0.121724169925634	0.0536481025602555	0.0144447449516436	0.00203039772895523	0.00014806011635551	
8.58170124829229e-05	0.000574086221437484	0.00198562811641522	0.005937156300399	0.0173212268873578	0.0420217304458046	0.083867881256874	0.136280375030209	0.189563862160123	0.205955897946803	0.169841731728128	0.0976745562422013	0.0388001400691468	0.0090196639326879	0.00100514408873676	6.51025611939415e-05	
0.000149241714630205	0.00096614373155343	0.0032401161728926	0.00919603881070063	0.0239287488635047	0.0540304099630627	0.10142447289201	0.154366007450303	0.198061428675224	0.197207216229644	0.149754242097553	0.0757264242274287	0.0263499993127026	0.00524997005347174	0.00034364868500376	5.89112031435018e-06	
1.95836899196873e-06	0	2.54587968955935e-05	1.95836899196873e-05	0.00023108754105231	0.00161467523387822	0.00536886859148227	0.0131063844787507	0.0324844456542813	0.0683294524987809	0.118811309189255	0.17306498455826	0.20327968055085	0.183065395815749	0.126155192909138	0.0549332294092188	0.0167313254828848	0.00267513204302928	0.000101835187582374	
1.76048589410677e-05	5.86828631368925e-06	6.45511494505817e-05	9.78047718948208e-05	0.000640621255911076	0.00270430194289179	0.0078009086063309	0.0184762994586506	0.04294216314814	0.0848143420917506	0.137635765248986	0.186627153538821	0.200828406417949	0.165084674481268	0.101332590017067	0.0392255818161368	0.0103047107668383	0.00137513509284118	2.15170498168606e-05	
9.72275562339878e-07	2.04177868091374e-05	1.94455112467976e-05	8.94493517352688e-05	0.000140007680976942	0.00108894862982066	0.00380937565324764	0.0108272606622169	0.0257555796463834	0.0552884498524572	0.100869700490513	0.157403635338328	0.19589894167805	0.192527090027856	0.144308055789172	0.0776994015643914	0.0274055312756742	0.00617978347423227	0.000653369177892398	1.45841334350982e-05	
2.9175982720038e-06	4.95991706240645e-05	2.9175982720038e-05	0.000185753756650908	0.000330661137493764	0.00183419678033305	0.0058128282905889	0.0156324915413963	0.0341952242806418	0.0704852841205824	0.119630281946972	0.173080682290081	0.201550606228294	0.178119374505832	0.119994009198215	0.057137272026165	0.0179840757486314	0.00369173434684214	0.000251885984149661	1.9450655146692e-06	
1.46902703401483e-05	4.30914596644351e-05	3.62360001723658e-05	0.000192932217133948	0.000569982489197755	0.00267069114783896	0.00885627431239741	0.0205556056112915	0.0458826110290632	0.0880456456080009	0.137401036545475	0.184113158173079	0.196423604718123	0.163350909425669	0.0974190174363715	0.040711635869331	0.0115250067575244	0.00207622487474096	0.000111646054585127	
1.17339215939359e-05	3.81352451802917e-05	0.000139829232327736	0.000422421177381693	0.00105214163625625	0.00406091469830132	0.0130158525280734	0.0277673476252498	0.0589521999147335	0.104432880012829	0.156241077330455	0.194374366857147	0.186950705795384	0.141452424814897	0.0752594174499059	0.0281751014006391	0.00653970563502028	0.00108343209384008	3.03126307843344e-05	
1.96140542544355e-05	5.98228654760282e-05	0.000204966866958851	0.000625688330716492	0.00187902639757492	0.00660699417560659	0.0197817544183109	0.0376354473034108	0.0740871864325664	0.12252605481932	0.169184947782484	0.197123206662502	0.17254875808712	0.117598023687893	0.0568385871212158	0.0190040571671225	0.00386985290440012	0.000394242490514153	1.17684325526613e-05	
4.40700341395864e-05	9.30367387391269e-05	0.000286944888953307	0.00118107691494092	0.00354127207663877	0.00974633288349254	0.0257780319693821	0.0499685633756471	0.0912122393257481	0.139735305581617	0.180553950535794	0.194306739189621	0.154345011565936	0.0944215171452019	0.0409851317498154	0.0112515693828824	0.00238174051172165	0.000160610791086493	6.85533864393567e-06	
3.93231696047628e-06	0.000100274082492145	7.86463392095256e-05	0.000499404253980488	0.00195239537087647	0.00552392225022906	0.0148700565860411	0.0343556702044412	0.0635128173871327	0.107599005910272	0.157866796695281	0.18651077651463	0.18444532703114	0.133150218440207	0.073860709468626	0.0281190155051258	0.00622682390691419	0.00123474752558955	8.94602108508354e-05	
4.13143064557539e-05	0.000163289877896551	0.000276412383668258	0.000881371871056082	0.00296085862932903	0.00860222880846589	0.021830676266013	0.0444473080286485	0.0797139869584506	0.125816818267219	0.169490958560767	0.189867764709123	0.167293430926906	0.110296410475341	0.0550267215032112	0.0189731034028233	0.00367598960059886	0.000628567662505398	1.2787761522019e-05	
8.81089182868102e-06	0	6.26552307817317e-05	0.000262368778898501	0.000324045021699269	0.00164372082003949	0.00441621478213112	0.0125858694832804	0.0288556707389303	0.0564690057300167	0.0964352110649138	0.142101084424987	0.176762153891037	0.186576508400206	0.150015223263104	0.089467753604389	0.039914318971906	0.0118447755816902	0.00189923668307124	0.000345582757280489	9.78987980964558e-06	
2.04375186127402e-05	0	0.000209241261987578	0.000300723488158891	0.000598527330801676	0.00257123448451712	0.00686603303870866	0.0173329622139477	0.0384828743326177	0.0702564032692244	0.115288042494467	0.155521730921576	0.181669102948647	0.176714464507816	0.128377786558341	0.0702544568388803	0.027171194388052	0.0072592119682109	0.00100338484236834	9.92679475475951e-05	2.91964551610574e-06	
1.54550398401949e-05	5.11948194706456e-05	6.76157993008526e-06	0.000280122597103532	0.000453991795305725	0.0011262860283542	0.00370437986169671	0.0103529448129505	0.0242789016489562	0.0491779367715001	0.0866496468040426	0.131822796376952	0.167370353949391	0.179605915802875	0.161088846194341	0.108228746180915	0.0521858739003981	0.0190154946433798	0.00411683623743191	0.000465583075185871	1.93187998002436e-06	
8.22804660365596e-05	6.38883618636816e-05	1.54880877245289e-05	0.000363970061526429	0.000628235558326202	0.00196601913553238	0.00614296279374126	0.0150960455040017	0.0330602912534897	0.0618623263882167	0.102199114855787	0.147220081854544	0.172864483104432	0.173910897031321	0.145007221320902	0.0880691388236023	0.0366854717865122	0.0123198057793799	0.00216252424853734	0.000279753584524303	
5.90142301690419e-05	0.000105451657187304	5.41769981879729e-05	0.000456634699012914	0.00103226530476013	0.00338799727954073	0.00928168072527521	0.0211899784162709	0.043041690167552	0.0758081321609173	0.119147795818503	0.158907907810098	0.172224807453981	0.165541687748936	0.126366880827051	0.0691453288301928	0.0257901860302675	0.00724520606124516	0.00106032125025033	0.000152856530601781	
8.10225040004861e-05	7.61997359052191e-05	0.000174584205048667	0.000683868515908865	0.00182975821534431	0.00487967675879118	0.0133368828906514	0.0284138205100752	0.0529848594018417	0.0918949523944561	0.138063311370447	0.166979664316049	0.170660400926357	0.15204065786415	0.105764268882825	0.0501673982805867	0.0172346440652463	0.00414179324021533	0.000512177971717359	8.00579503814327e-05	
6.7077821772311e-06	5.94117849983326e-05	0.000134155643544622	0.00032293179910384	0.00105887132940577	0.00268982065306967	0.00688410102303261	0.0185709740849627	0.036646530543407	0.0674266264455271	0.10921515115508	0.151072670195599	0.171968369932271	0.16653602462331	0.133829836981728	0.0837217458632149	0.0359747940710872	0.0113284858427466	0.00225094004775941	0.000280768596846959	2.10816011284406e-05	
2.5856843109295e-05	6.22479556334879e-05	0.000178124919197365	0.000542993705295194	0.00140776145817273	0.00390438330950354	0.0101674853070883	0.025149131736785	0.0473821861673551	0.0810133201048447	0.124822473618838	0.162237325597987	0.174743418715183	0.156609152747864	0.113717438333823	0.0645903940870188	0.0251251902153875	0.00709530928136172	0.00107545314117549	0.000144606789240872	5.74596513539888e-06	
2.77704361682161e-05	7.27776947856697e-05	0.00042038694751196	0.000820664268833144	0.00268990190332824	0.00571783704691097	0.0143601883027092	0.0337046910969897	0.0607799087597532	0.096572170575595	0.138670236604116	0.166867762928574	0.171541814616059	0.143891078603741	0.094203065090072	0.0482841700853031	0.0164410558128311	0.00435421287092684	0.000519977477218666	5.93712773251516e-05	9.57601247179864e-07	
9.50382360903382e-05	0.000171836810708793	0.000637428169333177	0.00136893459257396	0.00363545252600112	0.00886159552878699	0.0203141829687641	0.0423640137239053	0.0745080571304597	0.112808466274866	0.149685221842283	0.173665576766895	0.162797618476201	0.125080878498895	0.0751109259412145	0.0349212718611943	0.0112740307539892	0.0025055534969271	0.000173756775074255	2.01596258373445e-05	
8.66181669093579e-06	0.000125115129980184	0.000444639923468037	0.000701607151965799	0.00227035839710195	0.00549929117466746	0.0122535833454438	0.0265003469538797	0.0535954719872036	0.0900790438894252	0.128645301493778	0.159867300968295	0.172704113304262	0.149891775412567	0.106435441074142	0.0586087390031019	0.0243050576347658	0.00662821461671942	0.00133295734632734	9.7204831753835e-05	5.77454446062386e-06	
5.41647886315846e-05	0.000130575829736856	0.000538746201210583	0.00116647741231591	0.00301581805273716	0.00706463600294811	0.0166198850545807	0.0354740676402143	0.0663654072708491	0.105056476464432	0.140400935503278	0.165875796270754	0.16792438595507	0.137286460156962	0.0885565277275356	0.0433927662924782	0.0165328345014228	0.00394339005805305	0.000554221855105322	4.64269616842154e-05	
8.25130564777603e-05	0.00022521210709224	0.000608655134253597	0.00178519424544237	0.00425379074688877	0.0109334653542237	0.0225367425786786	0.0468305278894131	0.0812025549925253	0.119796338361776	0.150762032345118	0.167279204768284	0.158015415380434	0.121505814743627	0.0701487176500282	0.0307103888791815	0.0105364319412895	0.00253266546294678	0.000237831751024133	1.65026112955521e-05	
0.000142068974977244	0.000408570776313869	0.000824979840902344	0.00251413096408006	0.00596003844680399	0.0153022982841007	0.030699635813531	0.0605135450520315	0.0959974760711756	0.133887761590624	0.158500966558923	0.16522719768457	0.145426701716879	0.101271664293951	0.0541782485540808	0.0210428646592157	0.00660865680152768	0.00137366002012481	9.20998872266275e-05	2.74340089611231e-05	
2.94844351666755e-06	0.000129731514733372	0.000491407252777925	0.00117053207611702	0.00391749861914562	0.00873918658340262	0.0215757268404676	0.0399179939576564	0.073345480920622	0.110664913325589	0.148029555197811	0.163024356109077	0.160802212512015	0.127829768665122	0.0810389528701132	0.0416143317942458	0.0134085382992985	0.00367769187978999	0.000576912114761284	4.22610237389016e-05	
1.9586490022642e-05	0.000174319761201514	0.000747224594363792	0.00165212043340985	0.00611294353606656	0.0126127202500803	0.028868527644372	0.0509209567608646	0.0891812063710935	0.125083242582596	0.157005304021498	0.16293217590235	0.149194211800469	0.111260077249117	0.0635757879644936	0.0299820196021592	0.00855146154388549	0.00190870345270646	0.000207616794240005	9.79324501132099e-06	
9.8283479038591e-07	6.97812701173996e-05	0.000353820524538928	0.00110372346960338	0.00289444845768651	0.00912562102873317	0.0181460787348951	0.0388878241511993	0.0653860329347938	0.105154477058179	0.137344282112898	0.160547045844329	0.158706196281936	0.136568825463284	0.0916021681335476	0.0469971940066734	0.0203417316566172	0.00552549719154959	0.00109880929565145	0.000139562540234799	5.89700874231546e-06	
3.26100490336555e-05	3.65627822498562e-05	0.000120558363094121	0.00041009607118082	0.00163149063498683	0.00496858565276424	0.012331539451242	0.0237094820140757	0.0481769006223578	0.0802246733560088	0.120127515173555	0.148374734919829	0.160568916891808	0.150606052820374	0.122236298344398	0.0739526739252024	0.0353670804519555	0.0133928483197919	0.00320270208842659	0.000441717936910425	8.69601307564148e-05	
6.30177424484559e-05	4.52940023848277e-05	0.000306226842210465	0.000565190377584589	0.00238581234300951	0.00765468640303588	0.0150070845727643	0.0317540496284415	0.0598264845847771	0.096066609753768	0.132377629883013	0.157199727842125	0.159855334894992	0.140953950769358	0.103149213213639	0.0576828966893038	0.0245109478557721	0.00863736932434149	0.00170344835055982	0.000235331881955953	1.96930445151425e-05	
3.66540953026291e-05	0.000107980983459097	0.000544858173417459	0.00119670667906962	0.0036465871569994	0.0103334829216682	0.0213564590955156	0.0413775203405463	0.0718459893980506	0.11119564668226	0.144244762179314	0.162071530962309	0.152215541930799	0.128188287134313	0.0850384917533239	0.0430428050487549	0.017621703979545	0.00497207849524042	0.000818277911350585	0.00014364442753733	9.90651224395381e-07	
0.000101913500174638	0.00030178269469189	0.000792550617862963	0.00212831008617133	0.00557456951440691	0.0142728372817394	0.0284655289953803	0.0533690327419382	0.0857112325497867	0.125576231792856	0.149830655382962	0.16192571000563	0.143362611201976	0.113922472520459	0.0677012371111579	0.0315130394860393	0.0120000672826991	0.00284863074759984	0.000494725729003098	0.000106860757464669	
2.46300565506098e-05	0.000199996059190952	0.000554668873519734	0.00117633150085713	0.00355559496364604	0.00882839747000059	0.018700124135485	0.0373746330121574	0.0653583180626983	0.100075860574176	0.138834702764478	0.158440227778763	0.157159464838131	0.130656538787413	0.0954582175720675	0.0517497192173553	0.022254733896869	0.00790624815274576	0.00147878859529861	0.000167484384544147	4.53193040531221e-05	
3.95386628814987e-06	0	3.95386628814987e-05	0.000323228569056252	0.000946950976011893	0.00182174389226505	0.00520921883463745	0.0127759304435843	0.0253334097747482	0.0479406287438171	0.0783972607614356	0.115000177923983	0.150100625897033	0.161086443378658	0.14699387546112	0.117530652348399	0.0779198314071415	0.0375706259365721	0.0153528627968859	0.00495320599247975	0.000559472079773206	0.000128500654364871	1.18615988644496e-05	
1.66352065554456e-05	1.07639571829354e-05	0.000172223314926967	0.00040609474826529	0.00131515985944229	0.00292290364594801	0.00741245233279416	0.0174610956338454	0.0332126791587282	0.0585236352036198	0.093024075058052	0.129265340351433	0.156824006364434	0.158309432455679	0.138458738327222	0.102127447210129	0.0598984860983493	0.0275400737233213	0.00983434269895462	0.00297183072405226	0.000220171851469133	7.24120755942928e-05	
2.82296687978444e-05	7.20343272772582e-05	0.000153803023105497	0.000567513686522183	0.0017249301072338	0.00428798934670706	0.0105540023829734	0.0230977096977673	0.0436722710671204	0.0723351192654835	0.107438225697175	0.141499754693913	0.158439502846329	0.153596654492216	0.124972743768057	0.0845566189812399	0.0460591382358209	0.018797065671944	0.00648698320237363	0.00149325213572046	0.000130440538583143	3.60171636386291e-05	
2.74889528770625e-05	0.000124682036263819	0.00018162343865202	0.000273907780453587	0.000901244955040836	0.0024681152690334	0.00646972140928007	0.0143403976669733	0.0297577732377372	0.0546941804905011	0.0858646895564559	0.120132614562665	0.152647137074645	0.159664674044833	0.142338779745747	0.11086392870151	0.0675158135110167	0.0340863015675575	0.0129924572276802	0.00396626320083331	0.000609665704880565	6.57771372415425e-05	1.27627281214933e-05	
3.15293922906695e-05	9.55734703810918e-05	0.000255191018852606	0.000656205477049558	0.00188289589585842	0.00327610091770237	0.00883414160244195	0.0199403700368303	0.0383141233942179	0.0675231494709959	0.101151216936013	0.130336595968573	0.156866608994153	0.155522668647763	0.129841978627013	0.0955360292277466	0.0542709517738239	0.0247574700027391	0.00855431824586226	0.0020858663587296	0.000248293964289022	1.8720576672585e-05	
1.67951827464076e-05	9.38554329946305e-05	0.000558192838336487	0.00113614471519816	0.0028403617879954	0.00551672355623175	0.0121201942313487	0.0262607501518976	0.0497453553910067	0.0806830699618157	0.114431507762832	0.142380667756707	0.157268115333508	0.147268065935912	0.117310399675952	0.0777784912986134	0.0417034267112562	0.0163002188313517	0.00517192833396727	0.00123790376360286	0.000172891587095372	4.93975963129634e-06	
7.93456365354918e-06	0.000195388629968649	0.000660552424157969	0.00143913148266248	0.00436797729127882	0.0080714348765729	0.0180322877231472	0.0333926111359617	0.0619054656249907	0.0967957256505598	0.127332885691701	0.147394438069243	0.157215444231423	0.135618553786919	0.101378927980941	0.0614829501104392	0.0299966178922427	0.0108495239757718	0.00304092152022272	0.000692290678772166	0.000128936659370174	
4.96971949909203e-05	0.000365771355133174	0.00108439279470188	0.00234173182797217	0.00592788141851698	0.011089432090274	0.0228686612470219	0.0439452416426712	0.0747694298638396	0.110653786478984	0.136151429341025	0.152714510487599	0.153602102390137	0.120613104355164	0.086031808192682	0.0480830300976152	0.0206889422747201	0.00668626061407842	0.0019113541193508	0.000364777411233355	5.66548022896492e-05	
2.96779644082066e-06	0.000123658185034194	0.000682593181388751	0.00135826150441559	0.00395706192109421	0.00794775886851771	0.0159469595420097	0.0301627044935406	0.055771819981382	0.0869663283708479	0.123727433617813	0.144597967455144	0.156434528926617	0.143278287304459	0.104265613824392	0.0702141067278956	0.0349062324714523	0.0141504534298329	0.00425087376873545	0.0011069880724261	0.000138497167238297	8.90338932246197e-06	
3.16659871673587e-05	0.000319628557970527	0.00097570822959424	0.00210677770872833	0.00548217402834898	0.0111305944893266	0.0216070884312274	0.0382960532305244	0.0662689946444899	0.101396470034081	0.134685339043766	0.150358023567411	0.152302513091907	0.131261454181296	0.0904054038007101	0.0559765592529994	0.0250497749735787	0.00937906957413205	0.0024293749529958	0.00048983323899508	4.45302944540982e-05	2.96868629693988e-06	
3.91178532904471e-06	0.000138868379181087	0.000492884951459634	0.00143464726942715	0.00305706023464844	0.00767785665458251	0.0152911688512358	0.0274548653319003	0.0493002305019505	0.0807636978497894	0.116230877481906	0.14242028025986	0.151436945443308	0.145638701639331	0.114455904888852	0.0766240510253278	0.0423744145768769	0.017673446116624	0.00562123551783725	0.0016096996629019	0.000279692651026697	1.95589266452236e-05	
6.0949889516232e-05	0.000264116187903672	0.00043922618794237	0.00195426629877442	0.00430325569155873	0.00968909751595339	0.0204191804465015	0.0357563010576257	0.0607186669194958	0.0952927336122194	0.131522121907519	0.147018873181662	0.149486859977787	0.136052730361559	0.0980180643863023	0.0625016930524866	0.0305049359735923	0.0114160110522466	0.00367924491794016	0.000786543812328518	9.77133149387212e-05	1.74142541474949e-05	
6.099609528171e-05	0.000500555258105461	0.000572201465261755	0.00281259772687885	0.00619255595907646	0.0123144339029852	0.0269176736670175	0.0448979670872815	0.0748538272145213	0.11142921596781	0.141210801537102	0.149593407774388	0.146488416066952	0.122685416027257	0.0813668547218239	0.0472477690436103	0.0207822410352683	0.0073892412569843	0.00231107427678479	0.000326280700157718	4.64732154527314e-05	
