# <P(U)> as a function of N_tot.
# number_of_species: 1
# species_total_upper_bound: 151
# species_total_lower_bound: 97
# volume: 729
# Bin widths for each
10	10	10	10	10	10	10	10	10	10	10	10	10	10	10	10	10	10	10	10	10	10	10	10	10	10	10	10	10	10	10	10	10	10	10	10	10	10	10	10	10	10	10	10	10	10	10	10	10	10	10	10	10	10	10	
# Bin lower bound for each
-250	-250	-260	-260	-260	-260	-260	-270	-270	-270	-290	-300	-300	-300	-310	-310	-310	-320	-330	-330	-350	-350	-360	-360	-360	-360	-370	-370	-370	-370	-380	-380	-380	-380	-380	-390	-390	-400	-410	-410	-410	-420	-440	-440	-440	-450	-450	-450	-450	-450	-460	-460	-470	-470	-470	
# Bin upper bound for each
-100	-100	-110	-110	-110	-110	-120	-120	-120	-120	-130	-130	-130	-130	-140	-140	-140	-150	-150	-150	-150	-160	-160	-170	-170	-170	-170	-180	-180	-180	-180	-190	-190	-190	-200	-200	-200	-210	-210	-210	-220	-220	-220	-230	-230	-230	-240	-250	-250	-250	-260	-260	-260	-260	-270	
# Normalized histogram for each
4.23472815868373e-06	3.81125534281536e-05	0.00040088759902206	0.00183787202086874	0.00619258414404851	0.0186822090600597	0.0469631352798026	0.0969752748338575	0.16207433924125	0.219001789878435	0.21925305041585	0.147170919274789	0.0621516936089483	0.0173821475153438	0.00182375626033979	4.79935857984156e-05	
5.6153827795864e-06	8.28268959988994e-05	0.000613480568669814	0.00307582591751845	0.00919799699296252	0.0261325876105002	0.0633709985133274	0.116099442813644	0.181094690795966	0.222842254070802	0.200845395877467	0.119967037703084	0.0452389275180429	0.0105442850143684	0.000878807405005271	9.8269198642762e-06	
2.7975705896999e-06	6.57429088579478e-05	0.000169253020676844	0.00121134806534006	0.0045110825758911	0.0134031606952522	0.03528435906259	0.0800510836389679	0.13965192626723	0.199564698016243	0.218939273135209	0.177210710219246	0.0924233395719157	0.0309802967103367	0.00625956419445354	0.000271364347200891	
1.53358409756941e-05	0.000170088418094062	0.000500506082752198	0.00166324166218209	0.00702381516686789	0.0196326647836113	0.0489770994069212	0.100341013336605	0.159930514698707	0.209728778681508	0.207291774133734	0.151272735384246	0.0697237039123124	0.0204231576775402	0.00318427825349866	0.000121292560444126	
3.21116480116607e-05	0.000206631474161991	0.000915880047636932	0.00324048413195933	0.00997974173858047	0.0271413233628993	0.0641730343133901	0.120517807304981	0.1781261038379	0.213715582945085	0.193493621649394	0.123893718822033	0.049923839547868	0.012994048175849	0.00159720544892782	4.88655513220924e-05	
7.95843740968221e-05	0.000516600323084634	0.00156376314014808	0.00509479615928603	0.0142400180949735	0.037206392998809	0.0817848122297447	0.139254503847276	0.193709762768754	0.2139172127039	0.171043574539144	0.0976234988921017	0.0352698398957864	0.00775598593171661	0.000920107061926417	1.9547039251851e-05	
0.000179517350772696	0.00088075700222854	0.00237439745982949	0.00771924608322593	0.0210091399576171	0.0502269912751763	0.099048698288835	0.158156188510048	0.20247593696136	0.205934450922341	0.150169068879966	0.0740466997558284	0.0231928002322506	0.00406859245774681	0.000517514862774413	
6.9413497593434e-06	0.000365114997341463	0.00143408286028035	0.00371639866115246	0.0110853355656714	0.0295437728457174	0.0653833499231593	0.116668818485092	0.1759590515895	0.208105830594971	0.192954252340276	0.123172863209597	0.0546311991459363	0.0145004796472684	0.0022739861811609	0.000198522603117221	
6.10035922797181e-05	0.000658561507565139	0.00212680705811563	0.00578009036850329	0.0159912598489607	0.0410526447136921	0.0825045856677606	0.13467652151971	0.190264658539324	0.206976869933409	0.170923746896096	0.0992750277635667	0.0395594431481181	0.00900357564237476	0.00105369841210422	9.15053884195772e-05	
0.000130787879956	0.00109173461900114	0.0035808344817427	0.00885502783028414	0.0223991453356224	0.0535018799036851	0.0994800149235855	0.154090150020582	0.197610849611835	0.199443256645745	0.150148616333066	0.0769115337012832	0.026961577274298	0.00537194007987698	0.000414391072281643	8.2602871551158e-06	
3.5695555354196e-05	1.37290597516139e-06	0.000225156579926467	0.00175457383625625	0.00565225389973942	0.0120074356587615	0.0307846706810437	0.0677350620965373	0.116996301391303	0.172553687488159	0.203838095944161	0.184876891521207	0.127770867484369	0.0559047313085716	0.0169924572545725	0.00275816810409922	0.000112578289963234	
8.23295983138898e-06	8.23295983138898e-05	9.46790380609733e-05	0.000647659506735933	0.00293093369997448	0.00791050223799291	0.0165551100609513	0.0403154321343399	0.0840338209989873	0.136874329356814	0.187332768003425	0.200756609008505	0.166562382508802	0.103448512441374	0.0405185118101809	0.010497023785021	0.00141058045111131	2.05823995784725e-05	
2.73564504458418e-05	9.02762864712778e-05	0.000170977815286511	0.00101765995658531	0.00381348919215034	0.0105595898720949	0.0228836707979466	0.0526242359001435	0.101510212846863	0.157796109639182	0.195796954953501	0.193381380379133	0.146162779087088	0.0790095323551579	0.028266052423166	0.00618392562328253	0.000690750373757504	1.5046047745213e-05	
4.12333726424819e-05	0.000202043525948161	0.000358730341989593	0.00168781938683226	0.00584551779494919	0.0144646671229827	0.031267266474794	0.0674674187633837	0.120207651264628	0.173427565334279	0.203618640783104	0.178737049284876	0.122081020828351	0.0586256092230808	0.0180822083494831	0.00362441345527416	0.000258395801892887	2.74889150949879e-06	
2.78077870145977e-06	5.14444059770057e-05	0.000214119960012402	0.000518615227822247	0.00238451773650175	0.00859399657686142	0.0191553940850056	0.0428086977196224	0.0860261699083594	0.136593240205055	0.185273552152809	0.198002566658741	0.165018360091376	0.0997910244805853	0.0416379898863079	0.0117710362432792	0.00201884533725979	0.000137648545722259	
3.0651255586888e-05	0.000175548100179449	0.000483453894938642	0.00107418718443139	0.00368372362598781	0.0127342034574616	0.0258013910097081	0.0553840323677259	0.103179092499916	0.156438435559915	0.195163510516167	0.187669278525173	0.144182113041831	0.0773512299512924	0.0289946945463057	0.0065677281289359	0.00106304127330889	2.36850611353225e-05	
5.87981654972365e-05	0.000188994103383974	0.000694378335395936	0.00175834513963164	0.00634180213577336	0.018751014968333	0.0353614967213023	0.071044983396518	0.121678603627567	0.169981296583547	0.19798882274873	0.173926373497147	0.120462041584303	0.058109386987126	0.0194117943520162	0.00383868023317673	0.000394787682624302	8.39973792817664e-06	
3.91264735309407e-05	7.82529470618813e-05	0.000280872184989967	0.00124086816055269	0.00323212618846663	0.00932886918901999	0.025032558815474	0.0480598858624872	0.088585130822159	0.139322385373406	0.181412689274316	0.194715690274836	0.155291576070249	0.0969554014096709	0.0422048885733929	0.0116792523489858	0.00238252276322335	0.000157903268178439	
5.62046410982387e-06	0.000140511602745597	8.00916135649901e-05	0.000466498521115381	0.00169316481308444	0.0050513921187042	0.0145654327406086	0.0337494818634649	0.0629070445492037	0.105494706225367	0.157118669074099	0.186027526222978	0.184809290627174	0.134712688900286	0.0762458109978432	0.0294456114713672	0.00619094121697099	0.00122947652402397	6.60404532904305e-05	
5.92871984822477e-05	0.0001948007950131	0.000275261992953293	0.000937302376005059	0.00262839913271298	0.00776662300117445	0.0215353690486946	0.0435238616857891	0.0784101431927003	0.124306904417743	0.168728543680549	0.190347197127112	0.166626671334357	0.113179261902611	0.0570356965398862	0.0203383322793387	0.00351206071009125	0.000585813985003162	8.46959978317825e-06	
1.26584058847522e-05	0	7.17309666802627e-05	0.000300988762148553	0.000310834188947805	0.00171451075261255	0.00413648574522848	0.0114347599825595	0.0285798675086851	0.0550964148581555	0.0948649066794188	0.141983712851095	0.174902600599165	0.18739363422833	0.149819266093757	0.0923332255024684	0.0421004514831432	0.0126837226965218	0.00191001279905484	0.000347402917059312	2.8129790855005e-06	
2.95388562554858e-05	0	0.000209585218193685	0.000291168725946931	0.000617502756959917	0.00225479936083541	0.00621300609907051	0.0167597843944816	0.037188013413454	0.0695766659914928	0.113806180091374	0.155266074764252	0.181998739675466	0.177307687979655	0.129482873089821	0.0715909346656764	0.0287750658294511	0.00752256205973038	0.00100854094929444	0.000101276078590237	
2.23945984228604e-05	7.41821072757251e-05	9.79763681000143e-06	0.000316323702722903	0.000372310198780054	0.000911180223330133	0.00331160124178048	0.00985502296846001	0.0239174311156149	0.0474863462932741	0.0846921722480538	0.131523476537459	0.16739822354848	0.180515859574671	0.162269860509645	0.109484392364562	0.0526944900889905	0.0204014791632258	0.00422838011471633	0.000512276438922932	2.79932480285755e-06	
0.00011954824826655	9.28256986540274e-05	2.25031996737036e-05	0.000336141545125948	0.000437405943657614	0.00151334017805657	0.00537967117199477	0.0150138535322991	0.0331514324693042	0.0603113880254849	0.100275664196003	0.146959958369081	0.173069295790495	0.174291500822773	0.147158267816205	0.0889523354101911	0.0372442019099591	0.0132079717584844	0.00216171361865515	0.000300980295635786	
8.58573276414148e-05	0.000114007271130403	6.47448700246734e-05	0.00043913911842822	0.00070656358157361	0.00278121441671206	0.00856462030652473	0.0211659425093704	0.0431243059279559	0.0731588881335321	0.117994710625618	0.158015485283913	0.172360696485902	0.167303559138105	0.129253280524039	0.0697372625024455	0.0262498223034817	0.00771449201315728	0.00100213798820799	0.000163269672236133	
0.000118086824743688	6.88839811004849e-05	0.000216492512030095	0.000537013893477249	0.00132004200517052	0.00404306795193866	0.0121109285138914	0.0280596788319526	0.0535481576346647	0.09043060922961	0.137699078219869	0.166432133111967	0.170302288213389	0.154374624828317	0.107936980997862	0.0500786542600525	0.0177608207596638	0.00438467626637576	0.000490622640899372	8.71593230251033e-05	
9.80333117193222e-06	8.68295046656854e-05	0.000100834263482731	0.000401936578049221	0.000768861259055827	0.00221275189309327	0.0056271120926891	0.0177510318006058	0.0363689581719868	0.0673951008552706	0.107636374840171	0.149783696500071	0.172481209114857	0.166508179479387	0.136189277116364	0.0860802500689734	0.0360104363462705	0.012046893534423	0.00226737045247975	0.000257687562233647	1.54052346987506e-05	
3.78135372463342e-05	7.98285786311499e-05	8.82315869081131e-05	0.000555999047659062	0.00104057252496394	0.00319454364662549	0.00904163690601235	0.0242370768735207	0.046533058835063	0.079017688332423	0.12584485245718	0.161245325826646	0.174435247818719	0.158169824797277	0.115703821968265	0.0668935478901447	0.0252818509026231	0.00740305029200454	0.00108959007324622	0.000106438104841533	
4.08207504543068e-05	6.75653800623009e-05	0.000360348693665605	0.00063201782599944	0.00199740154809177	0.00453110330042805	0.0132090318021798	0.0325355457241671	0.0597981765793056	0.0942804498165178	0.139287438610518	0.166323443920031	0.172428257531077	0.145801867338191	0.0969253529235399	0.0506796654950642	0.0163550448113307	0.00421157535721676	0.000484218557113157	5.06740350467257e-05	
0.000111671984043628	0.000162560483101484	0.000568254906146058	0.00112378768752765	0.00286954591909577	0.0078594459656022	0.0186577027517956	0.0409369703532086	0.0734448262652506	0.111054254207843	0.15017478785857	0.173863384170002	0.163545740986021	0.127379567419487	0.0786015275031134	0.0357208991997784	0.0112237411810938	0.00250060430092631	0.000171041899611127	2.96849577837493e-05	
1.27579769250724e-05	0.000133249981217423	0.000362893565868726	0.00051740684196127	0.00191086143277751	0.00472045146227679	0.0110030463213791	0.0241480152131787	0.0525373489774481	0.0897778836217345	0.129075287656941	0.159090554702661	0.173234898453591	0.150899933516765	0.109700173366731	0.0604104382932095	0.024612972594448	0.00636056027364443	0.0013565982130327	0.000126162216259049	8.50531795004827e-06	
7.53909661707933e-05	0.000132289808563845	0.000431008731127365	0.000724037769451581	0.00256187037874714	0.00624322548157758	0.0149530157808939	0.03357316195402	0.0644848805551051	0.104793442977403	0.14035237453094	0.165786157080634	0.169803215353584	0.139026631503182	0.0922230662217177	0.0438903445509401	0.01645941263325	0.00387196622484716	0.000550496300152773	6.4011197692183e-05	
4.55972960803424e-05	0.000151041043266134	0.000524368904923938	0.00124822598019937	0.00367343216547259	0.0100955263352883	0.0213480840586153	0.0452966389093127	0.0794860614765544	0.118900649191503	0.151099464801737	0.167114090134455	0.159157361968435	0.125714595124509	0.0720608267929712	0.0309377653905123	0.0101781714344339	0.00271161420127786	0.000232261226909244	2.42235635426819e-05	
7.06320559982472e-05	0.000288294106115295	0.00061694938708673	0.00188832639505518	0.00505812009179284	0.0142474947242179	0.0300272726224385	0.0590757867546156	0.0942404603480286	0.13265276704683	0.158808249824141	0.167503200064578	0.147458110866381	0.103483169390085	0.0557344580647393	0.0211189847434759	0.00613057416654174	0.00144435347163763	0.000112434701384965	4.03611748561412e-05	
4.4868426956372e-05	0.00039947373677286	0.000826447477164142	0.00298157933968149	0.00806763264047798	0.0205511869146299	0.0392106630540346	0.0721498779144576	0.110341593465999	0.14597870341825	0.161562521258226	0.162636468767956	0.130406464527166	0.0839010636711926	0.0430650056664481	0.0134865807219185	0.00367631627319951	0.000652763243784637	6.07894816828265e-05	
8.67589878696475e-06	6.79612071645572e-05	0.000532121792267171	0.00133030448066793	0.00514191601440778	0.0116951115648285	0.0278366212579764	0.0508031713302033	0.0874400459244242	0.124178139337826	0.15577287075369	0.161772254764876	0.150894123669153	0.113965160482438	0.0659223709496205	0.0319056177890629	0.0085486522714226	0.00192604953070617	0.000244371149166174	1.44598313116079e-05	
3.06415017254084e-05	0.00024805025206283	0.00078792433008193	0.00230103086766519	0.00835783437538758	0.0173270396661535	0.0370120158460338	0.0649804113256827	0.104338690732405	0.137307487469814	0.15955759507985	0.160042022630938	0.136897474994346	0.0936345927963289	0.0485653211156425	0.0218721957554225	0.00547315585580985	0.00110163494298492	0.000156125746886605	8.75471477868811e-06	
5.88597974340071e-06	7.94607265359096e-05	0.000198651816339774	0.00116542398919334	0.00432178062659197	0.0114688315300163	0.0229464920296477	0.0463638624387674	0.0800610964697365	0.118517145123245	0.14828695917043	0.160342917179851	0.151858277379738	0.123462839602638	0.0757010569748124	0.0367182131342695	0.0146296026522225	0.0032873196866893	0.00049883678325321	8.53467062793103e-05	
1.46958977870917e-06	1.02871284509642e-05	0.000202803389461866	0.00023072559525734	0.00191487548165805	0.00649705641167325	0.014396101472235	0.0299634659981013	0.0578166010739762	0.095887793881216	0.132022067360117	0.157193201089848	0.159884019974664	0.142223959603916	0.103876483918279	0.060010698613589	0.0262454038579671	0.0095670294593967	0.00175909896511488	0.000268934929503778	2.79222057954743e-05	
4.14118482255763e-05	3.84538590666065e-05	0.000394891552722459	0.000705480414414281	0.00298609005597994	0.00865063929540698	0.0205284447632499	0.0399491225864657	0.0696502917316808	0.11159901498961	0.144565804166328	0.16152839299844	0.15354625925296	0.130067220303638	0.0858866942252657	0.0440814334415464	0.0195094174979849	0.00531254852950964	0.000814926013296161	0.000141983479630547	1.47899457948487e-06	
8.453223273355e-05	0.000207623027766614	0.000565031239850571	0.00143704795647035	0.0043289401289339	0.0129808883002941	0.027314292324325	0.0505769695639472	0.0849237504430527	0.126734579170368	0.150181151091726	0.161959308852601	0.143968773496624	0.115625264163227	0.0684043725409648	0.0333754017134832	0.0135948592538325	0.00305799059467684	0.000575412391238901	0.000103811513883307	
3.69260946371494e-05	0.00011373237148242	0.000450498354573223	0.000655807440755774	0.00251540556668262	0.00692142717878729	0.0176580584554849	0.0365701270848473	0.0624937225639117	0.0994065238069917	0.140125666885269	0.157884164318167	0.158618255079554	0.133783240870392	0.0967862481315396	0.0516152950838075	0.0238365326101727	0.00862298161966713	0.00163065633917652	0.000228941786750326	4.57883573500653e-05	
5.91590832116875e-06	0	4.43693124087656e-05	0.000226283493284705	0.000800126600438073	0.00135030607430677	0.00385421427124144	0.0107758270070089	0.0237996991760619	0.0458734320994228	0.0766346763924199	0.114679882805856	0.150811292877394	0.162471548178418	0.149043915266445	0.119041386215638	0.0792997930911065	0.0380718280008815	0.0166237023824842	0.00574878391109573	0.000661102754890607	0.00017599827255477	5.91590832116875e-06	
2.49769697646435e-05	1.61615686712399e-05	0.000126354082338785	0.000318823672878096	0.00119007914760948	0.00253883551490023	0.00594745727101628	0.0148069353698869	0.0308935731318329	0.056540513379575	0.0903152534354353	0.13093956014087	0.157761887201066	0.16060779252072	0.141074332931253	0.103410531759686	0.0610113909674462	0.0279506984001516	0.0107547893339524	0.00340568328908492	0.000255646631708704	0.000108723280151978	
4.23647104883336e-05	8.76511251482765e-05	0.000105181350177932	0.00059602765100828	0.00165368456113082	0.00394283977958664	0.00869499161470903	0.0205191283972115	0.0408527285795259	0.0704861131400723	0.105661970514161	0.143712784793114	0.159823061595367	0.155780883873946	0.127850852845448	0.0851238510398345	0.0468173876458661	0.0193168471305943	0.00706468068695108	0.00165660626530243	0.000156311173181093	5.40515271747705e-05	
4.12446455611923e-05	0.000187073928081122	0.000125206959739334	0.000235683688921099	0.000749768735380246	0.00236272898143402	0.00566671969549667	0.012231983455005	0.0275764646268243	0.0521744766349083	0.0832935617108279	0.118534165296755	0.155377417967346	0.161649550138759	0.144752502666172	0.112858607462924	0.0689536822630348	0.0339870609654782	0.014104195758872	0.00447209799727785	0.000580371083968206	6.62860375090591e-05	1.91492997248393e-05	
4.72487914645058e-05	0.000113692404461467	0.000177182967991897	0.000652623932103487	0.00162860678079219	0.00305050009892716	0.00746826210085845	0.0179929303995771	0.0368688225896472	0.0646673537428425	0.0973738531094134	0.129472024285879	0.158686542658276	0.157912843698045	0.13324306845464	0.0976248623140686	0.055676794641987	0.0252840095324437	0.00949700708436567	0.00230042553442813	0.000249532679921921	1.18121978661265e-05	
2.52025469397437e-05	8.3020154625038e-05	0.000441785822826095	0.00116228216475053	0.00237941693166404	0.00506422943212732	0.0102648491182815	0.0248704663212435	0.0487031807096741	0.0759708539957156	0.111671002987243	0.145122195290089	0.158955428554486	0.149547466032155	0.120198358869443	0.0794250854292216	0.042309146300785	0.0163312504169539	0.00588998347009421	0.00141727263967029	0.000167522812011237	
1.1946378679298e-05	0.000228474492241574	0.000719769315427703	0.00127826251868488	0.00419317891643359	0.00725742504767352	0.0160066541329244	0.0324866835210159	0.0605547002280265	0.0924201720577189	0.126585321783176	0.14966273879691	0.156864911843192	0.138200188454124	0.104765261125438	0.0625691583328231	0.0305588366616442	0.0109891750876192	0.00368695111989834	0.000863125859579278	9.7064326769296e-05	
7.47283624026663e-05	0.000370652677517225	0.0010342405356529	0.00229416072576186	0.00566291530287405	0.00999118205323649	0.0206295117248801	0.0432557652931594	0.0729064849272893	0.107356259994918	0.134774096160457	0.156203201363045	0.152774664096011	0.122699487363434	0.0883887070498737	0.0500620245407942	0.0215785619273939	0.00713058034046242	0.00238383476064506	0.000406522291470505	2.24185087207999e-05	
4.47121876481091e-06	0.000186300781867121	0.00070347175233025	0.00127280694171617	0.00430429326425797	0.00744756005592004	0.014707328923718	0.0270344790583017	0.0545593017744777	0.0852318625010805	0.120156552273019	0.147006220955708	0.157264687208439	0.143699009476003	0.107395693918248	0.0720581616136927	0.0357563364621929	0.0150844017062171	0.00451742135871396	0.00143675162975924	0.000172887125572689	
4.77230156173569e-05	0.000481704188887696	0.00117667060381546	0.00223105098011143	0.00586843957669685	0.0105930181228152	0.0195455575837837	0.0355521552906928	0.0648525955355119	0.0984391591204648	0.133848145364306	0.154252717229202	0.153438443275231	0.131408306190868	0.0933149003185511	0.0564831716716179	0.0250038774950189	0.00999498908336018	0.00275302146342627	0.000665139530166911	4.92143598553993e-05	
5.89304708839276e-06	0.000209203171637943	0.0007322111007328	0.00177970022069461	0.00347395125860753	0.00779650129794362	0.0141978236977103	0.0245091828406255	0.0464563634595722	0.0793631384011574	0.114336899608996	0.141932565862168	0.154450871139686	0.14658954632377	0.114902632129482	0.0794456410603949	0.0435776099568924	0.0176614621239131	0.00634386519065481	0.00185778309461582	0.000356529348847762	2.06256648093747e-05	
9.19890664423886e-05	0.000398619287917017	0.000632242313802448	0.00234061069058966	0.00519665218203906	0.0096500911129801	0.0186956826464816	0.0316968040370059	0.0578494416409681	0.0939777824502383	0.129227116624615	0.147389846743295	0.153068346416223	0.136656328847771	0.0984414423885618	0.0657926245210728	0.0319771516680684	0.0115059340248575	0.00426216007849734	0.000998738435660219	0.000124112232501635	2.6282590412111e-05	
9.2038656235619e-05	0.000755301353552619	0.00079912928509339	0.00340104748756382	0.00686637594138745	0.011560347409404	0.0247028831474299	0.0410930686126268	0.0722824856280908	0.110149818479317	0.13847873249622	0.152814848903206	0.149923666352566	0.123165253215874	0.0820634190169395	0.049537250089482	0.0216787558711167	0.0075953805360156	0.00257708237459733	0.000392990452815579	7.01246904652335e-05	
