# <P(U)> as a function of N_tot.
# number_of_species: 1
# species_total_upper_bound: 151
# species_total_lower_bound: 97
# volume: 729
# Bin widths for each
10	10	10	10	10	10	10	10	10	10	10	10	10	10	10	10	10	10	10	10	10	10	10	10	10	10	10	10	10	10	10	10	10	10	10	10	10	10	10	10	10	10	10	10	10	10	10	10	10	10	10	10	10	10	10	
# Bin lower bound for each
-250	-260	-260	-260	-260	-270	-270	-270	-270	-280	-310	-310	-320	-320	-320	-320	-320	-320	-330	-330	-350	-350	-360	-360	-360	-360	-370	-370	-370	-370	-380	-380	-380	-380	-390	-390	-400	-410	-410	-410	-420	-430	-440	-440	-450	-450	-460	-460	-460	-460	-460	-460	-470	-470	-470	
# Bin upper bound for each
-100	-100	-100	-110	-110	-110	-120	-120	-120	-120	-130	-130	-130	-130	-140	-140	-140	-140	-150	-150	-150	-150	-160	-160	-160	-170	-170	-170	-170	-180	-180	-190	-190	-190	-190	-200	-200	-210	-210	-210	-220	-220	-220	-230	-230	-230	-240	-240	-240	-250	-250	-250	-260	-260	-270	
# Normalized histogram for each
3.34130122298307e-06	3.60860532082172e-05	0.000442388281922959	0.00210568803072393	0.00673673152577847	0.0194717670070562	0.0489941680928454	0.0984080036192975	0.165360997525432	0.220974283341007	0.214007670291087	0.145551759094855	0.0606913954142645	0.0155223489614902	0.00166998235124694	2.33891085608815e-05	
4.64595808283876e-06	1.26104576534195e-05	0.000126104576534195	0.000799768498545815	0.00331721407114687	0.00984943113561817	0.0274350461874604	0.0643206348237124	0.119986513447394	0.185310011508702	0.222893821273975	0.194889313367218	0.118357109576913	0.0428071940669788	0.00905629972004784	0.000824325705555106	9.95562446322591e-06	
9.90064373985596e-06	9.57062228186077e-05	0.000224414591436735	0.00137024909359607	0.00473910813681106	0.014501142864309	0.0372468817922541	0.0810097072511655	0.141298687240644	0.202433842248423	0.219168570340444	0.172555679570286	0.0910588606471193	0.0287230875751541	0.00520971873591221	0.000353122960054863	1.3200858319808e-06	
1.70132572535368e-05	0.000194343746319247	0.000531337111148918	0.0020357016659905	0.00692766748243054	0.0209073300964521	0.0505090890055097	0.100001308712096	0.16119734069702	0.213136197667875	0.207775058564866	0.146534530368664	0.0686661606313227	0.0187656227506511	0.00262723953357501	0.000174058708824646	
6.91983243560476e-05	0.000223915332586078	0.000826463005988266	0.00352193358397053	0.0106363047050291	0.028647453469023	0.0665537732997613	0.117660652722987	0.179481521762547	0.216014972950636	0.193391690586874	0.120988047621503	0.048675145855053	0.0118335662792649	0.00139049463092813	8.48658694932659e-05	
7.81970879404451e-06	0.000122508771106697	0.000488731799627782	0.00140950251012652	0.0051655693008659	0.015541019585764	0.0388391902952201	0.083012073630378	0.137064507384412	0.1943282348832	0.215672130036544	0.170812415612309	0.0959426137637301	0.0341428035219968	0.00668845758850607	0.000746130547431747	1.62910599875927e-05	
1.43453031847225e-05	0.000224308377070207	0.000863978487261697	0.00220200403885491	0.00781427788025975	0.0227144834745368	0.0519586881350649	0.100122391518535	0.15602277773322	0.20466835289185	0.207094665307775	0.147829001377801	0.0723714025076894	0.0222208746331352	0.00352046781337804	0.000357980520382394	
3.8158262363277e-05	0.000364120367974999	0.00139439345178348	0.00370005794881878	0.0116499115245713	0.0311106253298426	0.0670123762120099	0.118770501981643	0.173874266585262	0.209752734459886	0.191710990614361	0.121559935635419	0.0529035203907406	0.0140681105580678	0.00193184287591709	0.000158453801339032	
0.000140072476210271	0.000562871885969385	0.00207526733187107	0.00573651657180038	0.0175813549978763	0.0418061474388684	0.0831701306095154	0.137994626897272	0.189367659911774	0.206666287976101	0.170231306779379	0.0969882481128945	0.0378976735059043	0.00875291602493677	0.00097663436177945	5.22851178480737e-05	
6.44310800066493e-07	0.000220354293622741	0.000872396823290031	0.00338649756514949	0.00905578829493456	0.0246184713597406	0.0540383468015768	0.100756034292798	0.155390368584436	0.19825250024806	0.197682929500801	0.149069679635784	0.0751543446521559	0.025832997217866	0.00525435457454225	0.000410425979642356	3.86586480039896e-06	
1.28591645015048e-06	0	1.67169138519563e-05	3.15049530286869e-05	0.000342696733965104	0.00146272996204618	0.00523689474323785	0.0131266351231361	0.0332480127768658	0.0678854582781193	0.119326616991714	0.172828456816675	0.202673291708218	0.184598450084903	0.125205827001802	0.0547253893272792	0.0163838614913673	0.00276150557669817	0.000144665600641929	
1.15639615562522e-05	3.85465385208408e-06	5.46075962378578e-05	0.000111142519401758	0.000650151616384849	0.00243871100375186	0.00774078737729352	0.0188331962789741	0.0433944081821452	0.0838233026674205	0.138036439327748	0.18611232461325	0.201246980521149	0.166431104486817	0.100294238577376	0.0390495708485378	0.0103073444004728	0.00141465796371486	4.56134039163283e-05	
6.39575935571679e-07	1.34310946470052e-05	1.47102465181486e-05	7.73886882041731e-05	0.000261586557648817	0.00102907768033483	0.00368395738889287	0.01071225734489	0.026385065646074	0.0559046929523849	0.100240736382149	0.157167471679578	0.195916819312123	0.192718939634265	0.145086521832564	0.076821384349321	0.0271531963446956	0.00610731060877396	0.000687544130739554	1.72685502604353e-05	
1.91804696785545e-06	3.26067984535427e-05	2.42952615928357e-05	0.00018988664981769	0.000430921218778191	0.00178186563313771	0.00571577996420924	0.0155138032250042	0.0349602420831013	0.0703872089283808	0.11826421864201	0.173594758872725	0.19947368791202	0.179135357213871	0.121524898487364	0.0574007522580208	0.0178410335460021	0.00344481235426839	0.000280674206296181	1.2786979785703e-06	
9.66986438337531e-06	2.83649355245676e-05	4.57706914146431e-05	0.000223696196068749	0.000745868872771016	0.00272496778323516	0.0088202056328894	0.0207760259564946	0.0461233191358236	0.0872189534499175	0.136870483770422	0.185992750180343	0.195096605168478	0.162654854819879	0.0982915928265078	0.0408339033181173	0.0115638684872658	0.00184436546672245	0.000134733443741696	
7.73928415491209e-06	2.51526735034643e-05	0.000116089262323681	0.000440494256483747	0.00113960959181081	0.0042437074782768	0.0127427313610628	0.0283354541121719	0.0589191702713458	0.104435835207422	0.155226822295072	0.195137020801261	0.186552219852425	0.140705990399418	0.0761842233402621	0.0279220473502303	0.00688022361371685	0.000956446533477886	2.90223155809203e-05	
1.2905382254196e-05	4.19424923261371e-05	0.000205195577841717	0.000736897326714593	0.00198742886714619	0.00654754568666635	0.0187560372991358	0.0384438431970245	0.0747473287471907	0.122051362130833	0.169450895343157	0.196794173994235	0.17294244651203	0.117569968143064	0.0565862295699733	0.0187663616049391	0.00399357053856096	0.00035812435755394	7.74322935251761e-06	
2.90332882779712e-05	6.12924974757169e-05	0.000306462487378584	0.00124520547503299	0.00333495704686295	0.00959905028888122	0.0250034678649888	0.0512431086264351	0.09204391123556	0.139404301442954	0.180648345586456	0.192908780634152	0.15578230195265	0.0937962314791815	0.040684024271829	0.0115178280519631	0.00221427211933327	0.000172909361299917	4.5162892876844e-06	
2.59165383798017e-06	8.42287497343555e-05	6.0903865192534e-05	0.000506020411865628	0.00192754254199775	0.0051878430701768	0.0144141307333862	0.0341307852192798	0.0643391023547767	0.108531983600015	0.156505439881406	0.18585721542345	0.183669859584195	0.134885863564975	0.0739800546320629	0.0281317544978152	0.006598998584957	0.00110598827535804	7.96933555178902e-05	
3.2513283301893e-05	0.000128102336209458	0.000220440060786834	0.000877858649151111	0.00291839230917791	0.00773751116018449	0.021159644772872	0.0440249363877612	0.0800145399402926	0.126337515191832	0.167910299752964	0.189392476296191	0.167203460973981	0.112741110380646	0.0558779789482993	0.0188798133477432	0.00395946764050453	0.000571583520447279	1.23550476547193e-05	
5.83559949113572e-06	0	8.94791921974144e-05	0.000178958384394829	0.000334574370825115	0.00147900027103118	0.00417569563587934	0.0118287601685321	0.0282559727360792	0.055980905918465	0.0971646767272402	0.141298018878813	0.176541797805555	0.185775013000419	0.150656375262764	0.0908538000775486	0.0405846492610186	0.0123896261196246	0.00210211261669578	0.000291131574613327	1.361639881265e-05	
1.35998559710491e-05	1.94283656729274e-06	0.000196226493296566	0.000202702615187542	0.000616526804020895	0.00232363253448211	0.00639581797952768	0.0167187562737431	0.0374695460368077	0.0704194066059034	0.115484148396447	0.156062880553113	0.181078844193574	0.175844842481287	0.12926080249512	0.0709038205233484	0.0281089594555913	0.00755180573706686	0.00123758689336547	0.00010426556244471	3.88567313458547e-06	
1.03311054734842e-05	3.42217868809166e-05	1.87251286706902e-05	0.000211141968114334	0.000324138434230568	0.00104925289965074	0.00349643350868233	0.0099068844549793	0.0237234466375803	0.0486239936050457	0.0869730571226192	0.130780172800653	0.167715166256543	0.179145243074769	0.160865643327623	0.108858858374104	0.053665573076106	0.0197253088193419	0.00422477644456296	0.000601141199738365	4.64899746306791e-05	
5.50207039672517e-05	4.27219583745719e-05	3.68962367780394e-05	0.000256979052647046	0.00053143527008369	0.00188818109967615	0.00577458470696297	0.0146109097641036	0.0324434435710897	0.0613590890642791	0.102477679395005	0.145996467023503	0.174022071717222	0.174471299582555	0.144083688432641	0.0885419060336999	0.0384335799771243	0.0124029612790178	0.00226102728185424	0.000299701011021618	1.03568383938356e-05	
3.95302510106135e-05	7.06360222976537e-05	8.55408710393605e-05	0.000359012443604589	0.000943541729040218	0.00327129028035372	0.00882172634438495	0.0206509919500856	0.0424956678733114	0.0758196694752586	0.119142880472186	0.157589613782967	0.1739331044467	0.167151398269223	0.124559820934443	0.0698551378309687	0.0265610884946232	0.00738697264377023	0.00113082439366427	0.000130903454166294	6.48036901813337e-07	
5.43800192272211e-05	5.11431133208389e-05	0.000196156497926762	0.000606596166856026	0.00164693772516727	0.00453814208074785	0.0125080518034421	0.0275661380799322	0.0531868957101286	0.0918232519898879	0.137390471196393	0.165859058643024	0.174275661380799	0.152930856452934	0.104352667372312	0.0508278386855573	0.0173051463567006	0.00425912079161771	0.00054574233581604	7.57435982093437e-05	
4.51226595037668e-06	3.99657841319077e-05	9.02453190075336e-05	0.000326816976691568	0.00101268140114882	0.00248883697634348	0.00671618556242494	0.0173902729727517	0.0362334955815247	0.0672624146940007	0.107997862475158	0.150418319284071	0.171362968606877	0.169143578368713	0.135308674444524	0.0839146098791551	0.0364861824747458	0.0111620567423889	0.00233026305865881	0.000284272754873731	2.57843768592953e-05	
1.73957751460762e-05	4.18787179442575e-05	0.000130146169611385	0.000530248997971137	0.00143096357775686	0.00374782311202686	0.00960697789641267	0.024154355934311	0.0469705257583108	0.0808787572458236	0.123991930937484	0.161175078168238	0.174328861330545	0.160280806468136	0.114081493407968	0.0651059434920794	0.0252374040091463	0.00694413572312627	0.00118935558961691	0.000142387641010475	1.3530047335837e-05	
1.86347177643479e-05	4.88358120720842e-05	0.000335424919758263	0.000821855311055207	0.00260950306348334	0.00589692430770417	0.0136296896034339	0.0323016768033106	0.0599832287540121	0.0962296825350927	0.138919250627315	0.166546826154148	0.171359081372672	0.146830009606518	0.0946945673371952	0.0486166934942345	0.0164351784916802	0.00406558135500101	0.000580889133067949	7.51814475320244e-05	1.28515294926537e-06	
6.38791690029881e-05	0.00011678918777314	0.000528454943570175	0.0013750152438926	0.00365917946884794	0.00869208369332579	0.0195547686444905	0.0415214598519423	0.0739391702547617	0.11186081309794	0.150219931462168	0.172961560871363	0.164218502891662	0.1273182815084	0.0758232831182842	0.0347463964728375	0.0108781708103169	0.00226351641275235	0.000232933131414936	2.58097652537326e-05	
5.82660414504619e-06	8.86938630968142e-05	0.000349596248702771	0.000633805050888913	0.00232352025295231	0.00557217576404584	0.0118325382176677	0.0264385400083774	0.053413127598099	0.088766371948397	0.128786078818416	0.158554846795918	0.171080750906846	0.152530785510401	0.10851467559734	0.0594281252771683	0.0238845451914654	0.0064176807655381	0.00125854649532998	0.000115884682440363	3.88440276336413e-06	
3.63861532493809e-05	0.000135798321948582	0.000474319497715144	0.00119294602439042	0.00339300879050477	0.00736169850563368	0.016451739290613	0.035787730978976	0.0659252121605123	0.103890264559822	0.141172426832969	0.164900097267985	0.165840939230576	0.139600025210406	0.0894566572690763	0.0439889100202918	0.0159871660839468	0.00379325647624796	0.000552289826106675	5.9127499030244e-05	
5.56331874871144e-05	0.000255912662440726	0.000564185971928148	0.0017383734819503	0.00480343485844626	0.011025843251858	0.022458790534504	0.0463450632091186	0.0806242698144142	0.119153851943725	0.151246347026733	0.167213726343623	0.156786757992362	0.122215640779781	0.0708956615931381	0.0317344791588262	0.0101848003586704	0.00233201231784222	0.000347543794772444	1.76717183782599e-05	
0.000100270532535479	0.000387228964462672	0.000783693372711507	0.00245728772167539	0.0068454428692149	0.0154865198802823	0.0306425428079311	0.0592176655568742	0.0957069039560023	0.132880224869863	0.159435424127861	0.164720076997214	0.144342729957603	0.102094532683246	0.0554601592850183	0.0215383742584433	0.00639092710002447	0.00129164278095045	0.000193284644953259	2.50676331338697e-05	
1.98456668640208e-06	0.000100551378777705	0.000566263027853393	0.00110077298872435	0.00386990503848406	0.00946175243853632	0.021388336701584	0.0404110699129768	0.0718320527365521	0.111252823873014	0.146926733105549	0.163538217792963	0.159715942354953	0.126780073627424	0.0825659124210721	0.0423890213770908	0.0138264761041633	0.00364697204737822	0.000561632372251789	6.21830895072652e-05	1.32304445760139e-06	
1.32108336762646e-05	0.000159851087482801	0.000768870519958597	0.0016777758768856	0.00613511115925726	0.0136474517292651	0.028784424955529	0.0516358645070477	0.0874279761861512	0.125299473085899	0.15717985691346	0.162144488209001	0.148545256022654	0.109673699013613	0.0653916450724581	0.0302191214927714	0.00900912802552862	0.00203512892782856	0.000238455547856575	1.32108336762646e-05	
6.63579253592784e-07	4.71141270050877e-05	0.000327144572021243	0.00114998284647629	0.00311417743711094	0.00924764047806904	0.019435572758479	0.0382964858833467	0.064813776436168	0.103812329169816	0.137435226370109	0.160603432430047	0.158339300016789	0.135297837594286	0.0915281500273063	0.0488885379291948	0.0205556945385437	0.00581029994445842	0.00115661863901222	0.000136033746986521	3.9814755215567e-06	
2.1959155969896e-05	2.46208718450349e-05	8.65057659420145e-05	0.000506391445245177	0.00187517883403536	0.00516971765848854	0.0129598945960513	0.0254925837941429	0.0479301831925951	0.0790842366531585	0.118855595259484	0.148526407548626	0.159806759427465	0.150536668463325	0.120519167681446	0.0740342962090512	0.0371881633495033	0.0135428103727068	0.00328588824785898	0.000459145988461462	9.38254845986465e-05	
5.29829044036079e-05	3.04651700320745e-05	0.000218554480664882	0.00084044132110223	0.00287233570498059	0.00780107038712621	0.0167697515300469	0.0331831930279796	0.0594223141475614	0.0946956827542633	0.131387668626372	0.157190343070929	0.157765207583708	0.139626510261133	0.10265305270938	0.0587931421577685	0.0260059963402059	0.00873754322245998	0.00172525582464248	0.000208620186089206	1.9868589151353e-05	
4.38675784033265e-05	8.17532142971085e-05	0.000447981027937001	0.00155065243052971	0.00456089883338828	0.0107050184509693	0.0231162198377165	0.0419526921399934	0.0716111631023151	0.109428338987377	0.142257904140036	0.16109038848064	0.152329501345272	0.126752709155297	0.0848272680867355	0.0448845086299491	0.0183486116576096	0.00510724958259334	0.000785628449586847	0.000116980209075537	6.6466027883828e-07	
3.32615106446812e-06	8.78103881019585e-05	0.000218860740042003	0.000846172830800691	0.00261701565752352	0.00656914835232455	0.015014911135222	0.0300950148313076	0.05340002487961	0.0849006711507618	0.123722175914808	0.150509666127608	0.160486123630374	0.143044452678516	0.111194560545595	0.0684182621658964	0.0329581656676018	0.0123440118304541	0.00303145408015625	0.000448365163490303	8.98060787406394e-05	
5.31469999515034e-06	3.98602499636275e-05	0.000193322212323593	0.000457728537082323	0.0013266819862894	0.0042265151711433	0.00966478194118089	0.0201141464691458	0.0382439168276024	0.0654525234527746	0.0993921976218046	0.136751881237714	0.157537672918747	0.155749940707878	0.12983014883153	0.0946481635386335	0.0535861270386027	0.0230325811039828	0.00794414781775096	0.00159773168604207	0.000174056424841174	3.05595249721144e-05	
1.53204947587255e-05	3.13070979852217e-05	7.86007991969396e-05	0.000310406545981134	0.000899912539958182	0.0019989915117798	0.00596500132888639	0.0138150896215638	0.0266390098430848	0.0482835383948251	0.0795713192344815	0.113249763364967	0.147209305268851	0.160032559381905	0.147329870901518	0.116256576988484	0.077251929549704	0.0392344548601605	0.0159379773083489	0.0050517666195728	0.000710071626643539	0.000119233415730951	7.9933016132481e-06	
1.32107638661829e-05	3.83112152119304e-05	0.000203445763539216	0.000373864617412976	0.00131050777552534	0.00323135284166833	0.0083214601593086	0.0186502958880837	0.0342383367119862	0.0590791965477632	0.0936260045960247	0.127495760996144	0.155347353917025	0.156879141987308	0.13744544780196	0.100744624705317	0.0602278724659278	0.0286581100549105	0.0106789209712289	0.00301799900522948	0.000364617082706648	5.41641318513498e-05	
6.59022879956346e-07	4.34955100771189e-05	0.000112692912472535	0.000229998985104765	0.000606301049559839	0.00196718329666969	0.00489522195231574	0.0119876261864059	0.0243594627118264	0.0444214372234575	0.0724252964614426	0.107731129209344	0.139167179606142	0.157495264920608	0.151615462785637	0.123378309448147	0.0838975667557226	0.0467326304634644	0.0201766444927435	0.00697048500129828	0.00151641164677955	0.000245156511343761	2.43838465583848e-05	
3.65516265141511e-05	0.000100350829157033	0.000264500860956948	0.000437290368114753	0.00104404736824966	0.00288492019450782	0.00707041371789189	0.0163232918261924	0.0312968317714713	0.0557106599828141	0.0861555065689919	0.120264155281943	0.149853029232662	0.158702510299251	0.140560941197737	0.108621465374644	0.067054291127724	0.0347486344644622	0.0138597121991386	0.00415891052228287	0.000693151753713811	0.000150193956221785	8.63947535789027e-06	
3.06827034930257e-05	4.53570399462119e-05	0.000110057523398896	0.000396874099529354	0.000692361874473058	0.00200571498703322	0.00408880374809234	0.0102500240125506	0.02227430870535	0.0395740173530699	0.067088398202794	0.100958767782628	0.130917092667101	0.154441388032145	0.155055042102005	0.127905518617731	0.0933761379280904	0.053561995069423	0.0253519172687591	0.00926417540901378	0.00221382375855114	0.000356186166636429	4.1354948186252e-05	
1.5407370886232e-05	5.56005123285763e-05	0.000176179936655609	0.000626343120809865	0.00127814189786655	0.00330655576932352	0.00630965332075735	0.0140354449916666	0.0285337809956109	0.0510305521465817	0.0800560292391706	0.114431213457736	0.140920503325313	0.155977523995305	0.146353276276936	0.114382981688005	0.0765860213613149	0.0411383501519301	0.0175617232675416	0.00576972545404852	0.00119641584360045	0.000239149191581948	1.94266850304664e-05	
1.27697440405621e-05	8.40114739510663e-05	0.000350831915219653	0.000758119540934423	0.00179448508359478	0.004963397881029	0.00901543929263683	0.0196143268463034	0.0359616154935977	0.0635294766017964	0.0956964618399723	0.127231008702245	0.147294292865342	0.154290768415987	0.133306718498386	0.0991086718659688	0.0608511908122364	0.0302535399074664	0.0118402410927675	0.00329392187067341	0.000614291897530197	0.000128369532197229	6.04882612447678e-06	
3.69193922128275e-05	0.000191309577830106	0.000559832238281785	0.00122438129811268	0.00285353338721327	0.00688982984859022	0.0124478765308123	0.0251098855364589	0.0471809694629638	0.076215050760808	0.109192123146982	0.13617214371444	0.151132552700754	0.149865210655339	0.11806083241818	0.0842339427494341	0.0477790636168116	0.0213870682780527	0.00706704293121179	0.00201915512320337	0.000326233174826076	5.50434574809429e-05	
6.43014451749803e-05	0.000256535973979349	0.000883475064435407	0.00168590351568151	0.00451985575042466	0.00917434265168443	0.0176400297930029	0.0335881278098392	0.058794964125152	0.0883635818048344	0.122861976947932	0.143518816210394	0.153646963632174	0.139448400769474	0.101377256578842	0.0691890248149994	0.0345392533530524	0.014761870314702	0.0043912528600747	0.00112393567712101	0.000160753612937451	9.37729408801796e-06	
0.000118350316938137	0.00043996897483217	0.00130051619460269	0.00259033405547086	0.00628192783973896	0.0128079114177967	0.0239054267297868	0.0426255048276231	0.069213538741341	0.101484393805665	0.134034074192944	0.148369841397202	0.149677712696248	0.126204231190992	0.0877537511032657	0.0551097916499505	0.0250227339591859	0.00986586964080344	0.00253617374093985	0.000602449918425205	4.94797935221589e-05	6.01781272566798e-06	
2.64164326060669e-06	0.000208029406772777	0.000598992609342568	0.00195217436958835	0.00370028179729483	0.00896705804812942	0.0176012690454224	0.0305889081361952	0.0533625146858855	0.0830314705565744	0.115049507696758	0.140229651256861	0.14928256271096	0.142591280331843	0.110922600512875	0.0741350764656662	0.0422359132722101	0.0179664762262013	0.00574623450263471	0.00155394664805189	0.000260201861169759	1.32082163030335e-05	
4.12022960796996e-05	0.000303458180650486	0.000819467888696248	0.00264937303839465	0.00520456940003571	0.0119709020229019	0.0232498670735448	0.0388727313394474	0.065096357782427	0.0969385386003384	0.128518463533679	0.143433040709831	0.147060804778943	0.132293378660219	0.0954369438098782	0.0606994841864934	0.0306767444430856	0.0121389812307191	0.00360356589522452	0.00083058596859077	0.00014976707622621	1.17720845941999e-05	
4.56534045700362e-05	0.00052957949301242	0.00138003720100281	0.00371879589797638	0.00783347203272436	0.0161345653665447	0.0305643021681454	0.0483521729716192	0.0781501501344819	0.111399524682839	0.138196116590969	0.14449563423014	0.142819502090926	0.117596648257475	0.0800662887434357	0.0467301727263952	0.0211160039966295	0.00799260675722563	0.00237202046316031	0.000440881449847779	6.58713408796237e-05	
