# <P(U)> as a function of N_tot.
# number_of_species: 1
# species_total_upper_bound: 151
# species_total_lower_bound: 97
# volume: 729
# Bin widths for each
10	10	10	10	10	10	10	10	10	10	10	10	10	10	10	10	10	10	10	10	10	10	10	10	10	10	10	10	10	10	10	10	10	10	10	10	10	10	10	10	10	10	10	10	10	10	10	10	10	10	10	10	10	10	10	
# Bin lower bound for each
-250	-260	-260	-260	-260	-270	-270	-270	-270	-280	-310	-310	-320	-320	-320	-320	-320	-320	-330	-330	-350	-350	-360	-360	-360	-360	-370	-370	-370	-370	-380	-380	-380	-380	-390	-390	-400	-410	-410	-410	-420	-430	-440	-440	-450	-450	-460	-460	-460	-460	-460	-460	-470	-470	-470	
# Bin upper bound for each
-100	-100	-100	-110	-110	-110	-120	-120	-120	-120	-130	-130	-130	-130	-140	-140	-140	-140	-150	-150	-150	-150	-160	-160	-160	-170	-170	-170	-170	-180	-180	-190	-190	-190	-190	-200	-200	-210	-210	-210	-220	-220	-220	-230	-230	-230	-240	-240	-240	-250	-250	-250	-260	-260	-270	
# Normalized histogram for each
3.13117428429184e-06	6.137101597212e-05	0.000455272740936033	0.00210790652818527	0.00685351427345797	0.0194314413734583	0.0493347820233022	0.0988787264887951	0.164242615908244	0.220315684991342	0.214077759582176	0.145710447789234	0.0615188073983386	0.0153878429027238	0.00159877758955941	2.19182199900429e-05	
4.36188707697484e-06	1.18394077803603e-05	0.00014705790716658	0.000850567980010095	0.00335678366909478	0.00994634878895321	0.0276468865473171	0.0647889781344832	0.120234794150086	0.18398564316025	0.22246371844642	0.195021840591721	0.118567930159957	0.0432792667044697	0.00889824963702868	0.000786385927306036	9.34690087923181e-06	
9.28702862138394e-06	8.97746100067114e-05	0.000250130637535941	0.00148530544418	0.00490355111209072	0.0145131491942574	0.0376205146747435	0.0817636191179056	0.141072441299788	0.201145276369589	0.218818491836083	0.172480552962067	0.0913986017449708	0.0290566360153446	0.00505647751672284	0.000334952165611247	1.23827048285119e-06	
1.59591543857905e-05	0.000182302648176145	0.00053463167192398	0.00224164737757334	0.00710120988804653	0.0208708910548326	0.0507580905240066	0.100526099662464	0.160918608926446	0.212213172563267	0.207827474175326	0.146590971169788	0.068731781244188	0.0188090910709145	0.00251418062939222	0.000163888239269464	
6.48863723314714e-05	0.000212411049047364	0.000858214094421914	0.00363241257938633	0.0108078659423062	0.0284869538602801	0.0668874435687505	0.118022189915066	0.17936368505624	0.215168107735864	0.193251817277527	0.120889433009412	0.0490993955161068	0.0118282959675568	0.00134731042926008	7.95776264442574e-05	
7.32456745377282e-06	0.000114751556775774	0.000466941175178018	0.00141058961547242	0.00531214254584874	0.0156306269463512	0.0388092206538153	0.0835061727792217	0.137897800310318	0.194071739255165	0.214587242312561	0.170576968385946	0.0959060550978379	0.0342600538844012	0.00670869340703476	0.000718417991090884	1.52595155286934e-05	
1.34299393638238e-05	0.000209995415507063	0.000866231088966633	0.00224218942196931	0.00789436253877132	0.0227667994806276	0.0521563904229881	0.101120728439911	0.156807361560217	0.204273650886284	0.205903557163621	0.147543755658125	0.0722414751933759	0.022161231305677	0.00345943028976315	0.000339411194831183	
3.57234977058249e-05	0.00035178562995058	0.00143136184028085	0.00373885759887235	0.0117512142961805	0.0312574550095848	0.0672812722893434	0.119604086768138	0.174474168278261	0.208978223197992	0.190824026050301	0.12163729872231	0.052687315251996	0.0139206599280444	0.00187820830310964	0.000148343337930968	
0.0001311354151433	0.00056865633940021	0.00208064163289577	0.00579050482904655	0.0177105327723719	0.0420630441062185	0.0834891447674552	0.138755168366995	0.189438704164547	0.2063189140779	0.169276483008597	0.0970456460020619	0.0376678926115769	0.00864828998210032	0.000966292759512152	4.89491641779139e-05	
6.02708451238174e-07	0.000206728998774694	0.000892008507832498	0.00333779940295701	0.00899602634318099	0.0246194348161769	0.0544083000186237	0.100913284116161	0.156111734914358	0.198464660491316	0.197496108010176	0.148213240660882	0.0750365994707014	0.0257525267045047	0.00513567871300048	0.000411649872195673	3.61625070742904e-06	
1.20239926749837e-06	0	1.56311904774788e-05	2.945878205371e-05	0.00033847539380079	0.00152223747265293	0.00517753124584797	0.0131488371897284	0.0332024521730661	0.0685956758115143	0.119241334158179	0.173491785508804	0.202663795337216	0.184321795711162	0.124433895394871	0.0546213915246483	0.0163183616588541	0.00273185113575629	0.000144287912099804	
1.08122394550631e-05	3.60407981835438e-06	5.1057797426687e-05	0.000105118994702003	0.000636720767909273	0.00245618039620851	0.00762743425557731	0.0189250231261788	0.0434429774504739	0.0844814329821358	0.137827220413508	0.18685952498228	0.201140090582539	0.165803890003484	0.0997843558908685	0.0391234877881762	0.0102926512812504	0.00138576869015726	4.26482778505268e-05	
5.98054290172353e-07	1.25591400936194e-05	1.37552486739641e-05	7.23645691108547e-05	0.000245800313260837	0.000977220710141625	0.0036666708530467	0.0106758671338667	0.0264070871825603	0.0559479788456236	0.100804442825711	0.157386957273207	0.19625869197154	0.192118362120677	0.144595174060711	0.076768640903684	0.027252735948864	0.00609536932543662	0.000683576053667	1.61474658346535e-05	
1.79405343049927e-06	3.04989083184875e-05	2.2724676786324e-05	0.000177611289619427	0.000404858057482668	0.00173006552481146	0.00562854362928637	0.0153846061843414	0.0350725485306403	0.070505701800811	0.118945742442101	0.174002850152883	0.199556749199105	0.178527452904602	0.121083656113446	0.0572416667713198	0.017963258981779	0.00344876871122976	0.000269706032385056	1.19603562033284e-06	
9.04094281362579e-06	2.6520098919969e-05	4.27937959844954e-05	0.00020914714375521	0.000714234482276437	0.00271589922121319	0.00870461974095891	0.0207507719458339	0.0460648090944652	0.0875060800340422	0.137294552108679	0.18627596935482	0.195122230533193	0.162254787028537	0.0979827245664717	0.0406378324882061	0.0117158564274172	0.00184073595685421	0.000131395035558028	
7.24041745833592e-06	2.35313567395918e-05	0.000108606261875039	0.000425374525677235	0.00112347144228512	0.00427244966853972	0.0125597108177267	0.0284482035619234	0.058841665947653	0.10485150205477	0.155799906236594	0.19493858617575	0.186361104960108	0.140601666623425	0.0759525825060654	0.0277947558863086	0.00692063235392609	0.000941857637705198	2.71515654687597e-05	
1.20756393900112e-05	3.92458280175362e-05	0.000192002666301177	0.000705821122346152	0.00199006537147384	0.00645261790805246	0.01842380301734	0.0385707997756346	0.0746286589942079	0.122397473293214	0.170101682921484	0.196779185461896	0.172768587880768	0.117261703860642	0.0565598797749342	0.0187625247022298	0.00399764042006319	0.000348985978371322	7.24538363400669e-06	
2.71796411200187e-05	5.73792423644838e-05	0.00030380798851932	0.00120073614547994	0.00335275973016052	0.00939267997905356	0.0245577117399742	0.0510186023503746	0.0918098077432986	0.139992063544793	0.18117646774592	0.193136717822778	0.155469963174606	0.0936833910045052	0.040965759088117	0.0114577287121501	0.00221785871539352	0.000175157687217898	4.22794417422512e-06	
2.42850186933931e-06	7.89263107535277e-05	5.70697939294739e-05	0.000491771628541211	0.00189726708542134	0.0051842443655721	0.0140719540818867	0.0338290310398966	0.0638519925250712	0.108801133624673	0.156825365216325	0.186595762507088	0.183559528044947	0.134642822016312	0.0741731254697633	0.0280777314878338	0.00666684475680375	0.00111407523255941	7.89263107535277e-05	
3.04871914162703e-05	0.000120119534180105	0.000206703157802313	0.000856690078797195	0.00287738112586759	0.007665699409707	0.0207983619841796	0.0436442437438759	0.0793898659356245	0.126800497307066	0.16846856130334	0.189833985047862	0.166832618611943	0.112897728277419	0.0560647255268644	0.0188996197027743	0.00402552875460433	0.000575598173939183	1.15851327381827e-05	
5.4758581582377e-06	0	8.39631584263114e-05	0.000167926316852623	0.000313949201072295	0.00144927712588024	0.00408924918683506	0.0116009097225687	0.0279804183312261	0.0555842193069024	0.096841159957118	0.141923291745205	0.176847098221076	0.185938848049804	0.150192445992828	0.091259435207821	0.0407921011354496	0.0124326317339366	0.0022019034082958	0.000282919338175614	1.27770023692213e-05	
1.27684878583841e-05	1.82406969405487e-06	0.000184231039099542	0.000198215573420629	0.000611063347508382	0.00223083723582911	0.00625838312030226	0.0164233155020387	0.0370626640902696	0.0700205633456843	0.115129806879661	0.156686978696082	0.181578233741155	0.176167435005357	0.128969631671687	0.0712122888791335	0.0282487593285964	0.00762521934438071	0.00127380866968165	0.000100323833173018	3.64813938810974e-06	
9.7132231570525e-06	3.21750517077364e-05	1.76052169721577e-05	0.000207013068534681	0.000313251446814943	0.00102049550793783	0.00342148285707174	0.0098133907708596	0.023332983252582	0.048201869916873	0.0865168928127612	0.130997991184036	0.167992015730565	0.179511898394829	0.161235861948388	0.108687324668734	0.0538306827363849	0.0199242490009039	0.00429749417054841	0.000591899536132887	4.37095042067362e-05	
5.17391664272462e-05	4.01739409905676e-05	3.46956763100357e-05	0.000244695822397094	0.000500956870230866	0.00188208826580053	0.00566269959144319	0.0144626187566044	0.0319066308915693	0.061062564217436	0.102212245017214	0.146194797352903	0.174259338615192	0.17499951304314	0.144531839674323	0.0883601484244511	0.0385402007236179	0.0124733999814956	0.00228565376393305	0.000284261067312047	9.73913720983458e-06	
3.72039919273437e-05	6.64792642636141e-05	8.05069989247436e-05	0.000357402283105301	0.000902654230368338	0.00326663247152217	0.00868682716428124	0.0204811025067562	0.0419167008719762	0.0754801907040032	0.118731965974815	0.157810795134694	0.174146397098333	0.167927231431396	0.12491880686188	0.0697910294466547	0.026738691968634	0.00741701222669551	0.0011148999548063	0.000126859513457172	6.09901507005634e-07	
5.11961617506162e-05	4.81487711702224e-05	0.000196861431493441	0.000618620287819946	0.00161206961702833	0.00447235041578597	0.012388252187417	0.0274899009476166	0.0527741005931441	0.0916240641463528	0.13669923717719	0.166007211345069	0.174352795188536	0.153701848181439	0.104551704466499	0.0509895486692655	0.0175487033962559	0.00426695629066743	0.000535121785917155	7.13089395812154e-05	
4.24929264453514e-06	3.76365919944541e-05	8.49858528907027e-05	0.000327195533629206	0.00100222602230393	0.0024481996050586	0.00661857681476666	0.0172084211267546	0.0358063609482721	0.0672426279325431	0.107827014938692	0.150159075305357	0.171379435730359	0.169206833105389	0.13627177990121	0.0836703932963159	0.036835296810056	0.0111865664076419	0.00235775037591064	0.000301092735955633	2.42816722544865e-05	
1.64096829284599e-05	3.95047922351811e-05	0.000122768738946255	0.000529364215951427	0.00139968517719419	0.00374505430389517	0.0096148586640087	0.0238918905778032	0.0466454353731987	0.0808900125807569	0.123919847815385	0.161100542735069	0.174141986300954	0.160193148045728	0.114929164868692	0.0650996432413378	0.0253559989546424	0.00701362003683062	0.00119669132170879	0.000141609486012265	1.27630867221354e-05	
1.75772276711628e-05	4.60644587244266e-05	0.00031639009808093	0.000797036358192382	0.00253839412023551	0.00589079571503556	0.0137453920388493	0.0319796443581342	0.0597946979808008	0.0964959493581887	0.138623715195574	0.166727277796567	0.17101672745963	0.146766820497714	0.0953206995494169	0.0486064895124562	0.0165904784763817	0.00406882515022469	0.000584897403540417	7.09150219836568e-05	1.21222259801123e-06	
6.02544930679945e-05	0.000110162255003101	0.000498468988107954	0.00133168515992699	0.00355562372225478	0.00861274072126454	0.0195480182662409	0.0412505911330949	0.0739937347499834	0.112554175788527	0.149938741265381	0.172714939645083	0.163815533608313	0.127861860184014	0.0758902297035175	0.0347972740623884	0.0109352775449763	0.00226715138058868	0.000239192078542645	2.43452497244422e-05	
5.49365025591254e-06	8.36255650066687e-05	0.000329619015354752	0.000598197472310477	0.00223530524857241	0.00546435078788101	0.011745424247141	0.0262834540410376	0.0530662198497792	0.0890764868717019	0.129485946937443	0.158844624310623	0.170733493870002	0.152044706104971	0.108753521277213	0.0594773096984291	0.0240322782472814	0.00635859496842677	0.00126170834210791	0.000115977060958154	3.66243350394169e-06	
3.4303278964678e-05	0.000128024737564602	0.000447167743646696	0.00112772029596379	0.00324227242071501	0.00724411744707647	0.0164759873984454	0.0356380440515358	0.0659217137918171	0.104245214539445	0.142153400588179	0.165153136575442	0.165245632916936	0.138862123483228	0.0897024619340801	0.043927186389929	0.0161158029693163	0.00373476949727932	0.000542726877905442	5.81930625293645e-05	
5.24619465727536e-05	0.000241324954234667	0.000532025858184866	0.00166582110352779	0.00460924490594499	0.0108441929562739	0.0223395312494214	0.0463313052161988	0.0807759677377545	0.119389812013415	0.152053854348355	0.16735175796897	0.15632981159372	0.121609260953129	0.0711612359293973	0.0317758924394311	0.0102911823194599	0.00229042686742928	0.0003382252555514	1.66643830289923e-05	
9.46072616052612e-05	0.000365358306330844	0.000743787352751889	0.00234899871906747	0.00660943757227808	0.015172017163749	0.0304243260166235	0.0591538127348843	0.095901264874191	0.133287938445528	0.16016262490337	0.164835725693714	0.143689757892549	0.101984760761887	0.0556047955922975	0.0216656853237996	0.00644076278349502	0.00130769642521483	0.000182990361262808	2.36518154013153e-05	
1.87383002737666e-06	9.49407213870839e-05	0.000534666167811473	0.00107120616565032	0.00367957756375863	0.00913117372340645	0.0210493573075311	0.0402529920380962	0.0720194078822036	0.111594073450389	0.147391097683384	0.164429209512311	0.159071304854032	0.126552233948928	0.0827264726586338	0.0421992768265314	0.0139706520741112	0.00358276301234417	0.000587758018587145	5.87133408578019e-05	1.2492200182511e-06	
1.2466053378394e-05	0.000150839245878567	0.000725524306622529	0.00160188785912362	0.00582289353304782	0.0132987857440707	0.0282811119968935	0.0518107877486121	0.0876369785527785	0.125683373463637	0.157837064942528	0.163005490673211	0.147864222239813	0.109539834338617	0.0652454534745072	0.0300980392767944	0.00912702098099114	0.001987088908516	0.000258670607601675	1.2466053378394e-05	
6.26038441264447e-07	4.44487293297758e-05	0.000308636951543373	0.00108492461871129	0.00296491805782842	0.00877893706185135	0.0189132473490402	0.037775785584338	0.0650159702406367	0.104481433577947	0.137972612070272	0.161178605011062	0.158323243680455	0.13488749463172	0.0914886317679451	0.0490670149109836	0.0206004209482479	0.00581902731155304	0.00114690242439647	0.000143362803049558	3.75623064758668e-06	
2.06988690890616e-05	2.32078229180388e-05	8.15409994417578e-05	0.000477328465962905	0.0017744575955441	0.00490124130490689	0.0123804326690878	0.0249145387602005	0.047264299468729	0.0795865244089846	0.119617509988772	0.149482214653545	0.160542937608591	0.150313932847851	0.12019394213098	0.0738222029869095	0.037320060967578	0.0134047130697677	0.00334129926174034	0.000447221020015179	8.96950993859336e-05	
4.99410383615844e-05	2.8716097057911e-05	0.000206006783241535	0.000795935298887751	0.00272053806474731	0.00742685666734711	0.0161446891763412	0.0326008855794627	0.0588742415985128	0.0956820353969595	0.132808827577941	0.158339310651362	0.158032797528418	0.138812364651983	0.102175618909924	0.0586507554518447	0.0260242750902216	0.00866352162977585	0.00172858419029034	0.000215370727934333	1.87278893855941e-05	
4.13830205466697e-05	7.71229019278844e-05	0.000422608421946294	0.00148038350773768	0.00430759622963062	0.0102711402965909	0.0222740973015136	0.041477072866094	0.0716948290661796	0.110540318034783	0.143639837302028	0.16196311017226	0.152337795802382	0.126210061466326	0.0841059731374035	0.0448033898963982	0.0183470994578197	0.00510704094473674	0.000786904405849553	0.000111608752383443	6.27015462828329e-07	
3.13874377430172e-06	8.28628356415655e-05	0.000206529340349053	0.000798496416182359	0.00248776831551155	0.00623103414074378	0.0143842349688699	0.0291645794020568	0.0526825587541447	0.0852131269797626	0.125298651470125	0.15195223585274	0.161545492324516	0.143019998819832	0.110583592907443	0.0677598283483805	0.0328143106628148	0.0121733038542518	0.00307847989383513	0.000435029887118219	8.47460819061465e-05	
5.01086104130703e-06	3.75814578098027e-05	0.000182270070377543	0.000431560407182568	0.00125522069084741	0.00399991982622334	0.00917801835478399	0.0192705188496065	0.0374530544956193	0.0649263528698454	0.0996685315421175	0.138175745929302	0.15890943620297	0.157045395895604	0.130090095281523	0.093873470747846	0.0530005035915347	0.0228514054212506	0.00780566878709603	0.00163917791813756	0.000172248348294929	2.88124509875154e-05	
1.44372697490865e-05	2.95022468785681e-05	7.40694708866178e-05	0.000292511639264101	0.000856192866858871	0.00191890146186772	0.00564622788665362	0.0131950368432847	0.0256801366393426	0.0473806084869804	0.0790195712884133	0.113884950025077	0.148266994078836	0.161807269981338	0.148424548631315	0.116277142851763	0.0766694348562142	0.0389197407066353	0.0158332909630852	0.0049369185468072	0.000742577831007364	0.000122402939177038	7.5324885647408e-06	
1.24611057736041e-05	3.6137206743452e-05	0.000191901028913504	0.000356387625125078	0.00124922585380381	0.00308350062367834	0.00792277105085751	0.0178380729149143	0.0331882860621286	0.0583023986382504	0.0930925598475758	0.128276491999347	0.156828623658406	0.158432991026758	0.138574972865942	0.100409721157836	0.0595478861603221	0.0286711352191971	0.0105601640878408	0.00299253455153103	0.000380063726094926	5.17135889604572e-05	
6.21564303313435e-07	4.10232440186867e-05	0.000106287495866597	0.000216925941856389	0.000581162623598062	0.00188706922485959	0.0047052417760827	0.0114137853017446	0.0233739256261017	0.0433609473634485	0.0719510406229566	0.107507005029698	0.140557443729784	0.159370952062475	0.152825258384281	0.124041858626442	0.0832914813369102	0.0458353948549393	0.0202207299153927	0.00688568935210623	0.00154955980816039	0.000253598235751881	2.29978792225971e-05	
3.44651910969518e-05	9.4622615557086e-05	0.000249402655574306	0.000412329013487169	0.00100513030035474	0.00276348168613741	0.00676144385338382	0.0155638536595453	0.0302729705798862	0.0550384036224796	0.0858289787086582	0.120292916525934	0.150818422960585	0.159893421096331	0.142193352228613	0.109283481209891	0.0664238228413981	0.0342408540349026	0.013891351931586	0.0040687724689547	0.000709356296759081	0.000151020200988462	8.14631789564316e-06	
2.89188317546375e-05	4.27495773764207e-05	0.000103730592163374	0.000374058802043681	0.000661989779078986	0.00190990023631715	0.0039046709571316	0.00977582247357856	0.0212905468739686	0.0387971274798684	0.0663668328661266	0.100474080239699	0.131639779487621	0.155726022987957	0.156589815919062	0.129017595851782	0.0934820096576325	0.0527492064609699	0.0252926617207082	0.00917167035800885	0.00216765504108674	0.000392918909709749	4.02348963542783e-05	
1.45077916302658e-05	5.23542045787852e-05	0.000165893443424343	0.000589773268447761	0.00122306991178632	0.00314566768957111	0.0061229188415213	0.0134045686928164	0.0275376808348919	0.0501244200825683	0.0792560656761419	0.114214797316689	0.141939187122127	0.157891450179928	0.147592179669538	0.115101664926783	0.076395507630783	0.0406016318111716	0.0174963967061005	0.00564605403836995	0.00117576189560067	0.000290155832605316	1.82924329251177e-05	
1.20232770643967e-05	7.91005070026097e-05	0.000330323717242898	0.00071380297519155	0.00172502385671291	0.00473653835931627	0.00867321239182215	0.0188366783355735	0.035007353183131	0.062651398370403	0.0949781935722295	0.12731068401056	0.148669086509377	0.155825467578917	0.13475815494587	0.0993458071668856	0.0606675576547775	0.0298670858360734	0.0118087564894056	0.00323742555060281	0.000611921522172188	0.000148708953164906	5.6952365041879e-06	
3.48050600229081e-05	0.000180353492845978	0.000527771273801915	0.00115426235421426	0.00276035766945318	0.00666421976547718	0.011984331394797	0.0242882365225315	0.0461217670845383	0.0755168551413402	0.1090600735336	0.136839573986065	0.151976610999665	0.151510856014631	0.11910861077185	0.08439784082064	0.0473684210526316	0.0211380621808218	0.00700784063079425	0.00198515405985205	0.000322105010030185	5.18911803977902e-05	
6.05184921817673e-05	0.000241443567766842	0.000831498866539074	0.00159050162265207	0.00435102742748498	0.00887352391615163	0.0170517155731732	0.0324391726113477	0.0576079309484004	0.0876843607608183	0.123008878567124	0.144613349875055	0.154432475231546	0.141409652195182	0.102298946221755	0.0690875324341294	0.0343253322843461	0.0145471325581923	0.0043043777564282	0.00107861604294796	0.000153187433335098	8.8256134431744e-06	
0.000111310253749646	0.000413797440493035	0.00122315504826589	0.00247712479954721	0.00604031066251612	0.0123315410495865	0.0229940571644184	0.0415419928937522	0.0683067635128761	0.101489167688583	0.134067226362293	0.149466402540641	0.150532339716379	0.127787944533535	0.0886991793227054	0.0549583372637801	0.0247913718831557	0.00961921831273779	0.00251297047448354	0.000582963871332893	4.71653617583247e-05	5.65984341099896e-06	
2.48513886956003e-06	0.000195704685977852	0.000563505238672737	0.00183651762460486	0.00352144177816656	0.00862032545378636	0.0169362213960516	0.029543952166047	0.0525271377164556	0.0822997226585022	0.11510231316726	0.140929118869162	0.150412408795403	0.143226629754071	0.112494159923657	0.0745467106701923	0.0419739955068689	0.0178172031253106	0.00564064394918388	0.0015482415157359	0.000249135171673393	1.24256943478002e-05	
3.88049791099862e-05	0.000285801750905296	0.000771787917854171	0.00250630888886562	0.00498058827116427	0.0114714909673712	0.022311015132094	0.0379679002748994	0.0641236880991289	0.0963114943427884	0.128737058077503	0.144647715464646	0.148195599268988	0.133223036853027	0.0966576593945315	0.0608067863132991	0.0304218717181305	0.0119888906888377	0.0035829930711554	0.000817368369507171	0.000141053019304553	1.10871368885675e-05	
4.29429674449364e-05	0.000498138422361262	0.00129810455876408	0.00352500415626578	0.0074923208772144	0.0153993481257542	0.0292367991784397	0.0474378691944942	0.0771016441635293	0.110579981583602	0.138261018398608	0.146922614932251	0.143546684220116	0.119051402118561	0.080991663543077	0.0467974055086012	0.0210494156995808	0.00790150600986829	0.00238885593186546	0.000415319842288885	6.19605673134082e-05	
