# <P(U)> as a function of N_tot.
# number_of_species: 1
# species_total_upper_bound: 151
# species_total_lower_bound: 97
# volume: 729
# Bin widths for each
10	10	10	10	10	10	10	10	10	10	10	10	10	10	10	10	10	10	10	10	10	10	10	10	10	10	10	10	10	10	10	10	10	10	10	10	10	10	10	10	10	10	10	10	10	10	10	10	10	10	10	10	10	10	10	
# Bin lower bound for each
-240	-240	-240	-240	-250	-250	-250	-260	-270	-270	-270	-270	-280	-280	-300	-300	-300	-310	-320	-320	-320	-330	-330	-330	-340	-340	-340	-350	-350	-350	-350	-350	-360	-360	-360	-370	-370	-370	-370	-390	-400	-400	-400	-410	-410	-420	-420	-420	-430	-430	-440	-440	-440	-440	-450	
# Bin upper bound for each
-110	-110	-110	-110	-120	-120	-120	-120	-120	-120	-130	-130	-140	-140	-140	-140	-140	-150	-150	-150	-160	-170	-170	-170	-170	-170	-180	-180	-180	-180	-190	-200	-200	-200	-200	-210	-210	-210	-210	-210	-220	-220	-230	-230	-230	-230	-250	-260	-260	-260	-270	-270	-270	-280	-280	
# Normalized histogram for each
3.86506292322439e-05	0.00082712346557002	0.0025200210259423	0.00647784545932408	0.0199823753130701	0.0463962153303856	0.09862867567484	0.165339661729693	0.240801150242726	0.2242045700504	0.129394576543706	0.0523174917287653	0.012368201354318	0.000703441452026839	
3.86019903186208e-05	0.00106541493279393	0.00422305774085712	0.0106850309201942	0.0296077265743822	0.0610220262956758	0.119658449589661	0.182649177391586	0.24026650814116	0.197279331722344	0.1071359639303	0.0391192569888903	0.00690975626703313	0.000339697514803863	
0.000114842206807846	0.00195231751573338	0.00555836280949975	0.0148146446782121	0.0407077342398212	0.0780237953052506	0.142189964322354	0.202290719218461	0.236567289877042	0.164829191357741	0.0820738971320073	0.0274243189857136	0.00337636088015067	7.65614712052307e-05	
0.00052882871993231	0.002289072887707	0.00786443853499335	0.0230040493170555	0.0504427051855433	0.100379245739151	0.163053003747129	0.207701257101414	0.221231717635682	0.137744772150369	0.0651970264716548	0.0182974737096579	0.0021984165357186	6.7992263991297e-05	
5.97371565113501e-05	0.00120967741935484	0.00438321385902031	0.0109318996415771	0.0318175029868578	0.0671968339307049	0.121916069295102	0.173782855436081	0.215120967741935	0.201672640382318	0.112948028673835	0.0464979091995221	0.0112903225806452	0.00117234169653524	
0.000222400142336091	0.00223141476143878	0.00665717759392699	0.0171322242979569	0.0428713341043205	0.0853126946001245	0.137102274412122	0.190789668772055	0.219946327432316	0.169698721940515	0.0898422441657029	0.0309358597989503	0.00659045755122617	0.000667200427008273	
0.000419353147769565	0.00256104958102127	0.0107384359625278	0.0246295089823947	0.0559387145328331	0.100307775256667	0.152330030927295	0.202764735395652	0.21199799309565	0.147709657852762	0.0654565332973888	0.0216640831517384	0.00303282187226204	0.00044930694403882	
5.18633770467511e-05	0.000592724309105727	0.00499370230421575	0.0137808401867082	0.0345261910054086	0.0719715492331629	0.114299473957176	0.166281395865748	0.211165444172779	0.19625842779877	0.122649477661703	0.0494776617026006	0.0122249388753056	0.00162258279617693	0.000103726754093502	
0.00016202203499676	0.000206209862723149	0.00140664584929005	0.00603163848465209	0.0189492134566665	0.0478480527897249	0.0870794791728039	0.133064278560066	0.180367348141165	0.206541271431096	0.175469863901491	0.0999234077652743	0.0348715607140753	0.00712160490190302	0.000729099157485418	0.000228303776586343	
0.000411003141238294	0.00106420456213487	0.00339077591521592	0.0104879194433843	0.0257390717200481	0.0579661215982151	0.102508587029915	0.157105950738338	0.186111029562869	0.199219094031647	0.14929689105481	0.079015353903062	0.0234418577341984	0.0038237970818777	0.00039632445762264	2.201802542348e-05	
0.000485804927239671	0.00210515468470524	0.00534385419963638	0.0132271432462074	0.0356183339835268	0.073665692603252	0.110410210736289	0.174499657728347	0.19492554671456	0.187461816468787	0.124542717710534	0.0606740911399486	0.0150010672987038	0.00184017017893815	0.00019873837932532	
0.000895121587348948	0.00353573027002835	0.00754139937341489	0.0180068625988363	0.0465612412352678	0.0875578099358496	0.128136655229002	0.188564821721617	0.194420408772192	0.167574220498284	0.103103088169476	0.044062360137252	0.0091899149634492	0.00084290616142026	7.45934656124124e-06	
2.23212624906065e-05	0.000803565449661833	0.00464282259804615	0.0107811697829629	0.0239804763357415	0.0589950967626729	0.101561744332259	0.143324826452184	0.194827419438843	0.194373553768201	0.145281657130527	0.0846273465227193	0.0304164403538664	0.0055356730976704	0.000825886712152439	
0.000204649329583956	0.0015765577982764	0.00728400021222893	0.0154169161619913	0.0319480342294953	0.0725519771399119	0.114126109464653	0.167046910174104	0.202466403401727	0.180576504741043	0.123888640446287	0.0610006594256175	0.0181076758657804	0.00346387939332843	0.000341082215973259	
9.97835464607544e-05	0	0.000253296694861915	0.00292442547704211	0.0087963034033865	0.0221365959994474	0.0461767550390691	0.0895211924901368	0.137785726347462	0.179280330360295	0.193434242642882	0.162892801768471	0.0990543590058489	0.0450868116854209	0.0110222440552033	0.00140464530787062	0.000130486176140986	
0.000167296563576496	0	0.000790856482361619	0.00471472133715581	0.0135206040926823	0.0318623909720691	0.0587895333186315	0.106073625696752	0.159471647034668	0.188573644707725	0.186109822589599	0.136848589005574	0.0755039808977742	0.0314669627308883	0.00513296274609705	0.000958153045938116	1.52087785069542e-05	
0.00011423175338126	9.90008529304252e-05	0.00143170464237846	0.00855976605336907	0.0197240160838309	0.0374756305592787	0.0676328134519313	0.127475021323261	0.172825027415621	0.195267759229926	0.172055866942854	0.117963323991714	0.0581135006701596	0.0188634702083587	0.00209424881198976	0.000289387108565858	1.52309004508347e-05	
7.55383999456123e-05	0.00024172287982596	0.000528768799619286	0.00265139783809099	0.0101825763126685	0.0274959775802029	0.048170837645317	0.0857511916182591	0.142095284137691	0.184117296027436	0.19324988858086	0.157565548446553	0.0940150925723091	0.0418633812498584	0.0108624219121791	0.000989553039287522	0.000143522959896663	
0.0001066756070985	0.000144774038205107	0.000281928390188892	0.00134868446117389	0.00497565510252288	0.0158108489092419	0.0345933754447992	0.0642415745319608	0.101014180236058	0.161712600675104	0.191017913882306	0.186628974618825	0.129153681451398	0.0745814887342939	0.0283452327433156	0.00523472443404781	0.000708630818582891	9.90559208771783e-05	
0.000226844283132954	0.000657066199419592	0.000774399449315947	0.00257350928106007	0.00826808300936319	0.0253830930609116	0.0429909027620247	0.0823131859106234	0.12589857713879	0.166034370820003	0.193709373362223	0.164438638621413	0.107797967788112	0.0576575589990692	0.0177642540343082	0.00302719784732598	0.000469332999585423	1.56444333195141e-05	
0.000528664500178813	0.000279881205977019	0.00174925753735637	0.00367732806742027	0.0130533484676504	0.0336401660628489	0.0543280518713168	0.0941178299877163	0.144379829894423	0.174692519397322	0.187567054872265	0.151027008536377	0.084710711675711	0.0438325066471786	0.0108220732977781	0.00158599350053644	7.77447794380607e-06	
4.69120165130298e-05	0.000430026818036107	0.000672405570020094	0.0022048647761124	0.00473811366781601	0.0208914846871359	0.0392497204825683	0.0681709786628512	0.115700670059969	0.158953549284983	0.181119477087389	0.174153042635204	0.126138593734118	0.0687964722163582	0.0312668590059344	0.00666150634485023	0.000805322950140345	
0.000139396567746732	0.000604051793569172	0.000704727092497367	0.00239297441298556	0.00978873675732606	0.026911281828883	0.0496251781178366	0.0821820209404622	0.13527662474444	0.172387088780125	0.176522520289945	0.157518121553807	0.107219193358528	0.0522892014125519	0.0227913388265907	0.00346942568614088	0.000178117836565269	
0.000248781360056598	0.000264330195060135	0.000746344080169793	0.00421373428595862	0.0166761255412938	0.0370761970659348	0.0598163682586082	0.0982142162998437	0.154905268722741	0.179806727980906	0.17006538285119	0.142924891352515	0.0833106579489532	0.0351092694379874	0.0153078280609825	0.00121280913027591	0.000101067427522993	
0.000194259250625515	0.00025642221082568	0.000404059241301071	0.00212131101683062	0.00712542931294388	0.0243445692883895	0.043024538828539	0.0718137597712403	0.11714609849721	0.16586631855409	0.174289399661212	0.166169362985065	0.124170512999829	0.0647116415683715	0.0289290876031517	0.00860179961769779	0.000637170342051688	0.000194259250625515	
0.000458337864922393	0.000240821590043969	0.000908907291456271	0.00299861721796684	0.0109457296894178	0.029737582151236	0.057214548731414	0.0893215045911471	0.13518636483694	0.171892236222675	0.174945232509361	0.1561145378556	0.0982707456147165	0.046703851591753	0.0199804235352609	0.00446685207339621	0.000598169755915666	1.55368767770303e-05	
0.000576896450933034	0.000969186037567497	0.00127686414473178	0.00430749350029999	0.0176453394458717	0.0366367706105872	0.070512130209375	0.103610602587573	0.146777841022722	0.172538190545052	0.17479193268003	0.13792440348907	0.0818116086949833	0.0345291755765119	0.01335322985093	0.00239219728320231	0.00034613787055982	
7.7340118639742e-05	0.000688327055893704	0.00154680237279484	0.00163187650329856	0.00713075893858421	0.0219877957292786	0.0490026991701405	0.0813695388208726	0.125847841050588	0.156072359414999	0.17567034547831	0.164742186714514	0.112730956929288	0.0693586183961206	0.0222352841089258	0.00829859473004432	0.00145399423042715	0.000154680237279484	
9.50081152765132e-05	0.000672974149875302	0.00270773128538063	0.00234353351015399	0.0109021812279799	0.0309409762083845	0.0624282490796089	0.092070781045881	0.13623371996358	0.164253196627212	0.180436245595978	0.1514904398084	0.0917540873282926	0.0513914730216539	0.0157396777641424	0.0056213134871937	0.000799651636910653	0.000118760144095642	
0.000373769344551715	0.000978162327231085	0.00316511061982091	0.00576559095319135	0.0172490576240994	0.0399376520923131	0.0755729804526585	0.106118683695704	0.152124123232548	0.175918120655925	0.168243920283747	0.133769662653285	0.071047985621809	0.0337903392553242	0.0113880361999586	0.00425460849649293	0.000190860941898748	0.000111335549440936	
0.000201974502738774	0.00197127114673044	0.00366785696973614	0.00838598135371391	0.0250286803793889	0.0512288128746627	0.0895635734944821	0.129643393817964	0.158994328555963	0.17740632422563	0.155641551810499	0.111094055486435	0.0560358060398455	0.0229281455509057	0.00609155100260143	0.0021086138085928	8.07898010955097e-06	
0.000352355174015408	0.00233835706392043	0.00458862533433701	0.012004100132934	0.0330413056360812	0.0670355718564313	0.100957765427551	0.143416563896408	0.162892195332896	0.170195557121579	0.146427599019812	0.0963611320210772	0.0400083283950222	0.0160641927062479	0.00364367282220478	0.00067267805948396	
0.000128051220488195	0.00116846738695478	0.00425770308123249	0.00685074029611845	0.0175030012004802	0.0453941576630652	0.0793357342937175	0.117150860344138	0.15438175270108	0.166050420168067	0.16063225290116	0.13141256502601	0.0742296918767507	0.0287074829931973	0.0100760304121649	0.00237695078031212	0.000344137655062025	
0.000246461227541221	0.00207848968559763	0.00550430074842059	0.0102692178142175	0.0252951373199806	0.0592410637266581	0.0987487985015157	0.128775991390288	0.162976594398758	0.166065575117274	0.148952950551662	0.110283183950445	0.0561438676338901	0.0184928074398429	0.00571790047895632	0.00110907552393549	9.85844910164883e-05	
0.000512867175673552	0.00272977690277858	0.00909098429137473	0.0148896921969741	0.0338326894920133	0.0739934981677407	0.11479952683867	0.140600054595538	0.167169883115916	0.163000769300764	0.136091786680343	0.0866745526888302	0.0396148532951716	0.0123998047795912	0.00386304791999272	0.000661764097643293	7.44484609848704e-05	
1.68574366581818e-05	0.00106201850946545	0.00587481667537634	0.0134606631715581	0.0215438040491563	0.0489961396470053	0.0940054955243506	0.12479560358052	0.154076971055781	0.165792889533218	0.148766878508454	0.114723285177256	0.0665868747998179	0.0299219500682726	0.00827700139916724	0.00185431803239999	0.000244432831543635	
0.000393148952172575	0.00235034699668387	0.0112389320023247	0.0162985880824587	0.0327852039246521	0.0660575706813442	0.111585928686199	0.132226248675259	0.165729376773444	0.155712625209395	0.133679190455027	0.093629277631534	0.0505110936378243	0.0203839184985129	0.00613654234043281	0.00111961984205668	0.000162387610679977	
0.000932608165115225	0.00525572638845309	0.0147822752152843	0.0209967576613325	0.0417320363978663	0.088867970574905	0.124002022103685	0.145173099048217	0.167538263082662	0.138906320817209	0.1172732977722	0.0749572917756162	0.040032423386675	0.015244221315762	0.00362584109054144	0.000453230136317679	0.00022661506815884	
0.00104797086640991	0.00664588191114954	0.0184704865204747	0.0294217820744583	0.0539704996201106	0.108665845756155	0.132026862986542	0.164557625298017	0.160846061812815	0.124254412394002	0.101129188608557	0.0593588164915682	0.0280419537670186	0.00931820762049482	0.002078475551713	8.73309055341595e-05	7.85978149807435e-05	
0.000115918250882762	0.000169418982059421	0.00272853729000963	0.0105039768876841	0.0243606662624389	0.0403306345186718	0.0747851053964404	0.117505439241003	0.147795769875522	0.17472447123444	0.150185469201412	0.112342618682455	0.0749901915326176	0.0442718550486857	0.0190640938759496	0.00533223954060705	0.000650925562649356	0.000133751827941649	8.91678852944324e-06	
0.000160692764361916	0.000357095031915368	0.0003392402803196	0.00411552024282462	0.0166674106146498	0.0285140382984422	0.0525376065705486	0.0941748872918805	0.130732491184216	0.152836673659778	0.171387760567781	0.137829754943534	0.101798866223274	0.0599026916038031	0.0302816587064232	0.0140516895058697	0.00374949783511137	0.000374949783511137	0.000187474891755568	
0.000782885593145793	0.000422230432258405	0.00163614292500132	0.00685244805686037	0.0199679808588871	0.0376752696117239	0.0628067767984377	0.105627979803311	0.142669903766647	0.157175278408191	0.167502331063845	0.123775091923084	0.0903661089706374	0.046524515754473	0.0251051177846977	0.00920110483629774	0.0014690100455657	0.000351858693548671	8.79646733871677e-05	
0.00104744946056353	0.000951433260011871	0.00366607311197235	0.0133986243497085	0.0239342201738766	0.0435826263049475	0.0797021752033798	0.118161027897071	0.154682099088719	0.166404804301526	0.155485143675151	0.110776509200098	0.0704409762228972	0.0334310952829859	0.0190723089277609	0.00458259138996543	0.000279319856150274	0.000401522293216019	
0.000121438174957713	0.000910786312182851	0.00210781975105174	0.00801491954720909	0.0183631868846771	0.0332480374723511	0.0552977403825302	0.0897428112937503	0.143583293576788	0.160593312226222	0.165034479767533	0.140660103222449	0.0894565641670642	0.0538231339723294	0.0227956802706336	0.0132107386043284	0.00245478596521664	0.000173483107082448	0.000407685301643752	
0.000528380988678788	0.000952818176306011	0.00377662477154019	0.0118236073696155	0.0235692568884423	0.0429114658674543	0.0692352334837631	0.112727052240422	0.151238230530027	0.157180351156808	0.160757750309666	0.121640233180594	0.0729079144542517	0.0442800592479666	0.0168042478366696	0.00855803961991217	0.0007882404913077	3.46479336838549e-05	0.000285845452891803	
4.34355806902783e-05	0.000668907942630285	0.00202409806016697	0.00661958249719841	0.0161059133199552	0.0309261334514781	0.0534605127135945	0.085854768792404	0.123244116650595	0.159130593416903	0.151546741028381	0.14484897448594	0.106590915013943	0.0629902791170415	0.0350785749654687	0.0161319746683693	0.00427406113992338	0.000347484645522226	0	0.000112932509794723	
0.000319610785088381	0.00102985697417367	0.00337366939815514	0.0107602297646422	0.0243880785177162	0.0419577936202136	0.0677574864387368	0.104787947122171	0.12559816046237	0.160524516810639	0.150598826318173	0.127542459404991	0.097916315242771	0.0467341992418122	0.0248053481538038	0.0103252039738274	0.00156254161598764	1.77561547271323e-05	
0.000425637569609478	0.00108182882275742	0.00689887560742028	0.0160146135565566	0.0339800659738233	0.0582857446883978	0.0763132692512326	0.117591246053985	0.133933955237116	0.163648778065477	0.14042492817366	0.119045507750151	0.0745663817259603	0.0348756783598766	0.0156776504806158	0.00603873301883446	0.00119710566452666	
3.52733686067019e-05	0.000202821869488536	0.00354497354497354	0.0128747795414462	0.0245326278659612	0.0423544973544974	0.071305114638448	0.0918342151675485	0.127213403880071	0.134514991181658	0.158606701940035	0.132883597883598	0.102195767195767	0.0567460317460317	0.0255908289241623	0.0109876543209877	0.00392416225749559	0.000652557319223986	
2.68875026887503e-05	0.000528787552878755	0.00492937549293755	0.0163924141392414	0.027738940273894	0.0547429554742956	0.0787624578762458	0.112389761238976	0.137197963719796	0.144045314404531	0.147791639779164	0.119810711981071	0.0818007456800746	0.0440686169068617	0.0201566645156665	0.00700867570086757	0.00243780024378002	0.000170287517028752	
0.000106942340254879	7.12948935032528e-05	0.000989216647357633	0.00679083860618483	0.0239372604937171	0.035210765528919	0.0657695392567507	0.0875055699135549	0.138757686480706	0.136770341324303	0.138793333927457	0.140219231797522	0.104580696907584	0.0664201051599679	0.0343819623919437	0.013929239818198	0.00451831387576865	0.00124766063630692	
8.02954873936085e-05	0.000383633995325018	0.00136502328569134	0.010714986706636	0.0297093303356351	0.0475884588619453	0.0733454668736506	0.104937280302625	0.150509430258908	0.14072230251771	0.140258373034991	0.126759809432043	0.0844262441339686	0.0513445033278019	0.024829149046268	0.00995664043680745	0.00287279410452688	0.000196277858073265	
0.000708252917116702	0.000637427625405032	0.00263824211625972	0.0168033004585938	0.0374223135081538	0.059714574074402	0.08634488375799	0.119322910211236	0.152531118862546	0.143173327195141	0.140207518104715	0.105007348124015	0.0704888715760398	0.0388476725038511	0.0167944472971298	0.00681693432724826	0.00231067514209324	0.000230182198062928	
0.000532054077627562	0.00080244221543829	0.00717836894897514	0.0260793720017444	0.0488966419537724	0.0710161360662887	0.0975926733536851	0.137208896641954	0.161360662887048	0.136476232010467	0.125041430440471	0.0844308765808984	0.0569036197121675	0.0284605320540776	0.0122808547754034	0.00443087658089839	0.00130832969908417	
0.000148775663802006	0.00062135718411426	0.000717623790103793	0.0111406717658796	0.0361524863038874	0.0619256821801761	0.0826230024679257	0.115012339628586	0.152066231424921	0.153055152013722	0.139262772828313	0.10670715698458	0.0658113524582991	0.0433549787338316	0.0200847146132708	0.00778009206588136	0.00318554950729001	0.000350060385416484	
