# <P(U)> as a function of N_tot.
# number_of_species: 1
# species_total_upper_bound: 151
# species_total_lower_bound: 97
# volume: 729
# Bin widths for each
10	10	10	10	10	10	10	10	10	10	10	10	10	10	10	10	10	10	10	10	10	10	10	10	10	10	10	10	10	10	10	10	10	10	10	10	10	10	10	10	10	10	10	10	10	10	10	10	10	10	10	10	10	10	10	
# Bin lower bound for each
-240	-240	-260	-260	-260	-260	-260	-260	-270	-270	-270	-280	-280	-280	-310	-310	-310	-320	-330	-330	-350	-350	-360	-360	-360	-360	-370	-370	-370	-370	-380	-380	-380	-380	-380	-390	-390	-400	-400	-400	-410	-420	-440	-440	-440	-450	-450	-450	-450	-450	-460	-460	-470	-470	-470	
# Bin upper bound for each
-100	-100	-110	-110	-110	-110	-120	-120	-120	-120	-130	-130	-130	-130	-140	-140	-140	-150	-150	-150	-150	-160	-170	-170	-170	-170	-170	-180	-180	-180	-190	-190	-190	-190	-200	-200	-200	-210	-210	-210	-220	-220	-220	-230	-230	-230	-240	-250	-250	-250	-260	-260	-260	-260	-270	
# Normalized histogram for each
1.13197722461824e-05	0.000459582753195006	0.00178399610599835	0.0066899853974938	0.0196420688015757	0.0475181399350245	0.0948891228308486	0.158897906974112	0.218625553253869	0.217973534372488	0.147922255804213	0.0655958162121778	0.0183901019911479	0.00152364134433615	7.69744512740404e-05	
4.28338901739056e-05	0.000737193794045638	0.00312236515215049	0.00966467827239649	0.0273753646516703	0.0631055923025245	0.114312380797792	0.17913809195309	0.221462484275453	0.19895214778143	0.122964826612921	0.0472006925563717	0.0111052496314031	0.000800317421670341	1.57809069061757e-05	
4.50554971085635e-06	4.05499473977071e-05	0.000132913716470262	0.00123226784591921	0.00471055222270031	0.0138545653608833	0.0362786862718153	0.0801492238064236	0.136966458435178	0.198341056596463	0.216935460253167	0.176615295890713	0.0955694676918294	0.0324106718450451	0.00648799158363314	0.000270332982651381	
2.46554954858029e-05	8.06907124989914e-05	0.000363108206245461	0.00177519567497781	0.00727785398567292	0.0206164770434923	0.0491227126424415	0.100260451688677	0.157712238987959	0.208865667894959	0.204593542949873	0.150864735468948	0.0736280337466491	0.0211320010400136	0.00351677021974771	0.000165864242359038	
5.16425705426287e-05	0.000130229090933585	0.000900376990764961	0.00339493768088933	0.0103644393749902	0.0279633292842564	0.0641221099807126	0.120165525665235	0.175665571694483	0.212897619726564	0.190527405364989	0.125610448863751	0.0529089361855001	0.0134113510370053	0.00181198062730006	7.4095862082902e-05	
0.000116569712050394	0.00056939820886154	0.00175302913121939	0.00508871627604605	0.0148828138135109	0.0372372978244057	0.0815449970297141	0.138399632357062	0.19191409708912	0.213661073562213	0.168613605030431	0.0997388390105025	0.0370265756526223	0.00833025096113969	0.00109172018785657	3.13841532443368e-05	
0.000180840819389753	0.000626161337137019	0.00250916636903282	0.0078055418669102	0.0214205950567162	0.0504568491199834	0.099523484440908	0.155590919982458	0.201081428099951	0.205975432774686	0.14908291099467	0.0761023378196927	0.0244067290868895	0.00460465936371158	0.000632942867864134	
0.000406330676843641	0.00116735885060052	0.00417330789089685	0.0103962285329442	0.0295184644741273	0.0669008867437423	0.115613424626782	0.171765630261533	0.208719272645639	0.192205634751375	0.12422943091256	0.0565248624985969	0.0155415871590526	0.0026288023347177	0.000208777640588169	
4.94350917245656e-05	0.000892078700666026	0.00194819202387266	0.00579738802951724	0.0160596636616123	0.0415254770486351	0.0834351995829476	0.131897318820389	0.187693808030057	0.207186963516902	0.171357757264711	0.100813881373756	0.0405794691569969	0.00946906711487817	0.00119543039988495	9.88701834491313e-05	
0.000125054990699035	0.00136220614868592	0.00353726973691556	0.00885210684162455	0.0229833207906155	0.0530478804295639	0.0989698595141167	0.151611311223909	0.19822332588214	0.198902195831649	0.150065988838842	0.0776814804724399	0.0285281697532174	0.00564757270496178	0.000455557466117913	6.69937450173402e-06	
0.000205726808215655	0.00213329755475799	0.0054562327396326	0.0120998669484229	0.0322767472802692	0.0681671306700656	0.113429264638469	0.170545287849819	0.205483066671139	0.182240409664688	0.128187926966983	0.0585918894442022	0.0182873243216047	0.00276165878419929	0.000134169657531949	
1.80040689195758e-05	0.00067740309309904	0.003310498172587	0.00753245233422754	0.0169013196982518	0.0414183605494842	0.0824113749707434	0.131657004483013	0.185635453612516	0.203146661145419	0.165293106242011	0.105294546567524	0.0433447959238788	0.0119231946419891	0.00140431737572691	3.15071206092577e-05	
9.36181405208289e-05	0.00120366180669637	0.00405232808254445	0.0107170480862892	0.0235026112774195	0.0540778501708531	0.0994559002833063	0.151902120005082	0.193626833633877	0.196422003829428	0.145007812656727	0.0814589272698498	0.0304593307194554	0.00714841372976901	0.000847021271378928	2.45190368030742e-05	
0.000273570203271631	0.00197329326950029	0.00631678084111626	0.0152907804599119	0.0322992230157751	0.0680517092531758	0.116321153479611	0.168216524088753	0.204742630982947	0.180168402641522	0.12216030765436	0.0596562433429382	0.02004238095772	0.00413270397237389	0.000349811079593233	4.48475743068247e-06	
4.54879377361108e-06	2.9567159528472e-05	0.000111445447453472	0.000404842645851386	0.00284981929916734	0.00937051517363883	0.0201511564170971	0.0439868357908192	0.0866863629437064	0.130814211341508	0.180289166820188	0.200840617089363	0.165366848845857	0.100469208077748	0.0435637979698733	0.0125137316712041	0.00234717758718332	0.000200146926038888	
4.98692066715931e-05	5.21359887930292e-05	0.000412554346101361	0.001081255071925	0.00442249191892174	0.0136958975777166	0.0270971134796466	0.056309134678593	0.103791419776314	0.151733861644686	0.190491302357	0.190457300625179	0.142737003404707	0.0790381590102323	0.0303408786954216	0.0070360917049375	0.00121499521708972	3.85352960644129e-05	
3.40018088962333e-05	7.25371923119643e-05	0.000680036177924666	0.00205824283185199	0.00717211488984547	0.0197187823725556	0.0366562167773992	0.0693614233610561	0.122102762533633	0.165031179658758	0.195517201515121	0.176553259300061	0.120747223752304	0.0595575684626422	0.0203988185504802	0.00395101019374231	0.000374019897858566	1.36007235584933e-05	
6.31565176398409e-05	9.699036637547e-05	0.000184958373088106	0.00146162226537918	0.00366758920294219	0.0107343524088573	0.0258716163331777	0.0490252468179265	0.0881236424168195	0.137949623654823	0.177560038164581	0.193170975971201	0.158425868909625	0.096324967350336	0.0421885537834137	0.0125997252691483	0.00239092531065112	0.000160146884015311	
9.05102287872308e-06	0.000226275571968077	0.000106349518824996	0.000368829182307966	0.00192786787316802	0.0058718510925716	0.015778195633334	0.0345884839310403	0.064232846614578	0.104577781096486	0.154444391646811	0.181703809801805	0.187383326658204	0.134724475549793	0.0757525359834728	0.0304069113610702	0.00665702732730083	0.0011653191956356	7.46709387494654e-05	
9.55716206898906e-05	0.000286714862069672	0.000275337288178018	0.000848767012317361	0.00285804656158339	0.0083534147512521	0.023840568332571	0.0445614059040506	0.0790559344287661	0.124277239618533	0.163106623795968	0.188690236448741	0.168813614860022	0.113002063891904	0.0562621028942272	0.0213010938399539	0.00376825247291569	0.000589358327587659	1.36530886699844e-05	
2.03587667111543e-05	0	0.000115366344696541	0.000404913249032959	0.0002081118374918	0.00159929422942068	0.00394733865677381	0.0125998145090144	0.0311127197050241	0.0563462800009048	0.094197751487321	0.141529622005565	0.172560906643744	0.184966181826408	0.152428348451603	0.0896192910625014	0.0425973262153053	0.0134797656479743	0.00197027620060171	0.000291808989526546	4.52417038025652e-06	
4.74588068855949e-05	0	0.000325431818644079	0.000368370739159618	0.000490407671151147	0.00200908949149018	0.00570635654219653	0.0184885951967168	0.0391761151124661	0.0714187245332652	0.112551950443966	0.154132645105302	0.179561525823241	0.177825889457139	0.130706074049298	0.0685553765178343	0.0295736165192807	0.00797985938633503	0.001037313921928	4.51988637005666e-05	
3.59862712375229e-05	0.000119204523474295	1.57439936664163e-05	0.000422838687040894	0.000404845551422132	0.000760209979892671	0.00262249951643448	0.00922822943047228	0.0254580377585951	0.0489053426117936	0.0844957648657037	0.131133972389533	0.16790069588452	0.1787190686753	0.163559851916494	0.109378022284498	0.0504954859721016	0.0214388210897543	0.00437907938121607	0.000526299216848772	
0.000191611475047677	0.000148780674742902	3.60680423619158e-05	0.000466630298057285	0.000396748465981073	0.00122631344030514	0.00444764047375374	0.0147991686316236	0.0337867386825246	0.0607814141377709	0.100129394101973	0.148494384656655	0.173464741234339	0.174174830818339	0.14863189406816	0.087386103884979	0.0352632741667155	0.0135390414016041	0.00238950780647692	0.000245713538590551	
0.000137855911193674	0.000169494972779107	8.58774528747477e-05	0.000637301097649444	0.000564983242597025	0.00231417136167741	0.00730862322623511	0.0214671032857165	0.0434449514227408	0.0740308842439733	0.118302971133876	0.161951316523952	0.171144723847491	0.166496041727402	0.129152909324709	0.068200257180372	0.0252457112122054	0.00796852365358844	0.00123618333480229	0.000140115844164062	
0.000189411876124633	8.79412282007225e-05	0.00029539233062294	0.000719314148616166	0.0012492164211077	0.00330568821903229	0.0115000067647099	0.0293430564763077	0.0533262078389458	0.091830936371139	0.137851257559563	0.17096902213864	0.167979020379816	0.153527345212164	0.106463003801767	0.0488637542335809	0.0172116767911824	0.0046518654814895	0.000606568984256265	2.93137427335742e-05	
1.56043799265257e-05	0.00013821022220637	9.80846738238756e-05	0.000512715340442986	0.000978617541106395	0.00202411099618361	0.00505804829332668	0.0172205478474872	0.0374103862752791	0.0665303884153083	0.107752701786924	0.151280004993402	0.17572538074687	0.166128687092057	0.134563255697828	0.085514231194493	0.0347843920533581	0.0114513856689375	0.0025368263366266	0.00027419124728038	2.22919713236081e-06	
6.02601901097405e-05	0.000122752239112434	6.69557667886006e-05	0.00074544087024642	0.00131902860573543	0.00277420060394102	0.00844758590982844	0.0230952758242813	0.04712570052471	0.0773048964752252	0.127028480751333	0.164981241226005	0.175535701930781	0.156915303186871	0.114563548834189	0.0671075331933214	0.0240996123261103	0.00720220864756047	0.0013681295013804	0.000136143392470154	
6.49381184516065e-05	0.000107483782264728	0.000382910974318094	0.000725515530286915	0.00232657603693859	0.00406870900781273	0.0126360621524971	0.0313875036667644	0.0598281603031043	0.0932197886600131	0.139737873926002	0.169990080142595	0.172511470534889	0.146813889591763	0.0959091224620952	0.0495970477787805	0.0157732450473488	0.00422769543574597	0.00062698872987758	6.49381184516065e-05	
0.000177497775660786	0.000226927535971385	0.000588663509153493	0.00120878232032282	0.00323540249305737	0.00752680441093207	0.0183519219189532	0.0414625816714449	0.0736143939462024	0.111156296902102	0.151005670941592	0.177967358383737	0.160053563885718	0.128476934276393	0.0761914819042141	0.0345985854101322	0.011045304622132	0.00286917290530157	0.000211199884963467	3.14553020158355e-05	
2.02720052617116e-05	0.000211729832733432	0.000355886314594492	0.00057887837247332	0.00235155261035854	0.00487879593298526	0.0106495600974858	0.0243489307643447	0.0541667980592934	0.0901608696239768	0.129842193701263	0.160989003563368	0.175156882796275	0.146127371261504	0.110054464120803	0.058031993729193	0.0242543280731234	0.00624152517557809	0.00143255503849429	0.000146408926890139	
0.000119706921318673	0.000201017282969093	0.000460758716019045	0.00079955188956246	0.00300848338106553	0.00650708755319053	0.0145522961142682	0.0335495586654259	0.0673091690984488	0.104004987035515	0.143526340039932	0.166112551609493	0.169475638512201	0.135607614263644	0.092714139871891	0.0414140775339471	0.016515037899663	0.00350312141443891	0.000548844941140333	7.00172558656391e-05	
7.2044811872985e-05	0.000175609228940401	0.000549341690531511	0.0014701644422831	0.00419210749085931	0.00988364762882513	0.0222280758631869	0.0461131823994525	0.0818901856955026	0.118961744204895	0.154025053583329	0.16737360638317	0.156285459555844	0.123554600961798	0.0712185479368167	0.0293537580374993	0.0100772680607338	0.00230993678067758	0.000243151240071324	2.25140037103078e-05	
0.000111867804217645	0.000429207085569738	0.000691753973019312	0.00226931831412936	0.00564589958837214	0.0141683998566266	0.0307796272747405	0.0599908222740213	0.0959734439530886	0.134074704863053	0.160450393477879	0.167888460950146	0.142615469262609	0.103009700536737	0.0543038283902223	0.0203873365645626	0.0057646164418276	0.00128990427312182	9.13206565041996e-05	6.39244595529397e-05	
7.06243649502668e-05	0.000555882098318229	0.00099785393058764	0.00333984900055133	0.00844302891953834	0.020802292785835	0.04006451877469	0.0754017615083542	0.111433856864916	0.146661745743173	0.162016849606554	0.162513498366527	0.127210428712677	0.0824778672353067	0.0403834675196267	0.0133343357436746	0.00362462466567337	0.000606002615379708	6.15115436663614e-05	
1.36753695198806e-05	0.000104844499652418	0.0006450215956877	0.00169346659221188	0.00571630445931008	0.0119636691016422	0.0279478968421293	0.0533521749535607	0.0922722766071408	0.125204845639267	0.156382408916341	0.160872488575368	0.148398272344984	0.110702116263433	0.0639255148206817	0.0301427936500701	0.0084536575915395	0.00199660394990256	0.000191455173278328	2.05130542798209e-05	
4.83382016807883e-05	0.00037059287955271	0.000865483991998877	0.00286806663306011	0.00929704745660495	0.01734650894602	0.0381802738704398	0.0689026537672723	0.109285768542879	0.135584052076356	0.16015597126409	0.156390195171244	0.13322238565138	0.0922016669774122	0.0475878086451723	0.02047007750225	0.00587654423290727	0.00121536049940268	0.000117392775510486	1.38109147659395e-05	
9.29212585255255e-06	0.000125443699009459	0.000257856492408333	0.00143563344421937	0.00529883476741809	0.0125861844672824	0.0234393874630638	0.0480193833745284	0.0843213960489881	0.122628184876136	0.147394023304652	0.161264844171049	0.14769601739486	0.11917383709045	0.072346168856511	0.0354912746938245	0.0142680592465944	0.0036912969949265	0.000450668103848799	0.000102213384378078	
1.39612157426669e-05	0.000321107962081338	0.000267589968401115	0.00241296345419092	0.007376175650709	0.0149245396289109	0.0303935666717858	0.0603333938319349	0.101593440090096	0.133629776480936	0.158604064575277	0.1589879980082	0.137161964063831	0.100115878090664	0.0574643639968168	0.0251301883368004	0.00915623065789902	0.00187778351738869	0.00020243762826867	3.25761700662227e-05	
1.64525098303746e-05	0.000531181031666381	0.00080382262314116	0.00370651542892868	0.00938968239604952	0.0205750387221571	0.0404073641434001	0.0736390836422096	0.115985493587047	0.144128686831176	0.162000813224057	0.154145914959327	0.1255397010814	0.0825633950459143	0.0421395783926838	0.0186406936378144	0.00479003071918621	0.000897836965029015	9.63647004350514e-05	2.35035854719637e-06	
5.63591959421379e-05	9.39319932368965e-05	0.000650479053165508	0.00173304527522074	0.00491264324628969	0.014073360886718	0.0261718016156303	0.0518504602667669	0.0891672928799549	0.130293067818899	0.148212943828668	0.162488258500845	0.145864643997746	0.111135637798234	0.066405222618824	0.0304551005072328	0.012802930678189	0.00299408228442608	0.000554198760097689	8.45387939132068e-05	
5.82161636013916e-05	0.000130404206467117	0.00033299645579996	0.00077311065262648	0.00318325982572409	0.00774973569861725	0.0177000423813671	0.0363757876646935	0.0639539486859448	0.102479077110802	0.142834521719286	0.153832719346861	0.160809344392852	0.133471033965639	0.0942053959397719	0.050200962196752	0.0218240754108897	0.00832724004154306	0.00144608950385857	0.00026313705947829	4.89015774251689e-05	
9.31083525175335e-06	0	6.75035555752118e-05	0.000155956490466869	0.000698312643881501	0.00154094323416518	0.00447618404728042	0.011703719911454	0.0231956183209305	0.045145912426939	0.0791793429809105	0.11835235459385	0.152958401515804	0.157918748996176	0.151692127921566	0.117600504647271	0.0767073162215699	0.0368872015586338	0.0154699527707882	0.0054887373809086	0.000535373026975817	0.000207166084351512	9.31083525175335e-06	
3.94216610432827e-05	2.55081336162417e-05	0.00014145419550825	0.000224935360070495	0.00136352568785001	0.00263661344742426	0.00669008777116885	0.0153373450670748	0.031031804004777	0.0564355861653159	0.0912240425753939	0.136589098751261	0.158472758472758	0.157651860354563	0.14432038215822	0.0984498011525039	0.0587034911359236	0.0269760107597945	0.0100873073846047	0.00315141396222477	0.000278270548540819	0.000169281250362331	
6.71615002489607e-05	0.000138954828101298	0.000138954828101298	0.00059982167463727	0.00169061707523246	0.00419411989485751	0.00965504463923853	0.0208941743188319	0.0409059854792205	0.0717724846281221	0.107497770932966	0.149100846466495	0.158044905568615	0.15539086835188	0.12776433261154	0.0808786576963605	0.0446114475619217	0.0181637119466413	0.00658645885200153	0.00159334869556155	0.000224643638763765	8.56888106624671e-05	
6.54842089507559e-05	0.000297017662026643	0.000189436461607544	0.000290001496781919	0.00067589058524173	0.00254686798383476	0.00654608217332735	0.0133821658434366	0.0280693384223919	0.0512296998952253	0.0856135870378686	0.121398368507708	0.157400651100135	0.159287999550965	0.142465574015866	0.112141707828169	0.0670184104176022	0.0328029112408322	0.0132769233647658	0.00461897545277653	0.000561293219577908	9.121014818141e-05	3.04033827271367e-05	
7.50016992572488e-05	0.000180472838837755	0.000217973688466379	0.000667983884009872	0.00179769697907218	0.00366570805119804	0.00840956552921902	0.0194699723665614	0.0377071043015818	0.0640186379222654	0.10007804864329	0.134792116383887	0.157414503922354	0.153455820483433	0.130817026323253	0.098917866107904	0.0531410477268626	0.0240825768708822	0.00880098064721779	0.00203442109235287	0.000236724113280692	1.87504248143122e-05	
3.97848808091777e-05	0.000131056077959644	0.000439973976007377	0.00139715140253406	0.00245028060042406	0.00597709326980234	0.0115563377315129	0.025635504963749	0.0507912510706814	0.0758159410996541	0.114098357586509	0.147990395461715	0.157793858150518	0.145853713333552	0.119261030943276	0.0782896245711424	0.0406905719193631	0.0155629092577077	0.00491460292348665	0.00114674068214689	0.000163820097449555	
1.88708174602239e-05	0.000342033566466557	0.000790215481146874	0.00162289030157925	0.00444643636406525	0.00878200667555168	0.0184627360326465	0.0334060646089613	0.0631323198131789	0.0926038189816835	0.128859377027139	0.149716348025051	0.154919975939708	0.136553952846545	0.102046304268343	0.0595161994173635	0.030219255310366	0.0105535046646302	0.00303112505454846	0.000872775307535353	0.000103789496031231	
0.0001180261309854	0.000476825569181017	0.00121094810391021	0.00295537431987442	0.0064890766815773	0.0120032575212152	0.0221535047859596	0.0436342606253024	0.0746184805315897	0.109030179281693	0.137372974376527	0.153832898603751	0.151399199782832	0.12134030474347	0.0851534929833465	0.0466982189856834	0.0219009288656509	0.0066071028125627	0.00248326979593282	0.000488628182279557	3.3047316675912e-05	
7.04030339014076e-06	0.000293345974589198	0.00104196490174083	0.00141744774921501	0.00552429139346378	0.0090679107665013	0.0172205820922843	0.028808921472456	0.0569443205872552	0.087130794756382	0.126012043612333	0.147156421460722	0.152530519715196	0.141127574990965	0.103647346509652	0.0675869125453513	0.0330190228997602	0.0155496834210242	0.00399654555780324	0.00167324543905679	0.000244063850858213	
7.50939260747232e-05	0.000757979316316737	0.00161686609579638	0.00277378189438509	0.00724421718102095	0.0116911856157585	0.02191569298787	0.037840298686091	0.0672207972628264	0.102390568202885	0.140531242593275	0.151609943374486	0.14799604818214	0.128182985124363	0.0878763203037549	0.0528708173269848	0.0236897869913853	0.0101799203535047	0.00266583437565267	0.000793179594164263	7.74406112645582e-05	
9.17989144778363e-06	0.000325886146396319	0.00113601156666322	0.00228579297049812	0.00462207534395906	0.00962282121013919	0.0163379118041929	0.0280376834543932	0.0482426245309649	0.0806981307446039	0.118712061229876	0.148512283842244	0.151842289464927	0.140619872170012	0.108106991634824	0.0744076101300102	0.0403662776687666	0.0170218137170528	0.00648788828072108	0.00207006552147521	0.000502599056766154	3.21296200672427e-05	
0.000142977425453159	0.000619568843630356	0.000978147148735104	0.00308649680343327	0.00663596812738154	0.0117400352677649	0.0214920034768479	0.035826057749263	0.0591903846546641	0.0961943040517079	0.134800478407005	0.151517489770306	0.149579351336385	0.128759114810873	0.0910675420818875	0.0611149061909225	0.0302045484977158	0.0112089762589389	0.00450946260913376	0.00109842974475125	0.00019290605021458	4.08506929866169e-05	
0.000143245953301819	0.00117552631519112	0.00123691743803476	0.00440424462770831	0.00866751704740532	0.0143973551794781	0.0285355033958386	0.0448769107986985	0.071786686311826	0.112279816190431	0.143939445615423	0.153996221035327	0.145199100506363	0.116070149589703	0.0763296294022551	0.0458887274529733	0.0206046798225569	0.00734419728833137	0.00257160592356123	0.000443380331648488	0.000109139773944243	
