# <P(U)> as a function of N_tot.
# number_of_species: 1
# species_total_upper_bound: 151
# species_total_lower_bound: 97
# volume: 729
# Bin widths for each
10	10	10	10	10	10	10	10	10	10	10	10	10	10	10	10	10	10	10	10	10	10	10	10	10	10	10	10	10	10	10	10	10	10	10	10	10	10	10	10	10	10	10	10	10	10	10	10	10	10	10	10	10	10	10	
# Bin lower bound for each
-250	-260	-260	-260	-270	-270	-280	-280	-280	-280	-310	-310	-320	-320	-320	-320	-320	-320	-330	-330	-350	-350	-360	-360	-360	-360	-370	-370	-370	-370	-380	-380	-380	-380	-390	-390	-400	-410	-410	-410	-420	-430	-440	-440	-450	-450	-460	-460	-460	-460	-460	-470	-470	-470	-480	
# Bin upper bound for each
-100	-100	-100	-100	-100	-100	-100	-100	-100	-110	-110	-110	-120	-120	-140	-140	-140	-140	-150	-150	-150	-150	-160	-160	-160	-170	-170	-170	-170	-180	-180	-190	-190	-190	-190	-200	-200	-200	-210	-210	-220	-220	-220	-220	-230	-230	-230	-230	-240	-240	-240	-240	-250	-250	-250	
# Normalized histogram for each
2.05178710656982e-06	7.09918338873158e-05	0.000358242028807091	0.0020099306495958	0.0066646148795601	0.0187541548688908	0.0464339940087816	0.0952813000123107	0.160962288152981	0.222034962452296	0.219304854528294	0.150195330132545	0.0619931059953219	0.0143871311912676	0.00146251384956297	8.45336287906767e-05	
2.86508674868728e-06	7.77666403215118e-06	0.000133431182867436	0.000725685543631792	0.00328298011588867	0.00984771245334513	0.0264533459506296	0.0606109101684794	0.115661505553971	0.180783290159205	0.225403332587046	0.202265301302755	0.121915580628248	0.0438493340924449	0.00828583087720361	0.000742057467910005	2.90601655938281e-05	
6.93024423811341e-06	6.11492138657065e-05	0.000221360154193858	0.00127638792409018	0.00490538993630698	0.0139624038326697	0.0360731442436576	0.0772273804981296	0.136566169971986	0.198941629406412	0.222513428367365	0.179560997563815	0.0943141014979111	0.0294119565465533	0.0046159503240093	0.000330613416300587	1.10068584958272e-05	
1.46304708817053e-05	0.000130048630059603	0.000442571744171586	0.00200315530488682	0.00710675123078836	0.0203684602811164	0.0486166483379379	0.0960726126525938	0.156764682693535	0.211265218737732	0.212206445697788	0.153207852661405	0.0704892023060873	0.0187717069451658	0.00237013628283626	0.000168250415139611	1.62560787574504e-06	
2.0340243456442e-06	5.3291437855878e-05	0.000163535557389793	0.000787167421764305	0.00328413570847712	0.010621675132954	0.0281244546272223	0.0636344516534787	0.114251147494835	0.17593537660571	0.215769302585937	0.197267003528219	0.126563503663888	0.0506358156702049	0.0115963795993867	0.00122733029016171	8.21745835640256e-05	1.22041460738652e-06	
1.13778586869951e-05	0.000101588023991028	0.00039538058937308	0.0012613169058726	0.00507330591811193	0.0153276010597663	0.0379329681582498	0.0797055572712644	0.133801180046487	0.191818100547763	0.216317068413439	0.174998374591616	0.100586772426572	0.0352888350698113	0.00671659379419079	0.000637160086471726	2.43811257578467e-05	2.43811257578467e-06	
4.46812278726374e-06	1.62477192264136e-05	0.000177912525529229	0.000761205645757477	0.00199806327186821	0.00770669942206863	0.0219661040081499	0.0506242373726788	0.0969501406240099	0.153545008619415	0.202540818332627	0.208346534605205	0.152409293045489	0.0758947212785005	0.023200118283396	0.00354037801943552	0.000303019963572613	1.38105613424516e-05	1.21857894198102e-06	
2.34766963430998e-05	6.27394471238011e-05	0.000298315951808009	0.00125236031871639	0.00341181161165497	0.0114291034128235	0.0300866006755622	0.0649907813489791	0.115960712962982	0.171864798515301	0.208853547915735	0.193439477683983	0.126844590341768	0.0551560694343533	0.0142438783502359	0.00192994634765344	0.000137622013045757	1.29526600513654e-05	1.21431187981551e-06	
4.52239108507506e-05	0.000149804204693111	0.000554396692840005	0.00191071023344421	0.00532794199710405	0.0169977299211893	0.0410758283849492	0.0811207938734522	0.135613183739097	0.187110700865634	0.206677714222032	0.173622669454398	0.101074633181591	0.0390359069776457	0.00864180482167647	0.00097594814755593	5.57223187268177e-05	8.47948328451574e-06	8.07569836620546e-07	
3.35114148761612e-05	0.000201068489256967	0.000851512939443662	0.00305155751366297	0.0084832329875063	0.0234814080285275	0.0531733291127792	0.098371748989005	0.153995448907609	0.197111316037675	0.199262910373519	0.152238320262536	0.0776136481091487	0.0265725332368635	0.00512522771612036	0.000416672050026486	1.2516311580253e-05	4.03751986459773e-06	
8.0683941636464e-07	0	1.37162700781989e-05	6.53539927255358e-05	0.000376390587734104	0.00144141861733543	0.00475551152005319	0.0124737373769973	0.0318193260631723	0.0670233434779943	0.116678661679323	0.171429977634411	0.202825713003992	0.186878935359253	0.12763675121268	0.0568587805106325	0.0167729812070963	0.00279126096091347	0.000152492649692917	2.0170985409116e-06	2.82393795727624e-06	
7.26161333684042e-06	2.42053777894681e-06	4.43765259473581e-05	0.000128691925247339	0.000670085541805108	0.00233259157297841	0.00692757912334576	0.018307334068101	0.0420043989239903	0.0828844580496598	0.135692523927016	0.186880846607294	0.201199941261617	0.168701397618514	0.10207448156115	0.040165597057917	0.0105075544984081	0.00141359406290494	5.16381392841986e-05	1.61369185263121e-06	1.61369185263121e-06	
4.03227269776382e-07	8.46777266530403e-06	9.27422720485679e-06	6.25002268153392e-05	0.000269355816210623	0.000971374492891305	0.00356936779206054	0.0100520526082554	0.0256888029029138	0.0549268122343992	0.0997793943607053	0.154468302505937	0.196176921609796	0.193221668949605	0.147108598377978	0.0785514947433277	0.0280912309762414	0.00627744213587872	0.000739922040039661	2.25807271074774e-05	4.03227269776382e-06	
1.21313779708734e-06	2.06233425504847e-05	1.98145840190932e-05	0.000178331256171839	0.000445221571531053	0.00166482943686952	0.00542110843591761	0.0143493982432147	0.0343002580748474	0.0697776641921351	0.118012427383593	0.170771790178922	0.200251847406675	0.18052299179191	0.123460224851047	0.0583956010005961	0.018473662374046	0.00360787180853774	0.00031905524063397	5.25693045404513e-06	8.08758531391558e-07	
6.10397759596063e-06	1.79050009481512e-05	6.22605714787985e-05	0.000231137284967043	0.000701143559856011	0.00264953320848664	0.00817973691042698	0.0198049657078539	0.0451905946657747	0.0862040339967136	0.136290832558128	0.183627992678482	0.196454891198634	0.1647732128164	0.0999717589303227	0.0417048165266414	0.0120785508668869	0.00191624203329191	0.000134287507111134	
4.89928899068523e-06	1.95971559627409e-05	0.000122482224767131	0.000432770527510528	0.00110152347473906	0.00422237056180555	0.0119599809744278	0.0276291319888868	0.0571926665809291	0.10361792078258	0.153367750838493	0.193154468457765	0.188260487030153	0.143834551010785	0.0783045193899569	0.0286073566906936	0.0071713342601155	0.00095250343460572	4.36853268336099e-05	
9.00618766029479e-06	4.09372166377036e-05	0.000243167066827959	0.000647217395042094	0.00192609604280395	0.00641731808012641	0.0177933612115779	0.0378828909043645	0.0728326302366376	0.121513940145696	0.168424306063006	0.194845595053147	0.174710215677726	0.120145408993497	0.0585615071445677	0.0194075156636025	0.00415144313922952	0.000435571985025166	1.1871792824934e-05	
2.25169900925244e-05	8.02423646933595e-05	0.000331613854089904	0.00109023172029804	0.00331982313927782	0.00937116187668877	0.0240980921968394	0.0501093097519037	0.0900159665929747	0.139512404814542	0.178968721853762	0.192187832637354	0.157024891509048	0.0970707442888725	0.0424551707197249	0.0118910177679522	0.00225047080979284	0.000196102513714894	3.68459837877671e-06	
1.64383313942952e-06	6.04108678740347e-05	0.000135205275718078	0.000480410234998276	0.00183986024130649	0.00515218401725696	0.0140568281335466	0.0331520048394448	0.0635501782120602	0.107862988151662	0.15542688908277	0.184311092133971	0.18316123085294	0.136533081936452	0.0767222131583089	0.0292799558795185	0.00706355100012863	0.00110712161940578	0.000103150529499202	
2.06137369118231e-05	0.000108428256156189	0.000291478239933178	0.000841452740740619	0.0028731426507699	0.00783322002649278	0.0204051258942754	0.0431029116078838	0.078902788502647	0.1254729306591	0.167078460417709	0.187899159248126	0.167317167491147	0.115461250915765	0.0580029329224878	0.0195030687670141	0.00429507822294746	0.000580070556698702	1.0719143194148e-05	
3.70950610399229e-06	4.12167344888033e-07	6.10007670434288e-05	0.000166103439989877	0.000380842626676542	0.00141167315624151	0.00419916090971928	0.0118432164880127	0.0276477733277443	0.0553553109204975	0.0953054551584598	0.140963704955777	0.176084896581031	0.184193052589668	0.151107555480816	0.0936980025133965	0.0422380851694358	0.0126708485165479	0.00238727326159149	0.000273266949660766	8.65551424264869e-06	
8.66334131873382e-06	3.71286056517164e-06	0.000147276802418475	0.00021988385347072	0.000660064100474957	0.00204083569065601	0.00636013014813901	0.0161773460225156	0.0369937050511818	0.0696351124398568	0.113156438904673	0.155728510684994	0.180895104675853	0.175013521000558	0.130695167134418	0.0737312227233667	0.0292618791942433	0.00788487822023616	0.00129661341737049	8.74584933129318e-05	2.47524037678109e-06	
6.62248366316061e-06	2.19369771342195e-05	1.53144934710589e-05	0.000195777173292186	0.000338574477279086	0.00102234591550042	0.00329013266490398	0.00988240124635143	0.0232581626250201	0.0478399941722144	0.0853613309867666	0.129057719911987	0.167237993851024	0.178461861944394	0.161239265367887	0.110594235459095	0.0564632957121074	0.0203864881465821	0.00466719536161244	0.000624169085252888	3.51819444605408e-05	
3.53173513316096e-05	2.74228845633674e-05	3.49018530806495e-05	0.000243481975062626	0.00051729532244534	0.0018572771817917	0.00549745735845325	0.0141813708035196	0.0319497380075779	0.0610508200065732	0.101110252876391	0.144830225337166	0.17400859001084	0.173897236479583	0.14497440323025	0.089573528440232	0.0406864197305161	0.0127204789531438	0.00250711644629332	0.000290017779170159	6.6479720153618e-06	
2.54160842147367e-05	5.74986823218635e-05	8.33314236548746e-05	0.000316659409888523	0.000897062775644725	0.0031199285016385	0.0082414777994671	0.0199532927370414	0.0422156992235595	0.0756361833374652	0.117332727791655	0.156764740808023	0.174998072960828	0.166451185493666	0.125575872219595	0.0710521217222105	0.0280397740885105	0.00774523917160232	0.00133663603542419	0.000156663076471164	4.16657118274373e-07	
3.4973522129288e-05	4.20514968459296e-05	0.000171536799015079	0.000600795148006697	0.00149678347684274	0.00433088782367682	0.0118056454759043	0.0270882419434953	0.0532617597427281	0.0915590155286602	0.134544805037186	0.165992246703225	0.17392873811785	0.152590726104445	0.105789908223649	0.0528366649082757	0.0187674581369022	0.00440208392229716	0.000664913271910391	9.07646169545806e-05	
2.90554327848221e-06	2.61498895063399e-05	5.97711760144912e-05	0.000347835038195442	0.000872078061155875	0.00247427764043321	0.00644366483645112	0.0165246547799508	0.0359262124832101	0.0669130013930005	0.10794964942545	0.148887093908819	0.171351924382821	0.168237597065899	0.135639061791774	0.0851382291460857	0.0382610240462762	0.0120048746714661	0.00251537032394317	0.000389757876927828	3.48665193417865e-05	
1.12455580045882e-05	3.04046568272199e-05	0.000113705086490836	0.000538120775626961	0.00129657118771419	0.0038076626399239	0.00935588775766905	0.0229063686510495	0.0465807672635975	0.080965518620145	0.123774442428574	0.160551582125061	0.174028758640337	0.159121730249885	0.115479385642671	0.0659310405723073	0.0266315638656064	0.00735251242425908	0.00133530588750777	0.000175347404441912	1.20785623012243e-05	
1.20558159334652e-05	5.11332882695248e-05	0.000284350968913455	0.000830604146036671	0.00227272916235359	0.005854969365756	0.0135432541889803	0.0309310665073636	0.0594738343065287	0.0967246426697729	0.139068825406011	0.167224144224142	0.170820934550222	0.144668128330419	0.0960503484130805	0.0495627064558479	0.0177050049927707	0.00407528150330205	0.000764505017298017	7.81549446721192e-05	3.32574232647316e-06	
4.13538325813062e-05	0.000110694602364103	0.000425652074751021	0.0012193114879276	0.00335091358552766	0.00842072637380356	0.0191986212047416	0.0404899969673856	0.0739707281699801	0.112823698168819	0.150636138905435	0.172275471663435	0.163537281524361	0.126208137598821	0.0774001722658642	0.0357622931577369	0.0114232652484948	0.00233711811406473	0.000340438116704693	2.79869372014901e-05	
3.77691999728062e-06	6.04307199564899e-05	0.000304251888669828	0.000543876479608409	0.00206219831851522	0.00536868194724566	0.0118091698581641	0.0260779539501128	0.0524387572422441	0.0884655381229715	0.129203816871418	0.160094825871398	0.170643763423803	0.151097782780098	0.108179381877666	0.0602271859344142	0.0251723324663204	0.00676614234623949	0.00130513568794919	0.000170800715432579	4.19657777475624e-06	
2.36582398269569e-05	0.000113221576314722	0.000399655265648236	0.00103462552386102	0.00317062660538056	0.00743755914559957	0.0165041570907124	0.0347716979856699	0.0650601595241314	0.1036894180073	0.142680309584967	0.166366432337434	0.165347015682033	0.13721018656212	0.089431948763012	0.0450600750304177	0.0170394247667973	0.00398134378802217	0.000615959172637556	6.25253481141003e-05	
4.43305868261431e-05	0.000220374167203038	0.000504260425147378	0.00161806641915422	0.00461805363148495	0.0110634652026206	0.0223805525125639	0.0452512990140707	0.0797805635952106	0.118698982527781	0.15356115276576	0.168346255983564	0.156200527704485	0.119700683287795	0.0713377180830431	0.0328528011389551	0.0110272334730031	0.00239896675632244	0.000366579852600799	2.81328724088985e-05	
7.50791656173459e-05	0.000317477614610491	0.000755510918012264	0.00239566891889863	0.00656320614636662	0.0151621302404721	0.0303109607430349	0.0573501859603676	0.0941007939943532	0.132960483046481	0.162148688495684	0.166206395629449	0.143344146163262	0.101036392802182	0.0560069124315224	0.0227374035393606	0.00698493654523434	0.00132525452909704	0.000187912425945129	3.04606900504661e-05	
3.86512931863783e-06	9.53398565263997e-05	0.00047927603551109	0.00114966124288816	0.00366371313525548	0.00906544608745843	0.0208098562515461	0.0405765570458731	0.0700498859357392	0.109728444603249	0.148113043866641	0.166466825165599	0.159923161229145	0.125532528928346	0.0820025836242201	0.0425756878212352	0.0150950478245334	0.00398580724514196	0.000599095044388863	7.94498804386664e-05	4.72404694500179e-06	
2.44754839382857e-05	0.000144276536899368	0.000699483567288902	0.00179486882214095	0.00568088864041263	0.0128393236006786	0.0275070087909927	0.0520292967248797	0.0855830382319941	0.124835273552179	0.158581813169614	0.165375692237536	0.148095571182651	0.108701206297843	0.0653233490534643	0.0304320438188453	0.0098640494215842	0.0022019347655356	0.000252913334028952	3.34927674944962e-05	
2.15474425125008e-06	4.86972200782517e-05	0.000319764046885511	0.00104591285955679	0.00319074528725111	0.00844530461834954	0.0183260998568819	0.0369202498986193	0.064640172793251	0.103017891703416	0.137767452243326	0.162695257537188	0.159413151093684	0.134797352767403	0.0910810395003407	0.0499297337899667	0.0208217246486797	0.00619058023384147	0.00119286641749204	0.000144367864833755	9.48087470550033e-06	
1.42351272038026e-05	3.10584593537511e-05	9.61949504984236e-05	0.000509013639408699	0.00167327449768334	0.00491370709025804	0.0117211174661128	0.0241233642005531	0.046541101341596	0.0793759320233853	0.118013518194434	0.149768204678698	0.163275614925143	0.151295245596924	0.119461618861802	0.0737901543821114	0.0372481514824591	0.0138654452639947	0.00367395692105414	0.000518503724211234	8.49793957317912e-05	5.60777738331617e-06	
3.45221763988278e-05	3.06384315539597e-05	0.000232161636282117	0.000825080015931984	0.0026711533988593	0.00723671122760428	0.0155388631243174	0.0320365796981122	0.0588499541070817	0.0949899259973996	0.131231306780889	0.157831938277801	0.16066750354176	0.140122061785202	0.101596607505725	0.0587977393152785	0.0260685584531648	0.00901158262170901	0.00197121627237307	0.000235182326717014	2.07133058392967e-05	
3.50186831159365e-05	8.7330543079249e-05	0.000507554740470487	0.0013579467119402	0.0042238584449716	0.0100002118414164	0.0212628255926912	0.0415442633992938	0.0724458734372913	0.109854473593535	0.142248484793461	0.16160516996815	0.154701301441257	0.126712294713778	0.0836691452112383	0.0451377855481786	0.0182092828908658	0.00536088482268657	0.000897515878378817	0.000138345414779008	4.32329421184401e-07	
2.16495296206699e-06	8.27012031509591e-05	0.000210866418505325	0.000841733711651647	0.00228662331853516	0.0060397857735745	0.0139435960474887	0.0277230886604527	0.0527148726639616	0.0857745703759094	0.124566197550226	0.151144459084337	0.161918131004768	0.145397807941827	0.110640354117026	0.0673763671136717	0.0332432857231311	0.0123484587050377	0.00317771795772193	0.000467196849214057	0.000100020826847495	
3.46982466975944e-06	3.33970624464346e-05	0.000146166364213616	0.000449342294733847	0.00124306468794132	0.00371227866855888	0.00907532642375581	0.0185969590456594	0.0364400986818136	0.0649620574672362	0.10010444172256	0.137270601216521	0.158610456663625	0.15838838788476	0.131733628499752	0.0930875887841387	0.0529694759523801	0.0232656081388207	0.00798319910894902	0.00165250399897293	0.000237249261794801	3.46982466975944e-05	
9.98625370468303e-06	2.04066923530479e-05	6.07858921154619e-05	0.000249222157673394	0.000792821707163096	0.00186395596322627	0.00535480291042851	0.0129078841907183	0.0245001880020806	0.0470595693059033	0.0788453806629657	0.114999092553468	0.147857340721424	0.160851627715935	0.149737361527567	0.117617227763869	0.0758968307104221	0.0392633444571516	0.0161308390276689	0.00503611116176602	0.000785006378176823	0.000150662175457609	9.55206876100116e-06	
1.12360910157945e-05	2.93866995797702e-05	0.000168541365236917	0.000355665496384572	0.00115386011585274	0.00309900033362547	0.00795385596714221	0.0174358203124325	0.0321693607355664	0.0580629324814648	0.0930637881530114	0.12950545641866	0.156395150848843	0.15886017635477	0.139400995344801	0.100420402666929	0.0590413367145324	0.0287324133567735	0.0105926087264669	0.00306658853261837	0.000402338489834795	7.82204797638001e-05	8.64314693522653e-07	
8.20948177862311e-06	2.85171472310066e-05	9.8945859331826e-05	0.00021690315015099	0.000560837228876463	0.0017715197522292	0.00457354550666977	0.0114461779893424	0.0229359958555079	0.0424724020986892	0.071184416502441	0.107772780555799	0.14169435926507	0.159894348290289	0.153433054052524	0.12426649360503	0.0834161122746011	0.0455928693305427	0.0199512011119959	0.00681948689010572	0.00157276387758885	0.000246284453358693	4.27757208465099e-05	
2.56249112357418e-05	6.55823999423222e-05	0.000216725944180257	0.000380030463241933	0.000892963008486189	0.00284740539087328	0.00671198946164667	0.0156385793028026	0.030028921404054	0.0547209121426031	0.0847068358142446	0.1208905134407	0.151309454680173	0.159738313194614	0.142969197553733	0.109179060364907	0.0670386766774653	0.0340246702747121	0.0136385332648265	0.00406306855271804	0.000754414759601415	0.00013420504359058	2.43219496474837e-05	
2.00548806167835e-05	5.44969581977812e-05	7.28079361522357e-05	0.000319570162871789	0.00059292690519186	0.00176308559161462	0.00406154930056424	0.00995201651824602	0.0214386673793416	0.0387717519158951	0.0663786030118943	0.100078214034405	0.132182590096551	0.15583906568671	0.156135965114971	0.130043693481205	0.0931601521729463	0.0526846073559558	0.024950015389941	0.00886600113528063	0.00221257650282992	0.000365783583423508	4.40335422238072e-05	1.17713429707207e-05	
1.00532780024224e-05	8.08633230629628e-05	0.000128944217857157	0.000488676730726445	0.00100926169163449	0.00286562132973397	0.00620768061697404	0.0137410826331371	0.0277190729478965	0.0494935989030562	0.0787949703887253	0.114582891681175	0.142226783593575	0.158360546391288	0.147665169893842	0.115717163699274	0.0765106907869575	0.0401383680732368	0.017166190738658	0.00559923874830569	0.00123830159047229	0.000229039898837797	2.36033483535135e-05	2.18549521791791e-06	
1.09748618594138e-05	8.73599004009337e-05	0.000245397911176492	0.000597471479626486	0.00148511830681587	0.00450671727394967	0.00866267796287248	0.0190672860000711	0.0351379957180479	0.0616844305780723	0.0947161308080615	0.127459411668385	0.149425378182765	0.155724948890068	0.135708556836395	0.0993980068772874	0.0607884428558698	0.0296523207662385	0.0116013069743491	0.00325470503302775	0.000658491711564827	0.000110187613068514	1.66817900263089e-05	
6.52617719753687e-05	0.000177827378671139	0.000401644596653779	0.000970166610237864	0.00245717141464308	0.00603780890389569	0.0120221819944961	0.0245011963928198	0.0453797074433022	0.0744689378055313	0.109240322314314	0.137285364324937	0.152360395652778	0.151792311637663	0.12109562689188	0.0840006605016922	0.0471242553478518	0.0211338641582786	0.00711528513919372	0.00199420703224063	0.000326308859876844	3.67918714492012e-05	1.27019556193671e-05	
0.00012231443371475	0.000260791846170379	0.000691950225014874	0.00136162174960313	0.00387474652517799	0.00828811339596415	0.0173629707030721	0.0326138332382484	0.0569736263870675	0.0874836513654222	0.12231836525012	0.145376383354403	0.153684154427215	0.142055109641785	0.104290965069619	0.0685786451230177	0.0344122922511185	0.0145899277558534	0.00444394547921485	0.00107330915584694	0.000132798528033158	9.61041979187325e-06	8.73674526533932e-07	
6.96976429128387e-06	0.000160304578699529	0.000432560996327805	0.0010720368700531	0.00215844887895697	0.0053928551203809	0.0116682566441456	0.0229331381799332	0.0422119418198926	0.0686826709879205	0.101177890165227	0.1330597700849	0.150617041944913	0.149668282780762	0.128976795041013	0.0897139347368696	0.0541711861231993	0.0250179689235635	0.00977335197745281	0.00253960786363656	0.000499209367363207	5.44512835256553e-05	8.71220536410484e-06	2.61366160923145e-06	
2.41775739186148e-05	0.000268112025061782	0.000597531469702909	0.00161255783189333	0.00305155522244232	0.00788836523333949	0.0160949246091436	0.029665451455749	0.0527973453023837	0.0821238789808807	0.115008401706937	0.140620223849795	0.151466024464251	0.143948525945127	0.113692450897938	0.0754374845652095	0.0404439002571458	0.0177212981975619	0.00581427478503546	0.00144417829924583	0.000234436118532283	3.32441641380954e-05	1.16570445679036e-05	
9.75113645646267e-05	0.000459757530293744	0.000833978775881676	0.00215551437458649	0.00435593529864352	0.0106603871628855	0.0214482233899826	0.03839125066451	0.0645007738895359	0.0957488894182635	0.128286892120355	0.144696600659741	0.150325315874807	0.133810397705233	0.0978530820220264	0.0606858555916566	0.0292512709622704	0.0119104999638609	0.00356429698369122	0.000798481217728764	0.000133008922717539	1.41134869764591e-05	1.79626197882207e-05	
2.55718178110268e-06	0.000154709497756712	0.000744139898300881	0.00130160552658127	0.00304262012254867	0.00652123973877536	0.0146752400447848	0.0280931990471941	0.0481478971654919	0.0778175987807357	0.109476787821677	0.138654658141023	0.146993627929198	0.145823717264344	0.118938786608721	0.0819563974934504	0.0461967674665105	0.0210251486042263	0.00773163911516396	0.00223838645239188	0.000410853872830498	4.98650447315023e-05	4.26196963517114e-07	2.13098481758557e-06	
