# <P(U)> as a function of N_tot.
# number_of_species: 1
# species_total_upper_bound: 151
# species_total_lower_bound: 97
# volume: 729
# Bin widths for each
10	10	10	10	10	10	10	10	10	10	10	10	10	10	10	10	10	10	10	10	10	10	10	10	10	10	10	10	10	10	10	10	10	10	10	10	10	10	10	10	10	10	10	10	10	10	10	10	10	10	10	10	10	10	10	
# Bin lower bound for each
-250	-260	-260	-260	-270	-270	-280	-280	-280	-280	-310	-310	-320	-320	-320	-320	-320	-320	-330	-330	-350	-350	-360	-360	-360	-360	-370	-370	-370	-370	-380	-380	-380	-380	-390	-390	-400	-410	-410	-410	-420	-430	-440	-440	-450	-450	-460	-460	-460	-460	-460	-470	-470	-470	-480	
# Bin upper bound for each
-100	-100	-100	-100	-100	-100	-100	-100	-100	-110	-110	-110	-120	-120	-140	-140	-140	-140	-150	-150	-150	-150	-160	-160	-160	-170	-170	-170	-170	-180	-180	-190	-190	-190	-190	-200	-200	-200	-210	-210	-220	-220	-220	-220	-230	-230	-230	-230	-240	-240	-240	-240	-250	-250	-250	
# Normalized histogram for each
1.96396748141203e-06	6.8738861849421e-05	0.000364512364550073	0.00197418011231537	0.0065144801358437	0.0184703285756876	0.0462698954815786	0.094577210828374	0.160423934164668	0.222080336482621	0.220293911661528	0.150859019736695	0.0619663163865198	0.0145859936909509	0.00146119180617055	8.79857431672589e-05	
2.74420052422071e-06	7.44854428002763e-06	0.000135641911625766	0.000739758055600639	0.00321620301438667	0.0096780111916338	0.0261232208759959	0.0602798927723247	0.114883602774622	0.180337097592395	0.225701868486934	0.20354480142573	0.122303528963468	0.0437911679082214	0.00847134701826932	0.000752695000929108	3.09702630590623e-05	
6.63400136426287e-06	5.85353061552606e-05	0.000231799812374832	0.00129245955990815	0.00481979710882416	0.0137331632947729	0.0357447798213971	0.0768197846212922	0.135649718484201	0.198913116435309	0.222874739127652	0.180815170478226	0.0945091541414119	0.0294163327552647	0.00476438368566384	0.00033989501107488	1.05363551079469e-05	
1.40061580408186e-05	0.000125277302476211	0.000448586117251774	0.00203711787504795	0.00699724312122563	0.0200525386550509	0.048193244518729	0.0956811233561245	0.155902545152352	0.211858313705259	0.212557843487409	0.154185234552569	0.070490269999821	0.0188464528237582	0.00243512619937455	0.000173520735727919	1.55623978231318e-06	
1.94701244569296e-06	5.10117260771554e-05	0.000158097410590268	0.000776468563342351	0.00327643254361211	0.0103841961778588	0.0277671232930055	0.0632113166593783	0.113960585458854	0.175226836684985	0.216723902342529	0.197670049146488	0.127181968172577	0.0505460007001457	0.0117264665579195	0.00125543362498282	8.09957177408269e-05	1.16820746741577e-06	
1.08882392239485e-05	9.72164216423976e-05	0.000381477238524768	0.00126186915291832	0.00504669888030014	0.0150444356820043	0.0375745358304732	0.0792228285934495	0.133517033483669	0.191461520573717	0.216910057699891	0.175655297011723	0.100823539751017	0.0354948821386991	0.00682148187380375	0.000650572293630924	2.33319411941754e-05	2.33319411941754e-06	
4.27603101910647e-06	1.55492037058417e-05	0.000170263780578967	0.000747527968158341	0.00203228092435351	0.00762999425845653	0.0216165029918612	0.0501803901994924	0.0964762005831729	0.15319775205162	0.202609622857951	0.20883980005279	0.153196974591435	0.076030163900269	0.0233642334883978	0.0035662098699348	0.000307096773190374	1.39942833352575e-05	1.16619027793813e-06	
2.24699599879747e-05	6.00490310023462e-05	0.000285910870191816	0.0012424338220937	0.00347315847055505	0.0113248598339392	0.0297575878730401	0.0646549853867777	0.115516902058868	0.17147368845168	0.209223608644581	0.194078468199583	0.127306270203593	0.0551869965566723	0.0142761728544288	0.0019634096072251	0.00013946871716674	1.23972193037102e-05	1.16223930972283e-06	
4.32915325241167e-05	0.000143403201486136	0.000532640462662793	0.00189671026871286	0.00538013251074268	0.0168261044848868	0.0406055248499195	0.0810085071726725	0.135000392329513	0.186705556893384	0.207561639218418	0.174035826062353	0.101448681560242	0.0390354337328395	0.0087108747943169	0.000992999527271926	6.33911726245994e-05	8.11716234827188e-06	7.73063080787798e-07	
3.20939401227613e-05	0.00019295031471395	0.000829802355463201	0.0030090968919919	0.00850257408866744	0.0233168275101521	0.0528173452666078	0.0981092415853942	0.153301538421086	0.196999951279079	0.200046555546877	0.152598565130205	0.0780404754852565	0.0266197966249549	0.00515165740066926	0.000414127829776835	1.35335892083933e-05	3.86673977382666e-06	
7.72824999961359e-07	0	1.31380249993431e-05	6.72357749966382e-05	0.0003640005749818	0.00140963279992952	0.00472311998726384	0.0124355270743782	0.031440839473428	0.0666862964216657	0.116380103156681	0.171272317253936	0.202933025439853	0.187483094453126	0.127860804943607	0.0571028800096449	0.0168414023991579	0.0028219704873589	0.000156883474992156	4.25053749978747e-06	2.70488749986476e-06	
6.9550272482512e-06	2.31834241608373e-06	4.25029442948684e-05	0.000139486935367705	0.000643726410865916	0.00233611637460704	0.00695000417301635	0.0182287400272637	0.0414554399132013	0.0825758793472784	0.135189501309091	0.186672931343062	0.201462410396066	0.169346412906058	0.102469962010096	0.0404604846262987	0.0105275929114362	0.0014296444899183	5.67993891940514e-05	1.54556161072249e-06	1.54556161072249e-06	
3.86512118507708e-07	8.11675448866186e-06	8.88977872567728e-06	5.99093783686947e-05	0.000266693361770318	0.000957390517543592	0.00363321391397245	0.0101057458505025	0.0254931798004129	0.0542763507535634	0.0995512207792007	0.154051748561499	0.19591448960495	0.193415688758797	0.147778270366	0.0792079284457845	0.0281790525119229	0.00632565733149714	0.000738238146349722	2.39637513474779e-05	3.86512118507708e-06	
1.1634242678668e-06	1.97782125537357e-05	1.90025963751578e-05	0.000174125832090732	0.000447918343128719	0.00164159164196006	0.00551463102968865	0.0145241885600492	0.0339890521776394	0.0690282886610732	0.117659810865995	0.170511072890469	0.200209028560127	0.180781782327198	0.124106732542334	0.0588793509643818	0.018508916677493	0.00365586685772679	0.000318002633216926	8.91958605364549e-06	7.75616178577869e-07	
5.85192750788255e-06	1.71656540231221e-05	5.9689660580402e-05	0.000225494273303741	0.000695599116436972	0.00262907596504137	0.00829062076466747	0.0199394676618585	0.0449061311814886	0.085518898214694	0.135926621510593	0.183479384439647	0.196528792653724	0.165102771550893	0.100431560147281	0.0420211309201025	0.0121606954898805	0.00192801504959704	0.000133033818679197	
4.70072630138628e-06	1.88029052055451e-05	0.000117518157534657	0.00041679773205625	0.00113091640267518	0.00417267804686389	0.0120397352394256	0.027806362981467	0.0568501921617739	0.103079484972757	0.152899349223616	0.193073714831222	0.188467394783056	0.144246879011531	0.0786294405704801	0.0288107515011965	0.00722462459803894	0.000968741345277357	4.19148095206944e-05	
8.64263490367391e-06	3.92847041076087e-05	0.000233351142399195	0.000633662277255728	0.00196030673496967	0.00639751406392407	0.0178926113328514	0.0380091297652346	0.0722964266633144	0.12107899368302	0.167891039944687	0.195128696690657	0.174895502687074	0.120445724252805	0.0587416323580251	0.0196639586410635	0.00422114145636255	0.000450988403155347	1.13925641912065e-05	
2.16125475377807e-05	7.70192603164549e-05	0.000318293881920043	0.0010582289185317	0.00334405053720934	0.00939006247205105	0.0242866091013188	0.0500908119951997	0.0894028571001934	0.139204846869206	0.178677217781389	0.192279369290849	0.157411649870443	0.0973425211547545	0.0425350653759915	0.012057443793623	0.00228975117277542	0.000209052278001806	3.53659868800048e-06	
1.57818070484707e-06	5.79981409031297e-05	0.000129805362973671	0.000461223310991555	0.001823982349627	0.00520681269046668	0.0140651409867733	0.0334854436502688	0.0635186170086847	0.107162415310878	0.155014432462546	0.18410937739193	0.183343565204903	0.136866143447157	0.0768132112663164	0.0294417501392744	0.00725805306159166	0.0011299773846705	0.000110472649339295	
1.9782276267401e-05	0.000104054773166529	0.00027972138642105	0.000812260263539484	0.00284271309962552	0.00782705542795987	0.0203769314919991	0.0435961804380983	0.0788019062201411	0.124658013899027	0.166727793900333	0.187817678629009	0.167341835755673	0.116095849084971	0.058119140737048	0.0195868273778791	0.00439166533136302	0.000590303123819245	1.02867836590485e-05	
3.55941413625279e-06	3.95490459583643e-07	5.85325880183792e-05	0.000159382655212208	0.000367806127412788	0.00138619406084067	0.00416491002987535	0.0117314335026296	0.0276254040923771	0.0558432528932105	0.0950059046725616	0.140180011437584	0.175939467812218	0.183976229441417	0.1513352153406	0.0944470766531699	0.0423455589980803	0.01272846495124	0.00242475200770732	0.00026814253159771	8.30529965125651e-06	
8.31091694346637e-06	3.56182154719987e-06	0.000141285588038928	0.00021093898718417	0.000646668489791622	0.00203419586140082	0.00628859382055622	0.0160574830506764	0.03723211639083	0.07015205416185	0.112491426893415	0.155209539982832	0.180845156931879	0.175146242456359	0.130771882347494	0.074227569527746	0.0292785688759327	0.00785579530132417	0.00131193760321862	8.42964432837304e-05	2.37454769813325e-06	
6.35679666713151e-06	2.10568889598731e-05	1.47000922927416e-05	0.000187922801472075	0.000326977728565577	0.00101708746674104	0.00328249087899003	0.00975212068696312	0.0231991294366964	0.0483132438693662	0.0857607357356463	0.128358424801678	0.166463845123006	0.178540566891181	0.16130331812867	0.110905442252277	0.0568913436718685	0.0203238708441945	0.00467105365096657	0.000626541771504149	3.37704822941361e-05	
3.39108551439975e-05	2.63307816412216e-05	3.35119039070093e-05	0.000233785424875088	0.000505471217264056	0.00183597359261972	0.00546642984921239	0.0140686164211521	0.0319172958127674	0.0616507325542614	0.101233876385757	0.144088819311793	0.173575305237591	0.173734087829913	0.145142449528679	0.0899962179422733	0.0410425074563986	0.012618029723463	0.00249942949973111	0.000290835451764402	6.38321979181129e-06	
2.43954234185667e-05	5.51896464223312e-05	7.99849948149727e-05	0.000303942980296896	0.000901030966590668	0.00311421577312096	0.00817566624501244	0.019733497995776	0.042384048752454	0.0765128461900547	0.117293995646417	0.15610751423033	0.174744018022219	0.166206419675669	0.125427269844177	0.0715377795125634	0.0282546994183891	0.00765856325353364	0.0013317501636693	0.000152771340096598	3.99924974074864e-07	
3.35909170160389e-05	4.03890787930943e-05	0.000164755450126286	0.000578643534788193	0.00152118867058347	0.00435042364544627	0.0117868128458065	0.0268671351266618	0.0535235272382348	0.0924206094672001	0.134489634002966	0.165420870196699	0.173736621617515	0.152322012127921	0.105467881484846	0.0532915899540764	0.0188469037972132	0.00437081813077744	0.00067941628583631	8.71764274940056e-05	
2.79045997543598e-06	2.51141397789238e-05	5.74037480661116e-05	0.000334057922773622	0.00084989438108993	0.00252217718065478	0.00650057583134779	0.0165474276543354	0.0358889030183608	0.0671863034657114	0.108738644322789	0.148771779041812	0.170640215232164	0.168015189669558	0.135436569456343	0.0850336868314606	0.0385027667410656	0.0120236933970143	0.00250304259796607	0.000386279388028209	3.34855197052318e-05	
1.08046027607761e-05	2.92124445013576e-05	0.000109646709498246	0.000517420421099388	0.00126814022773702	0.0038448379009458	0.00945162639284335	0.0228545360323498	0.0465918481273022	0.0815259300461997	0.124216916406389	0.160149023484004	0.173439085050231	0.158862075244054	0.115466388681578	0.06592728502342	0.0268594421223441	0.00735233209347182	0.00134337227658983	0.000168471768973583	1.16049437060188e-05	
1.15783716018477e-05	4.91082657595611e-05	0.000289858544239361	0.00081088526632251	0.00227335337589383	0.00584068959184244	0.0136788479121002	0.0309090618724223	0.0594804904438509	0.097320205855462	0.139009530197591	0.166775663061401	0.170226816307138	0.144825466029457	0.0960629544011786	0.0495442513384997	0.0179887969273397	0.0040695979909529	0.00075459042508594	7.50597883154268e-05	3.19403354533731e-06	
3.97325477793921e-05	0.000108762832810255	0.000427425892778308	0.0011915750945153	0.00334034338553414	0.00834303235593941	0.0193666070009552	0.0407021824807558	0.0740658837883178	0.113169533563969	0.150669834568119	0.171549087756757	0.163222911633208	0.126402478668839	0.0773151232511659	0.0358198951702881	0.0115718035365981	0.00233498952505559	0.000331907242561184	2.68897040527199e-05	
3.6263519745285e-06	5.80216315924561e-05	0.000298166717905677	0.000554831852102861	0.00203317467371898	0.00534927209042671	0.0117739590052997	0.0263095865032015	0.0526227993583775	0.0887396533126927	0.129408787779033	0.160097798683473	0.169874040678805	0.150989208379452	0.108190196520072	0.0601253186656798	0.025276479118458	0.00682600320005415	0.00130105450286139	0.000163991694848122	4.02927997169834e-06	
2.26941985118279e-05	0.000108607950020891	0.000389448656604761	0.00106460106233164	0.00314436225452273	0.00736791469899185	0.0165355603906806	0.0352080227233768	0.065243794453781	0.104274168612221	0.142723814440886	0.166153953390169	0.164632631582787	0.137038512460128	0.0893178812858371	0.0449649070692834	0.0171495195111345	0.00399336843099201	0.000606259303101689	5.99775246384024e-05	
4.24779512884094e-05	0.000211164430924112	0.000519946461443703	0.0016157959163168	0.00463418110882974	0.0109540016884986	0.0225570174596633	0.0456695158207904	0.0800509245285254	0.119318522959945	0.15349816139906	0.167919017419636	0.155554666059994	0.119544391297085	0.0713727607686712	0.0327149660033435	0.0110434504513078	0.00239673671308064	0.000355344400201117	2.69571613945675e-05	
7.19142420608731e-05	0.000304094509285978	0.000748319055959143	0.00239618254546829	0.00657131797025956	0.0151081549106743	0.0306009482817427	0.0577812442725443	0.0943847716044766	0.133499133330649	0.162037170211559	0.16548083505996	0.142738264212103	0.100997594365868	0.0560696853114955	0.0226899707165206	0.00697527054137863	0.00133596114822799	0.000179991074415214	2.91766353504114e-05	
3.70349947780657e-06	9.13529871192288e-05	0.000462114434841865	0.00114355833875827	0.00365535398459509	0.00904353422486168	0.0206840445835497	0.0408948642338241	0.0704817100620789	0.11005936298163	0.148067143622533	0.166226224562102	0.159571859000368	0.125166348851545	0.0818831389544774	0.0427346804744101	0.0151296183667238	0.0040113014344065	0.000609431414070171	7.6127489266024e-05	4.52649936176359e-06	
2.34454147555569e-05	0.000138204550138019	0.000679505704845262	0.00181270075136384	0.00572685104634418	0.0128242305482237	0.0275212150154308	0.0524029699170649	0.0859932567696579	0.125213322425046	0.157927902470365	0.165095206893446	0.147602048224339	0.108600395116937	0.0654583640283171	0.0305695302567191	0.00991370853400757	0.00221826529432839	0.000246793839532178	3.20831991391831e-05	
2.0613244009276e-06	4.65859314609637e-05	0.000305900541097655	0.00103024993558361	0.00317031692862664	0.00841721205874774	0.0182596238082968	0.0368391651636176	0.0653930430301469	0.10324390620974	0.138074929141974	0.162061324400928	0.159196908013399	0.134136150476681	0.091148879154857	0.0500905952074208	0.0209846946663231	0.00623344498840505	0.00121453233702654	0.000141406853903633	9.06982736408142e-06	
1.36118229819544e-05	2.96985228697188e-05	9.19829249992678e-05	0.000494150422193376	0.00171921449056928	0.00488086973774142	0.011669457090378	0.0240017687120287	0.046650604715548	0.0800267946673002	0.118233119380225	0.150102934255307	0.162668709265073	0.150807861693979	0.118948358806004	0.0737393698880902	0.0374655115591188	0.0141199977066141	0.00371809007149507	0.000531273575780525	8.1258458407425e-05	5.36223329592144e-06	
3.30301032232013e-05	2.93142166105912e-05	0.000222127444176029	0.000817907931064523	0.00271672599010831	0.00715514611072599	0.0155406635665162	0.0318798298784534	0.0591164529963052	0.0952844160257106	0.131698866200419	0.157814530190134	0.160598142139269	0.139454747313517	0.101262038956529	0.0586829328915007	0.0262618221964771	0.00911837287105502	0.002042911884355	0.00025020303191575	1.98180619339208e-05	
3.34882336403777e-05	8.3513866609337e-05	0.000494468239924589	0.00133952934561511	0.00426664902677405	0.00990052754303858	0.0211897831946948	0.0415795696968695	0.0728761844912269	0.110090294200334	0.142847161355405	0.161661347136549	0.154412591575849	0.125972812515504	0.0833108700325787	0.0451404852072963	0.0183263325009509	0.00538168317650366	0.000950900461393441	0.000141394764259373	4.1343498321454e-07	
2.07096964455534e-06	7.91110404220139e-05	0.00020171244337969	0.000852411105698977	0.00224990142184492	0.00605800040425327	0.0138199946320467	0.0276822370448423	0.0528026846393696	0.0862600276350189	0.124969763843189	0.151555215364275	0.162007813354275	0.144689536798645	0.110044699808808	0.067080777756792	0.0333753325977249	0.0124461133698487	0.00321745843978117	0.000502003041840214	0.000103134288298856	
3.32227707209383e-06	3.19769168189031e-05	0.000139950921661953	0.000433141873274233	0.00126952512617385	0.00364163095564885	0.00901707525829666	0.0184697840976716	0.0363664754004071	0.0652864820283498	0.100716905863694	0.137513200860304	0.15885094064046	0.158116717407528	0.131325044528895	0.0925760811831625	0.0529118305040683	0.0233410728546292	0.00801042530545223	0.00167525821360331	0.000269935012107624	3.32227707209383e-05	
9.55711498123481e-06	1.95297567007842e-05	5.8173743364038e-05	0.000238512347792556	0.000775788420433278	0.0018553268865745	0.00526181508727724	0.0128065340748546	0.0244458535417837	0.0469993983172829	0.0791034096462039	0.115242185604159	0.148233346519382	0.161245150802964	0.149378122683438	0.117354308015012	0.0754309843329799	0.0392751717787536	0.016242940200716	0.00506319330636288	0.000798226864302264	0.000153329366438072	9.14158824292025e-06	
1.0751051949083e-05	2.81181358668325e-05	0.000161265779236245	0.000353957710323656	0.00112596594066743	0.00310953502527324	0.00786852952073464	0.0172810755021568	0.0321195947018816	0.0582525074761161	0.0931574516368063	0.12942364437505	0.15644641344907	0.159609703734088	0.139233152274592	0.100117517267843	0.0587164567179189	0.0287578234578029	0.0106803431074179	0.00306487680948474	0.000403991452086697	7.64978696377061e-05	8.27003996083309e-07	
7.85550176604083e-06	2.72875324504576e-05	9.46794686538605e-05	0.000208790967992138	0.000575932313689204	0.00174144070729284	0.00457148858037439	0.0113664976079997	0.0227090152632399	0.0423473562308806	0.0715474966376385	0.107658824808667	0.141623120312798	0.160231150206703	0.153730102324112	0.124220289768788	0.0830669698063453	0.0454754997236104	0.0200546825612409	0.00686488164859695	0.00158515756689477	0.000250549161590565	4.09312986756864e-05	
2.45224053736487e-05	6.27607323969654e-05	0.000207401360702554	0.000365342276668428	0.00088987237127088	0.00285124916717339	0.00665762524195094	0.0154233460780569	0.0298491705815925	0.0548566208208522	0.0846916598468056	0.121063374623799	0.151178966592587	0.160056908605826	0.143056231538058	0.10916335787375	0.0668676118460675	0.0339822349720258	0.0137308844732857	0.00410106057325071	0.000764350906476949	0.000132171608624073	2.32755034054971e-05	
1.92065442541744e-05	5.21916963428652e-05	6.97281063140679e-05	0.000306052107354562	0.000594985338308663	0.00177368260851593	0.0040467353676404	0.00981788438244906	0.0211150902060403	0.0388377201497943	0.066554433642851	0.0999416705601672	0.132254593599962	0.155798476587014	0.156420601607421	0.129964839498008	0.0932874380432373	0.0526551586063898	0.0249305119754891	0.00888386178469714	0.00223756240561132	0.000384130885083488	4.21708906450351e-05	1.12734064100589e-05	
9.62935765067119e-06	7.74535289293117e-05	0.000123506978562957	0.000468070515367408	0.00101275722421624	0.00283940450377617	0.00626996783375877	0.0135317595055367	0.0272376847842333	0.0497427496170237	0.0789213779694532	0.114530323893911	0.142371727536069	0.158300778428899	0.147981875036895	0.115751577644651	0.0764093716257998	0.0400845038934005	0.0172202221534677	0.00560344881724275	0.00124721114962389	0.000239896605818895	2.26080570928802e-05	2.09333861971113e-06	
1.05117719231413e-05	8.36737045082046e-05	0.000235043220201439	0.000575624630511217	0.00150024008887072	0.00450366356275065	0.00864572217134525	0.01871389731933	0.0347077685358279	0.0619101319185329	0.0945453995019943	0.127562034170827	0.150106000708073	0.155689013011892	0.135849515155032	0.099337085615439	0.0607996683325723	0.0295977859685505	0.0115721994747478	0.00325738788354302	0.000667707752557935	0.000113947607646852	1.59778933231748e-05	
6.24918739593425e-05	0.000170279871325457	0.000384597640407497	0.000954154451392646	0.00246905813421912	0.00601935151049989	0.0119535630853371	0.0240417563152442	0.0450327348373324	0.0746861775524156	0.109189241331874	0.137443956532498	0.153201555166904	0.151416132969287	0.121039210505345	0.0843254442585067	0.047037088298082	0.0210488569019968	0.00712784830831561	0.00201903276000185	0.000330074528899346	3.52303182052669e-05	1.21628479518183e-05	
0.000117037920704301	0.000249541566644527	0.000676311984641281	0.00135847586531778	0.00390279666291449	0.00828837474873421	0.0171941245291836	0.0319739239512671	0.0567880531034486	0.0875305709318768	0.122427934945308	0.145826323249541	0.154073734726029	0.142000855212806	0.104429592703856	0.068660714173752	0.0343368359717721	0.0145093582267417	0.00441818150658735	0.00109764849917676	0.000129577697922619	9.19583662676649e-06	8.35985147887863e-07	
6.66449515199631e-06	0.000153283388495915	0.000413615230370771	0.00105132411022742	0.00214180212947281	0.00547238358168297	0.0116078844309896	0.0226992704876994	0.041430250643332	0.0687380195286369	0.101042077123204	0.133526492617822	0.151603519186665	0.149825348573923	0.128697232818307	0.0897249312932203	0.0542589872799779	0.0248464875194832	0.00968726023437363	0.00250626670809761	0.000504002445869721	5.20663683749712e-05	8.33061893999538e-06	2.49918568199862e-06	
2.31386218306286e-05	0.000256590788514649	0.000571854510956964	0.00158169007799368	0.00307247842736704	0.00801670608496171	0.0160106867377683	0.0294046432602979	0.0519747160973739	0.0821363228432739	0.114765911521216	0.141405076283078	0.152528142348801	0.14371067467263	0.113578404393694	0.075452153461951	0.0403562356106695	0.0176659245780094	0.00577184657771519	0.00143170222577014	0.000242129149870506	3.18156050171143e-05	1.11561212397674e-05	
9.33235971171195e-05	0.000440012574126769	0.000801027541921942	0.00215012655989574	0.00444924342396092	0.0108050715644637	0.021413263084132	0.0379536427310741	0.0637965021660898	0.0956288536915213	0.128006411494848	0.145956059321063	0.150848180517307	0.133585770934775	0.097887857781387	0.0605023429134645	0.0292901021320349	0.0119364155224975	0.00349717900775732	0.000785473609069089	0.00014244127981034	1.35073627406357e-05	1.71911889426273e-05	
2.44655999393253e-06	0.000148016879632918	0.000711948958234367	0.00127017239684997	0.00301987055251072	0.0067520978232548	0.0148025034832898	0.0280416551304567	0.0475460391620858	0.0772807138083438	0.109211991569154	0.13863717637618	0.148081305712758	0.146201124357421	0.119001901384875	0.0818855474769238	0.0461343740455868	0.0208911757881899	0.00772542094084096	0.00219701087455141	0.000407352238989766	4.77079198816844e-05	4.07759998988755e-07	2.03879999494378e-06	
