# <P(U)> as a function of N_tot.
# number_of_species: 1
# species_total_upper_bound: 151
# species_total_lower_bound: 97
# volume: 729
# Bin widths for each
10	10	10	10	10	10	10	10	10	10	10	10	10	10	10	10	10	10	10	10	10	10	10	10	10	10	10	10	10	10	10	10	10	10	10	10	10	10	10	10	10	10	10	10	10	10	10	10	10	10	10	10	10	10	10	
# Bin lower bound for each
-250	-260	-260	-260	-260	-270	-270	-280	-280	-280	-310	-310	-320	-320	-320	-320	-320	-320	-330	-330	-350	-350	-360	-360	-360	-360	-370	-370	-370	-370	-380	-380	-380	-380	-390	-390	-400	-410	-410	-410	-420	-430	-440	-440	-450	-450	-460	-460	-460	-460	-460	-460	-470	-470	-470	
# Bin upper bound for each
-100	-100	-100	-100	-110	-110	-110	-120	-120	-120	-120	-130	-130	-130	-140	-140	-140	-140	-150	-150	-150	-150	-160	-160	-160	-170	-170	-170	-170	-180	-180	-190	-190	-190	-190	-200	-200	-210	-210	-210	-220	-220	-220	-220	-230	-230	-240	-240	-240	-250	-250	-250	-260	-260	-270	
# Normalized histogram for each
2.67936040451912e-06	7.39503471647276e-05	0.000406726909406002	0.00204810309321441	0.00689828129747492	0.0196316736839116	0.048858672848487	0.0976546486635082	0.161476477627073	0.220299155947885	0.215953233371755	0.147438236723635	0.0621954571980213	0.0153404100600337	0.00164351967213203	7.8773195892862e-05	
3.73549693315702e-06	1.01392059614262e-05	0.000144083453136056	0.000779651574191772	0.00334220247033749	0.0100954472830664	0.0275503571668711	0.0636459303895483	0.118272236612779	0.181547819163526	0.223300002027841	0.197913564870106	0.11957112226068	0.0440799310960909	0.00885579594367725	0.000855428797692957	3.25521875603683e-05	
7.95992443378404e-06	7.69459361932457e-05	0.000251533612107576	0.00138661883636518	0.00500466982233449	0.014486531807858	0.0374869987900915	0.0802381609390588	0.13912727388508	0.198986966950394	0.22014020080236	0.175324764916898	0.0924449703890811	0.0296533718239902	0.00499458725138503	0.000376769756532445	1.16745558362166e-05	
1.37035613974892e-05	0.00016444273676987	0.000491219970094613	0.00208610369274085	0.00727817228222801	0.0210760774293384	0.0504285788827065	0.0990525041413744	0.159008220555658	0.210912567588864	0.209444705339171	0.148956131210546	0.0693010182273178	0.0190832633661112	0.00250564349552552	0.000196066339994845	1.58118016124875e-06	
5.57571345461737e-05	0.000193571938801811	0.000846877232257922	0.00342485568896356	0.0110730513144481	0.0287527970619146	0.066458296293413	0.11692008108981	0.177219844069387	0.215072100287097	0.194658150904055	0.122407950756982	0.0495880810182726	0.0119167724824865	0.00131239670464815	9.94160229172343e-05	
6.29651881216173e-06	0.00010861494950979	0.000439706897049294	0.00136319632283301	0.00516524426557667	0.0158283988739726	0.0388867754740098	0.0832342068878669	0.136747795562528	0.191823970322408	0.215125287606614	0.171865055107657	0.0972513071835409	0.0346759785183767	0.00676088707455865	0.000689993519832723	2.72849148527008e-05	
1.15541242446491e-05	0.000181714863120391	0.000841875507462389	0.00208867055095316	0.00777014855452654	0.0227211853271025	0.0524420691965997	0.100375929187924	0.155522188645237	0.202361032770647	0.206748974046286	0.148943165262841	0.073561957940887	0.0225363193391881	0.00355289320522961	0.000335069603094825	5.25187465665869e-06	
5.21814180926544e-07	3.60051784839315e-05	0.000307870366746661	0.00139480930561665	0.00354311828849123	0.0116672432713366	0.0312159679313877	0.0672561079654413	0.119004420287927	0.173193257534605	0.207715961930525	0.191576771128648	0.12346645334903	0.0535047388554841	0.0139507021270711	0.00201733362346202	0.000148717041564065	
1.24961209957742e-05	0.000127043896790371	0.000517027006200159	0.00204155376768461	0.00555660846945427	0.0173701288558343	0.0425508540057357	0.0835058492259694	0.138136807532662	0.187940618433028	0.205339384232811	0.170824056699066	0.098419969634426	0.0379580088680805	0.00861451341146186	0.00102520259336164	5.98772464380848e-05	
8.30714419592815e-06	0.000185353154871647	0.00081513852422545	0.00317904024447925	0.00879726570348791	0.0241109668321692	0.0544735788682866	0.100978010470117	0.156047626934461	0.197068304973955	0.197458740751163	0.14959401428725	0.0758852430332914	0.0258440447900447	0.00511408564561827	0.000431971498188264	8.30714419592815e-06	
1.03687275031015e-06	0	1.3479345754032e-05	4.56224010136468e-05	0.000321430552596148	0.00146199057793732	0.00495728861923285	0.0129163238506136	0.0327195565087872	0.0685626921778838	0.119373085997707	0.173210111375686	0.20208857278095	0.184284430785374	0.125628020863953	0.0551450403524953	0.016311045235129	0.00281096202609083	0.000148791239669507	5.18436375155077e-07	
9.32348290099135e-06	3.10782763366378e-06	4.40275581435702e-05	0.000115507593717837	0.000638658578717907	0.0024137461288122	0.00733550915799108	0.0186630229114233	0.0428730001776641	0.0844997614742291	0.138104608442207	0.187348137297609	0.200534131975972	0.165834718474844	0.100612811812231	0.0391757212361488	0.0103205776001251	0.00143167259657445	4.19556730544611e-05	
5.17031001178831e-07	1.08576510247554e-05	1.18917130271131e-05	6.35948131449962e-05	0.000262651748598846	0.000964262817198519	0.00367040307736852	0.0103824995346721	0.0260025231112858	0.0558253882902819	0.100803466175832	0.156691415217256	0.196571050400182	0.191856761731433	0.144834860298223	0.0775608545488388	0.0275117366037268	0.00621316154116601	0.000741422455690443	2.06812400471532e-05	
1.55183276622467e-06	2.63811570258194e-05	2.27602139046285e-05	0.000158286942154916	0.000410718405460796	0.00168684221688622	0.00565746498806641	0.0149989809631502	0.0346058706868101	0.0704082044363795	0.119562507306546	0.173410587016953	0.199313262273187	0.178191783769691	0.12163265221669	0.0578047359866915	0.0182371386686723	0.00353766142940351	0.000331574934383338	1.03455517748311e-06	
7.81985962830643e-06	2.29382549096989e-05	4.90044536707203e-05	0.000202795026360747	0.000690754267167068	0.00268325450045955	0.0085158271352257	0.0203837674311188	0.0453650909997065	0.0876147499234957	0.138055451145948	0.185555885148158	0.194878721797025	0.162359053546749	0.0984144973941621	0.0413013706128633	0.0118585564643391	0.0018986619177528	0.000141800121259957	
6.27461807184124e-06	2.5098472287365e-05	0.000106668507221301	0.00045543269504781	0.00111165316839454	0.00428190394919233	0.0122166813858749	0.0279973458365556	0.0578321089984821	0.105082074618804	0.155459937347939	0.194534598505491	0.186689757261171	0.141358256116315	0.0766324333962364	0.0282253236264992	0.00699463049558502	0.000952173292401908	3.76477084310474e-05	
1.04798624203661e-05	4.13954565604463e-05	0.000208549262165286	0.000732018390062575	0.00198436194929633	0.00643201556049972	0.017946240401756	0.0381592750450372	0.0734868912640915	0.122875338892551	0.169848178233116	0.196170972667471	0.173049252209417	0.117886924380457	0.0574789014169822	0.0192782309153845	0.00402636314190467	0.000373607095286053	1.10038555413845e-05	
2.36574900139106e-05	6.83438600401862e-05	0.000323319030190112	0.00119917188270511	0.00338880401399262	0.00935995449350365	0.0241621831342074	0.0505933824217489	0.0907291028133487	0.140419294838567	0.181005558984431	0.192390068901125	0.155704661997554	0.0948181685317531	0.0416902803465139	0.0117209719968919	0.00221328962130141	0.00018610558810943	3.68005400216387e-06	
2.11237072951251e-06	6.86520487091567e-05	9.76971462399537e-05	0.000496935214117819	0.00197295426136469	0.00518322967754133	0.0138613767270611	0.0331499619509222	0.0638706975629051	0.108478158350703	0.156998785914923	0.18617485043095	0.182703697229679	0.135078186762089	0.0749690933757638	0.0286310728678126	0.00706007107071319	0.00111585983786498	8.6607199910013e-05	
2.65057239110786e-05	0.00010443255220965	0.000271418612849445	0.000886351407586468	0.00296280981878037	0.00762145585339154	0.0204650694317438	0.0432520402780981	0.0795108103594971	0.126309316496898	0.168362237825258	0.189487829896866	0.166067372249037	0.113843144427039	0.0567938146242681	0.0193009380375692	0.00417889243182065	0.000545487798089998	1.00721750862099e-05	
4.77041578944021e-06	0	7.31463754380832e-05	0.0001489429818703	0.000395414464324711	0.00146663783215345	0.00420379640289448	0.0115200240852993	0.0275427906296313	0.055778351641129	0.0963586886233004	0.141202717228834	0.177199744729751	0.185745149547235	0.14980589708199	0.0922693821993525	0.0412301736219329	0.0125605047735961	0.00222778417366858	0.000254952221635638	1.11309701753605e-05	
1.11430249704577e-05	1.59186071006539e-06	0.000167145374556866	0.000176696538817258	0.000696173750535263	0.00220684956438732	0.00637487152357519	0.0160788544121338	0.0369332909544638	0.0698901138551842	0.113850408604113	0.156355742664043	0.181671103536212	0.176511352354654	0.129357785021334	0.0720454932566127	0.0285829202896974	0.00775076979730838	0.00124695755621789	8.75523390535964e-05	3.18372142013078e-06	
8.50225814662463e-06	2.81637301106941e-05	1.54103428907571e-05	0.000212556453665616	0.000285357039046089	0.00108350652256048	0.00344660289618796	0.00987165309936536	0.0230916017350983	0.0479038479626198	0.0861767630096506	0.129708324720369	0.16786008258881	0.179655371593849	0.161634835452078	0.109256142748663	0.054571212522976	0.0200509816654117	0.00450035151523525	0.000600471981605364	3.82601616598108e-05	
4.53669411633471e-05	3.52260954915401e-05	3.0422537015421e-05	0.000243380296123368	0.000491030422003287	0.00194544118282824	0.00567086764541839	0.0143466279820091	0.031849727611548	0.0607175128668651	0.101560035674428	0.145354078301206	0.174372908784161	0.174704888047732	0.145259074589122	0.0889474923022975	0.0390054285548067	0.0126910014939067	0.0024455449930642	0.000275404019297496	8.53965951310064e-06	
3.26897209583983e-05	5.84127800732035e-05	8.46717362529005e-05	0.000360658724672165	0.000890125024785239	0.0032904079784355	0.00861990428878421	0.0202252911260805	0.0416659967953356	0.075385176015391	0.118136364367132	0.157411724355986	0.17455024838829	0.167340289277236	0.125484584920928	0.0705599588431054	0.0268596967894407	0.00765528957197901	0.00126364527901481	0.000124328119054892	5.35897064891776e-07	
4.50211197288442e-05	4.23412911735559e-05	0.000189731861714415	0.000630295676203819	0.00158056288190907	0.0045112233899724	0.0122055471379163	0.0272104431846868	0.05257448449478	0.0916340576195297	0.135735460188199	0.166156337982121	0.173842622244399	0.153320495168001	0.105386401799558	0.0518177009107665	0.018020775102892	0.00441153376771568	0.000605105287784109	7.98588909475927e-05	
3.7378566382465e-06	3.36407097442185e-05	7.63590713241784e-05	0.000366843930067906	0.000966502930746594	0.00247926691019693	0.00678474377793714	0.0170675873897533	0.0358887635223639	0.0668083136339389	0.108035270415238	0.149176790473378	0.171665871927148	0.168239859328435	0.136296136497981	0.0844579387002191	0.0372674986423571	0.0115270158928324	0.00247285915595993	0.000351358523995171	3.36407097442185e-05	
1.44457023500483e-05	3.90568989464268e-05	0.000120380852917069	0.000586388510209366	0.00141781893435659	0.00388749901020188	0.00981933241594206	0.0236989772442736	0.0468714888917899	0.0810478805479522	0.123274273595182	0.160280952859928	0.173916090800335	0.159976523058551	0.115619656427696	0.0651592130409381	0.0256336313071542	0.00718486432810363	0.00128459745712837	0.000154087491733848	1.2840624311154e-05	
1.5478612027522e-05	6.35156838370732e-05	0.000313308457246739	0.000873740961691503	0.00246163305761833	0.00606174471712303	0.013878977536264	0.0316831175846106	0.0597127489854837	0.0965331645275047	0.138197318143655	0.166820474253998	0.170849183343092	0.146284092310172	0.0955195823123232	0.04880246248705	0.0171140074500161	0.004102899677778	0.000636224328855389	7.36568434413118e-05	2.66872621164173e-06	
5.31203938850378e-05	0.000127703573178172	0.000481302962776555	0.00133820467019479	0.00348609291991001	0.00872515883802626	0.0194737217704008	0.0412504004150903	0.0739280277685518	0.112915714031994	0.14963585701707	0.172524844515534	0.163449842275356	0.127243733000803	0.0761832299453075	0.0351147266365508	0.0114187384067423	0.00235983325562016	0.000264528830154784	2.52187728545129e-05	
4.83882414422707e-06	7.74211863076331e-05	0.000338180042968758	0.000605928312282656	0.0022414508730314	0.00551034540602036	0.0117561920819632	0.0265441763138483	0.0529141549585044	0.0888262948155763	0.129791242373476	0.158676871926003	0.171027701730579	0.151043895662048	0.108153096094746	0.0598455017215461	0.0244946654652046	0.00670661026389872	0.00132314957988253	0.000115056485207177	3.22588276281805e-06	
3.02379075367985e-05	0.000144170023434378	0.000462208015205348	0.00113446149526453	0.00329485199624186	0.00757405587533343	0.0165395954599942	0.0355549195995637	0.0655066469400317	0.104277044028553	0.143051220855517	0.164566571993218	0.165198328275683	0.138144580395037	0.0893702955755462	0.0441927018650309	0.0164656205790559	0.00389151070745904	0.000548602036739058	5.23763755548116e-05	
5.65638546091383e-05	0.000271397725480385	0.000519408472612761	0.00171595155088299	0.00478454066342875	0.0111768001174788	0.0224525869805235	0.0463252530416669	0.0799850975998434	0.119343206626673	0.152542382099716	0.167348514926875	0.15599332111409	0.120841604890598	0.0711491708500351	0.0321636218271213	0.0106084421553004	0.00237568189358381	0.000331768762611292	1.46848468696801e-05	
9.59197913223831e-05	0.000377101808170283	0.000727346074770299	0.0024539023185732	0.00677632217210642	0.0154069109387478	0.0305024936405178	0.0585428632660634	0.0950088273613671	0.133588863657416	0.161132642820458	0.164791297718041	0.14298407018917	0.101508352421372	0.0560336015250699	0.021887252040488	0.0066321684285762	0.00134945443563261	0.00017978109459281	2.08282975442889e-05	
1.64965687137075e-06	0.000122074608481436	0.000541637339433398	0.00108932342072849	0.00374802041175435	0.00926557276086574	0.0211288052085166	0.0403792011261658	0.0711018608129509	0.111121986626782	0.148095746084814	0.165046520323773	0.159159994721098	0.125433309871547	0.0825845724089389	0.0424011305648425	0.0143597131796586	0.003756818581735	0.000607623614288228	5.33389055076544e-05	1.0997712475805e-06	
1.31727863406988e-05	0.000184419008769783	0.000749751089224771	0.00165812448063546	0.00574168824625207	0.013327566580202	0.0280865759427599	0.0515983529626145	0.086851473540812	0.12554763114881	0.158983456078088	0.163456165906853	0.147890323380927	0.108812154969049	0.0651257068023171	0.0302227627943432	0.00939329439311327	0.00208239797402546	0.000264004592911504	1.09773219505823e-05	
5.50984223117755e-07	5.01395643037157e-05	0.000372465334827603	0.00111243714647475	0.00299404826842188	0.00860967947043804	0.0186243687098264	0.0373440576902521	0.0643731397395167	0.104008740813716	0.138040281354584	0.162809226120619	0.15863166374094	0.134835757112931	0.0911405042828004	0.0490238212519023	0.0207340873001442	0.00592142744584652	0.00121216529085906	0.000158132472034796	3.30590533870653e-06	
1.81897655559702e-05	2.03945856233605e-05	9.4807262897784e-05	0.000550653811830734	0.00175007592849107	0.00478501075125385	0.0121182422953941	0.0245853973664527	0.046405399163381	0.0790957150975605	0.118983114936719	0.150360460520767	0.162776353525259	0.150365421365919	0.119491325962252	0.0736553215812749	0.0371997241770096	0.0136075982509162	0.00349298619176312	0.000553961041931819	8.98464177461558e-05	
4.39453715086776e-05	2.80151743367819e-05	0.000212036417529369	0.000873414258734967	0.00270703488493454	0.00714661604159869	0.0160323701606533	0.0323613715789902	0.0585879692953689	0.0947412771184141	0.132406855038502	0.158761443649399	0.16021219022633	0.138742129658621	0.101477003936407	0.0587307917527721	0.0258986553814953	0.00893409402771415	0.00183471926048729	0.000247192714736311	2.08740514666218e-05	
4.46560984242462e-05	9.86844644190131e-05	0.000449868843384998	0.00148357482542773	0.00426603567415823	0.0100222618920293	0.0218114718760303	0.0414722839995545	0.0715230816897868	0.109586616842957	0.144034661953335	0.162907100981221	0.154016678225797	0.125760945430248	0.0834137326874922	0.0447729761139491	0.0182147263683786	0.00514978537507263	0.000857286827774109	0.000113018520703339	5.51309857089459e-07	
2.75985558227709e-06	0.000105426483242985	0.000231827868911276	0.000863282826136274	0.00252195603108481	0.00612411953707286	0.0141961451441169	0.0286655159908792	0.0524615427923888	0.0849019892487066	0.124382275324297	0.152624981439971	0.163007558140498	0.14401368005215	0.110331298583808	0.066999910028708	0.0327026327366342	0.0121980097025483	0.00312857228806931	0.000450408431027621	8.61074941670452e-05	
4.40907873402122e-06	3.30680905051592e-05	0.000185732441670644	0.000497123627260893	0.00131666113694709	0.00395880156830931	0.00906506587714763	0.0191094983680897	0.0373074197079206	0.0645202536542996	0.0987247842031527	0.137499324859819	0.159595422935366	0.15850858502743	0.131007507558814	0.0936306448608329	0.0524884289239974	0.0227635223689098	0.0079153985972516	0.00165616019946672	0.000179669958411365	3.25169556634065e-05	
1.27063679896758e-05	2.59651867615114e-05	6.51891922948585e-05	0.000309924888791658	0.00087729184206979	0.0019976620282899	0.00569024305624612	0.0131328599935032	0.0252536301540896	0.0472444859887433	0.0783607238431128	0.113144129989459	0.14832253844505	0.162224962378102	0.149669965902738	0.117075922206091	0.0764890205931553	0.0384610710031843	0.0157365605298224	0.00501901535592194	0.000749123260608712	0.000124853876768119	1.2153917207516e-05	
1.09757134899751e-05	3.18295691209277e-05	0.000173965058816105	0.000395674471313601	0.00128525604967608	0.00322027433795868	0.00805013705922221	0.0176023005095475	0.0327498826970621	0.0579704259400013	0.0924698373673654	0.128457006758296	0.156705749353119	0.159318517949407	0.139518879599167	0.100444242003507	0.0592282427059524	0.0282992308768772	0.0105229653085136	0.00305783377830705	0.000420918612340543	6.47567095908528e-05	1.09757134899751e-06	
5.48402858933784e-07	3.61945886896298e-05	9.37768888776771e-05	0.000204554266382301	0.000605985159121832	0.00195450778924001	0.00479468619565808	0.0116996265924934	0.0230954380011374	0.0428253276569981	0.0710943982293168	0.107363021304903	0.140220030195061	0.159636233415612	0.153828647139503	0.124753424364552	0.083325427192117	0.045758734549435	0.01999257462529	0.00689452074251553	0.0015371732135914	0.000264330178006084	2.08393086394838e-05	
3.03860352411712e-05	8.34234785712155e-05	0.000219884400472475	0.000396123404871268	0.000963513553829138	0.00292700390377682	0.00699265541904553	0.0158891340642924	0.0302318951714933	0.0544694542999555	0.0850643244742387	0.120012132315162	0.150838488830646	0.160052639662505	0.143001654105264	0.109446079151754	0.0667128166086754	0.0339329142638679	0.0138228836678928	0.00400708933825845	0.000760203354397301	0.000138118342005324	7.18215378427683e-06	
2.55091006489293e-05	3.77091053071129e-05	9.1500034936377e-05	0.000346036495759389	0.000608336595910337	0.00188490071968937	0.00415521067744408	0.0103017948425035	0.0216938264649156	0.0389340966839278	0.0662227343759531	0.100154829150026	0.131166131899796	0.155396450242281	0.15683549624628	0.129437613057998	0.0934548084100178	0.0526402473717308	0.0249750731723007	0.00908456710501653	0.00210006443820642	0.000417572886709648	3.54909226419886e-05	
1.28083969622938e-05	4.6221606429147e-05	0.000146461234829707	0.000551874843027526	0.00110374968605505	0.00305285357162149	0.00652559980887644	0.0143526441264868	0.0281166588795326	0.0500774908016219	0.0786636052741637	0.114228068543858	0.141648062006007	0.15754161197574	0.147720912826607	0.115606363434366	0.0762004948496322	0.0401593364582109	0.0172245094801629	0.00554102390325317	0.00118338450195105	0.00028011407269712	1.61497179089791e-05	
1.06143591049972e-05	6.98313099012976e-05	0.00029329150158545	0.000650827808280094	0.00160109227341695	0.00488483979021557	0.00920544259642866	0.0199063925257035	0.0353307322567021	0.0622548921022464	0.0944460086657862	0.127237674494477	0.148558011383062	0.15567019063389	0.134915766680745	0.0993587809799623	0.060543745684425	0.0293688143425689	0.0117892010627767	0.00314967140178813	0.000610046323297736	0.000139103969323385	5.02785431289343e-06	
3.07194781039938e-05	0.000159182750175241	0.000470287282973869	0.00108188416522611	0.00258825566425286	0.00668511697139458	0.0125486275374987	0.0254519254131072	0.0456335054555	0.0745913611242212	0.108878208440037	0.136922299269156	0.151947475277802	0.151778797416213	0.119484247889432	0.0841523797821151	0.0473521206214271	0.0209054426537161	0.00707162385953938	0.0019208051854479	0.000299933813488085	4.57999491732271e-05	
5.33709005171974e-05	0.000212927655188402	0.000777769685662074	0.00146380813606022	0.00407286684571862	0.00891849985517584	0.0183112223993222	0.0333367987355544	0.0568249984850447	0.0870362638590608	0.122125963108477	0.144616238207672	0.154063999492976	0.142229558250168	0.103044198332938	0.0686822335499488	0.0343230485013618	0.0143934647332317	0.00433471782638113	0.00103183740999915	0.000138430773216481	7.78325632542462e-06	
9.80892002128037e-05	0.000364647987231779	0.00111278595495655	0.00231202340840575	0.00574791629721582	0.0126313397765561	0.0241038969675474	0.0421894396169534	0.0677752039368682	0.100643398652243	0.132962958857954	0.149487941124313	0.150564705621564	0.12891137613052	0.0889907341727257	0.0545137657386061	0.024873093633623	0.00968977212271679	0.00244170065614471	0.000527575811314063	5.26467458769285e-05	4.98758645149849e-06	
2.19123931565405e-06	0.000172560096107756	0.000496863514824556	0.00166753311921273	0.00322440865298493	0.00845270566013549	0.0174893765978928	0.0308723707182499	0.0527913375927374	0.0819413942088832	0.114280251839135	0.13973971363789	0.150895312993885	0.14404056860469	0.113018097993318	0.0744358517429391	0.0411722911214818	0.0179128335956429	0.00567366639805725	0.00145443509576538	0.000234462606774983	3.17729700769837e-05	
3.42322653772151e-05	0.000252123351349648	0.000680841722502389	0.0022892148259398	0.00465015439838424	0.0115743092825406	0.0231605726894987	0.0396768256800674	0.0636698401244533	0.0965056464219947	0.127528229393127	0.143344622735984	0.149364067749457	0.133731876596487	0.0967610299890946	0.0604802623821636	0.0297815275088854	0.0120714921844478	0.00354059430472911	0.000746046037506609	0.000139102538675668	1.73878173344585e-05	
3.7863236906487e-05	0.000439213548115249	0.00114455156134466	0.00325623837395788	0.00697981727201869	0.0158198012829146	0.0301050596643478	0.0490318099871319	0.0765508105707667	0.110423803210694	0.137696151851053	0.145879479153313	0.144788477027022	0.119362231637547	0.0808033929787495	0.0462228987120549	0.0208588572117837	0.00787879869685557	0.00227774415161738	0.000385123209677411	5.78766621284873e-05	
