# <P(U)> as a function of N_tot.
# number_of_species: 1
# species_total_upper_bound: 151
# species_total_lower_bound: 97
# volume: 729
# Bin widths for each
10	10	10	10	10	10	10	10	10	10	10	10	10	10	10	10	10	10	10	10	10	10	10	10	10	10	10	10	10	10	10	10	10	10	10	10	10	10	10	10	10	10	10	10	10	10	10	10	10	10	10	10	10	10	10	
# Bin lower bound for each
-240	-240	-240	-240	-250	-250	-260	-260	-270	-270	-270	-270	-280	-280	-300	-300	-300	-310	-320	-320	-320	-330	-330	-330	-340	-340	-340	-350	-350	-350	-350	-350	-360	-360	-360	-370	-370	-370	-370	-390	-400	-400	-400	-410	-410	-420	-420	-420	-430	-430	-440	-440	-440	-440	-450	
# Bin upper bound for each
-100	-100	-110	-110	-110	-110	-120	-120	-120	-120	-130	-130	-130	-130	-140	-140	-140	-150	-150	-150	-160	-170	-170	-170	-170	-170	-170	-180	-180	-180	-190	-200	-200	-200	-200	-210	-210	-210	-210	-210	-220	-220	-230	-230	-230	-230	-250	-260	-260	-260	-270	-270	-270	-270	-270	
# Normalized histogram for each
3.18465252256326e-05	0.000681515639828538	0.00207639344471125	0.00559224982962109	0.0205601166856684	0.0462284160175283	0.0956032687273492	0.160767628644039	0.238059145366649	0.221358827538327	0.131876460959345	0.0584829589243518	0.0164264377113813	0.00203817761444049	0.000216556371534302	
3.18987406377196e-05	0.000880405241601062	0.00349610197389407	0.00970359690199431	0.0297615250149924	0.0599249741620201	0.114210250979291	0.178932795733224	0.237875288683603	0.200419787426792	0.1092787056767	0.0443456292345578	0.00976739438326975	0.00132698761052914	4.46582368928075e-05	
9.50311385363938e-05	0.00162186476435445	0.00471354447140513	0.0141596396419227	0.0394569287203107	0.07631633965396	0.136686454261513	0.199476695197126	0.235449148837769	0.16806573620623	0.086750758665256	0.0313285986708311	0.0052203772102659	0.000658882560518997	
0.000439061412146948	0.00195068713111001	0.00691835339425833	0.0217084506777226	0.0498334702786786	0.0991337945568929	0.157842577666828	0.204947594884307	0.220302199697675	0.141365230099541	0.0709962303441614	0.0206296140650187	0.00357521435605372	0.000357521435605372	
4.99216853560976e-05	0.00114195855252073	0.00372540576969878	0.0101341021272878	0.0293664314107244	0.065959026776744	0.119431392003794	0.172036367947782	0.212310687608814	0.202051781268136	0.116386169197072	0.0518811115063245	0.0130982021953061	0.00222775520901586	0.00019968674142439	
0.000185132616664404	0.00208582748108562	0.0058810461227059	0.01672981745924	0.0399331054145119	0.0826987398639892	0.132770941584488	0.190273132320452	0.217506140231786	0.173469261814546	0.0937326438171877	0.0348419584562408	0.00820754600545524	0.00161682485220246	6.78819594436148e-05	
2.50585744177014e-05	0.000350820041847819	0.00243694636212146	0.00947840577349555	0.0235738538834526	0.0538821996416624	0.0970393294325486	0.148954430982421	0.200725445729392	0.21182012955283	0.152757069650308	0.0694122511370328	0.0235550599526393	0.00512447846841993	0.000864520817410698	
0.000161774038999988	0.000522654587538421	0.00463544842519195	0.0128921464926144	0.0338232183078436	0.0700419368085715	0.110902325812915	0.16341666770368	0.20926716360333	0.196879005462985	0.127969486927413	0.0521596834206498	0.0143356686867681	0.00287460023146132	0.000118219490038452	
0.000135789057870828	0.000290094805451313	0.00135789057870828	0.0057154848903812	0.0192697017578511	0.0464583744815327	0.0855964842978471	0.129339077621963	0.177698498913688	0.204381048785305	0.177791082362236	0.103860112581473	0.0373851965238001	0.00914107248666798	0.00138875172822437	0.000191339126999802	
0.000343745971726894	0.00126449411028107	0.00332083161971874	0.00946529086433697	0.0260510340001596	0.0578291214221262	0.0990295314619639	0.152365401967946	0.186758414103406	0.196205290004972	0.154384909551841	0.0814555186574265	0.0254310635868664	0.00553062715224877	0.000546310562208813	1.84149627710836e-05	
0.000411111042933492	0.0024789382290318	0.00498855638664073	0.0125174108594675	0.0350057985065011	0.0738895399851509	0.10850877139158	0.17004657213158	0.194516883164696	0.186043086891694	0.129229995152571	0.0627465899259387	0.0164567136887705	0.00289004927196529	0.000269983371478711	
0.000793834344899146	0.00373164648743929	0.00743203965421326	0.0174956089084465	0.0467674690435859	0.0858091172187045	0.124975778676484	0.185269684904021	0.195458267440916	0.166811473719083	0.107261396523381	0.045998637355219	0.0106698836751405	0.00143765275060475	8.75092978628979e-05	
1.86421087953469e-05	0.00105017212880454	0.00441196574823211	0.0104147247803338	0.0244335905944347	0.059803885015473	0.100219976883785	0.14374930092092	0.190112225494948	0.192212569752557	0.146663683929259	0.0860146899817307	0.0329841044952338	0.00651231000584119	0.00132980376073475	6.83543989162721e-05	
0.000189996073414483	0.00154530139710446	0.0065991969499297	0.0154403475661503	0.0331796476206158	0.0721098430632434	0.114206639729446	0.163700616853918	0.199552875907231	0.180312606872791	0.125581071324526	0.0632306932323399	0.019455597917643	0.00422424603224867	0.00065865305450354	1.26664048942989e-05	
8.41309595459517e-05	0	0.000271807715456152	0.00271807715456152	0.00810893017777519	0.0215957701542185	0.0456119232984513	0.0902984060418972	0.132978688980786	0.176202587350587	0.193701826936145	0.165090829078248	0.10223853068515	0.0458384297279981	0.0130144122805314	0.00198678496773901	0.000258864490910621	
0.000140746853987934	0	0.000793300449750174	0.00454868241751915	0.0128591443870794	0.0315208977090251	0.0590944859221158	0.107479415772604	0.154373708487675	0.187551580523194	0.18469186035353	0.138603663256754	0.0784471783454568	0.0318215841698175	0.00706293303648542	0.000985227977915539	2.55903370887153e-05	
9.61211895958424e-05	8.33050309830634e-05	0.00125598354405234	0.00779863251587602	0.019429296456973	0.038826552517414	0.069905737153403	0.1251626050124	0.168359467616771	0.194389085759325	0.17130718409771	0.119350477081504	0.0602615777972868	0.020006023594548	0.00340909819099921	0.000346036282545033	1.2816158612779e-05	
6.41428589755103e-05	0.000205257148721633	0.000449000012828572	0.00234121435260612	0.0100768431450527	0.0268630293389437	0.0504419442983413	0.087490859642596	0.139600518274301	0.179786019422458	0.193397134097061	0.156739490192557	0.0957845313081295	0.0425331297866609	0.0125142717861221	0.0015458429013098	0.000166771433336327	
9.04503782764034e-05	0.00012275408480369	0.000239047428301923	0.00120169788281507	0.00454190113773654	0.0156608369244287	0.0341514785406478	0.0671787880941459	0.102906687513325	0.158385073103288	0.187678074182232	0.187374419340875	0.128316783067689	0.0761269148022044	0.0291573255115292	0.00593096051840988	0.000814053404487631	0.00012275408480369	
0.000190611402505554	0.000552115786567812	0.000650707891312064	0.00227419121610075	0.007249806102194	0.0245954437301994	0.0433279436316073	0.0855319372691302	0.128629832656334	0.162913593879402	0.191235819168934	0.165391542111974	0.106479473123792	0.0587017391647277	0.018449869201141	0.00338499559621932	0.000427232453891759	1.31456139659003e-05	
0.000440440181098639	0.000233174213522809	0.00145733883451756	0.00314785188255792	0.0124424351160366	0.033564132624311	0.0554889857569418	0.095212803855147	0.146524084953138	0.169724919198658	0.18593700409998	0.154426099966967	0.08356704730198	0.0445880912747505	0.0112182704950418	0.00202084318386434	6.47706148674469e-06	
3.89440957505501e-05	0.000356987544380042	0.000558198705757885	0.00183037250027585	0.00408913005380776	0.0206468614304166	0.0389051516547995	0.0698657077764869	0.115819740762136	0.160865078180272	0.175521039547729	0.176176598492863	0.126522876410912	0.0683403973595903	0.0324599038080835	0.0067113658343448	0.00129164584239324	
0.000116367773884486	0.000504260353499438	0.000588303745749344	0.0020364360429785	0.00875344254664408	0.026590036332605	0.0477689711795813	0.083758937691522	0.136066252052598	0.173077669024192	0.172735030578865	0.159669515522168	0.108655176426475	0.0511824258801929	0.0237648853777427	0.00389185554880335	0.000840433922499063	
0.000209409008513785	0.000222497071545897	0.000628227025541355	0.00380208231082841	0.0160655973719169	0.0361950383153045	0.0580455595474148	0.0975322457152954	0.155132811119618	0.17779479225972	0.168116169647473	0.146226384226266	0.0864859205161932	0.0354882829115705	0.0157122196700499	0.0018650489820759	0.000477714300672072	
0.000164093677798782	0.000216603654694392	0.000341314849821466	0.0017919029615627	0.00653749212350347	0.0233603759714346	0.042697174963243	0.0710328712455367	0.116723114891829	0.16731647763075	0.170808391094308	0.166226895610166	0.128163726107961	0.0659459672337744	0.0284735349716446	0.00878885738290275	0.00104363579080025	0.000367569838269271	
0.000388390417947587	0.000204069541633478	0.000770197947455384	0.00256074360307816	0.0107366910452969	0.0312094740930425	0.0544602360623795	0.0881514590972227	0.135679913632504	0.17272840977164	0.170641634136226	0.15768650968672	0.101521305518435	0.0473243849936475	0.0203477081673897	0.0048779203338841	0.000625374401780013	8.55775497172649e-05	
0.000490568012349232	0.00082415426074671	0.00108579053399963	0.00408806676957693	0.017267994034693	0.0379241778080113	0.0672339813191701	0.102953873525026	0.147268517307239	0.175544857539049	0.171875408806677	0.138765338426519	0.0829648622485021	0.0356806467648675	0.0132714999607546	0.00239397190026425	0.00035974987572277	6.5409068313231e-06	
6.57933693442375e-05	0.000585560987163714	0.00131586738688475	0.00157246152732728	0.00715173924771861	0.0217183912205328	0.0490029014875881	0.0772940503056102	0.126040357652756	0.156956661907613	0.179536946266555	0.162647788355889	0.114414669289629	0.068813284997138	0.0230013619227454	0.00830312321124277	0.00144745412557322	0.000131586738688475	
8.05926244316541e-05	0.00057086442305755	0.00229688979630214	0.00211555639133092	0.0108329919340215	0.030994580146007	0.0614518761291362	0.0899010725535101	0.136268695809855	0.165859621080344	0.181944565706495	0.150607466906654	0.0949851239447403	0.0502562173851723	0.0156819815039927	0.00523852058805752	0.000812642296352512	0.000100740780539568	
0.000315211996834467	0.00082491650235403	0.00266924201574719	0.00508363177873459	0.0160691052003273	0.0400855767038214	0.0744839241881614	0.10410043861414	0.150228696363661	0.178792268587448	0.172400842353762	0.133039582578837	0.0728475044599144	0.0334862446849892	0.0113476318860408	0.00391667672662401	0.000214612423376658	9.3892935227288e-05	
0.000169876194229645	0.00165799165568134	0.00313931206936385	0.00733865159072068	0.0239117730997649	0.0527295706888819	0.0877036815568813	0.124947338379789	0.155185300952666	0.182311131647255	0.158854626748026	0.113314216598943	0.0582675346207684	0.0228721307910795	0.00570784012611609	0.00188222823206447	6.79504776918582e-06	
0.000296082957061242	0.00196491416958824	0.00392982833917649	0.0108070279327353	0.0323941671657459	0.0686306836151729	0.0975795218260243	0.137375762918301	0.1584649444508	0.177091254113198	0.150733141776632	0.0991810614574011	0.0415189055697242	0.0159548338907319	0.00347897474546959	0.000598895072237512	
0.000107919977336805	0.000984769793198344	0.00358833924644876	0.00604351873086107	0.0161205466146852	0.0472352250806027	0.0800159181966572	0.113052921258887	0.148362988843772	0.163660645631264	0.165542500236075	0.135331651580353	0.0771560387972318	0.0303457486273928	0.0100230678951557	0.00213816455098544	0.000290034939092663	
0.000206830936392593	0.0017442742302442	0.00461922424610124	0.00923155412765605	0.0248541841898432	0.0627249286433269	0.097217434469065	0.125766998055789	0.155957420404561	0.16585772789322	0.153089364753251	0.113391613694966	0.0589399225073425	0.0193800587399859	0.00581884367717827	0.00111688705652	8.27323745570371e-05	
0.000431352359219113	0.00229590771842431	0.00779912894652622	0.0140537381552034	0.0348630108394673	0.0773025171497349	0.111636773484353	0.13618907147926	0.161847579556681	0.162703326979003	0.139368555804472	0.0899300096010686	0.0434413569510346	0.0136780441649157	0.00381955556792408	0.000577455577664297	6.26156650479358e-05	
1.41779617762151e-05	0.000893211591901548	0.00503317643055634	0.0117747972551466	0.0197924346395962	0.0502608744966824	0.0942834458118301	0.123702716497476	0.149357738331537	0.162401463165655	0.152037373107242	0.116379799240061	0.0687843815573073	0.0337010151420632	0.00920149719276357	0.00217631713264901	0.000205580445755118	
0.000330875741773062	0.00197806149973026	0.00971048372594857	0.0147023916561769	0.0299154828268297	0.0675130372235209	0.110303902175868	0.131774860636576	0.161496133788887	0.155842474375112	0.136550980039561	0.0970616795540371	0.0516597734220464	0.0228807768386981	0.00691242582269376	0.00122999460528682	0.000136666067254091	
0.000780964893073498	0.00440113860302168	0.0126414130355449	0.0181154660243778	0.0397927158601562	0.088358513977082	0.121210130647398	0.146617035252901	0.163630391942194	0.141610101452449	0.121961900591198	0.0771403547186337	0.0416684913509963	0.0167579008831472	0.00465659440916721	0.00046711918838041	0.000189767170279542	
0.000876340984276982	0.00563779366551525	0.0162853366244806	0.0258082419869571	0.0525439448489407	0.108169688825922	0.130728166329519	0.164861647667107	0.158230667552745	0.13034111572813	0.102400444012765	0.0616286797192788	0.0297298678915966	0.010267795199112	0.00230769792526272	0.000116845464570264	6.57255738207737e-05	
9.63748239306101e-05	0.000140855511898584	0.00226851508636667	0.00899992586552005	0.0214471050485581	0.0368077692934984	0.0725331751797761	0.119489954777967	0.145718733783083	0.169567795981911	0.149247535028542	0.120186818889465	0.0799466231744384	0.0472681444139669	0.0197197716658018	0.00554525910000741	0.000882200311364816	0.000126028615909259	7.41344799466232e-06	
0.000133902667638701	0.000297561483641557	0.00028268340945948	0.00342939609896895	0.0145879517355274	0.0258506538913603	0.0497076458423222	0.0907339353994019	0.131767663993573	0.150900867391725	0.164968086530879	0.141364021841013	0.108349575230982	0.0648832815080416	0.0341526192849598	0.0141936827697023	0.00356329876660765	0.000676952375284543	0.000156219778911818	
0.000659347172215555	0.000355602969284794	0.00137796150597857	0.00577854825087789	0.0179505415536886	0.0343527285119497	0.0605414055207361	0.104213895186025	0.14369323317183	0.156257871419893	0.160836259649435	0.127883717829044	0.0980056600139278	0.0519773006771273	0.0260479175001111	0.00837889496377295	0.00129646915885081	0.000318560993317628	7.4083951934332e-05	
0.000883405232703662	0.000802426419705826	0.00309191831446282	0.0113812040813322	0.0222176416024971	0.0405998321530058	0.0760685522460578	0.120216728750423	0.153403318658991	0.163422606339905	0.151327316362137	0.114334722242671	0.0798966415877737	0.0393925116683108	0.0182717648964207	0.00411519604234456	0.000235574728720976	0.000338638672536404	
0.000102151008376383	0.00076613256282287	0.00177304964539007	0.00674196655284126	0.0161179698216735	0.0303899249919738	0.0525566938096489	0.0899658523771999	0.143609724775997	0.157283366897236	0.163069491871698	0.138947260893675	0.0941102647170417	0.0611519715144617	0.0286752473513703	0.0120611154890115	0.00218895017949391	0.000145930011966261	0.000342935528120713	
0.000446847163619316	0.000805789967182372	0.0031938584153774	0.00999912095639944	0.021075070323488	0.0396521917487107	0.067261486169714	0.109506856540084	0.149847632442569	0.157942158931083	0.16021302156587	0.122553328645101	0.078117674636662	0.0503691983122363	0.0201447491795593	0.00778686122831692	0.000813115330520394	2.93014533520863e-05	0.000241736990154712	
3.68353973434311e-05	0.00056726511908884	0.00171652951620389	0.00561371455513891	0.013688033652819	0.0275013076566057	0.0495288752679775	0.0833143017113726	0.120201268611085	0.15987299154996	0.151946014041653	0.148181436433155	0.109776851162893	0.0668488790988588	0.0392591664886289	0.0172463330361945	0.0042802731713067	0.000324151496622194	0	9.5772033092921e-05	
0.000268728912245081	0.000865904272789705	0.00283658296258696	0.00904720671225105	0.0208787435430414	0.0381669702308083	0.0634648114418799	0.10099728285211	0.125675554626616	0.15938610372936	0.151182407213878	0.133983756830193	0.100825594935953	0.0528126959481652	0.0275521781971276	0.0103087396614016	0.00173180854557941	1.49293840136156e-05	
0.000358497893824874	0.000911182146804888	0.0058106533624115	0.013555701610253	0.0298598870731634	0.0530352821677173	0.0740447524870791	0.113158366444597	0.13947808681624	0.164214441490156	0.142555193738237	0.121971439667792	0.0777940429599976	0.0397559226839542	0.0163340602873958	0.00606458937053745	0.00109789979983868	
2.96912114014252e-05	0.000170724465558195	0.00298396674584323	0.0108372921615202	0.0210956057007126	0.0369952494061758	0.0673619358669834	0.0887173396674584	0.12749406175772	0.14313390736342	0.159375	0.132756828978622	0.104260688836105	0.0611564726840855	0.0284293349168646	0.011104513064133	0.0035332541567696	0.000564133016627078	
2.25635162983799e-05	0.000443749153868139	0.00413664465470299	0.0137562237699123	0.0238120308668903	0.0481129379202455	0.076866378856481	0.10932775763775	0.136968065103266	0.1518073376555	0.151190601543345	0.121700085741362	0.084387550955941	0.0455331758901307	0.021991907218821	0.00725040990387942	0.00254967734171693	0.00014290226988974	
9.05359729599227e-05	6.03573153066152e-05	0.000837457749879285	0.00574903428295509	0.020264968614196	0.0304804442298407	0.059361419604056	0.0868390873973926	0.134287481892805	0.141221028488653	0.149376810719459	0.141190849831	0.106213785610816	0.0682414896185418	0.0355504587155963	0.014493300338001	0.00422501207146306	0.00151647754707871	
6.80282392779936e-05	0.000325023809883747	0.00115648006772589	0.00907799059698559	0.0252913876249074	0.0413611694810201	0.0680887088240185	0.103221515064476	0.145882779785031	0.149488276466764	0.148377148558557	0.128822809112761	0.0867360050794419	0.0530469092503288	0.0257373505268409	0.0101059728794086	0.00281183389015707	0.000400610742414851	
0.000598345574486545	0.00053851101703789	0.00222883726496238	0.0141957487546933	0.0320414055137545	0.0526394519154538	0.0808140491540889	0.117477674230752	0.150207177155166	0.153385888019626	0.143647813794857	0.107477823817146	0.0751297661964668	0.0411736548443554	0.0193190827362343	0.0067837429507412	0.00199697835484884	0.000344048705329763	
0.000451393770765963	0.00068079060508965	0.0060901159563998	0.0221256946654136	0.0422016176176769	0.0632099277029977	0.0930907153481282	0.136150721120049	0.162383359109644	0.146991571516313	0.129091218541184	0.0866824037828278	0.061352553334764	0.0299473867260632	0.0135344132250975	0.00468413535893205	0.00114698417161843	0.000184997447035231	
0.000125151838627747	0.000522692973092355	0.000603673574557367	0.00937166415136011	0.0304118967865425	0.0531895314167924	0.0739941841204402	0.110913976515626	0.152427577575735	0.160297419663562	0.147686531453602	0.1124452460706	0.068045790849192	0.0464166083851732	0.0212095557109729	0.00882688555968638	0.00291530165274046	0.000456436117348253	0.000139875584348658	
