# <P(U)> as a function of N_tot.
# number_of_species: 1
# species_total_upper_bound: 151
# species_total_lower_bound: 97
# volume: 729
# Bin widths for each
10	10	10	10	10	10	10	10	10	10	10	10	10	10	10	10	10	10	10	10	10	10	10	10	10	10	10	10	10	10	10	10	10	10	10	10	10	10	10	10	10	10	10	10	10	10	10	10	10	10	10	10	10	10	10	
# Bin lower bound for each
-240	-240	-240	-240	-250	-250	-250	-260	-270	-270	-270	-270	-280	-280	-280	-280	-300	-310	-320	-320	-320	-330	-330	-330	-340	-340	-340	-350	-350	-350	-350	-350	-360	-360	-360	-370	-370	-370	-370	-390	-400	-400	-400	-410	-410	-420	-420	-420	-430	-430	-440	-440	-440	-440	-450	
# Bin upper bound for each
-120	-120	-120	-120	-120	-120	-120	-130	-130	-130	-130	-140	-140	-140	-140	-150	-150	-150	-160	-160	-170	-170	-170	-180	-180	-180	-180	-180	-190	-190	-190	-200	-200	-200	-200	-210	-210	-210	-210	-210	-220	-220	-230	-230	-230	-230	-250	-260	-260	-260	-270	-270	-270	-280	-280	
# Normalized histogram for each
6.07629394679597e-05	0.00125171655303997	0.00303814697339799	0.00518915503056376	0.0163452307168812	0.0485981989864742	0.0999671880126873	0.163598138223535	0.236586581112448	0.227569360895403	0.1331316003743	0.0562907871231179	0.00837313305868485	
6.02910853601187e-05	0.00139875318035475	0.00483534504588152	0.0090436628040178	0.0260216324414272	0.0627268452086674	0.1262012998758	0.183670762441065	0.235135232904463	0.194547274240031	0.112708154972206	0.0393941951743015	0.00425655062642438	
0.00017904034375746	0.00274528527094772	0.00516829792313201	0.0127834805442826	0.0349486751014562	0.0831821437097159	0.149343518739556	0.207042253521127	0.228765815230365	0.160766292671282	0.0873597517307233	0.025471472905228	0.00224397230842683	
0.000778577326884511	0.0032912587000118	0.0068656364279816	0.0213518933584995	0.0444496873894066	0.106747670166332	0.165070189925681	0.210428217529786	0.217093311312964	0.138280051905155	0.067795210569777	0.0162911407337501	0.00155715465376902	
9.27310451947932e-05	0.00155324500701279	0.00526248681480451	0.0101772322101285	0.0303230517786974	0.0632541642034983	0.125882393851932	0.176061480682964	0.220746253086205	0.198073512536078	0.109747191988038	0.0482781004045392	0.00995699597779091	0.000591160413116806	
0.000265650265650266	0.00256410256410256	0.00682605682605683	0.0148417648417648	0.0404943404943405	0.0812427812427812	0.14011319011319	0.192781242781243	0.22996072996073	0.168560868560869	0.0860591360591361	0.031034881034881	0.00507045507045507	0.000184800184800185	
0.000565724185887539	0.00260468843919054	0.0102891086308296	0.0220514573290747	0.051480900915766	0.0965502610581399	0.156375593715747	0.209518309427558	0.219819203978927	0.144177165957547	0.0622060886065506	0.0213796598583332	0.00291112237321296	7.07155232359423e-05	
8.24596536694546e-05	0.000612557427258805	0.00583107550948286	0.0128165861703381	0.0319354458711273	0.0660148427376605	0.114618918600542	0.16744021675109	0.222511485451761	0.201990811638591	0.114972317116268	0.0478972788314289	0.011850630227353	0.00142537401342914	
0.000257207660111768	0.000222133888278345	0.00164846727617088	0.0068744592793509	0.0181915963242687	0.0452685481796712	0.0804124675567611	0.133783057029953	0.184172375897304	0.214043538242103	0.177134239016064	0.0965464026001356	0.0341033974793649	0.00692122430846213	0.000420885262001076	
0.0006483957993215	0.00114627114522908	0.00393668878159482	0.0110458855812984	0.0274526150034157	0.056422013037387	0.0958931073210833	0.160802158231732	0.18700429562217	0.203144719626709	0.147139532460315	0.0800421457269559	0.0215012678453576	0.0036819618604328	0.000138941956997464	
0.000765954483735073	0.00232107419313658	0.00606960901505217	0.0129283832557708	0.0378219039771606	0.0704446017616953	0.104866132045911	0.179094084742419	0.197117225852124	0.188564067450416	0.120533382849583	0.0623788689405457	0.0151682198521476	0.00189167546740632	3.48161128970488e-05	
0.0014120138848032	0.00457727834323704	0.00807201270812496	0.019838795081485	0.0483026416426428	0.0834147202447491	0.124610225333882	0.19285756309937	0.197470141789728	0.167806083426487	0.0996293463552392	0.0416308760369477	0.0097664293698888	0.00061187268341472	
3.51242814157427e-05	0.00118251747433	0.00549109599466111	0.0116495533362213	0.0252777745255295	0.0605074287855194	0.100888644319818	0.142206507358537	0.199096135158235	0.190443853836157	0.144700331339055	0.0821908185128379	0.0295980611396659	0.00640432731147042	0.000327826626546932	
0.000317191795305561	0.00182091586193933	0.00803552548107422	0.0163764949131834	0.0329292074904255	0.074011418904631	0.116644345762553	0.163212800451117	0.20669157209652	0.17611193346021	0.121778153708794	0.0611357815840793	0.0173280702991001	0.00357134465825521	3.52435328117291e-05	
0.000365604840136335	0.00353811135615808	0.00899859654916206	0.025155971742284	0.0448396645870434	0.0932528216438065	0.140392258612353	0.175950277741741	0.195350921678008	0.160182094797797	0.0964017407507872	0.0441202486112913	0.0101425858876532	0.00127372008821691	3.53811135615808e-05	
0.000757655231900782	0.0063409914792927	0.013113263629052	0.0359128579920971	0.058024734529263	0.111107225699665	0.161322283223182	0.185497313237985	0.18844634052523	0.132834446503713	0.0703570304577403	0.0305976151344547	0.00515205557692532	0.000536186779499015	
6.95466716122078e-05	0.000127502231289048	0.00141411565611489	0.010269725174736	0.0198787569691561	0.0403022961992744	0.0651188668528972	0.129890000347733	0.170574803240875	0.19451044938741	0.174654874642124	0.117371599457536	0.0545014083201001	0.0192644280365816	0.00192412458127108	0.000127502231289048	
0.000115685843523328	0.000231371687046656	0.000416469036683981	0.00252195138880855	0.0108976064598975	0.0277183281081894	0.051237260096482	0.0843928228502678	0.144549461482398	0.183315787647066	0.195081037933388	0.157379021529135	0.0916578938235328	0.0387316204116102	0.0110479980564778	0.00065940930808297	4.62743374093312e-05	
0.000164862987081807	2.35518552974011e-05	0.000211966697676609	0.00105983348838305	0.00463971549358801	0.0159681578916379	0.0330785807651998	0.0660865059645074	0.101296529634122	0.168984561758853	0.187637631154394	0.191676774337898	0.129888481965167	0.0685358989154371	0.0253417963000035	0.00515785631013083	0.000247294480622711	
0.000181725666933198	2.42300889244264e-05	0.00105400886821255	0.00212013278088731	0.00826246032322939	0.0266167526834823	0.0428872573962346	0.0841268687456083	0.128564851833006	0.1721063216302	0.189479295389014	0.170034649027162	0.107084878001502	0.0499382132732427	0.0155072569116329	0.00198686729180296	2.42300889244264e-05	
0.000672010752172035	0.000228003648058369	0.00237603801660827	0.00229203667258676	0.0136202179234868	0.0362885806172899	0.0551768828301253	0.0991815869053905	0.145550328805261	0.179126866029856	0.182294916718667	0.155006480103682	0.0799212787404598	0.0378726059616954	0.00946815149042385	0.000924014784236548	
7.16246866419959e-05	0.000549122597588636	0.000835621344156619	0.00253073892801719	0.00427360630297242	0.0225020890533604	0.0394890772352871	0.0702041303569297	0.122132028172377	0.158135370657753	0.184899128566313	0.171230750865465	0.129198997254387	0.0616569177509848	0.0268473200429748	0.00510922764712904	0.000334248537662648	
0.00021167256605948	0.000729094394204876	0.000940766960264356	0.00236367698766419	0.011395039806202	0.0299281489234098	0.0487199689546903	0.0868915883674165	0.137399014546609	0.177405129531851	0.174041887648906	0.158495713630537	0.103296212237026	0.0460505427049402	0.0189799734233334	0.00313980972988229	1.17595870033044e-05	
0.000365604840136335	0.000283048908492647	0.000955290066162682	0.0038093665601302	0.0197544550718826	0.0406175183686948	0.0589095540800321	0.101991956693517	0.1562194100789	0.183191612317345	0.166149709285184	0.141371136087556	0.0791121699236947	0.0311943484567938	0.0145888124918918	0.00148600676958639	
0.000294641068250657	0.000377140567360841	0.000577496493771288	0.00213320133413476	0.00677674456976511	0.0277434029864819	0.0455397235088216	0.0694645782507749	0.121333191905621	0.168405048969346	0.179837122417471	0.162571155817983	0.120472839986329	0.0594939245011727	0.0267298377116996	0.00768423905997714	0.000565710851041262	
0.000698324022346369	0.0002959000094688	0.00132563204242023	0.00253290408105293	0.0106405643404981	0.0340995170911845	0.0586828898778525	0.0886398068364738	0.13988968847647	0.171255089480163	0.173882681564246	0.155809108985891	0.0966172710917527	0.0430120253763848	0.0179670485749456	0.00403607612915444	0.000615472019695105	
0.000659195781147001	0.000847537432903287	0.00168330351257181	0.00376683303512572	0.0155735003295979	0.0394811187494114	0.0720642245032489	0.103505508993314	0.153486674828138	0.174192485168095	0.174651567944251	0.137053865712402	0.0766079668518693	0.0317120256144646	0.0121362651850457	0.0022718711743102	0.000306055184103965	
0.000119281922824596	0.000679906960100197	0.00196815172660583	0.00215900280312519	0.00629808552513867	0.0204329933798533	0.052996958310968	0.0843800322061192	0.125436870042345	0.161185662312876	0.173268921095008	0.16318959861633	0.111910299994036	0.0672750044730721	0.020218285918769	0.0070257052543687	0.00135981392020039	9.54255382596767e-05	
0.000146373594203606	0.00076846136956893	0.0033787904661999	0.0025615378985631	0.00951428362323437	0.0295552682296114	0.0671122929423532	0.0938620672830621	0.13598106901515	0.161986777585324	0.185138201068527	0.148581395916177	0.0903247054231417	0.0502915274084555	0.0150154912053865	0.00481813080920202	0.000963626161840404	
0.000576517344585643	0.00132476325989893	0.00421961630930769	0.0055934448751288	0.014523330552966	0.0410185957509445	0.0810313527304843	0.108728717923556	0.153022422844806	0.17154457583043	0.168195868701241	0.131985672930671	0.0694764731858103	0.0336465335361366	0.0107943673028801	0.00407242039154114	0.000245326529610912	
0.000308501055073608	0.00260374890482125	0.00424497451781285	0.00786060688327554	0.0221256956698792	0.0536298234139961	0.0932413588854474	0.132198872120143	0.158137640830732	0.177252366203092	0.156027493614028	0.109715315226378	0.0529634611350371	0.0221256956698792	0.00528153806286018	0.00227056776534176	1.23400422029443e-05	
0.00046657253361164	0.00299588679476948	0.00478850758180367	0.0125237890601019	0.0325741297808337	0.0717048314813678	0.103296703296703	0.147670206888084	0.162772423107619	0.164258088280435	0.143311437166186	0.0957087605132298	0.037694149425993	0.0160599177358954	0.00343790287924366	0.000736693474123642	
0.000195152890092332	0.00143925256443095	0.00512276336492371	0.00652542476246234	0.0178320953321868	0.0442753119396978	0.0812323905009331	0.122263285642846	0.156207691463281	0.16742898264359	0.154646468342542	0.128556966348324	0.0750606803517631	0.0269920841108956	0.00917218583433959	0.00265895812750802	0.000390305780184663	
0.000309724097773703	0.00205656800921739	0.00673959636755578	0.0114474026537161	0.0238239776007532	0.0600988639320094	0.102555843254829	0.127222270401526	0.162097203810845	0.165702392308931	0.143488980016601	0.112182068213635	0.0570016229542723	0.0185338900107784	0.00536442137344054	0.00122650742718386	0.000148667566931378	
0.000728094401205122	0.00278684408737133	0.0104318353000251	0.0157795631433593	0.0338563896560382	0.0761360783329149	0.116834044689932	0.138388149635953	0.170788350489581	0.157732864674868	0.130981672106452	0.0878609088626663	0.0401330655284961	0.0125659050966608	0.00419281948280191	0.000690434345970374	0.000112980165704243	
2.54410848078562e-05	0.000890437968274967	0.00599137547225014	0.0153664152239451	0.0236983704985181	0.0492921018152214	0.0973884726444736	0.127803289532266	0.150331370129622	0.165570579929528	0.141986694312645	0.11421775024487	0.0661977026700419	0.0295752610891328	0.00956584788775393	0.00183175810616565	0.00026713139048249	
0.000504097407129747	0.00184835715947574	0.0116459426621513	0.0172168652896621	0.0350412325827883	0.063826487087351	0.115373678360003	0.137721996742755	0.164258201277047	0.155598066334049	0.128350955199959	0.0933355737662539	0.0474110074192798	0.0200217149652302	0.00663081973993744	0.000982343665175917	0.000232660341752191	
0.000958811074267908	0.00444781803896502	0.0150213734968639	0.0219061696829265	0.0451706550543992	0.089036261702156	0.126190190830037	0.149055171587232	0.164156446006951	0.140505772841676	0.112766835790287	0.0742945414352869	0.0350365546722065	0.0163131050830304	0.00436791711610936	0.000426138255230181	0.000346237332374522	
0.000738106421525867	0.00683083942830303	0.017902435751191	0.0330134872173388	0.0586727504529289	0.108957927933973	0.133557001945917	0.164731933167819	0.159390726699322	0.122163322820909	0.0966248406361135	0.0584043481178286	0.0256190028853251	0.0106421525867275	0.00250956183318795	0.000120781050795142	0.000120781050795142	
0.00015130674002751	0.000261348005502063	0.0024484181568088	0.0104264099037139	0.0233700137551582	0.045777166437414	0.0790233837689133	0.115185694635488	0.149064649243466	0.175735900962861	0.148734525447043	0.107785419532325	0.0731086657496561	0.0424621733149931	0.0188995873452545	0.00660247592847318	0.000742778541953232	0.000206327372764787	1.37551581843191e-05	
2.7572515716334e-05	0.000551450314326679	0.000523877798610345	0.00439781625675527	0.0145858608139407	0.0297645307157825	0.0579022830043013	0.0945737289070255	0.130569648174699	0.159424285871843	0.174368589390096	0.135119113267895	0.0943807212970111	0.0590603286643873	0.0238777986103452	0.0151648836439837	0.00483897650821661	0.000579022830043013	0.000289511415021507	
0.000833333333333333	0.00046448087431694	0.00184426229508197	0.00654371584699454	0.0185792349726776	0.037172131147541	0.0669125683060109	0.108770491803279	0.142117486338798	0.163005464480874	0.169412568306011	0.123073770491803	0.0854644808743169	0.0446994535519126	0.0193032786885246	0.00939890710382514	0.00172131147540984	0.000546448087431694	0.000136612021857923	
0.00122585741916151	0.000612928709580757	0.0027241275981367	0.0130621918330655	0.022637500340516	0.0417881173554169	0.080211937127135	0.117464382031654	0.151298046800512	0.17676863984309	0.15744095453431	0.1141818082759	0.0671225040180882	0.0320629818300689	0.015963387725081	0.00441308670898145	0.000394998501729821	0.00062654934757144	
4.09539541042688e-05	0.000737171173876838	0.0010921054427805	0.00689391560755191	0.0183883253928167	0.0334593805031876	0.0549602064079287	0.0860442575730687	0.149864169385554	0.155979959865125	0.173439995631578	0.144294431627374	0.090508238570434	0.0499774753252427	0.0206134902324819	0.0102794424801715	0.00251184251839515	0.000273026360695125	0.000641611947633544	
0.000427456495959847	0.000841124072695182	0.00330934061388268	0.0117205813408345	0.0226276164474229	0.0420562036347591	0.0684206171920245	0.108835939439067	0.151305810650561	0.156876534017264	0.171341110283776	0.123479771655498	0.073991340558727	0.0425250268883925	0.0151953889854113	0.00573619039739665	0.000799757315021649	5.51556768980447e-05	0.000455034334408869	
6.92511184055623e-05	0.000554008947244498	0.00180052907854462	0.00594174595919724	0.0153875985097159	0.0314400077561253	0.0562180579216354	0.0831705932050803	0.123917951274913	0.157352391241119	0.154845500754837	0.148571349427293	0.109084361712442	0.0635725266963061	0.0323818229664409	0.0122989986288279	0.00277004473622249	0.000443207157795598	0	0.000180052907854462	
0.000512025487490933	0.000611585998947503	0.00292992362286478	0.00802173263735795	0.0225860131704334	0.0451151346200344	0.0696212433685588	0.101978409591944	0.121719836720761	0.163606366183561	0.155769531638908	0.130125588473737	0.0998449700607319	0.0486850901022629	0.0201112233142272	0.0081355160790226	0.000597363068739422	2.84458604161629e-05	
0.000542857142857143	0.000757142857142857	0.00688571428571429	0.0129285714285714	0.0323	0.0613142857142857	0.0766	0.118528571428571	0.130985714285714	0.172485714285714	0.141957142857143	0.124928571428571	0.0720285714285714	0.0313857142857143	0.0112857142857143	0.00424285714285714	0.000842857142857143	
5.74696129421568e-05	0.000201143645297549	0.00291658285681446	0.00935317950633602	0.0213212264015402	0.0400275854142122	0.0714203614838654	0.0955432315163357	0.128142869457774	0.135096692623775	0.162868883078072	0.13923450475561	0.105399270135916	0.0570960604580328	0.0211631849659493	0.00695382316600098	0.00290221545357892	0.000301715467946323	
4.31549117482055e-05	0.000546628882143936	0.00447372585123063	0.0115799013191018	0.0265258857545636	0.0521167484212495	0.0808435346749716	0.114159126544586	0.14084324697556	0.145216278032711	0.144799113885812	0.126745975804479	0.080929844498468	0.0459599810118388	0.0173482745227786	0.00604168764474877	0.00161111670526634	0.000215774558741027	
0.000172602266843105	0	0.000762326678557045	0.00677463897359185	0.0170444738507566	0.032377308555319	0.0662217363788044	0.090601806570393	0.136643461250791	0.142799608768195	0.139606466831598	0.142627006501352	0.108696277544445	0.0652005062999827	0.0341033312237501	0.0113917496116449	0.00369656521488982	0.00128013347908636	
0.000128775629927456	0.000300476469830732	0.000987279829443832	0.0098871066977636	0.0261128360686231	0.044613601568201	0.072400520825881	0.108128603929088	0.158136473550916	0.141925052583382	0.137818540829029	0.130678647569718	0.0841047947459543	0.0516247191975847	0.0227646696905092	0.00759776216571993	0.00253258738857331	0.000257551259854913	
0.00115275436245479	0.000835746912779723	0.00159944667790602	0.0149425784233202	0.0333866482225969	0.0554907131226675	0.0843528004726293	0.127998962521074	0.160492226112768	0.139195089266416	0.13612588077638	0.11193244859436	0.0724073833916915	0.0394097897664231	0.0130837620138619	0.00551881151025231	0.00174354097321287	0.000331416879205752	
0.000860743061140978	0.00129816986270443	0.00550311137450789	0.0217302346583132	0.0444058756296829	0.0686901183874473	0.0963608912218318	0.151998758272305	0.167520354456815	0.126599782697653	0.127516967926738	0.0866810594194923	0.0568090420353046	0.0309585291171034	0.00894608361907181	0.00304787706895822	0.00107240119092974	
0.000241580218843257	0.00100895267869831	0.001165269290891	0.00690635213869547	0.0287480460423476	0.0595992610487424	0.076666192979963	0.120264317180617	0.169020889583629	0.157879778314623	0.124385391502061	0.110018473781441	0.0676140400738951	0.047136563876652	0.0208895836293875	0.00572687224669604	0.00220264317180617	0.000525792241011795	
