# <P(U)> as a function of N_tot.
# number_of_species: 1
# species_total_upper_bound: 151
# species_total_lower_bound: 97
# volume: 729
# Bin widths for each
10	10	10	10	10	10	10	10	10	10	10	10	10	10	10	10	10	10	10	10	10	10	10	10	10	10	10	10	10	10	10	10	10	10	10	10	10	10	10	10	10	10	10	10	10	10	10	10	10	10	10	10	10	10	10	
# Bin lower bound for each
-250	-260	-260	-260	-270	-270	-280	-280	-280	-280	-310	-310	-320	-320	-320	-320	-320	-320	-330	-330	-350	-350	-360	-360	-360	-360	-370	-370	-370	-370	-380	-380	-380	-380	-390	-390	-400	-410	-410	-410	-420	-430	-440	-440	-450	-450	-460	-460	-460	-460	-460	-470	-470	-470	-480	
# Bin upper bound for each
-100	-100	-100	-100	-110	-110	-110	-120	-120	-120	-120	-130	-130	-130	-140	-140	-140	-140	-150	-150	-150	-150	-160	-160	-160	-170	-170	-170	-170	-180	-180	-190	-190	-190	-190	-200	-200	-210	-210	-210	-220	-220	-220	-220	-230	-230	-230	-230	-240	-240	-240	-240	-250	-250	-250	
# Normalized histogram for each
2.31789460996787e-06	8.01991535048884e-05	0.000376426084658783	0.00194146852530909	0.0065077209069458	0.0190739547454256	0.04747697171705	0.096751702493591	0.161722751989913	0.221892051012225	0.217752754817744	0.149443937083069	0.0608883099303241	0.0144975036275051	0.00152378391659288	6.81461015330555e-05	
3.23591682769205e-06	8.78320281802128e-06	0.000150701269403944	0.000742411775039062	0.00313745250136371	0.0096360980390344	0.0269154316250774	0.0619419199156813	0.117461931749891	0.18138978005011	0.225042760329509	0.200271817013526	0.121142556004475	0.0429498617801241	0.00839211915570307	0.000784940967631586	2.81987037841736e-05	
6.89528045633885e-06	6.66543777446089e-05	0.000246391354973175	0.00132619227443584	0.00477383250260527	0.0139243293535307	0.0366360041206196	0.0785933260120778	0.138487570797292	0.199333364285481	0.221503989379429	0.177951099590374	0.0932848702377171	0.0287841184223047	0.00472556553941089	0.000345683393544455	1.01130780026303e-05	
1.18931573633968e-05	0.000142717888360762	0.000474811436277149	0.00201040102354342	0.00694057217980075	0.0204013391695191	0.0494599820413324	0.0978738236638152	0.158480896158556	0.211397670130473	0.211174902144474	0.151430998416838	0.0693046299604187	0.0183227812057008	0.00239006720091339	0.00018114193522712	1.37228738808425e-06	
2.28604870198155e-06	4.84642324820088e-05	0.00017099644290822	0.000829835678819302	0.00328139430682431	0.0105144523998939	0.0281380590532101	0.0649420715258918	0.115994568348284	0.177032983110672	0.215544673963734	0.196569098108066	0.12472315950219	0.0494792381056886	0.0113794932287237	0.00126098446401302	8.82414798964877e-05	
1.2791708049365e-05	9.45672702220915e-05	0.000412989431308071	0.00130658160789943	0.00509612511752382	0.0151823869144481	0.0380658389213301	0.0814818097343071	0.135891339922281	0.192305513500277	0.215627538354566	0.174130323748994	0.09892056257932	0.0342566510029156	0.00653473542636133	0.000656488730962055	2.37560292345351e-05	
5.03040422041768e-06	1.5091212661253e-05	0.000158229078205865	0.000803492746843078	0.00202450904398082	0.00775825523630781	0.0219668606116148	0.0511171384499861	0.0989306732555816	0.15513858077663	0.203001047696006	0.207422773005753	0.15123041400684	0.074350746306197	0.0222631971511449	0.00348881398159695	0.000320573941682981	4.57309474583425e-06	
2.64004890463005e-05	5.05250738644717e-05	0.000272198145684271	0.00128406516551058	0.00346711250113226	0.0116030149358491	0.0302954715423211	0.0657226519382283	0.117754374401722	0.173102999687291	0.208812847388332	0.192125462406842	0.125606699169614	0.0541159955556142	0.013698212368265	0.00191449063670241	0.000147478593982782	
5.08572858283903e-05	0.000129413629116886	0.000502669780464536	0.00192712786656865	0.0054912246207386	0.0172188239161836	0.0412774986933764	0.0822652924906947	0.136935966590396	0.188083865480663	0.20641065169525	0.172069723522539	0.099910046175691	0.0383522965924256	0.00834286529040191	0.000970829259831236	6.08471098303955e-05	
3.26216527126037e-05	0.00017941908991932	0.000802855119537969	0.0031239763257417	0.0087407906129382	0.0236429958819694	0.0533667584452702	0.0997697001934192	0.155128644846708	0.197832200561546	0.198591560144133	0.15062006059472	0.076924122488869	0.0259015922538073	0.00491273028281614	0.000415926072085697	1.40454338068155e-05	
9.05671997301097e-07	0	1.53964239541187e-05	6.74725637989318e-05	0.00033826849099196	0.00141194264379241	0.00486572280550015	0.0126866533381938	0.0319788253887031	0.0672810141715026	0.118206950579743	0.172329909138457	0.203485478681613	0.185559512839033	0.126674078082511	0.0559397365852996	0.016313416851386	0.00269029866798291	0.000152152895546584	2.26417999325274e-06	
8.15144294125798e-06	2.71714764708599e-06	4.98143735299099e-05	0.000136763098236662	0.000630378254123951	0.00237840990708261	0.00716330691360105	0.0184775097160671	0.0420238583677732	0.0833358240520098	0.136979111474605	0.187283024438932	0.201644508327605	0.167369049333438	0.101509466089545	0.0394009051724528	0.0102092294259844	0.00134453522736639	5.34372370593579e-05	
4.52337021840188e-07	9.49907745864396e-06	1.04037515023243e-05	6.87552273197086e-05	0.000253308732230505	0.000942670353514953	0.0036073877491755	0.0101712502730985	0.0257972326925678	0.0549327126063162	0.100107610977496	0.155689427210153	0.196516462127404	0.192971044550221	0.146025246738537	0.0784922340518405	0.0275337545194123	0.00615811621533232	0.000687099936175246	2.53308732230506e-05	
1.36020308738897e-06	2.31234524856125e-05	1.99496452817049e-05	0.000187254625030548	0.000411234733420598	0.00158962400812857	0.00557637925726564	0.0145650546597611	0.0343238181082023	0.0695480906602562	0.118607442215172	0.172381257670979	0.200278569592297	0.179518696671538	0.122739285793631	0.0582012765052574	0.0181237993373997	0.00358685554144471	0.000311033105982944	5.89421337868553e-06	
6.85713031839027e-06	2.01142489339448e-05	6.30855989291905e-05	0.000217599602103585	0.000662398788756501	0.00259062383428785	0.00839724178790073	0.0199460206701336	0.0451066603763925	0.0859289857298547	0.136923635339638	0.184844461998698	0.19644489792933	0.163676500705827	0.0997758175527908	0.0414682670294546	0.0118559783204968	0.00193416789180728	0.000136685464346579	
5.50498866660458e-06	2.20199546664183e-05	0.000122485997831952	0.000436729100883964	0.00106154531454358	0.00418333263756393	0.0121371237626965	0.0279208437679629	0.0572642683571875	0.103423139577611	0.154320888541871	0.193799914764425	0.188070597809657	0.142737933638279	0.0780300031057311	0.0284323489649016	0.00703904550836506	0.00094869304687819	4.35811602772863e-05	
9.20507291568383e-06	3.63600380169511e-05	0.000223223018205333	0.00067749336659433	0.00192109871750322	0.00647668930347515	0.017910310372046	0.0379437708120945	0.0725088196104873	0.121690603691694	0.169099030475695	0.195588929058804	0.174475713565746	0.119138957479467	0.0585258535979178	0.0193416992104349	0.00402721940061168	0.0003930566134997	1.1966594790389e-05	
2.07360276037999e-05	5.9904079744311e-05	0.000323942831232697	0.00114555032495659	0.00329242038287001	0.00944779497690467	0.02406485123513	0.0500991642920075	0.0895764136441218	0.139833171745918	0.180302524818721	0.192159846203187	0.156959748144817	0.0962041088669097	0.0423461939712534	0.0117499548415399	0.00222290215912735	0.000187085049047617	3.68640490734221e-06	
1.84895002750313e-06	6.00908758938518e-05	9.38342138957839e-05	0.000503376644987728	0.00190950314090386	0.00516273071429562	0.0139604971826624	0.0327731014749999	0.0632747678412122	0.107429081210508	0.155963094957451	0.185547219872515	0.182999828972122	0.136595343419356	0.0763875214362644	0.0292023167343845	0.00695020315338427	0.00109134275373372	9.42964514026597e-05	
2.3201274770841e-05	9.14130225971136e-05	0.000258462200947169	0.00089603323164988	0.00294006553896097	0.0077520099264334	0.0203948485745601	0.0427854708049079	0.0786899075382798	0.125375976657661	0.167453344556563	0.188491796493267	0.167190242100662	0.115489913477806	0.0578361377487525	0.0195776996771311	0.00418040568821013	0.000562862925940603	1.020856089917e-05	
4.17779197195495e-06	4.64199107994994e-07	6.40594769033092e-05	0.000130439949346593	0.000390855648931785	0.00149472112774388	0.00424045885153427	0.0117108150964977	0.0274889427772476	0.0551440688351573	0.0951139330290663	0.140848221746057	0.176544204752656	0.184590632090641	0.150922734986872	0.0938294940972441	0.0421864149345851	0.012700023395635	0.002318674544435	0.000266914487097122	9.74818126789488e-06	
9.75852302430569e-06	4.18222415327387e-06	0.000146377845364585	0.000163106741977681	0.000666832406660889	0.00215291605579087	0.00638904443148471	0.0161522143715163	0.036951809160465	0.0689198012049452	0.112782503432909	0.156041106616511	0.180970880102604	0.175691983838027	0.130503516553476	0.0737298236727828	0.0294902565794518	0.00787884561319538	0.00126349638586129	8.87560903639232e-05	2.78814943551591e-06	
7.45705551638012e-06	2.47014963980092e-05	1.7244440881629e-05	0.000188756717758372	0.000263327272922173	0.00101882020992543	0.00339901911756001	0.00993745860751606	0.0230572156566473	0.047920436946168	0.0849367944635091	0.128544256925391	0.167475679512532	0.178792227324609	0.16177336237235	0.110544323106758	0.0562919138952442	0.0204742780521612	0.00465366870819097	0.000644569236197107	3.44888817632581e-05	
3.97906170916149e-05	3.08962438593715e-05	3.93224921846547e-05	0.000218614331550402	0.000462975532983613	0.00187577650218942	0.00561141325973161	0.0141921428043116	0.0319396942769858	0.0609540760103774	0.100467095032165	0.144357550058937	0.174163999134905	0.174239367244926	0.145380402980645	0.0900545927266497	0.0402901063673414	0.0129099486841477	0.00246748638458708	0.000297259315919711	7.4899985113628e-06	
2.86658580701674e-05	6.48506297325099e-05	9.39864199021883e-05	0.000321903488164995	0.000865144995199644	0.00320963623965973	0.00849308283446125	0.0200261564206588	0.0422708622831087	0.0753413939219922	0.116763088901285	0.15667348224855	0.174715115412974	0.166892155752415	0.125831838557647	0.0714245098725685	0.0276747712722989	0.00785773463592246	0.00130406157614286	0.000147088747146925	4.69932099510942e-07	
3.94943036519536e-05	4.74871984386585e-05	0.000186187431502067	0.000597586427876584	0.00154780056693133	0.00443840745802907	0.0120556361897588	0.0270498366393357	0.0534823396989688	0.0912981354457144	0.13387299478252	0.166152535463769	0.173790451687888	0.152972251960493	0.105936887162424	0.0527154919697267	0.018614041447391	0.00448824550787559	0.000630498347586545	8.3690310119616e-05	
3.27793928132586e-06	2.95014535319327e-05	6.74318937872748e-05	0.000369938861749633	0.00091033056612821	0.00249263868492822	0.00663501738244373	0.0168523541223364	0.036016591992088	0.0675007305121827	0.107492058021398	0.148093550513981	0.171705015434411	0.168069780771421	0.136110809332574	0.0849346847184344	0.0379234160997393	0.0118694181376809	0.00252682290886205	0.000367129199508496	2.95014535319327e-05	
1.26784372652141e-05	3.42787377911345e-05	0.000128193087903832	0.00057240796393689	0.00135753193087904	0.00395755071374906	0.00963842975206612	0.0232649323816679	0.0469651577761082	0.0814890120210368	0.123071938392186	0.159872276483847	0.173820905334335	0.159327103681443	0.11578324567994	0.0656254695717506	0.0262387302779865	0.00736053719008264	0.00130259203606311	0.000165758827948911	1.12697220135237e-05	
1.3596938907078e-05	5.57943355152513e-05	0.000317418194485926	0.000880987869186195	0.00241931740553527	0.00599015487851135	0.0137371280358096	0.031285618705262	0.0599024865050381	0.0968706879535341	0.138327285821253	0.166460758999884	0.170853507986795	0.145279072482468	0.0960103299226897	0.0491726262675043	0.0175264542512236	0.00412737424824166	0.000696725903997172	7.03289943469554e-05	2.34429981156518e-06	
4.66282807587693e-05	0.000113038256384895	0.000476173655021371	0.00130653384671541	0.0034768683693054	0.00871477857454049	0.0194402251345273	0.0410512557843795	0.0746763691170064	0.112940760888763	0.149734713342047	0.171687213724728	0.16295453742626	0.126377712623783	0.0774429804420267	0.0353649604954844	0.0115218952747654	0.00235166672554076	0.000294370459335665	2.73175786263497e-05	
4.25064846003729e-06	6.80103753605967e-05	0.000321160105869484	0.000601230609958608	0.00219380689965258	0.0055400118262486	0.0120727862150526	0.0263554373350512	0.0530707629063856	0.0891809661629491	0.12920932271112	0.15879383599298	0.169959344908951	0.150786558882816	0.108317385530037	0.0605873262665516	0.0247727792250973	0.0067471959888992	0.00128180665783791	0.000131297807987819	4.72294273337477e-06	
2.65837254432836e-05	0.000126747405238513	0.000435308504133769	0.00111556704985208	0.00333293457745168	0.00768174723434314	0.0168393659401714	0.0353511330363551	0.0660415693512432	0.104418499994303	0.142441297437709	0.164616871551236	0.164284574983195	0.137139743049305	0.0900414516233162	0.0448196863879933	0.0168051868646015	0.00387125501767818	0.000553985849862714	5.64904165669777e-05	
4.97784142607499e-05	0.000238840660731867	0.000514057854961975	0.00169150880766817	0.00487254093436955	0.0113801113217653	0.0226965637099086	0.0459694082926052	0.0808018536715649	0.119204464357937	0.152759423317071	0.166798850692997	0.155511595259372	0.119798454858876	0.0716809165354798	0.0325134413684469	0.0107966508699974	0.00237021834056955	0.000326910162885501	2.44105685317139e-05	
8.43064302682245e-05	0.000338189223133106	0.00076213012962475	0.00243958721644737	0.00677341948326421	0.0154569818008913	0.0306677888253995	0.0579830722323042	0.0952653027010335	0.133439254326486	0.1610315445757	0.164561334373273	0.143039588854401	0.101018373502537	0.0565007243126738	0.0222164305042825	0.00689096673460962	0.00131855256939503	0.000183547142469677	2.89050618062484e-05	
4.34031754727691e-06	0.000107061166166164	0.000489491367831785	0.00117092122275426	0.00375678596592079	0.00932155531903504	0.0210196756239568	0.040720859228552	0.0709579225504092	0.111068243777311	0.147936347796397	0.165018873147468	0.158848388367756	0.125381164275714	0.0821679982600149	0.04273766011552	0.0147483990256469	0.00386674067711847	0.000605715426597755	6.65515357249126e-05	5.30483255778289e-06	
2.74754408121162e-05	0.000161960493208264	0.000718217663334265	0.00178011934945869	0.00578333927831175	0.0132773862661358	0.0279087815365038	0.0517593922625302	0.0866286188047701	0.126010083968803	0.158234437813919	0.163488031312362	0.147645306519874	0.108760809416846	0.0651635511766237	0.0306119792921941	0.00962941896673061	0.00212958767557771	0.000260775675076401	2.07270869284385e-05	
2.419989110049e-06	5.46917538871075e-05	0.000337830479762841	0.00105317926069333	0.00317792969931635	0.00864226510980701	0.0186702159840281	0.0372475043862303	0.0644268860790126	0.103918688365902	0.138474680863936	0.161747232137455	0.158047552786012	0.134688365902353	0.0914712323794543	0.0496625325186037	0.0209038659326033	0.00610998850505173	0.00119837860729627	0.000160203279085244	4.35598039808821e-06	
1.598477861566e-05	3.48758806159856e-05	0.000106565190771067	0.000534279115547668	0.0016721047206442	0.00496109401762394	0.0122220586069798	0.0245787768641158	0.0466474590983422	0.0791522642196715	0.118798874671585	0.150122259337048	0.161910791372482	0.150357671531206	0.1196552712956	0.0737271272349627	0.0374479768114145	0.0138137550473149	0.00361546629052384	0.000529919630470669	9.54242844631827e-05	
3.86900890017135e-05	3.43374539890207e-05	0.000246165691273402	0.000874396011438725	0.00267493602835597	0.00729501628127308	0.0161947040038922	0.0326128432717693	0.0586328953776467	0.0946978618405939	0.132067167929011	0.157709991667122	0.159375599998646	0.139514526435729	0.101811518329671	0.0587692779413777	0.0262410692392997	0.00902107787686202	0.00191515940558482	0.000250518326286095	2.22468011759853e-05	
3.93082333278496e-05	9.802793990402e-05	0.00055128584025231	0.00141412582614017	0.00422539243932823	0.0101803471450818	0.0219635966936438	0.0419486789764524	0.0716598799303322	0.109774792940241	0.143545903524007	0.161738821539165	0.153715089071971	0.12570239202732	0.0836464646611703	0.0451195431315656	0.018380724018835	0.00528574416551775	0.000865751706875107	0.000143644902037574	4.8528683120802e-07	
2.4297486765159e-06	9.28163994429072e-05	0.000224508777710069	0.000904352457399216	0.00238747104954452	0.00600147923099426	0.0142776891729427	0.0286676327347405	0.0531045870739314	0.0852287802758834	0.124255403518082	0.152167870364161	0.162280970305555	0.143948030591508	0.109985003591169	0.0673137573341964	0.0331855074238541	0.012263427520111	0.00311979730064641	0.000478174539538328	0.000110310589913822	
3.8834970308238e-06	3.73786589216791e-05	0.000163592312423453	0.000486893440239534	0.00131893267909353	0.00380000184466109	0.00902039272834598	0.019146611236219	0.0371126393750677	0.065156342308904	0.0994257764202798	0.137319969572801	0.15932337831232	0.157935998998058	0.130588898344125	0.0929748024149526	0.0530374043870895	0.0232558365319595	0.00795922716467338	0.00165242798661553	0.000240776815911076	3.8834970308238e-05	
1.119324356352e-05	2.28731498906712e-05	6.81327869083823e-05	0.000277884438033474	0.000876966300063607	0.00195492432150694	0.00557131531805115	0.012907756479793	0.0252373575963921	0.0475678785056144	0.078733761888563	0.113869353434452	0.148357196841948	0.161306806319413	0.148781566771834	0.116881309278566	0.0762649216886614	0.0390746399547209	0.0162920093380851	0.0049921866293299	0.000772820468646508	0.000166438665161905	1.07065807998887e-05	
1.25854905751618e-05	3.29158984273461e-05	0.000188782358627426	0.000382405290552992	0.00126048528683543	0.00316718710897244	0.00801598938171841	0.017360716133776	0.0328495825731616	0.0584184588485922	0.0927749118894645	0.128822177183377	0.156611424430664	0.158730627420589	0.138710500316816	0.10040849598063	0.0592510374558721	0.0287171851485403	0.0107262263713465	0.00305827420976431	0.000411448730341827	8.76143766963184e-05	9.68114659627828e-07	
9.19105197878512e-06	3.19268121368325e-05	0.000110776363323252	0.000242837268071059	0.000598869597354525	0.00192189734272175	0.00464148124928648	0.0116581238257222	0.0231764469134512	0.0430223468335375	0.0713801283651344	0.107546917901654	0.14064147737937	0.159641800517408	0.153311100662336	0.12413918542125	0.0833642926663145	0.0457071014904984	0.0201008306776031	0.00690006133817847	0.00154893412821421	0.000256381976250322	4.78902182052488e-05	
2.87151992469804e-05	7.3491442140577e-05	0.000242862447868529	0.000410773358719516	0.000953441954658214	0.00300049497216329	0.0067840874966722	0.0159671108761981	0.0304478451676457	0.0549414234270276	0.0851094170765883	0.120220318582968	0.150517773978286	0.159750927281921	0.142747149043078	0.108832551939225	0.0670207883441599	0.0340937020754275	0.0139366056006319	0.00399919986800742	0.000750002068467742	0.000144062694527224	2.72551043700153e-05	
2.25084602451661e-05	6.1164294144473e-05	8.17154969770159e-05	0.000357199477803722	0.000613600198857353	0.00185058688363517	0.00419929577878294	0.0101204887663211	0.0217407260250646	0.0391402551089312	0.0665966620932085	0.100011449955864	0.131588373108066	0.155259933570683	0.156314895316087	0.129453005270894	0.0928650138280236	0.0528116981361038	0.0251532043239731	0.00914137074565636	0.00216766258448012	0.000386558338993069	4.94207496687342e-05	1.32114875352062e-05	
1.12851643267124e-05	9.07719739322517e-05	0.00014474449897305	0.000540215909726536	0.00106914665512636	0.00302589601751458	0.0064320530069075	0.0139298180537115	0.0281358773037682	0.0502209438911443	0.0793253826897355	0.114329999793923	0.141663649111858	0.157909869808456	0.147271394463597	0.115179821733656	0.0761272652514089	0.0402144377485803	0.0172378431793939	0.00563816622948921	0.00122076038455915	0.000251708230417541	2.64956032018464e-05	2.45329659276356e-06	
1.22916503802299e-05	9.78415370266301e-05	0.000274841302501941	0.000627857501422144	0.00156792292250213	0.00476178535730107	0.00889669654521041	0.0194026159582005	0.0355518778937618	0.0623004757852029	0.0951708072320138	0.127519972702703	0.148518536546272	0.155696368702311	0.134807446380134	0.0987629191391321	0.0605324447945106	0.0296818773381792	0.0117444261053021	0.00327941232144534	0.000649490806091349	0.000123408169817508	1.86833085779495e-05	
7.31787575327463e-05	0.000199399835961711	0.000443492738604496	0.00103874545088428	0.00259907372391472	0.00642450555225405	0.0122277283643811	0.0248837243567391	0.0459164779898925	0.0746413504181994	0.109415011959079	0.136996036559911	0.151713807210809	0.151895035140538	0.119637445914022	0.0835942065998399	0.0473373246042699	0.0214133813988439	0.00717250050341092	0.00198024664679217	0.000341828290220077	4.12551384748368e-05	1.42428454258365e-05	
0.000137028603252765	0.000292164557649646	0.000759529972315328	0.00144075788562908	0.0040433225716941	0.00877717142620838	0.0177564600422146	0.0331677734173319	0.0575280333605922	0.0874805284801717	0.122154148369678	0.14507316103944	0.153309558870669	0.142024764004935	0.102836541026119	0.0682392656441397	0.0345708484370664	0.0147467246493414	0.00443336470309572	0.00108007902635305	0.000137028603252765	1.07665331127173e-05	9.78775737519753e-07	
7.81813455400474e-06	0.000179817094742109	0.000471042606878786	0.00116832248241408	0.00229902019228702	0.00559289800657114	0.0122031307719822	0.0233156317736806	0.0426616057275654	0.0688117999104824	0.101216990370013	0.132490505852851	0.150191739749937	0.149877548467548	0.12852768890079	0.0885652941279946	0.0542270698999865	0.0251944272336899	0.00989287201127375	0.00251841659320878	0.000527235448985695	4.64201739144032e-05	9.77266819250593e-06	2.93180045775178e-06	
2.70972025041686e-05	0.000294682077232834	0.000596622333707855	0.00170422048606575	0.00321730891875388	0.00820512969398549	0.016871395709158	0.03004741042681	0.0535392333620757	0.0822530743227877	0.115019882572337	0.139545270231691	0.150778996184133	0.144115987639805	0.112960011303404	0.0745889209216533	0.0407890318266321	0.0179470578728502	0.0057789623126301	0.00144389379057927	0.000234681128830746	2.80649597364603e-05	1.30647226359384e-05	
0.000109285007630778	0.000491303214129593	0.000786564462816255	0.00222308712891029	0.00461489497135582	0.011133170492281	0.0225060010890155	0.0389418910524338	0.0648285375748698	0.0965494696801209	0.128133316205625	0.14319355716948	0.14952106324726	0.13396760178844	0.0965638492863881	0.0602275428895723	0.0297058699470064	0.0120223094798034	0.00355080410758246	0.000758763890699654	0.000135647619120658	1.53382466850214e-05	2.01314487740906e-05	
2.86580304099913e-06	0.000173381083980448	0.000753228565942606	0.0012241755323468	0.00312420294852922	0.00692378014705391	0.015285238153009	0.0293634955919173	0.0487926849422111	0.0778600475532251	0.11014093064088	0.13836622479168	0.14536403818396	0.145226002004152	0.11903495037862	0.0807506875539129	0.0459354793103349	0.0211042512277578	0.00784465819089496	0.00228738846055747	0.000388316312055383	5.11068208978179e-05	4.77633840166522e-07	2.38816920083261e-06	
