# <P(U)> as a function of N_tot.
# number_of_species: 1
# species_total_upper_bound: 151
# species_total_lower_bound: 97
# volume: 729
# Bin widths for each
10	10	10	10	10	10	10	10	10	10	10	10	10	10	10	10	10	10	10	10	10	10	10	10	10	10	10	10	10	10	10	10	10	10	10	10	10	10	10	10	10	10	10	10	10	10	10	10	10	10	10	10	10	10	10	
# Bin lower bound for each
-240	-240	-260	-260	-260	-260	-260	-270	-270	-270	-290	-300	-300	-300	-310	-310	-310	-320	-330	-330	-350	-350	-360	-360	-360	-360	-370	-370	-370	-370	-380	-380	-380	-380	-380	-390	-390	-400	-410	-410	-410	-420	-440	-440	-440	-450	-450	-450	-450	-450	-460	-460	-470	-470	-470	
# Bin upper bound for each
-100	-100	-110	-110	-110	-110	-120	-120	-120	-120	-130	-130	-130	-130	-140	-140	-140	-150	-150	-150	-150	-160	-170	-170	-170	-170	-170	-180	-180	-180	-190	-190	-190	-190	-200	-200	-200	-210	-210	-210	-220	-220	-220	-230	-230	-230	-240	-250	-250	-250	-260	-260	-260	-260	-270	
# Normalized histogram for each
2.73879058659417e-05	0.000419947889944439	0.00169622430329732	0.0067301214014574	0.0205135414935903	0.0494917717601477	0.0970408280642046	0.159419522464473	0.217803234329097	0.216678504328202	0.146746225490107	0.0645167769182033	0.017247077253979	0.00160675714413525	6.20792532961345e-05	
7.26161040734004e-05	0.000646283326253263	0.003069845799703	0.0101481005442577	0.0285127132644207	0.0658083443165191	0.116441738284299	0.178559369111288	0.221088805864477	0.197241677286772	0.120845904996351	0.0462165194375157	0.0105002886490137	0.000835085196844104	1.27078182128451e-05	
3.61821336242377e-06	3.25639202618139e-05	0.000168246921352705	0.00108727311540834	0.00475614146490604	0.0142991792082987	0.0376167552224387	0.0827937672656619	0.138979193464059	0.196747588008517	0.216461423513683	0.175251782422358	0.0932739222699223	0.0320302337908564	0.00621609055664403	0.000282220642269054	
1.975769876694e-05	6.46615596008945e-05	0.000449038608339545	0.00160396590898885	0.0072241331309666	0.0211551069160926	0.0524800402338593	0.102817268228722	0.157784982352783	0.207037333069897	0.203922801282454	0.149502914260568	0.0716791349720249	0.0207743221762207	0.00335162417264636	0.000132915428068505	
4.12396273372111e-05	0.000103995581980793	0.000871411255908025	0.00304276728657596	0.0103672837071198	0.0289538044452732	0.0677190541422516	0.122374111554985	0.175698742729274	0.211184545539307	0.189748904460335	0.123448134893028	0.0517754556082307	0.0129026242747205	0.00170875499358096	5.91699000925202e-05	
9.30082813142786e-05	0.000518700030406554	0.0015364252624801	0.00472553613908315	0.0147811622457923	0.0390151853905454	0.0843388363233111	0.141388685184854	0.19200844229015	0.21148115687993	0.167865638805917	0.096984385340464	0.0364395714464576	0.00785383390867302	0.000944391779498828	2.5040691123075e-05	
0.000143914399715049	0.000649413728714161	0.00217670529569012	0.00744577125525737	0.021716682917001	0.0525629355659254	0.101515418628999	0.158822132595532	0.200222707533559	0.20441421442526	0.147458291808033	0.0737939073838881	0.0242999463918861	0.00424007800160465	0.000537880068934997	
7.13598875368172e-06	0.000322903491104098	0.00116673416122696	0.00373212211817554	0.0107842630040015	0.0305527358488883	0.0686446438160414	0.117356687045861	0.173993245786645	0.205908955487486	0.192254241007316	0.122380423128453	0.0551094571474955	0.0151889520622116	0.00240482820999074	0.000192671696349407	
6.04856284367845e-05	0.000708037650524713	0.00183413773289191	0.00575147166870954	0.0163684784484369	0.0424982699331278	0.0859963317245342	0.134758422179013	0.189585086378814	0.203347345837255	0.170030438503016	0.0988335168657059	0.0398262283474793	0.00922227934753797	0.00109407827907713	8.53914754401664e-05	
0.000151952053826365	0.00110783648545501	0.00333764453113957	0.00862416249681961	0.023071975800752	0.0550048766007972	0.102979320385605	0.153872657111356	0.197845107850621	0.195988112402115	0.148139117405931	0.0763276368981992	0.0276853108302943	0.0054579057473214	0.000395782093687276	1.06013060809092e-05	
4.58476974757316e-05	0	0.000231001860358494	0.00178277008261402	0.00555462488648286	0.0118533931704564	0.0324795669155961	0.0702210388030224	0.118033133778291	0.172628924606988	0.203288690607394	0.180835662455144	0.126303353053721	0.0565266842416174	0.0173727505973426	0.00272793799980603	0.000114619243689329	
1.05889578347699e-05	0.000105889578347699	5.82392680912345e-05	0.000697106390789019	0.00288196135736321	0.00783582879772973	0.0168682098307885	0.0417363773057456	0.0850275665868965	0.136980523376889	0.186058578114742	0.200604276527104	0.164478282047481	0.102546997324523	0.0416728435587369	0.0110195754533839	0.00139068312896645	2.64723945869248e-05	
3.50207497942531e-05	0.000115568474321035	0.000150589224115288	0.0011066556934984	0.00367892976588629	0.0106953369871649	0.0233588401127668	0.0548004692780472	0.102854191108232	0.156882452853316	0.19494125269222	0.191048696352589	0.144658460137632	0.0792099318846416	0.029103994116514	0.00659615822374757	0.000744190933127878	1.92614123868392e-05	
5.26868539274537e-05	0.000233578385745045	0.000360026835170934	0.00175095977885571	0.00592902729530279	0.0149648227438611	0.031893108910752	0.0695852842104524	0.11995040410817	0.172958647844581	0.203843681616854	0.176251576215047	0.120566840299121	0.0587054488744332	0.0188724310768139	0.00378291611199118	0.000295046381993741	3.51245692849691e-06	
3.54234340185406e-06	6.55333529343002e-05	0.000233794664522368	0.00056677494429665	0.00253808904742844	0.00903651801812971	0.0196989716577104	0.0433830796425067	0.0880360893945781	0.135992334368878	0.184338237117383	0.198569601734331	0.161789450192881	0.0995044261580806	0.0419873963421762	0.0119075873453324	0.00218916822234581	0.000159405453083433	
3.89424642791396e-05	0.000223034113598709	0.00048147046745118	0.001180664712463	0.00398275202854837	0.0132758400951612	0.0264879561578657	0.0561674242746081	0.104781780591076	0.156355764192758	0.192460738915559	0.188419573190591	0.140366342382146	0.0781256637920048	0.0297909851735418	0.00674058654431652	0.00109038899981591	3.00919042156988e-05	
7.44005441868375e-05	0.00020725865880619	0.000669604897681537	0.00190607108440565	0.00658799104359163	0.0194043705005385	0.0363251799784593	0.0713164644861402	0.123166558018253	0.168180658692818	0.197173842185817	0.17341526840882	0.11876629726206	0.0588118587381668	0.0197250014171532	0.00392020010203503	0.000338345331897285	1.06286491695482e-05	
4.95044253420225e-05	9.90088506840451e-05	0.000251058157091686	0.00134192352980697	0.00345293366760607	0.009888508962069	0.0254346665346549	0.0488891560556288	0.0900025813021785	0.140062163414108	0.179066346538049	0.194571839761247	0.154566960039321	0.0951492735225581	0.0427948076929877	0.0119075823099472	0.00232670799107506	0.000144977245644495	
7.09991533350965e-06	0.000177497883337741	0.000101173793502512	0.000477469306178524	0.00173770427787649	0.00554148391780428	0.0152949926072132	0.0334033266653295	0.0635211675100774	0.107455443593835	0.157708644324416	0.184047555232904	0.185827859002781	0.132766641757797	0.0745846105785189	0.0299101683212428	0.0062159758744877	0.0011555112205287	6.56742168349642e-05	
7.4811901504788e-05	0.000245810533515732	0.00033843479252166	0.000958304833561331	0.0025703231874145	0.00822574669402645	0.0223741022571819	0.0432020918832649	0.0792471785225718	0.126353739170087	0.167074569653443	0.189699826151391	0.16734709872321	0.111279141016872	0.0561641444368445	0.0207727713178295	0.00355534655722754	0.000505870953032376	1.0687414500684e-05	
1.59503200697561e-05	0	9.0385147061951e-05	0.000379263166103089	0.000368629619389918	0.0017190900519626	0.00389542261259154	0.0122657961336424	0.0293574502172788	0.0548336558842503	0.094929216024046	0.143531613534378	0.174799557644457	0.18629619389918	0.15098218526474	0.0895982646051764	0.0415878011952107	0.013270666298037	0.001837831323593	0.000237482543260813	3.5445155710569e-06	
3.72434854936624e-05	0	0.000264251397074081	0.000352926362535182	0.000668609239576701	0.00234279258748229	0.00602103015480875	0.0176817881129435	0.0374421174162953	0.0693970279698576	0.114130001046365	0.156793300429009	0.181968123123416	0.177121149511312	0.129577180029688	0.0687585682185377	0.0287040863197584	0.00782467895228755	0.000879655657374121	3.54699861844404e-05	
2.81974100678853e-05	9.34039208498699e-05	1.23363669046998e-05	0.000398288417208879	0.000437059856052222	0.000882931402750657	0.00321450474773892	0.0098796675525353	0.0245405584497064	0.047181316396089	0.083874958585054	0.131239558146584	0.170502689327985	0.180105669794229	0.162519297602515	0.10944119782598	0.05069365628767	0.0202404534143539	0.0042877686684478	0.000426485827276765	
0.000150248351687201	0.000116663426015944	2.82820426705319e-05	0.00042246301239107	0.000448977427394694	0.001329256005515	0.00518268431937497	0.0151980626800771	0.0333834161172291	0.0598094497375073	0.0999487387976597	0.147407774026479	0.176548883743128	0.174281017446485	0.147817863645202	0.0873667650646068	0.035485125413183	0.0126615169780637	0.00222014034963675	0.000192671415692998	
0.00010794435026349	0.000132718463438718	6.90136009881332e-05	0.000552108807905066	0.00067244021475617	0.0023323057974964	0.00827101464150089	0.0216667315512488	0.0431423485151458	0.0727845749293053	0.11661528987482	0.160529175057423	0.175002565890293	0.167455309269411	0.128882015055582	0.0676191723322704	0.0256111242846475	0.00738622488524277	0.00105820854848471	0.000109713929776007	
0.000148223697793055	6.88181454039184e-05	0.000257626903306977	0.000668771207899617	0.00132695500881402	0.0036050120784668	0.0119461242149879	0.0285895279957509	0.0528188088814228	0.0899100246863039	0.136614606033763	0.169693194591247	0.172624141758321	0.154682016054038	0.10623404168968	0.0487108949711581	0.0173227623956479	0.00427554785419729	0.000479962449996559	2.29393818013061e-05	
1.22473974280465e-05	0.000108476948648412	7.69836409762925e-05	0.000481147756101828	0.000906307409675444	0.00195783396028344	0.00525938238124399	0.0177149855655673	0.0370886186685329	0.0666783308546934	0.105644300586125	0.150644737993176	0.17577289825912	0.168294987315196	0.135400227451667	0.0850914180736593	0.0346338902983116	0.0116000349925641	0.00241623654973318	0.000215204269092818	1.74962820400665e-06	
4.72590619251241e-05	9.62684594771047e-05	5.25100688056935e-05	0.000672128880712877	0.00117797587687439	0.00269201619410522	0.00869916806547655	0.0236435336475769	0.0472415585688556	0.0778461770044406	0.124699161064134	0.162826722023948	0.176484590920309	0.15946257694913	0.114888529875604	0.0663954813335457	0.0244801940772143	0.00729539889273768	0.00119197856188924	0.000106770473238243	
5.09555035458002e-05	8.43401437999452e-05	0.000303975934945636	0.000739733344578686	0.00222447129272355	0.00379882064365586	0.0124893696277085	0.0320211412627125	0.0608777700465979	0.093786239905539	0.137955876048102	0.167619007457074	0.174937272018049	0.147187607621538	0.0957436340762294	0.0500470899136216	0.0154570884376691	0.00410455366493067	0.000520097553432995	5.09555035458002e-05	
0.000139084262175595	0.000181337708912484	0.00049999911971986	0.00135563141614187	0.00300527639916127	0.00694188918681481	0.0179031374944762	0.0409682377319758	0.0742709960017676	0.110929382166581	0.149721567391607	0.175865887560057	0.164395837331272	0.128131816669337	0.0770192305999461	0.0350333890257235	0.010862656931942	0.00258450249207308	0.000165492666386151	2.46478439298522e-05	
1.59032516848612e-05	0.00016610062870855	0.00037460992857673	0.000503602970020604	0.00228653418669004	0.00474447008598358	0.0104042606578292	0.0239980067924555	0.0534614310806083	0.0901413975777581	0.128752725640636	0.159078459575701	0.174258996822884	0.150720417301324	0.110393305084446	0.0588367301500914	0.0242312544838335	0.00614749029018133	0.00136944667286304	0.000114856817723997	
9.40386587603221e-05	0.000165011231409622	0.00045599877927175	0.000706177097860532	0.00291164979293752	0.00624203776450591	0.0144979222779357	0.0332630704864105	0.0652308915219713	0.104042242875241	0.142204195188769	0.165043169067314	0.169947373837381	0.139068981791986	0.0932579604611798	0.0425285398457766	0.016064641819169	0.00364444160554154	0.00057665215277556	5.50037438032073e-05	
5.68140458524859e-05	0.000188196526886359	0.000504224656940812	0.00128541778741249	0.00403912357232517	0.00957316672614387	0.0208472039499965	0.0451050260900751	0.0802516152055692	0.118368513655789	0.153131607961778	0.166229020969709	0.159789503960117	0.12556259221186	0.0725479856757587	0.029909044263468	0.00990694924552723	0.00244477941058978	0.000241459694873065	1.77543893289018e-05	
8.80397148950621e-05	0.000359345775081886	0.000673773328278536	0.00200514942495692	0.00530574036908405	0.0136749034707412	0.0291375521725147	0.0589273169268031	0.0947091724805818	0.132758499875127	0.159380631622069	0.167602462955942	0.147556358892999	0.104062943005963	0.055784838123712	0.0207486250532281	0.0057728898766905	0.00132239245230134	7.90560705180149e-05	5.0308408511464e-05	
5.58595798278444e-05	0.000477509311431573	0.000922584028124398	0.00305065382737228	0.00793386225748383	0.0199436719204704	0.0380601950039913	0.0728048536569105	0.110466823914387	0.145508799685745	0.162380194715684	0.163614511237686	0.131477233617376	0.083519081452277	0.0422082192866912	0.0134819798797397	0.00343626512037739	0.000601841924596775	5.58595798278444e-05	
1.08158582113094e-05	8.47242226552571e-05	0.000648951492678565	0.00146554878763243	0.00531599431085858	0.0116865347973198	0.0267422094274625	0.0510724824738031	0.0886269448265046	0.124340908640248	0.156327006657161	0.161807041484224	0.150569364802674	0.114009961405413	0.06492399155642	0.0316345826250448	0.00862384428048405	0.00186393289841566	0.000228935665472716	1.62237873169641e-05	
3.82707454776736e-05	0.000295231465113482	0.000953123804039204	0.00247666395734088	0.00881320595857283	0.0169375384985475	0.036461085941515	0.0662211465915345	0.105700154176432	0.135977781098626	0.159342982420971	0.158838173063956	0.136970998064594	0.0938781386567333	0.0483414187876557	0.021763297261637	0.00568047207875755	0.00114447753142757	0.000154905398362012	1.09344987079067e-05	
7.36421763472376e-06	9.94169380687707e-05	0.000222767583450394	0.00132003601102423	0.00474439721117078	0.0120184031798692	0.0226412871179582	0.0464866238191937	0.0809640497305617	0.119972310541693	0.147792483711271	0.160770076238063	0.150103006994166	0.122818580657514	0.0755016413000053	0.0360680969204683	0.0145848330255704	0.00335992429584272	0.000419760405179254	0.000104940101294814	
1.84106118766857e-06	1.288742831368e-05	0.000254066443898263	0.000237496893209246	0.00221663766995296	0.00669225741717526	0.0145701582392091	0.0294201577789438	0.0584095072399731	0.0976627728222547	0.132959597912237	0.157813923945762	0.158931448086677	0.140049524545948	0.103822963556194	0.0595804221553303	0.025725147975293	0.00962690895031896	0.00173243857759613	0.00024486113795992	3.49801625657029e-05	
5.18875966406487e-05	4.81813397377453e-05	0.000474400883571646	0.000765342050449569	0.00330042177203555	0.00848732830764897	0.0202287501760472	0.0394790485297279	0.0712212857746448	0.11291852906076	0.144316084413707	0.162300696035046	0.152925719199152	0.128768336706027	0.0863557858376511	0.0433391150941019	0.0189500915445455	0.00510351575529809	0.00083020154625038	0.000133425248504525	1.85312845145174e-06	
0.000105506709856548	0.00024988431281814	0.000564553447478019	0.00151596483109671	0.00448681166126793	0.0129495603887089	0.026078667283665	0.0499824155483572	0.0857621471540953	0.12745395650162	0.149741786210088	0.163144840351689	0.144581212401666	0.115326237852846	0.0688736695974086	0.0321758445164276	0.0133308653401203	0.0030948634891254	0.000468301712170292	0.000112910689495604	
4.60877917126776e-05	0.000141950398475047	0.00051618326718199	0.000648916107314501	0.00286666064452855	0.00702562296868058	0.0169713684202764	0.0348810842798229	0.0621410913220375	0.0987458590119146	0.140927249499026	0.156917869711656	0.160306244158372	0.13477176403788	0.0973484771671862	0.0524847772023973	0.022830048502792	0.008561268188547	0.00159648110492715	0.000219377888552346	5.1618326718199e-05	
7.37327188940092e-06	0	5.52995391705069e-05	0.000282027649769585	0.000969585253456221	0.00129216589861751	0.00413271889400922	0.0110764976958525	0.022652534562212	0.0436645161290323	0.0768350230414747	0.113961290322581	0.153209216589862	0.161609216589862	0.149601843317972	0.120046082949309	0.0796442396313364	0.0383447004608295	0.0160423963133641	0.00571612903225806	0.000676497695852535	0.000173271889400922	7.37327188940092e-06	
3.11995301717809e-05	2.0187931287623e-05	0.000157832917339598	0.00039825282631038	0.00138379092644252	0.00251431507854941	0.00635919835560123	0.0148619879606519	0.0296982821905741	0.0552580384671854	0.0902455586551167	0.131735427984143	0.160785861107033	0.159967332256644	0.141739465570401	0.101389296725885	0.061196960798708	0.028228233739539	0.0103288797533402	0.00329063279988254	0.000275289972103949	0.000133974453090589	
5.29858436442567e-05	0.00010962588340191	0.000131551060082293	0.000708914045999021	0.00173208895775018	0.00420963392263336	0.00910991091069875	0.0197417945026274	0.0397649621059863	0.0704236674973873	0.105019769200973	0.146315839478473	0.161879060725431	0.155140723092327	0.127326809375206	0.0836427219376009	0.0465946546419253	0.01931973485153	0.00690643065432036	0.00161698178017818	0.000184536903726549	6.76026280978448e-05	
5.17719887654784e-05	0.00023482294904342	0.000157164965895202	0.000273651940617529	0.000809861824259984	0.00249060245953927	0.00621263865185741	0.0124973882880667	0.0267513261949622	0.0501393221197671	0.0838928097952603	0.118519025281372	0.157590235802919	0.162965277636535	0.143033061961826	0.11201239569331	0.0686829390958022	0.0342564155663578	0.0141559409281608	0.00461325399892388	0.000563944877623962	7.21109843519164e-05	2.40369947839721e-05	
5.9376693163516e-05	0.00014287516792471	0.000220807077701825	0.000801585357707466	0.0018128446631486	0.00320634143082986	0.0080418308803337	0.0183492537091878	0.0354757186435394	0.0623214060400941	0.099248142622817	0.13114084893827	0.159582284963595	0.15785664981853	0.131602873831949	0.0972311905769188	0.055344644593381	0.0257212412697706	0.00922750922194266	0.00235094594494296	0.000246784380960863	1.4844173290879e-05	
3.17037600659438e-05	0.000104435915511344	0.000552018410559963	0.00139683036996423	0.00237964693200849	0.00538963921121045	0.0108576053590544	0.0244435990108427	0.0472721711853849	0.0744105898018328	0.113477081911326	0.145578071441626	0.159566889338958	0.149115838079573	0.119401955189533	0.0799382336156833	0.042619178163942	0.0163143819445222	0.00558918640691963	0.00136885646402369	0.000192087487458365	
1.50456258604217e-05	0.000287747594580566	0.000838793641718511	0.00152713102483281	0.00422594016354595	0.00811523444846497	0.017159536293811	0.0318685162756058	0.0585650986616916	0.0916015316447126	0.128482122035071	0.148515372868223	0.157063169060175	0.138553287845391	0.104328250419397	0.0621553611326347	0.0311482069375381	0.0108667032776896	0.00363916075498951	0.000921544583950831	0.000122245710115927	
9.40726692555465e-05	0.000466600439507511	0.001136397844607	0.00266225653993197	0.00602817664589542	0.0110065023028989	0.0212980523194557	0.0416440892260453	0.0703475420692977	0.108255064872513	0.13619841054818	0.154393946235588	0.1540891507872	0.12270274541678	0.0879428941268551	0.0487390499412987	0.0228032150275445	0.00707990908817243	0.00261898311207442	0.0004647189861224	2.8221800776664e-05	
5.62924656287587e-06	0.000234551940119828	0.000874409632766718	0.00139605314759322	0.00489932092522297	0.00811549712814605	0.0158444526589746	0.0275082515372534	0.0532264026675123	0.0831739943820119	0.123520680913664	0.147818385494557	0.155461025911422	0.144268207328904	0.105698486295599	0.0707408651401401	0.0347906201740938	0.0162628933201484	0.00433827268445634	0.00160621168594058	0.000215787784910242	
6.01530896130653e-05	0.000607170248281877	0.00144743371881438	0.00253394889995037	0.00656232611997534	0.0107016105989744	0.0205930342722228	0.0355260387686663	0.0628073446922418	0.0977055355880716	0.137645307307097	0.154975036467811	0.1519316660902	0.131426981668346	0.0908612418605351	0.0558051491044709	0.0246928432861633	0.0106245394529076	0.00272004752094079	0.000710558371054333	6.20328736634735e-05	
7.40528181725616e-06	0.000262887504512594	0.000920106265794078	0.00199202080884191	0.0039562718108691	0.00861419407392323	0.0148327794799641	0.026198035748998	0.046094176671511	0.0759930020086827	0.114643019133397	0.14680415806574	0.155603484185095	0.145641528820431	0.113187881256306	0.0760355823791319	0.0426155455378549	0.017656043172793	0.00657403893326915	0.00192167063157797	0.000420249743129287	2.59184863603966e-05	
0.000115653414254008	0.000501164795100701	0.000794887751936277	0.0026288204636784	0.00562479462340127	0.0105171176231938	0.0194738320381987	0.0336422931685548	0.0568317206107235	0.0902555573301318	0.130625941978701	0.151796024092626	0.152890142106838	0.136162619715052	0.0958528154263297	0.0632275379958181	0.0317018858849597	0.0118113344017506	0.0043948297416523	0.00096194268363651	0.0001560403208189	3.30438326440023e-05	
0.000115847794386715	0.000950687455522722	0.00100585307189735	0.00379539440657427	0.00738115947092496	0.0125777605334147	0.0255876517284307	0.042214568503743	0.0706928985302041	0.106670074675856	0.14022915797042	0.156287868897074	0.149546630576095	0.123295152597289	0.0788426989226155	0.0481485499717736	0.021810645860648	0.00779857930149297	0.00259462282348658	0.000365931921951686	8.82649861994016e-05	
