# <P(U)> as a function of N_tot.
# number_of_species: 1
# species_total_upper_bound: 151
# species_total_lower_bound: 97
# volume: 729
# Bin widths for each
10	10	10	10	10	10	10	10	10	10	10	10	10	10	10	10	10	10	10	10	10	10	10	10	10	10	10	10	10	10	10	10	10	10	10	10	10	10	10	10	10	10	10	10	10	10	10	10	10	10	10	10	10	10	10	
# Bin lower bound for each
-250	-260	-260	-260	-270	-270	-280	-280	-280	-280	-310	-310	-320	-320	-320	-320	-320	-320	-330	-330	-350	-350	-360	-360	-360	-360	-370	-370	-370	-370	-380	-380	-380	-380	-390	-390	-400	-410	-410	-410	-420	-430	-440	-440	-450	-450	-460	-460	-460	-460	-460	-470	-470	-470	-480	
# Bin upper bound for each
-100	-100	-100	-100	-110	-110	-110	-120	-120	-120	-120	-130	-130	-130	-140	-140	-140	-140	-150	-150	-150	-150	-160	-160	-160	-170	-170	-170	-170	-180	-180	-190	-190	-190	-190	-200	-200	-200	-210	-210	-220	-220	-220	-220	-230	-230	-230	-230	-240	-240	-240	-240	-250	-250	-250	
# Normalized histogram for each
2.13057528941735e-06	7.37179050138402e-05	0.000368589525069201	0.00198015667398448	0.00674284467594802	0.0191031641599738	0.046951913767948	0.0960194887982874	0.161232563371831	0.222266301457654	0.218592763543641	0.149543375103972	0.0612502045352278	0.0143698780970042	0.00144026889564613	6.263891350887e-05	
2.97515195588615e-06	8.07541245169097e-06	0.000138557076802698	0.000739537771891699	0.00324419069703985	0.00994465792340344	0.0268269451862254	0.061331057483761	0.116343742256636	0.180859912420027	0.225557320340136	0.20147729045261	0.121187714662526	0.0432680599161602	0.00830322408717025	0.000740812837015651	2.59263241870079e-05	
7.19320352280796e-06	6.34694428483055e-05	0.000229759383110866	0.00129435350448644	0.00490491854331705	0.0141858436062153	0.0364741962864452	0.0780432963151334	0.137244207567081	0.199079100697233	0.222140511191355	0.178882277723664	0.0934566389460349	0.0290211911775782	0.00463030742059338	0.000333426139763098	9.30885161775147e-06	
1.51706764309635e-05	0.00013485045716412	0.000458912962036646	0.00200210788120855	0.00717362291345256	0.0206043070393203	0.0491133793145298	0.0968740399806321	0.157430323400895	0.211228913286521	0.212018631276288	0.152362053249917	0.0695824144890074	0.018462291808804	0.00236746833858758	0.000170248702169702	1.26422303591363e-06	
2.10761214709615e-06	5.52194382539192e-05	0.000164815269902919	0.000815224378496792	0.00332243978868238	0.0107424991137491	0.0284536070306569	0.0642581437079558	0.115054547109979	0.175975919266652	0.215447279557469	0.197267438699047	0.125689558004226	0.0499740131422263	0.011463302468056	0.00123253158362183	8.13538288779115e-05	
1.17897119604944e-05	9.6423001391186e-05	0.000402534451222593	0.00129013133739124	0.00513147213080517	0.0154668389087443	0.0383207744830211	0.0805321539130054	0.134605246758671	0.191341551323985	0.215921837578191	0.174946693659493	0.0997978064398775	0.0347985980348234	0.00666750317480101	0.000646749913261405	2.18951793552038e-05	
4.63281176296177e-06	1.68465882289519e-05	0.000171414035229585	0.000773679564414615	0.00204012183452607	0.0078067089852963	0.0221170433563795	0.0509474521219963	0.0977043154220407	0.154221670777234	0.202231920241513	0.208050731815793	0.152061938166283	0.0752381265246162	0.0227622676855483	0.0035432586692543	0.000303659752826858	4.21164705723797e-06	
2.43325946852579e-05	6.46072341643054e-05	0.000281502948858759	0.00126319728616054	0.00347746340251901	0.0116032914449114	0.0303075052629724	0.0654844661554584	0.116603471841734	0.172235334787136	0.208516072517845	0.193266248090101	0.126218202962368	0.0546140892435668	0.0139702655692946	0.00193066553002684	0.000139283128198373	
4.68641600478014e-05	0.000146868930149806	0.000515087330525389	0.00190260121194065	0.00544670331555564	0.0171945440075384	0.0414605550222898	0.0816503381332833	0.136183901658908	0.187303076381049	0.206186822300311	0.173347599006815	0.100543707942555	0.0385336371693043	0.00852383753869431	0.000957786270976942	5.6069620057191e-05	
3.46886712650749e-05	0.000196847761034341	0.000797421503298349	0.00307851509082581	0.00863246391542317	0.0237203641725373	0.0537452898635523	0.0988154863602473	0.154442323188081	0.197105627421938	0.198837135434603	0.151680185496625	0.0772855237069902	0.0261932902915186	0.00500770673612202	0.000414174376189027	1.29560097496063e-05	
8.34585559416441e-07	0	1.41879545100795e-05	6.76014303127317e-05	0.000371390573940316	0.00141754357266883	0.00479093840383008	0.0126276968067505	0.032101498957394	0.0676193739022592	0.117321865014966	0.171814042653164	0.202550576928133	0.186309959234668	0.127104459649666	0.0565047807147307	0.0165106061219355	0.0027157414103411	0.00015481562127175	2.0864638985411e-06	
7.5127372198949e-06	2.50424573996497e-06	4.59111718993577e-05	0.000130638152768172	0.000652356015260873	0.00235524311843705	0.00702190505486176	0.0185076281412111	0.0424478000409862	0.0835274471593715	0.136284809537503	0.187022915100644	0.200738669018432	0.168143406467048	0.101621040004908	0.0397382061503441	0.0103533866375952	0.00134644945952116	5.21717862492701e-05	
4.16709379378053e-07	8.75089696693911e-06	9.58431572569522e-06	6.45899538035982e-05	0.000264610455905064	0.000974683238365266	0.00363662275383227	0.0101614582161338	0.0259755791635309	0.0553777595536876	0.100468631368049	0.154900460630548	0.195911330911418	0.192636828608266	0.146623778937341	0.078348030673144	0.0277774305199616	0.00613021168003054	0.000705905688666422	2.3335725245171e-05	
1.25368636026851e-06	2.13126681245646e-05	1.83873999506048e-05	0.000177605567704705	0.00043335758519948	0.00166782075461054	0.00550577259884586	0.0145126733064682	0.0346360109705914	0.0702511509885526	0.118756694162795	0.171286988448952	0.199670029749977	0.179772355630702	0.122944842396998	0.0582441788208077	0.0182565986736834	0.00352870920870242	0.000308824740079475	5.43264089449686e-06	
6.30774212268138e-06	1.8502710226532e-05	5.80312275286687e-05	0.000226658200275018	0.000701000407900657	0.00265387736908281	0.0082454805027691	0.0199673679474187	0.0454287792836928	0.0864425595976502	0.13694865077396	0.184036366235918	0.195799464262436	0.164054280223546	0.0997783879934231	0.041610492718763	0.0119977460334815	0.0018919021206629	0.000134144649142357	
5.06349410630384e-06	2.02539764252154e-05	0.000115194490918412	0.000432084830404594	0.00108865123285533	0.00425080330224207	0.0120249545867872	0.0278614543620947	0.0574107400929573	0.103931592194624	0.153969884868803	0.193296355761096	0.187502452629958	0.14336650625236	0.0780820328241005	0.0285230842586517	0.00713150949088677	0.000942231861614706	4.51494891145426e-05	
9.30925339787749e-06	3.4274978419458e-05	0.000214959123914626	0.000650378294206259	0.0019028960241025	0.0064259237318258	0.0178284897005806	0.0380862713901254	0.0730492882652629	0.121862781604915	0.168859277940455	0.194884988405748	0.174033953386029	0.119741118125963	0.0585361622179719	0.0193450517086711	0.00409184001624888	0.000430764543592695	1.22712885699294e-05	
2.32995955190218e-05	6.18498353777669e-05	0.00032026353113419	0.00110143542453558	0.00326745054978573	0.00934101965808055	0.0241519370860085	0.0503686419640119	0.0902473823963507	0.140098349710831	0.179608956533969	0.191657812820369	0.156426282621552	0.096729753498752	0.0423226561877795	0.0118294164595121	0.00223760842784497	0.000202071037501334	3.81266108493084e-06	
1.69980218552066e-06	6.20427797715041e-05	9.73136751210578e-05	0.000482318870141487	0.00184343547019716	0.00508963269399524	0.0139638749540522	0.0331835382657343	0.0637680789898076	0.108048350873167	0.15607073726795	0.184678408050263	0.182409597083139	0.136306287355809	0.0766194334134365	0.0291023132182992	0.00706310303138472	0.00110317161840291	0.000106662587141421	
2.13151807569959e-05	0.00010316547486386	0.00025578216908395	0.000851754623049554	0.00288607547449724	0.00766664421467627	0.0203866914832211	0.0432224972354211	0.0791922910664667	0.125825643526622	0.167580377415117	0.18779228441613	0.166733738435449	0.115372678883391	0.0578114595527393	0.0194232453130049	0.00429287740445897	0.000570394237057209	1.10838939936378e-05	
3.83620594117477e-06	4.26245104574974e-07	6.30842754770961e-05	0.000159841914215615	0.000370406995875652	0.00143857722794054	0.00419169435839029	0.0116245564919687	0.0276040592173799	0.0556045263820145	0.0955654311810229	0.141273398725016	0.176409208940235	0.183978043262173	0.150591969201234	0.0937253310645727	0.0421249511949355	0.0126185600758375	0.00237972641884208	0.000263419474627334	8.95114719607445e-06	
8.9590787677939e-06	3.83960518619739e-06	0.000152304339052496	0.000207765302853125	0.00066638481120448	0.00209642443166377	0.00633790829401649	0.0160435769591265	0.0368542370683164	0.0698577767576753	0.113345571719345	0.156179353930966	0.181015200143687	0.174630789964637	0.130422855719156	0.0736965286982757	0.0292535252908394	0.00786905751771231	0.00126834957984054	8.70310508871408e-05	2.55973679079826e-06	
6.84993965631284e-06	2.26904251115363e-05	1.58404854552234e-05	0.000202501341089748	0.000330937709645614	0.00103733773670288	0.00334876424947994	0.00986305686263345	0.0229943911837852	0.0477963101943799	0.0854427223030182	0.129209555494572	0.167774715759613	0.178459337259776	0.161088318412595	0.110442861442417	0.0563082164598056	0.0203289084150224	0.00466523702717756	0.000629338205923742	3.21090921389664e-05	
3.65223346966906e-05	2.83585187056656e-05	3.60926601708472e-05	0.000251789272144243	0.000513031383857042	0.00189830205517622	0.00555783999178462	0.0141234016644732	0.031732752757114	0.0608986298968394	0.101065034247208	0.145249325088739	0.174382976639026	0.173918498476589	0.144777972133888	0.0895347183461999	0.0404684655420366	0.0127389903422057	0.00249254192441767	0.000287881932315091	6.8747924134947e-06	
2.62792049205011e-05	5.94513160496582e-05	8.61613276082003e-05	0.000326120624997038	0.00087755312168952	0.00319012315469362	0.00834989425851069	0.0198769874725738	0.0420320804471084	0.0754045166629545	0.117298308179252	0.1573116287205	0.175243093415681	0.166469716231976	0.125253583557317	0.0710120121814885	0.0279300559574742	0.00777304417017379	0.00132688444516628	0.000152074743228474	4.30806638041002e-07	
3.61639207200753e-05	4.34828094372334e-05	0.000173931237748934	0.000610481423584129	0.00151027421292886	0.00437798702145769	0.0119138592629362	0.0269980889089991	0.0529568956201617	0.0913995738684675	0.134609001285972	0.16686205229389	0.173906697945588	0.152438244723835	0.105540097392883	0.0527416341873041	0.0187501318476276	0.004389611138832	0.000656547370215653	8.52435274116061e-05	
3.00321043195176e-06	2.70288938875658e-05	6.17803288858647e-05	0.000350517560414941	0.00089881797927699	0.00247335830574312	0.00651739566739702	0.0165506926904861	0.0359531482011413	0.0668132805397541	0.107640210241891	0.149116262427392	0.172188641085892	0.168315357688798	0.135332384604857	0.0847977916964664	0.0381128855317763	0.0119480581884892	0.00247807763642191	0.00038526899541324	3.60385251834211e-05	
1.16207003408739e-05	3.14189305512516e-05	0.000117498192335503	0.0005487552938746	0.00132648142409531	0.00384300864235788	0.00949023861171367	0.0230550390799849	0.0466347312605447	0.0810823606376752	0.123578400991633	0.160777553971697	0.174593705884378	0.158923406672864	0.11502943910753	0.0656845022897084	0.0264530179389182	0.00732663636676652	0.00130754398650277	0.000172158523568502	1.24814929587164e-05	
1.24555572831079e-05	5.11107350582705e-05	0.000290772837264279	0.000843112377473824	0.00232274668231199	0.00590994717984708	0.0135933080156236	0.0310856349628352	0.0596363492675703	0.0966929206907423	0.138989416212325	0.167374772256578	0.17127250268224	0.144502074065039	0.0956118642189635	0.0492930826988873	0.0176151645121416	0.00407983926318077	0.000744756425134799	7.47333436986477e-05	3.43601580223667e-06	
4.27338068008911e-05	0.0001035971073961	0.00043640281490607	0.00124877679873715	0.00342086281714204	0.00850445920799148	0.0193100691640188	0.040762008523452	0.0740283346721821	0.112875091672649	0.150614654587819	0.172786162189041	0.163341127576816	0.125892499871583	0.0770801327942255	0.0355048869777141	0.011346904842172	0.00233525146255375	0.000337122253651474	2.89208591480778e-05	
3.90005798086198e-06	6.24009276937917e-05	0.000294671047442905	0.000552074874179796	0.00208566434020986	0.00546614793006589	0.0118722098335195	0.026185422623283	0.0526759164486245	0.0883731471474543	0.129282588667818	0.160041479283325	0.171053509662177	0.150858576097498	0.108019039216383	0.0600855932724867	0.0249196371386055	0.00668643273830004	0.00130391938493486	0.000173335910260533	4.33339775651331e-06	
2.44081566829315e-05	0.000116374604184691	0.000399683565683003	0.00103909009878766	0.00322100496226543	0.00752337843757287	0.0166298001800102	0.0348735897206792	0.0652530275921135	0.103859321845518	0.142704031486522	0.166256159245788	0.165452869374955	0.137002111741413	0.0894262557669718	0.0448316817873744	0.0168228861337698	0.00389179341110528	0.000608024617369454	6.45072712334618e-05	
4.57293010056489e-05	0.000219412703863642	0.000489831166541278	0.00162558870978735	0.00467670043746232	0.0111104613251032	0.0225388292331592	0.0453955650492711	0.0798719403689915	0.118694358103518	0.153705414481151	0.168226226369713	0.156231518656895	0.119699963020825	0.0712664773883996	0.0325843254906116	0.0108646663321979	0.00236165457405135	0.000362316769506295	2.90205179458926e-05	
7.74311614851208e-05	0.000311494501060143	0.000724755671500731	0.00238178252728232	0.00658120626245536	0.0151406680849106	0.0305286734227936	0.0575915280575132	0.0942779699053835	0.132903730500621	0.162251910558602	0.166106655009221	0.143426404114559	0.100881299356835	0.055849105692208	0.0224868942228389	0.00694668134466513	0.00130659554208892	0.00019379913560276	3.14149283739633e-05	
3.98474109808839e-06	9.82902804195135e-05	0.000460458971334658	0.00113520846394429	0.00362744264629313	0.00908476695463062	0.0206923177733621	0.0407147562932344	0.070466161578595	0.109996564267675	0.14815444502297	0.166497093795492	0.159748713371374	0.125564504988896	0.0818625211191278	0.0422643778313799	0.0149985654932047	0.00395020667523829	0.000592840925593372	8.19085670162613e-05	4.87023911988581e-06	
2.52312532894693e-05	0.000148731598337924	0.000677702610283816	0.00173343136634319	0.00563807847628019	0.012913532494977	0.0275936953737833	0.0521507872815007	0.0860531812847843	0.125164722458427	0.158404464072687	0.165190785900422	0.147839208747897	0.108644448703755	0.065190476042925	0.0303381474859712	0.00982823713659802	0.00217475697212566	0.000255853761426548	3.45269781855896e-05	
2.22108995991821e-06	5.01966330941516e-05	0.000327388660091944	0.00102081294557841	0.00311796608573318	0.00841793094809002	0.0183119982835417	0.0370917581126421	0.064821177826237	0.103352646450898	0.137883932057747	0.162423422370907	0.15907623980131	0.134866359238202	0.0910851223842779	0.049778179745703	0.0208529251976881	0.00618040492246841	0.00118073142269252	0.00014881302731452	9.77279582364013e-06	
1.46710549422116e-05	3.20095744193708e-05	9.91407652155511e-05	0.000516598964934845	0.00164538104064016	0.00482722165341011	0.0117590728248938	0.0240423024309049	0.0466752944325125	0.0797616353691571	0.118152674110967	0.149674547097865	0.163129682789563	0.151231012654007	0.11941660772311	0.0737078246070936	0.0371520014653272	0.0138516987525602	0.00369621669059234	0.000521044739159758	8.75817522307784e-05	5.77950649238639e-06	
3.55432339011365e-05	3.15446200872586e-05	0.000239028247985143	0.000846373257270813	0.00263153217995539	0.0071259741067541	0.0155919281315811	0.0320057935471259	0.0588600396307058	0.0952594211784359	0.131540621473445	0.157666231262051	0.160658527266103	0.140019015630137	0.101357751535023	0.0587338611503568	0.0260549676112281	0.00907818622877402	0.00200241693990528	0.000239916828832671	2.13259403406819e-05	
3.60568095065336e-05	8.99194508681456e-05	0.000522601164946549	0.00138751944730698	0.00417190640364485	0.00992897698818806	0.0213264899586237	0.041563708153513	0.072250278772555	0.110056956404646	0.142518323313843	0.161567002232406	0.154883583245603	0.1263546343016	0.0834465858430282	0.045210342517433	0.0182207077373017	0.00541653405031483	0.000904981404034356	0.000142446654840627	4.45145796376958e-07	
2.23005715636492e-06	8.51881833731399e-05	0.000217207567029943	0.000859018016631766	0.00231212325971915	0.00596897098472634	0.0139160026671484	0.0278663482145047	0.0526445132788753	0.085788068748202	0.124643692617842	0.151329448573767	0.162190718948127	0.14534620522324	0.110240199456312	0.0670975137092764	0.0332902932302155	0.0123745871606689	0.00324339512821714	0.000481246334343549	0.000103028640624059	
3.57102364285478e-06	3.43711025624773e-05	0.000150429370955258	0.000462447561749694	0.0012320031567849	0.00369824136013149	0.00896907225698514	0.0186460999511663	0.0364556876139938	0.0647993486452875	0.100235062631291	0.137399152060436	0.158580232420074	0.158487832183315	0.131883259666091	0.0928051015643762	0.052823920858974	0.023336639506056	0.00803301768460184	0.00168463040351674	0.000244168741580196	3.57102364285478e-05	
1.02780158603191e-05	2.10029019754346e-05	6.25618356715075e-05	0.000256503526253181	0.00080660080990765	0.00185272407638621	0.00539104275386476	0.0128238357018946	0.0244898305736116	0.0469093112567511	0.0788757280633626	0.115071771831623	0.148019068847513	0.160959984556164	0.149742647420263	0.117615804192179	0.075673455817491	0.0391578998170513	0.0162173684168191	0.00508002105652641	0.00079766340481172	0.000155063978414379	9.8311456055226e-06	
1.15626164600071e-05	3.02406892030956e-05	0.000173439246900107	0.000366001282560995	0.00116026409015995	0.00305386489349496	0.00792261585519335	0.0171927212439952	0.0322076681493499	0.0578682270862295	0.093403705195973	0.129467061218718	0.156519581290975	0.158688016593244	0.139580348177065	0.100338162059853	0.0589613390577179	0.0287624531602854	0.0106900836332943	0.00310767553163576	0.000413585896454101	8.04935992023573e-05	8.89432035385164e-07	
8.44661053078945e-06	2.93408576332686e-05	0.000101803884818462	0.000223168341392437	0.000574369516093683	0.00178267938044556	0.00447536990597144	0.0114584940226894	0.0227164921848847	0.0424397723327271	0.0712307111645964	0.10810105524839	0.141387813674885	0.159954352738458	0.153156164936519	0.124537270224409	0.0834387307322811	0.0455587944108334	0.020057143543033	0.00687509641361362	0.00160307776705404	0.000245840822290872	4.40112864499029e-05	
2.63675012949125e-05	6.74829270429115e-05	0.000223006494002734	0.0003910434514076	0.000912136782083328	0.00282176954535724	0.00667008401400963	0.0156327999202718	0.0299078969772565	0.0544895586929406	0.0849918417163366	0.121064371114983	0.151195721493044	0.159676224960371	0.142633434081023	0.109294633587817	0.0671504283825147	0.0340377627309223	0.0138049511016923	0.00409187867552913	0.000757060121925114	0.000134518947284214	2.50267808900864e-05	
2.06282652077401e-05	5.60550684992937e-05	7.48895715150564e-05	0.000328706921679858	0.000609879145272316	0.00180811228951322	0.00402834144263324	0.00992129868382699	0.0214054126774143	0.0386232875176573	0.0661153837529989	0.100322428754008	0.132202515751474	0.155780174443373	0.156048341891074	0.129881835915603	0.0933666674140676	0.0527424381712594	0.0250234310186327	0.0089602905894751	0.00224982622928765	0.000372654095383305	4.52924953474293e-05	1.21078947958474e-05	
1.03356943654288e-05	8.31349329393187e-05	0.000132566514687022	0.000502404621763018	0.0010367150826541	0.00289803882446306	0.0062162460937816	0.0137523154202269	0.0275819238591865	0.0493893402142095	0.0787269839814713	0.114803500474993	0.142235781454888	0.158305539303051	0.147469237827922	0.115628109134147	0.0767357899930706	0.0401645083040564	0.0172385900674876	0.00557812931122034	0.00125061901821689	0.000233676568261869	2.42664128579633e-05	2.24689007944105e-06	
1.12814204481612e-05	8.98001067673631e-05	0.000252252561220884	0.000614160529197896	0.00152208924686591	0.00455227877924201	0.0086162976814876	0.0189843743301657	0.0348871158507116	0.0614611786015822	0.0949963290257862	0.127495393796031	0.149505445090394	0.155961125127649	0.135474968107424	0.0992764999438185	0.0608700321700986	0.0297658022240644	0.0116094841547937	0.00325130537316006	0.000672372658710407	0.000113265461299538	1.7147759081205e-05	
6.71222268722259e-05	0.000182896806108213	0.00041309451034786	0.00099782370820121	0.00251640778059231	0.00607613822854082	0.0119873990407378	0.0243500518733183	0.0450034259364789	0.0742200645004057	0.109591225638348	0.13701808831393	0.15248007618598	0.152294926956151	0.120843884061444	0.0840059445966833	0.04719188082336	0.021258825559243	0.00710684732306198	0.00201546874514321	0.000327502408967169	3.78407185051475e-05	1.30640575791581e-05	
0.000125856668133496	0.000268344395984633	0.000711989151155207	0.0014010544091861	0.00392178367665984	0.0083267670613322	0.0173079887969586	0.0322615589236198	0.0565779661832123	0.0872771044695748	0.122609566095652	0.145156788191768	0.153899331746041	0.142633811483792	0.104109085368129	0.068677286871846	0.0343310021382149	0.0147306240288248	0.00443779601600717	0.00109495301276142	0.000128553596736357	9.88873821048898e-06	8.98976200953544e-07	
7.18502748048479e-06	0.00016525563205115	0.000445920768007587	0.00110514703934207	0.0022246641336451	0.00544086205959711	0.0116401935826029	0.0226593313523614	0.0415622405250818	0.0682918899451378	0.10112252582456	0.13320457165336	0.150550575183903	0.150021128471435	0.12953347167505	0.0897100078002455	0.0543807786144842	0.024942822898503	0.00988075997831918	0.00254394879230915	0.000511484143767011	4.35592291004391e-05	8.98128435060599e-06	2.6943853051818e-06	
2.49371117213777e-05	0.00027653475676742	0.000616302903971191	0.0016632162907026	0.0031371777156626	0.00795582925025238	0.0160955696994499	0.0292873018000587	0.0521849140270808	0.0818890218373397	0.115023763731554	0.14061146688552	0.151257832368282	0.144381869116679	0.11405745065235	0.0757068446582703	0.0405798056597447	0.0177365207118299	0.00581524539231198	0.0014245325070837	0.000236011950220181	2.5827722854284e-05	1.20232502942357e-05	
0.000100504860600199	0.000473871601514097	0.000859581044606966	0.00222168639221493	0.00442794440670614	0.0106967146812475	0.0215291990864637	0.0379626254161805	0.0636852575679499	0.0957555651260476	0.128721600213705	0.144563899271208	0.150271517407398	0.134092438904726	0.0978934974677624	0.0609636917374866	0.0294166265896188	0.0118626592263682	0.00356660011893075	0.00077362294014627	0.000128275940502886	1.41059453473964e-05	1.85140532684577e-05	
2.63550098897175e-06	0.000159447809832791	0.000766930787790778	0.00134147000338662	0.00313580692671155	0.00663179898858257	0.0146533854986829	0.0280105437609565	0.0477482499175308	0.0769408158720412	0.109786186197266	0.139125022456665	0.146451275955841	0.146129305585022	0.119105756944435	0.0821173790645465	0.0463914061583752	0.0210304193916649	0.00777253166664251	0.00225818509738396	0.000391811147027133	4.69997676366628e-05	4.39250164828624e-07	2.19625082414312e-06	
