# <P(U)> as a function of N_tot.
# number_of_species: 1
# species_total_upper_bound: 151
# species_total_lower_bound: 97
# volume: 729
# Bin widths for each
10	10	10	10	10	10	10	10	10	10	10	10	10	10	10	10	10	10	10	10	10	10	10	10	10	10	10	10	10	10	10	10	10	10	10	10	10	10	10	10	10	10	10	10	10	10	10	10	10	10	10	10	10	10	10	
# Bin lower bound for each
-250	-260	-260	-260	-270	-270	-280	-280	-280	-280	-310	-310	-320	-320	-320	-320	-320	-320	-330	-330	-350	-350	-360	-360	-360	-360	-370	-370	-370	-370	-380	-380	-380	-380	-390	-390	-400	-410	-410	-410	-420	-430	-440	-440	-450	-450	-460	-460	-460	-460	-460	-470	-470	-470	-480	
# Bin upper bound for each
-100	-100	-100	-100	-100	-100	-100	-100	-100	-110	-110	-110	-120	-120	-140	-140	-140	-140	-150	-150	-150	-150	-160	-160	-160	-170	-170	-170	-170	-180	-180	-190	-190	-190	-190	-200	-200	-200	-210	-210	-220	-220	-220	-220	-230	-230	-230	-230	-240	-240	-240	-240	-250	-250	-250	
# Normalized histogram for each
2.01168547860814e-06	7.04089917512849e-05	0.000373368824829671	0.00200766210765092	0.00665666724871433	0.0186676365672921	0.0464667158590822	0.0949616130176972	0.160550606362237	0.221581925086442	0.2193759107906	0.150841407568283	0.062374319949724	0.0145062639862433	0.0014733584445326	9.01235094416446e-05	
2.8104063727169e-06	7.628245868803e-06	0.000138914372137149	0.00075439336776215	0.00327332045096584	0.00981674945990012	0.0263784742143208	0.0604931941994818	0.115279256029225	0.180339762070996	0.225042085835431	0.202889659832428	0.122376736580209	0.0440390678604738	0.00838183626331581	0.00075439336776215	3.17174433492335e-05	
6.79508851002495e-06	5.99566633237496e-05	0.000237428386762048	0.00131904659312249	0.00486168597337844	0.0139499169999924	0.0360395506128171	0.0771318490994709	0.136032875437634	0.198700379365794	0.222191799767128	0.180231328795547	0.0946148124135875	0.0295594344407862	0.00471379287051319	0.000338555292234773	1.07921993982749e-05	
1.43418295393882e-05	0.00012827969754675	0.000459336929414296	0.00206602022197965	0.00706853004214904	0.020375755933932	0.0486176069860645	0.096184276574215	0.156204434812401	0.211085835849793	0.211960687451696	0.153688240496546	0.0706562183782578	0.0189009377962982	0.00241301282000207	0.000174890643549762	1.59353661548758e-06	
1.99292114409617e-06	5.22145339753197e-05	0.000161825196900609	0.000794776952265553	0.00332339529989477	0.0105365740888365	0.0281364592965786	0.0637555403207806	0.114468607506138	0.175432463888269	0.215518478364848	0.197188386849909	0.126865374190874	0.05070549408501	0.0117347182806671	0.00123959695162782	8.29055195944007e-05	1.1957526864577e-06	
1.11437951547575e-05	9.94981710246202e-05	0.00039043082310061	0.00128830231842678	0.00511341000529728	0.0152100864081916	0.0379887996898841	0.0797644997689652	0.134018464472586	0.191407417548851	0.215967148091884	0.175017282832307	0.100759011847844	0.0354762718751704	0.00681363475176599	0.000648330082396425	2.38795610459089e-05	2.38795610459089e-06	
4.37649123965706e-06	1.59145135987529e-05	0.000174263923906345	0.000760315887180422	0.00206331668807832	0.00771018397575583	0.0218502293082478	0.0505468823666791	0.0970291979602368	0.153661790327079	0.20226630630903	0.208099373405813	0.152520719702048	0.0760148784787635	0.0234022922469662	0.003560474554881	0.000303967209736181	1.43230622388776e-05	1.19358851990647e-06	
2.29959705508843e-05	6.1454748885984e-05	0.000292603901147459	0.00125407335952495	0.0035219518345432	0.011466266695372	0.0300097415689041	0.0650425167741728	0.116003569926187	0.171766816100827	0.208666229743226	0.193377477667146	0.126883439372511	0.0551816067126031	0.0143364017094729	0.00195663990807956	0.000142337128064956	1.26874320280741e-05	1.18944675263195e-06	
4.4323837874482e-05	0.000146822712959222	0.000545341505277109	0.00193125293595957	0.00540236348950495	0.0170199579952486	0.0408958639131538	0.0813073315981079	0.135624611919076	0.187056489544125	0.206733899069081	0.173270192970952	0.101190530370338	0.039030305236901	0.00874248127218913	0.000984226649944971	6.49027626019201e-05	8.31071960146538e-06	7.91497104901465e-07	
3.28536047331357e-05	0.000197121628398814	0.000849443804304931	0.00305578106674467	0.00859181137755956	0.0235192227232947	0.0530656965221491	0.0984543368539467	0.153950804299785	0.197135878155084	0.199272154115864	0.151853319342184	0.0777977318346284	0.0266145864463443	0.00517503648531345	0.000416409544328419	1.3853929706744e-05	3.95826563049828e-06	
7.91187437842337e-07	0	1.34501864433197e-05	6.40861824652293e-05	0.00036908893975345	0.00144312588662442	0.00475543209515137	0.012550606326493	0.0317436267873913	0.0670377072021001	0.116789155668502	0.171553172147354	0.202766703351391	0.186616985370153	0.127453966736898	0.0569829016482808	0.0168700941433932	0.00283245102747557	0.000149534425752202	4.35153090813285e-06	2.76915603244818e-06	
7.11943082523696e-06	2.37314360841232e-06	4.35076328208925e-05	0.000126172135180588	0.000658151827399683	0.00236721074939129	0.00698099744807957	0.0184227138321048	0.0419184176511257	0.082997533512743	0.135801165371721	0.186892178593295	0.200951076853465	0.16837335244505	0.102044779637795	0.0403651951594199	0.0105743323951506	0.00141993092570004	5.06270636461295e-05	1.58209573894155e-06	1.58209573894155e-06	
3.95339891495013e-07	8.30213772139528e-06	9.09281750438531e-06	6.12776831817271e-05	0.000265273067193154	0.000961466616115873	0.0036782423504696	0.0101195152025979	0.0257706261669939	0.0548443171274287	0.0998549497938105	0.154498038916468	0.195884986137407	0.193041306297883	0.146921349895966	0.0787785894984283	0.0282205474745885	0.00631792680598181	0.000737704237529695	2.21390339237207e-05	3.95339891495013e-06	
1.18937743227685e-06	2.02194163487064e-05	1.94264980605219e-05	0.000174838482544697	0.000444827159671542	0.00166592132347577	0.0055432917526983	0.0145353815998554	0.0342731000884897	0.0696899848076856	0.118048088908342	0.170851689391705	0.199857433291784	0.180273937410202	0.123451034124031	0.0586382897069691	0.0185538914843748	0.00363513389218214	0.000316374396985642	5.15396887319968e-06	7.92918288184566e-07	
5.98366220870535e-06	1.75520758122024e-05	6.10333545287946e-05	0.000226581342302976	0.000694503727023734	0.0026284233528773	0.00834601204870222	0.0199970001906794	0.045196994127235	0.0860733852289708	0.136333355406398	0.183579953295522	0.196123304928224	0.16452956846626	0.10003326916188	0.0419534502993028	0.0121364626025101	0.00193152616097009	0.000131640568591518	
4.80520499805389e-06	1.92208199922156e-05	0.000120130124951347	0.000425661076077607	0.00110079237830418	0.0041881365895538	0.0120686727863622	0.0279010223874501	0.0571771342718433	0.103671096531763	0.153354113175392	0.193176849163013	0.187822649493932	0.143601549198091	0.0784385646532324	0.0287623553833512	0.00716696325459738	0.000957437095862238	4.28464112326472e-05	
8.83530943060848e-06	4.01604974118567e-05	0.000238553354626429	0.000645379193408538	0.00191404930664909	0.00639274797801936	0.0179139914755328	0.0381556853810569	0.0727419057521479	0.121632492091394	0.168370877374339	0.194840259613519	0.174277683333675	0.119974666758233	0.0586977798072216	0.0195308531013342	0.0041658483965319	0.000446584731219847	1.16465442494385e-05	
2.20958162977938e-05	7.87414544430468e-05	0.000325411112749326	0.00107305318784377	0.00332080031850115	0.00939112366867685	0.0243242798069549	0.0502555280719311	0.0899934475861124	0.139663637397209	0.1789753085279	0.191931089978583	0.1567103587999	0.0969468001039709	0.0425589526422378	0.011962273201511	0.00225819242563452	0.000205290220512229	3.61567903054807e-06	
1.61292468811077e-06	5.92749822880708e-05	0.000132663055597111	0.000471377240100372	0.00184034706913439	0.0051706333189111	0.0140961553117441	0.0334871391433838	0.0637435901364816	0.107781676127142	0.155479891466298	0.184354066001685	0.18277622242554	0.136248587178781	0.0766582781141846	0.0293511970118957	0.00713920790075029	0.00110686956721602	0.000101211024178951	
2.02205086913813e-05	0.000106359875716665	0.000285917992896131	0.000828232035998976	0.00285109172548476	0.00784838824347272	0.0204643680261993	0.0435525492601922	0.0789752407959278	0.125402337571687	0.167185187911209	0.187813746467983	0.166956696162997	0.115384288745629	0.0578977869462058	0.0195398863688294	0.00430494630039507	0.000572240395966089	1.05146645195183e-05	
3.63883216129245e-06	4.0431468458805e-07	5.98385733190314e-05	0.000162938817888984	0.000373586768559358	0.00140175901146677	0.00419233896449349	0.0118237786360929	0.0277331571599481	0.055825750074495	0.095194275227518	0.140816739921749	0.176263816948952	0.183942965753333	0.150891048917629	0.0938196052999186	0.0421651698263185	0.0126849689142655	0.00236766679294762	0.000268060635881877	8.49060837634905e-06	
8.49484322564569e-06	3.6406470967053e-06	0.000144412334835977	0.000215607211393769	0.000648844215901699	0.00203957140684312	0.00635859241256784	0.0162008795803386	0.037263641100155	0.0701382798670598	0.112849138056574	0.155600447880496	0.181047357537434	0.174833581976046	0.130426991272155	0.0738270644087104	0.0291652238917061	0.0078532803039374	0.00128676649051328	8.57574649446136e-05	2.4270980644702e-06	
6.49509072626887e-06	2.15149880307656e-05	1.50198973044968e-05	0.000192011119595323	0.000334091229232455	0.00101282821012755	0.00328448619164009	0.00984696348419399	0.0233705542626266	0.0482345734491246	0.0858821490144309	0.128777351943392	0.166892168097819	0.178431102716206	0.161092863965602	0.110442928652646	0.0565750818279946	0.0202602176910846	0.00467808909559515	0.000615003903143583	3.45051694833034e-05	
3.46412793635786e-05	2.6897934564661e-05	3.42337349004776e-05	0.000238821055377142	0.000509023034413054	0.00184536132892099	0.00547658249515022	0.0141646153595357	0.0320607078232235	0.061548994995354	0.101582902694684	0.144399116443604	0.173807524900967	0.173801819278483	0.14477976297214	0.0894613077286732	0.0407833819669726	0.0126436594232431	0.00250558335914448	0.000288541479875454	6.52071140961479e-06	
2.49177509973228e-05	5.63713055349269e-05	8.16975442535173e-05	0.000310450668163366	0.000895405085018549	0.00311267643605901	0.00821591353785497	0.0199211291907777	0.0424014339552967	0.0764423497194098	0.117738007413235	0.156296388886846	0.174862155818458	0.166140942969395	0.125256632410886	0.0709816858615047	0.0280974194196697	0.00768324554932203	0.00132717660639839	0.000153591383196613	4.08487721267586e-07	
3.42869738072011e-05	4.12260042205632e-05	0.000168169442959129	0.000590633941655	0.00151148409533411	0.00434791482136078	0.0117836981766677	0.0270618104338527	0.0535489058781751	0.092485846418848	0.134879240461895	0.165536693184648	0.173747607054953	0.152134160030368	0.105314889118376	0.0528533701238005	0.018814568698442	0.00438750811254291	0.000669004167500031	8.8982860594879e-05	
2.84806045048993e-06	2.56325440544093e-05	5.85886721243642e-05	0.000340953522501508	0.000866217242727579	0.00250710692798842	0.0064500431888024	0.0165492655462397	0.036058072766317	0.0671694713959117	0.108894777592925	0.149104101898721	0.170865318069357	0.167940766852482	0.135179934356275	0.0848054754369026	0.0381965592988563	0.0120550261553666	0.00250914125688163	0.000386522489709347	3.41767254058791e-05	
1.10278620978098e-05	2.9816071597782e-05	0.000111912378325922	0.000528112062684002	0.00128372483605245	0.00381564028584219	0.00939614694667089	0.0229220240293031	0.0466486735524093	0.081498351538836	0.124567054302827	0.160521152256382	0.173491960280091	0.158823269932657	0.115172132674167	0.0656313001767725	0.0266457654643302	0.00738376633348909	0.00133437131383498	0.000171952960858441	1.18447407717216e-05	
1.18193096545012e-05	5.01301754311603e-05	0.000288146618128702	0.000826128988609446	0.00226156376802852	0.00581754572442587	0.013606878349144	0.0310375071527202	0.059603148338042	0.0972635445213017	0.139509832850508	0.167063904154365	0.170283647129212	0.144451119410893	0.095819958493845	0.0493986009197868	0.0177860232180149	0.00408540551643862	0.000755213130682439	7.66217315533181e-05	3.26049921503481e-06	
4.05399761018888e-05	0.000110973065895069	0.000418913086386185	0.00120882837831087	0.00332468753506298	0.0083475496246162	0.0193207793175689	0.0407275246781986	0.074177509404046	0.113209316496003	0.151059321860384	0.171759688849541	0.163207801365583	0.126134607462468	0.0771307852388624	0.0356203066787768	0.0115006588769853	0.00233903377266656	0.000333738187101408	2.74361454426924e-05	
3.69896203015476e-06	5.91833924824762e-05	0.000304136878034947	0.000535116507029055	0.00204881396892461	0.00533020428545301	0.0117240656524661	0.026272905308627	0.0526017060434875	0.0888009814579253	0.129736572254086	0.160449464986242	0.170072109209799	0.150772158323795	0.108003115348021	0.0599088000361676	0.0251319810202148	0.00677444346033788	0.00129915766414658	0.000167275282919221	4.10995781128307e-06	
2.31469234432041e-05	0.000110774562192477	0.000395564388127612	0.00104491825829321	0.00315624834664833	0.00739461536426644	0.0164260488863023	0.0350060016665785	0.0652912709644992	0.104243409740225	0.143232335590709	0.166413152743241	0.164780054626739	0.136826837865721	0.0891751759166182	0.0448219505581715	0.0170076153378128	0.00397631077720756	0.000613393471244908	6.11740119570393e-05	
4.33393105465795e-05	0.000215446380313285	0.000508820174782439	0.00160688828334241	0.00462230415944866	0.0110002671201737	0.0224360109665125	0.045543364522357	0.0800306208897977	0.119201023141108	0.153923311923436	0.168327381818076	0.155594375724319	0.119321873141671	0.0712581610213742	0.0326178318759796	0.0109827647062991	0.00237824466624355	0.000360466380988378	2.75037932314832e-05	
7.3349858707215e-05	0.000310165116819081	0.000749006842913104	0.00238952882565619	0.0065671176355694	0.0151138431721341	0.0304401913634942	0.0575813156533628	0.0944037830084843	0.133631287445103	0.162376887501436	0.165893908440934	0.142759782146728	0.100767616749922	0.0558624141073155	0.0225934330500213	0.00694015405985181	0.00133287171822254	0.000183584217792915	2.97590855326415e-05	
3.77644296836809e-06	9.3152259886413e-05	0.000471216161497486	0.0011400661716729	0.00365559679338032	0.00905716905246948	0.0206970054905285	0.0407213845279132	0.0702783448270074	0.110120237748065	0.148556874280116	0.166458892369277	0.159819486026112	0.125034250239699	0.0817570530317494	0.0424602267124595	0.0150268861759109	0.00397113958362618	0.000594999569905106	7.76268832386775e-05	4.61565251689434e-06	
2.39166893595488e-05	0.000140982589908919	0.000686450943723191	0.00178955579155221	0.00570727734506286	0.0128491364606573	0.0274643316145486	0.052232371197089	0.0858634323470286	0.125226946304515	0.158596182644624	0.165310478489036	0.147884023357794	0.108402184726634	0.0652015106955854	0.0303557334808056	0.00979451367929734	0.0021898456450436	0.000248397896506191	3.27281012288563e-05	
2.10370951305857e-06	4.75438349951236e-05	0.000312190491737891	0.00102408579095691	0.00318080878374455	0.00843839959878052	0.0181975080298592	0.0368414232183895	0.0650664730131936	0.10320588500114	0.138240221747812	0.162601598650933	0.159383343837856	0.134359719180025	0.091008156502524	0.049855811749975	0.0207455209920757	0.00613988658481273	0.00119574848722249	0.000144314472595818	9.25632185745769e-06	
1.38938885836444e-05	3.03139387279513e-05	9.38890046712938e-05	0.000504390258278968	0.00169800159569205	0.00492264682787788	0.0116931808373805	0.024001903041709	0.0466687296986079	0.0798128114283549	0.118226466173644	0.150157990354273	0.162968997682247	0.151154982116881	0.119050836896274	0.0736805542398464	0.0372204644348029	0.0138315765984814	0.00365998707447335	0.000519968254569721	8.29423045750891e-05	5.47335004810233e-06	
3.37135803780219e-05	2.99208025854945e-05	0.000226723828042198	0.000831461176072966	0.00271900025748747	0.00718267829953758	0.0155217324060413	0.0319347675933266	0.0590847352915024	0.0951131743822302	0.131726965512272	0.157934638638882	0.160746772662163	0.139800525173298	0.101284866690182	0.0586502515243806	0.0259784207800395	0.00895896256570461	0.00197561581015209	0.000244844877495384	2.02281482268132e-05	
3.41915987442819e-05	8.52679376091968e-05	0.000495567122540579	0.00135373403917175	0.00425453239189651	0.00994215710153174	0.021125764720433	0.0415533454368779	0.0727487470467534	0.11014760217695	0.142696737825997	0.161627064212245	0.15448524125972	0.126501317220789	0.08338022366371	0.0450379336792735	0.0181671361327951	0.00531784890099337	0.000900800885435772	0.000144364528031412	4.22118503015826e-07	
2.11382436909741e-06	8.0748090899521e-05	0.000205886493550088	0.000830310212181463	0.00228927179173249	0.00606921252855248	0.0139174196461373	0.027585830781595	0.0527580968985546	0.0861307332729907	0.125078370038484	0.151289369450418	0.161909645845638	0.145025685079909	0.110474803002138	0.0670974358887638	0.0331845060055864	0.0123062627120113	0.00318468779448216	0.000474342188425459	0.000105268453581051	
3.38838326680808e-06	3.26131889430277e-05	0.00014273564511429	0.000441760468410103	0.00125285471290229	0.00368401970683708	0.00903427688512703	0.0185518219336826	0.0363395634406999	0.0651289618671347	0.100669290404776	0.137636551845652	0.158530170164608	0.158329408456049	0.131567110318982	0.0927768986805636	0.0528164241713709	0.0231752709012422	0.00794872359602339	0.00164463652812697	0.000259634867819169	3.38838326680808e-05	
9.74402034890371e-06	1.99116937564554e-05	5.93114282107183e-05	0.000243176855663945	0.000779521627912297	0.00185432943770224	0.00528973209027877	0.012845160738207	0.0245557785853547	0.0470398937139206	0.0789596097646946	0.115197197789209	0.148267555547271	0.161048321020563	0.149572830620965	0.117521358468952	0.0755347984385843	0.0391527447210711	0.0161060183306205	0.00498936207169735	0.000793078525789033	0.000151244141937332	9.32036729025573e-06	
1.09610755344578e-05	2.86674283208897e-05	0.000164416133016867	0.000360872332980612	0.00113953027575537	0.0030787974856979	0.00793033814918024	0.017295734033718	0.0321939435841874	0.0583209318600524	0.0931371019759447	0.129436811507443	0.15662955358912	0.159238711146149	0.139339721672997	0.100226388367769	0.0587551590831482	0.0286020834475112	0.01059472266371	0.00303242370459058	0.000405981374603188	7.63059489129564e-05	8.43159656496756e-07	
8.00537961510135e-06	2.78081607682468e-05	9.6485891150432e-05	0.00021277456345401	0.000586920726517694	0.0017611835153223	0.00457275710329973	0.0114333674334416	0.0228170172461157	0.0424512640915748	0.0715360722405456	0.107880917028875	0.141674152398833	0.160185118083563	0.153581522572642	0.124280990509833	0.0830878350251369	0.0453332007530113	0.0198516561023745	0.00677002313976045	0.00155641433148339	0.000252801461529516	4.17122411523702e-05	
2.49907767091044e-05	6.39594454758434e-05	0.0002113626708109	0.000372320215716996	0.000906868693799873	0.00285614927711002	0.00671870678236973	0.0155188487638672	0.0299478455197256	0.0549085485822817	0.0848890091834751	0.1211849355598	0.151305175081569	0.159916403734046	0.142979857857545	0.109059749558532	0.0668431269645821	0.0337743993636247	0.0135771924853158	0.00403622222476366	0.000746758293866967	0.000133848905764017	2.37200592493194e-05	
1.95558359503435e-05	5.3140858560716e-05	7.09961870371166e-05	0.000311617994600039	0.000605805787592162	0.00180593893732737	0.00407951742998904	0.00994074156580177	0.0212142558643063	0.0388812531379677	0.066559137910731	0.100177745543714	0.132455077906624	0.155798369128307	0.156183108944287	0.129972762121536	0.0931227651611932	0.0525478065791784	0.0247232530367875	0.00882690917036917	0.00221533611167913	0.000380488547294726	4.29378137170585e-05	1.14784254491147e-05	
9.80306077130482e-06	7.88507062039736e-05	0.000125734909892823	0.000476513997492121	0.00103102626112115	0.00288849316726664	0.00627864731400397	0.0137046789582841	0.0274507012598212	0.0498251219202406	0.0789832606344029	0.114830922774897	0.1425254218939	0.158227794149363	0.147586358572095	0.115617298736769	0.0763193854248092	0.03993937446243	0.0169874256565706	0.0056090556413205	0.00123689053731855	0.000242092979047876	2.30158818108896e-05	2.13110016767496e-06	
1.07030765351316e-05	8.51964892196473e-05	0.000239320791325542	0.000586100471063804	0.00152754308309398	0.00456165121927307	0.00866521076284251	0.0189692766047444	0.0348877482739148	0.0619750943690258	0.0947316460432653	0.127845252350717	0.14985163395307	0.155673251342059	0.135552323702134	0.099299290985398	0.0605991068496693	0.0294300354871206	0.0114634230921873	0.00325031028218875	0.000663590745178157	0.000116021349640826	1.62686763334e-05	
6.36315145965997e-05	0.000173385200847111	0.000391611401913301	0.00097155500474674	0.00250511721223929	0.00607787728683763	0.0120635102303674	0.0243063844616112	0.0452253516495296	0.0746577030218991	0.109328337334147	0.137596103872255	0.152727592631898	0.151376383825296	0.12101133964837	0.0841746714969677	0.0469305908292895	0.0209642352452824	0.00707206632026638	0.00201058503839457	0.000323709315867265	3.58728001752642e-05	1.2384657203365e-05	
0.000119236156149967	0.000254228518648322	0.000689014645180879	0.00138399109816926	0.00395225273295658	0.00835760285928302	0.0173446022856719	0.0322814859039442	0.0569007712450086	0.0876270769980254	0.122682506906116	0.14553709713616	0.153863613426162	0.141744109840347	0.104415953627355	0.0685139470106005	0.0342395139252926	0.0144705850790429	0.00440322090925234	0.00107951305657202	0.000129456398105678	9.36855512606881e-06	8.51686829642619e-07	
6.79257266142337e-06	0.000156229171212737	0.000421564040799588	0.00107152833733954	0.00218296303906493	0.00555038093596557	0.0116696398323253	0.0228782337952566	0.0417641330087616	0.0687119668997934	0.10135579750322	0.133681226263143	0.150983606974953	0.149565657431881	0.128650052599985	0.0897536588617177	0.0540752464218001	0.0247784559972898	0.00967304800565821	0.00250476116889987	0.000500952233779973	5.30669739173701e-05	8.49071582677921e-06	2.54721474803376e-06	
2.35577107121538e-05	0.000261238184861563	0.000582211993314658	0.00161033779653794	0.00312812744384957	0.00809207362962483	0.0160966471908902	0.0296814534770971	0.0522859182522198	0.0821671915969646	0.115110125987478	0.141370663330446	0.151724697861843	0.1434727683381	0.113630196946668	0.0754831118557965	0.0402193222867302	0.017575734884889	0.00575901892231046	0.00143912372046925	0.000242728555016299	3.23918522292115e-05	1.13581819505027e-05	
9.50190433999481e-05	0.000448006454626948	0.000815580122516221	0.00218918874991196	0.00453007456911156	0.010893849975766	0.0215122280757102	0.0382347462137203	0.0640632560108922	0.0957479394828714	0.12853701095928	0.145582093744621	0.150187600098186	0.133371729917538	0.0977954331680641	0.0605300478970994	0.029145841312363	0.0118536256641435	0.00350861985256212	0.000789741610714481	0.000137110812625364	1.37527562815714e-05	1.75035079947273e-05	
2.48946231348222e-06	0.000150612469965674	0.000724433533223327	0.00129244585108285	0.00307282631560822	0.00687050107482535	0.014872877681514	0.0281313390527347	0.047938745949956	0.0774297463362376	0.109423901078726	0.139027342179499	0.147585698702866	0.145721506340453	0.118627858162055	0.081765974775938	0.0461260024753554	0.0208832695270312	0.00767667195400801	0.0022193556524694	0.000405367446712022	4.85445151129033e-05	4.1491038558037e-07	2.07455192790185e-06	
