# <P(U)> as a function of N_tot.
# number_of_species: 1
# species_total_upper_bound: 151
# species_total_lower_bound: 97
# volume: 729
# Bin widths for each
10	10	10	10	10	10	10	10	10	10	10	10	10	10	10	10	10	10	10	10	10	10	10	10	10	10	10	10	10	10	10	10	10	10	10	10	10	10	10	10	10	10	10	10	10	10	10	10	10	10	10	10	10	10	10	
# Bin lower bound for each
-240	-240	-260	-260	-260	-260	-260	-260	-270	-270	-270	-280	-280	-280	-310	-310	-310	-320	-330	-330	-350	-350	-360	-360	-360	-360	-370	-370	-370	-370	-380	-380	-380	-380	-380	-390	-390	-400	-400	-400	-410	-420	-440	-440	-440	-450	-450	-450	-450	-450	-460	-460	-470	-470	-470	
# Bin upper bound for each
-100	-100	-110	-110	-110	-110	-120	-120	-120	-120	-130	-130	-130	-130	-140	-140	-140	-150	-150	-150	-150	-160	-170	-170	-170	-170	-170	-180	-180	-180	-190	-190	-190	-190	-200	-200	-200	-210	-210	-210	-220	-220	-220	-230	-230	-230	-240	-250	-250	-250	-260	-260	-260	-260	-270	
# Normalized histogram for each
1.21649173515515e-05	0.000493895644472991	0.00178094390026714	0.00709701278289515	0.020111041365585	0.0487521227780778	0.09549946717662	0.159572086867242	0.216287364543645	0.216241137857709	0.14756044747432	0.065564038557922	0.0193616824567294	0.00158387223917201	8.27214379905503e-05	
4.60893211043001e-05	0.000793221473742429	0.00317531164871205	0.0101105415980381	0.0281241888885924	0.0642557908806214	0.115347016201609	0.179331122663089	0.218708383162358	0.197133729378061	0.122789228683083	0.0476442292531347	0.0117382223591425	0.000785944212515434	1.69802761963211e-05	
4.85217838548616e-06	4.36696054693755e-05	0.000143139262371842	0.00132707078843047	0.00477454353131839	0.0144522133211705	0.0374757997603024	0.0813758837029885	0.1384059623568	0.197078503394099	0.213850057983532	0.175318909424386	0.095818392667388	0.0327885954399228	0.00687553677223389	0.000266869811201739	
2.65552312598526e-05	8.69080295776994e-05	0.000391086133099647	0.00186610852398782	0.0073968389618353	0.0213938599477103	0.0501531754021307	0.101233369786424	0.1588727062919	0.206874907961983	0.203335819868624	0.148723779726771	0.0741494480133066	0.0216207864693854	0.00371290415251394	0.000161745499491829	
5.54789035438959e-05	0.000139903321980259	0.000967262622656619	0.00355306195305037	0.0104131489825652	0.0288321449591386	0.065583300367608	0.12142402284766	0.176430149648312	0.210139613866831	0.189105873044972	0.123833736962458	0.0535974450758855	0.0139227926632768	0.00192246461410804	7.96001659542854e-05	
0.000124957046015432	0.000610367109383073	0.00187916173046285	0.0053587348579695	0.0154225831024432	0.0381311231956323	0.0830531812381801	0.139658723083171	0.192116652208496	0.211266319510361	0.166870522873147	0.0984036737371528	0.0372876631350281	0.00863645429575891	0.00114624059518002	3.36422816195394e-05	
0.000193924820195331	0.000671464689926333	0.00269070688021021	0.00816665899047587	0.0219328971640919	0.0514094698337822	0.101456617805692	0.156834274272721	0.200520688142224	0.203480465710456	0.147111368600178	0.075257374597303	0.0248441935272743	0.0047802468178149	0.000649648147654358	
0.000437347019153866	0.00123472003750069	0.00446528890274224	0.0108660195863809	0.0303726631533928	0.0677187157945097	0.117767162246079	0.172488697841535	0.207701173588106	0.189339847629265	0.122495825873063	0.0561278116459954	0.0160320302325188	0.00274247992673833	0.000210216523018709	
5.31841598232352e-05	0.00095973233862838	0.002054842538625	0.00615244030682425	0.0165958753266595	0.0429341217482117	0.0843524949414612	0.133400377607535	0.188274343236063	0.205211080677953	0.168898386827734	0.0995607471890963	0.0403885344621268	0.00984632195272895	0.00121114836688367	0.00010636831964647	
0.000134590148962454	0.00146607126548388	0.00375891058887997	0.00943573080047491	0.0236854628218747	0.054278284360144	0.0997529309408332	0.153331827205476	0.198563730838929	0.195972870471402	0.147770369978706	0.0771225587510034	0.0284417825503872	0.00582342733814333	0.000454241752748283	7.21018655156004e-06	
0.000221438629006053	0.00229622230512799	0.0057814737703537	0.0126460712695414	0.0329630654808468	0.069002202351582	0.114365831056768	0.171833969167078	0.205716486346624	0.179158292515615	0.126581059776395	0.0582528010783098	0.0182638730097601	0.00277520368743456	0.00014200955555823	
1.9333852125032e-05	0.00072743618620433	0.00354776186494338	0.00789546186155995	0.0174343011537476	0.042367720200492	0.0832539839819035	0.131736034916937	0.187294275729732	0.202568018908507	0.16290703800552	0.103996790580547	0.0431265738963996	0.0117235645823163	0.00136787003784602	3.3834241218806e-05	
0.000100398486373296	0.00125737151981794	0.00430279227314125	0.0112398495935057	0.024339461625069	0.0551641873818226	0.0992797603822792	0.152581794885892	0.195741191825651	0.194173063086106	0.143091747483464	0.0806295463183636	0.0302247252786656	0.00699920876430977	0.000848606253869525	2.62948416691966e-05	
0.000292707738520818	0.0020657488759543	0.006557133191618	0.0160197505746189	0.0331527502531202	0.0691078172160135	0.116380116987126	0.168889965882754	0.206188609350333	0.177882331489115	0.120386854063599	0.05898780704322	0.0196905935249209	0.00404752422036574	0.0003454911012049	4.79848751673473e-06	
4.85946429265638e-06	3.15865179022665e-05	0.000119056875170081	0.000432492322046418	0.0029739921471057	0.00984770438906815	0.0208884072619834	0.0447216498853166	0.0875043735178634	0.131310014384014	0.181032053026474	0.201125937876608	0.162736169964623	0.0993444582669206	0.043132605061618	0.0123819150176884	0.00222320491389029	0.000189519107413599	
5.31515229119303e-05	5.5567501226109e-05	0.000439708053180515	0.00115242165586322	0.00460002271019615	0.0142639359669108	0.0278755577889933	0.057176542783352	0.104278455996579	0.152482055321071	0.191876997712069	0.190106085607776	0.139583147101672	0.0780046918298861	0.0300789300115242	0.00683963460743976	0.00109202219800875	4.10716313410371e-05	
3.62454542159504e-05	7.73236356606942e-05	0.000724909084319008	0.00217472725295703	0.00751247447715932	0.0202708743611739	0.0372409960250819	0.0698087448199205	0.122301827979074	0.166313474851696	0.196653336394061	0.175283016588336	0.118268917106646	0.0592733994611509	0.0199639961821455	0.00370911814809893	0.000372119996617091	1.44981816863802e-05	
6.72152713096416e-05	0.000103223452368378	0.000196844723121093	0.00154115014931392	0.00376885628414776	0.0112993672162315	0.0262955743544933	0.0494224287758179	0.0886833488568603	0.138288219083376	0.179483978759974	0.19299904938402	0.156971663962052	0.0945862900050892	0.0418199014816166	0.012170765197853	0.00217249359054377	0.000129629451811452	
9.65097257676142e-06	0.000241274314419036	0.000113398927776947	0.000393277132503028	0.00193260725849647	0.00608493820964808	0.0164573209865224	0.0348231218000994	0.0644829732716315	0.104985692433155	0.155052525418249	0.183119966414615	0.186620856716836	0.133318535175382	0.074896372681957	0.0298890620702301	0.00642272224983473	0.00108573441488566	6.99695511815203e-05	
0.000102211665758119	0.000306634997274356	0.000294466941826961	0.000907736936375672	0.00288139552994315	0.00866608908963476	0.024696285336033	0.0445350829374659	0.0793405887391948	0.125296900552916	0.163640876878748	0.190398430807569	0.166887314072113	0.11094102873608	0.0560363289463437	0.0208244100926719	0.00373802663343976	0.000491589440074761	1.46016665368741e-05	
2.17375027473788e-05	0	0.000123179182235147	0.000432334776864534	0.000222205583639872	0.00170760160471076	0.00394173383152469	0.0129869502525173	0.032021756824972	0.0562856404472129	0.0948286480963986	0.141776823474571	0.172875944071821	0.185911199885999	0.151085305206615	0.0879378597254795	0.0424799109245443	0.0131850030553268	0.00197811275001147	0.000193222246643367	4.83055616608418e-06	
5.07786052809749e-05	0	0.000348196150498114	0.000394138698133282	0.000437663216945546	0.00211335719121772	0.00551552374504304	0.018981526259793	0.0398515330302737	0.0713657026791759	0.113296740497147	0.154383886255924	0.180181835767482	0.178462617274398	0.129514459812361	0.0666843988780346	0.029287165103008	0.00804961795144598	0.00106393268207757	1.6926201760325e-05	
3.85052270845767e-05	0.00012754856471766	1.68460368495023e-05	0.000452436418243777	0.000416337767851986	0.000630523093509944	0.00259669625151614	0.00928697945746135	0.0260199072024027	0.0496284245586338	0.0852698253787952	0.132111434127183	0.168101788567798	0.179369380643422	0.163353612752931	0.107595637357771	0.0491278566065343	0.021112897325812	0.00421150921237558	0.000531853449105716	
0.000205311034139602	0.000159417979449573	3.86467828968662e-05	0.000499992753728207	0.000342990198209688	0.00105795568180171	0.00447578054424332	0.0152316633092274	0.0343763133867625	0.0613831683598788	0.100918827263373	0.148688666347831	0.174038540504244	0.174867030912595	0.148089641212929	0.0849263054158635	0.0347313807046275	0.0133258938276257	0.00237919257208833	0.000263281208484901	
0.000147596833201061	0.000181471516230812	9.19455682236116e-05	0.000682332901027855	0.000532316447610383	0.00203006136156869	0.00729757457269507	0.0219628927043611	0.044083060722789	0.0746041501325952	0.118868682371615	0.161770968428795	0.171872882832311	0.16749820948104	0.12806081957376	0.0662395230444629	0.0250624262015834	0.00768229418710439	0.00118077466560849	0.000150016453417472	
0.000202732055799585	9.41255973355216e-05	0.000313751991118405	0.000726456533281846	0.00115846889028334	0.00317372206400541	0.0114712554906598	0.0296809383598011	0.0539050055509968	0.0923999613843703	0.137206159192933	0.171033450789207	0.169242650962977	0.15442390307477	0.104942800598542	0.0478640729835401	0.0170729352705508	0.00448182651928368	0.000574407491432157	3.13751991118405e-05	
1.66961233986629e-05	0.000147879950102443	0.000104947061363024	0.000541431430213782	0.000896820342556749	0.00197252772152774	0.00460335973705991	0.0173591980136383	0.0375257299187376	0.0673640875926337	0.108505720807425	0.150217407378255	0.176315833410851	0.168578372795814	0.134282150174474	0.0838073839798311	0.0341006394615262	0.0109502717890373	0.00241855273232059	0.000288604418748315	2.38516048552327e-06	
6.4433450984042e-05	0.000131253326078604	7.15927233156022e-05	0.000782747108250584	0.0013435567742228	0.00259881585635636	0.00819975324374697	0.0234895725198491	0.0473752914420445	0.0776065120741128	0.127089016005747	0.164558260965022	0.176466517276517	0.159191193140463	0.113732200259166	0.06580087199937	0.02312683605505	0.00690869779995561	0.00131730610900708	0.000145571870741724	
6.95994432044544e-05	0.000115199078407373	0.000407996736026112	0.000710394316845465	0.00239518083855329	0.00398156814745482	0.0125134998920009	0.0314901480788154	0.0600715194278446	0.0940888472892217	0.139722082223342	0.169318645450836	0.174341805265558	0.148575611395109	0.0942640458876329	0.047874817001464	0.0152398780809754	0.00408236734106127	0.0006671946624427	6.95994432044544e-05	
0.000190306875859693	0.000243303727364924	0.000563693784192003	0.00119483810666339	0.00312440529101294	0.0072123897003028	0.0188572433446795	0.0411448283504248	0.0742244994808717	0.112314782026359	0.150850719914049	0.177881523129512	0.162093279276545	0.129729065641418	0.0735692656804434	0.0332049364158229	0.0104765139634659	0.00286423892907817	0.000226441092795078	3.37252691396925e-05	
2.17601547388781e-05	0.000227272727272727	0.000382011605415861	0.000560928433268859	0.00223646034816248	0.00465425531914894	0.00988394584139265	0.0250870406189555	0.0543375241779497	0.09071083172147	0.130739845261122	0.160652804642166	0.175016924564797	0.148077852998066	0.110432785299807	0.0561049323017408	0.0233704061895551	0.00593568665377176	0.00140957446808511	0.00015715667311412	
0.000128373124965182	0.000215569964564173	0.000494115424394285	0.000753283808757954	0.00281936448036739	0.00660273846519029	0.0140629125197707	0.0339365255450408	0.0672408740029889	0.104888109499853	0.144441564795729	0.16511448218399	0.16915218028431	0.137417374939144	0.0927217282413609	0.0400911691400696	0.0160103086041481	0.00329168069486193	0.000542558113060391	7.50861674324648e-05	
7.70705484532904e-05	0.000187859461854895	0.000582846022678009	0.00143543896494253	0.0039522740628703	0.00977832583501122	0.0215556690205297	0.046035201973006	0.08226558510997	0.120090365218061	0.154239843546787	0.166821610581786	0.156554368455025	0.125140894596391	0.0711168485852737	0.028072947274111	0.00971088910511459	0.002097763990713	0.000260113101029855	2.40845463916533e-05	
0.000119791221014803	0.000459607133689447	0.000726081482477478	0.00224669657372661	0.0054468334779792	0.0138517766993852	0.0302631739784131	0.0598613844442543	0.0968230879243115	0.135708785096994	0.1598968328668	0.167255436443423	0.142940263296214	0.103927440746128	0.0535564546688017	0.0199097898764195	0.00559596132454864	0.00124436186727622	9.77887518488186e-05	6.8452126294173e-05	
7.57398068879246e-05	0.00056682694187092	0.000928423439271334	0.0033178921856065	0.00825319573120675	0.0201883233649975	0.0404597161956139	0.0748480317423088	0.112454067471952	0.14711113717212	0.161443063210977	0.162774617880458	0.127941636370744	0.0824488878464485	0.0400394824283648	0.0129734959540284	0.00348403111684453	0.000625464211719636	6.59669285798053e-05	
1.46266189838888e-05	0.000112137412209814	0.000680137782750828	0.00171375219094564	0.0055459263647245	0.0116403509413448	0.0270275541123958	0.0530995024511776	0.0922573992408785	0.126200906362823	0.15695581054628	0.161051263861769	0.14837973628206	0.111164742047385	0.0636331058894081	0.0299626289884962	0.00841761922522799	0.00191608708688943	0.000204772665774443	2.19399284758332e-05	
5.16597540995705e-05	0.000396058114763374	0.000924955597211357	0.00286096638180002	0.00906259686203894	0.0172445179160947	0.0376452008088441	0.0688845921093416	0.10897994125548	0.137358366174177	0.159822979242619	0.156743073902968	0.132969747064004	0.0925545994401067	0.0472539150713643	0.0202358636772889	0.00568503293924321	0.00118571435599967	0.000125459402813243	1.47599297427344e-05	
9.94601798737353e-06	0.000134271242829543	0.000276001999149615	0.00153665977904921	0.0050898747050384	0.0125170636371096	0.0229628690283486	0.0481859706443279	0.0849240745851889	0.122137100884947	0.148824753649567	0.160784840279384	0.148804861613592	0.118131342140532	0.0730286370722901	0.0346519266680094	0.0140015068217251	0.0034388357191344	0.000450057313928652	0.000109406197861109	
1.4881838204655e-05	0.000342282278707066	0.000285235232255888	0.0025150306565867	0.00708127467904836	0.0147851062563248	0.0301506042026311	0.0608816000952438	0.101744647498859	0.133698434430621	0.159880548445344	0.15855606484513	0.137989364446296	0.0994032382879933	0.0576522412048336	0.0243714903664901	0.0085248129848999	0.00187263130741909	0.000215786653967498	3.47242891441951e-05	
1.74673796684691e-05	0.000563946829296289	0.000853406263802349	0.00390770236583181	0.00938996424177848	0.0206713961676569	0.0401924406171475	0.0739119693971508	0.115501800387776	0.145128971645452	0.162511509755532	0.15455636598652	0.125206177463587	0.0815626816919403	0.0425455461924855	0.0179889057185706	0.00447663987503337	0.000908303742760395	0.000102308938058176	2.49533995263845e-06	
5.97661648799074e-05	9.96102747998456e-05	0.000689801152988931	0.00183780957005715	0.00504775067548218	0.0140774220860882	0.0261153237956495	0.0518969531707196	0.0886083199482027	0.130190629163398	0.148992068531869	0.162835406472178	0.145939013609254	0.111199930272808	0.065800057275908	0.0304384097219628	0.0125882484778305	0.00291609079476548	0.000577739593839104	8.9649247319861e-05	
6.16183948161677e-05	0.000138025204388216	0.000352457218348479	0.000818292283158707	0.00336189962117011	0.00786990138592094	0.0180073597010768	0.0358002873881934	0.06396728802656	0.101924219233319	0.143321921606613	0.154681888874922	0.161612725923845	0.132528843570613	0.0945842360428174	0.0495781604690885	0.0218424885944351	0.0078255361416533	0.00139257572284539	0.000278515144569078	5.17594516455808e-05	
9.84819014885539e-06	0	7.13993785792016e-05	0.000142798757158403	0.000738614261164155	0.00162495137456114	0.00467050417809467	0.0118326004638498	0.0232958937971174	0.0450037669327319	0.0790046434216552	0.117799126465534	0.154495945007706	0.158747901104475	0.151539025915512	0.117282096482719	0.0764342657928039	0.0361674783216714	0.0151785230669234	0.0052096925887445	0.000521954077889336	0.000219122230812033	9.84819014885539e-06	
4.16678921929076e-05	2.69615773012932e-05	0.00014951420139808	0.000205888408482602	0.0014265125444866	0.00277459140955126	0.00690461484161299	0.0153484906418816	0.0307043344412091	0.0566683333823544	0.0916448522995774	0.136124101689265	0.160382168102983	0.1584531897997	0.143889035952038	0.0983043618929968	0.0578963106758042	0.0260179220957479	0.00958606625685069	0.00299028402796161	0.00028187103542261	0.000178926831181309	
7.08253349549893e-05	0.000146535175768943	0.000146535175768943	0.000483566080037513	0.00164607847447113	0.00441803554943364	0.00986914408803833	0.0208202062238374	0.0408540070043814	0.072180785330852	0.108035500588583	0.148528054159401	0.159017530491528	0.155718046783797	0.127732270464858	0.0806480762373674	0.0442902568761631	0.0173839563520556	0.00621064919967372	0.00148244752819581	0.000227129522441862	9.03633583908484e-05	
6.91137884476303e-05	0.000313480397601752	0.000199936316580645	0.000283860202552767	0.000659049339839903	0.00258436201802389	0.0067953664141545	0.0134771887472879	0.0280256412155141	0.0513071145240158	0.0867254627538389	0.121640267667829	0.15734741279938	0.159704686655362	0.142144847690489	0.111818704659504	0.0665516415758931	0.0327574673745893	0.0125392159040701	0.00440353566394901	0.000523290112532058	9.62656339091993e-05	3.20885446363998e-05	
7.92840648940071e-05	0.000190777281151205	0.000230419313598208	0.000681347432682874	0.00168230875196971	0.00370157477973896	0.0086568288356144	0.0196996124991328	0.0376970952300724	0.064011971893799	0.100718016312696	0.134609476427856	0.157423466101107	0.153967176397134	0.130987185713012	0.0985624807983905	0.0529345014518894	0.0238793692952638	0.00818112444625036	0.00192263857367967	0.00016352338384389	1.98210162235018e-05	
4.21546480458841e-05	0.000138862370033501	0.000466180813683895	0.00140598149658919	0.00240281493861539	0.00615953798505742	0.0118876107489393	0.0258606367335603	0.0507541962472444	0.0755783245759118	0.115136742239205	0.147546227530953	0.157370740210823	0.146512198811239	0.119684484857802	0.0776736585523102	0.040443665272257	0.01523022637046	0.00468412530345147	0.00092740225700945	9.42280368084468e-05	
2.00174652384205e-05	0.000362816557446372	0.000798196426382018	0.0016589474316341	0.00456147989120508	0.00921053619282824	0.0189415264818554	0.0338495337181691	0.062809801551854	0.0929986413145469	0.129252773044481	0.149490430400524	0.15379168324363	0.137244746040921	0.101923928627728	0.0593918193623937	0.0298635559525686	0.0101613657916532	0.00289252372695177	0.000693104733880311	8.25720441084847e-05	
0.000125331815982815	0.000478767537054351	0.00123577170559055	0.00297287067511236	0.00661751988389261	0.0125081152350849	0.0223491694260555	0.0439438413198944	0.0749208529582069	0.110457436061974	0.137383723407722	0.153551527669505	0.149257659653934	0.121729779591468	0.0853108605031822	0.0464880771843456	0.0216548311655107	0.00640946906936113	0.0022133598702565	0.000355942357391193	3.50929084751881e-05	
7.47821968516695e-06	0.000311592486881956	0.00108434185434921	0.00140590530081139	0.0053394488552092	0.00927299240960702	0.0180673787593634	0.0289781012800219	0.0572706990889036	0.0872483890668428	0.127934889633941	0.146640409806439	0.151102414218588	0.140498298705022	0.103663081275784	0.0674684979995762	0.0330936148467588	0.0152580608976356	0.00377899368090437	0.00133860132364488	0.000236810290030287	
7.97975138087104e-05	0.000805456155006671	0.00170068451304814	0.00288767253095271	0.00717928257047741	0.01168036108375	0.0224231013802476	0.0384474396219593	0.0676682917097864	0.102888919367106	0.141682979439672	0.150597857935489	0.146834906424947	0.127725895540067	0.0880765058663641	0.0528309414859793	0.0234056082690174	0.0100145879829932	0.00242135580963306	0.000566063613580539	8.22911861152326e-05	
9.74416689809063e-06	0.000345917924882217	0.00120584065363872	0.00232398380519462	0.00473810115419657	0.00965403335428329	0.0162240378853209	0.0281996190030743	0.0486063405294006	0.0810324919245217	0.118791138654623	0.150160047941301	0.150732517746564	0.138795913296403	0.108372188198839	0.0749618759470112	0.0402312290804917	0.0171058849895981	0.00640922577721911	0.00173446170786013	0.000331301674535081	3.41045841433172e-05	
0.00015145978382121	0.000656325729891911	0.00103617725122129	0.00319748432511444	0.00666663461168596	0.0117056775781821	0.0213774666307651	0.0363070738931415	0.0593265569104127	0.096138496749625	0.135445916836558	0.153096991960611	0.148319998461361	0.127038696772705	0.0910393506943109	0.0618893526176097	0.0302462784167404	0.0108858714467054	0.00446445743739662	0.000829422625687579	0.000137035042504904	4.32742239489172e-05	
0.000151794792715778	0.00124568107673106	0.00131073598789497	0.0044863794291552	0.00853665000939682	0.0144277336314615	0.0281037216228068	0.0454059185512512	0.072088069893069	0.112465484755466	0.145975992328339	0.154601791660442	0.143344882587933	0.114848422056988	0.0764347017352795	0.0464154743948689	0.0205236197516348	0.00677534852566296	0.002500999918079	0.000298770703123118	5.78265877012486e-05	
