# <P(U)> as a function of N_tot.
# number_of_species: 1
# species_total_upper_bound: 151
# species_total_lower_bound: 97
# volume: 729
# Bin widths for each
10	10	10	10	10	10	10	10	10	10	10	10	10	10	10	10	10	10	10	10	10	10	10	10	10	10	10	10	10	10	10	10	10	10	10	10	10	10	10	10	10	10	10	10	10	10	10	10	10	10	10	10	10	10	10	
# Bin lower bound for each
-250	-260	-260	-260	-270	-270	-280	-280	-280	-280	-310	-310	-320	-320	-320	-320	-320	-320	-330	-330	-350	-350	-360	-360	-360	-360	-370	-370	-370	-370	-380	-380	-380	-380	-390	-390	-400	-410	-410	-410	-420	-430	-440	-440	-450	-450	-460	-460	-460	-460	-460	-470	-470	-470	-480	
# Bin upper bound for each
-100	-100	-100	-100	-110	-110	-110	-120	-120	-120	-120	-130	-130	-130	-140	-140	-140	-140	-150	-150	-150	-150	-160	-160	-160	-170	-170	-170	-170	-180	-180	-190	-190	-190	-190	-200	-200	-210	-210	-210	-220	-220	-220	-220	-230	-230	-230	-230	-240	-240	-240	-240	-250	-250	-250	
# Normalized histogram for each
2.34425364824474e-06	8.1111176229268e-05	0.000380706792474946	0.00196214030358085	0.00655922170778878	0.0190015823712126	0.0474106546328313	0.0964880736095646	0.161313719744476	0.221880325851257	0.218389263318291	0.149403504659204	0.0609806013010608	0.0145367168727656	0.00154111234835609	6.89210572583954e-05	
3.27294898314151e-06	8.88371866852695e-06	0.000152425909786304	0.000750908009560751	0.0031616687177147	0.00968699386181796	0.0267848793497492	0.0619933942538237	0.117202432829736	0.181012313769203	0.225242946327377	0.200708453185608	0.121003729291584	0.0430523709242434	0.00841288157909502	0.00079392391048204	2.8521412567376e-05	
6.97332563478183e-06	6.74088144695577e-05	0.000249180169349537	0.00133980829862942	0.0047976480367299	0.0139791934558593	0.0365109383585907	0.0786591131603391	0.138077426229188	0.198833223154788	0.221984664262264	0.178304217374366	0.0932342935137844	0.0288463237092142	0.00474976453403773	0.000349596058490396	1.02275442643467e-05	
1.20299249008804e-05	0.000144359098810564	0.000480271617196685	0.00202426620928275	0.00697041610122164	0.0204430066113691	0.0493629460730855	0.0978352150140866	0.15808431774363	0.211076136932008	0.211712797572916	0.151620083867084	0.0692710837157847	0.0183807998697067	0.00239765657062931	0.000183225010028793	1.38806825779389e-06	
2.31243172545331e-06	4.90235525796101e-05	0.000172044920373726	0.000837100284614097	0.00328874039993969	0.0105613381764903	0.0281857678152053	0.0648003492696878	0.115864854090183	0.176732681967565	0.215335954705937	0.197101968064393	0.124842176534738	0.0494171284592822	0.0114567117405859	0.0012625877220975	8.92598646024976e-05	
1.29391632890059e-05	9.56573857437223e-05	0.000406197304679864	0.00131240084788489	0.0050961818839699	0.0152649778902047	0.0380582382497379	0.0814885398292862	0.135694853863703	0.191973744589235	0.215620989725842	0.174442564671556	0.0989735084495047	0.0343021839921293	0.00657170861189118	0.000661283666663124	2.40298746795824e-05	
5.0895859668085e-06	1.52687579004255e-05	0.000160090613137795	0.000783333549255162	0.00201038645688936	0.00770563315374806	0.0220476237185811	0.0511549658627589	0.0988851030594889	0.155056549926988	0.202656208647114	0.207464016627215	0.151473944095988	0.074437508212741	0.0223182971540886	0.00350024707626421	0.000321106605542282	4.62689633346227e-06	
2.67097461100478e-05	5.1116927900264e-05	0.000275386692651873	0.0012696339659552	0.00344049160669254	0.0115188082663901	0.0303933885089146	0.0657391323569233	0.117703864439749	0.173031721968121	0.208431806334078	0.192288527887738	0.125843429310354	0.0541996010116547	0.0137375592449799	0.00191066787259635	0.000138153859189903	
5.14846660736736e-05	0.000131010087776759	0.000491862434810989	0.00188056936524463	0.00542197889588376	0.0171522084393481	0.041358275815308	0.0821414862979537	0.136834290626343	0.187932821704464	0.206143223905434	0.17244788901377	0.100210305667221	0.0383983672005902	0.00839383930808286	0.000957063167548112	5.33234041477334e-05	
3.30240993364908e-05	0.000181632546350699	0.000789367707751398	0.0030079450478987	0.00865369003029961	0.0236067270090348	0.0534169393448202	0.0996231583331269	0.155028882326878	0.197839581768129	0.198312468523905	0.151009115568753	0.0771511760707376	0.0259757474683817	0.00495728424484434	0.000405921221011033	7.3386887414424e-06	
9.16513837984183e-07	0	1.55807352457311e-05	6.82802809298216e-05	0.000342317918487092	0.00138026984000418	0.00478557700503441	0.0126593473871565	0.0320000806532177	0.0673765982855692	0.1180116965496	0.172297269430323	0.203421621111346	0.185309016388184	0.126998114731035	0.0561007285368498	0.0163781022847773	0.00271471398810915	0.000139310103373596	4.58256918992091e-07	
8.24913865243904e-06	2.74971288414635e-06	5.04114028760164e-05	0.000138402215168699	0.000637933389121952	0.00231892453229675	0.00708509353148375	0.0185060259957856	0.0421058951094523	0.0833075929655012	0.136856418242329	0.187238949133061	0.201692814908577	0.167113800533994	0.101712796155535	0.0395500369836383	0.0102743021916128	0.00136064959217175	3.89542658587399e-05	
4.57473074278531e-07	9.60693455984914e-06	1.05218807084062e-05	6.95359072903367e-05	0.000256184921595977	0.000938734748419545	0.00353443697187593	0.0100982606416243	0.0257850123586351	0.0549228448786576	0.100049361344715	0.155616785785031	0.196444427772092	0.192991421007438	0.146095398690072	0.0786656974337133	0.0276066701404122	0.00619098311421136	0.000694901599829088	1.87563960454198e-05	
1.37577633912336e-06	2.33881977650972e-05	2.01780529738093e-05	0.000189398542685983	0.000415943046528297	0.00157709827674842	0.00551548734354557	0.0145135231935254	0.0342903080684238	0.0695097237578689	0.118600633682582	0.172410456450488	0.200092910762102	0.179454889898913	0.122979729770011	0.0583264964892481	0.0181565789395241	0.00360636837695538	0.000314594189546209	9.17184226082243e-07	
6.93787273721281e-06	2.03510933624909e-05	6.38284291823578e-05	0.00022016182819422	0.000670198506414757	0.00256423776367385	0.00827549460094744	0.0198853308393993	0.0450707339251801	0.0860129710468695	0.136994772544155	0.18469958548523	0.196280745183035	0.163612152562896	0.10005985071548	0.0415657206183402	0.0119067771916046	0.00195185486340254	0.000138294929895109	
5.57226461012954e-06	2.22890584405182e-05	0.000123982887575382	0.000442066325736944	0.00107451835898665	0.00414344309301549	0.0120212321855861	0.0278343904383654	0.057244338695245	0.103625547533042	0.154310866426781	0.193788039412628	0.187815500461337	0.142800889519174	0.0782369169031396	0.0284640563393101	0.00704334246720374	0.000958893868326459	4.41137614968589e-05	
9.31836183198994e-06	3.68075292363603e-05	0.000225970274425756	0.000685831430834459	0.00193682150677911	0.00638261193682151	0.0177980710991008	0.0378302194474211	0.072596561524484	0.12188184317197	0.169240553510693	0.195526720402553	0.174299026231189	0.11927177002283	0.0585099939430648	0.0193248846852723	0.00403298700088524	0.00039789405022597	1.21138703815869e-05	
2.09947597079769e-05	6.06515280452666e-05	0.000327984801660172	0.0011514459324286	0.00332230408623341	0.00930441095235962	0.0239428905211926	0.0500001866200863	0.089777324913035	0.139995857034084	0.180510611218107	0.192008741284842	0.156888707245338	0.0963188254878249	0.0421962011615234	0.0117416692793479	0.00223804138487034	0.000189419387587525	3.73240172586256e-06	
1.87224545886864e-06	6.08479774132308e-05	9.50164570375835e-05	0.000509718826176987	0.00192607251581111	0.00519360890290161	0.0138513399660749	0.0327619552233776	0.0633179372348432	0.107472506075437	0.156200502510681	0.185728621765228	0.182881404483653	0.136381848205827	0.0764208470787354	0.0290553772761824	0.0069446264683085	0.00110041226845004	9.54845184023006e-05	
2.34889554931271e-05	9.25464846429209e-05	0.000261666964193436	0.00090714346114457	0.00296571552056223	0.00777531404733494	0.0203372074450593	0.0427329869495363	0.078882489453459	0.125482698035384	0.167666043426381	0.188644969135512	0.166928960003007	0.115334999483243	0.0577668580233574	0.019473753441132	0.00414720998186653	0.000565614048274501	1.03351404169759e-05	
4.23210758957961e-06	4.70234176619957e-07	6.4892316373554e-05	0.000132135803630208	0.000387472961534844	0.00151415404871626	0.00427630960218189	0.0117041286560707	0.0274221762437694	0.0551984388225336	0.0953578482084078	0.140867111821687	0.176600677137214	0.184863161854604	0.150598608106837	0.0937440045142481	0.0420511614784163	0.0126337816232484	0.00229944512367159	0.000269914417379855	9.87491770901909e-06	
9.88782032417925e-06	4.23763728179111e-06	0.000148317304862689	0.000156792579426271	0.000672842630631055	0.00218097065436182	0.00645203818582039	0.0161369227690605	0.0369733852836274	0.0690442950808094	0.112951867503208	0.156044871870328	0.181159464645157	0.175829458641837	0.130122773769025	0.0735978717643874	0.029332925264558	0.0078457500029428	0.00124256942073853	8.99320800913446e-05	2.82509152119407e-06	
7.55456758599459e-06	2.50245051286071e-05	1.74699375426125e-05	0.000191224992020488	0.000253550174604943	0.00103025415454001	0.00343685609115341	0.0100267998285113	0.0230862863823253	0.047904929544214	0.0850479054017047	0.128627372842463	0.16749279010956	0.178922378706696	0.161828280901487	0.110235305893885	0.0561639605576026	0.0203954438402889	0.00463425505353355	0.000637416640068293	3.4939875085225e-05	
4.03195777164604e-05	3.13069662268987e-05	3.98452297433256e-05	0.000221520503453965	0.00044209231096166	0.00187699492969452	0.00565517653571342	0.0142883096467673	0.0319373746831948	0.0609409071525508	0.10062628162893	0.144539993937833	0.174119384846575	0.174388814495315	0.145305117218499	0.0897769947873901	0.0401331589630184	0.0128837652983151	0.00244384075759063	0.000301210962940616	7.58956757015725e-06	
2.90577615901169e-05	6.57372311382973e-05	9.52713494757932e-05	0.000322017161228181	0.000836482448397464	0.00321540804480802	0.00854345826424176	0.0201422687061722	0.042222356660682	0.0753134308308567	0.117054190819939	0.156889523819505	0.174645721578056	0.166948272897159	0.125725789049225	0.071071473995447	0.0275624777600944	0.00786941346670052	0.00129807213660768	0.000149099661929616	4.76356747378966e-07	
4.00296791478253e-05	4.81309237372662e-05	0.000188711344554034	0.000594250117825454	0.00153637720919749	0.00442518572103221	0.0121437656395718	0.0271587076704013	0.0533409770958754	0.0914635279585864	0.134413944052805	0.166384791009334	0.173632545654087	0.152818065584817	0.105704086315425	0.0524488871034381	0.018414128951799	0.00452811918169805	0.000630943990377628	8.48247962894394e-05	
3.32067523559005e-06	2.98860771203104e-05	6.83110334178524e-05	0.000374761919445163	0.000910813778904699	0.0024966733949872	0.00667171093047692	0.0169387643767448	0.0360312238348581	0.0675439574384311	0.107702780591128	0.148659040182542	0.171711167668008	0.167729678060536	0.135928045711467	0.0847422088657285	0.0377252425871855	0.0117855507932856	0.00254885543440362	0.000368120568973983	2.98860771203104e-05	
1.28405846175503e-05	3.47171361881916e-05	0.000129832577799675	0.000579728616621994	0.00137299139966177	0.00395775352545384	0.00966896021701539	0.0233765220848544	0.0470341102996707	0.0814492549607459	0.12319447112961	0.160342282428183	0.173852479754678	0.15894503659091	0.115765003985337	0.0654641538435199	0.0260007571189152	0.00733482727986958	0.00131306867144653	0.000159793941907293	1.14138529933781e-05	
1.37717433269967e-05	5.65116364107798e-05	0.000321498973530234	0.000892313990049203	0.00243664879347656	0.00603012402642085	0.0137669944499874	0.0314375658016271	0.0599873394938932	0.0969905891504307	0.138449710104803	0.166677035048137	0.170850348163918	0.145083416399107	0.0958632057484206	0.0489552233135669	0.0172873369769884	0.00413152299809902	0.000695710481863801	7.07582674387074e-05	2.37443850465461e-06	
4.72322159972176e-05	0.000114502341811437	0.000482341114880677	0.00132345623410385	0.00348945886670353	0.008767062638029	0.0194529936875813	0.0411759963015744	0.0747156405905077	0.11317745429806	0.14974807099336	0.171841774938968	0.162958778679855	0.126405814428917	0.0770548280150971	0.0351383832364755	0.0114134980131458	0.00237306103404202	0.000291980971619163	2.76713992710972e-05	
4.30679914380833e-06	6.89087863009333e-05	0.000325402601976629	0.000609172812229778	0.00221656595934669	0.00555337822932174	0.0120317612080859	0.0264595383398438	0.053167913963552	0.0893517262368768	0.129463339329355	0.158767757770303	0.170191781765874	0.150735098833862	0.108093959044254	0.0602659974857864	0.0245851236458108	0.00668032400528492	0.0012906041434279	0.000132553706981656	4.78533238200926e-06	
2.69182238779066e-05	0.000128342245989305	0.000440785916000721	0.00112960403773358	0.00335997115904585	0.00768226882172685	0.016867151354924	0.035530613471129	0.0661419215285706	0.104618157784053	0.142531514750946	0.164775100642913	0.164358348855375	0.13701039476056	0.0897213242804783	0.044552544613351	0.0166575737547317	0.00385267079252539	0.000557591780328066	5.72012257405516e-05	
5.03645131640246e-05	0.00024165280835431	0.000520110453251562	0.00171142489924676	0.00489843317936643	0.0113494493318469	0.0227492631768579	0.0461469694607026	0.0808699113681423	0.119496103045794	0.152752178507331	0.166928820414674	0.155561452938721	0.119571165541375	0.0714420619231689	0.0323170678555275	0.0106574215500066	0.00238069179533024	0.000330759254721431	2.46979824169736e-05	
8.5292585247502e-05	0.000342145113392837	0.000771044970637418	0.002468123723962	0.00681902034398743	0.0154574533778544	0.0307418846542068	0.0580998469119941	0.0952357511425551	0.133913745314391	0.161038736967902	0.164580085107378	0.142853870406933	0.100862624837883	0.0563852222554186	0.022034242779739	0.00676248354462337	0.00133348864706952	0.000185694142738847	2.92431720848578e-05	
4.39123567908264e-06	0.000108317146750705	0.000495233801585431	0.00118465780320141	0.00379744303225558	0.00938163107082234	0.0210315793274286	0.0408140960616959	0.071003841355389	0.111210483148145	0.148260314402716	0.164957256199815	0.158867100228003	0.125233162416682	0.0819365544510785	0.0425940102569507	0.0146237906414961	0.003814032144821	0.00060940592924158	6.73322804126005e-05	5.3670658299899e-06	
2.77847104150743e-05	0.000163783556130964	0.000722402470791932	0.0017977195089613	0.00581821585112855	0.0133132633483598	0.0279046233758131	0.051776564132961	0.0866668486483957	0.126098714689045	0.158591227440765	0.163477924316399	0.147615291924691	0.108669414590775	0.0650040360947761	0.0304447308490228	0.00952235645541188	0.00210335132352712	0.000260786317053768	2.09603955762841e-05	
2.44684594217516e-06	5.52987182931586e-05	0.000341579693527652	0.00106242050809245	0.00321270872207598	0.00868972867904086	0.0187815000829481	0.0372008669664542	0.0645590514459147	0.103918036533367	0.138705824031648	0.16204237252055	0.158218931051307	0.134504100179745	0.0911968844799987	0.0494135644330389	0.0207722539415018	0.00597177220647269	0.00119210334302774	0.000154151294357035	4.40432269591528e-06	
1.61645294383022e-05	3.5268064229023e-05	0.000107763529588681	0.000540287150619616	0.00168796874073907	0.00500414644671804	0.0122536929826839	0.024677848275808	0.046603318039076	0.0792649743547291	0.118930280425196	0.15038988355171	0.162220359763645	0.150417804102558	0.119318229131715	0.0734462335911657	0.0372234824568321	0.0136942954395944	0.00355031846572165	0.000533429471463972	8.42514867693326e-05	
3.91176428881925e-05	3.47169080632708e-05	0.000248886002876125	0.00088405872927315	0.00269520559499646	0.00735313892190798	0.0162797850289935	0.0326539413714548	0.0587850157913035	0.0948338795949173	0.132179982230811	0.158045545649556	0.159562332252545	0.139521385859852	0.101355768605451	0.0584886996464254	0.0260019861983176	0.00890024169813599	0.0018698233300556	0.00024790806180392	1.85808803718914e-05	
3.97256283270214e-05	9.90688508896089e-05	0.000557139676290078	0.00142914174006099	0.00422612023819683	0.0102330275931272	0.022064889116453	0.041877678414663	0.0718131463384251	0.109789866139346	0.143770481994482	0.162087920172086	0.153795563088712	0.125564373664164	0.0832703118118516	0.0449002592465078	0.0182634897934562	0.00521043302896636	0.00086268370650902	0.000144189317631411	4.90439855889153e-07	
2.45435633523366e-06	9.37564120059258e-05	0.00022678252537559	0.000913511427973968	0.00241165053500059	0.00603231700073729	0.0143039887217418	0.0288111981480409	0.0530749648781608	0.0854263266041428	0.124385306455841	0.152361041707368	0.162474462422332	0.1440069036135	0.109814774636093	0.0669165528663446	0.0329227358808243	0.0121495547306737	0.00308218068578643	0.000480072099171704	0.000109464292551421	
3.92227617531006e-06	3.77519081873593e-05	0.000165225883884936	0.000491755375479498	0.00133210304603968	0.00383794723754089	0.00906339967209771	0.0192181726899754	0.0372322065941307	0.0651906814562627	0.0996140480243495	0.137488037057665	0.159504753798724	0.158011347144975	0.130670140495933	0.092760850977039	0.0525805635526409	0.0229850286718388	0.00789161966472383	0.00164686570910831	0.000235336570518603	3.8242192709273e-05	
1.13020058111966e-05	2.30954031794017e-05	6.87948179811964e-05	0.00028058457905188	0.0008854875857294	0.00197391988450333	0.00562053662906375	0.0130056603393452	0.0253214069326504	0.0477106804446307	0.078836404448666	0.113983676955259	0.148569780303749	0.161336624346388	0.148879356984664	0.116942836911565	0.075956849924596	0.0387103526864622	0.0160178905838076	0.00493897653949289	0.000748389341324015	0.000166581737825897	1.0810614254188e-05	
1.27034072003889e-05	3.32242957548633e-05	0.000190551108005834	0.000385988141857971	0.00127229509037741	0.00319686128123633	0.0080720380906779	0.0174554586785036	0.0329672960553478	0.0585412091200692	0.0929356841151222	0.128985510786903	0.156753693149199	0.158652852525657	0.138790586775265	0.100401867400858	0.058857328522325	0.0283349497604675	0.0106141853085096	0.00304539758000093	0.000410906363674119	8.84352578180921e-05	9.77185169260686e-07	
9.27250828181398e-06	3.22097656105117e-05	0.000111758126133442	0.000244989429340559	0.000604177118572932	0.00193893028440247	0.00468261668231606	0.0117077617726693	0.0232090882293804	0.0431932956836962	0.0715447217954699	0.107614779011726	0.140818655115399	0.159634526526206	0.153262361229593	0.124126188101127	0.0832251540700455	0.0454196737248349	0.019934428725645	0.00684701532599211	0.00153338005376103	0.000256702071380745	4.83146484157676e-05	
2.8964504245509e-05	7.41294939164723e-05	0.000244970976584898	0.000414339687851011	0.000961719725711054	0.0030147630605368	0.00683169561153396	0.0160561538280274	0.0304794950946894	0.0551238698934106	0.0851703701958197	0.120401516758175	0.150756317207468	0.159612582573383	0.142597163638649	0.108809823974362	0.0668839495408881	0.0338290681873522	0.0138617244385795	0.003922481168163	0.000752095262781692	0.000145313445028316	2.7491732843195e-05	
2.27104979276671e-05	6.17133095860518e-05	8.24489816069652e-05	0.000360405727982543	0.000619107921767272	0.00186719789483558	0.00422859597283627	0.0101920765047556	0.0218302192797316	0.0392491711902523	0.0667471408223669	0.100087139193135	0.131593511709483	0.155414355503223	0.156294634151158	0.129290370995732	0.0926805546298559	0.0527155090484055	0.0249894470240608	0.00909111106174046	0.00212935603395713	0.000390028116583847	4.98643541455299e-05	1.33300748705872e-05	
1.13906948918181e-05	9.1620806738537e-05	0.000146098043177667	0.000545267611995293	0.00107914452909877	0.00305419197381923	0.00645307628001696	0.0140343266019279	0.0282395136272331	0.0503166613179925	0.0794862499455228	0.114403682264985	0.14180474169866	0.158026081719817	0.14718015919239	0.114967274038328	0.0758709424363805	0.0401056462188836	0.0170885185757471	0.0055987741631306	0.00121335662978063	0.000254062020847943	2.6743370615573e-05	2.47623801996046e-06	
1.24041838816065e-05	9.8737303697588e-05	0.000277357551592722	0.000633605712672462	0.00158227769593773	0.00480538083573437	0.00895482842780939	0.0195425436217935	0.0356129080914476	0.0624749125380994	0.0953742813636068	0.127568100209928	0.148610557746686	0.155730559294728	0.134620126830299	0.098572079968285	0.0602967378484893	0.0295740552105263	0.0116663830243286	0.00319978327409922	0.000648986900685654	0.00012453800617133	1.88543595000419e-05	
7.38369442407183e-05	0.000201193284306924	0.000447481615096434	0.00104808816824912	0.00262245039544887	0.00648228904438145	0.0122747725425677	0.0250049554996135	0.0460232115601895	0.0748562905112093	0.10967115304565	0.136887252472794	0.151822632757835	0.151873674403853	0.11944538048326	0.0834070050942536	0.0470856706773177	0.0212828797399354	0.00713245059366885	0.0019579178972824	0.000343416123213542	4.16261967531567e-05	1.4370948879066e-05	
0.000138243341855048	0.000294754553883799	0.000766263094853694	0.00145352999436165	0.00407916603716574	0.00885497977203673	0.0178082110620347	0.0333215826492757	0.0576435237437877	0.0876749148569132	0.122364119138112	0.145131810089197	0.15331828455812	0.142015410182807	0.102675798626849	0.0679100667814086	0.0342710181720873	0.0146409573548914	0.00440946887895512	0.00107780434024846	0.000138243341855048	1.08619768600395e-05	9.87452441821771e-07	
7.88594945599271e-06	0.000181376837487832	0.000475128454723561	0.00117845657182991	0.00231896201190285	0.00564141109208078	0.0123035597668716	0.0234192983969343	0.0427630395406434	0.0689857929691832	0.101391623643062	0.132749115911135	0.150181992927289	0.149733479551979	0.128449794842096	0.0883645280136033	0.0539206722771911	0.0250689404487598	0.00980568527668593	0.00246780930788472	0.000531808716438508	4.68228248949567e-05	9.85743681999088e-06	2.95723104599726e-06	
2.73180859387958e-05	0.000297084184584404	0.0006014857136167	0.00171811247636498	0.00324353488226881	0.00827201398686	0.016989410339115	0.0301611181682833	0.0535761325785736	0.0824767162099668	0.115318909383958	0.139726155701382	0.150764613712508	0.143863870075183	0.112847598252423	0.0742164099742234	0.0406244329058053	0.0178655403810092	0.00570996778417151	0.00142151611474377	0.000236594137148499	2.82937318651813e-05	1.31712200062051e-05	
0.000110183145651487	0.000495340896020939	0.000793028693044254	0.0022413571470684	0.00465282160672156	0.0112246663335398	0.0226687324395612	0.0390106326735554	0.0649490982862655	0.0967412851414162	0.128421839072683	0.143218275711092	0.149374517344664	0.133780702678514	0.0964281330432488	0.0599691100584647	0.0295131354740437	0.0119891827213497	0.00349058272386267	0.000754851199594835	0.000136762413242854	1.54643011440683e-05	2.02968952515897e-05	
2.88741256553825e-06	0.000174688460215064	0.00075890826930897	0.00123340640091242	0.00314776093186428	0.00697598875834041	0.0154004961537258	0.0295651797294013	0.0489729232886667	0.0778821791302632	0.110352577136024	0.13852506153798	0.145278238293347	0.145051576406952	0.118881031383768	0.0806425455429178	0.0456899352016497	0.0209245976270281	0.00784558117599501	0.00224881315312671	0.000391244402630433	5.14921907520988e-05	4.81235427589708e-07	2.40617713794854e-06	
