# <P(U)> as a function of N_tot.
# number_of_species: 1
# species_total_upper_bound: 151
# species_total_lower_bound: 97
# volume: 729
# Bin widths for each
10	10	10	10	10	10	10	10	10	10	10	10	10	10	10	10	10	10	10	10	10	10	10	10	10	10	10	10	10	10	10	10	10	10	10	10	10	10	10	10	10	10	10	10	10	10	10	10	10	10	10	10	10	10	10	
# Bin lower bound for each
-250	-260	-260	-260	-270	-270	-280	-280	-280	-280	-310	-310	-320	-320	-320	-320	-320	-320	-330	-330	-350	-350	-360	-360	-360	-360	-370	-370	-370	-370	-380	-380	-380	-380	-390	-390	-400	-410	-410	-410	-420	-430	-440	-440	-450	-450	-460	-460	-460	-460	-460	-470	-470	-470	-480	
# Bin upper bound for each
-100	-100	-100	-100	-110	-110	-110	-120	-120	-120	-120	-130	-130	-130	-140	-140	-140	-140	-150	-150	-150	-150	-160	-160	-160	-170	-170	-170	-170	-180	-180	-190	-190	-190	-190	-200	-200	-200	-210	-210	-220	-220	-220	-220	-230	-230	-230	-230	-240	-240	-240	-240	-250	-250	-250	
# Normalized histogram for each
2.15066251158669e-06	7.44129229008996e-05	0.000365182494467421	0.00195323169302304	0.00668382895350913	0.0190647629002114	0.0467777698920152	0.0959075043067017	0.161193015508427	0.222391407673134	0.218713344645818	0.149692562793969	0.0611738746120742	0.0144898736055642	0.00145384785783261	6.32294778406488e-05	
3.00303649890561e-06	8.15109906845808e-06	0.000139855699806175	0.00072458980666451	0.0031986628765486	0.0098529627529093	0.02679352064845	0.0611491162063584	0.116383537525515	0.180942816178988	0.225555497401515	0.201529489389414	0.121279345029159	0.043294348199508	0.00837117874330645	0.000747756088227496	2.61693180618917e-05	
7.26126146905571e-06	6.40699541387268e-05	0.000229797568844234	0.00128780607818841	0.00482361328059095	0.0140988069747406	0.0363605532397827	0.0777804971913868	0.137419800434907	0.199181954825557	0.222181359829249	0.179017431725989	0.0934656762306023	0.0290642668624644	0.00467112678974078	0.000336580825742112	9.39692660701327e-06	
1.5314222318267e-05	0.000136126420606818	0.000453896533710857	0.00197468388892765	0.00711600863722139	0.0204802199802957	0.0489442545291813	0.0966752823347042	0.157576966729001	0.211340947337793	0.21214579479963	0.152396931029847	0.0696614195603457	0.0185191487334287	0.00238986947177844	0.000171859606016107	1.27618519318891e-06	
2.12688846426742e-06	5.57244777638065e-05	0.000165046544827152	0.000791202508707481	0.00331199071655723	0.0106918683098723	0.0282825120424425	0.0641392992838341	0.114889835685105	0.17605234187435	0.215648624413617	0.197418638008688	0.125669757177398	0.0500350511218911	0.0115200786778581	0.00124380437390359	8.20978947207225e-05	
1.1900046410181e-05	9.73253795689803e-05	0.000397801551426051	0.00127585497583441	0.00514549506743076	0.015385910005049	0.0381723738722581	0.080440488717906	0.134678775247223	0.191402896471296	0.216084867730984	0.17489498209043	0.0997525640349997	0.0348713859984054	0.0067124761786571	0.000652802545929929	2.21000861903361e-05	
4.67776373976154e-06	1.70100499627693e-05	0.000173077258371177	0.000773957273306001	0.00202802320681116	0.00781739371163968	0.0220173834205595	0.0508358100674831	0.0977261390461019	0.15421141195747	0.202255022323564	0.208183875238088	0.152044331592213	0.0752282217140942	0.0228028224775903	0.0035699842359362	0.000306606150578916	4.25251249069231e-06	
2.45768335377165e-05	6.52557304277301e-05	0.000284328539720824	0.00126274075762751	0.00345812997416043	0.0115909431825982	0.0301790803687881	0.0653409018680936	0.116507326862564	0.172294620300634	0.208515364334608	0.193453579022571	0.126289754087594	0.054622012537575	0.014020659794758	0.00195004461966503	0.000140681185077964	
4.73496458500149e-05	0.000148390407976386	0.000513659104533644	0.00190878259832873	0.00543421739067939	0.0171612872677648	0.0413189074745644	0.0816286756219503	0.135953938940941	0.187434841391369	0.206358634672962	0.173432029160618	0.100568533961956	0.0385079450169148	0.0085584484873902	0.00096770838705968	5.66504691419821e-05	
3.50700915920934e-05	0.00019901220650453	0.000805767044170147	0.00310137918416826	0.00863991846837502	0.023633438952055	0.0535101992699505	0.0986978010207509	0.154296994662163	0.197378278261318	0.199008826254738	0.151729272413908	0.0773498334593181	0.0261487673285337	0.00503361447152541	0.000418728442985115	1.30984679440349e-05	
8.43990115187771e-07	0	1.43478319581921e-05	6.83631993302094e-05	0.000375575601258558	0.00142803127489771	0.00481369762197345	0.0126564757673558	0.0319678135929672	0.0672415364671249	0.117171147691518	0.171805159817968	0.202942487137591	0.186476239990277	0.127172008561436	0.0564882584095175	0.0164907228606539	0.00272862004240206	0.000156560166367332	2.10997528796943e-06	
7.5976648155097e-06	2.53255493850323e-06	4.64301738725593e-05	0.000132114949291919	0.000659730561480093	0.00236287375762352	0.00706413990846502	0.0185159312478869	0.0422375291718672	0.0832834912451686	0.136142977921608	0.187082365862172	0.201125805088663	0.168210610645426	0.101646625011766	0.0397374753550748	0.0103281811317059	0.00136082618695574	5.27615612188174e-05	
4.21402351172278e-07	8.84944937461784e-06	9.6922540769624e-06	6.53173644317031e-05	0.000265904883589707	0.000981446075880236	0.00363628088826559	0.0102156357971184	0.0259196158159045	0.055195279956545	0.100119720407968	0.154701017138855	0.196207884522271	0.192955922578274	0.146637483149173	0.0784048572520605	0.0277860068292465	0.00615121012006174	0.000713855582885839	2.35985316656476e-05	
1.26841044916528e-06	2.15629776358098e-05	1.86033532544241e-05	0.000179691480298415	0.000413501806427881	0.00166500011627096	0.00551378022252147	0.0145372521578833	0.0345946265905339	0.069966365982923	0.11827758317073	0.171140279853625	0.200090057141891	0.180051708865978	0.123139400422381	0.0582834601391446	0.0182393194555137	0.0035485896332814	0.000312451773977714	5.49644527971621e-06	
6.38566885624157e-06	1.87312953116419e-05	5.87481534774224e-05	0.000222646987454289	0.000689652236474089	0.00262067849860154	0.00825752125363451	0.0199654322459249	0.0454161540393613	0.0861503356733262	0.136560508469525	0.183986871064832	0.196220535459619	0.16421215746208	0.100037036879366	0.0416239181612679	0.0119263008671738	0.00189058369270459	0.000135801891009404	
5.12656637963591e-06	2.05062655185436e-05	0.000116629385136717	0.000422087298590023	0.00108854092794269	0.0042213001997652	0.0120235070157061	0.0279026191627634	0.0573931922616189	0.103645928566424	0.153774776268099	0.193299321413497	0.187781427133549	0.143466105706381	0.0782536180742224	0.0285015730014508	0.00709730393874095	0.00094072493066319	4.57118835517535e-05	
9.43027830894535e-06	3.47205701374806e-05	0.000217753699133829	0.000646402713176799	0.00189291404601376	0.00639801518360538	0.0178416579115106	0.0379697296639263	0.0729659211174365	0.12167973831835	0.168645524839996	0.194968860792375	0.174357272952119	0.119902988155142	0.0585993207627723	0.0193629332623491	0.00407045103735205	0.000423933874888498	1.24308214072461e-05	
2.35975645597188e-05	6.26408077403444e-05	0.000324359251039044	0.00110736934779335	0.00325560581598448	0.00930087280955607	0.0241072719542087	0.0501924488651502	0.0900392963806914	0.139873491311162	0.179539281149536	0.191831896098636	0.156859876374504	0.0968761544035844	0.0423554831515534	0.0118142279584803	0.00223275865397776	0.000199506682186713	3.86141965522671e-06	
1.72169194110436e-06	6.28417558503092e-05	9.85668636282247e-05	0.000488530088288363	0.00185167968265774	0.00505359627012658	0.0139134229990496	0.0331077056044516	0.0635265588198835	0.107843339806895	0.155925030646117	0.184816743109789	0.182626320537719	0.136648106827542	0.0767177320496398	0.0290927199977962	0.00703138988747021	0.00109413522857182	9.9858132584053e-05	
2.16034140307261e-05	0.000104560523908714	0.000259240968368713	0.000863272424667815	0.00289615368495914	0.0076255730845657	0.0203581932459951	0.0431899773985082	0.0789552934629365	0.125719339678688	0.167410472211745	0.188008463353481	0.16684489483242	0.115594251590767	0.0579278264502696	0.0193968413216277	0.00425673670061427	0.00055607187715089	1.12337752959776e-05	
3.88943797189146e-06	4.32159774654607e-07	6.39596466488819e-05	0.000162059915495478	0.000375546844174854	0.0014585392394593	0.00419929653031882	0.0115801533216449	0.0275813011380063	0.0554694357160174	0.0954360038358502	0.141090658909687	0.17637045427339	0.184147601578075	0.150717882209668	0.0939917258689545	0.0421325529104016	0.0126182011003652	0.00233106982448695	0.000260160184342073	9.07535526774675e-06	
9.08564256476441e-06	3.89384681347046e-06	0.000154455923600995	0.000210700377573346	0.000674068148376331	0.00212430976157111	0.00633442346622456	0.0159686657820424	0.0367795464014582	0.0695687651184011	0.113209269605194	0.156145420468395	0.180998546729839	0.175008079732138	0.130516553391779	0.0738775229423291	0.0292207244372202	0.00786730116179409	0.00124170448385114	8.43666809585266e-05	2.59589787564697e-06	
6.94679924054117e-06	2.30112724842926e-05	1.60644732437515e-05	0.000205364752548498	0.000335183063356112	0.00104636163560651	0.00338873550452649	0.00986792832118874	0.0228402075529943	0.0475886140223748	0.0853353502207128	0.129097146211454	0.167542904083372	0.178644757619662	0.161520463316775	0.110690299098783	0.0562738497728614	0.0202724968837093	0.00465652636592525	0.000615660082692961	3.21289464875029e-05	
3.70497098135964e-05	2.87680099729101e-05	3.66138308746129e-05	0.000255425058244323	0.000514337148000514	0.00192135436303921	0.00558709623989033	0.0141503738751599	0.0316047101078147	0.0606608360593929	0.100990970767779	0.145068356714606	0.1741950950543	0.174059536704276	0.145164685960121	0.0898132912564864	0.0404273357117794	0.0127276650183178	0.00247274122085332	0.000276783126254514	6.97406302373579e-06	
2.66750860818147e-05	6.03469160539414e-05	8.74592986289006e-05	0.000331033445310389	0.000886399991603907	0.00322025137551612	0.00839128240694987	0.0198283348886512	0.0419634087786396	0.0752386108314843	0.117236128736589	0.157215960622325	0.174914661589363	0.166604716330138	0.125590678238115	0.071321746142389	0.0278859600713318	0.00774976845150688	0.00130926570047464	0.000136873802354229	4.37296493144503e-07	
3.67179887983907e-05	4.41490103409222e-05	0.000176596041363689	0.000619834620429976	0.00151549127576215	0.00442276917454901	0.0119534538295332	0.0269068547676779	0.0528787121777395	0.0912922852445702	0.13467371477204	0.166775727835776	0.173747774518328	0.152434293377605	0.105798950652334	0.0529447171337938	0.0186728457796387	0.00439042237489329	0.000636882258086372	7.7807166739447e-05	
3.04862247993244e-06	2.7437602319392e-05	6.27145195871817e-05	0.000355817795157829	0.000912409156494067	0.0024933376710876	0.00657021696175155	0.016582764220844	0.035836992769103	0.0667543798905893	0.107676910473717	0.149170404495586	0.17198019789044	0.168279605717299	0.135450732300896	0.0848318401615944	0.0382079500234962	0.0118992090566735	0.0024933376710876	0.000383255397477221	2.7437602319392e-05	
1.17992450231221e-05	3.19016624699228e-05	0.000119303477456013	0.000557186570536324	0.00134686196893565	0.0038850106761317	0.00956088454132839	0.0230482956209069	0.0465427775073177	0.0810581912543996	0.123494394484596	0.160799237156959	0.174481554283956	0.158890818526738	0.115089835955533	0.065799582394128	0.0265129035669555	0.00728843735169005	0.00130796816126684	0.000162567375874127	1.04882177983308e-05	
1.26465969533912e-05	5.18946564639156e-05	0.000295232625429167	0.000856043786879548	0.0023583722870324	0.00597137420975122	0.0136591968887627	0.0310879518487362	0.0595096521880575	0.0965349632616359	0.139036686905583	0.167301395006862	0.171296411375483	0.144462076998588	0.0956374909674952	0.0493967355208457	0.0176415666604306	0.00407961774134395	0.000740916145648677	6.75938802681253e-05	2.18044775058469e-06	
4.33819708034955e-05	0.00010516841406908	0.000443021944265999	0.0012677175912577	0.00347274867290607	0.00859620324497142	0.0193693926611728	0.0407584570741972	0.0740924623168426	0.112731775847548	0.150600730745197	0.172588378714965	0.163247670738729	0.125889659052766	0.0771300766765379	0.035585047505449	0.0113866718316043	0.00232509835437724	0.000339168135372783	2.71685069678456e-05	
3.95862793955615e-06	6.33380470328984e-05	0.000299096333210909	0.000560365777221615	0.00211698625256486	0.00554515804822049	0.0120047591504784	0.0262747331774807	0.0526330373892409	0.0883574553059909	0.129265476585815	0.159906136533078	0.170884291504565	0.150769623248582	0.107986531868055	0.0601693852910581	0.0249763032133063	0.00671735176587795	0.00128567438525807	0.000175939019535829	4.39847548839572e-06	
2.47651840429075e-05	0.000118076859633148	0.00040552988870261	0.00105428926354092	0.00326811982280511	0.00758964443829246	0.0167708941867711	0.0350546757773062	0.0652991567897069	0.103730300070006	0.142713795401548	0.166172173750762	0.165155916734144	0.136962965878441	0.0894624584132858	0.0448050825233423	0.0168469586806171	0.00391157237249136	0.000588173121019052	6.54508435419697e-05	
4.63802862377204e-05	0.000222536181082908	0.000496804219892505	0.00164872998289281	0.0047432761963884	0.0112280429481451	0.0227379353280424	0.0455583740498731	0.0798860293658566	0.118505645015992	0.153648523055462	0.168054061575182	0.155983146117524	0.119643745885979	0.0713614219482218	0.0326093549037342	0.0108882181585956	0.00236182688379776	0.000346514253910661	2.94336431893225e-05	
7.85139947830815e-05	0.000315850584727368	0.000734890991169643	0.00241374452533131	0.00667324090516317	0.015315612799486	0.0307685129269928	0.057795721839722	0.0942410209152309	0.13282190064884	0.162121977547689	0.165948973979116	0.142977125059783	0.100899007672836	0.0558723532932359	0.0225065974188188	0.00697608059932648	0.00131365129557064	0.000193368752865761	3.18542493119931e-05	
4.04103173826327e-06	9.96787828771607e-05	0.000466963667532645	0.00115124504187856	0.00367464486066074	0.00921265435618731	0.0209505045452627	0.040935651508607	0.0705954774568799	0.109983862813259	0.148018502537319	0.166275434927266	0.159540831033687	0.125273779900267	0.0818591799219991	0.0423217253948312	0.0149805536572684	0.00396829316697453	0.000598970704315912	8.30656523976339e-05	4.93903879121067e-06	
2.55879849596518e-05	0.000150834437656895	0.00068728429777591	0.00175704163389609	0.00570881411810336	0.0130682777221127	0.0278657645330776	0.0522722130644171	0.0861094052454471	0.125230740776654	0.158461452822938	0.164856653414784	0.147608555903911	0.108523582246068	0.0650724903124787	0.0303513903702985	0.00977999719878902	0.00218350804989029	0.000251390729428158	3.50151373132077e-05	
2.25286214871684e-06	5.09146845610005e-05	0.000332071880720862	0.00103541544355026	0.00313508296615435	0.00850365346654657	0.0184856350750811	0.0373659715986175	0.0649500157475064	0.103488827380746	0.137902648419685	0.162503452511243	0.158853815830322	0.134625184565732	0.0909070428525921	0.0495859464656873	0.0207578718382769	0.00616653427346773	0.00118770892480352	0.000150040619104541	9.91259345435408e-06	
1.48856108468289e-05	3.24776963930812e-05	0.000100590642995238	0.000524153933455004	0.00166583517749512	0.00485721992723192	0.0118922498292666	0.0242752737373619	0.0470010907093039	0.079776048240205	0.118217010554349	0.149710001235957	0.163021797045071	0.151034820601325	0.11932440978553	0.0734343269403394	0.0370741925909353	0.0137349080204573	0.0036925336482467	0.000521447458755581	8.88625859644026e-05	5.86402851541743e-06	
3.60510085720286e-05	3.19952701076753e-05	0.000242443032646892	0.00085846464162143	0.00266236698304431	0.00718631792122674	0.0157159865493687	0.0323251368361094	0.0591340187230913	0.0952192757532633	0.131570408971654	0.157791659418912	0.16026205478131	0.139822935471398	0.101292518784829	0.0585680178885105	0.0260067469462543	0.00900328875325698	0.00200623862703339	0.000242443032646892	2.16306051432171e-05	
3.6584952744436e-05	9.12365488194578e-05	0.00053025598175269	0.00140784318153589	0.00422849787152358	0.00997730377931595	0.0214514289585709	0.0418581542665507	0.0724147197976536	0.110013662899019	0.142634342430641	0.161619222908504	0.154551552037579	0.126163887038313	0.0834096272625648	0.0450360768284008	0.018145684895157	0.00538069804993169	0.000904235498695814	0.000144533146644686	4.51666083264642e-07	
2.26203606771269e-06	8.64097777866249e-05	0.000220322312995216	0.000871336293282929	0.00234527899500452	0.00604732722342311	0.0140178375116156	0.0280863446311479	0.0529257626907009	0.0859627994596448	0.124587517723053	0.151324784043417	0.162175771060234	0.145049895991582	0.11013582169365	0.0669739114856239	0.033091325634569	0.0122900943630966	0.00321842491714162	0.000482266089636346	0.000104506066328326	
3.62012408880345e-06	3.48436943547332e-05	0.000152497727240846	0.000468806069500047	0.00124894281063719	0.00374909100946708	0.00906162310978615	0.0187608405747128	0.0367487846564661	0.0650898311166861	0.10034486207101	0.137237999175517	0.158591753628835	0.15837183109044	0.13160961124845	0.0927330986587893	0.0526090008050251	0.0232552246309623	0.0079687981504786	0.0016797375772048	0.000243000829460932	3.62012408880345e-05	
1.04185304889235e-05	2.1290040564322e-05	6.3417142106491e-05	0.000260010282636613	0.000817628153587259	0.00187805336552508	0.00546474573123362	0.0129620108669803	0.0247032417484106	0.0473123588685476	0.0791554648589761	0.114929980680421	0.147884698576059	0.160888836544581	0.149427094068006	0.117443111426184	0.0756688809818786	0.0389489967634609	0.016210327481592	0.00499681781840501	0.000785919582534013	0.000156730936920328	9.96555090244858e-06	
1.17233981441861e-05	3.06611951463328e-05	0.000175850972162791	0.000371090641256351	0.00117639791377621	0.00309632980985099	0.00803278222841057	0.0173966210461149	0.0323989634712441	0.0582729540753914	0.0935923963843237	0.129355073323092	0.156355411948938	0.158524691505541	0.139252777656285	0.10010113685399	0.0588843743786035	0.0287115038549689	0.0107084224048567	0.00306431591491879	0.000404006336045797	8.161288708068e-05	9.01799857245083e-07	
8.56261615864815e-06	2.97438245510936e-05	0.000103202057912128	0.000226233332191651	0.000582257898788074	0.00180716267348311	0.00453683457205847	0.0116140621591853	0.0229324887288932	0.0426206472616754	0.0715690498380314	0.108296814526523	0.141238550880868	0.159725239167389	0.152976545642349	0.124344509199855	0.0831362429403483	0.0454706464504801	0.0200838415321134	0.00682079976637578	0.00158363332534156	0.000248315868600796	4.46157368266404e-05	
2.6723011456925e-05	6.8392792033825e-05	0.000226013266389925	0.000396315847878125	0.000924435023450575	0.00285981515828855	0.00676001603380687	0.0158118699993432	0.0301286101542914	0.0546825283592297	0.0853723217541166	0.121102346869218	0.151094624371839	0.159404575070148	0.142365258273376	0.109122737885757	0.0669357085108262	0.033948641995439	0.0138257614359769	0.00402792781163447	0.0007536795095648	0.000136332651670075	2.53642142642e-05	
2.09022311768592e-05	5.67995412414653e-05	7.58841870985976e-05	0.000333072509839953	0.000617979008707142	0.0018321260022847	0.00408184223177666	0.0100530644034094	0.0216269933231003	0.0387954498569106	0.0663191443535349	0.100713765755057	0.132222970461512	0.155618474300707	0.15579796085103	0.129537942547946	0.093131708593816	0.052589104848318	0.0249613535921393	0.00895160769965493	0.00222699641299537	0.000376694557513398	4.5894029323104e-05	1.22687009081565e-05	
1.04693834261467e-05	8.42102579929191e-05	0.000134281222204925	0.000508903072627478	0.00105012467670089	0.00293552407457478	0.00629665134495162	0.0139301974343638	0.0278294419090329	0.0495529573277035	0.0789846700915206	0.115021653416069	0.142151467397885	0.158227433244025	0.147199075781039	0.115273828999464	0.0764793011185853	0.0400608680848584	0.0172007417785753	0.00554968359702524	0.00125496043938637	0.000236699103547664	2.45802915222575e-05	2.27595291872754e-06	
1.14246074162154e-05	9.09398750330742e-05	0.000255454221826575	0.000621955627738764	0.00154140803259578	0.00461005758459122	0.00872565816020864	0.0192253293600072	0.0351631136899243	0.0616284452617355	0.0952355274215712	0.127623832462245	0.149240103662318	0.155922585032211	0.135094611743857	0.0989869115127597	0.0607336700088975	0.0296614797425716	0.0115996324018318	0.00321854040129619	0.000677250727633246	0.000114703058458802	1.73654032726473e-05	
6.79821749824683e-05	0.000185240020422028	0.000418386942677339	0.0010106075005783	0.00254864717753066	0.00615398373264116	0.0121341338500587	0.0246478728651202	0.0452797785879874	0.074446412936506	0.109843225804391	0.13706666496331	0.152314747432532	0.152080231741653	0.120203891774202	0.0838767724983358	0.0470322586826697	0.0212364451983825	0.00705965230539418	0.00200980859595821	0.000331698263169493	3.83255214666265e-05	1.32314300301448e-05	
0.000127457308629679	0.000271757190185423	0.000721044203105042	0.00141887296785254	0.00397166077783554	0.00843266657987431	0.0175171862524547	0.0326104076175771	0.0569165163732569	0.0876451078698515	0.122846085285327	0.145054610904701	0.153617466021247	0.1422755863719	0.103568167355088	0.0684450299388114	0.0341940646773009	0.0146949172756547	0.00442595504216561	0.00110432653834143	0.000130188536671744	1.00145028209034e-05	9.10409347354851e-07	
7.27719282286858e-06	0.000167375434925977	0.000451640779569281	0.00111932322106747	0.00225320082778068	0.00551065426511723	0.0117845041275328	0.0229431696722989	0.0419525617992859	0.0686266572669593	0.101483637686762	0.133394583039592	0.150534191435654	0.149619539262729	0.129130602869943	0.0891396993609715	0.054114570304505	0.0248511586655448	0.00980829145157256	0.00253428240056398	0.000517135514975098	4.41179814886408e-05	9.09649102858572e-06	2.72894730857572e-06	
2.52549282061019e-05	0.000280059114571237	0.000624157511379375	0.00168441351517483	0.00317716016449978	0.00805722405946814	0.0162961934058481	0.0296389131541646	0.0525965448552329	0.0822679286313768	0.115328884557468	0.140681224629508	0.151102941342272	0.144090188956471	0.113611098458593	0.0750725289969419	0.0403294144599797	0.0176987438830083	0.00572294712384701	0.00143682502258287	0.000239019856236321	2.61568899277484e-05	1.21764832422277e-05	
0.0001018059391263	0.000480006072634965	0.000870708689895984	0.00225044707542347	0.00448526604615649	0.010835188240521	0.0217828988348132	0.0384138813291033	0.0640846060936213	0.0962128637162293	0.128987678355745	0.144330458506266	0.150074456755918	0.133678788866538	0.0973831854989049	0.0604780860483444	0.029262956256935	0.0118023446622208	0.00353820290191578	0.000783191303629516	0.000129936527569093	1.42885528598315e-05	1.87537256285289e-05	
2.66991803351637e-06	0.00016153004102774	0.000776946147753264	0.00135898827905983	0.00317675747354556	0.00671840374500503	0.014844744266351	0.0283465197618433	0.0482730080186538	0.0773461904719525	0.110062476081984	0.139355926773048	0.146286144015379	0.145810453619074	0.118997801767486	0.0813866664293406	0.045826473127275	0.020845830033018	0.00770449347205041	0.00227076528750567	0.0003969278143161	4.76135382643753e-05	4.44986338919395e-07	2.22493169459698e-06	
