# <P(U)> as a function of N_tot.
# number_of_species: 1
# species_total_upper_bound: 151
# species_total_lower_bound: 97
# volume: 729
# Bin widths for each
10	10	10	10	10	10	10	10	10	10	10	10	10	10	10	10	10	10	10	10	10	10	10	10	10	10	10	10	10	10	10	10	10	10	10	10	10	10	10	10	10	10	10	10	10	10	10	10	10	10	10	10	10	10	10	
# Bin lower bound for each
-250	-260	-260	-260	-260	-270	-270	-280	-280	-280	-310	-310	-320	-320	-320	-320	-320	-320	-330	-330	-350	-350	-360	-360	-360	-360	-370	-370	-370	-370	-380	-380	-380	-380	-390	-390	-400	-410	-410	-410	-420	-430	-440	-440	-450	-450	-460	-460	-460	-460	-460	-460	-470	-470	-470	
# Bin upper bound for each
-100	-100	-100	-100	-110	-110	-110	-120	-120	-120	-120	-130	-130	-130	-140	-140	-140	-140	-150	-150	-150	-150	-160	-160	-160	-170	-170	-170	-170	-180	-180	-190	-190	-190	-190	-200	-200	-210	-210	-210	-220	-220	-220	-220	-230	-230	-240	-240	-240	-250	-250	-250	-260	-260	-270	
# Normalized histogram for each
2.63508083110449e-06	7.2728230938484e-05	0.00040474841565765	0.00205799812909261	0.00685753435486634	0.0195976231570903	0.048896559901975	0.097716702459848	0.161073004914426	0.219733066311809	0.216233151951936	0.148113677387054	0.062211623341546	0.0153335353561971	0.00161793963029816	7.74713764344721e-05	
3.67504033356766e-06	9.97510947682651e-06	0.000141751555723324	0.000789608665955109	0.00333536160559362	0.0100543853468792	0.0275706775881865	0.0637115492342528	0.118248097772873	0.180940085817442	0.222922696576595	0.198435377828272	0.119968016648983	0.0441162341756701	0.00887259737675621	0.000847884305530253	3.20253514782325e-05	
7.83021586339092e-06	7.56920866794456e-05	0.000249000864455831	0.00138229410708394	0.00500455196548858	0.0144441381960018	0.0375552813239955	0.0802482282831573	0.139079772151159	0.198360770409719	0.219875593530362	0.17578469203239	0.0928491336649169	0.0296864363956786	0.00500820606622483	0.00037689439022455	1.148431659964e-05	
1.34758525679533e-05	0.000161710230815439	0.000486167296490007	0.00208979375207645	0.00724275245325305	0.0210637941677547	0.0504681044710287	0.0991480669666944	0.158785452506172	0.210326442162418	0.209435480986868	0.149276165311393	0.0696800055147335	0.019088026860484	0.00254019820905919	0.000192808352126101	1.55490606553307e-06	
5.48490151497119e-05	0.000190419222406547	0.000838775976959274	0.00344565652718804	0.0110562161009801	0.0288097039291558	0.066369378105308	0.117098507796322	0.176873585438725	0.214517602911758	0.194731596861808	0.122811084468518	0.0498127371831823	0.0119436317706193	0.00134845786302028	9.77968288990147e-05	
6.19618036461423e-06	0.000106884111289596	0.000432699928795561	0.00135902889330539	0.00524816476882826	0.0158023253232212	0.0388825808330455	0.0831429298742124	0.136753315085582	0.191524967766953	0.214597994399686	0.172064830635155	0.0977277057557868	0.0348437039320444	0.00677190879015964	0.000707913606657176	2.68501149133283e-05	
1.1368463262811e-05	0.000178794922224209	0.000828864321524945	0.00210419920028028	0.00785405786961199	0.0227141895990963	0.0523414383586419	0.100159261835345	0.155432213470802	0.202316272714965	0.206312287551843	0.149261204912416	0.0739415185579828	0.0226180744096925	0.00357124770951303	0.000349838619496501	5.16748330127771e-06	
5.13358090882863e-07	3.54217082709175e-05	0.000302881273620889	0.0013778531159296	0.00358323947436238	0.0117240720795828	0.0311988246153151	0.0671210570248434	0.118804922898748	0.17335384027787	0.20769492976748	0.191127324100417	0.123847639425491	0.0536798021312574	0.0139807942471039	0.00201287707435171	0.000154007427264859	
1.22948489193596e-05	0.000124997630680156	0.000508699374038504	0.00201123236905858	0.00559876682665339	0.0173992603623804	0.0423603650955387	0.083369321380691	0.137914394040687	0.188067131924241	0.205196930181139	0.17090505968893	0.0988331676090156	0.0379987674413958	0.00861459080949798	0.00102559531402325	5.94251031102382e-05	
8.17693664356171e-06	0.000182447898859471	0.000802361908149493	0.00316243024689749	0.008857155560598	0.0240872111177719	0.0542682842691582	0.100849225976288	0.15583810278716	0.197054462997573	0.197487840639682	0.14975343980727	0.0761630542493751	0.0259019799941024	0.00513664938777742	0.000438999286051219	8.17693664356171e-06	
1.02074094564503e-06	0	1.32696322933854e-05	4.49126016083815e-05	0.000327147473079233	0.00144587954950619	0.0049684565529272	0.0129868870514418	0.0326550339626031	0.0682401048096803	0.119147517991835	0.17306203399986	0.202126101315684	0.184494842961557	0.125816528960207	0.0553522296299661	0.0163298136484293	0.00283663908794755	0.000151069659955465	5.10370472822517e-07	
9.17908392742404e-06	3.05969464247468e-06	4.33456741017246e-05	0.000113718650878642	0.000636416485634734	0.00239115136309396	0.00737845363032769	0.0187355301940866	0.0427255759875164	0.0842430825403625	0.137803037256882	0.187306856775694	0.200653244806168	0.166119491274771	0.100728207324909	0.0392910687513386	0.0103285092147804	0.00144825546410468	4.18158267804873e-05	
5.09054812476933e-07	1.06901510620156e-05	1.17082606869695e-05	6.26137419346628e-05	0.000258599844738282	0.000954986828206727	0.00364788678620971	0.0104208610662153	0.0260152461916337	0.0555394072056709	0.100566832533693	0.156273718772669	0.196682489787088	0.192191099176604	0.144946740140245	0.077815136744849	0.0276024790969368	0.00624304822021711	0.000735584204029169	2.03621924990773e-05	
1.52861724341395e-06	2.59864931380372e-05	2.24197195700713e-05	0.000155918958828223	0.000404574030423559	0.00167485495970055	0.00565588380063162	0.0149952256188097	0.0345411447712628	0.0702588152808732	0.119226030517315	0.172946735841692	0.199568624213909	0.178611791345784	0.121668251333209	0.0580436348887523	0.0182781859185818	0.00359174098294165	0.000327633629171724	1.01907816227597e-06	
7.70430665605869e-06	2.25992995244388e-05	4.82803217113011e-05	0.000199798352613789	0.000681060708395588	0.00267185354832115	0.00849425489852658	0.0203635097328506	0.0453650120726485	0.0874366898600538	0.137744271462786	0.185143734113078	0.195244593759614	0.162688761933329	0.0985329459265533	0.0414121891376467	0.0118964767178421	0.00190655908715266	0.000139704760696531	
6.18338688833422e-06	2.47335475533369e-05	0.000105117577101682	0.000448810831644925	0.00110321927732696	0.00429899973411436	0.012210643257738	0.0280318691760225	0.0578239424862574	0.105007306702173	0.155043788684814	0.194297989780923	0.187029933775926	0.141545970389821	0.0767373771309497	0.028251894692799	0.00705112218166378	0.000943997064952357	3.71003213300053e-05	
1.03285992198809e-05	4.07979669185296e-05	0.00020553912447563	0.000721452655508681	0.00199651822920298	0.00648997531981216	0.0180280535083411	0.038159526247811	0.073367655268541	0.122907748566778	0.169520200416139	0.195944888660283	0.173355209306481	0.117956218100767	0.0576093114387687	0.019256123955585	0.00404726160431033	0.000372346001876706	1.08450291808749e-05	
2.33093350779076e-05	6.73380791139552e-05	0.000318560912731403	0.00118152429583794	0.00341611255197334	0.00945789220416698	0.0243137084271534	0.0506294297448871	0.0906096012705142	0.140454801386336	0.18072815254872	0.192162676367494	0.155933235848514	0.0949280440826145	0.0416776091045227	0.0116841926967191	0.00222526452210424	0.0001849207249514	3.62589656767451e-06	
2.08024546896534e-06	6.76079777413735e-05	9.62113529396469e-05	0.000489897807941337	0.00195699092492914	0.00522349637257196	0.0139761291832436	0.0332319213667213	0.0639446654705255	0.108424474087942	0.156990404867774	0.185887614738539	0.182558701926827	0.135231037262397	0.0750817796499987	0.0285997347687027	0.00703903060561146	0.00111293132589646	8.52900642275789e-05	
2.6099970193834e-05	0.000102833882563706	0.000267263694784861	0.000890530983013617	0.00295764862236527	0.00769166121612289	0.0205547705264521	0.0432868005664738	0.0795840291150388	0.126281573786443	0.168260765846205	0.189181457954775	0.16603026239344	0.113990053823359	0.0568995010207698	0.0192837019780123	0.00416294524591653	0.000538181385396858	9.91798867365694e-06	
4.70033043322946e-06	5.22258937025495e-07	7.20717333095183e-05	0.000146754761304164	0.000389605167021019	0.00149209378308184	0.0042934907212866	0.0116077271343287	0.0276196638845933	0.0558253022965292	0.0963337944879747	0.14117912489248	0.177020711222666	0.18538103228657	0.149724847879028	0.0925756191771393	0.0412903138201727	0.0125582383997151	0.00222221177704348	0.000251206548709263	1.09674376775354e-05	
1.09757837624255e-05	4.70390732675379e-06	0.000164636756436383	0.00017404457108989	0.000689383751554249	0.0022563075477329	0.0064683952306561	0.0161485138527457	0.0369915272175918	0.0699272410067825	0.113815219021765	0.156405441270933	0.181465768882399	0.176226138776765	0.129324001478072	0.0722002735583439	0.0286285026469932	0.00777503615475437	0.00123451434508805	8.62383009904861e-05	3.13593821783586e-06	
8.37836266894837e-06	2.77533263408915e-05	1.93749636719431e-05	0.000212077305057756	0.00028119879707658	0.00107347771695901	0.00349325358528466	0.00997339346204942	0.0231687910179763	0.0480184910464104	0.0861945005474736	0.129520061203939	0.167966272901076	0.179532078917893	0.161434291905297	0.109150166965059	0.0546593907568856	0.0201415838561519	0.00449394427655718	0.000593816454161716	3.77026320102677e-05	
4.47161549998711e-05	3.47207791763705e-05	4.41900825881079e-05	0.000240415092175778	0.000483986618822134	0.00197855834064136	0.00572419391239527	0.0144580480924877	0.0318989267596728	0.0608860427202363	0.10138993591912	0.145192303139758	0.174590281653909	0.174595542378026	0.145014490664582	0.0888857207639203	0.0390151082735934	0.012811441443669	0.00243150668716946	0.000271453364469806	8.41715858821103e-06	
3.22267920870018e-05	7.2906513246004e-05	0.000105661613400006	0.00035555132909102	0.000897595405833049	0.00336954885132619	0.00866953537947048	0.0203303510342951	0.0417706773173573	0.0754624676741501	0.117909907625334	0.157353387907557	0.17474317624093	0.167205276740973	0.125256559605037	0.0703907102309499	0.0269368434121305	0.00775080765095743	0.00126371289626407	0.000122567471544007	5.28308067000029e-07	
4.43750878256947e-05	5.33557603618471e-05	0.000209196842606846	0.000637099475211759	0.00163923687527536	0.00455954027409013	0.0122839752048914	0.0273450913228742	0.0528502013255473	0.0916456501320159	0.135542649213874	0.166189986655777	0.173878498896434	0.153024320717778	0.105096584491752	0.0517656530480931	0.0180791503649851	0.00447765767155462	0.000599063685646878	7.87129534051012e-05	
3.68424542969354e-06	3.31582088672419e-05	7.57901916965529e-05	0.000406319638817631	0.000977904001195801	0.00261581425508242	0.00681901196958708	0.0171448992674667	0.035999814735087	0.0670622142736089	0.107966812317169	0.149037201405066	0.171768469385499	0.168121592730879	0.135984446168437	0.084300798639145	0.0372293000670533	0.0115706359323404	0.00250265528831326	0.000346319070391193	3.31582088672419e-05	
1.42448939968851e-05	3.85139726582449e-05	0.000135062698637133	0.000627302924529496	0.00142237904502231	0.00406190514377846	0.00990547721450067	0.0237325209874772	0.046952753379733	0.0811399713835907	0.123169267327067	0.160096253276326	0.1740842115926	0.15980344156639	0.115394720736767	0.0651118276937622	0.0256350057190611	0.00721424742642248	0.00129628535371655	0.000151945535966775	1.26621279972312e-05	
1.52677301781428e-05	6.26503410758274e-05	0.000327466488648443	0.000926593279776944	0.00250496069612426	0.00620870144795994	0.0139989291529937	0.0317784641821682	0.0598168609441459	0.096574184584752	0.138154531541288	0.166770996156217	0.170894862724679	0.146083221764834	0.0952874834621526	0.0487177475780905	0.0170656370249827	0.00408227516556274	0.000653880030388048	7.26533367097831e-05	2.63236727209359e-06	
5.23866068083539e-05	0.000125939519397861	0.000489999978833694	0.00135252693941568	0.00359880114044056	0.00890201905390846	0.019594178419258	0.0412658297509361	0.0740000507991339	0.112949757539967	0.149715101524186	0.172339236616016	0.163536699199279	0.126966085228247	0.0760272537353238	0.035086855935773	0.0113488440022098	0.00234893078406347	0.000274632817510461	2.48704092928549e-05	
4.76968515308304e-06	7.63149624493287e-05	0.000333877960715813	0.000643377530649202	0.00228520915334379	0.00573846120417591	0.0119999978801399	0.026648760915292	0.0530002114560418	0.0888708936323113	0.129862627767941	0.15857454249445	0.170804015226955	0.1509425162845	0.107827212325714	0.0598028424143722	0.0245039924914556	0.00665318082353384	0.00130689373194475	0.000117122268759039	3.17979010205536e-06	
2.9806275178984e-05	0.000142112062014085	0.000459868245618611	0.00117096081060294	0.00339951213514591	0.00785661478423184	0.0167500621407612	0.0355913538382765	0.0657265625540571	0.104251705477808	0.142964734386169	0.16457800967533	0.16502723282267	0.137962602705239	0.0891111821967118	0.0440707068717835	0.0164456123300044	0.00386896096921491	0.000540770992532996	5.16287266493116e-05	
5.57889931535104e-05	0.000267679880611555	0.000528386137078921	0.00176110831272091	0.00493732589408567	0.0115311557387294	0.0225698663263538	0.0462807248492222	0.0802165256653508	0.119204985390257	0.152617764395572	0.167262911530995	0.155886248388691	0.120531583275533	0.0709957852488538	0.0320861811200391	0.0105419739755076	0.00238229729418019	0.000327223902150397	1.44836809148537e-05	
9.46189909506397e-05	0.000371987804423086	0.000739109489311568	0.00249307524156228	0.00688934390110315	0.0156256505055628	0.0306306004304894	0.0585745621979289	0.0950434247100469	0.133532808188922	0.161260497977046	0.164716524206512	0.142816823580999	0.101288818792737	0.0559144168523452	0.0218694225484084	0.00660332420845807	0.00133710151211961	0.000177343023038913	2.05458380349961e-05	
1.62723867360521e-06	0.000120415661846786	0.000534819110724913	0.00112984605237322	0.00380611125756259	0.00937669165020443	0.0213368959012027	0.0405041402375985	0.0712806476843851	0.111230984360067	0.148027732486301	0.165197812557292	0.158919383341632	0.125308768538317	0.08228240835663	0.0422355221863145	0.0143245820437467	0.00372854621412074	0.00059936624477792	5.26140504465685e-05	1.08482578240347e-06	
1.29898176067235e-05	0.000181857446494129	0.000744208300385202	0.00169192374327574	0.00582755692381634	0.0135673232478224	0.0283919525914957	0.0517016390443608	0.0871021394770841	0.125571484319396	0.158802685211796	0.163416776674185	0.147715334642057	0.108605158797814	0.0649528767304196	0.0300568142147574	0.00931911164802357	0.00206700472666988	0.000260337594534751	1.08248480056029e-05	
5.43038517722062e-07	4.94165051127076e-05	0.000367094037980114	0.00110942769170617	0.00308500181917903	0.00868372893689349	0.0190291557380165	0.0377596402912859	0.0645466442934797	0.104104285116943	0.137926353116227	0.162624287940744	0.158373382424015	0.134725684092773	0.0909513491791973	0.0488077589343412	0.0206408940586156	0.00584961091290205	0.00120663158637842	0.000155852054586232	3.25823110633237e-06	
1.792090364799e-05	2.00931343932009e-05	9.34059220440691e-05	0.000542514628616425	0.00176765276891538	0.00486905521539025	0.0121981617497319	0.0248899629363129	0.0468930312122405	0.0793374696227107	0.118946468088573	0.150303705011065	0.162581153182997	0.150364527471931	0.119213109412547	0.0733665503618122	0.036941499110743	0.0135606934846654	0.00344950242339493	0.000555004955401388	8.85184028673446e-05	
4.33164363134681e-05	2.76142281498359e-05	0.000211167627028157	0.00087011891444679	0.00276792028043061	0.00730531698426639	0.0163449157874333	0.0327845862793022	0.0589910302489504	0.0950416758262881	0.132167651935108	0.15849213319371	0.159853352204861	0.13870410217481	0.101196399970978	0.0584571551713869	0.0258073913001103	0.00886145995882773	0.00180846121608729	0.000243654954263258	2.05753072488973e-05	
4.39946967380377e-05	9.72228483470215e-05	0.000448094133442976	0.0014974491223058	0.00435058667742817	0.0102062264988206	0.0222135198418798	0.0419644229552378	0.0719655472641545	0.109823798523842	0.143947932004838	0.162515866605907	0.153600151211402	0.125528275826109	0.0831130430154074	0.0445188310880649	0.0181187541788173	0.00508980621150803	0.000844589548489488	0.000111344602855527	5.43144404173304e-07	
2.71760103225358e-06	0.000103812359432087	0.0002282784867093	0.000871262890940497	0.00255508849052481	0.00616514970177046	0.0144038289911504	0.0290016946960037	0.0531421446655122	0.0853114751247107	0.124753649466426	0.152499812485529	0.16258211231519	0.143565970852098	0.109943810881057	0.0665991614570255	0.032538924199585	0.0121118042805477	0.00309099941408522	0.000443512488463784	8.47891522063116e-05	
4.34429162795269e-06	3.25821872096452e-05	0.000183003284827507	0.000493620136226125	0.00132283680071159	0.0039858875686466	0.00918166035567802	0.0193804279887505	0.0376894450547571	0.0650764025138243	0.0990922059606939	0.137879670724416	0.159363278897549	0.157904682983464	0.130658371965852	0.0932713982156908	0.0521803728162468	0.0226087797047728	0.00785013497171052	0.00163182454274973	0.000177029883839072	3.20391507561511e-05	
1.2512492091289e-05	2.55690055778514e-05	6.41945246422651e-05	0.00031063621670113	0.000880770638947688	0.00198948624251495	0.00578729960291878	0.0131892547070091	0.0255815180699427	0.0478950996184778	0.0786736540774676	0.113600371675417	0.148548306107783	0.161753337435255	0.149109736187705	0.116675180601503	0.0761727877233956	0.0382191350821445	0.0156351749001585	0.00500336477232977	0.000737693011990776	0.000122948835331796	1.19684706960155e-05	
1.08086490809946e-05	3.13450823348844e-05	0.000188610926463356	0.000418835151888541	0.00128082491609786	0.00322259872349854	0.00823835232953409	0.0176775455719667	0.0331722844620265	0.0586996114290655	0.0928149505234088	0.128906110669758	0.156545988099677	0.158855255975832	0.138904651502132	0.10012808249161	0.0589022735993342	0.0280462826353648	0.0104281846333436	0.00304803904084048	0.000414511692256143	6.37710295778682e-05	1.08086490809946e-06	
5.39825053496663e-07	3.56284535307797e-05	9.23100841479293e-05	0.000220248621826638	0.000620258986467666	0.00197629952085128	0.00482711562836716	0.0118178500711489	0.0232259729266939	0.0433986953508107	0.0717729798127023	0.107746381552666	0.140574222705905	0.159456763252165	0.153240137936098	0.124167859680035	0.0829500575453507	0.0454208800012092	0.0197964643618296	0.00684552150339118	0.00153310315193052	0.000260195675785391	2.05133520328732e-05	
2.99030380399265e-05	8.20974317096165e-05	0.000216389257088923	0.00039472010212703	0.000974839040101605	0.00297290567276942	0.00712725319391631	0.0159328823592736	0.0303912730973784	0.0552760376626046	0.085532475243003	0.120279261753797	0.151045138364075	0.159926884353534	0.14221123723548	0.108948185103068	0.0664010551966587	0.0336583159261406	0.0137097274039052	0.00399613326533564	0.000750294409001793	0.000135922900181484	7.06799080943718e-06	
2.51004289990713e-05	3.71049819986271e-05	9.00341474966687e-05	0.000340492775987402	0.000619325802477085	0.0019027216504296	0.00429599298934105	0.0104368675101138	0.0216900446241975	0.0392663472000471	0.0670863531150178	0.100366247998786	0.131453674975636	0.155604107303243	0.156375127002714	0.128526201028245	0.093026555162558	0.052486634021558	0.0247899476055828	0.00900341474966687	0.00213189948042112	0.000410883109484797	3.49223359987079e-05	
1.26006752866243e-05	4.54720021212963e-05	0.000144085982625312	0.000542924748219333	0.001102285159856	0.00308606973432846	0.00664767799686517	0.0143505255851233	0.0281252550951926	0.0505889719985602	0.0795518980725897	0.114704494989588	0.14175814482997	0.157541860265085	0.147213141518184	0.114870495190103	0.075743754858793	0.0399140086090005	0.0170804892787428	0.0054977294130989	0.00118665489873166	0.000275571289964	1.58878079700915e-05	
1.04399734494991e-05	6.86840358519678e-05	0.000288472950578265	0.00064013521414034	0.00160775591122286	0.00488810546351284	0.0092915763700542	0.0199551850402873	0.0354101920515537	0.0629827114039676	0.0950944213177664	0.127585816581755	0.148917979172802	0.155444061523313	0.134272344840016	0.0986703869603633	0.0601293018185335	0.0291967594322413	0.0116850776514236	0.00310781525422984	0.000611013182939105	0.00013681859941712	4.94525058134168e-06	
3.02152313333048e-05	0.000156569835090761	0.000462567723320775	0.00106906982135656	0.00259576305545209	0.00668635601013913	0.0126299666973214	0.0255159388092122	0.0458705667388536	0.0752276855022925	0.109563725021618	0.137217254105701	0.152050185851141	0.151454121742111	0.118855732708372	0.0834445803214241	0.0470780772565009	0.0208314792168652	0.00701762481912064	0.00189092411362245	0.000306547256072437	4.50481630787453e-05	
5.24675316157868e-05	0.000209323589675483	0.00076460496594256	0.0014434036562218	0.00408481595100407	0.00898123903168984	0.0183860440738196	0.0335393230486041	0.0572327858674331	0.0876732453299798	0.122702974198545	0.144969429464782	0.153915143605274	0.141700592937761	0.102260858729532	0.0681023095005036	0.0341672938176305	0.0143312876461371	0.00430944257073416	0.00102147725614485	0.000144285711943414	7.65151502730225e-06	
9.64544015903533e-05	0.000358570600262443	0.00109423976493463	0.00229746755426514	0.00573222514310128	0.0127292563093167	0.0241452069246631	0.0426143175387888	0.0681354982714499	0.101153420262182	0.133483082878853	0.14996207216751	0.150277047558014	0.128141034863089	0.0882176316466347	0.0540907565076749	0.0248263820771374	0.00963345147635178	0.00243533740512592	0.000519872876368345	5.17693115880427e-05	4.90446109781457e-06	
2.15606225414153e-06	0.000169789902513645	0.000488887116126591	0.00164723156216413	0.00321414980536148	0.00852021901280378	0.0176236528653528	0.0309308690979143	0.0531420834245168	0.0824321891470294	0.114840499904594	0.14017315335963	0.150975564268443	0.14380018908666	0.112217111156868	0.0737389461383308	0.0409398490972028	0.0177929037523029	0.00564672704359666	0.00144186663245715	0.000230698661193143	3.12629026850521e-05	
3.36446801352196e-05	0.000247795739408601	0.000669155304911589	0.00225045527126691	0.00465097649678773	0.0115449316692568	0.0233766441834757	0.0398385055353509	0.064172153953784	0.0972694404836289	0.128072480253777	0.143536216094974	0.149178909591938	0.133381397162098	0.09596157029869	0.0598421370246354	0.0295993078808658	0.0119508040010467	0.00353642971199086	0.000733240409931055	0.000136714890708194	1.70893613385242e-05	
3.71985061079947e-05	0.000431502670852739	0.00112445769892167	0.00320757404096937	0.00707356164005025	0.0158906704021052	0.0303189081069361	0.0495425646563177	0.0771698951427253	0.111148073436228	0.137989452629297	0.146011044767871	0.14442532559321	0.118607968132571	0.0800905092794331	0.0456521323246516	0.0207700515890139	0.00778139607056238	0.0022924907907127	0.000378361947841318	5.68605736222205e-05	
