# <P(U)> as a function of N_tot.
# number_of_species: 1
# species_total_upper_bound: 151
# species_total_lower_bound: 97
# volume: 729
# Bin widths for each
10	10	10	10	10	10	10	10	10	10	10	10	10	10	10	10	10	10	10	10	10	10	10	10	10	10	10	10	10	10	10	10	10	10	10	10	10	10	10	10	10	10	10	10	10	10	10	10	10	10	10	10	10	10	10	
# Bin lower bound for each
-240	-240	-260	-260	-260	-260	-260	-260	-270	-270	-270	-280	-280	-280	-310	-310	-310	-320	-330	-330	-330	-330	-340	-340	-340	-350	-350	-350	-360	-360	-360	-370	-370	-370	-380	-390	-390	-400	-400	-400	-410	-410	-410	-410	-410	-420	-420	-430	-430	-430	-440	-440	-440	-450	-450	
# Bin upper bound for each
-100	-100	-110	-110	-110	-110	-120	-120	-120	-120	-130	-130	-130	-130	-140	-140	-140	-150	-150	-150	-150	-160	-170	-170	-170	-170	-170	-180	-180	-180	-190	-190	-190	-190	-200	-200	-200	-210	-210	-210	-220	-220	-220	-230	-230	-230	-250	-250	-250	-250	-260	-260	-260	-270	-270	
# Normalized histogram for each
1.49364751710973e-05	0.000606420891946551	0.0021030557040905	0.00679609620284928	0.0204868693446771	0.046784027530911	0.0956621488808099	0.158613417136917	0.217233107593405	0.218903005517534	0.147694853786845	0.0656607448521438	0.0179297447953852	0.00141000325615159	0.000101568031163462	
5.66148491810215e-05	0.000935634875938987	0.00339093149305276	0.00992547698010435	0.0282359110968084	0.0619634625641759	0.115881657086838	0.176784336161096	0.219415317594405	0.200324194504784	0.123301182058456	0.0480153515633148	0.0109087875185116	0.00084028355100253	2.085810232985e-05	
5.94862765160078e-06	5.3537648864407e-05	0.000175484515722223	0.00142767063638419	0.00482731133927403	0.0144432679380867	0.0379849618692968	0.0804938550676359	0.138638716048208	0.194543918717952	0.215896517673373	0.175576719450823	0.0961952577540361	0.0331576505300227	0.00625795628948402	0.000321225893186442	
3.25494826111787e-05	0.000106525579454767	0.000467528932051476	0.00191450138631205	0.00755739805354094	0.0213613377245544	0.0503895581259783	0.100530556566562	0.158119468437359	0.204197699639293	0.203496406241215	0.149742415230791	0.0765267926627548	0.0221247710439803	0.00325494826111787	0.000177542632424611	
6.81709727997819e-05	0.000171909409669015	0.00110851929683124	0.00366344879915349	0.0106791310868528	0.0288807808243945	0.0658087003945025	0.11983271436066	0.174597717161598	0.208354204518846	0.190715706295738	0.125081879266243	0.0551354972183279	0.0141202832355722	0.00168649058795982	9.48465708518704e-05	
0.00014762675232955	0.000749943901834115	0.00202839157700802	0.00590507009318201	0.0162448478263437	0.0385837279888512	0.0820332337344844	0.137986725402431	0.190704238659313	0.209883906321968	0.168341738216433	0.0997218711986111	0.0383357150449376	0.00837338939213208	0.000927096004629575	3.2477885512501e-05	
0.000217681719506668	0.000825997757580095	0.00287160953267015	0.00896669767885684	0.023193539922231	0.051697917412152	0.0988006631837592	0.156841169875236	0.1998497101553	0.20184761086858	0.148005677616355	0.0755474844342661	0.0261844271094253	0.00467270211598559	0.000477110618096806	
0.000467491582192713	0.00141135116902484	0.00489978519057679	0.0116813719398534	0.0313781533490742	0.0685496517483593	0.116251545976909	0.172267689230533	0.205601614325362	0.187819181357146	0.123737328906957	0.0565723990602827	0.0167616443868463	0.00254457443471983	5.62173421624149e-05	
6.49847433545715e-05	0.00109292522914507	0.00229218912923398	0.0065575513748704	0.017102802910135	0.0441275945897247	0.084917336452601	0.1341019256161	0.187232861012403	0.201671289445001	0.168083038686599	0.100537305673463	0.0410851270599425	0.00994266573324944	0.00109883293308639	9.15694110905326e-05	
0.00016373502994012	0.00170459861526946	0.00403782279191617	0.00988842627245509	0.0243088042664671	0.0559856848802395	0.0996912425149701	0.154141911489521	0.196900145022455	0.193409080276946	0.146896636414671	0.0776659571482036	0.0290044910179641	0.00575411676646707	0.000438575973053892	8.77151946107784e-06	
0.000240044730286327	0.00263756465839	0.00634654847878971	0.0131117115482007	0.0337350667295076	0.0706931730693232	0.112384844395395	0.172966865045096	0.204099495613329	0.176810508104437	0.125388243077491	0.0599350708278323	0.0187205615875739	0.00277222389733111	0.000158078237017825	
2.35661472295048e-05	0.000801249005803164	0.00410345538633753	0.00856040298111762	0.0180222110937638	0.0437534980999794	0.0844168851444899	0.12865054349427	0.187595369252069	0.201555365717147	0.161386867764456	0.10354670515804	0.0441364479924588	0.012051138539488	0.00135505346569653	4.12407576516334e-05	
0.000102023564528447	0.00141667006745215	0.00476012802499869	0.0117093902488792	0.0249753685965638	0.0563869666353794	0.100446571716736	0.150989045584129	0.194419019524395	0.192326078972069	0.142174209608871	0.0811145637180885	0.0311754863609069	0.00700464644462452	0.000967766383526984	3.20645488517977e-05	
0.000283838194672035	0.00230581956084086	0.00719544454328386	0.016638185308301	0.0344643944004869	0.0713692120417623	0.115015918348237	0.167552319865162	0.204893136382789	0.176257666557423	0.118857975560654	0.0606828503207079	0.0200208343087223	0.00407322440189147	0.000383327871155017	5.85233391076361e-06	
5.93038909282838e-06	3.85475291033845e-05	0.000145294532774295	0.00047443112742627	0.00329136594651975	0.0104226588306459	0.0221084905380642	0.0463341299822681	0.0886178042141345	0.130865896111444	0.180737503187584	0.198899319784371	0.159930733055396	0.0986609181428394	0.0443948927489133	0.0126939978531991	0.00223279149344989	0.000145294532774295	
6.46990318672141e-05	6.46990318672141e-05	0.000479361008834359	0.0012145772800527	0.0051229869778494	0.0148219600277618	0.0294586455551765	0.0594172381747815	0.105312378689315	0.151233986989613	0.190288675316731	0.18821830629698	0.138214777258878	0.0775535531531956	0.0304850074697973	0.00696985025114988	0.00106753402580903	1.17634603394935e-05	
4.40577803102843e-05	4.40577803102843e-05	0.00086646967943559	0.00221170057157627	0.00805082505536594	0.0207600260822059	0.0396461279085478	0.0720432823633768	0.123256046196051	0.16397718394417	0.194030464486492	0.173458418266943	0.11778113269616	0.0598598375149062	0.0200404156704713	0.00356868020513303	0.000355399427836293	5.8743707080379e-06	
8.17972013671818e-05	0.000125617130671029	0.000105167830329234	0.00180538108731851	0.00390873769390319	0.0117232917530893	0.0273757705004236	0.0521311092284771	0.0898659110163302	0.137875025561625	0.176010049370454	0.190686804358622	0.156694224533318	0.095057111974526	0.0418830884286173	0.0125003651660775	0.00201863807659724	0.000151909088253338	
1.17287606805027e-05	0.000260964925141185	0.000137812937995907	0.000354795010585207	0.00212583787334111	0.00617812468845479	0.0172354138199987	0.0357346016033216	0.0678743380580691	0.105385846904487	0.154587997959196	0.180441118689194	0.18548448578181	0.13112754440802	0.0754628462183543	0.0298614246925599	0.0067264442502683	0.000923639903589587	8.50335149336445e-05	
0.000123937311327575	0.000321646831778707	0.000324597720143649	0.000802641635264296	0.00308367834136467	0.00892348641558541	0.0253982961570581	0.0461371395858723	0.0831029181335041	0.126371794228653	0.160363077304423	0.187921423744618	0.166524532210422	0.110197975100404	0.0557186741068399	0.0203198172809924	0.00390107441845368	0.000445584143106282	1.77053301896536e-05	
0.000148896849517837	0.00047880555531226	0.000248161415863062	0.00155319850869587	0.0040581690358783	0.0129306695395	0.0331514456132361	0.0589543937708565	0.0975391146184591	0.142602308193122	0.169780362549231	0.183175239913698	0.150403335289429	0.0875834625232469	0.0419217620044436	0.0131992677778459	0.00207579725504279	0.000189770494483518	5.83909213795439e-06	
0.000347923714071029	0.000397627101795462	0.000473644047726947	0.0018507202605627	0.00535627095948004	0.0194252534141842	0.0419467355107315	0.0742071578725781	0.115718257808548	0.153796900262843	0.178192492449471	0.176520119638978	0.127948214917449	0.0662429209219101	0.0289010580974128	0.00765139798087297	0.00101453385531636	8.77118606901754e-06	
2.91152176508095e-06	0.000471666525943115	0.000503693265359005	0.000655092397143215	0.00236415567324574	0.00936345399650035	0.0272372861123323	0.0507973202353674	0.0880851794807592	0.132631462486498	0.16740376692686	0.179265306597799	0.160194839036519	0.107228435086166	0.0487883702174616	0.0204592634432239	0.00404119220993237	0.000506604787124086	
3.210450893235e-05	0.000542858060128827	0.000414440024399427	0.00105069301960418	0.00425238813767581	0.01590924347184	0.0361117353654515	0.0637391245975992	0.104219991769571	0.149011618913642	0.173530707962794	0.171595681651689	0.145197019534134	0.0850973788127753	0.0336426067693816	0.0131394999284945	0.00225023421698562	0.000262673254901045	
0.000107438208511429	0.000734645047388961	0.000563324660843709	0.00193388775320572	0.00706188440810258	0.0228959533543951	0.0464249210183981	0.0779943319085672	0.121196106671622	0.161627717896302	0.170521859319829	0.163677755064114	0.125975655082698	0.0655431146627021	0.024966316669764	0.00751777086043486	0.00107728582047946	0.000180031592640773	
1.15913470594201e-05	0.000327455554428619	0.000701276497094919	0.00119390874712027	0.00278482113102569	0.0105771041917209	0.0304214903574482	0.0567454395293913	0.0955938391990379	0.138542677890954	0.169633568541084	0.167257342393903	0.151429357984265	0.10444673051567	0.0480664184186505	0.0174246924670733	0.0042598200443369	0.000544793311792747	3.76718779431155e-05	
8.3025090755013e-05	0.00051819108367784	0.000870331985845653	0.00191244002152926	0.0039451232779451	0.0167338501883811	0.038446342887899	0.0711238734354065	0.11135668724162	0.149754360248732	0.175016891311567	0.165746710488646	0.132802927063889	0.0832884806980979	0.0347245284747432	0.0111826208444511	0.00224454038454932	0.000246212338101073	2.86293416396597e-06	
6.32287472373348e-05	0.000718508491333351	0.00120709426544003	0.00251477971966673	0.00754146512503485	0.0224318350994272	0.0485855441839612	0.0813179170151433	0.128860186869688	0.165075888866855	0.175534498466703	0.156183627778113	0.111426296835976	0.0667149504372843	0.0235268420402192	0.00694079202628017	0.0012042202314747	0.00015232380016267	
2.89632601045574e-06	0.000283839949024662	0.000640088048310718	0.0021201106396536	0.00375074218354018	0.0116055783238961	0.0305533430842976	0.0621464672063487	0.09723545682302	0.1414681476547	0.168626996654743	0.173959132839992	0.146331079026255	0.0923059099532243	0.0484642231329558	0.0156691237165655	0.00411857558686806	0.000634295396289806	8.39934543032164e-05	
4.06711908524682e-05	0.000406711908524682	0.00100225434600725	0.00275692572278516	0.0070041600818072	0.0174363205354653	0.0402615738588826	0.0770835270056707	0.114991981965232	0.151253253695268	0.179589453379195	0.161775471785814	0.127480942642001	0.0721042112113043	0.0333184205633541	0.0103101468811007	0.00288474946546435	0.000258552570419262	4.06711908524682e-05	
0.000259929906542056	0.00022196261682243	0.00214077102803738	0.00410046728971963	0.00947429906542056	0.024088785046729	0.0537178738317757	0.0928709112149533	0.132634345794393	0.161901285046729	0.177689836448598	0.146904205607477	0.108352803738318	0.0553738317757009	0.0232593457943925	0.00547605140186916	0.00134345794392523	0.000189836448598131	
5.8367575644378e-06	0.000335613559955174	0.000332695181172955	0.00249229548001494	0.00642043332088158	0.0135354407919313	0.0332082321628689	0.0664135459469555	0.107694013821442	0.147742925849832	0.165571301830407	0.170182340306313	0.135754225812477	0.0913540110197983	0.0393864400448263	0.0157621638027643	0.00316352259992529	0.000554491968621591	9.0469742248786e-05	
8.13074233677535e-05	0.000482036867108824	0.000952458388022255	0.00407698651458307	0.00962912199598109	0.0206753162278002	0.0461361550881024	0.0805408105188575	0.124092551078485	0.158006458132485	0.167403273204558	0.155567235431452	0.123900897866261	0.0693465206230472	0.027763581243539	0.00895543191664828	0.00207914696897541	0.000281672145238289	2.90383654884834e-05	
0.000293982271978144	0.000519665632284599	0.00183219254354056	0.00549657763062167	0.0139121913557334	0.0294962212884738	0.0606137993496756	0.0967498626597972	0.139015010912978	0.160621223144423	0.168490445576161	0.141681637986073	0.102763136404805	0.0524060518774777	0.0194414336832415	0.00522338198393491	0.00124422799958427	0.000115811198051996	8.31465011655358e-05	
5.94459636190703e-06	0.000481512305314469	0.000642016407085959	0.00291879681369635	0.00809356794673642	0.0206009986921888	0.039703959101177	0.0758233265961241	0.111586018309357	0.151052193556058	0.16312269646891	0.162641184163595	0.125847104981572	0.0814082748781358	0.0391719177267864	0.0128997741053382	0.00330816787540126	0.000612293425276424	8.02520508857449e-05	
1.78748048667135e-05	6.55409511779496e-05	0.000443890987523386	0.00137338084059249	0.00538329539902523	0.0113862507000965	0.0272560982875937	0.0531090243931504	0.0921535564903417	0.127074966931611	0.159330052313596	0.164519703993231	0.146299319565761	0.108553689955551	0.0634078911305218	0.0294457618837661	0.00817176495823254	0.00177556395009354	0.000205560255967206	2.68122073000703e-05	
6.30458343215518e-05	0.000318231354194499	0.000681495447190107	0.00268094904995932	0.00893749756072665	0.0171274516573549	0.0374522277695885	0.0702690856252496	0.110162087837858	0.137998324782117	0.163763055741524	0.157287347901925	0.129291995280569	0.0895160781888433	0.0470171814909439	0.0209852562813165	0.00541593738647997	0.000888646045675206	0.000126091668643104	1.80130955204434e-05	
1.21316894894075e-05	0.000124349817266427	0.000197139954202872	0.0011221812777702	0.00489816963134829	0.0122560393066739	0.0232746462854283	0.0480384574556814	0.0875756335016605	0.122736302564336	0.150150887888024	0.164754409110899	0.145980619626041	0.114686926588114	0.0708551324628846	0.0350150887888025	0.0146429492137149	0.00325432570553357	0.00029116054774578	0.000133448584383483	
1.82067559202301e-05	0.000212412152402685	0.000103171616881304	0.00207860463422627	0.0069458773835678	0.0148536783715878	0.0308058310170294	0.0621305545777853	0.103996989816355	0.135227645138189	0.161096410841516	0.16060482843167	0.134001723572894	0.0957189847912899	0.0571661791302026	0.0244334664449488	0.00877565635355092	0.00161736681758044	0.000169929721922148	4.2482430480537e-05	
2.13356741615842e-05	0.000307843298617144	0.000402329855618445	0.0033375090295621	0.0092627305395792	0.0211558449079366	0.0411900429456641	0.0761835965241139	0.116928638265836	0.14713995287864	0.163705579888384	0.155003672783909	0.121147005842927	0.078320211893724	0.0429182325527525	0.0174769650917891	0.0045871699447406	0.000813803571591855	9.44865570013015e-05	3.04795345165489e-06	
9.13205870087333e-06	8.52325478748177e-05	0.000517483326382822	0.00113846331804221	0.0040728981805895	0.0137407043252474	0.0265255865064701	0.0539034984916883	0.0918167621981474	0.132430071260498	0.151613482571466	0.163539951234807	0.144682250017503	0.106860306898053	0.0624511054357057	0.0303914913565064	0.0124774362049599	0.00313838417353347	0.000496175189414118	0.00010958470441048	
8.46036470214984e-05	0.000302155882219637	0.000519708117417776	0.00279192035170945	0.00672296837938693	0.0181293529331782	0.0365064736897766	0.066779471529362	0.104582193953861	0.146195102053149	0.154483237902434	0.16174102219335	0.131190040942122	0.0905138160777145	0.048130410478766	0.0219757973138342	0.00771101811424514	0.00132042120529981	0.000256832499886692	6.34527352661238e-05	
9.05277769395576e-05	0.000476779625215003	0.00124626572920124	0.00428196384924108	0.0111077582304837	0.0231147590452337	0.0461933069796916	0.0814689640604725	0.120601104438879	0.156543649476448	0.158275747608558	0.151706448595311	0.114961223935544	0.0738193669090799	0.0356528561513624	0.015084945230695	0.0047889194001026	0.000380216663146142	0.000193125924137723	1.20703702586077e-05	
8.68453284699949e-05	0.000670805295768237	0.00237776520017848	0.00619895965285826	0.0148026365043857	0.0306054916194258	0.0589440206991348	0.0957784186364086	0.139156162873922	0.161035196315362	0.156770791220836	0.14347447196543	0.0955837653139758	0.0567878608198798	0.0256103878991516	0.00923255681631015	0.00253348785812468	0.000191658655933782	0.000158717324445163	
0.000278178261415778	0.00105288976363821	0.0039154338085296	0.00882094293457128	0.0201963400116057	0.0410058686639666	0.0756585047768891	0.113128817473184	0.150539306887454	0.158869698909422	0.154783768747121	0.125332767006264	0.0778241075861904	0.0441675291189825	0.0169329799771475	0.0060660807973247	0.00122637728151042	9.27260871385926e-05	0.000107681907644817	
3.03515007299536e-05	0.000485624011679257	0.00199712874803095	0.00612796799737763	0.0126990679054126	0.0270310465500967	0.0506384438178546	0.0910271858392038	0.127315440111936	0.157767100794299	0.160774934516637	0.14063367863224	0.109377703180534	0.0644605172502754	0.0324912815314153	0.012407693498405	0.00424313980204751	0.000449202210803313	3.03515007299536e-06	3.94569509489397e-05	
0.000225158067048421	0.00110449159916996	0.00303659122857195	0.00807222097134407	0.0195278983015779	0.0364634361555173	0.0635645564690347	0.10696833790749	0.138472211234779	0.158642114295103	0.154817469831862	0.12872651814348	0.0958169282354301	0.0504688764612454	0.024046273025455	0.00810264773716143	0.00177692312373349	0.000167347211995448	
0.000107105042505401	0.00064569039910399	0.00149335030693245	0.00553580062549345	0.0114755402684358	0.0256746087605804	0.0485522458397341	0.0752795441609391	0.121169464658396	0.150556028177807	0.160308707333941	0.146082097545152	0.116582308695093	0.0765648046710039	0.0394391367945603	0.0147774357216738	0.00472792259059557	0.000924163509618033	0.000104044898433818	
9.86941529882739e-05	0.000875910607770931	0.00334326443247778	0.00883929507701228	0.0181751451112468	0.0340186408581457	0.0626306926479024	0.0953447201712344	0.133758335029639	0.150292689847456	0.155073187882825	0.136201015316099	0.0990210773700476	0.0596020158280748	0.0290931857855746	0.0100544668356804	0.00297624555105263	0.00054590203371639	5.55154610559041e-05	
0.000319492781944625	0.00139584225121438	0.00515841258615449	0.0119887340020969	0.0213843032886043	0.0445552846587631	0.0758810866476832	0.11274683143809	0.14138331068967	0.154184735069141	0.150105773823925	0.120917161415198	0.0826679818602545	0.0462799253069302	0.0219922701357999	0.00651393050566712	0.00231709813701588	0.000204723530178109	3.1018716693653e-06	
0.000117222806622472	0.000860662185464989	0.00280717773753814	0.00747758113823345	0.0174939614830536	0.0283062229886263	0.0569980473148265	0.090307833259812	0.131878742260981	0.147962945253864	0.150002005126955	0.141984582116118	0.102437308934537	0.0672920606226999	0.0332727682165784	0.0153592724782444	0.00404110201777468	0.00132646860125428	7.40354568141926e-05	
0.000280307907455266	0.00184510369852423	0.00382882119743842	0.00973992970740167	0.0214635769137175	0.0395418967912445	0.0678837985109798	0.106011834538247	0.147149330187313	0.149176171979682	0.146228318491389	0.129573100297866	0.0870956712450291	0.0531383704561626	0.0239955890008409	0.00979229492088232	0.00271066987429268	0.000532893054832539	1.23212267013304e-05	
0.000838999598608106	0.00273731164006314	0.00553196497931172	0.0143867305272117	0.0280581988066891	0.049223321774454	0.0804775658146897	0.123251455422865	0.15415863128382	0.149698050684026	0.140013339490021	0.109103145644898	0.0756518091306093	0.0407669301366845	0.0174650743782198	0.00642227030876996	0.00195263575647282	0.000247474701747715	1.50899208382753e-05	
7.42622049933907e-05	0.00128028041408606	0.00375469708446583	0.00842430453445024	0.0210815547535237	0.0376242035378514	0.0586701124329784	0.096876531657978	0.140792229202869	0.155089188908197	0.146430215805968	0.127814166258225	0.0922663339719883	0.0627782976132127	0.0304177991652928	0.0111304192844094	0.00444979132320397	0.000908969389119102	0.000136642457187839	
0.000157659734596198	0.00249280863380403	0.00442339670461408	0.0113515008909262	0.0288309084472896	0.0474823525212171	0.0731124708850066	0.114321155854084	0.151859046247847	0.155779716628937	0.140144630496152	0.113729188171355	0.0784639777253567	0.0476638099516014	0.020231016131863	0.00705304208919971	0.00259394884090348	0.000252850517748619	5.65195274967501e-05	
