# <P(U)> as a function of N_tot.
# number_of_species: 1
# species_total_upper_bound: 151
# species_total_lower_bound: 97
# volume: 729
# Bin widths for each
10	10	10	10	10	10	10	10	10	10	10	10	10	10	10	10	10	10	10	10	10	10	10	10	10	10	10	10	10	10	10	10	10	10	10	10	10	10	10	10	10	10	10	10	10	10	10	10	10	10	10	10	10	10	10	
# Bin lower bound for each
-240	-240	-260	-260	-260	-260	-260	-260	-270	-270	-270	-280	-280	-280	-310	-310	-310	-320	-330	-330	-350	-350	-360	-360	-360	-360	-370	-370	-370	-370	-380	-380	-380	-380	-380	-390	-390	-400	-400	-400	-410	-420	-440	-440	-440	-450	-450	-450	-450	-450	-460	-460	-470	-470	-470	
# Bin upper bound for each
-100	-100	-110	-110	-110	-110	-120	-120	-120	-120	-130	-130	-130	-130	-140	-140	-140	-150	-150	-150	-150	-160	-170	-170	-170	-170	-170	-180	-180	-180	-190	-190	-190	-190	-200	-200	-200	-210	-210	-210	-220	-220	-220	-230	-230	-230	-250	-250	-250	-250	-260	-260	-260	-270	-270	
# Normalized histogram for each
1.38044135470993e-05	0.000560459190012231	0.0019602267236881	0.00698503325483224	0.0203642708646809	0.0477687926383823	0.0960649138742639	0.159681173264716	0.217667992810661	0.217430556897651	0.146072782389986	0.0658774223294672	0.0180534120368964	0.00140528929909471	9.38700121202751e-05	
5.22084159966587e-05	0.000862812769628991	0.00332210394420844	0.0100130246258855	0.0282145271291416	0.0630842533921731	0.116650088204745	0.178239532212593	0.219212147524497	0.198064991234482	0.122566126080577	0.0479520561872469	0.0108950720750922	0.00085182152415601	1.92346795777163e-05	
5.49298134308887e-06	4.94368320877998e-05	0.000162042949621122	0.00135676639174295	0.00485304901661902	0.0145261891617985	0.0379262896833571	0.080972037978473	0.139930953224517	0.195574854230008	0.215204023059536	0.174847089131862	0.0951411833529707	0.0328864793010731	0.0062674917124644	0.000296620992526799	
3.00558766069648e-05	9.83646870773392e-05	0.000434444034591582	0.00185253493995656	0.00754675738076697	0.0216402311570146	0.0502534256868451	0.100575160184161	0.159746984166018	0.204792546142601	0.204013825703239	0.14895145975928	0.0750003415440524	0.0216812164432969	0.00321871114936404	0.000163941145128899	
6.29225040968022e-05	0.000158674140765849	0.00103958919812108	0.00363856219342378	0.0107405978732194	0.0292699074492038	0.0655953426403924	0.120767435689097	0.175422469899789	0.208612722930328	0.190668866218549	0.124219966131278	0.0543841938669709	0.0137499350256751	0.00158126988556312	8.75443535259856e-05	
0.000136535919869799	0.000693602472938581	0.00193334862535636	0.00576181581850553	0.0161603914757894	0.0388471999213553	0.0824567727277692	0.139255715393606	0.191095673449771	0.210467389760898	0.167633340979345	0.0988820438881061	0.0375910694585532	0.00819215519218796	0.000862907013577132	3.00379023713559e-05	
0.000200955225524066	0.000762528732468033	0.0027665753650916	0.00879247931950504	0.0229116485210521	0.052176785542235	0.099899522387238	0.157163503227671	0.199799044774476	0.202103147839731	0.147228607215118	0.0756004569666772	0.0256727182635266	0.00448157681031754	0.000440449809367817	
0.000432379180121504	0.00130534727163264	0.00472333205626402	0.0114279459252367	0.0313775929067922	0.0690438399649718	0.117653658803568	0.172557604947731	0.206140878988561	0.188131465163374	0.122333205626402	0.0562284494554212	0.0161950632149308	0.00239724153029391	5.19949646981555e-05	
6.01727504964252e-05	0.00101199625834897	0.00212245701751027	0.00645763017827545	0.0169823912651047	0.0443609927409782	0.0855136838304879	0.134505243234668	0.18744358804641	0.202191382168079	0.167991378885929	0.100127456826052	0.0402965969574469	0.00978080708069166	0.00106943388382283	8.47888756995082e-05	
0.000151768098345728	0.00158001430956356	0.0037454198556035	0.00983782494633914	0.0244563449905687	0.056511935476877	0.100589727467858	0.154779069011122	0.197108817726514	0.193311905123257	0.146155388851549	0.0773963098670945	0.0284077358367842	0.00555308631268565	0.000406521691997485	8.1304338399497e-06	
0.000222344541848225	0.00248103970476983	0.00591382250940219	0.0129827520288939	0.033571314300279	0.0714675010913863	0.113607214809231	0.173515511243313	0.204315653326898	0.176720526468491	0.12500915137596	0.0592087245829006	0.0182295409127515	0.00260848108851211	0.000146422015363466	
2.17550328908904e-05	0.000766864909403885	0.00381800827235126	0.00811190788919074	0.017860882003421	0.0436378766000147	0.0858834310950124	0.130987053036051	0.188700435916472	0.20066298462735	0.160421612537425	0.10293937688147	0.0433278673813195	0.0115546418441741	0.00126723066589436	3.80713075590581e-05	
9.39970780336885e-05	0.00132133035407356	0.00440980577518047	0.0112259367480234	0.0245681505672052	0.056623839807494	0.102172138191819	0.152648569095909	0.19595436576143	0.190685158129942	0.141258808869027	0.0807649750773462	0.0305678497765555	0.00678390340323135	0.00089162942591956	2.95419388105878e-05	
0.00026150345615908	0.00218368865452428	0.00671282067872278	0.0159328394422697	0.033793255906743	0.0713877476195098	0.117390788608155	0.16956477197977	0.205299084468312	0.175212707450422	0.118256176334207	0.0599732565537619	0.0198041689581918	0.00386863360400289	0.000353164461410717	5.39182383833155e-06	
5.45674303378542e-06	3.54688297196053e-05	0.000133690204327743	0.000444724557253512	0.00313762724442662	0.00994491417907394	0.0212130885438408	0.0456047299048617	0.0898098052215574	0.133305503943861	0.18229341452967	0.198939209154232	0.158853974828044	0.0976947989053773	0.0437849061030942	0.0125777926928754	0.00208720421042292	0.000133690204327743	
5.96707260842442e-05	5.96707260842442e-05	0.000442105834169628	0.00117985299302937	0.00492283490195015	0.0143942065149584	0.0285497301255798	0.0590550326832841	0.106970625728932	0.154454962163335	0.191526756896037	0.187599338197402	0.136583579701104	0.0764707477826901	0.0299574168000217	0.00677262741056172	0.000989991591852234	1.0849222924408e-05	
4.05248782227409e-05	4.05248782227409e-05	0.000796989271713905	0.00219644839967256	0.00788884296069357	0.020329980575075	0.0388795681668977	0.0721018633339007	0.124876061414102	0.167519039938618	0.194773371372686	0.172490091667275	0.11630099718217	0.0585584490318607	0.0193789967661147	0.00349594616134845	0.00032690068433011	5.40331709636546e-06	
7.50390605109624e-05	0.000115238557213264	9.64787920855231e-05	0.00165621926413481	0.0038028723880377	0.0114595365266027	0.0266281466156044	0.0512248786645191	0.0907088243255194	0.140285523625244	0.179632790997457	0.189980141448629	0.155692650728013	0.0934772296650846	0.0411589246902629	0.0119553303192644	0.00191081607658272	0.000139358255234644	
1.07508674606182e-05	0.000268771686515456	0.000126322692662264	0.000325213740683701	0.00195934559469767	0.00615487162120394	0.0166960971663401	0.0347736808013697	0.0669107113580227	0.107148520546252	0.156973415792487	0.182404592770579	0.184549390828973	0.131219712790576	0.0737966419665487	0.0292934261133195	0.00643439417518001	0.000876195698040386	7.79437890894822e-05	
0.000113854461468397	0.000341563384405192	0.000298190256226755	0.00073734317903343	0.00300358912635677	0.00864209578955358	0.0247226830617091	0.0451785346388645	0.0822896674365397	0.127839584485432	0.164026327488804	0.188597204601889	0.165219088513711	0.110102685880962	0.0546176116586969	0.0200709150645717	0.00377346215152402	0.000409333897184	1.62649230669139e-05	
2.42239585716477e-05	0	0.000137269098572671	0.000481787620480549	0.000228781830954451	0.00147766147287051	0.00394850524717858	0.0125749260496376	0.0322932283269588	0.0578198975595708	0.0983681126575567	0.143839174447492	0.172547256905847	0.182985091499275	0.150086264208025	0.0870528324536448	0.0410892168394194	0.0128333149410685	0.00203212096906601	0.000174950811906345	5.38310190481061e-06	
5.65621523784385e-05	0	0.000387854759166435	0.000439030039889785	0.000449803783199963	0.00181806918359267	0.0053276160668834	0.0187974886404344	0.0402695590576207	0.072590788988157	0.117312597468709	0.154794450444821	0.180145068453672	0.176783660540896	0.127970523038303	0.0659487762374318	0.0285935147452144	0.00730998483595629	0.000996571256191536	8.08030748263407e-06	
4.3027639880168e-05	0.000142529057103057	1.88245924475735e-05	0.000505574768591974	0.000465236356204317	0.000634657688232478	0.00233693869099163	0.00908421046970047	0.0260182759900391	0.0494925427721633	0.0866980051310461	0.135693040817095	0.168442453220888	0.179591990404836	0.161415501782958	0.106428867243596	0.0483119719029512	0.0203251813883944	0.0038671091342301	0.00048406094865189	
0.000229481641468683	0.000178185745140389	4.31965442764579e-05	0.000558855291576674	0.000383369330453564	0.00106371490280778	0.00418736501079914	0.0153671706263499	0.0345194384449244	0.063091252699784	0.103034557235421	0.151579373650108	0.174894708423326	0.172389308855292	0.145828833693305	0.0837904967602592	0.0334908207343413	0.0129697624190065	0.00215712742980562	0.000242980561555076	
0.000164279674026037	0.000201983205769718	0.00010233815758999	0.000759456853694138	0.000587097851437312	0.00198482163536376	0.00696707404435013	0.0220457936324121	0.0450260962301854	0.0770579395558524	0.121047188663087	0.164123473680242	0.170823929892976	0.164807523470448	0.125760130131047	0.065170554618952	0.0247577548085469	0.00737104045588956	0.0010745506546949	0.0001669727834363	
0.000225511225895132	0.000104701640594168	0.000349005468647228	0.000805397235339757	0.00117319530614491	0.00293701525153898	0.0105856043298155	0.0293969990899011	0.0551267561015552	0.0948194165165496	0.139081363913371	0.172164397683678	0.167366914818504	0.152254978026079	0.104100277325115	0.0476123998958353	0.0171522764552857	0.00412900315984182	0.000579886009444625	3.49005468647228e-05	
1.85559740958602e-05	0.000164352913420476	0.000116637551459692	0.000596442024509791	0.000956958092657931	0.00194042471973852	0.00415653819747268	0.0164034811007404	0.03722858574318	0.0690017151021771	0.110795070472939	0.152291530258167	0.177458732839038	0.165567004297033	0.132821011724725	0.0829372516481681	0.0341217855088446	0.0109745332509802	0.00217104896921564	0.000275688757995637	2.65085344226574e-06	
7.17808292015047e-05	0.000146220207632695	7.97564768905608e-05	0.00081351606428372	0.00134788445945048	0.00245384093899959	0.00800755027981231	0.0220313974664026	0.0468011006393811	0.0794055483922424	0.129404883754935	0.167294527376411	0.177205598904678	0.156325353254729	0.111672360392934	0.0660489970623031	0.0229060601629691	0.00667561711573994	0.00114583471799439	0.000162171503010807	
7.78510950159192e-05	0.000128856984853935	0.000416100680257499	0.000751665744981289	0.00235432449410211	0.00383349529940457	0.0119890686324516	0.029779386103848	0.0603533902809619	0.0958024837183831	0.141785635667613	0.171122075886026	0.174220012563556	0.146341266986304	0.092948838407972	0.0480287565837866	0.0154467310593655	0.00393282255856281	0.000609386157538402	7.78510950159192e-05	
0.00021254442582065	0.000271734012758046	0.000532706282436566	0.00122145783952627	0.00296755065417946	0.00728300962906962	0.0181577510109312	0.0394148840287661	0.0751357997454848	0.114324687169581	0.152238308038753	0.180840330708365	0.161380408784811	0.1273114206308	0.0721036786328282	0.0332618574230468	0.0103285829205756	0.00272810187065999	0.000247520090829112	3.76661007783431e-05	
2.43113801570515e-05	0.000253918859418094	0.000426799784979349	0.000459214958522084	0.00224745203229632	0.00440035980842632	0.00968673436035408	0.0245625977520077	0.0524558545855315	0.0917322398614792	0.132775252095506	0.162883545787783	0.176811265353312	0.146470662917312	0.108823140111886	0.0555163872208581	0.0235955450746494	0.0054133339816368	0.00128580188386184	0.00017558219002315	
0.000143244791835587	0.00024054314100693	0.00055135731197094	0.000589195558870907	0.00266489367452621	0.00648655661142283	0.013673120790495	0.0333598201061633	0.0656142228564633	0.106341690180434	0.147185374977027	0.166536935534438	0.169850484870107	0.135401463799609	0.091803695175083	0.0399031340879361	0.0160244975621358	0.00302976248391874	0.0005162217969924	8.37846895642115e-05	
8.60101760789573e-05	0.000209649804192459	0.000650451956597115	0.0011799521030832	0.00403441482170359	0.00962238844883335	0.021161191133426	0.0456472131359041	0.0799464586653909	0.122594066910541	0.157530325306613	0.168566506024744	0.155449954172703	0.123851965735696	0.0700552884163108	0.0278216041435402	0.00930791374254467	0.00199704877583329	0.000260718346239339	2.68781800246742e-05	
0.000134149546629287	0.000514696219720531	0.000813110517324456	0.00211901528757282	0.00553845985369486	0.013814665556967	0.0299454641026764	0.0595760874326514	0.0956267247798852	0.136791471374129	0.162613890227342	0.168740965438696	0.141653708002979	0.103024114065443	0.052707083096062	0.0198103289675413	0.00523457006439178	0.00115806649437119	0.000106772088133514	7.66568837881642e-05	
8.48188024132317e-05	0.000634772972899025	0.000911118103342134	0.00333529419812031	0.00847640806052232	0.0207505095968371	0.0404093191239039	0.0739975648795436	0.110488802550036	0.14929750878969	0.165073806038552	0.162857572814206	0.125854686238833	0.0817571172551541	0.0390741070084956	0.0129334993228176	0.00342558518133439	0.000563634622487927	7.38744408115244e-05	
1.6422518557446e-05	0.000125905975607086	0.000760910026494997	0.00172436444853183	0.00575061858153233	0.0117256782500164	0.0278224835227397	0.0532144342989774	0.0904470209551337	0.125777332545052	0.158896078302568	0.165303597626399	0.14718682257111	0.109020889443605	0.0627942367908209	0.0292485055508113	0.00817841424160809	0.00179279160918785	0.000188858963410629	2.4633777836169e-05	
5.80195442979221e-05	0.000444816506284069	0.00101396060749226	0.00308056151867539	0.00915879949274341	0.0176655698209959	0.0382265911860024	0.0693941378157576	0.107642831685302	0.136473019530484	0.163266997654353	0.158937634515551	0.130427935581729	0.0906486308768963	0.0466642906281859	0.0205499700232354	0.00532950956908056	0.000884107341682622	0.000116039088595844	1.65770126565492e-05	
1.11457558354998e-05	0.000150467703779247	0.000309294724435119	0.00166071761948947	0.00537504075166977	0.0124665279020065	0.0237543921244089	0.0484979700792185	0.0853514117492985	0.120680671308874	0.148007278178561	0.16363641429889	0.148804199720799	0.11652887726015	0.0718706200662615	0.0349029343988676	0.0143891707836302	0.00318768616895294	0.000292576090681869	0.000122603314190498	
1.66749114840115e-05	0.000383522964132265	0.000319602470110221	0.00273190633146389	0.00746480204100917	0.0152603231597846	0.0310403477274875	0.0616860558831867	0.101394578430446	0.13257110460172	0.158914685594544	0.160860091934345	0.137467970274191	0.0983680819960981	0.0569114728949314	0.0242897877283768	0.00851532146450189	0.00160912895820711	0.000155632507184108	3.89081267960269e-05	
1.95144253419903e-05	0.000630037161041401	0.000892088015633843	0.00420675254872334	0.00993284249907306	0.0214435656757985	0.0412618584981141	0.0746956446590412	0.114059028348884	0.143882645821543	0.162627645250049	0.156081949435336	0.124396098230042	0.0805611233618337	0.0424494506689266	0.0174096551801042	0.00458031440527001	0.000780577013679612	8.64210265145285e-05	2.78777504885576e-06	
6.67202281831804e-05	0.000111200380305301	0.000770062633614207	0.0020516470166328	0.00512355752256673	0.0142030685744945	0.0272051730416918	0.0536708635543534	0.088760143559691	0.12906194139184	0.148638768344588	0.163044777613139	0.146612141413524	0.109907675884252	0.0644072602728301	0.0302409434240265	0.0125434028984379	0.00300519027775075	0.00047538162580516	0.000100080342274771	
6.88570555070496e-05	0.000154239804335791	0.00038835379305976	0.000914421697133619	0.00373756097292265	0.00794334992329324	0.0184481823114487	0.0375518837913246	0.0659347620713304	0.10139063709302	0.142663556163946	0.152735966243517	0.162059211559172	0.132794962968676	0.0927476994857755	0.0489270693610892	0.0220370120444762	0.00791305281887014	0.0012834955146514	0.000247885399825379	5.78399266259217e-05	
1.10154905335628e-05	0	7.98623063683305e-05	0.000159724612736661	0.000784853700516351	0.00181755593803787	0.00516901893287435	0.0120426850258176	0.0237824440619621	0.0462705679862306	0.0804709122203098	0.117386574870912	0.153960757314974	0.157488468158348	0.151914629948365	0.116417211703959	0.0754864027538726	0.0361858864027539	0.0150333907056799	0.00496247848537005	0.000388296041308089	0.000176247848537005	1.10154905335628e-05	
4.64859366369339e-05	3.00791354709572e-05	0.000166802478520763	0.000229695216323673	0.00147114317121591	0.0030954164866476	0.00751704940087831	0.0156630261797857	0.0312713630223515	0.0579105391821757	0.0938879196723015	0.135580335901909	0.159036592635534	0.156805267676961	0.14351575873252	0.0976696873410591	0.0579706974531176	0.0257641467643054	0.00940109706810463	0.00261961925283427	0.000202350547713712	0.000144926743632794	
7.88688574078254e-05	0.000163176946361018	0.000163176946361018	0.00053848392299136	0.00167256370020044	0.0049197849327847	0.0105167541929676	0.0212565168792953	0.0414170286021991	0.0744222856194877	0.110220588035322	0.147106736760231	0.158074947171464	0.155118724826557	0.125950845664525	0.0792632016948645	0.0444167647994691	0.0170519908947264	0.00619256511440064	0.00125918210275252	9.79061678166109e-05	9.79061678166109e-05	
7.72341352811047e-05	0.000350311970739296	0.000223427319920339	0.000306178179150094	0.00073648264714482	0.00281352921381167	0.00751377801806175	0.0143076235608246	0.0281932177395775	0.0510517634208102	0.089401269949853	0.123775976873893	0.155370254927814	0.159204378072126	0.140877821114709	0.110419988194211	0.0653455951717632	0.0325955634506005	0.0125560637071282	0.00441889588286892	0.000422029382071751	2.75836197432517e-06	3.58587056662272e-05	
8.83809439637196e-05	0.0002126666464127	0.00025685711839456	0.000698761838213158	0.00185599982323811	0.00401580914135151	0.00946780862211346	0.0210457122813607	0.0372553297852067	0.0630045654281366	0.104325418635674	0.135504558523375	0.156873413631103	0.153434842530015	0.129027892473534	0.096694276505307	0.0519790426686626	0.0240368548536329	0.00820838017063046	0.00186152363223584	0.000151904747437643	
4.70295317795145e-05	0.000154920810567812	0.000520091292620513	0.00145238259907324	0.002592157133965	0.0068192821080296	0.013093574936026	0.0269562210387994	0.0493146137353897	0.0746496991493188	0.117856006639463	0.146411231758766	0.159247527491528	0.145705788782073	0.117836641538142	0.0764672522304447	0.040320907393319	0.0147894045231344	0.00478318002628121	0.000888028217719068	9.4059063559029e-05	
2.2369362920544e-05	0.00040544470293486	0.000872405153901217	0.00170286775232641	0.00498557176091625	0.0100634171438797	0.0204791517537581	0.034703270400859	0.0621420901932713	0.0935710450966356	0.13013656496063	0.148211010200429	0.154485616499642	0.136229420186113	0.100024606299213	0.0591222261989979	0.0295555207587688	0.00985650053686471	0.00283811292054402	0.000542457050823193	5.03310665712241e-05	
0.000140137671248234	0.000535325904168255	0.00136213816453284	0.00308022601403619	0.00717785152133456	0.0135176797686047	0.0238654454135743	0.0445105271418642	0.0744074979259625	0.110605058409381	0.137379761878069	0.151788717235812	0.149515684208166	0.122082333684612	0.0837771026256194	0.0461333213749187	0.0214130361667302	0.00636785578151977	0.00215251463037288	0.000184981726047669	2.80275342496469e-06	
8.35291628150442e-06	0.000348038178396017	0.00121117286081814	0.00155642673378699	0.005679983071423	0.0100652641192128	0.0190140217621312	0.0306719085856842	0.0568638697390549	0.0872629163928766	0.128955105859292	0.144625176803395	0.148319950105247	0.141214402655114	0.103737651605431	0.0671045451001793	0.03303578389335	0.0151577587455033	0.00384234148949203	0.00125850605308	6.68233302520353e-05	
8.90115269927456e-05	0.000898460100583026	0.00189705816903289	0.00319328853086475	0.00767446259290578	0.0123698206417731	0.0236520316881036	0.0401664515554764	0.0668114958387111	0.10284725621968	0.143091592861276	0.146796697672349	0.144618696871245	0.128830277270907	0.0880629979082291	0.0527059504205795	0.0233710890560328	0.00987471627575771	0.00253682851929325	0.000500689839334194	1.11264408740932e-05	
1.08594435078174e-05	0.000385510244527519	0.00134385613409241	0.00258997727661446	0.0051989585793676	0.0103924874369813	0.0173615353081231	0.029920481724914	0.0499290063880676	0.0787934072318464	0.118891902384462	0.150096513304176	0.146795242477799	0.137887783940512	0.109729246924741	0.0755382890403781	0.0397618524038736	0.0169705953418417	0.0063473447303193	0.00179995276142074	0.000241622618048938	1.35743043847718e-05	
0.00016837941494835	0.000729644131442851	0.00115192901337681	0.00355467653779851	0.00728040517967153	0.0124761128409349	0.0231027248065641	0.0385081049297751	0.0593149897769641	0.0945463778380618	0.135978404671861	0.152078683967874	0.144555064077722	0.126356723817669	0.092012668546458	0.0623351284895297	0.0295733051810079	0.0110114791997969	0.00432441100613382	0.000817842872606273	0.000122943699803557	
0.00016849334852448	0.00138271525693898	0.0014549266920209	0.00497991452305684	0.00936341608228894	0.0151323073960557	0.0306203229723296	0.0480099063390942	0.0724869083342694	0.111002348208889	0.14625757551444	0.152569389840119	0.13938946568887	0.112355643992276	0.0784109205085825	0.0467582414643409	0.0199918695273093	0.00684671384480425	0.00254077271584533	0.000227332295628266	5.08154543169066e-05	
