# <P(U)> as a function of N_tot.
# number_of_species: 1
# species_total_upper_bound: 151
# species_total_lower_bound: 97
# volume: 729
# Bin widths for each
10	10	10	10	10	10	10	10	10	10	10	10	10	10	10	10	10	10	10	10	10	10	10	10	10	10	10	10	10	10	10	10	10	10	10	10	10	10	10	10	10	10	10	10	10	10	10	10	10	10	10	10	10	10	10	
# Bin lower bound for each
-250	-250	-260	-260	-260	-260	-260	-270	-270	-270	-310	-310	-320	-320	-320	-320	-320	-320	-330	-330	-350	-350	-360	-360	-360	-360	-370	-370	-370	-370	-380	-380	-380	-380	-390	-390	-400	-410	-410	-410	-410	-420	-440	-440	-440	-450	-450	-450	-450	-450	-460	-460	-470	-470	-470	
# Bin upper bound for each
-100	-100	-110	-110	-110	-110	-120	-120	-120	-120	-130	-130	-130	-130	-140	-140	-140	-140	-150	-150	-150	-150	-160	-170	-170	-170	-170	-170	-170	-180	-180	-190	-190	-190	-200	-200	-200	-210	-210	-210	-220	-220	-220	-230	-230	-230	-240	-240	-250	-250	-250	-250	-260	-260	-270	
# Normalized histogram for each
3.08541350197518e-06	4.21673178603274e-05	0.000316769119536118	0.00188724459204148	0.00692058248493033	0.0191696740877718	0.0495589401398926	0.0987928833909106	0.162616718621602	0.218484300901866	0.215947062532075	0.146006909269302	0.0615971951534325	0.017148728243978	0.00147277071160949	3.4968019689052e-05	
6.14886399737648e-06	0.000119902847948841	0.000550323327765195	0.00317588825464495	0.00967011344654075	0.0269996618124801	0.0658399860625749	0.118299019256192	0.182613062236752	0.22165629899876	0.196347574785558	0.119587206263643	0.0442666967277795	0.010193791696984	0.000667151743715349	7.1736746636059e-06	
2.03846169526628e-06	5.50384657721897e-05	0.000170211551554735	0.00110484623883433	0.00463851958757843	0.0143415972570459	0.0362193874014913	0.0825974486613422	0.140682395437107	0.200347150026704	0.217974747536519	0.174116224932017	0.0914046224157402	0.0304046754157443	0.00573623121047932	0.000204865400374262	
1.11455271479711e-05	0.000138812474479276	0.00043872847773377	0.0016860142885658	0.0069902719812593	0.0201693512188647	0.0504213515876803	0.101628969454163	0.160039637547457	0.21057649732558	0.206820454676714	0.148637763275083	0.069365708050009	0.0202108936382344	0.00277624948958552	8.81509874430438e-05	
2.32736751460423e-05	0.000189225097926518	0.000831780911741164	0.00332813554588405	0.0103851186097318	0.0277826967308582	0.0665161635673889	0.120116449327644	0.178606230666406	0.213831443949401	0.1924226985118	0.122446852539006	0.049446440696146	0.0127054028319003	0.00133267087684077	3.541646217876e-05	
5.75422203422854e-05	0.000459328250100699	0.00145672673603365	0.00498194486647681	0.0150326526862627	0.0377850485121298	0.0834523716985151	0.139539884330042	0.193780998347428	0.213691616098496	0.170429961527473	0.0961752594699857	0.0350482597516397	0.00734218541314809	0.000752086915000045	1.41331769261754e-05	
0.000129589545363428	0.000759313742363835	0.00225566802398217	0.00776322370192785	0.021998837743765	0.0514834965689143	0.100575661058544	0.157884612658874	0.202830924115197	0.205505733324964	0.149206162792817	0.0725944434432752	0.0227986482190549	0.00382592884319058	0.000387756217767132	
1.00552637294571e-05	0.000324785018461464	0.00133031139140717	0.00378681232051354	0.0113091551165204	0.0305881122650085	0.0666975698438619	0.118415813309951	0.174528207025814	0.207902632870255	0.192075647760089	0.122438924328107	0.0537956609525955	0.014577115828594	0.00206836774914932	0.000150828955941856	
8.74432498334055e-05	0.000584965188540713	0.00200214889273729	0.00577728505795879	0.0170011789762305	0.0420370859888776	0.0837867148576132	0.135102836277089	0.18942921669945	0.206133892702107	0.170549515494039	0.0982932484765275	0.0389906435722678	0.00913329668087536	0.00102419162735908	6.63362584943076e-05	
0.000152069647898738	0.000984450878502354	0.00325048872383552	0.00894209547972972	0.0236498316228833	0.054183816187814	0.101338412993151	0.153470289392542	0.1976845395191	0.197689541810149	0.150109750265622	0.0762659297958465	0.026598181967341	0.00532443859287554	0.000350160373451041	6.0027492591607e-06	
1.99602591240839e-06	0	2.59483368613091e-05	1.99602591240839e-05	0.000235531057664191	0.00163274919635007	0.00529445873266327	0.0128534088629539	0.0323326257421474	0.0684746669381262	0.118521024639942	0.172444662676611	0.203208412051605	0.183263123121864	0.126727685178809	0.0553218541883111	0.0168474567136831	0.00269064292992652	0.000103793347445237	
1.79572617171133e-05	5.98575390570442e-06	6.58432929627487e-05	9.97625650950737e-05	0.000653444801372733	0.00271753227318981	0.00767872463536782	0.0182196372633133	0.0427113469941539	0.0849597956862667	0.137287256329935	0.186186875236936	0.200549691733674	0.165533031385303	0.101901474490712	0.0396256908557633	0.0103613400107744	0.00140266166523674	2.19477643209162e-05	
9.93325843656472e-07	2.08598427167859e-05	1.98665168731294e-05	9.13859776163954e-05	0.000143038921486532	0.001104578338146	0.00381933786885914	0.01055408708885	0.0253089491705233	0.0550580648621909	0.101070904592046	0.1571838815002	0.195538178975464	0.192341656410577	0.144911340701824	0.0782591765924752	0.0277118043863283	0.00617948007338691	0.000667514966937149	1.48998876548471e-05	
2.98278930570608e-06	5.07074181970033e-05	2.98278930570608e-05	0.000189904252463287	0.000338049454646689	0.00184336379092635	0.00576871451723555	0.0152132197222029	0.0337104904699882	0.070327211986836	0.119829583304334	0.172814858267795	0.201549061912763	0.178330035694045	0.120287938594311	0.0575877188621653	0.0181492786621196	0.00371754973801167	0.000257514143392625	1.98852620380405e-06	
1.50382422500419e-05	4.41121772667894e-05	3.70943308834366e-05	0.000197502248217216	0.000581478700334952	0.00270888870397421	0.00885952978424133	0.0201021196903726	0.045277139766426	0.0877581690238276	0.137886645740117	0.183864567595395	0.19633728571758	0.163405540288955	0.097969135511606	0.0411155568610978	0.011623558709799	0.00210234626655585	0.000114290641100318	
1.20149465935624e-05	3.90485764290778e-05	0.000143178113573285	0.000432538077368246	0.00106031903688188	0.00412413041824029	0.0129951659864872	0.0274131018987621	0.0582104137547109	0.104457945684431	0.156573777779558	0.19440083463829	0.186684235188575	0.141538073363264	0.0757692569556528	0.0284724196900945	0.00655615585788721	0.00108635142116793	3.10386120333695e-05	
2.00769549683939e-05	6.12347126536013e-05	0.000209804179419716	0.000636439472498085	0.00185209909583433	0.00664547209453837	0.0197768044916164	0.0372849130718042	0.0735549360699561	0.122402167508058	0.16924270729707	0.197245040239237	0.172607604949772	0.117674044613002	0.0572554601788656	0.0192387420984634	0.00387987154764211	0.000400535251619457	1.20461729810363e-05	
4.5089954459146e-05	9.51899038581971e-05	0.000293585703478439	0.0011723388159378	0.00351501244983743	0.00983061207108181	0.0257573859850402	0.0495147819900702	0.0906278024659195	0.140225750371992	0.180253605943858	0.194575177479071	0.154248726208787	0.0945766804775527	0.0413023982845777	0.011402748483224	0.0023917715843107	0.000164327834028888	7.01399291586715e-06	
4.02463074012959e-06	0.000102628083873305	8.04926148025919e-05	0.000511128103996458	0.00195093975127782	0.00547651627963134	0.0148528997464483	0.0342717430675736	0.0630911176399565	0.107258421539824	0.158167988087093	0.186365557210126	0.184671187668531	0.133108624783676	0.0739777437920071	0.0284350223367006	0.00633476878496398	0.00124763552944017	9.15603493379482e-05	
4.23298767293518e-05	0.000167303798501724	0.000279175615572154	0.000903037370226173	0.0029237850569488	0.00849721882631346	0.021813996474526	0.0442155719522237	0.0792546313420486	0.12546071535476	0.170027020571312	0.189911984092029	0.167265500041826	0.110510206035636	0.0551427272736435	0.0192127247640865	0.00371495061010454	0.000644018838810853	1.31021047019422e-05	
9.03082219615548e-06	0	6.42191800615501e-05	0.000261893843688509	0.000322099324996212	0.00163257196812722	0.00441807890329695	0.0124625346306946	0.028610648142109	0.0562178715957563	0.096095975564602	0.142281607125118	0.177103454088805	0.186969125625761	0.149863484071135	0.0893489479593854	0.040039655343688	0.0120130003702637	0.00192155827840419	0.000354208915026987	1.00342468846172e-05	
2.0973573297645e-05	0	0.00021472944090446	0.000301619958851847	0.000610231108802908	0.00256277090865509	0.0068114176138066	0.0172662445318898	0.0383966202584743	0.0701685875796496	0.114967141401834	0.155554001957533	0.181646125881389	0.177231688073028	0.12831232646865	0.0701835687034337	0.0273075924335337	0.00733375946307652	0.00100573277670136	0.000101871641731418	2.99622475680642e-06	
1.58524611441316e-05	5.25112775399358e-05	6.93545175055756e-06	0.000287325858237385	0.00046269370964434	0.00115128499059256	0.00370452201361925	0.0103536386847609	0.0241819386965512	0.0489315936578266	0.0864741847624162	0.131578399832757	0.16752088314061	0.179454814045677	0.161728790150073	0.108177194847554	0.052115956790154	0.0191923765514358	0.00413947391626136	0.000467647603751881	1.98155764301645e-06	
8.44817887080647e-05	6.55976241733208e-05	1.59024543450475e-05	0.000373707677108616	0.000614232299077459	0.00201861779842446	0.0061592193485162	0.0151272096957264	0.0330502696459915	0.0614063335500043	0.101724024831682	0.146973464767119	0.173096227739049	0.174217350770375	0.145310664384664	0.0880777311968386	0.0367803890933017	0.0124913778880348	0.00213291668902949	0.000280280757831462	
6.06186480848979e-05	0.000108318567889408	5.56499064385948e-05	0.000469049211411013	0.00102654202412622	0.00346818166911957	0.00929552187190385	0.0212274580613361	0.0429080653608151	0.0753628920461377	0.119062974825374	0.158712539414543	0.171959204643587	0.16590727731839	0.126493231083255	0.0693139459659283	0.0260640311798476	0.00732392518665078	0.0010245545274677	0.000156018487693918	
8.3263699108781e-05	7.83075265427822e-05	0.000179413446889159	0.000682960579594645	0.00181098545561599	0.00497004984918367	0.0132309982821906	0.0285009659580331	0.0526970004252396	0.0915405072939992	0.138145380401113	0.166827742275062	0.170312922823472	0.152287323200934	0.106182032288473	0.050282353151085	0.0174516748393952	0.00416516742446545	0.000488678615007489	8.22724645955813e-05	
6.89264702262265e-06	6.10491593432292e-05	0.000137852940452453	0.000331831720946262	0.000990571843536913	0.00269502498584546	0.00689658567806415	0.0184132141890062	0.0366550968663073	0.0672436796888462	0.10869802821062	0.15135465130591	0.172117273465771	0.166112793245206	0.134275656647712	0.0839494867439628	0.0360416512812939	0.0115146591832213	0.00223124830760899	0.000251089284395539	2.16626049282426e-05	
2.65633254922332e-05	6.39487465553762e-05	0.000182991797835384	0.000516509106793423	0.00132324714026125	0.00392546921163001	0.0101993331621475	0.024967558308959	0.047175482247336	0.08064724002129	0.124512144850798	0.162679708275656	0.174567288346866	0.156620318582817	0.114033404857547	0.0649788132883528	0.0252036767577789	0.00720161268900544	0.00102711525236635	0.00014167106929191	5.90296122049626e-06	
2.85298845621843e-05	7.47679733353796e-05	0.000422045533695761	0.000767355515810475	0.00260900875375562	0.00569810659945419	0.014271828804952	0.0335718038167083	0.0604243279244607	0.0962677008257926	0.138609000883443	0.167368108311247	0.171337697421882	0.144166425638332	0.094511637241534	0.0484427601974662	0.0165266734744874	0.00435031550117169	0.000489926983171303	6.09949256157044e-05	9.83789122833942e-07	
9.76864108335216e-05	0.000176624924638388	0.000635455036129171	0.00129360489497724	0.00359762276665677	0.0088105248720456	0.0201638566200305	0.0422143437199972	0.0738795418013966	0.112684728456446	0.149875622504186	0.17390154591212	0.162994216767132	0.125149119786234	0.0754563386146488	0.0350427797408251	0.0113681327193233	0.00247570913920511	0.000161823953299975	2.07213598737773e-05	
8.90779540971405e-06	0.000128668155918092	0.000428563934711798	0.00063839200436284	0.00211312702219328	0.00545552981092709	0.0121650792645328	0.0261245844266003	0.0536585800380264	0.0894936512162605	0.12858897551445	0.160152263916203	0.17321208174189	0.150227000319691	0.106467950246993	0.0587706648481567	0.024281660531835	0.00671152896369677	0.00126688645827044	9.99652595979021e-05	5.9385302731427e-06	
5.56823322942612e-05	0.000134234193923665	0.000507106954822736	0.00101918554645746	0.00295315226632064	0.00697719510194341	0.0164521405382294	0.0353393887869703	0.066387260677833	0.104670852784862	0.140135526819495	0.166198835642659	0.168634937680533	0.137260926414804	0.088864030704829	0.0433685822383303	0.0165118001799733	0.00395642857497974	0.000525004847345892	4.77277133950811e-05	
8.48324558995983e-05	0.000225554529803638	0.000582848873474887	0.00164974176002395	0.00417874697472492	0.01093041243544	0.0223338905661319	0.046925322488086	0.0813263803987125	0.119289403428229	0.150204346415829	0.167656877666608	0.158644676763392	0.121661718106739	0.0704937747947803	0.0305566506150353	0.0104453703934729	0.00255695002370319	0.000235534818733002	1.69664911799197e-05	
0.000145997895616539	0.000410807871803779	0.00079241616448425	0.00230978739685752	0.00586307411155246	0.0151757260878102	0.0304662367280361	0.0608186957856952	0.09582999803658	0.133262851590622	0.158071418143007	0.16574083863205	0.14587807665393	0.101752478188418	0.0545679720892299	0.020950194579954	0.00646921709887078	0.00137640774695041	8.96125014473929e-05	2.81926970845731e-05	
3.03187102824895e-06	0.000133402325242954	0.000482067493491584	0.00108136733340879	0.00355840596348819	0.00865902365667901	0.0215202205585111	0.0398418171822195	0.0737886664618469	0.11051270960335	0.147205423410895	0.16243956470417	0.161133838914671	0.128318888152257	0.0815866387465032	0.0420379024303478	0.0133756043529583	0.00369079766505506	0.000587172355804214	4.34568180715683e-05	
2.01617781075349e-05	0.00017943982515706	0.000669371033170157	0.00151011718025436	0.00570578320443236	0.0124660274038888	0.0286811374468737	0.051129261191803	0.089328774083244	0.124992943377662	0.156351564957217	0.162324491721574	0.149627611958354	0.111838391251401	0.0642092147390663	0.0302406509834915	0.00857480422913458	0.00193149834270184	0.000208674403412986	1.00808890537674e-05	
1.01328415527566e-06	7.19431750245721e-05	0.000364782295899239	0.00102341699682842	0.0027895712794739	0.00872842971354457	0.0178591332367336	0.0386871890484249	0.0653244029223115	0.105509225952234	0.137274670935971	0.159926638227158	0.158379353322052	0.13701527019222	0.0921865658786694	0.0475453191338447	0.0205007650295372	0.00556293001246339	0.0010994133084741	0.000143886350049144	6.07970493165398e-06	
3.36151916218719e-05	3.76897603033109e-05	0.00012427434478389	0.000406438225973542	0.0015615784471615	0.00486605364780854	0.0119568217956828	0.0235428578413546	0.0479495242431743	0.0799786900057961	0.120655109152602	0.14828679666578	0.160231394755419	0.150553275494831	0.122626181752248	0.0743262446024698	0.0356759047325097	0.0134908969042446	0.00316593986547811	0.000441072059765773	8.96405109916583e-05	
6.49627479242372e-05	4.66919750705455e-05	0.00031567835319434	0.000522747112202846	0.00230820763718305	0.00746462575366938	0.0146805659879413	0.0314013682778782	0.0592044093465154	0.0961783633447695	0.133132016484297	0.15724131630768	0.159697720213565	0.140955967437423	0.103319190401754	0.0580817718589496	0.0247437016585802	0.00871414360827463	0.00166568545849489	0.000240565175906941	2.03008587263241e-05	
3.77949023870035e-05	0.000111341739464416	0.000561816116563565	0.00116857752245222	0.00354148450204705	0.010070809260364	0.0210098797917807	0.0409788675421464	0.0715140842193003	0.111428565591521	0.144985331491938	0.162199377303446	0.151900777144912	0.128385197473258	0.0850303584999714	0.0433395167155617	0.0177809693473127	0.00502263608207827	0.000783478111644099	0.000148115158003122	1.02148384829739e-06	
0.000105233905342613	0.000311614962422301	0.000818372409509058	0.00199842251310826	0.0053975798245148	0.0139092658964498	0.0279217223214395	0.0528345723008014	0.0853590008704785	0.125927182224257	0.15021373721357	0.162438238936136	0.143347991156265	0.114013273775711	0.0678360230983314	0.031923675789663	0.0121744389908988	0.0028709444078907	0.000488367055861835	0.000110342347349536	
2.54384572491463e-05	0.000206560272863068	0.000572874057250774	0.00118644964610018	0.00346064772417386	0.00849542718292489	0.0182322510796081	0.0367890968737154	0.0647764875392261	0.0997258751846832	0.139210430988518	0.159046322413112	0.157509839595264	0.130928686846486	0.0956618272545596	0.051965680468556	0.0224774208253457	0.00799785095913159	0.00151104436059929	0.000172981509294195	4.68067613384292e-05	
4.08602721702729e-06	0	4.08602721702729e-05	0.000334032724991981	0.000978603518478037	0.00178355088023241	0.00508914689880749	0.0122499095966478	0.0247664324692067	0.0471731842205801	0.0780788725833703	0.114323977012011	0.150677361161903	0.162010979155132	0.147475958837362	0.117871670143195	0.0781554855936895	0.0377313968288343	0.015532010958725	0.00500231882044566	0.000575108330796591	0.000132795884553387	1.22580816510819e-05	
1.71769743669022e-05	1.11145128256426e-05	0.000177832205210282	0.000419320256603789	0.00134788728267338	0.0028584506167039	0.00722140210589706	0.0166404465205007	0.0325624913483622	0.05802887146268	0.0926930161453455	0.128862672110757	0.157454251149594	0.159018366227239	0.139183002474495	0.102546536970406	0.059936526027663	0.0277953757564184	0.00994748897895012	0.00297565820650159	0.000227342307797235	7.47703590088684e-05	
2.91407498216385e-05	7.43591547172845e-05	0.000144698895666067	0.000585829556759147	0.00176954691158295	0.00430378729262337	0.0102374468683742	0.0223549745269652	0.0429052322718732	0.0716792105871359	0.106919420802476	0.141078408714089	0.159534551885607	0.154694172854889	0.125603665705357	0.0848216887566948	0.0460504235457259	0.0190811620125205	0.00644211541746636	0.00151833355105158	0.000134650361244812	3.71795773586422e-05	
2.83899069824976e-05	0.000128768506670614	0.000187576171134359	0.000244355985099355	0.000904421322442424	0.00251352069320041	0.00641003542654821	0.0140225861988551	0.0291412255922844	0.0537106622351374	0.0850886069275429	0.119685764286714	0.152427438439528	0.160770015391385	0.143365988485865	0.111556111637226	0.0678975043243912	0.0340212478175259	0.0132337523548414	0.00395228062206342	0.000628633654612447	6.79329917081193e-05	1.31810282418739e-05	
3.25443696714951e-05	9.86501205667195e-05	0.000263405992028663	0.00063359819704192	0.00184079090954394	0.00326460708267185	0.00878901383440815	0.0197452792866274	0.0378257106622474	0.0664586539038497	0.100278356061847	0.129956787179146	0.156990988260636	0.156657408471503	0.131003292066395	0.0958563898327321	0.0546002992047987	0.0247784694586346	0.00861713888208056	0.00203300609291621	0.000256286911163024	1.93232194924502e-05	
1.73511172078174e-05	9.69621255730972e-05	0.000576669483671578	0.00108291384455849	0.00278332333092459	0.00546866388232268	0.0119243001375842	0.0259123625689452	0.0492047064395099	0.079196622860199	0.113672272098179	0.142733352113366	0.158096235419958	0.148275503080334	0.117950853470836	0.0780044990426266	0.0420448189564017	0.0163314839083698	0.00523493412699385	0.00120845428082681	0.000178614441845179	5.10326976700512e-06	
8.1926082192342e-06	0.000201742977398642	0.000655408657538736	0.00129750432672122	0.00432979344386527	0.00796014296101343	0.0178701266782046	0.0329752480824176	0.0610933035668568	0.0958125531239439	0.126623928560456	0.147685076140053	0.157978064291493	0.136599453143401	0.102043031674672	0.0618716013476841	0.030088377761165	0.0109965283822671	0.00307325215824023	0.000703540230826737	0.000133129883562556	
5.13360726261687e-05	0.000377833494528601	0.00106060326045664	0.00224749325957366	0.00580097620675706	0.0109469041268042	0.0227018380367443	0.0436828909190594	0.0738140853862629	0.109747282781676	0.135711014873087	0.152804900336149	0.154424040066778	0.121344101587927	0.0868103255323037	0.0485043748601092	0.0207972697423135	0.00679586929425221	0.0019415302667217	0.000376806773076078	5.85231227938323e-05	
3.06517168026581e-06	0.000127715486677742	0.000704989486461137	0.00120563419423789	0.00378140012955459	0.00778757951566201	0.0156987876224281	0.0298210552773061	0.0553825436429361	0.0853742268104437	0.122749908555712	0.14514609629952	0.156737553870392	0.144520801276746	0.104977021429637	0.0707523361716823	0.0353158863761293	0.0143501120831111	0.00426774070282343	0.00114330903673915	0.000143041345079071	9.19551504079743e-06	
3.27242197063206e-05	0.000330310092660673	0.001008315019701	0.00196856634170835	0.00528905201003406	0.0110270394091642	0.0213044896606805	0.0379243027440281	0.0653461762260589	0.0997669421977791	0.133861488604302	0.151202257153054	0.152891644995393	0.132933961502001	0.0907105143940548	0.0564063284550385	0.025485008728163	0.00949309161043044	0.00246249753290062	0.000506202773582146	4.60184339620133e-05	3.06789559746755e-06	
4.04246202106931e-06	0.000143507401747961	0.000509350214654733	0.00148257294622717	0.00293280619628579	0.007538181053789	0.0150399799493884	0.0270157736868062	0.0488561853711384	0.079653682278655	0.114995917113359	0.14205110480487	0.152236087866955	0.146486696257489	0.115459789630276	0.0770574110456232	0.0429066918916297	0.0179626799906215	0.00569582898768666	0.00166246250616475	0.000289036034506456	2.02123101053466e-05	
6.30476009387087e-05	0.000273206270734404	0.000454343028986885	0.00200951718547503	0.00422819228517531	0.00955121116442914	0.0201842391005209	0.0352115847464836	0.0601724301847895	0.0942181346916922	0.130341407762861	0.146910917742896	0.149939204099095	0.136830306881696	0.0989697221402159	0.0632697686753499	0.0310944763296289	0.011643791062252	0.00370179485511561	0.000813614278780479	0.000101076312616025	1.80136002682025e-05	
6.32063053807628e-05	0.000518693013997689	0.00059293534095287	0.0028583295877745	0.00617114260947733	0.0120693945036599	0.0269559843328625	0.0444882095158598	0.0746115320405804	0.10997696481315	0.139830406446642	0.149881212276872	0.147111170861693	0.12318708263773	0.0821802362912546	0.0480488313856427	0.0212664135739052	0.00746336040837293	0.00233863329908822	0.000338103570052652	4.81571850520098e-05	
