# <P(U)> as a function of N_tot.
# number_of_species: 1
# species_total_upper_bound: 151
# species_total_lower_bound: 97
# volume: 729
# Bin widths for each
10	10	10	10	10	10	10	10	10	10	10	10	10	10	10	10	10	10	10	10	10	10	10	10	10	10	10	10	10	10	10	10	10	10	10	10	10	10	10	10	10	10	10	10	10	10	10	10	10	10	10	10	10	10	10	
# Bin lower bound for each
-250	-260	-260	-260	-270	-270	-280	-280	-280	-280	-310	-310	-320	-320	-320	-320	-320	-320	-330	-330	-350	-350	-360	-360	-360	-360	-370	-370	-370	-370	-380	-380	-380	-380	-390	-390	-400	-410	-410	-410	-420	-430	-440	-440	-450	-450	-460	-460	-460	-460	-460	-470	-470	-470	-480	
# Bin upper bound for each
-100	-100	-100	-100	-110	-110	-110	-120	-120	-120	-120	-130	-130	-130	-140	-140	-140	-140	-150	-150	-150	-150	-160	-160	-160	-170	-170	-170	-170	-180	-180	-190	-190	-190	-190	-200	-200	-210	-210	-210	-220	-220	-220	-220	-230	-230	-230	-230	-240	-240	-240	-240	-250	-250	-250	
# Normalized histogram for each
2.3835424971326e-06	6.95994409162719e-05	0.000372309338052112	0.00190778741470493	0.00651183810216626	0.0191879938104168	0.047706603080109	0.0966121280362756	0.161614668892578	0.221890644977066	0.217728979777072	0.149205946652505	0.0610353727240744	0.0145963375439406	0.00148733051821074	7.00761494156984e-05	
3.32783764716173e-06	9.03270218515328e-06	0.000136916748911797	0.000732599687753748	0.0031048725248019	0.00966831917576117	0.0269683208872205	0.0623584480486511	0.117434636514556	0.181290136099052	0.225149134667131	0.199973567460974	0.120852801183569	0.0430935959092318	0.00840849492362137	0.000786795900864667	2.89997280681237e-05	
7.08878322926212e-06	6.85249045495338e-05	0.000232512089919798	0.00129866508760082	0.00470411655093834	0.013949307638542	0.0367406908917169	0.0789118623225973	0.1383205916393	0.199115414370098	0.221752262148875	0.177749349131553	0.0931522826590876	0.0289217629898408	0.00471451343300793	0.000350658477074166	1.03968820695844e-05	
1.22250595854106e-05	0.000146700715024927	0.000452327204660193	0.00198657218262922	0.00686296037340974	0.020440769821406	0.0495900138190193	0.0980694279941639	0.158230826992367	0.211256082554887	0.211500583746595	0.151157689633008	0.0692704789731326	0.0184631313361661	0.00237777408936236	0.000181024920783965	1.41058379831661e-06	
2.34942091473294e-06	4.98077233923383e-05	0.000172917379324344	0.000804911605387504	0.0032558275036369	0.0105052006781369	0.0282203042594061	0.065046537329479	0.116208466937069	0.176870984839657	0.215508621434989	0.196756013577773	0.124342162143875	0.049388116816967	0.0115140420189232	0.00126492822049221	8.8808110576905e-05	
1.31450523666024e-05	9.71794942816675e-05	0.000395290503309971	0.00128305100421158	0.00506788715348116	0.0151731461603067	0.0382126672297131	0.0818490769591175	0.135934864387659	0.191994287535814	0.215592473330801	0.174106218595648	0.098651740146727	0.0343494302323998	0.00658895749875944	0.00066617247529317	2.44122401094044e-05	
5.16828159805146e-06	1.55048447941544e-05	0.000162565948447801	0.000774302552144438	0.00196065810078807	0.00766972989150837	0.0219492221031429	0.0513309029880655	0.0991243521441556	0.155277731706985	0.20278927459409	0.207399851623334	0.151153912835521	0.0743034448476226	0.0222743540000385	0.00347825351548864	0.000326071584458883	4.69843781641042e-06	
2.71029683825182e-05	5.186947397344e-05	0.00027897365731661	0.00126963388095348	0.00339861877665612	0.0114897894239544	0.0303478479074873	0.0658709608983606	0.118018473944001	0.17322441678384	0.208469957995072	0.192360514339573	0.125417584312428	0.0539909821882096	0.0137337282890036	0.00190935739329258	0.000140187767495784	
5.22394394708145e-05	0.000132930716510555	0.000491610439305701	0.00188201909164943	0.00538066226549389	0.017035654350286	0.0413171988093139	0.0822038886665603	0.13719056294526	0.188134744171338	0.206010427365257	0.172521215275932	0.0999662309337706	0.0382723857658722	0.00839142638856628	0.000962698241676438	5.41051337376293e-05	
3.35050311061639e-05	0.000184277671083902	0.000785972188032096	0.00301638349486326	0.00855867405700788	0.0235279773989951	0.0533739798997734	0.0995560118030779	0.155367948063479	0.197885367189547	0.198289754301092	0.151063016913991	0.077035512075539	0.0259338247714794	0.00497037829506857	0.000409971283396256	7.44556246803643e-06	
9.29788854249089e-07	0	1.58064105222345e-05	6.92692696415571e-05	0.000347276137062035	0.00138956944267526	0.0047921317547998	0.0126232783797128	0.0318968715394421	0.0673288003027392	0.118030651419369	0.172705955204633	0.203501956740644	0.185162336485008	0.126999859601883	0.0559514389877203	0.0163229082307699	0.00271916750425146	0.000141327905845861	4.64894427124544e-07	
8.36477481793835e-06	2.78825827264612e-06	5.11180683318455e-05	0.000140342333056521	0.000646875919253899	0.00231936617312946	0.00707659949597585	0.0184280636336303	0.041958639906203	0.0831467911097314	0.136879316281895	0.18778129459761	0.201866645971594	0.166933022783323	0.101604596164937	0.0395045079165623	0.0102435961839897	0.00136857010215714	3.95003255291533e-05	
4.6394971527406e-07	9.74294402075525e-06	1.06708434513034e-05	7.05203567216571e-05	0.000259811840553473	0.000952024815742371	0.0034912216074373	0.0100575019277111	0.0256564192546555	0.0548694770266019	0.09976125147652	0.155733536976328	0.197117387629059	0.193068498463862	0.146022141536212	0.0783611069097887	0.0276555785777714	0.00618398575488794	0.000699636170633282	1.90219383262364e-05	
1.39476692747258e-06	2.37110377670339e-05	2.04565816029312e-05	0.000192012913682059	0.000421684534405878	0.00159607828733779	0.00548980262653209	0.0145069708126424	0.0341448242291472	0.0694147604464556	0.118331561204465	0.172584275304675	0.200797155791281	0.179267068576506	0.122984503674513	0.0581394646047672	0.0181705586088037	0.00359431437209685	0.000318471781772907	9.29844618315056e-07	
7.0330379301113e-06	2.06302445949931e-05	6.47039489570239e-05	0.000223181736982198	0.000679391464048751	0.00259472212701573	0.00826147522190407	0.0199002152578476	0.044823895074576	0.0859305951684905	0.136884486102951	0.185054700624674	0.196685001015102	0.163501252584055	0.0999436888096396	0.0414100584633	0.0119486625740638	0.00192611465445981	0.000140191889406885	
5.6477206034966e-06	2.25908824139864e-05	0.000125661783427799	0.00044805250121073	0.00108671557278947	0.00418684354072548	0.0120122310802536	0.0277924330898068	0.057135636128657	0.103567429783537	0.154422329957722	0.194193578447545	0.18804226942357	0.142538584521198	0.0780430271594177	0.0283186123926992	0.00705823882421987	0.000955406068758175	4.47111214443481e-05	
9.44448484585184e-06	3.73057151411148e-05	0.000229028757511907	0.000690864066474062	0.0019568972600605	0.00642083302245237	0.0178288262677568	0.0377982450258259	0.0725142824222081	0.121617575808519	0.169269251874022	0.195856421163579	0.174621913660408	0.119192704324346	0.0582804993110248	0.0192204711097931	0.00404507285947834	0.000398085036252655	1.22778302996074e-05	
2.12853614892942e-05	6.14910443024054e-05	0.000332524647266085	0.0011475174882895	0.00335457297071276	0.00935751791872681	0.0239682630530114	0.0500366817729666	0.0896473204804437	0.139604063895817	0.180750559686755	0.192268778300662	0.15710110404805	0.0962098339316097	0.0420121004915026	0.0117022187387808	0.00223070588407803	0.000189676221271266	3.78406426476341e-06	
1.8981599237699e-06	6.16901975225217e-05	9.63316161313223e-05	0.000516774039246355	0.00193422496232153	0.00523844684962397	0.0138608383033487	0.0328163378420959	0.063304582537688	0.107369890628025	0.155833235261737	0.185998318230308	0.18307942280753	0.13653037245694	0.0762486095978558	0.0289668695166905	0.00695865428054044	0.00108669655635827	9.68061561122648e-05	
2.38007175440325e-05	9.37748271234881e-05	0.000265139993440522	0.000919183711550536	0.0029888941091796	0.0077909268808636	0.0203719861746392	0.0427713174696791	0.0788593934529938	0.125241279774103	0.167522302462375	0.188957704696881	0.166957273427879	0.115459660877856	0.057592500298699	0.0194489943482816	0.00416560158455657	0.000559792876635645	1.04723157193743e-05	
4.28839555398209e-06	4.76488394886898e-07	6.5755398494392e-05	0.000133893238963218	0.000392626437386804	0.00153429263153581	0.00429935478706448	0.0116606239996722	0.0274462080338802	0.0552002275708574	0.095287672721087	0.140458772556365	0.176627577147045	0.185129083088617	0.150759022188635	0.0938858438633298	0.04191859005178	0.0126336133020312	0.00228333238829802	0.000268739454716211	1.00062562926249e-05	
1.00233974735311e-05	4.29574177437046e-06	0.000150350962102966	0.000158942445651707	0.00068206833284171	0.002210875099876	0.00648370625144981	0.0161438748927258	0.0370254756579406	0.0690082277774118	0.112734583298729	0.155805122242492	0.181349034746823	0.176050475920458	0.130231616850381	0.0735917842506651	0.0292248859003254	0.00780631741331432	0.00123430980316911	9.11651865449731e-05	2.86382784958031e-06	
7.65990775556085e-06	2.53734444402953e-05	1.77135366847345e-05	0.000193891415062634	0.000257085654046011	0.00104461992016461	0.00348477928454547	0.010056501394582	0.0230577585769423	0.0479969819963443	0.0851298210741297	0.128432237104785	0.167145410901389	0.178996724431946	0.162057317174758	0.110391718107735	0.0560848870977471	0.0203605135585155	0.00459067846675456	0.000632899878303216	3.54270733694689e-05	
4.08878532770652e-05	3.17482154857212e-05	4.04068197090998e-05	0.000224642676239876	0.000448323285343821	0.00190344982843938	0.00572910979446879	0.0143271037882837	0.0318694359448485	0.0609772581760073	0.100611056941387	0.144241282589423	0.173988879465976	0.174474723369621	0.145575669706959	0.0898950721478197	0.0400734634464997	0.0128079997806487	0.00242970055179361	0.000302089080682317	7.69653708744757e-06	
2.94670046838045e-05	6.66630597764759e-05	9.66131301108346e-05	0.000326552379774621	0.000848263282373128	0.00325489635343402	0.00862658638759642	0.020125481133388	0.042075501228919	0.0752664590128457	0.117083520118718	0.156601671793603	0.174492008161877	0.167184674065944	0.125981106336276	0.0712367253559228	0.0274540701179453	0.00781890061986984	0.00127915784266745	0.000151199548623456	4.83065650554173e-07	
4.0603366019043e-05	4.88207139038493e-05	0.000191415868375488	0.000602766636020793	0.00155356212363338	0.00447748785040947	0.0122583495505111	0.0271472171709701	0.0530497478240946	0.0914556983440594	0.13450445041894	0.166140273028634	0.173547970460084	0.153134144820606	0.105876660508489	0.0524445643210489	0.0183387036118628	0.00448183821105436	0.000619684705195394	8.6040466087972e-05	
3.37048733876431e-06	3.03343860488788e-05	6.93357395402944e-05	0.000380383571089115	0.000923513530821421	0.00252112452939571	0.0067462711576324	0.0171071492369939	0.0359318025221838	0.0671892206036928	0.107645180130881	0.14862838017749	0.171531804640776	0.167844009993976	0.136256284153269	0.0848404627968015	0.0377210498008764	0.0117018505419984	0.00253075449322075	0.00036738311992531	3.03343860488788e-05	
1.30274425489784e-05	3.522234466946e-05	0.000131721919106337	0.000588164906192764	0.00136450398253744	0.00398543242424301	0.00977009941386158	0.0235208062732443	0.0468490958954871	0.0812439567141509	0.123209209147388	0.160079284050357	0.173779328633161	0.159038053642183	0.116051835711405	0.065650590480896	0.0259361906213994	0.00727992789551798	0.00129984926766473	0.000162119285053953	1.15799489324252e-05	
1.3968592823226e-05	5.73193981366861e-05	0.000326094391080138	0.000905068479822127	0.00243727860984564	0.00606814939265522	0.0138741844027656	0.031618632368794	0.0597889490127095	0.0968042749674146	0.138271246952198	0.166437710191196	0.170688497489988	0.145354768540417	0.0961381175924311	0.0491068289078583	0.0172353168414025	0.00410628461441385	0.000693131209400767	7.17696665745061e-05	2.40837807297e-06	
4.78953385257041e-05	0.000116109911577464	0.000489113002520069	0.00133913431352676	0.00350651932963943	0.00881274228872955	0.0195509739444521	0.0412993279655076	0.0744835406943469	0.112969622260592	0.149476029834442	0.171664150145597	0.163069597732373	0.126622696488207	0.0772464727985924	0.0352480664071288	0.0113652251782408	0.00237493148305739	0.000289790987645422	2.80598952978872e-05	
4.36633555288724e-06	6.98613688461958e-05	0.000329900908440369	0.000617593906536162	0.00224526677097357	0.00557047386869459	0.01202779900302	0.0265987458913995	0.0532086501958787	0.0892445026622518	0.129437591723368	0.158394643961722	0.170048878700773	0.150813229996725	0.108224478162258	0.0604567672136715	0.0246329245958107	0.00665575082778445	0.0012885541364965	0.000125168285849434	4.85148394765249e-06	
2.72866186422179e-05	0.000130098699597717	0.000446818380266317	0.00114506346087878	0.00339182414943712	0.00771382963794555	0.0168865188511554	0.0356226806374154	0.0661783336451804	0.104383497832663	0.142462948669972	0.164624068356878	0.164218667165622	0.1372872618268	0.0897266855334144	0.0446569877132254	0.0166428883275642	0.00384692596750554	0.000551579505410547	5.60350204259831e-05	
5.10634202769896e-05	0.000245006218444402	0.000527328013245066	0.00173517430056617	0.00493105701770968	0.0113571920617985	0.0228390967077351	0.0462870265033881	0.0808756198190882	0.119340614126008	0.152480282891348	0.166865928571113	0.155467983971978	0.119715733867273	0.0715761853955672	0.0323177440966513	0.010662434949376	0.00237248506517705	0.00032700228754303	2.50407157127545e-05	
8.64955274398411e-05	0.000346970630072963	0.000781919568056164	0.0025029334340306	0.00686576783809619	0.0154861592328292	0.0308586386295945	0.0582539963404978	0.0951099877126925	0.133754706592343	0.160860427851362	0.164566884767199	0.142594549496695	0.10103369569193	0.0565942707339664	0.0220222555463403	0.00673182333560363	0.00133647946398475	0.000182381997858865	2.96556094079455e-05	
4.45467810496014e-06	0.00010988205992235	0.000502388697392726	0.00120177315987147	0.00384537713304837	0.00935531898465017	0.0211587310700929	0.0408637521852671	0.0710437013821381	0.111007113625969	0.148156159235934	0.164883475520059	0.158864710436024	0.1250146014449	0.0820739793342533	0.0427827285200371	0.0146390621813668	0.00381023467244257	0.000616230471186152	6.08806007677885e-05	5.44460657272905e-06	
2.81829558382971e-05	0.000166131108099435	0.000732756851795724	0.00182348668651999	0.00587886570030443	0.0133122439121107	0.0280598408206877	0.0518215336571242	0.0866378673116773	0.125872991778982	0.158442105533798	0.163382033810647	0.147535796062198	0.108716988240785	0.0651204277480483	0.0305463686261402	0.00953671670542235	0.00210284405579434	0.000264524234622613	1.82941994038069e-05	
2.48168269999136e-06	5.60860290198048e-05	0.000346442904918794	0.00107754662833625	0.00325447869276867	0.00870177221924972	0.0187535798272947	0.0373771194811099	0.0645599827671953	0.103886712177418	0.138239156783779	0.162051894963276	0.15805787482591	0.134587112522472	0.0913631486001821	0.0495006358071077	0.0208386896318275	0.00597886996081919	0.0012056014556558	0.000156346010099456	4.46702885998446e-06	
1.63867104771165e-05	3.57528228591632e-05	0.00010924473651411	0.000547713383523014	0.00171116982739828	0.00504958966187264	0.0122373967575169	0.0246922898540937	0.0467289394769263	0.0792630151447964	0.118913392262593	0.150026789788795	0.162199632838372	0.150265638508174	0.11940549014389	0.0735182317051067	0.0373284298998871	0.0137554020280789	0.00356982004909061	0.000540264878760688	8.54095212746676e-05	
3.96391057615936e-05	3.51797063634143e-05	0.000252203810408139	0.000895843790212015	0.0027311343869738	0.00741152179977396	0.0162371686975928	0.0327671712889993	0.0589042066505501	0.0948023718058933	0.132139436500382	0.157938548485315	0.159508257073475	0.139262088316919	0.101394355094046	0.0585132659699764	0.0260726218146882	0.00894555519274763	0.00187938910192156	0.000251212832764099	1.88285752367569e-05	
4.02424083441888e-05	0.000100357610932422	0.000564387356530846	0.0014477330606786	0.00428109670002315	0.0103080183743856	0.0220081259855664	0.0420930623081654	0.0720214904396955	0.109706270164676	0.143740417587025	0.161993082280324	0.153477093126895	0.125482784695166	0.0832501160074364	0.0449010881348488	0.0183356336092671	0.00523002262517625	0.000872415667313526	0.000146065037693722	4.96819856101097e-07	
2.48786791212651e-06	9.50365542432329e-05	0.00022987899508049	0.000925984436893489	0.00244457901045551	0.00610522785635847	0.0143624614567064	0.0287935880677874	0.0532906282513324	0.0856100227241855	0.124344135821666	0.152340113436825	0.162273174862782	0.143703231193087	0.109723433675681	0.0668405520479382	0.0329975872656988	0.012219909610783	0.00310535672791632	0.000481651227787693	0.000110958908880843	
3.97456872203208e-06	3.82552239495587e-05	0.000167428707415601	0.000498311553524772	0.00134986290222014	0.00388911549450839	0.00912262885924413	0.0192518172473429	0.0373147416257079	0.0655346763732259	0.0996951008969111	0.137410280321364	0.159501430099508	0.157780441842868	0.130377280967728	0.0928116446914418	0.0524290328334154	0.0229754913187967	0.00793472963244679	0.00163652867129671	0.000238474123321925	3.87520450398128e-05	
1.14516340237009e-05	2.34011651788671e-05	6.97055984051359e-05	0.000284299262066661	0.000897210630900392	0.00200005277709594	0.00569196000691081	0.0130727870837518	0.0253414703001872	0.0479235946977939	0.0791153562926978	0.11408864660108	0.148428113861108	0.161406798387012	0.148688016163732	0.116594064966614	0.075880518629568	0.0385989772197125	0.0159745315659313	0.00497747762325817	0.000751824668512537	0.000168787127566722	1.09537368922356e-05	
1.28653894303898e-05	3.36479415871734e-05	0.000192980841455847	0.000390909909615691	0.00128851823372058	0.00323069721503905	0.00815616207619675	0.0175370102616325	0.0330021980023019	0.0588215501210831	0.093159769333464	0.129016104498631	0.15671528794226	0.15858472799103	0.138542925371834	0.100038299274689	0.0588027468596079	0.0282860431307232	0.0106198841521164	0.00306641608846638	0.000410702816431675	8.95629033423292e-05	9.89645340799218e-07	
9.3888593771233e-06	3.26139325731652e-05	0.000113160463019012	0.000248063547753468	0.000611758310993613	0.00196325991080584	0.00473989153396667	0.0117983371835893	0.0232552163761474	0.0433523169481266	0.0718257625359803	0.107821661086884	0.140834867258824	0.159431232781944	0.153109565518179	0.123853385548569	0.0829471135434297	0.0454593746525504	0.0199409490160228	0.00680346399495967	0.00153977293784822	0.000259923159598256	4.89208988597477e-05	
2.93359241760832e-05	7.50800771286196e-05	0.000248112307862127	0.000419652881434139	0.000974052126456728	0.00305342220958181	0.00691233928637133	0.0161814968879059	0.0305451609150024	0.0553036864815089	0.085423725105485	0.120681528212706	0.150532074109506	0.159358209534076	0.142587508067379	0.108440989545472	0.0667342553100509	0.0338292927655622	0.0138550089350264	0.0038867613438041	0.000753286866555356	0.000147176839934248	2.78442670145874e-05	
2.29843821123547e-05	6.24575600879203e-05	8.34433002774615e-05	0.000364752150913454	0.000626574242802016	0.00188971593802012	0.0042795920172243	0.0102825130323945	0.0219475866148952	0.0392628209131895	0.0670484405846228	0.100368799400807	0.131885883542133	0.155085619321671	0.156081942320193	0.129282152777188	0.0923187693961953	0.0525078209356742	0.0250040097753576	0.00906034349659406	0.00207808793924528	0.000391733816871436	5.04657085510396e-05	1.34908329789908e-05	
1.15283193164007e-05	9.2727785805832e-05	0.000147863226014705	0.000551855633363357	0.00109218294741031	0.00309109327061928	0.00653104350837833	0.0141131689996476	0.0283797147693309	0.0504539401038651	0.0797283526984036	0.114859151505674	0.141999321332854	0.157627712475697	0.146923417374781	0.11484361333616	0.0754894398088905	0.0399721916888837	0.0170784532203358	0.00556015852942754	0.00117137748880124	0.000252119331136938	2.70664888298104e-05	2.5061563731306e-06	
1.25498794960571e-05	9.98970407886143e-05	0.000280615305531836	0.000641047844658596	0.00160086262851704	0.00486182331677251	0.00904494915039826	0.0196330314836317	0.0357295069252745	0.0626294206323031	0.09564564361053	0.128102643958413	0.148716072028276	0.155339898426295	0.134369049788384	0.0983955732057061	0.0599894279815125	0.0294425192929298	0.0115709888953646	0.0031485137679708	0.000601892220630897	0.000124996799780729	1.90758168340068e-05	
7.47258214323686e-05	0.000203615325513702	0.000452868568814959	0.00106070545187557	0.00265402044979929	0.00656032530306587	0.01238542876573	0.025096842658514	0.0461038257614511	0.0751496020975388	0.109963810635741	0.137371135571698	0.151905558598083	0.151469240043411	0.119061804774027	0.0832475741691391	0.046791905137325	0.0211559332302217	0.00701319387188082	0.00192030315613785	0.000300909348049807	4.21273087269729e-05	1.45439518224073e-05	
0.000139814396388794	0.000298104266586107	0.000774971225697886	0.00147004851060218	0.00412552336772934	0.00895561142583221	0.0179936134781078	0.0334605810786181	0.0577138848179042	0.0880236486064749	0.122617225632972	0.145438430483533	0.15333145249681	0.141446729466633	0.10231168124315	0.0678039902030055	0.0339783936823866	0.0146200918280982	0.00433574429944249	0.00101365437381876	0.000134821025089194	1.09854168591195e-05	9.98674259919956e-07	
7.97720911356255e-06	0.000183475809611939	0.000480626849092144	0.001192094186908	0.00234579805495699	0.00570669596961481	0.0124459419438664	0.0236484364171562	0.0428690232007156	0.0690646822029462	0.101716894831466	0.133094249728526	0.150461132544321	0.149829437297641	0.127622881427761	0.0880589156779082	0.0537220161997174	0.0247587642106502	0.00976659683284855	0.00244800604672451	0.000516025714533578	4.73646791117777e-05	9.97151139195319e-06	2.99145341758596e-06	
2.76140930496314e-05	0.000300303261914741	0.000608003155896349	0.00173672920930003	0.00327868044083927	0.00836164599718928	0.0171735003328484	0.0304159372765601	0.0536305135728198	0.0827012500308193	0.115546241278138	0.140164205231884	0.150996326339407	0.143629773909613	0.112078700165191	0.0737912670430731	0.0405014916541335	0.0177257821938411	0.00563771296136492	0.00142261890086047	0.00022978870287729	2.86003106585468e-05	1.3313937720358e-05	
0.000111327798844339	0.000500486814980034	0.000801267183787548	0.00226464180280722	0.00470115810207587	0.0113412753673573	0.0228749329835948	0.0392498850101025	0.0650491258326392	0.0970446375645384	0.128635365326078	0.143595282435696	0.149455616829248	0.133323828152847	0.0956662236341105	0.0596419151115768	0.0294564566705371	0.011897914361579	0.00347166951659321	0.000742673605448422	0.000138183188916439	1.56249542237669e-05	2.05077524186941e-05	
2.9159818159374e-06	0.000176416899864212	0.000766417220622212	0.00124561023237459	0.00317890617634108	0.00704501206730475	0.0155528750122714	0.0298382699285487	0.0492042771621276	0.0780316733944847	0.110444755266506	0.138816286341638	0.14546132290319	0.14493061421269	0.118332000081647	0.0802040798473581	0.0455879737133959	0.0207831743961245	0.00773707175162056	0.00222829610434549	0.00037713364819457	5.20016757175502e-05	4.85996969322899e-07	2.4299848466145e-06	
