# <P(U)> as a function of N_tot.
# number_of_species: 1
# species_total_upper_bound: 151
# species_total_lower_bound: 97
# volume: 729
# Bin widths for each
10	10	10	10	10	10	10	10	10	10	10	10	10	10	10	10	10	10	10	10	10	10	10	10	10	10	10	10	10	10	10	10	10	10	10	10	10	10	10	10	10	10	10	10	10	10	10	10	10	10	10	10	10	10	10	
# Bin lower bound for each
-250	-260	-260	-260	-260	-270	-270	-270	-270	-280	-310	-310	-320	-320	-320	-320	-320	-320	-330	-330	-350	-350	-360	-360	-360	-360	-370	-370	-370	-370	-380	-380	-380	-380	-390	-390	-400	-410	-410	-410	-420	-430	-440	-440	-450	-450	-460	-460	-460	-460	-460	-460	-470	-470	-470	
# Bin upper bound for each
-100	-100	-100	-110	-110	-110	-120	-120	-120	-120	-130	-130	-130	-130	-140	-140	-140	-140	-150	-150	-150	-150	-160	-160	-160	-170	-170	-170	-170	-180	-180	-190	-190	-190	-190	-200	-200	-210	-210	-210	-220	-220	-220	-230	-230	-230	-240	-240	-250	-250	-250	-250	-260	-260	-270	
# Normalized histogram for each
3.39370969121314e-06	3.66520646651019e-05	0.000429643646907584	0.00208848894397257	0.00675823347908185	0.0193522901431738	0.0491775683934314	0.0988499396598417	0.165526832705045	0.2212610482219	0.213733121384851	0.145186973041728	0.0603455882452756	0.0155302942889296	0.00169617610366833	2.3755967838492e-05	
4.7182751603708e-06	1.28067468638636e-05	0.000124697272095514	0.000784581755238802	0.00327717911853183	0.00979513923292979	0.0273403824364229	0.0645500484297243	0.120400271503034	0.185439672470819	0.222979617725346	0.194823647725488	0.11806944357381	0.0424900899370649	0.00906043638652919	0.000837156821311505	1.0110589629366e-05	
1.00534171564915e-05	9.71830325127511e-05	0.000222515633063678	0.00133308311495077	0.00465272146002426	0.0144119086077358	0.0371715045944116	0.0811853649055314	0.141521953311931	0.202494587910431	0.219376285999611	0.172579639819575	0.0907334302929566	0.0286220786445313	0.00522777692137558	0.00035857187858153	1.34045562086553e-06	
1.72796856692256e-05	0.000197387178606154	0.000532347239271143	0.00197852400912633	0.00684541393819322	0.0207814804304237	0.0504161413531456	0.100073305743435	0.161471351942669	0.213184134324301	0.207947060359936	0.146524423838788	0.068459456208292	0.0187345022819154	0.00266040698976577	0.000176784476462077	
7.02770506975992e-05	0.000227405928200722	0.000832716751662119	0.0034840179378857	0.0105820000583432	0.0285417644578457	0.0663017563958746	0.117772403130379	0.179789911397877	0.216200716560721	0.19355559445103	0.120855311486452	0.0484865240440332	0.0118032295619751	0.0014101819512622	8.61888357612065e-05	
7.94111399270609e-06	0.000124410785885729	0.00049631962454413	0.00137513623973694	0.0051154009303015	0.0153898789178644	0.0386891073724641	0.0825816296886488	0.137292596300897	0.194598983669761	0.216090285172021	0.171041669010398	0.0957043205615956	0.0340342910537395	0.00668575622235913	0.000755729348305863	1.65439874848043e-05	
1.45689092853619e-05	0.000227804763371113	0.000877445672868386	0.00218202527705761	0.00771688635919646	0.022605649425687	0.0518070414187469	0.0998884153993371	0.156368103359789	0.205140176085135	0.20722551678239	0.147801584699996	0.0721657676987414	0.0220805064682646	0.00354355607208961	0.000354951608043362	
3.87418486165548e-05	0.00036968916561221	0.00141571907825919	0.00367653576956086	0.011446574662437	0.0310893485525323	0.0667213430157312	0.118489645748476	0.174256895228252	0.210297977347181	0.192091935063409	0.121413670356773	0.0526449191378822	0.0139615116150032	0.00192461624229021	0.000160877167983999	
0.000142254038179148	0.000571638346968743	0.0020879221732746	0.00566197293895532	0.0173772813089994	0.04177745437382	0.0828102055800294	0.13789922907489	0.18972296517726	0.207241844975876	0.170351505139501	0.0968645112229914	0.0377497640025173	0.00872010698552549	0.000968245227606461	5.30994336060415e-05	
6.54389448101027e-07	0.000223801191250551	0.000886043312728791	0.00336814248937599	0.00893437913492333	0.0244708934117379	0.053800628475626	0.100470375135295	0.15526371240369	0.198613087003695	0.198426586010986	0.149129465717191	0.0750362204559524	0.0257620037928412	0.00521679268026139	0.000393288058308717	3.92633668860616e-06	
1.3059390844714e-06	0	1.69772080981283e-05	2.74247207738995e-05	0.000348032766011629	0.00148550570858622	0.00520351428207631	0.0129392444489427	0.0330200167813172	0.0676509094233299	0.119125804376855	0.172707832043174	0.203217833904138	0.185120783041075	0.125273512617004	0.054655509593755	0.016303343530541	0.00275814334640361	0.00014430626883409	
1.17503443503692e-05	3.91678145012305e-06	4.30845959513536e-05	0.000112933865145215	0.000660630471254088	0.00246626671976082	0.00770561470620875	0.0185407377910658	0.0431374725009302	0.0834555151546802	0.137923583593908	0.186283431361669	0.201985808195212	0.16663750840476	0.100436721131689	0.0389132237069725	0.0102156188188293	0.00141983327566961	4.63485804931228e-05	
6.50002762511741e-07	1.36500580127466e-05	1.495006353777e-05	6.69502845387093e-05	0.000265851129867302	0.00103740440896874	0.00367316561095385	0.0105982950427539	0.0259344602214559	0.0556818366478058	0.0998833245041291	0.156863216668671	0.196183833781294	0.193778173557238	0.145189817056722	0.0769681271145402	0.0270693650448014	0.00607427581567222	0.000685102911687375	1.7550074587817e-05	
1.94971426937382e-06	3.3145142579355e-05	2.46963807454018e-05	0.000181323427051766	0.000435436186826821	0.00179438703258038	0.00570291423791843	0.0153702474902303	0.0345762328530754	0.070191663411727	0.117760142251153	0.173335447690141	0.199862610134485	0.179963826301256	0.121742758598727	0.0574886250420001	0.0178106398507299	0.0034412456854448	0.000281408759546288	1.29980951291588e-06	
9.82968433607035e-06	2.88337407191397e-05	4.32506110787096e-05	0.000184142753229051	0.000752953820142989	0.0027293756839822	0.00880346529138461	0.0205355212026291	0.0457316234051337	0.0869180007732685	0.136561838544158	0.18583018237341	0.195673628267551	0.163584296096305	0.0982778393043205	0.0407997431175827	0.0115446365965701	0.00185387846578287	0.000136960268415914	
7.86914142420968e-06	2.55747096286814e-05	0.000113446788865689	0.000410506877629605	0.00115217345686137	0.00421851556516174	0.0127191555886642	0.0279229925820227	0.058585757903241	0.103992015444502	0.154784700290634	0.195325205384591	0.187426554680041	0.141481260951222	0.0760519730560598	0.0279747977630654	0.00681008614086812	0.00096790439517779	2.95092803407863e-05	
1.31193824444296e-05	4.26379929443961e-05	0.000186951199833121	0.000694015331310325	0.0019941461315533	0.00649868609384819	0.0187239826246899	0.0380927828965235	0.0744131372248046	0.121615363321618	0.168879906485042	0.197327975377543	0.173759004816125	0.118065914401277	0.0566035755564914	0.0188079466723342	0.00390891999931779	0.000364062862832921	7.87162946665775e-06	
2.95212441433132e-05	6.23226265247723e-05	0.000297180524376019	0.00121037100987584	0.00334836511349934	0.0095655391300811	0.0249618519922904	0.0509070894283769	0.0916083567425866	0.138854155869545	0.180101238186582	0.193566205654171	0.156771582981593	0.094172768817169	0.0406605936000567	0.0115041008288253	0.00219834864720539	0.000175815409564621	4.59219353340427e-06	
2.63556697634579e-06	8.56559267312381e-05	6.1935823944126e-05	0.000490874349344403	0.00192594056796468	0.0051821835672399	0.0144178691440996	0.0340587731435725	0.0639678460828886	0.107979179020887	0.156092771957567	0.185514265006259	0.184481122751532	0.135615075443105	0.0742570995585425	0.0281214996376095	0.00655597285366014	0.0011082559135534	8.10436845226329e-05	
3.30693079784335e-05	0.000130293073435028	0.000224209908093779	0.000834007947216093	0.00293390900384662	0.00772168341296423	0.0210625036376239	0.0439008291136896	0.0794655470721757	0.125623687148473	0.16762699937036	0.189425625803584	0.16825597760811	0.113217405567284	0.0561014195992529	0.0189024164404726	0.00394847537262496	0.000579374275782155	1.25663370318047e-05	
5.93581014904819e-06	0	9.1015755618739e-05	0.000182031511237478	0.000330426764963683	0.00138238423026722	0.00419661777537707	0.0117799450080166	0.028087594090835	0.0558150823659612	0.0964226191300609	0.140534262485482	0.17637138649313	0.186334314061077	0.151726562288743	0.0913072698505033	0.0406985525197184	0.0123332944208001	0.00209138377584798	0.000295471438530399	1.38502236811125e-05	
1.38319510164508e-05	1.97599300235011e-06	0.000199575293237362	0.000206161936578529	0.000610581837726185	0.00220059754028391	0.00637521208991559	0.016626663786108	0.0373047718913678	0.0702860710935936	0.114753158954146	0.155434244222196	0.181048382847327	0.176492401648242	0.130062494072021	0.0713017314968015	0.0282165214092255	0.00752985066762217	0.00122577432579119	0.000106044957792789	3.95198600470023e-06	
1.05095834263869e-05	3.48129950999067e-05	1.90486199603263e-05	0.000214789611276783	0.00032973818000289	0.00100760631100485	0.00334467492544764	0.00983237214434913	0.0234948305986521	0.0483716714178742	0.0866725345174131	0.130160533886838	0.167688285755573	0.17912862416416	0.161521787680141	0.109446144953429	0.0540271409991986	0.0198315839255921	0.0042255093863717	0.000590507218770116	4.72931254187412e-05	
5.5983481579788e-05	4.34695268737177e-05	3.75418641182108e-05	0.000261475790437363	0.000532172389605514	0.00185272392569345	0.00561283800027004	0.0145175047174316	0.0322352886936419	0.0609791840242902	0.101999927550789	0.145407543280171	0.174145510948064	0.174736301336029	0.144838487655642	0.0889729007017694	0.0387715248253809	0.0124256983939327	0.00226766031857894	0.000295724508580292	1.05380671209013e-05	
4.0225447145411e-05	7.18782580139312e-05	8.70452298884304e-05	0.000357412989390373	0.000910677746029715	0.00320682540111695	0.00854823723517972	0.0206053204418469	0.0421364856015979	0.0754148001949286	0.118575386114835	0.157303259646029	0.174240151194927	0.167771107973673	0.125144003803613	0.0702481382542024	0.0267479440510191	0.00731905307978553	0.0011381823241472	0.000133205579071689	6.59433559760837e-07	
5.53651463221724e-05	5.20696018982336e-05	0.000199709992090693	0.00061099393619826	0.00162997627208015	0.00445755338781967	0.012304244661218	0.0273391774321118	0.052704982863169	0.0915390192459794	0.136765752702346	0.16566635908252	0.174676377537569	0.153620485104139	0.10496836277353	0.0511679409438439	0.0174202478249407	0.00420181914052201	0.000542446612180332	7.71157395201687e-05	
4.5932059921653e-06	4.06826816448927e-05	9.18641198433061e-05	0.000331367003720497	0.000979009048615805	0.0024619584118006	0.00657812715306531	0.017208118163505	0.0358808128662262	0.0668823286242036	0.107714617549984	0.149933398513114	0.171436164279293	0.169687465140847	0.135782387023537	0.0843995039337528	0.0367049652556775	0.0112441682688207	0.00232875543802781	0.000283466426945059	2.62468913838017e-05	
1.77159425767248e-05	4.26494913884115e-05	0.000132541496314756	0.000526885255152223	0.0013346010074466	0.00371509877294133	0.00948590303080409	0.0239499859256678	0.0463987097544636	0.080423817838117	0.123780634637555	0.160979521026527	0.174651635673609	0.160892909751708	0.114489606975095	0.0654466287545496	0.0254079423851302	0.00695842855652468	0.00120993326338817	0.000141071394592438	1.37790664485637e-05	
1.8978436569484e-05	4.97365923889925e-05	0.000341611858250712	0.000816727201335035	0.00253918392722751	0.00578384215176205	0.0133830699257223	0.0321010438140113	0.0593652040181931	0.0957200353391578	0.138596904551553	0.166704623539806	0.17169595235758	0.147411406694807	0.0952265959883512	0.0489440790550047	0.0165321815385622	0.00410261444324466	0.000591603677890121	7.32960308890416e-05	1.30885769444717e-06	
6.5060055688779e-05	0.000118948182622919	0.000538224097061717	0.0013728328922612	0.00359276085303591	0.00855309722009554	0.0193708101159843	0.0411488422924535	0.0731965056835545	0.111538565169475	0.149907568718862	0.173108378880849	0.164684087427571	0.127935670719886	0.0763706477944313	0.0349931095486475	0.0109734627261741	0.00227381608770884	0.000232638987008361	2.49725466280162e-05	
5.93327830767081e-06	9.03176809056556e-05	0.000355996698460248	0.000645408829245524	0.00231859331200869	0.00538016491876683	0.0116839434940944	0.0261611425648112	0.053036915539124	0.0880630351487407	0.128566889142628	0.158491707913938	0.17125814507261	0.153031114111445	0.109213853809297	0.0598687558838343	0.0240251623740497	0.00641453310373744	0.00126906230469626	0.000115369300426932	3.95551887178054e-06	
3.70662095167493e-05	0.000138336389089296	0.000483184516914768	0.00120134232630179	0.00335647765106135	0.00714583567755045	0.0162237475261615	0.0354511818163766	0.0653543463440141	0.103448481278255	0.141109735837068	0.164797029408066	0.166173112436375	0.140128805078071	0.0902244491365559	0.0442365353684447	0.0160562876867376	0.00382576233940734	0.000548050383569079	6.02325904647176e-05	
5.66698023957326e-05	0.00026068109102037	0.000574698466648488	0.00172676221417585	0.00467225853163875	0.0107505948662493	0.0221412251477915	0.0460885502331129	0.0800984321132436	0.118785906153474	0.151233034894597	0.167067244387523	0.157285369790462	0.122827463119626	0.0716466311135883	0.0318684300531296	0.0102232323521902	0.00233946278360736	0.000335351889471217	1.8000996055115e-05	
0.000102085910666769	0.000394239668167061	0.000790494189834124	0.00244939023816912	0.00664767331433998	0.0150932675685151	0.030300710168697	0.0587685752702254	0.0953509270340954	0.132473259535966	0.15962072397716	0.164876805140832	0.144896846216978	0.102807899837603	0.0559296466887226	0.0216059456983549	0.00640253280517307	0.00128883462216796	0.000174620636666841	2.55214776666922e-05	
2.02073952330755e-06	0.000102384135847582	0.000575237184301548	0.00108378996433395	0.00387241050649836	0.00920918358755359	0.0210008722858942	0.0402463955058753	0.0712034514231058	0.110760774751533	0.146585118600571	0.163834151171524	0.160118011188161	0.127296486270759	0.0832531212005887	0.0427298843800203	0.0138952785421038	0.00361847090640271	0.000563112747161703	4.84977485593811e-05	1.34715968220503e-06	
1.34605353927952e-05	0.000162872478252823	0.000771288678007168	0.00167785573671193	0.00612454360372184	0.0132505510406676	0.0284225935086568	0.0513606918715192	0.0868231453906079	0.124814833510003	0.156686689213063	0.162556828697861	0.149269261184864	0.11032254807935	0.0659397977554557	0.0304827284505241	0.00905826729258156	0.00202446452307641	0.000228156074907879	9.42237477495667e-06	
6.76506681856497e-07	4.80319744118113e-05	0.000333517794155253	0.00112976615870035	0.00309569457617533	0.0090286581760568	0.0188312399961574	0.0378951982908735	0.0645509145693832	0.103313394426397	0.137071754357718	0.160343584213581	0.158768676658219	0.13615441129712	0.0921564462292194	0.0494350492699816	0.0207599605461303	0.00579901527687389	0.00116900354624803	0.000110947095824465	4.05904009113898e-06	
2.23826386689248e-05	2.50956857803097e-05	8.81740311200069e-05	0.000516157212940963	0.0018333415855183	0.00513037208762871	0.0126862082928355	0.0248928855087336	0.0474505157163428	0.0788852360724031	0.118415010747058	0.148255137663402	0.159597031112546	0.151201506826366	0.121258284119789	0.0746555956257541	0.0376516678117986	0.0136330617347088	0.00326379567499595	0.000460539747157574	7.80001044523138e-05	
5.39840935868246e-05	3.10408538124242e-05	0.000222684386045652	0.000850924275162323	0.00283551451564796	0.0077669614648044	0.0163740503860537	0.0326090917311214	0.0588683044540926	0.0943560979757315	0.131082826445188	0.15684740991067	0.157982425478333	0.140315456050875	0.103386287230468	0.0593467384835058	0.0263422132668609	0.0087933340441239	0.00170522255617382	0.000210537964988616	1.88944327553886e-05	
4.47221130520809e-05	8.33457561425145e-05	0.000456707639350039	0.00156120831018173	0.00454064969033325	0.0105733916979496	0.0224816707097264	0.041475694209164	0.0709326593394679	0.109163967529035	0.142082153166461	0.160790903793248	0.152883898684086	0.127506809958124	0.0854903847456938	0.0453197631083224	0.0185779723264985	0.00512406998333085	0.000790090663920097	0.000119258968138882	6.77607773516378e-07	
3.39648993144525e-06	8.96673341901545e-05	0.000223489037489097	0.000860670548628226	0.00262209022707573	0.00649544734489589	0.0147584280501159	0.029437378235836	0.0528847068285751	0.0840108198583256	0.123461050412062	0.150316417002013	0.160338779491722	0.143862406834281	0.112138511576596	0.0690995497612947	0.0333725514704084	0.0124834590940339	0.00299570411953471	0.000453771054841085	9.17052281490217e-05	
5.43051050871665e-06	4.07288288153749e-05	0.000197534819754568	0.000467702717563221	0.00134744541997532	0.00425344735595231	0.00958824511695283	0.019819326915375	0.037577775092692	0.0647004598284773	0.0986621937361777	0.136426642627607	0.157447469993035	0.156103418642128	0.130679126067944	0.0954704111846794	0.0540736295767324	0.0233491587460408	0.00800593011747552	0.00157484804752783	0.00017784921916047	3.12254354251207e-05	
1.56507727398923e-05	3.198201385978e-05	8.02952688394476e-05	0.000317098265077818	0.000919312781373675	0.0020060207842262	0.00599696783289874	0.0136964675525458	0.0261415537542801	0.0477124014001317	0.0788254571386577	0.112580091128325	0.147098891108728	0.160046843443279	0.147818826654763	0.117016064497515	0.0780136583613233	0.0396658628066871	0.0161495560624289	0.00504159022738531	0.000695438684355215	0.000121803840019162	8.16562055994382e-06	
1.34977904117096e-05	3.91435921939578e-05	0.000207865972340328	0.000381987468651382	0.00133898080884159	0.00327118950627782	0.00827751996998091	0.0183549702913633	0.0338578574687324	0.0586195539790136	0.0928553495792739	0.126870456306303	0.15507476426109	0.15724115962217	0.138070247900419	0.101379204224268	0.0609148532385249	0.0289925789148316	0.0107962076608059	0.00303700284263466	0.000350267661183864	5.53409406880094e-05	
6.72628396353009e-07	4.43934741592986e-05	0.000115019455776365	0.0002347473103272	0.000618818124644768	0.00200308736433926	0.00494314608479826	0.0118577659993072	0.0239879464991374	0.0441002081784887	0.0719873814912844	0.106790519975382	0.139020182215033	0.157252447526577	0.152283741562718	0.124088504444392	0.0843482735310637	0.047153268469535	0.0203725688687399	0.00702560359990718	0.0015100507498125	0.000236765195516259	2.48872506650613e-05	
3.73048785285328e-05	0.00010241884832379	0.000269951666442837	0.000446302001304993	0.00106556298487864	0.00290164127900115	0.00709335308457084	0.0161211336884758	0.0308368908622039	0.0552349596903831	0.0856357226090625	0.119528900428531	0.149709903699152	0.158938452376592	0.1411555559173	0.109386043091883	0.0674065241484653	0.0350509855948907	0.0140415562781397	0.00419239007608839	0.000687088035443704	0.000148541243595431	8.81751674310775e-06	
3.12955826965363e-05	4.62630352905319e-05	0.000112255894454967	0.000404801558792154	0.000706191626934883	0.0019961139050356	0.00408407354189798	0.0102350162192759	0.0220824352861777	0.0391650610672066	0.0666255742059086	0.100129536498813	0.130382840223804	0.154727401867938	0.155184589510809	0.128237051792829	0.0942561720331788	0.0540331842030784	0.0255977456295038	0.00938527311518952	0.00220021553131735	0.000343571070907626	3.33365989593538e-05	
1.57020059653969e-05	5.66637606577365e-05	0.000179549024734756	0.00063832067728896	0.00128961257689716	0.00332745987284106	0.00634634119366649	0.0138710155306493	0.0282513222113067	0.0507086042213819	0.0793756882428158	0.113612205510585	0.140515885992514	0.15620423803968	0.146572764119688	0.114984424292778	0.0774716493455336	0.0416000753696286	0.0177255166471985	0.00584114621912764	0.00117969853513938	0.000226655042630946	5.46156729231196e-06	
1.30146970178534e-05	8.56230066964041e-05	0.000357561675964184	0.000772662012428351	0.00175424416119593	0.00499695867080214	0.0090554891882117	0.0194480672489944	0.0356356104029898	0.0632336179213748	0.0948915259252765	0.126209681838607	0.147351714652083	0.154676934120974	0.13366778821389	0.0998583452977215	0.0613855309448396	0.0305783731354734	0.0119714663042644	0.00331737777144548	0.000611690759839111	0.000126722049910678	
3.76275745812735e-05	0.000194979250102963	0.000570570858196038	0.00124444651206066	0.00275091777075092	0.00688789856153203	0.0124109423723433	0.0249573440131792	0.047060465459939	0.0755356456276074	0.10832294584229	0.135197927883675	0.151601497987951	0.150365945266246	0.118592537152099	0.0849343296202899	0.0481612430508711	0.0216515905517844	0.0071335040028898	0.00200862834492035	0.00032633369227759	5.26786044137829e-05	
6.55054014662292e-05	0.000261339257932977	0.000900016922228712	0.00167243478118467	0.00435269745784454	0.00913527411281122	0.0175697768995202	0.0335258009400025	0.0584158064533738	0.0875445573199557	0.122269243576377	0.143190713517585	0.154334137594096	0.139886784831133	0.101760594133991	0.069753017342555	0.0347881446140913	0.0148669967411063	0.00443253216588151	0.00110403895387874	0.000163081155733633	7.50582725133877e-06	
0.000120656041663826	0.000448540539066654	0.00132380809554322	0.00252082509645667	0.00610983108154167	0.0127070580376011	0.023834680772744	0.0425534090444314	0.0686621494498903	0.100818007062128	0.133511022645162	0.148179252614214	0.150708257781292	0.126615904783978	0.0881184474225961	0.0554861006966694	0.0251918908233241	0.00988357032815717	0.00256308879466659	0.000591010102387217	5.04437688312042e-05	2.04501765531909e-06	
2.69326535531577e-06	0.000212094646731117	0.000609351286640192	0.00196675702571934	0.00359079603497474	0.00872752638390074	0.0175533569532705	0.0305537488233797	0.0530378013258945	0.082147959918825	0.114576894745843	0.139636382244379	0.149802785644357	0.143640594511395	0.111371235656679	0.0745994104442137	0.0423529443450181	0.0180004390022529	0.00577772750349115	0.00157825349821504	0.00024778041268905	1.34663267765788e-05	
4.20340195331422e-05	0.000309583889894888	0.000807987264359288	0.00264147116399539	0.00508811798348797	0.0116414217907026	0.0231540726961688	0.0387827214825866	0.0645802669627285	0.096061078766415	0.128174402483076	0.143224583095919	0.147918381943787	0.13306035684881	0.0959116244747416	0.0612322239465808	0.0307035160456529	0.0120737717059006	0.00360491757996138	0.000840013184003587	0.000135442951829014	1.2009719866612e-05	
4.65906307572708e-05	0.000540451316784341	0.00132383949394588	0.00366535147971843	0.0075390296369658	0.0156830718933367	0.030452967423831	0.04837971097835	0.0775807215956892	0.110731286540366	0.138026074779294	0.144476880397857	0.143589661672151	0.118458675441679	0.0804553635134128	0.0471756759634942	0.0211048901526043	0.00788845936764534	0.0023960895818025	0.000425971481209333	5.92366591056729e-05	
