# <P(U)> as a function of N_tot.
# number_of_species: 1
# species_total_upper_bound: 103
# species_total_lower_bound: 0
# volume: 729
# Bin widths for each
10	10	10	10	10	10	10	10	10	10	10	10	10	10	10	10	10	10	10	10	10	10	10	10	10	10	10	10	10	10	10	10	10	10	10	10	10	10	10	10	10	10	10	10	10	10	10	10	10	10	10	10	10	10	10	10	10	10	10	10	10	10	10	10	10	10	10	10	10	10	10	10	10	10	10	10	10	10	10	10	10	10	10	10	10	10	10	10	10	10	10	10	10	10	10	10	10	10	10	10	10	10	10	10	
# Bin lower bound for each
0	0	0	0	-10	-10	-10	-10	-10	-10	-10	-10	-10	-20	-20	-20	-20	-30	-30	-30	-30	-30	-30	-30	-30	-30	-30	-40	-40	-40	-40	-50	-50	-50	-60	-60	-60	-60	-70	-70	-70	-70	-70	-70	-80	-80	-80	-80	-90	-90	-90	-90	-90	-110	-110	-110	-110	-120	-120	-120	-120	-130	-130	-130	-130	-130	-140	-140	-150	-150	-160	-160	-160	-160	-180	-180	-180	-180	-190	-190	-200	-200	-200	-200	-200	-210	-210	-220	-220	-220	-220	-250	-250	-250	-250	-250	-260	-260	-260	-260	-270	-270	-270	-270	
# Bin upper bound for each
0	0	0	0	0	0	0	0	0	0	0	0	0	0	0	0	0	0	0	0	0	0	0	0	0	0	0	0	0	0	0	0	0	0	0	0	0	0	-10	0	-10	-10	-10	-10	-10	-10	-10	-10	-10	-10	-10	-20	-20	-10	-20	-20	-20	-20	-20	-20	-30	-30	-30	-30	-30	-30	-30	-30	-40	-40	-40	-40	-40	-50	-50	-50	-50	-50	-60	-60	-60	-60	-60	-70	-70	-70	-70	-80	-80	-80	-80	-80	-90	-90	-90	-90	-90	-100	-100	-100	-100	-110	-110	-110	
# Normalized histogram for each
1	
1	
1	
1	
2.62718705112046e-06	0.999997372812949	
2.68971159075448e-05	0.999973102884092	
0.000115319244292025	0.999884680755708	
0.000484100766427284	0.999515899233573	
0.00148985071984315	0.998510149280157	
0.00364604839646739	0.996353951603533	
0.00777539615255351	0.992224603847446	
0.016391071274761	0.983608928725239	
0.0315292500865484	0.968470749913452	
6.57078144332471e-06	0.056414758237953	0.943578670980604	
3.6210749193817e-05	0.094277648223764	0.905686141027042	
9.58665643208449e-05	0.146167420045632	0.853736713390047	
0.0002417892670738	0.214062993722091	0.785695217010835	
6.61760813171687e-07	0.000530732172163693	0.298935226851607	0.700533379215416	
2.64640753485153e-06	0.00113729363810245	0.39485128182057	0.604008778133793	
3.97061480337846e-06	0.00213222014941424	0.495618095679905	0.502245713555877	
1.32037778649227e-05	0.00428792686163365	0.594724562591849	0.400974306768653	
1.78244058366347e-05	0.0080150411578734	0.684539044360985	0.307428090075305	
5.15261313453935e-05	0.0146367242592293	0.760443785320998	0.224867964288427	
0.000100677586652272	0.0262112772144101	0.815600389463296	0.158087655735642	
0.000219027465117726	0.0443196451093351	0.848708929041718	0.106752398383829	
0.000547315671427938	0.0713072241035969	0.860067200040238	0.0680782601847372	
0.00120847081758183	0.107708851899749	0.849874815666814	0.0412078616158546	
1.99193135007795e-06	0.00247464271391351	0.158222427022275	0.815788844653258	0.0235120936792034	
2.92883854245019e-05	0.00463821521904384	0.22255844697005	0.759889822419194	0.0128842270062877	
7.66409153191194e-05	0.00865309256089954	0.296860254954335	0.687455681557663	0.00695433001178271	
0.000207726355148152	0.0152086318290039	0.379761061428412	0.601170058642748	0.00365252174468833	
6.68115586668956e-06	0.000467680910668269	0.025962303582369	0.463835237351403	0.507980974740554	0.00174712225913932	
2.13600048594011e-05	0.000858405195287182	0.0414584344317938	0.542355888385965	0.414501574299108	0.000804337682986823	
1.73748128030986e-05	0.00170740948891988	0.0646536832264226	0.609384136394954	0.323887895034746	0.000349501042154637	
3.34917717415185e-06	5.49265056560904e-05	0.0034362557806798	0.0977644912197971	0.657182243466425	0.241406681206561	0.000152052643706494	
4.7070468525995e-06	0.000136504358725386	0.00643655035329749	0.140499969067978	0.679843483967798	0.173018266031529	6.05191738191364e-05	
6.03751308127834e-06	0.000313279845439665	0.0110788365041458	0.19311991842649	0.676620066010143	0.118837040813588	2.48208871119221e-05	
1.94847558660873e-05	0.000662481699446969	0.0185037991914498	0.256829910847164	0.646791095869702	0.0771905400838382	2.68755253325342e-06	
2.68422327637635e-06	6.97898051857852e-05	0.0012253479256658	0.0301042351003799	0.327632266779583	0.592866408220702	0.0480992679452069	
5.37153930187447e-06	8.99732833063973e-05	0.00237959191073039	0.0470103690851799	0.398140507382174	0.52381102656159	0.028561817352892	1.34288482546862e-06	
1.81844387002571e-05	0.000187905866569324	0.00426526112180476	0.0716635259222541	0.46207332235083	0.445914091323598	0.015877708976243	
2.29335520564651e-05	0.000344003280846977	0.00710872662126723	0.105131449724258	0.516291590671171	0.362582830593898	0.00851846555650288	
4.04907205391204e-05	0.000728158124361849	0.0123516943004587	0.145786164455761	0.554256553254408	0.282519278644317	0.00431766050015488	
0.000129327038966034	0.00143478531711532	0.0209408237387567	0.19570431099158	0.56932335551529	0.210346704801216	0.00212069259707653	
6.76765359359022e-07	0.000208443730682579	0.00257373866164236	0.0334335622830544	0.252577630062459	0.559720143988598	0.150458474692698	0.001027329815507	
7.44778089982735e-06	0.000379836825891195	0.00446528318494194	0.0516280171976032	0.315423677172552	0.525822133450692	0.101757676292359	0.000515928095060767	
8.12193185563808e-06	0.000652461859069592	0.00732665936144018	0.0757566425558095	0.37374152357966	0.475904597081113	0.0664170977494804	0.000192895881571404	
5.15334943981057e-05	0.000982526755037569	0.0123599017880088	0.1072357772641	0.426152163491367	0.41282397446651	0.0403093637037394	8.47590368389897e-05	
2.03179212870184e-06	0.000113780359207303	0.00185299442137608	0.0195607400870555	0.147224334909778	0.465140203815841	0.34226825209664	0.023803122051785	3.45404661879313e-05	
7.45838559853544e-06	0.000250872970132556	0.00340780418347629	0.03085669729125	0.194389937959793	0.487575685662949	0.270587517374648	0.0129050411906296	1.89849815235448e-05	
6.43046769129965e-05	0.000527975242022497	0.00554238625856437	0.0465200339528694	0.245762321791434	0.489736973564686	0.204911252776947	0.00693001349721324	4.73823935148395e-06	
9.84703145956775e-05	0.000952785181915417	0.00886911936978999	0.0685292270080304	0.29897421096416	0.470730208315648	0.148210047367617	0.00363593147824315	
0.000157092416584607	0.00184770604268561	0.0141838810939617	0.0971824012969985	0.349491183783166	0.433908976165476	0.101518424016234	0.00171033518489301	
2.72600265785259e-06	5.45200531570518e-06	0.000286911779738985	0.00299723992230892	0.0223736668143251	0.132369237060006	0.393558455719494	0.381641053600027	0.0659604048113947	0.000804170784066515	6.81500664463148e-07	
1.56633603356045e-05	3.06457050044436e-05	0.000530511204410257	0.00468198270901222	0.0343211465579766	0.17397498629456	0.423557012929082	0.321775816452658	0.040747210389575	0.000365024397386262	
1.97464017289677e-05	8.30710693425538e-05	0.000949189103799344	0.00759555556160809	0.0501143248569067	0.219473084292623	0.43815222705366	0.259026488776554	0.0244576208173376	0.000128692066440514	
5.30073877347701e-05	0.000163099654568523	0.00164526776545998	0.0121672342308118	0.0717441401352232	0.267000930347613	0.434341855516812	0.199067885474141	0.0137628925180072	5.36869696288056e-05	
8.82322000020361e-06	7.46580153863383e-05	0.000260624344621399	0.00282207298160359	0.0189821397665919	0.100710947919247	0.313442854379541	0.411411138297186	0.145097852903348	0.00716988431401161	1.9003858461977e-05	
1.08986777179259e-05	0.000118523120182444	0.000492483999378775	0.00487034660519812	0.0294080383197509	0.134718555271282	0.351880158139814	0.373320581880403	0.101722808480261	0.00345624317129724	1.36233471474073e-06	
1.83508436630459e-05	0.000139330479663867	0.000854333721646247	0.0078956204012446	0.0423843319137483	0.173643838670257	0.379859065520668	0.325850493637695	0.0677377215864372	0.00161487424234804	2.03898262922732e-06	
1.56370996307605e-05	0.000271269684898845	0.00150999992521387	0.0123886621509442	0.0609404967566616	0.214017504033352	0.395935441894237	0.270888275642634	0.0433052477426487	0.000727465069778857	
5.42684511037864e-06	2.84909368294878e-05	0.000435504320107886	0.00283484821453404	0.0189641102382181	0.0848310860541613	0.255892705845323	0.396298755963594	0.214348849814097	0.0260495348854563	0.000310686882569177	
4.07439575013361e-06	4.95718149599589e-05	0.000793828105317698	0.00489538649378553	0.028554723548853	0.114187657161328	0.297169449365786	0.377714820818261	0.161104324224116	0.0153910299461297	0.000135134125712765	
1.14747558745688e-05	0.000114747558745688	0.00134997127936103	0.00801747942812517	0.0419712820609742	0.147825905003871	0.332744295865105	0.343076301051695	0.116541670575959	0.00830637328190843	4.0499138380831e-05	
2.55516981456864e-05	0.000255516981456864	0.00235546312116683	0.0128209007511527	0.0587561298860058	0.186119241706289	0.354340191274633	0.299773195058302	0.0812416242542098	0.00429739218023899	1.47930884001342e-05	
4.64533537638325e-05	0.000620051287195503	0.00369270500571915	0.0197170923432081	0.0796742340750834	0.225832642704366	0.36205743923531	0.25270085857916	0.0535708154448649	0.00208232207523962	5.38589608856029e-06	
1.27881971670778e-05	0.000102978640345416	0.00105334360876193	0.00591891609933064	0.0296026572527587	0.106195881527449	0.263074080680063	0.35785077520032	0.202067649563014	0.0332769082177628	0.000835271193912818	8.74981911431639e-06	
1.41320118332046e-05	0.000169584141998455	0.00193002904464908	0.00955996952869068	0.0419983203094507	0.137215778323916	0.296158515411968	0.338801524642191	0.154106897229318	0.0196589743658764	0.000384256131274277	2.01885883331494e-06	
3.38590515402483e-06	2.64100602013936e-05	0.000365677756634681	0.00309268576768628	0.0151654691848772	0.0590637295068091	0.171174435061725	0.320364865139398	0.306887608264317	0.112812942283861	0.0108484401134955	0.000194350955841025	
8.13644823693337e-06	0.000102383640314745	0.000714651370143981	0.0051449474351542	0.0229861443066899	0.0809190118283616	0.20463506334564	0.333310958100682	0.267137902627056	0.078882187619716	0.00609148758005078	6.71256979547003e-05	
4.05159572097471e-06	2.4984840279344e-05	0.000215409839165155	0.00142818749164358	0.00802958745301837	0.0336984721432536	0.106519827834192	0.240319724923661	0.333012131828121	0.221669554554061	0.0520251901211292	0.00303194413119607	2.09332445583693e-05	
2.0975282997165e-05	7.23985574418274e-05	0.000417475793846799	0.00237426671087264	0.0123280534260757	0.0469853105356817	0.136339339481572	0.269310454487019	0.320592991548991	0.17690891990825	0.0332092859607695	0.00143037897600022	1.01493304824992e-05	
3.66120311202265e-05	8.61060731901622e-05	0.000688848585521298	0.00431411766700002	0.0182117734800075	0.0641497025272472	0.167453938335848	0.29223316439819	0.298610437818872	0.133545095513331	0.0201006830855806	0.00056680848178721	2.71200230520196e-06	
5.90199433137188e-05	0.000166205587492656	0.00124688110127144	0.00695010711780516	0.0261458348879774	0.085226154925316	0.197579096899893	0.307322950345911	0.265325172752052	0.097642051506094	0.0121085858414548	0.0002279390914185	
1.48688633835315e-05	0	0.000116247477362156	0.00039808002422273	0.0023553631314367	0.0102926327485364	0.037164724027137	0.110714908468629	0.226588636673916	0.310751810284117	0.226671091279952	0.0684670607366035	0.00636860453013716	9.59717545664307e-05	
1.28421069706957e-05	3.3795018343936e-06	0.000193983405294192	0.000696177377885081	0.00388372350808512	0.0153909272541953	0.052063253459934	0.138310167974759	0.254765097586495	0.30063913138692	0.185127082786981	0.0457354742252154	0.00314023310451853	3.8526320912087e-05	
4.06715413768537e-05	1.96579116654793e-05	0.000258942146765968	0.00121472336912203	0.00612716770842301	0.0227259016033399	0.0691592446752479	0.16869877504096	0.276514964076861	0.28025403444744	0.145019125792332	0.0284605889374763	0.00150145773582885	4.74501316063293e-06	
6.49933584911792e-05	4.19748773588866e-05	0.000432612042456911	0.00217524646700165	0.00972530827839363	0.0329306453163484	0.0908986279631217	0.198591268954704	0.287974062233849	0.251687457771242	0.107929595944414	0.0167804727454413	0.000765703004724205	2.03104245284935e-06	
1.34717964573217e-06	5.92759044122154e-05	9.36289853783857e-05	0.0007705867573588	0.00368453633107748	0.0148391837977398	0.0469492106537661	0.116466374732837	0.226674426421426	0.28833079726765	0.214710123987679	0.07727489806902	0.0097892808957128	0.000356329016296159	
1.01146325016858e-05	6.47336480107889e-05	0.00019217801753203	0.00133108563722185	0.00590896830748483	0.021385704652731	0.0631213755900202	0.144976399190829	0.248470667565745	0.279506405933918	0.176525960890088	0.0531092380310182	0.00527039784221173	0.000126770060687795	
8.08131418331249e-06	1.01016427291406e-05	0.0001077508557775	0.000371740452432375	0.00230856208503293	0.00899113547178376	0.0309972274357923	0.0826105607960633	0.172936756308644	0.263871744156368	0.259750273922879	0.14084585768671	0.0345307820624457	0.00263450842375987	2.49173853985468e-05	
1.14452295273457e-05	4.71274157008352e-06	0.000168312198931554	0.00063352711677837	0.00374393655303349	0.0135006581006978	0.043722123292052	0.10497160573204	0.198557901079554	0.271350234122269	0.233582996428415	0.107273443364628	0.0211474179225562	0.00131350840046185	1.81777174846078e-05	
6.7385172297147e-06	2.15632551350871e-05	0.000231131140979214	0.00109703060499755	0.0059332644207638	0.0200464149066783	0.0586116228640585	0.129495433306873	0.22260354742501	0.270724646665849	0.200588137783809	0.0776297400414823	0.0123968501475061	0.000610509661012152	3.36925861485735e-06	
1.48118225274355e-05	3.83760856392648e-05	0.000520433582441258	0.00198478421867636	0.00865953006126708	0.028653470679324	0.0758284521645459	0.155854036221639	0.240402612266882	0.260407998384165	0.16663367669831	0.0534673130007406	0.00720864471823874	0.000325860095603582	
2.3672000757504e-05	0.000117007318029948	0.000846781284239858	0.00344529062453501	0.0131886861363237	0.039164987081851	0.0963173130250112	0.180616689436877	0.255178081079984	0.239648572240183	0.132141842628539	0.0354951506215591	0.00366983646029191	0.000146090061817739	
6.74823483047422e-06	2.96922332540866e-05	0.000360355739947323	0.00141915378484873	0.0055740419699717	0.0193613605521136	0.0523966693412171	0.11987699317551	0.204432375601352	0.259197675368066	0.212913557136292	0.0999292110166283	0.0226936389114018	0.00175791517333853	5.06117612285566e-05	
1.55230980324136e-05	4.7919128708755e-05	0.000566930536835974	0.00240473036041259	0.00834467756838093	0.0275103042999656	0.0689110816697184	0.144692821512044	0.225388634257588	0.253777005972343	0.181512260210318	0.0725650839630874	0.0134780985959695	0.000772105397786136	1.28234288093851e-05	
2.70107840555342e-06	2.56602448527575e-05	0.000159363625927652	0.00106152381338249	0.00386119158073861	0.0125330038017679	0.0372411185165677	0.0885008339579577	0.168743120690936	0.241034783137168	0.237979863460487	0.150307585303432	0.0504628973117517	0.00769402183821891	0.000392331638406634	
7.41610697532054e-06	2.35967040123835e-05	0.000331702239259792	0.00180076561191647	0.00605086910031835	0.0178640533204608	0.049820058277117	0.109593880498201	0.191874913197839	0.248846121173794	0.218157596318375	0.118175664651733	0.0333171976823992	0.00398312363729034	0.000153041480308888	
3.51425673132223e-05	7.63675020460408e-05	0.000568363444431153	0.00267421420881578	0.00864034082883745	0.0252289842378827	0.0645521654241742	0.132007647563302	0.213300515582012	0.248616768275993	0.191383042494798	0.0903718151203599	0.0205083913016739	0.00197136286255134	6.48785858090258e-05	
6.20767227808752e-05	0.00020917156589208	0.000962863950090315	0.00411123339025949	0.0123492193514737	0.0343581165652409	0.0820020012995627	0.155718784348839	0.230768192696943	0.238992683718423	0.161588408386565	0.0655111849434258	0.0123417971346194	0.00100807199820247	1.61939276819675e-05	
4.03801114491076e-06	0	0	9.22012544754624e-05	0.000378227043906641	0.00156001830565052	0.00607047675451584	0.0178002261286241	0.0462284975906534	0.102413384660942	0.178354241257706	0.240898995881229	0.220749320268124	0.132229385953105	0.045317926077476	0.00743330551592322	0.000463698279807252	6.05701671736614e-06	
1.21027849180473e-05	0	1.27751618579389e-05	0.000189610297049408	0.000640775223716617	0.00252948204787189	0.00903540131826223	0.0253526448955496	0.0616717576807299	0.125279288571407	0.199667711316306	0.242216396449581	0.196007963632476	0.102769453377719	0.0304970008626596	0.00395962779902115	0.000158008580874507	
1.81352892578637e-05	0	2.08219987775472e-05	0.000286134563846293	0.00106057858289506	0.00392662596301744	0.0140004433070707	0.0346404175146594	0.0787843982778192	0.148320470711508	0.216008086995654	0.234612878742083	0.169251281224602	0.0776163513141368	0.0195108845319416	0.00186659143880012	7.5899543931059e-05	
1.21110910007193e-05	2.01851516678654e-06	4.64258488360905e-05	0.000446764690248755	0.00185434259988791	0.00619953291559041	0.0200135778786886	0.0455303009404262	0.0977358315374155	0.171550239833244	0.2269362774947	0.219878875633225	0.140588908528294	0.0568124550459851	0.0113716416112865	0.000993782300447908	2.69135355571539e-05	
1.687092862315e-05	3.1042508666596e-05	9.51520374345661e-05	0.000638395939099997	0.00302866910642789	0.00989851124177458	0.0277364814936036	0.0581378948725199	0.1196924902098	0.191840679048129	0.229958855179274	0.200237677642443	0.112633693673874	0.0390818435740995	0.00652904937715906	0.0004386441442019	4.049022869556e-06	
7.41310326655026e-06	2.62828206723146e-05	5.79569891748475e-05	0.000204197299069521	0.00118205301177538	0.00490477868854116	0.0150492735495758	0.036330945190884	0.076232984400809	0.140342175368414	0.207518369332935	0.226692697891107	0.174989672199313	0.0872151599309638	0.0253575306009533	0.00368700799739059	0.000200153788196857	1.34783695755459e-06	
5.3774318595361e-06	3.96585599640788e-05	5.84795714724551e-05	0.000435571980622424	0.00200712644157185	0.00752907678233299	0.021410244948743	0.0469194373324174	0.0955583085019214	0.163608364326386	0.217299332727924	0.216932995182493	0.146569299300463	0.0638428875733599	0.0157612527803003	0.00191302138402997	0.000109565174138048	
4.01483884436879e-06	8.76573147687185e-05	0.000113753767257116	0.00100237143147741	0.00314964107340731	0.0112442253234622	0.0293544942106024	0.0608970755913858	0.11580735732601	0.181621272222133	0.222446830150904	0.200057412195474	0.118332021819311	0.0456179372293329	0.00925821837511442	0.000956200784767166	4.9516345747215e-05	
2.1411599868051e-05	0.000106388886844378	0.000221476236135153	0.00142253316623364	0.00542181855408804	0.0161865003877507	0.0394635858943057	0.0770543259126527	0.137447081565482	0.197752183481352	0.220086489481217	0.176249584313862	0.091827660709112	0.0309919525840121	0.00524115818020136	0.000487113896998161	1.87351498845446e-05	
5.33820177335063e-06	6.47256965018764e-05	0.000158811502757181	0.000336973986942758	0.00240152352278611	0.00770769608549664	0.0221575410107351	0.0508670574230365	0.0953923311393324	0.159728338911754	0.208935215583279	0.21037119186031	0.149703195981402	0.0689995942966652	0.0201417025660736	0.00281790326110746	0.000210191694825681	6.67275221668829e-07	
3.31895341450608e-05	0.000142714996823762	0.00030003338867135	0.000776635098994423	0.00377962414843953	0.0114530444427776	0.0301433987012272	0.0636183628399355	0.114110264925499	0.178940709552413	0.211998813142259	0.197137203542784	0.124061151052872	0.0492665444849283	0.0126067126496599	0.00151676171042928	0.00011483578814191	
4.9757085906604e-05	0.000168510664270365	0.000386114986635247	0.00151460569499702	0.0055860621777814	0.0159342091907309	0.0393558646686875	0.0795755123487136	0.135990096349621	0.192367528393052	0.213468513384324	0.17574998855587	0.0977899229295911	0.0337260162553083	0.00751398339970929	0.000787488812948519	3.58251018527549e-05	
5.89478927121859e-05	0.000319908226741414	0.000532518042029185	0.00247647382978498	0.00778509585324757	0.0230439896993525	0.051437003910431	0.0981588387397603	0.158103546941068	0.199610811440925	0.204610122611617	0.152587613789303	0.0733477369307886	0.0231572491336647	0.00433432595402859	0.000427206638195055	8.61036635121817e-06	
