# <P(U)> as a function of N_tot.
# number_of_species: 1
# species_total_upper_bound: 103
# species_total_lower_bound: 0
# volume: 729
# Bin widths for each
10	10	10	10	10	10	10	10	10	10	10	10	10	10	10	10	10	10	10	10	10	10	10	10	10	10	10	10	10	10	10	10	10	10	10	10	10	10	10	10	10	10	10	10	10	10	10	10	10	10	10	10	10	10	10	10	10	10	10	10	10	10	10	10	10	10	10	10	10	10	10	10	10	10	10	10	10	10	10	10	10	10	10	10	10	10	10	10	10	10	10	10	10	10	10	10	10	10	10	10	10	10	10	10	
# Bin lower bound for each
0	0	0	0	-10	-10	-10	-10	-10	-10	-10	-10	-10	-20	-20	-20	-20	-30	-30	-30	-30	-30	-30	-30	-30	-30	-30	-40	-40	-40	-40	-50	-50	-50	-60	-60	-60	-60	-60	-60	-60	-60	-70	-70	-70	-70	-80	-80	-80	-80	-90	-90	-90	-100	-110	-110	-110	-120	-120	-120	-120	-120	-120	-130	-130	-130	-130	-140	-150	-150	-150	-160	-160	-160	-180	-180	-180	-180	-180	-180	-200	-200	-200	-200	-200	-210	-210	-220	-220	-220	-220	-250	-250	-250	-250	-250	-260	-260	-260	-260	-270	-270	-270	-270	
# Bin upper bound for each
0	0	0	0	0	0	0	0	0	0	0	0	0	0	0	0	0	0	0	0	0	0	0	0	0	0	0	0	0	0	0	0	0	0	0	0	0	0	-10	0	-10	-10	-10	-10	-10	-10	-10	-10	-10	-10	-10	-20	-20	-20	-20	-20	-20	-20	-30	-30	-30	-30	-30	-30	-30	-30	-30	-40	-40	-40	-40	-40	-50	-50	-50	-50	-50	-60	-60	-60	-60	-70	-70	-70	-70	-70	-70	-80	-80	-80	-80	-90	-90	-90	-90	-100	-100	-100	-100	-100	-100	-110	-110	-110	
# Normalized histogram for each
1	
1	
1	
1	
2.0110567902327e-06	0.99999798894321	
3.40507355960381e-05	0.999965949264404	
7.5990121284233e-05	0.999924009878716	
0.000409580589476376	0.999590419410524	
0.00128065275330352	0.998719347246696	
0.00334650745767388	0.996653492542326	
0.00717931009560368	0.992820689904396	
0.0154772919264653	0.984522708073535	
0.0309152311377005	0.969084768862299	
6.02352789997731e-06	0.0563681740879877	0.943625802384112	
4.43761320956427e-05	0.095515590142044	0.90444003372586	
7.26926152379876e-05	0.14809303039359	0.851834276991172	
0.000245551887931729	0.216904838579824	0.782849609532244	
1.99952411326104e-06	0.000541871034693743	0.302084103983252	0.697372025457941	
7.99023593169147e-06	0.000892908865366522	0.398622882837173	0.600476218061529	
1.19743031454499e-05	0.00188196131102654	0.497781760342305	0.500324304043523	
3.98189036263076e-05	0.00410333801869099	0.595889892767693	0.39996695030999	
4.78902355800505e-05	0.00765844683984308	0.686083496625734	0.306210166298843	
9.40551162981507e-05	0.0146305735160804	0.761796412697841	0.22347895866978	
0.000156047126232122	0.026542015688738	0.815708343919864	0.157593593265166	
0.000328686568472384	0.0445818509237089	0.849612946665126	0.105476515842693	
0.000657534246575342	0.0716413449564134	0.860905603985056	0.0667955168119552	
0.00127117798487358	0.108511105346132	0.849476162918321	0.0407415537506735	
3.98860853402682e-06	0.00244501703135844	0.159109583030864	0.815401214132438	0.0230401971968059	
5.00579671259318e-05	0.00494973178941214	0.222996229633916	0.758690563672733	0.0133134169368128	
0.000132631858172333	0.00862308035481032	0.296988854904766	0.686773790337166	0.00748164254508478	
0.00026046030807003	0.0152177468366187	0.379726900300236	0.60085366370738	0.00394122884769533	
2.02442263466459e-05	0.000516227771839471	0.0262911767563891	0.463592783338192	0.507674586208013	0.00190498169921938	
6.4813802099157e-05	0.0007534604494027	0.0414869096374073	0.539945556406237	0.416728442321792	0.00102081738306172	
4.85214110835033e-05	0.00163557589860642	0.0658031203310778	0.606889636028765	0.325137932219632	0.000485214110835033	
1.01158262101057e-05	0.00012341307976329	0.00310151231601841	0.0985079156340094	0.654467654645693	0.243583025643619	0.000206362854686156	
1.42417682579469e-05	0.000284835365158938	0.00601002620485359	0.14205350021973	0.677637575481372	0.173908266736112	9.1554224515373e-05	
1.82265191803737e-05	0.000388832409181305	0.0107860490171856	0.194875917907758	0.675035339195522	0.118875383263195	2.0251687978193e-05	
1.82297679958193e-05	0.000664373766958748	0.0183290189549077	0.257708153567566	0.645771301483903	0.0775068969288917	2.02552977731326e-06	
9.73342580087844e-05	0.00110109379372437	0.0292915282695186	0.328458509244727	0.592469572905387	0.0485819615286345	
0.000117564787319219	0.00207968054809515	0.0462779596428463	0.398982456495961	0.523291003253301	0.0292472813142932	4.05395818342134e-06	
0.000259797195814018	0.00384215696621825	0.0708535961614964	0.461493184382941	0.447307851558377	0.016243413735153	
0.000417489537180104	0.00635034330328364	0.103181311203659	0.516561441566814	0.364934971911549	0.00855444247751389	
8.25583171312636e-06	0.000763664433464188	0.0112279311298518	0.143007516934775	0.555751631558742	0.284956223452341	0.00428477665911258	
4.54108234633597e-05	0.00132310626545516	0.019741323436526	0.193656520787837	0.5728637303753	0.210117944293304	0.00225196401811479	
0.000111752654125535	0.00223505308251071	0.032815959934604	0.249674054758801	0.562879493387968	0.151081310403344	0.00120237577864697	
0.000330172811203449	0.00430055277988895	0.0504188418617593	0.314320363148561	0.526480274770229	0.103441688159048	0.000708106469310541	
4.1441243568837e-06	0.000698284954134904	0.00683158900232278	0.0749174801237436	0.373083083477169	0.476516283300629	0.0676652624991971	0.000283872518446534	
3.51926799225761e-05	0.0010619908706048	0.0121580358344288	0.107308691556862	0.42529318607612	0.412723188870833	0.0412934344950368	0.000126279616192773	
7.42118087479231e-05	0.00198310444487506	0.0192991931527238	0.14714964811234	0.465188477379828	0.341693843305889	0.024555862939035	5.56588565609423e-05	
0.000187606430571189	0.00351092034354654	0.0301592799211641	0.19349232462922	0.488634348881989	0.27078617402455	0.0132025448503066	2.68009186530271e-05	
1.64104583851288e-05	0.000342568318789565	0.00559596630932894	0.0457995380455965	0.244224544302084	0.492051184219703	0.204677390901221	0.00728624352299721	6.15392189442332e-06	
3.89143311240917e-05	0.000604196193768791	0.00806960340152216	0.0674856426599379	0.295210260275432	0.475100972448654	0.149506812056069	0.00398359863349254	
0.000126983346748509	0.00143163482866465	0.0131386801514788	0.0967080591414697	0.345617948072004	0.437981947883577	0.103073611426863	0.00192113514919519	
8.23345127752288e-06	0.000269645529338874	0.0027437976382345	0.0211537946947757	0.132354787649	0.389168483171855	0.386504961683576	0.0668597410991246	0.000936555082818228	
2.26599950148011e-05	1.85399959212009e-05	0.000492339891685224	0.00454023900114742	0.0334543926400336	0.175069061484806	0.419640447679102	0.325339848425233	0.0410578509672728	0.000364619919783618	
6.18137387215683e-06	0.00010302289786928	0.000799457687465616	0.00757218299339211	0.0498610221107743	0.220250592896777	0.433775851020648	0.262815533380449	0.0247275559465847	8.85996921675812e-05	
3.29595853684161e-05	0.000181277719526288	0.00138842253364453	0.0126873803927547	0.0713554423485353	0.269187113626111	0.430095809394718	0.201111150021733	0.0139439645849255	1.6479792684208e-05	
6.17247118999072e-06	4.52647887265986e-05	0.000207806530063021	0.00266445006367933	0.0192725125455477	0.100710039935889	0.313689100856122	0.409578440792628	0.14651594863681	0.00729380345617237	1.64599231733086e-05	
2.05713486370453e-05	7.40568550933631e-05	0.000296227420373452	0.00505026609039462	0.0295075424849778	0.135583701731902	0.350949264882856	0.372331124656201	0.102537887281352	0.00364935724821184	
1.63558041637788e-05	8.58679718598389e-05	0.000774856222259023	0.00784874152309337	0.0433224362788092	0.17325907798243	0.379041672544534	0.326079534186697	0.0678561425244775	0.00171531496167631	
1.01814331385286e-05	0.000260644688346332	0.00130729601498707	0.0128428597609399	0.0611843043026736	0.213404874870187	0.394614021869718	0.272062147467878	0.0436559490113828	0.000657720580748946	
2.03365702374295e-06	0.000449438202247191	0.00261935024658091	0.0197102038741166	0.0841588286135543	0.253609232802888	0.397384717067467	0.215069398545935	0.0267120850068636	0.000284711983324012	
2.45098039215686e-05	0.000829248366013072	0.00479166666666667	0.0292218137254902	0.113719362745098	0.295118464052288	0.377728758169935	0.161966911764706	0.0164644607843137	0.000134803921568627	
1.6295934164426e-05	0.000120182514462642	0.00156237268801434	0.00829463048969282	0.0404709524973519	0.148470219180314	0.329173796137864	0.344408457589831	0.118673103560662	0.00875702762160841	5.29617860343844e-05	
2.64729121017863e-05	0.00026269274316388	0.00286314726270089	0.0132120195166454	0.0561592284571587	0.186104572075558	0.352953155163847	0.30158959655282	0.0822920654573297	0.00451872245798952	1.83274006858521e-05	
5.13132076091329e-05	0.000712227321614765	0.00427336392968859	0.0204493394963917	0.0763807357903465	0.225968998612491	0.360114038472591	0.255381729214046	0.0545438871602039	0.00211820921010501	6.15758491309595e-06	
9.03574252240967e-05	0.00129580762082739	0.00669671735581317	0.029949379306096	0.103750859935723	0.260611350124755	0.358316476881847	0.204538407039665	0.0338552843691922	0.000893306363010956	2.0535778460022e-06	
4.1181157972981e-06	0.000187374268777064	0.00230820390438559	0.0103879470986845	0.042002722074542	0.133451660527242	0.293963459958531	0.340498168467999	0.156626357176537	0.0201540587119769	0.000415929695527109	
2.07149130802247e-06	2.90008783123146e-05	0.000366653961519977	0.00355260759325854	0.0158883383325324	0.0592943672008352	0.167844654723829	0.320362345259599	0.307566743449945	0.11427381800706	0.0106246789188473	0.000194720182954112	
1.66262095567453e-05	0.000114305190702624	0.000856249792172381	0.00581501679247165	0.0246151032487613	0.0812502078276195	0.202199647524357	0.332330911448808	0.268232717055166	0.0787043194892428	0.00581501679247165	4.98786286702358e-05	
1.03250746502897e-05	0.000363442627690198	0.00181721313845099	0.00854296676564972	0.0362905723808383	0.108380243589161	0.239050258333368	0.328826782417637	0.22238145781794	0.0514044166539324	0.00291580108124182	1.65201194404636e-05	
4.13994676028466e-06	7.45190416851239e-05	0.000633411854323553	0.00273029488840774	0.0131526108574244	0.0500664461455026	0.137336523852303	0.268881262186968	0.314816041465707	0.177984591118158	0.0329063668241226	0.00140965187187693	4.13994676028466e-06	
5.15743588791448e-05	0.000127904410020279	0.000773615383187172	0.00492638276013591	0.0194125886821101	0.0662462324930839	0.167208197434898	0.292527700588154	0.293730414637216	0.135067056981415	0.0193610143232309	0.000567317947670593	
5.16089609671106e-05	0.000245658654203447	0.0014182142473762	0.00809228507964295	0.0273548136710073	0.0865874503521795	0.196881993014211	0.305260811045143	0.264225494000974	0.0978691692195899	0.0118101946277136	0.000202307126991074	
4.55670508797548e-05	0	0.000132558693468377	0.000526092314702623	0.00265945878770932	0.0121415478298692	0.0400120131315956	0.110121063369269	0.226027070970682	0.31019355640476	0.22447779124077	0.0672921780014706	0.00628618179182071	8.49204130031793e-05	
2.2770272787868e-05	8.28009919558836e-06	0.000308433695035667	0.000774189274787512	0.00444227321843316	0.017460659178697	0.0538102946473299	0.136615426652811	0.253391735632993	0.303256563013625	0.182247053319699	0.0447208157553727	0.0029145949168471	2.69103223856622e-05	
3.32682523147426e-05	5.61401757811282e-05	0.00035347518084414	0.00120389488063975	0.00678464420643782	0.0250613903218495	0.0698716469240382	0.165702926982424	0.277500888886117	0.282064877250545	0.142620997673302	0.0274774971462077	0.00126419358796022	4.15853153934283e-06	
3.9330552594264e-05	9.31513087758883e-05	0.000492666921970254	0.00235776312657193	0.0101286523075649	0.0346998975335603	0.0921639049028639	0.195721249883561	0.290406450210625	0.252812652017761	0.104389496672428	0.0160654957202149	0.000629288841508223	
4.5332316790472e-05	0.000181329267161888	0.000764467705875686	0.00377906677244207	0.0153078991562007	0.0490681118059777	0.116415450077786	0.22431666683838	0.289900165875068	0.215654073211692	0.0749013506969844	0.00943530357198051	0.000230782703660585	
2.47367086572296e-05	0.000298901896274858	0.00136051897614763	0.0058461088126586	0.0218445751367219	0.0665912197052621	0.143707908944175	0.245408763803599	0.282625141978401	0.175915103615888	0.0511431451488222	0.0051782176789134	5.56575944787666e-05	
2.46642577908224e-05	6.16606444770561e-06	4.52178059498411e-05	0.000339133544623808	0.00246437042426634	0.00922854312339939	0.0325712077675969	0.0848471021552451	0.170820538749604	0.262542802764041	0.263264232304423	0.138491862850284	0.0327644111202917	0.00258769171322045	2.05535481590187e-06	
3.48896154138216e-05	6.15699095538029e-06	0.000108773506878385	0.000525396561525784	0.00408824199437251	0.0146762141073081	0.0445725098563164	0.107521585384124	0.195862091611921	0.270025099999795	0.236623424066857	0.103966949272552	0.0206628616462562	0.00132580538572522	
2.04018761565314e-05	1.83616885408782e-05	0.000187697260640088	0.00111598262576227	0.0063470236722969	0.0214831755928275	0.0598366625794908	0.130386350328776	0.220568763503492	0.270928754608274	0.201574616801761	0.0748728453068544	0.0121064733112857	0.000552890843842	
4.47904620746942e-05	1.01796504715214e-05	0.000484551362444419	0.00213569066892519	0.00923905076795283	0.0309278140625763	0.0750565988566217	0.154891525644575	0.237910647100021	0.261694382461684	0.16834087984755	0.0521340619248497	0.00689976708959721	0.000230060100656384	
6.98050181595702e-05	6.56988406207719e-05	0.000745271223291881	0.00349435708551731	0.0136961551806615	0.0399387358311211	0.0966717377959271	0.179626789523499	0.249456444748302	0.242588862814662	0.134840711107826	0.0349291992337873	0.00376331171430859	0.000112919882316952	
2.05570128193532e-05	6.98938435858009e-05	0.000300132387162557	0.00149038342940311	0.00553394785096988	0.0195312178796675	0.0537195858995338	0.120092013189379	0.20386800753209	0.254993298413821	0.214518595873796	0.101711988027596	0.0221070115859324	0.002002253048605	4.11140256387064e-05	
4.72083447933301e-05	4.72083447933301e-05	0.000656811753646332	0.00271140102052126	0.00814446574521451	0.0280889651520314	0.0694291074338775	0.143839721511816	0.224442838904602	0.250323274534998	0.182942598757805	0.0748252264974282	0.0136206337412408	0.000876433183771824	4.10507346028957e-06	
8.19180287245568e-06	7.78221272883289e-05	0.000122877043086835	0.000962536837513542	0.00386653095579908	0.0116180244238603	0.0374877378950753	0.090478462726273	0.168433706811279	0.242133309304045	0.232956442136176	0.151630271169155	0.0518438724290539	0.00795014468771823	0.000430069650803923	
2.2362586985381e-05	6.50547985029264e-05	0.000294779555716385	0.00150235925292696	0.00591592073885987	0.016849192812258	0.0504906554880838	0.112164637431311	0.192232863651241	0.248712626526501	0.213044300284818	0.12031071798135	0.0343103073229341	0.00395817789641243	0.00012604367209942	
8.32277761538212e-05	0.000150215986228848	0.000574474650037351	0.00247044398973659	0.00807715417844035	0.0249378836597486	0.0646314430478418	0.136306797882361	0.214339942836727	0.246187761863003	0.1872320471597	0.092591915944006	0.0203745655916074	0.00199949657345156	4.26288609568352e-05	
0.000127367159085625	0.000274951327549921	0.00103308917925007	0.00365321359472579	0.0125850883382225	0.0342233534762137	0.0820365806567698	0.157543067284229	0.23027982362681	0.236913024403952	0.159039125978251	0.0680726922789219	0.0131653165073903	0.00104926278675301	4.04340187573413e-06	
1.21687809923641e-05	0	0	0.000210925537200978	0.000419822944236561	0.00175838885339661	0.00541713567176741	0.0181335118087879	0.0471743076470648	0.103546185594191	0.176388508614483	0.240432802977295	0.219900013182846	0.131311287558435	0.0466976970581972	0.00800705789297557	0.000590185878129658	
3.62474249225211e-05	0	0	0.000302061874354343	0.000666549869408583	0.00253329225291842	0.00864299709819226	0.0259914174152767	0.0617958182554114	0.125500667556742	0.198490898875726	0.241174255467823	0.196020032743507	0.102948728017447	0.0313540225579808	0.00434364975321545	0.000199360837073866	
5.46403853159024e-05	0	0	0.000394625005059295	0.000959242319990286	0.00398672441008621	0.0137147367142915	0.0359634921277371	0.0799226939733679	0.148963856396973	0.214631480956814	0.233626097867001	0.168112275873234	0.0770004452179544	0.020336341927389	0.00223216092605335	0.000101185898733153	
3.64304623430454e-05	0	4.45261206415e-05	0.000821709317293136	0.00158674902649709	0.00594018927649102	0.0202027152837933	0.0460683435473556	0.0998457777094144	0.170085733021381	0.226441634351497	0.219999514260502	0.138781846295832	0.057422504310938	0.0114715478089101	0.00119613351359666	5.46456935145681e-05	
5.09578028626055e-05	2.85363696030591e-05	0.000156950032816825	0.000860167712320781	0.0027537596666952	0.00879531677408571	0.0278086921781811	0.0588277259367063	0.122967293243811	0.188315579634816	0.23046175922642	0.200094985344536	0.111842185722847	0.0397511628570613	0.00674069816266546	0.000544229334572627	
2.24072289794729e-05	6.72216869384188e-05	4.88884995915773e-05	0.000301479080814727	0.00127517503101364	0.00476459168936247	0.0139372964252322	0.0345213917741025	0.0778406764538727	0.142736085620059	0.20224357472709	0.227374300537977	0.176188041465596	0.0888507739660592	0.0258640533047607	0.00365645236528672	0.000307590143263674	
1.62581138149258e-05	8.33228333014945e-05	2.23549064955229e-05	0.000587324361564193	0.00232084574708065	0.00755189386703302	0.0194264137446094	0.0444557799626876	0.0965874219102471	0.164639821811073	0.213808422515862	0.219082148184578	0.146908316431669	0.0661623941698404	0.0162987590994631	0.00186561856026273	0.000182903780417915	
1.21265527040191e-05	0.000179877198442951	0.000165729553621595	0.00133998407379412	0.00352882683686957	0.0106935983928275	0.0269553055689172	0.0592725685251282	0.115244693622646	0.180061117825628	0.221208532242483	0.204809390802414	0.118159108455845	0.0472672813481493	0.0100347223625758	0.000972145308438868	9.49913295148166e-05	
6.4631057646864e-05	0.000203991775697914	0.0003413327731975	0.00167232861661261	0.00591374177468805	0.0149418926397344	0.0372820216594832	0.0756748896222719	0.136040297464443	0.195900775168748	0.221949111120985	0.179539018981334	0.092646601416228	0.0315237983672579	0.00567339502906378	0.000609955606542279	2.22169260661095e-05	
1.61387610676597e-05	0.000195682477945374	0.000328827256753567	0.000542665840900059	0.00249343858495343	0.00730682407338295	0.0191244318651768	0.0484808382472499	0.0963907678217312	0.158811460941172	0.211145428393326	0.209896691755716	0.151440081823519	0.0692272155997264	0.0212688697420421	0.00296348000104902	0.000365139469155802	2.01734513345747e-06	
0.00010075201302522	0.000433233656008447	0.000501745024865597	0.000971249405563123	0.00381648625339534	0.0108570369235977	0.0264474034191203	0.06128140440246	0.116872335109255	0.176898369429421	0.211287046515189	0.197397373999532	0.127433161114559	0.0498944118903496	0.013929973320867	0.00161001716814302	0.000268000354647086	
0.000151559241476308	0.00049509352215594	0.000668881452382107	0.00160450716976252	0.00542177926507913	0.015560082124901	0.0366712740676075	0.0761191134390611	0.139121279725819	0.187860710994714	0.212374913106035	0.177265709620577	0.102122637696623	0.0353496774819341	0.00816399114085714	0.000949771246584865	9.90187044311881e-05	
0.000180521158499605	0.000866095895273388	0.000902605792498027	0.00185389144796224	0.00709711835494516	0.0228247707482703	0.0479537216769401	0.0958729617842792	0.163363535131649	0.193301650855853	0.203070076691067	0.155838439648126	0.0766018210325405	0.0249261181663107	0.00485378800325344	0.000466515353425947	2.63682591066839e-05	
