# <P(U)> as a function of N_tot.
# number_of_species: 1
# species_total_upper_bound: 103
# species_total_lower_bound: 0
# volume: 729
# Bin widths for each
10	10	10	10	10	10	10	10	10	10	10	10	10	10	10	10	10	10	10	10	10	10	10	10	10	10	10	10	10	10	10	10	10	10	10	10	10	10	10	10	10	10	10	10	10	10	10	10	10	10	10	10	10	10	10	10	10	10	10	10	10	10	10	10	10	10	10	10	10	10	10	10	10	10	10	10	10	10	10	10	10	10	10	10	10	10	10	10	10	10	10	10	10	10	10	10	10	10	10	10	10	10	10	10	
# Bin lower bound for each
0	0	0	0	0	-10	-10	-10	-10	-10	-10	-10	-10	-20	-20	-20	-20	-20	-20	-20	-20	-20	-30	-30	-30	-30	-30	-30	-40	-40	-40	-50	-50	-50	-60	-60	-60	-60	-60	-60	-60	-60	-60	-70	-70	-70	-80	-80	-80	-80	-90	-90	-90	-90	-100	-100	-100	-110	-110	-110	-110	-110	-120	-120	-120	-120	-130	-140	-150	-150	-150	-160	-160	-160	-180	-180	-180	-180	-180	-180	-200	-200	-200	-200	-200	-200	-210	-210	-210	-210	-220	-220	-220	-220	-230	-240	-250	-250	-250	-250	-260	-260	-270	-270	
# Bin upper bound for each
0	0	0	0	0	0	0	0	0	0	0	0	0	0	0	0	0	0	0	0	0	0	0	0	0	0	0	0	0	0	0	0	0	0	0	0	0	0	-10	0	-10	-10	-10	-10	-10	-10	-10	-10	-10	-10	-10	-20	-20	-20	-20	-20	-20	-20	-30	-30	-30	-30	-30	-30	-30	-40	-40	-40	-40	-40	-50	-50	-50	-50	-50	-50	-50	-60	-60	-60	-60	-70	-70	-70	-70	-70	-70	-80	-80	-80	-80	-90	-90	-90	-90	-100	-100	-100	-100	-100	-100	-110	-110	-110	
# Normalized histogram for each
1	
1	
1	
1	
1	
3.75936588173035e-05	0.999962406341183	
8.64837439389309e-05	0.999913516256061	
0.000494574062465854	0.999505425937534	
0.00143141540879962	0.9985685845912	
0.00370454135544988	0.99629545864455	
0.0074561567083894	0.992543843291611	
0.0156455777735604	0.98435442222644	
0.0309050709404696	0.96909492905953	
2.8681318996498e-06	0.0559916709449634	0.944005460923137	
4.60459481004607e-05	0.0953554027725416	0.904598551279358	
7.48733632250837e-05	0.147794259516836	0.852130867119938	
0.000232252736854782	0.217156308959221	0.782611438303924	
0.000503474258448212	0.302170374544799	0.697326151196753	
0.000838591166839709	0.398470569443335	0.600690839389825	
0.00182077443984911	0.499517111303004	0.498662114257147	
0.00435036446701658	0.598301232272619	0.397348403260364	
0.00789945018918374	0.686633380924942	0.305467168885874	
8.55022401586922e-06	0.014709235381967	0.760975637561704	0.224306576832313	
3.71103061029326e-05	0.0265424327803898	0.815102181800535	0.158318275112972	
0.000269787492651841	0.0439838809072811	0.849424500680149	0.106321830919919	
0.000685385365742676	0.0705634095220219	0.861102816336629	0.067648388775606	
0.00127338343116877	0.106841438066741	0.850497361869304	0.0413878166327859	
0.00235974597861142	0.15642354736144	0.817684716303881	0.0235319903560683	
1.14377216058561e-05	0.00461226123756148	0.219118151664188	0.762770216172938	0.0134879332037058	
0.00012631808616616	0.00833699368696656	0.293586199174913	0.690443175521852	0.00750731353010246	
0.000201818092703699	0.0150239154439854	0.378184040801852	0.602553863807385	0.00403636185407399	
1.44513682555464e-05	0.000494236794339688	0.0262668069412812	0.46297559452929	0.508419367145681	0.00182954322115218	
2.8933343363559e-05	0.000685720237716349	0.040590587404737	0.539337773637095	0.418509238416536	0.00084774696055228	
5.49240891273429e-05	0.00135864852051848	0.0646514343859487	0.606922747823272	0.326656683972573	0.00035556120856122	
1.43962362479953e-05	8.63774174879719e-05	0.00271225090912232	0.0972149041354628	0.655126643690274	0.244678431270929	0.000166996340476746	
2.02202855682045e-05	0.000193537019009957	0.00558368742904846	0.140349002128907	0.678566786158926	0.17521455167294	7.22153056007302e-05	
2.57992019446865e-05	0.00028952437737926	0.0103454799798193	0.193382218043389	0.67617988350227	0.119751295693253	2.57992019446865e-05	
2.00223105746403e-05	0.000517719744858557	0.0179771745659449	0.254906896255828	0.648310975086525	0.0782643517061869	2.86033008209147e-06	
8.01639926249127e-05	0.000959104911762348	0.0286672163626161	0.325185236082958	0.59565282119994	0.0494554574500979	
9.6838783363097e-05	0.00181430308830273	0.0444376087656188	0.39616746273843	0.52769161974258	0.0297864704826844	5.69639902135865e-06	
0.000250518830190935	0.00341331906135149	0.0686421594723162	0.460319810061178	0.450646367049941	0.016727825525022	
0.000455057328583072	0.00542612662690195	0.102289975202256	0.515579953284621	0.367467433159855	0.00878145439778347	
0.000832106509633233	0.00958086271406376	0.143212513019848	0.555134329921503	0.286942910510727	0.00429727732422477	
5.82406094297371e-06	0.00140068665678518	0.0179148114605871	0.194115951229314	0.57180921541163	0.21242097477308	0.00233253640766097	
7.89880172252387e-05	0.00217363321475379	0.0307438915933346	0.249701600823816	0.562698932784123	0.153327443362666	0.00127551020408163	
0.00029166801698156	0.00393604515845822	0.048596605455665	0.314158861846583	0.526189725625834	0.106034581809933	0.000792512086545855	
5.87723628840774e-06	0.000611232573994405	0.00584197287067729	0.0728983003032654	0.373404330347697	0.478233655405882	0.0686431812304582	0.000361450031737076	
4.99873561393295e-05	0.000970342795645807	0.0104238339714072	0.104582370341619	0.427615367877537	0.413939415324359	0.0422540181013038	0.000164664231988379	
9.07709380737236e-05	0.00182713114058076	0.0175539281855475	0.145335984235138	0.467531821069984	0.342399690793192	0.0251933274576231	6.73461798611498e-05	
0.000184545622314202	0.00321050796914866	0.0279454799504363	0.191739972288864	0.491198931392968	0.271973378561657	0.0137208205542813	2.63636603306003e-05	
2.33001112580313e-05	0.000413576974830055	0.00536776313106895	0.0423333896419355	0.242399794959021	0.495858405223885	0.205868133020335	0.00772981190985187	5.82502781450781e-06	
5.5161201352901e-05	0.000696773069720855	0.00733063333768817	0.0647476375038105	0.292482108899824	0.478355034911234	0.151963303284995	0.00436934779137453	
0.000179939633155329	0.00170942651497562	0.0116960761550964	0.0938443231947992	0.343144880427212	0.441171348966798	0.106077315997214	0.00217668911074994	
0.000345671055907899	0.00327508678394094	0.0190558493108549	0.128642362280843	0.389000043941236	0.389635727154219	0.0689613756536259	0.00108388381937223	
2.93294696645295e-06	0.000598321181156402	0.0048129659719493	0.0312358851927239	0.170143186470902	0.422669920282501	0.327199563577491	0.0429207459070725	0.000416478469236319	
4.39376319959695e-05	0.000855319236188205	0.00783261519714815	0.0479125231038715	0.21449766105339	0.437117925675102	0.265910548839607	0.0257269481213733	0.000102521141323929	
3.80299324822429e-05	0.00168794392632724	0.0128950724909021	0.0688429539311249	0.263582536655004	0.434418844124083	0.204156379082367	0.0143548368223359	2.3403035373688e-05	
1.75428337524121e-05	8.47903631366587e-05	0.00304368165604351	0.0193760598795392	0.0975527746915385	0.308917607157476	0.414060581252558	0.149540962516812	0.00738260920414011	2.33904450032162e-05	
7.8762437901652e-05	0.000230453059045574	0.00548419937981873	0.0297867871634729	0.132767216156218	0.347812008646365	0.375399281803251	0.104602351788053	0.00383893956587311	
0.00011001705264316	0.000697739728605302	0.00817310893714842	0.0433409283702132	0.170685666804671	0.378082286965006	0.327474442749152	0.0696292135807366	0.00180659581182452	
0.000219417907388321	0.00150416749670151	0.0135201850039409	0.0609462108548348	0.21051704675045	0.394963781609892	0.273423583383135	0.0442473532714921	0.000658253722164962	
0.000352012095366424	0.00299498815565859	0.0196030342288483	0.0832393191739834	0.25062972655585	0.399158633385173	0.21677597315475	0.0269404666757074	0.000305846574662631	
1.15948414550367e-05	0.000860916978036472	0.0050466547433047	0.0290392804241393	0.112493151796766	0.292775544160403	0.379974549323006	0.162864041787809	0.0167864317165293	0.000147834228551717	
8.11907199007153e-05	0.00155422235238512	0.00833074779552697	0.0409781162013182	0.145870726975907	0.32772344121067	0.346956942821436	0.119741813510716	0.00869610603508019	6.66923770613019e-05	
0.000263827763958228	0.0032036228480642	0.0132957596210158	0.0575144525428938	0.183737192756623	0.351618626819977	0.30321927856153	0.0826157797994909	0.00450826563686863	2.31936495787453e-05	
0.000819762998057074	0.00448098208190628	0.0206224364173148	0.0770343833690217	0.224527542286351	0.360418575071036	0.256253245502973	0.0539001464487634	0.00194292582457655	
3.20857798740487e-05	0.00150219787592137	0.007003450679781	0.0311844611484959	0.104182527251036	0.260110666771675	0.358482750976429	0.203840959539832	0.032952095930648	0.000708804046308531	
5.84224762950802e-06	0.000111002704960652	0.00272832964298025	0.0103407783042292	0.0429200722101807	0.132925739190381	0.295334381043075	0.34075201411487	0.155447603802135	0.0190866230056027	0.000347613733955727	
2.93545233852811e-06	4.10963327393935e-05	0.000284738876837226	0.00377499170734714	0.0165148548565591	0.0611102467834781	0.166131925098998	0.319148249149453	0.309194130269504	0.113901421639568	0.00976918538262153	0.000126224450556709	
2.35503993264586e-05	0.00013247099621133	0.00094495977297415	0.00625851862100637	0.0254579816719017	0.0827884850322493	0.197702658545704	0.332661165685891	0.269834587882731	0.078776085747004	0.00538126624609579	3.82693989054952e-05	
1.46980145921889e-05	0.000420363217336602	0.00185488944153424	0.00894521168080616	0.0370272383606422	0.109482571094297	0.23458913170009	0.328815163647694	0.22502954300933	0.0511020571341223	0.00271913269955494	
5.91039253872046e-06	0.000106387065696968	0.000611725627757568	0.00286949557754878	0.0138657808958382	0.0517454866764976	0.137688504582032	0.263378912310461	0.315476067343013	0.180373359496671	0.032486472589077	0.00139189744286867	
7.3483592583448e-05	0.000182239309606951	0.000711321176207776	0.00533196947785498	0.0200257486508412	0.0675872691145521	0.167451471435458	0.287873443617509	0.293852068710098	0.137420196818454	0.0189381914806062	0.000552596616227529	
7.34719307835635e-05	0.00022041579235069	0.00117848976976836	0.00887540923865447	0.0283777985458435	0.0877989572863583	0.197410261383741	0.300573668835558	0.263579082247418	0.100262735624482	0.0114116602893031	0.000238049055738746	
6.4656629214804e-05	0	0.000158702635345428	0.000458474279886792	0.00265973861088171	0.0128372798368302	0.0417240984073897	0.111394555324033	0.226354042067954	0.304535662539418	0.224364381250753	0.0693530516459521	0.0059924939531357	0.00010286281920537	
3.22435029341588e-05	1.17249101578759e-05	0.000425027993223002	0.000876437034301225	0.0044320160396771	0.0177339266137873	0.0554588250467531	0.140004220967657	0.252451971836766	0.298308095464218	0.181756626039853	0.0455424822807295	0.00292829631192951	3.81059580130967e-05	
4.69886170075299e-05	7.92932912002067e-05	0.000452265438697476	0.00132155485333678	0.00656078564967637	0.0256146698462298	0.0717868596332538	0.168988687490455	0.276892172871122	0.275820245045638	0.143732305848908	0.0274501626980864	0.00124813513926251	5.87357712594124e-06	
5.55880631948508e-05	0.000131655939145699	0.000523698069046226	0.00264482153306027	0.00998244587478057	0.0355207723815097	0.0947513165593915	0.199148624926858	0.28888238736103	0.246299005266238	0.105637799882973	0.0158367466354593	0.000585137507314219	
6.40450877417702e-05	0.000227068947448094	0.000742340789734155	0.00419495324708595	0.0148264378122198	0.0494806525612213	0.118049652409842	0.228649696659175	0.288677410715325	0.210833517705556	0.0750608428333547	0.00907111333651618	0.000122267894779743	
3.49200621577106e-05	0.000407400725173291	0.00130368232055453	0.00623905110551097	0.0209985973775033	0.0666274785969119	0.14536057874183	0.248910203060161	0.280303338939943	0.173471228778787	0.0513412213873741	0.00497028884711415	3.20100569779014e-05	
3.48805776223654e-05	8.72014440559136e-06	6.39477256410033e-05	0.000456354223892614	0.00247942772598981	0.0096561065717915	0.0326365937953266	0.0832250582069639	0.172594911505068	0.264731957294546	0.262560641337554	0.136429565940279	0.0327615825318067	0.00235734570431153	2.90671480186379e-06	
4.9303086373207e-05	8.70054465409535e-06	0.000153709622222351	0.000519132497694356	0.00437347377945859	0.0150200402545199	0.044108861214712	0.10505617651665	0.196881724795972	0.273814840809035	0.235749957947367	0.102347406947675	0.0206927953689901	0.00122387661467608	
2.8857197273572e-05	2.59714775462148e-05	0.000253943336007434	0.00116583076985231	0.00664292681237628	0.0220815273537373	0.0589639111890897	0.126925496488079	0.22179064680522	0.274284774365575	0.200245863320771	0.0742524543046281	0.0127491097554641	0.000588686824380869	
6.33969223675869e-05	1.44083914471788e-05	0.000579217336176589	0.00217278543023457	0.00989856492421186	0.0310990720995908	0.0740331969338943	0.151285228517088	0.237698115382399	0.266578295199124	0.166460146389257	0.0524350181545732	0.00748083683937525	0.000201717480260504	
9.88705493712996e-05	9.30546347023996e-05	0.000933454304358446	0.00366693419874144	0.0149614404857452	0.039975689476684	0.0949535308417955	0.1747391562271	0.250569959637552	0.245923043817101	0.133989950099452	0.0359161810377918	0.00409149596957113	8.72387200334997e-05	
9.87688750225135e-05	0.000392170533177627	0.00176621988275554	0.00616433978816981	0.0206659346150047	0.0530650305893016	0.118214723534299	0.199306874894695	0.258248653547836	0.215063415427698	0.101848139949686	0.0228969492037486	0.00223391955565626	3.48596029491224e-05	
1.74159896200702e-05	6.3858628606924e-05	0.000859188821256796	0.00319873676021956	0.00875443744902195	0.029105021320074	0.0680094394663741	0.14133946376168	0.22166491055438	0.254177660510114	0.181857763612773	0.0760991666448967	0.0138137824336523	0.0010333487174575	5.80532987335673e-06	
5.23866483895471e-05	0.000125145882263918	0.00117287885005486	0.00457219025666547	0.0129656954764129	0.0381141970727505	0.0887371616331829	0.166522603383595	0.23945936978862	0.235469253402949	0.150760042957052	0.0534256502492731	0.00817231714876935	0.0004511072500211	
8.0975874973249e-05	0.000364391437379621	0.00203018086540074	0.00665737372101497	0.0184653914894355	0.0507574136305534	0.110769212972335	0.189393895575825	0.2465512953248	0.214591852670179	0.120876737366318	0.0354095933275879	0.0039186539495983	0.000133031794598909	
0.000202132789692383	0.000727678042892578	0.0030117785664165	0.00864262056499002	0.0270713557623727	0.0633570791234367	0.133788805886107	0.212906467382987	0.24544984652346	0.187579228834531	0.0937867268059843	0.0212788075320453	0.0021628208497085	3.4651335375837e-05	
8.07358496006459e-05	0.000371961592802976	0.00119085378160953	0.00433666849283469	0.0137222110089098	0.0357025460626856	0.0815662754822525	0.154046884461232	0.228900550733831	0.235483405899484	0.160456734234884	0.0691416049133531	0.0137942965889104	0.0011995040512096	5.76684640004613e-06	
0.00029102854096731	0.000507138843665807	0.00199685919693411	0.00633059113371465	0.0196948522525897	0.049431629903903	0.100981140774251	0.175824460804795	0.236611966747828	0.21902058810817	0.132417986140126	0.0477863101326917	0.00843406474664669	0.000671382673716665	
0.000307195194101852	0.000742388385746143	0.00285293314522368	0.00960553861557366	0.0288336822463933	0.0620704956082465	0.122949187639376	0.197791039002412	0.2388072862149	0.194346470668548	0.104196058799436	0.0327134437719019	0.00457095071223775	0.000213329995904064	
0.000376278491693367	0.00118014617849283	0.00435855919544817	0.0155100854038152	0.0393182517873228	0.0794147159097388	0.145445890012657	0.214438831940343	0.23096657962851	0.167241536584532	0.0773622877732295	0.0217956465718749	0.00247146554771325	0.000119724974629708	
5.67456376791034e-05	0.000879557384026103	0.00190665342601787	0.00652574833309689	0.0221932188962973	0.0489629734714144	0.0995006383884239	0.167674847496099	0.225742658533125	0.215502908213931	0.139889346006526	0.0575712867073344	0.0121208682082565	0.00139594268690594	7.66066108667896e-05	
4.00320256204964e-05	0.000142971520073201	0.00098650348850509	0.00286514926226696	0.00901864348621755	0.0302156010522704	0.0618237447100538	0.123661786572115	0.185308246597278	0.228820199016356	0.197395058904266	0.111981013382134	0.0397174882763354	0.00735731442296694	0.000666247283541119	
3.40935242191873e-05	6.81870484383745e-05	0.000281271574808295	0.00155693760600955	0.00532711315924801	0.0144357663798075	0.0378921110426084	0.0798896506266106	0.142394445028454	0.199518144857702	0.225230344373006	0.172979177380083	0.0897284734908644	0.0262747426649203	0.00405428825506502	0.000335252988155341	
5.64874414295842e-05	3.10680927862713e-05	0.000593118135010634	0.0027707090021211	0.00820762523971858	0.0203326545425788	0.0481385975862916	0.0987033307819839	0.162861766757706	0.210418543697273	0.217341079644468	0.14358542736986	0.0679995819929334	0.016838906290159	0.00193751924103474	0.000183584184646149	
0.000167713478293683	0.0002292084203347	0.00142276934085808	0.00396083331236915	0.0117371482559196	0.0277873281286251	0.0631385341282952	0.116711809544574	0.176999214541877	0.219819260774892	0.202013679829379	0.115509862950136	0.0491009159951139	0.0103982356542084	0.000891676659594748	0.000111808985529122	
0.000215831518596099	0.000409526471182342	0.00158276446970473	0.00636702979858492	0.0156422509567147	0.0380914959614602	0.0789417614618988	0.134997080740357	0.191918493163952	0.222909685577751	0.177488219196277	0.0923841911713841	0.0325933263787622	0.00588279241711931	0.000558948291748872	1.66024245073922e-05	
0.000116241416816812	0.000390239042170725	0.000547995250707827	0.00229715180852271	0.00744498598183866	0.0195008814974109	0.0506591165098791	0.100230545476687	0.157410251939433	0.20714497242034	0.209652465840246	0.149824115665745	0.0691747136171284	0.0221550605147281	0.00308870050398957	0.000359794861575846	2.76765278135266e-06	
0.000268494273044836	0.000572972314642072	0.000841466587686908	0.00369248824991558	0.011202023948582	0.0260799282539015	0.0635279593881652	0.12003354794422	0.176079651455682	0.207238827039864	0.197260251222064	0.126709921001788	0.0502084290593843	0.0144959227622248	0.0014587266174704	0.000329389881364283	
1.39317289554268e-05	0.000423524560244976	0.000576773578754671	0.00135416405446749	0.00552811004951336	0.0161858827004149	0.0352249834909012	0.0788312951213872	0.141599306757167	0.185687656209511	0.208727949555996	0.178950272086667	0.101395123337596	0.0361221868356307	0.00846491851331734	0.000796894896250415	0.000117026523225585	
1.12103224649257e-05	0.000681027089744237	0.000664211606046848	0.0014713548235215	0.00725588121542316	0.0235640978212738	0.0453709775961706	0.0998335267113959	0.165733407321462	0.188650109020386	0.200933819861328	0.159102501583458	0.0756192301871563	0.0254446294147651	0.00519598446249306	0.00043159741489964	3.64335480110085e-05	
