# <P(U)> as a function of N_tot.
# number_of_species: 1
# species_total_upper_bound: 103
# species_total_lower_bound: 0
# volume: 729
# Bin widths for each
10	10	10	10	10	10	10	10	10	10	10	10	10	10	10	10	10	10	10	10	10	10	10	10	10	10	10	10	10	10	10	10	10	10	10	10	10	10	10	10	10	10	10	10	10	10	10	10	10	10	10	10	10	10	10	10	10	10	10	10	10	10	10	10	10	10	10	10	10	10	10	10	10	10	10	10	10	10	10	10	10	10	10	10	10	10	10	10	10	10	10	10	10	10	10	10	10	10	10	10	10	10	10	10	
# Bin lower bound for each
0	0	0	0	-10	-10	-10	-10	-10	-10	-10	-10	-10	-20	-20	-20	-20	-30	-30	-30	-30	-30	-30	-30	-30	-30	-30	-40	-40	-40	-40	-50	-50	-50	-60	-60	-60	-60	-60	-60	-60	-70	-70	-70	-80	-80	-80	-80	-90	-90	-90	-90	-90	-100	-110	-110	-110	-120	-120	-120	-120	-120	-120	-130	-130	-130	-130	-140	-150	-150	-160	-160	-160	-160	-180	-180	-180	-180	-190	-190	-200	-200	-200	-200	-200	-210	-210	-220	-220	-220	-220	-250	-250	-250	-250	-250	-260	-260	-260	-260	-270	-270	-270	-270	
# Bin upper bound for each
0	0	0	0	0	0	0	0	0	0	0	0	0	0	0	0	0	0	0	0	0	0	0	0	0	0	0	0	0	0	0	0	0	0	0	0	0	0	-10	0	-10	-10	-10	-10	-10	-10	-10	-10	-10	-10	-10	-20	-20	-20	-20	-20	-20	-20	-30	-30	-30	-30	-30	-30	-30	-30	-30	-30	-40	-40	-40	-40	-40	-50	-50	-50	-50	-50	-60	-60	-60	-70	-70	-70	-70	-70	-70	-80	-80	-80	-80	-80	-90	-90	-90	-90	-90	-100	-100	-100	-100	-110	-110	-110	
# Normalized histogram for each
1	
1	
1	
1	
3.30237903385599e-06	0.999996697620966	
2.96474669121916e-05	0.999970352533088	
0.000115952135616302	0.999884047864384	
0.000515595529309053	0.999484404470691	
0.00152359849105308	0.998476401508947	
0.00369441596356644	0.996305584036434	
0.00779271558031686	0.992207284419683	
0.0163500482557804	0.98364995174422	
0.0314100633960054	0.968589936603995	
8.22417793173439e-06	0.0564375986387341	0.943554177183334	
3.87102406706261e-05	0.0944398092820568	0.905521480477273	
8.67496158231299e-05	0.146139229002462	0.853774021381715	
0.000235391286392732	0.214634730538922	0.785129878174685	
8.24057875232693e-07	0.000490314435763452	0.300575109991125	0.698933751515236	
3.29489020190263e-06	0.000986819615469839	0.39663970622759	0.602370179266739	
4.94069112034288e-06	0.00192028194877327	0.49712245914666	0.500952318213446	
1.64290748623654e-05	0.00401608735010523	0.595843936932067	0.400123546642965	
2.21700723729696e-05	0.00764374828592496	0.685882097912893	0.306451983728809	
5.50596081892538e-05	0.0142604385210167	0.761899244204154	0.22378525766664	
0.000110972920141421	0.0257514716242243	0.81680261534402	0.157334940111614	
0.000254540886245678	0.0437917067294863	0.849843867904775	0.106109884479493	
0.000576787981118821	0.0704330428852545	0.861353151176787	0.0676370179568395	
0.00124318819317004	0.10670506553907	0.851100633202675	0.0409511130650846	
2.47770069375619e-06	0.00249091509745623	0.157568549719194	0.816592335645854	0.0233457218368021	
3.4746897805237e-05	0.00474543347168666	0.22230155177991	0.759879080795638	0.0130391870549605	
8.44433774039457e-05	0.00866041344139878	0.296493944085238	0.687719283721469	0.00704191537448982	
0.000213721234612899	0.015157640119949	0.379294719925777	0.601603737636475	0.00373018108318561	
8.31804199945766e-06	0.000474960198169033	0.025705245190924	0.463533703874378	0.508466103147048	0.00181166954748188	
2.65829966846019e-05	0.000824072897222658	0.0406794613952584	0.54174901165249	0.415901782473	0.000819088585344296	
2.15744001486974e-05	0.00168944148856723	0.06372165040842	0.609127464875217	0.325063976394287	0.000375892433359997	
4.15949154375369e-06	6.65518647000591e-05	0.00340662357433427	0.0968945236134335	0.656975883268029	0.242490038017753	0.000162220170206394	
5.85509966634296e-06	0.000162269905038648	0.00632518052526936	0.139686785625563	0.679848168901224	0.173909843175338	6.18967679013399e-05	
7.5186399615714e-06	0.000344186629351935	0.0109621770639711	0.192169754182243	0.676942419748961	0.119546375388985	2.75683465257618e-05	
1.25558000681361e-05	0.000688894897071736	0.0184059658465497	0.255391669812592	0.647957129476247	0.0775404359541194	3.34821335150297e-06	
7.11377435944646e-05	0.00123193833613002	0.0299707498336632	0.326031811125106	0.594327392634314	0.0483669703271918	
8.13533848459611e-05	0.00234582904550674	0.0468251631890191	0.396890455570568	0.524976747189744	0.0288787742309379	1.67738937826724e-06	
0.000187168187478448	0.00424416511606535	0.0713304707279915	0.460947189062633	0.447301616475522	0.0159893904303098	
5.07042824836986e-06	0.000342253906764965	0.00703437412323845	0.10413814550777	0.51684142742696	0.363018155513415	0.00862057309360349	
2.0315396531146e-05	0.000708499454023718	0.0121181340308286	0.144473788906101	0.554594242278033	0.283694354859189	0.00439066507529394	
7.47800785870644e-05	0.00141572285143238	0.020358026621708	0.195322166174931	0.569763015132769	0.210906164597751	0.00216012454282179	
8.49616228349654e-07	0.000152930921102938	0.00247238322449749	0.0328877945831868	0.252752331771739	0.560044078089927	0.150650551146047	0.00103908064727163	
3.39510442916836e-06	0.000331871457951207	0.00426170483471358	0.0507092797540586	0.317005144431986	0.525366098354478	0.101795416099755	0.000527089962628388	
6.78717868011433e-06	0.000599816915855104	0.0072368292676719	0.07509419331412	0.375856138960696	0.474660492596461	0.0663455199954526	0.000200221771063373	
4.8452701238094e-05	0.000936752223936484	0.0123052860196956	0.106566191065152	0.427227017906248	0.412726059477816	0.0401069359616799	8.3304644233916e-05	
2.54924504108108e-06	9.2622569825946e-05	0.00189153982048216	0.0194736828688184	0.146284177940703	0.466182989907539	0.342298178394468	0.0237343210808119	3.99381723102703e-05	
9.36954064549321e-06	0.000247015162472094	0.00350080109572519	0.0309578140691319	0.193209297650715	0.4887791233006	0.270344466902949	0.012928262537936	2.38497398248918e-05	
7.74155128777728e-05	0.000509581233118527	0.00581892426465897	0.0467572683383313	0.244653437971884	0.49028945745337	0.204856760033178	0.00703120015312959	5.95503945213637e-06	
0.000103231222581873	0.000994773599425318	0.0091525996351928	0.0683424819515991	0.296876786284068	0.472574620817216	0.148218706862573	0.00373679962734382	
0.000177153651835159	0.00192739766395656	0.0146492442863689	0.0970733876036732	0.347956174911977	0.434794680620924	0.101681085951886	0.00174087530938012	
5.13001597999978e-06	0.000329176025383319	0.00317547989161986	0.0228225860923557	0.131517364676591	0.39202727116495	0.383096768346433	0.0662225212831538	0.000803702503533298	
1.45452180884332e-05	2.39568297927135e-05	0.000552718287360462	0.0048315792085519	0.0346270306621753	0.17323782543856	0.422089394910372	0.323406934988864	0.0408754852327534	0.000340529223482142	
1.79851648083424e-05	8.65000783639324e-05	0.000919812714483796	0.00793916560825399	0.050617105262031	0.218140351087546	0.436921316616836	0.260642721275337	0.0246054183306513	0.000109623861688944	
4.96014777819587e-05	0.00016077720384497	0.00170526459822803	0.0125936441692608	0.0723942120206616	0.26583056819348	0.433223582937092	0.200275373721479	0.0137276365751035	3.933910306845e-05	
2.56138137004874e-06	7.08648845713486e-05	0.000256138137004874	0.00280471260020337	0.0193264762308078	0.1009115956296	0.311920754275586	0.411053043646792	0.146536628180489	0.00710271053914516	1.45144944302762e-05	
8.55174489802899e-06	0.000128276173470435	0.000491725331636667	0.00504210879187789	0.0299738658675916	0.134783196163345	0.349496131190608	0.373931031887746	0.102691918259002	0.00345319458982411	
6.82995961786376e-06	0.000171602735398827	0.000820448899095884	0.00807984222793283	0.0429647147211242	0.173330715182146	0.377239159573469	0.327254100110133	0.0685471822147852	0.00158540437629663	
9.37738430652112e-06	0.000300076297808676	0.00150293895749061	0.0125648424812559	0.0612709765693266	0.213657733997707	0.393543244660219	0.272578397064026	0.0439330454760514	0.000639367111808258	
2.97614745365076e-05	0.000465129330613418	0.00290386958691924	0.0191332268155988	0.084986866686451	0.254862812357304	0.395213674632254	0.215632937278968	0.0264834606982722	0.000288261139082173	
5.96711098911684e-05	0.000832838205195308	0.00503709411924163	0.0286787878581226	0.114517384325422	0.295510942402887	0.377289346064307	0.162162208240239	0.015779598788506	0.000132128886187587	
6.78571640625066e-06	0.000140803615429701	0.00137750043046888	0.00826160972461018	0.041959477398051	0.148340001713393	0.330559389014095	0.343128232227573	0.117763563586828	0.00841937763105551	4.3258942089848e-05	
1.0992095837547e-05	0.000311160866785945	0.00241995217592765	0.013196433825892	0.0587104749600057	0.18635745619227	0.352187596180839	0.299924408202471	0.082592071485827	0.00427677082663943	1.26831875048619e-05	
3.13409788380629e-05	0.000765736347827266	0.00388543432243768	0.0204250006141138	0.0795459454514499	0.225346720166565	0.359481027272581	0.253834822876882	0.0546391848634931	0.00204055183840252	4.23526741054903e-06	
7.30006935065883e-05	0.00129279135128528	0.00618214012568003	0.0304361961206073	0.106183752931699	0.261805952272826	0.356648283507531	0.202733112011076	0.0338120537726504	0.00082337991513245	9.33729800665664e-06	
6.79236504207446e-06	0.000163016761009787	0.00226355565027131	0.00983279744403304	0.0430016140357431	0.136636064232	0.293884409229805	0.338410060171864	0.155489122451908	0.0199321952159675	0.000378674351095651	1.69809126051861e-06	
4.26930794518209e-06	1.96388165478376e-05	0.000389360884600606	0.00345557785083038	0.0157195918541604	0.0604764547666823	0.171233403065363	0.317912308414806	0.306200742859582	0.113421850318063	0.010996029543611	0.000170772317807283	
1.02613304327973e-05	8.12355325929783e-05	0.0007482220107248	0.00557275753587831	0.0235617248954413	0.0824420940297014	0.205019671825551	0.330860352699029	0.266058340794176	0.0795424130715668	0.00605076451187279	5.21617630333861e-05	
5.10613962228183e-06	3.14878610040713e-05	0.000209351724513555	0.00156162770114786	0.00841406707425008	0.0349940768780382	0.108086763524462	0.240555343745319	0.330286386350948	0.220580976566223	0.0522672961969472	0.00298879372557563	1.87225119483667e-05	
2.64576229959417e-05	8.10798124069182e-05	0.000419054609387335	0.00256468248718726	0.0128814485121854	0.048190426607834	0.137791300562865	0.268760801751324	0.318718768269629	0.176047316471577	0.0331855404822969	0.00132117420637799	1.19486039336511e-05	
3.84955922546868e-05	0.000100943997467845	0.000757079981008841	0.00461433832492846	0.019090391927902	0.0654827133404336	0.16817868798467	0.291501456416574	0.297249276069001	0.132848288870924	0.019623342016228	0.000511563648184505	3.42183042263883e-06	
7.01730364386328e-05	0.000182278740993034	0.00138035497287213	0.00740924572543516	0.0274145514916049	0.0863265271193113	0.198550327759426	0.306087083026683	0.263725674773649	0.0967951460797234	0.0118541085457066	0.000204528728156503	
1.87707064355367e-05	0	0.000126275661475429	0.000458175879812873	0.00249991681164193	0.0110969003591177	0.0389756654855342	0.111992007091914	0.227692935132705	0.30849314741233	0.22478859491877	0.0676069652972299	0.00616703027800269	8.36149650310271e-05	
9.37631321659539e-06	4.26196055299791e-06	0.000218212380313493	0.000766300507429023	0.00401902880147703	0.0160582149715855	0.0535089147428887	0.139842597272857	0.255917945325865	0.298210232285374	0.183260041818357	0.04516570076434	0.00297996281865614	3.92100370875807e-05	
1.367393977826e-05	2.47840158480962e-05	0.000299117432649437	0.00131098897624068	0.0063523996482379	0.0234841369479254	0.0705276175125565	0.170074753719525	0.277083587939243	0.277644219470152	0.143758401995028	0.0280973823806158	0.00132380829478279	5.12772741684749e-06	
2.64977194865939e-05	5.04311435390012e-05	0.000465847003877215	0.00229675394388638	0.00975201553621127	0.0340358932979575	0.0921000895793872	0.199813319292391	0.287589152004595	0.249705960790213	0.106720847379974	0.01680126368479	0.000639364328257168	2.5642954341865e-06	
1.70694196226634e-06	4.18200780755254e-05	9.21748659623824e-05	0.000844936271321839	0.00373905636834442	0.0149758553059437	0.0486427250987039	0.117649267807245	0.227352720780141	0.287526692304935	0.212806161377707	0.0762857967066262	0.00979101909555973	0.000250066997472019	
1.283746485744e-05	6.16198313157118e-05	0.000204543606728543	0.00137275290875558	0.00598910527149099	0.0218416627084483	0.0646323564022577	0.145467305116586	0.248093422510923	0.278801494280909	0.175595979306007	0.0526027959998459	0.00524881146471195	7.53131271636477e-05	
1.0240157288816e-05	1.28001966110199e-05	0.000101548226447425	0.000386565937652802	0.00231512889371314	0.00922723506366391	0.0315584580712493	0.0841962799215263	0.173410236914572	0.263439993104961	0.259662228411828	0.138887253308211	0.0341867651087121	0.00259673321915558	8.53346440734663e-06	
1.45429783506381e-05	5.9882852032039e-06	0.00014286337556215	0.000680953574535758	0.00385645567086331	0.0135574777000536	0.0442474393664736	0.106408406183674	0.198246458998639	0.270860405372689	0.233779232455821	0.10577450342145	0.0211574670922341	0.00126780552444974	
8.54514614336192e-06	1.45267484437153e-05	0.000208501565898031	0.00117239405086925	0.0058978598681484	0.0198572106079444	0.059578467940748	0.130574105643642	0.222201144195069	0.270540181413453	0.200438365997154	0.0764465864277444	0.0124989852638955	0.00056312513084755	
1.87851474377913e-05	2.64699804805241e-05	0.000505491240144202	0.00202623431226721	0.00861982106293195	0.0286943127112262	0.077195001784589	0.156670691242193	0.240298752153888	0.259375069376965	0.16607607301616	0.0529331299983435	0.00726387496605865	0.000296293007314253	
3.00970673417582e-05	0.000118668436947504	0.00082551956137394	0.00353339570592242	0.0132676472004568	0.0390057992749187	0.0975428754222189	0.181640960904769	0.254358915267296	0.238701560919904	0.132222436245812	0.0347896300984432	0.00381802797135447	0.000144465923240439	
8.60791135917199e-06	3.4431645436688e-05	0.000376165726395816	0.00146850967787474	0.00552972225713208	0.0191448556539344	0.0524350920443962	0.120676030926504	0.205548315345668	0.258461146470498	0.212194483706085	0.0998956721143268	0.0223228965277407	0.00186103043585298	4.30395567958599e-05	
1.98095356214208e-05	4.39254920301071e-05	0.000602898910217156	0.00250030790908629	0.00815119326613594	0.0274904677375874	0.0688234944537607	0.146147863541583	0.226019911167152	0.253014279230046	0.180736174020741	0.0723633723408928	0.0132732501505094	0.000799271698116458	1.37805465192493e-05	
3.43587118231763e-06	3.26407762320175e-05	0.000164062848955667	0.0011054915529107	0.00381467598016815	0.0119894724906974	0.0370008967623786	0.0888447570323693	0.170603029751209	0.24194202310967	0.237205674684845	0.149340140939436	0.0500288613179315	0.00750136575879497	0.000423471123220648	
9.43746691524383e-06	3.00283038212304e-05	0.000282266055919565	0.00180856184157582	0.00575342301214774	0.0174936318547111	0.0497706266563827	0.110024563152526	0.193746906012267	0.249187734381636	0.217344005106528	0.117819052872979	0.0327514420020471	0.00382903771297574	0.000149283567568402	
4.21069999020368e-05	9.62445712046555e-05	0.000537079080383122	0.00270344125901648	0.00816961730752375	0.0249651543092647	0.0648886055020959	0.133394975689653	0.21505419772416	0.247635563056521	0.190836657494788	0.0897025183423247	0.0200059809126391	0.00189309634253443	7.47614079893306e-05	
7.03053997976576e-05	0.000238352452972547	0.000908825899823379	0.00395939434470223	0.0120530891506765	0.0342130082137284	0.0813913610096541	0.157452372378552	0.232099559305177	0.238672256803334	0.16145034895485	0.0644306119999314	0.0120916713822727	0.000959411492360718	9.43121216797846e-06	
5.13713144292604e-06	0	0	0.000102742628858521	0.000384428669645632	0.00154713275289456	0.00600616284535436	0.0176143675292196	0.0465141566499738	0.101939523976277	0.17886036163693	0.241367264657306	0.221043916480517	0.131956639185867	0.0449259268455359	0.00726390386029742	0.00046747896130627	8.56188573821007e-07	
1.54053797297725e-05	0	1.62612341592043e-05	0.00017545015803352	0.000602521518319992	0.00253932009212417	0.00879818353455897	0.0254034711743949	0.0622017882222449	0.125025782614687	0.199223226519848	0.242854685332281	0.196136159592887	0.102723927892553	0.0302287784475314	0.00390098448935018	0.000154053797297725	
2.30980271718348e-05	0	2.48089921475262e-05	0.000284875668452629	0.000999203545803816	0.00396345036618928	0.0136389573037245	0.0346786936098025	0.0794999875955039	0.149137973071122	0.215647459088689	0.234428721626854	0.168620731249321	0.077847195428986	0.0192209805369179	0.00191628077277444	6.75831165398129e-05	
1.54078720530305e-05	2.56797867550508e-06	4.27996445917513e-05	0.000456244211348069	0.00173680957753327	0.00619310857242641	0.019628773002669	0.0457596680117168	0.098828659326813	0.172227481822991	0.226591590383433	0.218777231273871	0.140076388805667	0.0573395398524611	0.0112058029470123	0.00109053494419782	2.73917725387208e-05	
2.14615302071038e-05	3.94892155810709e-05	7.9836892370426e-05	0.000644704367421397	0.00282433737525486	0.00986543620560146	0.0270732911256573	0.0581513037879601	0.121429337911793	0.192536538255178	0.229858997746539	0.198928640412061	0.112231784526237	0.0393321171799549	0.00649683442429445	0.000480738276639124	5.1507672497049e-06	
9.41543017816562e-06	3.33819797225872e-05	7.36115450292948e-05	0.000178893173385147	0.00118292040965681	0.00477276715213195	0.0146272987558793	0.0350733333618649	0.0767708498281684	0.142079697336717	0.207618794910532	0.226190302962865	0.17416577148751	0.0876576549587219	0.0255996987062343	0.00373193414334564	0.00023196196166208	1.71189639603011e-06	
6.83346003707152e-06	5.03967677734025e-05	7.43138779031528e-05	0.000419403609775265	0.00198597432327391	0.0072759265744719	0.0205772565366316	0.0454980311093268	0.09684977492291	0.164481383092312	0.217552596287723	0.217269861878689	0.145390404113743	0.0644497783396401	0.0160441099845393	0.00194668192806075	0.000127273193190457	
5.08984855155635e-06	0.000111128360042314	0.00014421237562743	0.00100948662939201	0.00315994764242457	0.0107234625900373	0.0277048939742131	0.0595673459069559	0.117717168992303	0.18156592583921	0.223435868332404	0.200229552169675	0.117967419879421	0.0461157244932844	0.00945015214405629	0.00102984602359823	6.27747988025283e-05	
2.71934953159204e-05	0.00013511767985098	0.000263436985872979	0.00142595891062858	0.00568174092757013	0.015454403306729	0.0372967286225135	0.076421370008294	0.138999551307327	0.19848702190436	0.221031279317987	0.176095727901886	0.0916361306375515	0.0311815913633459	0.00528913483894652	0.000549818483418766	2.37943084014304e-05	
6.79143667749335e-06	8.23461697146069e-05	0.000202045241155427	0.000384565101863061	0.00249160833105537	0.00766838093847468	0.0205305130760624	0.048424641369697	0.0961947580296005	0.161395945851875	0.210153367618769	0.210981073963839	0.149845409922629	0.0682853490034416	0.0202478195243617	0.00285325233413189	0.000251283157067254	8.48929584686669e-07	
4.22734313175107e-05	0.000181775754665296	0.000382151819110296	0.000823486442065108	0.00396609332620885	0.0108642718486002	0.0280340487125204	0.0614334413278592	0.115359121253729	0.180120327094902	0.213846070600012	0.197033926965038	0.124616157243637	0.0488418770756255	0.0127682671951409	0.00154044383721009	0.000146266072358587	
6.34171708331748e-05	0.000214772818555019	0.000489580558832109	0.00152285766227397	0.00584790871309649	0.0149013440212405	0.0368073259515746	0.0775439798079728	0.13752393998199	0.193605012493183	0.215814551281238	0.175308735926673	0.0984555804996427	0.0333692697301388	0.00763627293059202	0.000849790089164542	4.56603629998858e-05	
7.52742010785355e-05	0.000408510551920592	0.000651248705960364	0.0024053913243523	0.00799513508758872	0.0207122461821602	0.0485975316828267	0.0965066004479238	0.160398327390336	0.200892464460428	0.20687126589216	0.152845533956277	0.0735970242163025	0.0230880352926052	0.00446993430000068	0.000474481200056836	1.09951080227074e-05	
