# <P(U)> as a function of N_tot.
# number_of_species: 1
# species_total_upper_bound: 103
# species_total_lower_bound: 0
# volume: 729
# Bin widths for each
10	10	10	10	10	10	10	10	10	10	10	10	10	10	10	10	10	10	10	10	10	10	10	10	10	10	10	10	10	10	10	10	10	10	10	10	10	10	10	10	10	10	10	10	10	10	10	10	10	10	10	10	10	10	10	10	10	10	10	10	10	10	10	10	10	10	10	10	10	10	10	10	10	10	10	10	10	10	10	10	10	10	10	10	10	10	10	10	10	10	10	10	10	10	10	10	10	10	10	10	10	10	10	10	
# Bin lower bound for each
0	0	0	0	-10	-10	-10	-10	-10	-10	-10	-10	-10	-20	-20	-20	-20	-30	-30	-30	-30	-30	-30	-30	-30	-30	-30	-40	-40	-40	-40	-50	-50	-50	-60	-60	-60	-60	-60	-60	-60	-70	-70	-70	-70	-70	-80	-80	-90	-90	-90	-90	-90	-100	-110	-110	-110	-120	-120	-120	-120	-120	-120	-130	-130	-130	-130	-140	-150	-150	-150	-160	-160	-160	-180	-180	-180	-180	-180	-180	-200	-200	-200	-200	-200	-210	-210	-220	-220	-220	-220	-250	-250	-250	-250	-250	-260	-260	-260	-260	-270	-270	-270	-270	
# Bin upper bound for each
0	0	0	0	0	0	0	0	0	0	0	0	0	0	0	0	0	0	0	0	0	0	0	0	0	0	0	0	0	0	0	0	0	0	0	0	0	0	-10	0	-10	-10	-10	-10	-10	-10	-10	-10	-10	-10	-10	-20	-20	-20	-20	-20	-20	-20	-30	-30	-30	-30	-30	-30	-30	-30	-30	-40	-40	-40	-40	-40	-50	-50	-50	-50	-50	-60	-60	-60	-60	-70	-70	-70	-70	-70	-70	-80	-80	-80	-80	-90	-90	-90	-90	-100	-100	-100	-100	-100	-100	-110	-110	-110	
# Normalized histogram for each
1	
1	
1	
1	
1.5299666926251e-06	0.999998470033307	
2.59294566253575e-05	0.999974070543375	
7.61702801847586e-05	0.999923829719815	
0.000402231776919819	0.99959776822308	
0.00133296568870148	0.998667034311299	
0.00343300464787725	0.996566995352123	
0.00740675129198177	0.992593248708018	
0.0157838264758689	0.984216173524131	
0.0311678907939922	0.968832109206008	
6.11609572913035e-06	0.0567329039834132	0.943260979920858	
4.44977735769152e-05	0.0956610067544551	0.904294495471968	
6.15677298900554e-05	0.147914931867611	0.852023500402499	
0.000216797334469085	0.216960316862374	0.782822885803157	
1.52854714650819e-06	0.000464678332538489	0.302652335008621	0.696881458111694	
6.10463341676332e-06	0.000883645687076491	0.398406690678225	0.600703559001282	
9.13543742758263e-06	0.00181947462099354	0.497188569131661	0.500982820809917	
3.0353988210511e-05	0.00396423086029273	0.595047443283573	0.400957971867924	
3.65252328483594e-05	0.00747854142570159	0.685529920253242	0.306955013088208	
7.47214339195662e-05	0.0142336706980659	0.761467833947625	0.22422377392039	
0.000123765401916683	0.0256469416194015	0.816796645804811	0.157432647173871	
0.000280683341901294	0.0437515159188642	0.850066280930465	0.105901519808769	
0.000611462787139103	0.0710107021274319	0.860875400699208	0.0675024343862213	
0.00126789987581949	0.107653295388436	0.849712420046326	0.0413663846894183	
3.07478491879493e-06	0.00259050629408473	0.158492863424203	0.815303819497826	0.0236097359989669	
4.0112190711868e-05	0.00495385555291569	0.222656599535316	0.758831624451157	0.0135178082698995	
0.000105339471939424	0.00869050643500245	0.295828866733175	0.687990680554953	0.00738460680492989	
0.000212926669298461	0.0154177559083265	0.37771947766135	0.602804726039533	0.00384511372149192	
1.56120956272081e-05	0.000482413754880731	0.0262876466170931	0.462021235572472	0.509332130161164	0.00186096179876321	
4.99869565285308e-05	0.000795105027281944	0.0409627487827395	0.53944361393199	0.417819100328508	0.00092944497295237	
3.74244493927883e-05	0.00170281244737187	0.0649782002582287	0.606611340855648	0.326247637581632	0.000422584407726901	
7.8215803659561e-06	9.54232804646644e-05	0.00331322144301901	0.0980153521979423	0.654309612565838	0.24407710826788	0.000181460664490182	
1.10014459043189e-05	0.000221600553215565	0.00633054630037091	0.140699063305463	0.677784937448922	0.174878984095052	7.38668510718552e-05	
1.40968169387352e-05	0.000332058354556874	0.010975155143302	0.193151453068564	0.67606767725181	0.119443896234897	1.5663129931928e-05	
1.41007040951578e-05	0.000581262357700395	0.01846252189526	0.255744470173877	0.647316322661712	0.0778797554624561	1.56674489946198e-06	
7.52430114134243e-05	0.00101891577955679	0.0296535843105781	0.326169049100768	0.594335141778212	0.0487480660194723	
9.09065261481651e-05	0.00206420508512299	0.046757301518139	0.397540508261522	0.524330034575827	0.0292139093254422	3.13470779821259e-06	
0.000207937870684698	0.00376651097581147	0.0714298091539922	0.461267633367727	0.447201896645427	0.016126211986358	
9.52179936616555e-06	0.00038880680745176	0.00649069323460285	0.104679488298502	0.515467369587055	0.364580175931113	0.00838394434190877	
3.18931452063008e-05	0.000688891936456098	0.0115341559638587	0.14481879909551	0.554833884553193	0.283946266428956	0.00414610887681911	
7.6564060192112e-05	0.00134944156088597	0.0200374525861106	0.194316394598406	0.571861750828646	0.210217792849555	0.00214060351620446	
0.000143369404013388	0.00226682957678945	0.0329638119694336	0.250776982520084	0.56281411838171	0.149919792783421	0.00111509536454857	
0.000349375909334559	0.00425153789213059	0.0510695050667483	0.314921701508538	0.527536883885954	0.101248819460398	0.000622176276897159	
7.95170452738249e-06	0.000672714203016559	0.00700068066590754	0.0750275128976647	0.373629921309932	0.477878358004822	0.0655427197374029	0.000240141476726951	
3.97272486019981e-05	0.000974112135720994	0.012347228865501	0.10677095334273	0.425240469035788	0.414882780780275	0.0396319032053533	0.000112825386029675	
4.76776229844285e-06	6.67486721781999e-05	0.00186578431279063	0.0194635949563432	0.147001236439689	0.465384456459205	0.342562131889019	0.0235988341231926	5.24453852828713e-05	
4.77902581151841e-06	0.000175230946422342	0.00339629434338575	0.030295837627819	0.193147514189724	0.489572962183569	0.27065375480093	0.0127281387446774	2.54881376614315e-05	
0.000101457822081027	0.000340834871053449	0.0057513902892182	0.0458351564035738	0.243500358272934	0.492894781897388	0.204697497162352	0.00687376744598956	4.75583541004813e-06	
9.9842787230266e-05	0.000654524938509521	0.00818076932829576	0.0672290615411923	0.296044957780764	0.475131221948931	0.148965438547557	0.00369418312751984	
0.000224786690095139	0.0015687578160865	0.0129394817242089	0.0957638789951085	0.348842031945038	0.436106757847747	0.102748096436656	0.00180620854506023	
6.35934091790727e-06	0.000365662102779668	0.00287442209489409	0.0209508486540455	0.130797334164287	0.392242557981291	0.385627253591438	0.0662706917055116	0.000864870364835388	
1.75158956753254e-05	1.43311873707207e-05	0.000617833411093294	0.00450954695932013	0.0329856162649423	0.173259278249557	0.422856014560486	0.324470820906336	0.0408964316935801	0.000372610871638739	
4.78752180317221e-06	0.000105325479669789	0.00091601250500695	0.00772706019031995	0.0493370080222907	0.219384994949164	0.436768805784603	0.261148143478837	0.0244849823420237	0.00012287972628142	
2.54978860658834e-05	0.000178485202461183	0.00162549023670006	0.0125927684807881	0.0709717722465072	0.26864094673651	0.432788369139271	0.199312194523373	0.0138278223371044	3.66532112197073e-05	
4.75944949034228e-06	3.49026295958434e-05	0.000247491373497799	0.00282394003093642	0.0191916868282235	0.0997009479236902	0.313920596517669	0.411950977670249	0.144895093800817	0.00720897949470511	2.06242811248166e-05	
1.58777539964307e-05	5.71599143871504e-05	0.000368363892717192	0.00498720253027888	0.0295723168183521	0.134344852114599	0.351744647609128	0.373717871364788	0.101490603545185	0.00370110445656799	
1.26381308204517e-05	6.63501868073712e-05	0.000881509624726503	0.00789567223007717	0.0430754891351569	0.173317746305321	0.379404586061721	0.326400265400747	0.0671969415723414	0.00174880135228	
7.89183763017586e-06	0.000203609410858537	0.0013731797476506	0.0126395671484897	0.0607987171028748	0.214328104727842	0.394959641142359	0.271834347171408	0.0431604599994318	0.000694481711455476	
1.5748924348467e-06	0.000393723108711675	0.00278755960967866	0.0192577846933054	0.0839653901638518	0.25549794949005	0.397813104364972	0.213804247169918	0.0261747122671522	0.000303954239925413	
2.37231039309183e-05	0.00085403174151306	0.00485216552400383	0.0286828141927423	0.113578313919927	0.29769806814857	0.377445654322745	0.160739844534592	0.0159798828078666	0.000145501704109632	
1.25945179212118e-05	0.000122796549731815	0.00140271443347497	0.00809355207911876	0.0409589465945211	0.148262664968506	0.331300368232218	0.344014534073681	0.117242367328561	0.00854065746532178	4.88037569446959e-05	
2.04612275477376e-05	0.000280161423345946	0.0025592273840478	0.0127347532375958	0.056806663434842	0.187416974634374	0.353250502087045	0.30101141421709	0.0815002172038001	0.00440545968508597	1.41654652253568e-05	
3.95471378154477e-05	0.000684956426963555	0.0038866927045022	0.019748258739522	0.0775440278285299	0.226843964394921	0.36126626771514	0.253884715347611	0.0540419547675657	0.00205486928089066	4.74565653785373e-06	
6.95396004317777e-05	0.00117269053455407	0.00615583508367669	0.0291355121354505	0.104162419219481	0.261636424842706	0.360614982939091	0.20260204541252	0.0336302990360863	0.000818670750537747	1.58044546435858e-06	
3.17447720328558e-06	0.000168247291774136	0.00222054680369827	0.00985357723899845	0.0407206063251458	0.134372445537875	0.29515019245268	0.34171024959327	0.155203364945835	0.0202452283639538	0.0003523669695647	
1.59990784530811e-06	2.55985255249298e-05	0.000332780831824087	0.0034334022360312	0.0150359339302056	0.0583150410536353	0.168779078325088	0.320115961320628	0.309905349451872	0.113023889823946	0.0108777734402498	0.000153591153149579	
1.2851756594156e-05	0.00012691109636729	0.000787170091392054	0.00582827161544974	0.023009463712262	0.080866465429578	0.201913947850785	0.33358662003621	0.269584872197313	0.0782559523713901	0.00598891857287669	3.8555269782468e-05	
7.9723836629914e-06	0.000323678776717451	0.00169971219694977	0.00866279208820645	0.0342908166112586	0.107136080616744	0.238034647979399	0.330876244688399	0.224403466392417	0.0516387234619279	0.00291310899045706	1.27558138607862e-05	
3.19749316535836e-06	5.91536235591296e-05	0.000530783865449488	0.00259316695710563	0.0131273081903787	0.0478089178084382	0.135602487649683	0.267700522790133	0.319319253705095	0.178619961949831	0.033263521399223	0.00136852707477338	3.19749316535836e-06	
4.00033282769126e-05	0.000118409851699661	0.000729660707770887	0.00468518980779201	0.0190079814640578	0.0645813731702478	0.165648981995302	0.292027496687724	0.298484033871618	0.134308774490038	0.0198432509584797	0.000524843666993094	
3.99973121806215e-05	0.000231984410647604	0.00142710409860457	0.00750509565757181	0.026681407009449	0.0843735300987774	0.19607642366433	0.306998569696116	0.265914930516669	0.0986413712998487	0.0119047999974402	0.000204786238364782	
3.52981004808564e-05	0	0.000107498760555335	0.00052786704810008	0.00245321798341952	0.0113002055312123	0.0385246677566292	0.10868445583967	0.226105191548351	0.31141428257413	0.226374740679296	0.0680836179911209	0.00627022621269031	0.000118729974344699	
1.76263125593887e-05	6.40956820341406e-06	0.000298044921458754	0.000781967320816515	0.00422070066194816	0.0168122973975551	0.0525296162110799	0.1363940089766	0.253782045838027	0.303528307056774	0.183137387492048	0.045549596437562	0.00288590808358718	5.6083721779873e-05	
2.58245287830514e-05	4.35788923213992e-05	0.000335718874179668	0.0012169809189013	0.00637381651026686	0.0239038294548119	0.0681331770949342	0.165359299897025	0.277177895494588	0.283172414238354	0.144518905169102	0.0284796131485588	0.00125410367902693	4.84209914682213e-06	
3.06448153004724e-05	7.25798257116452e-05	0.000462897999538715	0.00237900539832615	0.00979343781602466	0.0335738144891913	0.0905344617076904	0.194746188349486	0.288943511928091	0.254735833627685	0.107174596415847	0.0169094865057975	0.000643541121309921	
3.5386557933425e-05	0.00014476319154583	0.000762419475474703	0.00378797017878254	0.0147771048970171	0.04772842425266	0.114956450406543	0.223224841363669	0.289238465188474	0.21808253110398	0.0770831825383421	0.00991627862088933	0.000262182224688558	
1.93559626042802e-05	0.000235497545018743	0.001358143376067	0.00603906033253544	0.0213770476995438	0.0643198637340233	0.142422785839178	0.245257789161951	0.281511507119768	0.179158789865218	0.0528304869314992	0.00537611861333884	9.35538192540212e-05	
1.93432951303254e-05	4.83582378258136e-06	3.546270773893e-05	0.000293373309476603	0.00238244918355175	0.00900591582442736	0.031708496542386	0.082892467398488	0.17036284797782	0.262691619517385	0.262933410706514	0.141107726034463	0.0338443187130261	0.00270483743572384	1.28955300868836e-05	
2.74198855461719e-05	4.83880333167739e-06	8.54855255263005e-05	0.000548397710923437	0.00409846642193075	0.0140276908585327	0.043450840984019	0.105071388478487	0.195855403652974	0.270350393878591	0.236996522513339	0.107008522745602	0.0211133118705523	0.00136131667064524	
1.60993004853939e-05	1.44893704368545e-05	0.000148113564465624	0.00108992264286117	0.00621272005731351	0.0205845656006247	0.0580830562912041	0.128087644591842	0.22052338825878	0.271284482689227	0.20368191002101	0.0769482165999887	0.0127377665440437	0.000587624467716878	
3.53985718285293e-05	8.04512996102939e-06	0.000444091173848822	0.00192117703469382	0.00902985386825939	0.0293373709158898	0.0742452863583558	0.153129394652241	0.238301576523667	0.261965521791039	0.170893041606194	0.0530383237810824	0.00735324878438086	0.000297669808558087	
5.50503872956659e-05	5.18121292194503e-05	0.000644413357166913	0.0036446594647807	0.0133966736613041	0.0385239372036994	0.0950882101499961	0.178860327452657	0.250649270744281	0.244242377140489	0.135485479650786	0.035259773062874	0.00395715136913551	0.00014086422631538	
1.62455812019131e-05	5.52349760865045e-05	0.000237185485547931	0.00130939384487419	0.00554299230609274	0.0188741162403826	0.0517779164067374	0.118761696818465	0.203698469016428	0.257664665211063	0.215642220316074	0.102282179247245	0.0220842430858806	0.00202095030151799	3.24911624038262e-05	
3.73493036790688e-05	3.73493036790688e-05	0.000532633548118894	0.00244394356682602	0.00798300769070879	0.0273315708792351	0.0674966872791519	0.143468418727915	0.224306926834338	0.252312409062565	0.185189214820204	0.0743835741010185	0.0136568540843899	0.000816813032633548	3.24776553731033e-06	
6.4828245666637e-06	6.15868333833051e-05	9.72423684999554e-05	0.00084276719366628	0.00390266038913154	0.011633428684878	0.0368370298939248	0.0887920066773093	0.166697730201049	0.242036255196389	0.23559718969555	0.153386870659546	0.0518318031166179	0.00787339043621306	0.000403555829274815	
1.77623335184922e-05	5.16722429628864e-05	0.00023898412370335	0.00132894549870173	0.00597137357739856	0.0171890945731227	0.0492549508467789	0.11081112503391	0.1903330921962	0.249026301171668	0.216001278888013	0.121457221841857	0.0343426644792084	0.00387057394943871	0.000104959243518363	
6.62585570502337e-05	0.000119588615163836	0.000476738398288267	0.00231096918492278	0.00832595331519034	0.0247467630270787	0.0634950904025288	0.134367505510773	0.212995403918628	0.247412684150307	0.1901458981105	0.0927345068100868	0.0208245796621783	0.00194412302759588	3.39373097086563e-05	
0.000101355753869618	0.000231670294559127	0.00089128710545664	0.00361341306652638	0.0124072313308332	0.0340861009085015	0.0800066926973984	0.155992940491302	0.229802452809244	0.238502959427131	0.163216548981375	0.0673002205694263	0.0128834424918714	0.000960466429526379	3.21764297998787e-06	
9.68354185226789e-06	0	0	0.000167848058772643	0.000392183445016849	0.00164297426760145	0.00536306826251436	0.0178774321829286	0.046159830086119	0.100647506165188	0.176070999728861	0.239535319104982	0.222450323430298	0.134681927928626	0.0468005577720107	0.00769518792526888	0.000505158099959975	
2.90506255568037e-05	0	0	0.000242088546306697	0.000640727685891725	0.00254677150714645	0.00844082064789351	0.0254773986133168	0.0602300163974642	0.122404810783592	0.197897703063873	0.24168829324347	0.199129126802753	0.106117093388078	0.0309098655924391	0.00407999896708887	0.000166234135130599	
4.38446923564086e-05	0	0	0.000344262028872542	0.000975950374303763	0.00403858332927364	0.0136421948328218	0.035294977346909	0.0778356960750881	0.147076208570825	0.214059531348955	0.234021857391078	0.17101378671993	0.0792289829655251	0.0202676150111236	0.0020704438057193	8.60655072181355e-05	
2.92801475719438e-05	0	3.57868470323757e-05	0.000709230241187082	0.00167710178592633	0.00625131150660999	0.0197348194634901	0.045703057010074	0.0974817446413263	0.170059097097849	0.225362789161791	0.220090735923976	0.141740314371184	0.0583960009825116	0.0115705383155131	0.00111427228259897	4.39202213579156e-05	
4.09727924269168e-05	2.29447637590734e-05	0.000126196200674904	0.00071456549992543	0.00263537000889929	0.00914021053459661	0.0272141287299582	0.0578109712026826	0.120228923185848	0.188496151015879	0.230791545182337	0.20224825906605	0.11298985021986	0.0402270876047469	0.00678345551420035	0.000529368478155765	
1.80013288253642e-05	5.40039864760926e-05	3.92756265280673e-05	0.000242199696923082	0.00117990528028069	0.00449542275302504	0.0139264825730772	0.0338392252228074	0.0765236488366232	0.139359741828215	0.203441199477634	0.22916509836908	0.177866220670108	0.089595886532715	0.0263343075870692	0.00365917920486494	0.000260201025748446	
1.30728139395415e-05	6.69981714401502e-05	1.79751191668696e-05	0.000519644354096775	0.0020442612797958	0.00699558955939715	0.019615757316282	0.0444393968857289	0.0948024125878125	0.161545664156142	0.215673650272813	0.220530200651353	0.148673844730921	0.0663968219989313	0.0166727400781427	0.00184490086721779	0.000147069156819842	
9.76347970416656e-06	0.000144824948945137	0.00013343422262361	0.00123508018257707	0.00320079409634927	0.0100677748216131	0.0271538643039046	0.0592073681726834	0.112527358083754	0.179127307639109	0.224258992571619	0.204787359548276	0.119426883741365	0.047889867948937	0.00978788840342698	0.000964957244095129	7.64805910159714e-05	
5.20501242696717e-05	0.000164283204726151	0.000278142851566058	0.00150132077190334	0.0054636364819321	0.0142113104920038	0.036963721063384	0.0751327278168877	0.133497182787024	0.196141133911957	0.224687373941105	0.179934026467488	0.0937682988718136	0.0321328189046051	0.00549616780960065	0.000557912269515543	1.78922302176996e-05	
1.30144362634252e-05	0.000157800039694031	0.000291198011394139	0.000471773314549164	0.00224661705997378	0.006883009978819	0.0182885365591783	0.0482445152285172	0.0945466258447182	0.157453530328517	0.211191764464733	0.213355414493527	0.152591011579595	0.0697199618677018	0.0212672156589697	0.00295915744539631	0.000317226883920989	1.62680453292815e-06	
8.12428201657679e-05	0.000349344126712802	0.000492331490204553	0.000903420160243339	0.00347231813388492	0.0100822339825718	0.0258417162383274	0.0620483914734035	0.114724611212484	0.175715221167329	0.212804193429406	0.199324384707501	0.128084180560543	0.0507653886087817	0.0134765590090976	0.00161673212129878	0.000217730758044258	
0.000121809009968849	0.000399533552697826	0.000657768653831787	0.00164685781477884	0.00489184984034899	0.0143442290139317	0.035686791680607	0.0767461727609068	0.136861355360733	0.187870096375289	0.214611234363783	0.17929961443388	0.102795435572778	0.0351264702347503	0.00793545096943731	0.000925748475763255	7.95818865129816e-05	
0.000145075659401473	0.000751459314427856	0.00097966821685714	0.00204572980391965	0.00645342174798239	0.020564882236056	0.0478130251861125	0.0970050841683334	0.160981819900794	0.194694795043955	0.205044068769123	0.156861019148357	0.0770791868590794	0.0244982256757836	0.0046375309100808	0.000423816533082956	2.11908266541478e-05	
