# <P(U)> as a function of N_tot.
# number_of_species: 1
# species_total_upper_bound: 103
# species_total_lower_bound: 0
# volume: 729
# Bin widths for each
10	10	10	10	10	10	10	10	10	10	10	10	10	10	10	10	10	10	10	10	10	10	10	10	10	10	10	10	10	10	10	10	10	10	10	10	10	10	10	10	10	10	10	10	10	10	10	10	10	10	10	10	10	10	10	10	10	10	10	10	10	10	10	10	10	10	10	10	10	10	10	10	10	10	10	10	10	10	10	10	10	10	10	10	10	10	10	10	10	10	10	10	10	10	10	10	10	10	10	10	10	10	10	10	
# Bin lower bound for each
0	0	0	0	0	-10	-10	-10	-10	-10	-10	-10	-10	-10	-20	-20	-20	-20	-20	-20	-20	-20	-30	-30	-30	-30	-30	-30	-40	-40	-40	-50	-50	-50	-60	-60	-60	-60	-60	-60	-60	-60	-60	-60	-70	-70	-80	-80	-80	-80	-90	-90	-90	-90	-90	-100	-90	-100	-110	-110	-110	-110	-110	-120	-120	-120	-130	-130	-140	-140	-140	-160	-160	-160	-180	-180	-180	-180	-180	-180	-180	-180	-190	-190	-190	-190	-190	-200	-210	-210	-220	-220	-220	-220	-230	-240	-250	-250	-250	-250	-260	-260	-270	-270	
# Bin upper bound for each
0	0	0	0	0	0	0	0	0	0	0	0	0	0	0	0	0	0	0	0	0	0	0	0	0	0	0	0	0	0	0	0	0	0	0	0	0	0	-10	0	-10	-10	-10	-10	-10	-10	-10	-10	-10	-20	-20	-20	-20	-20	-20	-20	-20	-20	-30	-30	-30	-30	-30	-30	-30	-40	-40	-40	-40	-40	-50	-50	-50	-50	-50	-50	-60	-60	-60	-60	-70	-70	-70	-70	-70	-70	-80	-80	-80	-80	-80	-90	-90	-90	-90	-100	-100	-100	-100	-100	-110	-110	-110	-110	
# Normalized histogram for each
1	
1	
1	
1	
1	
6.11290057132109e-05	0.999938870994287	
0.000116676856445463	0.999883323143555	
0.000546412661955787	0.999453587338044	
0.00158931830257109	0.998410681697429	
0.00386322879257965	0.99613677120742	
0.00729913467691823	0.992700865323082	
0.0149479458136964	0.985052054186304	
0.0300752569750367	0.969924743024963	
0.0544806211576035	0.945519378842396	
4.17105013138808e-05	0.0950443289938964	0.90491396050479	
8.35906842826294e-05	0.147337868901943	0.852578540413774	
0.000208833179415546	0.215682907700375	0.784108259120209	
0.000416695603861379	0.299840266685186	0.699743037710952	
0.000880935359638401	0.397140419251436	0.601978645388926	
0.00204831255868761	0.499208292673945	0.498743394767367	
0.00452426210343669	0.597368287822233	0.39810745007433	
0.00812858783008037	0.686337543053961	0.305533869115959	
4.60305550824637e-06	0.0152683351208532	0.761059991622439	0.2236670702012	
4.13268679744324e-05	0.0267844023216516	0.816347990595842	0.156826280214532	
0.000309900877292925	0.0442018913068247	0.850117352170445	0.105370855645437	
0.000760525954093554	0.0709946396664681	0.861799605992578	0.0664452283868603	
0.00143002781634752	0.107547317775246	0.850502124283256	0.0405205301251505	
0.00259616135717207	0.157451442592669	0.817303760068741	0.0226486359814179	
4.60748808964329e-06	0.00463513301818115	0.220712501958182	0.761516416480063	0.0131313410554834	
7.82112624217887e-05	0.0083087964666912	0.298665807876334	0.685319285977181	0.0076278984173721	
0.000193609057216086	0.0145806059041543	0.385157560894658	0.596426529972526	0.00364169417144543	
2.30755030459664e-05	0.000549196972494	0.0251846040243677	0.46979416651283	0.502778290566734	0.00167066642052797	
4.61744470609964e-05	0.000674146927090548	0.0398254605901094	0.547633559588124	0.411086484739345	0.000734173708269843	
8.74415522256176e-05	0.00117815986156622	0.0640072162291521	0.61387191193255	0.320615956702625	0.000239313721880638	
2.28991202158013e-05	0.000137394721294808	0.00253264269586762	0.0985165949924204	0.660552601569048	0.238127951124118	0.000109915777035846	
3.22824623217547e-05	0.000295153941227471	0.00530354738143113	0.142250364330646	0.682594218672176	0.169496762530207	2.76706819900754e-05	
4.10748840775494e-05	0.00042900434480996	0.0101318047391288	0.196278615502574	0.676681331921574	0.116406221475775	3.19471320603162e-05	
3.18154341215986e-05	0.000577222876206146	0.0175348492630182	0.258623118912458	0.647189560901559	0.0760388875506206	4.54506201737123e-06	
0.000118638035354135	0.00111793533314473	0.0282677934238024	0.329854805296732	0.592327769513675	0.0483130583972914	
0.000149588631264024	0.00200811404999887	0.0444323564742413	0.401373495614333	0.5224722921058	0.0295550871467102	9.06597765236509e-06	
0.000358406678159877	0.00331185917793304	0.0695354323564105	0.462340078032846	0.447382270211415	0.0170719535432356	
0.000619037215060811	0.00545754132983759	0.103629560847717	0.516978005971888	0.364540091763164	0.00877576287233268	
0.000881624747617786	0.00975268827027965	0.144664114675169	0.556583863983117	0.28378724065158	0.00433046767223659	
0.00128731266633495	0.0184925659975988	0.195014174134145	0.574191663509251	0.208905282090377	0.00210900160229343	
0.00011015642211941	0.00199199529999266	0.0314817874715429	0.25190019828156	0.564822464566351	0.148541345377102	0.00115205258133216	
0.000344229339355052	0.00407108565343908	0.0485501060226365	0.315226870083258	0.528116652438521	0.103034725855754	0.000656330607036966	
9.14294073545815e-06	0.000521147621921115	0.00596119735951872	0.0718543712399656	0.377772596778028	0.475213487666173	0.0684714831678461	0.00019657322581235	
7.785379972339e-05	0.00079227690306744	0.0105194222332133	0.104337830535176	0.433773894247062	0.408892735782522	0.0415556105111789	5.03759880563112e-05	
0.000118734473184276	0.00172621657167909	0.017061230454479	0.145417762677188	0.473586146427006	0.337406839105655	0.024678503580301	4.56671050708753e-06	
0.000252241509780091	0.00293058772271779	0.0275126694031049	0.193441720745718	0.493911807195762	0.268802311449471	0.0131486619734458	
9.08644847075072e-06	0.000481581768949788	0.00521562142221091	0.0429334690242972	0.245742998891453	0.49419375942719	0.203831755320116	0.00759172769731223	
3.62259776485718e-05	0.000606785125613577	0.007095763371914	0.0651071383288957	0.293131554637831	0.478273469905269	0.15117100472749	0.00457805792533826	
0.000127807777103237	0.00163411372153424	0.0107951926017555	0.093769827322564	0.344473911237499	0.439243377959549	0.10758219637665	0.00237357300334582	
0.000312977520849826	0.0033737135703371	0.0182861719167112	0.12788813815196	0.390945744426239	0.387590441298304	0.0704935839608226	0.00110922915477659	
0.000698236836386	0.00507262125506915	0.0305097128905618	0.168954818065375	0.424486379757605	0.32659450011329	0.0433554210460605	0.000328310035651695	
3.23804237209733e-05	0.00111481173096494	0.00782681099084097	0.0488851882690351	0.211772596909982	0.439194190026829	0.264807105190119	0.0262836525117957	8.32639467110741e-05	
0.00210609937463628	0.0130892228678053	0.071016192948262	0.262694329235061	0.433214480356928	0.202933759479757	0.0149228225426531	2.30931948973277e-05	
9.21833157416839e-06	0.0038209984374928	0.0193584963057536	0.0998345309482437	0.308007503721901	0.413585055240852	0.147576270170862	0.00777105351702395	3.68733262966736e-05	
9.16775151726288e-06	0.000311703551586938	0.00643576156511854	0.0293322209794826	0.135503951300904	0.346073452025156	0.374901446671189	0.103467243623829	0.00396505253121619	
6.80225834977212e-05	0.000934176813368705	0.00889281908260209	0.0438156134503322	0.171716209781648	0.377638709384849	0.326531074983561	0.0686166473936013	0.00178672652654014	
0.000260898119284419	0.0019162517037097	0.013989537085768	0.061207598432812	0.209870045747136	0.395593520730155	0.273628148208125	0.0428637617010557	0.000670238271954802	
0.000433248188029714	0.00353368053361735	0.0199068516395736	0.0838290113817909	0.249559982309032	0.400167883672861	0.215974221732812	0.0263243404247637	0.000270780117518571	
0.000998343657114333	0.00548181426270052	0.0279309327706305	0.115236085585279	0.292278719397363	0.377473736754929	0.164545186395299	0.0158918158509745	0.000163365325709618	
1.81170087006934e-05	0.00152182873085825	0.00900868257641981	0.0416102397333176	0.147300339240988	0.323990995846676	0.345962398148442	0.122620444138468	0.00787636953262647	9.05850435034671e-05	
0.000234966652809659	0.00326242160247257	0.0139398485368807	0.0578515010754243	0.184507564118785	0.348143763442804	0.303531729535308	0.084578957832523	0.00391309848717624	3.61487158168706e-05	
0.000781555295037124	0.00429855412270418	0.0211519761534756	0.0779328771231495	0.22422003507911	0.355462253605605	0.260276088951898	0.0542181266301335	0.00165853303888692	
4.96990945728589e-05	0.00139157464804005	0.00683588455352141	0.0304700630726691	0.105551840673739	0.25980879402888	0.354539786384255	0.206825041114706	0.0339896625883288	0.0005376538412882	
0.000113742350826907	0.00237948997929889	0.010555290156737	0.0424395459405355	0.135362496872085	0.292936600013649	0.336449873745991	0.159958142814896	0.0196319297527241	0.000172888373256898	
9.17523786804173e-06	0.000334896182183523	0.00360128086320638	0.0165200157814091	0.060689610878162	0.166925102533283	0.317536632137188	0.305838203855435	0.118718402774592	0.00974410261586032	8.25771408123756e-05	
0.000174858157823292	0.000911103032868732	0.0064283380652405	0.025851398175033	0.084318444314579	0.198325963215365	0.327035371964715	0.271076159930793	0.0807752658534228	0.00508008963781354	2.300765234517e-05	
0.000588494924231278	0.0016413491246138	0.00853317640135354	0.0371073635427394	0.109906024716787	0.235871524201854	0.326660659114315	0.224805061056348	0.0523990363395616	0.00248731057819626	
9.18817848955534e-06	7.35054279164427e-05	0.000702895654450983	0.00245783774595605	0.0139844076611032	0.0519178025552324	0.139324944526372	0.262056038700608	0.314221922075058	0.180749847246533	0.0331279775440918	0.00137363268418852	
0.000113809146613495	0.000191199366310672	0.000810321123888085	0.00491655513370299	0.0200486192674333	0.0678621179426948	0.167426911766045	0.285733795853705	0.293522893847933	0.139352471479428	0.0194203927781268	0.000600912294119254	
0.00011368493810992	0.000236464671268633	0.0012687239093067	0.00802160923303593	0.0283803079497604	0.0870462834120033	0.194869626112976	0.300291942921066	0.265490709666858	0.102261875528635	0.0117277382154193	0.000291033441561394	
9.95389536646171e-05	0	0.000244322886267696	0.000570086734624625	0.00279161520050312	0.0122794872838987	0.0410009999140345	0.112374954189459	0.225315470615648	0.299146227247431	0.227898958913035	0.0718173550690212	0.00634787054506626	0.000113112447346156	
4.944842529242e-05	1.348593417066e-05	0.00064282952880146	0.00120024814118874	0.0043829286054645	0.0175946487813211	0.054024652287664	0.142294586746024	0.250770945903423	0.294735091299774	0.18451455132297	0.0469490321594577	0.00280507430749728	2.24765569511e-05	
7.21286053032557e-05	8.11446809661627e-05	0.000662681561223662	0.00173559456510959	0.00658173523392208	0.0258490889255543	0.0686844644000252	0.170178428137369	0.274489915519371	0.274814494243236	0.147218991461776	0.0285719437757522	0.00105938889039157	
8.5458168226653e-05	0.000166418538125588	0.000580215984275697	0.00302252047622689	0.0102954603721478	0.0343406902321314	0.0892767990068861	0.201226999383802	0.286959533308446	0.248359428059965	0.109166063212058	0.0160481444332999	0.000472268824410451	
9.91893524738726e-05	0.00031109387821351	0.000748428750484675	0.0046889512078558	0.0153247549572133	0.0484585072904174	0.111272419047963	0.229898375999784	0.287243347550474	0.214289578805941	0.0786616651187116	0.00893155032957917	7.21377108900892e-05	
5.46239143497023e-05	0.000555343129221973	0.00154312558037909	0.00686895722947506	0.0216401740682071	0.0635731323173285	0.140174068207061	0.250996886436882	0.280348136414122	0.175288141148195	0.0544281786566159	0.00452012891243787	9.10398572495038e-06	
9.99754605687695e-05	0.000645296154580239	0.00286293364356022	0.00962491024930244	0.0328646604924246	0.0811664409644905	0.168535904823362	0.268334136166577	0.260949585101839	0.137838894089633	0.0350504876075872	0.00202677524607596	
0.000238531366874744	0.000733596467935534	0.00463110899083229	0.0146854311341941	0.0435657288933495	0.103716138672235	0.194245543288943	0.277974553653805	0.23498039992259	0.102721507878286	0.0215353318961443	0.000972127834810278	
4.03195097147619e-05	0.00034943575086127	0.00149182185944619	0.00706935403665491	0.0215754176429215	0.0573119430867721	0.124645524310424	0.221053951983944	0.276784474300793	0.200961396309421	0.0747254913380253	0.0135563151552077	0.000434554715814656	
2.22939592288074e-05	0.000668818776864221	0.00224277229841802	0.0103399382903209	0.031403270969698	0.0726114252082256	0.149311562539014	0.236164368902602	0.26768356846029	0.168239133924272	0.0531354224259395	0.00805703686529098	0.00012038737983556	
0.000130355240505419	0.00108779200697625	0.0039870723561485	0.0146447370195398	0.0406978050874504	0.0936040526994772	0.172895998993118	0.249077399547802	0.24647928475428	0.135951525830565	0.0370478583532987	0.00431520796155869	8.09101492792254e-05	
0.000451917742022086	0.00201349489019741	0.00626868075814794	0.02022891199685	0.0526193331304924	0.116666368371127	0.198664829166145	0.256546095609686	0.21832548816065	0.10207524206683	0.0238039840352227	0.00232670520645034	8.94886617865516e-06	
0.000899042070673697	0.00370405333117563	0.00901739196885718	0.028607518688837	0.0658323556250815	0.138690725032478	0.220332735470356	0.254518810207724	0.185517331283517	0.0776862253269142	0.0143307306065387	0.000863080387846749	
4.0634439041569e-05	0.00138608586508463	0.00488967749800214	0.0141543295994799	0.0374784976093405	0.0886553161133611	0.167003029523177	0.235751985443841	0.23321910541025	0.153480791197678	0.0546262308848826	0.00899375584120061	0.000320560574661267	
4.47141202720407e-06	0.00036218437420353	0.00246821943901665	0.00719450195177135	0.0191689433606239	0.050482241787134	0.110658504849246	0.187799305142571	0.243361070992609	0.216143585983018	0.121537450311434	0.0359188528145303	0.00476652522099954	0.000134142360816122	
6.20462865297512e-05	0.000824329235323837	0.003705049681348	0.00888591460658223	0.0283595848217056	0.0635176698960282	0.131134826580629	0.212579441406146	0.242237566367367	0.189835045515383	0.0944521756087184	0.0217472234286778	0.00260594403424955	5.31825313112153e-05	
0.00010679387003186	0.000146841571293808	0.00131267465247495	0.00507715857109802	0.0145061673459943	0.0365635512521581	0.0809675524624887	0.15225691045334	0.228770268586583	0.231818343627076	0.16320773187619	0.0695940053040955	0.0143326273071926	0.00133047363081359	8.89948916932168e-06	
0.000370218384242078	0.00038806023408507	0.00211871966885527	0.00589673137310876	0.0201702112475021	0.0497743005994862	0.100471916928347	0.176812731944048	0.234071688552669	0.216956894090779	0.13555345418213	0.0483870967741935	0.00834106480159863	0.000686911218955181	
0.000386682309723742	0.000584417581741564	0.00292208790870782	0.0091353695672234	0.0299063613634067	0.0629413341418509	0.122174033404079	0.196887207406724	0.236368350052949	0.194685754711592	0.105625788194765	0.0333513492136727	0.00485549945732653	0.000175764686238064	
0.000456356519754972	0.00105313043020378	0.00470398258824355	0.0156302108016078	0.0414977269934881	0.0809286855177014	0.144028750460745	0.211446650167623	0.229556105523669	0.168930897091605	0.0769224018394678	0.0222824846857283	0.00246169238060134	0.000100924999561196	
8.73732541731651e-05	0.000939262482361524	0.00186105031388842	0.00612049645483021	0.0231495436931801	0.05017409120894	0.100059850679109	0.165572316658148	0.225934129303679	0.214531919634081	0.140129225042922	0.0571726888682106	0.0130055088836756	0.0011620642805031	0.00010047924229914	
6.1630568762106e-05	0.000220109174150379	0.00113136115513295	0.00293625638316605	0.00877355168163409	0.0318101778482127	0.063391442155309	0.123269941891178	0.184675999295651	0.229292128895932	0.195562599049128	0.110393555203381	0.0406541644655749	0.00719756999471738	0.000629512238070083	
5.27226874511217e-05	0.000105445374902243	0.00043056861418416	0.00165637109742274	0.00544361747932831	0.0144767712626205	0.0401790813950423	0.0810171963832236	0.141920687503844	0.201251285115507	0.222428231241707	0.171911109548957	0.0878272101789935	0.0270687064488634	0.00387072397036985	0.000360271697582665	
8.7622836263587e-05	4.81925599449729e-05	0.000797367809998642	0.00305365584378601	0.00870094764097419	0.0208498538889205	0.0510709701162317	0.100424532641697	0.161265449001319	0.212853393851506	0.214001253006559	0.141620409111023	0.0663042002006563	0.0168630148389273	0.00184884184516169	0.000210294807032609	
0.000259716649135793	0.00035494608715225	0.00157994294890941	0.00412083749962125	0.0123105691690366	0.0285039022426533	0.0660026577670428	0.118989182801563	0.176667921963804	0.218071084446868	0.200648425900676	0.111569943857918	0.0495799083200229	0.0104882240142671	0.0007098921743045	0.000142844157024686	
0.000332005312084993	0.00058313753532877	0.00147699799094221	0.00661031089317942	0.0153701433581912	0.0399981271495216	0.0815924336840672	0.135436884938877	0.194410392617564	0.222154118568461	0.173753703136173	0.0902671365818776	0.0317192767391971	0.00593353083392924	0.000353287703885313	8.51295672012803e-06	
0.000177150907265718	0.000594720902963482	0.00075078241650709	0.00212159300844419	0.00745720962013784	0.018647241929089	0.054811334283762	0.102768615607839	0.156985228988637	0.209725584808888	0.207144243017302	0.146664079701037	0.068548965354344	0.0206254270602229	0.00279223572880727	0.000185586664754562	
0.000409815287377689	0.000874554273063728	0.00121254626265358	0.00319824920149392	0.0107692697683065	0.0258437125040137	0.068840518479712	0.123307927602116	0.176376894867592	0.207167965119227	0.194214422118196	0.124803542156051	0.0484553766075744	0.0131267638956957	0.00112382336538624	0.00027461849154175	
2.12436003653899e-05	0.000645805451107854	0.000879485055127143	0.0018906804325197	0.00485628704352814	0.0155460667473923	0.0348225097189472	0.084880929619952	0.144409746563848	0.186013213519427	0.209024281435218	0.176908206402821	0.097576105198309	0.034214942748497	0.00758821405051728	0.000586323370084762	0.000135959042338496	
1.69433372444203e-05	0.00102930773759854	0.00100389273173191	0.00167315455288651	0.00567178214256971	0.0235258237638777	0.0462087164998454	0.106696430462426	0.165574527386787	0.187312829071378	0.201278374795092	0.158704004134174	0.0726064359266523	0.0237164363078774	0.00463823857066007	0.000321923407643987	2.11791715555254e-05	
