# <P(U)> as a function of N_tot.
# number_of_species: 1
# species_total_upper_bound: 103
# species_total_lower_bound: 0
# volume: 729
# Bin widths for each
10	10	10	10	10	10	10	10	10	10	10	10	10	10	10	10	10	10	10	10	10	10	10	10	10	10	10	10	10	10	10	10	10	10	10	10	10	10	10	10	10	10	10	10	10	10	10	10	10	10	10	10	10	10	10	10	10	10	10	10	10	10	10	10	10	10	10	10	10	10	10	10	10	10	10	10	10	10	10	10	10	10	10	10	10	10	10	10	10	10	10	10	10	10	10	10	10	10	10	10	10	10	10	10	
# Bin lower bound for each
0	0	0	0	-10	-10	-10	-10	-10	-10	-10	-10	-10	-20	-20	-20	-20	-30	-30	-30	-30	-30	-30	-30	-30	-30	-30	-40	-40	-40	-40	-50	-50	-50	-60	-60	-60	-60	-60	-60	-60	-60	-70	-70	-70	-70	-80	-80	-80	-90	-90	-90	-90	-100	-110	-110	-110	-120	-120	-120	-120	-120	-120	-130	-130	-130	-130	-140	-150	-150	-150	-160	-160	-160	-180	-180	-180	-180	-180	-180	-200	-200	-200	-200	-200	-210	-210	-220	-220	-220	-220	-250	-250	-250	-250	-250	-260	-260	-260	-260	-270	-270	-270	-270	
# Bin upper bound for each
0	0	0	0	0	0	0	0	0	0	0	0	0	0	0	0	0	0	0	0	0	0	0	0	0	0	0	0	0	0	0	0	0	0	0	0	0	0	-10	0	-10	-10	-10	-10	-10	-10	-10	-10	-10	-10	-10	-20	-20	-20	-20	-20	-20	-20	-30	-30	-30	-30	-30	-30	-30	-30	-30	-40	-40	-40	-40	-40	-50	-50	-50	-50	-50	-60	-60	-60	-60	-70	-70	-70	-70	-70	-70	-80	-80	-80	-80	-90	-90	-90	-90	-100	-100	-100	-100	-100	-100	-110	-110	-110	
# Normalized histogram for each
1	
1	
1	
1	
1.82480752842594e-06	0.999998175192472	
3.09210095527731e-05	0.999969078990447	
7.08410834689607e-05	0.999929158916531	
0.000388151582261835	0.999611848417738	
0.00132260034097724	0.998677399659023	
0.0033287211770416	0.996671278822958	
0.00717537815568627	0.992824621844314	
0.0155332876971701	0.98446671230283	
0.0310583357988568	0.968941664201143	
7.26727021345789e-06	0.0562904582558915	0.943702274473895	
4.37936225537156e-05	0.0951598923406779	0.904796314036768	
6.76510813202566e-05	0.147493984538985	0.852438364379694	
0.000226298432883352	0.215656931575749	0.784116769991368	
1.81515545898929e-06	0.000500982906681043	0.301003599453275	0.698493602484585	
7.25580146676027e-06	0.000883393828578062	0.397588897172596	0.60152045319736	
1.08705892584084e-05	0.00183169429004182	0.49724611738787	0.50091131773283	
3.60718479066605e-05	0.00402381463398798	0.59560212030322	0.400337993214885	
4.33137939995957e-05	0.00772248852184459	0.686334137044844	0.305900060639312	
8.49206263167214e-05	0.0144907111289384	0.762126484755844	0.223297883488901	
0.000141046274027594	0.0261441926909097	0.816751957469124	0.156962803565939	
0.000313819982757937	0.0442125463064831	0.850381814312355	0.105091819398403	
0.000649908651728396	0.0711866609859836	0.861060362071331	0.0671030682909569	
0.00129445033836751	0.10777430579443	0.849802121088135	0.0411291227790672	
3.62053203718286e-06	0.00257057774639983	0.15866800626352	0.815528461907477	0.0232293335505653	
4.54524794327531e-05	0.00504886141539021	0.222388073269397	0.759178219171856	0.0133393936639244	
0.000120472691031356	0.00868498581707865	0.295442846660168	0.688293340050599	0.00745835478112302	
0.000236124483363291	0.0153096525492292	0.37794743759175	0.602558564363141	0.00394822101251643	
1.83347298285886e-05	0.000469369083611868	0.0262608335334875	0.461692332232638	0.509650485045278	0.00190864537515607	
5.86650044915394e-05	0.00069664692833703	0.0414431591104919	0.538156085577575	0.418697636900288	0.000947806478816433	
4.39382594224682e-05	0.00159276190406447	0.0655174370813279	0.60554793755641	0.326851219561313	0.00044670563746176	
9.1751536838242e-06	0.000111936874942655	0.00306083126892375	0.0979466006055601	0.654113221396458	0.244571061565281	0.000187173135150014	
1.29250733497913e-05	0.000260347906045795	0.00605447364485222	0.141038400392922	0.677456640995009	0.175094122230572	8.30897572486581e-05	
1.65506588081687e-05	0.000365953455869507	0.0109455023584689	0.193626157396765	0.675443419733902	0.119584026775288	1.83896208979652e-05	
1.65491371463771e-05	0.000623350832513538	0.0185773258433164	0.256640341279984	0.646447911590832	0.0776926825231918	1.83879301626412e-06	
8.83449132655409e-05	0.00105461740210739	0.0298642617218055	0.327201950950168	0.593250816730318	0.0485400082823356	
0.000106726728052936	0.00206461015302405	0.0469947225473094	0.398118297377467	0.523560845275686	0.029151117686459	3.68023200182539e-06	
0.000236405309515498	0.00382311711482095	0.0712411094057916	0.461163963704397	0.447415517422887	0.016119887042588	
0.000379355616136747	0.00648065844233609	0.104302338987716	0.516141209549348	0.364305983776969	0.0083904536274951	
7.48867338151047e-06	0.000718912644625005	0.0114820084622009	0.144271164863145	0.555249560040439	0.284112779421126	0.00415808589508369	
5.43022350050932e-05	0.00132759602133142	0.019919557792558	0.194194154832524	0.572530933549044	0.20979013122416	0.00218332434537719	
0.000123668687837747	0.00220729870110402	0.0329221037168062	0.25102869863065	0.562332766206219	0.150218106594914	0.00116735746246843	
0.000349738448289478	0.00428147552018893	0.0505917348907349	0.315191434792583	0.526484226043856	0.102413195293197	0.000688195011150263	
3.75108547035798e-06	0.000720208410308733	0.00698452114580657	0.0748529105609936	0.373790040492968	0.476622297577361	0.0667543170304907	0.000271953696600954	
3.18284111631599e-05	0.00105408208734465	0.0124523978027163	0.106950950546138	0.425723721902066	0.413140265935737	0.0405325454865441	0.000114207828291339	
7.28404215779477e-05	0.00194988205454814	0.0197397542476238	0.146743566229686	0.465698698397698	0.341791538184256	0.0239532924804405	5.04279841693484e-05	
1.86889339084541e-06	0.000190627125866232	0.00350417510783515	0.0303508286673295	0.193411777018592	0.489496819143449	0.270113030672278	0.0129065777571784	2.42956140809904e-05	
3.52948606967577e-05	0.000338087612989995	0.00571962505712195	0.0459483357544369	0.244946333235498	0.49189890065797	0.204100891288114	0.00700695866043	5.57287274159332e-06	
5.93664486804879e-05	0.000662306943091693	0.00825193636658782	0.0675107833588423	0.296821112193312	0.474070775938036	0.148761189184175	0.00386252956727425	
0.000137108130141555	0.00160268287260061	0.0131549692433113	0.0966389979989624	0.347910027421626	0.436274364485289	0.102419773215741	0.00186207663232787	
7.43614673748357e-06	0.00031231816297431	0.00297817676836217	0.0210703217806597	0.13189679371943	0.390916374952827	0.385917425308554	0.0660088155519573	0.000892337608498029	
2.04458686334353e-05	1.67284379728107e-05	0.000513005431166195	0.00475087638427824	0.0331185897555046	0.174416270450515	0.420898651687899	0.325243584644037	0.0406742675732241	0.0003475797667684	
5.59283073670631e-06	9.32138456117718e-05	0.000781132026226648	0.0079492767537719	0.0494462165432205	0.219744183922103	0.434592776672676	0.262676616933973	0.0246177766260689	9.32138456117718e-05	
2.98295984190313e-05	0.000175248890711809	0.0014504642231254	0.0129050300160334	0.0710559677840337	0.269463812968418	0.430526865282076	0.200421343077669	0.0139565233603043	1.49147992095156e-05	
5.57520298384864e-06	4.08848218815567e-05	0.000217432916370097	0.00275229187302661	0.0195410864583895	0.0998593190447076	0.314357820244305	0.410452018873921	0.145431028234686	0.00732767512177173	1.48672079569297e-05	
1.85759664146527e-05	6.68734790927498e-05	0.000313933832407631	0.00502851410844649	0.0298051381123103	0.134688759682722	0.35192725651552	0.372897665001022	0.101513941262794	0.00373934203926959	
1.47909302016004e-05	7.7652383558402e-05	0.00078576816696002	0.0077504474256386	0.0432912038338091	0.1735179487938	0.379577792897395	0.326030927835052	0.0672358709639249	0.00171759676966084	
9.22689677316966e-06	0.000236208557393143	0.00128807478953448	0.0126740654076258	0.06069452697391	0.214016025274316	0.39529686617678	0.271826224316933	0.043312898832613	0.000645882774121876	
1.84417462120653e-06	0.000407562591286644	0.00270724834393119	0.0194007170150927	0.083719995278913	0.254628878299228	0.398363848276066	0.214211947300866	0.0262794883521931	0.000278470367802186	
2.77921370485862e-05	0.000780032646496986	0.00482656780077114	0.0288352685924765	0.113534585461748	0.296768145023077	0.377973063860773	0.161075815097059	0.0160360630770342	0.000142666303516076	
1.47912857140216e-05	0.000133121571426194	0.00147912857140216	0.00824244396413853	0.0403376850528511	0.148339955515208	0.330688774708381	0.344420634583135	0.117729389730041	0.00856230551770425	5.17694999990755e-05	
2.40593265979557e-05	0.000279458332022408	0.00280938905966898	0.013040155016092	0.0558398463164246	0.186783656684514	0.354338359264969	0.300669404494652	0.0817980089981881	0.00440100604999528	1.66564568755078e-05	
4.65958906152149e-05	0.000691483016729789	0.00423277070348612	0.0199449050189366	0.0765607759520472	0.226211865923121	0.362342692273283	0.253871186592312	0.0540624161273969	0.00202971699519876	5.59150687382578e-06	
8.19785141766935e-05	0.00127066696973875	0.00655269168998707	0.0294191077011361	0.103469926927334	0.261144420057907	0.360370095728547	0.203329072934794	0.0335198965580203	0.000840279770311109	1.86314804947031e-06	
3.73220670453612e-06	0.000177279818465466	0.00229344101993745	0.0102934260911106	0.0414816114175668	0.133943300315745	0.294836865244945	0.341366286230397	0.155261665012055	0.019965439765916	0.000376952877158149	
1.87784963682388e-06	2.62898949155343e-05	0.000339890784265122	0.00357354785887584	0.0155072823008916	0.0590358368824691	0.168084443142469	0.320229698567576	0.309341926373271	0.113108517174813	0.0105741713049553	0.000176517865861445	
1.50838662966091e-05	0.000103701580789188	0.000820185229878122	0.0058959062386871	0.0239569506455895	0.0811417732593218	0.201303623144684	0.333098904911307	0.26986168094606	0.0779967871364788	0.00576015144201762	4.52515988898274e-05	
9.36220888211481e-06	0.000329549752650441	0.00174324329384978	0.00892592994820826	0.03506147226352	0.107590504473263	0.237326377836281	0.330386734124502	0.224651819451674	0.0510951911950298	0.00286483591792713	1.49795342113837e-05	
3.74970002399808e-06	6.74946004319654e-05	0.000581203503719702	0.00270540856731461	0.0134651727861771	0.0489579583633309	0.13641408687305	0.267141753659707	0.317106506479482	0.179576883849292	0.0326130159587233	0.0013630159587233	3.74970002399808e-06	
4.67465346793842e-05	0.000115931406004873	0.000755424000418849	0.00490090669578664	0.019448428288011	0.065435799244202	0.166266204686247	0.291200993270369	0.296040194540379	0.135723888788124	0.0195007844068519	0.000564698138926961	
4.67073207186202e-05	0.000222326846620632	0.00148155621319463	0.00790101037276178	0.027065958210026	0.0855472603353959	0.196893776342929	0.305056721370281	0.265219113382955	0.098636519893582	0.0117179326218874	0.000211117089648163	
4.12344855248213e-05	0	0.000119954866981298	0.000500436710687604	0.0025584123973355	0.011806182923675	0.0394370368148984	0.109646245600093	0.226830904872042	0.309674734881001	0.225091559300813	0.0679694265032781	0.00622640731424801	9.74633294223049e-05	
2.06243941584216e-05	7.49977969397149e-06	0.000279366793600438	0.000763102583861599	0.00430299859941614	0.0169270027692937	0.0530590663899248	0.136996600724854	0.254244406570557	0.303096096552164	0.18243401600078	0.0449893034392115	0.0028405415590917	3.93738433933503e-05	
3.01664243925708e-05	5.09058411624632e-05	0.000320518259171064	0.00126133361991436	0.00648201044135364	0.0242255241887589	0.0685154914016263	0.165751304226505	0.277647999306172	0.283062872484639	0.143678908578765	0.0277512250396406	0.00121796938485004	3.77080304907135e-06	
3.57279187359086e-05	8.46187549008362e-05	0.000447539192586645	0.00250283472828918	0.00973303723037174	0.0338700669616414	0.0910027698539104	0.195640441747509	0.289792909700506	0.253593006353928	0.106341329492269	0.0163295392790858	0.000626178786266188	
4.12177985948478e-05	0.000164871194379391	0.000702576112412178	0.00384074941451991	0.0147147540983607	0.0483166276346604	0.115419203747073	0.22448337236534	0.28944074941452	0.216908665105386	0.0762585480093677	0.00945948477751756	0.000249180327868852	
2.25218039214214e-05	0.000272138464050509	0.00127248192156031	0.00590634307839277	0.0210334880456142	0.0651874846335609	0.14254237383567	0.246679441534335	0.28182283973672	0.177743953364851	0.0522130487578287	0.00524007304571739	6.38117777773607e-05	
2.24833201868364e-05	5.6208300467091e-06	4.12194203425334e-05	0.000309145652569	0.00235512778957111	0.00900644334484354	0.0316021801326141	0.0833269318324468	0.169839000691362	0.263274058557807	0.263716230521482	0.140295917965859	0.0335732178689934	0.00263054846185986	1.8736100155697e-06	
3.18095320069382e-05	5.6134468247538e-06	9.91708939039839e-05	0.000479014129045658	0.00409407388418711	0.01428809331794	0.0436632605518767	0.105607646263035	0.194994302351473	0.27102469729488	0.23674524868505	0.10652263809547	0.0211271426994317	0.00131728885487556	
1.86449937259596e-05	1.67804943533636e-05	0.000171533942278828	0.00101988115680999	0.00616776392454744	0.0209961274348031	0.05824136690178	0.12920234852341	0.220040757956285	0.271575520614837	0.202398864892782	0.0769460246076627	0.012639441246828	0.000564943309896576	
4.0986584345733e-05	9.31513280584841e-06	0.000443400321558384	0.001954314862667	0.00901704855606126	0.0301307285737973	0.0743049513656916	0.154340572433541	0.23762344879751	0.262356989423598	0.168969056991846	0.0531987234542003	0.0073738591291096	0.00023660437326855	
6.38558810327374e-05	6.0099652736694e-05	0.000681755435731873	0.00326040616096565	0.0131467990361518	0.0391718267852884	0.0959002646262835	0.179239701830598	0.250510377519725	0.242919040133421	0.135173509575565	0.0356672657850799	0.0040961669568353	0.000108930620585258	
1.88053700614748e-05	6.39382582090142e-05	0.000274558402897531	0.00136338932945692	0.00521472911804695	0.0188241754315362	0.0531552590157645	0.119536334795764	0.203759945690091	0.256255136216698	0.214751684491023	0.101958955399304	0.0226886789791693	0.00209679876185443	3.76107401229495e-05	
4.32869472915545e-05	4.32869472915545e-05	0.000602253179708585	0.00249558661341745	0.00772954315332237	0.0272481922994403	0.0684648942857465	0.144013791597815	0.224832404232334	0.251414353951722	0.183263760544136	0.0748544241142173	0.0140851962404345	0.000905261810749466	3.76408237317865e-06	
7.51910793303482e-06	7.14315253638308e-05	0.000112786618995522	0.000883495182131592	0.0036054122538902	0.0111433179567576	0.0366236949648294	0.0895582148133945	0.167948674569249	0.241959253954111	0.235000319562087	0.152113433262278	0.0523950238543699	0.00815259277639301	0.000424829598216468	
2.0574553765985e-05	5.98532473192292e-05	0.000271210026915257	0.00138223593027845	0.00562807566198627	0.0162183596095324	0.0490347728662785	0.111616954180469	0.191534132249491	0.249911622939505	0.214394331897479	0.121094341810673	0.0347092722032167	0.00400829715640963	0.000115965666681007	
7.67326130449185e-05	0.000138493008910341	0.000529642182724682	0.00227764853843087	0.00795960495804972	0.0240584814803031	0.0630760794500705	0.135680103607743	0.213408369095098	0.248351652464895	0.188837089176397	0.0927322986283578	0.0207851804994357	0.00204932222644356	3.93020700961778e-05	
0.000117489309405299	0.000253627715541598	0.000952968842954092	0.00339600051471507	0.0121480216105733	0.0330909572394861	0.0804372840201485	0.156831443869016	0.230706110749526	0.239340642535979	0.161023760814145	0.0675563529080469	0.0131196395502584	0.00102197050085879	3.72981934619997e-06	
1.12294991456223e-05	0	0	0.000194644651857453	0.000387417720523968	0.00162640579292429	0.00518428543889562	0.0174263110908148	0.045662886692482	0.101894603664186	0.176254475423305	0.240605120277294	0.222596746814098	0.13310138178987	0.0465631182073228	0.00793925589595495	0.000552117041326428	
3.35466027541761e-05	0	0	0.000279555022951467	0.000616884750646238	0.00237435399493446	0.0084388342928283	0.0250220382543093	0.060005553826456	0.124010608181271	0.198575387603039	0.241994010067708	0.198949991333794	0.10423861325799	0.0310678815506731	0.00420823494549609	0.000184506315147968	
5.06797658219413e-05	0	0	0.000366020530936243	0.000889711444429637	0.00382350677701091	0.0134038595457216	0.0347925977509446	0.0782551895141688	0.148277732624818	0.214910362510488	0.234266278997742	0.170578706614836	0.0778103337919539	0.020285045527323	0.00219612318561746	9.38514181887803e-05	
3.38183765300467e-05	0	4.13335713145015e-05	0.000762792270622164	0.00148612976862594	0.00576979079576519	0.0193516265699712	0.0450085015640999	0.0982536566119623	0.170162797907018	0.226654517101765	0.220941090266883	0.141103418474228	0.0576903927628674	0.0115057632150003	0.00118364317855163	5.072756479507e-05	
4.73554805444744e-05	2.65190691049056e-05	0.000145854880076981	0.000799360511590727	0.0025856092377283	0.00850125586734404	0.0267028083694182	0.0576865521800569	0.121194040028641	0.188726743723505	0.23100382253439	0.202177594417357	0.113029955182773	0.0401707070362667	0.00664302681077886	0.000558794670424798	
2.0823000707982e-05	6.24690021239461e-05	4.54320015446881e-05	0.000280164009525576	0.00118501804029061	0.00451669815356774	0.0133115764525936	0.0334947431388213	0.0764317705986802	0.141007681794261	0.203366889914474	0.228702802775895	0.177977973051251	0.0896373390476695	0.0260382158852993	0.00362888112338196	0.000291522009911748	
1.51339162413406e-05	7.75613207368704e-05	2.08091348318433e-05	0.000546712724218428	0.00216036654345137	0.00711483237296023	0.0186639022046332	0.0432054391294971	0.0950391022560886	0.164083811628145	0.216205019163321	0.219697170336011	0.148215900449099	0.0664132996855929	0.0164392165171562	0.00193146606030109	0.000170256557715081	
1.13020104392903e-05	0.000167646488182806	0.000154460809336968	0.00124887215354158	0.00328888503783348	0.0101077646695386	0.0258966732532272	0.0576647409296657	0.113630412956625	0.180453549678929	0.223932383838879	0.20517481384647	0.119311556870775	0.0480090566776987	0.00983463275058912	0.00102471561316232	8.85324151077741e-05	
6.0292948362858e-05	0.000190299618270271	0.000318422133541344	0.00156008003888895	0.00552245723911053	0.0141160865354541	0.035810243018265	0.0741056860018615	0.134509799488264	0.197498973135723	0.224466878445648	0.180132719852584	0.0937724920959713	0.0317423531584084	0.00558275018747339	0.000589740401174205	2.07257009997324e-05	
1.50761344791196e-05	0.000182798130559325	0.000307176240012061	0.000506935021860395	0.00232926277702397	0.00686152570480929	0.0181309362279512	0.046798205939997	0.0947214684154983	0.157728403437359	0.212793984622343	0.212827905924921	0.152334916327454	0.0698948439620081	0.0213214231870948	0.00289084878637117	0.00035240464344942	1.88451680988994e-06	
9.43430047492269e-05	0.000405674920421675	0.00046982816365115	0.000909466565782547	0.00357371301990071	0.0101814970725366	0.0252424143507031	0.0594794907741976	0.115638107781222	0.17694219226727	0.213135942609263	0.19887505401137	0.128710274519275	0.0506961570320445	0.0138118158952868	0.00158118875959704	0.000252839252727928	
0.000141924227601045	0.000463619143496748	0.00062635892447928	0.0015025044895364	0.00507710270204806	0.0147090269485723	0.034937960189308	0.0739917229790463	0.138226628391279	0.188692991403176	0.213966857854371	0.178767757086277	0.104026674185497	0.0357157049565617	0.00816158924857745	0.000898853441473287	9.27238286993496e-05	
0.000169290994099543	0.000812216342477583	0.000846454970497716	0.00173856144502227	0.0066556088579135	0.0216331064707203	0.0456324825668319	0.0937700914171368	0.16302722731786	0.194618068104435	0.204670909720346	0.157497688892609	0.0785681405761981	0.0250398499587234	0.00485808088685655	0.000437493580257246	2.472789801454e-05	
