# <P(U)> as a function of N_tot.
# number_of_species: 1
# species_total_upper_bound: 103
# species_total_lower_bound: 0
# volume: 729
# Bin widths for each
10	10	10	10	10	10	10	10	10	10	10	10	10	10	10	10	10	10	10	10	10	10	10	10	10	10	10	10	10	10	10	10	10	10	10	10	10	10	10	10	10	10	10	10	10	10	10	10	10	10	10	10	10	10	10	10	10	10	10	10	10	10	10	10	10	10	10	10	10	10	10	10	10	10	10	10	10	10	10	10	10	10	10	10	10	10	10	10	10	10	10	10	10	10	10	10	10	10	10	10	10	10	10	10	
# Bin lower bound for each
0	0	0	0	0	-10	-10	-10	-10	-10	-10	-10	-10	-10	-20	-20	-20	-20	-20	-20	-20	-20	-30	-30	-30	-30	-30	-30	-30	-40	-40	-50	-50	-50	-60	-60	-60	-60	-60	-60	-60	-60	-60	-60	-70	-70	-70	-80	-80	-80	-80	-80	-80	-90	-90	-90	-90	-90	-100	-110	-110	-110	-110	-110	-110	-120	-120	-130	-130	-130	-140	-160	-160	-160	-180	-180	-180	-180	-180	-180	-180	-180	-190	-190	-190	-190	-190	-200	-200	-200	-210	-210	-220	-220	-230	-230	-230	-240	-240	-250	-250	-250	-250	-250	
# Bin upper bound for each
0	0	0	0	0	0	0	0	0	0	0	0	0	0	0	0	0	0	0	0	0	0	0	0	0	0	0	0	0	0	0	0	0	0	0	0	-10	-10	-10	-10	-10	-10	-10	-10	-10	-10	-10	-10	-10	-20	-20	-20	-20	-20	-20	-20	-30	-30	-30	-30	-30	-30	-30	-40	-40	-40	-40	-40	-40	-40	-50	-50	-50	-50	-50	-50	-60	-60	-60	-70	-70	-70	-70	-70	-70	-70	-80	-80	-80	-80	-90	-90	-90	-100	-100	-100	-100	-110	-110	-110	-110	-120	-120	-120	
# Normalized histogram for each
1	
1	
1	
1	
1	
3.42516583511252e-05	0.999965748341649	
0.000123527496097654	0.999876472503902	
0.000564246675370079	0.99943575332463	
0.0016052070277283	0.998394792972272	
0.0039366644129899	0.99606333558701	
0.00685681738520855	0.993143182614791	
0.0152365590225933	0.984763440977407	
0.0305273395288524	0.969472660471148	
0.0546247015791664	0.945375298420834	
9.94365263506795e-05	0.0944536515302177	0.905446911943432	
0.000144036341476926	0.148457149188411	0.851398814470112	
0.000322054038446589	0.218552533676858	0.781125412284696	
0.000388746348561083	0.301156242711006	0.698455010940433	
0.000743084249991556	0.398034204393204	0.601222711356804	
0.0017690685173845	0.497970107278129	0.500260824204486	
0.00403257869208138	0.596605818272693	0.399361603035225	
0.00696461654582466	0.684419386564809	0.308615996889367	
1.15684505217371e-05	0.0140440989333889	0.760891696166216	0.225052636449874	
6.97520315279182e-05	0.0263778932561411	0.815924388797824	0.157627965914507	
0.000431381236082126	0.0442107472222546	0.849995919366686	0.105361952174978	
0.000648485491610956	0.0700364330939832	0.864148184830156	0.0651668965842501	
0.00118186376334073	0.105257503044195	0.855072463768116	0.0384881694243488	
0.00203995920081598	0.155780884382312	0.819727605447891	0.0224515509689806	
0.00398183892975939	0.22068856678078	0.762716391094277	0.0126132031951829	
9.78210364138808e-05	0.0080457802450417	0.298623168912475	0.686948228216478	0.00628500158959184	
0.000145555110803828	0.014385696784445	0.381499945416833	0.600730201472533	0.00323860121538518	
6.0470460180202e-05	0.000471669589405575	0.0257846042208381	0.471814718510008	0.500405152083207	0.00146338513636089	
0.000120368810033944	0.000674065336190086	0.0379161751606924	0.549303064589903	0.41138448205301	0.00060184405016972	
0.000226635653366732	0.00146716765074253	0.0607860678714141	0.618071211307926	0.319269994632313	0.000178922884236894	
5.9563518536167e-05	0.000357381111217002	0.00247784237110455	0.0914419136567235	0.667576003049652	0.238039645477938	4.76508148289336e-05	
8.40992370997777e-05	0.00073286478044092	0.00434913197573136	0.130738271159969	0.690490779119361	0.173580825373941	2.40283534570794e-05	
0.000108275886959974	0.000938391020319775	0.00904705188821116	0.184321651568196	0.685602916230555	0.119981713405758	
8.46238470000846e-05	0.00118473385800118	0.017009393247017	0.250970151960251	0.653126851146653	0.0776242459410776	
0.000314930109741031	0.00186535526538918	0.0269870878655006	0.324450689212432	0.59778579907459	0.0485961384723467	
0.000399148483235764	0.00344719144612705	0.0445836760365765	0.394987662683245	0.526706662151047	0.0298756591997678	
0.00096048632218845	0.00449848024316109	0.0690091185410334	0.458820668693009	0.451088145896657	0.0156231003039514	
0.00159775346179917	0.00625786772538007	0.106904231625835	0.509985959136245	0.367325941706207	0.00792824634453375	
0.0020500155849138	0.0102261011341022	0.150394418203179	0.551526122713214	0.281811206751864	0.00399213561272688	
0.00236006484218556	0.0189520358539144	0.204217125965481	0.569216649184705	0.203323162010108	0.00193096214360637	
0.000155357441621454	0.00329835799134779	0.0315614617940199	0.263749133583499	0.555223595210211	0.1447214321566	0.00129066182270131	
0.000636506659300803	0.00605281804316236	0.0490830701238186	0.320619212893463	0.522043546663144	0.101000396315467	0.000564449301644109	
0.0010569681828555	0.0082395474254417	0.0732430906710547	0.386405947848229	0.463960988265251	0.0669613365843112	0.000132121022856937	
6.01041003017226e-05	0.00108187380543101	0.0114919039776894	0.107754631020928	0.442714782002428	0.398958996982774	0.0378415415499645	9.61665604827561e-05	
0.000156547289323475	0.002131451554635	0.0163531706847138	0.150490113436574	0.481443125165579	0.326220466751764	0.0231930830182317	1.20420991787288e-05	
0.000207405599951199	0.00417251265784176	0.0269017263466114	0.196461904471421	0.500664917952785	0.259086195327274	0.0125053376441164	
0.000445016417497564	0.00728864727036552	0.041350444415044	0.250604380404845	0.49856271724619	0.194159460207113	0.00758933403894495	
0.000860986547085202	0.00953064275037369	0.0655545590433483	0.294170403587444	0.4829177877429	0.142720478325859	0.00424514200298954	
0.00198114906645855	0.0132797022272918	0.0918412679354025	0.346268835924836	0.446959236357087	0.0975926037101519	0.00207720477877169	
0.000193840711395411	0.00350124784957961	0.0197596375178697	0.127426037653558	0.390237697172349	0.392297254730925	0.0658331516076664	0.000751132756657217	
0.000551484105002574	0.00552709625235913	0.0304174121914753	0.16504080982377	0.425083948135984	0.330927228608544	0.0423294688595309	0.000122552023333905	
0.000621314750743141	0.0076019687149749	0.0484869158423079	0.201196335461235	0.444032941864432	0.272525705374982	0.0255226353491545	1.21826421714341e-05	
0.00215137408384282	0.0135281319509438	0.0679202168390602	0.254469874685498	0.437409599747183	0.208792678035321	0.0157281246581503	
0.00371350209946361	0.0201572777359773	0.0964175626805175	0.301631028373098	0.415147690590034	0.154802067910973	0.00813087060993665	
0.000204644220004574	0.00646434977308567	0.0301669656077331	0.127505386958144	0.343176319052377	0.380638249208508	0.108076223953004	0.00376786122714305	
1.20062432464882e-05	0.000408212270380598	0.00898066994837315	0.0438107816064353	0.165241925801417	0.379541361507984	0.331432344819306	0.0691079361267859	0.00146476167607156	
0.00020307479125106	0.000955646076475577	0.0133193171908784	0.0600981926343579	0.206801810949315	0.398277447947153	0.277519620608508	0.0422515021561765	0.000573387645885346	
0.000510383881590939	0.00177419158838755	0.018920659610407	0.0840675164963362	0.244182231349722	0.402656426583709	0.220570900827551	0.0271718656961272	0.00014582396616884	
0.000923281465432342	0.00358233208587749	0.0272060271814063	0.117047468977743	0.286500393933425	0.377474394327359	0.171139452432539	0.0160404766594446	8.61729367736852e-05	
0.00115525950323841	0.00746002679218848	0.0392419531259602	0.154645003502648	0.314574704732877	0.350227979401969	0.125185886170069	0.00750918677104969	
0.0032464727012381	0.0132204268556122	0.0518818432064781	0.194590858031625	0.339151473256718	0.307192850353656	0.0872844428534397	0.00343163274123267	
0.000136926619779673	0.00358498786332234	0.0207008153357814	0.0716499657683451	0.238588411028817	0.345266695711707	0.260633596813344	0.0576958984253439	0.00174270243355947	
0.000788594945599271	0.00662912626144387	0.0287590719223234	0.0996463644540828	0.271584706186774	0.340673016498885	0.212242936530429	0.0390970587872888	0.000579124413174464	
4.88507852763733e-05	0.00162428861043941	0.00961139200312645	0.0413888278254073	0.127732590801397	0.302899294106153	0.326005715541877	0.166373561955008	0.0242177768007621	9.77015705527466e-05	
0.000246087213308396	0.00235013288709519	0.0166601043409784	0.0589132788660301	0.160498080519736	0.319987203464908	0.303560881976572	0.125676739836598	0.0119721429274535	0.000135347967319618	
0.000792245893319139	0.00522387135907307	0.0265402374261912	0.081229961749378	0.196972135226471	0.326454823415818	0.269054132676429	0.0881373556317542	0.00553334241115086	6.18942104155577e-05	
1.23788420831115e-05	0.00147308220789027	0.00810814156443806	0.0388819429830534	0.106878922545585	0.235990245472439	0.323347734052957	0.224143693598901	0.0584652711585358	0.00269858757411832	
2.47182123788808e-05	9.8872849515523e-05	0.000160668380462725	0.00213812537077319	0.013360193790785	0.0528846153846154	0.139719695471623	0.2654488827368	0.306901324896183	0.180850800870081	0.0369290092940479	0.00148309274273285	
0.000308611495160972	0.000296267035354533	0.00054315623148331	0.00427118309302785	0.0194301797353348	0.0660181710448351	0.168575943116729	0.286366778589769	0.288119691882283	0.142171143590756	0.0230100730792021	0.000888801106063599	
0.000310678646435273	0.000198834333718575	0.00080776448073171	0.00780424759845406	0.0281350582211783	0.0824168313263493	0.195031627086207	0.300426251102909	0.266351017161888	0.105481614037704	0.0128248145248481	0.000211261479575986	
0.000271594879202005	0	0.000567880201967828	0.000395047097021098	0.0017283310494673	0.012518054886856	0.0426280508129329	0.106378776094713	0.228855721393035	0.296310013209387	0.226448403145562	0.0765156846042739	0.00737009740379986	1.23452217819093e-05	
0.00013582762239921	3.70438970179663e-05	0.00140766808668272	0.00127184046428351	0.0031857751435451	0.0188182996851269	0.0554547138358955	0.140272890041366	0.251145273816139	0.283817990985985	0.19228252145459	0.0483299376427734	0.00382786935852318	1.23479656726554e-05	
0.000197721262450261	0.000222436420256543	0.0014952670472801	0.00148290946837696	0.00481945577222511	0.0281752798991622	0.0696102419613949	0.172820740960431	0.270519759768666	0.267133783149205	0.151911717456316	0.0299424136823114	0.00166827315192407	
0.000229815542788025	0.000387057756274569	0.0008587843967342	0.0031932264892652	0.00782582400967644	0.0373026912609616	0.0935591170244935	0.20996673722407	0.27412156032658	0.246785606289689	0.109198669488963	0.0160145146658603	0.000556395524644693	
0.000263725725245744	0.000539438983457205	0.000982977703188684	0.00533445216974347	0.0127427475425557	0.0553704147686406	0.117885399184848	0.23726923999041	0.270882282426277	0.211579956844881	0.0776432510189403	0.00944617597698394	5.99376648285783e-05	
0.000145067698259188	0.000797872340425532	0.00131769825918762	0.00790618955512573	0.0192698259187621	0.0672751450676983	0.147739361702128	0.257144584139265	0.265618955512573	0.17588249516441	0.0524419729206963	0.00446083172147002	
0.000266618190632006	0.0013815669878204	0.00286008604496152	0.00996182512270496	0.0315578985638975	0.0814276192207477	0.17479246197661	0.277464703387263	0.248003393322426	0.136993273950191	0.0333757498636612	0.00191480336908441	
0.000642728077515432	0.000933774754126193	0.00495992044724173	0.0136064321315531	0.0425413225646063	0.108948472611295	0.200458398515662	0.280581123197633	0.226300918009726	0.100095802864384	0.020057966796425	0.000873140029832284	
0.000109279001432769	0.000862089900191845	0.00201559047087108	0.00715170353821122	0.0208115787173074	0.0601763034556449	0.132968260521139	0.227761723208431	0.27231112945919	0.189161951480123	0.0740304524150659	0.0121056849364968	0.000534252895893538	
6.03872027439945e-05	0.00137682822256307	0.00291066317226053	0.0100967402987959	0.0300365946448629	0.0746989697943212	0.154373845094748	0.245377359629947	0.263541830215341	0.158226548629814	0.0522953175762992	0.00683583135062018	0.000169084167683185	
0.000111672229598104	0.00192324395418957	0.00430558485228246	0.0142940453885573	0.0400034742471431	0.0991277158065837	0.176144330152743	0.257454121325673	0.241038303574752	0.12690928492549	0.0345935751243905	0.00393334408695544	0.000161304331641706	
0.000507551374102501	0.00318148056449616	0.00617727160188165	0.0178880911116613	0.0535404803169101	0.126813567714781	0.204048031691013	0.259148304035652	0.20817033919287	0.0970661054716514	0.0213666749195345	0.00206734340183214	2.47586036147561e-05	
0.000754241060388743	0.00469855086799545	0.00842029773974974	0.0249888718532074	0.0669543498689352	0.153679707206093	0.2277808002374	0.254463623324596	0.173561996142242	0.0724566002275088	0.0115238142341362	0.000717147237746674	
0.0001111042528239	0.00150607987161286	0.00597493981852972	0.0134929942596136	0.0335411394358373	0.0973767051416579	0.180359237084131	0.243133139929634	0.225726806987223	0.14017653231282	0.0505647799518548	0.00785136719955558	0.0001851737547065	
0.000536461063899828	0.0024750362720833	0.00830295419354052	0.0177397919994148	0.0491349565344615	0.118996817810507	0.19962447725527	0.249234933369097	0.210463429205428	0.108389519501579	0.0314683183164876	0.00362111218132384	1.21922969068143e-05	
0.000936543195053131	0.00318184547037282	0.0109503512036981	0.0256348682235697	0.0652698565167797	0.137707870564928	0.214900642372576	0.251497868763883	0.182938104100378	0.0862940505493186	0.0188869544335715	0.00177703067779312	2.40139280782854e-05	
4.81318813549125e-05	0.00105890138980807	0.00422357258889357	0.0138138499488599	0.03434209734673	0.0858191444558089	0.155790866975513	0.22753143613501	0.241273088261837	0.15875097767884	0.064304193490163	0.012081102220083	0.000962637627098249	
0.000204447330759702	0.00175584178181862	0.00483457805678825	0.0174381546824452	0.0444131760291518	0.103209823092927	0.180226335221465	0.237375377325588	0.22893290519657	0.130858317999784	0.0437637550961504	0.00653028827073637	0.000456999915815805	
1.19708868032944e-05	0.00079007852901743	0.0029807508140203	0.00833173721509289	0.0257254357402796	0.0544914767285961	0.124245834131392	0.203876173146907	0.242446370427121	0.201206665389772	0.100818808657345	0.0313397816510247	0.00367506224861138	5.98544340164719e-05	
0.000360793746241732	0.00138304269392664	0.00461815995189417	0.0129645219482862	0.0341310883944678	0.0757787131689717	0.143355381840048	0.222886349969934	0.238797354179194	0.168093806374023	0.0749849669272399	0.0201322910402886	0.00251352976548407	
7.30985246281113e-05	0.0011817594814878	0.00246098366247975	0.00639612090495973	0.0204919530707472	0.0430915802682716	0.0940778011963792	0.160219782897382	0.23911745714599	0.224095710334913	0.139959308487957	0.0562736808762076	0.0112328066178531	0.00132795653074402	
0.00043477180691163	0.00157760055650791	0.00426076370773397	0.00930411666790887	0.0273657797321806	0.0533154455789918	0.117289011453132	0.177995577749621	0.250552781297359	0.208566246801322	0.103512956199846	0.0390549303122904	0.00611164940001491	0.000658368736180468	
0.000642196058679091	0.0032235723729774	0.0069760120883964	0.011912107284518	0.0325253415601587	0.0732733110873261	0.135830762450419	0.19960964553296	0.240458351696783	0.186022791664043	0.0793175092866587	0.0268463136687024	0.00319838821381351	0.000163697034565258	
3.74153477756576e-05	0.0012347064765967	0.00475174916750851	0.00920417555281176	0.0172360035419863	0.0430775370723738	0.0866539454484229	0.15488706800863	0.221249423180055	0.231925269078709	0.152741921402826	0.0590663623551714	0.0160761277609409	0.00185829560619099	
0.000465116279069767	0.00200734394124847	0.00496940024479804	0.0107588739290086	0.0240758873929009	0.0519951040391677	0.102753977968176	0.18297429620563	0.23406364749082	0.216217870257038	0.116511627906977	0.042484700122399	0.010171358629131	0.000550795593635251	
2.39080020082722e-05	0.000406436034140627	0.00155402013053769	0.00619217252014249	0.0137471011547565	0.0313553446338489	0.0641332153871901	0.122265522270304	0.206063069309298	0.238972434073684	0.187546321753891	0.0929782198101705	0.0295981064862409	0.00509240442776197	7.17240060248165e-05	
0.000226400705416935	0.001096256047282	0.00297895665022283	0.00769762398417578	0.0151569314363337	0.0383451300016682	0.0812659374180787	0.152641738757418	0.221276899978552	0.228259574366674	0.158671147017469	0.0722694883344058	0.0184099520983771	0.00168013155072567	2.38316532017826e-05	
8.38976448732546e-05	0.00176185054233835	0.00400311619823815	0.00966021453826332	0.0200395517468688	0.0501588062563672	0.0969976628513214	0.177383592017738	0.221405884820519	0.212824354287769	0.142242464193684	0.0500029963444598	0.0126565589980224	0.000779049559537364	
0.000493898546010866	0.00281883560406201	0.00515581896811343	0.0130822883162878	0.0265259658125836	0.0636044956813993	0.118439280594606	0.187657354872128	0.227566766651006	0.199438642140388	0.112777516774481	0.0347415465047643	0.0070952742341561	0.000602315300013251	
0.000934758640525382	0.00224102392023393	0.00457792052154739	0.0192464407267149	0.0334835338670246	0.0812880494703034	0.146445520348977	0.202974449930492	0.220914625377499	0.175279229183644	0.0853506543310484	0.022062700733426	0.00488950673505585	0.000311586213508461	
