# <P(U)> as a function of N_tot.
# number_of_species: 1
# species_total_upper_bound: 103
# species_total_lower_bound: 0
# volume: 729
# Bin widths for each
10	10	10	10	10	10	10	10	10	10	10	10	10	10	10	10	10	10	10	10	10	10	10	10	10	10	10	10	10	10	10	10	10	10	10	10	10	10	10	10	10	10	10	10	10	10	10	10	10	10	10	10	10	10	10	10	10	10	10	10	10	10	10	10	10	10	10	10	10	10	10	10	10	10	10	10	10	10	10	10	10	10	10	10	10	10	10	10	10	10	10	10	10	10	10	10	10	10	10	10	10	10	10	10	
# Bin lower bound for each
0	0	0	0	-10	-10	-10	-10	-10	-10	-10	-10	-10	-20	-20	-20	-20	-30	-30	-30	-30	-30	-30	-30	-30	-40	-40	-40	-40	-40	-40	-50	-50	-50	-60	-60	-60	-60	-70	-70	-70	-80	-90	-90	-90	-90	-90	-90	-90	-90	-90	-90	-100	-110	-110	-110	-120	-120	-120	-120	-120	-130	-130	-130	-130	-130	-140	-140	-150	-150	-160	-160	-160	-170	-180	-180	-180	-180	-190	-190	-200	-200	-200	-200	-200	-210	-210	-220	-220	-220	-220	-250	-250	-250	-250	-250	-260	-260	-260	-260	-270	-270	-270	-270	
# Bin upper bound for each
0	0	0	0	0	0	0	0	0	0	0	0	0	0	0	0	0	0	0	0	0	0	0	0	0	0	0	0	0	0	0	0	0	0	0	0	0	0	-10	0	-10	-10	-10	-10	-10	-10	-10	-10	-10	-10	-10	-20	-20	-10	-20	-20	-20	-20	-20	-20	-30	-30	-30	-30	-30	-30	-30	-30	-40	-40	-40	-40	-40	-50	-50	-50	-50	-50	-50	-60	-60	-60	-60	-70	-70	-70	-70	-80	-80	-80	-80	-80	-90	-90	-90	-90	-90	-100	-100	-100	-100	-110	-110	-110	
# Normalized histogram for each
1	
1	
1	
1	
2.10136567755384e-06	0.999997898634322	
2.57262683050274e-05	0.999974273731695	
0.00012157990996798	0.999878420090032	
0.000506767468148852	0.999493232531851	
0.00147701893760512	0.998522981062395	
0.00367051201492122	0.996329487985079	
0.00783085973435496	0.992169140265645	
0.0164522115308352	0.983547788469165	
0.0317092975832362	0.968290702416764	
5.24003005681241e-06	0.0565158201747445	0.943478939795199	
2.99057025977562e-05	0.0943393751596938	0.905630719137708	
8.21110109286597e-05	0.146803434135126	0.853114454853945	
0.000225995843572947	0.215351913457815	0.784422090698612	
5.26182582198928e-07	0.000492506896938196	0.300150856546316	0.699356110374163	
2.1038624284358e-06	0.00103773014282596	0.395842241875804	0.603117924118942	
3.15873762103888e-06	0.00208055517972427	0.495682795356445	0.50223349072621	
1.26118115921466e-05	0.00416978020765348	0.594970619733912	0.400846988246843	
2.47165875122334e-05	0.00793928343983378	0.684598989144159	0.307437010828495	
6.94795716900221e-05	0.0146401879317142	0.760244947071831	0.225045385424765	
0.00011391756165788	0.0261562105112156	0.815725159115409	0.158004712811717	
0.000228798932131067	0.0443442907285823	0.848931023975387	0.1064958863639	
5.27024220979148e-07	0.000550740310923209	0.071297944710943	0.860240027911203	0.06791076004271	
5.27310185470812e-07	0.001255525551606	0.108237797910481	0.84944397777493	0.0410621714527976	
3.16900794734376e-06	0.00251777681416462	0.15886976275222	0.815229935294139	0.0233793561315286	
3.12606465019602e-05	0.00471399952420236	0.222930796876267	0.759494361692038	0.0128295812609909	
7.95087841304707e-05	0.00892035552087795	0.2970331562231	0.68709158987885	0.00687538959304224	
0.000222538603824591	0.0155766425600841	0.380325362035868	0.600332324315045	0.00354313248517866	
5.31537728016397e-06	0.000478383955214757	0.0261994946139282	0.464578325804987	0.507064136405338	0.00167434384325165	
2.01491674682147e-05	0.000897698434833881	0.0419845021087694	0.543567272237523	0.412759937516371	0.00077044053503463	
2.65102912950808e-05	0.00182019660032024	0.0651554033275718	0.610022480727018	0.322633956501914	0.00034145255188064	
2.65744285966363e-06	6.59045829196581e-05	0.00348975396331028	0.0981037550730584	0.657369514240705	0.240820129385578	0.000148285311569231	
3.73069100924785e-06	0.000154557198954554	0.00642371696206633	0.140602282756533	0.680051675400037	0.172704345935252	5.96910561479656e-05	
4.78256087004347e-06	0.000309803665248372	0.0111035121532843	0.193720285019372	0.676623958398097	0.118212151211821	2.55069913068985e-05	
1.70421713856617e-05	0.000678491448291655	0.0185956718210359	0.257808110475876	0.646133157940986	0.0767648633031456	2.66283927900964e-06	
2.12776822646263e-06	7.02163514732667e-05	0.00125325548538649	0.0302776099205066	0.327946533440005	0.592862720649565	0.0475875363848367	
4.25168938220296e-06	0.000132333832021067	0.00236765952471427	0.0471942836036256	0.398840351721004	0.523368082036347	0.0280919746705605	1.06292234555074e-06	
1.43805574862786e-05	0.000224762787378131	0.00434079790789519	0.0720615061769821	0.463483237329797	0.444316617266789	0.0155586979736729	
1.06595830184315e-06	1.81212911313335e-05	0.000375217322248788	0.00731407288809676	0.105259651452954	0.517596306667676	0.361001169356257	0.00843439506333391	
2.66581929157452e-06	2.66581929157452e-06	3.62551423654134e-05	0.000737365616049512	0.012671172256712	0.145760600896995	0.555305620186863	0.281145833111182	0.00433782115125006	
2.13659691389942e-06	2.13659691389942e-06	0.00012659336714854	0.00142243939542854	0.0212954614408355	0.195476717503429	0.570529598277048	0.209015797997581	0.00212911882470077	
5.34412990083433e-07	8.01619485125149e-06	0.000209489892112706	0.00262824308523032	0.0336525203985438	0.252017409037565	0.561157688172158	0.149312317364361	0.00101378144218827	
1.17726697471819e-05	1.0167305690748e-05	0.000398665407347751	0.00464699382202399	0.0517933254313747	0.313900579803985	0.527621626394326	0.101126698006941	0.000490171158564483	
1.60576276139811e-05	2.56922041823697e-05	0.00071242341180696	0.00753584463924131	0.076612547109065	0.372718411836398	0.475814804169202	0.0663763447594059	0.000187874243083578	
6.42723089184256e-06	6.48079114927458e-05	0.00108888003359299	0.0126364715359368	0.108502369505789	0.424622507305619	0.412626080845995	0.0403587251801767	9.37304505060373e-05	
1.01579507884708e-05	0.000128310957328053	0.0019503265513864	0.0199838969748553	0.148154246878836	0.463123965492907	0.342889648299666	0.0237188150910794	4.06318031538833e-05	
7.48891373306302e-06	0.000262111980657206	0.00348769410996935	0.0313432436625068	0.19515306804748	0.485870024552939	0.270969760836191	0.0128873506897824	1.9257206742162e-05	
5.1741115197059e-05	0.000508876535030869	0.00568565512253043	0.0475580860694782	0.246264771554975	0.48792138337606	0.205231400135914	0.0067743521959036	3.73389491112797e-06	
8.40038930721401e-05	0.000956146222419837	0.00908472675459788	0.0691507206410407	0.298685740365904	0.470312649648655	0.14823744315692	0.00348856931739079	
5.35579052003655e-07	0.000146213081196998	0.00182150435586443	0.0145613232658754	0.0980747004238573	0.348967778493073	0.433470905739158	0.101305313265543	0.00165172579637927	
2.14775940369608e-06	6.44327821108824e-06	0.000294243038306363	0.00306002021041599	0.0230400890031497	0.133210481495442	0.393168836440604	0.380633975620783	0.0657880182946146	0.000795207919218473	5.3693985092402e-07	
2.1982653005967e-05	2.9488924764102e-05	0.000523830536264139	0.00486674491061371	0.0350682293294701	0.175096120490674	0.422880832038055	0.32036928712401	0.0407837191110215	0.000359764882122044	
2.89496115927111e-05	7.88072760023803e-05	0.000904943414231415	0.00787161383362551	0.0512290182328943	0.220704869431891	0.43792774391388	0.25684524288188	0.0242796103596721	0.000129201044330433	
5.35509070988153e-07	6.69386338735192e-05	0.000137625831243955	0.0016001011041126	0.0125094918982833	0.0731050208259478	0.268462478485923	0.433172216504175	0.197214067609091	0.0136838632909603	4.76603073179457e-05	
8.55325443312504e-06	8.71362795374614e-05	0.000252855584179259	0.0027643049171056	0.0194078688871628	0.101852153789653	0.314866144241014	0.409627115527204	0.144022905615372	0.00709385539547308	1.71065088662501e-05	
8.57988435388377e-06	0.000129234508080374	0.000467067454514547	0.00473395119225537	0.0298408377828077	0.13604747250013	0.352981804746499	0.371845216741285	0.100487605552687	0.00345715715184304	1.07248554423547e-06	
1.71251937287541e-05	0.000159478366599022	0.000789899560738781	0.00786313973301823	0.043241114165104	0.175183239572898	0.380839155899201	0.323873804447413	0.0663847431649071	0.00164669440948051	1.60548691207069e-06	
2.30045062082742e-05	0.000267494258235747	0.00144981887963775	0.0123550247993927	0.0619195708964107	0.215463950066312	0.396829872046797	0.268671767960501	0.0423052869170163	0.000714209669489444	
4.80625967259759e-06	4.43243947584e-05	0.000430961283976251	0.00268135886845694	0.0192469338733433	0.0858034837906222	0.257166934215122	0.396657406606364	0.21225937994978	0.0253989462542682	0.000305464503636202	
4.80721723547619e-06	7.74496110160054e-05	0.00082897790549545	0.00465445455443773	0.028804311539725	0.115364667487454	0.297971621394253	0.377461629059094	0.159831961050858	0.0148708594503214	0.000129260730109471	
1.43597696692945e-05	0.00015051165986705	0.00136205074529864	0.00774097953839191	0.0423942948103261	0.148914534373832	0.332343041069473	0.343444738553801	0.115491372703567	0.00810369668337186	4.04200924024586e-05	
2.76078977700782e-05	0.000303155954359898	0.00232861999268391	0.01256955730205	0.0591669104479434	0.187147037008918	0.354360109985617	0.299624798050882	0.0803177456664892	0.00414224650773366	1.221118555215e-05	
4.35774538756565e-05	0.000657913267049546	0.00375669538350019	0.0194769961529611	0.0810083610253881	0.226519325272213	0.361309704433262	0.252290606348385	0.0528637030100861	0.00206886619436501	4.2514589146982e-06	
1.00779770211516e-05	9.75972511522045e-05	0.00103962289270827	0.0059083466336109	0.0293932156119533	0.107739408974385	0.263479692080673	0.356992180020251	0.201536732369773	0.0329231596685725	0.000873071061937656	6.89545796184054e-06	
1.11150690166393e-05	0.000175194659262266	0.00190491111385165	0.00949914969722023	0.0421340509080747	0.138840444242844	0.296523047624895	0.337373043417047	0.153528743303833	0.0196191553923699	0.000389556704583166	1.58786700237704e-06	
2.65891256857336e-06	2.12713005485868e-05	0.000419576403320875	0.00308221144949023	0.0149117134670731	0.0589640451206827	0.173174975591183	0.320202204983015	0.305619133109417	0.112587398456129	0.0108239012841484	0.000190909922423567	
6.38037905831985e-06	8.34766260130181e-05	0.000829449277581581	0.00496127641609855	0.0225695275222968	0.0806453328058887	0.208181666406135	0.332443270454698	0.265720456452318	0.0786211575496367	0.00586144156157651	7.65645486998383e-05	
3.17446208739929e-06	1.95758495389623e-05	0.000194171264345923	0.00151104395360206	0.00793245167939626	0.0329630852385397	0.106160890203822	0.24296962463044	0.332855047712165	0.220281215014782	0.0521680517902908	0.00291151081115972	3.01573898302933e-05	
1.64409657953662e-05	5.67478496807801e-05	0.00038026362823476	0.00246826628424627	0.0118682558893131	0.0461275161307089	0.136499262277954	0.271594147864743	0.32031138128509	0.17593742674489	0.0333035628103232	0.00142453013310818	1.2198135912691e-05	
2.86832781799929e-05	9.34862399940509e-05	0.00065865305450354	0.00427593313609153	0.0175600091361553	0.0630686858278047	0.168713448739264	0.294556020035801	0.297684622044693	0.132542772610656	0.0202418956459846	0.000572072048145414	3.71820272703611e-06	
5.30864741503377e-07	4.67160972522972e-05	0.000166160664090557	0.0012257666881313	0.00673295751648733	0.0253217173049696	0.0844648272911193	0.200302699075605	0.308513637118912	0.264134937323454	0.0967639016222696	0.0120718642217868	0.000254284211180118	
1.16468423292838e-05	3.17641154435012e-06	0.000103762777115437	0.000407639481524932	0.00230925119274254	0.0100506955282478	0.0363333834500488	0.110395653821964	0.229679436546944	0.311232214742361	0.225076816219181	0.067879914702762	0.006414233711891	0.000102174571343262	
1.00560226313436e-05	1.2702344376434e-05	0.000175186499524985	0.000722445836409682	0.0038138788990243	0.0148919109883218	0.0509517496156218	0.138643971811381	0.257734272248288	0.300939708851682	0.183599156352628	0.0452563359558382	0.00320998827679467	3.863629747832e-05	
3.54848823808555e-05	4.23700088129618e-05	0.000235153548911938	0.00128910751813436	0.00597046386685648	0.0217448181479222	0.0680642414073622	0.169072753542133	0.279960362856755	0.279733153684496	0.144134295979934	0.0281898261134838	0.00151102043929225	1.69480035251847e-05	
5.18693886451557e-05	4.76351528373879e-05	0.000408603755449594	0.00216739945410115	0.00924121965045325	0.0315746964185246	0.0894265309805802	0.199540479558962	0.291013204993646	0.251455386239051	0.107560704386298	0.0167739251524722	0.000728288558936064	1.00563100434486e-05	
1.0557638636312e-06	4.80372557952198e-05	8.92120464768368e-05	0.000758038454087205	0.00365980543327757	0.0139941500124316	0.0449090274672806	0.115290997554323	0.227782109342296	0.291551830351416	0.215149366832017	0.0767091629217843	0.00972833612142974	0.000327286797725673	1.58364579544681e-06	
7.93511404345903e-06	6.45389275534668e-05	0.000182507622999558	0.00126591519373316	0.00584817905002931	0.0203466904226348	0.0606343224364821	0.143543568008159	0.251220949547487	0.281829858458726	0.177330754597605	0.0523252000177747	0.00527790885410605	0.000121671748666372	
6.34125796818697e-06	7.92657246023371e-06	9.88179366709135e-05	0.000364622333170751	0.00213436174445893	0.008716587515437	0.0294477451279322	0.0799822867527422	0.172470591095077	0.26684964718826	0.261815745237847	0.141205547121095	0.0342871818339869	0.00257613604957595	3.64622333170751e-05	
8.96940956487284e-06	3.69328629141823e-06	0.000169891169405238	0.000598839991537098	0.00348435180978942	0.0130953379647143	0.0414624147444431	0.102350460157091	0.198108931896328	0.274775223958243	0.235867508102806	0.107661405844151	0.0211255975869123	0.00126574197330176	2.16321054211639e-05	
5.28489829741716e-06	1.74401643814766e-05	0.000252089648786799	0.00105539418999421	0.00564532836130101	0.0194949328395124	0.0558428778596585	0.12647395813515	0.223898944288716	0.273822736055267	0.202658938031397	0.0779363951920109	0.0123101136041738	0.000581338812715888	4.22791863793373e-06	
1.16184316912793e-05	4.48893951708517e-05	0.000511739104947709	0.00184944308103909	0.00844237495530865	0.0278393466638994	0.0727694063456705	0.153265597876573	0.24267418273575	0.263175433565544	0.168198451263056	0.0537352465721666	0.00717966267467916	0.000302607334504683	
1.85711170314653e-05	0.000142732299470405	0.000776803295259006	0.00318149764916189	0.0128581108292428	0.0380882998248478	0.0932243544812371	0.179072261277576	0.257033810575667	0.242781804762377	0.133349109939421	0.035663973147226	0.00367336694882384	0.000135303852657819	
5.30328421785043e-06	2.33344505585419e-05	0.000313954425696745	0.00126271197227019	0.00528578337993152	0.0186781670152692	0.0508298579144092	0.116162607179374	0.203581944226421	0.261939814088068	0.21676378747831	0.100856268269814	0.0224684242457669	0.00177500922771454	5.30328421785043e-05	
1.2209571454659e-05	3.76904162295994e-05	0.000486259454455113	0.00213402074990126	0.0080482309923515	0.0263875381681821	0.066835724993736	0.141236075780032	0.224326456336449	0.257731843836396	0.185109312824084	0.0734426957035049	0.0134124796684093	0.000784597678695041	1.48638261187153e-05	
2.12551371009481e-06	2.01923802459007e-05	0.000126468065750641	0.000952230142122474	0.00352357035290967	0.0118656802866043	0.0360699676603089	0.0862623797889152	0.166217297643124	0.240344588282681	0.242669368903097	0.152932305576604	0.0509655677406533	0.00764972384263122	0.000398533820642777	
5.85275739362879e-06	2.60713738443464e-05	0.000282528561456081	0.00158662932252737	0.00552925953041731	0.0171432584747927	0.0483661229632404	0.107319884051555	0.189646897825754	0.249616910425144	0.222775632949109	0.120142211363288	0.0334203088553284	0.00398413157849931	0.000154299967650214	
2.77512421349244e-05	7.6849593604406e-05	0.000496320292028456	0.00240742025520469	0.00810282902566456	0.0244733934966031	0.0632141275169576	0.129818709673976	0.212030697143223	0.249790531489655	0.195701225857754	0.0912412810400312	0.020634115882783	0.00192230719557688	6.24402948035799e-05	
4.90085621154226e-05	0.000198697757272311	0.000871500082835124	0.0037528839141647	0.0116608415728978	0.0333423359931132	0.0803015944296442	0.154207038801464	0.229925267269792	0.240789719708314	0.165326122682281	0.0661152138025157	0.0124407169526476	0.00100467552336616	1.43829475773523e-05	
3.18876703665222e-06	0	2.65730586387685e-06	7.7593331225204e-05	0.000349701451686193	0.00147480475445165	0.00562445359148174	0.0169754013196181	0.0446863183292987	0.100916504792451	0.177191812309172	0.240889559710991	0.222961248508587	0.135072451444379	0.0458050440979908	0.00750848344897043	0.000455993686241267	4.78315055497833e-06	
9.56011773816112e-06	0	1.43401766072417e-05	0.000184297825285662	0.000602287417504151	0.00246173031757649	0.00829818219672385	0.0243538688203133	0.059777291746113	0.123238415527331	0.19910326095616	0.243018724021708	0.198787777070801	0.105320099297756	0.0306263682918513	0.00404711650915488	0.000156679707375418	
1.43373058290706e-05	0	2.81436003311387e-05	0.000269753754117329	0.00104131321225213	0.00378133165958563	0.0128435709662123	0.033295472225718	0.0769090255464239	0.146872422935654	0.215912391627226	0.236132771948158	0.172228213800029	0.0789863418576582	0.0196304267366327	0.00198226528370077	7.22175404723558e-05	
9.57663811055058e-06	4.78831905527529e-06	5.53316868609589e-05	0.000470319338318151	0.00178817114942003	0.00583589685747941	0.0185041929713861	0.044669164395762	0.0960850703404069	0.169999159383988	0.227745755155157	0.22160340587814	0.143110619746815	0.0575103720311092	0.0115531498094781	0.00103374488048888	2.12814180234457e-05	
1.3332707584924e-05	2.7198723473245e-05	0.000110928127106568	0.000665568762639407	0.00292519604413233	0.00914997056138165	0.0259427824187451	0.058015410476735	0.117897400015359	0.190443861834751	0.231145418241704	0.202340370158627	0.114898607425358	0.0393170880513341	0.00664182161050575	0.000461844990741768	3.19984982038176e-06	
5.86692637594091e-06	2.08009207874269e-05	4.9602195723864e-05	0.000236810482810706	0.00116431820715264	0.00471540873542669	0.0137504753543757	0.0349359464978983	0.0755446774443882	0.138237052626863	0.207311043635532	0.228383976464025	0.177129974286862	0.0889196695107037	0.0256251343392801	0.00375003266811278	0.000218142989796348	1.06671388653471e-06	
4.25696759170572e-06	3.13951359888297e-05	6.43866348245491e-05	0.000433146452456057	0.00201407779182577	0.00720332128611505	0.0197278520618623	0.0454505787347441	0.0942657582297826	0.162162794954642	0.218004099459791	0.218215351476529	0.149021535999046	0.0653604161611518	0.0159136090996939	0.00202684869460089	0.000100570859354048	
3.18179335418822e-06	6.94691548997762e-05	0.000127271734167529	0.000944462327301537	0.00315315721400053	0.0107184012124754	0.0276789506869757	0.059290597959728	0.113969716751453	0.181690476203102	0.223432423216698	0.201348656143062	0.120519438371049	0.0466026666610101	0.00933697259786533	0.00106908256700724	4.50754058509998e-05	
1.69680798602679e-05	8.64311567882394e-05	0.000199374938358147	0.00138024724613366	0.00531896278369834	0.0153174038413612	0.0376680767848034	0.0752253307980194	0.135493829451708	0.197768803548874	0.221596229692655	0.178778870922756	0.0936558470412441	0.0316205470721048	0.00534971742844508	0.000508512143312403	1.48470698777344e-05	
4.230845508032e-06	5.12990017848879e-05	0.000133271633503008	0.000318899980167912	0.00228624314140279	0.00762292589409665	0.0210061479473789	0.0489529979506842	0.0933350961856284	0.158531367753024	0.209430025781715	0.211748000264428	0.152240629338269	0.0708185363918821	0.0204540226085807	0.00286269584187215	0.000203080584385536	5.28855688503999e-07	
2.63679563937284e-05	0.000113382212493032	0.000295321111609758	0.000718790491293037	0.00366145442483313	0.0112654456896565	0.0286983563798062	0.0617637736975416	0.112254718677636	0.178077575582429	0.213370557856306	0.198214783880319	0.126017737196907	0.0511232485744164	0.0128179909621193	0.00147555083979304	0.000104944466447039	
3.957620741732e-05	0.000134559105218888	0.000375710129081758	0.00141577286000893	0.00561348926007267	0.0155803613360505	0.0382158412476953	0.0776194964006758	0.133675236586568	0.193284920198535	0.213830776358546	0.176934669707527	0.0995779593241017	0.0352724267813779	0.00765773229386864	0.000738755871789974	3.27163314649846e-05	
4.69042657585158e-05	0.000268777253222955	0.000572337445098293	0.00236155072880797	0.00809283039312099	0.022549357516962	0.0508658316653333	0.0962986737160089	0.156259716824718	0.201097032804527	0.204733430936367	0.153530837183172	0.0747422109933059	0.0238105025502218	0.00437210998576008	0.000385247396286236	1.26483413281391e-05	
