# <P(U)> as a function of N_tot.
# number_of_species: 1
# species_total_upper_bound: 103
# species_total_lower_bound: 0
# volume: 729
# Bin widths for each
10	10	10	10	10	10	10	10	10	10	10	10	10	10	10	10	10	10	10	10	10	10	10	10	10	10	10	10	10	10	10	10	10	10	10	10	10	10	10	10	10	10	10	10	10	10	10	10	10	10	10	10	10	10	10	10	10	10	10	10	10	10	10	10	10	10	10	10	10	10	10	10	10	10	10	10	10	10	10	10	10	10	10	10	10	10	10	10	10	10	10	10	10	10	10	10	10	10	10	10	10	10	10	10	
# Bin lower bound for each
0	0	0	0	0	-10	-10	-10	-10	-10	-10	-10	-10	-10	-20	-20	-20	-20	-20	-20	-20	-20	-30	-30	-30	-30	-30	-30	-30	-40	-40	-50	-50	-50	-60	-60	-60	-60	-60	-60	-60	-60	-60	-60	-70	-70	-70	-80	-80	-80	-90	-90	-90	-90	-90	-90	-90	-90	-100	-110	-110	-110	-110	-110	-120	-120	-130	-130	-130	-140	-140	-160	-160	-160	-180	-180	-180	-180	-180	-180	-180	-180	-190	-190	-190	-190	-190	-200	-210	-210	-220	-220	-220	-220	-230	-240	-250	-250	-250	-250	-260	-260	-270	-270	
# Bin upper bound for each
0	0	0	0	0	0	0	0	0	0	0	0	0	0	0	0	0	0	0	0	0	0	0	0	0	0	0	0	0	0	0	0	0	0	0	0	0	0	-10	-10	-10	-10	-10	-10	-10	-10	-10	-10	-10	-20	-20	-20	-20	-20	-20	-20	-20	-20	-30	-30	-30	-30	-30	-30	-30	-40	-40	-40	-40	-40	-50	-50	-50	-50	-50	-50	-60	-60	-60	-60	-70	-70	-70	-70	-70	-70	-80	-80	-80	-80	-80	-90	-90	-90	-90	-100	-100	-100	-100	-100	-110	-110	-110	-110	
# Normalized histogram for each
1	
1	
1	
1	
1	
6.78683896188511e-05	0.999932131610381	
0.000127432963554172	0.999872567036446	
0.000584888605306535	0.999415111394693	
0.00156233449846415	0.998437665501536	
0.00390287639353125	0.996097123606469	
0.00680046001156676	0.993199539988433	
0.0146243567071353	0.985375643292865	
0.0294131182244312	0.970586881775569	
0.053661607793757	0.946338392206243	
5.96512390887942e-05	0.0953094242329845	0.904630924527927	
8.62086115771534e-05	0.147701877358303	0.85221191403012	
0.0001929307511659	0.215284107163053	0.784522962085781	
0.000292533741107639	0.29932185360016	0.700385612658733	
0.000651669404121477	0.396939813675748	0.602408516920131	
0.00160677378491899	0.497413160877392	0.500980065337689	
0.0039422517017275	0.594844953717028	0.401212794581245	
0.00728935178987389	0.684777370210715	0.307933277999411	
6.70236794659553e-06	0.0146915905389374	0.759204026782662	0.226097680310454	
5.35909270560494e-05	0.0259179120974819	0.81564721092719	0.158381286048272	
0.000400956950588738	0.0436976249983293	0.850088878790714	0.105812539260368	
0.000898144959245828	0.070305166697055	0.862482526691112	0.0663141616525867	
0.0014903129657228	0.107983041735568	0.850812186540909	0.0397144587578003	
0.00228678132146192	0.157578176799318	0.817720525553766	0.0224145163254536	
0.00460607540667779	0.222326237670778	0.760646885641798	0.0124208012807467	
9.45383825833288e-05	0.00852195991572578	0.301651720598563	0.682762951758414	0.00696882934471395	
0.000241000957309358	0.0144667519095979	0.387596484063812	0.594261499427623	0.00343426364165835	
3.32659144134554e-05	0.000671971471151799	0.0258808814136683	0.473806418990845	0.497984085586545	0.00162337662337662	
6.64248801030914e-05	0.000790456073226788	0.0406055292070198	0.550416483998246	0.407343934744198	0.00077717109720617	
0.000125502008032129	0.00114933417882055	0.064316476432044	0.617786937222574	0.316370746142465	0.000251004016064257	
3.28897601020898e-05	0.000197338560612539	0.00249304381573841	0.0974392032784513	0.664688895759194	0.235063115449636	8.55133762654335e-05	
4.63714351959193e-05	0.000410718426021	0.00543870689940711	0.141340134477162	0.685966016362492	0.166771554436753	2.64979629690967e-05	
5.90400094464015e-05	0.000577280092364815	0.0102992016478723	0.195055071208811	0.678842028614725	0.115128018420483	3.9360006297601e-05	
4.58172154914551e-05	0.000818164562347412	0.0177443530281907	0.258854176893724	0.647436526793253	0.0750944161904949	6.5453164987793e-06	
0.000171093153641652	0.00146087231186334	0.0282435313626912	0.329782053644284	0.593383959358796	0.0469584901687242	
0.0002162969954381	0.00247758376592732	0.045363378952336	0.401578312621257	0.521701798542289	0.0286626291227518	
0.000515793734738382	0.00384560138937857	0.0703895222052467	0.462934670479623	0.446220341860253	0.0160940703307609	
0.000888453372529806	0.00610158419075617	0.105797811530296	0.513754695410746	0.365382982198269	0.00807447329740323	
0.00125455833696267	0.0105629911790898	0.148791918824225	0.553884255617886	0.281255078361144	0.00425119768069215	
0.00175828722138905	0.0196449811242695	0.199248849356157	0.572154418989502	0.205027925738222	0.00216553757046077	
0.000155271466280213	0.00253610061591015	0.033234563428394	0.256152631851353	0.560821127270845	0.145819315770405	0.00128098959681176	
0.000467026017241044	0.00479350314918238	0.0502636751055673	0.318628500262702	0.525300485836787	0.0999565406345067	0.000590268994012986	
0.000701991576101087	0.00652592168893973	0.0723831314024232	0.378646456242525	0.47465030419635	0.0669426966876397	0.000149498206021528	
3.24793431377644e-05	0.000786000103933898	0.0102634724315335	0.106168476848724	0.434066933430338	0.408245855635816	0.0403848152574962	5.1966949020423e-05	
9.06530255447276e-05	0.00156700229870172	0.0155858451775828	0.145517531647619	0.47517725904102	0.337766697963545	0.0242885356298766	6.47521611033768e-06	
0.000117563304573866	0.00289989484615535	0.0260272093737142	0.193398167318708	0.496567804635913	0.267861458176854	0.0131279023440817	
1.29257416144251e-05	0.000297292057131778	0.00558392037743166	0.0410586182382214	0.24525948426291	0.49707878239514	0.203289601240871	0.00741937568668002	
1.94016530208374e-05	0.000588516808298734	0.00752137415441129	0.062829019699145	0.291645648209227	0.482738996029128	0.150304605952427	0.00435243749434118	
0.000150444793301936	0.00177263212977499	0.0110609628466771	0.0902145473574045	0.343543956043956	0.445617477760335	0.10540293040293	0.00223704866562009	
0.000278114384473271	0.00343007740850368	0.0182231139540582	0.124224425064728	0.3909030109193	0.39227371752849	0.0696213009131422	0.00104623982730421	
0.000560845006476424	0.00532135083525846	0.0289436083699441	0.162892090750063	0.424746618238145	0.33307516658432	0.0441465140812157	0.000313806134576095	
0.00111792066755834	0.007798827514157	0.0473186539702819	0.203840856007825	0.441911378169937	0.271208884807591	0.0267036645173311	9.98143453177091e-05	
0.00250727973414875	0.013365525566957	0.0695139989785157	0.254323067636856	0.43701620445606	0.207971557630952	0.0152890999661716	1.32660303394114e-05	
0.00396162917031031	0.0192384132283965	0.0969274187137292	0.302998383549302	0.41754113999523	0.151760871293426	0.00751914566605719	5.29983835493017e-05	
0.000197795242365104	0.00679096998786856	0.0291220528508888	0.131672292842449	0.344513159976792	0.378843820876628	0.105273221161454	0.00358668706155388	
6.53958081286989e-06	0.000673576823725599	0.00888075074387732	0.0432462479155086	0.170434555145015	0.377333812902593	0.330006866559854	0.0679266259032796	0.00149102442533434	
0.00010991213494624	0.00180385209705888	0.0136161738939283	0.0611305432892176	0.209628303021291	0.393879833709405	0.276532466105037	0.042788147592601	0.00051076815651488	
0.000340807057327679	0.00322455908086958	0.0185346607331284	0.0833994193172062	0.247530787329842	0.40113646045655	0.218247596327149	0.02748084598798	0.000104863709946978	
0.000795139049941358	0.00528767468211003	0.0256233558843603	0.116315590688922	0.290755845928557	0.378731355645819	0.166329836930233	0.0160750611263145	8.61400637436472e-05	
0.00118753875994564	0.00853048675894283	0.0374998350640611	0.14924063493739	0.322185863010807	0.348041220789845	0.125885705991793	0.00732315568633143	0.000105559000884057	
0.000217991570992588	0.00303867038353305	0.0129407723507418	0.0527209311542984	0.189091173323116	0.343984093221123	0.307625741501632	0.0865162304633312	0.0038115495897795	5.28464414527487e-05	
0.000561718859710715	0.00380497656161187	0.0200279522003999	0.0728696477889007	0.228579453126567	0.352364903270675	0.263800563056286	0.0561317631953779	0.00185902194047118	
7.30014202094477e-05	0.00109502130314172	0.00694840790539016	0.0281984576790858	0.103051459364755	0.263336032173717	0.349431252571641	0.210483003942077	0.0367927157855616	0.000590647854421895	
0.000160077904580229	0.00207434284685213	0.0104317434484783	0.0403863213430536	0.133238175912277	0.293642906214358	0.332228351130884	0.165767340105518	0.0218639738005829	0.000206767293416129	
0.000328114746414175	0.00318070417442312	0.0158834322141719	0.0584044248617231	0.163702473583415	0.317936493056021	0.304316382970175	0.125225997401867	0.0109014450441281	0.00012053194766235	
6.75219446320054e-06	0.000952059419311276	0.00561782579338285	0.025557056043214	0.0813166779203241	0.195725860904794	0.324199864956111	0.273403106009453	0.0878392977717758	0.00534773801485483	3.37609723160027e-05	
5.41385540945665e-05	0.00188808207404801	0.00771474395847573	0.0369021919347089	0.106172471898707	0.233858251730742	0.32479748797109	0.228397025086453	0.0578267430922589	0.00238886369942275	
1.36091453456723e-05	5.44365813826892e-05	0.000272182906913446	0.00264017419706042	0.0129354926510615	0.0505511703864997	0.135254491017964	0.262989929232444	0.313160043549265	0.184315459989113	0.0364997278170931	0.00131328252585738	
0.000169180691746012	0.000236852968444417	0.000426335343199951	0.00481149887325659	0.0189820736139026	0.065039825134837	0.164436865149454	0.284453647874075	0.293122466519141	0.145596903316618	0.0220949983420292	0.000629352173295166	
0.000170487868083307	0.000177307382806639	0.00089335642875653	0.00787653950544879	0.0276190346294958	0.0821478743572607	0.190619075546584	0.298285573998554	0.270571066162932	0.108266615747623	0.0130798292393513	0.000293239133103288	
0.000149793353260389	0	0.000313204284089903	0.00052427673641136	0.00245797275122728	0.0122217758682908	0.041315730344729	0.107823979192341	0.218317003588232	0.299470957111439	0.231716699916252	0.078049145837447	0.00750328524058855	0.000136175775691262	
7.48095756256801e-05	2.04026115342764e-05	0.000816104461371056	0.00119695321001088	0.00390369967355822	0.0178522850924918	0.0547402067464636	0.138248095756257	0.246225516866159	0.291886561479869	0.189574265505985	0.0518770402611534	0.00355005440696409	3.40043525571273e-05	
0.000109115212024496	0.000122754613527558	0.000907020199953626	0.00137075985105774	0.00582402444180749	0.026044437170097	0.0704338693618124	0.168801233001896	0.269364540283972	0.272065141781579	0.152045228255384	0.0316911493923647	0.00122072643452405	
0.000128200802941871	0.000215917141796835	0.000708478121520866	0.0027192065045039	0.0094261327215681	0.035140514827435	0.0939779359670726	0.201983738740258	0.279255085860801	0.246408690664957	0.11283694882089	0.0168010525960663	0.000398097230187915	
0.00014809329877823	0.000302918111137289	0.000787587088956952	0.00405910268923968	0.013866917976507	0.0515230049476625	0.115694523913702	0.232769008111474	0.278711588300629	0.211719565144223	0.0813839991922184	0.00893945003534045	9.42411901316011e-05	
8.12056329640733e-05	0.000446630981302403	0.00134666007998755	0.00602951824758244	0.019976585709162	0.0660810838245146	0.145635535584985	0.252549518518268	0.271233581236085	0.176649320241181	0.0555514200835065	0.00440540558830098	1.35342721606789e-05	
0.000149108062679607	0.000779428509461584	0.00259583581846771	0.00821449872580383	0.0311229192647617	0.0858184677113268	0.170810063438703	0.268489399772271	0.254310578539283	0.139592257224963	0.036341701458548	0.00177574147372987	
0.000357402961724166	0.000721549375556335	0.00464623850241416	0.0119021929706255	0.0441358940468805	0.110518436598063	0.195000404607126	0.275389097186632	0.230963234699107	0.10401100531384	0.021565559841394	0.000788983896636366	
6.03690561633453e-05	0.000482952449306762	0.00161654917059625	0.00641253529912867	0.0196333585989013	0.0585110307680956	0.132858877269709	0.2205281621647	0.271546722295634	0.197473890383209	0.0770040849728004	0.0134153458140767	0.000456121757678609	
3.34300576334194e-05	0.000842437452362168	0.00236016206891941	0.00904617359560328	0.0292178703716085	0.0741946699116109	0.154854712969525	0.236263589318428	0.264298035649813	0.165960178115347	0.0543706457349932	0.00841768851209499	0.000140406242060361	
6.09021640568962e-05	0.00149548647295267	0.00348495716547795	0.0132766717644034	0.039687910243744	0.0973960941412118	0.178280934915887	0.249813910054271	0.244501887967086	0.129714842534071	0.0379894165572683	0.0041954824128084	0.000101503606761494	
0.000468456169233137	0.00220843622638479	0.00492548200793699	0.0187583234622926	0.0529823927402678	0.121397070141273	0.204213428630703	0.254793310445903	0.215128457373835	0.0990650953308304	0.0239648791717695	0.00208128383759294	1.33844619780896e-05	
0.00100460107291395	0.00355628779811537	0.00708578623428636	0.0258986156597215	0.066491196345931	0.143912452365166	0.225539638209667	0.252750932604663	0.181705544728188	0.0773743746358321	0.0138367054442681	0.000843864901247715	
6.02316912389659e-05	0.00125148069574296	0.00485868975994325	0.0116782556902217	0.0353091558863093	0.0904211533699631	0.170589534409027	0.240625606499669	0.232949412071769	0.149367901862498	0.0533385087971731	0.00922214116969944	0.000327928096745481	
6.6657778962805e-06	0.000339954672710305	0.00220637248366884	0.00655245967204373	0.0178842820957206	0.0482135715237968	0.113038261565125	0.192694307425677	0.247520330622584	0.215264631382482	0.117051059858686	0.0343754166111185	0.00473270230635915	0.000119984002133049	
9.25754489909276e-05	0.000826566508847568	0.0024796995265427	0.00855000396751924	0.0259012881212474	0.0634670828153517	0.133163170841379	0.216335599227656	0.246925172587087	0.185593937630598	0.0922712725156717	0.0216626550638771	0.00265823789245378	7.2737852778586e-05	
0.000159905122960377	0.000219869544070518	0.00111933586072264	0.0035512262724117	0.01271245727535	0.0338532470734031	0.0813583940195484	0.15286929755012	0.232935125159072	0.234540839102133	0.161530825043807	0.0686592621711118	0.0151176968332123	0.0013591935451632	1.33254269133647e-05	
0.000552137036421088	0.000465657741559953	0.0018958922334941	0.00434392150340928	0.0176085148844171	0.0447829702311658	0.100096457675037	0.177648428405122	0.239827041410278	0.220981207384001	0.134708132379844	0.0478629635789124	0.00846166638948944	0.000765009146848495	
0.000580184076584298	0.000771381101822305	0.0026767583533321	0.00760832300429864	0.0260885044436826	0.0572272475539967	0.121429890028745	0.201172235554735	0.241264273846884	0.196979087001239	0.104683667818244	0.034455022548063	0.00489859964661515	0.000164825021756903	
0.000688080981838632	0.00140924278011181	0.00447914254523802	0.012855205266466	0.0357868272188958	0.0763439081676536	0.14388170300043	0.217221873035827	0.23545601905455	0.169261305369017	0.0761189586158986	0.0236726322405637	0.00269277845777234	0.000132323265738198	
0.00013226288571164	0.00142182602140013	0.00247992910709326	0.00577988810559869	0.0191648921396167	0.0441030592405465	0.0970875712566297	0.165619585488116	0.235355191979579	0.219000886161334	0.139722512465777	0.0550015210231857	0.0137421138254394	0.00123665798140384	0.000152102318568387	
9.34255131729974e-05	0.000333662547046419	0.00171502549181859	0.00356351600245576	0.00792114886688199	0.0275605263860342	0.0567960387582415	0.120198595948002	0.184748952299602	0.240330459386595	0.200778101059712	0.10810666524304	0.0396457838400555	0.00760750607265836	0.000600592584683554	
8.10624586243701e-05	0.00016212491724874	0.000662010078765689	0.00246564978315792	0.00603239796263021	0.0107745517921559	0.0339043733196428	0.0767729035221638	0.137360336138995	0.20404771876731	0.231352256913952	0.178830538930246	0.0861153518786225	0.0267641217558129	0.00427604469243552	0.000398557088236486	
0.000133842828366649	7.3613555601657e-05	0.00121796973813651	0.00414243553794779	0.00823802608596725	0.0165965107174645	0.0444625875834008	0.0950016395746475	0.156703183451673	0.218009890985016	0.223236453432734	0.148552155204144	0.0644720904242148	0.0165228971618628	0.00238240234492635	0.000254301373896633	
0.000395494004970041	0.000540508473459056	0.00240592186356775	0.00491730879512751	0.0120098346175903	0.0226222570842864	0.0569049957484394	0.114732810841809	0.17782728776803	0.227699081794752	0.207753000810763	0.113935231265119	0.0461343756797553	0.0108826767034256	0.00102169284617261	0.000217521702733523	
0.000505941570235068	0.000888640963105184	0.00222484562295677	0.00769290643972809	0.0147306834103056	0.0311672980125577	0.0722328887966374	0.135754501582689	0.200527995433553	0.228212080327954	0.178441699963676	0.0909397540345597	0.0301294691505371	0.0059999481085569	0.000538373722173214	1.29728607752582e-05	
0.000268732924262104	0.000902174817165635	0.00113891572663463	0.00305203821126247	0.00833072065212523	0.0159576169788021	0.0416600016635848	0.0945428021165917	0.162660200014076	0.218595038678346	0.214423279949325	0.149287537830557	0.0672408166921536	0.0190160535930232	0.00264254042191069	0.000281529730179347	
0.000625923559891851	0.00133573378244962	0.00185195939885527	0.0046137664466255	0.0114085861225649	0.0218040794729336	0.053719728207213	0.118028534370947	0.182853566151086	0.215408044085668	0.197120751624497	0.13021145891812	0.0470604177555801	0.0124087732543508	0.00112924353588736	0.000419433313329591	
3.23484314245602e-05	0.000983392315306631	0.00133922506097679	0.00287901039678586	0.00636617130435345	0.0146279606901861	0.0283307562416298	0.0714188668991441	0.141026221638513	0.195927979452276	0.214974735875057	0.181177094722677	0.100267198043567	0.0331830209553139	0.00672847373630853	0.000530514275362788	0.000207029961117185	
2.57758531807403e-05	0.00156588308072997	0.00152721930095886	0.0025453655015981	0.00781652747705949	0.020788225590267	0.0378389524693267	0.0944556139808228	0.165178111145479	0.202334003505516	0.205826631611506	0.160615785132488	0.0727459016393443	0.0217548200845448	0.0047040932054851	0.000244870605217033	3.22198164759254e-05	
