# <P(U)> as a function of N_tot.
# number_of_species: 1
# species_total_upper_bound: 103
# species_total_lower_bound: 0
# volume: 729
# Bin widths for each
10	10	10	10	10	10	10	10	10	10	10	10	10	10	10	10	10	10	10	10	10	10	10	10	10	10	10	10	10	10	10	10	10	10	10	10	10	10	10	10	10	10	10	10	10	10	10	10	10	10	10	10	10	10	10	10	10	10	10	10	10	10	10	10	10	10	10	10	10	10	10	10	10	10	10	10	10	10	10	10	10	10	10	10	10	10	10	10	10	10	10	10	10	10	10	10	10	10	10	10	10	10	10	10	
# Bin lower bound for each
0	0	0	0	0	0	0	0	-10	-10	-10	-10	-10	-10	-10	-20	-20	-20	-20	-20	-20	-20	-30	-30	-30	-30	-30	-30	-30	-30	-40	-40	-40	-40	-40	-50	-50	-50	-50	-50	-50	-60	-60	-60	-60	-70	-70	-70	-70	-80	-80	-80	-80	-80	-80	-80	-90	-90	-90	-100	-100	-100	-100	-110	-110	-120	-120	-120	-120	-120	-130	-130	-130	-130	-150	-150	-150	-150	-150	-150	-160	-180	-180	-180	-190	-190	-190	-190	-200	-200	-200	-210	-210	-220	-220	-220	-230	-230	-230	-230	-230	-240	-240	-240	
# Bin upper bound for each
0	0	0	0	0	0	0	0	0	0	0	0	0	0	0	0	0	0	0	0	0	0	0	0	0	0	0	0	0	0	0	0	0	0	-10	-10	-10	-10	-10	-10	-10	-10	-10	-10	-10	-10	-20	-20	-20	-20	-20	-20	-20	-20	-20	-30	-30	-30	-30	-30	-30	-30	-40	-40	-40	-40	-40	-40	-40	-40	-50	-50	-50	-50	-60	-60	-60	-60	-60	-70	-70	-80	-80	-80	-80	-80	-80	-80	-90	-90	-90	-100	-100	-100	-100	-100	-110	-110	-110	-110	-120	-120	-120	-120	
# Normalized histogram for each
1	
1	
1	
1	
1	
1	
1	
1	
0.000718132854578097	0.999281867145422	
0.00339305103148751	0.996606948968513	
0.00611157062769966	0.9938884293723	
0.0165147549860121	0.983485245013988	
0.0296111309311452	0.970388869068855	
0.0556891934825035	0.944310806517496	
0.0957632570535796	0.90423674294642	
4.59812396542211e-05	0.150588559867574	0.849365458892772	
0.000361076006499368	0.229328398627911	0.770310525365589	
0.000579891158890178	0.3101525559818	0.68926755285931	
0.00142228543490822	0.400106671407618	0.598471043157474	
0.00258887707456891	0.497757847533632	0.499653275391799	
0.00541416011105969	0.602267468764461	0.392318371124479	
0.00862432622451371	0.68975861260839	0.301617061167096	
4.77349754164877e-05	0.0112177192228746	0.769487803713781	0.219246742087928	
0.000246038775711052	0.0184037004231867	0.827772857002264	0.153577403798839	
0.000292397660818713	0.0354775828460039	0.855360623781676	0.108869395711501	
0.000195646857422353	0.059378821227684	0.870921985815603	0.0695035460992908	
0.0002027266737621	0.0915310932035883	0.865997668643252	0.0422685114793979	
0.000677930746766792	0.139497288277013	0.83375052148519	0.0260742594910305	
0.00190365395801385	0.20041245835757	0.782719052403363	0.0149648352810534	
0.00554210384718859	0.284422921711057	0.701587301587302	0.00844767285445252	
0.000221606648199446	0.00941828254847645	0.36803324099723	0.618393351800554	0.00393351800554017	
0.000220592290299454	0.0188606408206033	0.445651574477472	0.533061269508631	0.00220592290299454	
0.000217226023677637	0.0297056587379168	0.524003475616379	0.445204735527316	0.000868904094710546	
0.000592225691827285	0.0466243135565845	0.607300527619253	0.345267578335307	0.000215354797028104	
0.00319644598548055	0.0761187560949182	0.671199479900314	0.249485318019287	
0.000620697438212391	0.00586841214309897	0.109863446563593	0.699695293984878	0.183952149870218	
0.00129315191723828	0.0104014393343079	0.16113797368717	0.701113235128753	0.126054199932531	
0.000517985611510791	0.0191654676258993	0.221755395683453	0.675338129496403	0.0832230215827338	
0.00127802951086325	0.0260834204717091	0.288195654699663	0.631578947368421	0.0528639479493436	
0.00375715648854962	0.0417461832061069	0.372554866412214	0.549618320610687	0.0323234732824427	
0.00583126550868486	0.0653846153846154	0.437220843672457	0.477047146401985	0.0145161290322581	
0.000754100421039402	0.00791805442091372	0.100358197699994	0.485829196254635	0.396028404449192	0.0091120467542261	
0.00137148556823141	0.00928869771211271	0.143070880867776	0.53145065768967	0.309394676142385	0.0054236020198242	
0.00186752988047809	0.0171190239043825	0.19683764940239	0.552664342629482	0.229581673306773	0.00192978087649402	
0.00135953528612038	0.0331232233345693	0.25139043381535	0.551785934989494	0.160981337288345	0.00135953528612038	
0.000479386385426654	0.00479386385426654	0.0515939597315436	0.296081016299137	0.532718120805369	0.114273729626079	5.99232981783317e-05	
0.00147365835687093	0.00509640181751197	0.0701829792459781	0.353125383765197	0.493000122804863	0.0771214540095788	
0.00214741362976063	0.00631592244047243	0.111854986420767	0.416598244173562	0.419819364618202	0.0432640687172362	
0.00224849029937042	0.0124630605165103	0.166067069253501	0.453938070152897	0.342155980984196	0.0231273287935243	
0.00045266425245732	0.00284531815830316	0.0244438696326953	0.204862907397827	0.479630108639421	0.274508535954475	0.0132565959648215	
0.000666488936283658	0.00433217808584377	0.038989602772594	0.268728339109571	0.473407091442282	0.206411623567049	0.00746467608637697	
0.000461771884688964	0.00560723002836599	0.0676825648129824	0.30417573718583	0.464542515997097	0.153901972425622	0.00362820766541329	
0.00159438775510204	0.00988520408163265	0.106377551020408	0.346811224489796	0.425956632653061	0.107206632653061	0.00216836734693878	
0.00220547693438706	0.0160509710224836	0.141334313545304	0.380444771181768	0.39036941738651	0.0684310482141763	0.00116400171537095	
0.00514201762977473	0.0309133202742409	0.187438785504407	0.411177766895201	0.317948090107738	0.0472575905974535	0.000122428991185113	
0.0051269380443511	0.0484279449008586	0.236148001729569	0.416764469701649	0.265427141886466	0.0281055037371054	
0.00242115323351386	0.0104491876393756	0.075183179356483	0.279770627588404	0.408728894552405	0.204205160879261	0.0192417967505575	
0.00338485119427769	0.0187763443607102	0.104419466087623	0.32398773789756	0.382424319836505	0.158193894494827	0.00881338612849662	
0.00346020761245675	0.0312654473554128	0.13538062283737	0.360046959960455	0.346206129510628	0.119747899159664	0.00389273356401384	
0.000494865767660522	0.00544352344426574	0.0411975751577385	0.175182481751825	0.377768155387851	0.325126809352963	0.0732401336137573	0.00154645552393913	
0.00143857893420065	0.0107580685514136	0.0593570177633225	0.214535901926445	0.404928696522392	0.261133350012509	0.0473480110082562	0.000500375281461096	
0.00148257968865827	0.0131578947368421	0.0770941438102298	0.253521126760563	0.420620212503089	0.203051643192488	0.0308253026933531	0.000247096614776378	
0.00340641644989471	0.0189520624303233	0.107333085593955	0.30038399603617	0.39310045831785	0.156323547627895	0.0205004335439118	
0.000126550240445457	0.00626423690205011	0.0340420146798279	0.152872690458112	0.316691976714756	0.366109845608707	0.113452290559352	0.0104403948367502	
0.000714796283059328	0.00883748131782442	0.04737149912275	0.204236792514133	0.347131067645721	0.300019494444083	0.0853206836051725	0.00636818506725583	
0.000131700250230475	0.0024364546292638	0.0161991307783485	0.0759910443829843	0.25358883181878	0.348281311734492	0.237784801791123	0.0620966679836692	0.0034900566311076	
0.00048017560707916	0.0056935107696529	0.0187954451913843	0.100768280971327	0.269515708602003	0.349156262861847	0.211002881053642	0.0431472081218274	0.00144052682123748	
0.000413536425666827	0.00971810600317045	0.0287407815838445	0.13626025225722	0.295265007926115	0.328416844717072	0.170445930112344	0.0302570818112895	0.000482459163277965	
0.00137409824802473	0.0179319821367228	0.0469254551700447	0.165166609412573	0.313706630024047	0.31164548265201	0.127997251803504	0.0149776709034696	0.000274819649604947	
0.00539640239840107	0.0262491672218521	0.0673550966022652	0.213924050632911	0.313191205862758	0.28074616922052	0.0864090606262492	0.00639573617588274	0.00033311125916056	
0.00186641781095854	0.00853219570723903	0.035528596187175	0.0950539928009599	0.26069857352353	0.321890414611385	0.223903479536062	0.0491934408745501	0.00333288894814025	
0.00485695276114438	0.0112441783100466	0.0437791084497671	0.140851630073187	0.286493679308051	0.309248170326015	0.168862275449102	0.0333998669328011	0.00126413838988689	
0.00478530781169167	0.0186239006725297	0.0446197620279358	0.192188308329022	0.310139679255044	0.283432488360062	0.126939989653389	0.0184945680289705	0.000775995861355406	
0.00789369819760558	0.0198658071306407	0.0625575582160242	0.22595711090646	0.331864228391001	0.241020918300224	0.0989343507433232	0.011774766478095	0.00013156163662676	
6.65335994677312e-05	0	0.0127744510978044	0.0294078509647372	0.0937458416500333	0.263073852295409	0.321490352628077	0.200798403193613	0.0708582834331337	0.00778443113772455	
0.00111468100452429	0.00111468100452429	0.0190151465477674	0.0434069897055931	0.124516425152449	0.286145170808472	0.295390466198938	0.178676808078159	0.0453085043603698	0.00531112713920399	
0.000442981901025187	0.00348057207948361	0.0225287938235666	0.0523351474496899	0.15162637640805	0.305467662321225	0.284647512973041	0.154347550942919	0.0235413238830528	0.0015820782179471	
0.000897558640497846	0.00580421254188607	0.0308760172331259	0.0838918142651987	0.199018669219722	0.298228817616084	0.259514121589277	0.109621828626137	0.0111895643848731	0.000957395883197702	
0.0024147298520978	0.0134017506791428	0.0459402354361606	0.1012375490492	0.232538484757018	0.293148204044673	0.217446423181407	0.089284636281316	0.00446725022638092	0.00012073649260489	
0.00686009188746932	0.0254893322424319	0.0547548618541129	0.124236893448298	0.258228963433822	0.275536534709547	0.191138523506829	0.0602303480395242	0.00352445087796589	
0.000188560653676933	0.0112507856693903	0.0380892520427404	0.075801382778127	0.158139534883721	0.274670018856065	0.243997485857951	0.162099308610937	0.0350722815839095	0.000691389063482087	
0.000461254612546125	0.000131787032156036	0.00131787032156036	0.0148919346336321	0.0489588824459673	0.103255139694254	0.193265682656827	0.27358987875593	0.227662098049552	0.116170268845546	0.0202952029520295	
0.000522773312422401	0.0028099065542704	0.0021564399137424	0.02123766581716	0.0692021172319153	0.121871528458472	0.221917271123309	0.271580735803437	0.198196432072143	0.0792001568319937	0.0113049728811344	
0.00114744693057946	0.00388857015363039	0.00937081659973226	0.0279849556957991	0.0897558487919934	0.142410913495251	0.244087460954931	0.242238796455664	0.165742334417033	0.0662331867151144	0.0071396697902722	
0.000128650456709121	0.00283031004760067	0.00437411552811012	0.012157468159012	0.0444487327930014	0.104142544706034	0.15952656631931	0.261546378489644	0.226489129036408	0.140228997812942	0.0403962434066641	0.00373086324456452	
0.000385926545314209	0.00340901781694218	0.00347333890782788	0.0154370618125683	0.0451534058017624	0.124525631954718	0.193799446838618	0.27008426062906	0.207178233742844	0.112175982504663	0.0225123818099955	0.00186531163568534	
0.000507904260046981	0.00444416227541109	0.0013967367151292	0.0246968446447845	0.051869722557298	0.149641292616342	0.233889911751635	0.266014856199606	0.172306520220938	0.081264681607517	0.012951558631198	0.00101580852009396	
0.000520663846404165	0.00357956394402864	0.0041002277904328	0.0328018223234624	0.0799219004230394	0.169410999023755	0.243215099251546	0.249723397331598	0.147282785551578	0.0626749105109014	0.00663846404165311	0.000130165961601041	
6.60022440762986e-05	0.00198006732228896	0.00429014586495941	0.011484390469276	0.0454755461685697	0.120982113391855	0.188568411325985	0.24500033001122	0.219259454821464	0.125602270477196	0.0333311332585308	0.00396013464457792	
0.000405761817812944	0.00162304727125178	0.00635693514573612	0.0238046933116927	0.0543720835869345	0.140055454115101	0.213633597078515	0.251775207952932	0.19091093528099	0.0951511462771353	0.0193413133157503	0.00256982484614864	
0.000326541274817137	0.00176332288401254	0.00744514106583072	0.0348746081504702	0.085880355276907	0.156935736677116	0.229623824451411	0.24294670846395	0.162225705329154	0.0646551724137931	0.0126044932079415	0.000718390804597701	
0.000124688279301746	0.00180798004987531	0.00268079800498753	0.0101620947630923	0.0400249376558603	0.100187032418953	0.180548628428928	0.23784289276808	0.237718204488778	0.136907730673317	0.0463840399002494	0.00561097256857855	
0.00125884186548375	0.00119889701474643	0.00437597410382448	0.0169044479079247	0.056647883946769	0.127442752667546	0.217120249370579	0.243436038844263	0.191883467210167	0.106462054909483	0.0305718738760341	0.00269751828317947	
0.000535618639528656	0.00148782955424627	0.00119026364339701	0.00702255549604237	0.0293995119919062	0.0881985359757186	0.159078735940011	0.222162709040052	0.227578408617509	0.160983157769446	0.0801642563827888	0.0198774028447301	0.00232101410462417	
0.000551774875850653	0.00196186622524677	0.00386242413095457	0.014346146772117	0.0424253571209613	0.100055177487585	0.164244988044878	0.260560358040586	0.206302495248605	0.130280179020293	0.0619214027343511	0.012690822144565	0.000797008154006499	
0.0019482496194825	0.00316590563165906	0.00572298325722983	0.0236225266362253	0.0558904109589041	0.126879756468798	0.188493150684931	0.259056316590563	0.181369863013699	0.104779299847793	0.0406088280060883	0.00834094368340944	0.000121765601217656	
0.00119925646099418	0.00533669125142412	0.00287821550638604	0.00869460934220783	0.0280626011872639	0.0839479522695929	0.135036277507945	0.213527612880014	0.245607723211609	0.167596090423937	0.0797505546561132	0.0253043113269773	0.00305810397553517	
0.00247225895475191	0.00885413672166964	0.00574943942965561	0.012821249928132	0.0380612890243201	0.093255907549014	0.151497728971425	0.232277352958087	0.241303972862646	0.139941355717818	0.0571494279307767	0.0155234864600701	0.00109239349163457	
0.00330560299708005	0.0116797972563495	0.00429728389620407	0.0178502561842323	0.0522285273538648	0.109084898903642	0.179108589058454	0.235469120158669	0.228802820781224	0.10776265770481	0.0401630764145226	0.00953115530824748	0.000716213982700678	
0.00396017820801936	0.0101204554204939	0.00478521533469006	0.0232660469721137	0.0629228315274187	0.128485781860184	0.206479291568121	0.238490732082944	0.194323744568506	0.0893790220559925	0.0314614157637094	0.00627028216269732	5.500247511138e-05	
0.00613836199745617	0.0129956312558757	0.00453464579992258	0.0277055798263562	0.0846651551180667	0.160758723663109	0.204722667698944	0.239506719017862	0.167228889011779	0.0721119283304761	0.0171431731460488	0.00248852513410385	
0.000679347826086957	0.00951086956521739	0.00611413043478261	0.00367980072463768	0.0409307065217391	0.0923913043478261	0.177875905797101	0.213201992753623	0.235450634057971	0.152060688405797	0.0518002717391304	0.014945652173913	0.00135869565217391	
0.00165818514494825	0.00960603808107954	0.00972039567728286	0.0076047801475213	0.0526616730516325	0.116301675338784	0.179827320029733	0.214877923266053	0.233403853850992	0.12991022928698	0.0323060209274401	0.0105208988507062	0.00160100634684659	
0.00277070964093865	0.00785976816511168	0.0121006502685892	0.015154085383093	0.0753180661577608	0.148657054000565	0.191178965224767	0.230817076618603	0.202148713599095	0.0888888888888889	0.0190556969182923	0.00559796437659033	0.000452360757704269	
