# <P(U)> as a function of N_tot.
# number_of_species: 1
# species_total_upper_bound: 103
# species_total_lower_bound: 0
# volume: 729
# Bin widths for each
10	10	10	10	10	10	10	10	10	10	10	10	10	10	10	10	10	10	10	10	10	10	10	10	10	10	10	10	10	10	10	10	10	10	10	10	10	10	10	10	10	10	10	10	10	10	10	10	10	10	10	10	10	10	10	10	10	10	10	10	10	10	10	10	10	10	10	10	10	10	10	10	10	10	10	10	10	10	10	10	10	10	10	10	10	10	10	10	10	10	10	10	10	10	10	10	10	10	10	10	10	10	10	10	
# Bin lower bound for each
0	0	0	0	-10	-10	-10	-10	-10	-10	-10	-10	-10	-20	-20	-20	-20	-30	-30	-30	-30	-30	-30	-30	-30	-40	-40	-40	-40	-40	-40	-50	-50	-50	-60	-60	-60	-60	-70	-70	-70	-80	-90	-90	-90	-90	-90	-90	-90	-90	-90	-90	-100	-110	-110	-110	-120	-120	-120	-120	-120	-130	-130	-130	-130	-130	-140	-140	-150	-150	-160	-160	-160	-170	-180	-180	-180	-180	-190	-190	-200	-200	-200	-200	-200	-210	-210	-220	-220	-220	-220	-250	-250	-250	-250	-250	-260	-260	-260	-260	-270	-270	-270	-270	
# Bin upper bound for each
0	0	0	0	0	0	0	0	0	0	0	0	0	0	0	0	0	0	0	0	0	0	0	0	0	0	0	0	0	0	0	0	0	0	0	0	0	0	-10	0	-10	-10	-10	-10	-10	-10	-10	-10	-10	-10	-10	-20	-20	-10	-20	-20	-20	-20	-20	-20	-30	-30	-30	-30	-30	-30	-30	-30	-40	-40	-40	-40	-40	-50	-50	-50	-50	-50	-50	-60	-60	-60	-60	-70	-70	-70	-70	-80	-80	-80	-80	-80	-90	-90	-90	-90	-90	-100	-100	-100	-100	-100	-110	-110	
# Normalized histogram for each
1	
1	
1	
1	
1.9605181061199e-06	0.999998039481894	
2.39996199243865e-05	0.999976000380076	
0.000116848874315102	0.999883151125685	
0.000492622633957436	0.999507377366043	
0.00142993280390959	0.99857006719609	
0.00362861100350976	0.99637138899649	
0.0077537462718604	0.99224625372814	
0.0163319212730212	0.983668078726979	
0.0316021766957899	0.96839782330421	
4.8939170079766e-06	0.0563397513792282	0.943655354703764	
2.79351101697033e-05	0.0941883698785019	0.905783695011328	
7.96500902701023e-05	0.146595499474899	0.853324850434831	
0.00022488397807455	0.215157376957216	0.784617739064709	
4.91741448247409e-07	0.000490757965350914	0.299917534959129	0.699591215334072	
1.9656985601258e-06	0.00104476878470687	0.395542778514915	0.603410487001818	
2.9520454969252e-06	0.0021033324165592	0.495443271771705	0.502450443766239	
1.179029776397e-05	0.0041816256069547	0.594943337793996	0.400863246301285	
2.31052695745877e-05	0.00790740981079242	0.68469713416001	0.307372350759623	
6.49134143570769e-05	0.0146291231082903	0.760400653461704	0.224905310015648	
0.000106851916046893	0.0261048586600277	0.816211257563343	0.157577031860582	
0.000227903567749135	0.0442723600226624	0.849357218414805	0.106142517994783	
4.9206253918048e-07	0.000545205293411971	0.0711871796057792	0.860609015963493	0.0676581070747768	
4.9222215167038e-07	0.00123941537790602	0.108111673392882	0.849704888208966	0.0409435307980939	
4.4385045198771e-06	0.00251663206277032	0.159066631816187	0.81500855645038	0.0234037411661431	
3.311757480494e-05	0.0047160415106557	0.223300438190001	0.759037514303579	0.012912888420959	
8.00620728169494e-05	0.00895163163539139	0.297541303627998	0.686490760737955	0.0069362419258388	
0.000218830378793904	0.0155957397726436	0.380628522341693	0.600025983020146	0.00353092448672421	
4.95662212150366e-06	0.000469392114906397	0.0262051654941777	0.464862257949554	0.506801724706233	0.00165650311300652	
1.87942313579772e-05	0.000880855948646247	0.0419892803639355	0.543937698112218	0.412406269953415	0.000767101390426911	
2.47543502057334e-05	0.00178330338882103	0.0651935517888236	0.610108092345608	0.322551658615727	0.000338639510814433	
2.48250701432357e-06	6.25591767609539e-05	0.00344323722886679	0.0982437255876466	0.657211459450979	0.24089056463629	0.000145971412442226	
3.48635267246364e-06	0.000154395618351961	0.0064686783585654	0.140769457956828	0.679716748786874	0.172831451283949	5.57816427594183e-05	
4.47060354638077e-06	0.00031343898197403	0.0110791490553863	0.193543355664826	0.676535937940075	0.118499804535278	2.38432189140308e-05	
1.99160042520669e-05	0.000697060148822342	0.0186095143731313	0.257781805236415	0.645941242808455	0.076947971928392	2.48950053150836e-06	
1.99143583021217e-06	7.01981130149791e-05	0.00127252749550558	0.0303046747462537	0.327913806674397	0.59271901188937	0.047717789645629	
3.97882271609359e-06	0.000126824974075483	0.00237137833879178	0.0471132397812642	0.398570607939243	0.523624508553226	0.0281884668850046	9.94705679023398e-07	
1.34590374196134e-05	0.00021783701305078	0.00431287376868501	0.0719445368022424	0.463281004263524	0.444639240471625	0.0155910486434536	
9.97790890967398e-07	1.69624451464458e-05	0.000362696988866649	0.00731081385811813	0.1051631687444	0.517154020997512	0.361535560269563	0.00845577890550322	
2.49598894576416e-06	2.49598894576416e-06	3.39454496623925e-05	0.000721840003114994	0.0126526671638677	0.145483707681755	0.555267684830477	0.281493639720968	0.00434152317226217	
1.99949212899923e-06	1.99949212899923e-06	0.000119469654707704	0.00141364093520246	0.0212710971413261	0.195397369068257	0.570139684520132	0.209531778928152	0.00212296076796494	
4.99957753569823e-07	7.49936630354735e-06	0.000196483397152941	0.00259578065653452	0.0336466568574955	0.252006705433391	0.560909603138535	0.149634355896927	0.0010024152959075	
1.10224637811861e-05	9.51940053829705e-06	0.000388291337746327	0.00459185820702592	0.0515485559570404	0.3140244818941	0.527625801383219	0.10132249524531	0.000477974111238704	
1.50459880625131e-05	2.40735809000209e-05	0.000691613917940184	0.00748487752816484	0.0763819614652184	0.372724733146863	0.476220066633666	0.0662725620860159	0.000185065653168911	
6.02431413183609e-06	7.17897434043801e-05	0.00108236843901988	0.0124678201220124	0.107917555253001	0.424670470016989	0.413199171857617	0.0404939335156692	9.08667381551944e-05	
9.52061689588805e-06	0.000133789721642216	0.00192667220866787	0.0197928614414515	0.147814592500059	0.463122391538877	0.343378586328695	0.0237830020910281	3.85835526833358e-05	
7.01865206787037e-06	0.000254676803605582	0.00343312352576973	0.0310089061681418	0.194780629522957	0.486051181013543	0.271515051248693	0.0129313651027606	1.80479624602381e-05	
4.85535545706915e-05	0.000506558734283915	0.00563972061183485	0.0471720307499172	0.245645947480071	0.488323620953912	0.205830030523668	0.00683003352698026	3.50386476283341e-06	
7.93932346914266e-05	0.000972315880556396	0.009033241645872	0.0688268996338866	0.297962809796924	0.470868210245345	0.148725638085437	0.003531491477287	
5.02977121582648e-07	0.000144857411015803	0.00185045283030256	0.0144802083532428	0.0974880316593919	0.348179876690129	0.434296098607659	0.101899643992793	0.00166032747834432	
2.01696367297153e-06	6.05089101891458e-06	0.000308595441964644	0.00308948410607414	0.0229091776385288	0.132564937406054	0.392508694374033	0.381589357289483	0.0662194385882464	0.000801743060006182	5.04240918242882e-07	
2.065457886825e-05	3.37526044920183e-05	0.000554651008144957	0.00491175960891311	0.0348931402617187	0.174514063249358	0.422380596383333	0.32122454449097	0.0411061383393316	0.000360699474869927	
2.7233239076067e-05	8.67429096496948e-05	0.000951650409935896	0.00795412308718015	0.0510633319061099	0.219965897932846	0.437581163878033	0.257768155366638	0.0244640221174247	0.000137679153106783	
5.04138981034292e-07	6.30173726292864e-05	0.00014569616551891	0.00168382419665453	0.0126155738614021	0.0728808517932224	0.267544540678974	0.433317032839613	0.198024279333327	0.0136742657215741	5.04138981034292e-05	
8.05544968792684e-06	8.20648936957547e-05	0.000286975395132394	0.00287227127935142	0.0195626595671303	0.101527363607391	0.313655547964413	0.410124592633392	0.144711622453156	0.00715122546045706	1.762129619234e-05	
8.07510249071489e-06	0.00012617347641742	0.000497628190990305	0.00484051924927791	0.0301403200465933	0.135363952439665	0.352005325530093	0.372811331791325	0.100699051528743	0.00350661325659294	1.00938781133936e-06	
1.61236441652815e-05	0.000158213258371824	0.00082381744406985	0.0079353522487193	0.043610426556045	0.174225548619589	0.380215683972543	0.324622366618413	0.0667352593362198	0.00165569671022234	1.51159164049514e-06	
2.16543304128524e-05	0.000288556542478242	0.00149968827835987	0.0123248391284686	0.0623654787671736	0.214576788773589	0.396386043330819	0.269331022195185	0.0424817675573815	0.000724161096132134	
4.52596318782697e-06	4.17394382877376e-05	0.000448573240393517	0.00277039235574875	0.0191860608379972	0.0862869852911225	0.256745822410256	0.395994120270934	0.212820846787597	0.0253891448293134	0.000311788575161413	
4.52844087290226e-06	7.44676943543928e-05	0.000822666758577244	0.0047956188844035	0.0288511999613573	0.115950225390565	0.297497935785702	0.376698857172472	0.160376746154222	0.0147999510928386	0.000127802664635242	
1.35319624954142e-05	0.00014684685226505	0.00135119151435691	0.00794727145517713	0.0426347031688849	0.149546228190987	0.331175737091009	0.343144507326305	0.115978441077826	0.00802295020839222	3.85911523017367e-05	
3.30171028592811e-05	0.000302156517075845	0.00231670005062622	0.0128761698559854	0.0595113268673173	0.187399072719669	0.353134423631441	0.299572678647539	0.0807843462913789	0.00405860235602042	1.15059600873252e-05	
5.50551928308129e-05	0.00065765930345171	0.0037587681650855	0.0197918413209242	0.0813895930670497	0.226721788593065	0.360392293274007	0.252102732989822	0.0531277605799814	0.00199850349975851	4.00401402405912e-06	
9.49773953798996e-06	0.000101475848747998	0.00101325884439503	0.00591609197011111	0.0297214263005405	0.107882324006886	0.263486790143946	0.356082252423923	0.201847460304448	0.0330856256211022	0.000847298342994367	6.49845336809839e-06	
1.04723477657246e-05	0.000174539129428743	0.00184712267258304	0.00956274955978738	0.0423970505879226	0.139160546576764	0.296343006291886	0.336723880593293	0.153698658691724	0.0197024756131435	0.000378001886019964	1.4960496808178e-06	
2.50493723128286e-06	2.00394978502629e-05	0.00040329489423654	0.00295883185759131	0.0150381401742835	0.0592838484653252	0.173604674814059	0.320065849789936	0.304925508176616	0.112649031240575	0.0108548949980411	0.000193381154255037	
6.00778909856629e-06	7.8601907372909e-05	0.00082156515922894	0.00483977476798669	0.0227254635635101	0.0810345613087368	0.208498818718468	0.332090555405083	0.265269922454462	0.0786995339457607	0.00585108593291202	8.41090473799281e-05	
2.98866102008978e-06	1.84300762905536e-05	0.000185296983245566	0.00150528893378522	0.0078063825844745	0.0330376551364124	0.10653181828144	0.243125083433453	0.333047916205915	0.219791112519103	0.0520370713512932	0.00287758245217644	3.33733813910025e-05	
1.54903727333462e-05	5.3466770402195e-05	0.000375766461144399	0.00247196367457625	0.0118351444577195	0.0461852958386363	0.136640078191404	0.271739613830005	0.320488316511288	0.175501925553269	0.0332893106934041	0.00138863696212804	1.49906832903351e-05	
2.70237403559027e-05	8.80773759747939e-05	0.000663082517992056	0.00427125229514128	0.0175339035342548	0.0630899244986721	0.168427463526708	0.294987146207944	0.297810626635499	0.132306231023955	0.0202412819662073	0.000550483599842462	3.50307745354294e-06	
5.00283410552078e-07	4.40249401285828e-05	0.0001565887075028	0.00123570002406363	0.00670779996868226	0.025236296361889	0.0843948096596722	0.200047326810638	0.308937513101172	0.264157145022655	0.0967332994141181	0.0121088596690025	0.000240136037064997	
1.09831792609618e-05	2.99541252571686e-06	9.78501425067509e-05	0.000384411274133664	0.00232144470743057	0.0100546013779896	0.0361875787231854	0.110190742877283	0.229722180480594	0.31148945390135	0.225023376698586	0.0679988597462985	0.00641916904261124	9.63524362438925e-05	
9.4892249850295e-06	1.19863894547741e-05	0.000165312287897093	0.000697707752846643	0.00385412364260382	0.0147877085569336	0.0508647430842279	0.138673036766751	0.257841221293222	0.301149045259108	0.18341273483959	0.0452870765246063	0.00320935577651577	3.64586012582712e-05	
3.35006030108542e-05	4.00007200129602e-05	0.000222504005072091	0.00125352256340614	0.00598860779494031	0.0217088907600337	0.0681607268930841	0.169016042288761	0.280177043186777	0.279669034042613	0.14395159112864	0.0282555085991548	0.00150702712648828	1.60002880051841e-05	
4.89755367194087e-05	4.49775337219059e-05	0.000391804293755269	0.00216042086977555	0.00930535197668764	0.0316007154426364	0.0897451722864429	0.199250974138418	0.291340475432521	0.251013118947086	0.107507799853973	0.0168625771427172	0.000718141288426431	9.49525711906903e-06	
9.96859394477698e-07	4.53571024487353e-05	8.47330485306043e-05	0.000733688514335586	0.00364003207893531	0.0140223226724205	0.0449110078697065	0.115665595541247	0.227721064785394	0.291569410571993	0.214895471816044	0.076600171160758	0.00978915925377099	0.000319493435930102	1.49528909171655e-06	
7.49110431362757e-06	6.09276484175042e-05	0.000181284724389787	0.00124052687433673	0.00583557026031587	0.0204022723016418	0.0607853174355453	0.143807728322617	0.251244646981709	0.281625569636057	0.177072226730757	0.05237380610525	0.00523977776390536	0.000122854110743492	
5.99042430674567e-06	7.48803038343208e-06	9.98404051124278e-05	0.000363918276634799	0.00208317005267081	0.00865366711311968	0.029676562015618	0.0801004594156241	0.172713417601963	0.267173922484908	0.261381182180285	0.140793940885495	0.0343031663885279	0.00260383776533212	3.9436960019409e-05	
8.47594104135412e-06	3.49009336996934e-06	0.000185473533375514	0.000602788983470419	0.00344970800383113	0.0130335043977669	0.0414338899035089	0.102621209696277	0.198705973095369	0.274950552855719	0.235191409185028	0.107343804610613	0.0211873596795496	0.00126191804562749	2.04419754526776e-05	
4.99516468058919e-06	2.4476306934887e-05	0.000261746629262874	0.00108794686743233	0.0056395409243852	0.0194746485402131	0.0557605238129491	0.126792265087395	0.224293384004284	0.273916348974193	0.202110357174255	0.0777452426051582	0.0123055881906315	0.000578939586480287	3.99613174447135e-06	
1.09778357496215e-05	5.38911936799602e-05	0.000513962310095916	0.00183579353285716	0.00846790330323078	0.0278991715725949	0.0726133935584056	0.153764549374812	0.242920543422829	0.263136726948291	0.167481355143964	0.053883209799415	0.00712561338657251	0.000292908617501265	
1.85402601749699e-05	0.000146818817061248	0.000768669165091997	0.00312929526466723	0.0129235635181797	0.0379003005025413	0.093232454274457	0.179820480172695	0.257575825905955	0.242157845762072	0.132748262852785	0.0358187804818163	0.00363088446561709	0.000128278556886279	
5.00419852256043e-06	2.60218323173142e-05	0.000336282140716061	0.00124154165344724	0.00525891222735875	0.0186806730847181	0.0505869424447111	0.116323095076769	0.2046446969007	0.262000818686878	0.216050766593172	0.100513831104296	0.0225384097257599	0.0017429623454078	5.00419852256043e-05	
1.15121741241363e-05	4.40465792575649e-05	0.000511040425249702	0.00211323474574362	0.007996456252487	0.0262893009357395	0.0668111527940797	0.141577718437247	0.225302257136922	0.257393193301917	0.184531141682329	0.0732314422501796	0.0134101812666895	0.000763307197361209	1.40148206728616e-05	
2.00268359601866e-06	1.90254941621773e-05	0.00017273146015661	0.000956782087997917	0.00349518354595157	0.0119039512947349	0.0359907275749504	0.086162457693309	0.166670838924158	0.240967396311057	0.242204554102497	0.152415236416799	0.0509838183165442	0.00767077884365049	0.000384515250435584	
5.51195543133056e-06	3.10673851584086e-05	0.000296142332719669	0.00158443664307884	0.00546184674559119	0.0172564291949238	0.0482105687235614	0.107354852675453	0.190025164581978	0.249959161421122	0.222380342963889	0.119861479549142	0.0334164803458702	0.00401019811972168	0.000146317362358957	
2.61202839073935e-05	7.83608517221806e-05	0.000505327030977652	0.00241261006936945	0.00804554975662928	0.0246746266557497	0.0632055616112197	0.130099608698055	0.212157987532588	0.249998241903968	0.195232545873749	0.0908729700269742	0.0206797301573747	0.0019519889089256	5.87706387916355e-05	
4.6143321155509e-05	0.000195607557072266	0.000912835266337243	0.00377923831420392	0.0117269238254017	0.0336951571581332	0.0800706995929357	0.154461758221035	0.229810792320949	0.24079290275596	0.165030083439162	0.0660446346351769	0.0124020206762203	0.00101766085461443	1.35420616434646e-05	
3.00015900842745e-06	0	2.50013250702287e-06	7.30038692050679e-05	0.000357518948504271	0.00151358021975165	0.0056402989358436	0.0170609042279241	0.0447908739163176	0.100830344008232	0.177342899173656	0.240866265912093	0.222985318221866	0.134883148806887	0.0457474246135045	0.0074443945529113	0.000454024063275354	4.50023851264117e-06	
9.00045002250112e-06	0	1.35006750337517e-05	0.000173508675433772	0.000627531376568828	0.00250112505625281	0.00825191259562978	0.0245012250612531	0.0599749987499375	0.123114155707785	0.199101955097755	0.243041152057603	0.198956947847392	0.105139256962848	0.0304565228261413	0.00398369918495925	0.000153507675383769	
1.35041120021046e-05	5.00152296374246e-07	2.6508071707835e-05	0.000258078584929111	0.00104181723334755	0.00384066948385783	0.0128744202609695	0.033468191064179	0.0771519927818021	0.146652155581375	0.21577120233111	0.236096891503463	0.172381990316051	0.0789095279512612	0.0194849331621479	0.00195509532652693	7.25220829742657e-05	
9.01333071612915e-06	6.0088871440861e-06	5.5081465487456e-05	0.000476204306168824	0.00184372687204375	0.00595230345681263	0.0184577990848465	0.0447506862649859	0.0962062891015812	0.169604845566593	0.227788899782779	0.221650821565095	0.143294933206212	0.057432943323175	0.0114304055698378	0.00102000859270862	2.00296238136203e-05	
1.25378014714364e-05	2.70816511783026e-05	0.000113843237360642	0.000685566984458141	0.00300506025667387	0.0091450723932657	0.0257777198252732	0.0580705828071636	0.117924542495624	0.18995270741285	0.231389639763888	0.202311469079274	0.115224903082795	0.0393827389579582	0.00653219456661835	0.000441330611794561	3.00907235314473e-06	
5.50881134374432e-06	1.95312402187299e-05	5.45873124061937e-05	0.000241886898093501	0.00123197053687373	0.00481770592062003	0.0137870523902983	0.0349629231956514	0.0754526865721722	0.138608704623045	0.206276939965475	0.228705314149983	0.177022146924005	0.0892497549830955	0.0256685568566923	0.00367838357452746	0.000215344443437278	1.00160206249897e-06	
3.99569463902645e-06	2.94682479628201e-05	6.54294997140581e-05	0.000447018337741084	0.00210223484195779	0.00727615993766716	0.0197197519672553	0.0456348284723211	0.0944737045833115	0.16265324113268	0.216904285632231	0.218089009092703	0.149038910573857	0.065655755922993	0.0158279453888435	0.00197786884631809	0.00010039182780554	
2.98544298002938e-06	6.51821717306414e-05	0.000131857064951297	0.000954346605949391	0.00332031016762267	0.0107893909298262	0.0277830299459834	0.0597969301684984	0.114301167507235	0.181570661454747	0.222250307500627	0.20120840780355	0.120698474239608	0.0467097432917096	0.00933249475557183	0.0010369438617302	4.776708768047e-05	
1.59211821875804e-05	8.10985217679876e-05	0.000236827585040258	0.00136374876175493	0.00551121672161962	0.0154709112538379	0.0379391820791173	0.0758306006116719	0.135934555980618	0.197406240406866	0.220344683643622	0.178304802077316	0.0940971719502602	0.0316388717653258	0.00530822164872797	0.000501517238908782	1.44285713574947e-05	
3.96730543590273e-06	4.81035784103205e-05	0.000133896558461717	0.000419046636667225	0.0023164104613877	0.00785129745765149	0.0211139995298743	0.049205993408322	0.0940687791906895	0.159256070721187	0.20818038544356	0.211251079850948	0.151549083998766	0.0710762605369153	0.020453939087976	0.00287084139605511	0.000197869358615648	2.97547907692704e-06	
2.47165383795936e-05	0.000106281115032253	0.000328729960448595	0.000774121982048872	0.00374406123374084	0.0115984828000081	0.0290251253499244	0.0622283343475353	0.113037627963698	0.178849860376275	0.211845450451497	0.197628991906322	0.125329656830638	0.0511286312920274	0.0127502734884972	0.00150029387964133	9.88661535183745e-05	4.94330767591873e-07	
3.70568922113824e-05	0.000129946168687914	0.000476798679786453	0.00142002010954017	0.00578631019583332	0.0161345708688359	0.038921100935563	0.0783471637889931	0.134458709975468	0.193358416731928	0.211899215135023	0.176656134274414	0.0988554361225644	0.0351753902708365	0.00757838150317578	0.000734714649577675	3.06336975614094e-05	
4.38854284598483e-05	0.000271695180689623	0.000821988867894012	0.0024077814288701	0.00834069688088016	0.023279987061195	0.0515106449284224	0.0970582956280251	0.156447114607043	0.201257095632759	0.20292671429304	0.152911132500464	0.0742783065944513	0.0237439891755851	0.00431605792482081	0.000372779594557812	1.18342728431052e-05	
