# <P(U)> as a function of N_tot.
# number_of_species: 1
# species_total_upper_bound: 103
# species_total_lower_bound: 0
# volume: 729
# Bin widths for each
10	10	10	10	10	10	10	10	10	10	10	10	10	10	10	10	10	10	10	10	10	10	10	10	10	10	10	10	10	10	10	10	10	10	10	10	10	10	10	10	10	10	10	10	10	10	10	10	10	10	10	10	10	10	10	10	10	10	10	10	10	10	10	10	10	10	10	10	10	10	10	10	10	10	10	10	10	10	10	10	10	10	10	10	10	10	10	10	10	10	10	10	10	10	10	10	10	10	10	10	10	10	10	10	
# Bin lower bound for each
0	0	0	0	-10	-10	-10	-10	-10	-10	-10	-10	-10	-20	-20	-20	-20	-30	-30	-30	-30	-30	-30	-30	-30	-30	-30	-40	-40	-40	-40	-50	-50	-50	-60	-60	-60	-60	-60	-60	-60	-70	-70	-70	-70	-70	-80	-80	-90	-90	-90	-90	-90	-100	-110	-110	-110	-120	-120	-120	-120	-120	-120	-130	-130	-130	-130	-140	-150	-150	-160	-160	-160	-160	-180	-180	-180	-180	-180	-180	-200	-200	-200	-200	-200	-210	-210	-220	-220	-220	-220	-250	-250	-250	-250	-250	-260	-260	-260	-260	-270	-270	-270	-270	
# Bin upper bound for each
0	0	0	0	0	0	0	0	0	0	0	0	0	0	0	0	0	0	0	0	0	0	0	0	0	0	0	0	0	0	0	0	0	0	0	0	0	0	-10	0	-10	-10	-10	-10	-10	-10	-10	-10	-10	-10	-10	-20	-20	-20	-20	-20	-20	-20	-30	-30	-30	-30	-30	-30	-30	-30	-30	-30	-40	-40	-40	-40	-40	-50	-50	-50	-50	-50	-60	-60	-60	-70	-70	-70	-70	-70	-70	-80	-80	-80	-80	-90	-90	-90	-90	-90	-90	-100	-100	-100	-100	-110	-110	-110	
# Normalized histogram for each
1	
1	
1	
1	
1.04227031489071e-06	0.999998957729685	
2.59833124773945e-05	0.999974016687523	
0.000100725117002088	0.999899274882998	
0.000461496245665677	0.999538503754334	
0.00138554648591551	0.998614453514085	
0.00354717946212201	0.996452820537878	
0.0076092955897804	0.99239070441022	
0.0160087719298246	0.983991228070175	
0.0312209581881351	0.968779041811865	
1.04467773258966e-05	0.0565619864756021	0.943427566747072	
4.92046641834015e-05	0.0948979997780556	0.905052795557761	
9.66965515066794e-05	0.146999779279611	0.852903524168883	
0.00024993699067462	0.215706124506427	0.784043938502898	
1.04658671441893e-06	0.000520153597066208	0.301651409176682	0.697827390639538	
4.19142225435646e-06	0.00101641989668144	0.397543826558947	0.601435562122117	
6.28822059077832e-06	0.00188437010370324	0.497330126340832	0.500779215334874	
2.09341443220844e-05	0.00400051497995032	0.595806681550843	0.400171869324884	
2.82988018077694e-05	0.0076165701013726	0.685331997350394	0.307023133746426	
6.30336189806834e-05	0.0142413956483691	0.761122544709221	0.22457302602343	
0.000115758036238579	0.025831931959531	0.816041538192786	0.158010771811445	
0.000293216607200097	0.0440423955481522	0.849283511032406	0.106380876812242	
0.000650524261502332	0.0707187240461346	0.860919386570358	0.0677113651220049	
0.00134273104316057	0.107153526305178	0.850264376564276	0.0412393660873852	
3.17451919261395e-06	0.00263590910293378	0.158354540885162	0.815540329620909	0.0234660458718023	
3.71293299428951e-05	0.00497533021234794	0.222031271382516	0.759756261861495	0.0132000072136984	
9.03529611854309e-05	0.00893643934924608	0.296269485679056	0.68759985330931	0.00710386870120276	
0.000185160946363982	0.0156099190931796	0.37891697872671	0.601559182865589	0.00372875836815743	
1.06821743352216e-05	0.000446514887212262	0.0264330403925058	0.462857545727718	0.508460816182212	0.00179140063601666	
3.41203766889586e-05	0.000837015490651017	0.041163035689914	0.541066005868705	0.41606280708339	0.000837015490651017	
2.5562181604389e-05	0.0017105359856937	0.0648587103666362	0.607877199279573	0.325141364189727	0.000386627996766384	
5.34269087831701e-06	7.37291341207747e-05	0.00332422226448884	0.0983706929897484	0.655352628283351	0.242700281452955	0.000173103184457471	
7.5161167016703e-06	0.000172870684138417	0.0062641464053635	0.141091468992797	0.677567183346003	0.174825948211808	7.08662431871771e-05	
9.64052620134346e-06	0.000322422042956042	0.0108488054852452	0.194218040852265	0.674480134624593	0.120090963720558	2.99927481819574e-05	
1.18048803521718e-05	0.000628878171488424	0.0184295645716224	0.256762586685383	0.646185199255649	0.0779776737517412	4.2926837644261e-06	
5.58737253806398e-05	0.00117119924355572	0.0302040465471112	0.326651767006565	0.593404751415647	0.0485123620617405	
7.74393391843056e-05	0.00219519015659955	0.0474574083634486	0.39752731887799	0.523568447771468	0.0291720443985545	2.1510927551196e-06	
0.000208323663733225	0.0041394883441291	0.0721188459516667	0.460634923033581	0.446753874766176	0.0161445442407142	
6.4956717174123e-06	0.000392988138903444	0.00717338679992898	0.104954898386042	0.515881917349073	0.362911013627919	0.00867930002641573	
2.6074854388235e-05	0.000735528184201463	0.0123171093416425	0.145525935245272	0.55390161305568	0.283159881229038	0.0043338580897779	
8.48795743833444e-05	0.00137766078422198	0.0206235601758095	0.19593035086822	0.569058783458059	0.210778835386947	0.0021459297523584	
0.000165247387297477	0.00244174757809298	0.0333962795420473	0.252209912016638	0.560142982476167	0.150561025751414	0.00108280524834399	
0.000361220577387157	0.00432485480456008	0.0512737377408047	0.316236647350795	0.526187403846782	0.101053632551632	0.000562503128039638	
5.43235576280596e-06	0.000629066797332931	0.0073097779144317	0.0754532486030697	0.375420328527147	0.474993236717075	0.0659759607392784	0.000212948345901994	
4.02127143908263e-05	0.000930326581582359	0.0125648430019552	0.107650523254361	0.426519959091714	0.412298786988905	0.0399040546371237	9.12937299683624e-05	
3.25789496546631e-06	9.0135094044568e-05	0.00189826679987837	0.0199850136831589	0.148207071804005	0.464746318578689	0.341250380087746	0.0237739455279962	4.56105295165284e-05	
1.19679433198204e-05	0.000215422979756768	0.0034913754648458	0.0311014207036715	0.194139624554738	0.488369335082829	0.269806402196879	0.0128405151873201	2.39358866396409e-05	
9.34505304404237e-05	0.000467252652202118	0.00587543044292292	0.0467611241446832	0.244971872476971	0.490518574379559	0.204398042754704	0.0069109927162918	3.25990222466594e-06	
9.81570469125246e-05	0.000903044831595226	0.00873924907677844	0.0684285493042847	0.296958876559879	0.472922833292253	0.148361104506717	0.00358818538158007	
0.000191504803397469	0.00180841467753747	0.0141463292555142	0.0967991495445776	0.34854309456529	0.43485844421933	0.101948017326832	0.00170504560752179	
6.5550057847926e-06	0.000337582797916819	0.00302185766678939	0.0223951772637439	0.13169443622034	0.392517023896274	0.382760990286574	0.0664863311741873	0.00078004568839032	
1.85604513901778e-05	2.29276164231608e-05	0.000518600847666733	0.00483554348277044	0.0341184768201798	0.173058740553276	0.422526492314881	0.323370010241002	0.0412042020861947	0.00032644558621548	
2.29812604236431e-05	0.000106151536242542	0.000859061401550469	0.00786834583076162	0.05011337421809	0.218188463845006	0.437763463735571	0.2602704347179	0.0247048549554164	0.000102868499039164	
6.33158050440864e-05	0.00017903089702121	0.00156761200074669	0.0126424196244063	0.0721123353379699	0.265741892029086	0.434048401658001	0.199748265092359	0.013856336438355	4.03911170108827e-05	
3.25853546209834e-06	8.68942789892892e-05	0.000261769015455234	0.00267634379287011	0.0194013201413335	0.100790846556651	0.311189050451905	0.412338335909387	0.146152918724522	0.00708296991611444	1.62926773104917e-05	
1.08802680898057e-05	0.000146883619212377	0.000428682562738346	0.00497228251704122	0.0294517976922951	0.134568243761526	0.349846316213231	0.374702288664393	0.102372442456982	0.0035001822444905	
8.67469147917586e-06	0.000201686576890839	0.000809999316868046	0.00796119810501365	0.0425775544526649	0.173503588611431	0.377976910139955	0.326952374859443	0.0683912676218225	0.0016167456244314	
1.19107559540245e-05	0.000352991494637453	0.00142279393850802	0.0122182700168375	0.0608975296009355	0.214186793137239	0.393967743507285	0.272491026328185	0.0438185883588602	0.000632352861559118	
3.77947722271055e-05	0.0005420850188002	0.00265319301034281	0.0184784040671494	0.0848309061890559	0.256363019867092	0.395070913791204	0.215416163636246	0.0263429562422926	0.000264563405589739	
6.07216551855751e-05	0.000911909143054798	0.00478942055276224	0.0276879904493511	0.113887801561631	0.296886605561887	0.376865699963459	0.162869575306238	0.0159177481807901	0.000122527625642321	
8.66024870069206e-06	0.000142894103561419	0.00145059165736592	0.00793387034092152	0.0404411963700568	0.147784979015135	0.331678864987805	0.34359861479322	0.118356371399096	0.00855957330954652	4.43837745910468e-05	
1.40639824654594e-05	0.000309407614240107	0.00245903324184532	0.0128252701636939	0.0565934654410086	0.186446215544595	0.352989732210955	0.300831830470592	0.0830900084059341	0.00442582709739957	1.51458272704947e-05	
3.80775411047056e-05	0.000741968086668835	0.00383495235411678	0.0198416627047892	0.07783266987751	0.225605079326397	0.360742272706998	0.254022892217712	0.0551721812012268	0.00216280433474728	5.43964872924366e-06	
7.30641012079568e-05	0.00118756427187261	0.00615265162709391	0.0296727491622165	0.104339898560855	0.26128594999144	0.358850516301473	0.20303096064026	0.0344949798419416	0.000899669902933796	1.1995598705784e-05	
3.2795236382598e-06	0.000196771418295588	0.00230769146678881	0.00982545282022635	0.0421375060534541	0.134741415026996	0.294689248737657	0.339015290232376	0.155931510428339	0.0207484528847237	0.000401195058413782	2.1863490921732e-06	
1.09925382650257e-06	2.3084330356554e-05	0.000442999292080536	0.0034648480611361	0.0152213677355811	0.0595300909742467	0.169102613146196	0.31875063207095	0.307532746771492	0.114356474824889	0.0114102547190967	0.000163788820148883	
1.10517875713807e-05	0.000101676445656703	0.00082004263779645	0.00566072559406121	0.0230418719075717	0.0813400513466051	0.202823510688736	0.331130343677438	0.268252303468825	0.0804006494030377	0.00637356589241527	4.42071502855229e-05	
6.60778396951609e-06	7.70908129776877e-06	0.000248893196185106	0.00164533820840951	0.0085416620779278	0.0343637805334684	0.107113279443184	0.237857095658686	0.330192066254047	0.223643752340257	0.0532972842007885	0.00306491046452721	1.76207572520429e-05	
2.87289008322542e-05	4.19883935240638e-05	0.000443088047451305	0.00259112586352446	0.0129147458818226	0.0474877681179918	0.135944053780502	0.267100325741537	0.319146044472338	0.178705917711588	0.0342050713139715	0.00138119715539683	9.94461951885721e-06	
3.99033894604064e-05	9.1999481255937e-05	0.000733778995077474	0.00469751568147784	0.0186747862674702	0.06480088762873	0.166527928493126	0.290214026263081	0.298158126048157	0.135079623888386	0.0204394028236082	0.000537587330230475	4.43370994004516e-06	
4.33423389081954e-05	0.000187816801935513	0.00134916921627049	0.00756935052060817	0.0264877257830238	0.0855255480861023	0.19606518243235	0.30589911459381	0.265450710314254	0.0987805243978471	0.0124425852927219	0.000198930222168384	
2.44077243791008e-05	0	9.54120134819394e-05	0.000441557922858278	0.00258056213208129	0.0114405660816949	0.0383833654701704	0.110294068701087	0.225190102889653	0.309661908639669	0.226488150049814	0.0687865145103921	0.00652130017728883	9.20836874302438e-05	
1.22176609621297e-05	4.4427858044108e-06	0.000249906701498107	0.000800812141245046	0.00418732562065718	0.0164438609585755	0.0526136908887349	0.137804108688312	0.253466483623892	0.300460050470047	0.184688827282259	0.0461105631675286	0.00310883936663646	4.88706438485188e-05	
1.78648390936274e-05	3.01469159704962e-05	0.000334965733005514	0.00134544569423881	0.0064279924163758	0.0235168275618738	0.069524370990181	0.167336598132678	0.275345182187862	0.280300441931457	0.14579383529065	0.0286317543048679	0.00138787468708618	6.69931466011027e-06	
3.46458523326717e-05	5.69980151279438e-05	0.000512982136151494	0.00243638574468466	0.0099981224183252	0.0337126495359691	0.0911465318384207	0.196384984711121	0.286883303828478	0.25193793251435	0.108815916528083	0.0173799241814638	0.000696269871072725	3.35282441929081e-06	
5.35958338171846e-05	0.000104958507891987	0.000992639505489107	0.00401968753628885	0.0151307738345139	0.0483925716174329	0.115884241931594	0.224643587705116	0.287266969780882	0.214832200376957	0.0782901142484524	0.0100938820355698	0.000294777085994515	
4.03556227152832e-05	0.00019729415549694	0.00156041741165762	0.00641654401173003	0.0221709307239687	0.064835791850182	0.142743442491556	0.245648038436489	0.27969024817587	0.177206023300888	0.053995823193049	0.00540204849624861	9.30421301491252e-05	
1.34443538195409e-05	3.36108845488523e-06	8.51475741904258e-05	0.000287933244301835	0.00252081634116392	0.00984350772154054	0.0322866156976275	0.0840148873811295	0.170987532602558	0.261544218479712	0.260976194530837	0.139867214598776	0.0349093850552563	0.00264965806526786	1.00832653646557e-05	
1.91020250393839e-05	3.37094559518539e-06	8.98918825382771e-05	0.000560700617332503	0.0042159292910452	0.0142164012234285	0.0450538115281845	0.106829760505552	0.195800251247812	0.268590203133182	0.234939176904978	0.106492665946033	0.0218437274568013	0.00134500729247897	
1.12374954769081e-05	1.01137459292173e-05	0.000143839942104423	0.0011372345422631	0.00639975367409915	0.020778129136803	0.0605701006205345	0.130684206149607	0.219445811673061	0.268569399400817	0.201332092713833	0.0772128314218354	0.0131141572215517	0.000591092262085364	
2.47361662989973e-05	1.57411967357255e-05	0.000434007281427861	0.00203848497727646	0.00907255117575496	0.029994850379925	0.0778694515092435	0.155776007267935	0.237339018154097	0.258328779629992	0.167342413755107	0.0536471228465481	0.00778402178581628	0.000332813873841054	
3.8484742497456e-05	0.00013016898197669	0.000719891065540648	0.00377150476475069	0.0138692220535685	0.0398396318142047	0.0976233407699439	0.180572675606446	0.249952743000022	0.240106308441628	0.133622421663741	0.0355655615886049	0.00404316177061509	0.000144883736461011	
1.13399384694939e-05	3.85557907962791e-05	0.000312982301758031	0.00137213255480876	0.00578450261328882	0.0197190190046029	0.0533101847389376	0.121245488121981	0.204371773078759	0.255789322087138	0.212931158635533	0.100472988833563	0.0226413211481915	0.00196407734291634	3.5153809255431e-05	
2.61234503398888e-05	3.29382634720337e-05	0.000505431973967414	0.00244083890349657	0.00842878804227456	0.0280656720825501	0.0696371679908227	0.147301050049123	0.224008586664547	0.250947542975915	0.181458029269622	0.0727242783396844	0.0135694287482892	0.000843901026197278	1.02222196982174e-05	
4.53600110678427e-06	4.30920105144506e-05	0.000107730026286126	0.000872046212779276	0.00394065096151883	0.0122233889825069	0.0375297391572564	0.0898071519129451	0.17162753987712	0.240631456714075	0.235185987385381	0.149465772469648	0.0504063122991402	0.00772140788402352	0.000433188105697898	
1.24557114532531e-05	3.84994717646006e-05	0.000233261505397286	0.00162150716373259	0.00590061021662747	0.0181219278270785	0.0499304178664725	0.112007419074677	0.194346465805109	0.247042051614204	0.215660452776435	0.117861603457705	0.0331004870183178	0.00398696000244585	0.000135880488580943	
5.53522208666576e-05	0.000110704441733315	0.000468799421625774	0.00246147937282545	0.0081220911843116	0.0255874113234829	0.065431973250192	0.135301161267001	0.215734716009218	0.24472685373458	0.18969996837016	0.090122452668203	0.0202046902534906	0.00191925353576431	5.30929465455696e-05	
9.21467380616596e-05	0.000207892030992769	0.000832691864679144	0.00366451844901307	0.0122038240896296	0.0347752799519039	0.0816577422925434	0.158455306022688	0.232140107991482	0.235785522848458	0.161873725256634	0.0650308747759542	0.0123195693825607	0.000958550823982874	2.24748141613804e-06	
6.744566408687e-06	0	0	0.00013489132817374	0.000374323435682129	0.00148830098751693	0.00551480713350307	0.0178438745285829	0.0467443415898067	0.102745600575536	0.178858032497569	0.241508309867863	0.21999201892975	0.131782083059335	0.0451447552565464	0.00738642431191371	0.000475491931812434	
2.01949938854046e-05	0	2.13169379901493e-05	0.000222144932739451	0.000617069257609586	0.00232915596145	0.00853238491658346	0.0255870572528077	0.0617686326867195	0.124624429210937	0.199531027364217	0.242862752577667	0.19639631553556	0.103057297685429	0.030235271678765	0.00404012072118567	0.000154828286454769	
3.03332614322692e-05	0	3.25801696865114e-05	0.000351641141788898	0.000917862021857924	0.00364111482599942	0.0133780917457578	0.0346315969226345	0.0790451089301122	0.149250880788036	0.215684093687087	0.23427725949094	0.169180957003164	0.0779811978717285	0.0195099043715847	0.00200985943341961	7.75183347713546e-05	
2.0225105423362e-05	3.37085090389367e-06	5.61808483982278e-05	0.000546077846430774	0.00159665971147763	0.00574842440810667	0.0194295846100431	0.0457031201719583	0.0980962557711777	0.172402169479642	0.226940289870705	0.219179467472974	0.140237510154688	0.0574909857828745	0.0114103303096801	0.00110563909647712	3.37085090389367e-05	
2.82599554170943e-05	5.19983179674536e-05	0.000105127034151591	0.000582155081592143	0.00253322240358834	0.00923083183743969	0.0275229357798165	0.0577170025456568	0.121176428032067	0.190959301142607	0.231369906990835	0.199787711214907	0.112284715659633	0.0394407241783135	0.00667613186773437	0.000526765568974638	6.78238930010264e-06	
1.2406416147289e-05	4.39863845222064e-05	9.6995617151532e-05	0.00023572190679849	0.00105228966049278	0.00448999478930522	0.0138038297478791	0.0351992583218856	0.076229532232997	0.141432016223081	0.206051398654242	0.227981430978596	0.17497896548535	0.0889156566716067	0.0254861623345717	0.0037320755483072	0.000256023315039509	2.25571202677981e-06	
9.02053863891348e-06	6.65264724619869e-05	9.80983576981841e-05	0.00052544637571671	0.00194843634600531	0.00687477801018193	0.0196726672041404	0.0454499839321656	0.0966246271980516	0.163922355713666	0.217025139113619	0.21851465555637	0.146437169129462	0.0649670468447847	0.015824279907314	0.00189882338349129	0.000140945916233023	
6.73886991397833e-06	0.00014713199312186	0.000180826342691752	0.00114673103036198	0.00311335790025799	0.0100734873764119	0.0271935863928739	0.0602241572762386	0.116695887155377	0.1800783281313	0.223767544928607	0.201701115395285	0.118194162566252	0.046939598385816	0.00938836893515747	0.00106923402635123	7.97432939820769e-05	
3.5912243942895e-05	0.00017843896209126	0.000340044059834287	0.00144659007632474	0.00560455457033806	0.0145231359020314	0.0369391096681372	0.0764358444595825	0.138514647145369	0.19668574878712	0.221927567248482	0.177068685533314	0.0923528243296475	0.032005665156482	0.00532847919502705	0.000581329448825614	3.14232134500332e-05	
8.99572815359306e-06	0.000109073203862316	0.000267622912569394	0.000490267184370822	0.00241985087331653	0.00732814504712075	0.0192126264040364	0.0483734036799275	0.0953007440591649	0.160728923852286	0.20990744520196	0.212242961123836	0.150505278805727	0.0689972349380588	0.0209004498988543	0.00291686485380255	0.000288987766934177	1.12446601919913e-06	
5.60785188990217e-05	0.000241137631265793	0.000506949810847156	0.00104978987378969	0.00413635155399184	0.0102556395362531	0.0262066134518908	0.0614553272910598	0.114732163385886	0.179234797393919	0.212651986805846	0.198280183982405	0.126588283851518	0.0498392228863165	0.0130562007700702	0.00153430827707723	0.000174964978964948	
8.41442973726785e-05	0.000284968687102138	0.000649593975717078	0.00183546760668936	0.00572854376513195	0.0143022867054254	0.0352418755876077	0.0776887468782466	0.136915112988963	0.19156290739864	0.215413888969917	0.176476395841701	0.100537850348806	0.0345126250103778	0.00782317580772916	0.000887441856290515	5.49742742834833e-05	
0.000100098749103048	0.000543232537267102	0.000866022885498278	0.00278252028405551	0.00748603678685265	0.019703707702655	0.0470182944522799	0.0969641961395624	0.160892430959981	0.198554304133741	0.206112322043544	0.154645819133932	0.0753282451677048	0.0238943587044298	0.00461129068901681	0.000482498464777612	1.46211655993216e-05	
