# <P(U)> as a function of N_tot.
# number_of_species: 1
# species_total_upper_bound: 103
# species_total_lower_bound: 0
# volume: 729
# Bin widths for each
10	10	10	10	10	10	10	10	10	10	10	10	10	10	10	10	10	10	10	10	10	10	10	10	10	10	10	10	10	10	10	10	10	10	10	10	10	10	10	10	10	10	10	10	10	10	10	10	10	10	10	10	10	10	10	10	10	10	10	10	10	10	10	10	10	10	10	10	10	10	10	10	10	10	10	10	10	10	10	10	10	10	10	10	10	10	10	10	10	10	10	10	10	10	10	10	10	10	10	10	10	10	10	10	
# Bin lower bound for each
0	0	0	0	0	-10	-10	-10	-10	-10	-10	-10	-10	-20	-20	-20	-20	-20	-20	-20	-20	-20	-30	-30	-30	-30	-30	-30	-40	-40	-40	-50	-50	-50	-60	-60	-60	-60	-60	-60	-60	-60	-60	-60	-70	-70	-80	-80	-80	-80	-90	-90	-90	-90	-90	-100	-90	-100	-110	-110	-110	-110	-110	-120	-120	-120	-130	-130	-140	-140	-140	-160	-160	-160	-180	-180	-180	-180	-180	-180	-180	-180	-190	-190	-190	-190	-200	-200	-210	-210	-220	-220	-220	-220	-230	-240	-250	-250	-250	-250	-260	-260	-270	-270	
# Bin upper bound for each
0	0	0	0	0	0	0	0	0	0	0	0	0	0	0	0	0	0	0	0	0	0	0	0	0	0	0	0	0	0	0	0	0	0	0	0	0	0	-10	0	-10	-10	-10	-10	-10	-10	-10	-10	-10	-10	-20	-20	-20	-20	-20	-20	-20	-20	-30	-30	-30	-30	-30	-30	-30	-40	-40	-40	-40	-40	-50	-50	-50	-50	-50	-50	-60	-60	-60	-60	-60	-70	-70	-70	-70	-70	-80	-80	-80	-80	-80	-90	-90	-90	-90	-100	-100	-100	-100	-100	-110	-110	-110	-110	
# Normalized histogram for each
1	
1	
1	
1	
1	
4.63436632170345e-05	0.999953656336783	
9.56961540778967e-05	0.999904303845922	
0.000490557647581974	0.999509442352418	
0.00150063935690911	0.998499360643091	
0.00372903298435213	0.996270967015648	
0.00732715851027391	0.992672841489726	
0.0152817304229311	0.984718269577069	
0.0303834342370799	0.96961656576292	
3.52467625848566e-06	0.0548968327259141	0.945099642597827	
5.67293407696044e-05	0.0944011686244199	0.905542102034811	
7.47264478249266e-05	0.14708299973312	0.852842273819055	
0.000163203326509542	0.216205380742717	0.783631415930773	
0.000395229021102407	0.302371374126614	0.697233396852283	
0.000820671048275182	0.399177215635721	0.600002113316004	
0.00176244860987744	0.500117613602452	0.498119937787671	
0.00414825629345228	0.598022734690583	0.397829009015965	
0.00781692096263413	0.685614967435354	0.306568111602012	
1.05888457099292e-05	0.0147502620739313	0.760487369271876	0.224751779808483	
4.5927145415941e-05	0.026782591492173	0.814948932547155	0.158222548815256	
0.00032667570586541	0.0445367878996508	0.848650794208356	0.106485742186128	
0.000782585705472812	0.0709896889045563	0.860858376663435	0.0673693487265356	
0.00138108340681405	0.107699717054964	0.849890398637331	0.0410288009008913	
0.00246512449231856	0.157538407204662	0.816757902171994	0.023238566131026	
1.41964288883131e-05	0.00474515635591867	0.220580562959388	0.761539034855782	0.0131210494000234	
0.000156670607169817	0.00851362322143254	0.295167423907935	0.688837931378274	0.00732435088518893	
0.000246241252190298	0.0150885219458055	0.380985179131589	0.600057813163558	0.00362224450685728	
1.78694600206571e-05	0.000575396612665158	0.0261144288741883	0.466593044491382	0.505015957427798	0.0016833031339459	
3.57571943475027e-05	0.000772355397906059	0.0409813204416729	0.54331268951313	0.414118370616168	0.000779506836775559	
6.78256523756827e-05	0.001395780530468	0.0657159176096812	0.609024381537143	0.323453396637276	0.000342698033056081	
1.78044924295298e-05	0.000106826954577179	0.00275969632657712	0.0989894170096999	0.656398222399476	0.241567792385375	0.000160240431865768	
2.497244112747e-05	0.000228319461736869	0.00566517664434606	0.142881605656615	0.679193318801751	0.171938824654221	6.7782340203133e-05	
3.18302387267905e-05	0.000332449160035367	0.0102847038019452	0.195600353669319	0.675381078691423	0.118337754199823	3.18302387267905e-05	
2.47448627897358e-05	0.000473687373403514	0.0177456016006391	0.2567491613259	0.647173606422352	0.0778296634345162	3.53498039853369e-06	
9.21185494871477e-05	0.000928271537139719	0.028503605024004	0.326425623128842	0.59467838225655	0.049371999503977	
0.000116264321650531	0.00172282585718514	0.0436026437802111	0.398018574106174	0.526564635916515	0.0299680096957398	7.04632252427458e-06	
0.000278842556315607	0.00304256055119055	0.0678540418052055	0.461036164820658	0.450464855248946	0.0173235350176836	
0.000505526976272273	0.00521191192438456	0.101290517809146	0.514864985136795	0.368974171843571	0.00915288630983108	
0.000773796942785597	0.00948617733563084	0.141328996249234	0.554948538920911	0.28900241095066	0.0044600796007781	
0.00129179031372563	0.0178231180229867	0.192817645855686	0.571972456159866	0.213830768292289	0.00226422135544687	
9.73541310602947e-05	0.00202280250091946	0.0311028420194852	0.249244604057143	0.563565036165257	0.152734208799371	0.00123315232676373	
0.00033016352164748	0.00384586080160801	0.0495680662939326	0.313209080585296	0.526806738238378	0.105514456445626	0.000725634113510944	
7.23099784154714e-06	0.000661636302501564	0.00550278935741738	0.0737923329729886	0.374236677790352	0.476837306164064	0.068708941490381	0.00025308492445415	
6.14306105118615e-05	0.000907004896381014	0.010164959257051	0.105570310947296	0.428651959455797	0.412990767340597	0.0415668419245849	8.67255677814516e-05	
0.000111889929184503	0.00175414534140866	0.0168304109608818	0.146063279168983	0.468898209039263	0.341336471063821	0.0249839383811332	2.16561153260328e-05	
0.000213215763511194	0.00285130910864969	0.0274542399219413	0.192100175270585	0.491274415915292	0.272695733877817	0.0134000686627035	1.08414795005692e-05	
7.16050266728724e-06	0.000451111668039096	0.00491926533242634	0.0423686942823386	0.242626472378361	0.49495900612223	0.207042354373277	0.00762593534066091	
2.85428856857428e-05	0.000677893535036392	0.00692164977879264	0.0647709433423719	0.291048237476809	0.479213643499358	0.152918510061367	0.00442057942057942	
0.000100354466311364	0.0016845213987979	0.0108920436828655	0.094351118773095	0.341294787660702	0.441828458376193	0.107522642476461	0.00232607316557412	
0.000275356332833344	0.00335499952899575	0.0185720600276806	0.12867473895495	0.386901009398346	0.390531365260176	0.0705274523017616	0.00116301819525662	
0.000571786523319421	0.00493484547196061	0.0305851160690223	0.16959843833082	0.420576302544268	0.329236136908274	0.0440676237717516	0.000429750380584024	
2.5553787071244e-05	0.000952791203656382	0.00756027043207803	0.0475592482805952	0.213764729932976	0.436225048552195	0.267442284946629	0.0263605566344932	0.000109516230305331	
0.00179951307293321	0.0126111920222804	0.0690786712074258	0.265083241167603	0.431456072535342	0.205253994152495	0.0146917649463614	2.55508955588893e-05	
7.29189833635339e-06	0.00331781374304079	0.0188823707419871	0.0976713322662855	0.310726017857859	0.412378726615794	0.149742778286185	0.0072445009971671	2.91675933454136e-05	
7.24524802295295e-06	0.0002463384327804	0.00580344366638531	0.0284955604742739	0.133884938216147	0.348659447984553	0.37443804045022	0.104661230315567	0.0038037552120503	
5.3748799610142e-05	0.00074173343461996	0.00849589359170978	0.0424508019320902	0.171351173157133	0.378534879387694	0.327405437945219	0.0692284538978629	0.00173787785406126	
0.000238963114081704	0.00165134211671386	0.0137599954347345	0.0599155425889335	0.211371790939375	0.395006027577057	0.273908794555921	0.0434698870810121	0.000677656592171996	
0.000361912474513837	0.00323929581149018	0.0192386938184633	0.0828206239944387	0.250482848573671	0.3999813668825	0.216803488692923	0.0267671899467165	0.000304579805283922	
0.000892661101932539	0.00525158285370796	0.0277552812782331	0.112820845076506	0.293347155182654	0.379132606966356	0.164249642755587	0.0164062471879376	0.000143977597085893	
1.43887997582682e-05	0.00156837917365123	0.00878436225242271	0.0403569861220026	0.145769333151075	0.326007036123082	0.346982308970697	0.121988244350597	0.00845701705792211	7.19439987913408e-05	
0.000187051032557671	0.00328418447548372	0.0135935740776046	0.0566944485411818	0.183414328828521	0.350008453267817	0.303900373742352	0.0845722466627578	0.00431656228979241	2.87770819319494e-05	
0.00062669352151044	0.00440134467419182	0.0208873690464115	0.0761486966223755	0.2238636198977	0.358037616101314	0.258947589584571	0.0552649500818686	0.00182212047005637	
3.97071776138152e-05	0.00124175173628658	0.00720504786519774	0.0309752082821953	0.103448026914247	0.26052601181108	0.355577775531715	0.206397909236611	0.0338846614782621	0.000703899966790361	
0.000112624886466848	0.00231789282470481	0.0108628519527702	0.0421689373297003	0.132069028156222	0.296806539509537	0.336069028156222	0.159542234332425	0.0196730245231608	0.000377838328792007	
7.30836552059315e-06	0.000292334620823726	0.00343493179467878	0.017225817532038	0.0598372426998564	0.164810950854896	0.319474236184449	0.306439766278471	0.11828224176804	0.0100490025908156	0.000146167310411863	
0.000139251778208563	0.000806194505417994	0.00603912974967661	0.0264248571753143	0.082946421046074	0.19773386053568	0.329396416831875	0.269774668635736	0.0813816708014673	0.00531355469480041	4.39742457500724e-05	
0.000469657553597834	0.00159243264266765	0.00846484356367346	0.037726710672601	0.108975229233247	0.236083643074936	0.32675323531678	0.2249989909701	0.0523374636290586	0.00259779334333802	
7.34432779203801e-06	5.87546223363041e-05	0.000624267862323231	0.00247136630202079	0.0138183527407195	0.0519317418175008	0.138550743796797	0.263378611114171	0.313903914159497	0.180556626603359	0.0333212151924765	0.00137706146100713	
9.09047935915757e-05	0.000152720053233847	0.000778145033143888	0.00483249882732816	0.0198099726194762	0.0677931588688535	0.168817474083043	0.286084657816176	0.292960696403443	0.138517088283099	0.0195481668139324	0.000614516404679052	
9.07388318645741e-05	0.000188736770278314	0.00136834158451778	0.00821004950710666	0.0285827320373408	0.0873923837454086	0.197955835595755	0.3006939705861	0.262848618592024	0.100810842201542	0.0115964227122926	0.000261327835769973	
7.96319555798473e-05	0	0.00019546025460508	0.000466932830445468	0.00300067687162243	0.0121293946885486	0.0415968378874366	0.111093817302576	0.226846104006573	0.302319099724546	0.225300520141455	0.070676980211459	0.00620405326653901	9.04908586134629e-05	
3.9713485255466e-05	1.0830950524218e-05	0.000516275308321058	0.000989226814545245	0.0047511769632903	0.0173764549576871	0.0543894232157814	0.139491811801404	0.252422522600583	0.29773560927707	0.183089997978223	0.0461145770152789	0.00305432804782948	1.805158420703e-05	
5.7972904913566e-05	6.52195180277618e-05	0.000532626063893388	0.00148917899496723	0.00651108188310488	0.025174733958716	0.0695638625897221	0.169201169603357	0.276128569409872	0.275599566652536	0.146508400636253	0.0278269943585117	0.00134062342612621	
6.83320506088745e-05	0.000133067677501493	0.000463938659397096	0.00291669963388407	0.0102354218964662	0.0336373510181476	0.091090219885346	0.199572744862509	0.289040977651823	0.248239550590892	0.10827393240162	0.0157379501823387	0.000589813489466075	
7.89489738427695e-05	0.000247612690688686	0.000617237431861653	0.00430630766415107	0.015280215028296	0.0475631681505485	0.114443714764535	0.229788165548821	0.288074039783106	0.213327304502604	0.0771259702649456	0.00903965750499711	0.000107657691603777	
4.32038537837575e-05	0.000439239180134868	0.00138612364222889	0.0064085716445907	0.0211878899597844	0.0641793247957718	0.142831940609102	0.249559860739578	0.280472218121856	0.175364442508272	0.053392762634427	0.00470561974128092	2.88025691891717e-05	
7.90261109454756e-05	0.000510077625193524	0.00254320393406349	0.00975613260581417	0.0323180872807474	0.0807431328105636	0.171109490676715	0.266756229592405	0.261353717280496	0.138414233321	0.0341572404082058	0.00225583625789812	3.59209595206707e-06	
0.000189608047967259	0.000583134185257795	0.00450766302714615	0.0151614888167027	0.0433952004121292	0.102585108970965	0.196280104749503	0.274624003663371	0.236112104863983	0.103661939583005	0.0216582475923355	0.00124139608763469	
3.20608729106998e-05	0.000277860898559398	0.00125393636272959	0.00707832827484005	0.022207497969478	0.0565340058992006	0.124510181108309	0.222705510195358	0.274245144558914	0.201449151455564	0.075788341241682	0.0133551347269126	0.000562846435543396	
1.77068872708729e-05	0.000531206618126186	0.00195484035470437	0.0105001841516276	0.0316528316854124	0.0711321075445505	0.148238518854294	0.23916692636768	0.267005694534946	0.168282715244922	0.0535031305776695	0.00784060968354251	0.000173527495254554	
0.000103401185904636	0.000862865068583511	0.00364400041360474	0.0153247688626939	0.0406758872000029	0.0911820181772154	0.172063138903448	0.252619793839429	0.245945069011378	0.136806900068102	0.036504184182471	0.00419666192447435	7.13111626928521e-05	
0.000426646946096714	0.00166036769855971	0.00636770567049345	0.0208701464465642	0.0528935551423401	0.114711142240536	0.197637086996868	0.260371965029172	0.216761536355653	0.102736584620089	0.023245147779836	0.0023110042913572	7.11078243494523e-06	
6.04627176213256e-05	0.000796685220422172	0.00314761794675724	0.00904095459961233	0.029121690110789	0.0662422420998346	0.137307275087582	0.221446481603329	0.257827254459125	0.18338342254548	0.0766809524656341	0.0139135383138015	0.00103142283001085	
0.000128522773521453	0.00126380727296095	0.00433764360634903	0.0137198060734151	0.0375572104846023	0.0873954859945878	0.165276716671546	0.239555739612861	0.236057064111444	0.152160253618273	0.0537225193319672	0.00833969997072537	0.00048553047774771	
3.5412269643186e-06	0.000357663923396178	0.00219556071787753	0.00663625933113305	0.0191828264657138	0.0503208351629673	0.109356629885123	0.187628369477457	0.247043075484794	0.21663455954219	0.12088332365398	0.0355468362678301	0.00407949346289502	0.000131025397679788	
4.93759235942851e-05	0.000684209226949379	0.00338577761789383	0.00857024959529377	0.0280419977498686	0.0626404127827212	0.131607997488882	0.212916036241928	0.245176148607423	0.188877015154882	0.0941669399976723	0.0215455369455348	0.00229598044713426	4.23222202236729e-05	
8.47753981794483e-05	0.000127163097269172	0.00121864634882957	0.00498408695130007	0.0140833130225609	0.0362662088795165	0.0800279758813992	0.151804479673332	0.229487002871767	0.235290585338801	0.161373502742837	0.0700138819714519	0.0140762484060459	0.00115506480019498	7.06461651495403e-06	
0.000301573504106722	0.000326408969150805	0.00213230207021341	0.00698231360096504	0.019730003015735	0.0490677830799525	0.0995050646609072	0.174149828812687	0.236543612850579	0.220272835323127	0.133146476024906	0.0487874971173121	0.00845824980929911	0.000596051161057991	
0.00032239073757394	0.000620251745115079	0.00319236915141151	0.0105127414426285	0.0290537131002775	0.0623405567547868	0.121071738947604	0.195049900479381	0.238435984413109	0.196146729836562	0.104980236046088	0.0332798351602142	0.00481483558072384	0.000178716604524684	
0.000427582581266976	0.00111451853149917	0.00483308507841935	0.0166336633663366	0.0398142469114168	0.0804591255585736	0.143874529045825	0.209294663979672	0.232243932357838	0.168663804433541	0.077995268553404	0.0220134933847367	0.0025024095329887	0.000129676684482608	
7.00348773689297e-05	0.000882439454848515	0.00191545389604023	0.0070209964562352	0.0239099071337526	0.0491224629865673	0.0997541775804351	0.16479556819296	0.222665387362907	0.216565349544073	0.140864650595997	0.0582655162270811	0.0126938215231185	0.0013936940596417	8.05401089742692e-05	
4.95599781936096e-05	0.000176999922120034	0.000987659565429791	0.00299483868227098	0.00972083572283228	0.0323874457495239	0.0620667926906112	0.123167165806447	0.182469219713543	0.227898019724871	0.197652273033	0.111644470876433	0.0405790021452391	0.00753311668542866	0.00067259970405613	
4.22757009839669e-05	8.45514019679339e-05	0.000348774533117727	0.00157476986165277	0.00570369665775354	0.0154764295352139	0.0398765549531268	0.0800525627882234	0.141718718623503	0.198484416119725	0.223423556725183	0.172963984625737	0.0884055367076389	0.0272044135831827	0.00427336877446266	0.000366389408527714	
7.01087737624925e-05	3.85598255693709e-05	0.000687065982872427	0.00297611744621781	0.00879865110719281	0.0211693442375846	0.0500716862211721	0.0987832622313519	0.162056430552001	0.2092571624876	0.216124316877636	0.142404941266375	0.0676900210676865	0.0175342043179994	0.00211728496762727	0.000220842637351851	
0.000207988851797544	0.000284251430789976	0.00143858955826634	0.00424990553839647	0.0123822696436804	0.0292778973713676	0.0646706669855829	0.116213770941878	0.177116373229062	0.217954984279509	0.20037299334089	0.113950158938148	0.0497994640820585	0.0110754063582192	0.000890885581866145	0.000114393868488649	
0.000267133350913904	0.000469195757374422	0.00147608300312683	0.00676737822315224	0.0163156831250492	0.0406659154968167	0.0801468548472716	0.134224234474586	0.19251067677207	0.221241211141516	0.174016829401108	0.0921130590535945	0.0330320662764693	0.00629475767922764	0.00045207182462353	6.84957310035652e-06	
0.000143354005891167	0.000481259876920346	0.000607547929729232	0.00214689689775105	0.00793908137387749	0.0203596820271622	0.0541332031769978	0.100173731402378	0.157238865318911	0.207696062201986	0.20730695847171	0.146944682419679	0.0690351934084463	0.0223017874879258	0.00323911789501708	0.00025257610561777	
0.000332010994013534	0.000708518306812386	0.000996032982040601	0.00367265769666517	0.0120721935658323	0.0273207397341858	0.0676583641099538	0.119328858600967	0.176068510639754	0.206134330963619	0.195006828473537	0.124719758761496	0.049342994739166	0.0150055278119106	0.00134858073857044	0.000284091881475498	
1.72233245149912e-05	0.000523589065255732	0.000713045634920635	0.00163277116402116	0.0054735725308642	0.0170717592592593	0.0373367228835979	0.0824859457671958	0.140587108686067	0.184706376763668	0.207785631613757	0.177603477733686	0.0987034281305115	0.0356591710758377	0.00890445877425044	0.000678598985890653	0.00011711860670194	
1.37856401878983e-05	0.00083747764141482	0.000816799181132973	0.00169563374311149	0.00748215621198179	0.0249795800204717	0.0484599716705094	0.103282016287734	0.162308681162267	0.186292248679163	0.200556939863591	0.157573313757724	0.0739565131980273	0.0258377361221683	0.00547634556464259	0.000413569205636948	1.72320502348728e-05	
