# <P(U)> as a function of N_tot.
# number_of_species: 1
# species_total_upper_bound: 103
# species_total_lower_bound: 0
# volume: 729
# Bin widths for each
10	10	10	10	10	10	10	10	10	10	10	10	10	10	10	10	10	10	10	10	10	10	10	10	10	10	10	10	10	10	10	10	10	10	10	10	10	10	10	10	10	10	10	10	10	10	10	10	10	10	10	10	10	10	10	10	10	10	10	10	10	10	10	10	10	10	10	10	10	10	10	10	10	10	10	10	10	10	10	10	10	10	10	10	10	10	10	10	10	10	10	10	10	10	10	10	10	10	10	10	10	10	10	10	
# Bin lower bound for each
0	0	0	0	-10	-10	-10	-10	-10	-10	-10	-10	-10	-20	-20	-20	-20	-30	-30	-30	-30	-30	-30	-30	-30	-30	-30	-40	-40	-40	-40	-50	-50	-50	-60	-60	-60	-60	-60	-60	-60	-70	-70	-70	-70	-70	-80	-80	-90	-90	-90	-90	-90	-100	-110	-110	-110	-120	-120	-120	-120	-120	-120	-130	-130	-130	-130	-140	-150	-150	-160	-160	-160	-160	-180	-180	-180	-180	-180	-180	-200	-200	-200	-200	-200	-210	-210	-220	-220	-220	-220	-250	-250	-250	-250	-250	-260	-260	-260	-260	-270	-270	-270	-270	
# Bin upper bound for each
0	0	0	0	0	0	0	0	0	0	0	0	0	0	0	0	0	0	0	0	0	0	0	0	0	0	0	0	0	0	0	0	0	0	0	0	0	0	-10	0	-10	-10	-10	-10	-10	-10	-10	-10	-10	-10	-10	-20	-20	-20	-20	-20	-20	-20	-30	-30	-30	-30	-30	-30	-30	-30	-30	-40	-40	-40	-40	-40	-50	-50	-50	-50	-50	-60	-60	-60	-60	-70	-70	-70	-70	-70	-70	-80	-80	-80	-80	-90	-90	-90	-90	-90	-90	-100	-100	-100	-100	-110	-110	-110	
# Normalized histogram for each
1	
1	
1	
1	
1.30953986697694e-06	0.999998690460133	
2.34870736280613e-05	0.999976512926372	
8.46711373027163e-05	0.999915328862697	
0.000444380154842375	0.999555619845158	
0.00131032891211409	0.998689671087886	
0.00336891587503673	0.996631084124963	
0.00731955642387386	0.992680443576126	
0.0157207291122767	0.984279270887723	
0.0308285996380655	0.969171400361934	
5.25178363701772e-06	0.0563017464806485	0.943693001735714	
3.95036758170348e-05	0.0945296626517764	0.905430833672407	
6.48666394844558e-05	0.146846157512086	0.853088975848429	
0.000207898556098181	0.21565568821043	0.784136413233471	
1.31888886251111e-06	0.000458973324153867	0.30091504509281	0.698624662694173	
5.2690092681873e-06	0.000956325182175995	0.396736639109748	0.602301766698808	
7.89980935126766e-06	0.00182748922992658	0.495686704094208	0.502477906866514	
2.62843174619863e-05	0.00398864517485642	0.59419905113614	0.401786019371542	
3.29505359734181e-05	0.00752326637345083	0.684701593356118	0.307742189734458	
6.73809042517351e-05	0.0141328143682512	0.760663028097837	0.22513677662966	
0.000115007561416682	0.025427246481033	0.816069861144894	0.158387884812657	
0.000280795190887998	0.0436564016030373	0.849529371440624	0.10653343176545	
0.000597233435030384	0.0705026142175912	0.861066590206693	0.0678335621406855	
0.00120170921558265	0.107234953405551	0.849961624976431	0.0416017124024358	
3.9935995910554e-06	0.00251729894222859	0.157784457442872	0.815996230041986	0.0236980199733228	
4.40540396219362e-05	0.00484327441661772	0.222085758530464	0.759538367063598	0.0134885459496983	
0.000105770234917031	0.00858211652934388	0.295164559741439	0.688870829104755	0.00727672438954508	
0.00020133741735099	0.0152103707561428	0.377304977866307	0.603514277507389	0.00376903645281054	
1.34773432382821e-05	0.000481141153606672	0.0260651818228376	0.462103058548274	0.509520395263522	0.00181674586852043	
4.31084419800785e-05	0.000848697451482796	0.0405434896822638	0.540350848832165	0.417326091115081	0.000887764477027242	
3.22719449225473e-05	0.00174671901893287	0.0643502581755594	0.607589285714286	0.325883444492255	0.00039802065404475	
6.73786342350841e-06	9.16349425597143e-05	0.00349695111680086	0.0979132836977395	0.65492975777381	0.24338779772934	0.000173836876326517	
9.48563468381669e-06	0.000207328872374851	0.00654508793183352	0.140288471701642	0.678068399556614	0.174813471769396	6.77545334558335e-05	
1.21607488859403e-05	0.000345905746088968	0.0110230432679445	0.19325321651808	0.675880911137354	0.119469899444119	1.48631375272603e-05	
1.21564617672524e-05	0.000591614472672949	0.0185453577849306	0.255711173274154	0.647582822649379	0.0775555246391219	1.35071797413915e-06	
6.48238681482522e-05	0.00114117017885986	0.0298716487410665	0.326066757780215	0.594401108488145	0.0484544909435654	
8.51970757118013e-05	0.00221782863757705	0.046912485022895	0.39691153838872	0.524570566168376	0.029299680037649	2.70466907021591e-06	
0.000221517353098661	0.00399682537093964	0.0716520302133362	0.460321213752015	0.447700160634056	0.0161082526765548	
8.20195397883622e-06	0.000390959806324527	0.00683086067204077	0.104427278058543	0.515364310290855	0.364516706696759	0.00846168252149937	
3.29923663912262e-05	0.000710710559344332	0.0120779554630547	0.144498316701973	0.554031186034331	0.284390074246571	0.00425876462833412	
9.08975722084805e-05	0.00137861317849529	0.0205153066002655	0.193720630443525	0.570434600574032	0.211679787134413	0.00218016449706098	
0.000184353860356078	0.00243374611171569	0.033222216566258	0.249755455980013	0.562052271198286	0.151226572270153	0.00112538401321845	
0.00038452685968353	0.00426976419820637	0.0512550874006122	0.31382904680064	0.527843741515256	0.101815545635344	0.000602287590256999	
6.86928303919063e-06	0.00066769431140933	0.00723335504026774	0.0750496649163734	0.37289490821264	0.47762399742814	0.0662927028980131	0.000230807910116805	
3.98476445919876e-05	0.00094947318665736	0.0125753670105473	0.106883749306101	0.424689325777854	0.414543291030707	0.040215891790286	0.00010305425325514	
4.11932305791082e-06	7.68940304143352e-05	0.00183447186845628	0.019815317016237	0.147561017472795	0.463945624935636	0.342875974048265	0.0238412687515018	4.5312553637019e-05	
1.51464246176216e-05	0.000194149624644059	0.00341483027742742	0.0306591173214512	0.193104521345443	0.488169265425945	0.271551985283183	0.0128689531342083	2.20311630801769e-05	
0.000104336413545612	0.000418718501729101	0.00580577227479466	0.0463487060225449	0.243802622962523	0.491370966745514	0.205165201609526	0.00697955692718279	4.11854263995838e-06	
9.48860542253173e-05	0.000779715836894998	0.00845861042811488	0.0681378130552209	0.296748571208546	0.472872214613002	0.149182879805497	0.00372530899849832	
0.000207334705495468	0.00163258917108683	0.0135714982060742	0.0965960035205708	0.348757570806175	0.435070596780682	0.102369794491488	0.00179461231842766	
5.51854299427865e-06	0.00036974238061667	0.0028696423570249	0.0215030027772068	0.131475147931443	0.39260156533472	0.383966425184423	0.0663784147709322	0.000830540720638937	
1.93231647479224e-05	2.76045210684606e-05	0.000597637881132172	0.0046568827042493	0.0334345959181195	0.173491654463168	0.422434746362759	0.3238645225315	0.0411114132272584	0.000361619225996834	
1.38384171064977e-05	0.00012039422882653	0.000997749873378483	0.00786714012504394	0.0497062104048291	0.218673283275166	0.436766736873569	0.26102160730447	0.0247195644773368	0.000113475020273281	
4.69854676712344e-05	0.000194851498283649	0.0016804214320065	0.0128532892591221	0.07182696081412	0.265765006329219	0.433543201755598	0.199993643142609	0.0140528006102583	4.28396911120078e-05	
4.12284993375954e-06	7.5585582118925e-05	0.000284476645429409	0.00284476645429409	0.0194790916537026	0.1003858987538	0.311085518901893	0.41263131277039	0.145948887655088	0.00723972448368176	2.06142496687977e-05	
1.37829135976712e-05	0.000136450844616945	0.000402461077052	0.00515756626824858	0.0299544061218189	0.134478509681119	0.3495498500419	0.374436278833855	0.102276110351519	0.00359458386627266	
1.09823582143235e-05	0.000171599347098804	0.00085662394071723	0.00809125241440281	0.0432759825435416	0.173393589872069	0.377686044580138	0.327099929850187	0.0677625229771526	0.00165147211647889	
1.50996853774647e-05	0.000341801968998973	0.00152369552445325	0.0127921789120539	0.0613102134271893	0.214198645970031	0.393179334845132	0.272622074092783	0.0433621783080665	0.000654777265913696	
4.78908198771532e-05	0.000526799018648685	0.00286250271951441	0.0194135700690586	0.0849336848975615	0.255500260662891	0.395204623790244	0.215042096030672	0.0261825953814093	0.000285976610123572	
7.69913962114734e-05	0.000945894296312387	0.00505531006909978	0.0288841471965508	0.114180990274337	0.296404501796924	0.376168963118372	0.162055890254264	0.0160829527300324	0.000144358867896513	
1.09631992808141e-05	0.000164447989212212	0.00144029030551696	0.0083032530553066	0.0411366645014348	0.148650019048559	0.330665164708365	0.34338932787366	0.11756112668799	0.00863626023346133	4.24823972131547e-05	
1.78155406331369e-05	0.000319309305193915	0.00255173358914622	0.0131848704947239	0.0574345621488283	0.18747841578731	0.351869261340277	0.300805810607099	0.0818802247498972	0.00444566260106893	1.23338358229409e-05	
4.26685752825073e-05	0.000761152326813759	0.00386632348285687	0.0205813937483655	0.0783188581338692	0.226418730128143	0.359942466243651	0.25363715194142	0.0543102143063604	0.00211691189627407	4.12921696282328e-06	
8.67097370905718e-05	0.001213936319268	0.0063160473572799	0.030242429414145	0.105099083078939	0.261223405573096	0.358126353979426	0.202742505113122	0.0340521524659974	0.000896000616602575	1.37634503318368e-06	
4.14437339146508e-06	0.000208600127370409	0.00230841597904605	0.0100791160880431	0.0419161924812778	0.135153542126865	0.294735402480822	0.339158940863936	0.155405713433157	0.0206141132491473	0.000415818796943663	
1.3933747815885e-06	2.92608704133586e-05	0.000440306430981967	0.00354892556870592	0.0154176919582768	0.0595249706694608	0.168938332018916	0.318898899512597	0.307477406427917	0.114276239337199	0.0112682218587062	0.000178351972043328	
1.39996220102057e-05	0.00012179671148879	0.000832977509607241	0.0058658416222762	0.0234549667158987	0.0824129748496791	0.202528331735043	0.330876866324609	0.268305555749995	0.0793274581586297	0.00621443221033032	4.47987904326583e-05	
8.31782982274705e-06	9.70413479320489e-06	0.000293896653737062	0.00183130886597481	0.00880858178228912	0.0347144627652348	0.108745920797624	0.237938453604532	0.328687363275672	0.223910433608469	0.0520294118462532	0.00301105439583443	1.10904397636627e-05	
3.61148229123549e-05	5.27832027180571e-05	0.000512552679025344	0.00284056972522176	0.0132346935657276	0.0483160769301289	0.136873789806175	0.267688623552976	0.317229826398824	0.178307214908199	0.0335326130741215	0.00137236327066949	2.77806330095038e-06	
4.44381490399971e-05	0.000106929296127493	0.000781833684672449	0.00501317868857467	0.0191153475479863	0.0655365489888932	0.167477662886647	0.291247628808141	0.295821980774946	0.134305973320446	0.0200110539895737	0.000537423864952465	
4.29947061034453e-05	0.000223295086537248	0.00143962919146375	0.00796095525915406	0.0268550482026132	0.0856718061521264	0.198018360126432	0.305424683676852	0.263467398223903	0.0985688310571566	0.0121328286771916	0.000194169640467172	
3.05269365525376e-05	0	0.000106844277933881	0.0005245082734936	0.00249765844520762	0.01178894786138	0.0387192562528185	0.110347937697298	0.227934922121622	0.30899226419676	0.224578346688868	0.0681097582127866	0.00626495993339577	0.000104069101883651	
1.52594664180761e-05	5.54889687930039e-06	0.000306576552581347	0.00084620677409331	0.00408537532738492	0.0171225085453012	0.0532583122475252	0.13840197318773	0.254883029253784	0.300113474941182	0.182367270386647	0.0456119323478493	0.00293397922493008	4.85528476938785e-05	
2.23155445899449e-05	3.7657481495532e-05	0.000410048131840237	0.0012845385354587	0.00626508914362703	0.0240882356633086	0.0705240945119102	0.16795794635622	0.27628317868196	0.279393407709184	0.143964551757419	0.0285192659859496	0.0012454863324263	4.18416461061467e-06	
4.31120203266222e-05	7.09262269889592e-05	0.000575754077910374	0.00252274854427396	0.0100256307914393	0.0345480260952887	0.093419575916791	0.197379345448275	0.286477984360072	0.250754808033299	0.1066354962124	0.0169068655197015	0.000639726753233749	
6.65603549885599e-05	0.000130347361852597	0.000990085280454829	0.00410732857241905	0.0155626430007627	0.0490854884559384	0.117883935380989	0.224928239617278	0.286076405740831	0.214038688206337	0.0769174235595923	0.00996047978922554	0.000252374679331623	
5.00600720865038e-05	0.000244738130200685	0.00150597383526899	0.00657733724914342	0.0226243714679838	0.0660055956036132	0.145049058870645	0.245992413117964	0.277492713478396	0.176058492413118	0.0529079339652027	0.00540370667022649	8.76051261513817e-05	
1.66518881159637e-05	4.16297202899094e-06	0.000101298986038779	0.000345526678406248	0.00258381797266037	0.00982322633107561	0.0329346593786903	0.0852243633775025	0.17225684427293	0.261447132336718	0.25984161279087	0.138527057236702	0.0341710620713006	0.0027114824482161	1.11012587439758e-05	
2.36423715802005e-05	4.17218322003538e-06	0.000105695308240896	0.000614701661085213	0.00437940165329714	0.0144663499516027	0.0450401085880219	0.108603319945261	0.197118968413792	0.267883368008812	0.233952392608004	0.105051401297271	0.0213671409975412	0.00138933701227178	
1.38781911165699e-05	1.24903720049129e-05	0.000156823559617239	0.00121989299914649	0.00659352859948234	0.0212433471421335	0.0608322751212607	0.13143757242681	0.220403716579581	0.268542998105627	0.200185967760962	0.0757804747729181	0.012955291407318	0.00062174296202233	
3.0503699266802e-05	1.38653178485464e-05	0.000428438321520083	0.00212832628975187	0.00947278515412687	0.0305965968963873	0.0782156445154349	0.156392466140894	0.237709782259049	0.257887979324038	0.16682195822657	0.0522653156300955	0.00765226892061274	0.000384069304404734	
4.74746952892535e-05	0.000106119907117155	0.000699553598232824	0.00400183754997061	0.0143457358647586	0.0400463017910527	0.0984024765035166	0.181136907247012	0.24885537113343	0.240120027200208	0.132916579978804	0.0350405140671711	0.00411075008622242	0.00017035037721438	
1.39948219158911e-05	4.75823945140298e-05	0.000319081939682318	0.00150024490938353	0.00599958015534252	0.0201399482191589	0.0534574207543209	0.122440696942131	0.204583304177454	0.255213770904765	0.211972570149045	0.10026450213421	0.0219886641942481	0.00201525435588832	4.33839479392625e-05	
3.21848023363368e-05	4.05808377284246e-05	0.000558336353573842	0.0027329095201246	0.00872068209391525	0.028578705135435	0.0698816019075792	0.147732440741482	0.22344089121117	0.249443412820466	0.181551671300812	0.0730874880881248	0.0133636896657398	0.00082281146842461	1.25940530881318e-05	
5.58638932105817e-06	5.30706985500527e-05	0.000124297162393544	0.000860303955442959	0.00430151977721479	0.0126001011136467	0.03816900503613	0.0912215478208892	0.170915581277775	0.239865591472935	0.233178683455629	0.150304597877731	0.0503934214679355	0.0076100588526115	0.00039663364179513	
1.53280409788208e-05	4.45906646656606e-05	0.000253609405285945	0.00159969009488057	0.00641826879531352	0.0183030743869829	0.0509239325064552	0.113621193942916	0.192946592924855	0.246395471818003	0.213778794073343	0.118482969849743	0.0333370956706645	0.00376094387289431	0.000118443953018161	
5.70023968812737e-05	0.000102882374858884	0.000531095502649916	0.00265686781561254	0.00850030864712458	0.0261126589810752	0.0658196944671527	0.136889170656834	0.215293882113482	0.244483280223783	0.187323779175495	0.0900971543291235	0.0201385297274451	0.00193252028451148	6.11733039701474e-05	
8.71050030071965e-05	0.000199097149730735	0.000971981224032685	0.00400821275742639	0.0125292942420828	0.0357171990902366	0.0823031668890379	0.160083786717178	0.230699674393203	0.234949845492316	0.159847358851873	0.0653107782071578	0.012302544710445	0.000987190034081561	2.76523819070465e-06	
8.31771451385731e-06	0	0	0.000144173718240193	0.000342412580820459	0.00174672004791004	0.00597211902094955	0.0181062782109151	0.0476799121649347	0.104295822289257	0.179451918064967	0.239260444276858	0.218974924863312	0.131059455023345	0.0451568720957313	0.00732790648670829	0.000472723441537557	
2.49737775335897e-05	0	0	0.000208114812779914	0.000586883772039359	0.00269855540571289	0.00911265393558985	0.0261641942626908	0.0625731870424943	0.126461659701758	0.200185638413	0.239302898623112	0.195257479646371	0.103446936272469	0.0299837947932449	0.00382792512306523	0.000165104418138732	
3.75410344362518e-05	0	0	0.000294766640758718	0.000935745043540648	0.00424630811734493	0.0141182097653963	0.0359281603641758	0.0806923679076991	0.151117958101425	0.215174086119133	0.23053810206434	0.167637403662058	0.0777808521258654	0.0194935297331945	0.00192293520834579	8.20341122866244e-05	
2.49781787854777e-05	0	3.05288851822505e-05	0.000625842146236135	0.00165966121263507	0.00648322507143065	0.0205792439660352	0.047124109632002	0.100813317254787	0.173886979291702	0.224625986464602	0.215499237471709	0.138580323578429	0.0577439986456276	0.0112041008618859	0.00107683704097393	4.16302979757961e-05	
3.48762590329511e-05	1.95307050584526e-05	0.000107418877821489	0.000677994475600569	0.00271337295276359	0.0101127200691945	0.0285873720041293	0.0595156385145504	0.123971150358528	0.191420440277894	0.228638988867498	0.197007616974973	0.110461482659524	0.0396026896570966	0.00661114366228621	0.000509193381881086	8.37030216790826e-06	
1.52559744476297e-05	4.57679233428891e-05	3.32857624311921e-05	0.000220518176106648	0.00115529333771596	0.00485694750141811	0.0149855276278763	0.0361941059236175	0.0787679829798801	0.143586457687555	0.205206725388299	0.225217016236518	0.172775297526174	0.0873099417637848	0.0258103349518535	0.00355325513952976	0.000263512285913604	2.77381353593267e-06	
1.10768497993013e-05	5.67688552214193e-05	1.52306684740393e-05	0.000527534971691726	0.00206306327511987	0.00758071908139685	0.0209532460016034	0.0469298433871899	0.0984925792029376	0.165511674307385	0.21584764900786	0.215772880271715	0.143586434735893	0.0645932649984008	0.0160669706338866	0.00184983391648332	0.000141229834941092	
8.27036370302778e-06	0.000122677061594912	0.00011302830394138	0.00119644594903802	0.00330676708726061	0.0111291527563744	0.0289131915057851	0.0624660570489688	0.117771357525066	0.181504158614549	0.22248105397515	0.1988526248756	0.115400519930198	0.0461265751596869	0.00951643183428397	0.0010117411596704	7.99468491292685e-05	
4.40051265972486e-05	0.000138891180822566	0.000235152395254047	0.00145354433791537	0.00585268183743406	0.0159353564690286	0.0393790876637128	0.0788131817356722	0.139449495866268	0.196999950494233	0.219492070826251	0.174682475508397	0.0905006683278602	0.0310359906929157	0.00542363185311089	0.000537687640610131	2.61280439171163e-05	
1.09943722557016e-05	0.000133306763600382	0.000245999079221324	0.000416411849184699	0.00232943262167678	0.00750365906451635	0.0206213194621003	0.0513437184341265	0.098416123246913	0.161562300297535	0.209650310247442	0.20801764596747	0.148436394120759	0.0675123171326677	0.0205498560424383	0.00294374317146411	0.00030509383009572	1.3742965319627e-06	
6.85392503725108e-05	0.000294718776601797	0.000415347857257416	0.000814246294425429	0.003827231740801	0.0107140556182309	0.028127137567871	0.0642144236740054	0.118975913936634	0.179666049356485	0.211159834902654	0.194064775074742	0.1241766722549	0.0487505980049595	0.0129443228253524	0.00158462746861245	0.000201505396095182	
0.000102676994603297	0.000336780542298815	0.000554455770857805	0.00147854872228748	0.00540217894272814	0.015144172190689	0.0379726906574887	0.0792324141688776	0.140259512681293	0.192235976376077	0.212412690328922	0.173259898746793	0.0990983590847236	0.033817694942542	0.00769666751546316	0.000928200031213806	6.70823031408208e-05	
0.000121974116818312	0.000631798515204964	0.000823667912447253	0.00204203858493579	0.0074102702206361	0.0208904658726015	0.0496530590149151	0.0999680674503161	0.164459483350533	0.198238090735038	0.201915130683617	0.151050553474686	0.0743178700304113	0.0234546633171752	0.00450893083519378	0.000496119441440775	1.78164440296411e-05	
