# <P(U)> as a function of N_tot.
# number_of_species: 1
# species_total_upper_bound: 103
# species_total_lower_bound: 0
# volume: 729
# Bin widths for each
10	10	10	10	10	10	10	10	10	10	10	10	10	10	10	10	10	10	10	10	10	10	10	10	10	10	10	10	10	10	10	10	10	10	10	10	10	10	10	10	10	10	10	10	10	10	10	10	10	10	10	10	10	10	10	10	10	10	10	10	10	10	10	10	10	10	10	10	10	10	10	10	10	10	10	10	10	10	10	10	10	10	10	10	10	10	10	10	10	10	10	10	10	10	10	10	10	10	10	10	10	10	10	10	
# Bin lower bound for each
0	0	0	0	-10	-10	-10	-10	-10	-10	-10	-10	-10	-20	-20	-20	-20	-30	-30	-30	-30	-30	-30	-30	-30	-30	-30	-40	-40	-40	-40	-50	-50	-50	-60	-60	-60	-60	-60	-60	-70	-70	-70	-70	-80	-80	-80	-80	-90	-90	-90	-90	-90	-100	-110	-110	-110	-120	-120	-120	-120	-130	-130	-130	-130	-130	-140	-140	-150	-150	-160	-160	-160	-160	-180	-180	-180	-180	-190	-190	-200	-200	-200	-200	-200	-210	-210	-220	-220	-220	-220	-250	-250	-250	-250	-250	-260	-260	-260	-260	-270	-270	-270	-270	
# Bin upper bound for each
0	0	0	0	0	0	0	0	0	0	0	0	0	0	0	0	0	0	0	0	0	0	0	0	0	0	0	0	0	0	0	0	0	0	0	0	0	0	-10	0	-10	-10	-10	-10	-10	-10	-10	-10	-10	-10	-10	-20	-20	-10	-20	-20	-20	-20	-20	-20	-30	-30	-30	-30	-30	-30	-30	-30	-40	-40	-40	-40	-40	-50	-50	-50	-50	-50	-60	-60	-60	-60	-60	-70	-70	-70	-70	-80	-80	-80	-80	-80	-90	-90	-90	-90	-90	-100	-100	-100	-100	-110	-110	-110	
# Normalized histogram for each
1	
1	
1	
1	
2.9234551732001e-06	0.999997076544827	
2.99201060193415e-05	0.999970079893981	
0.000115929940401803	0.999884070059598	
0.000506069548415082	0.999493930451585	
0.00153878160323816	0.998461218396762	
0.00367002244983864	0.996329977550161	
0.00780279386582387	0.992197206134176	
0.0163499523574639	0.983650047642536	
0.0315147353194722	0.968485264680528	
7.30790086394004e-06	0.056503958689898	0.943488733409238	
3.80759072500189e-05	0.0944231243771477	0.905538799715602	
9.18560432090827e-05	0.145930593573751	0.85397755038304	
0.000237388113396554	0.213930787033464	0.785831824853139	
7.33548703232602e-07	0.0005017473130111	0.29930327544167	0.700194243696616	
2.93515508625687e-06	0.00106105856368186	0.395121772246641	0.603814234034591	
4.40234821253657e-06	0.00205956523876502	0.49578952079706	0.502146511615963	
1.46432287147858e-05	0.00417405234514969	0.594647607040171	0.401163697385964	
1.97693719709844e-05	0.00779865114307241	0.684874746384585	0.307306833100372	
5.49417544147531e-05	0.0144929022578863	0.761052449596434	0.224399706391264	
0.000107083814354805	0.0260110985772522	0.81588478368336	0.157997033925033	
0.000241077565424348	0.0441084013699654	0.848933030264394	0.106717490800216	
0.000578289728284451	0.0709903779625438	0.860366851172118	0.0680644811370539	
0.0012529609271324	0.107470742848843	0.850208081011113	0.0410682152129117	
2.20629927861368e-06	0.00250120794885504	0.158329184264968	0.815885796065874	0.0232816054210244	
3.16685495951581e-05	0.0047429176602981	0.222649788557196	0.759671059511833	0.0129045657210781	
8.18196091381447e-05	0.00875469817778148	0.296836382158018	0.687318623985824	0.00700847606923855	
0.000221685561494175	0.0152285460299504	0.37965972371056	0.601168525953045	0.00372151874495039	
7.39537212403222e-06	0.000493271320672949	0.0258009742663236	0.46367134374651	0.508212930512344	0.0018140847820251	
2.36479121480064e-05	0.000873494754966985	0.0411451501457672	0.542009407435051	0.415106581879048	0.000841717873018102	
1.92259769569272e-05	0.00176287419481978	0.0642206787213542	0.609048632108713	0.324576640290105	0.000371948708051322	
3.70266969890631e-06	6.07237830620634e-05	0.00346125563453761	0.0974283477873216	0.6569172905048	0.241967983755647	0.000160695864932534	
5.20355566392167e-06	0.000147929653874345	0.00642044432418449	0.140112426536945	0.679623768058197	0.173625555107885	6.46727632515979e-05	
6.67850989087315e-06	0.000322052588070994	0.0110061843001589	0.192949571313871	0.676430648127123	0.119257409064667	2.74560962180341e-05	
1.11527480371163e-05	0.000676600047585058	0.0184139305258149	0.256128806804663	0.647233374970259	0.077533160837497	2.97406614323103e-06	
6.53461788079372e-05	0.00124826052927435	0.0300874599197727	0.327053169512443	0.59332548189094	0.0482202819687616	
7.65823170686371e-05	0.00245212118147927	0.0470118769508044	0.397616133738005	0.524155401135203	0.0286863976421569	1.48703528288616e-06	
8.20474875940469e-06	0.000182742131459468	0.00441266306005801	0.0718236247535778	0.46136570280759	0.446305513516578	0.0159015489819772	
8.96166424079394e-06	0.00033979643579677	0.00722982262626051	0.105040413371699	0.516490582411091	0.362334274557014	0.00855614893389802	
2.69029141087102e-05	0.000703959585844583	0.01246277496086	0.145457330857269	0.554093166286165	0.282887878368936	0.00436798702681697	
9.14967976120836e-05	0.00139270125545606	0.0210472633457829	0.195818146364877	0.568962336318229	0.210558880439185	0.00212917547885824	
7.49381385666133e-07	0.000163365142075217	0.00249768815842522	0.0334006777405252	0.253120049399221	0.559240097299679	0.150552219143097	0.00102515373559127	
8.23531437563964e-06	0.000334653229628265	0.00440589319096721	0.0513688964154671	0.316757142825057	0.524899473014746	0.101721854502958	0.000503851506800498	
8.22971375559247e-06	0.000627702712812916	0.00734688991635618	0.0759961694423247	0.375229309751463	0.474220795738505	0.0663808711526088	0.00019003157217459	
5.24415669839881e-05	0.000961928171534867	0.0123335073893914	0.108032624647986	0.426689311434734	0.411621350909749	0.0402309226943878	7.79131852333537e-05	
2.24714051369632e-06	0.000113106072522715	0.00186362853269215	0.0195606091248886	0.147676082185419	0.465725863838266	0.34112716568167	0.0238930960352951	3.82013887328375e-05	
8.24738557877153e-06	0.000257168477592603	0.00345415503285458	0.0310034219152529	0.194803247370584	0.487840354607589	0.269669264843045	0.0129431470223939	2.09933451096003e-05	
6.8855420830112e-05	0.000515667227738556	0.00566934579117498	0.0466532897548373	0.246104991045053	0.489632394379901	0.204356153167387	0.00699406421366735	5.23899941098678e-06	
9.38868400694012e-05	0.000935112927091235	0.00894553812181254	0.0686064939649539	0.298827541141213	0.471205281698075	0.147690759281653	0.00369538602513163	
0.000171199833005075	0.00183138768727798	0.0143184632262008	0.0972850559815945	0.349917441133163	0.433531289397549	0.101221901264251	0.00172326147695898	
4.5205776695518e-06	0.000313426718422258	0.00299940328374762	0.0225335728234925	0.132159088169347	0.394102454372303	0.38120449285146	0.065871597511874	0.000810690262072956	7.53429611591967e-07	
1.28114308107375e-05	2.11011801588617e-05	0.000573499932174778	0.00465959274722293	0.0345207771263207	0.173859405851056	0.42392346300511	0.321279786576635	0.0407870740199255	0.000362488130586161	
1.58363874937786e-05	8.59689606805122e-05	0.000957724386528513	0.00764972927318523	0.0503853520956819	0.218926745396136	0.438354222282551	0.25896792000362	0.0245365971373844	0.000119904076738609	
4.36573739186332e-05	0.000176134922361382	0.00167328176243313	0.0122067522903185	0.0721106910134307	0.26681053527704	0.434586575959691	0.198642556756468	0.0137001355636732	4.96790806660309e-05	
2.2538851345006e-06	6.23574887211831e-05	0.000274222691364239	0.00280157922218424	0.0190242931252747	0.100808017820718	0.312906121927673	0.41187046170837	0.145128415105538	0.00710424594394588	1.80310810760048e-05	
7.53756723509974e-06	0.000113063508526496	0.000507278274922212	0.00494539786294894	0.0293904821631009	0.134968432668419	0.351084806676476	0.373850520996647	0.10163128030102	0.00349969246725681	1.50751344701995e-06	
6.01509638816019e-06	0.000154136844946605	0.000860910670555427	0.00797451403660336	0.0424492870982949	0.173607711955079	0.378833026187474	0.326785149027772	0.0677239702342955	0.00160302318744469	2.25566114556007e-06	
8.2564420889399e-06	0.000294980158268489	0.00149967011760926	0.0125535449034109	0.0610015964956657	0.213749528069276	0.395079010397863	0.271656459952878	0.0434626617418241	0.0006942917211154	
5.99055738392359e-06	2.62086885546657e-05	0.000446296525102307	0.00285674705245856	0.0191637930711716	0.0846323482610535	0.255528722850607	0.395801368093543	0.2150542707058	0.0261772381284001	0.000307016065926084	
4.50423059858973e-06	5.25493569835468e-05	0.000813013623045445	0.00489009301986891	0.0287655180127935	0.114132699137665	0.296234988713149	0.377733786458932	0.161726651757663	0.0155088166560442	0.000137379033256987	
1.12002819484309e-05	0.000123949786895969	0.00134478051927494	0.00812543121085501	0.0421526344556514	0.148082661067521	0.3313954356611	0.343308802226915	0.117113134794647	0.00829791555286085	4.40544423304949e-05	
2.38145028834154e-05	0.000273866783159277	0.00235912419188833	0.0128836460599277	0.0588233105284661	0.186212295874361	0.353148240071027	0.300143110278265	0.0818645862713856	0.00425163296790475	1.63724707323481e-05	
3.79924774894571e-05	0.000680139842115183	0.00378658358978256	0.0199564799895111	0.0800389758122009	0.225157575662764	0.360684937323586	0.253420254162225	0.0541444950762494	0.0020866064597641	5.9596043120717e-06	
1.41650662626889e-05	7.60440399365405e-05	0.0011510980162943	0.00609545167177603	0.0299949005761454	0.106574230911455	0.261980663939022	0.356794162203428	0.20280647239154	0.0336904918111006	0.000812627485596364	9.69188744289242e-06	
1.56476098648494e-05	0.000147534607297151	0.00205877838364661	0.00974473532440476	0.0425622439566695	0.137307776564053	0.294911248247095	0.337708206351737	0.155318920642774	0.0198516010485389	0.000371071891080713	2.23537283783562e-06	
3.7485418172331e-06	2.92386261744182e-05	0.00037035593154263	0.00319975529519017	0.0154679829546306	0.0598469695288533	0.171345846465725	0.318966422061818	0.305816537366964	0.113799731904289	0.010976480149222	0.000176931173773402	
9.00389868813196e-06	0.000113299058492327	0.000748824240896308	0.00534606484607835	0.0232623225856796	0.0819549865091585	0.204611346713127	0.332158324554532	0.26630906182377	0.0794053825306358	0.00602886049659503	5.25227423474364e-05	
4.4858404446365e-06	2.76626827419251e-05	0.000236254263417523	0.00150350418902734	0.00831076706376323	0.0342845308782827	0.107651946630461	0.239783124567303	0.331622483630421	0.221325386417772	0.0522413501781626	0.00299205557657255	1.64480816303339e-05	
2.32249402894277e-05	8.01635035796376e-05	0.000456257697943918	0.00250379840152475	0.0126178853017594	0.0473638943579877	0.137424968459033	0.26839864785896	0.319974497517179	0.176493813175584	0.0333000692253059	0.00135154168652024	1.12378743335941e-05	
4.05365538374229e-05	9.53359692102353e-05	0.000740167445994425	0.00444100467596655	0.0186430613806	0.0646152668168521	0.16793693713306	0.291714553598708	0.298354290981893	0.13301995074058	0.0198621607034143	0.000533731292192735	3.00270769166096e-06	
6.53179143013949e-05	0.000180187349796951	0.00132963248537667	0.00716244715442882	0.0266234317131237	0.085516165433009	0.19789225847575	0.306675866231915	0.264997781443256	0.0974610851632985	0.0118750971322433	0.000220729503501265	
1.6456127962851e-05	0	0.000119680930638917	0.000424119297951661	0.00242353884543806	0.0106725469897254	0.03783787422731	0.110788637492445	0.226974884956705	0.309941446104685	0.226230619169295	0.0682271065339804	0.00625183261425041	9.12567096121739e-05	
1.42278934106133e-05	3.74418247647717e-06	0.00020667887270154	0.000700910959596527	0.00393813112875869	0.0155203852014932	0.0528985588641648	0.138465858672088	0.255142821840565	0.299769732777697	0.184621144896118	0.045642333224752	0.0030350343154324	4.04371707459535e-05	
4.50734697557018e-05	2.17855103819225e-05	0.000282460410469065	0.00121397878542024	0.0062216412752787	0.0228845518194657	0.0699607860813125	0.16864764566243	0.276940412872983	0.279484810240692	0.14467156465038	0.0282280116590042	0.00139277021545119	4.50734697557018e-06	
7.21219943534489e-05	4.65787880199357e-05	0.000444752298512935	0.0021456293320151	0.00969890569898984	0.0333947371979704	0.0914484350278496	0.198984582421165	0.287975610745576	0.250877108629246	0.107455010149668	0.0167585971671082	0.000695676737200976	2.25381232354528e-06	
1.49853705320181e-06	6.59356303408797e-05	8.99122231921087e-05	0.000801717323462969	0.00358150355715233	0.014880472938294	0.047641489995392	0.116612407137532	0.226809577150307	0.28860924522435	0.213958872650575	0.0768592161901943	0.00980867428173246	0.000279477160422138	
1.12570609915069e-05	7.20451903456443e-05	0.000200375685648823	0.00132458084333398	0.00577862464230689	0.0216045514549001	0.0635431074141255	0.14470651716289	0.248725513078078	0.27982276883175	0.175914842585011	0.0529577177284452	0.00525629701230097	8.1801309871617e-05	
8.99283271232828e-06	1.12410408904103e-05	0.000111661006178076	0.000377698973917788	0.00229167353619166	0.00894636974331458	0.0313197881288613	0.0830772874019406	0.172514006336949	0.264188441811876	0.260200120503958	0.139790586902239	0.0344935086735872	0.0026543844555889	1.42386517945198e-05	
1.27450039584483e-05	5.24794280641988e-06	0.000152940047501379	0.000632002255115995	0.00378001823285272	0.0132742964757815	0.0441636878343689	0.10533670801046	0.197761227598781	0.271859181200969	0.233966035314157	0.106513746611328	0.0211979404073603	0.00134122424009788	2.99882446081136e-06	
7.49577987592985e-06	1.57411377394527e-05	0.000200137322687327	0.00109888132981132	0.00589693002839401	0.0197851109825168	0.059072742046228	0.129603533210802	0.222108952659653	0.271027911285946	0.200657529810717	0.0774823774215117	0.0124452433280063	0.000596664078124016	7.49577987592985e-07	
1.64814501278811e-05	2.92171161357892e-05	0.00047946036735654	0.0019538009969779	0.00864002565112965	0.0286657367133291	0.0764282300271045	0.155665798144189	0.240078541601428	0.260407661177345	0.16634278119976	0.0537340223578363	0.00724884142897169	0.000309401768309767	
2.63521475117926e-05	0.000106161508547507	0.000763459359341648	0.00342653209503337	0.0131429453418815	0.0391382094845143	0.0970489359379294	0.18069366381436	0.2551957023412	0.238743680190338	0.132409000387753	0.0354443913218614	0.00371791155466377	0.000143054515064017	
7.52245075427614e-06	3.00898030171045e-05	0.000348289469922985	0.00134727093009086	0.00545979475745362	0.0190844575635986	0.0526120205754073	0.12039832881234	0.205025899797947	0.259041609684102	0.211869825494187	0.100199796292034	0.022691472700274	0.00183923920942052	4.43824594502292e-05	
1.7313384299922e-05	4.21543269911145e-05	0.00055252278591925	0.00234784546223725	0.00809287802645485	0.0273491251471638	0.0691097608344148	0.145595776136435	0.22633787295288	0.253409983951246	0.180430305347879	0.0724324251083216	0.0134750822762132	0.000794910166118159	1.20440934260327e-05	
3.0077585130845e-06	2.85737058743028e-05	0.00016693059747619	0.00104594802292514	0.00369803909183739	0.0118753825492859	0.0368375223890024	0.0892928308571961	0.169955650600725	0.242235095428658	0.237270038063184	0.149354760604981	0.0502017454022651	0.00762391589104094	0.000410559037036034	
8.25081889377521e-06	2.62526055711029e-05	0.000327782532416342	0.00171617032990524	0.0056465604211218	0.0173522222080542	0.0496601787727432	0.110809247817846	0.192813386728633	0.249546017442231	0.217349071895386	0.117619923777435	0.0330332785528964	0.00393039009121655	0.000161266005651061	
3.68345998672451e-05	8.49450976530346e-05	0.000574319067317862	0.00258218062334667	0.00809985333815441	0.024905451595953	0.0648491923826048	0.133539707322794	0.213973694081883	0.248954536331319	0.190437888219769	0.0897734371417553	0.0201785951884992	0.00193719926240593	7.21657466786843e-05	
6.14931435144981e-05	0.00023097424637153	0.00095764322278066	0.0039168132753198	0.0119214207615851	0.0339059694844025	0.0821353419093771	0.157273963953019	0.231520185499317	0.239193329943711	0.161060291777467	0.0645887983489841	0.0121966400746317	0.00101913636629516	1.79979932237556e-05	
4.48460323594021e-06	0	0	8.96920647188042e-05	0.000379696407309604	0.00154120864541812	0.00589202121815278	0.0174084823280472	0.0460090394652559	0.102207844916441	0.179430470337713	0.241442069016549	0.220943695058939	0.131930300296507	0.0447914696866981	0.00744294650391543	0.000479852546245602	6.72690485391031e-06	
1.34276952181739e-05	0	1.41736782858503e-05	0.000152926528873648	0.000606484234020856	0.00244980839424907	0.00885332704718268	0.0248785353070056	0.0614816864886801	0.125469876084753	0.20013755927768	0.243003984295564	0.195828015095713	0.102988930357259	0.0299646478624228	0.00399324736127139	0.000163370291821116	
2.01111476091197e-05	0	2.16008622468323e-05	0.00025474120304885	0.00095267251081719	0.00384793290921158	0.0138320004111612	0.0339394237336867	0.0787932417605745	0.14921726668648	0.216457771431593	0.23477977176082	0.169026002224144	0.0777452275129438	0.0191078248006203	0.00192098702533036	8.34240197119041e-05	
1.34136163109574e-05	2.23560271849291e-06	3.72600453082151e-05	0.000421783712888995	0.00174898652676762	0.00608754620245618	0.0198827053773697	0.0448573685465602	0.0979916835578872	0.173180964588053	0.227088052939072	0.219326040300465	0.140142482413259	0.056971354477167	0.0111534219625611	0.00106489209490879	2.98080362465721e-05	
1.86747221948326e-05	3.4361488838492e-05	6.94699665647774e-05	0.000602820032449197	0.00285349755137043	0.009685457919128	0.0274406367930871	0.0574994696378897	0.120524416078786	0.193334169960888	0.230239155962316	0.199641744129414	0.111937778813602	0.0392109406980462	0.00644576711276843	0.000457157199329503	4.48193332675983e-06	
8.19457191556313e-06	2.90534822460875e-05	6.4066653158039e-05	0.000155696866395699	0.00110626720860102	0.00468431529136918	0.0147852426189256	0.0357886753995971	0.0759353731361074	0.141551545347271	0.209062153593096	0.226185084091207	0.174337282620356	0.0869913405723685	0.0254426558756571	0.00365328915217469	0.000218273597387272	1.48992216646602e-06	
5.94490116973362e-06	4.38436461267854e-05	6.46508002208531e-05	0.000377501224278085	0.00186075406612662	0.00723122916033473	0.0207796589261576	0.0461666162588588	0.0954892319262	0.165240757350685	0.218401549835735	0.216999296272324	0.145614409251455	0.0639277516160842	0.0157688503527184	0.00190682705019206	0.000121127361333322	
4.43238179945836e-06	9.67736692881743e-05	0.000125584150984654	0.000899773505290048	0.00295935358143837	0.0107795525362827	0.0284049187618289	0.0600506473493618	0.116710522622138	0.182925135593947	0.2234060785684	0.199980940758262	0.11759256660023	0.045728144294712	0.00929027225166473	0.000990637332178944	5.46660421933198e-05	
2.3649170468394e-05	0.000117506815764833	0.000229101338912567	0.00129109690025888	0.00539274990337097	0.0155552418755861	0.0381638488433708	0.076254533065605	0.138162888095821	0.199230958537831	0.221472264326778	0.17595278443116	0.0912798857153837	0.0310809222880868	0.00525972331948625	0.000512152347956157	2.06930241598447e-05	
5.90109325128847e-06	7.15507556718727e-05	0.000175557524225832	0.00033488704201062	0.00229036181815634	0.00741619894355678	0.0209651090485151	0.049533039114659	0.0950636617316316	0.160552519361118	0.210607805228516	0.211421418460538	0.150007265721066	0.0683206447534486	0.0201640356396527	0.00284285167380822	0.000226454453518195	7.37636656411058e-07	
3.669393515301e-05	0.000157783921157943	0.000331713173783211	0.000716265614186756	0.00359820728110416	0.0107843475414697	0.0286733748072651	0.0620758639770501	0.113862748537196	0.179726894379443	0.214233870997334	0.198186879276219	0.124308777996555	0.0489115478015563	0.0127261905897669	0.00154187915512948	0.000126961015629415	
5.49890864992994e-05	0.000186229706277627	0.000424515747774592	0.00135126515224278	0.00526795448663289	0.0150486800053083	0.037832491511518	0.0783653137640616	0.13579151657701	0.193445740801975	0.215688459697032	0.17663741002869	0.0980110814007113	0.0334304318402941	0.00761268913496301	0.00081163891672966	3.95921422794956e-05	
6.51840827793907e-05	0.00035375182002748	0.000563952176855403	0.00218842740836876	0.00732039221775292	0.0214931695870112	0.0495823824269572	0.0972011859108633	0.158145373687896	0.201199094160971	0.206974110933055	0.153676968193097	0.073392882777047	0.0229609100576843	0.00443178522357408	0.000440908065541497	9.52127051833797e-06	
