# <P(U)> as a function of N_tot.
# number_of_species: 1
# species_total_upper_bound: 103
# species_total_lower_bound: 0
# volume: 729
# Bin widths for each
10	10	10	10	10	10	10	10	10	10	10	10	10	10	10	10	10	10	10	10	10	10	10	10	10	10	10	10	10	10	10	10	10	10	10	10	10	10	10	10	10	10	10	10	10	10	10	10	10	10	10	10	10	10	10	10	10	10	10	10	10	10	10	10	10	10	10	10	10	10	10	10	10	10	10	10	10	10	10	10	10	10	10	10	10	10	10	10	10	10	10	10	10	10	10	10	10	10	10	10	10	10	10	10	
# Bin lower bound for each
0	0	0	0	0	-10	-10	-10	-10	-10	-10	-10	-10	-10	-10	-20	-20	-20	-20	-20	-20	-20	-30	-30	-30	-30	-30	-30	-30	-30	-40	-40	-40	-40	-50	-50	-50	-50	-50	-60	-60	-60	-60	-60	-70	-70	-70	-70	-70	-80	-80	-80	-80	-90	-90	-90	-90	-90	-100	-110	-110	-110	-110	-110	-110	-120	-120	-130	-130	-130	-140	-160	-160	-160	-180	-180	-180	-180	-180	-180	-180	-180	-190	-190	-190	-190	-190	-200	-200	-200	-210	-210	-220	-220	-230	-230	-230	-240	-240	-250	-250	-250	-250	-250	
# Bin upper bound for each
0	0	0	0	0	0	0	0	0	0	0	0	0	0	0	0	0	0	0	0	0	0	0	0	0	0	0	0	0	0	0	0	0	0	-10	-10	-10	-10	-10	-10	-10	-10	-10	-10	-10	-10	-10	-10	-10	-20	-20	-20	-20	-20	-20	-20	-30	-30	-30	-30	-30	-30	-30	-40	-40	-40	-40	-40	-40	-40	-50	-50	-50	-50	-50	-50	-60	-60	-60	-70	-70	-70	-70	-70	-70	-80	-80	-80	-90	-90	-90	-90	-90	-100	-100	-100	-100	-110	-110	-110	-120	-120	-120	-120	
# Normalized histogram for each
1	
1	
1	
1	
1	
4.63399187506758e-05	0.999953660081249	
0.000167634374190402	0.99983236562581	
0.000631360582054327	0.999368639417946	
0.00154055549739003	0.99845944450261	
0.0039936221258587	0.996006377874141	
0.00673360367505125	0.993266396324949	
0.015728489197877	0.984271510802123	
0.0309932118613791	0.969006788138621	
0.0555790427298807	0.944420957270119	
0.0944522471910112	0.905547752808989	
1.52888834528414e-05	0.149876924488205	0.850107786628343	
0.000199151309036874	0.22386139068891	0.775939458002053	
0.00035519589825954	0.305221379704415	0.694423424397325	
0.00064069507602394	0.398934258434516	0.60042504648946	
0.00152498938796044	0.499426163787005	0.499048846825035	
0.0039543678503617	0.597658763161611	0.398386868988027	
0.00701499375918348	0.686489817199374	0.306495189041442	
1.5939303133667e-05	0.0131818036915426	0.763811406165323	0.222990850840001	
8.034968181526e-05	0.0255672687536157	0.819727453879283	0.154624927685286	
0.000291417747340813	0.0429679278579177	0.852526429970696	0.104214224424045	
0.000361034528029408	0.0687278456085073	0.865678744912695	0.065232374950768	
0.000497471188127021	0.103324765773982	0.85719260426167	0.0389851587762209	
0.00113786583223172	0.154381620120145	0.82165626411874	0.0228242499288834	
0.00273871330880253	0.218626610884285	0.765932422669153	0.012702253137759	
0.00665293303164365	0.296967343217048	0.689709905102833	0.00666981864847523	
6.70398551939128e-05	0.0123520933194784	0.379864579492508	0.604246974826534	0.00346931250628499	
0.000166956057165754	0.0221717643916121	0.471183384533191	0.504791638840657	0.00168625617737412	
0.000148367952522255	0.0335311572700297	0.55108803165183	0.414589515331355	0.000642927794263106	
0.000671393715099808	0.056495324807179	0.619303388081943	0.323333387918188	0.000196505477590188	
1.63036389722186e-05	0.00198904395461067	0.0867679666101474	0.673275074996739	0.23795161079953	
0.00044705687556917	0.00395728123189006	0.127891381736899	0.695653613709744	0.172050666445898	
0.000748129675810474	0.00901080631753948	0.180897755610973	0.690656691604323	0.118686616791355	
0.000605143721633888	0.0169440242057489	0.246949067070096	0.658833417381072	0.076668347621449	
0.00138884184140104	0.0269469191423055	0.32151688628434	0.603248534941228	0.0468988177907252	
8.47931894110265e-05	0.00330693438703003	0.0461444536774806	0.389607746705785	0.531415876676785	0.0294401953635084	
0.000843591288628734	0.00473444090556942	0.0695188086425067	0.455659808900749	0.453438925712318	0.0158044245502281	
0.0017096939647803	0.00663361258334758	0.105282954351171	0.508240724910241	0.369943580099162	0.00818943409129766	
0.00225725972064289	0.0112014392152204	0.151541895079853	0.545459174148436	0.284991768639365	0.00454846319648343	
0.0028127982319554	0.0195054163108812	0.207845697925561	0.561119761581864	0.206506270196059	0.00221005575367924	
0.000117296156037401	0.00388752974295385	0.0333288649083414	0.268759006669124	0.5424276952981	0.149971513790677	0.00150809343476658	
0.000773018300368024	0.00662106979010873	0.0526324634076663	0.327373250205858	0.506041306064833	0.105920311896079	0.000638580335086629	
0.00107059217129475	0.00889929742388759	0.0775008364001338	0.390515222482436	0.452408832385413	0.0694212111073938	0.000184008029441285	
0.00106361426256078	0.0118010534846029	0.113587250135062	0.44695434900054	0.387375067531064	0.0390836034575905	0.000135062128579146	
0.00216321177332266	0.0154150130303701	0.155649048697815	0.484678669369262	0.318945987838321	0.0231310361273399	1.70331635694698e-05	
0.000121386581580453	0.00400575719215496	0.0255778868330241	0.202750273119809	0.50240172022127	0.252015884301247	0.0131270917509147	
0.000274329607022838	0.00673822097249846	0.0392977162060215	0.258349907413758	0.496776627117482	0.190967697688773	0.00759550099444483	
0.000751378951143291	0.00942639047797947	0.0650455096569272	0.302788640516402	0.479260233269011	0.138117112655612	0.00461073447292474	
0.00151680414479515	0.0144352034903538	0.0937862158292999	0.351932647078874	0.443571477264981	0.0925591383189038	0.00219851387279296	
0.000189946642261401	0.00265925299165962	0.0204451658579544	0.13099411165409	0.392136209010378	0.389252473623319	0.0635630536512925	0.000759786569045605	
0.000456444647308732	0.00517889119061831	0.0323724588322039	0.168744074997367	0.426389522839788	0.324058144025842	0.0426600189600084	0.000140444506864225	
0.000600218903364757	0.00711435935458814	0.0503301203968506	0.208258305970413	0.442220103802563	0.266073509162165	0.0253857289128976	1.7653497157787e-05	
0.00249508945161119	0.0132186653925784	0.0702518093822442	0.260338695121304	0.435065739413566	0.203801029887986	0.0148289713507105	
0.00420644755903863	0.0188504703890528	0.10149581973365	0.303736931213237	0.414553261305919	0.151083029340408	0.00607404045869478	
0.000103959109416963	0.00694793381270034	0.0301134886944469	0.131248375638915	0.346876895087932	0.375950792688209	0.105743740795287	0.00301481417309192	
1.70963550571018e-05	0.00018805990562812	0.00957395883197702	0.0427408876427546	0.167971688436025	0.383180605894823	0.329156123914381	0.0659919305204131	0.00117964849894003	
0.000287881866829235	0.000541895278737384	0.0140723430197114	0.0593714014766646	0.211271421797738	0.399901781480729	0.273403102350471	0.040709882815146	0.000440289913974124	
0.000700339921083648	0.00153733153408606	0.0185333857164819	0.0806244982320687	0.248569427600225	0.405343081154024	0.219069743607263	0.0255367849273184	8.54073074492254e-05	
0.00123266028924113	0.00288199447907082	0.0257296133613431	0.112675567284154	0.285612597440928	0.383461518429139	0.172433549193562	0.015868331047414	0.000104168475147138	
0.00140114167099118	0.00655595917661304	0.0377270368448365	0.151392492648331	0.319858156028369	0.353381767860232	0.12144957619789	0.00823386957273828	
0.00313247620522883	0.0110841465723482	0.0487082838505361	0.198464742431283	0.342507013648646	0.305313161563484	0.0871413572916129	0.00364881843685995	
0.000191764582824867	0.0034517624908476	0.0175377427565287	0.0696977092848924	0.247951605592553	0.345699243401555	0.255465290610509	0.0579129040131097	0.00209197726718036	
0.000970234588863093	0.00658373471014242	0.0241172597803112	0.099379742887834	0.276412904120032	0.338750476454486	0.211788350254687	0.0412176444090232	0.000779652794622128	
6.84357302947869e-05	0.00183065578538555	0.008349159095964	0.0355523618881418	0.126229704528734	0.311810296155623	0.320587178565929	0.169138907423566	0.0262964293657719	0.000136871460589574	
0.000347125798389336	0.00275965009719522	0.014909053040822	0.0501423215773396	0.15983407386837	0.323989863926687	0.305887253540683	0.128835740072202	0.0131039988891974	0.000190919189114135	
0.000523990009257157	0.00529229909349728	0.0241559394267549	0.0721883569419943	0.198365151171118	0.334812149581681	0.267671563062198	0.0900913489249472	0.00681187012034304	8.73316682095261e-05	
1.75204989838111e-05	0.00145420141565632	0.00833975751629406	0.0350585184666059	0.0997091597168687	0.237315158735721	0.333415095661924	0.221721914640129	0.0594295325530871	0.00353914079472983	
3.49919518510743e-05	0.000139967807404297	0.000227447687031983	0.00232696479809644	0.0121072153404717	0.0480614458674505	0.136573588074743	0.267618447757016	0.317481979144797	0.176166981594233	0.0373539086010218	0.00190706137588355	
0.000433990105025605	0.000416630500824581	0.000763822584845066	0.00427046263345196	0.0187657321413072	0.0582588316986373	0.168318722333131	0.291415675722594	0.295877094002257	0.13660272545786	0.0236958597343981	0.00118045308566965	
0.000438773540200432	0.000280815065728276	0.000895098022008881	0.00814363690612001	0.0272215104340348	0.0766274110606034	0.192235463432613	0.311652070133563	0.269529810274321	0.0991628200852976	0.0135142250381733	0.000298366007336294	
0.000384024577572965	0	0.000802960480379835	0.000453847228040776	0.00141390867197319	0.0132139366010334	0.0401654796816087	0.096809104873621	0.227744030163385	0.308668482055579	0.228721547269934	0.073802541544477	0.00780268118977796	1.74556626169529e-05	
0.000193348801237432	5.27314912465725e-05	0.00200379666736975	0.00126555578991774	0.00207410532236518	0.0176650495676018	0.051061660690431	0.130861984110244	0.251142515643676	0.299954299374253	0.193454264219925	0.0457885115657737	0.0044645995922098	1.75771637488575e-05	
0.000281165430710294	0.000316311109549081	0.0021263135697466	0.00152883702948722	0.00419990862123502	0.0251643060485713	0.0620848416687168	0.161388957227709	0.275805714687379	0.285751941798756	0.150318068393491	0.0292236319544512	0.00181000246019752	
0.000327721815923831	0.000517455498827101	0.00122464468055747	0.0033979577756313	0.00705464330067614	0.0328239271422658	0.0835345660273216	0.203980957637643	0.283496619290741	0.260487098109563	0.105923140609908	0.0166620670622326	0.000569201048709811	
0.000378729191413176	0.000361514228167123	0.000946822978532941	0.00507841415758577	0.0108109969185216	0.0491487200674827	0.109642100914115	0.22844256227513	0.288712148599563	0.221005698152834	0.0758491280621116	0.00955430460155967	6.88598529842139e-05	
0.000211673810657776	0.00051154504242296	0.0010407295690674	0.00799068635233106	0.0171808576317228	0.0603799544901307	0.13753505847489	0.250851105113686	0.288546682894992	0.181051666049285	0.049214160977933	0.0054858795928807	
0.000390022514936089	0.00120552413707519	0.00265924442001879	0.0103355966458064	0.029145318843406	0.0762494016700055	0.168365628379456	0.270604712181112	0.265800343928945	0.141684542698601	0.0312904426755545	0.0022692219050827	
0.000552181115405853	0.000961863878448905	0.00486275627438058	0.0142854598243708	0.039276108369997	0.103061933346396	0.201261110418411	0.275306816764931	0.24091127696336	0.100657273650273	0.0179369801036676	0.000926239290358205	
0.000161024833607672	0.000429399556287125	0.00205753954054247	0.00703141773420168	0.0204143705718171	0.0573427324125098	0.125581478565805	0.235525656623488	0.268338939383096	0.200529592786087	0.0722106920489515	0.0100908895727474	0.000286266370858083	
8.81321276858266e-05	0.000599298468263621	0.00280260166040929	0.0111222745139513	0.0246769957520314	0.0733435566601449	0.15023002485326	0.252762942202951	0.262845257610209	0.16508910158109	0.0514162832919112	0.00498827842701779	3.52528510743306e-05	
0.00016143208193575	0.000986529389607361	0.00468153037613675	0.0145288873742175	0.036035228067658	0.0963032053236713	0.171118006851895	0.266022134132123	0.242524797761475	0.131046976735843	0.0337751789205575	0.00272640849491489	8.96844899643056e-05	
0.000735782351991099	0.00209967158982826	0.00649641979075068	0.0167435349855535	0.0464081259085117	0.118191770005204	0.206701003176426	0.264325323475046	0.216445632862552	0.100748344489708	0.0196866643935179	0.00141772697090968	
0.000817894100494293	0.00362718253262686	0.0099391913516589	0.0222965043917357	0.0603285800647203	0.143753778315138	0.229490416414779	0.2604814907009	0.182959354219267	0.0749795526474876	0.0107215248390882	0.000604530422104477	
0.000160568054093593	0.00158783964603665	0.00415692851153414	0.0166633958359351	0.0302046350644948	0.0885978840698649	0.170969295819878	0.243314124636492	0.238318674064691	0.147722609766106	0.050400528090489	0.00770726659649248	0.00019624984389217	
0.000778044985146414	0.00272315744801245	0.00726764747489037	0.0212724572075258	0.0469125760362145	0.113789079077663	0.192177111331164	0.247100014146272	0.218913566275286	0.114761635309096	0.0311217994058566	0.00318291130287169	
0.00123764533616888	0.00261474366796242	0.0114874405145816	0.0306273641640664	0.0638869036205484	0.128192166227971	0.210905224257849	0.247842836473931	0.194536928896404	0.0890058744574407	0.0182334791779246	0.00142939320515279	
6.8667170225915e-05	0.00103000755338872	0.00425736455400673	0.01491794273158	0.0377497768316968	0.0843061182448671	0.150363936002197	0.22567465494747	0.237073405204971	0.166655222138296	0.0661951520977821	0.0111584151617112	0.00054933736180732	
0.000287002177840055	0.00231289990376986	0.00433879762969966	0.018874613813246	0.0450593419208887	0.0959093748417267	0.179697128289974	0.237468978441072	0.22885891310587	0.135819560042544	0.0459372309354583	0.00526733408741749	0.00016882481049415	
1.68007929974295e-05	0.00110885233783035	0.00324255304850389	0.00887081870264276	0.0241091379513113	0.0538129399707666	0.119756052485677	0.20856504427009	0.24542598410645	0.199425412879488	0.101493590497471	0.0317702995581391	0.00236891181263756	3.3601585994859e-05	
0.000510994907084093	0.00195881381048902	0.00522918121582722	0.0131666354392001	0.0314602531128106	0.0746904222521249	0.142874176020712	0.222367950399428	0.240763767054455	0.170655265802517	0.07516735083207	0.019724403413446	0.00143078573983546	
5.16448897381604e-05	0.00149770180240665	0.00342577768596464	0.0072130696000964	0.0213637693883524	0.0408166778563928	0.0898965380708912	0.159031830467042	0.242679336879616	0.225498803560054	0.143658868288316	0.0540721995558539	0.0102084732049097	0.000585308750365818	
0.000435965401785714	0.00144740513392857	0.00542340959821429	0.0111083984375	0.0288957868303571	0.0508858816964286	0.108607700892857	0.18017578125	0.251255580357143	0.213239397321429	0.106183733258929	0.0369698660714286	0.00526646205357143	0.000104631696428571	
0.000844951415293621	0.00288691733558654	0.00890719616955358	0.0137128573440361	0.0328298831150542	0.0712575693564287	0.128855090832277	0.203580481622307	0.241497676383608	0.183900154907759	0.0840902689762005	0.0250492888325588	0.00257006055485143	1.76031544852838e-05	
5.22429646140986e-05	0.0012190025076623	0.00431875174143215	0.0113193089997214	0.0194343828364447	0.0424735302312622	0.0862531345778769	0.144399554193369	0.22229381443299	0.234344524937308	0.156345778768459	0.0615596266369462	0.0150633881303984	0.000922959041515743	
0.000641685945389149	0.00172242016920245	0.00476198517367737	0.0119556223509347	0.0242320876745639	0.0514868538813556	0.100119893952954	0.174825647174049	0.239315084685658	0.220773738158361	0.117985781590368	0.0430267312855671	0.00893294381870683	0.000219524139212077	
3.27686207687518e-05	0.000557066553068781	0.0018350427630501	0.00638988104990661	0.0136645148605695	0.0300652095553298	0.062588065668316	0.113625192515647	0.202100468591277	0.248664678703673	0.191122980633745	0.0932103417767146	0.0312121112822361	0.00491529311531278	1.63843103843759e-05	
0.00031180766390416	0.0015098055304833	0.00270780339706244	0.00795930089439567	0.0121604988922622	0.0359891687864118	0.0791827357019775	0.142939197505539	0.221416263231312	0.241831459752195	0.160925576433905	0.0716993517682777	0.0199228686305079	0.00144416181176664	
0.000115089934563151	0.00212094307980665	0.00455427312485614	0.00723422445825524	0.013531288020782	0.0487981322547762	0.095376672914406	0.170481075926474	0.225214560520864	0.224474696655815	0.141692150866463	0.0514780835881753	0.0141396205320443	0.000789188122718753	
0.000678987811340753	0.00334525702172761	0.00611089030206677	0.0100688924218336	0.0213135930047695	0.0632617912029677	0.111602411234764	0.180726682564918	0.235426603073662	0.210651828298887	0.11269541600424	0.0356220190779014	0.00794912559618442	0.000546502384737679	
0.00128139836703849	0.00269422220761939	0.00524059075750357	0.0147689375893283	0.0261043846823611	0.0824859128320547	0.136386785168635	0.202181662860804	0.229353879515697	0.186361321483136	0.0839315930410212	0.0233937342905489	0.0056677235465164	0.000147853657735211	
