# <P(U)> as a function of N_tot.
# number_of_species: 1
# species_total_upper_bound: 103
# species_total_lower_bound: 0
# volume: 729
# Bin widths for each
10	10	10	10	10	10	10	10	10	10	10	10	10	10	10	10	10	10	10	10	10	10	10	10	10	10	10	10	10	10	10	10	10	10	10	10	10	10	10	10	10	10	10	10	10	10	10	10	10	10	10	10	10	10	10	10	10	10	10	10	10	10	10	10	10	10	10	10	10	10	10	10	10	10	10	10	10	10	10	10	10	10	10	10	10	10	10	10	10	10	10	10	10	10	10	10	10	10	10	10	10	10	10	10	
# Bin lower bound for each
0	0	0	0	0	-10	-10	-10	-10	-10	-10	-10	-10	-10	-20	-20	-20	-20	-20	-20	-20	-20	-30	-30	-30	-30	-30	-30	-30	-40	-40	-50	-50	-50	-60	-60	-60	-60	-60	-60	-60	-60	-60	-60	-70	-70	-70	-80	-80	-80	-80	-80	-90	-90	-90	-90	-90	-90	-100	-110	-110	-110	-110	-110	-120	-120	-120	-130	-130	-130	-140	-160	-160	-160	-180	-180	-180	-180	-180	-180	-180	-180	-190	-190	-190	-190	-190	-200	-200	-200	-210	-210	-220	-220	-230	-230	-230	-240	-240	-250	-250	-250	-250	-250	
# Bin upper bound for each
0	0	0	0	0	0	0	0	0	0	0	0	0	0	0	0	0	0	0	0	0	0	0	0	0	0	0	0	0	0	0	0	0	0	0	0	0	0	-10	-10	-10	-10	-10	-10	-10	-10	-10	-10	-10	-20	-20	-20	-20	-20	-20	-20	-20	-20	-30	-30	-30	-30	-30	-30	-30	-40	-40	-40	-40	-40	-50	-50	-50	-50	-50	-50	-60	-60	-60	-70	-70	-70	-70	-70	-70	-70	-80	-80	-80	-80	-90	-90	-90	-90	-90	-100	-100	-100	-100	-110	-110	-120	-120	-120	
# Normalized histogram for each
1	
1	
1	
1	
1	
2.75332923393203e-05	0.999972466707661	
0.000108588440760481	0.99989141155924	
0.000623791404154451	0.999376208595846	
0.00162769919411198	0.998372300805888	
0.00378065185471746	0.996219348145283	
0.00670215211586412	0.993297847884136	
0.014479478597851	0.985520521402149	
0.0290646699866732	0.970935330013327	
0.0533895826501582	0.946610417349842	
7.99829369734457e-05	0.0941665777967367	0.90575343926629	
0.000115441653124473	0.147072666080578	0.852811892266297	
0.000258092076573249	0.214447816452035	0.785294091471392	
0.000311471033193913	0.297107768977485	0.702580759989321	
0.000635545808530636	0.395184174014233	0.604180280177237	
0.00156681944657056	0.495385086400187	0.503048094153242	
0.00390370852309694	0.593707077278971	0.402389214197932	
0.00707547169811321	0.683771770682148	0.309152757619739	
9.11892907296967e-06	0.0141708157793949	0.759989786799438	0.225830278492094	
7.30793824792181e-05	0.0264912761487165	0.814908194025761	0.158527450443044	
0.000446115607673188	0.0438103735535384	0.84948605661116	0.106257454227628	
0.000793767998227867	0.0710514657018386	0.862068965517241	0.0660858007826922	
0.00120830196395542	0.107139205680878	0.852587160397438	0.039065331957728	
0.00199987037877175	0.156952790096938	0.818604349718074	0.0224429898062163	
0.00431494455528233	0.223226464993272	0.760246833387463	0.0122117570639818	
0.000111543859975274	0.00842156142813322	0.303473661706063	0.681412145267287	0.00658108773854119	
0.000221200195393506	0.0147558963677085	0.38565332399377	0.59607922653665	0.0032903529064784	
4.59482806153394e-05	0.000661655240860887	0.0261078130456358	0.47369920417578	0.49805179290191	0.00143358635519859	
9.1472059859316e-05	0.00068604044894487	0.0403757672219021	0.549426927544981	0.408715457863396	0.000704334860916733	
0.000172999353528732	0.00118367978730185	0.0628625019348612	0.618408952261284	0.317080499330766	0.000291367332258916	
4.54409131805913e-05	0.000272645479083548	0.00254469113811311	0.0946352457898994	0.665836612652568	0.236556305835522	0.000109058191633419	
6.4345332205758e-05	0.000560723609221605	0.00514762657646064	0.137073941978895	0.68889031878516	0.168226274956797	3.67687612604331e-05	
8.23203358669703e-05	0.000731736318817514	0.00999734745584429	0.191605155082366	0.681786168354234	0.11574239222896	5.48802239113136e-05	
6.43417835542401e-05	0.00095593506994871	0.0171608728422523	0.258396602753828	0.648362961192713	0.0750500946743387	9.19168336489145e-06	
0.000240297969482158	0.00170057024556604	0.0272460928474385	0.329938354328598	0.594469449810072	0.0464052347988429	
0.000303643724696356	0.00304563857195436	0.0458502024291498	0.400386455649614	0.522000368053	0.0284136915715863	
0.000726323241424329	0.00439471530887126	0.0706464276848676	0.462723068577786	0.445879724548806	0.0156297406382451	
0.00122805088163056	0.00626855823160673	0.106987059642949	0.514305876315114	0.363264782433374	0.00794567249532607	
0.00167280330924133	0.0105095686167553	0.148770398654484	0.556216191645075	0.278558116278013	0.00427292149643166	
0.00215753641975868	0.0193543708243058	0.199626510502126	0.572535830515542	0.204059431969613	0.00226631976865408	
0.000219238147437654	0.00316068329222618	0.0322828172101946	0.255540330684206	0.562446332328492	0.144907280533479	0.00144331780396456	
0.000661314914488308	0.00585998493671584	0.0492955159174826	0.314942043095689	0.529097856237486	0.099555449418594	0.000587835479545162	
0.000976193765253028	0.00742275636598057	0.0719436386241194	0.382336418474007	0.471842335497537	0.0653497260210895	0.000128931252014551	
4.58896628945364e-05	0.000945327055627449	0.0104169534770598	0.104435694815386	0.436731921767303	0.407867323806639	0.0394834659544591	7.34234606312582e-05	
0.000127596358035381	0.00185014719151302	0.0150837123248968	0.144639585858678	0.476590625313295	0.337966296333428	0.0237329225945808	9.11402557395576e-06	
0.000166346296022475	0.00341009906846074	0.0250813248558332	0.190725269850658	0.499399305042141	0.268085538961999	0.0131321159248854	
0.00040292302338785	0.00614457610666471	0.0393216241460779	0.242559660079486	0.500201461511694	0.203210563909086	0.00815919122360396	
0.000754272678771823	0.00823261033537539	0.0624942509704362	0.284544768843019	0.48761888993138	0.151305259672167	0.00504994756885038	
9.30578820026056e-05	0.00197282709845524	0.0115857063093244	0.0881630374092686	0.338619021031081	0.451889075004653	0.10498790247534	0.0026893727898753	
0.000263596396260697	0.00378449111774286	0.0186682733494629	0.123118345367764	0.38357982734436	0.400835977142427	0.0684785780857253	0.00127091119625693	
0.000541403088847096	0.00569897988260101	0.0293592446951996	0.160093843202067	0.420138295245151	0.340751505480519	0.043036796413442	0.000379931992173401	
0.000764663123412852	0.00796760094025243	0.0482020976314324	0.197273645555042	0.44097461507236	0.277988086359732	0.0267160078920787	0.000113283425690793	
0.00210794971169298	0.0140561489743832	0.0687683145854996	0.2468002646753	0.439654031571982	0.212921826259571	0.0156725588429908	1.89053785802061e-05	
0.00337733247023726	0.0202639948214235	0.0964416049834417	0.2956104059366	0.421040781289578	0.155047704821142	0.00814312384490539	7.50518326719391e-05	
0.000158585048228512	0.00599824623593724	0.0299445885184425	0.129237485773988	0.338289893468162	0.384102315341704	0.108369559133566	0.00389932647997164	
9.28384425422879e-06	0.000315650704643779	0.00829047291902631	0.044191098650129	0.169049520025252	0.37354475741315	0.333206454128526	0.0698237926360547	0.00156896967896467	
0.000155756104264969	0.000833753264006597	0.0125337853314398	0.0611388519858903	0.208795638829081	0.391497549131889	0.280800769618398	0.0436391955655321	0.00060470016949929	
0.000389119478209309	0.00166765490661133	0.0179828787429588	0.084114660539579	0.246164393714794	0.398467610435814	0.222418840794545	0.0286558701452713	0.00013897124221761	
0.000742348640750242	0.00331707683778273	0.0261795356092427	0.116407784324228	0.290652984899313	0.374012159482799	0.171952376925173	0.0166135746436257	0.000122158637085483	
0.000956991668543121	0.00653006079711777	0.0388707498311191	0.152480672521204	0.317355325377167	0.34728477069729	0.128499587180065	0.00787172558733018	0.000150116340163627	
9.41504335627466e-06	0.00265504222646945	0.0113262971575984	0.0509636296875147	0.192754182633011	0.340862229670568	0.309048798169716	0.0883601818986376	0.00394490316627908	7.53203468501972e-05	
0.000162617180026784	0.00320451501817486	0.0183853070594988	0.0693227472737708	0.231739047254639	0.348928639755118	0.267275683948728	0.0590396020661948	0.00194184044384924	
0.000666032350142721	0.00580399619410086	0.0256517602283539	0.097069457659372	0.266726926736441	0.34488106565176	0.219372026641294	0.0392768791627022	0.00055185537583254	
5.73547967728368e-05	0.00136695598975261	0.00882307957022139	0.0366401560050472	0.127308530570107	0.298407448476274	0.331348220089473	0.172542346958284	0.0234103162161129	9.55913279547279e-05	
0.00023924360741081	0.00222018067677232	0.0149288011024345	0.054289159393661	0.159565916398714	0.321648675547389	0.305293982544786	0.130435614760374	0.0112731587811974	0.000105267187260756	
0.000779183300466548	0.00481939300658939	0.0234716944831898	0.0780530037035256	0.194449521427541	0.329084700110625	0.272781491991727	0.0913087393583762	0.00520417488336299	4.80977345967005e-05	
9.70261485470334e-06	0.00157182360646194	0.00713142191820696	0.034735361179838	0.102226750109154	0.236278076941736	0.326706447387571	0.228729442584777	0.0602047251734342	0.00240624848396643	
1.94948874657621e-05	7.79795498630484e-05	0.000146211655993216	0.00202746829643926	0.0119991032351766	0.0488541879891998	0.134397754188964	0.265159711865563	0.312542035851098	0.185347642580733	0.0380832626643663	0.00134514723513759	
0.000243230884484788	0.000233501649105397	0.000467003298210794	0.00412519580086201	0.0169775157370382	0.0624616911356936	0.16437543173482	0.288997207709446	0.290641448488563	0.146775244933501	0.0239825652102001	0.000719963418074974	
0.000245475879540076	0.000157104562905649	0.000687332462712214	0.00691260076784855	0.0250385397130878	0.0808302976149564	0.190194711467651	0.303594748779985	0.269542334770185	0.108578891038167	0.014051039344874	0.000166923598087252	
0.000214617395715456	0	0.000448745463768681	0.0003121707574043	0.00171693916572365	0.0111308385686971	0.0386994185819643	0.105747844070707	0.219280446404183	0.303703125609709	0.232020915440746	0.0788133609084169	0.00790182229679635	9.75533616888438e-06	
0.000107794524038179	2.9398506555867e-05	0.00111714324912294	0.00105834623601121	0.00281245712717794	0.0166297552084354	0.0526429257393724	0.138476765380319	0.246075299374792	0.292642533759285	0.194765105932619	0.0496148795641181	0.00401779589596848	9.79950218528899e-06	
0.000157252793694163	0.000176909392905933	0.00118922425231211	0.00135630534561216	0.00433428012619537	0.0250326790961896	0.0683459954593256	0.168830530629896	0.271516604912184	0.273148102646761	0.153675292637621	0.0308510324628736	0.00138579024442981	
0.000183484466591341	0.000309026470048575	0.000685652480420276	0.00267501038135798	0.00734903574084268	0.0337321706212398	0.0921188593060424	0.205222547343821	0.280499464032216	0.246979749109135	0.1130843738834	0.0167164006141901	0.000444225550694827	
0.000210194429847609	0.000429943151961018	0.000793006258061434	0.0045573974107868	0.0121052883007691	0.0519275784646252	0.114087803945923	0.234127931973439	0.280466249462571	0.210949218936607	0.0809630726603927	0.009334543543687	4.77714613290021e-05	
0.00011497005988024	0.000632335329341317	0.00118802395209581	0.00682155688622754	0.0182323353293413	0.0639520958083832	0.144517365269461	0.256546107784431	0.271482634730539	0.176287425149701	0.0557029940119761	0.00452215568862275	
0.000211758364455396	0.00109729334308705	0.00243522119123705	0.00879759750510145	0.0300311862318562	0.0803526739306203	0.170388480344974	0.277056943749278	0.252781734878528	0.13929850229084	0.0357486620721518	0.00179994609787087	
0.000511198132680029	0.000742684079554004	0.00455255695518818	0.011834719033932	0.0423137020390054	0.105123555624144	0.195229460444839	0.282615405389764	0.231167653697023	0.10335847527923	0.0217018075194352	0.000848781805204576	
8.66743068463072e-05	0.000683763976231979	0.00159865943738744	0.00677985689108892	0.0191068694203415	0.0572146729971012	0.126765989001994	0.222801120987702	0.27737704286526	0.194786058919268	0.0787484230091393	0.0134730394753315	0.000577828712308715	
4.7987868666801e-05	0.00109412340560306	0.00231301526973981	0.0095495858646934	0.0284280133982129	0.0716842782144674	0.149031124931617	0.242242761030012	0.266966110967148	0.165366195425796	0.0551956465405545	0.00788920560882209	0.000191951474667204	
8.82560602494705e-05	0.00152977171099082	0.00369694830156115	0.0131207342904213	0.0385286734133522	0.0950811955754295	0.172766141052797	0.258070526398368	0.247234643445517	0.12951086530164	0.0363026594492822	0.00392249156664313	0.000147093433749117	
0.000399921966445572	0.00259461568474444	0.0055403823644167	0.0167577058134998	0.0527604369879048	0.121927428794382	0.200087787748732	0.263451033944596	0.214153335934452	0.0979321108076473	0.0225321888412017	0.00184354272337105	1.95083886071011e-05	
0.00059291226842402	0.00391710892089967	0.00794113644758072	0.0233665752998581	0.0642580820746097	0.145671740440505	0.226259209579907	0.260900837853074	0.17860267102117	0.0749791022725064	0.0128982718065356	0.000612352014929725	
8.73862764707596e-05	0.00120398869804158	0.00499072734510782	0.0122146595333573	0.0318280238079055	0.0912895301531202	0.172189802992494	0.242399821343613	0.235651658882815	0.145158314804206	0.0536260449942228	0.00919497820197881	0.00016506296666699	
0.000423557497930344	0.00214666640996515	0.00691168826168152	0.0160566796942685	0.0459174832983578	0.113571167285959	0.191919678096302	0.249581255655455	0.21967232051751	0.115043992221944	0.0346739569896613	0.00407192776419399	9.62630677114418e-06	
0.000742970357387792	0.00259087098986512	0.00916330107444944	0.0244418197058599	0.0637906728644365	0.132677360359674	0.211860854987427	0.250600091442506	0.187590489979425	0.0919378190962432	0.0220795549798064	0.00250514364093576	1.90505219843024e-05	
3.81879803331901e-05	0.000840135567330183	0.00359921714640317	0.0127643324263688	0.0327366461406272	0.081951405795026	0.151606281922765	0.225729151749487	0.242274094228841	0.163139051983388	0.0693589192801566	0.0146450904577784	0.00131748532149506	
0.000163312358902925	0.00140256496469571	0.00438061386233729	0.0174648157932658	0.042480426533455	0.099438013353187	0.177097843316202	0.235534847975407	0.230318459099861	0.134290792064941	0.0486286565156828	0.00811758489841011	0.000682069263653393	
9.57450882769714e-06	0.000631917582628011	0.00238405269809659	0.00796599134464402	0.0260905365554747	0.0533778867144116	0.119767530925664	0.201045536363985	0.240463789207614	0.20301788518249	0.105233426525219	0.0354161081536517	0.00447129562253456	0.000124468614760063	
0.000290289805989646	0.00111277758962698	0.00378344380473172	0.0129856306546035	0.0344283709903721	0.0739368135855629	0.141332430209492	0.219430064347574	0.237002273936814	0.171745125550341	0.0772170883932459	0.0239005273598142	0.00279645846436693	3.87053074652862e-05	
5.81609507376747e-05	0.000940268703592408	0.00195808534150172	0.00567069269692329	0.0186890521703728	0.042845233710087	0.0926019270661678	0.163558286966131	0.235706946356216	0.221389658982959	0.14231984645509	0.0583063531145189	0.0147147205366317	0.00122137996549117	1.93869835792249e-05	
0.000347397989061926	0.00126055841745328	0.00340450029280688	0.00791074849378158	0.0260747004933051	0.0527945686805824	0.115455240250524	0.18293978104001	0.246017330196826	0.204329571509395	0.109321184329373	0.0415587251486367	0.00789089718012089	0.000694795978123852	
0.000515078675742824	0.00258549296059143	0.00564566626941645	0.010220776859838	0.0312683054921526	0.0722322095865231	0.133869957783748	0.202749106187004	0.238329933140768	0.184085078877734	0.0849071848425475	0.0292079907891813	0.00409033066031066	0.000292887874441998	
3.00324350298322e-05	0.000991070355984463	0.00384415168381852	0.00746806551075161	0.0157069635206022	0.0426460577423617	0.088725823889801	0.153465743002443	0.220448083930645	0.22858687382373	0.15332559163897	0.063909021743483	0.0181996556280783	0.00239258399070997	0.000260281103591879	
0.000376450075785344	0.00162467927444201	0.00411123109081363	0.00921312027579921	0.0213883082531726	0.0535648831518778	0.106713689904203	0.179992669130103	0.231318664989152	0.215458228901459	0.118314296186957	0.0448867182469314	0.0120265892632476	0.000851965960987884	0.000158505295067513	
1.94233215822238e-05	0.000330196466897804	0.00126251590284455	0.00512775689770708	0.0117996678612009	0.0288824791927668	0.0664957414367431	0.127426701240179	0.206858374850683	0.235400945915761	0.186211384008779	0.0932999252202119	0.0301449950956113	0.00639998446134273	0.000339908127688916	
0.000183213762246394	0.000887140322456222	0.00241070739797886	0.00638355318984803	0.0134999614286816	0.0375009642829592	0.0872579649772429	0.155953482990049	0.223858288976317	0.224446501581424	0.155587055465556	0.07047944148731	0.0184949471572938	0.00296034868471804	9.64282959191545e-05	
6.79262127254908e-05	0.00142645046723531	0.00324105072147342	0.008442257867311	0.0177675565000534	0.0512357718843702	0.108012381978205	0.182449807380668	0.219634556975537	0.206961466429895	0.136881022386539	0.049547320310908	0.013012721609269	0.00131970927580954	
0.000400735006646337	0.00228712174524982	0.00418328250840566	0.0113085464070686	0.0240050043005708	0.0649777152240206	0.13099147705059	0.196692470091485	0.22333646102119	0.192782860270545	0.108511220580186	0.0327723043240285	0.00704707170224412	0.000703729767769177	
0.000759220144641171	0.00182018162881922	0.00371823199042215	0.0168585806476732	0.0309528212815247	0.0857140076116686	0.158832747695572	0.212601107682724	0.211880821904475	0.171505883956121	0.079980922160468	0.0202556041153625	0.00475972629140427	0.000360142889124658	
