# <P(U)> as a function of N_tot.
# number_of_species: 1
# species_total_upper_bound: 103
# species_total_lower_bound: 0
# volume: 729
# Bin widths for each
10	10	10	10	10	10	10	10	10	10	10	10	10	10	10	10	10	10	10	10	10	10	10	10	10	10	10	10	10	10	10	10	10	10	10	10	10	10	10	10	10	10	10	10	10	10	10	10	10	10	10	10	10	10	10	10	10	10	10	10	10	10	10	10	10	10	10	10	10	10	10	10	10	10	10	10	10	10	10	10	10	10	10	10	10	10	10	10	10	10	10	10	10	10	10	10	10	10	10	10	10	10	10	10	
# Bin lower bound for each
0	0	0	0	-10	-10	-10	-10	-10	-10	-10	-10	-10	-20	-20	-20	-20	-30	-30	-30	-30	-30	-30	-30	-30	-30	-30	-40	-40	-40	-40	-50	-50	-50	-60	-60	-60	-60	-70	-70	-70	-70	-70	-70	-80	-80	-80	-80	-90	-90	-90	-90	-90	-100	-110	-110	-110	-120	-120	-120	-120	-130	-130	-130	-130	-130	-140	-140	-150	-150	-160	-160	-160	-160	-180	-180	-180	-180	-190	-190	-200	-200	-200	-200	-200	-210	-210	-220	-220	-220	-220	-250	-250	-250	-250	-250	-260	-260	-260	-260	-270	-270	-270	-270	
# Bin upper bound for each
0	0	0	0	0	0	0	0	0	0	0	0	0	0	0	0	0	0	0	0	0	0	0	0	0	0	0	0	0	0	0	0	0	0	0	0	0	0	-10	0	-10	-10	-10	-10	-10	-10	-10	-10	-10	-10	-10	-20	-20	-10	-20	-20	-20	-20	-20	-20	-30	-30	-30	-30	-30	-30	-30	-30	-40	-40	-40	-40	-40	-50	-50	-50	-50	-50	-60	-60	-60	-60	-60	-70	-70	-70	-70	-80	-80	-80	-80	-80	-90	-90	-90	-90	-90	-100	-100	-100	-100	-110	-110	-110	
# Normalized histogram for each
1	
1	
1	
1	
2.70081213420876e-06	0.999997299187866	
2.76550537924522e-05	0.999972344946208	
0.000117260550922416	0.999882739449078	
0.000491189954895538	0.999508810045105	
0.00150891012440246	0.998491089875598	
0.00366437362029042	0.99633562637971	
0.00779265926357273	0.992207340736427	
0.0164209407560204	0.98357905924398	
0.0315560575383953	0.968443942461605	
6.75359443179646e-06	0.0564303336343185	0.94356291277125	
3.72015757234692e-05	0.0942099467543993	0.905752851669877	
9.30672380225182e-05	0.145906332240529	0.854000600521448	
0.000238828962400428	0.21383833524646	0.78592283579114	
6.79582355867378e-07	0.000521239666950279	0.298824594357292	0.700653486393402	
2.71871372216377e-06	0.00110175873590687	0.394686545901403	0.604208976648968	
4.08001452485171e-06	0.00210528749482348	0.495437523757585	0.502453108733067	
1.35680699895322e-05	0.00426851481870684	0.594637627378737	0.401080289732567	
1.83109690843023e-05	0.00798697344095662	0.684607799387735	0.307386916202224	
5.22737378777541e-05	0.0146006659809982	0.760732918537829	0.224614141743295	
0.000100057992795825	0.0261001614541217	0.815801403262299	0.157998377290784	
0.000224479869937724	0.0442762734981106	0.848868587443412	0.106630659188539	
0.000550482063062517	0.0712530645656261	0.860170071059137	0.0680263823121744	
0.00121735921560671	0.107744460777272	0.849829072689554	0.041209107317568	
2.04787382912814e-06	0.00248065783168388	0.158275389881046	0.815760983088658	0.0234809213247832	
2.94179420712831e-05	0.00468771486214958	0.222611724897089	0.759792925053346	0.012878217245345	
7.60326049729434e-05	0.00870333584492088	0.296979930132201	0.6872813206384	0.00695938077950545	
0.000207276995947495	0.0152324649134088	0.379837489362517	0.601050613895631	0.00367215483249556	
6.86330963890069e-06	0.000466705055445247	0.0259645866949252	0.463819720073053	0.507983744937451	0.00175837992948636	
2.19362737537283e-05	0.000856200184950208	0.041412257304265	0.542275655329041	0.414626421830431	0.000807529077559123	
1.7841115261839e-05	0.0017223538195083	0.0646164022979357	0.609079892514143	0.32421080512836	0.000352705124791739	
3.43852468035475e-06	5.63918047578178e-05	0.00346603287779758	0.0976252173147598	0.656938392641007	0.241757168636254	0.000153358200743822	
4.83316935080179e-06	0.000139471458408852	0.00645435244161359	0.14037180881363	0.679761793796282	0.173205599571919	6.2140748796023e-05	
6.20293095379712e-06	0.000315660264093231	0.0110612043197211	0.193022805420259	0.676521286046783	0.119047340079825	2.55009383656104e-05	
1.79550199128077e-05	0.000665716892151792	0.0184943610878808	0.256435666127786	0.646997402737312	0.077386135824201	2.76231075581656e-06	
2.7603473345051e-06	6.48681623608699e-05	0.00122421404285301	0.0301312614166241	0.32730956536261	0.592968153182715	0.048299177485503	
5.52558692093576e-06	8.08117087186855e-05	0.00235873491687445	0.0469868283821772	0.397866432750154	0.523949965810431	0.0287503194479939	1.38139673023394e-06	
1.8712652664058e-05	0.00018158203696234	0.0042359901141749	0.0715620352158262	0.461921137951062	0.446108253388723	0.0159722886405882	
2.35992786949877e-05	0.000335942673187471	0.00704716107618264	0.10502164886772	0.516395251825127	0.362616799077129	0.00855959720195846	
4.09575173357899e-05	0.000695583599499346	0.0122796190534371	0.145597726371851	0.554327369965089	0.282720717631239	0.00433802586154832	
0.000118382669891318	0.00137811355126422	0.020804013311783	0.195660091321784	0.56928415392254	0.210621571690108	0.0021336735326294	
6.9630561131803e-07	0.00018730620944455	0.0024753664482356	0.0332165628823153	0.252646135399411	0.559746154826338	0.150691675179003	0.00103610274964123	
7.66103673327822e-06	0.000350318316076268	0.00438768467451389	0.0513045700869946	0.315734306888595	0.525791576620466	0.101912682289146	0.00051120008747511	
7.65653081196813e-06	0.000618786899258152	0.00727509636788099	0.0754154364013748	0.374217119724476	0.475636222908062	0.0666375718495812	0.000192109318554837	
4.88131773264186e-05	0.000951856957865163	0.0122500155156171	0.10696571013759	0.426346842728824	0.412874405786732	0.0404814652879036	8.08904081409222e-05	
2.09175701313833e-06	0.000110165869358618	0.00181703959207949	0.0194142940912745	0.146848314845688	0.465736671498625	0.342107556751111	0.023928305725627	3.55598692233515e-05	
7.67787543414896e-06	0.000250577934623589	0.00335941949677808	0.0306954479970517	0.194048529756653	0.488127212624102	0.270495739477123	0.0129958511553109	1.95436829232883e-05	
6.62557415830798e-05	0.00051888707092433	0.00548179082992639	0.0463762293927208	0.245365933947908	0.490325964300012	0.204901808990974	0.00695824772394092	4.88200201138483e-06	
0.000101549078669721	0.00093845355460294	0.00877944310485258	0.0684496817311807	0.298565496704557	0.471283671398387	0.14821613285701	0.00366557157074014	
0.000161874435892117	0.00182546712337215	0.0141496476603188	0.0970265558165479	0.349278782816363	0.434216611820898	0.101612297411691	0.00172876291491711	
4.2158782622993e-06	0.000294408831983901	0.00297711269956035	0.0223343177409076	0.132167080876706	0.393418732974	0.381920627659956	0.0660621097238529	0.000820690968394263	7.02646377049883e-07	
1.19379926616457e-05	1.96625761485929e-05	0.000542125313811204	0.00463053668299363	0.0343140043187444	0.173804532926037	0.423307175084707	0.322082126367163	0.0409143097909096	0.000373588946823265	
1.47536250007904e-05	8.00911071471477e-05	0.000962498392908705	0.00754753301826148	0.0500562394133959	0.219042152511734	0.43815175016633	0.2594572492639	0.0245549498763154	0.000132782625007113	
4.06868216086307e-05	0.000164150280283096	0.00166465220133242	0.0120671500915804	0.0717301649990916	0.266664936307587	0.434434940720002	0.199384366299246	0.0137935340222501	5.54182570186521e-05	
2.10206212294261e-06	5.81570520680788e-05	0.000259254328496255	0.00279854537301092	0.0188807219882705	0.100702789436437	0.312887042188387	0.411728105271271	0.145468304406623	0.00719535864683254	1.96192464807977e-05	
7.03422360812059e-06	0.000105513354121809	0.000494505919650877	0.00483954584238697	0.0292778455017195	0.13474969770424	0.351560648020816	0.373515163324121	0.101951926709017	0.00349671255559674	1.40684472162412e-06	
5.61673900558444e-06	0.000143928937018101	0.000848829682218949	0.00788309319433777	0.0423137032985704	0.173751012768252	0.379289257846233	0.326181586363681	0.0679428833810522	0.00163798151250356	2.10627712709417e-06	
7.72398141750507e-06	0.00027595679064359	0.00149283495396507	0.0123696051500699	0.0608087991596308	0.213919176258447	0.395606178061646	0.271300634209092	0.0434796957593938	0.000739395675693894	
5.60827725640273e-06	2.45362129967619e-05	0.000422723898201355	0.00281255104408597	0.0189699978197822	0.0846786772597677	0.255720618060195	0.396082478129471	0.214845390311561	0.026125458564295	0.000311960422387402	
4.21277608603612e-06	4.91490543370881e-05	0.000779363575916683	0.00483837333481249	0.0285871963904934	0.113973146360969	0.296830096634062	0.377900759633741	0.161440600910381	0.0154587818477095	0.000138319481491519	
1.04797269681801e-05	0.000115975645114526	0.00131345911334523	0.00797996276203684	0.0419098254426811	0.147873139411808	0.332407857000632	0.343271141975848	0.116725993565448	0.00835024644824587	4.19189078727202e-05	
2.22673910063399e-05	0.000256770852541858	0.00231163352884567	0.0128121001002728	0.0586376949353515	0.186364841459655	0.353984018971817	0.299958457398654	0.0813330373625945	0.00430386916794414	1.53088313168587e-05	
3.82935289506041e-05	0.000635672580580029	0.00369845865064744	0.0198256043066991	0.0795934480468212	0.225783520414628	0.361651746115296	0.252935024932569	0.0537293023476022	0.00210335910835955	5.5699678473606e-06	
1.32280657782976e-05	8.00646086581172e-05	0.00108330896584374	0.00593731289249064	0.0296837796064999	0.106167759722628	0.262844451870727	0.357624239386218	0.202310038013284	0.0334064358021081	0.000840330283916064	9.0507818483089e-06	
1.46085127281884e-05	0.000145389483818637	0.00196380149674648	0.00957274969774292	0.0420530386402118	0.137207325403925	0.296042206080202	0.338427762295846	0.154549021299212	0.0196428844717075	0.000379125687469653	2.08693038974121e-06	
3.49950866898287e-06	2.72961676180664e-05	0.000356249982502457	0.00311736232232994	0.0151885675251195	0.0590535088873522	0.171099377647378	0.320599087888061	0.306279798316316	0.113208405539862	0.0108841718622705	0.000182674352520906	
8.4132710938234e-06	0.000105866994597278	0.000715829148899474	0.00517486282862587	0.0228967172818404	0.0810913134378168	0.204544849044883	0.333313468665473	0.266864752460531	0.0791464456032946	0.00608069168306086	5.67895798833079e-05	
4.19119973791031e-06	2.58457317171136e-05	0.000221435052819595	0.00145085364260662	0.00807574336166351	0.0337936434867708	0.106637393464942	0.240094972586061	0.332810597588244	0.221630642140697	0.0522321282004176	0.00300578874537134	1.67647989516412e-05	
2.17052179343914e-05	7.49180102896736e-05	0.00042780284380365	0.00241838137888348	0.0124307883615221	0.0470324065905444	0.13643199825238	0.269013770910527	0.320621077306985	0.176762393679441	0.0333581192918778	0.00139613563100569	1.05025248069636e-05	
3.7897954843885e-05	8.91303752809888e-05	0.000708130304397777	0.00430633057263108	0.0183692790756268	0.0642742296012504	0.167426848174477	0.292048658166764	0.298601495284863	0.133507476775221	0.020073985229623	0.000553731229107875	2.80725591436185e-06	
6.11042593180484e-05	0.00017207521302209	0.00127265422855521	0.00697290904034005	0.026305734810324	0.0853015460079955	0.19766666011142	0.307243453416079	0.265007767966759	0.0976895566499695	0.0120740611716847	0.000232477124531885	
1.5394885818931e-05	0	0.000120360016402551	0.000410763544350567	0.00239670381499266	0.0103789521121084	0.0374347641713423	0.110884464180999	0.226563735527058	0.310754867233105	0.226087193834208	0.0684869486356632	0.00636928412381407	9.65679201369305e-05	
1.32938901280971e-05	3.49839213897293e-06	0.000200807708777046	0.000703876498361353	0.00393289244263337	0.0154034205878978	0.0524129110260924	0.138438373723437	0.254732624885603	0.300493693098652	0.184664728090969	0.0458191415225562	0.0031408564623699	3.98816703842914e-05	
4.20901697706998e-05	2.03435820558382e-05	0.000267974080873455	0.00122061492335029	0.00612692571295486	0.0228072599930832	0.0693547787425001	0.168516412710951	0.276645357349049	0.280101661790053	0.144929081571451	0.0284599697932882	0.00150261906081398	4.91051980658164e-06	
6.72589659354356e-05	4.34380821666355e-05	0.00044208757817979	0.00217260472256027	0.00968529109470273	0.0330795007983499	0.091100167516862	0.198403440296108	0.288051234517301	0.251444141078484	0.107914909000721	0.0168196457834584	0.000774178722486003	2.10184268548236e-06	
1.39583900392929e-06	6.14169161728886e-05	9.70108107730854e-05	0.000788649037220047	0.0036340668467299	0.0147198202159363	0.0471744728962961	0.116487650314413	0.226570493359296	0.288359400626732	0.214668174172791	0.0773294808176825	0.00975272712045393	0.000355241026500003	
1.04815796718846e-05	6.70821099000616e-05	0.000199150013765808	0.00134653360184811	0.0058235656656991	0.0213251232284383	0.0633087412181832	0.144837262994014	0.248523145424231	0.279426336156838	0.17662440027895	0.0531423077084332	0.00524218737989857	0.000123682640128239	
8.37242792037263e-06	1.04655349004658e-05	0.000106050753658053	0.000385131684337141	0.0023233487479034	0.00894803233989825	0.0308537922912265	0.0827607522905567	0.172813191597431	0.263993117864249	0.25996598003455	0.140533295750435	0.0346318503902947	0.00264498952051105	2.16287721276293e-05	
1.18637869766325e-05	4.88508875508398e-06	0.000153531360874068	0.000642738106204621	0.00376361195088113	0.0133656028339098	0.0436259361923664	0.105145254624783	0.198211080497888	0.27160465395427	0.233627973972247	0.107331680777594	0.0211601108775573	0.00133223349049362	1.88424851981811e-05	
6.98386935694626e-06	1.95548341994495e-05	0.000210912854579777	0.00110275297146181	0.00597050991325336	0.0198153325264636	0.058524126824274	0.129717691048984	0.222270022928043	0.270951782667573	0.200714310157828	0.0776333901587503	0.0124305890684287	0.000628548242125163	3.49193467847313e-06	
1.53536182546146e-05	2.72177778149987e-05	0.000502482051969206	0.00198340832180067	0.00867130485516304	0.0282932289845605	0.075712181072199	0.156209107905927	0.240333675998177	0.260399459273481	0.166660734586886	0.0536099497029424	0.00724411624922272	0.000337779601601522	
2.45495508133617e-05	9.88996189909714e-05	0.000822059244378854	0.00341940172043252	0.0131283983592483	0.0386655425310447	0.0962861439529547	0.181156045361959	0.255629562709373	0.239079658382479	0.132307349153531	0.0355765076229862	0.00365437599250327	0.000151505799305318	
7.00451300773088e-06	3.08198572340159e-05	0.000328511660062578	0.00137568635471835	0.00549223864936178	0.0190964038129767	0.05197068471216	0.11993337307227	0.205369519581466	0.259676209381705	0.211984581665967	0.100142121568927	0.0227632663725238	0.00177704495006132	5.25338475579816e-05	
1.61154482687104e-05	4.97476881338451e-05	0.000540918524497583	0.00233253596897986	0.00812358727075775	0.0271215987645757	0.0684787437237336	0.145113305614762	0.226380007875549	0.253885574711919	0.180818132261586	0.0728152006513444	0.0135390785607083	0.000772140173570385	1.33127616132825e-05	
2.80364529961856e-06	2.66346303463764e-05	0.000165415072677495	0.00104505878543282	0.00365735529335242	0.012127868654825	0.0367179406664545	0.0883141260266599	0.169455826465571	0.242170470045153	0.237654498378792	0.149863953111836	0.0506485532489343	0.00775137834212042	0.000398117632545836	
7.69612884718986e-06	2.44876826956041e-05	0.000337230373122319	0.00171623673292334	0.00568394097768822	0.0175366790504376	0.0492839101931728	0.109720210734001	0.192669087449013	0.249590356050906	0.217952969656263	0.117938976694723	0.03339979990065	0.00398379615053628	0.000154622225020815	
3.64752813331435e-05	7.92635921277925e-05	0.000582201605894405	0.00256589575224305	0.0080841849493169	0.0247814464272813	0.0641424836720507	0.132448760997823	0.213959791613912	0.249468477991727	0.190995094776108	0.0903485704144784	0.0204920936320472	0.00194792031273345	6.73389809227264e-05	
6.44145383613082e-05	0.000217048987956582	0.000964117601342623	0.00392228525978313	0.0117423502484511	0.0337938272668141	0.0815915152049818	0.156259867852174	0.231387524164204	0.239738308936327	0.161576167741059	0.0653177422144178	0.0124110011629625	0.000997025028548943	1.68037926159934e-05	
4.18992950443609e-06	0	0	9.56700570179573e-05	0.000388965122328484	0.00154887727347321	0.00590291235016637	0.0172394649460023	0.0456611534177604	0.10168889075108	0.178770325522606	0.241427229653528	0.221568360445669	0.132474397784924	0.0452163225687061	0.0075432697511531	0.00046368553182426	6.28489425665413e-06	
1.2570982401323e-05	0	1.32693703125076e-05	0.000196945390954061	0.000638326550822736	0.00247927708470537	0.00874661019967609	0.0246677594109517	0.0610062792057095	0.124840331063805	0.200132833380707	0.242903505837475	0.196768698812531	0.10305900888978	0.0303896515672872	0.00399198530033125	0.00015294695254943	
1.88524447082235e-05	0	2.16453994798122e-05	0.000297449683174193	0.00104875451673154	0.00383123570792675	0.0136324122401243	0.0338338541030251	0.0780693700141393	0.148152984097614	0.216860369717388	0.235022954597029	0.17002112172046	0.0777970569239094	0.019426396913785	0.00188733918690104	7.82027336044827e-05	
1.25800932604247e-05	2.09668221007078e-06	4.8223690831628e-05	0.000459173404005502	0.00187722947208338	0.00612999988817695	0.0195620450199604	0.0445838505149452	0.0971651458731703	0.172148092857862	0.227603939526094	0.220310281011328	0.14100816867389	0.056752994062196	0.0112885370190211	0.00101968644816442	2.79557628009438e-05	
1.75265913443877e-05	3.22489280736734e-05	9.88499751823467e-05	0.00064778281608857	0.00297952052854591	0.00970973160479079	0.0271830421114916	0.0569831548425271	0.119560096578529	0.19260041334713	0.230546885735037	0.200652830474396	0.112890878040163	0.0391607146362461	0.00648483879742345	0.000447278611108774	4.20638192265305e-06	
7.70028260037143e-06	2.73010019467714e-05	6.02022094210858e-05	0.000212107784355686	0.00118374344338437	0.00479027580312197	0.0147362408200381	0.035502502941858	0.0750966560472769	0.140551858253198	0.208427049272708	0.227290641566545	0.175414537713534	0.0873807068719422	0.025420032915208	0.00369193549403263	0.000205107527446257	1.40005138188572e-06	
5.58620208086028e-06	4.11982403463445e-05	6.07499476293555e-05	0.000451784093289575	0.00193771384679841	0.00742126946442288	0.0208742406256546	0.0458501501291809	0.0944633754626074	0.164330004887927	0.218404441030654	0.217762726066615	0.14662034774108	0.0639487465959081	0.0158026674114936	0.00191117938691432	0.000113818867397528	
4.16657407613164e-06	9.09702006622075e-05	0.000118052932157063	0.00101456078753805	0.00311034754783227	0.0109858669807338	0.0286868625141664	0.0596181195973423	0.115315492989045	0.182617469611786	0.223603364369681	0.20061568076265	0.118154318792916	0.0457219006244306	0.00932757049843337	0.000963867469611786	5.13877469389569e-05	
2.22406479812789e-05	0.00011050821965698	0.000230051702556354	0.00142270645055244	0.00541420774294259	0.0156893871102935	0.03843183971165	0.0757106408295206	0.136974590754702	0.199142762024372	0.221482102881067	0.176642871490061	0.0917753388744981	0.0310993760803221	0.00533289037376104	0.000499024539079946	1.94605669836191e-05	
5.54872368951284e-06	6.72782747353432e-05	0.000165074529763007	0.000350263182900498	0.00243519610923495	0.00755874884603887	0.0213993464990675	0.0497290488863365	0.0942533949519099	0.159560485596554	0.210449217733998	0.211549945795905	0.150346829910118	0.0686945864570914	0.0203443954075988	0.00287215809978409	0.000217787404813379	6.93590461189105e-07	
3.45185150410977e-05	0.00014842961467672	0.000312047375971524	0.00079116436474196	0.00385778924099308	0.0110866566608998	0.0294111555556169	0.0623314633503118	0.112830670114836	0.178706494589568	0.213801468831852	0.198400688161116	0.124704348918673	0.0492254735595078	0.0127007424242215	0.00153745465993049	0.000119434062042198	
5.17787377172204e-05	0.000175357325068987	0.000401803004685631	0.00155957558004268	0.00566045160724654	0.0153603351396058	0.0384439867971123	0.0782715014660287	0.134623337298434	0.192738411745903	0.215478252584967	0.176850623864751	0.0982518807763497	0.03374040626288	0.00755555340769681	0.000799463710353884	3.72806911563987e-05	
6.14058207198418e-05	0.000333247319187456	0.000554722245603964	0.00254937648943613	0.00781026843313044	0.0218928999692281	0.0502982666999684	0.0965361597489675	0.157045731467516	0.200734248027079	0.206794795546215	0.153636673488002	0.0737318318115269	0.0231672432374253	0.00440810998403449	0.000436050322415056	8.96938954334768e-06	
