# <P(U)> as a function of N_tot.
# number_of_species: 1
# species_total_upper_bound: 103
# species_total_lower_bound: 0
# volume: 729
# Bin widths for each
10	10	10	10	10	10	10	10	10	10	10	10	10	10	10	10	10	10	10	10	10	10	10	10	10	10	10	10	10	10	10	10	10	10	10	10	10	10	10	10	10	10	10	10	10	10	10	10	10	10	10	10	10	10	10	10	10	10	10	10	10	10	10	10	10	10	10	10	10	10	10	10	10	10	10	10	10	10	10	10	10	10	10	10	10	10	10	10	10	10	10	10	10	10	10	10	10	10	10	10	10	10	10	10	
# Bin lower bound for each
0	0	0	0	-10	-10	-10	-10	-10	-10	-10	-10	-10	-20	-20	-20	-20	-30	-30	-30	-30	-30	-30	-30	-30	-40	-40	-40	-40	-40	-40	-50	-50	-50	-60	-60	-60	-60	-70	-70	-70	-80	-90	-90	-90	-90	-90	-90	-90	-90	-90	-90	-100	-110	-110	-110	-120	-120	-120	-120	-120	-130	-130	-130	-130	-130	-140	-140	-150	-150	-160	-160	-160	-170	-180	-180	-180	-180	-190	-190	-200	-200	-200	-200	-200	-210	-210	-220	-220	-220	-220	-250	-250	-250	-250	-250	-260	-260	-260	-260	-270	-270	-270	-270	
# Bin upper bound for each
0	0	0	0	0	0	0	0	0	0	0	0	0	0	0	0	0	0	0	0	0	0	0	0	0	0	0	0	0	0	0	0	0	0	0	0	0	0	-10	0	-10	-10	-10	-10	-10	-10	-10	-10	-10	-10	-10	-20	-20	-10	-20	-20	-20	-20	-20	-20	-30	-30	-30	-30	-30	-30	-30	-30	-40	-40	-40	-40	-40	-50	-50	-50	-50	-50	-50	-60	-60	-60	-60	-70	-70	-70	-70	-80	-80	-80	-80	-80	-90	-90	-90	-90	-90	-100	-100	-100	-100	-110	-110	-110	
# Normalized histogram for each
1	
1	
1	
1	
2.21382934917845e-06	0.999997786170651	
2.7107707219059e-05	0.999972892292781	
0.000124791485024194	0.999875208514976	
0.000524615512052351	0.999475384487948	
0.00151612644881209	0.998483873551188	
0.00369387974068179	0.996306120259318	
0.00782974027002964	0.99217025972997	
0.0164671040025872	0.983532895997413	
0.031689476337768	0.968310523662232	
5.52786097208541e-06	0.0564842361988659	0.943510235940162	
3.04369360519974e-05	0.0943323658076994	0.905637197256249	
8.55010249018959e-05	0.146716982724351	0.853197516250747	
0.000229059283544815	0.214928216045158	0.784842724671297	
5.55329413077897e-07	0.000513124377683976	0.299603550332004	0.699882769960899	
2.2192496605935e-06	0.00108243902195448	0.395260015612421	0.603655326115964	
3.33207640006909e-06	0.00213974839491103	0.495618597206943	0.502238322321746	
1.27460966464466e-05	0.0042400167583462	0.595039330020826	0.400707907124181	
2.32886191844991e-05	0.00800851254480287	0.684796302210866	0.307171896625146	
6.10680920329457e-05	0.0147240721536162	0.760397120250845	0.224817739503505	
0.000102418239352539	0.026280854190381	0.815618224880396	0.15799850268987	
0.000228597744724732	0.0444658766417601	0.848654944218813	0.106650581394702	
5.56196417427636e-07	0.000547853471166222	0.0713950407302636	0.860115488624115	0.067941060978038	
5.56628611823905e-07	0.00125575414827473	0.108022131553606	0.849626780515772	0.0410947771537353	
2.22980852634184e-06	0.00252525815608214	0.158543845839958	0.815540204562634	0.0233884616327996	
2.7400707385609e-05	0.00467825138751031	0.22258936684794	0.75987418042527	0.0128308006318939	
6.82679415984547e-05	0.00880096873328275	0.296869858920382	0.687398297554217	0.00686260685052007	
0.000189591907613373	0.0153860264612139	0.379865563118725	0.6009906876258	0.00356813088664697	
5.60707523181051e-06	0.000461462291578005	0.0260280432260644	0.464218729761963	0.507598428000388	0.00168772964477496	
1.79005256601238e-05	0.00086146279739346	0.0416920024367091	0.543365981281644	0.413301321226611	0.000761331731982142	
2.01471638389749e-05	0.00171250892631287	0.0648022332011829	0.60985632833609	0.323267959517632	0.000340822854942659	
2.80468404673277e-06	5.60936809346553e-05	0.00340656924316162	0.0978111123825679	0.657381479661553	0.241197218650925	0.000144721696811411	
3.93900396094984e-06	0.000146305861406708	0.00631478606425416	0.140195340833572	0.680479815699632	0.172801852907463	5.79596297111191e-05	
5.04804335035272e-06	0.000307369750665921	0.0109447188772703	0.193118507304799	0.677276905930834	0.11832333166374	2.41184293405741e-05	
1.62902495553885e-05	0.000682505283096451	0.0184725812630673	0.257143274430038	0.646804920329445	0.0768776197810815	2.8086637164463e-06	
2.24296466097028e-06	6.16815281766828e-05	0.00127176096277015	0.0302009584187996	0.327685361403288	0.592973688903044	0.0478043058192597	
4.48207645638071e-06	0.000120455804765232	0.00242424310334492	0.0471245518623868	0.398495815141239	0.523517735296408	0.0283115961962858	1.12051911409518e-06	
1.51551125772279e-05	0.000214978078410307	0.00440284085391762	0.0720288822767694	0.462975218023133	0.444638654405619	0.0157242712495727	
1.12387205390989e-06	1.91058249164682e-05	0.000363572609439851	0.0073152831988995	0.105059559599497	0.517389110354121	0.361334418244489	0.00851782629658309	
2.81138633958623e-06	2.81138633958623e-06	3.54234678787865e-05	0.000725899952881165	0.0126624840734964	0.145508360500697	0.555243179295602	0.281464754774015	0.00435427516275115	
2.25277993043416e-06	2.25277993043416e-06	0.000120523726278227	0.00139953953178222	0.0212662425432984	0.195427532575198	0.57025519491052	0.209385757024168	0.00214070412889506	
5.63102378769689e-07	8.44653568154533e-06	0.000201590651599549	0.00258013509952271	0.0334955818987362	0.252156119008309	0.560864046814079	0.149665855048438	0.00102766184125468	
1.24095372934799e-05	1.07173276625508e-05	0.000397105193391357	0.00450579017728716	0.0516248032806304	0.314342604761878	0.527240626568819	0.101374074220314	0.000491868932723386	
1.69306531733123e-05	2.70890450772997e-05	0.000688513229048035	0.00731742830150559	0.0763205627297631	0.372754854300442	0.476156561136024	0.0665306947098481	0.00018736589511799	
6.78276116032695e-06	6.83928416999634e-05	0.00105415413033415	0.0123553646836322	0.108045428673331	0.424569760981149	0.413241984613306	0.0405710858804957	8.70454348908625e-05	
1.07271179282887e-05	0.000133806681526548	0.00187611646714227	0.0196498217040083	0.147666117889897	0.463113958125848	0.343582812221236	0.0239305063425496	3.61334498637091e-05	
7.91390574990475e-06	0.000273029748371714	0.00337188912844156	0.0309767229420736	0.194659470288371	0.485975993732187	0.271759001219872	0.0129601512234333	1.58278114998095e-05	
5.46938918199928e-05	0.000516490772238283	0.00554607340145824	0.0472340960593897	0.245719921037808	0.488301427623347	0.205768006554245	0.006855343677809	3.94698188391701e-06	
8.88226082391172e-05	0.000944800992097617	0.00887490608564989	0.0689783929104849	0.298329682365827	0.470631398622288	0.148594000343975	0.00355799607143827	
5.6654623782138e-07	0.000149001660547023	0.00181294796102842	0.0142899957565687	0.0979127870052423	0.348770962918982	0.433862808562327	0.101516587624024	0.00168434196504296	
2.27059471984551e-06	6.81178415953653e-06	0.000283256691300727	0.0030085380037953	0.0227439796600125	0.133120427235102	0.392653944902884	0.381383280362251	0.0659982414243895	0.000798681692705658	5.67648679961377e-07	
2.32516463299828e-05	3.11912328816843e-05	0.000505865086008407	0.00477963110412427	0.0348303990889892	0.174667501457481	0.422870886443496	0.32106837345093	0.0408593808483562	0.000363519641402902	
3.06029460436058e-05	8.33080197853713e-05	0.00090448707195546	0.00773234436701773	0.0510139776122448	0.220117923352088	0.438128777196951	0.257625234055865	0.0242375332665358	0.000125812111512602	
5.65733093915088e-07	7.0716636739386e-05	0.000145393405136178	0.00160272185506144	0.0124082239488396	0.0728743427595781	0.268046602829344	0.433319303152604	0.197808576287411	0.0136749003461155	4.86530460766976e-05	
9.0401813460378e-06	9.20968474627601e-05	0.000267250361042243	0.00277251061656297	0.0192770566977574	0.101921264540567	0.314201672885558	0.410025900119556	0.144317455008147	0.00709823739064206	1.75153513579482e-05	
9.07002741415786e-06	0.000136617287925753	0.000489781480364524	0.00471244611836839	0.02959096443869	0.135940437129971	0.352484507259423	0.372456707625399	0.100710183146529	0.00346815173248861	1.13375342676973e-06	
1.80982577033537e-05	0.000168540024862482	0.000810462602778309	0.00779582450571962	0.0430359601069155	0.175244298200468	0.380316787378275	0.324514203173303	0.0664562367161616	0.00163789232215351	1.69671165968941e-06	
2.43154769141511e-05	0.000281041675031002	0.00147136909140979	0.0122550003647322	0.0617296446943347	0.215352000456905	0.396454237989709	0.269404740160855	0.0423083643544156	0.000719285735693028	
5.08142704538731e-06	4.68620494185718e-05	0.000442084152948696	0.00269315633405527	0.0189791300145216	0.0856220457147761	0.257246114966722	0.396329290023013	0.212900501141627	0.0254331069651685	0.000302627210703066	
5.0826983254768e-06	8.07584289492425e-05	0.000847116387579467	0.00466083436446223	0.0285687177989883	0.11515078954071	0.298099692044956	0.377180265802533	0.160273855785777	0.0149984780142236	0.000134409133495942	
1.51881473947827e-05	0.000151881473947827	0.00139449694043209	0.00773357964383232	0.0419777893032691	0.148783654403269	0.332806623382322	0.343125563227133	0.115727495384491	0.00824097627161358	4.27518222964254e-05	
2.74909307980337e-05	0.000297911923546038	0.00237544083671173	0.0125482073107923	0.0587514853518222	0.186866516382912	0.354762607396968	0.299690979496254	0.0804423907908748	0.00422406567302848	1.29039062929546e-05	
4.15720294397383e-05	0.000665152471035812	0.00377799862138162	0.019388857460185	0.0803031162730339	0.226364756357009	0.361981704936341	0.252439407362631	0.0529549005276839	0.00207803968780529	4.49427345294468e-06	
1.06647208228674e-05	9.42985841179855e-05	0.0010423361351613	0.00590264232490914	0.029152856320952	0.107138907988718	0.263345635182353	0.357694175097877	0.201764730645637	0.032975316784306	0.000871139300899485	7.29691424722507e-06	
1.17647256550011e-05	0.000175350434762635	0.00188235610480018	0.00945043605115303	0.0417216387478522	0.138315078400692	0.29671198326944	0.337973117041653	0.153713423607995	0.0196526940941637	0.000390476846739798	1.68067509357159e-06	
2.81635876355091e-06	2.19675983556971e-05	0.000411188379478433	0.00311770915125086	0.0150066860357047	0.0585915277169131	0.172681657956608	0.320371511517218	0.306186638968717	0.112539443104484	0.0108728346425646	0.000196018569943143	
6.76004923569193e-06	8.56272903187645e-05	0.000812332583155647	0.00500468978415726	0.0228236162320049	0.0802113642061026	0.207281136364277	0.332710469907923	0.266378613457568	0.0786790863793458	0.00592856317970183	7.77405662104572e-05	
3.36546605534845e-06	2.07537073413155e-05	0.000204732518367031	0.00150268059371309	0.00796886270805592	0.0332648274020734	0.105934775024203	0.242047123255707	0.333114391069399	0.220734748549204	0.0522056703615745	0.00296609741678044	3.19719275258103e-05	
1.7429703475764e-05	6.01605894163467e-05	0.000400883179942572	0.002435098250114	0.0119522785963804	0.0463298385840784	0.136124859648718	0.270677110245123	0.320829114126887	0.17632506509432	0.0333885648775732	0.00144666538848841	1.29317154820185e-05	
3.04086072125838e-05	9.62939228398486e-05	0.000678562438725249	0.00422623328019335	0.017598699863105	0.0632820009764542	0.168102722527654	0.293524712343023	0.298771323331905	0.1327453960524	0.0203551837946901	0.000584521005308554	3.94185649052012e-06	
5.63114745328541e-07	4.95540975889116e-05	0.00016611884987192	0.00123378440701483	0.00668642448603109	0.025456165177322	0.084484105241641	0.199212540340133	0.308170175528497	0.265136383575745	0.0968923386549554	0.0122505612846224	0.000261285241832443	
1.23519867047707e-05	3.36872364675564e-06	0.000110044972460684	0.00039133339696478	0.00232048913867351	0.00992369840940099	0.036454081489425	0.110339174325834	0.22835847711233	0.311323403084628	0.226063814854948	0.068012846066173	0.00657855582817264	0.000108360610637306	
1.06740853432449e-05	1.34830551704146e-05	0.000185953802558634	0.000692691959380049	0.00381233384943472	0.0148038327831498	0.0512030255975802	0.138395134414824	0.25633759772406	0.301273249843259	0.184481340575232	0.0454395813061934	0.00331009004433678	4.10109594766777e-05	
3.76859902050174e-05	4.49981972597223e-05	0.000242427787736754	0.00122507592039594	0.00598588519047456	0.0217971267526095	0.0683247002416966	0.168735927516904	0.278323974645766	0.28041020356622	0.144987003958154	0.0283055535087626	0.00156143744491236	1.79992789038889e-05	
5.51147934291918e-05	5.06156266186456e-05	0.000404362617097846	0.0021162955885107	0.00931496248538474	0.0317821143496989	0.0897426307865612	0.19921073366226	0.289636675408173	0.251996083475291	0.108070549185173	0.0168505044971984	0.000758672003428365	1.06855211750474e-05	
1.12120067137496e-06	5.10146305475608e-05	9.47414567311843e-05	0.0007299016370651	0.00359288755142107	0.0141686128841654	0.0452892193191845	0.115666424861055	0.227441722792104	0.290326504847511	0.215438148404363	0.0770107893140606	0.00984358129433648	0.000343648005776426	1.68180100706244e-06	
8.42597221676094e-06	6.85312406963223e-05	0.000180877536919802	0.00123693272142051	0.00582403199622516	0.0205515079681611	0.0611439099881475	0.143623505092096	0.250567067930188	0.280940450845687	0.177854298088428	0.0525724493177771	0.0052988130613804	0.000129198240657001	
6.73154001367625e-06	8.41442501709531e-06	0.000104899831879788	0.000331528345673555	0.00213950780101343	0.00877456240782699	0.0295901670151174	0.0806129964721121	0.172140624114732	0.266124702900677	0.261502378757952	0.141579432452642	0.0343976085082178	0.00264773907204599	3.87063550786384e-05	
9.52554386653032e-06	3.92228276857131e-06	0.00018042500735428	0.000576015240870186	0.00353173547004357	0.0131054673820163	0.041751579419222	0.102805272668693	0.19821424068808	0.2738224046395	0.23549890036001	0.108126129407315	0.0210587361844594	0.00129267233529914	2.29733705016319e-05	
5.61085048710599e-06	1.85158066074498e-05	0.000267637568234955	0.00102734672418911	0.00571465122111745	0.0195044384632778	0.0561264595926186	0.127035826963615	0.223630545694486	0.273172672240486	0.202452390530904	0.0781260432675124	0.0123163779042463	0.000596994491828077	4.48868038968479e-06	
1.23399799082691e-05	4.76771951001305e-05	0.000537910942365002	0.00189923508951814	0.00850056343226445	0.0278681618982928	0.0730111738518069	0.153436431995773	0.242344304510319	0.26282754934169	0.168293767805329	0.0536721817028387	0.00723066731806803	0.000318034936726753	
1.97383039270202e-05	0.000147755303682265	0.000818293685660179	0.00324948877792829	0.0129477634245845	0.038045298843561	0.0933119858876766	0.179044463067378	0.257297250961819	0.242326593360486	0.133328295366236	0.035650760601443	0.00366850477272189	0.000143807642896861	
5.6299490771106e-06	2.47717759392866e-05	0.000326537046472415	0.00131797107895159	0.00538448329734858	0.0189200068685379	0.0509245783871885	0.116354720571552	0.20340668218656	0.262020645023266	0.215984551419732	0.10099734547901	0.0225023434663033	0.00177343395928984	5.6299490771106e-05	
1.29861990581053e-05	4.00878318750208e-05	0.000504203293864698	0.00221442924808214	0.0081796115545553	0.0268825612849788	0.0670765412218658	0.14132823973201	0.224586714214976	0.257078184258355	0.184444114456971	0.0733872693467547	0.0134627361018028	0.000786511969040901	1.58092858098674e-05	
2.26003001319858e-06	2.14702851253865e-05	0.000134471785785315	0.000992153175794175	0.00360418286354843	0.0121256260283137	0.0365260400658121	0.0864421929523224	0.166118421052632	0.24038526731635	0.241805696179645	0.152764468712144	0.0509919271727929	0.00768353703737186	0.000402285342349346	
6.22018200252539e-06	1.97914881898535e-05	0.000295175909574387	0.00164721728848695	0.00567732975503227	0.0173435638363142	0.0488787556469357	0.107437810903074	0.189377399364524	0.249788937915232	0.221671453379453	0.120162041395877	0.0335397868287081	0.00399788061435041	0.000156635492245412	
2.94980397985284e-05	6.750512953894e-05	0.000509975726516866	0.00253512961268506	0.00824980755365382	0.0246427759016898	0.0635501231259527	0.129916741782669	0.211817482013287	0.2503220675403	0.194528227071372	0.091199997277104	0.0206662132288498	0.0019009217570167	6.35342395660611e-05	
5.21322368186189e-05	0.000185862757353337	0.000902114358861319	0.00391671761837276	0.0117875520684882	0.0335720272016945	0.0804655408747903	0.153897196362303	0.229955863261676	0.241267991996568	0.164366142832129	0.0661915077719532	0.0124579046354058	0.000966146345388535	1.52996781967686e-05	
3.39262319321611e-06	0	0	8.0292082239448e-05	0.000342089505315958	0.0015091518837823	0.00577481011205269	0.0171564954880939	0.0449884452908411	0.101104694655431	0.176596215076478	0.240975763665345	0.223026525224436	0.134678659212697	0.0458637420746909	0.00747847239224605	0.000416161778367843	5.08893478982417e-06	
1.01768280410058e-05	0	1.07422073766173e-05	0.000167352283340985	0.00061456733780963	0.00250406507742305	0.00848069003417153	0.0245103249574269	0.0601540997917143	0.123468104690161	0.198340159346512	0.243076930035438	0.198493942525798	0.105305858912979	0.0307419359945362	0.00398479355738939	0.000136256419882356	
1.52615404094502e-05	0	1.97834783085465e-05	0.000252663280112008	0.00103778474784261	0.0038476039098936	0.0131865361560023	0.0335589968759062	0.0771335209560733	0.14681827970786	0.215418338606101	0.236283125314769	0.171696851544214	0.0792051337560968	0.0195692515005768	0.00188790907287272	6.89595529612193e-05	
1.01953774158796e-05	1.69922956931327e-06	4.24807392328318e-05	0.000438401228882825	0.00180741385189289	0.00594617067288358	0.0188523856616743	0.0447962227259494	0.0961537372288738	0.17016424753017	0.226837518535763	0.222025866805324	0.142640126966433	0.0577743717665077	0.0114805613801369	0.00100594390503346	2.26563942575103e-05	
1.41976886162933e-05	2.61237470539796e-05	9.14331146889286e-05	0.000628105744384814	0.00293494619076014	0.00934832609251214	0.0264866399750121	0.0578794332282704	0.117960076099611	0.190381349916234	0.23043586904052	0.202817957236562	0.114511741488486	0.0394888832098134	0.00656501121617401	0.00042649856603345	3.40744526791038e-06	
6.24337351038784e-06	2.21355969913751e-05	4.88118292630322e-05	0.000194112158232058	0.00115672683765186	0.00469331414158155	0.0141139971893468	0.0352920877159923	0.0755323327286721	0.138450213069311	0.206724340302452	0.22761864112408	0.177814115472896	0.0888432050528189	0.0256091829807908	0.00369494195932953	0.000184463308261459	1.13515882007052e-06	
4.52989076734651e-06	3.34079444091805e-05	4.92625620948933e-05	0.000409388878098941	0.00199994677378348	0.00719233406585442	0.0202016141133277	0.0456205299179467	0.0944714381893574	0.162241435250591	0.217259223565398	0.218053086922375	0.149253105947916	0.0653357470101305	0.0158359318862975	0.00194672055726716	9.22965243846851e-05	
3.38573892905692e-06	7.39219666177427e-05	9.98792984071791e-05	0.000932771074955181	0.00308215100508482	0.0107892213872614	0.0281732979185041	0.0595167760542486	0.114535597941245	0.180955895671841	0.222621927512458	0.201524259665861	0.120620335086582	0.0466622539202625	0.00936382529812842	0.00100274301282236	4.1757446791702e-05	
1.80630026242156e-05	8.97505442890713e-05	0.00018853258989025	0.00136770797995232	0.00519762900511804	0.0155341822568254	0.038287920875017	0.0756642245863431	0.136170767626809	0.196996800026191	0.220689814780842	0.178415050545362	0.0938756825133765	0.0317073432314825	0.00529866892604725	0.000482056382533754	1.58051272961887e-05	
4.50290212041661e-06	5.45976882100514e-05	0.000133961338082394	0.000297191539947496	0.0023032344345931	0.00749282912837324	0.0212356863998847	0.0495516235213595	0.0938551146213735	0.159192224388618	0.20849675115612	0.210903552339483	0.151974072289591	0.0709601087901152	0.0205129706095579	0.00283119970821194	0.000199816281593487	5.62862765052076e-07	
2.8055574726865e-05	0.000120638971325519	0.000253622395530859	0.000715417155535056	0.00364161359954707	0.0109949797354584	0.0289398864422557	0.0624214093212964	0.112899560481366	0.178304960730612	0.212469917409999	0.197507318296668	0.12606548058919	0.0512233072248155	0.012816908758221	0.00148806768351292	0.000108855629940236	
4.21219109194595e-05	0.000142652871647236	0.000326866028735006	0.00139114631130002	0.00544664389462558	0.0153537173428825	0.03847639993575	0.0783759588350989	0.134689583981543	0.192937447277408	0.21311328098235	0.176361071266904	0.0995874299231809	0.035352077396484	0.00761395661780151	0.000757071145592419	3.25742777777154e-05	
4.99055999129736e-05	0.000270836008516475	0.000450832610449784	0.00235677793746324	0.00769106975737467	0.0224782672327121	0.0510893158839431	0.0970663918307337	0.157367496426703	0.200539204773891	0.204353899113306	0.152924776560293	0.0747967187909163	0.0238588019179451	0.00430029264868084	0.000398123325148441	7.28958200976019e-06	
