# <P(U)> as a function of N_tot.
# number_of_species: 1
# species_total_upper_bound: 103
# species_total_lower_bound: 0
# volume: 729
# Bin widths for each
10	10	10	10	10	10	10	10	10	10	10	10	10	10	10	10	10	10	10	10	10	10	10	10	10	10	10	10	10	10	10	10	10	10	10	10	10	10	10	10	10	10	10	10	10	10	10	10	10	10	10	10	10	10	10	10	10	10	10	10	10	10	10	10	10	10	10	10	10	10	10	10	10	10	10	10	10	10	10	10	10	10	10	10	10	10	10	10	10	10	10	10	10	10	10	10	10	10	10	10	10	10	10	10	
# Bin lower bound for each
0	0	0	0	-10	-10	-10	-10	-10	-10	-10	-10	-10	-20	-20	-20	-20	-30	-30	-30	-30	-30	-30	-30	-30	-40	-40	-40	-40	-40	-40	-50	-50	-50	-60	-60	-60	-60	-70	-70	-70	-80	-90	-90	-90	-90	-90	-90	-90	-90	-90	-90	-100	-110	-110	-110	-120	-120	-120	-120	-120	-130	-130	-130	-130	-130	-140	-140	-150	-150	-160	-160	-160	-170	-180	-180	-180	-180	-190	-190	-200	-200	-200	-200	-200	-210	-210	-220	-220	-220	-220	-250	-250	-250	-250	-250	-260	-260	-260	-260	-270	-270	-270	-270	
# Bin upper bound for each
0	0	0	0	0	0	0	0	0	0	0	0	0	0	0	0	0	0	0	0	0	0	0	0	0	0	0	0	0	0	0	0	0	0	0	0	0	0	-10	0	-10	-10	-10	-10	-10	-10	-10	-10	-10	-10	-10	-20	-20	-10	-20	-20	-20	-20	-20	-20	-30	-30	-30	-30	-30	-30	-30	-30	-40	-40	-40	-40	-40	-50	-50	-50	-50	-50	-50	-60	-60	-60	-60	-70	-70	-70	-70	-80	-80	-80	-80	-80	-90	-90	-90	-90	-90	-100	-100	-100	-100	-100	-110	-110	
# Normalized histogram for each
1	
1	
1	
1	
1.91689677415026e-06	0.999998083103226	
2.34629718391666e-05	0.999976537028161	
0.000114246871715104	0.999885753128285	
0.000482849288872953	0.999517150711127	
0.00141067464678141	0.998589325353219	
0.00360144287502663	0.996398557124973	
0.00774084823697997	0.99225915176302	
0.016308918571029	0.983691081428971	
0.0315828246987761	0.968417175301224	
4.78821027712725e-06	0.0563553196776768	0.943639892112046	
2.73303170892157e-05	0.0941702036252467	0.905802466057664	
7.84275988163688e-05	0.146662015541175	0.853259556860009	
0.000221929311903595	0.215225698740347	0.78455237194775	
4.8104560071772e-07	0.000486818147926333	0.300069030043703	0.69944367076277	
1.9228328712125e-06	0.00104794391481081	0.395468555914057	0.603481577338261	
2.88772663239577e-06	0.00210178370061205	0.49508340476446	0.502811923808295	
1.15352006259769e-05	0.00417622325996305	0.594616521867857	0.401195719671554	
2.26099807189781e-05	0.00792263345661385	0.684361782782548	0.307692973780119	
6.54626985360904e-05	0.014589036249488	0.760043590455731	0.225301910596245	
0.000111346926656117	0.0260474684962911	0.815896292147342	0.15794489242971	
0.000230350677582783	0.0442625091742699	0.849164159554951	0.106342980593196	
4.81638495631057e-07	0.000540398392098046	0.0711644959219669	0.860526161158167	0.0677684628892723	
9.63777854987093e-07	0.00123122620974601	0.108050580989385	0.849696915959053	0.0410203130639606	
7.24267150283985e-06	0.00249196184174376	0.158897935790337	0.815155434973122	0.0234474247232937	
3.58172603377568e-05	0.00470319349597274	0.223165248738773	0.759171033710334	0.0129247067945827	
8.03497440425021e-05	0.00892608210775772	0.297385535497162	0.686671816794839	0.00693621585619913	
0.000229350362678406	0.0155503416788156	0.380660635494049	0.600030386503747	0.00352928596070948	
4.85355372350081e-06	0.00048098717399893	0.0261625959911588	0.465107802281753	0.50658821382428	0.00165554717508613	
1.84042364615046e-05	0.000902776230638017	0.041966502352352	0.544171620473648	0.412174499283688	0.000766197423213167	
2.42396506387633e-05	0.00181167148874117	0.0651329108523825	0.610305438989769	0.322386868702539	0.000338870315929911	
2.42967901510531e-06	6.12279111806539e-05	0.00347589879900966	0.0981872164868299	0.65737978555653	0.24074474521171	0.000148696355724445	
3.41050161657777e-06	0.00015103650016273	0.00649310786344741	0.140755786646814	0.679777284500147	0.172762369889363	5.70040984485141e-05	
4.37175670299597e-06	0.000306508719954495	0.0110624874615589	0.193623161372712	0.676471059699252	0.11850812345258	2.42875372388665e-05	
1.94665010716309e-05	0.000686194162774989	0.0186216549251221	0.257759347327152	0.64589899221924	0.0770119115520057	2.43331263395386e-06	
1.94553286199557e-06	6.85800333853439e-05	0.00126070529457313	0.0303118883731065	0.327714310172413	0.592888980112763	0.0477535904808968	
3.88634387342178e-06	0.000123877210965319	0.00237212714173982	0.0471947884128657	0.398249202085024	0.523805313603661	0.0282498336159029	9.71585968355445e-07	
1.31515432848951e-05	0.000212860163537005	0.00431224491485837	0.0719686545143159	0.462926530121174	0.444902096502128	0.0156644622407015	
9.75394217765538e-07	1.65817017020141e-05	0.000361383557682132	0.0073305752436169	0.105046543373586	0.516926747406549	0.361848333026897	0.00846886029574928	
2.43940874586581e-06	2.43940874586581e-06	3.3175958943775e-05	0.000724016515772973	0.0126766314887663	0.145292160667266	0.555157227211897	0.281767810245224	0.00434409909463784	
1.95457661671583e-06	1.95457661671583e-06	0.000116785952848771	0.00139703363679764	0.0212941349508106	0.195041336852223	0.570238443687915	0.209789106069498	0.00211924969667414	
4.88654182855373e-07	7.32981274283059e-06	0.000192041093862161	0.00258693524403634	0.0336306468266553	0.251481965973055	0.561105961238973	0.149991424119091	0.00100320703740208	
1.07729229437306e-05	9.30388799685822e-06	0.000379500694608691	0.00455792576182928	0.0515107310554477	0.313592441717263	0.527765005335045	0.101705206798498	0.000469111826367904	
1.47044623631934e-05	2.35271397811094e-05	0.000676895417452334	0.00741693081599473	0.0762578319642662	0.372440994668652	0.476524570911535	0.0664636797328885	0.000180864887067278	
5.88939712204794e-06	7.01819823710713e-05	0.00107137949311922	0.0123726417872357	0.107807377451462	0.424413514203263	0.413564753921357	0.0406054300241465	8.88317399242231e-05	
9.31178553487631e-06	0.000130855091463788	0.00190940612862516	0.019660119827977	0.147702071872282	0.463077545119277	0.343653405540512	0.0238195473982136	3.77372361150251e-05	
6.8654744606802e-06	0.00024911864471611	0.00340625611456319	0.0308147013346973	0.19470975961522	0.486038322097657	0.271765883397763	0.0129914392437386	1.76540771846062e-05	
4.75135242103448e-05	0.000495708108256381	0.00560855517740668	0.0468757653596039	0.24548719486031	0.488428252619122	0.206203306941285	0.00685027459878013	3.4288110254888e-06	
7.76940026622489e-05	0.000958389944232425	0.00895005406617464	0.0685556143997474	0.29791962014517	0.471076440572202	0.148934485761591	0.00352770110822135	
4.92090627346657e-07	0.000141722100675837	0.00183648222125772	0.0143665858653857	0.0974885662742736	0.348246139795074	0.434256692186487	0.102005466142689	0.00165785332353089	
1.97272802146723e-06	5.91818406440168e-06	0.000301827387284486	0.00307400343945131	0.0228042427461558	0.132660534441612	0.392402235298121	0.381608453928663	0.0663482683640019	0.000792050300619091	4.93182005366807e-07	
2.0207177786693e-05	3.30214856514252e-05	0.000542636652271928	0.00488471558643694	0.0347982387226698	0.17469499482992	0.422356630073603	0.321165983729772	0.0411496997016238	0.000353872040264527	
2.66663901263246e-05	8.49373907727377e-05	0.000934311298500114	0.00790905378265213	0.0509979896504777	0.220054508076706	0.437621634541074	0.257725228528494	0.024509869280368	0.000135801060828505	
4.93736459277604e-07	6.17170574097005e-05	0.000142689836731228	0.00165944823963203	0.0125769488271784	0.07288537611856	0.267615529394106	0.433202888160792	0.198130516270591	0.0136750187126118	4.93736459277604e-05	
7.89069805060305e-06	8.03864863905185e-05	0.000281106118052734	0.00284706249038321	0.0194767086320291	0.101598162256424	0.313695194170352	0.410090920568288	0.144767678122645	0.00713762955539862	1.72609019856942e-05	
7.91108728994827e-06	0.000124105181861064	0.000488509640154306	0.00480598552864357	0.0299657153254572	0.135405181168843	0.352138317450177	0.372895032727179	0.100676496851882	0.00349175615260092	9.88885911243534e-07	
1.57969382571732e-05	0.000157969382571732	0.000812555011603345	0.00785947043726419	0.0434040624788654	0.174192838161849	0.380396197084576	0.324782582295878	0.0667183687291709	0.00165867851700318	1.48096296160998e-06	
2.12201382072536e-05	0.000294614476970475	0.00148392919974911	0.0122440197455853	0.0621069031083555	0.214696969024027	0.396523450473431	0.269359551554326	0.042540455206509	0.000728887072839852	
4.43589904090934e-06	4.14017243818205e-05	0.000446547170118207	0.00277194402289712	0.0190674655885132	0.0859529370826866	0.257064292442066	0.396165707444572	0.212771347640915	0.025397986397562	0.000315934587246987	
4.4374497089033e-06	7.44505451160442e-05	0.000831282245467885	0.00479047348574494	0.028666418169483	0.115636488064246	0.298007782300689	0.37677103548382	0.160289065335037	0.0147954434294189	0.000133123491267099	
1.32578389427905e-05	0.000144854166226785	0.00134640719930116	0.00798662038535137	0.0424388334869442	0.149284248557964	0.331521101323771	0.343298481584616	0.115887261230003	0.00803719658576275	4.17376411161922e-05	
3.23586673916316e-05	0.000296621117756623	0.00233031433503674	0.0128880649958154	0.0592423463171669	0.18723411348773	0.353404695634865	0.299826096676912	0.0806667258274626	0.0040664058688817	1.22570709816786e-05	
5.39816364287712e-05	0.000654650027236189	0.00375221447394895	0.0198382513875734	0.0810465567077091	0.226742502686813	0.360853989488303	0.252037316033037	0.053001133614365	0.00201400578094252	5.39816364287712e-06	
9.3126664026444e-06	9.94984884072008e-05	0.00101998204125805	0.00588266432444938	0.0298250395053112	0.107517184320215	0.26359502252685	0.356576114873211	0.201650596598818	0.0329624278023284	0.000855785028369323	6.3718243807567e-06	
1.0269300171644e-05	0.000171155002860734	0.00185825431677368	0.00949323448724406	0.0424718694527441	0.138873213264024	0.296445844112023	0.337171932535588	0.153494251636975	0.0196236545994239	0.000384854249289707	1.46704288166343e-06	
2.45516620984207e-06	1.96413296787366e-05	0.000395281759784574	0.00294619945181049	0.0149509801514543	0.0594287712089533	0.173517398780863	0.320129122101308	0.305242467304552	0.11237492155744	0.0107953658246756	0.000197395363271303	
5.88782226627186e-06	7.70323413170568e-05	0.000812028820889993	0.00482457969535426	0.0226254290137162	0.0812730453043391	0.208336665677185	0.332139413818228	0.265529989868039	0.0784606288684832	0.00582992534732018	8.53734228609419e-05	
2.92784187311612e-06	1.80550248842161e-05	0.000181526196133199	0.00150686261736376	0.0077963549344627	0.0328933274971685	0.106706660986653	0.243009411547701	0.332961497415448	0.220105392547959	0.0519130762785763	0.00287172490388139	3.3182207895316e-05	
1.51694649436112e-05	5.23591209343999e-05	0.00036896053443493	0.00247653748643923	0.0118620322483251	0.0461000039636344	0.136817808364639	0.271635694044615	0.320241106411839	0.175834650874764	0.0332074267743014	0.00137357058376505	1.4680127364785e-05	
2.64645688431651e-05	8.62548910443899e-05	0.00065671337499706	0.00426912702208909	0.0176102102266935	0.0629959656235052	0.168363666303351	0.29509660547797	0.297650436371335	0.132446345537094	0.0202473555034541	0.000547424507366952	3.43059225744733e-06	
4.89857740413606e-07	4.31074811563974e-05	0.000153325472749459	0.00122317477781278	0.006710561185926	0.0253638540831357	0.084300108405518	0.200101988381554	0.308651524510767	0.26419497513727	0.0968845537567435	0.012133776230045	0.000238560719581426	
1.07552587104151e-05	2.93325237556777e-06	9.58195776018804e-05	0.000381811684219738	0.00230846961957183	0.0100488337632992	0.036245710729495	0.110111849801834	0.229983119132579	0.311183366894629	0.225113920189136	0.0679668796696767	0.00645217747545723	9.43529514140965e-05	
9.29376667069397e-06	1.17394947419292e-05	0.000161907198315774	0.000686760442402859	0.00383001015955441	0.0148670917994249	0.0508941337255629	0.138653215814469	0.258110401143427	0.3009194470111	0.183427648760187	0.0451784672230861	0.00321417583121737	3.57076298400347e-05	
3.279942077202e-05	3.91634874889791e-05	0.000217846899157447	0.0012517629688665	0.0059797749959735	0.0217935017004297	0.0680680994302202	0.168981147186666	0.280383155979848	0.27959596988132	0.143909172039816	0.0282099495819053	0.00152199103254045	1.56653949955917e-05	
4.79666778425763e-05	4.40510306717537e-05	0.00038373342274061	0.00215850050291593	0.00929574638353275	0.031522917548707	0.0896761515061782	0.199298609700526	0.291544894118453	0.251016966988647	0.107435079793548	0.0168328777314698	0.000733204932736523	9.29966203070357e-06	
9.76322233200423e-07	4.44226616106193e-05	8.2987389822036e-05	0.000725895580384515	0.00364314641318738	0.0140190109465249	0.0448004983148678	0.115524304565673	0.227599750842566	0.291831014242589	0.215060844401573	0.076547568371846	0.00979055935453385	0.000327556109238742	1.46448334980063e-06	
7.3351103860762e-06	5.96588978067531e-05	0.000177509671343044	0.00122691946391101	0.00586026419111581	0.020379381689315	0.0606090391054295	0.143740290147626	0.251042685941381	0.281879000997086	0.177368837223631	0.0522885788908237	0.00523677980829934	0.000123718861845152	
5.86534631204131e-06	7.33168289005164e-06	9.77557718673552e-05	0.000360230019331204	0.00206606823841655	0.00868999934014854	0.0296346622415887	0.0798654880579105	0.172756932717146	0.267069746299333	0.261675582807692	0.140893927655841	0.0342409142119785	0.00259639330079695	3.91023087469421e-05	
8.29776277672429e-06	3.41672584923941e-06	0.000184503195858928	0.000603296164237131	0.0034045232569207	0.0130787384471957	0.0412882032659018	0.102353391954587	0.198822205789398	0.27483996300174	0.2353582315027	0.107582446815001	0.0211949266502176	0.00125784321621285	2.0012251402688e-05	
4.89077672870617e-06	2.39648059706602e-05	0.000262145632658651	0.00111460801647214	0.00560091750971431	0.0194721384676707	0.0556531265512932	0.126537599068796	0.224168262282574	0.273844370593716	0.202373004868768	0.0779839240168927	0.0123765995896638	0.000580535197697422	3.91262138296494e-06	
1.07496093494239e-05	5.42366653539113e-05	0.000526242239514978	0.00188802229664427	0.00843990919511811	0.0277857856938335	0.0725168646712134	0.15344236694671	0.242764779979928	0.263207605250891	0.167847332093545	0.0540421951484081	0.00718220490123552	0.00029170530825482	
1.81458118975713e-05	0.000153013332757899	0.000803319996978968	0.00320984699647579	0.0129296266180424	0.0377496643024799	0.0930021902485388	0.179410584795379	0.257618053219214	0.24227650490084	0.133245677618563	0.0358026677286054	0.00365466460164058	0.000126039828585833	
4.89586734941169e-06	2.54585102169408e-05	0.0003520128624227	0.00128516517922057	0.0053467767322925	0.0187046612084274	0.0504670902244706	0.11613437980866	0.204409805638962	0.26184518386185	0.21628864858884	0.100808356658061	0.0225298023685227	0.00174880381720986	4.89586734941169e-05	
1.12649511615389e-05	4.31006827050184e-05	0.000544146119150858	0.00223095011046999	0.00807892910476454	0.0263394149376191	0.0667076123152364	0.141341342223829	0.225048745402798	0.257225364164035	0.184840706243869	0.0733926261588819	0.0134155772724223	0.00076650645946993	1.37138535879604e-05	
1.95896650803935e-06	1.86101818263739e-05	0.000168960861318394	0.00100348059374316	0.00362947519776991	0.011995241670352	0.0361257911163807	0.0859540632148697	0.166322133432065	0.2405532513212	0.242407902862687	0.152774900545719	0.0509923879458914	0.00766886413734706	0.000382977952321694	
5.39012499699868e-06	3.0380704528538e-05	0.000289596715747838	0.00162634771500351	0.00563513067868044	0.0173581625357892	0.0482773895526637	0.107242416951649	0.189713779462546	0.249641189179177	0.222465158967036	0.120166466660362	0.0334050546632176	0.00400045277049975	0.000143083318102147	
2.55423073938103e-05	7.66269221814309e-05	0.000504951769246865	0.00246041187953069	0.00824181491847583	0.0248546298870539	0.0630998144253128	0.130218121481179	0.211854283101111	0.249733033767913	0.195266519241708	0.0910406427230457	0.0206155892561196	0.00195054812809271	5.74701916360732e-05	
4.51423406696179e-05	0.000191364270229902	0.00094602644359808	0.00385770741678844	0.0119818567044717	0.0338852148039399	0.0799323649974141	0.154485431290904	0.22949237437917	0.240619470676615	0.165001143278845	0.0661698392245724	0.012355262370228	0.00102355350692199	1.32482956313009e-05	
2.93555287224278e-06	0	2.44629406020232e-06	7.14317865579077e-05	0.000350309309420972	0.00155633228110071	0.00578891026406277	0.0173789622624893	0.0449819659201882	0.100670382424258	0.177416987457361	0.240657113725275	0.222708164946759	0.134845110445284	0.045692858974083	0.00742205617865383	0.000449628848265186	4.40332930836417e-06	
8.80408274663904e-06	0	1.32061241199586e-05	0.000169723150726875	0.000619220486513613	0.00252628263257726	0.00848028814784598	0.0247595262620897	0.0600859082829789	0.122936298548402	0.199045148314556	0.242771603507155	0.19887004489104	0.105148138474526	0.0304513657577919	0.0039642828145283	0.00015015852240101	
1.32134595235031e-05	4.89387389759373e-07	2.59375316572468e-05	0.000252523893115837	0.00104386330235674	0.00385930895564242	0.013197309739641	0.0337085140192359	0.0770178298507711	0.146217206762746	0.215893246992347	0.235932681828214	0.172513459376687	0.0787527081474681	0.0195373233739737	0.0019634222077146	7.09611715151091e-05	
8.81857112692031e-06	5.87904741794687e-06	5.38912679978463e-05	0.000466404428490452	0.00182446438203618	0.00600152757248743	0.0187463225333599	0.0451491244873593	0.0958176946589344	0.169211232703965	0.22789343442682	0.2215538616278	0.143427200490704	0.057356966450726	0.0114376867516156	0.00102589377443173	1.95968247264896e-05	
1.22597938589221e-05	2.64811547352718e-05	0.000111318928239013	0.000681154146801714	0.00297079324789401	0.00928654865225634	0.0262928443015988	0.058515505696881	0.117377718364092	0.189534451491919	0.231345742860141	0.202261098300989	0.115245004624394	0.0393514863283683	0.00654084521961214	0.000443804537692981	2.94235052614131e-06	
5.38490308153527e-06	1.90919291072614e-05	5.33594941715767e-05	0.000236446198943776	0.00122188346286473	0.0047881579127724	0.013997810792129	0.0356514851562699	0.0757592223808321	0.138006743856805	0.205920651984484	0.228590604421103	0.176961132748631	0.089230781280902	0.0256859876989232	0.0036592864122251	0.000210990293467427	9.79073287551866e-07	
3.90409207410748e-06	2.87926790465426e-05	6.39295077135099e-05	0.000436770300790774	0.00209064130568455	0.00727429955708075	0.020142187033339	0.046469919946592	0.0945185571256513	0.161928074911719	0.216477025394167	0.21790592309329	0.149090932160544	0.0657249020560901	0.0157876603361814	0.00195839018667416	9.80903133619503e-05	
2.91942105934113e-06	6.37406931289479e-05	0.000128941096787566	0.000935674449518831	0.00329505323564302	0.0108320252705087	0.0283081663019012	0.0604860252179591	0.11406859277093	0.180847916652475	0.221973801115413	0.200945211224979	0.120955507049915	0.0467603671074668	0.00932900999512457	0.00102033766023972	4.6710736949458e-05	
1.55619391926952e-05	7.92686277627913e-05	0.000231483845491341	0.00134805298256722	0.00545300075524036	0.01557312433649	0.0386242467656698	0.0764397590039192	0.135615978026542	0.196888195734181	0.219826980414813	0.178129736969186	0.0943355027649189	0.0316456896589455	0.00528911408311729	0.0004902010845699	1.410300739338e-05	
3.87754518430699e-06	4.70152353597223e-05	0.000130867149970361	0.000409565710092426	0.00227902718207643	0.00778271787805217	0.0213391005355375	0.0499263024068408	0.0944855975854526	0.158881929233831	0.207705554728884	0.210668483942843	0.151528164791793	0.0712939998381125	0.0204506579951831	0.00287083751583129	0.000193392566067311	2.90815888823024e-06	
2.41495494660052e-05	0.000103843062703822	0.000321189007897869	0.000756363889275282	0.00368667022148035	0.0115516954915689	0.0295474567626466	0.0629636713497473	0.113502399499235	0.178130457798179	0.211339952241851	0.197155472867498	0.125267577008083	0.0513013709216241	0.0127553090369546	0.00149534010293504	9.65981978640206e-05	4.82990989320103e-07	
3.6204354756335e-05	0.000126956604012215	0.000465829364531511	0.00138735087426276	0.00570821993324882	0.0162263090770593	0.0394149569361268	0.0791224450586848	0.134833706157733	0.192426628254651	0.21145032714255	0.176284313280626	0.0988644383449493	0.0353402774894838	0.00754450480649014	0.000737603387569066	2.9928933265237e-05	
4.28570740656917e-05	0.000265328627080855	0.000802727443455147	0.00235136059171655	0.00828200917815541	0.0234649703612033	0.0522341055632334	0.0978590724573476	0.156433617281513	0.200286516394035	0.202328246664131	0.152499434190314	0.0746257229121623	0.0238299778009987	0.00431122903494537	0.000371267461849981	1.15569637929955e-05	
