# <P(U)> as a function of N_tot.
# number_of_species: 1
# species_total_upper_bound: 103
# species_total_lower_bound: 0
# volume: 729
# Bin widths for each
10	10	10	10	10	10	10	10	10	10	10	10	10	10	10	10	10	10	10	10	10	10	10	10	10	10	10	10	10	10	10	10	10	10	10	10	10	10	10	10	10	10	10	10	10	10	10	10	10	10	10	10	10	10	10	10	10	10	10	10	10	10	10	10	10	10	10	10	10	10	10	10	10	10	10	10	10	10	10	10	10	10	10	10	10	10	10	10	10	10	10	10	10	10	10	10	10	10	10	10	10	10	10	10	
# Bin lower bound for each
0	0	0	0	-10	-10	-10	-10	-10	-10	-10	-10	-10	-20	-20	-20	-20	-30	-30	-30	-30	-30	-30	-30	-30	-30	-30	-40	-40	-40	-40	-50	-50	-50	-60	-60	-60	-60	-70	-70	-70	-70	-70	-70	-80	-80	-80	-80	-90	-90	-90	-90	-90	-110	-110	-110	-110	-120	-120	-120	-120	-130	-130	-130	-130	-130	-140	-140	-150	-150	-160	-160	-160	-160	-180	-180	-180	-180	-190	-190	-200	-200	-200	-200	-200	-210	-210	-220	-220	-220	-220	-250	-250	-250	-250	-250	-260	-260	-260	-260	-270	-270	-270	-270	
# Bin upper bound for each
0	0	0	0	0	0	0	0	0	0	0	0	0	0	0	0	0	0	0	0	0	0	0	0	0	0	0	0	0	0	0	0	0	0	0	0	0	0	-10	0	-10	-10	-10	-10	-10	-10	-10	-10	-10	-10	-10	-20	-20	-10	-20	-20	-20	-20	-20	-20	-30	-30	-30	-30	-30	-30	-30	-30	-40	-40	-40	-40	-40	-50	-50	-50	-50	-50	-50	-60	-60	-60	-60	-70	-70	-70	-70	-80	-80	-80	-80	-80	-90	-90	-90	-90	-90	-100	-100	-100	-100	-110	-110	-110	
# Normalized histogram for each
1	
1	
1	
1	
2.56051783912779e-06	0.999997439482161	
2.68585131894484e-05	0.999973141486811	
0.000115582205448967	0.999884417794551	
0.000483705452133607	0.999516294547866	
0.00149229227208525	0.998507707727915	
0.00363558898076842	0.996364411019232	
0.00778497742337314	0.992215022576627	
0.0164360005796038	0.983563999420396	
0.0315971045702108	0.968402895429789	
6.40314727494858e-06	0.0564520673201292	0.943541529532596	
3.52822160310843e-05	0.094374795924455	0.905589921859514	
9.33982870110036e-05	0.146344165602248	0.853562436110741	
0.000235615815824604	0.21421996317938	0.785544421004795	
6.4487671247011e-07	0.000517191123401028	0.299071248558701	0.700410915441186	
2.57834793645146e-06	0.00110997878664235	0.394995168820554	0.603892274044867	
3.86795822089394e-06	0.00210481393186978	0.495532508254867	0.502358809855042	
1.28647394858092e-05	0.00423635871267698	0.594917656018736	0.400833120529101	
1.9296923041298e-05	0.00796834275451998	0.684391748121123	0.307620612201316	
6.17942342117341e-05	0.0146078994916781	0.760219060560281	0.22511124571383	
0.000101981210930062	0.0261736714204111	0.81550759856839	0.158216748800269	
0.000221799113190406	0.0442508573760778	0.84877684881489	0.106750494695842	
0.000561645964435107	0.0712651994230071	0.860192713562493	0.0679804410500652	
0.00125202623772243	0.10777101272216	0.849803939528616	0.0411730215115008	
1.93986295514843e-06	0.00251406238987236	0.158327734673304	0.815669049033916	0.0234872140399521	
2.85104643123503e-05	0.00466340481036329	0.22265571087279	0.759807113749625	0.0128452601029098	
7.52711057584991e-05	0.00864060383000151	0.296981498881316	0.687376386675457	0.00692623950746741	
0.000204865955427392	0.0151892546509758	0.379907058280474	0.601070230124112	0.00362859098900985	
6.50348554307681e-06	0.000478006187416146	0.0258877745527716	0.4642305043388	0.507661431144022	0.0017357802914472	
2.07822436510246e-05	0.000863762001745709	0.0413651076520221	0.542945207614614	0.414001127436718	0.000804013051249013	
1.69017746863421e-05	0.00170122862900605	0.0647181954105181	0.609801729181564	0.323411558213612	0.000350386790613014	
3.25584424041154e-06	5.33958455427492e-05	0.0034153806081917	0.0978941199453018	0.65728006772156	0.241202708862408	0.000151071172755095	
4.57444583856127e-06	0.000132658929318277	0.00644278021748223	0.14052632266834	0.680005097239649	0.172829098703471	5.94677959012965e-05	
5.86717115646507e-06	0.000305744808042457	0.0110622252615617	0.193161616444768	0.676718217370868	0.118722208351071	2.41205925321342e-05	
1.89361290895509e-05	0.000660152638259861	0.018545653048325	0.256734079286225	0.646972439443565	0.0770661275746606	2.61187987442082e-06	
2.60790024259992e-06	6.78054063075979e-05	0.00122375718884001	0.0302183920860659	0.327515107892093	0.592945238658731	0.0480270908677201	
5.21720189723547e-06	8.73881317786941e-05	0.00235817525755043	0.047101550878479	0.397917945152861	0.524058800473983	0.0284696186029768	1.30430047430887e-06	
1.76629323738654e-05	0.00018513369858533	0.00424760814457437	0.0718070161092485	0.462056423256194	0.445916428162564	0.0157697276964592	
2.22767784895427e-05	0.000343324468485893	0.00707353236979714	0.105175878442172	0.516633218738964	0.362295110967841	0.00845665823425081	
3.93312636348381e-05	0.000731561503607988	0.0123624716814902	0.145833770347374	0.554576061419701	0.282150685937238	0.00430611784695419	
0.000125542098669517	0.00145063566368389	0.0209569857276381	0.195978446196337	0.569379427659488	0.20998986461172	0.00211909804246346	
6.56744569707525e-07	0.000202934072039625	0.00258560337093853	0.0334624493157378	0.252490703780616	0.560083590448832	0.150152824461371	0.0010212378058952	
7.23031579390182e-06	0.000370060708360611	0.00449594182093531	0.0516297131799455	0.315137914987262	0.526261821566323	0.101588566110064	0.000508751311316364	
7.8888046685946e-06	0.000639650578545212	0.00733132913868058	0.0759073933219954	0.373632853715923	0.475812596185894	0.0664750125399124	0.000193275714380568	
5.0067558264474e-05	0.000994763328675733	0.0123324301409336	0.107437074631625	0.425825900606674	0.412878166526016	0.0403952965481712	8.63006596400801e-05	
1.9722387671141e-06	0.00011044537095839	0.00188940473889531	0.0194804597157084	0.147568163858856	0.464810001091305	0.342245880321922	0.0238542278882451	3.9444775342282e-05	
7.23991907086828e-06	0.000246815422870509	0.00346857940940689	0.0307380636770628	0.194779491810335	0.487204430303932	0.270595924320468	0.0129410262519466	1.84288849076647e-05	
6.2394258151974e-05	0.000522798205147067	0.00557476277046269	0.0464830655415559	0.246107911854646	0.489525646010445	0.204784523071426	0.00693430081651097	4.59747165330335e-06	
9.68875372967586e-05	0.000941852318347402	0.00885169813534332	0.0684948751765561	0.299233533897127	0.470835862625336	0.147893882441803	0.00365140786819077	
0.000157729331188038	0.00182147679530957	0.014281434003804	0.0972219839050087	0.349658209118735	0.433966186527143	0.101174456559758	0.00171852375905294	
2.64439207079038e-06	5.28878414158075e-06	0.000288238735716151	0.00301064037259484	0.0224905545620721	0.132114488954705	0.393798239495979	0.381735183967051	0.0657376035857957	0.000816456051856529	6.61098017697594e-07	
1.51919469470792e-05	2.97233744616767e-05	0.000530397104282808	0.00471346667018944	0.0345418637216307	0.173807101904938	0.423416074400909	0.321885650875849	0.0406946022351978	0.000365927765594864	
1.91523942804346e-05	8.05721414556216e-05	0.00095497800446581	0.00766888284084162	0.0504949573066714	0.219090182020393	0.438124227712722	0.259008394692541	0.0244311904005558	0.000127462486073237	
5.14532237423645e-05	0.000158317611514968	0.00166035595076322	0.0122518041611146	0.0720556222541789	0.266626647492645	0.434451891235801	0.198940591316279	0.0137512038735042	5.21128804570102e-05	
8.56202163820453e-06	7.24478754001922e-05	0.00025290894685158	0.00281822235306748	0.0192197627266219	0.100912645644928	0.313024876624561	0.411499980570797	0.145034718997743	0.00713743296101712	1.84412773745944e-05	
1.05705940607796e-05	0.000114955210410978	0.000483604678280666	0.0048690798892466	0.0295276331845302	0.134784984206872	0.351421381537004	0.373671160710687	0.1016891148647	0.00342619379995019	1.32132425759745e-06	
1.78011258223131e-05	0.000135156696058303	0.000838630816517862	0.00797951947509095	0.0425684255497581	0.173850409887405	0.379417810883476	0.326119262268602	0.0674504436436136	0.00162056175078688	1.9779028691459e-06	
1.5164111953342e-05	0.000263064376929716	0.00149992846495013	0.0125288530195373	0.061292681206193	0.214152204169603	0.395484654907667	0.270989273698375	0.0430542103816148	0.000719965663176064	
5.2630159318071e-06	2.76308336419873e-05	0.000430909429416707	0.00282295017042303	0.0190896166616558	0.0850950730934231	0.255812836627433	0.395892610791419	0.214641578746889	0.02588022296767	0.000301307662095957	
3.9488206518055e-06	4.80439845969669e-05	0.000807533823294225	0.00489258878758701	0.0287329353360874	0.114559235929529	0.29696447575128	0.377142646539089	0.161488994965912	0.0152286268436879	0.000130969218284882	
1.11252248767881e-05	0.000111252248767881	0.00135858628495366	0.00800296323636718	0.0421076673086576	0.148033551060528	0.332517919792364	0.342928512577067	0.116659108058	0.00823004870885221	3.92654995651346e-05	
2.47640894635316e-05	0.000247640894635316	0.00235454355872999	0.0128147646108128	0.0587899483864241	0.186186851571868	0.354164277149262	0.299816876075283	0.0813422136489234	0.00424378291017152	1.43371044262551e-05	
4.50138955938572e-05	0.000600837649883225	0.00371723445063476	0.0197924141800295	0.0798716125412627	0.225869942460499	0.361847135420064	0.252641467583471	0.0535580548778101	0.00205106793836358	5.21900238769359e-06	
1.23956077794834e-05	0.000101774463873654	0.00102687824446879	0.00591988131531751	0.0297142290486502	0.106420859589731	0.262989781452387	0.357553263600428	0.202179539287879	0.0332404532617085	0.00083246292245373	8.48120532280446e-06	
1.37003907220954e-05	0.00017158108380529	0.00188739192185819	0.00955047713241689	0.0422937585586667	0.13752582686751	0.296102630279299	0.338289395310422	0.15420637877144	0.0195791631409907	0.000377739344194916	1.95719867458506e-06	
3.28100997361412e-06	2.55918777941901e-05	0.00036484830906589	0.00305265167945058	0.0152146994496434	0.0594558379338561	0.171540388248472	0.320139954761434	0.306329527580498	0.112864774486341	0.0108194584889899	0.000188986174480173	
7.88424871651001e-06	9.98671504091268e-05	0.000735863213540934	0.00509913785740285	0.0231146461746282	0.081134175458699	0.205122527795262	0.332738948582872	0.266871306722242	0.0789548377093104	0.00605576003500606	6.50450519112076e-05	
3.92415138591217e-06	2.41989335464584e-05	0.000218444427149111	0.00146240041648327	0.0079928423478721	0.03386411840996	0.106695714107259	0.240682593053075	0.332471110070484	0.221465369691032	0.0520904935470601	0.00300851606253266	2.02747821605462e-05	
2.03231378924906e-05	7.01476049837579e-05	0.000420230044809241	0.00244992149368508	0.0122673082659446	0.0472244166112151	0.136678347007746	0.269201595694117	0.320149735635311	0.176817199930508	0.0332663543896339	0.00142458640775426	9.83377639959223e-06	
3.54447229699527e-05	8.33607373552592e-05	0.000699705086777215	0.00436757753040862	0.0180958438436783	0.0642868817111137	0.167855049461798	0.292073050261274	0.298281127851085	0.133405404270039	0.0202264655244276	0.000587463464039031	2.62553503481131e-06	
5.7085040963438e-05	0.000160756724552211	0.00127883614756024	0.00693550440210965	0.0260904883198757	0.0852266538586207	0.197904650921694	0.307194289921144	0.26514295537787	0.0975616157559962	0.0122050442179415	0.000242119311672513	
1.4386607376406e-05	0	0.000112477112215538	0.000385168715668323	0.00241171854564478	0.0102386868951086	0.0370206643996861	0.110740910279885	0.226757781846717	0.31072586973581	0.226579911064609	0.0683998168977243	0.00650536228093121	0.000107245618624117	
1.24308615110432e-05	3.27127934501136e-06	0.000187771434403652	0.000695473988749416	0.00389413093230153	0.0153645448276494	0.0519256712992344	0.13855896219317	0.255080623950737	0.300432332278237	0.184965330981502	0.0456271500483495	0.00320912503745615	4.318088735415e-05	
3.93477455381296e-05	1.9018077010096e-05	0.000250513979926092	0.00122699386503067	0.00607594770684618	0.0226413485783987	0.0690211920399511	0.168849701448981	0.276896643309408	0.280089712859827	0.144913812042378	0.0284385830876832	0.00152341354808458	1.37717109383454e-05	
6.28098784236291e-05	4.05647131485938e-05	0.000418078253257281	0.0021767548491189	0.00971524879908821	0.0328678859634316	0.0907105498350586	0.198894676993658	0.288203781416389	0.251584313756279	0.107773900140145	0.0167591149564714	0.000784469210728451	7.85123480295363e-06	
1.30306742070835e-06	5.73349665111673e-05	9.05631857392301e-05	0.000748612233196946	0.00368181699721144	0.0149207735008209	0.0467983633473196	0.116461650725809	0.22682103672044	0.288422897500717	0.214665372286362	0.0771748195251622	0.00979124859920252	0.000362252742956921	1.95460113106252e-06	
9.77579539129902e-06	6.25650905043137e-05	0.000185740112434681	0.00130343938550654	0.00596649378715617	0.0214448364900463	0.062817957745102	0.144746943760501	0.248755541246688	0.279548645009587	0.17680633888642	0.0529261562484929	0.00528609842792176	0.000139468014249199	
7.80553802923174e-06	9.75692253653967e-06	0.000104073840389757	0.00035905474934466	0.00224669402941387	0.00902970657681625	0.0309287939793283	0.08244859727977	0.172700130742762	0.264164124446295	0.259934173295953	0.140970618653935	0.0343996565563267	0.00265908662195828	3.77267671412867e-05	
1.10556162530566e-05	4.55231257478799e-06	0.000162582591956714	0.000617163519067686	0.00365290567608345	0.0135886530357422	0.0435012486343062	0.104634904531502	0.198381978044847	0.271577961604495	0.233812626814422	0.107642032152333	0.0210628999531762	0.00132277196815983	2.66635450809011e-05	
6.51248997890604e-06	2.08399679324993e-05	0.000223378406276477	0.0010673971075427	0.00581304855517154	0.0201255477818134	0.0582105891784559	0.129407734623848	0.22281247089731	0.270705973451183	0.200788532286646	0.0778294652399104	0.0123717772129278	0.000611522809019278	5.20999198312484e-06	
1.43144174812872e-05	3.70873543833349e-05	0.000506209854565518	0.00194936339881529	0.00855937099846966	0.0286952018072603	0.0753289713399336	0.155739560885724	0.240725558782806	0.26056013616915	0.166836487710422	0.0535261615499131	0.00719624806104709	0.000325327670029253	
2.28788375981666e-05	0.000113086825842366	0.000820369748162829	0.00339260477527098	0.0130958466411905	0.0391018944984893	0.0957649310562571	0.180519911779202	0.255506282528804	0.239881343811405	0.132450166623306	0.035548484178957	0.00363512045381155	0.000147078241702499	
6.5263714353775e-06	2.8716034315661e-05	0.000348508234649159	0.00138359074430003	0.0054475622371096	0.0192854275915405	0.0521496235915275	0.119185900427151	0.204360268755976	0.25949962310205	0.213528515348394	0.100238538875963	0.0227404886294294	0.00174710963325056	4.9600422908869e-05	
1.50209084514815e-05	4.63688913067472e-05	0.00054858969996715	0.00234195555247881	0.00816680261677287	0.0274079332601445	0.0686429392913658	0.144043981219946	0.225577472294587	0.253916048795748	0.18220035410159	0.0728455282428998	0.0134678771341935	0.000766719414001707	1.2408576546876e-05	
2.61453629891471e-06	2.48380948396897e-05	0.000154257641635968	0.00102882003362294	0.00377016134303501	0.0122674043145078	0.0371682480253715	0.0882222983342789	0.168279399807047	0.240721664309226	0.238522839281839	0.151067253717217	0.0507350768804399	0.00764686504025079	0.000388258640388834	
7.19012051295627e-06	2.28776561775881e-05	0.000321594481124953	0.00175831128907749	0.0058998207045403	0.0176282145558107	0.0495902611778594	0.109156487743786	0.191537620344642	0.248784052574161	0.218731963419281	0.119040288859823	0.0334301385013305	0.0039408396884194	0.000150338883452722	
3.40633591581634e-05	7.40222997090858e-05	0.000551564392522569	0.00262615397817456	0.00847457071979153	0.0249330687745772	0.0644622869484274	0.13142037001979	0.213005390526587	0.248833493714983	0.191979127021611	0.0909229663683284	0.0206882501717907	0.00193178550302738	6.28862015227632e-05	
6.01515557676842e-05	0.000202684590086762	0.000940194969499238	0.00405369180173524	0.012100923849438	0.0339810522599332	0.0818969969989604	0.155249203972618	0.230611257494426	0.239418229844325	0.162294781852537	0.065776380053221	0.0124173733384767	0.000981385708774935	1.56917102002655e-05	
3.9156771967928e-06	0	0	8.94079626601022e-05	0.000366768430766259	0.00154865033133155	0.00595182933912505	0.0175115610369235	0.0456874689193123	0.102387779954604	0.177838311246739	0.241156769357477	0.221094144626842	0.132980965893146	0.0454988638010001	0.00742803964231594	0.00044965026476504	5.8735157951892e-06	
1.1739132986768e-05	0	1.23913070415885e-05	0.000183913083459366	0.000622174048298706	0.00249847880401713	0.00882326278766582	0.0249110923719766	0.0611797959086513	0.125096766325384	0.199341565074253	0.242722226678745	0.196543738379074	0.103436109442632	0.0305028327180071	0.00396065303492457	0.000153260902882805	
1.76067474272955e-05	0	2.02151544535616e-05	0.00027779534829733	0.00104597121753267	0.00388000545157069	0.0136660965123642	0.0341029655631583	0.0782196057001519	0.148145129158534	0.215951974009832	0.235302441534187	0.169861421855712	0.0780285398854779	0.0195454459495678	0.0018610984132408	7.36874984920147e-05	
1.17612159529133e-05	1.96020265881889e-06	4.50846611528344e-05	0.000433858188485247	0.00182102827004275	0.00610799148487965	0.0196275092227535	0.0450069064473679	0.0973038065828832	0.171273360715186	0.227310327523728	0.220454192024066	0.141153540060662	0.0569987729131356	0.0114417029195258	0.000982061532068262	2.61360354509185e-05	
1.63906051673677e-05	3.01587135079567e-05	9.24430131439541e-05	0.000620220499533196	0.00294834205750611	0.00974126446307	0.0272431526607853	0.0577145989153353	0.119343929968845	0.191663213712511	0.23075349578827	0.200769833943501	0.113062394444503	0.0390240640308825	0.0065431295828132	0.000429433855385035	3.93374524016826e-06	
7.2060504620061e-06	2.55487243652943e-05	5.63382127029568e-05	0.000198493935453441	0.0011490375009417	0.00479333374822715	0.014800572553464	0.0359208513621073	0.0758456463991038	0.14000766461731	0.207228978804385	0.227431468822368	0.175715609943039	0.0876340898594493	0.025308304318062	0.00368098159509202	0.000194563362474165	1.31019099309202e-06	
5.22826268098775e-06	3.85584372722847e-05	5.68573566557418e-05	0.000423489277160008	0.00195144904567868	0.00739472402942205	0.0210698986043806	0.0464589957160923	0.0953073074773959	0.163166235879606	0.217211440745812	0.217789163772061	0.147260553738371	0.0640978469360747	0.0157605978518376	0.00190112701737417	0.000106525852125125	
3.90538044263582e-06	8.52674729975487e-05	0.000110652445874682	0.000975043317178076	0.00306702544095	0.01108281879946	0.0289694612267321	0.0604474784911172	0.115572574335662	0.181243499168805	0.222302065555716	0.201161590322988	0.118901260266269	0.0458420065323997	0.00923882833379547	0.000948356550820065	4.81663587925084e-05	
2.08281263017579e-05	0.00010348975256186	0.000215440931433808	0.00138376864117304	0.00527797738065484	0.0159764746313422	0.0391106650420728	0.0765557308589519	0.137201376739149	0.197308094851287	0.220178679288511	0.177392500833125	0.0924358754061485	0.0311178715737732	0.00522460530700658	0.000478396025993502	1.82246105140382e-05	
5.19057858081796e-06	6.29357652924177e-05	0.000154419712779334	0.000327655272914134	0.00233511153904548	0.0075438571448963	0.0218205435314361	0.0504576143841314	0.0948441982956735	0.159508426255504	0.208673586573011	0.210869201312697	0.150685091490436	0.0695148236436045	0.0201913506793819	0.00280096596667389	0.000204379031619707	6.48822322602245e-07	
3.22790771540958e-05	0.000138800031762612	0.000291802857473026	0.000755330405405842	0.00367594130630843	0.0112486128066593	0.0296922319109666	0.0631197986302051	0.113735973934	0.178751845556236	0.212141968545976	0.197746145716792	0.124700530861703	0.0497272095189707	0.0126340307981131	0.0014958124353208	0.000111685606953171	
4.84401621905804e-05	0.000164050682618766	0.000375895658598904	0.00147451853708127	0.00543821554192916	0.0157262601223792	0.038890991550744	0.0790620951209777	0.135326312308581	0.192480536742832	0.213763852271714	0.176403569846193	0.0983735731142891	0.0341225419847032	0.00753858097451272	0.000775688463878494	3.48769167772179e-05	
5.74300998251286e-05	0.000311671215904911	0.000518806744487678	0.00241270947467591	0.00758464486904001	0.022845564654032	0.0510153512592679	0.0978408863593834	0.157358473520852	0.200093565892974	0.204955765917494	0.15337256648018	0.0736086106432816	0.0232340244303773	0.00436275174064825	0.000418788031309084	8.38866626659181e-06	
