# <P(U)> as a function of N_tot.
# number_of_species: 1
# species_total_upper_bound: 103
# species_total_lower_bound: 0
# volume: 729
# Bin widths for each
10	10	10	10	10	10	10	10	10	10	10	10	10	10	10	10	10	10	10	10	10	10	10	10	10	10	10	10	10	10	10	10	10	10	10	10	10	10	10	10	10	10	10	10	10	10	10	10	10	10	10	10	10	10	10	10	10	10	10	10	10	10	10	10	10	10	10	10	10	10	10	10	10	10	10	10	10	10	10	10	10	10	10	10	10	10	10	10	10	10	10	10	10	10	10	10	10	10	10	10	10	10	10	10	
# Bin lower bound for each
0	0	0	0	-10	-10	-10	-10	-10	-10	-10	-10	-10	-20	-20	-20	-20	-30	-30	-30	-30	-30	-30	-40	-40	-40	-40	-40	-40	-40	-40	-50	-50	-50	-60	-60	-60	-60	-70	-70	-70	-80	-90	-90	-90	-90	-90	-90	-90	-90	-90	-90	-100	-110	-110	-110	-120	-120	-120	-120	-120	-130	-130	-130	-130	-130	-140	-140	-150	-150	-160	-160	-160	-170	-180	-180	-180	-180	-190	-190	-200	-200	-200	-200	-200	-210	-210	-220	-220	-230	-220	-250	-250	-250	-250	-250	-260	-260	-260	-260	-270	-270	-270	-270	
# Bin upper bound for each
0	0	0	0	0	0	0	0	0	0	0	0	0	0	0	0	0	0	0	0	0	0	0	0	0	0	0	0	0	0	0	0	0	0	0	0	0	0	-10	0	-10	-10	-10	-10	-10	-10	-10	-10	-10	-10	-10	-20	-20	-10	-20	-20	-20	-20	-20	-20	-30	-30	-30	-30	-30	-30	-30	-30	-40	-40	-40	-40	-40	-50	-50	-50	-50	-50	-50	-60	-60	-60	-60	-70	-70	-70	-70	-70	-80	-80	-80	-80	-90	-90	-90	-90	-90	-100	-100	-100	-100	-100	-110	-110	
# Normalized histogram for each
1	
1	
1	
1	
1.75480542498097e-06	0.999998245194575	
2.19131782347795e-05	0.999978086821765	
0.000109860193056311	0.999890139806944	
0.000480813652305169	0.999519186347695	
0.00140610553897791	0.998593894461022	
0.00356823755382512	0.996431762446175	
0.00768991424985322	0.992310085750147	
0.0162277673958448	0.983772232604155	
0.0313758387048695	0.968624161295131	
4.39061164293614e-06	0.0560830387598805	0.943912570628477	
2.68273728921271e-05	0.0939784862061125	0.905994686420995	
7.63748016131418e-05	0.146442280736995	0.853481344461392	
0.000221672016380767	0.215077936260022	0.784700391723597	
4.40983410645075e-07	0.000474939133264746	0.299911053646073	0.699613566237252	
1.76239248304358e-06	0.00101998464956147	0.395205058771383	0.603773194186572	
2.64488923644693e-06	0.00208990331166581	0.494921812666022	0.502985639133076	
1.05663892842724e-05	0.00420762426624131	0.594393738005497	0.401388071338977	
2.06981804537834e-05	0.00796791870107027	0.684365078910712	0.307646304207764	
6.0362846799976e-05	0.0146448197221723	0.760003930194113	0.225290887236915	
3.08614760603121e-06	0.000105369896834494	0.0260973459130588	0.815875143285425	0.157919054757076	
7.05126623113346e-06	0.000226521927675162	0.044225541801669	0.849205146014095	0.106335738990329	
6.16598840794179e-06	0.000546130401846273	0.0710101650723182	0.860608583055864	0.0678289554815637	
1.05790206559786e-05	0.00122099530071087	0.107727048924885	0.849972296189657	0.041069080564091	
1.7655429574257e-05	0.00246469796856627	0.15833830627933	0.815691439588417	0.0234879007341128	
3.71917896467798e-05	0.00464188955543857	0.222520248494286	0.759845087340933	0.0129555828196955	
8.0591559761077e-05	0.00879909276929869	0.29630328286619	0.687875974017635	0.00694105878711474	
0.00022455925263846	0.0154157490889184	0.379600364255482	0.601227059079901	0.0035322683230606	
4.44330695786323e-06	0.000485653450494451	0.0260933201100518	0.46461217039549	0.507160833493292	0.00164357924371361	
1.68505744272135e-05	0.000928555338173291	0.0419135867068479	0.543669593936631	0.412702051690467	0.000769361753453037	
2.22008797764638e-05	0.0018457811446152	0.065019272583734	0.610187628515343	0.322588107521525	0.00033700935500672	
2.22569628682637e-06	5.69778249427551e-05	0.0034636285615592	0.0979965172304504	0.657208050966664	0.241127484322195	0.000145115397901079	
3.1252553221982e-06	0.00014554760500523	0.0064634744713519	0.140759267386577	0.679577394046031	0.172995383104959	5.58081307535392e-05	
7.56482162150617e-06	0.000311492655003195	0.011074898853885	0.193303886894347	0.676729362721627	0.118549209609637	2.35844438788133e-05	
3.25469020922308e-05	0.000691956055440304	0.018710010223294	0.257182053549017	0.646373896136148	0.0770073078941396	2.22923986933088e-06	
1.78226671354028e-06	8.19842688228529e-05	0.00129303450067347	0.030475869668182	0.327218821805855	0.59333574830473	0.0475927591850229	
3.56038343549409e-06	0.000136184666407649	0.00238946233314597	0.0473851431429908	0.397959188214775	0.523965608476205	0.0281599626871816	8.90095858873521e-07	
1.20478056929898e-05	0.000220876437704813	0.00434479570491265	0.0720668501502852	0.46289498954072	0.444867456288776	0.0155929840719084	
8.93581981455493e-07	1.51908936847434e-05	0.000381559506081496	0.00743326171273752	0.105242511447902	0.516771416814443	0.361776941385043	0.0083782246581267	
2.2357759931317e-06	2.2357759931317e-06	3.04065535065911e-05	0.000742724784918349	0.0127922159223023	0.145349138779087	0.555360496521133	0.281382693305192	0.00433785258187412	
1.79198222353634e-06	1.79198222353634e-06	0.000108862920079833	0.00139774613435835	0.0214025396868063	0.195229743320946	0.570278182840426	0.209453602220266	0.00212573891266999	
4.47902450429516e-07	6.71853675644274e-06	0.000179608882622236	0.00257588699242015	0.0338045416412669	0.251783435581998	0.56108202482365	0.149552836588614	0.00101449905022285	
9.8755944434519e-06	8.97781313041082e-06	0.000368090338346843	0.0045499556944922	0.0516960435675316	0.314073978975757	0.527476597085622	0.101353674663803	0.000462806266872678	
1.34762534937187e-05	2.33588393891124e-05	0.000653149085995567	0.00748156673126284	0.0765545532217679	0.373004279159693	0.476173983823105	0.0659146018800272	0.000181031005265621	
5.39494844002818e-06	7.10334877937044e-05	0.00105606115713552	0.0125437047021022	0.108200636334169	0.424924571877123	0.412859668849073	0.0402503615739402	8.85670702237959e-05	
8.53496054602186e-06	0.000147789579981115	0.00188892153136957	0.0199736045114903	0.148170059538088	0.463243518595882	0.342932019488459	0.0235991659097504	3.63858844330405e-05	
8.08675833756016e-06	0.000251138772816452	0.00335600471008747	0.0312535239172617	0.195133927949679	0.486168273760131	0.270958069708755	0.0128539023775519	1.70720453792937e-05	
4.84924679523157e-05	0.000501537839840154	0.00558965494017017	0.0475760501088835	0.245730642300698	0.488327683362144	0.20541723727634	0.0068055586736412	3.14303033024269e-06	
7.29015819643286e-05	0.000960770848727417	0.00898174490386441	0.0693334545359634	0.298294822997659	0.470821816833425	0.148019912032091	0.00351457626630498	
4.50218851383658e-07	0.000140918500483085	0.00183104006857734	0.0145146055497577	0.098263415846443	0.348039882186731	0.434189709617845	0.101377579641464	0.00164239836984758	
1.80456799318956e-06	5.41370397956868e-06	0.000300460570866062	0.00308490898435755	0.0229504957373848	0.13341802772448	0.392171874273943	0.381284013287034	0.0660056834868945	0.000776866521068106	4.5114199829739e-07	
1.84648503558987e-05	3.01742676547613e-05	0.000520618707595584	0.00491074947026146	0.034865690731771	0.17521611756255	0.422054237120204	0.321077176319055	0.040951435191753	0.0003553357788001	
2.43490572631209e-05	7.89089818712251e-05	0.000904071478010321	0.00793102904075987	0.0509017042085542	0.220799054895851	0.437214828575873	0.257546291390579	0.0244568243869336	0.000142937984303876	
4.50911110990868e-07	5.63638888738585e-05	0.000142487911073114	0.00160839993290443	0.0127030678188347	0.0729709450916522	0.268352082217328	0.432604119884639	0.197813351658361	0.0136982286407916	5.05020444309772e-05	
7.2137906034967e-06	7.34904917731227e-05	0.000283592143099964	0.00278362144912429	0.0195272803017529	0.101571524282972	0.313964004988336	0.409602186499932	0.144981410963339	0.00718718975064631	1.84853384214603e-05	
7.23224314801464e-06	0.000116167905564985	0.000481396184539724	0.00470095804620951	0.0299500749215189	0.135596422751733	0.352245498493659	0.372277907983266	0.101088226586178	0.0035352108537889	9.0403039350183e-07	
1.44499991646094e-05	0.000164368740497432	0.000790234329314578	0.00774790892707402	0.0433870256166876	0.174353689920177	0.380556081124102	0.324329779687185	0.0669667148784868	0.00168839208988983	1.35468742168213e-06	
1.94055668704552e-05	0.00029875547135445	0.00143104773363287	0.0120522109033111	0.0622864541471276	0.21483903082281	0.3962463315581	0.26922064986987	0.0428687023858468	0.000737411541077298	
4.50519651892475e-06	3.78436507589679e-05	0.000455475368063293	0.00268149296806401	0.0188862343269845	0.0858744518865285	0.257230953042787	0.39614823718418	0.212655637645242	0.025705299778029	0.000319868952843657	
8.56751199451679e-06	7.21474694275098e-05	0.00081977562137008	0.00467425417553479	0.0284247501893871	0.115778651563796	0.297693084665055	0.377399354280149	0.160079452400707	0.0149191948342412	0.000130767288337362	
2.42522122284145e-05	0.000146860618494288	0.00131590707091212	0.00775666587772124	0.0421534886582733	0.149271468035809	0.331364712402447	0.343750856125547	0.116098483742709	0.00807868136230964	3.86238935489565e-05	
4.08387837402402e-05	0.000285871486181681	0.00227844511043076	0.0125989891727858	0.0589276722701068	0.187503870708898	0.35331561558408	0.300256611170799	0.0806256322157868	0.00415523405110862	1.12194460824836e-05	
5.97114902416609e-05	0.000632133671129764	0.00366260404053737	0.019390071819903	0.0807752796226234	0.227297848545621	0.360699603165517	0.252427406765895	0.0529842949801493	0.00206610735407612	4.93854430570128e-06	
8.52263679617038e-06	0.000113037077507102	0.00100746538127361	0.00582365229077263	0.0292909569889434	0.107288334708169	0.263476419433944	0.356707337586578	0.202218846061891	0.0331570941755852	0.000902502380731305	5.83127780790605e-06	
9.4024686405284e-06	0.000182676533587409	0.0018522863221841	0.00942530320722683	0.0420653014879183	0.138450902995179	0.296205521845964	0.337386095808469	0.154244811628257	0.0197671232386042	0.00040923125416395	1.34320980578977e-06	
2.24793459769164e-06	2.65256282527614e-05	0.000387543924642039	0.00292860919387267	0.0148228807371787	0.0589979426902562	0.173032517722716	0.319927850291153	0.305636830879788	0.113098535065981	0.0109393489262066	0.000199167005355479	
5.39030768774666e-06	8.17529999308244e-05	0.000799562307015755	0.00481983345746014	0.0223320447503344	0.0806592166625191	0.208112143554674	0.331843512180748	0.266432577582249	0.0789864245100884	0.00584444111043932	8.3100576852761e-05	
2.6826181100866e-06	1.65428116788674e-05	0.000181970928467541	0.00150360745070354	0.00779434691885661	0.032504836536901	0.106243301837906	0.242732228661002	0.332700533528032	0.221199747297374	0.0521773693442027	0.00291064064944396	3.21914173210392e-05	
1.38945786939634e-05	4.84069193209047e-05	0.000367982229282063	0.00249654204275407	0.0118816576322024	0.0455298451068224	0.136278476042609	0.271544888901638	0.320102855739313	0.176893225989496	0.0334070493024473	0.00142172914894361	1.34463664780291e-05	
2.42538461434813e-05	8.44393162032311e-05	0.000670573931337362	0.00429921880158153	0.0177416884539565	0.0625075512553386	0.168179762321291	0.294659527651855	0.297713266539439	0.13324030037041	0.0203009183673928	0.00057535512795925	3.1440170926735e-06	
4.49300282205507e-07	3.95384248340846e-05	0.00015905229990075	0.00127331699977041	0.00680330487315579	0.0254357875762182	0.0835348070682123	0.199662755208177	0.308387133297958	0.26468594134924	0.0976675474449866	0.0120942649964078	0.000256101160857139	
9.86894489764334e-06	2.69153042663e-06	8.79233272699134e-05	0.000389374735052474	0.0023532947696835	0.0101946200792656	0.0361791034063561	0.108953151669982	0.229239440789695	0.31149485356953	0.225997043802415	0.0685487940822218	0.00645159843263212	9.82408605719951e-05	
8.53221630156265e-06	1.07775363809212e-05	0.000157172405555102	0.000694702032553549	0.00388036216114752	0.0150256819710677	0.0505291321299016	0.13740011693627	0.257718287772795	0.301649322317494	0.184046641584944	0.0455970620435826	0.00324493657868904	3.72723133173526e-05	
3.01262108376121e-05	3.59715950299846e-05	0.000235164302508524	0.0012706965944342	0.0060648109220554	0.0220078714842824	0.0674503378407241	0.16767169804364	0.280307305336341	0.280155774992277	0.144716424675255	0.0284895032637478	0.00154048355715909	2.38311817073648e-05	
4.40627867734305e-05	4.09154448610426e-05	0.000401510903966055	0.00218965073047558	0.00939481560847786	0.0316591122967098	0.0888053993999368	0.198249268580221	0.291611119828749	0.251709568683768	0.108170994186859	0.016951133919848	0.000756710919792689	1.57367095619395e-05	
8.96811923293883e-07	4.08049425098717e-05	8.51971327129188e-05	0.000769464630186151	0.00366616714242539	0.0142974240871127	0.0448796074833574	0.114422888075182	0.226521239645185	0.291845468543873	0.216070690303042	0.0772370300817623	0.0098008091037172	0.000357827957394259	4.48405961646941e-06	
6.741427600663e-06	5.48302778187257e-05	0.000184715116258166	0.0012943540993273	0.00588346858135195	0.0205937130345053	0.0605510532806483	0.142378052068989	0.249955506577836	0.282309864775951	0.178567833143375	0.0528473992471174	0.00521921324843329	0.000153255120788405	
5.39312996139867e-06	6.74141245174834e-06	9.52786293180432e-05	0.000388305357220704	0.00217837507690828	0.00875304992735004	0.0297381680346491	0.0795666440305017	0.171457039450296	0.266341071426164	0.262362289797142	0.141770555577777	0.034685016491742	0.00260173577887808	5.03358796397209e-05	
7.64104698524739e-06	3.14631346451363e-06	0.000185183021054231	0.0006364542665359	0.00349780162583501	0.0131628271154688	0.041066132812184	0.102016966720094	0.197867159049741	0.274711820160318	0.235732592121811	0.108327123109852	0.0214789830755304	0.00127380747977595	3.2362081349283e-05	
4.50859066866006e-06	2.20920942764343e-05	0.000264654272250346	0.00115690436557817	0.00574439537093979	0.0195032615144897	0.0556012927031165	0.126394281664283	0.223561624318977	0.273720146366887	0.202402808310956	0.0784521827890863	0.0125586793075526	0.000607307163068511	5.86116786925808e-06	
1.03560593303142e-05	4.99792428549945e-05	0.000520054283761429	0.00195459363273451	0.00869233588572674	0.0278771609268583	0.0725027713715295	0.153183227506414	0.242402029427418	0.263423929341057	0.167509709931281	0.0543886728124626	0.00718080148695001	0.000304378091621408	
1.94477736821872e-05	0.000158295832296873	0.000811379208973112	0.00327853282377151	0.0130512652359739	0.0377313945862825	0.0932593111869926	0.178982836209041	0.257082833947672	0.242468058162412	0.133331222722236	0.036030392799801	0.00365934736889713	0.000135682141968748	
4.51663431250954e-06	3.74880647938292e-05	0.000333779275694455	0.00129266074024023	0.00545067428833651	0.0186758312187957	0.0505677860994256	0.116431154298165	0.203776990277493	0.261676177192984	0.21634046028117	0.100995556535163	0.0226296928959666	0.00173167759541616	5.55546020438674e-05	
1.40053807769372e-05	5.24072312943457e-05	0.000553438433927357	0.00223724663249655	0.00817688344134795	0.0262781604158243	0.066713050078272	0.141424076153129	0.224549173569588	0.257310469925704	0.184923433486865	0.0734898472284029	0.0134966692042007	0.00076306735910474	1.80714590670157e-05	
1.80804852802249e-06	2.30526187322868e-05	0.000173120646558154	0.00106991271645731	0.00367169454828168	0.0121274855017109	0.0361148653229853	0.0861182554139753	0.1665343777827	0.239834021145128	0.242511289002997	0.152775580496581	0.0509792842839902	0.00770002666871579	0.000363869766264527	1.35603639601687e-06	
7.23825999467988e-06	4.43343424674143e-05	0.000340650610999622	0.00166253784252803	0.00567524822707869	0.0174261109371918	0.0480991424471471	0.107437493101033	0.190048206811565	0.24900654881573	0.222470182892734	0.119969183108073	0.0336366465865271	0.00403894907703137	0.000137526939898918	
1.35963594387967e-06	3.08184147279391e-05	0.000105145179660028	0.000567421400579114	0.00249901086485083	0.00828743428992786	0.0248301248191118	0.0631043298513057	0.130496951469608	0.211628694300814	0.249543502231842	0.195284057407455	0.0906763871572414	0.0208840080979917	0.00200546301722251	5.52918617177731e-05	
5.07597649097745e-05	0.000232497851774235	0.00100159893259466	0.00389717159338528	0.0118995391738486	0.0337235188119314	0.0800508685358346	0.154598381488639	0.228805985301422	0.241173692664126	0.165180886047953	0.0658725784872865	0.0124850893190578	0.00101519529819549	1.22367290407492e-05	
2.71092706928452e-06	0	2.25910589107043e-06	0.000100304301563527	0.000412964556887675	0.00163875541338249	0.00590891736868382	0.0171633310968185	0.0447885815751842	0.100801304859563	0.177032122226665	0.240287990818994	0.223424217163331	0.13497344421025	0.0455372492674849	0.00748170689004706	0.00044007382758052	4.06639060392678e-06	
8.13321115442799e-06	0	2.48514785274189e-05	0.000225922532067444	0.000709396750691775	0.00267492277967854	0.00870795807600757	0.0245247945460493	0.0598247383365234	0.123017529781108	0.198429567295093	0.242458254034525	0.199761154699098	0.104999756003665	0.0304710755900645	0.00401690262015916	0.000145042265587299	
1.21965928140385e-05	4.51725659779206e-07	3.5234601462778e-05	0.000336987342195287	0.00113383140604581	0.00413509668961885	0.0134844626700691	0.0334019504610538	0.0770643975583325	0.146535286775776	0.215446487900754	0.235622814494792	0.172637802300458	0.078530247324316	0.0195439106703473	0.00200882400903813	7.00174772657769e-05	
8.14236104043089e-06	5.4282406936206e-06	5.83535874564214e-05	0.000532872294757089	0.00196230901074385	0.00634877984458042	0.0188916346739731	0.0448083175122735	0.0960400531786647	0.16927651955682	0.227297174917366	0.221705634649546	0.143405072057633	0.057019144952573	0.0115978885953115	0.00102367572413862	1.89988424276721e-05	
1.13287489662517e-05	2.44700977671036e-05	0.000121897338876868	0.000720961584212255	0.00321917730625007	0.00951932118136194	0.0264761926340474	0.0582909449309513	0.11732460264413	0.189249923530944	0.230924765778115	0.202812248643382	0.114959159859977	0.0392862888151261	0.00662822444517452	0.000426867261048362	3.62519966920053e-06	
4.97951157329026e-06	1.9918046293161e-05	5.5227310176492e-05	0.000278399965233956	0.00129422032618517	0.00510264131401162	0.0142377816366478	0.0356125614064314	0.0753775827821165	0.138367951501368	0.20564251090513	0.228152619313624	0.177414565161888	0.0888458035392558	0.0256883948408639	0.00369977709895466	0.000204159974504901	9.05365740598229e-07	
3.61151803388958e-06	2.79892647626443e-05	8.80307520760586e-05	0.000515995639091974	0.00224952429535897	0.00767583014127807	0.0203892765000779	0.0463281018989813	0.0942403058955775	0.162013601879795	0.216246865315207	0.217468912729924	0.149243725551716	0.0655436350380451	0.0158956451864108	0.00197595180429184	9.29965893726567e-05	
2.69982289161831e-06	7.06453656640124e-05	0.000171888724099699	0.00102548272833302	0.00349717058560958	0.011239362697807	0.0285231788794655	0.0605012311192386	0.113946475111233	0.180847636395052	0.221479070972944	0.200744431165316	0.120855771861366	0.0465908436406572	0.00943408112427825	0.00102683263977883	4.3197166265893e-05	
1.75412320151772e-05	0.000108845593530074	0.000322488803971335	0.00146221910977798	0.00571034568371	0.0161473787327404	0.0389446834999525	0.0765526351653126	0.135112464034852	0.196942608237273	0.219453406214903	0.177663894702233	0.0941716782866084	0.0316093000913493	0.00527946106138846	0.000488006070165828	1.30434802164138e-05	
3.5802577427549e-06	5.81791883197671e-05	0.000211682739040384	0.00057955422210845	0.00247753835798639	0.00817104323340237	0.0221474743966818	0.0501853678446311	0.0943952855166043	0.158236203924321	0.207620936631228	0.210382657947546	0.151085534147603	0.0710390265995249	0.0203474998165118	0.00286107346867901	0.000194676514762298	2.68519330706618e-06	
2.22960568531613e-05	0.000108804757443427	0.000449934427296795	0.00110989771015037	0.00393302442889765	0.0121763225686484	0.0304029031249707	0.0633439893621053	0.113030306138238	0.176981640089024	0.211576647823526	0.196631154993715	0.124858810219977	0.0511814903487059	0.0126186763366152	0.00147644488481634	9.72108078797832e-05	4.45921137063226e-07	
3.34285229094582e-05	0.000122571250668013	0.000793370277051141	0.00190408866492274	0.00627609374784107	0.0170013010381116	0.040277358683148	0.0794444446920631	0.1338665257023	0.191677367508278	0.211231270555756	0.175281345591647	0.0984995941777319	0.0353286001516318	0.00749378340902294	0.000741221781312386	2.76342456051521e-05	
3.9595362092913e-05	0.000254478057496025	0.00136759711318668	0.00290558775088556	0.00914118994295599	0.0243097727582129	0.053387449960805	0.0978112217705088	0.155426477641077	0.199564628973662	0.201856266166252	0.151422452260895	0.0741389788311627	0.0237300788615043	0.00426784616356533	0.000365700984723308	1.06774010138192e-05	
