# <P(U)> as a function of N_tot.
# number_of_species: 1
# species_total_upper_bound: 103
# species_total_lower_bound: 0
# volume: 729
# Bin widths for each
10	10	10	10	10	10	10	10	10	10	10	10	10	10	10	10	10	10	10	10	10	10	10	10	10	10	10	10	10	10	10	10	10	10	10	10	10	10	10	10	10	10	10	10	10	10	10	10	10	10	10	10	10	10	10	10	10	10	10	10	10	10	10	10	10	10	10	10	10	10	10	10	10	10	10	10	10	10	10	10	10	10	10	10	10	10	10	10	10	10	10	10	10	10	10	10	10	10	10	10	10	10	10	10	
# Bin lower bound for each
0	0	0	0	-10	-10	-10	-10	-10	-10	-10	-10	-10	-20	-20	-20	-20	-30	-30	-30	-30	-30	-30	-30	-30	-40	-40	-40	-40	-40	-40	-50	-50	-50	-60	-60	-60	-60	-70	-70	-70	-80	-90	-90	-90	-90	-90	-90	-90	-90	-90	-90	-100	-110	-110	-110	-120	-120	-120	-120	-120	-130	-130	-130	-130	-130	-140	-140	-150	-150	-160	-160	-160	-170	-180	-180	-180	-180	-190	-190	-200	-200	-200	-200	-200	-210	-210	-220	-220	-220	-220	-250	-250	-250	-250	-250	-260	-260	-260	-260	-270	-270	-270	-270	
# Bin upper bound for each
0	0	0	0	0	0	0	0	0	0	0	0	0	0	0	0	0	0	0	0	0	0	0	0	0	0	0	0	0	0	0	0	0	0	0	0	0	0	-10	0	-10	-10	-10	-10	-10	-10	-10	-10	-10	-10	-10	-20	-20	-10	-20	-20	-20	-20	-20	-20	-30	-30	-30	-30	-30	-30	-30	-30	-40	-40	-40	-40	-40	-50	-50	-50	-50	-50	-50	-60	-60	-60	-60	-70	-70	-70	-70	-80	-80	-80	-80	-80	-90	-90	-90	-90	-90	-100	-100	-100	-100	-100	-110	-110	
# Normalized histogram for each
1	
1	
1	
1	
1.98556395724882e-06	0.999998014436043	
2.43066527308524e-05	0.999975693347269	
0.000117367288300611	0.999882632711699	
0.000492658399578146	0.999507341600422	
0.00143597483379829	0.998564025166202	
0.00363355237727097	0.996366447622729	
0.00773938683872147	0.992260613161279	
0.0163165298467229	0.983683470153277	
0.0315933799804768	0.968406620019523	
4.96080468220589e-06	0.0563453156609627	0.943649723534355	
2.83173108689291e-05	0.0941714528717976	0.905800229817333	
7.97427101457149e-05	0.146615943657788	0.853304313632066	
0.000225483080039011	0.215235073593786	0.784539443326175	
4.98363374677559e-07	0.000491386287432073	0.29987620653773	0.699631908811463	
1.99234044715093e-06	0.00103203235162418	0.395439731950516	0.603526243357412	
2.99203669433802e-06	0.00209442568603661	0.495404480973888	0.502498101303381	
1.19513639245092e-05	0.00414363746732671	0.594816892655339	0.40102751851341	
2.34140936902505e-05	0.00785916472462535	0.684649022735583	0.307468398446101	
6.5779900453084e-05	0.0145328730069188	0.760458505839461	0.224942841253167	
0.000108284946097051	0.0260682284982026	0.81617258125363	0.15765090530207	
0.000228466416683835	0.0443075197875362	0.849278510039802	0.106185503755978	
4.98658359683272e-07	0.00054702822057255	0.071200933887376	0.860540715205739	0.0677108240279528	
4.9884119191119e-07	0.0012346319499802	0.108078932639478	0.84969964771835	0.0409862888509991	
2.99823853486077e-06	0.00251102477294589	0.15892663060452	0.815141104601047	0.0234182417829525	
2.95607325249726e-05	0.00470817294130792	0.223086831896131	0.759254388140435	0.012921046289602	
7.61634085931366e-05	0.00892965858248873	0.297350465423566	0.686719356379111	0.00692435620624049	
0.000220847945938827	0.0155645219042602	0.380523514797564	0.600151037960306	0.00354007739193099	
5.02454742645193e-06	0.000473312367571772	0.0261819117297557	0.464836960972833	0.506842679912714	0.00166011046969972	
1.90487170939678e-05	0.00087974996052404	0.0419768558087308	0.543939625592453	0.412419763545267	0.000764956375931445	
2.5084195100856e-05	0.00180004184043743	0.0651521833032574	0.610175052563931	0.322509503147314	0.000338134949959539	
2.515233511764e-06	6.33838844964528e-05	0.00345341561165197	0.0981886797388383	0.657303961442476	0.240844675778855	0.000143368310170548	
3.53161501763789e-06	0.00015640009363825	0.00648404517238317	0.140714173279195	0.679864143815436	0.172721200184048	5.65058402822063e-05	
4.53021198371943e-06	0.00031761819574744	0.011139287911079	0.193542233152897	0.676629441747011	0.118342727650703	2.41611305798369e-05	
2.01861567374326e-05	0.000697431715278296	0.0186802694448201	0.25761724624487	0.646115981582151	0.0768663615865512	2.52326959217908e-06	
2.01866559139079e-06	7.11579620965255e-05	0.00126570332580203	0.0304172531310765	0.327615294823586	0.592960307483143	0.0476682646087044	
4.03409007820588e-06	0.000128586621242812	0.00237910462362192	0.0472760058877545	0.398283192114968	0.523737342412053	0.0281907257277625	1.00852251955147e-06	
1.3646812407884e-05	0.000220876186009086	0.00433412653324465	0.0721052078257898	0.462913018250337	0.444816839559986	0.0155962848322251	
1.01178527488182e-06	1.7200349672991e-05	0.000367783947419543	0.00737186751278897	0.105292446415852	0.516788047173477	0.361692494172117	0.0084691486433983	
2.53036949467509e-06	2.53036949467509e-06	3.44130251275812e-05	0.000729252488365361	0.0127216856714285	0.145547865481509	0.555001629557955	0.281594699584412	0.00436539345221347	
2.02797489975467e-06	2.02797489975467e-06	0.000121171500260341	0.00141856844237839	0.0213702924998897	0.195382199754514	0.570075912170435	0.209495384075631	0.00213241560709203	
5.07142596326665e-07	7.60713894489997e-06	0.000199307040356379	0.00260265580434844	0.0337178826593746	0.252086384641288	0.560758218752916	0.149619744481274	0.00100769233890108	
1.11788220265477e-05	9.65443720474572e-06	0.0003902425143813	0.00460313403356797	0.0516751210742645	0.314110671354319	0.527398022466383	0.101317729052793	0.000484246245059088	
1.52542347026721e-05	2.44067755242753e-05	0.000695084627951758	0.00750965974412547	0.0764491395848916	0.372802818169014	0.476028224401996	0.0662877853749516	0.000187627086842867	
6.10780893552088e-06	7.22757390703304e-05	0.00108464507013292	0.0125133735566484	0.108076152161808	0.424551763171744	0.413129651478242	0.0404739048953071	9.21261181107733e-05	
9.64974473885759e-06	0.000134080663739916	0.00193096471037561	0.0198520643343403	0.147955980911789	0.46293837774586	0.343372453737092	0.0237673212918063	3.91068602574755e-05	
7.11177577993321e-06	0.000255515944093315	0.00343905157358199	0.0311206228290034	0.194972380910775	0.485840454422153	0.271432606272789	0.0129139688483901	1.8287423434114e-05	
4.918794256471e-05	0.000509627652345707	0.00564190772139138	0.0473238716691649	0.245988900766115	0.487917007263589	0.205755192116948	0.00681075522254248	3.54964533972134e-06	
8.04205485699394e-05	0.000974208417486481	0.00903865887028471	0.0690369690207831	0.298162237767933	0.470488203628901	0.1487006482507	0.00351865349534172	
5.09353253799521e-07	0.000145675030586663	0.00185149907756126	0.0145135116137635	0.097795824729508	0.348287095942798	0.434029585274394	0.101719372843526	0.00165692613460984	
2.04197379228736e-06	6.12592137686209e-06	0.000310380016427679	0.00310482115117294	0.0229711841763367	0.132879402559308	0.39272975650994	0.381133897836988	0.0660568311936	0.000805048167609293	5.10493448071841e-07	
2.09077214765135e-05	3.41662765591806e-05	0.000554819535766992	0.00494952060124488	0.0349378224761066	0.174808439376277	0.422576157650339	0.320761673392834	0.0410015716487217	0.000354921320674473	
2.75658722250355e-05	8.78024078278909e-05	0.00094949115441789	0.00798134096737834	0.0511755313066632	0.220150244213209	0.437708785958149	0.257392758547462	0.024396817877387	0.000129661695280723	
5.10207986285609e-07	6.37759982857012e-05	0.000147450108036541	0.00169746197037222	0.0126174435008431	0.0729837218141976	0.267707661028018	0.433373214590928	0.197684676158236	0.0136776556963446	4.64289267519904e-05	
8.15264606866668e-06	8.30550818245418e-05	0.000290438016196251	0.00289317027361809	0.0195434212477319	0.101790881571096	0.313827957767255	0.409978736879972	0.144400176708604	0.00716770451549589	1.63052921373334e-05	
8.17157446321693e-06	0.000127680850987765	0.000503573276295744	0.00485085089072715	0.0300611795565593	0.135630771493667	0.351997209407321	0.37277343748005	0.100538455684786	0.00350764833833587	1.02144680790212e-06	
1.63131554893513e-05	0.00016007283823926	0.000833500288284045	0.00793533057335134	0.0435143226956266	0.174546175661078	0.380246909804054	0.324532385946828	0.0665474786743726	0.00166598100435	1.52935832712669e-06	
2.19092873978798e-05	0.000291953992534538	0.00151734553188107	0.0123736521966863	0.0622779137059407	0.214843491260232	0.396343085174138	0.26919635714788	0.0424036424445058	0.000730649258803712	
4.57684988644327e-06	4.22087267305324e-05	0.000453616677634155	0.00279798089724565	0.0192370086115973	0.0862700605873217	0.256919434219988	0.395851746678478	0.212712149705709	0.0253959229421212	0.000315294103288314	
4.57852863386371e-06	7.529135975687e-05	0.000831766035151908	0.00483899604059018	0.0289174781260795	0.115888155702532	0.297493459063121	0.376667411101508	0.160326337172006	0.0148273106180658	0.000129216252555709	
1.36792459999605e-05	0.000148445151036608	0.00136589804503309	0.00800945185234723	0.0426853271847656	0.149395605314235	0.331402026453635	0.343038505050935	0.11588043933685	0.00802161118212497	3.90111830369243e-05	
3.33700909941709e-05	0.000305386893340594	0.00234146805142432	0.0129440560536632	0.0596181955982828	0.187245142250125	0.353476733715269	0.299370164812857	0.0805897809658012	0.00406407259713857	1.16289711040292e-05	
5.5621486681435e-05	0.000664423940903687	0.00379743059070525	0.0198796249898238	0.0814966022856386	0.226486648567772	0.360695228131528	0.251910724479977	0.0530007033589816	0.00200894696895765	4.04519903137709e-06	
9.59277653829007e-06	0.000102491244066994	0.00102339779174284	0.00597377536847622	0.0297456853963104	0.108026781012563	0.263219729614971	0.356368619099622	0.201638143302955	0.0330339882170411	0.000851232697029319	6.56347868409321e-06	
1.05805177400014e-05	0.000176341962333357	0.00186620179566501	0.00964993601305938	0.0424732212134342	0.139278408690132	0.296066062737432	0.336865546811233	0.153539938935298	0.0196933665192112	0.00037888330192767	1.51150253428592e-06	
2.53085363668482e-06	2.02468290934786e-05	0.000407467435506257	0.00298944431565212	0.015144628161922	0.0593935669749921	0.173639337159309	0.319820937043497	0.304989628561797	0.11252883907719	0.0108684978573793	0.000194875730024732	
6.06809003831999e-06	7.93908446680199e-05	0.000827282941890958	0.00488683517752703	0.0228438306234255	0.081044399203462	0.208565817032926	0.332003915940771	0.26518767085466	0.0785979475696794	0.00587188846041431	8.49532605364798e-05	
3.01843964780846e-06	1.86137111614855e-05	0.000187143258164125	0.00150921982390423	0.00787561211440691	0.0331495103587818	0.106454832572183	0.243103116941395	0.333001304972074	0.219753473972498	0.0520122427912115	0.00289820513517076	3.37059094005278e-05	
1.563964640273e-05	5.39820053255519e-05	0.000376360523110857	0.00247207314107667	0.0119012664077548	0.046361461489641	0.136653176210383	0.271664189548478	0.32038118358826	0.175427391175809	0.0332806630402867	0.00139747808179232	1.51351416800613e-05	
2.72919281090181e-05	8.89514693923553e-05	0.000660565741453457	0.00427472459159399	0.0176341234009584	0.0631914270999749	0.168471050592664	0.294815999336907	0.297748365390398	0.13228801879302	0.0202399971292935	0.000555946683702221	3.5378425326505e-06	
5.05310816683342e-07	4.44673518681341e-05	0.000158162285621886	0.00123952743332424	0.00671659137535498	0.0253792357679208	0.0845420368068399	0.200096514365987	0.308611506937918	0.264115857664049	0.096758936421793	0.0120941090864991	0.000242549192008004	
1.10945309509677e-05	3.02578116844574e-06	9.88421848358942e-05	0.00038830858328387	0.00232379993736633	0.0100289516828134	0.0363940958940654	0.11039814741505	0.229591232093049	0.311148642004197	0.22509189549557	0.0679973716047583	0.00642726349864016	9.73292942516714e-05	
9.58295484864732e-06	1.21047850719756e-05	0.00016694516078433	0.00070459936439791	0.00381905969020829	0.0147607766631849	0.0511301077779801	0.138807587884522	0.257537876629039	0.300994559403476	0.1835226639404	0.0452819834900819	0.00321533353474351	3.68187212605923e-05	
3.38254003513803e-05	4.03885377329914e-05	0.000224156384418102	0.00125911266382601	0.0059805327248127	0.021696722470163	0.0684323189078939	0.169088127789333	0.279745148326905	0.279663866394717	0.144076516084735	0.0282351218724126	0.00150800702760557	1.61554150931966e-05	
4.94544368199384e-05	4.54173399366781e-05	0.000391093760565839	0.00215429582432977	0.00927724863773212	0.0316175335154737	0.0899778060598843	0.199254449133084	0.29093035906949	0.251150824930284	0.107614873068628	0.0168089575105646	0.000718098608109922	9.58810509774316e-06	
1.00668945140458e-06	4.58043700389085e-05	8.55686033693896e-05	0.000732366575896834	0.00365528939805004	0.0140287208500486	0.0449476773157632	0.115860895651605	0.227655269264261	0.291267472353791	0.214977525657997	0.0766755087556815	0.00974425054487067	0.000321133934998062	1.51003417710688e-06	
7.5653838297486e-06	6.15317884819553e-05	0.00018056049407	0.00123114012856109	0.00583391965058014	0.0203801353194988	0.0608135813770512	0.1440262468383	0.251239335961043	0.281367720524634	0.177125305452372	0.0523645607159879	0.00524482842970371	0.000123567935885894	
6.04862184671482e-06	7.56077730839352e-06	0.000100810364111914	0.000357876792597293	0.00209584746988668	0.00862281449431253	0.0296654658472128	0.0802032135319768	0.172903887902908	0.267120750150081	0.261137655040039	0.140854256944448	0.0342634265543572	0.00262056541508919	3.98200938242059e-05	
8.56038495547593e-06	3.52486439343126e-06	0.000187321364908061	0.00059419142632127	0.00345235289733782	0.0130263881419533	0.041396510988513	0.102738215371229	0.198805373101861	0.274815548881812	0.234991630964826	0.107507860447597	0.0211844350045219	0.00126744052546664	2.06456343043831e-05	
5.04494796388423e-06	2.47202450230327e-05	0.000264355273307533	0.0010851683070315	0.00563924283402979	0.0194962014064306	0.0557391075789749	0.126798208639877	0.224347826964339	0.273854405828731	0.201985086124829	0.0778617088954036	0.0123127000006558	0.00058218699503224	4.03595837110738e-06	
1.10863180725126e-05	5.44237432650618e-05	0.000519041255213089	0.00184436018842709	0.00847851370772837	0.0279138371359404	0.0725770851852524	0.15379948277287	0.242864442549692	0.263118137821075	0.167466897262083	0.0539188118692137	0.00713807706805185	0.000295803123116586	
1.77134380720492e-05	0.000146262388652063	0.000771799801710713	0.00314438830690404	0.0129419439536697	0.0379806478158572	0.0931559830173678	0.179769128109151	0.257469883359541	0.242120936220995	0.132863437996134	0.0358428888896762	0.00364542555522772	0.000129561147041274	
5.05549160358677e-06	2.22441630557818e-05	0.000321529265988119	0.00124870642608593	0.00527237219338064	0.0187280686454872	0.0506095153451864	0.116368316829681	0.204432958367521	0.261926536629312	0.216058566859129	0.100628043721914	0.0225707478133735	0.0017567833322464	5.05549160358677e-05	
1.16318469855816e-05	3.84356683001826e-05	0.000495112095603668	0.0021326738581825	0.00802041136279731	0.0263385474351777	0.066898292141423	0.141614196922112	0.224959920701148	0.257398613281546	0.184639387456823	0.0732346143536992	0.0134332660709138	0.000770736295914187	1.41605093737515e-05	
2.02338834589014e-06	1.92221892859564e-05	0.000160859373498266	0.000957568534692511	0.00352575419271358	0.0118494680006192	0.0360067014622016	0.0863081357410306	0.166735293254731	0.240795859338089	0.242245111240833	0.152423361637164	0.0508796174986671	0.00770253358571731	0.000388490562410908	
5.57101089031338e-06	3.14002431999481e-05	0.000296782943793058	0.00159837366998446	0.00549808129320382	0.0171835298634039	0.0482130476113784	0.107429854642197	0.190191779517621	0.249855786786271	0.222475787626987	0.11974735972068	0.0332883094362289	0.00403645061779978	0.000147885016361046	
2.64083657639915e-05	7.92250972919744e-05	0.000505821775017991	0.00242347541203399	0.00806064579627063	0.0245800942880228	0.0631302140651972	0.130215080903552	0.212290758138474	0.250021710723777	0.195334555905241	0.0907487939756423	0.0205680541046472	0.00195574262609868	5.94188229689808e-05	
4.66480344952074e-05	0.000197747102751423	0.000901016927151996	0.00377798375025859	0.011681783334077	0.0335394297582009	0.0800571539831337	0.154660037237301	0.230069627261923	0.240815407642976	0.165011844544411	0.065828489374389	0.0123896165531564	0.00100952431173867	1.3690184036637e-05	
3.03282119092823e-06	0	2.52735099244019e-06	7.37986489792535e-05	0.000361411191918947	0.00150377384050191	0.00563144348135523	0.0169944135433663	0.0446365568178831	0.100736166797078	0.177587855775199	0.241099175274824	0.222983123361013	0.134837713738073	0.0456247510559272	0.00746832218266075	0.000451384887249818	4.54923178639234e-06	
9.09494669603324e-06	0	1.36424200440499e-05	0.000175330361306863	0.000630077696108525	0.00250262616585848	0.00825113775256793	0.0244012367106407	0.0597118619831733	0.123043512751368	0.199323335965815	0.243276181698845	0.198997938984024	0.105082003576335	0.0304150175759845	0.00401491369148223	0.000152087719750334	
1.36462675183959e-05	5.05417315496145e-07	2.67871177212957e-05	0.000260795334796011	0.00104419217381504	0.00380983572420994	0.0128123289478273	0.0332903223197846	0.0769002553873695	0.146706473334435	0.216084602815276	0.236301800852437	0.172462034314803	0.0788001190763195	0.0194388553712973	0.00197416003432794	7.32855107469411e-05	
9.11055660439433e-06	6.07370440292955e-06	5.31449135256336e-05	0.000471724375294195	0.00184741842255774	0.00587479058373361	0.0183355013083772	0.0445450542331189	0.0959012618120897	0.169749915221209	0.227995222019203	0.221917468480005	0.143467983985666	0.0573661380856696	0.0114079352948024	0.00103101132239729	2.02456813430985e-05	
1.26797738334101e-05	2.73883114801658e-05	0.000108031673060654	0.000682679023190799	0.00298684752419808	0.0090700958185149	0.0256734988669354	0.0578760668761703	0.117756552399926	0.19002619134083	0.231605198504395	0.202619742712173	0.115339787507278	0.0392545510244243	0.00651131745893275	0.000446328038936035	3.04314572001842e-06	
5.57335087081074e-06	1.9760062178329e-05	5.52268404471246e-05	0.00024117409222781	0.00120283045157315	0.00477990837411168	0.0137423632426363	0.0348025361786472	0.0752361834098571	0.138351848680484	0.206507849811367	0.2289091736342	0.177401278222689	0.089314974377786	0.0255370936900548	0.00367334489212526	0.000217867352222602	1.01333652196559e-06	
4.0428808153682e-06	2.98162460133405e-05	6.62021733516543e-05	0.000435620407855924	0.00205378345420705	0.00725242282266864	0.0196681098066644	0.0453767889115908	0.0942168106016464	0.162379275788652	0.217367508478679	0.218330724832941	0.149409208772849	0.0655719893045588	0.0157596547784072	0.00197646335861313	0.000101577380486126	
3.02249187327498e-06	6.59910725665036e-05	0.000133493391069645	0.000930423748323147	0.00323759254492304	0.0108094384361224	0.027572682113951	0.0594478814095089	0.113975649797972	0.181543959373679	0.222806010930338	0.201444549615967	0.12098329720616	0.0467070706663637	0.00926293009429671	0.00102764723691349	4.83598699723996e-05	
1.61203708088295e-05	8.21131388074754e-05	0.000239790515781339	0.00135209610159058	0.00544163267115552	0.0154851274466441	0.0376516448319602	0.0754231849218112	0.135651912833125	0.197609046752098	0.22082741833269	0.178606152138015	0.0942920789535461	0.0315712424675049	0.00523509042016739	0.000500739018249267	1.46090860455018e-05	
4.01778068843668e-06	4.87155908472947e-05	0.000135600098234738	0.000424378085216124	0.00228862832465074	0.00782061011004199	0.0211762153409916	0.0489626843596336	0.0935881744660997	0.158937879586108	0.208629288918107	0.211443744290357	0.152022274576137	0.0711292826403248	0.0203791880969229	0.00280792647863118	0.000198377921491561	3.01333551632751e-06	
2.5039876002534e-05	0.000107671466810896	0.000333030350833703	0.000783247321359265	0.00368586974757301	0.0115779378660517	0.0291569324148707	0.062016260895476	0.112705984279966	0.178310960204125	0.212224467464437	0.197784471771296	0.125714199863282	0.0512926835986308	0.0127082378688061	0.001472344708949	0.000100159504010136	5.00797520050681e-07	
3.75507498384066e-05	0.000131677962766679	0.000483152981254165	0.00143393796716262	0.00572123224537963	0.0161282973939279	0.0390627933652331	0.078053989967441	0.133839884604042	0.192870164026682	0.212575796188549	0.176865533768889	0.09919906753978	0.0352581513916058	0.0075837494373646	0.000723978456884479	3.10419531997495e-05	
4.44629845653493e-05	0.000275270837028174	0.00083280668843188	0.00239050990050783	0.00829459474987073	0.0233695448539091	0.0516325159304879	0.0964786814976532	0.15600612490102	0.20091274014383	0.203595506740638	0.153021609510083	0.0746398623146231	0.0238056817699265	0.00431490783922385	0.000373189319891191	1.19900183097571e-05	
