# <P(U)> as a function of N_tot.
# number_of_species: 1
# species_total_upper_bound: 103
# species_total_lower_bound: 0
# volume: 729
# Bin widths for each
10	10	10	10	10	10	10	10	10	10	10	10	10	10	10	10	10	10	10	10	10	10	10	10	10	10	10	10	10	10	10	10	10	10	10	10	10	10	10	10	10	10	10	10	10	10	10	10	10	10	10	10	10	10	10	10	10	10	10	10	10	10	10	10	10	10	10	10	10	10	10	10	10	10	10	10	10	10	10	10	10	10	10	10	10	10	10	10	10	10	10	10	10	10	10	10	10	10	10	10	10	10	10	10	
# Bin lower bound for each
0	0	0	0	-10	-10	-10	-10	-10	-10	-10	-10	-10	-20	-20	-20	-20	-30	-30	-30	-30	-30	-30	-30	-30	-30	-30	-40	-40	-40	-40	-50	-50	-50	-60	-60	-60	-60	-60	-60	-70	-70	-70	-70	-80	-80	-80	-80	-90	-90	-90	-90	-90	-100	-110	-110	-110	-120	-120	-120	-120	-130	-130	-130	-130	-130	-130	-140	-150	-150	-160	-160	-160	-160	-180	-180	-180	-180	-190	-190	-200	-200	-200	-200	-200	-210	-210	-220	-220	-220	-220	-250	-250	-250	-250	-250	-260	-260	-260	-260	-270	-270	-270	-270	
# Bin upper bound for each
0	0	0	0	0	0	0	0	0	0	0	0	0	0	0	0	0	0	0	0	0	0	0	0	0	0	0	0	0	0	0	0	0	0	0	0	0	0	-10	0	-10	-10	-10	-10	-10	-10	-10	-10	-10	-10	-10	-20	-20	-20	-20	-20	-20	-20	-30	-30	-30	-30	-30	-30	-30	-30	-30	-30	-40	-40	-40	-40	-40	-50	-50	-50	-50	-50	-60	-60	-60	-70	-60	-70	-70	-70	-70	-80	-80	-80	-80	-80	-90	-90	-90	-90	-90	-100	-100	-100	-100	-110	-110	-110	
# Normalized histogram for each
1	
1	
1	
1	
3.12784682934077e-06	0.999996872153171	
2.81053920975444e-05	0.999971894607902	
0.000113086881921697	0.999886913118078	
0.000509931959614638	0.999490068040385	
0.00154360488709365	0.998456395112906	
0.00368847819042823	0.996311521809572	
0.00781203564959786	0.992187964350402	
0.0164101585653271	0.983589841434673	
0.0314885205902382	0.968511479409762	
7.79671165889075e-06	0.056644669544173	0.943347533744168	
4.05972796699753e-05	0.0946806633595498	0.90527873936078	
9.71007592652918e-05	0.146316748941288	0.853586150299446	
0.00024104249313068	0.214625644573453	0.785133312933417	
7.81032165247661e-07	0.000504546778749989	0.300142850783024	0.699351821406061	
3.12564954904691e-06	0.00106506508383773	0.396007295266047	0.602924514000566	
4.68746337919235e-06	0.00204060905774174	0.49671330692729	0.501241396551589	
1.55940920222964e-05	0.0041137214754818	0.595463522689794	0.400407161742702	
2.10433282127901e-05	0.00774550354735957	0.68554019392596	0.306693259198467	
5.69865956598072e-05	0.0144457116806128	0.761454891206344	0.224042410517384	
0.000113238608586454	0.0260206703413246	0.816202023925366	0.157664067124723	
0.00024800620171483	0.0441458837989559	0.849142818816652	0.106463291182678	
0.000561301971105422	0.0709189448770281	0.860690307874131	0.0678294452777353	
0.00123390788225975	0.10740695936533	0.850375596564413	0.0409835361879973	
2.34832188917799e-06	0.00250487668178986	0.158329341186122	0.815841466354809	0.0233219674553897	
3.3704183864945e-05	0.00472172101400997	0.222807386075939	0.75939680484337	0.013040383882816	
8.23183997303092e-05	0.00870379879815136	0.296983618638454	0.687176753283916	0.0070535108797485	
0.000216192166637162	0.0152039491102439	0.379730574428853	0.601130935689097	0.00371834860516887	
7.86223477733758e-06	0.000478810097939859	0.0258290136905094	0.463900155908116	0.507981347634214	0.00180281043444351	
2.51221959311463e-05	0.000845518906807644	0.0410355369162819	0.542313628634279	0.41493938485163	0.000840808495070554	
2.04113675616266e-05	0.00172162034856335	0.0641490029831999	0.609357041921809	0.324371957921181	0.000379965457685665	
3.93300673645394e-06	6.2928107783263e-05	0.00343744788766074	0.0972711226059788	0.657205425661453	0.241853956447457	0.000165186282931065	
5.52865819465616e-06	0.000153222812823328	0.00638244098157377	0.139980096830499	0.679681391326325	0.173733344917189	6.3974473395307e-05	
7.09781418868829e-06	0.000337540496973177	0.011065492320165	0.192452499850157	0.676767119139177	0.119341859122584	2.83912567547532e-05	
1.18449542863731e-05	0.00069253499394328	0.0184418041602638	0.255918923656901	0.647441252975058	0.0774904806050719	3.15865447636616e-06	
6.7069398679443e-05	0.00125301417768183	0.0301291519903041	0.326612190533904	0.593702262369175	0.0482363115302554	
7.66626306821235e-05	0.00243976846304861	0.0471008880219777	0.397088716841436	0.52455100989185	0.0287413734782073	1.58067279756956e-06	
8.72875935762679e-06	0.000176162234308468	0.00436993434385916	0.0717773817213431	0.46108322316581	0.446686324890771	0.0158982448845503	
9.53382760932917e-06	0.000332094995058299	0.00716864387658142	0.104944401895325	0.5166230229225	0.362349802490871	0.00857249999205514	
2.62617581053335e-05	0.000703496792882268	0.01246796861322	0.145508443553136	0.554101609129542	0.282863009119992	0.00432921103312165	
9.26146965152124e-05	0.00140439009629533	0.0209955920194874	0.196149943193658	0.56909655161952	0.210130770354674	0.00213013801984988	
7.97912660480184e-07	0.000170753309342759	0.00252299983243834	0.033401421880361	0.253227955667973	0.559448482769076	0.150187110518883	0.00104047810926616	
8.76622548644582e-06	0.000346664371509448	0.00440781756050289	0.0513015454058603	0.317022575421416	0.524846670746946	0.101550346823757	0.00051561344452095	
8.76112862451874e-06	0.000636376524635497	0.00736014451083433	0.0757049124444664	0.375611885187799	0.474215201991803	0.0662707698483369	0.00019194836350082	
5.34400219502896e-05	0.000969098905516446	0.0124587036248287	0.107644156453242	0.426707408701312	0.411833535129237	0.0402554911616585	7.81660022556475e-05	
2.39129377761446e-06	0.00011239080754788	0.0018954988677224	0.01963730450177	0.147242320160759	0.465766636828634	0.341455229799347	0.0238507641379266	3.74636025159599e-05	
8.77477077905606e-06	0.000261647710502762	0.00346922528346498	0.0310674747964652	0.194338039269492	0.487878053021951	0.270052345496229	0.0129021038709502	2.233578016487e-05	
7.3276002825905e-05	0.000527268629029881	0.00571951061187852	0.0467899137175067	0.245876034525741	0.48925988847711	0.204723594156079	0.00702493853178785	5.57534804110147e-06	
9.98362685196278e-05	0.000983986262529452	0.0090243999840262	0.0687408649814304	0.298348308773611	0.471022722734715	0.148006868735274	0.00377301225989377	
0.000173142764587278	0.0018989851599895	0.0145056933649618	0.097526452145175	0.349018312440507	0.433612516067569	0.10151192730238	0.00175297075483064	
4.80315086696873e-06	0.000323412158375895	0.00310843913607326	0.0227997566403561	0.132221137065915	0.392872124113418	0.381882514929794	0.065973678733249	0.0008141340719512	
1.36123491231245e-05	2.24203397322051e-05	0.000580526653780309	0.00478273890073074	0.0348075774342484	0.17398263704833	0.422839600085197	0.321872803006888	0.0407473660104447	0.000350718171525208	
1.68196184029051e-05	8.40980920145257e-05	0.000971533196320188	0.00782512722839921	0.050718357892646	0.219030677382098	0.437332504633404	0.259453826943747	0.0244557251578241	0.000111329855143039	
4.63790366754227e-05	0.000181517953884844	0.00170642869423021	0.0124207858048162	0.0724680444439113	0.266804204499566	0.433430489418783	0.199209957099391	0.0136874132891933	4.4779759548684e-05	
2.39403215663993e-06	6.6234889667038e-05	0.000272121655138072	0.00280740170901976	0.0191769955854047	0.10127394431162	0.312853718251144	0.410695418460861	0.145718353288921	0.00711985163384715	1.35661822209596e-05	
7.99487688289344e-06	0.000119923153243402	0.000504476731310576	0.00499919651487327	0.0297193558367798	0.135183774237469	0.350452230210881	0.373396727377097	0.102095377282238	0.00352094377922627	
6.3826086679017e-06	0.000161958694948006	0.000824154344242807	0.00807479779097914	0.0428281019877039	0.173741788375036	0.377981276617473	0.326674676840545	0.0680968497039267	0.0016100130364782	
8.76295722720914e-06	0.000295550648299508	0.00148492293377435	0.0126329977917348	0.0612227989841343	0.214280593076945	0.394180918421648	0.271615028949624	0.0436036785301175	0.000674747706495104	
6.35846649684262e-06	2.78182909236865e-05	0.000443503038154773	0.00283110720771918	0.0191660076381079	0.0847623324444727	0.256086443352025	0.39510716003068	0.214982931491498	0.026282721264699	0.000303616775224235	
4.77901439200184e-06	5.57551679066882e-05	0.000798891905862975	0.00490804778058589	0.0286565632992404	0.114145165748167	0.297163097406668	0.376990957308268	0.161562546545609	0.0155827729275207	0.000131422895780051	
1.18776224800634e-05	0.000131445688779368	0.00133742029125514	0.00817338794928097	0.0418678274007249	0.148293700346589	0.331869482349457	0.343008316711261	0.116969242500667	0.00829453969857762	4.27594409282283e-05	
2.13067677396597e-05	0.000290403352896103	0.00234453359090848	0.0129545147857131	0.0584705055149017	0.186614141538491	0.35322517386717	0.300101088775831	0.0817611700729875	0.00420374636108027	1.34153722805265e-05	
3.87170894862558e-05	0.000719821806571001	0.00374212522054913	0.0200933792986834	0.0796031261284254	0.225835202683963	0.360158218571403	0.253720988850268	0.0540616992377474	0.00202277038948602	3.95072341696488e-06	
7.20221036627593e-05	0.00121566979369229	0.00603877638403135	0.0300862444905069	0.106174035477613	0.262480203814639	0.356721522183204	0.202886266017993	0.0335116473987753	0.00080490636730798	8.70596857461925e-06	
7.11515884592124e-06	0.000153371201789858	0.00216538000877536	0.00969558978737534	0.04244034136951	0.136867986133346	0.294970768555741	0.338061751673051	0.155505749443634	0.0197516809562773	0.00037868456524403	1.58114641020472e-06	
3.97733238725854e-06	1.98866619362927e-05	0.000373869244402302	0.00332027707688343	0.0154726184529132	0.0598031697748194	0.170989496660632	0.319114900359869	0.306268116749024	0.113608522309653	0.0108597083501707	0.000165457027309955	
9.55409448680978e-06	7.56365813539107e-05	0.000748404068133433	0.00545459177742781	0.0232578506790573	0.0817559788727124	0.204460806715891	0.332586787005795	0.266367358117716	0.0792750990043041	0.0059569779125259	5.09551705963188e-05	
4.7581775228452e-06	2.93420947242121e-05	0.000195085278436653	0.00155592404997038	0.00826891950511782	0.0344801334192977	0.107687073697033	0.239983441542221	0.33177265110584	0.220916631178593	0.0521464535320348	0.00294213976829262	1.74466509170991e-05	
2.46552637397422e-05	8.51004264565296e-05	0.00039130289548236	0.0025450594828121	0.0126521269539297	0.0474669500166224	0.137549330410757	0.268606373147077	0.31984080652935	0.176391710105	0.0331247444998879	0.00130991030255985	1.19299663256817e-05	
4.30256257439848e-05	0.000101189897583075	0.000723467929176633	0.00450414559871752	0.0187822791789436	0.0646117415339114	0.167844559568979	0.291873893484486	0.298225750677654	0.133075073342756	0.0197121107575219	0.00049957532113849	3.18708338844332e-06	
6.93066940706928e-05	0.000171275163508034	0.00136462490739192	0.00726605007607804	0.026864708553402	0.0853141505150204	0.197985326099945	0.306976077241116	0.264891777995523	0.0970771694190187	0.0118251559400617	0.000194377394864932	
1.74662643074507e-05	0	0.00012702737678146	0.0004350687654765	0.00246988855729451	0.010811617606312	0.0381820476971921	0.110686892600735	0.226888361195995	0.30975308259717	0.226241315495514	0.0680731772960794	0.0062354563577599	7.85981893835282e-05	
8.74147408272136e-06	3.97339731032789e-06	0.0002193315315301	0.000736667861334791	0.00400518448881052	0.0156853832222504	0.0529153213405607	0.13832031780821	0.255453686478291	0.29969667084933	0.184292524688704	0.0456201638787987	0.00300547772553202	3.65552552550166e-05	
1.27578175520459e-05	2.31235443130832e-05	0.000299808712473079	0.00126780811923456	0.0063342564145908	0.0231522494025753	0.0699056639128386	0.168393623323842	0.277361332490254	0.279056527497482	0.144454376051025	0.0284004965980482	0.0013331919341888	4.78418158201722e-06	
2.47424391894696e-05	4.70904487799583e-05	0.000471702630999243	0.00223001209985091	0.00980119849182861	0.0336728634504688	0.0912525101603629	0.198437554872345	0.288009175454223	0.250980119849183	0.107488339127853	0.0169429838423891	0.000639312702927909	2.39442959898093e-06	
1.5932890664521e-06	3.90355821280765e-05	8.60376095884136e-05	0.000827713670021868	0.00368926083336985	0.0151075669280988	0.0481045834943219	0.116308508561937	0.225906083575978	0.288527920399278	0.214110964617033	0.077126343839747	0.00990627477066595	0.000258112828765241	
1.19887593392435e-05	5.75460448283689e-05	0.000195017151918361	0.00134833580035359	0.00588408308370072	0.0218722925385159	0.0639680235810904	0.143896282845204	0.247653400171999	0.280047027906635	0.176355449130895	0.0532732509998625	0.00536217242713232	7.51295585259261e-05	
9.56830975808123e-06	1.19603871976015e-05	9.48857384343056e-05	0.000370772003125648	0.00230755736999059	0.0090930837067632	0.0316089112858214	0.0831366514105283	0.171534278469708	0.26328240866251	0.260727669957102	0.140223579504681	0.0348709075541806	0.00271979204873459	7.9735914650677e-06	
1.35763662616118e-05	5.59026846066368e-06	0.000133367833275833	0.000658853068578219	0.0037862089674295	0.0134765400390999	0.0440760723732127	0.105184095526507	0.196561825174736	0.271242221540742	0.235083566527389	0.106881939918989	0.0215600682332196	0.00133607416209862	
7.9809160335805e-06	1.35675572570869e-05	0.000201917175649587	0.00113488625997515	0.00581728969687683	0.0197767099312125	0.059338110709671	0.129165539362277	0.220805609626262	0.271176363080602	0.201643430229635	0.077515445067754	0.0127973988598463	0.000604953435345402	7.9809160335805e-07	
1.75449649539325e-05	2.47224506169049e-05	0.000497639005966086	0.00199374601749233	0.00850691550743627	0.0286628902458767	0.0765901520111714	0.15553132932617	0.239165784766345	0.26041193982715	0.167044016329577	0.0537761150822101	0.00745581260701432	0.000321391858019764	
2.81084762314725e-05	0.000110827706284092	0.000800690022936517	0.00348143555609809	0.0130624104544257	0.0391494856951949	0.0968136231344003	0.180536727338143	0.25418013196528	0.239305126343585	0.132888041529872	0.0356303044710145	0.00386130153488342	0.000151785771649951	
8.03626606148226e-06	3.2145064245929e-05	0.000351184826886775	0.00142241909288236	0.00552493291726905	0.0191488147712999	0.0526512043550133	0.119933234701561	0.204722270663048	0.258500963146487	0.212347079902183	0.100503954244716	0.0228961256357691	0.00191022044281433	4.74139697627453e-05	
1.85009262528948e-05	4.50457334853091e-05	0.000566289220958171	0.00246625390832067	0.00821521564438324	0.02752052999523	0.0690736103592317	0.145189638516033	0.225736236316353	0.253037168360842	0.180873903317377	0.072801949193239	0.0136279431555019	0.000814845143225323	1.28702095672312e-05	
3.21242308254482e-06	3.05180192841758e-05	0.000178289481081237	0.0010713430980287	0.00381635862206324	0.0120393586076073	0.0371492636323189	0.0887094572129339	0.169601482854495	0.241834422077056	0.237302496213356	0.149598527425259	0.0504462858767425	0.00778530734054736	0.00043367711614355	
8.8168790332212e-06	2.80537060147947e-05	0.000345461351210758	0.0017689865478472	0.00578066650796284	0.0175840629300733	0.0497833051593971	0.109828655979006	0.192441209451374	0.249353362076359	0.217644658935065	0.117997895170514	0.0332404354897015	0.004022099908064	0.000172329908376596	
3.93516771042305e-05	9.07497859750623e-05	0.000595093729270099	0.00264700260684783	0.00823895623290411	0.0252292435965184	0.0648957341175828	0.132836806185762	0.213469998763233	0.248341206345739	0.191086122349986	0.0900727765097793	0.0203689099264204	0.00201095100957129	7.70971633062476e-05	
6.56929160604759e-05	0.000233129738702421	0.000971774477821431	0.00398163161976299	0.0120466387658704	0.0344094687526037	0.0820488498932891	0.156826615565055	0.230673464548257	0.239144646187568	0.161179171820623	0.0649614815194611	0.0123590806837191	0.00107912631626172	1.92271949445295e-05	
4.79184236755348e-06	0	0	9.58368473510695e-05	0.000396924276112346	0.00156054333103325	0.00600258120575532	0.0175740818830024	0.0465918819801171	0.102271493010299	0.178749297196453	0.24025578854558	0.221192242326663	0.13215821385673	0.0450457141761865	0.00759347287178308	0.000499948887014746	7.18776355133022e-06	
1.43643878097421e-05	0	1.51624093547278e-05	0.000163594416722063	0.000616870654273924	0.00249621139271518	0.00894981162701431	0.0252422194894418	0.0622400943580675	0.125265441916401	0.199298698666267	0.242035944486429	0.196217537481077	0.10302138937147	0.0301612242927335	0.00408666833187162	0.000174766718351862	
2.1548679664511e-05	0	2.31448781581785e-05	0.000265767049195636	0.000989643066073839	0.00394340837860551	0.0139635444226031	0.0344603292797873	0.0794779153966912	0.148985975001935	0.215462853667705	0.234244523243443	0.16881714508726	0.077981479308878	0.0192629234215792	0.00201041200277419	8.9387115645379e-05	
1.43809825886248e-05	2.39683043143747e-06	3.99471738572911e-05	0.000450604121110244	0.0017872365583752	0.00617822990876864	0.0201213914719175	0.0455501644625148	0.0986791067492348	0.172279377750862	0.225950003715087	0.218872163451052	0.140250532695563	0.0573745279242729	0.0112842776712076	0.00113370079406992	3.19577390858329e-05	
2.00254242786642e-05	3.68467806727421e-05	7.44945783166308e-05	0.000633604424176935	0.00287725296035847	0.00980044264197825	0.0278417478831124	0.0582131073611057	0.121090536545198	0.19255406664301	0.229235036802725	0.198874090545356	0.112222477657634	0.039496544813295	0.0065346964506137	0.000490222386341699	4.80610182687941e-06	
8.77978542204429e-06	3.11283301327025e-05	6.86419587541644e-05	0.000166815923018841	0.00116132616264313	0.00476901980879224	0.0149056811596979	0.0358438730666513	0.0766658844676018	0.14181189229917	0.208284445891779	0.225421788873298	0.173755146151501	0.0874865709191158	0.0256186156992141	0.00376493162143481	0.000233861557150816	1.59632462218987e-06	
6.3674952104497e-06	4.69602771770665e-05	6.92465104136405e-05	0.000404335945863556	0.00192457542735842	0.00739504975003602	0.0208209134012692	0.0463275073405281	0.0964611849431024	0.164881512853187	0.217948217937075	0.216542593369368	0.145014131859683	0.0641986785855564	0.0158494915157106	0.00197949507354855	0.000129737714912913	
4.74524743697323e-06	0.000103604569040582	0.000134448677380908	0.000963285229705565	0.00306542984428471	0.0109061603593101	0.0283971424119935	0.0599823002270601	0.117709026172412	0.182216710705199	0.223501154281439	0.19949732012151	0.117293817021677	0.0458169457531222	0.00932282946450673	0.00102655519553187	5.85247183893365e-05	
2.53020831521335e-05	0.000125719725662163	0.000245113930536293	0.00137738215159427	0.00556724898356788	0.0157260353691495	0.0379499619678063	0.0762241068759992	0.138898157533932	0.199155068560738	0.22133946065447	0.175330785202709	0.09114601041497	0.0311049577850556	0.00522883362140809	0.000533715816490316	2.21393227581168e-05	
6.31879089936141e-06	7.66153396547571e-05	0.000187984029256002	0.00035859138353876	0.00242799540307962	0.00763625880187826	0.0211142397902161	0.0489919553893362	0.095529850363133	0.161235797530143	0.210467866973655	0.211484402459589	0.14921508769297	0.0679593859714944	0.0202469857392788	0.00281897058997761	0.000240903903038154	7.89848862420176e-07	
3.93133993431517e-05	0.000169047617175552	0.000355393130062092	0.000767397555178322	0.00378509408875865	0.011004606744135	0.0287396674558176	0.0615577069594938	0.114504993194851	0.18039503676196	0.2139513819053	0.197583641222773	0.124034561195631	0.0486440415432554	0.0127823586624324	0.00154973420210704	0.000136024361727305	
5.89815073314014e-05	0.000199750704829013	0.000455337236598419	0.00144937224015697	0.00552381476661018	0.0151692572655387	0.0379101672322338	0.077633032789786	0.13679541674367	0.193927264005159	0.215527078410016	0.175964642552405	0.0976002390717097	0.0333025318795047	0.00762119716731481	0.000819449741857603	4.2466685278609e-05	
7.00133576046306e-05	0.000379960131719512	0.000605733543320962	0.00235056081486108	0.00761650930705656	0.0216176074941039	0.0493240170989926	0.0960945133127646	0.159621802002225	0.201448096502007	0.206872951715957	0.153138879754812	0.0729051452737837	0.0230265279825297	0.00445410821075751	0.000463346827293567	1.02266702119123e-05	
