# <P(U)> as a function of N_tot.
# number_of_species: 1
# species_total_upper_bound: 103
# species_total_lower_bound: 0
# volume: 729
# Bin widths for each
10	10	10	10	10	10	10	10	10	10	10	10	10	10	10	10	10	10	10	10	10	10	10	10	10	10	10	10	10	10	10	10	10	10	10	10	10	10	10	10	10	10	10	10	10	10	10	10	10	10	10	10	10	10	10	10	10	10	10	10	10	10	10	10	10	10	10	10	10	10	10	10	10	10	10	10	10	10	10	10	10	10	10	10	10	10	10	10	10	10	10	10	10	10	10	10	10	10	10	10	10	10	10	10	
# Bin lower bound for each
0	0	0	0	-10	-10	-10	-10	-10	-10	-10	-10	-10	-20	-20	-20	-20	-30	-30	-30	-30	-30	-30	-30	-30	-30	-30	-40	-40	-40	-40	-50	-50	-50	-60	-60	-60	-60	-60	-60	-60	-70	-70	-70	-70	-70	-80	-80	-90	-90	-90	-90	-90	-100	-110	-110	-110	-120	-120	-120	-120	-120	-120	-130	-130	-130	-130	-140	-150	-150	-160	-160	-160	-160	-180	-180	-180	-180	-180	-180	-200	-200	-200	-200	-200	-210	-210	-220	-220	-220	-220	-250	-250	-250	-250	-250	-260	-260	-260	-260	-270	-270	-270	-270	
# Bin upper bound for each
0	0	0	0	0	0	0	0	0	0	0	0	0	0	0	0	0	0	0	0	0	0	0	0	0	0	0	0	0	0	0	0	0	0	0	0	0	0	-10	0	-10	-10	-10	-10	-10	-10	-10	-10	-10	-10	-10	-20	-20	-20	-20	-20	-20	-20	-30	-30	-30	-30	-30	-30	-30	-30	-30	-30	-40	-40	-40	-40	-40	-50	-50	-50	-50	-50	-60	-60	-60	-70	-70	-70	-70	-70	-70	-80	-80	-80	-80	-90	-90	-90	-90	-90	-90	-100	-100	-100	-100	-110	-110	-110	
# Normalized histogram for each
1	
1	
1	
1	
4.0692173877659e-06	0.999995930782612	
2.94122718140171e-05	0.999970587728186	
9.92510596063379e-05	0.999900748940394	
0.000463179274703824	0.999536820725296	
0.00138355734267859	0.998616442657321	
0.00355027306283537	0.996449726937165	
0.00762441031858562	0.992375589681414	
0.0160544270326902	0.98394557296731	
0.0312621041405946	0.968737895859405	
1.01792049023051e-05	0.056572967085541	0.943416853709557	
4.79092700360135e-05	0.0948685094406746	0.905083581289289	
9.41383526811524e-05	0.146861969640381	0.853043892006938	
0.000243430446398252	0.215883938909186	0.783872630644416	
1.01951764581141e-06	0.000506700269968273	0.301890389618863	0.697601890593522	
4.08302838215104e-06	0.000990134382671628	0.397864576156135	0.601141206432811	
6.12607461558882e-06	0.00185313757121562	0.497419901574401	0.500720834779768	
2.0386009081967e-05	0.00397425247052948	0.596033901933103	0.399971459587285	
2.75382347991494e-05	0.00757709430825484	0.685579654344157	0.306815713112789	
6.12864015689319e-05	0.0141704374827632	0.761458003493325	0.224310272622343	
0.000112514013108905	0.0256971777394094	0.816492713183369	0.157697595064113	
0.000284913086190804	0.0439491200372532	0.849802807466153	0.105963159410404	
0.000633990263136636	0.0707574036258108	0.861146929288612	0.0674616768224408	
0.00132032959034929	0.107129164727518	0.850458322484352	0.0410921831977809	
3.08369772361434e-06	0.00261805936734858	0.15833348751822	0.815715140339083	0.0233302290776249	
3.60588315290181e-05	0.00492769689152267	0.222263546787879	0.759691583662671	0.0130811138263984	
8.77572448767837e-05	0.00884076809270469	0.29618379877367	0.68781650682803	0.00707116906071872	
0.000194344572927801	0.015471068502327	0.378844766238626	0.601753856395901	0.00373596429021847	
1.03799691507317e-05	0.000474364590188438	0.0262042321210221	0.463061841780206	0.508464864842422	0.00178431669701078	
3.31546436186636e-05	0.000845443412275921	0.0409097219775916	0.541495108653984	0.415892885635129	0.000823685677401173	
2.4840143327627e-05	0.00172017992543817	0.0645616025204465	0.608097058720029	0.325214401487097	0.000381917203662265	
5.19233984487365e-06	7.16542898592564e-05	0.00338125170698172	0.098179877190778	0.655160095414437	0.243033697247125	0.000168231810973906	
7.30916297553936e-06	0.000168110748437405	0.0063547951241618	0.140872630525988	0.677312984623609	0.17521525484963	6.89149651979426e-05	
9.37735410660385e-06	0.000320913896092665	0.0109464980271089	0.193862209158758	0.674399510710501	0.120432316862879	2.91739905538786e-05	
1.14899546460154e-05	0.000650749249497053	0.0185228514307083	0.25670438853595	0.646011210017569	0.0780951326463037	4.17816532582378e-06	
5.43585637213036e-05	0.00122515839771861	0.0302568128528733	0.326668834040169	0.593197234821678	0.0485976013238401	
7.53865129340221e-05	0.00233174672644538	0.0474798916947098	0.397416755490128	0.523535250524041	0.0291588749819386	2.09406980372284e-06	
0.000202871099067319	0.00431495265114685	0.0720118821497609	0.460527906338723	0.446719006709462	0.0162233810518393	
6.32531073088965e-06	0.000384789736129121	0.00736687856457615	0.104914766437901	0.515509661912141	0.363078107045342	0.00873947099317921	
2.5382777573893e-05	0.000731870086713914	0.0125020755708745	0.145555422766025	0.553816247727448	0.283045467957945	0.00432353311341977	
8.26350845261566e-05	0.00138890507453579	0.0208229818764309	0.195973340650423	0.569060153044414	0.210524531496151	0.00214745277351948	
0.000160961533370397	0.00248431419267731	0.0336303708998491	0.252477695708575	0.559930108807879	0.150238530167051	0.00107801869059911	
0.000360311096839966	0.004336450024321	0.0515393231873967	0.316585225761396	0.525729921399194	0.100894525284831	0.000554243246021477	
5.29247822409835e-06	0.000627687917378064	0.00739253358342057	0.0756676196655789	0.375630466468446	0.474730004223398	0.0657336380389463	0.000212757624608754	
3.91703093289914e-05	0.000960201907064736	0.0126922388796021	0.10804971029851	0.426305297625538	0.412145760131612	0.0397186936595973	8.89271887468995e-05	
3.17336405149735e-06	8.77964054247601e-05	0.00200662386856349	0.0200842210819267	0.148306111158712	0.46506284847504	0.340759005213837	0.0236457933357239	4.44270967209629e-05	
1.16430207499799e-05	0.000211691286363271	0.00361462871465285	0.0311778926555825	0.194588747337982	0.488634294835156	0.268991883756081	0.0127459323519325	2.32860414999598e-05	
9.09391796651535e-05	0.000457868195290831	0.00590258721966147	0.0468971234668553	0.245698629673454	0.490380009453445	0.203665694886363	0.00690397562829985	3.17229696506349e-06	
9.56021929018558e-05	0.000899722859865243	0.00871785774606145	0.0684639170767824	0.297698855216852	0.472640245761371	0.147872160747652	0.00361163839851455	
0.000189669879045717	0.00181298973769397	0.0140917302873128	0.0970844878648364	0.349189664581004	0.434448924232711	0.101490339021664	0.0016921943957319	
6.37993807206778e-06	0.00033601007179557	0.00301771070808806	0.0224201657082582	0.131948815883494	0.392951019088775	0.382481540712512	0.0660610687672258	0.000777289121780258	
1.806460113892e-05	2.23150955245482e-05	0.000514309820661016	0.0048030586557599	0.0341261567986126	0.173462675877488	0.422997512398161	0.322733662959173	0.0409864547370166	0.00033578905646463	
2.23525767731182e-05	0.000103247616523451	0.000850462325796257	0.00783085272951573	0.0501836636724858	0.218562431279132	0.438105182711027	0.259603891051412	0.0246176378861275	0.000120278151207731	
6.15821734472533e-05	0.000174128904230164	0.00155972780679336	0.0126859277301342	0.0722964098654642	0.265942616031963	0.434163878657636	0.199175860637418	0.0138920889204114	4.77792725021793e-05	
3.1691569197485e-06	8.45108511932932e-05	0.000256701710499628	0.00266948651206815	0.0194565107159759	0.100749611250085	0.311549252924075	0.412380205868433	0.145640719018322	0.00719187343654925	1.79585558785748e-05	
1.05745356721386e-05	0.000142756231573872	0.000431441055423256	0.00496474449806909	0.029598125346316	0.13439917603218	0.350162001886497	0.374856715041643	0.10189939809743	0.00353506727519595	
8.43619337864272e-06	0.000196141496053443	0.000800383846798728	0.00800700204050427	0.0425669227402865	0.172990472374103	0.378522506182148	0.327176669707211	0.0680642627030618	0.00166720271645427	
1.15879371680978e-05	0.00034342431970908	0.00143163696467681	0.0123516875723588	0.0610083822923679	0.213750035553898	0.394192125891349	0.272573564965663	0.0436854696748952	0.000652084827913866	
3.67790388901557e-05	0.000527516500653091	0.00270483560295031	0.0186669384812779	0.0849742914518158	0.255808723777859	0.395217043616788	0.215462118115358	0.0263222327188432	0.000279520695565183	
5.90638173999897e-05	0.000887011972024845	0.00482002938424916	0.0278696841245951	0.114335948665105	0.296653296446573	0.376604610985659	0.162739801735422	0.0159092611010972	0.000121291767874979	
8.41731357228684e-06	0.000138885673942733	0.00140990002335805	0.00798697841590367	0.0406808764948623	0.148359360368342	0.331755788481327	0.34307812740025	0.117974962700779	0.00856356439560532	4.313873205797e-05	
1.36781489466247e-05	0.000300919276825744	0.0024189280329454	0.0128774511505954	0.0568937344608337	0.18686876657818	0.352638462323539	0.300493149877791	0.0830968591813523	0.00438332065474142	1.47303142502112e-05	
3.70250088066628e-05	0.000721458743032687	0.00384531162892055	0.0200400504809549	0.0780190985573999	0.226126538785812	0.359864044167662	0.253960882549267	0.0552603545726415	0.00211994621853006	5.2892869723804e-06	
7.10631794090725e-05	0.001158223759921	0.00613264631855608	0.0298825972637494	0.10460075751228	0.261979183791655	0.35773310578974	0.202971289414874	0.0345780703270921	0.000881395553566258	1.16670891567134e-05	
3.18949762222952e-06	0.000191369857333771	0.00225178532129404	0.00977474704625941	0.0424596555129935	0.13516134073722	0.295189068103216	0.338142032581781	0.155623031149697	0.0208061561556773	0.000395497705156461	2.12633174815302e-06	
1.0690579354567e-06	2.24502166445906e-05	0.000432968463859962	0.00340494952442958	0.0152832522452889	0.0597378883753847	0.169486306971434	0.319103103154469	0.306622920815948	0.114242738156709	0.0114934418640949	0.000168911153802158	
1.07459863740893e-05	9.88630746416214e-05	0.000830664746717101	0.0056212254722861	0.0229158159427454	0.0816361838853188	0.20300672698747	0.331358937436867	0.267593328891659	0.0804852887446539	0.00639923488577016	4.29839454963571e-05	
6.42363211430639e-06	7.49423746669079e-06	0.000241956809638874	0.00164659103196721	0.00851666557821789	0.0341790758748719	0.107369940185279	0.238280350858786	0.330420929906397	0.222905387393194	0.053357900157486	0.00305015464894315	1.71296856381504e-05	
2.79785899221119e-05	4.08917852707789e-05	0.000431515944567957	0.00261492205810507	0.0129088909502175	0.0473042628610045	0.136262189518359	0.267528048536397	0.319171145034554	0.178205324110442	0.034129575306527	0.00136557040812154	9.68489651150028e-06	
3.88560351517598e-05	8.95847477110018e-05	0.000720995318927098	0.0047177702680095	0.0187868929958759	0.0644686383226281	0.166948193032465	0.2908018050787	0.297929728860428	0.134622130454821	0.0203411344019463	0.000529953146097613	4.31733723908442e-06	
4.21592907726285e-05	0.000182690260014723	0.00134909730472411	0.00763623666712429	0.0266716969546939	0.0854320192246366	0.196401758582929	0.306533717163047	0.26485006967093	0.0982970889550225	0.0124078035766213	0.000195662349483224	
2.37250226735728e-05	0	9.27432704512392e-05	0.000429207228367363	0.00255798880825976	0.0115012439460752	0.0384949276979934	0.110215671240204	0.225714473665764	0.310327610210818	0.225722022536615	0.0683744369351153	0.00645644139757638	8.9508040086661e-05	
1.1867323325224e-05	4.31539030008145e-06	0.000242740704379582	0.000777849101589682	0.0041697458774537	0.0165009736599365	0.0526132385385931	0.137774229567975	0.254133334771797	0.300924032948005	0.183858282582545	0.0458542584810905	0.00308766175970828	4.7469293300896e-05	
1.73492136468915e-05	2.92767980291293e-05	0.000325297755879215	0.00133480512495771	0.00640185983570295	0.0235764970202726	0.0692992652608021	0.167324491017445	0.275903460300662	0.280626783716028	0.145248700977628	0.0285080109994015	0.00139769602442769	6.5059551175843e-06	
3.36515393950973e-05	5.53622099725794e-05	0.000498259889753215	0.00239034483058078	0.0099565135268333	0.0337731191503312	0.0909850782561121	0.196526075600897	0.287207204468924	0.252257366973294	0.108327561913405	0.0172958057155511	0.000690399324363932	3.25660058662232e-06	
5.20702253772922e-05	0.000101970858030531	0.000967638354928013	0.00393564120143367	0.0150819238212603	0.0484046984700032	0.115721736715584	0.224881540237267	0.287580600369699	0.214865615426672	0.0780706245823534	0.0100408751269212	0.000295064610471322	
3.92085108607575e-05	0.000191686053097037	0.00152586454766448	0.00630494637147015	0.0220918176194335	0.0649173136070959	0.142674325395788	0.24588310635962	0.279683020972197	0.177353164126826	0.0538779395491893	0.00536285298551028	9.47539012468306e-05	
1.3066756972476e-05	3.26668924311899e-06	8.27561274923478e-05	0.00027984637849386	0.00245655031082548	0.00970860043054964	0.0322520228973138	0.0841553593848171	0.170693224124282	0.261582318935582	0.260865825094925	0.140390325808696	0.0348904189093396	0.00261661808373831	9.80006772935697e-06	
1.85795801670632e-05	3.27874944124645e-06	8.74333184332387e-05	0.000545365323727326	0.00414215346077468	0.013978401784514	0.0450511102392066	0.106829307211172	0.195570846671468	0.268331761355129	0.234814198733747	0.107448990855568	0.0218495862764663	0.00132898644018523	
1.09346382001586e-05	9.8411743801427e-06	0.000139963368962029	0.00110658538585605	0.00631912741587163	0.0205363440037178	0.0605560263524781	0.130699543478855	0.219133429922637	0.268151226046308	0.201685027746644	0.077998961209371	0.0130668926491895	0.000586096607528498	
2.40672570437751e-05	1.5315527209675e-05	0.000422270964495326	0.00198336077365292	0.00897271101241105	0.0297000891582477	0.0781223163640938	0.155757817756166	0.237443182128968	0.257647644417217	0.167666734127917	0.0541589861120987	0.00775840849792967	0.000327095902549488	
3.74463360962855e-05	0.000126656725031554	0.000704872208871257	0.00367084230026234	0.0136921426573242	0.039627034492481	0.0979155607148285	0.180391115966897	0.250118396503834	0.239545313370765	0.134078809118403	0.0359099349535115	0.00404090020991975	0.000140974441774251	
1.10437564674999e-05	3.75487719894996e-05	0.000305912054149747	0.00133850328386099	0.00564556830618594	0.01961702461322	0.0532684549453389	0.121464755507797	0.204207892089247	0.25554479402842	0.212714897696162	0.100929994732128	0.0229202121726493	0.00195916239733448	3.42356450492496e-05	
2.5444645174423e-05	3.20823786981856e-05	0.000519955792694732	0.00239954066884016	0.00827835999305251	0.0278740556441201	0.0695700850625551	0.147324495559909	0.223952703936065	0.250729320970923	0.18147895340643	0.0732108819003389	0.0137567027279978	0.000837460712914706	9.9566002856438e-06	
4.41761967607804e-06	4.19673869227414e-05	0.00011154489682097	0.000875793100782471	0.0039118022231671	0.0121031735075348	0.0372858144710177	0.0896622177555179	0.171875224332249	0.240599029228076	0.235237143346236	0.149297874572733	0.0507595544830557	0.00780703837254891	0.00042740470366055	
1.21392303507244e-05	3.75212574476937e-05	0.000248302438992091	0.00162776043339259	0.00585110902904918	0.0180245499380347	0.0498028478634403	0.111792379432612	0.194539994901523	0.247031130504451	0.215646805782246	0.117860891041579	0.0333387408086714	0.00405339937074644	0.000132427967462448	
5.39880058483334e-05	0.00011128139980983	0.000471568704144626	0.00243937642751449	0.00811472781781582	0.0255264106019222	0.0651249601976181	0.135049343935549	0.215704119284846	0.245115462715773	0.1898703075884	0.0899958021570963	0.0204118733948209	0.0019589933550681	5.17844137728912e-05	
8.99684123098731e-05	0.000229309733814189	0.000832756401746265	0.0036700529167869	0.0121402497830335	0.0346784342424166	0.0811547994307852	0.158521050962717	0.232048284510841	0.236473194350423	0.161843299163623	0.0649209868876525	0.0124255154806014	0.000969903371730828	2.194351519753e-06	
6.58457169007299e-06	0	0	0.00013169143380146	0.000402756301709465	0.00147384662996134	0.00560566536548214	0.0178068767071874	0.0468799555760897	0.102014769194301	0.178897325676208	0.24179864160286	0.220297820177542	0.131580593511344	0.045198694937891	0.00743178658086238	0.000472991733070243	
1.97117485306534e-05	0	2.08068456712453e-05	0.000216829233837188	0.000631871050121501	0.0023796460865061	0.00853628221091352	0.0254927663358378	0.0620361579173881	0.123982517869248	0.199739147861111	0.243136752445626	0.196469187799304	0.102769391158843	0.0303736142914557	0.0040343378659404	0.000160979279667003	
2.95990642310656e-05	0	3.17915875074409e-05	0.000343129892752724	0.000903319589866596	0.00370097929052139	0.0133930284337381	0.0345684182369701	0.0790733519624728	0.148742971592572	0.216050147392377	0.234749082154943	0.169029293207234	0.077830191264768	0.019457547816192	0.00202150646081796	7.56420530349455e-05	
1.97218128728655e-05	3.28696881214425e-06	5.47828135357376e-05	0.000533584603838084	0.00157555371728781	0.00577739551547888	0.0195640383698826	0.0456439445817058	0.0978716876941366	0.172053095502879	0.227395789392952	0.219450090117728	0.14027687233961	0.0572655706451772	0.0113663381523948	0.00111537808358762	3.28696881214425e-05	
2.75552537949096e-05	5.07016669826336e-05	0.000102505544117064	0.000570944858630526	0.00253728776943527	0.0093224934638938	0.0275574582152131	0.0576588174607723	0.120988506152537	0.190978850791607	0.231374852854945	0.199959659108444	0.112359302874123	0.0392816675998713	0.00669262004170763	0.00053016308301406	6.61326091077829e-06	
1.20935601792046e-05	4.28771679080889e-05	9.45496523101448e-05	0.000229777643404887	0.00102905202979413	0.00445592721875601	0.013964763763296	0.0352483302641343	0.0763378500948245	0.141292361817332	0.20601379765275	0.228030673666273	0.175135640271555	0.0886743808921749	0.0254195640821263	0.00376219663029437	0.000253964763763296	2.19882912349174e-06	
8.79009795465408e-06	6.48269724155739e-05	9.55923152568631e-05	0.0005120232058586	0.00194041412348989	0.0068947330831818	0.0198941891958709	0.0455272135938865	0.0966570158716206	0.163568340264692	0.216915444751487	0.219153623443191	0.146192514132829	0.0647951083104882	0.0157079050449668	0.00193272278777957	0.000139542805030134	
6.56578699711543e-06	0.000143353016103687	0.000176181951089264	0.00114463553316379	0.00310671154746845	0.0101474238040419	0.0272874107600117	0.0602586044638597	0.116732032723882	0.179758116407026	0.223766398053025	0.202294085976792	0.117960929190176	0.0468042126089373	0.00926104255943132	0.00107460047186123	7.76951461325326e-05	
3.49801706157822e-05	0.000173807722747168	0.000331218490518188	0.00141997630093441	0.00565913572743451	0.0148042640827981	0.0371511274546242	0.0766032942575677	0.13850398555319	0.196285761758803	0.221807075614011	0.177464243706849	0.0920940441887005	0.0317707399617842	0.00524046681037687	0.000625270549757106	3.06076492888094e-05	
8.74968145690946e-06	0.000106089887665027	0.000260303023343056	0.000476857639401566	0.00241600579228912	0.00748753990675027	0.0195314764321861	0.048690883597519	0.0957565138644171	0.160744772885612	0.208983954177918	0.212321957653729	0.150624672570514	0.0686860931469214	0.0207225268205079	0.00287098922804842	0.000309519981538172	1.09371018211368e-06	
5.45123110603299e-05	0.000234402937559418	0.000492791291985382	0.00102047046304937	0.00407970135975509	0.0105415907128466	0.0267829886701613	0.0618235022197413	0.114686270747386	0.179114371189589	0.21206815347178	0.19851421244974	0.126357356545402	0.0496149250346698	0.0129194177212982	0.00151217150881355	0.000183161365162708	
8.17861216584917e-05	0.000276982332016759	0.000631388859203556	0.00182982816190599	0.00564433287605804	0.0146789731152661	0.035809235506954	0.0777949589215573	0.136658066401607	0.191812445884849	0.214979727946645	0.176879390551631	0.0999873504131835	0.0343010994235714	0.00769989073374146	0.000875656742556918	5.8886007594114e-05	
9.72262126238951e-05	0.000527643378621813	0.000841170603599992	0.00272014909475841	0.00737171328973084	0.020286413128379	0.0472716030636089	0.0973278085539403	0.160678879298573	0.198558867194456	0.205626885123406	0.154972028346357	0.0748783853020185	0.0238521025441587	0.00449643922651632	0.000478484057632203	1.42015816192206e-05	
