# <P(U)> as a function of N_tot.
# number_of_species: 1
# species_total_upper_bound: 103
# species_total_lower_bound: 0
# volume: 729
# Bin widths for each
10	10	10	10	10	10	10	10	10	10	10	10	10	10	10	10	10	10	10	10	10	10	10	10	10	10	10	10	10	10	10	10	10	10	10	10	10	10	10	10	10	10	10	10	10	10	10	10	10	10	10	10	10	10	10	10	10	10	10	10	10	10	10	10	10	10	10	10	10	10	10	10	10	10	10	10	10	10	10	10	10	10	10	10	10	10	10	10	10	10	10	10	10	10	10	10	10	10	10	10	10	10	10	10	
# Bin lower bound for each
0	0	0	0	-10	-10	-10	-10	-10	-10	-10	-10	-10	-20	-20	-20	-20	-30	-30	-30	-30	-30	-30	-30	-30	-30	-30	-40	-40	-40	-40	-50	-50	-50	-60	-60	-60	-60	-60	-60	-60	-70	-70	-70	-70	-70	-80	-80	-90	-90	-90	-90	-90	-100	-110	-110	-110	-120	-120	-120	-120	-120	-120	-130	-130	-130	-130	-140	-150	-150	-160	-160	-160	-160	-180	-180	-180	-180	-180	-180	-200	-200	-200	-200	-200	-210	-210	-220	-220	-220	-220	-250	-250	-250	-250	-250	-260	-260	-260	-260	-270	-270	-270	-270	
# Bin upper bound for each
0	0	0	0	0	0	0	0	0	0	0	0	0	0	0	0	0	0	0	0	0	0	0	0	0	0	0	0	0	0	0	0	0	0	0	0	0	0	-10	0	-10	-10	-10	-10	-10	-10	-10	-10	-10	-10	-10	-20	-20	-20	-20	-20	-20	-20	-30	-30	-30	-30	-30	-30	-30	-30	-30	-40	-40	-40	-40	-40	-50	-50	-50	-50	-50	-50	-60	-60	-60	-70	-70	-70	-70	-70	-70	-80	-80	-80	-80	-90	-90	-90	-90	-90	-90	-100	-100	-100	-100	-110	-110	-110	
# Normalized histogram for each
1	
1	
1	
1	
1.18504613977145e-06	0.99999881495386	
2.12536588764135e-05	0.999978746341124	
8.96285603766286e-05	0.999910371439623	
0.00043900280277327	0.999560997197227	
0.00131899195037381	0.998681008049626	
0.00341470734540178	0.996585292654598	
0.00738648965025659	0.992613510349743	
0.0157069928848665	0.984293007115134	
0.0308068401628158	0.969193159837184	
1.18929539005321e-05	0.0561656640906529	0.943822442955447	
5.60496003186479e-05	0.094523477030993	0.905420473368688	
0.000103063502697028	0.146314221445118	0.853582715052185	
0.000247025501185962	0.214384558747701	0.785368415751113	
1.19545011685525e-06	0.000474593696391534	0.300297069354039	0.699227141499453	
4.78755236385398e-06	0.000976660682226212	0.396180730101735	0.602837821663675	
7.18362421025031e-06	0.00189168770869925	0.4954797044657	0.502621424201391	
2.39143769647155e-05	0.00403196395625104	0.594556848659061	0.401387273007723	
3.23470285061184e-05	0.00763749284172239	0.685027399131183	0.307302760998589	
7.20347783910072e-05	0.0141980548208675	0.761045032541711	0.22468487785903	
0.000119050339052961	0.0255862026669681	0.816215137190484	0.158079609803495	
0.000280866846309422	0.0437480120268624	0.849529788089565	0.106441333037263	
0.00060582529873558	0.0707361137989934	0.860733505384513	0.0679245555177583	
0.00131067609645417	0.107331820705303	0.849785174636124	0.0415723285621183	
3.63007590488717e-06	0.00262212482863017	0.158051084848184	0.815644175119702	0.023678985127579	
4.00253251147999e-05	0.00499467541887109	0.222189069932733	0.759282843205034	0.0134933861182469	
9.61277550032063e-05	0.00886808960080212	0.295539307125744	0.688241872033272	0.00725460348517868	
0.000185353647442729	0.0155111736544179	0.378087296690218	0.60243349828182	0.00378267772610096	
1.22275547947299e-05	0.000446305750007642	0.0263234799620946	0.462790939381897	0.508622260263504	0.00180478708770214	
3.90501061674761e-05	0.000822492861152466	0.0407768530495692	0.541318673272643	0.416182608058966	0.000860322651502209	
2.9232251455827e-05	0.00169790660539262	0.064394995925755	0.608606949236977	0.324875062575288	0.000395853405130991	
6.10847428637749e-06	8.42969451520094e-05	0.00337187780608038	0.0978785268803411	0.655648200748899	0.242836286780651	0.000174702364590396	
8.60203425821586e-06	0.000192931339791413	0.00632372404182555	0.140482279194997	0.678137684160337	0.174788420678799	6.6358549991951e-05	
1.10357410867998e-05	0.000340881780236704	0.0108861454854009	0.193698101362056	0.6753432115478	0.119703457375063	1.71667083572441e-05	
1.10547319780232e-05	0.000621521597875526	0.0183398003515405	0.256275709928746	0.646812368034137	0.0779383170521697	1.22830355311369e-06	
5.89826959515752e-05	0.00114156092789611	0.0296916433807898	0.326814516624519	0.59375545282736	0.0485378435434838	
7.7486104773513e-05	0.00215608161377728	0.0468311257993061	0.397680828584747	0.524001628438138	0.0292503895829157	2.45987634201629e-06	
0.000203814417708385	0.00398364543702752	0.0714610405652453	0.461129502445773	0.446937842778793	0.0162841543554523	
7.44330989104235e-06	0.000390773769279723	0.00688009944262014	0.104299379848231	0.516217111425109	0.363610650384013	0.0085945418208569	
2.99011393579976e-05	0.000682742682007612	0.0120090450946558	0.144580729961565	0.555115898062032	0.283263460184764	0.00431822287561749	
8.23159210216154e-05	0.00131830194727042	0.0202222779309769	0.194354125586657	0.571210131343783	0.210633969785068	0.00217887748522367	
0.000170489616311252	0.00240427692491488	0.0327626286761046	0.250471646456803	0.562532355693606	0.150517442207753	0.0011411604245067	
0.000351321754665291	0.00432923084206343	0.0507909099856357	0.314594927262693	0.528014172469082	0.101311476635235	0.000607961050626462	
6.21851101484856e-06	0.000629313314702674	0.00725451494992233	0.0747887882733807	0.373642965433785	0.477325443286558	0.0661326209407115	0.000220135289925639	
3.60608607851817e-05	0.000889086740048446	0.012489492611254	0.106893095712985	0.425416192072579	0.414050803535457	0.0401320076200329	9.32608468582286e-05	
3.72353035359885e-06	6.95058999338453e-05	0.00173516514477707	0.0197396755812121	0.147620602045211	0.464463246893645	0.342541210172188	0.0237859118987895	4.09588338895874e-05	
1.36789549278435e-05	0.000176582872704889	0.00331901188203767	0.0309131945955693	0.193204046483576	0.4885911298195	0.270992532534151	0.0127699261958205	1.98966617132269e-05	
9.44098206089185e-05	0.000409937378959778	0.00570806744339448	0.0467614325944937	0.244110255763657	0.491378271579787	0.204645708514648	0.00688819020100596	3.72670344508889e-06	
8.59189970638117e-05	0.00078945861070227	0.00840511927798158	0.0682931506371703	0.297119098672365	0.473037622559091	0.148637374514682	0.00363225673094404	
0.00018761562900314	0.00165996344601453	0.0135928144456579	0.0967090230692674	0.348869398399924	0.435085613608718	0.102116329144908	0.0017792422565066	
7.4897110095007e-06	0.000335788710259281	0.00289726987550852	0.021735141349571	0.131453166212915	0.392222434430701	0.384024945730802	0.0665011440533567	0.000822619925876827	
2.12232586940455e-05	2.62169666220562e-05	0.000544314164153167	0.00467161376665402	0.0336151449174041	0.173133102291113	0.422073187783393	0.324441204082856	0.0411206879332042	0.000353304835906757	
2.62891708645882e-05	0.000113919740413216	0.000927632171936185	0.00789175872049354	0.0496477251104145	0.218395409159648	0.436889715676358	0.261427026269141	0.0245691079708766	0.000111416009854683	
7.24701966316352e-05	0.000187422922323195	0.00159809278434244	0.0127222679672984	0.071703012136259	0.265841922509368	0.433400514038602	0.200578761984134	0.0138555519042794	3.99835567622815e-05	
3.72806036475343e-06	9.94149430600914e-05	0.000272148406627	0.00272521212663475	0.0191845986370211	0.100614135810754	0.31118741207991	0.412415435164059	0.146449395308609	0.00702987916113671	1.86403018237671e-05	
1.24664652085889e-05	0.000163310694232515	0.000406406765799998	0.00495417327389323	0.029357278919706	0.134558038875425	0.349595837197938	0.374958860664812	0.102546649512811	0.00344697763017483	
9.94155607721109e-06	0.000222442317227598	0.000846274961072594	0.00779293727002385	0.0425163072587029	0.173196819199133	0.377753034349319	0.327742036502909	0.0683345283912201	0.00158567819431517	
1.36530801969519e-05	0.00036490959799126	0.00149687406522945	0.0122865309881479	0.0604769393269528	0.214004584952568	0.393018807738566	0.273967671988472	0.0437481925183603	0.000621835743515718	
4.32965766015404e-05	0.000597492757101257	0.00279943293855102	0.0186125797584793	0.0841673078683487	0.256209347607184	0.394498613272504	0.216465564377061	0.0263379260692399	0.00026843877492955	
6.96592790513401e-05	0.00098642514799487	0.00500178501902569	0.0276398067950139	0.113216231109585	0.297079410334203	0.376203643926644	0.163658256552637	0.0160141706876242	0.000130611148221263	
9.92613713206601e-06	0.000158818194113056	0.00149264287123443	0.00817293316111485	0.0398075322010092	0.147812589567878	0.331350587441203	0.343517550030833	0.118910159773585	0.00872879684051055	3.84637813867558e-05	
1.61313538921234e-05	0.000332554064853006	0.00253014081431074	0.0129199735942146	0.0560328781809789	0.186860639992853	0.352530885338337	0.301138873584784	0.0830876404048225	0.00453911481056827	1.11678603868547e-05	
4.3662075495471e-05	0.00079714474976017	0.003919606891622	0.0200458826039064	0.0767891159178205	0.226147096284856	0.360230835155705	0.254490020720774	0.0553373144829599	0.00219557865348654	3.74246361389751e-06	
8.37017668568487e-05	0.00127176714418316	0.00629637171579877	0.0298602930061552	0.103497859358545	0.261445591977623	0.358104892055953	0.203841286458678	0.0346687721200658	0.000928215116039382	1.24928010234103e-06	
3.76504606533861e-06	0.000210842579658962	0.00239331428220024	0.00994599668926949	0.0419225329221903	0.133893823190927	0.294815657069564	0.338565492348799	0.157027521231722	0.0208156846799021	0.000405369959701457	
1.26507815020273e-06	2.65666411542573e-05	0.000492115400428862	0.00356372514912109	0.0152353361628915	0.0589652925809492	0.168098524286338	0.319408196441335	0.306697956266248	0.115877363324119	0.0114590778845363	0.000174580784727977	
1.27211411372446e-05	0.00011703449846265	0.000847227999740489	0.00592677965584225	0.0231435720709891	0.0813275274045183	0.201731856154424	0.330964656853578	0.268231621449371	0.0813046293504713	0.00635039365571249	4.19797657529071e-05	
7.57734575681267e-06	8.84023671628144e-06	0.000284150465880475	0.00175668132462107	0.00879982420557844	0.0345173357042006	0.107141143219412	0.237246695645805	0.329649901368216	0.223881520621746	0.0536097212294496	0.00308650550494169	1.01031276757502e-05	
3.29298998424431e-05	4.81283151543399e-05	0.000495215032245971	0.00279650841738901	0.013213755579085	0.048062455354655	0.135096180638232	0.267172942767834	0.31791665189043	0.179248843653902	0.0344814047388659	0.00143245064314627	2.53306921864947e-06	
4.0606199805344e-05	0.000105322330745111	0.000763904133838035	0.00492730855762972	0.0191090238396461	0.0655472890920327	0.165623806399791	0.290641412994238	0.296967097557664	0.135095557808636	0.0206101842886999	0.000568486797274816	
3.93686787871399e-05	0.000214622797258924	0.00138552350183128	0.0078661160131466	0.0270373926251035	0.0859608751530299	0.195603915532595	0.305664771890255	0.264599430043128	0.0987455360998085	0.0126779845268393	0.000204463138217081	
2.79191714605153e-05	0	9.77171001118036e-05	0.000503814139537481	0.00248226815348945	0.0117996571018123	0.0391312569084086	0.110457125670536	0.225239184810955	0.309077918600387	0.225783608654436	0.0685910590122451	0.00670440831026829	0.00010406236635283	
1.39742163005422e-05	5.08153320019716e-06	0.000280754709310893	0.000861319877433419	0.00410333805915921	0.017035840053661	0.0537448358918853	0.137704468192143	0.253460524109334	0.299974338257339	0.183340447479814	0.0461898664064922	0.0032293143487253	5.58968652021688e-05	
2.04517013898209e-05	3.45122460953228e-05	0.00037580001303796	0.00132041297098031	0.00632468865480212	0.0240844348491879	0.0711578602918713	0.166745277893884	0.274672740821979	0.279945445086543	0.144938651286987	0.0289135928398593	0.00145846195536161	7.66938802118285e-06	
3.95985979541576e-05	6.5146080505227e-05	0.000540329255955118	0.00255219350685183	0.0100312190236774	0.034508262055857	0.0934143699479853	0.195555759935416	0.285674504634313	0.25202080586979	0.107496142330135	0.0173429085297935	0.000754928109384101	3.83212238266041e-06	
6.13123917453083e-05	0.000120070100501229	0.0009669475114833	0.00418968010259607	0.0154264532314185	0.0493041043536908	0.117698077345582	0.222994446119181	0.285557355187795	0.215267807417778	0.0778015931003122	0.0102928177642436	0.000319335373673481	
4.61323177389013e-05	0.000225535775612407	0.00150698904613744	0.00660204724974499	0.0222524360426673	0.0664138786515011	0.144564587807741	0.24401945758646	0.27804332337217	0.17682901825302	0.0538428220676505	0.00555894428753761	9.48275420188527e-05	
1.5357739340769e-05	3.83943483519226e-06	9.72656824915372e-05	0.000318673091320958	0.00255578378862631	0.00985710903355026	0.0324035501974109	0.0856539517383041	0.172045074964965	0.259449808988117	0.260329039565376	0.139554497577957	0.0349529349279786	0.00275159496522112	1.15183045055768e-05	
2.18117339430354e-05	3.8491295193592e-06	0.000102643453849579	0.000582501600596358	0.00437132809081893	0.0144047257046152	0.0445793350500451	0.108607038518239	0.197024109664266	0.266232741465518	0.234745578953986	0.105795890925934	0.0221324947363154	0.00139595097235427	
1.28298062057773e-05	1.15468255851995e-05	0.000164221519433949	0.00116751236472573	0.00664968855645435	0.0210832205379538	0.0605451384656835	0.131216842969587	0.220047855177148	0.267455272088115	0.200800579907241	0.076828728502056	0.0133930346982109	0.000623528581600775	
2.81894071895802e-05	1.79387136660965e-05	0.000494595962508088	0.00210779885576634	0.009351195166798	0.0302254511906821	0.0778142958734552	0.156574218224452	0.237472691511785	0.257125833669684	0.167218282111899	0.0533830491969222	0.00781487247496588	0.000371587640226284	
4.38935658487402e-05	0.000148463531547209	0.000817194917125075	0.00397882264546521	0.0141918226286824	0.0396100702167955	0.0978490861746886	0.181512804656849	0.248868772438972	0.239017248880391	0.134088388731747	0.035633829545792	0.00408210162393284	0.000157500442163127	
1.29494427854769e-05	4.40281054706216e-05	0.000357404620879164	0.00152414941585064	0.00586091780470686	0.0199071783941137	0.0530784710333914	0.121830947614324	0.205177446214489	0.254911076176392	0.211492889460967	0.101171406594374	0.0226006624934929	0.00199032935612781	4.01432726349785e-05	
2.98406767346515e-05	3.76252011002128e-05	0.000577352223779127	0.00262468213192174	0.00851497223519643	0.028211116300794	0.0692978359022264	0.147577715501583	0.224303285069282	0.24940707872749	0.181366443510302	0.073439202864705	0.0137630390783123	0.000838133790025429	1.16767865483419e-05	
5.18183042978102e-06	4.92273890829197e-05	0.000123068472707299	0.000980661408836057	0.00423226000352364	0.0123327564228788	0.0377263164440207	0.0900796447337057	0.170936926760009	0.240674000684002	0.233705734213554	0.150166854939839	0.0507663927205646	0.00781420028810977	0.00040677368873781	
1.42216430134886e-05	4.39578056780556e-05	0.000266332587343513	0.00172469743454489	0.00618124320431717	0.0181144945692717	0.0501093127197082	0.112627655407004	0.193983210703984	0.246671812315684	0.214431347604106	0.118233568507594	0.0336109139474239	0.00386052963984336	0.000126701910483807	
6.32068036319403e-05	0.000126413607263881	0.000531453124415498	0.00271531268663744	0.00824784290658421	0.0259238190324715	0.0648424409177628	0.136316436477807	0.216431705048676	0.244409100231801	0.187968004458015	0.0899665003940751	0.0204570754856927	0.00194393169537417	5.67571297919464e-05	
0.000105249782120116	0.000237453776734407	0.000929278564084924	0.0039994917205644	0.0122205265312881	0.0352638111459519	0.0811732526931751	0.159531715481601	0.232057800099859	0.235355198761646	0.16032237238143	0.0651419139287818	0.0126453762615534	0.00101399180335233	2.56706785658819e-06	
7.72218661436172e-06	0	0	0.000154443732287234	0.000423433232687501	0.0016551219976782	0.00575689012100666	0.0176645018803524	0.0470268294503605	0.103177422385589	0.179592320028006	0.240582149908235	0.219637005747881	0.130996599663827	0.045393586981423	0.00745577117616624	0.00047620150788564	
2.31733002384275e-05	0	2.4460705807229e-05	0.000254906302622703	0.000690049384877619	0.00260055924897909	0.00879941706275845	0.025596197518912	0.061674451179006	0.125174443454573	0.200706528176158	0.241697521486799	0.195199007152825	0.102928075225682	0.0303956454794041	0.00407335121968804	0.000162213101668993	
3.48456338420796e-05	0	3.74267919044559e-05	0.000403951236761886	0.00102084801366981	0.0040459652627748	0.0136659413612511	0.034999212746791	0.0792957568342613	0.149890429840252	0.216294592731975	0.232749475379624	0.168088884759036	0.0775715432485939	0.0197742519158646	0.00205073008055794	7.61441628400998e-05	
2.31944116930761e-05	3.86573528217935e-06	6.44289213696558e-05	0.000626249115713054	0.00174344661226289	0.0062702226276949	0.0200747633203573	0.0460602358871669	0.0986161956268225	0.173318952798084	0.226905775279654	0.217048150310096	0.13909559834495	0.0573778202149607	0.0115804543269819	0.00115198911408945	3.86573528217935e-05	
3.24623890760165e-05	5.97307958998704e-05	0.000120760087362781	0.00066872521496594	0.00279955643391567	0.00985687981904166	0.0280903545152586	0.057993408836522	0.121614497443262	0.191715078909575	0.231093255354346	0.198076408672912	0.111081101435876	0.0394041463560319	0.00685605657285469	0.00052978618972059	7.79097337824397e-06	
1.42184995605191e-05	5.04110438963859e-05	0.000111162814745877	0.000270151491649863	0.00120598728090585	0.0049971563000879	0.0145791324130086	0.0354105268600383	0.0769608603484825	0.141662788894059	0.205719714595936	0.227771314823432	0.173655705496096	0.0878160384675043	0.0257445323406235	0.00376143942919187	0.000266273719042449	2.5851817382762e-06	
1.03184399550632e-05	7.60984946685911e-05	0.000112213034511312	0.000601049127382431	0.00222878303029365	0.00768852757151646	0.0205698100504185	0.0459828378547447	0.0965651203194589	0.164175408320016	0.216881999610479	0.217857092186232	0.144620674800177	0.0644554249842966	0.0160787090599772	0.00195534437148448	0.000140588744387736	
7.71699217368377e-06	0.000168487662458762	0.000207072623327181	0.00131317483488852	0.00354081324235857	0.0110082893357599	0.02840624819133	0.0609629520067395	0.115667423360621	0.180627777313329	0.223818496344075	0.2011729828104	0.116175458678722	0.0461206037260211	0.00965267104391612	0.00107523424286661	7.45975910122764e-05	
4.10273241979158e-05	0.000203854517108394	0.000388477475999015	0.0016526319028473	0.00624641010913268	0.0158288545171084	0.0386092762780011	0.0769018728973496	0.13745435710183	0.196222152703701	0.221570628538607	0.176659811684582	0.0907691084762452	0.0313653893493066	0.00548484040370887	0.000576946746533191	2.43599737425125e-05	
1.02485267742762e-05	0.000124263387138099	0.000304893671534717	0.000558544709198053	0.0027568537022803	0.00808352549321035	0.020427875992826	0.0504355623879067	0.09648603638227	0.159336407891366	0.209130156290033	0.210745580322829	0.149950038431975	0.0675595695618755	0.0207686395080707	0.00302843966179862	0.000292083013066872	1.28106584678452e-06	
6.38913948513758e-05	0.000274732997860916	0.000577578209456438	0.00119604691161776	0.0047087958005464	0.011145214917874	0.0278029793835247	0.0631413098758207	0.116369230926502	0.177021332058913	0.21152524093445	0.197050006516922	0.125517200841322	0.0486405189003524	0.0131552381998983	0.00162156360132792	0.000189118528760072	
9.57292012355449e-05	0.000324202894851045	0.000739029433538407	0.00208817297628469	0.00651596763076609	0.0154762208664131	0.0372692926250223	0.0786587700712225	0.137329282924463	0.189283435019018	0.214010925892834	0.175968141321829	0.0994817859239782	0.0337336941260562	0.00800551400199117	0.000957292012355449	6.2543078140556e-05	
0.000113625047556551	0.000616639303031618	0.000983048164253305	0.00315852098488659	0.00848740804669606	0.0212006465137537	0.0490770837429367	0.0984554653647875	0.161056483138809	0.195892135359349	0.204239107954009	0.153913425373877	0.073994162991939	0.0235229382160612	0.0047454415928955	0.0005272712880995	1.6596917058822e-05	
