# <P(U)> as a function of N_tot.
# number_of_species: 1
# species_total_upper_bound: 103
# species_total_lower_bound: 0
# volume: 729
# Bin widths for each
10	10	10	10	10	10	10	10	10	10	10	10	10	10	10	10	10	10	10	10	10	10	10	10	10	10	10	10	10	10	10	10	10	10	10	10	10	10	10	10	10	10	10	10	10	10	10	10	10	10	10	10	10	10	10	10	10	10	10	10	10	10	10	10	10	10	10	10	10	10	10	10	10	10	10	10	10	10	10	10	10	10	10	10	10	10	10	10	10	10	10	10	10	10	10	10	10	10	10	10	10	10	10	10	
# Bin lower bound for each
0	0	0	0	-10	-10	-10	-10	-10	-10	-10	-10	-10	-20	-20	-20	-20	-30	-30	-30	-30	-30	-30	-30	-30	-30	-30	-40	-40	-40	-40	-50	-50	-50	-60	-60	-60	-60	-60	-60	-60	-70	-70	-70	-70	-70	-80	-80	-90	-90	-90	-90	-90	-100	-110	-110	-110	-120	-120	-120	-120	-120	-120	-130	-130	-130	-130	-140	-150	-150	-160	-160	-160	-160	-180	-180	-180	-180	-180	-180	-200	-200	-200	-200	-200	-210	-210	-220	-220	-220	-220	-250	-250	-250	-250	-250	-260	-260	-260	-260	-270	-270	-270	-270	
# Bin upper bound for each
0	0	0	0	0	0	0	0	0	0	0	0	0	0	0	0	0	0	0	0	0	0	0	0	0	0	0	0	0	0	0	0	0	0	0	0	0	0	-10	0	-10	-10	-10	-10	-10	-10	-10	-10	-10	-10	-10	-20	-20	-20	-20	-20	-20	-20	-30	-30	-30	-30	-30	-30	-30	-30	-30	-40	-40	-40	-40	-40	-50	-50	-50	-50	-50	-60	-60	-60	-60	-70	-70	-70	-70	-70	-70	-80	-80	-80	-80	-90	-90	-90	-90	-90	-90	-100	-100	-100	-100	-110	-110	-110	
# Normalized histogram for each
1	
1	
1	
1	
1.26809572601016e-06	0.999998731904274	
2.27405955003942e-05	0.9999772594045	
9.45795811511722e-05	0.999905420418849	
0.000456829602558246	0.999543170397442	
0.0013410360829624	0.998658963917038	
0.00342140133315801	0.996578598666842	
0.00738113144374677	0.992618868556253	
0.0157800621296289	0.984219937870371	
0.0308627110008137	0.969137288999186	
5.08218528885235e-06	0.0563169657320951	0.943677952082616	
3.82311224275233e-05	0.0944232261714972	0.905538542706075	
6.27913711841427e-05	0.146628103367412	0.853309105261404	
0.00021019254406033	0.215138477155018	0.784651330300921	
1.27767279566307e-06	0.000468905916008346	0.300788451882204	0.698741364528992	
5.1095683053478e-06	0.000974650154245093	0.396484617005921	0.602535623271529	
7.66717312604705e-06	0.00185928948306641	0.495717244878009	0.502415798465799	
2.55287971213728e-05	0.0040258913060405	0.594406129974765	0.401542449922073	
3.20085219488837e-05	0.00759242140627521	0.684847933913925	0.307527636157851	
6.54712388698894e-05	0.0142239475819289	0.761008154378614	0.224702426800587	
0.000111732130564774	0.0256881158109955	0.816237889264469	0.157962262793971	
0.000279290959684734	0.0439524539169917	0.849359680634631	0.106408574488693	
0.000599451893022868	0.0708341623397878	0.860769275202331	0.0677971105648583	
0.00125269794498192	0.107459809811811	0.849729141160094	0.0415583510831128	
3.8806267470905e-06	0.00254957177283846	0.157918224846101	0.815806051449349	0.0237222713049642	
4.27901235208232e-05	0.00486381070686691	0.222113157833316	0.759449485610848	0.0135307557254482	
0.000102728013929399	0.00862915317006948	0.295535492528813	0.688445439071235	0.00728718721595379	
0.000195538591496418	0.0152637424522104	0.37774796900583	0.603007122819093	0.00378562713137065	
1.30724764237888e-05	0.000470609151256396	0.0260286078074058	0.463008813463605	0.508640906916124	0.0018379901851847	
4.18090788414704e-05	0.000837488110543204	0.0403379218797362	0.541797320038046	0.416099631034879	0.000885829857953655	
3.13052325391805e-05	0.00173091848247885	0.0641157250096198	0.60879677034351	0.324917008524154	0.000408272407698478	
6.53894793558875e-06	8.8929691924007e-05	0.00344994893081662	0.0977036522639799	0.65569823539951	0.24286829643405	0.000184398331783603	
9.20972652374925e-06	0.000201298308304805	0.00644154586575376	0.14020229822147	0.678581859996369	0.174492741419824	7.10464617546371e-05	
1.18118296786657e-05	0.000335980933082048	0.0109443164100437	0.193531579582859	0.676013323743878	0.119144613543181	1.83739572779245e-05	
1.18102021775388e-05	0.000578699906699403	0.0185026500781442	0.256398177029682	0.647061293637057	0.0774460569015541	1.3122446863932e-06	
6.29556084266082e-05	0.00112270835027451	0.0299498191337833	0.32693634401043	0.593642532809053	0.0482856400880329	
8.26398581217928e-05	0.00218667688077823	0.0469630508012131	0.397979127532977	0.523684845686462	0.0291010357528885	2.62348755942199e-06	
0.000214758804781611	0.0039789668125182	0.0716332604734443	0.461396775455835	0.446712806871228	0.0160634315821927	
7.94927303898058e-06	0.000378915348191408	0.00679397869064874	0.104619057587184	0.516278786304992	0.363451362372911	0.00846995042303381	
3.19647109591012e-05	0.000688573148577304	0.0118975317915688	0.144886711736909	0.55476354105068	0.283493689633312	0.00423798792799416	
8.79781814110101e-05	0.00135433079263009	0.0202883018344784	0.194213168467553	0.570886420167798	0.211024999133548	0.00214480142258053	
0.000178333064946507	0.00238753372025398	0.0329091047014718	0.250061551524282	0.562564961811438	0.150791253162418	0.00110726201519025	
0.000371824498836549	0.00423133614267399	0.0509626123136546	0.314049102157115	0.52839992856705	0.10138681209136	0.000598384229310432	
6.64443880405417e-06	0.000645839451754065	0.00719858500031229	0.0748814964339297	0.373299189777132	0.477545119061699	0.0661998726925525	0.00022325314381622	
3.85365672157463e-05	0.0009208910717418	0.0124366804335231	0.106589487224464	0.425325434665901	0.414515263138312	0.04007404336294	9.96635359027922e-05	
3.98323324353355e-06	7.43536872126263e-05	0.00181502661463679	0.0196917774116154	0.147173829626492	0.464733116733961	0.342637723608756	0.0238263735184032	4.38155656788691e-05	
1.46535175768943e-05	0.000187831452576555	0.00339428752599334	0.0307777154633242	0.192787005793468	0.488680157671849	0.271343181385237	0.0127938529825903	2.13142073845736e-05	
0.000100967829789495	0.000422470656224467	0.00583753479072424	0.0464106600771872	0.24347993596514	0.491662847159948	0.205138731126655	0.00694286682210398	3.98557222853271e-06	
9.18138016103342e-05	0.000782413265896761	0.00850807894922431	0.067951527635289	0.296634425385319	0.47342921887745	0.14893263129041	0.00366989079480148	
0.000200769839317648	0.00166333158269125	0.0137068627385804	0.0965423710785063	0.348351626435139	0.435560194387752	0.102149300961967	0.00182554297604723	
5.3413168215426e-06	0.00035920355624874	0.00290033503409763	0.0217511774265268	0.13128289082749	0.392274319349321	0.384386529733108	0.0661922687109667	0.000847934045419888	
1.86956823656982e-05	2.67081176652832e-05	0.000582236965103173	0.00467392059142456	0.0336856134053384	0.173333012835921	0.422235309199878	0.324157759509425	0.0409261841043967	0.000360559588481323	
1.33858594457986e-05	0.000116456977178448	0.00099189218493368	0.00780261747095603	0.0498944524982699	0.218625887984451	0.436777916544521	0.261215676983149	0.0244452565199175	0.000116456977178448	
4.54503528417833e-05	0.000200516262537279	0.00169369403089822	0.0127314458960337	0.0720615344306474	0.266011557757373	0.433168598083867	0.200244897195312	0.0137995291878156	4.27768026746196e-05	
3.98329142025583e-06	7.3027009371357e-05	0.000290780273678676	0.00282946467218839	0.01930701351398	0.100769306349632	0.311201281026521	0.412520281592148	0.145929208944879	0.00705573686907983	1.99164571012792e-05	
1.33133101149205e-05	0.000131801770137713	0.000411381282551043	0.00511630507716395	0.0296873502252612	0.134590908606789	0.349929705722593	0.374483443567541	0.102133058546613	0.00350273189123558	
1.06075613349086e-05	0.000165743145857946	0.000835345455124049	0.00803522771119323	0.0429977498710518	0.173371308402912	0.378194036163828	0.327186251539754	0.0675966846067048	0.00160704554223865	
1.45848553513823e-05	0.000330148089317654	0.00148367755801789	0.0126516990693536	0.0610601598765326	0.21424356973616	0.39369828177145	0.272638678771213	0.0432401184290255	0.000639081843578752	
4.62545692906664e-05	0.00050880026219733	0.00279113286691107	0.0191057802352904	0.0846048934691191	0.256063974034006	0.395105209321749	0.215399599831898	0.0260981495529166	0.000276205856621408	
7.43397699184121e-05	0.00091995465274035	0.00495288717081421	0.0283805346622452	0.113557981038049	0.296684711760817	0.376469869825753	0.162865160932327	0.0159551731187392	0.000139387068597023	
1.05923226845183e-05	0.000158884840267774	0.00144055588509448	0.00814814422506567	0.0405858084060673	0.14810317981527	0.331077609948309	0.343547421828659	0.118322864587747	0.00856389289043301	4.10452504025083e-05	
1.7217790480681e-05	0.000308595783230667	0.00251512185560101	0.0130603563023073	0.0568968508661211	0.186760048898525	0.352522340083149	0.30083055972388	0.0826745321065437	0.00440245658136797	1.19200087943176e-05	
4.65469479166251e-05	0.00075805029464218	0.00384344798511562	0.0203769238851009	0.0776589279040973	0.226196888270036	0.36037843998569	0.25376864039025	0.0548323046457844	0.00213583995297428	3.98973839285358e-06	
8.91087792097248e-05	0.00120097354666241	0.00630012368830547	0.030161326789823	0.104464748832941	0.261177831863703	0.358245222040458	0.203113487345223	0.0343268297224328	0.00091901740946149	1.32998177924962e-06	
4.00738962647121e-06	0.000224413819082388	0.0023149354075582	0.0100719059278643	0.0421230081603811	0.134669664194107	0.294458982363478	0.33876201048066	0.156218734012185	0.0207262191481091	0.000426119096948106	
1.34747281473596e-06	2.82969291094552e-05	0.000509344723970194	0.00352229393771981	0.0154649454947246	0.0593656097988223	0.168598493525393	0.318896958753857	0.306917925430854	0.115094390470672	0.0114144422136283	0.000185951248433563	
1.35450331717862e-05	0.000124614305180433	0.000842501063285104	0.00582436426386808	0.0234925055331461	0.0820138213518485	0.202261207837698	0.330516417934708	0.268373160245869	0.0802285859798071	0.00626457784195114	4.46986094668946e-05	
8.05470757384153e-06	9.39715883614845e-06	0.000302051534019057	0.00178546017886821	0.0087850010605365	0.0349560884192099	0.108319707453021	0.237536011255111	0.328377003272896	0.224159826877485	0.0527610195111866	0.00298963896115752	1.07396100984554e-05	
3.49970858195846e-05	5.11495869670852e-05	0.000526302329056061	0.00282668770081261	0.0131615963516884	0.048601529911067	0.13640652614888	0.267065453972775	0.316941685432732	0.179020862301274	0.0340171674166363	0.00134334967876713	2.69208352458343e-06	
4.310240322837e-05	0.000111796858373585	0.000810863960733711	0.00500257267469269	0.0190984054804706	0.0659062684363795	0.167114752066895	0.29045901365538	0.29577677265368	0.134862031901166	0.0202891093696543	0.000525310539345759	
4.1714380292512e-05	0.000227410653852727	0.00146000331023792	0.00794591663313817	0.0268452221559876	0.0858374296406239	0.197477221929923	0.305020931199531	0.263644302824871	0.0989572750552043	0.0123541846924372	0.000188387523901667	
2.95951915885085e-05	0	0.00010358317055978	0.000534058684574448	0.00257209119623764	0.0117748505442825	0.0386997487099187	0.11080843301532	0.22714040496984	0.308336158328894	0.225035110659112	0.0684146663007625	0.00645040653031355	0.000100892698597188	
1.48037095404525e-05	5.38316710561908e-06	0.000297419982585454	0.00088014782176872	0.00416522554797277	0.0170309949304024	0.0533444944331323	0.138905898201618	0.254280627192799	0.299344464825713	0.182610486140363	0.0459870507915274	0.00308590054329614	4.7102712174167e-05	
2.16354800236908e-05	3.65098725399783e-05	0.000397551945435319	0.00135897858898808	0.00645413413456728	0.0240370183063205	0.0706587733223714	0.168255071491739	0.275449409486617	0.278752876842734	0.144361388240576	0.0288549692640962	0.0013576263714866	4.05665250444203e-06	
4.18512283335516e-05	6.88520208068107e-05	0.00057106676080943	0.00259072603780921	0.010169848485053	0.0345178130978144	0.0933957411650032	0.197116585371781	0.286077446373051	0.250773910214265	0.106821885222331	0.0171698039337455	0.000684470089197118	
6.4691509104656e-05	0.000126687538663285	0.00101754352862532	0.00424133706567401	0.0155866104749031	0.0491588082206735	0.117788412942075	0.22464665632501	0.285790914347094	0.214066899106853	0.0770907150163818	0.010153871449885	0.000266852475056706	
4.86667342593531e-05	0.00023792625637906	0.00156815032613471	0.0066889722532022	0.0225664943053162	0.0660745547331779	0.144792997397682	0.245629118929332	0.277615330021292	0.17598026293555	0.0532616850856737	0.00544526682212985	9.05741998715739e-05	
1.6204303863106e-05	4.05107596577651e-06	0.000102627257799672	0.00033623930515945	0.00261969579120214	0.0100034569181575	0.0328326203439634	0.0854331410422608	0.172454303863106	0.260896043989284	0.259803603837179	0.138386105349581	0.0343814817215452	0.0027196223316913	1.08028692420707e-05	
2.30038727696392e-05	4.0595069593481e-06	0.000108253518915949	0.000614338719848012	0.0044789893451474	0.0146358757574363	0.0448494328868778	0.108758250947895	0.197519370614041	0.267257640668682	0.233749117057236	0.105000500672525	0.0216114618825828	0.0013897045490835	
1.35066871608133e-05	1.2156018444732e-05	0.00017288559565841	0.00121830318190536	0.00669661549433124	0.0213027469900348	0.0606787920699538	0.131710459848671	0.220507473250006	0.26819553360869	0.199861151255987	0.0758373470705346	0.0131717213192251	0.000621307609397413	
2.9664467900349e-05	1.88773886638584e-05	0.000520476573160668	0.00214797715296618	0.00958431990162184	0.0307135113560977	0.0778678798535115	0.157053131758779	0.237644749119505	0.25747005237127	0.166363729524775	0.0524481276327215	0.00775590997103669	0.000381592927990853	
4.61707475723014e-05	0.00015616576384749	0.00085959068274314	0.00407660541800143	0.0144595917691137	0.039996089066088	0.0980639519172403	0.181734852260398	0.248685152166562	0.239415695609841	0.133106191361453	0.0351359389025213	0.00409833282862369	0.000165671505994728	
1.36106642276356e-05	4.62762583739612e-05	0.000375654332682744	0.00160197517959271	0.00607852264406208	0.0201791707838926	0.053386469366478	0.122412952996932	0.205323675205997	0.254455450934917	0.211521971695263	0.100393620409463	0.0221785773589323	0.00198987911008033	4.21930591056705e-05	
3.13118579367392e-05	3.9480168702845e-05	0.000605816381819518	0.00275408211330536	0.00876868160741465	0.0284420580875806	0.0696879433010322	0.148086028648989	0.223887952558451	0.249053156643696	0.181320162386018	0.0729389309859423	0.0135335295543097	0.000838613238653536	1.22524661491588e-05	
5.43691009525466e-06	5.16506459049193e-05	0.000129126614762298	0.00102893523552695	0.00438486799182289	0.0125864468705145	0.0380570114392588	0.0906808642512287	0.171205580444522	0.240277445522161	0.232827519464138	0.150104932364838	0.0504953025096777	0.00777342220869036	0.000391457526858336	
1.49347352071448e-05	4.61619088220839e-05	0.000279686859333802	0.00178945281845607	0.00642193613907225	0.018246173313529	0.0507903190330981	0.113118399865316	0.193787693235108	0.246523600954737	0.213159402501975	0.118363207329425	0.0335121881016322	0.00383143843223296	0.00011540477205521	
6.64147424463396e-05	0.000132829484892679	0.00055842599771208	0.0028260150612371	0.00851328565929508	0.0260372898447793	0.0656462289980319	0.136756087114456	0.215994296464567	0.244394053576366	0.186887019035278	0.0899513139275781	0.0202429424170629	0.00193415994838626	5.96377279109988e-05	
0.000110445445337586	0.000249175699846993	0.000975152468590393	0.00414978557420856	0.0125126608193436	0.0357142857142857	0.0820515376161024	0.159805131133763	0.231279497015279	0.234870320884426	0.159599056095511	0.0652274637415684	0.0124412753485766	0.00101151865181131	2.69379134969722e-06	
8.1030054047046e-06	0	0	0.000162060108094092	0.000444314796357969	0.00173674415840835	0.00599892500128298	0.0179967750038489	0.047514673192287	0.103846766765793	0.17941809617187	0.240028576599061	0.219029638092769	0.130719033689595	0.0452417801762674	0.00737643592008276	0.000478077318877572	
2.43253433589786e-05	0	2.56767513233662e-05	0.000267578776948764	0.000724354668911806	0.00272173564027682	0.00913686924722522	0.0259821695233179	0.0622526078795193	0.125987710295972	0.200432720830197	0.240093841769047	0.195029791788575	0.102988098150058	0.0302377532031747	0.00392448872858187	0.00017027740351285	
3.65709951374121e-05	0	3.92799577401834e-05	0.000423952647333704	0.00107139470939604	0.00423681751073426	0.0141245310108494	0.0356120223760311	0.0803735659429222	0.150650828265316	0.215594143222853	0.230903845372415	0.167724065069282	0.0775454089856289	0.0196101802814612	0.00197347925611887	7.99143967817524e-05	
2.43381049540213e-05	4.05635082567021e-06	6.76058470945035e-05	0.000657128833758574	0.00182941422237726	0.00652531636156148	0.0205738113877993	0.0468846549600382	0.100197273861822	0.173653730963884	0.225449274656867	0.21563696200957	0.13851897222887	0.0575163504741198	0.0113388526746901	0.00108169355351206	4.05635082567021e-05	
3.40009765080453e-05	6.25617967748034e-05	0.000126483632609929	0.000700420116065733	0.00293224421405383	0.0102152533820771	0.0287457855789618	0.0591045774834653	0.123401784099239	0.191299014107685	0.229170661781406	0.196879254372186	0.110704459432075	0.0394193721243674	0.00667507170805946	0.000520894960103254	8.16023436193087e-06	
1.48809926433784e-05	5.27598830083415e-05	0.000116342306120958	0.000282738860224189	0.00126217873966109	0.00519617206756512	0.015063623007638	0.0361202275980184	0.0783687185300826	0.143030690018101	0.204981615209998	0.225913760589179	0.172689861173867	0.0874014810646133	0.0256358918720018	0.0036066114897497	0.000259740962502604	2.70563502606879e-06	
1.07920705261809e-05	7.9591520130584e-05	0.000117363766972217	0.000628638108150037	0.0023148991278658	0.00796185003068995	0.0211092899492098	0.0468106059073096	0.097888126698908	0.164890696560702	0.21562691812191	0.216169219665851	0.143999946039647	0.0644920644556412	0.0159048139379591	0.00185758513931889	0.000137598899208806	
8.06513402236462e-06	0.000176088759488294	0.000216414429600117	0.00137107278380198	0.00366829179117217	0.0113825924835639	0.0289040961471511	0.0620289457660063	0.117019717908496	0.180966821382821	0.222698513192543	0.199309624527686	0.115898664279387	0.0458664171851876	0.00940125789206969	0.00100545337478812	7.79629622161913e-05	
4.28508682657182e-05	0.000212915251695287	0.00040574415889102	0.001701982923929	0.0064503947636239	0.0163596580500712	0.0392085444631322	0.0782175645709021	0.138459189904335	0.196313218421588	0.220250784706525	0.174858324316796	0.0906844890569595	0.0309329705293153	0.00535234126431487	0.000523584046621745	2.54427030327702e-05	
1.06972894405719e-05	0.000129704634466934	0.000318244360857013	0.000583002274511167	0.0027853067380889	0.00836126885898699	0.0208931434386169	0.0511517637824546	0.0977892714209878	0.160407192322555	0.208803066912883	0.209051778892376	0.148511806464639	0.0675600686231118	0.0204599032162738	0.00288559382659426	0.00029684978197587	1.33716118007148e-06	
6.66900526451276e-05	0.000286767226374049	0.000602878075911953	0.00124843778551679	0.00480168379044918	0.0115267086991838	0.0284326370447237	0.063809042370858	0.118100080428203	0.178211826280416	0.210709888934386	0.194605575021641	0.124223561062079	0.0486557286088322	0.0129805518468476	0.00154187401715535	0.000196068754776675	
9.99668110187418e-05	0.000338554266650139	0.000771743781064687	0.00217527780776782	0.0067137710280187	0.0158187481756057	0.0379887210779355	0.0790337607914172	0.139453701371145	0.190515415548704	0.212140236108279	0.173795633183117	0.0987085620907192	0.0337274691469099	0.00774942719017286	0.000903699971609426	6.5311649865578e-05	
0.000118624910698101	0.000643773391766098	0.00102630540716335	0.00328551016708785	0.00871160018340211	0.0216123924378619	0.0495705511659896	0.0992037469477411	0.163594414766002	0.196709424949085	0.201728991395029	0.151623961698815	0.0738246803791732	0.0233544459017093	0.00449175223654607	0.000482496827783287	1.73272341469136e-05	
