# <P(U)> as a function of N_tot.
# number_of_species: 1
# species_total_upper_bound: 103
# species_total_lower_bound: 0
# volume: 729
# Bin widths for each
10	10	10	10	10	10	10	10	10	10	10	10	10	10	10	10	10	10	10	10	10	10	10	10	10	10	10	10	10	10	10	10	10	10	10	10	10	10	10	10	10	10	10	10	10	10	10	10	10	10	10	10	10	10	10	10	10	10	10	10	10	10	10	10	10	10	10	10	10	10	10	10	10	10	10	10	10	10	10	10	10	10	10	10	10	10	10	10	10	10	10	10	10	10	10	10	10	10	10	10	10	10	10	10	
# Bin lower bound for each
0	0	0	0	-10	-10	-10	-10	-10	-10	-10	-10	-10	-20	-20	-20	-20	-30	-30	-30	-30	-30	-30	-30	-30	-40	-40	-40	-40	-40	-40	-50	-50	-50	-60	-60	-60	-60	-70	-70	-70	-80	-90	-90	-90	-90	-90	-90	-90	-90	-90	-90	-100	-110	-110	-110	-120	-120	-120	-120	-120	-130	-130	-130	-130	-130	-140	-140	-150	-150	-160	-160	-160	-170	-180	-180	-180	-180	-190	-190	-200	-200	-200	-200	-200	-210	-210	-220	-220	-220	-220	-250	-250	-250	-250	-250	-260	-260	-260	-260	-270	-270	-270	-270	
# Bin upper bound for each
0	0	0	0	0	0	0	0	0	0	0	0	0	0	0	0	0	0	0	0	0	0	0	0	0	0	0	0	0	0	0	0	0	0	0	0	0	0	-10	0	-10	-10	-10	-10	-10	-10	-10	-10	-10	-10	-10	-20	-20	-10	-20	-20	-20	-20	-20	-20	-30	-30	-30	-30	-30	-30	-30	-30	-40	-40	-40	-40	-40	-50	-50	-50	-50	-50	-50	-60	-60	-60	-60	-70	-70	-70	-70	-80	-80	-80	-80	-80	-90	-90	-90	-90	-90	-100	-100	-100	-100	-100	-110	-110	
# Normalized histogram for each
1	
1	
1	
1	
1.83621596286804e-06	0.999998163784037	
2.24813954982153e-05	0.999977518604502	
0.000111789893643828	0.999888210106356	
0.000483576061014006	0.999516423938986	
0.00141421311696423	0.998585786883036	
0.00358312693818245	0.996416873061818	
0.00769660685987916	0.992303393140121	
0.0162777799512578	0.983722220048742	
0.0314648965735278	0.968535103426472	
4.59470772374963e-06	0.0562066001138569	0.943788805178419	
2.62344215862344e-05	0.0941249623743164	0.905848803204097	
7.94651074257371e-05	0.146523031944973	0.853397502947601	
0.00022277232298844	0.215107938274504	0.784669289402508	
4.61864964540317e-07	0.000484958212767333	0.299902777424964	0.699611802497304	
1.84580768622008e-06	0.00102765342930303	0.395325399744263	0.603645101018747	
2.7712051463127e-06	0.00208117506488084	0.494940934071644	0.502975119658329	
1.10742328901948e-05	0.00418283004790067	0.594484662879587	0.401321432839623	
2.17061595615171e-05	0.00791997724086078	0.684493581442434	0.307564735157143	
6.28458253274221e-05	0.0145552779864937	0.760171088517421	0.225210787670758	
0.000108207792255837	0.0260669796985534	0.815812765374986	0.158012047134204	
0.000225626657234733	0.0443143700600823	0.84906547565382	0.106394527628863	
4.61931529737073e-07	0.000537688300613953	0.0712030498567319	0.860403367850397	0.0678554320607274	
9.24195626336618e-07	0.00121855193332483	0.108007508165268	0.849698989484502	0.0410740262212783	
6.94203722875725e-06	0.00246581162365458	0.158803729632641	0.815265910108023	0.0234576065984527	
3.4336755408619e-05	0.00466098254161592	0.223034394756685	0.75933089727974	0.0129393886665507	
7.70375623087693e-05	0.00882729802816326	0.296751474503583	0.687407560726251	0.00693662917969383	
0.000222282549427704	0.0154159212776374	0.379807092159087	0.601032059269159	0.00352264474468831	
4.65556934121366e-06	0.000473936958935551	0.0260264948451208	0.46456110783928	0.50729225103761	0.00164155374971194	
1.7655580510841e-05	0.000899969985513132	0.0417731034886498	0.543967970918471	0.412566312966537	0.000774987060317968	
2.32604227628358e-05	0.00179663505420144	0.064748178011085	0.610486077706559	0.322600198923135	0.00034564988225574	
2.33164366888795e-06	5.87574204559762e-05	0.00341772328985595	0.0976431745794881	0.657612117085818	0.241115271799702	0.000150624181010161	
3.27234615064573e-06	0.000145385664692974	0.00643483496623406	0.140298568862785	0.679970623681128	0.173089347204341	5.79672746685815e-05	
4.19455853902594e-06	0.000301542152749976	0.0110680417983098	0.192946896422834	0.676905273352389	0.118749350426004	2.47012891742639e-05	
2.52133681277813e-05	0.000672356483407503	0.0186952455525253	0.257009199610967	0.646441343200165	0.0771543072136847	2.33457112294272e-06	
1.86664849795462e-06	6.85993322998323e-05	0.00123712129201942	0.03031717157953	0.327022816977915	0.593595155673818	0.04775726849592	
3.73064204815979e-06	0.000125909169125393	0.00236196274674117	0.0471879586066612	0.397570326100085	0.524501691146673	0.0282474889281539	9.32660512039948e-07	
1.26226146764543e-05	0.000212714432510619	0.00430664912590731	0.0718385726534326	0.462363570573039	0.445629723546038	0.015636147054396	
9.36773853892319e-07	1.59251555161694e-05	0.000371899219995251	0.00734055991910021	0.104906961962766	0.516461224354059	0.36248042728129	0.00842206533341889	
2.3433944631213e-06	2.3433944631213e-06	3.18701646984497e-05	0.000728795678030724	0.0126533927430698	0.145105328550934	0.555044695562595	0.282077672278159	0.00435355823358675	
1.87747856506191e-06	1.87747856506191e-06	0.000114056822827511	0.00138229359352683	0.0212023654352441	0.194877581357013	0.570138140179121	0.210147114526662	0.00213469312847539	
4.69380877235309e-07	7.04071315852964e-06	0.000188221731771359	0.00254639125900155	0.0335386718210945	0.251365663662316	0.561211021438502	0.150121147204414	0.00102137278886403	
1.03487627113382e-05	8.93756779615572e-06	0.000381493025404331	0.00450359337265236	0.0514945024550088	0.313489424034907	0.527932721752817	0.101707169528727	0.00047180949997601	
1.41289967988403e-05	2.26063948781445e-05	0.000679604746024218	0.00737957502803428	0.0761882604049465	0.372586826217578	0.476615332881519	0.0663304593383956	0.000183205991824962	
5.65826885264453e-06	6.74277038273474e-05	0.00107884326123756	0.0123557730845581	0.107739097223205	0.424627143658731	0.413557683693341	0.0404820845062453	8.62886000028291e-05	
8.94871866123401e-06	0.000128578957606152	0.00191973564543104	0.0196810582472098	0.147745700022937	0.463168722438535	0.343570510486721	0.0237404796230611	3.62658598376326e-05	
6.59736915767618e-06	0.000246458862104617	0.00343393064657045	0.030873802695308	0.194715695800963	0.486078608595995	0.2716447901047	0.0129831512616526	1.69646635483102e-05	
4.56636266617206e-05	0.000506065965580924	0.00567500020007259	0.0470881435099511	0.245566744451752	0.48833294338793	0.205902000208076	0.00688014333671181	3.29531326424788e-06	
7.45933247472325e-05	0.000976322756818208	0.00901682221105945	0.0688888238426704	0.298067371935536	0.470891135291518	0.148527584422648	0.00355734621500251	
4.72479264066298e-07	0.000136074028051094	0.00184125169206636	0.0145032234897791	0.0978088774128925	0.348178001837944	0.434135681870262	0.101731400263171	0.00166501692656964	
1.89454040817873e-06	5.68362122453619e-06	0.000289864682451346	0.00309615266206609	0.0229731969895753	0.132937058631289	0.392371159411366	0.381337829709235	0.0661900318756424	0.000796654241639156	4.73635102044683e-07	
1.94030210977094e-05	3.17073759401592e-05	0.000522935080804118	0.00489050780545679	0.0349661369957403	0.174845828800046	0.422205006641985	0.321096810190656	0.0410586856204211	0.00036297846785227	
2.56061424393834e-05	8.20344933706171e-05	0.000914708310473529	0.0079080303233629	0.051073347846642	0.220310033482402	0.437466243754354	0.257553693472662	0.0245230974517621	0.000143204722531366	
4.74014748494885e-07	5.92518435618606e-05	0.000144100483542445	0.00163250679381638	0.0127092834366448	0.0730342963890978	0.26774912674633	0.432903923372672	0.198019661183738	0.0136961821430112	5.11935928374475e-05	
7.57975560972975e-06	7.72187602741219e-05	0.00028566203954169	0.00284998810925839	0.0196263559472184	0.101692843668488	0.313408682420557	0.409932606497935	0.144917821237149	0.00718276590967016	1.84756542987163e-05	
7.60303418086573e-06	0.000120698167621243	0.000481842291212366	0.00480369203339823	0.0302415436440297	0.135591561202287	0.351580932160502	0.372818582575841	0.100853298029911	0.00349929648174345	9.50379272608216e-07	
1.51893807242012e-05	0.000156640488718325	0.000798391824315825	0.00789278195881304	0.0435996933643766	0.17439212810344	0.379950017444054	0.324755130569341	0.066769194986555	0.00166940787521924	1.42400444289386e-06	
2.03963629964439e-05	0.000291241090228292	0.0014642691295354	0.0122529964866079	0.0624427538125783	0.214893708860417	0.39583411400808	0.269344408716552	0.0427265858053646	0.00072952572764025	
4.73696352111762e-06	3.9790493577388e-05	0.000451906319914621	0.002746491449544	0.0190648570834421	0.0862752640028194	0.257344543515405	0.395508032232195	0.212662187709759	0.0255862347629647	0.000315955466858545	
9.00411203579656e-06	7.58241013540763e-05	0.000824113201592117	0.00474090193716362	0.028703687468219	0.116223656456162	0.298032791080432	0.376211704682186	0.160195474533291	0.0148520458527297	0.000130796574835782	
2.54813617994749e-05	0.000153831924937571	0.0013453215275982	0.00790441280561118	0.0425453804178566	0.149789354075791	0.331463441795851	0.342572843663352	0.116093556235478	0.00806579476367453	4.05814280510156e-05	
4.28806969479782e-05	0.000296866363486003	0.00232498196419038	0.0127652536298981	0.059363377151751	0.187980022307387	0.353188038453147	0.299193701532443	0.0807283309937437	0.00410476649575646	1.17804112494446e-05	
5.93848577096392e-05	0.000650405584438905	0.00372333631671547	0.0196596870606522	0.0812479115146768	0.227571258294439	0.360546680032973	0.251460466887522	0.0530674399894804	0.00200824506905375	5.1843923397304e-06	
8.94296927289894e-06	0.000105432900901545	0.00103173624453655	0.00586752920820833	0.0295941680543958	0.107772664072892	0.263980449727804	0.356315195422706	0.20133965679708	0.033125228869411	0.000852876859078573	6.11887371303612e-06	
9.86122902845293e-06	0.000171397552161206	0.00186705936272042	0.00952829515315897	0.0423629007415644	0.139041450971848	0.296830037491454	0.336796659579104	0.153278248194925	0.0197229276392406	0.000389753337791235	1.4087470040647e-06	
2.35711298915398e-06	2.7813933272017e-05	0.000391752178797392	0.00297467659231232	0.0149917100336171	0.0593502193765059	0.173541972403864	0.320303369870156	0.304997220963786	0.11233764795009	0.0108813764031304	0.000199883181480258	
5.65370225625123e-06	8.57478175531436e-05	0.00081554655046424	0.00485087653586355	0.022610097606458	0.0811358099376067	0.208483568692247	0.332017434133191	0.265503982797669	0.0785614908435936	0.00584639927481846	8.33921082797056e-05	
2.81167143557383e-06	1.73386405193719e-05	0.000190725045713091	0.00152439452998694	0.00782488160520197	0.0328881207819071	0.106743231603937	0.24303759860766	0.332688210942838	0.220192299581717	0.0519503158912858	0.0029082054881952	3.18656096031701e-05	
1.45657868461547e-05	5.02754578238245e-05	0.000382469370734515	0.0025250496293947	0.0119204520092563	0.0460405727643279	0.136819255030482	0.271690923400406	0.320011276738203	0.175821733563567	0.0333086654685132	0.00140066485768991	1.40959227543433e-05	
2.5412051712584e-05	8.28244648410147e-05	0.000679537086536507	0.00432946066214395	0.0177917303536605	0.0629489462469223	0.168432019938108	0.29517462785462	0.297425476805385	0.132304082493167	0.020238346221322	0.000564241666729413	3.29415485163127e-06	
4.70476206606803e-07	4.14019061813987e-05	0.000159961910246313	0.00127593147231765	0.00677579832755118	0.0254367665864034	0.0841851305053949	0.200001787809585	0.30881023154016	0.263951736668821	0.0969990204685378	0.012113821367712	0.000247940960881785	
1.0324920556776e-05	2.81588742457528e-06	9.19856558694592e-05	0.000387653835449864	0.00234891942666655	0.0101442344470325	0.0363601463698283	0.109760945237091	0.229696630368313	0.311664297410275	0.22496781675331	0.0680201073134697	0.0064521367188435	9.19856558694592e-05	
8.9154956475958e-06	1.12616787127526e-05	0.000164232814560975	0.000703385682934005	0.0038801175531563	0.0149517554376312	0.0509919427381176	0.138057388576247	0.258150053422588	0.3013099678526	0.183220943343902	0.0452597482733266	0.00325603285782459	3.42542727512891e-05	
3.14685922313909e-05	3.75744384852429e-05	0.000241415767267685	0.00126907665983908	0.00608846807605254	0.0218626870326386	0.0680318086408997	0.168318454638494	0.280552363032952	0.279870856654926	0.143881918569616	0.0282526899775352	0.00154618814366774	1.50297753940972e-05	
4.60491475973857e-05	4.22900335078032e-05	0.000403634875368922	0.00218780440013702	0.00941611090514298	0.0314604957049772	0.0894373123086082	0.198945944409281	0.291594479928915	0.251521853844704	0.107360768287738	0.0168351924501953	0.000739135807864161	8.92789596275846e-06	
9.37428081689358e-07	4.26529777168658e-05	8.24936711886635e-05	0.000745724038983884	0.00365503209050681	0.0142231275694318	0.0447186004948683	0.115285374200198	0.227212881011785	0.291911354925739	0.21547393785883	0.076550377150753	0.00976753189716226	0.00032856854263212	1.40614212253404e-06	
7.0455348218513e-06	5.73036832177239e-05	0.000181305096082307	0.00125786281686119	0.0059083855016045	0.0204809000248003	0.0606892975507842	0.143320739048421	0.25054485469289	0.282187290982467	0.17776260117388	0.0522712925456363	0.005202422912455	0.00012869843607915	
5.63663171798428e-06	7.04578964748036e-06	9.77016164450609e-05	0.000372487412696795	0.00212266156113091	0.00875791653181808	0.0296712293634693	0.0798306755831917	0.17225405614367	0.266941014058229	0.261912668846477	0.141206549202393	0.034196505194391	0.00258392592338596	3.9926141335722e-05	
7.98229245804836e-06	3.28682630625521e-06	0.000187349099456547	0.000625436091418848	0.0034685408463296	0.013124297440877	0.0412731474742618	0.102248001374832	0.198450590079231	0.274910621801801	0.235324555315878	0.107943601816958	0.0211676309588987	0.00124570717007072	1.92514112223519e-05	
4.70647370751996e-06	2.30617211668478e-05	0.000263562527621118	0.00114084922670284	0.00567365405441531	0.0194123214540368	0.0556884088494884	0.126459653989466	0.224095921699338	0.273713920760867	0.202341658928439	0.0782211223716109	0.0123766139086652	0.000580778855507963	3.76517896601597e-06	
1.03391572552921e-05	5.2165747969883e-05	0.00052165747969883	0.0019390619470607	0.00860076895132278	0.0277178707163579	0.0725230786438597	0.153291635198815	0.242816987987309	0.263200636516118	0.167855278116281	0.054057343785908	0.00711615996180151	0.000297015790242937	
1.74601272041051e-05	0.000165163365444238	0.000804581537378357	0.00327589737975399	0.0130092104530478	0.0376657414372233	0.0931058923682256	0.179113535184988	0.257669006952906	0.242291353839388	0.133437370523719	0.0356776464126045	0.00363925678373131	0.000127883634386824	
4.71115441185477e-06	2.59113492652012e-05	0.000348154311036068	0.00129132742428939	0.00543290326775092	0.0186891495518279	0.0505101709112598	0.116173298872809	0.204150809706109	0.261921340681478	0.216347046247518	0.100887958383546	0.0224326328474877	0.0017355892853273	4.89960058832896e-05	
1.08383664979494e-05	4.57096326217867e-05	0.000563123824567373	0.00224825419833551	0.00823668730511557	0.0263193237236292	0.0665390880975415	0.14147366913106	0.224885266465953	0.257374448126871	0.184833732389422	0.0733385137583638	0.0133571086254077	0.000761041821486449	1.31945331279384e-05	
1.88398247519502e-06	1.93108203707489e-05	0.000179920326381124	0.00108470291009353	0.00368554071710025	0.0121757077415666	0.0360923942685485	0.085969888308099	0.166625533049292	0.24029584176808	0.242451588715322	0.152553596946441	0.0508340861413307	0.00765650477919254	0.000373499525707412	
5.18431415058547e-06	3.67615003405152e-05	0.000354889868671897	0.00168490209894028	0.00571688460423653	0.0174716099887595	0.0482145929017313	0.107306819493964	0.190037162106434	0.249575239715617	0.22209224780079	0.119999905739743	0.0333516355332892	0.00401265915255316	0.000139505180779391	
2.50116917861132e-05	0.000105237872986854	0.000590842228607807	0.00251579865871263	0.00831567964081323	0.0249158922873853	0.0631899156634068	0.13020190098296	0.211960874163347	0.250030556736663	0.194867506461747	0.0906617197001051	0.0206049148446278	0.00195893457743691	5.52144894146273e-05	
4.90533875373266e-05	0.000235361926741596	0.00103436614297459	0.00391059265453822	0.0119586498809748	0.0338897591148505	0.0799754167061688	0.154420063967504	0.229341566755765	0.241253521585141	0.16471750201284	0.0658720961219996	0.0123128719390568	0.00101644278983595	1.27350140721906e-05	
2.82175137642681e-06	0	2.35145948035567e-06	0.000100642465759223	0.000421381538879736	0.00166953623105253	0.00591203942551023	0.0172935736023278	0.0449472073832065	0.100657044808001	0.177360712473411	0.240432969531199	0.223131871258534	0.134720286840433	0.045505914155739	0.00739486977382252	0.000442544674202938	4.23262706464021e-06	
8.46272288108699e-06	0	1.26940843216305e-05	0.000229903971602863	0.000721682201248252	0.00271324298593072	0.00868087307091057	0.0247313673174344	0.0599287720824175	0.122775302953725	0.198917711773763	0.242602757437205	0.199196981628839	0.105003584903443	0.030369421361323	0.00396149461089105	0.000145746894063165	
1.26881964997495e-05	4.69933203694427e-07	2.49064597958046e-05	0.000346340771122793	0.00115462588147721	0.00413917165814051	0.0134053145685872	0.0336082129286143	0.0768744930595565	0.146240863323687	0.215906111105367	0.235799793417364	0.172531276404372	0.0785239586045239	0.0193993125817096	0.00196291099183162	6.95501141467752e-05	
8.47159685364893e-06	5.64773123576595e-06	5.55360238183652e-05	0.000543594131442473	0.00198706010645032	0.00634663797619199	0.0188648342602672	0.0450820733009624	0.0957149251181435	0.169468176681741	0.227700521520915	0.221465896880899	0.143295178202393	0.0570274955088771	0.0114102996733258	0.00100482551569669	1.88257707858865e-05	
1.17879378275868e-05	2.54619457075875e-05	0.000116936343249661	0.000744997670703485	0.00326903091834637	0.00951993858955909	0.0264582622127751	0.0584714722474222	0.117176345663831	0.189696210696658	0.230904955271849	0.202557793901581	0.114967757632454	0.0391882920315426	0.00645884689449135	0.000429080936924159	2.82910507862083e-06	
5.18034914611363e-06	1.83666924271301e-05	5.13325506296714e-05	0.000252424285665173	0.00133841384302318	0.00517422691530459	0.0142134652344414	0.035758537333128	0.0755563341777302	0.138154731377704	0.205826103214218	0.228123267820754	0.177206557945266	0.0889122161580741	0.025575383734363	0.0036295409880998	0.000202975498361361	9.41881662929751e-07	
3.7549976672077e-06	2.76931077956568e-05	6.14880868005261e-05	0.0004876803220286	0.00232387418129317	0.00771933645436223	0.0203783723399362	0.0465727666916687	0.094343847013885	0.162007496852843	0.216086503881259	0.217596482318185	0.149235811037252	0.0654017331191733	0.0157123183637222	0.00194649691573879	9.43443163885934e-05	
2.80743127057321e-06	6.12955827408484e-05	0.000130077648869892	0.0010162901199475	0.00360193432014543	0.0113130122099865	0.0285637415572353	0.0607607670838042	0.113803905604803	0.18085846569202	0.221228391552439	0.200821173646643	0.120861787819024	0.0465649908641507	0.00934827822579702	0.00101816174079455	4.49189003291713e-05	
1.49669861026857e-05	7.62380854605552e-05	0.000239471777642971	0.0014667646380632	0.00582402846720757	0.0163023218940347	0.0390727203760081	0.0767666071573063	0.135293135438596	0.196812593222107	0.218823417159369	0.177809198054853	0.0942068877134608	0.0315171987040461	0.00526978226309249	0.000491104231494374	1.35638311555589e-05	
3.72642454223204e-06	4.51828975745634e-05	0.000131822268181458	0.000436923277576706	0.00244965833344978	0.00832017439666858	0.0222919374146998	0.0503612302790626	0.094720122226725	0.158222588653969	0.207437477583227	0.209782330226427	0.151374351951482	0.0710610528080938	0.0202815313741656	0.00287633394353535	0.000200761122212751	2.79481840667403e-06	
2.32001013380426e-05	9.97604357535834e-05	0.000318305390357945	0.000822675593446992	0.00393937720719964	0.0123466299300795	0.0306092857013599	0.0634054129548438	0.113280990811368	0.177270118315877	0.211140410261312	0.19630301745158	0.125193314844399	0.0510467189720685	0.0126101830812797	0.00148898250387558	0.000101152441833866	4.64002026760853e-07	
3.47826893511637e-05	0.000121971297324747	0.000481392420620106	0.00150122087239623	0.00623259416253719	0.0172081558449991	0.0404272241790706	0.0794821553209399	0.134247731588943	0.192018068447695	0.210747387240318	0.175410493705493	0.0988032436017243	0.0350804291720097	0.00742216213834699	0.000752233628367834	2.87536898636287e-05	
4.11997172495809e-05	0.000255067912410327	0.000838344808303271	0.00251364567039578	0.00911069253021351	0.0245462360354947	0.0534536241632175	0.097847013876898	0.155541431407794	0.199897787667767	0.201442545605541	0.151883914936009	0.0744020601710298	0.02361438175658	0.0042315350042519	0.000369408700732198	1.11100361122465e-05	
