# <P(U)> as a function of N_tot.
# number_of_species: 1
# species_total_upper_bound: 103
# species_total_lower_bound: 0
# volume: 729
# Bin widths for each
10	10	10	10	10	10	10	10	10	10	10	10	10	10	10	10	10	10	10	10	10	10	10	10	10	10	10	10	10	10	10	10	10	10	10	10	10	10	10	10	10	10	10	10	10	10	10	10	10	10	10	10	10	10	10	10	10	10	10	10	10	10	10	10	10	10	10	10	10	10	10	10	10	10	10	10	10	10	10	10	10	10	10	10	10	10	10	10	10	10	10	10	10	10	10	10	10	10	10	10	10	10	10	10	
# Bin lower bound for each
0	0	0	0	-10	-10	-10	-10	-10	-10	-10	-10	-10	-20	-20	-20	-20	-30	-30	-30	-30	-30	-30	-30	-30	-40	-40	-40	-40	-40	-40	-50	-50	-50	-60	-60	-60	-60	-70	-70	-70	-80	-90	-90	-90	-90	-90	-90	-90	-90	-90	-90	-100	-110	-110	-110	-120	-120	-120	-120	-120	-130	-130	-130	-130	-130	-140	-140	-150	-150	-160	-160	-160	-170	-180	-180	-180	-180	-190	-190	-200	-200	-200	-200	-200	-210	-210	-220	-220	-220	-220	-250	-250	-250	-250	-250	-260	-260	-260	-260	-270	-270	-270	-270	
# Bin upper bound for each
0	0	0	0	0	0	0	0	0	0	0	0	0	0	0	0	0	0	0	0	0	0	0	0	0	0	0	0	0	0	0	0	0	0	0	0	0	0	-10	0	-10	-10	-10	-10	-10	-10	-10	-10	-10	-10	-10	-20	-20	-10	-20	-20	-20	-20	-20	-20	-30	-30	-30	-30	-30	-30	-30	-30	-40	-40	-40	-40	-40	-50	-50	-50	-50	-50	-50	-60	-60	-60	-60	-70	-70	-70	-70	-70	-80	-80	-80	-80	-90	-90	-90	-90	-90	-100	-100	-100	-100	-100	-110	-110	
# Normalized histogram for each
1	
1	
1	
1	
1.81415686379446e-06	0.999998185843136	
2.26636702272804e-05	0.999977336329773	
0.000113611160146472	0.999886388839853	
0.00048318520031355	0.999516814799686	
0.00140865619002224	0.998591343809978	
0.00356901602314439	0.996430983976856	
0.00768016335859749	0.992319836641403	
0.0162620226530298	0.98373797734697	
0.0314395198493231	0.968560480150677	
4.53993233684845e-06	0.0561975524316786	0.943797907635985	
2.59181269106093e-05	0.0941241787477725	0.905849903125317	
7.84944043073348e-05	0.146483792959143	0.853437712636549	
0.000220094439692982	0.215127246093438	0.784652659466869	
4.56231228936374e-07	0.000479042790383193	0.299941009302099	0.699579491676289	
1.82349315643018e-06	0.0010211561676009	0.395306419790007	0.603670600549236	
2.73762093440478e-06	0.00206827261594281	0.495001560443933	0.50292742931919	
1.09413928849034e-05	0.00417733262518207	0.594522921078365	0.401288804903568	
2.14504228243452e-05	0.00790744735860863	0.684539128537779	0.307531973680788	
6.21115175761894e-05	0.014536835326839	0.76015683158188	0.225244221573705	
0.000107841640947654	0.0260574649720297	0.815813788559099	0.158020904827924	
0.000228420227433452	0.0442724084811517	0.849123414535201	0.106375756756213	
4.56472182128749e-07	0.000543201896733211	0.0711370813351264	0.860487494031626	0.0678317662643321	
9.13229916133531e-07	0.00121961855299633	0.107869804463777	0.84987139439706	0.0410382693562505	
6.85860707177258e-06	0.002460868217352	0.158639124329628	0.815440370584257	0.0234527782616906	
3.39206806138726e-05	0.00464713324410055	0.222912961367095	0.759475329580667	0.0129306551275234	
7.60876639895421e-05	0.00878950026905698	0.296677260880765	0.687535007200826	0.00692214398536183	
0.000220438447948341	0.0154302330643923	0.379673375297603	0.601153062650807	0.00352289053924927	
4.59750245276756e-06	0.000470784251163398	0.0260002556211364	0.464494408057767	0.50739186444356	0.00163809012392108	
1.74387121052197e-05	0.000894881279083642	0.0417703046267657	0.543894615109267	0.412650408891908	0.000772351380870651	
2.29733697292772e-05	0.00180111218677533	0.0647026579729309	0.610411163587393	0.322718870739416	0.000343222143755402	
2.3031614576064e-06	5.80396687316812e-05	0.00340867895725747	0.0975771202098272	0.657642880075765	0.2411621936968	0.000148784230161373	
3.23298457127392e-06	0.000143636885952313	0.00643271558695759	0.140242714007414	0.680094329252691	0.173026101270009	5.72700124054237e-05	
4.14355865391433e-06	0.000302019386329755	0.0110554748840494	0.192898769178922	0.677078201842871	0.118636990192657	2.44009565174955e-05	
2.58276850645877e-05	0.000681666402240367	0.0186789508056393	0.256896453120907	0.646649595796729	0.0770652001461109	2.30604330933818e-06	
1.84348872867948e-06	7.32786769650092e-05	0.00126924198969582	0.0303396766244247	0.326976369700604	0.593638857792819	0.0477007317267636	
3.68365506990656e-06	0.000128007013679253	0.00238792939906693	0.0472525458661102	0.397615570073249	0.524348039098315	0.0282633039807419	9.20913767476641e-07	
1.24628250085509e-05	0.000216483886259643	0.00434906434187283	0.0719395802243585	0.462366191956123	0.445473063450088	0.0156431533162885	
9.24570744917403e-07	1.57177026635959e-05	0.000376300293181383	0.00742014251333462	0.105092720577154	0.516436556417769	0.362229251014485	0.00842838691066705	
2.31321912199455e-06	2.31321912199455e-06	3.14597800591259e-05	0.000739304831389458	0.0127661936904635	0.145333080421376	0.554919060462921	0.281845856330587	0.00436041804495973	
1.85375882041619e-06	1.85375882041619e-06	0.000112615848340283	0.00139495351236318	0.0213344468244648	0.195122945919367	0.569986347066288	0.209907135951891	0.00213784735964497	
4.63450873743932e-07	6.95176310615898e-06	0.000185843800371317	0.00257029854578385	0.0336803653475928	0.251577355048787	0.561015161331884	0.149943505338491	0.00102005537311039	
1.02156666535101e-05	8.82262120075874e-06	0.000377515317695624	0.0045413281759695	0.051674092372844	0.313701298550536	0.52769072533555	0.101526545641973	0.000469456317577215	
1.39408896982866e-05	2.23054235172586e-05	0.000671486187134139	0.00746395234446266	0.0764039753841064	0.372776137657921	0.476262150066242	0.0662043557845166	0.000181696262401002	
5.58182372135536e-06	6.65167326794847e-05	0.00106984954659311	0.0124897957285094	0.108023173871483	0.424603283507804	0.413261482857987	0.040395193119472	8.51228117506692e-05	
8.82957480020763e-06	0.000126867048445089	0.00191044115808703	0.0198289014289505	0.148059422108976	0.463059614965479	0.343315245097379	0.0236548956042194	3.57830136639994e-05	
6.51171271067716e-06	0.00024325898197744	0.00341864917310551	0.0310813350127351	0.194996492977583	0.485931444688582	0.271375162095134	0.0129304009540589	1.67444041131698e-05	
4.50735744785057e-05	0.000499526727467976	0.00564953111865642	0.0473792969172928	0.245778766814883	0.488196996612976	0.205602877645691	0.00684467785637515	3.25273217886124e-06	
7.35957877124845e-05	0.000963266386008975	0.00901408660640507	0.0691548874589983	0.298269753714957	0.470775019540147	0.148213066326573	0.00353632417919736	
4.66050765045633e-07	0.000134222620333142	0.00181619983138283	0.0144853238283833	0.0981945659412897	0.348098442970999	0.434093198035689	0.101527761012896	0.00164981970826154	
1.86834780602253e-06	5.60504341806758e-06	0.000287725562127469	0.00306222205407092	0.0229563894925988	0.133348653785343	0.392261490222235	0.381225626819012	0.066061508812296	0.000788442774141506	4.67086951505631e-07	
1.9128603467316e-05	3.12589373734188e-05	0.000522070909266502	0.00487079561460436	0.0349376944060965	0.175184416066721	0.422308243914888	0.320810007712093	0.0409557396774358	0.000360644158054518	
2.52339278571348e-05	8.0842028134895e-05	0.00090748681293622	0.00787812573598956	0.0510987039106981	0.220625838794454	0.437398363346131	0.257341203826585	0.0244988728845557	0.000145328732658684	
4.67144555546991e-07	5.83930694433739e-05	0.000142011944886285	0.00161725445130368	0.0126731646474343	0.073146428796659	0.268089121838307	0.432634251505957	0.197901119511927	0.0136859340438602	5.1853045665716e-05	
7.46900944596288e-06	7.60905337307469e-05	0.000281488293494726	0.00281394930876652	0.0195482649724464	0.101813802262643	0.313737142216942	0.409626619549665	0.144893181494595	0.00718285302156443	1.91393367052799e-05	
7.49143985942313e-06	0.000118926607768342	0.000482261440950364	0.00474254964600606	0.0300977960652149	0.135779069947106	0.351929584211041	0.372395261477003	0.10092140028121	0.00352472245385858	9.36429982427891e-07	
1.49644244191348e-05	0.000154320626822328	0.000793582132477244	0.00779927095194783	0.0434627678105878	0.17453616129779	0.380347034355045	0.324400663111057	0.0667894996504404	0.00170033272462419	1.40291478929389e-06	
2.00906414988553e-05	0.000286875671634818	0.00144979675746391	0.0121090501331589	0.0623772368359576	0.215168901555857	0.395866934541887	0.269195907115825	0.0427832546839228	0.000741952062794935	
4.6661683198901e-06	3.91958138870769e-05	0.000445152457717516	0.00272130936415991	0.0189278451728022	0.0860875391841485	0.257558959369806	0.395499294008733	0.212688151572079	0.0257063878911066	0.000321498997240428	
8.87380238695943e-06	7.47267569428163e-05	0.000812186439522234	0.0047283355455567	0.0285218019983803	0.116080544234971	0.298113523020979	0.376334689935333	0.160227244067863	0.0149649671622607	0.000133107035804391	
2.51109648888259e-05	0.000151595825069578	0.00132576594255634	0.00784206133120665	0.0423835885893915	0.149674836255583	0.331491242550995	0.342744674964136	0.11620145504091	0.00811967699858867	3.99915366747967e-05	
4.22542405148517e-05	0.000292529357410512	0.00229426596026244	0.0126744148252021	0.059203298616754	0.188070374205411	0.35305414579106	0.299427478257639	0.0807775708919359	0.00415205954597586	1.16083078337505e-05	
5.85311469317601e-05	0.00064105541877642	0.00367863613136991	0.0195354670878432	0.0811232405815952	0.227550517954197	0.36045663585265	0.251771728526966	0.0531281646304641	0.00205091280717239	5.10986203372509e-06	
8.8137360684985e-06	0.00010390930943914	0.0010168268137973	0.0057989744522263	0.0294652474386819	0.107538713175979	0.263949592851782	0.356399189878491	0.201581277026858	0.0332514429013706	0.000879981964312719	6.03045099423582e-06	
9.72044464091057e-06	0.00016895058542535	0.0018427185769269	0.00945614112234105	0.0422894887277558	0.138792674487767	0.296817017258418	0.33681849846903	0.153546920817721	0.0198607199146452	0.000395760960379931	1.38863494870151e-06	
2.3234384286493e-06	2.74165734580617e-05	0.000386155466841513	0.00294983742901315	0.014893240327642	0.0592193339817276	0.17334895303541	0.320378924926452	0.305153432903513	0.112473936829427	0.0109652353201675	0.000201209767921029	
5.57376577085413e-06	8.45354475246209e-05	0.000804015712445708	0.00482827459900239	0.0224116476841235	0.0809329369147256	0.208413320742816	0.332209445396371	0.265709310464792	0.0786509443120417	0.00586638847382397	8.36064865628119e-05	
2.77265350334012e-06	1.70980299372641e-05	0.000188078329309905	0.00150693717906536	0.0077842247106274	0.0326784941903667	0.106449561735903	0.243040177597699	0.333019715414844	0.220377432079231	0.0519821699895379	0.00292099046576882	3.23476242056348e-05	
1.43689282587223e-05	4.95959781833318e-05	0.000377300245245159	0.00250575568279525	0.0118418509404464	0.0458378081729537	0.136647117199005	0.271844363185323	0.320188390554886	0.175929913003092	0.0333419392398281	0.00140769145553999	1.39054144439248e-05	
2.50685322606477e-05	8.17048458865556e-05	0.000670815354011778	0.00429414672983318	0.01767192254752	0.0627470004804802	0.168464250648184	0.295179646208733	0.297650753564722	0.132414308561136	0.0202298413022638	0.00056729160041688	3.24962455230619e-06	
4.64084715880376e-07	4.08394549974731e-05	0.000157788803399328	0.00125906183418346	0.0067468635994689	0.0253121085735474	0.0839473560861694	0.199927695601266	0.309059536964116	0.264172335074734	0.0970405781753024	0.0120824455779456	0.000252926170154805	
1.01864867918308e-05	2.7781327614084e-06	9.07523368726745e-05	0.000382456276820557	0.00233270547532926	0.010082306813278	0.0362203688989889	0.109516308565354	0.229553405898161	0.311982457017656	0.225216277635476	0.0680698089200287	0.00644341591795989	9.67716245223927e-05	
8.80045206532715e-06	1.11163605035711e-05	0.000162113590677079	0.000696162076536142	0.00386339845667862	0.01487924853403	0.0508017675013201	0.137902620681989	0.258067235453779	0.301651705898156	0.183376409230285	0.0452899054182994	0.0032538513557328	3.56649899489574e-05	
3.10742795868883e-05	3.71036174171801e-05	0.000242564898864815	0.00126755233001441	0.0060525275911775	0.0218011580038996	0.0677836710690109	0.16824496179255	0.280574308342192	0.280093352701422	0.144020937571309	0.0282868703284227	0.00154351048455469	2.0406989579449e-05	
4.54683167026006e-05	4.17566173799393e-05	0.000412462587230734	0.00218943863795482	0.00936415342865905	0.0313582917275037	0.0891967743477036	0.198826453466658	0.291728431663208	0.251615633120792	0.107562726558647	0.0168937994670928	0.000751619112838907	1.29909476293144e-05	
9.25609247576871e-07	4.21152207647476e-05	8.14536137867646e-05	0.00076918128473638	0.0036538425048097	0.0141696891665305	0.0446199193886906	0.115002320965188	0.22700844479597	0.292116724879775	0.215609566912061	0.0767769730633825	0.00980127632259148	0.000343863835474807	3.70243699030748e-06	
6.95840958590505e-06	5.65950646320277e-05	0.000179063073343957	0.00127849178791695	0.00587939220611737	0.0204377767417479	0.0605024435614996	0.143056550994705	0.250383988235649	0.282309171415781	0.177980808706362	0.0525355284796107	0.00524478525188283	0.000148446071165974	
5.56656240186035e-06	6.95820300232543e-06	9.6487081632246e-05	0.000385020566128674	0.00213848772271468	0.00874228625212167	0.0296354504671042	0.0795633402899901	0.172251706963167	0.266629525325308	0.262125712462002	0.141374913080448	0.0343800171542898	0.00261628432887436	4.8243540816123e-05	
7.88478565674003e-06	3.24667644689295e-06	0.000185060557472898	0.000637740016353973	0.0034818285838322	0.0131448653116276	0.0411353905821337	0.102033300696505	0.198461910223831	0.274694337007798	0.235459179768939	0.108159315340871	0.0213032994117486	0.00126527619244628	2.73648443380978e-05	
4.65042521162923e-06	2.27870835369832e-05	0.000263679109499377	0.0011640014304708	0.0057056066921479	0.0194829564241206	0.0555418884725725	0.126370189658291	0.224093294970426	0.273637065005039	0.202329304980001	0.0783378078174578	0.0124477931639679	0.000593394257003889	5.58051025395507e-06	
1.02160319260285e-05	5.15445247176892e-05	0.00052008889805236	0.00195822757418464	0.00865205031117105	0.0278145400138752	0.0724344525460673	0.153210759524824	0.242862012056775	0.263163124954144	0.167672481446293	0.0541988355581065	0.00714936488786976	0.000302301671992934	
1.72507442297426e-05	0.000163182715686754	0.000803325197509366	0.00330608181981365	0.013028974256761	0.0376816864700548	0.0931092601528789	0.179010506635709	0.257666440542046	0.242261059708556	0.133340326878291	0.0358447153277525	0.00362964983320395	0.000137539717507407	
4.65520090683314e-06	2.56036049875822e-05	0.000344019347014969	0.00129973209318781	0.00548243010797738	0.0186920282012071	0.0505308092834016	0.116279470331241	0.203970886373529	0.261971431032035	0.216266668528747	0.100877272610893	0.0224664650964674	0.00173220025743261	5.6327930972681e-05	
1.07104821626233e-05	4.517029433802e-05	0.000565792862069014	0.0022501326004259	0.00827082059523272	0.0263887653561538	0.0665418973106911	0.141424931860378	0.224734787506362	0.257384062523138	0.18477863528899	0.0734548150369582	0.0133694757777789	0.000761375579821265	1.86269255002144e-05	
1.86240288150974e-06	1.90896295354748e-05	0.00017785947518418	0.00107926246983489	0.0036996633241191	0.012218759704865	0.0361636735524357	0.0859466337766318	0.166558880099899	0.240252765319078	0.242538399255411	0.1524474534667	0.0508636194961921	0.00766052865236993	0.000370152572700061	1.3968021611323e-06	
5.12460715227444e-06	3.63381234434006e-05	0.000350802653242059	0.00167947352581358	0.00572698142935543	0.01754991600303	0.048245381098399	0.107348873005713	0.189989219690045	0.249567902442388	0.222100008106197	0.119888320833951	0.0333560679541543	0.00401396502036333	0.000141625506753766	
2.47346624091935e-05	0.00010407225881604	0.000584298062949249	0.00251920203178917	0.00836918303743521	0.024942340235082	0.0632848005032804	0.130213063448609	0.211845383158588	0.250084704551458	0.194810201134808	0.0905596660727236	0.0206231081483445	0.00197830630099191	5.69363927155019e-05	
4.85130742735167e-05	0.000232769462139277	0.00102297280655598	0.00393002548802287	0.0119962570297311	0.0338980441767518	0.080061499651079	0.154460030824461	0.229244800704559	0.241347413320197	0.16465710585926	0.0657795304680765	0.0122975978564685	0.0010108445379876	1.25947404363938e-05	
2.79117152446811e-06	0	2.32597627039009e-06	9.95517843726958e-05	0.000416814947653904	0.0016528387377392	0.00595915120473941	0.0172940987656044	0.0449485610347803	0.100718028874669	0.177302658358279	0.240466404761739	0.223296978324227	0.134616341844081	0.0454160822651287	0.00736543645781726	0.000437748734087415	4.18675728670216e-06	
8.37032162960862e-06	0	1.25554824444129e-05	0.000227393737604367	0.00071380242785829	0.00269756865407553	0.00876419176406854	0.0247914976132958	0.0599631240830429	0.122804243753066	0.198857916115427	0.242667249489062	0.199276897214775	0.104833163214297	0.0302903339060803	0.00394753668409709	0.000144155539176593	
1.25456289170241e-05	4.64652922852746e-07	2.46266049111955e-05	0.000342449204142474	0.0011416522314492	0.00413587566631229	0.0135595015946888	0.0337681865154005	0.0769065638730494	0.146275992684504	0.21586055579924	0.235737013880112	0.172412719594971	0.0784180798310894	0.0193783501475738	0.00195665345813291	6.87686325822064e-05	
8.37541592082812e-06	5.58361061388542e-06	5.49055043698733e-05	0.000537422521586471	0.00196729213962563	0.00635787128567753	0.0190554671225375	0.0452211970609735	0.0957170449485307	0.16935556292799	0.227655902551105	0.221497645344874	0.143223334653237	0.0569230490050239	0.0114054552806299	0.000995278591925075	1.86120353796181e-05	
1.16503732313568e-05	2.51648061797308e-05	0.00011557170245506	0.000736303588221752	0.00324159984789273	0.00952115101959406	0.0266639762071418	0.0585957851745739	0.117178055916199	0.189429010547782	0.231170899790946	0.202469506313104	0.114787865344054	0.0391559724007318	0.00647061729269559	0.000424073585621389	2.79608957552564e-06	
5.11977480437806e-06	1.81519288518858e-05	5.07323139706553e-05	0.00026017764687703	0.00132695254248017	0.00515887126652058	0.0142394900331948	0.0359440771652458	0.0756348986191502	0.138179463931652	0.205822394081168	0.22828517331834	0.177018541031737	0.088693116974753	0.0255369712901646	0.00362433512742654	0.000200602085516995	9.30868146250556e-07	
3.71189392891909e-06	2.73752177257783e-05	6.44941570149691e-05	0.000496001826251813	0.0023097259972699	0.00771377957103498	0.0204910464478567	0.0467577998491115	0.0942524106431135	0.162017674182943	0.216224317173912	0.217488681043451	0.149043212941147	0.0653645961413007	0.0157087351071856	0.00194317647178914	9.32613349640921e-05	
2.77483850439904e-06	6.05839740127125e-05	0.000130417409706755	0.00102437788120731	0.0035749169398341	0.011327815721125	0.0287242032513708	0.0609613520493107	0.113668484494202	0.180817726408323	0.221397427169739	0.200666146230289	0.120738773003411	0.046506755806812	0.00933316930954618	0.00102067809653478	4.43974160703847e-05	
1.47909302016004e-05	8.22745492464021e-05	0.000255143545977607	0.00148186631957284	0.00581191113609135	0.0163624665355204	0.0392366400922954	0.0769516632401012	0.134937194012631	0.196789166383174	0.219032876540106	0.1777356749841	0.0940698538656096	0.0314653929210608	0.00527111775059533	0.000488562913221612	1.34042804952003e-05	
3.68067054455981e-06	4.46281303527877e-05	0.000180352856683431	0.000506552283695044	0.00250607655702716	0.00828610956344027	0.022374336156561	0.0505448082531676	0.0948149933954968	0.157999224298683	0.207444432226663	0.209990536075862	0.151157317840164	0.0708317441271451	0.020230805648173	0.00288334528784454	0.00019829612558816	2.76050290841986e-06	
2.29210178398866e-05	9.90187970683101e-05	0.000413036741474757	0.000975976939622372	0.00399467498913544	0.0123507612528445	0.0307247075736544	0.0637887342280476	0.113257333350448	0.176976387684262	0.211157126327815	0.19637994612644	0.124861786262425	0.0508507364981452	0.0125547583116195	0.00149169984101982	9.99356377819056e-05	4.58420356797732e-07	
3.43585465510204e-05	0.000120942083859592	0.000733898554329795	0.00168952426240218	0.00634350392122639	0.0172456997988422	0.0405797340465251	0.0799349294939719	0.133985046244313	0.191613949203409	0.210817628041705	0.175217134561354	0.0985334397990162	0.0349660056540424	0.00740816075035401	0.000747641972950203	2.84030651488435e-05	
4.06675881607055e-05	0.000258627583134374	0.00127577422634483	0.00272792698111699	0.00920641085687522	0.0246600943579433	0.0537625515484527	0.0983168644832589	0.15522772707022	0.199460811752476	0.201231451124642	0.151564445561407	0.0741534630279076	0.0234912439027176	0.0042463359188476	0.000364637475867899	1.0966540627606e-05	
