# <P(U)> as a function of N_tot.
# number_of_species: 1
# species_total_upper_bound: 103
# species_total_lower_bound: 0
# volume: 729
# Bin widths for each
10	10	10	10	10	10	10	10	10	10	10	10	10	10	10	10	10	10	10	10	10	10	10	10	10	10	10	10	10	10	10	10	10	10	10	10	10	10	10	10	10	10	10	10	10	10	10	10	10	10	10	10	10	10	10	10	10	10	10	10	10	10	10	10	10	10	10	10	10	10	10	10	10	10	10	10	10	10	10	10	10	10	10	10	10	10	10	10	10	10	10	10	10	10	10	10	10	10	10	10	10	10	10	10	
# Bin lower bound for each
0	0	0	0	-10	-10	-10	-10	-10	-10	-10	-10	-10	-20	-20	-20	-20	-30	-30	-30	-30	-30	-30	-30	-30	-30	-30	-40	-40	-40	-40	-50	-50	-50	-60	-60	-60	-60	-60	-60	-60	-60	-60	-70	-70	-70	-80	-80	-80	-80	-90	-90	-90	-100	-100	-100	-100	-110	-110	-110	-110	-110	-120	-120	-120	-120	-130	-140	-150	-150	-150	-160	-160	-160	-180	-180	-180	-180	-180	-180	-200	-200	-200	-200	-200	-210	-210	-220	-220	-220	-220	-250	-250	-250	-250	-250	-260	-260	-260	-260	-270	-270	-270	-270	
# Bin upper bound for each
0	0	0	0	0	0	0	0	0	0	0	0	0	0	0	0	0	0	0	0	0	0	0	0	0	0	0	0	0	0	0	0	0	0	0	0	0	0	-10	0	-10	-10	-10	-10	-10	-10	-10	-10	-10	-10	-10	-20	-20	-20	-20	-20	-20	-20	-30	-30	-30	-30	-30	-30	-30	-30	-30	-40	-40	-40	-40	-40	-50	-50	-50	-50	-50	-60	-60	-60	-60	-70	-70	-70	-70	-70	-70	-80	-80	-80	-80	-90	-90	-90	-90	-100	-100	-100	-100	-100	-100	-110	-110	-110	
# Normalized histogram for each
1	
1	
1	
1	
2.50762946264008e-06	0.999997492370537	
3.99696230864543e-05	0.999960030376914	
8.97207441837282e-05	0.999910279255816	
0.000465235466367456	0.999534764533633	
0.00137628125822912	0.998623718741771	
0.00354788778935286	0.996452112210647	
0.00721068678672834	0.992789313213272	
0.0154881767159157	0.984511823284084	
0.0308802827447809	0.969119717255219	
2.49976252256036e-06	0.0561621645943635	0.943835335643114	
4.02069653541605e-05	0.0948934641064881	0.905066328928158	
6.54367905771022e-05	0.14661867968691	0.853315883522513	
0.000235545877571271	0.215985546504023	0.783778907618406	
2.49474855429321e-06	0.000518907699292988	0.300998897321139	0.698479700231014	
9.96179651038268e-06	0.000836790906872145	0.396850578033243	0.602302669263375	
1.4937300680394e-05	0.00180741338232768	0.49733742615372	0.500840223163272	
2.23904547003784e-05	0.0042069176553711	0.59583239003177	0.399938301858159	
2.99189197275384e-05	0.00772905426294741	0.685410038794866	0.306830988022459	
6.01734499695372e-05	0.0144341063114427	0.761131461437594	0.224374258800994	
0.000105499275320454	0.0262065223671023	0.81512759132595	0.158560387031627	
0.000325001625008125	0.0441802209011045	0.849131745658728	0.106363031815159	
0.000684720205265574	0.0711231167059189	0.860851310373887	0.0673408527149282	
0.00125411111726694	0.107518622794603	0.850143794668265	0.0410834714198653	
5.02808183705998e-06	0.00234308613606995	0.157894339888276	0.816329198574036	0.023428347319781	
6.05929015415844e-05	0.00469342516524189	0.221045429527931	0.760645415389587	0.0135551370156986	
0.000139257076158429	0.00844151076204004	0.294662909257557	0.689228844951171	0.0075274779530729	
0.000241689075908179	0.0153561606545449	0.378472372394528	0.601943180170302	0.00398659770471701	
1.27440810115742e-05	0.000532702586283801	0.0262247699056173	0.462513285704455	0.508855861894943	0.00186063582768983	
2.5545394165432e-05	0.000781689061462218	0.0406529402748684	0.539998978184233	0.417641649210647	0.000899197874623205	
4.84078899765094e-05	0.00159236480185886	0.0647646612212037	0.607699911846685	0.325504843336781	0.00038981090349505	
1.27107118252836e-05	9.66014098721557e-05	0.00293617443164052	0.0978089274955576	0.655801550198414	0.243181338641327	0.000162697111363631	
1.7885431038888e-05	0.000224845418774592	0.0059584035975267	0.141264244468292	0.679145587408657	0.17332260207471	6.64316010015841e-05	
2.28480326574547e-05	0.000309717776023275	0.0109289756211492	0.194718550317715	0.675786416590718	0.11821064362908	2.28480326574547e-05	
1.77255577220126e-05	0.00053683117672381	0.0186346256108987	0.25703071585931	0.646532121242815	0.0772454483299992	2.53222253171609e-06	
7.09174950927626e-05	0.000926992971569683	0.0291242955739885	0.326992971569683	0.59420756031153	0.0486772620781359	
8.58607540594459e-05	0.00186368342634915	0.0457410540670219	0.397262557135281	0.525624384454153	0.0294174095305437	5.05063259173211e-06	
0.000230007658496761	0.00360429583534485	0.0703444301497072	0.46156218168583	0.447875462226929	0.0163836224436924	
0.00041342033874948	0.00608901807565592	0.103758297116521	0.516512569764682	0.364751577760027	0.00847511694436434	
0.000799919750815995	0.0106998912006255	0.144361080174593	0.555540408807862	0.284349608656624	0.00424909140947918	
4.1197190351618e-05	0.00135950728160339	0.0191386697427235	0.194988876758605	0.572120831359301	0.210043875007724	0.00230704265969061	
0.000131872564559378	0.00230647701150911	0.0318045596878499	0.251067262765135	0.562102927829507	0.151366432485126	0.00122046765631424	
0.000380737796832053	0.00411770535066994	0.0493472693798146	0.315438656882227	0.52555376487094	0.10440560571211	0.000756260007406132	
5.19665439390121e-06	0.000761309868706527	0.00616583043836378	0.0740263418411227	0.374395564135809	0.476896973728314	0.0674135991248834	0.000335184208406628	
4.41431171792029e-05	0.00105424150439743	0.0114174874257032	0.105985027693314	0.426988582512574	0.413093887216932	0.0412582346388444	0.000158395891054787	
9.3208709836108e-05	0.0019806850840173	0.0180565983999171	0.146658726665458	0.467270797193382	0.341501178054527	0.0243688993604847	6.9906532377081e-05	
0.000212911249763071	0.00341436943217608	0.0284729849378273	0.192863838062819	0.490791588447747	0.271087950521503	0.013122603125641	3.37542225234137e-05	
2.06879252338382e-05	0.000426688457947913	0.00553143400939749	0.043341203364891	0.243910638506952	0.493833705284989	0.205604358945847	0.00732352553277872	7.75797196268933e-06	
4.90541583726412e-05	0.000733230577780532	0.0076963392688865	0.0651671584991493	0.294425640350402	0.476672165896	0.151179752508862	0.00407665874054739	
0.000160338883989645	0.00167838605982709	0.0122607524031437	0.0943878804492592	0.344938075571337	0.439437158794976	0.105104724566245	0.00203268327122357	
7.82115622759565e-06	0.000341523821938343	0.00315192595972105	0.0199908753177345	0.130597666688392	0.388935670990028	0.387986704034413	0.0679840969823372	0.00100371504920811	
2.08759550749447e-05	0.000579307753329715	0.00480407916162164	0.0322559600851739	0.173027744144295	0.420235585153021	0.326541689282285	0.0421511627906977	0.000383595674502108	
8.08403221095673e-05	0.00087881253390078	0.00790409730045479	0.0492161096507698	0.217004109817666	0.434222055326073	0.265231881336838	0.0253603913714691	0.000101702340718488	
0.000187521975231472	0.00158612337383287	0.0129364118190934	0.0701462410959618	0.26615098123478	0.431672982510971	0.203125366253858	0.0141735359612455	2.08357750257192e-05	
1.56295586212645e-05	0.000213603967823949	0.00289928312424457	0.0193624182053099	0.0990575376151377	0.310697390905681	0.412109782019756	0.14815779602384	0.00746571916809069	2.08394114950194e-05	
7.02203358092504e-05	0.000330295653621289	0.00522491313484385	0.029770821629944	0.134185860225121	0.348763601939122	0.374035120570917	0.103658219420344	0.00396094709027734	
0.000100658409235796	0.000825915152703969	0.0079804051630021	0.0435463764263168	0.171684531383485	0.37846013281748	0.32649716478814	0.0691110313873568	0.00179378447227893	
0.000225468166713212	0.00144760811582915	0.0133538646012416	0.0619396923896807	0.212583173413204	0.394115793276437	0.271612276741678	0.0440995236984978	0.000622599596719438	
0.000417850148170175	0.00282497462137137	0.0197748223495996	0.0849030485116331	0.252120012714949	0.397813849040739	0.214831373111984	0.0270346482368262	0.000279421264727295	
1.02840717725369e-05	0.000915282387755784	0.00494406750464711	0.0296644050278827	0.113942373203823	0.293846782756697	0.378178742309443	0.161686176407825	0.0166807644150549	0.000131121915099845	
9.49343541769833e-05	0.00158052870737897	0.00833882840743772	0.0421611164280051	0.148046276648971	0.327751877519288	0.344134468098208	0.118860377222939	0.00897257936640299	5.90132471910977e-05	
0.000236210566314833	0.00309897992980438	0.0131327939858736	0.0587085957538583	0.186023523491398	0.351645643070429	0.300696050918782	0.0818392587096228	0.00459583601851685	2.31075554003641e-05	
0.000735202750279584	0.00439827279128526	0.020347512736611	0.0788634386778777	0.227467588949178	0.359695356832208	0.25348962432175	0.0529268317938947	0.00206840492068094	7.76622623534772e-06	
2.84758679962308e-05	0.00142897083035631	0.00689374877036025	0.030704751845754	0.105477203773311	0.262933221500834	0.35735402234579	0.20193014610709	0.0324676669462479	0.000779203296987771	2.58871527238462e-06	
5.19014080852014e-06	0.000108992956978923	0.00260545068587711	0.0102842640120826	0.0423930701239925	0.13469193919231	0.297568938045289	0.339084874372642	0.153885079902218	0.0189647745143326	0.000407426053468831	
2.60667830982978e-06	3.6493496337617e-05	0.000291947970700936	0.00370669655657795	0.0159294111513698	0.0607329979407241	0.167695435706279	0.322268852800876	0.306821677136825	0.112485989104085	0.00982457054974846	0.000203320908166723	
2.09391743160088e-05	0.000117782855527549	0.000916088876325384	0.00609329972595856	0.0244595729978878	0.0824506162660741	0.201212378192897	0.334262509193606	0.266872394054321	0.0780743288340282	0.00545727230610979	6.28175229480263e-05	
1.30552393286474e-05	0.000383824036262233	0.00188778760692241	0.00864779053129602	0.0358679645315258	0.108872862857322	0.237952625147524	0.330313221301973	0.222427334537897	0.0508240467064242	0.00278859912059908	2.08883829258358e-05	
5.25233531959147e-06	9.45420357526465e-05	0.00062240173537159	0.00295181244961041	0.0135326419509274	0.049870923859521	0.137755624594585	0.267314979922948	0.316240483424943	0.177450148772398	0.0327273013763745	0.00142863520692888	5.25233531959147e-06	
6.53446144275681e-05	0.000162054643780369	0.000737087250742968	0.00553338194972647	0.0196765702964293	0.0659483986648788	0.167561887884324	0.292239412212124	0.293501870162865	0.134737981165068	0.0192217717800134	0.00061423937561914	
6.53237838671157e-05	0.000284811697660625	0.00142928439101249	0.00899900446553386	0.0280996788682785	0.0865331100130909	0.197288279084108	0.3046544502481	0.262844615621791	0.0979699980925455	0.0115884392580263	0.000243004475985671	
5.76311501605813e-05	0	0.000141458277666881	0.00057107230613667	0.00292609066951679	0.0130848906841865	0.0414132205858468	0.110010006863346	0.225790987535954	0.308486448820919	0.223721505325642	0.0675751431610162	0.00611414111249077	0.000107403507117447	
2.87665930939255e-05	1.0460579306882e-05	0.000379195999874473	0.000938836992792661	0.00475956358463132	0.0181647959664006	0.0551900164231095	0.13811364373359	0.252118267309644	0.302352584286118	0.180745734698788	0.0442534807577644	0.00291065619213992	3.39968827473665e-05	
4.1958408727349e-05	7.08048147274015e-05	0.000422206487818949	0.00135840348254792	0.00687331182964886	0.0261427110376839	0.0710880339863111	0.167264573991031	0.277922009807778	0.278669393963234	0.141646343062439	0.0271575800487766	0.00133742427818425	5.24480109091863e-06	
4.95569866222219e-05	0.000117371810421052	0.000571209477382452	0.00276736646348302	0.01051912247618	0.0361453010847764	0.0934488271947876	0.197925388044247	0.29045871511775	0.247318054131879	0.104009681870229	0.0160199479912467	0.000649457350996487	
5.7195744636599e-05	0.000202784912802488	0.000774742359168478	0.00434687659238153	0.0156872328698745	0.0500306777175778	0.116562327762814	0.227672861139131	0.289675648131779	0.210935306413203	0.0744688595168519	0.00938270192697663	0.000202784912802488	
3.11570966778746e-05	0.00036349946124187	0.00131119448519389	0.00628334783003804	0.0225135987744875	0.0672032611094523	0.143475833776889	0.248771241999766	0.280803333809345	0.172706383310182	0.0512456347609342	0.00522660296771346	6.49106180789053e-05	
3.10697308325652e-05	7.7674327081413e-06	5.69611731930362e-05	0.000411673933531489	0.00243379558188428	0.00977660863531386	0.0337210145302775	0.0849886595482461	0.170197396356556	0.265244881261845	0.262376109448305	0.135280197189225	0.032871775220854	0.00259950081299129	2.5891442360471e-06	
4.38677979397618e-05	7.74137610701678e-06	0.000136764311223963	0.000557379079705208	0.00437129704176214	0.0157382176255651	0.0454960673809376	0.107047748807828	0.194646580376128	0.272659007865238	0.23553652897339	0.101652009661237	0.0206875374166512	0.00141925228628641	
2.56382645971459e-05	2.30744381374314e-05	0.000225616728454884	0.00113321129519385	0.0067813209859451	0.0227513960035073	0.0606780808220653	0.128693832971834	0.219614810712692	0.273116741274017	0.200375856958994	0.0735074684264772	0.0124730157265115	0.000599935391573215	
5.62458454773227e-05	1.27831466993915e-05	0.000529222273354809	0.00223705067239352	0.0101728281433758	0.0325305517206115	0.0751291097816639	0.152860868231324	0.2365495730429	0.26386971416884	0.166988801963491	0.0517717441325357	0.00709720304750217	0.000194303829830751	
8.75521450275532e-05	8.24020188494618e-05	0.000849770819385075	0.00369264046969151	0.015107895143431	0.0417932739352114	0.0965983416593707	0.176803831693877	0.249317608281403	0.242671370448576	0.134057784415718	0.0350440335788227	0.0038162434979657	7.72518926713705e-05	
2.56766437545416e-05	8.73005887654413e-05	0.000362040676939036	0.00158168125527976	0.00634213100737176	0.0214245915487895	0.0550532918741126	0.120148719120626	0.200508911079215	0.255305436515782	0.213529537127143	0.10125841231041	0.0222102968476784	0.00213116143162695	3.08119725054499e-05	
5.88818088491678e-05	5.88818088491678e-05	0.000791064301495342	0.00296457107162332	0.00918556218047018	0.0303190114000302	0.0704021627544398	0.143259440930025	0.221818014249398	0.250595858304767	0.18151213605282	0.0746774940926185	0.0133789710019892	0.000972829885334077	5.12015729123199e-06	
1.02439861398868e-05	9.73178683289241e-05	0.000153659792098301	0.00109098452389794	0.00435369410945187	0.0131891321551042	0.04025630453322	0.0911176957177577	0.167653077165387	0.237709137379537	0.232676779188318	0.151193552435124	0.0520778645386493	0.00794421125148218	0.000476345355504734	
2.80139152757333e-05	8.14950262566788e-05	0.000369274337725576	0.00180307745592902	0.00663165776163724	0.0187387625998951	0.0531398505584956	0.112521710784339	0.191604993607734	0.243474031100539	0.212620523503675	0.120485302881359	0.0344902231435688	0.00386846702762172	0.000142616295949188	
0.000104110590840299	0.000187906920053223	0.000716077722364986	0.00278051456024702	0.00888748946197678	0.0274521853066946	0.0667983707962175	0.136859719866332	0.212609062192112	0.242052045138289	0.186548403806893	0.0922673763115395	0.0206265933998964	0.0020720546859923	3.80892405513291e-05	
0.000159253782277329	0.000326091077996436	0.00123358485319582	0.00419621077111693	0.0138348563556162	0.0373614428898242	0.0851097713570697	0.156950922028843	0.227980636762345	0.232093428885603	0.158298259583665	0.0677915544938637	0.0135593220338983	0.00109960944905775	5.05567562785172e-06	
1.51797663833954e-05	0	0	0.00026311595064552	0.000473102718949155	0.00204167857856668	0.00619587464548921	0.0199234433782064	0.0511861722448092	0.105107232399693	0.177717114933601	0.236207284769887	0.214869593156961	0.130513101403369	0.0467789800714967	0.00809587540447753	0.000612250577463613	
4.49848176240519e-05	0	0	0.000337386132180389	0.00066727479475677	0.00293151061516738	0.00960925687580442	0.0290077098979095	0.0653779349469554	0.126369850175566	0.199535156884551	0.236197783248154	0.190860584552713	0.102442925512639	0.0321316555662464	0.00429854923963162	0.000187436740100216	
6.75953093862346e-05	0	0	0.000433110686067355	0.00107902142020249	0.0044212339398552	0.0155494246888112	0.0402542585044913	0.0833249882334091	0.149172833695511	0.215005657977749	0.228479656315405	0.162899688560871	0.0760372124695821	0.0209345176699146	0.00223565226970028	0.000105148259045254	
4.49178004252218e-05	0	5.48995338530489e-05	0.000925805775430961	0.00177175768343931	0.0064132637273789	0.0223266422446922	0.0499361169060619	0.103096333709312	0.171276563888085	0.225185410698422	0.213529241488077	0.135342323547907	0.0572726909755148	0.0115139295089985	0.00124272581176447	6.73767006378328e-05	
6.2797345430614e-05	3.51665134411438e-05	0.000193415823926291	0.000992198057803701	0.00293389197851828	0.00893229441405053	0.030459224427665	0.0631314273083048	0.126810447468765	0.188188572892647	0.227796114602644	0.194262332142696	0.109264869155451	0.0394342210366083	0.00691775557263643	0.000585271259413322	
2.75109355968998e-05	8.25328067906993e-05	6.00238594841449e-05	0.000370147133485561	0.00149059251052293	0.00510703004444267	0.0141256149319354	0.0379475841647055	0.0816424528750178	0.145117684279501	0.202573022776554	0.223681413361811	0.170287689356519	0.0874972801688671	0.0258727844318116	0.0038215190538239	0.000295117309130379	
1.99228983832568e-05	0.000102104854214191	2.73939852769781e-05	0.000719714704095152	0.00265721657186688	0.00766284479066015	0.0195294211401875	0.0481486646677359	0.100227121041569	0.165868090489804	0.214083994939584	0.215366531523006	0.14123093627661	0.0660568599519858	0.0163591899349517	0.00177811868070567	0.000161873549363961	
1.47917324076996e-05	0.000219410697380877	0.000202153676238561	0.00161476412117387	0.00390748264436731	0.0109532778479015	0.0273819619753866	0.0636685468602083	0.11821799069107	0.180202745345535	0.220631015304512	0.201204540075734	0.113479705743137	0.0474370858314926	0.00994004417797412	0.00082587172609656	9.86115493846639e-05	
7.81643111525816e-05	0.000246706107075336	0.000381051016868835	0.00192968143157936	0.00615788213798932	0.0151760895372184	0.0387157603677631	0.0796592036033748	0.137315153617298	0.19425541165723	0.222164956008149	0.176184799972642	0.0900550569866681	0.031517315837555	0.00563027303770939	0.000517838561385853	1.46558083411091e-05	
1.94952200157424e-05	0.000236379542690876	0.000397215107820751	0.000606788722989982	0.00274638911971771	0.00744230024100966	0.0193904332081578	0.051233438201371	0.10094137543651	0.160104494379284	0.209290934479002	0.207867783417853	0.147995525847006	0.0672487614443034	0.0212156731821317	0.0029437782223771	0.000316797325255814	2.4369025019678e-06	
0.000121840671390836	0.000523914886980593	0.000587272036103828	0.00106976109481154	0.00413527238700496	0.0108023939255115	0.0266733597808817	0.064799742672502	0.119988693185695	0.17751942140302	0.208332927197762	0.195512851754018	0.12531800415233	0.0489044086828536	0.0138411002699989	0.00157905510122523	0.000289980797910189	
0.000183439116557215	0.000599234447420235	0.000782673563977449	0.00183683702045958	0.0056988418877108	0.0153208350148586	0.036391874870064	0.0805933643956904	0.142263149527339	0.186286091646183	0.210681048293405	0.175957246456568	0.099575644177031	0.0349488204864805	0.00800283719166942	0.000775335999315161	0.00010272590527204	
0.000218841516940546	0.00104994750262487	0.000986016272956844	0.00210481279214728	0.00710374317349706	0.0222849513262042	0.0475082803236887	0.101640819598364	0.166744941441453	0.189632321662605	0.201248134314596	0.155168471084642	0.0743569378908104	0.0246774546518576	0.00484647898752603	0.000395881845252	3.19656148340124e-05	
