# <P(U)> as a function of N_tot.
# number_of_species: 1
# species_total_upper_bound: 103
# species_total_lower_bound: 0
# volume: 729
# Bin widths for each
10	10	10	10	10	10	10	10	10	10	10	10	10	10	10	10	10	10	10	10	10	10	10	10	10	10	10	10	10	10	10	10	10	10	10	10	10	10	10	10	10	10	10	10	10	10	10	10	10	10	10	10	10	10	10	10	10	10	10	10	10	10	10	10	10	10	10	10	10	10	10	10	10	10	10	10	10	10	10	10	10	10	10	10	10	10	10	10	10	10	10	10	10	10	10	10	10	10	10	10	10	10	10	10	
# Bin lower bound for each
0	0	0	0	-10	-10	-10	-10	-10	-10	-10	-10	-10	-20	-20	-20	-20	-30	-30	-30	-30	-30	-30	-30	-30	-40	-40	-40	-40	-40	-40	-50	-50	-50	-60	-60	-60	-60	-70	-70	-70	-80	-90	-90	-90	-90	-90	-90	-90	-90	-90	-90	-100	-110	-110	-110	-120	-120	-120	-120	-120	-130	-130	-130	-130	-130	-140	-140	-150	-150	-160	-160	-160	-170	-180	-180	-180	-180	-190	-190	-200	-200	-200	-200	-200	-210	-210	-220	-220	-220	-220	-250	-250	-250	-250	-250	-260	-260	-260	-260	-270	-270	-270	-270	
# Bin upper bound for each
0	0	0	0	0	0	0	0	0	0	0	0	0	0	0	0	0	0	0	0	0	0	0	0	0	0	0	0	0	0	0	0	0	0	0	0	0	0	-10	0	-10	-10	-10	-10	-10	-10	-10	-10	-10	-10	-10	-20	-20	-10	-20	-20	-20	-20	-20	-20	-30	-30	-30	-30	-30	-30	-30	-30	-40	-40	-40	-40	-40	-50	-50	-50	-50	-50	-50	-60	-60	-60	-60	-70	-70	-70	-70	-80	-80	-80	-80	-80	-90	-90	-90	-90	-90	-100	-100	-100	-100	-110	-110	-110	
# Normalized histogram for each
1	
1	
1	
1	
2.02146083899721e-06	0.999997978539161	
2.47426636739826e-05	0.999975257336326	
0.000117934394205289	0.999882065605795	
0.000496881388969939	0.99950311861103	
0.00145129835771481	0.998548701642285	
0.00364656961302904	0.996353430386971	
0.00776444025770345	0.992235559742297	
0.0163441223098709	0.983655877690129	
0.0316238854309095	0.968376114569091	
5.04390466818421e-06	0.0564074990757045	0.943587457019627	
2.87867011501045e-05	0.0942421042371499	0.9057291090617	
7.90351630480215e-05	0.14661022745408	0.853310737382872	
0.000222585818494701	0.21524504974717	0.784532364434335	
5.06429117648548e-07	0.000480094803530824	0.299925554919706	0.699593843847646	
2.0245353438319e-06	0.00101378607342382	0.395475770867139	0.603508418524094	
3.03980626301417e-06	0.00207517440888434	0.495402293027191	0.502519492757662	
1.21399923214549e-05	0.00413417321846877	0.594747834655328	0.401105852133882	
2.37880013321281e-05	0.00785813848260895	0.684549844973089	0.30756822854297	
6.6849693023171e-05	0.0145301859282409	0.760389936285152	0.225013028093584	
0.000109579756560454	0.0260307726336734	0.816085090710224	0.157774556899542	
0.000224227872336216	0.0442941362382173	0.849124065484685	0.106357570404762	
5.07183493408897e-07	0.000544207888427746	0.0712405150346939	0.860337388603486	0.0678773812898995	
5.07518634815474e-07	0.00124189809939346	0.108169984231396	0.849475555618713	0.0411120545318623	
3.05104861998528e-06	0.00250287688459459	0.15899726270088	0.815037805034942	0.0234590043309635	
3.00936575831427e-05	0.00469410052097732	0.222988392009165	0.759356832229389	0.0129305815828856	
7.65414686368781e-05	0.00888136174416575	0.2971130599136	0.686990807879893	0.00693822899370421	
0.000216302913865527	0.015514632586034	0.380373775516347	0.600353328769206	0.003541960214548	
5.1183516450894e-06	0.000467305505196662	0.0261312324888394	0.464752983231256	0.506978360632915	0.00166499979014758	
1.94046549724684e-05	0.000883422450062376	0.0418583940196896	0.543755199043248	0.41271862790706	0.000764951924967306	
2.55530445430451e-05	0.00178564675266799	0.0650151222917606	0.610245544315623	0.322591855529219	0.000336278066186474	
2.56215401312745e-06	6.35414195255608e-05	0.00343328637759079	0.0979342377053759	0.657602961440095	0.240820442709468	0.000142968193932512	
3.59652904120132e-06	0.000153109379182571	0.00642853876621585	0.140369445738909	0.680290661201313	0.172697103920679	5.75444646592212e-05	
4.61267378248476e-06	0.000302386392407334	0.0111021932751316	0.193412486815441	0.676776110039946	0.118377609876452	2.46009268399187e-05	
1.6437728490847e-05	0.000666241682894643	0.0186367883555131	0.257588965352864	0.646178407913533	0.0769105905716271	2.56839507669485e-06	
2.05452926111937e-06	6.77994656169392e-05	0.00123220392435634	0.0303721060671276	0.327592122523907	0.593008026018559	0.0477256874711724	
4.10655693946524e-06	0.000128329904358289	0.00233355098085112	0.0472192449684411	0.398491045652594	0.523581903224879	0.0282407920727025	1.02663923486631e-06	
1.38907252656344e-05	0.000219164776413343	0.00430612483234666	0.0720923496573364	0.463123982954537	0.444599414634548	0.0156450724195534	
1.02989899780529e-06	1.75082829626898e-05	0.000366644043218682	0.00735090409683522	0.105305112727595	0.517064911444135	0.361408036713839	0.00848585279241665	
2.57586833809611e-06	2.57586833809611e-06	3.50318093981071e-05	0.00072227348200215	0.0126779087864415	0.145637019967616	0.555132082800773	0.28140279728998	0.00438773412711292	
2.06435204634057e-06	2.06435204634057e-06	0.000122312858745679	0.00140995244765061	0.0213010165901652	0.195448723043433	0.570415564388689	0.209144150606868	0.00215415136035639	
5.1613329452011e-07	7.74199941780164e-06	0.000202840384746403	0.00260027953779231	0.0337215687974714	0.252262728363176	0.560830953958846	0.14935297530199	0.00102039552326626	
1.1377052588357e-05	9.82563632630835e-06	0.000387854065512172	0.00459684638445026	0.051782137717153	0.314116284854506	0.527466014933933	0.10113889467797	0.000490764677561401	
1.55210493884965e-05	2.48336790215944e-05	0.000693273539352845	0.00751063579909347	0.0765979308371692	0.372773182110025	0.475938493185483	0.0662593598394917	0.000186769960974908	
6.21221227750573e-06	6.26398071315162e-05	0.00107315967093912	0.0125673054373941	0.108441412884853	0.424499619243156	0.412930926929371	0.0403270936837849	9.16301310932096e-05	
9.81488101264777e-06	0.000123977444370288	0.00191390179746631	0.0199149101473472	0.148226915916431	0.462962255067061	0.343161817426683	0.0236471477955777	3.92595240505911e-05	
7.2300791951889e-06	0.000253052771831611	0.00343583692039941	0.0312442708077806	0.195262748824467	0.485772495229439	0.271195106269253	0.0128106674654183	1.85916322162e-05	
4.99596717289034e-05	0.00049908166912688	0.00565728901309561	0.0474838352134308	0.246282639889656	0.487838682795228	0.205446531305142	0.00673837510545611	3.6053371350755e-06	
8.16718960802659e-05	0.000963521609453264	0.0090660973756442	0.0692138304636172	0.298421871527006	0.470430638333066	0.148364752890823	0.00345761590430948	
5.17304615340048e-07	0.000147949119987254	0.00184574286753329	0.0145476403925928	0.0979857710192505	0.34865244734227	0.433771300664167	0.1014237774928	0.00162485379678309	
2.07404442292047e-06	6.22213326876142e-06	0.000313699218966721	0.00309758534563173	0.0230524852496553	0.133018839064004	0.393052677098764	0.380882702936173	0.0657892076061431	0.000783988791863939	5.18511105730118e-07	
2.12310047236396e-05	3.46945686947282e-05	0.000560809222334188	0.00494423495369052	0.0350197655475683	0.175049633946409	0.42273364202869	0.320540531023676	0.040747994187883	0.000347463516330785	
2.79786367564677e-05	8.91171392983787e-05	0.00094350180617644	0.00794126973271076	0.0512335470072185	0.220535386758022	0.437743906356539	0.25711330933388	0.0242471156097996	0.00012486761959831	
5.177953310395e-07	6.47244163799375e-05	0.000149125055339376	0.00168697718852669	0.0125922646555496	0.0730003391559418	0.268124778318874	0.433360517588213	0.197365975151002	0.0136086968903801	4.60837844625155e-05	
8.27398473036118e-06	8.42912194405545e-05	0.000290623713653936	0.00286228159265932	0.0194929909006853	0.101851200658609	0.314252145547665	0.409874069952404	0.144192800392187	0.00707477406850446	1.65479694607224e-05	
8.29444878462997e-06	0.000129600762259843	0.000488854075244129	0.00483825565668447	0.0300150181363307	0.135772350558657	0.352362181253405	0.372479329974427	0.100474286949566	0.00343079137854257	1.03680609807875e-06	
1.65569167295743e-05	0.000158842919874354	0.000815945552579335	0.00794162859006989	0.0434665630479628	0.174731351090971	0.380424136466247	0.324381560354877	0.0664253151117566	0.00163654773798886	1.55221094339759e-06	
2.22345517695342e-05	0.000279741686216698	0.00149126621635667	0.0124161873741873	0.0621104105790963	0.21506344344952	0.396615280721558	0.269002397712013	0.0422849466396612	0.000714091069621552	
4.6439963962588e-06	4.28279667654978e-05	0.000441179657644586	0.00276214585657482	0.0192782610400694	0.0860413852318851	0.256971928589783	0.396330004447917	0.21252527108039	0.0252912043740254	0.000311147758549339	
4.64494552511109e-06	7.63835486351602e-05	0.000830413038878194	0.004822485665182	0.0289039476875913	0.115679271672542	0.297693526494253	0.37707925825381	0.160001341873152	0.0147802166609035	0.000128510159528074	
1.38759836530634e-05	0.000150580118901762	0.0013634438752436	0.00798331592839581	0.042556100087984	0.149211021847993	0.331706417077122	0.34329286342743	0.115674825059821	0.00800849826909952	3.90583243567711e-05	
3.38602188601419e-05	0.000309872305932208	0.00233019869792067	0.0128422575531375	0.0594139103935481	0.187127473463336	0.353923424602014	0.299473627506811	0.0804693231547463	0.00406425233045521	1.17997732391404e-05	
5.64420086582041e-05	0.000674225448880729	0.00377289172421614	0.0198055008381638	0.081400664886862	0.226551552334826	0.360931765203296	0.251847834397094	0.0529333681563423	0.00202165012830295	4.1048733569603e-06	
9.72938484172083e-06	0.000103950795940491	0.00103694759497288	0.00594465413829143	0.0296792324232262	0.107988490649805	0.263385201195997	0.356511800463631	0.201470468500604	0.0330056578933219	0.000857210011844246	6.65694752328267e-06	
1.07248847457921e-05	0.000178748079096536	0.00188298333608265	0.00960643247944525	0.0424419439006814	0.139292760243159	0.296113557122524	0.3370330780981	0.153375044623181	0.0196796527997312	0.000383542306861424	1.53212639225602e-06	
2.56537999178052e-06	2.05230399342442e-05	0.000413026178676664	0.00302509608630759	0.0150911043396481	0.0594065044696616	0.173656215479605	0.319852603527192	0.30504369098664	0.11242521275979	0.0108659234931856	0.0001975342593671	
6.15364418808819e-06	8.05101781274871e-05	0.000838434020627015	0.00494650431985822	0.0228023285389608	0.0810378531166157	0.208578282558931	0.332033717867721	0.265230782169201	0.0784902444227472	0.00586903814438911	8.61510186332346e-05	
3.06118075864222e-06	1.88772813449604e-05	0.000189793207035818	0.00152140683704519	0.00791876442581432	0.0331240165956813	0.106405622776817	0.243082751879055	0.332861571365307	0.219861144840788	0.0520655827365731	0.00291322368864118	3.41831851381715e-05	
1.58600874248948e-05	5.47428824020563e-05	0.000380130482474092	0.00247570848545374	0.0119513432982433	0.0463053158920122	0.136734418231529	0.271642368330577	0.320231025196051	0.175496983513695	0.0332898118891308	0.00140694323930518	1.53484717015111e-05	
2.76661029271249e-05	9.01710021328516e-05	0.000653227430223783	0.00427082655556506	0.0176509736675057	0.063174521363611	0.168814973714641	0.294613768394756	0.297691878513019	0.132206059183942	0.0202408283026282	0.000561519422372758	3.58634667573842e-06	
5.12296394201829e-07	4.5082082689761e-05	0.000160348771385173	0.00124283105233364	0.00674182054769608	0.0253878724074601	0.084524294375754	0.200361168957912	0.308484909028968	0.264134897886521	0.0965740178637753	0.0120963424598936	0.000245902269216878	
1.12465065539017e-05	3.06722906015501e-06	0.000100196149298397	0.000393627729386559	0.00233211649540452	0.0100589777027783	0.0364509501508821	0.110487725204904	0.229728299737803	0.311013959470658	0.225084514940728	0.0678082552425335	0.00642840090524154	9.86625347683194e-05	
9.71232105048465e-06	1.22681950111385e-05	0.000169198856195285	0.000714111184606687	0.00382767684347521	0.0148174236994947	0.0512100018504527	0.138885679847138	0.25766838864415	0.30077882591329	0.183465233468863	0.0451939857218657	0.00321017769458124	3.73157598255463e-05	
3.42822875188936e-05	4.09340746494252e-05	0.00022718411430431	0.00127356139753024	0.00599940031580639	0.0217068281106571	0.0684944754349501	0.169177460470476	0.279800773858681	0.279514235336135	0.144053148802525	0.028151386488276	0.00150995567863067	1.63736298597701e-05	
5.01120361952079e-05	4.60212577302929e-05	0.000396294163788634	0.002181918963724	0.009322372774233	0.0316073998091652	0.0899255376049924	0.199531299057382	0.290955595622458	0.251002496397558	0.107486226860256	0.0167594080234483	0.000725601830214285	9.71559885417295e-06	
1.01984828736877e-06	4.64030970752791e-05	8.66871044263455e-05	0.000741939629060781	0.00370306913143601	0.0140560590206601	0.0449732697763881	0.115701788201987	0.227967707523829	0.291357907597666	0.214835631051525	0.0765074887459741	0.00969416789558385	0.000325331603670638	1.52977243105316e-06	
7.6658506794499e-06	6.23489188595258e-05	0.000182958302882871	0.00124748943390248	0.00590526030673624	0.0204054723952717	0.0607896848313257	0.143852243283437	0.251405661486255	0.281520700352118	0.177058153143254	0.0521896224824069	0.00524753031843944	0.000125208894431015	
6.12450506343456e-06	7.6556313292932e-06	0.000102075084390576	0.000362366549586545	0.00212163062905812	0.00870139056887465	0.029667102527277	0.080152418516012	0.172717167293918	0.267253496326828	0.261261178497679	0.140793695026187	0.0341992362742186	0.00261414291124265	4.03196583342775e-05	
8.6612993783225e-06	3.56641739107397e-06	0.000189529609925645	0.000601196074495326	0.00348591825567544	0.0131152452115752	0.041451959848254	0.102687855941193	0.198600537815743	0.274956515182239	0.235032510441961	0.107468893198027	0.021101982214786	0.00127473947320958	2.0889016147719e-05	
5.1027046886202e-06	2.5003252974239e-05	0.000267381725683699	0.00109453015570903	0.00566502274530615	0.019552033555386	0.0558118530727212	0.126775167177362	0.224277138097048	0.273880530375125	0.201915555340108	0.0778723762530329	0.0122663918009741	0.000587831580129047	4.08216375089616e-06	
1.12138766626484e-05	5.50499399802738e-05	0.000525013316478537	0.00185538686600182	0.0085179587686144	0.0279444709216532	0.0726302402573075	0.153660693578272	0.242995532289593	0.263032181277413	0.167459878533327	0.0538806384773594	0.00713253527911084	0.000299206618226118	
1.79124154533991e-05	0.000147905373315209	0.000778934180573525	0.00315821473608359	0.0129716594880529	0.0380567178722916	0.0931507017572591	0.179573500270222	0.257505302074974	0.242310455937505	0.132791900722229	0.0357444809289072	0.00366129771867477	0.000131016524459147	
5.11281163226e-06	2.2496371181944e-05	0.000323129695158832	0.00125161628757725	0.00529636156985813	0.0187675976585368	0.050766129259036	0.116308795416467	0.204265005207399	0.26194518963674	0.21616916453079	0.100571049931207	0.0224953486196176	0.0017618748884768	5.11281163226e-05	
1.17607355061718e-05	3.88615608030026e-05	0.000486792182690243	0.00214403321640776	0.0080755346021292	0.0264105212562511	0.0670387490668112	0.141531247762904	0.224772199666609	0.257427671476637	0.18471053250565	0.0731589335569578	0.0134026364500987	0.000776208543407341	1.43174171379483e-05	
2.04537668168314e-06	1.94310784759898e-05	0.000160050725341706	0.000939850585233403	0.00354463778935688	0.0119219893333606	0.0361515215045791	0.0864703445948364	0.166655757991031	0.240662599776031	0.242271288536175	0.152408686714767	0.0507125581014814	0.0076880596022765	0.000391178290371901	
5.63069692159562e-06	3.17366553762662e-05	0.000293820002999626	0.00156738127035689	0.00551194040470378	0.0172672999323805	0.0484291123411056	0.107581119147083	0.190076971626918	0.249984515583466	0.222266642164604	0.119642583834679	0.0331678761574281	0.00402390077278756	0.000149469409191447	
2.67000897020321e-05	8.01002691060964e-05	0.000493438196224094	0.00238349646916987	0.00807266942875672	0.0246539385969822	0.0633300454569027	0.130439693996433	0.212204611002799	0.250149032712231	0.194976891585826	0.0906637488260946	0.0205133708401132	0.00195218732782935	6.00752018295723e-05	
4.71519456071556e-05	0.000199883247682507	0.000870773430288667	0.00372807882985272	0.0117013703277932	0.0335972988085421	0.0803945797813482	0.154846989373899	0.23007689354782	0.240859825978569	0.164572590676523	0.0657113614150504	0.0123645726931808	0.00101479187284965	1.38380709934044e-05	
3.06501823175012e-06	0	2.55418185979176e-06	7.45821103059195e-05	0.000358096296742805	0.00149062053337447	0.00557935485452913	0.0170077861679814	0.0447114642920268	0.101002056627234	0.177848193733672	0.241135201019221	0.223002042323815	0.134387767716572	0.0455160315778612	0.00742296332092682	0.000453622698299017	4.59752734762517e-06	
9.19175846509889e-06	0	1.37876376976483e-05	0.000177196677077184	0.000625039575626725	0.00247564694659997	0.00823275166524024	0.0244475242509227	0.059706088416546	0.123278332574162	0.199659802806142	0.243302271998431	0.198852460020957	0.104734470524073	0.0303481225322682	0.00398666990761261	0.00015064270817801	
1.37888135951574e-05	0	2.70669303904941e-05	0.000260966064708349	0.00103620380683609	0.00378324189307133	0.0128006152875044	0.0332729179019145	0.0768639539474054	0.147056164901954	0.216382744780806	0.236427083476967	0.172185000937129	0.0784981837068314	0.0193697082235974	0.00195290456251414	6.94547647756075e-05	
9.20289625370544e-06	4.60144812685272e-06	5.31722894658537e-05	0.000460144812685272	0.00183137635448738	0.00584639548117343	0.0183296129773108	0.0445225895313987	0.096019951879078	0.170067988952434	0.228299314997756	0.221927843158107	0.143137758154022	0.0571075501583409	0.0113410358166497	0.00102101021214721	2.04508805637899e-05	
1.28068587388113e-05	2.6125991827175e-05	0.00010655306470691	0.000671079397913712	0.00296862985565646	0.00907955057146765	0.0256485521333921	0.0578291144979276	0.118018276924243	0.190310433133085	0.231691442815583	0.20266751499299	0.115013787864118	0.039003032151875	0.00650281059321882	0.00044721550715929	3.07364609731471e-06	
5.63209804356274e-06	1.99683476089952e-05	4.76168289137577e-05	0.000227331957394714	0.00118837268719174	0.00476475494485408	0.0137274709678146	0.0347464608663908	0.0752571180759115	0.138574700308383	0.206838800649842	0.228928401185608	0.177499153905271	0.088963596678291	0.0253403451247279	0.00365983971048968	0.000209411645437924	1.02401782610232e-06	
4.08443549272332e-06	3.01227117588345e-05	6.17770868274403e-05	0.000416101865821189	0.00204119663748848	0.00724374634634481	0.0196277547602819	0.045287199634443	0.0941727869379753	0.162599334747569	0.217572773153005	0.218495855574361	0.14953884170515	0.0651906537904838	0.0156377718383278	0.00198350398615376	9.64947885155885e-05	
3.05358274318606e-06	6.66698898928956e-05	0.000122143309727442	0.000910476587926643	0.00324544952554958	0.0107603166565305	0.0275382270389663	0.0591728353279166	0.114050806527542	0.181860191714103	0.223035719284138	0.201593461261486	0.121008394807891	0.0463381181278484	0.00921622164939272	0.00103465561948288	4.32590888618025e-05	
1.62827499529327e-05	8.29402575727508e-05	0.000191322311946959	0.00133620316801254	0.00546337144514494	0.0154228172210434	0.0374920494384995	0.0751881420873468	0.135743180326367	0.197993659904237	0.221139080126395	0.178771364748864	0.0941056445170384	0.0313112193235535	0.00523083342237962	0.000497641545436505	1.42474062088161e-05	
4.05892750958414e-06	4.92144960537077e-05	0.0001278562165519	0.000305941661034905	0.00227553623506061	0.00781242072407208	0.021119107198305	0.0488096180346267	0.093318802372849	0.158945064445622	0.209173785010787	0.211782153301633	0.152162089211168	0.0708911984186418	0.0202230989505643	0.00280167471349045	0.000197872716092227	5.07365938698018e-07	
2.52917402234778e-05	0.000108754482960955	0.000283267490502952	0.000689452838492005	0.00369006489860541	0.011547196916431	0.0289590425558821	0.0618489273772971	0.112557349020957	0.178391242987865	0.212855285720789	0.197931641484524	0.125815785080908	0.0510862802425984	0.01264485844213	0.00146489759374384	0.000100661126089442	
3.79201361484568e-05	0.000128928462904753	0.000359988492502683	0.00135905767956069	0.00575577106552043	0.0160579136543332	0.038775614419966	0.0778672299745025	0.133746848204684	0.193238991405275	0.213174870983057	0.176931816055992	0.0992319402823584	0.035041239412066	0.0075380174644979	0.000722504994081931	3.1347312549391e-05	
4.48975679643241e-05	0.00025727819844725	0.00054785122257591	0.00227111068511671	0.00834892977314117	0.0232271766492289	0.0514632066952868	0.0963204172951485	0.156009968269022	0.201265707842949	0.204236009867376	0.15313601945225	0.0745652755146825	0.0236312547609078	0.00428696104000928	0.000375827956555297	1.21072093386941e-05	
