# <P(U)> as a function of N_tot.
# number_of_species: 1
# species_total_upper_bound: 103
# species_total_lower_bound: 0
# volume: 729
# Bin widths for each
10	10	10	10	10	10	10	10	10	10	10	10	10	10	10	10	10	10	10	10	10	10	10	10	10	10	10	10	10	10	10	10	10	10	10	10	10	10	10	10	10	10	10	10	10	10	10	10	10	10	10	10	10	10	10	10	10	10	10	10	10	10	10	10	10	10	10	10	10	10	10	10	10	10	10	10	10	10	10	10	10	10	10	10	10	10	10	10	10	10	10	10	10	10	10	10	10	10	10	10	10	10	10	10	
# Bin lower bound for each
0	0	0	0	-10	-10	-10	-10	-10	-10	-10	-10	-10	-20	-20	-20	-20	-30	-30	-30	-30	-30	-30	-30	-30	-30	-30	-40	-40	-40	-40	-50	-50	-50	-60	-60	-60	-60	-60	-60	-60	-70	-70	-70	-70	-70	-80	-80	-80	-90	-90	-90	-90	-100	-110	-110	-110	-120	-120	-120	-120	-120	-120	-130	-130	-130	-130	-140	-150	-150	-150	-160	-160	-160	-180	-180	-180	-180	-180	-180	-200	-200	-200	-200	-200	-210	-210	-220	-220	-220	-220	-250	-250	-250	-250	-250	-260	-260	-260	-260	-270	-270	-270	-270	
# Bin upper bound for each
0	0	0	0	0	0	0	0	0	0	0	0	0	0	0	0	0	0	0	0	0	0	0	0	0	0	0	0	0	0	0	0	0	0	0	0	0	0	-10	0	-10	-10	-10	-10	-10	-10	-10	-10	-10	-10	-10	-20	-20	-20	-20	-20	-20	-20	-30	-30	-30	-30	-30	-30	-30	-30	-30	-40	-40	-40	-40	-40	-50	-50	-50	-50	-50	-60	-60	-60	-60	-70	-70	-70	-70	-70	-70	-80	-80	-80	-80	-90	-90	-90	-90	-100	-100	-100	-100	-100	-100	-110	-110	-110	
# Normalized histogram for each
1	
1	
1	
1	
1.58364913936588e-06	0.999998416350861	
2.68424584534007e-05	0.999973157541547	
6.62429222591991e-05	0.999933757077741	
0.000394006064541345	0.999605993935459	
0.00135437976493637	0.998645620235064	
0.00340223301047265	0.996597766989527	
0.00734793978350722	0.992652060216493	
0.0155909827350514	0.984409017264949	
0.0310996815834632	0.968900318416537	
6.31857629838845e-06	0.0565970675487399	0.943396613874962	
3.80809124186615e-05	0.0954101393602724	0.904551779727309	
6.04783519330791e-05	0.147676994671539	0.852262526976528	
0.000219297200146834	0.216705361498722	0.783075341301132	
1.58025065935959e-06	0.000478815949785955	0.302197654591971	0.697321949207583	
6.31110928790176e-06	0.00087882196834032	0.398224684957313	0.600890181965059	
9.44740550626284e-06	0.00181232728961809	0.496839055574363	0.501339169730513	
3.1379440190787e-05	0.00394439563198193	0.594674908999623	0.401349315928204	
3.77626272718547e-05	0.00748486741384221	0.685589938777341	0.306887431181545	
7.73236547262111e-05	0.014265425280101	0.761524380621745	0.224132870443428	
0.000128001921609095	0.025717324348968	0.816623814994556	0.157530858734867	
0.000290285836890912	0.0437400805858725	0.84986858255319	0.106101051024046	
0.000624122081439241	0.0711514973399759	0.86071491209359	0.067509468484995	
0.00130919754918219	0.107733469595672	0.849556539084704	0.0414007937704413	
3.17919029202452e-06	0.00266257186957054	0.158412693870998	0.815306529579981	0.0236150254891582	
3.99142322976388e-05	0.00505633494746489	0.222215303755291	0.759160715454631	0.0135277316103158	
0.000105853710172542	0.0088035002293497	0.295384778236477	0.688254408165491	0.00745145965850952	
0.000217209072581618	0.0154652859678112	0.377200448576959	0.603215337856645	0.00390171852600314	
1.61683578769006e-05	0.000455947692128597	0.0262897499078404	0.461031023845094	0.510315412325463	0.00189169787159737	
5.17829517577076e-05	0.00075085280048676	0.0411464098232259	0.538206109093734	0.418898188243975	0.000946657086820591	
3.87695826777505e-05	0.00159601448690073	0.0652524384452105	0.605584112225019	0.327092507455068	0.000436157805124693	
8.10460779371504e-06	9.88762150833235e-05	0.00316403888266635	0.098179218813064	0.653547467877387	0.244817508546309	0.000184785057696703	
1.14031215230661e-05	0.000229691447821759	0.00612184724052604	0.140623294622451	0.677562077779063	0.175375121972675	7.65638159405865e-05	
1.46183395190566e-05	0.000328100509205493	0.0108094499443691	0.193148871545402	0.675792841886416	0.119889875175623	1.62425994656185e-05	
1.46258702392792e-05	0.000585034809571169	0.0184285965014918	0.256103863179859	0.646863238362683	0.0780030161794627	1.62509669325325e-06	
7.80849662038506e-05	0.00101185102039156	0.0296739139275925	0.326777449712468	0.593873583693256	0.0485851166800875	
9.42508600390979e-05	0.00206539384671885	0.0469694285960359	0.398268384199006	0.523506651998199	0.0290926404703443	3.25002965652062e-06	
0.000215533076979598	0.00381101667932107	0.071566778515271	0.461655522626891	0.446762513572869	0.0159886355286683	
9.86644127329714e-06	0.000393013244053003	0.00653651734355935	0.10487862632827	0.515697508065816	0.364163769769882	0.00832069880714725	
3.30667054649344e-05	0.000696054150036869	0.011573346912727	0.144784223213489	0.555031264570017	0.283763586282608	0.00411845816565758	
7.93955353243969e-05	0.00134310780590438	0.0201019570999457	0.194308994190893	0.572094454221858	0.209938336134231	0.00213375501184317	
0.000148712398483134	0.00229347565660655	0.0330835515825478	0.250752236882327	0.562693016300531	0.149898792951032	0.00113021422847181	
0.000357496334007501	0.00434788365480419	0.0510342567551911	0.314970821016812	0.527174686611431	0.101477651513898	0.000637204113855962	
3.29908879167574e-06	0.000684560924272716	0.00714087768958214	0.0749503487136853	0.373242410446235	0.478036316369419	0.0656964046530348	0.000245782114979843	
2.80035910487345e-05	0.00100154019750768	0.0125159579287226	0.106827110770675	0.425259239125959	0.414660703549043	0.0396069613632807	0.000100483473763106	
6.41943607723075e-05	0.00190772472141293	0.0196533504518295	0.14693430777081	0.465223116553915	0.342529587016279	0.023643276875216	4.44422497654437e-05	
1.65023037215995e-06	0.000173274189076795	0.00345063170818646	0.0303048305543454	0.193042298704899	0.489308157418776	0.270931522040477	0.0127661821590294	2.14529948380794e-05	
3.11968422227914e-05	0.000348091081643778	0.00575992223776591	0.0459266775691421	0.244176042138724	0.492000472878451	0.204817120827012	0.00693555060784584	4.92581719307233e-06	
5.2503170699293e-05	0.000649726737403751	0.00822002766260806	0.0673205499050841	0.296600255624812	0.474354662199522	0.149043375822618	0.00375889887725251	
0.000126267388413245	0.00160211998025637	0.013054736092959	0.0961419573413008	0.348640657771102	0.43549458280107	0.103094862885095	0.00184481573980391	
6.58815778637898e-06	0.000332701968212139	0.00291361278102611	0.0209701062340443	0.131105986988388	0.391353042905378	0.385818990364819	0.0666276867330973	0.000871283867248621	
1.81375984170823e-05	1.48398532503401e-05	0.000580403149346634	0.00459211014468857	0.0332313780452616	0.173345974689806	0.421250669854487	0.325393462220207	0.041208623603611	0.000364400840925018	
4.95770253454279e-06	9.41963481563131e-05	0.000890733888706188	0.00785134824720427	0.0497191461514181	0.219389905126099	0.43512598348424	0.262145131783996	0.0246678752443734	0.000110722023271456	
2.64025095585335e-05	0.000171616312130468	0.0015825004166646	0.0126715544312487	0.0714831444728821	0.268916160481054	0.431360900853626	0.199865347201251	0.0138877200277886	3.46532937955753e-05	
4.92595469106875e-06	3.61236677345042e-05	0.000231519870480231	0.00278644837024789	0.0192883965853282	0.100149584824119	0.314110068815587	0.410895226585706	0.145195798489045	0.00728056103339962	2.13458036612979e-05	
1.64182853727854e-05	5.91058273420274e-05	0.000334933021604822	0.00493369475452201	0.0295824665846847	0.134868005194745	0.35204908410595	0.372775527560555	0.101673515828048	0.00370724883717494	
1.30656401428728e-05	6.85946107500821e-05	0.000826401739036703	0.00779365434522361	0.0430169869653908	0.174039226318119	0.379218772711757	0.325811335422747	0.067448100827545	0.00176386141928782	
8.15815064514655e-06	0.000210480286644781	0.00132651529490083	0.0122796483510746	0.0608761201140836	0.214764947363612	0.394586903883932	0.271912792632864	0.0433344645968895	0.000699969325353574	
1.62931728347188e-06	0.00040732932086797	0.00275843416091789	0.0187290021735093	0.0840304095777787	0.256061874953157	0.397229183027728	0.214216119161749	0.0262776291478345	0.000288389159174523	
2.45524899498474e-05	0.000883889638194508	0.0047910092055469	0.0282631895976011	0.113831890738146	0.297959197035369	0.37667939031257	0.161342595623764	0.0160949755784567	0.00012930978040253	
1.30416141605847e-05	0.0001271557380657	0.00144598897005482	0.00800755109459898	0.0403360823969183	0.148431501366924	0.331675961533759	0.34373456402699	0.117636989930244	0.00854225727518295	4.89060531021925e-05	
2.11749835486666e-05	0.000289934390127897	0.00261755373559287	0.0126675266967677	0.0561348813875152	0.187574519653642	0.353864923151098	0.300754806721266	0.0816637673227654	0.00439625235368086	1.46596039952307e-05	
4.09234959796758e-05	0.000708794950367984	0.00394338807260156	0.019710392603651	0.0767561090594798	0.226673607291585	0.36195195254184	0.254080891019093	0.0540877661664179	0.00204126397946623	4.91081951756109e-06	
7.2003312152359e-05	0.00121423767311478	0.00627410679073056	0.0290909745484656	0.103815684612401	0.261303292678736	0.360710410860718	0.203046067391827	0.0336451840421023	0.000826401650839575	1.63643891255361e-06	
3.28321505551096e-06	0.000174010397942081	0.00229660893132992	0.010030221994586	0.0407184331184469	0.133973231947652	0.29514297580763	0.341659566714109	0.155414267867667	0.020227887957003	0.00035951204857845	
1.65694317182004e-06	2.65110907491206e-05	0.000344644179738568	0.00355082921721034	0.0151974827719334	0.0581123109220723	0.168178074996562	0.32055719684982	0.309690963529024	0.113359767100068	0.0108214958551567	0.000159066544494723	
1.3304661787182e-05	0.000131383535148422	0.000814910534464895	0.00597878239061489	0.0232615380521643	0.0804316697516851	0.201301195922786	0.334041806573501	0.269560763221923	0.0784941783789267	0.00593055299163636	3.99139853615459e-05	
8.2529904710972e-06	0.000335071413126546	0.00175293517606105	0.00889177193356012	0.034457885814925	0.106496589039038	0.237347752958284	0.331350965022176	0.224758641293673	0.0517099370957066	0.00287699247822448	1.32047847537555e-05	
3.31166949538436e-06	6.12658856646107e-05	0.000549737136233804	0.00264271225731672	0.0133973589435774	0.0479778118143809	0.135086310386223	0.266938775510204	0.319324419422942	0.179335182348802	0.0333700376702405	0.00130976528542451	3.31166949538436e-06	
4.14139038070974e-05	0.000122585155269008	0.000755389605441456	0.00479738661701416	0.0191762940188384	0.0645493670298942	0.165337556447151	0.291273924812229	0.29838220726168	0.135125285341797	0.0199134615066047	0.000525128300273994	
4.14231674804938e-05	0.000240254371386864	0.00147797861570402	0.00768648295768044	0.0267461107788053	0.0843259705033909	0.195915012915744	0.306026076712392	0.266259835931118	0.099218427675978	0.0118635951664134	0.00019883120390637	
3.65323493953896e-05	0	0.000111257609522323	0.00054632467959469	0.00253899828297958	0.0115176534275647	0.0385665370321784	0.108437976373533	0.226068820304016	0.310925165142825	0.226513850742105	0.0683669707707994	0.00627858241199855	9.1330873488474e-05	
1.82371626953863e-05	6.63169552559503e-06	0.000308373841940169	0.000809066854122594	0.00434044472150195	0.0169506137634209	0.0523937104999635	0.135931521112003	0.253594378974873	0.303441518393008	0.183530515746961	0.0457437778116731	0.00289141924915943	3.97901731535702e-05	
2.66944288726943e-05	4.50468487226716e-05	0.000347027575345025	0.00125797496062572	0.00653679827020101	0.0240733696377566	0.0678322121673207	0.164991591254905	0.277201623021275	0.282889204772964	0.144915712340834	0.0286314433677691	0.00124796454979846	3.33680360908678e-06	
3.16586992273611e-05	7.49811297490132e-05	0.000478212983065928	0.00245604856111212	0.0100091476978294	0.0335765499016081	0.0899806881934713	0.194624352871194	0.289313856012903	0.254635916627649	0.107254674240316	0.0169440690759492	0.000619844005925176	
3.65473396028633e-05	0.000149511843829895	0.000787429044170782	0.00387567924061273	0.0150923900132733	0.047945125830829	0.114223726200622	0.223339131070389	0.289224016918096	0.217715824499675	0.0773557667548787	0.00999237489596468	0.000262476348056927	
2.0000333338889e-05	0.000243337388956483	0.00140335672261204	0.00619843664061068	0.0218586976449607	0.0645294088234804	0.141900698344972	0.24500741679028	0.281429690494842	0.178699644994083	0.05319588659811	0.00542509041817364	8.8334805580093e-05	
1.99779909133438e-05	4.99449772833595e-06	3.66263166744636e-05	0.000302999528852381	0.00246062254749351	0.00921318347620372	0.0323260541303664	0.0828037778380817	0.169787950274781	0.262362630502064	0.262768849650635	0.141087901495186	0.0341207436474151	0.00269036944299696	1.33186606088959e-05	
2.82958884409631e-05	4.99339207781702e-06	8.82165933747674e-05	0.000565917768819262	0.00421941630575538	0.0143360286554127	0.0439501726049195	0.104971088259869	0.195393096469006	0.269814611996791	0.236949769804625	0.107108260069175	0.0212169229386445	0.00135320925308841	
1.65951416063433e-05	1.4935627445709e-05	0.000152675302778359	0.00112349108674944	0.00631445138121364	0.0208949427965469	0.0586605065501024	0.127809142595414	0.220590919802319	0.270670078627781	0.203428224353038	0.0770213712233607	0.0127151974987803	0.000587468012864554	
3.64769863377106e-05	8.29022416766149e-06	0.000457620374054914	0.00197970553123756	0.00918556837776893	0.0297386921342353	0.0745589600742804	0.152951319803687	0.237936065791219	0.261898129725428	0.170546491577132	0.053030905955697	0.00738493168855286	0.000286841756201088	
5.6798154394089e-05	5.34570864885543e-05	0.000664872513201395	0.00373865498629327	0.0135513714248485	0.0389084062939037	0.0957884168516783	0.178653583044749	0.250307795880797	0.243540462838137	0.135436869686658	0.035122976356933	0.00404269216569692	0.000133642716221386	
1.67400999049162e-05	5.69163396767152e-05	0.000244405458611777	0.00134925205233625	0.00568326391771906	0.0190418636418422	0.0523195082428252	0.119228013552785	0.203728689852821	0.257280269448648	0.214934512729172	0.101932142331025	0.022075169744613	0.00207577238820961	3.34801998098325e-05	
3.84908893738369e-05	3.84908893738369e-05	0.0005489135528095	0.00251864297859237	0.00819186536891007	0.0275276799700106	0.068296225884621	0.143939191088857	0.224390170430964	0.251656781760004	0.184187273238456	0.0742372109836263	0.0135839369151058	0.00084177901543652	3.34703385859451e-06	
6.67610222447726e-06	6.3422971132534e-05	0.000100141533367159	0.000867893289182044	0.00401901353913531	0.0118150319117686	0.0371141212914252	0.0894364034502096	0.167316473949849	0.242033741020643	0.234670000267044	0.152512217267071	0.0517097497796886	0.00791952626378615	0.000415587363473709	
1.82836019360672e-05	5.31886601776501e-05	0.000245997553321632	0.00136794585394394	0.00613996595925749	0.0174176240625499	0.0492493750332429	0.111302257858625	0.190884128503803	0.248936226796447	0.214870552098293	0.121170416467209	0.0343964416786341	0.00383955640657412	0.000108039465985852	
6.82313274987227e-05	0.000123149225241597	0.000490932722246908	0.00237977556885789	0.00856885622660789	0.0250558748005066	0.063295373416742	0.134850065818268	0.213342719301311	0.247192114455556	0.18939185917054	0.0925067024797927	0.0207456519170507	0.00195374581667074	3.49477531091019e-05	
0.000104331582329211	0.000238472188181053	0.000917455501752108	0.00371950371287949	0.0127334212147508	0.0344840720450977	0.0798467816190937	0.156280430044846	0.230375726180934	0.238013460430177	0.162313445194454	0.0671183285749299	0.0129188995833361	0.000932360013513424	3.31211372473685e-06	
9.96757216522248e-06	0	0	0.000172771250863856	0.00040368667269151	0.00169116474403275	0.00550209983520281	0.0182688985168253	0.0465867710382223	0.100601044601563	0.176469220137154	0.240002525118282	0.221863205039604	0.133859510392855	0.0464040322151932	0.00767170804316623	0.000493394822178513	
2.98728412723175e-05	0	0	0.000248940343935979	0.000658862110283892	0.0026188524182065	0.00862827232082104	0.0258848169624631	0.060527355224594	0.122344221430776	0.198433667355955	0.24223721027493	0.198214599853291	0.105316701905555	0.0306312795201758	0.00406104681074227	0.000164300626997746	
4.50628626934574e-05	0	0	0.000353826921889369	0.00100306594365807	0.00411240346950663	0.0139260935671929	0.0356797732837308	0.0782391436053294	0.146951664238279	0.214709519780093	0.234069860789134	0.170220791337249	0.078506182791661	0.0200412909341865	0.00205787072966789	8.34497457286248e-05	
3.00662459619361e-05	0	3.67476339534775e-05	0.000728271291078009	0.00172212775481979	0.0064041103898924	0.0201093075075416	0.0460230708327348	0.0977737615212184	0.170078072018681	0.226074784775789	0.220049843154417	0.140711701448859	0.0576553673260083	0.0114452176295104	0.00111245110059164	4.50993689429042e-05	
4.20796787132371e-05	2.35646200794128e-05	0.00012960541043677	0.000733869596758855	0.00270656493483541	0.00938040197875481	0.0277119932133894	0.0581928292861098	0.120221642083718	0.188316661364627	0.230993871515592	0.202041369373737	0.112305612924184	0.0399588629060899	0.0067024512254444	0.000538619887529435	
1.84866492780123e-05	5.54599478340369e-05	4.03345075156632e-05	0.000248729463013257	0.00121171582994972	0.00461662050606362	0.0142884992874237	0.0344221409556589	0.0767246363171906	0.139384293742773	0.203045591438329	0.229313439457904	0.177855010890317	0.0888535588480465	0.0260191185565624	0.00363514748984915	0.000267216112291269	
1.34289474390997e-05	6.88233556253861e-05	1.84648027287621e-05	0.000533800660704214	0.00209995165578922	0.0071777724061988	0.0200880267504633	0.0450591545134692	0.0948066903016142	0.161556952166089	0.215643716595493	0.220333776488599	0.148344546504445	0.0658454865307657	0.0163967448231408	0.0018615878387452	0.000151075658689872	
1.00247444107873e-05	0.000148700375426678	0.00013700484028076	0.00126813016796459	0.0032864453760031	0.0103238159523758	0.0277468217383241	0.0598393701787245	0.11250269415006	0.178749546798013	0.224266898795193	0.204437954350656	0.119247676347785	0.0474354197611103	0.00954689826053976	0.000974070998581499	7.85271645511671e-05	
5.34971236937089e-05	0.000168850296658269	0.000285875254738257	0.00154305766154042	0.00561552620272401	0.0145227972977265	0.0378074203854133	0.0758338446209478	0.133209509782451	0.195341403597347	0.224687919513577	0.179598203165358	0.0935413925635654	0.0318274450275259	0.00538816342702574	0.000556704443437658	1.83896362697124e-05	
1.33884043030331e-05	0.000162334402174277	0.000299565546280367	0.000485329655984951	0.0023111732928111	0.00708079232576665	0.0186902124070343	0.0492090800157983	0.0955312853537551	0.155829311233541	0.210504207306052	0.213476433061326	0.152574255437366	0.069541045500492	0.0211118400353454	0.00285507721762182	0.000322995253810675	1.67355053787914e-06	
8.36159552621193e-05	0.000359548607627113	0.000506712688888443	0.000929809422514767	0.00357374592790298	0.010376740048029	0.026362438375041	0.0629327125684815	0.115843216739245	0.174163673215468	0.211834333380158	0.19929194009084	0.128071214036778	0.0505491895941616	0.0133267109496766	0.0015703076398226	0.00022409076010248	
0.000125372355897014	0.000411221327342206	0.000677010721843876	0.00169503425172763	0.00503495381282409	0.0147638486304324	0.0363111775305992	0.0778528897492219	0.137419803483011	0.18567813071489	0.21373479233323	0.179559959747116	0.102822048149671	0.0350357227632736	0.00787004068750857	0.000926083802225944	8.19099391860492e-05	
0.000149388012703017	0.000773796335461693	0.00100878871499453	0.0021065388308122	0.00664524878978925	0.0211728133959084	0.0485292834075238	0.0983862737594081	0.161548868343841	0.192594718714122	0.203416117791609	0.15706722796275	0.0770858930717532	0.0244761348453414	0.00458738695188027	0.000429700351145756	2.18207209566204e-05	
