# <P(U)> as a function of N_tot.
# number_of_species: 1
# species_total_upper_bound: 103
# species_total_lower_bound: 0
# volume: 729
# Bin widths for each
10	10	10	10	10	10	10	10	10	10	10	10	10	10	10	10	10	10	10	10	10	10	10	10	10	10	10	10	10	10	10	10	10	10	10	10	10	10	10	10	10	10	10	10	10	10	10	10	10	10	10	10	10	10	10	10	10	10	10	10	10	10	10	10	10	10	10	10	10	10	10	10	10	10	10	10	10	10	10	10	10	10	10	10	10	10	10	10	10	10	10	10	10	10	10	10	10	10	10	10	10	10	10	10	
# Bin lower bound for each
0	0	0	0	0	-10	-10	-10	-10	-10	-10	-10	-10	-10	-20	-20	-20	-20	-20	-20	-20	-20	-30	-30	-30	-30	-30	-30	-30	-40	-40	-50	-50	-50	-60	-60	-60	-60	-60	-60	-60	-60	-60	-60	-70	-70	-70	-80	-80	-80	-90	-90	-90	-90	-90	-90	-90	-90	-100	-110	-110	-110	-110	-110	-120	-120	-120	-130	-130	-140	-140	-160	-160	-160	-180	-180	-180	-180	-180	-180	-180	-180	-190	-190	-190	-190	-190	-200	-200	-210	-210	-210	-220	-220	-230	-230	-230	-240	-240	-250	-250	-250	-250	-250	
# Bin upper bound for each
0	0	0	0	0	0	0	0	0	0	0	0	0	0	0	0	0	0	0	0	0	0	0	0	0	0	0	0	0	0	0	0	0	0	0	0	0	0	-10	-10	-10	-10	-10	-10	-10	-10	-10	-10	-10	-20	-20	-20	-20	-20	-20	-20	-20	-20	-30	-30	-30	-30	-30	-30	-30	-40	-40	-40	-40	-40	-50	-50	-50	-50	-50	-50	-60	-60	-60	-60	-70	-70	-70	-70	-70	-70	-80	-80	-80	-80	-90	-90	-90	-90	-90	-100	-100	-100	-100	-110	-110	-120	-120	-120	
# Normalized histogram for each
1	
1	
1	
1	
1	
2.38956239147404e-05	0.999976104376085	
0.000110045590315988	0.999889954409684	
0.00060574055666004	0.99939425944334	
0.0015357545262313	0.998464245473769	
0.00371750061319598	0.996282499386804	
0.00655742763685737	0.993442572363143	
0.0144447857471971	0.985555214252803	
0.0293235664415703	0.97067643355843	
0.0539263666561337	0.946073633343866	
6.94782185784756e-05	0.0953009564834758	0.904629565297946	
0.000100276145076441	0.147267089369186	0.852632634485738	
0.00022419271296375	0.214544695523103	0.785231111763933	
0.000278144774355052	0.298665677707469	0.701056177518176	
0.000644004934784802	0.396815667165835	0.60254032789938	
0.00150292798405183	0.498349115375031	0.500147956640917	
0.00385154335726196	0.595869767733148	0.400278688909591	
0.00705753338816434	0.685089883679944	0.307852582931892	
7.83723627699928e-06	0.0144832126398947	0.759812219818803	0.225696730305025	
6.27564188049609e-05	0.0261380484322662	0.815150968409988	0.158648226738941	
0.000445416894584668	0.0441275298898179	0.849066187387669	0.106360865827928	
0.00091714830129903	0.0702171902054887	0.862064058064975	0.0668016034282371	
0.00158814607767622	0.107326911929359	0.850769853811154	0.040315088181811	
0.00237531565656566	0.157599431818182	0.817258522727273	0.0227667297979798	
0.00473993653707675	0.224992680398503	0.757804277812507	0.012463105251913	
0.000110600243320535	0.00892701963944321	0.304711570365455	0.679567395048269	0.00668341470351235	
0.000281643861337339	0.0152244153934017	0.388073947160482	0.593079384451694	0.00334060913308455	
3.88488314271507e-05	0.000784746394828444	0.0271087145698657	0.474111138736947	0.49637928891099	0.00157726255594232	
7.74377400569942e-05	0.000921509106678231	0.0417157105687028	0.547817804485194	0.408669929376781	0.00079760872258704	
0.000146814511455395	0.00129814936444771	0.0651470076884442	0.616389135726152	0.31673299076614	0.000285901943360507	
3.84127837744401e-05	0.000230476702646641	0.00273499020474014	0.0981369799869397	0.664364460492452	0.234402489148389	9.21906810586563e-05	
5.43187267690445e-05	0.000481108722811537	0.00560258867532145	0.140848458512132	0.686813741085909	0.166168745004617	3.1039272439454e-05	
6.93620235214329e-05	0.000662792669204803	0.0106200964902816	0.193951631548931	0.679670761595018	0.114979114324029	4.62413490142886e-05	
5.40227667374108e-05	0.000848929191587883	0.0184835037622998	0.260760177503376	0.645124445301949	0.0747212039359444	7.7175381053444e-06	
0.000201836714098294	0.00149048650411048	0.0287384429073802	0.331082077676083	0.592336415224699	0.0461507409736293	
0.000255297421496043	0.00273090878145767	0.0465105484252791	0.402364208848763	0.519507043887948	0.0286319926350562	
0.000609469144660202	0.00412741762523048	0.0723879618271731	0.463651723100424	0.443438948935743	0.0157844793667693	
0.00104598487936564	0.00649125910429854	0.108113304773844	0.513194022504057	0.36334130640435	0.00781412233408449	
0.00147418270699664	0.0113580812710052	0.149923617476321	0.55356706385579	0.279521845401772	0.00415520928811488	
0.00200929583658738	0.0206464625019903	0.200497395497661	0.5700106909703	0.204682796636515	0.00215335855694648	
0.00018254837531946	0.00282189363514665	0.0340833029086041	0.257689850310332	0.558187294633078	0.145742059145674	0.00129305099184617	
0.000550884092456713	0.00510332902317539	0.0512398717664251	0.319880029686532	0.523041492283797	0.0996488113910588	0.000535581756555138	
0.000814626386209759	0.0066015477901338	0.0725555444547767	0.382759124199783	0.470546645045765	0.066614919959115	0.000107592164216383	
3.83185806797716e-05	0.000789362762003295	0.00976357435720581	0.10575928267617	0.437276315285282	0.405993026018316	0.0403188105912557	6.13097290876346e-05	
0.000107009095773141	0.00161277994343805	0.0148742643124666	0.146319651456088	0.475999388519453	0.336772911411756	0.0243063517541848	7.64350684093862e-06	
0.000139344769926302	0.00311203319502075	0.025848454821329	0.193635040564811	0.496663466897876	0.267185854957577	0.0134158047934601	
1.53015163802733e-05	0.000351934876746286	0.00560800575337016	0.0400976236745061	0.246782856181048	0.495363640536777	0.203655532263247	0.00812510519792511	
2.30563497187125e-05	0.000699375941467614	0.00743951550923791	0.0632973654277721	0.290410095606997	0.48239263426481	0.150865381659442	0.00487257524055458	
0.000178189593727726	0.00189035916824197	0.0109702810747157	0.090752734822895	0.343603768322539	0.445396510582912	0.104744491617342	0.00246366481762682	
0.000313327380113111	0.0037207626388432	0.0179771584339898	0.125471949366295	0.390335416960411	0.391463395528818	0.0694960129090881	0.00122197678244113	
0.000529933323314693	0.00567898695731268	0.0288774113943574	0.164239782964621	0.424674328289739	0.331943906162254	0.0436839066368217	0.000371744271578964	
0.000915151276083784	0.00781823202240543	0.0472328507751174	0.205412015305116	0.442562423573035	0.269977515679855	0.025963472841308	0.0001183385270798	
0.0022271714922049	0.0134336083315035	0.0691207377897676	0.255654192415069	0.437498039461715	0.207056369396782	0.0149941968066752	1.56843062831331e-05	
0.00377088565275197	0.0196630305480613	0.0974443502802895	0.303124781327507	0.416834477557399	0.15150407799902	0.007596196459255	6.22001757154964e-05	
0.000177543112099177	0.00650734102172201	0.029394963951029	0.132856282710389	0.344063112716718	0.378483318666728	0.104688682012567	0.00382875580874747	
7.67842745805659e-06	0.000522133067147848	0.00879947786693285	0.042876338925788	0.172365339578454	0.37672668637463	0.329097400852305	0.0679694398587169	0.00163550504856605	
0.000129088106429347	0.00128328764626821	0.013334042052349	0.0619243239959603	0.212258814059973	0.392465810635341	0.275481612538252	0.0425307343594572	0.000592286605969945	
0.000323198744142023	0.00230856245815731	0.0187840032012066	0.0857477049041562	0.247893436756931	0.397295903840678	0.219890574139483	0.0276334926241429	0.000123123331101723	
0.000652929242679808	0.0040808077667488	0.0267390070811731	0.118631025021181	0.289115514065184	0.375791871030929	0.169046490116672	0.0158413071021601	0.000101048573271875	
0.00102007696944406	0.00711735521862104	0.0381910635075192	0.151751904916462	0.321378340365682	0.346022472604751	0.127076861254076	0.0073182794701782	0.000123645693265946	
3.09575958331076e-05	0.00288679581143728	0.0115936196394988	0.0520784155902453	0.190559481150694	0.344705090202695	0.307316053835259	0.0871611110681144	0.00360655991455704	6.19151916662152e-05	
0.000219864783158358	0.00325871017895423	0.019261725467409	0.0701918320233057	0.228588703661534	0.35205848403232	0.267080745341615	0.0575181977369632	0.00182173677474068	
0.000601280649695455	0.00615336560987037	0.0277369982820553	0.098633453068874	0.262915820709043	0.349898485085116	0.215719194127753	0.0378338278931751	0.000507574574418241	
4.70495981180161e-05	0.00127033914918643	0.00913546363458146	0.0387531856498726	0.12886100764556	0.294601058615958	0.33470299941188	0.169700058811998	0.0228347382866105	9.40991962360322e-05	
0.000220189835093541	0.00202102812925143	0.0152560100029097	0.0560461769539882	0.160722851772921	0.319825735473369	0.306189693542933	0.128244851096624	0.0113319125846355	0.000141550608274419	
7.89253524016985e-06	0.000844501270698174	0.00485390917270446	0.0245615696674086	0.0790989881769822	0.193043519439314	0.327982194440498	0.27460497861123	0.0894224242711244	0.00554055973859923	3.94626762008492e-05	
6.35854230417677e-05	0.00163732464332552	0.00736796089496483	0.0362913802010889	0.103294519731352	0.230735603862814	0.327965663871557	0.231244287247149	0.0588880499145571	0.00251162421014982	
1.59665341444333e-05	6.38661365777331e-05	0.000319330682888665	0.00227523111558174	0.0129887755264965	0.0507176957097923	0.131173061263592	0.260182657150612	0.315945777650046	0.187534926793441	0.0372978237613961	0.00148488767543229	
0.000198993886907794	0.000278591441670912	0.000469625573102394	0.00411519358125318	0.0193501655629139	0.0656679826795721	0.161033813041263	0.282491721854305	0.294654228222109	0.148536996943454	0.0224624299541518	0.000740257259296994	
0.000201259076784363	0.000209309439855737	0.000861388848637074	0.00752708947173518	0.0290135085092338	0.0827496820106587	0.187058236326458	0.297525318391859	0.272456487787599	0.108857009451126	0.0131945450739828	0.000346165612069104	
0.000176841766810016	0	0.000369760057875487	0.000618946183835055	0.00256420561874523	0.0121699288613802	0.0423616414131265	0.106949077609421	0.216301595595032	0.299280575539568	0.232554961617298	0.0791206141232266	0.00737108637112656	0.00016076524255456	
8.82286887612692e-05	2.40623696621643e-05	0.000962494786486573	0.00141165902018031	0.0037777920369598	0.0176136545927043	0.056233757900478	0.137444255510283	0.244369405499054	0.290529051300972	0.192924059161346	0.0509961821040136	0.00358529307966249	4.01039494369406e-05	
0.000128649422283688	0.000144730600069149	0.00106939832273316	0.00161615836743883	0.00555604692487678	0.025569072678883	0.0712798205340559	0.167300533091044	0.26791242190578	0.270525613295918	0.155633638607692	0.0320497873264238	0.00121412892280231	
0.000151081424936387	0.000254452926208651	0.000652035623409669	0.00293416030534351	0.00919211195928753	0.0346771628498728	0.0949586513994911	0.20138358778626	0.278920165394402	0.24444179389313	0.115219465648855	0.016777989821883	0.00043734096692112	
0.000174858523558212	0.000357665161823615	0.00081865581484072	0.00420455268010428	0.0136628091816621	0.0530298213263814	0.116924715457493	0.229732307496662	0.278589368601768	0.209909709416926	0.0834154638519743	0.00908469511031983	9.53773764862975e-05	
9.59669873563494e-05	0.000527818430459922	0.00142351031245252	0.00631782666762634	0.0200091168637989	0.0674567948625673	0.14730132834305	0.250833713202658	0.270171061154963	0.174755883975912	0.0568444455107443	0.00424653919051846	1.59944978927249e-05	
0.000176509760187421	0.000922664655525157	0.00284822567575157	0.00880141849661823	0.0322451239178748	0.0862009483388025	0.172530267412287	0.267917746451753	0.251791172907356	0.138447837354279	0.0364412423077849	0.0016768427217805	
0.000423498577684022	0.00075111068494902	0.00509796401061144	0.0123613641448525	0.0446511330584588	0.110924665196407	0.195720267203631	0.275489820053057	0.229136702144661	0.103069965161249	0.0215584747658772	0.000815034998561703	
7.12871287128713e-05	0.00057029702970297	0.00174257425742574	0.00664554455445545	0.0199524752475248	0.0588910891089109	0.132641584158416	0.221425742574257	0.271992079207921	0.194891089108911	0.077449504950495	0.0132277227722772	0.000499009900990099	
3.95522683225883e-05	0.000996717161729225	0.0025076138116521	0.00942926076810505	0.0296642012419412	0.0746746825930467	0.156183997152237	0.236775699086343	0.261867658110193	0.164379227148677	0.054874817070759	0.00844836451370486	0.000158209073290353	
7.22723221097094e-05	0.00171847521460865	0.00379831203976584	0.0136434083627107	0.0393803852917794	0.100506709280569	0.178552786901043	0.249331481020485	0.242305005259819	0.128419886130941	0.0380634229777803	0.00408740132820468	0.000120453870182849	
0.00033455205868999	0.00242948518810588	0.00538469503986745	0.0183446045515011	0.0531141220796393	0.125504815159988	0.206888586198931	0.252562907735322	0.212145832835488	0.0977608908643391	0.0235779546124374	0.0019356226252778	1.5931050413809e-05	
0.0005644103501729	0.00406216463293454	0.00778250327914464	0.0254461624070909	0.0660678087364363	0.148757899757542	0.229190349377956	0.250367661671768	0.178512659485671	0.0748916888588577	0.0136491911443221	0.000707500298104058	
7.15449739655789e-05	0.00127986008982869	0.00529432807345284	0.0125442187686315	0.0340951548153742	0.0909018641440439	0.175929090981359	0.241631225406415	0.229945546325371	0.146754640486506	0.0521085893715966	0.00925314996621487	0.000190786597241544	
0.000363343391099667	0.00230644065654571	0.00689562566152194	0.018088181861266	0.0487827996398161	0.113252555251892	0.196560875815548	0.24651269332238	0.213606420119745	0.115930238068909	0.0330484510513262	0.00463657762120662	1.57975387434638e-05	
1.56499420952142e-05	0.00068077248114182	0.00258224044571035	0.00883439231274844	0.0257911045729131	0.0651820088265673	0.131389088860371	0.218426241822905	0.245844940373721	0.18495884065229	0.0925615825221447	0.021072647031206	0.00264484021409121	1.56499420952142e-05	
0.000244290690160601	0.000929880691579063	0.00402685621522798	0.0131916972686725	0.0338145597251336	0.0832085612066384	0.150845561001749	0.230381881511135	0.236820123248593	0.161019086195212	0.0696464877303031	0.0144998345127583	0.00137118000283692	
0.00041202152020094	0.00183824985935804	0.0047461709730839	0.017851624711783	0.0452827497682379	0.100881884523045	0.176115429413582	0.237847346026766	0.224274406332454	0.133320655748096	0.048547227966753	0.00824043040401879	0.000641802752620695	
7.85922555191411e-06	0.000770204104087583	0.00270357358985846	0.00803998773960814	0.0268706921619944	0.0570894144091041	0.120513364613051	0.200921101234684	0.24138825360149	0.198626207373525	0.103600311225332	0.0348713837738429	0.00449547701569487	0.000102169932174883	
0.000237210405629794	0.00144698347434174	0.00465723096386495	0.0135447141614612	0.0360559816557286	0.0776626868031944	0.141045307187475	0.217782873408714	0.235320629398276	0.170720328931762	0.0750217442871827	0.0239187159010042	0.00255396536728078	3.16280540839725e-05	
4.73626876746499e-05	0.000765696784073507	0.00234445303989517	0.00614925561642538	0.0201054609178889	0.0454287112612684	0.097874994079664	0.161317314219858	0.235842503275919	0.21909979318293	0.140114617704173	0.0557300958305047	0.0140903995832083	0.00107355425395873	1.57875625582166e-05	
0.000280098594705336	0.00101635775793079	0.00344121130637985	0.00809885079548001	0.0282339383462979	0.0568520119081917	0.119289990076507	0.182232145715292	0.24190114920452	0.203095489612344	0.107805947693588	0.0398940427030315	0.00729856909632191	0.000560197189410673	
0.000414324245279953	0.00210411724563741	0.00559743931368407	0.0110892665648458	0.0337308679686738	0.0765281253046502	0.13748253338966	0.200971630975206	0.233857602443701	0.182034575764469	0.0843190459168752	0.0279547005491827	0.00368017417866311	0.000235596139472915	
2.41699631810894e-05	0.000797608784975951	0.00326294502944707	0.00759742509325577	0.0169431441899437	0.0442068626582126	0.0924903924396355	0.156411888399223	0.21786804811434	0.225787739383344	0.151231459624076	0.0632850202624858	0.0177488096293133	0.00213501341432957	0.000209473014236108	
0.000303107651075235	0.00130814880990364	0.00396432901537873	0.0106087677876332	0.0225416374194372	0.0561945632059218	0.11074596388233	0.179998085635888	0.228048624848446	0.213363856805564	0.115029353583051	0.0451391104588093	0.0118211983919341	0.000805628230489439	0.000127624274136941	
1.57446842009966e-05	0.000267659631416943	0.00102340447306478	0.00599872468057972	0.0126823431239028	0.0302927724027175	0.0702606532469475	0.130153431947539	0.205798767191227	0.230533666070993	0.183630251836224	0.0926653388649657	0.0298755382713911	0.00652617160131311	0.000275531973517441	
0.000148371428348314	0.000718430074107624	0.0020303458616085	0.00709840149308511	0.0143842195272418	0.0416533262531529	0.0913889908400166	0.156820790741623	0.222393153049033	0.218988419219566	0.15266639074787	0.0693909743317429	0.0194522751587184	0.00278782104843937	7.80902254464809e-05	
5.50197678165798e-05	0.00115541512414818	0.00292390766110967	0.0101079173445888	0.0201293750540373	0.0549883279492561	0.112043827175049	0.181345154723447	0.21824769899471	0.202095467157129	0.133941694766048	0.0485903149488709	0.0132047442759792	0.00117113505781006	
0.000322852440685707	0.00184262124684038	0.00382698258959155	0.01381178490153	0.0258360697046294	0.0719330986747301	0.133999511784114	0.194672147283709	0.220413723591064	0.187443402392258	0.104423078437394	0.0334742859842668	0.00742560613577126	0.000574834833416015	
0.000609775164952	0.00146189686982082	0.00411989117858595	0.0205447324806905	0.0336783514181181	0.0940304574877263	0.160495950467494	0.204352856562119	0.211193283092029	0.166484255292536	0.0757215672785265	0.0219206354169924	0.00509709496857313	0.000289252321836205	
