# <P(U)> as a function of N_tot.
# number_of_species: 1
# species_total_upper_bound: 103
# species_total_lower_bound: 0
# volume: 729
# Bin widths for each
10	10	10	10	10	10	10	10	10	10	10	10	10	10	10	10	10	10	10	10	10	10	10	10	10	10	10	10	10	10	10	10	10	10	10	10	10	10	10	10	10	10	10	10	10	10	10	10	10	10	10	10	10	10	10	10	10	10	10	10	10	10	10	10	10	10	10	10	10	10	10	10	10	10	10	10	10	10	10	10	10	10	10	10	10	10	10	10	10	10	10	10	10	10	10	10	10	10	10	10	10	10	10	10	
# Bin lower bound for each
0	0	0	0	-10	-10	-10	-10	-10	-10	-10	-10	-10	-20	-20	-20	-20	-30	-30	-30	-30	-30	-30	-30	-30	-30	-30	-40	-40	-40	-40	-50	-50	-50	-60	-60	-60	-60	-70	-70	-70	-70	-70	-70	-80	-80	-80	-80	-90	-90	-90	-90	-90	-110	-110	-110	-120	-120	-120	-120	-120	-130	-130	-130	-130	-130	-140	-140	-150	-150	-160	-160	-160	-170	-180	-180	-180	-180	-190	-190	-200	-200	-200	-200	-200	-210	-210	-220	-220	-220	-220	-250	-250	-250	-250	-250	-260	-260	-260	-260	-270	-270	-270	-270	
# Bin upper bound for each
0	0	0	0	0	0	0	0	0	0	0	0	0	0	0	0	0	0	0	0	0	0	0	0	0	0	0	0	0	0	0	0	0	0	0	0	0	0	-10	0	-10	-10	-10	-10	-10	-10	-10	-10	-10	-10	-10	-20	-20	-10	-20	-20	-20	-20	-20	-20	-30	-30	-30	-30	-30	-30	-30	-30	-40	-40	-40	-40	-40	-50	-50	-50	-50	-50	-50	-60	-60	-60	-60	-70	-70	-70	-70	-80	-80	-80	-80	-80	-90	-90	-90	-90	-90	-100	-100	-100	-100	-110	-110	-110	
# Normalized histogram for each
1	
1	
1	
1	
2.24077082516386e-06	0.999997759229175	
2.74334445041013e-05	0.999972566555496	
0.000126269186910243	0.99987373081309	
0.000528909630735067	0.999471090369265	
0.0015263142610137	0.998473685738986	
0.00370237635309779	0.996297623646902	
0.00784487249141634	0.992155127508584	
0.0164695804078342	0.983530419592166	
0.0317188702208917	0.968281129779108	
5.59002114145996e-06	0.056518467752845	0.943475942226013	
3.07791489733195e-05	0.0943571187134987	0.905612102137528	
8.64793957224146e-05	0.146708363961453	0.853205156642825	
0.000231718037393217	0.214869548931594	0.784898733031013	
5.6176209038415e-07	0.00051176526433996	0.299491099722321	0.699996573251249	
2.24461222920858e-06	0.00108863693116616	0.395233004778218	0.603676113678386	
3.3686877108588e-06	0.00213967814434715	0.495580000999377	0.502276952168565	
1.28879988075799e-05	0.00425752238869532	0.594931318173311	0.400798271439186	
2.35467057317727e-05	0.0080154107582656	0.684862663838819	0.307098378697183	
6.17354277731975e-05	0.0147311955290081	0.760384600490404	0.224822468552815	
0.000101847204434911	0.026295147571535	0.815646431521541	0.157956573702489	
0.000226007250222634	0.044401991562396	0.848809020500319	0.106562980687062	
0.000541518986060525	0.0713343016570031	0.860290913221442	0.0678332661354945	
0.00122591579230577	0.107832183497868	0.849848955691981	0.0410929450178456	
1.69136053041066e-06	0.00247953453758203	0.158302888843786	0.815802381435627	0.0234135038224748	
2.48909606213689e-05	0.00464046704493384	0.22232945449197	0.760171068783907	0.0128341187185681	
6.68225481929314e-05	0.00872430658864662	0.296755538768121	0.687574007387856	0.00687932470718416	
0.000190168083683012	0.0153198502652732	0.379868670826971	0.601052829372819	0.00356848145125415	
5.67606471621947e-06	0.000461464061428643	0.0259316692625203	0.464169841478865	0.507746693124696	0.00168465600777394	
1.81273742611679e-05	0.000865015640525105	0.0416510412477072	0.543190735099015	0.413510898517294	0.000764182121197358	
2.04131624071201e-05	0.00171924190051078	0.0647840060604411	0.609698633678996	0.323436351759615	0.000341353438030175	
2.84168894077181e-06	5.68337788154363e-05	0.0034259401869945	0.0978785655381562	0.657378132748931	0.241111054908819	0.000146631149343826	
3.98909268086974e-06	0.000147026558809199	0.00633182982530623	0.140251939696316	0.680587080468547	0.172619437708893	5.86966494470833e-05	
5.11225663528309e-06	0.000309575540692143	0.0109567020264417	0.193110382141183	0.677416038285122	0.118177764523779	2.44252261463525e-05	
1.64975947644599e-05	0.000678108033077109	0.0184255378215893	0.257196364612773	0.646866139653846	0.0768145078710594	2.84441289042411e-06	
2.27144958233721e-06	6.07612763275203e-05	0.00125554375663689	0.0301631468662514	0.327753706721787	0.593026649782225	0.0477379201471899	
4.53923630753553e-06	0.000106672053227085	0.00239558196130188	0.0471263513448339	0.39851203833839	0.523582751128993	0.0282709311278697	1.13480907688388e-06	
1.53500231671646e-05	0.00020296141743251	0.00439067514518564	0.0721007643743018	0.462910080132806	0.44464696368014	0.0157332052269671	
1.93522902297117e-05	0.000358017369249666	0.00729524423159455	0.10516262184828	0.517397139731504	0.361248632533021	0.00851899199612043	
3.58923639280603e-05	0.000711010637813004	0.012625566301742	0.145605635215081	0.555386475301496	0.281289025824271	0.0043463943556694	
0.00012213935643974	0.00139375845058807	0.0212659458922651	0.1955702224249	0.570269796706461	0.209239556942338	0.00213858022700798	
5.70399895959059e-07	0.000204203162753343	0.00256394753233597	0.033507001088323	0.252278747584356	0.560789798511941	0.149631293507252	0.00102443821314247	
6.28340199378057e-06	0.000402137727601957	0.00448063683992862	0.0516758404335776	0.314426005515685	0.527112879603163	0.101403826249083	0.000492390228967169	
1.02858671043113e-05	0.000690867407172907	0.00727782241336157	0.0764285640815235	0.372894111569658	0.475961928577225	0.0665512744760779	0.000185145607877603	
5.49435455069916e-05	0.00105880790820765	0.0123210900799429	0.108097419484813	0.42465122295175	0.413180613169968	0.0405534875415511	8.24153182604873e-05	
1.71425730659321e-06	0.000118283754154931	0.00186168343496022	0.0195705328311702	0.147715266432728	0.463291179746164	0.343460022662482	0.0239447460584939	3.6570822540655e-05	
6.29066054223206e-06	0.000248767030533723	0.00337065029417416	0.030905443365755	0.194570702449469	0.486244041028832	0.271651881708132	0.0129862108720914	1.60125904711362e-05	
5.42069129220151e-05	0.000490144612631694	0.00552796391987876	0.0471594436430697	0.245570439315646	0.488577747548706	0.205742052695967	0.0068740071575949	3.99419358372743e-06	
8.76081932556579e-05	0.000919599727899259	0.00888564668589084	0.0689619631564602	0.298230314496236	0.470762912760563	0.148588649184728	0.00356330579496705	
0.000144454909145314	0.00178447671495779	0.0143033289404519	0.0978062916991738	0.348719309780686	0.433974648163445	0.10158504868761	0.00168244110452975	
2.29780203746107e-06	4.59560407492213e-06	0.000257928278705005	0.00299116380226494	0.0227298577545649	0.132992760774681	0.392713325068905	0.381433414867009	0.0660842121468709	0.000789869450377242	5.74450509365267e-07	
2.35415304176669e-05	2.69866324300084e-05	0.000475998261371851	0.00475826006271234	0.0348156267530545	0.174527719577883	0.422862730484502	0.32125346591617	0.040903122008862	0.000352548772596281	
3.09966632666006e-05	7.00294984912087e-05	0.000874220706574679	0.00771415106740454	0.0509544963243123	0.219971264945127	0.43823943544744	0.257761937589941	0.0242600551166594	0.000123412640783687	
5.73299493375238e-07	7.16624366719047e-05	0.000137591878410057	0.00155765472350052	0.012326512407061	0.0727797973844931	0.267862148990219	0.433603032525	0.197909864707053	0.0137018578916682	4.93037564302704e-05	
9.16038750729253e-06	7.90083422503981e-05	0.000242750268943252	0.00272464275920032	0.0191715460043248	0.101939654802247	0.314113695294595	0.410198717431244	0.144406638761836	0.00709643769705568	1.77482507953793e-05	
9.18778277554878e-06	0.000126332013163796	0.000458814902353967	0.00465131503012157	0.0294790010353483	0.135948750547678	0.352516849532256	0.372565165784927	0.100784234683535	0.00345920021499412	1.1484728469436e-06	
1.83325723406169e-05	0.000146087685839291	0.000806060290101499	0.00770369063325861	0.0428300450236519	0.175305795900035	0.380369939851976	0.324559860718282	0.0666228594573444	0.00163560918851441	1.71867865693283e-06	
2.17617013527188e-05	0.000258277034475689	0.00145517060887522	0.012156200910899	0.0615993590606275	0.215383575756777	0.396467846799913	0.269515807871666	0.0424295908742878	0.000712409381125847	
5.14490922665154e-06	4.11592738132124e-05	0.000406447828905472	0.00268278433340841	0.0188446591840631	0.0854706620126199	0.257144849774367	0.396353517002782	0.213253629161803	0.0255021717233502	0.000294974795661355	
5.14528865926927e-06	6.11717651713124e-05	0.000767791407710958	0.00465191264671934	0.0284557330807187	0.114993199643489	0.298173479695833	0.37720282670725	0.160504992930945	0.0150522561233223	0.000131490710181326	
1.53763620894084e-05	0.00012699736096067	0.00132806208861113	0.00771096084039222	0.0417582129705879	0.148634180400036	0.333042890938311	0.343075112959312	0.115993580653575	0.00827419128877833	4.04341373462221e-05	
2.7831705651881e-05	0.000268093164646691	0.00228901579136899	0.0125140436514743	0.0585192851000408	0.186783120581717	0.354895710622964	0.299762237714574	0.0806727548049452	0.00425484300078042	1.30638618365972e-05	
4.20819175706223e-05	0.000644308278479933	0.00370150272252946	0.019375310993901	0.0799835084377088	0.226293805712336	0.36198126217319	0.252697365615093	0.0531790329689077	0.00209727178378993	4.54939649412133e-06	
1.0794565220479e-05	9.26060068914777e-05	0.00102264302088748	0.00584610926940678	0.0291163512097015	0.106721321254783	0.263236835601612	0.357836996383821	0.202061761957111	0.0331699945174971	0.000877200457916819	7.38575515085405e-06	
1.19099471878913e-05	0.000176380646449248	0.00184377325275403	0.00938730694542749	0.0416286682637339	0.137908681330647	0.296652964555997	0.338328138327798	0.15390487468467	0.0197654080688191	0.000390192555489011	1.70142102684162e-06	
2.85151152923141e-06	2.2241789928005e-05	0.000402633427927476	0.00306594519622962	0.0149048507632926	0.0584451506054329	0.172308857479173	0.32044145960891	0.30658653539068	0.112677478077579	0.0109435309468843	0.000198465202434506	
6.84350668125854e-06	8.66844179626082e-05	0.000804112035047879	0.00498492432507341	0.0226890761094893	0.0800353809295421	0.206852403239944	0.332920061568748	0.266717688810924	0.0788377672603219	0.00598635746943091	7.87003268344733e-05	
3.40598681656036e-06	2.10035853687889e-05	0.000207197531340755	0.00150885215973624	0.00797341513756781	0.0331481990277043	0.105769514601465	0.241695636476756	0.333389910558786	0.221001995908275	0.0522467024370971	0.00300180971432853	3.23568747573234e-05	
1.76420139440202e-05	6.08934029680697e-05	0.00040178264014446	0.0024448416743068	0.0119772201763177	0.0461406956303008	0.135953912230412	0.270403131400565	0.321162620100855	0.176564690135098	0.0333951942015822	0.00146428715735368	1.3089236152015e-05	
3.0785175911626e-05	8.66545692327251e-05	0.000681834636857495	0.00423980283805116	0.017627363688657	0.0630959283184282	0.167776358239111	0.293516128866746	0.299124161745314	0.132916707285996	0.0203085244722195	0.000591759492523478	3.99067095150708e-06	
5.6992299770378e-07	5.01532237979327e-05	0.000153309286382317	0.00123046375204246	0.0066937456080309	0.0254738482283659	0.0842089725257221	0.198898566814638	0.30830725460683	0.265468422561428	0.0969923453642178	0.0122579038346129	0.000264444270934554	
1.24993111175123e-05	3.4089030320488e-06	0.000109653047530903	0.000378388236557417	0.00232430371735194	0.00996138281015194	0.0364837847005023	0.11013881621297	0.227996525191509	0.311432835803936	0.226360819886631	0.0681076099783137	0.00658031915286487	0.000109653047530903	
1.08013707507976e-05	1.36438367378496e-05	0.000181349329973918	0.000691287728051046	0.00381174688863673	0.0148740560170457	0.0512291959914408	0.138290518215659	0.256218178593275	0.30126671654247	0.184580645307998	0.0454942366159647	0.0032961235585855	4.15000034109592e-05	
3.81457086362454e-05	4.55471147895467e-05	0.00023969169157999	0.00122578672677368	0.00599627766204382	0.0218791259280936	0.0683189641675155	0.168519200670909	0.278439191470392	0.280492227669531	0.144917255125901	0.0283183492814658	0.0015520179364538	1.82188459158187e-05	
5.57652759869031e-05	5.12130085594008e-05	0.000408566001618331	0.00212989212264264	0.00934580502866221	0.0318988759313655	0.0896699947535118	0.198969935687842	0.289844574209356	0.252008403485671	0.107989456948638	0.0168519249831851	0.000764780927820386	1.0811635140318e-05	
1.1343791174417e-06	5.16142498435975e-05	9.58550354238239e-05	0.000735644857660944	0.0036232069011088	0.0142160390997794	0.0454279133266292	0.115454270625423	0.22724846702842	0.290446996419332	0.215487224338785	0.076982937236505	0.00987930773379979	0.000347687199495882	1.70156867616255e-06	
8.52329387805894e-06	6.93227902082127e-05	0.000182966708582332	0.00124610556497222	0.00586516262728829	0.0206326216004132	0.0614126052697821	0.143472037629774	0.250395054671248	0.280959018298375	0.177744770533041	0.0525824728121131	0.00529864769419331	0.000130690506130237	
6.80902059047827e-06	8.51127573809783e-06	0.000106107237534953	0.000335344264081055	0.00215448759850383	0.0088125748992265	0.0297321558267059	0.0808247766641246	0.17201571975887	0.266036378327341	0.261445396194211	0.141490313033373	0.0343492392054327	0.00264303482587065	3.915186839525e-05	
9.63563689292654e-06	3.96761519120504e-06	0.000182510298795432	0.000582672630936969	0.003549315189618	0.0131673812152692	0.0420232796987333	0.103067306624104	0.198124564979334	0.273492249547125	0.235434884633086	0.108042129271705	0.020999453602708	0.00129741016752405	2.32388889770581e-05	
5.67517886744995e-06	1.87280902625849e-05	0.000270706031977363	0.00103628766119636	0.0057211478162763	0.0196213634163215	0.0564555443376187	0.127256238298491	0.223575374036851	0.272866572572201	0.202283237961952	0.0779701474241214	0.0123117330350459	0.000602703995723185	4.54014309395996e-06	
1.24760049563765e-05	4.82027464223638e-05	0.00054384039787114	0.00189975530017551	0.00850466574230812	0.028052864235547	0.0733254507665654	0.153598335020429	0.24234979882442	0.262507053195984	0.168069366587557	0.0535254638096615	0.00724118669490781	0.000321540673193886	
1.99572572570289e-05	0.000149394325752617	0.0008273708651414	0.00326044562844833	0.012944277056909	0.0382677556866779	0.0936052386089678	0.179056512110064	0.257315760303077	0.242071837002808	0.133072710560468	0.0355712451275782	0.00369209259255035	0.000145402874301211	
5.69181767058947e-06	2.50439977505937e-05	0.000330125424894189	0.00133245451668499	0.00537364506280352	0.0189657056601712	0.0510886170476769	0.116785853328689	0.203595748895218	0.261796292122297	0.215734688441284	0.100681424411523	0.0224542207104754	0.00177357038615568	5.69181767058947e-05	
1.31239211994123e-05	4.05129741373162e-05	0.00050955050569892	0.00223049599863055	0.00815166688064364	0.0269650932226359	0.0672675140154919	0.141723513216645	0.224751144776822	0.256764953424345	0.184226187928846	0.073123065291508	0.013429195018616	0.000788005877234276	1.59769475471106e-05	
2.28446631440196e-06	2.17024299868186e-05	0.000135925745706917	0.00100288071202246	0.00362544804095591	0.012131087246053	0.036623421719335	0.0866583740539454	0.166529598687803	0.240456070855007	0.241308747906858	0.152622338882302	0.050800248549935	0.00767523569981199	0.000406635003963549	
6.28743884036764e-06	2.00054872193516e-05	0.000298367552242901	0.00166502812199918	0.00571756824729069	0.0173641913210481	0.0490100141753167	0.107738694041794	0.189682884448306	0.24971249256939	0.221073208651516	0.12013066441081	0.0334331702409804	0.00398909415153871	0.00015832914170744	
2.98132486637071e-05	6.82264729034836e-05	0.000515425202859091	0.0025622193899636	0.00829553644067651	0.0246280367230424	0.0636965791017153	0.130147443714593	0.211917731486976	0.250251262619748	0.194114062049397	0.0911706344087316	0.0206433813727969	0.00189543461696569	6.42131509679846e-05	
5.2704213071676e-05	0.000187901977038149	0.000912012034892481	0.00395453459601934	0.0118429804003343	0.0335639906484394	0.0806271343058024	0.15398395156712	0.22988145562162	0.241227183229061	0.164159874793122	0.0661787325897074	0.0124490788506586	0.000962997632320515	1.54675407927745e-05	
3.43036305819154e-06	0	0	8.11852590438663e-05	0.00034589494170098	0.00152593983371887	0.00580474602163644	0.0171501001094286	0.0450057915962966	0.101315772923687	0.176694570764388	0.240827495045984	0.222985033325977	0.134474233971343	0.0458771038130772	0.00748733910167939	0.000416217384393906	5.1455445872873e-06	
1.02828115948984e-05	0	1.0854078905726e-05	0.000169095124004995	0.000620967566869695	0.00252900038503417	0.00850217138704846	0.0244879445459396	0.0602595610153477	0.123779344573589	0.198485684612458	0.242835451021255	0.19832115962694	0.105085193094064	0.0307667435592467	0.0039988711757938	0.000137675421909472	
1.54131318741855e-05	0	1.9979985762833e-05	0.000255172961028181	0.00104809296744461	0.00388011323514217	0.0132010620218718	0.0335155698320482	0.0772666009420278	0.147103501463962	0.215650265762353	0.235970482139891	0.171425423561427	0.0791076139158888	0.0195815277610485	0.00188953579642792	6.9644521801875e-05	
1.02937846128508e-05	1.71563076880846e-06	4.28907692202115e-05	0.000442632738352583	0.00182485926108927	0.00598640762929565	0.0188261883030582	0.0446515782659319	0.0962331610840041	0.1704050261119	0.227039713421036	0.221746992499262	0.142382485011106	0.057844778878069	0.0115301825202387	0.00100821901513644	2.28750769174461e-05	
1.43314767382935e-05	2.636991719846e-05	9.229471019461e-05	0.000634024530902103	0.00295916331692284	0.00938711726358223	0.0264696642765585	0.057615976042357	0.11806499840634	0.190802402184805	0.230512631190338	0.202516378011617	0.114275755956735	0.0395984434869744	0.00659706537217125	0.000429944302148804	3.43955441719043e-06	
6.30500038116593e-06	2.23540922604974e-05	4.92936393436609e-05	0.000196028193668977	0.0011681446160742	0.00472645755846312	0.0141988608583857	0.0352644403137139	0.0753275590993479	0.13864523883628	0.20704818797155	0.227427668749036	0.177584348008508	0.0887709662756993	0.0256619247331982	0.0037147915882124	0.000186284102170812	1.14636370566653e-06	
4.57441108745759e-06	3.37362817699998e-05	4.97467205761013e-05	0.00041341240202898	0.00201960249511253	0.00725101337500622	0.0203075262213821	0.0455388341770263	0.0942877613346759	0.162524823327667	0.217603591827586	0.217795717093259	0.148971986878302	0.0652648383889153	0.0158772090831794	0.00196242235651931	9.32036259069485e-05	
3.41992975464284e-06	7.4668466309702e-05	0.000100887927761964	0.000942190647404102	0.00311327605330987	0.0108445972519724	0.0282771191879719	0.0593927800722973	0.114397790269388	0.18126311685558	0.22293439092761	0.201350644257767	0.120300019037609	0.0465760233284808	0.00937687739893822	0.00101001925420452	4.2179133640595e-05	
1.82483520882673e-05	9.0671499438578e-05	0.00019046717492129	0.00138174240968349	0.00525096331339891	0.0156388377396451	0.0383762844416261	0.0755841040886003	0.136003257330848	0.197300612517343	0.220838705667197	0.178198579707947	0.0936186083008332	0.0316968173163175	0.00531084071868854	0.000485292113347358	1.59673080772339e-05	
4.54948445810806e-06	5.51624990545603e-05	0.000135347162628715	0.000300265974235132	0.00232706130032227	0.00757034213829182	0.0213541426752447	0.0495643584288583	0.0936750223635595	0.159052251397687	0.208800295261541	0.211073900119481	0.151704833997842	0.0708314922138417	0.0205380789005716	0.00281044402399626	0.000201883372828545	5.68685557263508e-07	
2.83460531522512e-05	0.00012188802855468	0.000256248320496351	0.000722824355382405	0.0036793176991622	0.0111088182303672	0.029048468349364	0.0623737891983396	0.1126126330422	0.178272296721949	0.212823300909228	0.197634351788126	0.12580715386351	0.0511073669124458	0.0128384943937176	0.00145471944777353	0.000109982686230735	
4.25508738247449e-05	0.000144105626019803	0.00033019478088002	0.00140531352618524	0.00550211165803168	0.0154975955919564	0.0385011653265978	0.0781529062814167	0.13434502290939	0.19299204128456	0.213626945709624	0.176342735374414	0.0993960045296823	0.0353427557988331	0.00760072075506809	0.0007449239644252	3.2906009091136e-05	
5.04404185307896e-05	0.000273738451127768	0.000455664005603987	0.00238203459645965	0.00777349191649787	0.0226823194431378	0.0510598722100498	0.0967877954590021	0.156748984674047	0.200812374111484	0.204704220786213	0.152884908566823	0.0747198289786439	0.0239546648319201	0.0043061382022128	0.000396155646663168	7.36770158314905e-06	
