# <P(U)> as a function of N_tot.
# number_of_species: 1
# species_total_upper_bound: 103
# species_total_lower_bound: 0
# volume: 729
# Bin widths for each
10	10	10	10	10	10	10	10	10	10	10	10	10	10	10	10	10	10	10	10	10	10	10	10	10	10	10	10	10	10	10	10	10	10	10	10	10	10	10	10	10	10	10	10	10	10	10	10	10	10	10	10	10	10	10	10	10	10	10	10	10	10	10	10	10	10	10	10	10	10	10	10	10	10	10	10	10	10	10	10	10	10	10	10	10	10	10	10	10	10	10	10	10	10	10	10	10	10	10	10	10	10	10	10	
# Bin lower bound for each
0	0	0	0	-10	-10	-10	-10	-10	-10	-10	-10	-10	-20	-20	-20	-20	-30	-30	-30	-30	-30	-30	-30	-30	-30	-30	-40	-40	-40	-40	-50	-50	-50	-60	-60	-60	-60	-60	-60	-60	-60	-70	-70	-70	-70	-80	-80	-80	-90	-90	-90	-90	-100	-110	-110	-110	-120	-120	-120	-120	-120	-120	-130	-130	-130	-130	-140	-150	-150	-150	-160	-160	-160	-180	-180	-180	-180	-180	-180	-200	-200	-200	-200	-200	-210	-210	-220	-220	-220	-220	-250	-250	-250	-250	-250	-260	-260	-260	-260	-270	-270	-270	-270	
# Bin upper bound for each
0	0	0	0	0	0	0	0	0	0	0	0	0	0	0	0	0	0	0	0	0	0	0	0	0	0	0	0	0	0	0	0	0	0	0	0	0	0	-10	0	-10	-10	-10	-10	-10	-10	-10	-10	-10	-10	-10	-20	-20	-20	-20	-20	-20	-20	-30	-30	-30	-30	-30	-30	-30	-30	-30	-40	-40	-40	-40	-40	-50	-50	-50	-50	-50	-60	-60	-60	-60	-70	-70	-70	-70	-70	-70	-80	-80	-80	-80	-90	-90	-90	-90	-100	-100	-100	-100	-100	-100	-110	-110	-110	
# Normalized histogram for each
1	
1	
1	
1	
1.65738530893662e-06	0.999998342614691	
2.80973623187927e-05	0.999971902637681	
6.60409288656645e-05	0.999933959071134	
0.000387685140276032	0.999612314859724	
0.0013419521612189	0.998658047838781	
0.00337417456168649	0.996625825438313	
0.00731097636431135	0.992689023635689	
0.01554963776506	0.98445036223494	
0.0309796642329745	0.969020335767026	
6.60954914612887e-06	0.0562951824648661	0.943698207985988	
3.98045596123036e-05	0.0952174821625817	0.904742713277806	
6.32377389512853e-05	0.147403841193396	0.852532921067653	
0.000229490912658752	0.216015804939376	0.783754704147965	
1.65492771275751e-06	0.000501443096965525	0.301565892601811	0.697931009373511	
6.61568181216756e-06	0.000916271930985207	0.397268384979756	0.601808727407447	
9.89996089515446e-06	0.00185954265480651	0.49653748867692	0.501593068707379	
3.28785679410948e-05	0.00397995064926952	0.594462591587361	0.401524579195429	
3.95683097407286e-05	0.00750643809373073	0.685525912296841	0.306928081299687	
8.10325866759275e-05	0.0143212694002762	0.761402029122119	0.224195668890928	
0.000134007451476067	0.0257277762704237	0.816575232775906	0.157562983502194	
0.000297025291703589	0.0436577674588991	0.850043481202424	0.106001726046973	
0.000618108258190761	0.0709105693206759	0.860780204669857	0.0676911177512759	
0.00128050317803638	0.107383129204761	0.84978967901169	0.0415466886055121	
3.32320310254242e-06	0.0025970832246369	0.158254254946172	0.815573859019755	0.0235714796063334	
4.17161698548945e-05	0.0050226268505293	0.222095219660664	0.759304374524436	0.0135360627945162	
0.000110632819728849	0.00875675530702284	0.294821378283783	0.688799935631814	0.0075112979576511	
0.000227110996714461	0.015340927252142	0.376856211822221	0.60365430005232	0.00392144987660303	
1.68741910934645e-05	0.000475852188835698	0.026296739400055	0.460797035542109	0.510505027665236	0.00190847101267083	
5.40347950308252e-05	0.000775061591223398	0.0412825834035504	0.537701933939086	0.419228957246657	0.000957429024452433	
4.04387605519891e-05	0.00162429021550489	0.0652833240661174	0.605521575763703	0.327080489982982	0.000449881211140879	
8.4488573765284e-06	0.000103076059993646	0.00318521923095121	0.0979053592792111	0.653557982818404	0.245047279805879	0.000192633948184847	
1.18869315075007e-05	0.000239436763222513	0.00612686412558034	0.140782024242548	0.677247733841415	0.17551224184132	7.98122544075044e-05	
1.52398240308319e-05	0.000336969442459504	0.0109591267919493	0.193330714341352	0.675422227791343	0.119918788671053	1.69331378120354e-05	
1.52445221350461e-05	0.000579291841131753	0.0186169491984769	0.256604265756061	0.646081480276976	0.0781010745694269	1.6938357927829e-06	
8.13785526824405e-05	0.00100875497595942	0.0298065903064581	0.327397785147058	0.593210655165165	0.0484948358526777	
9.82276680243537e-05	0.00202721583836468	0.0471475870712066	0.398436825214026	0.523243545341384	0.0290432117060283	3.38716096635702e-06	
0.000217841935253292	0.00381904142740928	0.0717976384572706	0.461101599436334	0.44700314168916	0.0160607370545728	
0.000384008119028802	0.00654528124308914	0.104866788612102	0.515532614118127	0.364322559962696	0.00834874794495655	
6.90002553009446e-06	0.000708977623217206	0.0115471927246131	0.144807385787327	0.554682702325999	0.284068876054841	0.0041779654584722	
5.00250987995701e-05	0.00133342763351958	0.0201394147753442	0.194661459456382	0.571683379074674	0.209972589695865	0.00215970426541592	
0.000125875307575452	0.00228127440989483	0.0329879521811777	0.251067784715289	0.562491917253366	0.149915767003081	0.00112942912961536	
0.000366314290749873	0.00433529507307279	0.0506654133649423	0.315208263497472	0.527029502123586	0.101745522153375	0.000649689496801662	
3.44455811486223e-06	0.000695800739202171	0.00699761981034263	0.0748381918825543	0.373279873791391	0.478121889133452	0.0658065605053856	0.000256619579557236	
2.92688133906543e-05	0.00101063490943024	0.0123101185731281	0.107130743789416	0.425382603650338	0.414337930832629	0.0396936760424432	0.000105023389225289	
6.70347274264853e-05	0.00192853754288504	0.0196342997793011	0.147275296155988	0.465380860382132	0.342083370574849	0.0235841921799693	4.64086574491052e-05	
1.72247188495266e-06	0.000180859547920029	0.00346389096063979	0.0302517737154235	0.193593782565484	0.489858946777341	0.270009525269524	0.0126171065572782	2.23921345043846e-05	
3.25851888311693e-05	0.000349862027450449	0.00580873866164054	0.0458748008444709	0.24483996384759	0.492413653537122	0.203818641129025	0.00685660973405341	5.14502981544778e-06	
5.48797533155088e-05	0.000672276978114983	0.00831256763500848	0.0675123865318225	0.296873740552536	0.474380587659258	0.148482317571983	0.00371124331796129	
0.00013191866272167	0.00160872239344998	0.0131867265840091	0.0965370494420869	0.348378342724686	0.435573152324938	0.102754358883865	0.00182972898424343	
6.87567575000731e-06	0.00033862703068786	0.00288606489606557	0.0211358272555225	0.131829050073828	0.390340706922602	0.38610357174166	0.0664654385563831	0.00089383784750095	
1.89271082647799e-05	1.54858158530018e-05	0.000557489370708063	0.00460789053937097	0.033182662080571	0.174217148992476	0.420980183317647	0.324973286967654	0.0410735455807783	0.000373380226677931	
5.17521554772756e-06	9.83290954068237e-05	0.000795258122500802	0.00794568093761105	0.0495595891568884	0.219965636568763	0.43468532964398	0.262183319935275	0.0246461015101279	0.000115579813899249	
2.75818793947846e-05	0.00017066287875523	0.00146183960792358	0.0128341932558857	0.0713577697292321	0.269471513952121	0.430508316798571	0.200249616008523	0.0138823046728875	3.62012167056548e-05	
5.14494157918837e-06	3.77295715807147e-05	0.000216087546325911	0.00268565950433633	0.0193038208051148	0.100196022274167	0.314283901306301	0.410384550083434	0.145574407002608	0.00729038221770992	2.22947468431496e-05	
1.71334386468695e-05	6.16803791287304e-05	0.000310115239508339	0.00487788998276376	0.0293752805600578	0.134975516316174	0.351722081918397	0.373018946156456	0.101931966541821	0.00370938946704726	
1.36378204035431e-05	7.15985571186013e-05	0.000750080122194871	0.00766956924944255	0.0427460433273554	0.17409700581653	0.379353021800056	0.32586719490491	0.0676964357556375	0.00173541264635086	
8.50507923331814e-06	0.000217730028372944	0.0012859679800777	0.0123221587932313	0.0604915255390519	0.215307781807295	0.394038619863783	0.272077484673847	0.0435851290390621	0.000665097196045478	
1.69968589804604e-06	0.000397726500142774	0.00273139523815999	0.0188036250900834	0.0836211468120691	0.256015188393185	0.397316875841345	0.21427430210897	0.0265609915287655	0.000277048801381505	
2.56486544715864e-05	0.000860084879947198	0.00479458847588855	0.0283879307691518	0.113245649133246	0.297712482003194	0.377160044184082	0.161401852858799	0.016280055948265	0.000131663092954144	
1.36349846435985e-05	0.000132941100275086	0.00146064772994549	0.00805657155128629	0.0402538834140638	0.147890156563711	0.331514199132133	0.344133377419784	0.117940912794047	0.00855595286385809	4.77224462525949e-05	
2.21706045071134e-05	0.000301861307519928	0.00267411598978106	0.0128163148362275	0.0559347297403311	0.186297884242158	0.353962228111644	0.301301926113902	0.0822972839304048	0.00437613624348099	1.53488800433862e-05	
4.28620168807767e-05	0.000696079154143814	0.00399645445396362	0.0198365414124235	0.0765069856515112	0.225826251099411	0.361799998971312	0.254698105670302	0.0546010660640839	0.00199051206394327	5.14344202569321e-06	
7.53972061907961e-05	0.00124234032928016	0.00623055094794851	0.0290159293733807	0.103462102622452	0.260654996093054	0.360984687512852	0.203776371886438	0.0337642397905329	0.000791670665003359	1.71357286797264e-06	
3.4368512943182e-06	0.000163250436480114	0.00229066138766308	0.010109498082237	0.0407919880122627	0.133648836282152	0.294873248924266	0.341928898420423	0.155555326432136	0.0202774226364774	0.000357432534609093	
1.73289202349802e-06	2.42604883289722e-05	0.000313653456253141	0.00357149046042941	0.0153360944079574	0.0583811322716482	0.168038539518603	0.320092883012459	0.309875751641915	0.11336579617724	0.0108323080388861	0.00016635763425581	
1.39263643485073e-05	9.57437548959875e-05	0.000757246061450083	0.00604752371833928	0.0234972582470189	0.0806702062842719	0.201497084167465	0.333127339194012	0.269948646531465	0.0784332840107929	0.00586996257289581	4.17790930455218e-05	
8.64510462305615e-06	0.000304307682731576	0.001694440506119	0.00910502418900274	0.0344870513622956	0.107201026346821	0.23689142786006	0.330744412668882	0.224950809354695	0.051701183687725	0.00289783906964842	1.38321673968898e-05	
3.46542373468716e-06	6.23776272243689e-05	0.00053714067887651	0.00259560237728068	0.0137490686673713	0.0481780534714882	0.135607228873911	0.266854954689585	0.318378874776913	0.179361668948071	0.0333235146327517	0.00134458440905862	3.46542373468716e-06	
4.32905680242012e-05	0.000107360608700019	0.000701307201992059	0.00477235221898794	0.0195465572742873	0.0648215649367179	0.165825386628063	0.291245088685058	0.29738542285361	0.135075230349112	0.0199379040092261	0.000538534666221062	
4.32776782391178e-05	0.000206001748418201	0.00140565898920655	0.00769996451230384	0.0271247176131495	0.0848675270269101	0.196435650420226	0.305694476902703	0.265323327534124	0.0991283875602642	0.0118736638016844	0.000197346212770377	
3.81782054508065e-05	0	0.000111063870402346	0.000463344584334788	0.00245381738670184	0.0116287343057207	0.0390805993978256	0.108785325686123	0.226172895209503	0.310808770575016	0.225657489435917	0.0683841074542946	0.00632543449400862	9.02393947019063e-05	
1.90714955693448e-05	6.93508929794357e-06	0.000258332076348398	0.000738587010230991	0.00418706016363343	0.0169164165700089	0.0531193164775988	0.136310913923405	0.253917892010257	0.303205571650742	0.182760408268707	0.045651959076038	0.00287112696934864	3.64092188142038e-05	
2.78741759696729e-05	4.7037671948823e-05	0.000296163119677775	0.00119162102270352	0.00634485930509679	0.024177363381695	0.0685164666694541	0.165670164875751	0.277064082730554	0.28288630123622	0.144064194227258	0.028459533665036	0.00125085364663907	3.48427199620911e-06	
3.30507781718745e-05	7.82781588281238e-05	0.000414004484468744	0.00236400039660934	0.00969953363612485	0.033795290438062	0.0906774191864986	0.195460562593825	0.289260410560245	0.254183097832043	0.106623549897108	0.0168054509430779	0.000605351094937491	
3.81092279763307e-05	0.000152436911905323	0.0006651792519505	0.00368793392552764	0.0146114244536522	0.0481804575878937	0.115344507420906	0.223971397292166	0.289176286359668	0.217123861919874	0.0769875694627292	0.00982351962971688	0.000237316556034423	
2.08587549409176e-05	0.000252043288869421	0.00121328424573004	0.00577961334821258	0.021043007276229	0.0649489481972821	0.14268083671419	0.245947317737938	0.281313336740263	0.178125076047544	0.0532663072007898	0.00535027064234536	5.90998056659331e-05	
2.08250539282126e-05	5.20626348205314e-06	3.81792655350564e-05	0.000289815333834292	0.00225778293005038	0.00878643733654502	0.0314493022739223	0.083631681154541	0.170041771587338	0.262636903036813	0.263249506706535	0.140589939069363	0.0343526618757473	0.00264825269120436	1.73542116068438e-06	
2.94376372313383e-05	5.19487715847146e-06	9.17761631329958e-05	0.00049870820721326	0.00401390841777895	0.0141646983854322	0.0432889113615427	0.105622242386042	0.195488422350439	0.270064347211736	0.237258697955989	0.106675070823492	0.0214565742902066	0.00134200993260513	
1.72526827921742e-05	1.55274145129568e-05	0.000158724681688002	0.00109209482074463	0.00610399917187123	0.0206307580828819	0.0582140022773541	0.128687760946827	0.220454780718402	0.270625582278044	0.203397053241779	0.0771919533487457	0.012815292778027	0.000595217556330009	
3.79597006014887e-05	8.62720468215653e-06	0.00047622169845504	0.00190661223475659	0.00898609639693424	0.0297120929253471	0.0743354464233335	0.153769570813821	0.237353380656427	0.261966795614619	0.17066853934523	0.0530366035040255	0.00746080660912896	0.000281246872638303	
5.91860181735891e-05	5.57044876927898e-05	0.000692824565679073	0.00359119869094454	0.0132594088361244	0.0387720641994221	0.0957124952128956	0.179248337569195	0.2497371444487	0.243794171917975	0.135692650489155	0.0351564947951119	0.00410472443686244	0.000123594332068377	
1.74657845281094e-05	5.93836673955721e-05	0.000255000454110398	0.00137630382081502	0.00558031815673096	0.0187512662693783	0.0521493394440291	0.119027574980613	0.204433514744615	0.256506004736721	0.215344390339325	0.10214340107729	0.0222479163319058	0.00207318862348659	3.49315690562189e-05	
4.02161882397374e-05	4.02161882397374e-05	0.000564775165279791	0.00250389485040452	0.00798203910062615	0.0271983829595268	0.0676820962775546	0.143860299453235	0.225224642381917	0.251594222157721	0.184216370086849	0.0744226791325193	0.0137976496260769	0.000869019371963022	3.49705984693369e-06	
6.97935332801739e-06	6.63038566161652e-05	0.000104690299920261	0.000827053369370061	0.00372697467716129	0.0115019742845727	0.0366450946487553	0.0889536030039137	0.167617894363998	0.242858812916689	0.234473119893076	0.152753616613653	0.0520345687370337	0.00800880794389996	0.000420506038013048	
1.91061782432738e-05	5.55816094349782e-05	0.000251854167752245	0.00129922012054262	0.00573359039827697	0.0168742292394004	0.0488979209004221	0.110692512115054	0.191336216629323	0.250019974640891	0.214678755666719	0.12141455196012	0.0347159258680284	0.00389766036162785	0.000112900144164799	
7.13521227256511e-05	0.000128781880041419	0.000492503676374616	0.00223453964828624	0.00806627045935104	0.0246304047057595	0.0627759456331631	0.134502231929205	0.213873637130949	0.248096551604118	0.189325026321972	0.0927716819087563	0.0210314732473047	0.00196305352279352	3.65462092009432e-05	
0.000109255880741136	0.000235853964774517	0.000898326130538233	0.00337826120132911	0.0120667050507433	0.0337444591660481	0.0796353975179839	0.155864786309371	0.231492400646517	0.239341481856587	0.161683095513919	0.0674455628238656	0.0131436558751916	0.000957289621731862	3.46844065844877e-06	
1.04327867712264e-05	0	0	0.000180834970701257	0.000389490706125785	0.00157187320686477	0.00510858792231051	0.0174470970770809	0.0459425153448905	0.100732033871781	0.175717688789971	0.241399036706021	0.222988645650397	0.133555319851854	0.0465963033158874	0.00784545565196223	0.000514684147380501	
3.1216290741595e-05	0	0	0.000260135756179958	0.000634731245079099	0.00239671743360468	0.00823416380228295	0.0251655330528492	0.0599439494157351	0.122612387317862	0.198159279389271	0.243050039714059	0.198951826326432	0.105247458473662	0.0310151190901492	0.00412575309301414	0.000171689599078773	
4.71376121482356e-05	0	0	0.000370117547237998	0.00094100640547774	0.00373609222211941	0.0132351939887324	0.0350162624761911	0.0777002431951619	0.147102520814747	0.214509306186724	0.23518525954493	0.171071123673382	0.078557449401265	0.0203285316982983	0.00211246335923574	8.72918743485844e-05	
3.15164121716384e-05	0	3.85200593208914e-05	0.000749390244970068	0.00149878048994014	0.00567820692625685	0.0191392167471211	0.045113993111913	0.097410226375385	0.169640590337418	0.226574988925483	0.221802003393267	0.141576976210362	0.0579219128361094	0.0116295560913346	0.00114684722069017	4.72746182574576e-05	
4.41482391916281e-05	2.47230139473117e-05	0.000135976576710214	0.000759349714096003	0.00258355495749408	0.00850471679787523	0.0265578147681158	0.057221415781053	0.120116763263014	0.187939054238761	0.231861254445728	0.203733528291958	0.113008896753162	0.0401819613826522	0.00676174431458976	0.000565097461652839	
1.93884529424621e-05	5.81653588273864e-05	4.23020791471901e-05	0.000260862821407672	0.00118445821612132	0.00439941623130777	0.0132017738671856	0.0330643626134225	0.0761895697173516	0.139378300443467	0.202771491218793	0.229969965523805	0.179704519977157	0.0895817029406995	0.0262043754450531	0.0036890938189612	0.000280251274350134	
1.40855981801407e-05	7.21886906732212e-05	1.93676974976935e-05	0.000514124333575136	0.00207938643134327	0.00694067850326434	0.0185507328032453	0.0431089732303207	0.0946833909669059	0.161711470606878	0.215993844593595	0.221089309735261	0.150141912401665	0.0664276810175436	0.0165840311573432	0.00191035925318158	0.000158462979526583	
1.05316740095838e-05	0.00015621983114216	0.000143932878130979	0.00121114251110214	0.00329465868599814	0.0099594530550631	0.0261501465657966	0.0578346878236296	0.112794228642643	0.178587351459514	0.224496673746292	0.205795931263274	0.120608730757754	0.0481508135718172	0.00973126678485545	0.000991732635902477	8.24981130750733e-05	
5.62284421031546e-05	0.000177471020388082	0.000296956459857285	0.00154628215783675	0.0054840302438733	0.0141660531323635	0.0358948317276013	0.073910530005781	0.133359807558157	0.195515078886747	0.225212482011291	0.181127626263602	0.0951560954266948	0.0320273691941937	0.0054770016886104	0.000572827253925887	1.93285269729594e-05	
1.40724909188457e-05	0.000170628952391004	0.000286727002471481	0.000473187507146187	0.00226567103793416	0.00691311116388295	0.0181200911193787	0.0468825034961345	0.0942329173153205	0.156164190787796	0.21103459194174	0.214355699798587	0.154004063431753	0.0705629875898221	0.0212353887965382	0.00294290966340361	0.000339498843417153	1.75906136485571e-06	
8.80703435447961e-05	0.000378702477242623	0.000438590310853085	0.000871896401093481	0.00351929092805005	0.0102038300031001	0.0252832342248401	0.0597821491982076	0.114789124369416	0.175001056844123	0.212323507031536	0.200897260660034	0.129789265281966	0.0512516557224586	0.0135082292929008	0.00163810838993321	0.000236028520700054	
0.000132258104335773	0.000432043140830193	0.000583699100468546	0.00152008647916582	0.00507694776510255	0.0147229721746583	0.034766247026397	0.0747610977775348	0.136634965868592	0.186557991651868	0.214127634361008	0.181218291119486	0.104894784269397	0.0355615590938027	0.00794783034988441	0.000975183089302435	8.64086281660386e-05	
0.000157630093533093	0.000756270224029556	0.000788150467665463	0.0019181279920937	0.00661869280374345	0.021395185728986	0.045548012532478	0.0953998579558034	0.161244958936475	0.193387329020054	0.205379614001095	0.158579416343584	0.0789425677410899	0.0247125021917667	0.00469525143771043	0.000453407909488446	2.30246204037102e-05	
