# <P(U)> as a function of N_tot.
# number_of_species: 1
# species_total_upper_bound: 103
# species_total_lower_bound: 0
# volume: 729
# Bin widths for each
10	10	10	10	10	10	10	10	10	10	10	10	10	10	10	10	10	10	10	10	10	10	10	10	10	10	10	10	10	10	10	10	10	10	10	10	10	10	10	10	10	10	10	10	10	10	10	10	10	10	10	10	10	10	10	10	10	10	10	10	10	10	10	10	10	10	10	10	10	10	10	10	10	10	10	10	10	10	10	10	10	10	10	10	10	10	10	10	10	10	10	10	10	10	10	10	10	10	10	10	10	10	10	10	
# Bin lower bound for each
0	0	0	0	-10	-10	-10	-10	-10	-10	-10	-10	-10	-20	-20	-20	-20	-30	-30	-30	-30	-30	-30	-30	-30	-30	-30	-40	-40	-40	-40	-50	-50	-50	-60	-60	-60	-60	-70	-70	-70	-70	-70	-70	-80	-80	-80	-80	-90	-90	-90	-90	-90	-110	-110	-110	-120	-120	-120	-120	-120	-130	-130	-130	-130	-130	-140	-140	-150	-150	-160	-160	-160	-160	-180	-180	-180	-180	-190	-190	-200	-200	-200	-200	-200	-210	-210	-220	-220	-220	-220	-250	-250	-250	-250	-250	-260	-260	-260	-260	-270	-270	-270	-270	
# Bin upper bound for each
0	0	0	0	0	0	0	0	0	0	0	0	0	0	0	0	0	0	0	0	0	0	0	0	0	0	0	0	0	0	0	0	0	0	0	0	0	0	-10	0	-10	-10	-10	-10	-10	-10	-10	-10	-10	-10	-10	-20	-20	-10	-20	-20	-20	-20	-20	-20	-30	-30	-30	-30	-30	-30	-30	-30	-40	-40	-40	-40	-40	-50	-50	-50	-50	-50	-50	-60	-60	-60	-60	-70	-70	-70	-70	-80	-80	-80	-80	-80	-90	-90	-90	-90	-90	-100	-100	-100	-100	-110	-110	-110	
# Normalized histogram for each
1	
1	
1	
1	
2.41952361999446e-06	0.99999758047638	
2.8402687256802e-05	0.999971597312743	
0.000120664814863975	0.999879335185136	
0.000512521460704273	0.999487478539296	
0.00150611046218576	0.998493889537814	
0.00366547950191073	0.996334520498089	
0.00782669250333051	0.99217330749667	
0.0164357300163552	0.983564269983645	
0.0316783116516196	0.96832168834838	
6.04576645204196e-06	0.0565756778815634	0.943418276351984	
3.32939052782341e-05	0.0945322932720887	0.905434412822633	
9.17616845743747e-05	0.146765826004046	0.85314241231138	
0.000233822411878179	0.214743355546462	0.785022822041659	
6.08040607383924e-07	0.000511970191417264	0.29950012981667	0.699987291951306	
2.42967016012741e-06	0.00109942574745765	0.395231407860226	0.603666736722156	
3.6457652917068e-06	0.0021266964201623	0.495506898091746	0.5023627597228	
1.21214545503031e-05	0.00424493338351615	0.594740985728806	0.401001959433128	
1.81807934461876e-05	0.00800500335435639	0.684625654432811	0.307351161419387	
5.82532755331388e-05	0.0146713301650024	0.760465565032501	0.224804851526964	
9.61587617672763e-05	0.0263450663252016	0.815721470669143	0.157837304243888	
0.000211594914912091	0.0444549971665738	0.848711459931949	0.106621947986565	
0.00054190850321952	0.0714534642915139	0.860100633199711	0.0679039940055553	
0.00123084789714933	0.107811805669692	0.849848122378665	0.0411092240544933	
1.83113180425689e-06	0.00249583264920215	0.158446003890545	0.815666065038139	0.0233902672903095	
2.69325150745572e-05	0.00463055628497784	0.222720881819512	0.759821339488637	0.0128002898917986	
7.16732142496151e-05	0.0086301901055434	0.29718348771662	0.6872297322546	0.00688491670898653	
0.000198864210010396	0.0152458481742124	0.380040519347652	0.600948062175354	0.00356670609277107	
6.13921404553946e-06	0.000469035953079215	0.025844863288912	0.464077923816037	0.507904545044334	0.00169749268359166	
1.96211162453032e-05	0.000854131716553355	0.041477200262923	0.542807757208308	0.414064416124633	0.000776873571337473	
1.59540523292916e-05	0.00168437975553483	0.0645537774286977	0.609554022875657	0.323850080997496	0.000341784890285209	
3.07525581515498e-06	5.35094511836967e-05	0.00337355562922502	0.0976978019916587	0.657198159028859	0.241525671312968	0.00014822733029047	
4.32085696173387e-06	0.000131477504692759	0.00635844965183152	0.140192055919296	0.680133131775644	0.17312130682467	5.92574669037788e-05	
5.54223025503496e-06	0.000297433023686876	0.010989010989011	0.192951514722319	0.677102275701323	0.118629591198938	2.46321344668221e-05	
1.78897608262355e-05	0.000647115831266243	0.018575740620676	0.256524364928913	0.647099175282026	0.0771332460230753	2.4675532174118e-06	
2.46565496733932e-06	6.59562703763268e-05	0.00123097824244415	0.0303294053394991	0.327246658575209	0.5931225485996	0.0480019873179037	
4.92840263078132e-06	0.000110273008863732	0.00240629258447898	0.0471401711634234	0.397808339350092	0.524029043076703	0.0284997203131507	1.23210065769533e-06	
1.66692596626142e-05	0.000208057055788925	0.00433894655217972	0.0719500811237304	0.462250918044041	0.445392122725263	0.0158432052393335	
2.10169093398527e-05	0.000366559624662725	0.0072217809358088	0.105133998250651	0.516839180464165	0.361856782125737	0.00856068168963588	
3.77346818842597e-05	0.000731186786675327	0.0125260585815471	0.145816708422257	0.55493860381677	0.281584856639139	0.00436485107172683	
0.000124620249240498	0.00142724285448571	0.0211259222518445	0.196041292082584	0.569644119288239	0.209507719015438	0.00212908425816852	
6.19542987919531e-07	0.000208166443940963	0.00258659197456404	0.0335748931443232	0.25268370533792	0.560082969196942	0.149835232542363	0.0010278218169585	
6.82284362476593e-06	0.000397585705770451	0.004467722057199	0.0517636740640764	0.315098766864054	0.526392930045384	0.101366987733147	0.000505510686744021	
1.11670289747178e-05	0.000694216967928293	0.00726973586254132	0.0761330812066347	0.374025986917205	0.475179416932194	0.0664928332489602	0.000193561835561776	
5.90426269121265e-05	0.00106587479109786	0.0122299032881771	0.107859070843073	0.426029221749812	0.412326360295511	0.0403422732157163	8.82531897002313e-05	
1.85979962518838e-06	0.000119027176012056	0.00191063414827686	0.0192985207773714	0.148031991033286	0.464749047937575	0.342121919784362	0.0237273236181534	3.96757253373522e-05	
6.81817900075248e-06	0.000260950305392436	0.00345061840883537	0.030558458446918	0.195288762277371	0.487116740860851	0.270509392351491	0.0127909038054116	1.73553647291881e-05	
5.87485931257962e-05	0.000518224431993865	0.00564975943997131	0.0465097151620843	0.246300693851805	0.489335584332059	0.20475863604319	0.00686430930206671	4.32884370400604e-06	
9.12086071142714e-05	0.000937525206460299	0.00890121549429481	0.0684927002090973	0.299187809069982	0.470944784667027	0.147855356799384	0.00358939994663986	
0.000149747851957161	0.00180753734997254	0.0143186286327835	0.0973702785931407	0.349294631694847	0.434304809577897	0.101076693269176	0.00167767303022545	
2.49078099683546e-06	4.98156199367093e-06	0.000275231300150319	0.00302816699690271	0.0225191509923894	0.132238676598241	0.393618743625157	0.381894014777804	0.0656233615331255	0.000794559137990513	6.22695249208866e-07	
2.55125375454325e-05	2.92460796252519e-05	0.000509628493895348	0.00474470972643715	0.0344867281912918	0.173765270964928	0.423582794095777	0.321946444827893	0.0405605788981446	0.000349086184463114	
3.35883142522681e-05	7.58847099773465e-05	0.00091559256628405	0.00768363788811608	0.0503482610583305	0.219120832094505	0.43881142151966	0.258670450120731	0.0242177965817048	0.00012253514643883	
6.21519104564996e-07	7.76898880706245e-05	0.000149164585095599	0.00161781422918268	0.012293026369191	0.0718047236694985	0.266968559213057	0.434907993419356	0.198482126042831	0.0136491810553519	4.91000092606347e-05	
9.92227755959103e-06	8.55796439514726e-05	0.000244956227252404	0.00277327657790569	0.0191313914195865	0.10092940733616	0.313363509459961	0.411685218224991	0.144687891658651	0.00707148318825103	1.73639857292843e-05	
9.95159172599785e-06	0.00013683438623247	0.000472700606984898	0.00477303218158172	0.0294517357130906	0.134635706435508	0.352000860812684	0.373909911971951	0.101176589129254	0.00343143322202063	1.24394896574973e-06	
1.98641540167182e-05	0.000157050967694678	0.000826224656132871	0.00787613706762875	0.0426539254672111	0.173654917433402	0.38025205128428	0.32592855608706	0.0669974462146992	0.001631964403436	1.86226443906733e-06	
2.35765648944949e-05	0.0002760939836329	0.0014847031524349	0.0123634265434895	0.0613561488301681	0.213930027237137	0.396188662154029	0.270949949434473	0.0427070859986226	0.000720326101118646	
5.57396339764036e-06	4.14950608491004e-05	0.000426098535286285	0.00275106060136872	0.0188226550645651	0.0850116124237451	0.255710525500883	0.396737373424581	0.214438423187688	0.0257566655312297	0.000298516706406961	
5.58171727113564e-06	6.32594624062039e-05	0.00079570480654078	0.00476306540470241	0.0283867534685721	0.114597617102878	0.296680056586209	0.377926292803244	0.161435047106593	0.0152201026167711	0.000126518924812408	
1.66642801771598e-05	0.000128993872482459	0.00133499400085914	0.00785689950574979	0.0417446390393474	0.148221365829091	0.331931476479912	0.343780396881434	0.116663539542485	0.00828399883473478	3.70317337270218e-05	
3.01217410120413e-05	0.000252653786856102	0.00228310502283105	0.0126105590841024	0.0586076870683063	0.186472633476196	0.35423782159569	0.300072783961956	0.0811694858157336	0.00424962440033146	1.35240469849981e-05	
4.55561232970321e-05	0.000592845226149215	0.00368635224733281	0.019524492572505	0.0798992840301163	0.225827243792978	0.361567253766075	0.253247720654777	0.0535296761205883	0.00207465047987835	4.92498630238185e-06	
1.16985205065829e-05	9.72824336863208e-05	0.00101222987962222	0.00583263603993998	0.0291884243755299	0.106402969700216	0.26295934394697	0.357495088160666	0.202700880529167	0.0334442229935036	0.000847219169318844	8.00425087292513e-06	
1.29205643702517e-05	0.000174735251483404	0.00182487590105555	0.00940370980166318	0.0415254633560489	0.137647694356051	0.29618424970898	0.338376660292522	0.154726219393644	0.0197444681526546	0.000377157426617347	1.84579491003596e-06	
3.09398090766262e-06	2.41330510797684e-05	0.000374990486008709	0.00302343814296791	0.0149488781534627	0.0584700511930081	0.171766681662161	0.320051904623707	0.306812141523637	0.113463086641985	0.0108747240942526	0.000186876446822822	
7.43564449687951e-06	9.41848302938071e-05	0.000773307027675469	0.00502835459101477	0.0226849120858966	0.0801178301797939	0.205853339347944	0.332715968294412	0.267180676247082	0.0794486221750747	0.00602411131655521	7.12582597617619e-05	
3.7025380898606e-06	2.2832318220807e-05	0.000207959222713837	0.00147978105658095	0.00798637465982931	0.0333197573603372	0.105820389877261	0.240952539632585	0.332863728085603	0.221803629721507	0.0525334616879871	0.00297745771392957	2.83861253555979e-05	
1.91766416133123e-05	6.61903436330457e-05	0.000406421081933748	0.00245646593053107	0.012196962667409	0.0464606724196591	0.135858464012867	0.26975410596641	0.320569731836318	0.177166805851969	0.0335832482756488	0.0014475271411339	1.4227830874393e-05	
3.34690897461246e-05	8.55321182400961e-05	0.000678678764296415	0.00432866894049878	0.0179828179610011	0.0634109093117825	0.16756051862214	0.292937588204997	0.298494076900812	0.133538569097246	0.0203591233329759	0.00058570907055718	4.33858570783096e-06	
5.39723326656067e-05	0.000156333653238309	0.00123453956327077	0.00690473635135865	0.025960071640517	0.0845889138347218	0.197950043953331	0.307884861505133	0.265068672038671	0.0976371905353621	0.0123162381656355	0.000244426426094816	
1.36052823127001e-05	0	0.000106368570808383	0.000372289997829339	0.00235433226202042	0.0102682776145487	0.0370255389701667	0.110240510470192	0.226830358826953	0.311058806359109	0.226611437466103	0.0684302410794184	0.00658248295165363	0.000105750148885078	
1.1750576087454e-05	3.09225686511947e-06	0.000178732446803905	0.0006704012883579	0.00382759554764488	0.0153425416619767	0.0518367387327437	0.138134206421752	0.255071610484482	0.30099224338288	0.184840891015262	0.0457313867782518	0.00331489935940807	4.39100474846964e-05	
3.72170111514571e-05	1.79882220565376e-05	0.000240670005446089	0.00118039953702038	0.00594169583033013	0.0225584710259365	0.0690177066133388	0.168513043942125	0.277185475937341	0.280269525594759	0.144892647531334	0.0285286998981494	0.00159660977839751	1.98490726141105e-05	
5.94508966557632e-05	3.83953707568471e-05	0.000410582755028865	0.00213094307700501	0.0094663167320833	0.0326707448330359	0.0904681634255607	0.19846691000249	0.288681168556916	0.251957854268512	0.107975213930336	0.0168710497665933	0.000791440061729848	1.17663232964531e-05	
1.23403696064101e-06	5.42976262682044e-05	8.57655687645501e-05	0.00072252864045531	0.00362066444252072	0.0145289341561069	0.0463350027796683	0.116451131827849	0.226592015657461	0.28925456146337	0.215072280629877	0.0770532678224246	0.00987352972208871	0.000352934570743328	1.85105544096151e-06	
9.25510017720432e-06	5.92326411341076e-05	0.000175846903366882	0.00126177865749219	0.00590105187298547	0.0210627569832816	0.0623127384730812	0.144586260001678	0.249221337571758	0.280143244270476	0.177068576590273	0.0527559220301001	0.00530934246832288	0.000132656435873262	
7.3910512846571e-06	9.23881410582138e-06	9.85473504620947e-05	0.000339988359094227	0.00220992433411247	0.00888712324885978	0.0302749779038363	0.0820104891336148	0.172523766849287	0.264770862012152	0.2605930702735	0.141241142286976	0.0343566859757881	0.00264106899238414	3.57234145425093e-05	
1.04759662846431e-05	4.31363317602951e-06	0.00015405832771534	0.000588502811872597	0.00360989473502584	0.0133309752138638	0.042745639841209	0.104254351531525	0.198334074867417	0.272111375543672	0.234699851241279	0.107723745071674	0.0211053746636907	0.00130210098585005	2.52655657453157e-05	
6.17114434615183e-06	1.97476619076859e-05	0.000211670251073008	0.00102934687693812	0.00576940284921734	0.0198124589233204	0.0574175612254658	0.128734390861769	0.223002323435846	0.271504432424427	0.201652015341465	0.0778236842348861	0.0124163424244575	0.000595515429403651	4.93691547692146e-06	
1.35678264897011e-05	3.51530049960437e-05	0.000479807682226702	0.00191429697381965	0.00853477958140788	0.0282025775170014	0.0744004099950477	0.155145012312803	0.240899226202187	0.261546374522582	0.167663182407709	0.0535398767671323	0.00731367519733479	0.000312060009263125	
2.16955372279922e-05	0.000107237941155504	0.000777939977746578	0.00331631783342167	0.0130464563439301	0.0384525503104012	0.0947214757924295	0.180235985457791	0.255775506978215	0.241017582683242	0.133063068926722	0.0356240721283632	0.00369629967115764	0.000143810418196977	
6.18587566637346e-06	2.72178529320432e-05	0.000330325760584343	0.00131140564127117	0.00542068284644306	0.0191236346225935	0.0513495724941327	0.118025270539272	0.20429472975765	0.260132155047736	0.214481011217467	0.100996173417313	0.0226495837524264	0.00179514111838158	5.69100561306358e-05	
1.42425796160201e-05	4.39662240320619e-05	0.000520163777280732	0.00223732348489915	0.00818452933847552	0.026989069129766	0.0678566032314555	0.143023365261481	0.225347952412445	0.255056735006279	0.18309207641949	0.0733827241224713	0.013461714707507	0.000775291725185092	1.42425796160201e-05	
2.47980354996277e-06	2.35581337246463e-05	0.000146308409447804	0.000975802696910351	0.0036434513657828	0.0121132203906807	0.0367847859092603	0.0874112152835252	0.167469193090523	0.240447331762378	0.240067921819233	0.151811713476058	0.0510529555848586	0.00766445282204744	0.000385609452019211	
6.82150659794722e-06	2.17047937207412e-05	0.000305107386017276	0.00169235377325436	0.005769134170973	0.0174487937405855	0.0490857010679379	0.10847621805752	0.191074120630282	0.248823755214577	0.219988006551127	0.119541321896354	0.0336802586219192	0.0039329086221983	0.000153793966935537	
3.23128681026008e-05	7.39467558501826e-05	0.000532540922383248	0.00256203759975045	0.00836841143726394	0.0248666162088803	0.0640030920929169	0.130777012625632	0.212901409711011	0.248997990388165	0.193119720419123	0.0910011147939495	0.0208057586502169	0.00189589539578914	6.214013096654e-05	
5.70437569018296e-05	0.00020337339417174	0.000912080069593383	0.00396640122718482	0.0120864560139931	0.0339422754382604	0.0813109151368709	0.154583620877271	0.230603107520661	0.239760490625913	0.163390680910245	0.0657150279917435	0.0124932028023366	0.000960443254792761	1.48809800613468e-05	
3.71228779634884e-06	0	0	8.47639046832985e-05	0.000365660347940361	0.0015115198477467	0.0058586088572712	0.0174854942354358	0.0454996553759496	0.101778557083231	0.177321757595031	0.241155783682515	0.22163595573468	0.133871903797299	0.0455070799515423	0.00748273476817381	0.00043124409900919	5.56843169452326e-06	
1.11334742748706e-05	0	1.17520006234746e-05	0.000174424430306307	0.000648834139685516	0.00246297192014083	0.00867483203917004	0.0248090918425034	0.0608234070163155	0.124347918596984	0.199095590773071	0.24266087561064	0.197098987719778	0.104389928906581	0.0306473620469758	0.00399691726467856	0.000145972218270526	
1.67032281772324e-05	0	1.91777804997853e-05	0.000263539822351889	0.00107024387950415	0.00383308154763451	0.013353921608657	0.0339230191517977	0.0777287816417912	0.147548275422623	0.215782199802778	0.235449941662429	0.170712559714041	0.0786530269342647	0.0196757841546991	0.00189983754564002	6.99061031121207e-05	
1.11574973733392e-05	1.85958289555653e-06	4.27704065978001e-05	0.000427084205012816	0.00183044943019281	0.00599963428203054	0.0192361453326019	0.0448345436118679	0.0968142245694291	0.170816945759066	0.227118297365901	0.220955639650026	0.141895472845441	0.0574685498042789	0.0115120578454253	0.00101037337325238	2.47944386074204e-05	
1.55398223487509e-05	2.85932731217017e-05	8.76445980469551e-05	0.000617863336586336	0.00295007987468687	0.00951969517084481	0.0267987344368679	0.0575377462284851	0.118695649471335	0.191051548698695	0.230665663830131	0.201637275682664	0.113943571797087	0.0393872337251441	0.00662928821397714	0.000430142282613425	3.72955736370022e-06	
6.83297294577539e-06	2.42259949895673e-05	5.34214248487894e-05	0.000188217345688177	0.00115663596591216	0.00476196096384674	0.0144914932592722	0.0354351765174325	0.0754211130167513	0.139359104408448	0.206798683845175	0.227746715358846	0.176551597331662	0.0885671317850645	0.0255242598492646	0.00372086435865405	0.000191323242481711	1.24235871741371e-06	
4.96087420525245e-06	3.65864472637368e-05	5.39495069821204e-05	0.000401830810625448	0.00195582465542078	0.00734829491653019	0.0206527394257416	0.0460201696743	0.0946063515312668	0.163029829116487	0.217129402543316	0.217991354436479	0.147815448038253	0.0650314798473787	0.0158698365826026	0.00195086378121553	0.000101077811932019	
3.7091369023885e-06	8.09828223688156e-05	0.000105092212234341	0.000934702499401902	0.00302974665976767	0.0110167547895776	0.0285931181910292	0.059760377392316	0.114778005065445	0.181289011620108	0.222834435874278	0.201419115778854	0.119356934571443	0.0464074845437174	0.00935629783627499	0.000988484984486535	4.57460217961248e-05	
1.97888774140884e-05	9.8325984651252e-05	0.000204691200751977	0.00132523638432474	0.00519705393087498	0.015802655419988	0.0387274515017903	0.0756225766355198	0.136560569424948	0.197621005893375	0.220665153642081	0.177734420897055	0.093025039113953	0.0316356125585163	0.00526384139214753	0.000479261874872455	1.73152677373274e-05	
4.93148624516021e-06	5.97942707225675e-05	0.000146711715793516	0.000311300069225738	0.00225183990669628	0.00741264026225644	0.0214914170564082	0.0498283534568794	0.0937469370847149	0.159351731475642	0.209301522781309	0.211081789315812	0.151345463556625	0.0702521037412104	0.0204114215687181	0.00279491982944455	0.000206505986516084	6.16435780645026e-07	
3.06921886538345e-05	0.000131976411211488	0.000277457385430664	0.000720652589592033	0.00356827385289479	0.0109350129735881	0.0291974790663927	0.0624825438177031	0.112586314107542	0.178600301151755	0.213292295830957	0.198000833599844	0.125427925840306	0.0503984153009154	0.0127544459169875	0.00148120502443405	0.000114174941792264	
4.609178533765e-05	0.000156097513010175	0.000357672254220164	0.00140610673136724	0.00526736922838664	0.0153184512176835	0.038325012229687	0.0783750863452779	0.134289952974088	0.193024407751286	0.214587374046515	0.176510642900513	0.0991833764752444	0.034734769430453	0.00762419585198514	0.000757748950950966	3.56443139944493e-05	
5.46736780027521e-05	0.000296712207587969	0.000493906034991154	0.00230059465303715	0.00736620306664046	0.0223971643404757	0.050416502850403	0.0969345881659131	0.156527054255947	0.20106521525457	0.205809539021034	0.153417412030666	0.0745048653430313	0.0236417584037743	0.00436590819736583	0.000399916453705524	7.98604285433458e-06	
