# <P(U)> as a function of N_tot.
# number_of_species: 1
# species_total_upper_bound: 103
# species_total_lower_bound: 0
# volume: 729
# Bin widths for each
10	10	10	10	10	10	10	10	10	10	10	10	10	10	10	10	10	10	10	10	10	10	10	10	10	10	10	10	10	10	10	10	10	10	10	10	10	10	10	10	10	10	10	10	10	10	10	10	10	10	10	10	10	10	10	10	10	10	10	10	10	10	10	10	10	10	10	10	10	10	10	10	10	10	10	10	10	10	10	10	10	10	10	10	10	10	10	10	10	10	10	10	10	10	10	10	10	10	10	10	10	10	10	10	
# Bin lower bound for each
0	0	0	0	-10	-10	-10	-10	-10	-10	-10	-10	-10	-20	-20	-20	-20	-30	-30	-30	-30	-30	-30	-30	-30	-40	-40	-40	-40	-40	-40	-50	-50	-50	-60	-60	-60	-60	-70	-70	-70	-80	-90	-90	-90	-90	-90	-90	-90	-90	-90	-90	-100	-110	-110	-110	-120	-120	-120	-120	-120	-130	-130	-130	-130	-130	-140	-140	-150	-150	-160	-160	-160	-170	-180	-180	-180	-180	-190	-190	-200	-200	-200	-200	-200	-210	-210	-220	-220	-220	-220	-250	-250	-250	-250	-250	-260	-260	-260	-260	-270	-270	-270	-270	
# Bin upper bound for each
0	0	0	0	0	0	0	0	0	0	0	0	0	0	0	0	0	0	0	0	0	0	0	0	0	0	0	0	0	0	0	0	0	0	0	0	0	0	-10	0	-10	-10	-10	-10	-10	-10	-10	-10	-10	-10	-10	-20	-20	-10	-20	-20	-20	-20	-20	-20	-30	-30	-30	-30	-30	-30	-30	-30	-40	-40	-40	-40	-40	-50	-50	-50	-50	-50	-50	-60	-60	-60	-60	-70	-70	-70	-70	-80	-80	-80	-80	-80	-90	-90	-90	-90	-90	-100	-100	-100	-100	-110	-110	-110	
# Normalized histogram for each
1	
1	
1	
1	
2.19375580316965e-06	0.999997806244197	
2.68583365261866e-05	0.999973141663474	
0.000126903414467646	0.999873096585532	
0.000519616905599282	0.999480383094401	
0.00150597960882822	0.998494020391172	
0.00368150717759698	0.996318492822403	
0.00782994264443555	0.992170057355564	
0.0164474081126945	0.983552591887305	
0.0316834949668549	0.968316505033145	
5.47412190978976e-06	0.0564644726750994	0.943530053202991	
3.01413795106574e-05	0.0942411332281856	0.905728725392304	
8.46861580474671e-05	0.146701721603604	0.853213592238349	
0.00022744557689946	0.215048416169233	0.784724138253868	
5.50073159730244e-07	0.000509367745910206	0.299855880832151	0.699634201348779	
2.19903704167945e-06	0.00107697839116251	0.395606214038872	0.603314608532923	
3.30215729936367e-06	0.0021359454131384	0.495807911308458	0.502052841121104	
1.26319905710429e-05	0.00424819335073985	0.595198525462248	0.400540649196441	
2.30802329345032e-05	0.00802587623829571	0.684849860337114	0.307101183191656	
6.05257597633553e-05	0.0147633332746417	0.760315240166215	0.22486090079938	
0.000101499713428798	0.0263049746443787	0.815590466308439	0.158003059333754	
0.000228146311221327	0.0444945925466694	0.848661293655714	0.106615967486395	
5.5106832861527e-07	0.000548864055300809	0.0715336286692196	0.859992274022033	0.0679246821851182	
5.51592364417218e-07	0.00125763059087126	0.108228489414667	0.849432383877397	0.0410809445247011	
2.20950529176517e-06	0.00253043593539407	0.158762345610818	0.815328442961621	0.0233765659868755	
2.99115614832146e-05	0.00468559071456505	0.222825623351402	0.759631799756498	0.0128270746160519	
7.31544301103634e-05	0.00883339743582639	0.297009757249216	0.687210499655842	0.00687319122900551	
0.000199956796038529	0.0154387694625538	0.379966655404096	0.600820875267948	0.00357374306936451	
5.55398501201605e-06	0.000465979342508146	0.0261353872710439	0.464228171033858	0.507474275329921	0.00169063303765768	
1.77306143436237e-05	0.00086048887736399	0.0418032478052824	0.543311458187887	0.413244104016649	0.000762970498474059	
1.99563510255624e-05	0.00172068093287072	0.0649473900696089	0.609680382408033	0.323292886614111	0.000338703624350518	
2.77795834507021e-06	5.55591669014041e-05	0.00342300027279551	0.0980224825724783	0.657115490284646	0.241237347094228	0.000143342650605623	
3.90237810921976e-06	0.000144945472628162	0.0063341171538507	0.140450490528928	0.68010255449671	0.172906569263309	5.74207064642336e-05	
5.00245954260845e-06	0.000304594203261048	0.0109603888578551	0.193521259063484	0.676801093871153	0.118383760904667	2.3900640036907e-05	
1.61469213945595e-05	0.000676500327392751	0.0184926793199139	0.257505534496506	0.646494893118516	0.0768114618643124	2.78395196457922e-06	
2.22301633305675e-06	6.11329491590607e-05	0.00126100601492644	0.0302052344254086	0.327947150009698	0.592801206208662	0.0477220473758126	
4.4405762091689e-06	0.000119340485621414	0.00240457201726496	0.0471150686513082	0.398850334819446	0.523251967175261	0.0282531661308371	1.11014405229223e-06	
1.50177877352509e-05	0.000213030100096336	0.00437073244531857	0.0719708009709278	0.463288739773999	0.444460327454518	0.0156813514674047	
1.11342579963457e-06	1.89282385937878e-05	0.000360193246181785	0.00727067047161377	0.105097931366207	0.517569302405334	0.361184195143459	0.00849766570281107	
2.78455972769234e-06	2.78455972769234e-06	3.78700122966158e-05	0.000718973321690161	0.0126157263022829	0.145491018124142	0.555376539304618	0.281408719904478	0.00434558391103666	
2.2311356089801e-06	2.2311356089801e-06	0.000126059161907376	0.00138888191659011	0.0212420843491973	0.195508277792001	0.570290532901162	0.209305062614032	0.00213463899389171	
5.57746569998031e-07	8.36619854997047e-06	0.000209154963749262	0.00256228774257096	0.0334804111038418	0.25225538769243	0.56087887473514	0.149573128662652	0.00103183115449636	
1.22930918970085e-05	1.061676118378e-05	0.000400643040461594	0.00450318307263597	0.0516633950278913	0.314512609639013	0.527108782128973	0.101287813131593	0.000500664106350891	
1.67687323509092e-05	2.68299717614547e-05	0.000690871772857459	0.00736985786822459	0.0763720735767259	0.372913131258929	0.475955873639776	0.0664606348418485	0.000193958337525516	
6.71809743480646e-06	6.77408158009652e-05	0.00105866018743492	0.0124268007300333	0.108244225235413	0.424667174256251	0.412956410744477	0.0404742976788973	9.79722542575942e-05	
1.06214201621388e-05	0.000132488240969836	0.00188669963406412	0.0197200640862951	0.147929549797131	0.463098950268275	0.343301629325853	0.0238775115466018	4.24856806485551e-05	
7.83526687198797e-06	0.000271995692841868	0.00336748576919654	0.031076907061982	0.194986212728615	0.485942132076855	0.271403010869194	0.0129242727053442	2.01478290993976e-05	
5.41501634274262e-05	0.0005135891788993	0.00553615639906996	0.0473674367713105	0.246020381674915	0.488213965717922	0.20545800152402	0.00683241082668319	3.90774375249468e-06	
8.79315366176042e-05	0.000939243228711607	0.00887044380222685	0.0690923449156529	0.298618298720792	0.47048076707664	0.148372986535834	0.00353798418352488	
5.60793365590168e-07	0.000147488655150214	0.00180687622393152	0.0142497594196462	0.0980171468179463	0.349042277090245	0.433707494666855	0.101360036070229	0.00166836026263075	
2.24813699697232e-06	6.74441099091696e-06	0.000280455090372297	0.00299114627447167	0.0226966290871833	0.133176263495145	0.392907464995102	0.381237385843819	0.0659103184429853	0.000790782188685014	5.6203424924308e-07	
2.30214728576835e-05	3.08824635895754e-05	0.000506472402869037	0.00475421489478064	0.0347495095303283	0.174741401479888	0.423088066679169	0.320936176616248	0.0408103333846169	0.000359921075653052	
3.02944621723149e-05	8.24682581357461e-05	0.000903784788140728	0.00771386768276537	0.0509205028431914	0.220308622028338	0.438229030622091	0.257472634002504	0.0242142514126196	0.000124543900041739	
5.60105479063817e-07	7.00131848829772e-05	0.000143947108119401	0.00160246177560158	0.0123889730914126	0.072741458671497	0.268161700211384	0.433483553622818	0.197686428308179	0.0136727348494268	4.81690711994883e-05	
8.94767011058761e-06	9.11543892516113e-05	0.000264515497644246	0.00278384386315657	0.0192067331217582	0.101714876899632	0.314328854838033	0.410292616774085	0.144195059208411	0.00709606162707789	1.73361108392635e-05	
8.97690746659889e-06	0.000135214668715646	0.00048475300319634	0.00470558268264781	0.0295317813382437	0.135766187468125	0.352644905520854	0.37264152795942	0.100602518808024	0.00347742952987375	1.12211343332486e-06	
1.79100735208518e-05	0.000166787559662932	0.000802595169653171	0.0077774494264299	0.0429220508825189	0.175082162462277	0.380587942938506	0.324612246908274	0.0663797696764545	0.00164940583331095	1.67906939257986e-06	
2.40554864970401e-05	0.0002780366695123	0.0014729789755048	0.0122296974491115	0.0616480581628098	0.215307233316961	0.396698468392769	0.269358792615973	0.0422682869248921	0.000714392005970236	
5.02617239659628e-06	4.63524787686101e-05	0.000437276998503876	0.00269514533177485	0.0189481114715683	0.0855298172092792	0.257189241533831	0.396648771631389	0.212827685497873	0.0253732351852172	0.000299336489397289	
5.02666646560001e-06	7.98681449534224e-05	0.000837777744266668	0.00463849611075645	0.0284850018235629	0.115093347988859	0.298031613263921	0.377522758232423	0.160233929886939	0.0149392527357632	0.000132927402090311	
1.50203860016678e-05	0.000150203860016678	0.00137909395919017	0.00771658423070868	0.041945818686139	0.14889653012394	0.332657601400123	0.343282021098636	0.115695913954328	0.00821893269587557	4.22796050417316e-05	
2.71941819990055e-05	0.000294696135540243	0.00235201925126092	0.0125404027846842	0.0587394331178518	0.186930032144633	0.35467928624707	0.299750368508915	0.0804426102862826	0.00423119272572281	1.27646160403495e-05	
4.11242023155149e-05	0.000657987237048238	0.00376119731447844	0.0193917285891564	0.0803716961010366	0.226411518777922	0.361827959678275	0.252472036931757	0.0529574136655724	0.00210289164272849	4.44585970978539e-06	
1.05469714926463e-05	9.32574321455038e-05	0.00103859914014427	0.00589076113052432	0.0292128906195791	0.107177769204509	0.263438368216979	0.35747461094165	0.201744136022626	0.0330320045074426	0.000879839463991807	7.21634891602113e-06	
1.16359993439513e-05	0.000173431799745559	0.00188170732247898	0.00945840518101182	0.041727801837823	0.138268917918552	0.29664705908428	0.33797203370672	0.15378136732966	0.0196781371762422	0.000397840358521763	1.66228562056447e-06	
2.78563326358108e-06	2.17279394559324e-05	0.000406702456482837	0.00310765246885105	0.0150056492642585	0.0585127838281732	0.172587808731735	0.320305483686217	0.306327175969567	0.112645437912692	0.0108790121475895	0.000197779961714256	
6.6881206715319e-06	8.47161951727374e-05	0.000803689167362417	0.00498153521351268	0.0228053768031452	0.0801097520602198	0.207247024622316	0.332614174580014	0.266542787809339	0.0787860615106458	0.00593793646954174	8.02574480583828e-05	
3.32843683292578e-06	2.0525360469709e-05	0.000202479907336319	0.00148614704590136	0.00795995668594201	0.0332677261450932	0.105712263292667	0.242021736911477	0.333158775312762	0.220873404014539	0.0522952900399856	0.00296674669708118	3.1620149912795e-05	
1.72405450904211e-05	5.95076878927438e-05	0.000396532537079685	0.00241312016604313	0.0119237834431816	0.0463097725527185	0.135940585744739	0.27064875058882	0.321025067196415	0.176401364338878	0.0334105079453886	0.00144097588158971	1.27913721638608e-05	
3.00872865613463e-05	9.69479233643381e-05	0.000671392227896709	0.00419661930333445	0.0175620606002525	0.0631933308743477	0.167882601636526	0.293641887743219	0.298942264725777	0.132855428359385	0.0203440202632303	0.000579458852292595	3.90020381350785e-06	
5.57043480585921e-07	4.9019826291561e-05	0.00016934121809812	0.00122326748336668	0.00664385759294828	0.0253660889754411	0.0844032281783787	0.199122433700685	0.30811746041649	0.265420077629579	0.0969935249265817	0.0122310037032251	0.000260139305433625	
1.22164872601473e-05	3.33176925276745e-06	0.000108837795590403	0.000413139387343164	0.00229892078440954	0.00988480407808556	0.0363707037529604	0.11023658338169	0.228386674033579	0.311206128234246	0.226294322942841	0.0681174670779551	0.00655969836382365	0.00010717191096402	
1.0557385502376e-05	1.33356448451065e-05	0.00018392076848876	0.000718457866030112	0.00378787878787879	0.0147992318668569	0.0511327518992181	0.138286747480674	0.256361102591116	0.301225545761265	0.184673121118772	0.0454739932699446	0.00329279297300421	4.05625864038656e-05	
3.72847155482272e-05	4.45190633411668e-05	0.000239846453750536	0.00126100246913855	0.00596722395259165	0.0217898555523341	0.0683239629979805	0.168702208089893	0.278324280196307	0.280366035738791	0.145078167127903	0.0282985426128127	0.00154926340427261	1.78076253364667e-05	
5.45440175787577e-05	5.00914447151856e-05	0.000401844700937378	0.00214614012024173	0.00927582241803648	0.0317323736554621	0.0897750003617716	0.199219241348373	0.289542464743971	0.25205569723395	0.10812182684612	0.0168635631491712	0.000750815099119838	1.05748605509836e-05	
1.10952202900512e-06	5.04832523197332e-05	9.37546114509331e-05	0.000742270237404429	0.0036153775315132	0.0141075725988002	0.0452252274242779	0.115875706904223	0.227213468709814	0.290228217586146	0.215617853984682	0.0770540858703479	0.00983313898205792	0.000340068501890071	1.66428304350769e-06	
8.33977349175196e-06	6.7830157732916e-05	0.000179027137622942	0.00124318223517049	0.00583728545932692	0.0204869315749384	0.0611305396945419	0.143814390001168	0.250348880524405	0.280806845286082	0.178031368668027	0.0526061792161725	0.0053113237444471	0.00012787652687353	
6.66349410308536e-06	8.32936762885671e-06	0.00010383944977308	0.000328177084576954	0.00215619563352337	0.00875527596027891	0.029527608244297	0.0805727495298072	0.17250731179655	0.266002242265766	0.261258945046719	0.141725300787347	0.0343758554954669	0.00263319075306923	3.83150910927408e-05	
9.42703585157188e-06	3.88172064476489e-06	0.000178559149659185	0.000570058403259758	0.00352016609328107	0.0130752987261302	0.0416031728075487	0.102954876661099	0.19839196949633	0.273767220976375	0.2352710882792	0.10824233471079	0.0211015879564626	0.00128762219102058	2.27357923479086e-05	
5.55389864246055e-06	1.83278655201198e-05	0.000264920965245368	0.00101691884143453	0.00568497065042262	0.019459194673589	0.0560077354700292	0.127231487050808	0.223863769530979	0.272926910138475	0.202395729718412	0.078186118918967	0.0123374304443619	0.000596488714200264	4.44311891396844e-06	
1.22148390306304e-05	4.71936962547083e-05	0.000532455937744297	0.0018799747708052	0.00850319362518655	0.0278226272119963	0.0728948280150664	0.15371320002132	0.242591700127923	0.262493004228555	0.16825718676711	0.0537008741382986	0.00723340558595693	0.000318141034752327	
1.95346184135546e-05	0.000146230572124323	0.000809849466230505	0.00321595632282576	0.0129285685980451	0.0380433902944202	0.0933732434889721	0.179383052099944	0.257370271994445	0.242076898304451	0.133257352969904	0.0355474241931226	0.00368590342866041	0.000142323648441612	
5.57061788736545e-06	2.4510718704408e-05	0.000323095837467196	0.00130408164743225	0.00533553781251863	0.0188855087617463	0.0509811807815911	0.116481620024812	0.203749248662912	0.262037408927361	0.215799609276861	0.100815371340174	0.022427864676322	0.00177368473533716	5.57061788736545e-05	
1.28429772924994e-05	3.96457125116285e-05	0.000498642553139215	0.00219949945891978	0.00811955360044493	0.0268261876124458	0.0671313590885283	0.141450876728637	0.224852612875811	0.25716721891469	0.184270479802464	0.0732546673054652	0.0133779152162478	0.000782863224525396	1.56349288778253e-05	
2.23520628718824e-06	2.12344597282883e-05	0.000132994774087701	0.000981255560075639	0.00357744766264479	0.0120337918486497	0.0364400092984582	0.0865427170273545	0.166273084092931	0.240595928348227	0.24192140567653	0.152608150456206	0.050849825430389	0.00762205343931191	0.000397866719119508	
6.15332634837561e-06	1.95787656539224e-05	0.000292003304895642	0.00162951269571074	0.00563924390163404	0.0172533676875408	0.04873881982557	0.107456656808292	0.189780331843296	0.249858613342313	0.221798326407112	0.119990423186629	0.0334175966114191	0.00396442034826708	0.000154951945318186	
2.91908684227219e-05	6.68021796596906e-05	0.00050466520600052	0.00250873059579124	0.00817568860977928	0.0244782272610152	0.0633919003199207	0.129984130272109	0.212226595238857	0.250325169433343	0.194634044748479	0.0911316457643208	0.0205924735836675	0.00188786327895411	6.28726396797088e-05	
5.15719350014238e-05	0.000183865159570294	0.000892418701328986	0.00387574302825918	0.0116928151325511	0.0334236589615206	0.0804348411023837	0.154079003719906	0.230349411070925	0.241093751051058	0.164387785075082	0.0661583841391635	0.0124019292388207	0.000959686442635191	1.51352417938961e-05	
3.3558905107162e-06	0	0	7.942274208695e-05	0.000338385626497217	0.00149281196218359	0.00571675948500504	0.0170496017396936	0.0448772051696375	0.101091167799559	0.176812362653189	0.241341103338496	0.2229234169006	0.134563379068528	0.0458655149250434	0.00742882296055542	0.000411655902647854	5.0338357660743e-06	
1.00619930572248e-05	0	1.06209926715151e-05	0.000165463885829919	0.000607632580733519	0.00247804529014875	0.00840288220201128	0.0243679111861413	0.0600086085940601	0.123493635789391	0.198606413961574	0.243525386967483	0.19842865208423	0.105093604485413	0.0307103208098786	0.00395604027033221	0.000134718907043954	
1.50874569588381e-05	0	1.95578145762716e-05	0.000249781231874097	0.00102594707320099	0.00380706830594681	0.0130735608521843	0.0333270748326689	0.0771030518013865	0.147052413825475	0.215741693796149	0.236469065684082	0.171715935595558	0.0788962240006795	0.0195656377021021	0.00186972707349156	6.81729536658609e-05	
1.0081396071728e-05	1.68023267862134e-06	4.20058169655334e-05	0.000433500031084305	0.00178720749249356	0.00589481631416319	0.018688107929186	0.0444992822606074	0.0961384332502365	0.170383434698037	0.227394849638778	0.222181647714576	0.14249493269828	0.0575642114920074	0.0114681481091502	0.000995257823303371	2.24031023816178e-05	
1.40414176889287e-05	2.58362085476288e-05	9.04267299167007e-05	0.000621192318558205	0.00290264186465534	0.00927913046555163	0.026270930839278	0.0575597027038716	0.11793667545285	0.190781303796182	0.230892579223083	0.20283389508365	0.114419581150127	0.0393805600503694	0.00656576691134305	0.000422365844082975	3.36994024534288e-06	
6.17564661827205e-06	2.18954743738736e-05	4.82823281064906e-05	0.000192006467586277	0.00114417889163986	0.00465980608469619	0.0140265777373554	0.03502489908432	0.0751682863703479	0.13852817498414	0.207226067965798	0.228015540172581	0.177828867217983	0.0886727412572494	0.0255531414391502	0.0036997737467648	0.000182462286448947	1.12284483968583e-06	
4.47984015930312e-06	3.30388211748605e-05	4.87182617324214e-05	0.000404865554397019	0.00197784943033233	0.00713526541373004	0.0200741637538373	0.0452900640505147	0.0941236816670381	0.162350527333185	0.217790229244621	0.218392207766027	0.149209476205889	0.0652768709212455	0.0158463146034949	0.00195097038937651	9.1276743245801e-05	
3.34851326011251e-06	7.31092061791231e-05	9.8781141173319e-05	0.000922515403160997	0.00304826323778909	0.0107113358335566	0.0280516117510492	0.0591297214036968	0.114288664166443	0.181088155192428	0.22332685954103	0.201714438789178	0.120566010358068	0.0465923296722922	0.00934346816680061	0.00100008929368694	4.12983302080543e-05	
1.78645698127849e-05	8.87645812572749e-05	0.000186461447420942	0.00135268289551181	0.00515839453344164	0.0154349883182461	0.03800184786644	0.0752076058405978	0.135965007773879	0.197191354664746	0.221587099547524	0.17861890127313	0.0937733600185345	0.0316297791213423	0.00529349534265082	0.000476760706878697	1.56314985861868e-05	
4.45396355432973e-06	5.40043080962479e-05	0.000132505415741309	0.000293961594585762	0.0022815428307054	0.00744145960839639	0.0211702455191735	0.0491801088214645	0.0933316927900908	0.158965299726694	0.208978299732818	0.211593889830098	0.152199172342223	0.0708915109124891	0.0204620653140351	0.00282158591166788	0.000197644632723382	5.56745444291216e-07	
2.77602733831723e-05	0.000119369175547641	0.000250952871383877	0.000707886971270893	0.00360716992340941	0.0109364373020346	0.0288712395239668	0.0619564885474992	0.112413006243285	0.178118242108448	0.213290508484928	0.198127291957571	0.126066619104065	0.0511438620647536	0.0127819402765478	0.00147351531117878	0.000107709860726708	
4.16992384051098e-05	0.000141221420731972	0.000323586090023652	0.00137718684705943	0.005394213480085	0.0152474655202897	0.0383594074037832	0.0779130809954887	0.134178141370426	0.193197575439482	0.213809230988205	0.176764183578951	0.0995966849661458	0.0352647679242786	0.00760983301400983	0.000749474311601173	3.22474110332849e-05	
4.94270625940989e-05	0.000268239002617413	0.000446509644108489	0.00233417914699997	0.00762898380736108	0.0223304804477092	0.0509515264909618	0.0966465681790792	0.156917039729917	0.201030970775277	0.204972362496966	0.153153363289465	0.0747964743509644	0.0237738617475077	0.004298488364925	0.000394305780245058	7.21968330026163e-06	
