# <P(U)> as a function of N_tot.
# number_of_species: 1
# species_total_upper_bound: 103
# species_total_lower_bound: 0
# volume: 729
# Bin widths for each
10	10	10	10	10	10	10	10	10	10	10	10	10	10	10	10	10	10	10	10	10	10	10	10	10	10	10	10	10	10	10	10	10	10	10	10	10	10	10	10	10	10	10	10	10	10	10	10	10	10	10	10	10	10	10	10	10	10	10	10	10	10	10	10	10	10	10	10	10	10	10	10	10	10	10	10	10	10	10	10	10	10	10	10	10	10	10	10	10	10	10	10	10	10	10	10	10	10	10	10	10	10	10	10	
# Bin lower bound for each
0	0	0	0	-10	-10	-10	-10	-10	-10	-10	-10	-10	-20	-20	-20	-20	-30	-30	-30	-30	-30	-30	-30	-30	-30	-30	-40	-40	-40	-40	-50	-50	-50	-60	-60	-60	-60	-70	-70	-70	-70	-70	-70	-80	-80	-80	-80	-90	-90	-90	-90	-90	-110	-110	-110	-110	-120	-120	-120	-120	-130	-130	-130	-130	-130	-140	-140	-150	-150	-160	-160	-160	-160	-180	-180	-180	-180	-190	-190	-200	-200	-200	-200	-200	-210	-210	-220	-220	-220	-220	-250	-250	-250	-250	-250	-260	-260	-260	-260	-270	-270	-270	-270	
# Bin upper bound for each
0	0	0	0	0	0	0	0	0	0	0	0	0	0	0	0	0	0	0	0	0	0	0	0	0	0	0	0	0	0	0	0	0	0	0	0	0	0	-10	0	-10	-10	-10	-10	-10	-10	-10	-10	-10	-10	-10	-20	-20	-10	-20	-20	-20	-20	-20	-20	-30	-30	-30	-30	-30	-30	-30	-30	-40	-40	-40	-40	-40	-50	-50	-50	-50	-50	-60	-60	-60	-60	-60	-70	-70	-70	-70	-80	-80	-80	-80	-80	-90	-90	-90	-90	-90	-100	-100	-100	-100	-110	-110	-110	
# Normalized histogram for each
1	
1	
1	
1	
2.60150249776759e-06	0.999997398497502	
2.66387371419364e-05	0.999973361262858	
0.000114215108582227	0.999885784891418	
0.000480659308682006	0.999519340691318	
0.00148271058190548	0.998517289418094	
0.00362664357679754	0.996373356423202	
0.0077543872907006	0.992245612709299	
0.016368442721199	0.983631557278801	
0.0315168590502713	0.968483140949729	
6.50671004473363e-06	0.0564066693777958	0.943586823912159	
3.58592128185602e-05	0.0942575708578045	0.905706569929377	
9.49303276863973e-05	0.146162588808958	0.853742480863355	
0.000239467214970047	0.214017426652504	0.785743106132526	
6.55256896742652e-07	0.000525516031187607	0.298816802621552	0.700657026090364	
2.62061546464495e-06	0.00112686464979733	0.39468499874538	0.604185515989358	
3.93267779964055e-06	0.00211578065620662	0.49540728777632	0.502472998889674	
1.30798031489626e-05	0.00425485996435754	0.594685675980577	0.401046384251917	
1.96226049793014e-05	0.00797266440309017	0.684441694372695	0.307566018619236	
6.28318306053847e-05	0.01460578262281	0.760342381116941	0.224989004429644	
0.000103679915166206	0.0261811471854512	0.815552774717325	0.158162398182058	
0.000224851240910077	0.0442681616542758	0.848696092242763	0.106810894862051	
0.00055536941245588	0.0712262910699615	0.860130836378467	0.0680875031391158	
0.00122369305972475	0.107675803356134	0.849918803208504	0.0411817003756377	
1.97372965824871e-06	0.00249676801768462	0.158192458378976	0.815807600832914	0.0235011990407674	
2.90174685160467e-05	0.00465730369682549	0.222617402039664	0.759831645923573	0.012864630871421	
7.66043661847195e-05	0.00865893490874175	0.296915221419637	0.687420506460522	0.00692873284491446	
0.000206536449724211	0.0152124323065238	0.379866061442284	0.601077156870702	0.00363781293076542	
6.62162197954713e-06	0.000474108133735575	0.0259786095123573	0.463990957513025	0.507810203124876	0.00173950009402703	
2.11630693857684e-05	0.000864379115224977	0.0414829227256975	0.542499411402133	0.414332556472328	0.000799567215231061	
1.72124104127139e-05	0.00171462088342034	0.0647537499884147	0.609481522477422	0.323686659984721	0.000346234255609591	
3.31630081236105e-06	5.43873333227212e-05	0.00344563654404313	0.0978607206719621	0.657132301831129	0.24135307726185	0.000150560056881192	
4.66041859879854e-06	0.000135152139365158	0.00646732946696129	0.14054690678031	0.679862530966817	0.172923500560249	5.99196676988384e-05	
5.97697668580627e-06	0.000310138679141281	0.0110945969458977	0.193200458500523	0.676646889514922	0.118717367367567	2.45720152638702e-05	
1.92856335330616e-05	0.000665686867813608	0.0185514494151133	0.256879983507458	0.646763671186598	0.0771172633020995	2.66008738387056e-06	
2.65655052227783e-06	6.90703135792237e-05	0.0012372884057509	0.0301458711891783	0.32773133241948	0.592721582879063	0.0480921982424262	
5.31450581074779e-06	8.90179723300255e-05	0.00238820604870479	0.0470034823299325	0.398297630926172	0.523680773579466	0.0285342460111312	1.32862645268695e-06	
1.79954291609931e-05	0.000185952767996929	0.0042655832085317	0.0717064532275469	0.462253254340064	0.445746780317799	0.0158239807088999	
2.26957323345431e-05	0.000340435985018147	0.00709975909147648	0.105202062107539	0.516520824335699	0.362353387237923	0.00846083551000982	
4.00643433353966e-05	0.00072049044098155	0.0123919013936382	0.145860251564012	0.554494518196223	0.282205221585867	0.00428755247594303	
0.000127952538317096	0.00142690527023777	0.0209989542727104	0.195987113638602	0.569366688528017	0.209985523275639	0.00210686247647784	
6.69399602108876e-07	0.000206175077449534	0.00259258465896768	0.0335456222604821	0.252782694145967	0.559761318877872	0.150090101186444	0.00102083439321604	
7.36689198194174e-06	0.000375711491079029	0.00450451958823092	0.0517932689377678	0.315581579287514	0.525672613980888	0.101554615123426	0.000510324699112691	
8.0369431486734e-06	0.000647643668730598	0.00736719788628395	0.0759819302728207	0.373930165661491	0.475568027700664	0.0663061204670803	0.000190877399780993	
5.09974018165811e-05	0.000983042021859097	0.0123916976229843	0.107422671834403	0.426189984110283	0.412605886710614	0.0402718429924202	8.38773056193769e-05	
2.00944842650141e-06	0.000112529111884079	0.00186476813979331	0.0196001599520947	0.147437919765404	0.465223480806753	0.341936451863328	0.0237885202890659	3.4160623250524e-05	
7.37555098718397e-06	0.000248086715023461	0.00343968877856853	0.0308505887701202	0.194833225382087	0.487430049603933	0.270258962300206	0.0129132487692887	1.87741297855592e-05	
6.35938561640855e-05	0.000522139029557755	0.00557684648108417	0.0465734626185272	0.24616445371204	0.489605082153221	0.204565369463569	0.00692436682275053	4.68586308577472e-06	
9.73918463546232e-05	0.000947051747310474	0.00888482305916521	0.0686290116205264	0.299336190608605	0.470579938219986	0.147892541195072	0.00363305170298039	
0.00015538761136953	0.00183707171710037	0.0142882608359315	0.0972887888847407	0.349846798577968	0.433610138537137	0.101242764554135	0.00173078928161818	
2.69581562238632e-06	5.39163124477265e-06	0.00028373459425616	0.00302335722050626	0.0225356706953385	0.132409701970843	0.393694891631582	0.381413429609895	0.0658062072502613	0.000824245626544618	6.73953905596581e-07	
1.54908025043913e-05	3.03080918564178e-05	0.00052466674569221	0.00475230880308631	0.0345283252691359	0.174197441727642	0.423380470273824	0.321554710820393	0.0406465187452181	0.000369758720648297	
1.95278831235994e-05	8.21517841751422e-05	0.00094541889329426	0.007714860584382	0.0504890051284261	0.219583638596794	0.437919512799517	0.258716843001207	0.0243990799000172	0.000129961429063955	
5.24264013980374e-05	0.000161312004301653	0.00165815297755075	0.0123094501949187	0.072145449657212	0.267116547923108	0.434045570641215	0.198700094098669	0.0137578975668773	5.30985347492943e-05	
8.72535924988758e-06	7.38299628836641e-05	0.000257733688612064	0.00283641293769422	0.0193031793866744	0.101159801598754	0.313356511467136	0.411040264177031	0.144789953755596	0.00715479458490781	1.87930814612963e-05	
1.07727567753907e-05	0.000117153729932374	0.000486793946787968	0.00489689125171354	0.029650666429666	0.13510316261207	0.351696843851584	0.373208019240144	0.101385780499694	0.0034425690870358	1.34659459692384e-06	
1.81365196287522e-05	0.000137703204588674	0.000846370916008434	0.00795723005637771	0.0426812761929967	0.173986319690416	0.379673932245993	0.325657331285026	0.0674154586289194	0.00162422609119714	2.01516884763913e-06	
1.54509874524546e-05	0.00026804104319693	0.0015108378600248	0.0125038795414147	0.061336389493866	0.214281011811272	0.395699788657363	0.270587768998333	0.0430686198506225	0.000728211756454818	
5.36246582265923e-06	2.8152945568961e-05	0.00043503003986323	0.00282534918031358	0.0191131688084132	0.0852772830530663	0.255975295119955	0.396040891483131	0.214066284099417	0.0259261816361017	0.000307001168347241	
4.02447146951563e-06	4.89644028791069e-05	0.000804223548658208	0.00489375730693101	0.0288440577672635	0.114767865131912	0.297105264746502	0.377353225848644	0.160762878811761	0.0152822596602407	0.000133478303738935	
1.13317468887689e-05	0.000113317468887689	0.00136114277334506	0.00806820378480346	0.042352737283447	0.148245245665607	0.332556108811433	0.342829337226122	0.116181734557162	0.00824084628152059	3.99944007838903e-05	
2.5225469226919e-05	0.00025225469226919	0.00235393457575408	0.0129453125103723	0.0591218615865227	0.186481272744412	0.354140362476716	0.299460838786682	0.0809491945773207	0.00425513836169871	1.4604219026111e-05	
4.58461708148592e-05	0.000611946714789642	0.00367699578680335	0.0199630174222093	0.0801723284472832	0.226143878572762	0.361689743680039	0.252322706545305	0.053311123410583	0.00205709775134499	5.31549806549092e-06	
1.26198721806209e-05	0.000103615792640888	0.00104412837199664	0.00590277916153569	0.0298792078971175	0.106728251642908	0.263269131394124	0.357437289198319	0.201701424451467	0.0330886406537891	0.00082427691453424	8.63464938674063e-06	
1.39430380419194e-05	0.000174619952620229	0.00191086016593543	0.00955828455483199	0.0424153856777113	0.137697459976841	0.29639778292416	0.338201002836412	0.153754528167593	0.0194950229993732	0.000379117843901714	1.99186257741706e-06	
3.33882012774326e-06	2.60427969963974e-05	0.000369273506128404	0.00308173097790703	0.0152537336356078	0.0596587058065421	0.171729542214372	0.320367804425272	0.306113045771885	0.112439442149933	0.0107656916198954	0.000191648275332463	
8.01970709356459e-06	0.000101582956518485	0.000738481361532406	0.0051406322469749	0.0232244034340386	0.0814361156816016	0.205226309451091	0.332893363291395	0.266466129435399	0.0786679801164729	0.00603081973436057	6.61625835219078e-05	
3.99114497967177e-06	2.46120607079759e-05	0.000222173737201728	0.0014700717341791	0.00805546095063752	0.033961983013687	0.107029204538198	0.240662716320058	0.332707832222908	0.220995684241895	0.0518522903850657	0.00299335873475383	2.06209157283041e-05	
2.06571368408707e-05	7.13004400636506e-05	0.000427136281128972	0.00243487671021102	0.0123682940936581	0.047324167783929	0.136880852300139	0.269315089305467	0.320310896573048	0.176322656481143	0.0330940659375808	0.00142001156799663	9.99538879396972e-06	
3.60325974898625e-05	8.47433311335655e-05	0.000711310165262841	0.0043579424853017	0.018217147112421	0.0644149407163681	0.167901895247901	0.29226640367319	0.298317878240515	0.133059040745528	0.0200554768547279	0.000574519748866141	2.66908129554537e-06	
5.80294402693633e-05	0.000163416239839012	0.00129999286304585	0.0069655338475053	0.0262072958347535	0.0854493513042283	0.197961765935918	0.307395285208029	0.265026456755727	0.0971646281880341	0.0120767936266332	0.000231450756016886	
1.46217195009208e-05	0	0.000114315261552654	0.000391463308456471	0.00245113188724527	0.010261123971578	0.0371730633366365	0.110932991982645	0.226947031491861	0.310759392294753	0.226374790560484	0.0680993293283114	0.00638238056215194	9.83642948243765e-05	
1.26334995192621e-05	3.32460513664792e-06	0.000190832334843591	0.000706811052051348	0.00395428534952904	0.0154328170443196	0.0520094578366927	0.138631379751027	0.254995884138841	0.300683937768711	0.184756286495853	0.0454466872969497	0.00313776232796831	3.79004985577863e-05	
3.99792108103786e-05	1.93232852250163e-05	0.000254534308826077	0.00124468609656312	0.00616079638587934	0.0227168539026373	0.0690434307493437	0.168935486880156	0.276790735484215	0.280448166953184	0.14464744999267	0.0281960047441997	0.00149788776502885	4.66424126121084e-06	
6.38660940893926e-05	4.12468524327327e-05	0.000425108688782519	0.00220604133333777	0.00983271740251273	0.0329016828050521	0.0907969623688999	0.198832447967428	0.288187101044809	0.251851950410639	0.107491958526955	0.0166025233759883	0.000764397313632417	1.99581544029352e-06	
1.3241306254862e-06	5.8261747521393e-05	9.20270784712912e-05	0.000760713044341824	0.00372146912292898	0.0150619858649056	0.0469106377344125	0.116538722544979	0.226914279093633	0.288340036744625	0.214619726235993	0.0769247066223083	0.00969991889699919	0.000356191138255789	
9.93845446432062e-06	6.3606108571652e-05	0.000188830634822092	0.00132313957101655	0.00603065416894975	0.0216181261507902	0.0629554710860544	0.144941757344021	0.248801256750695	0.279503130281874	0.176445332868655	0.0527678926964948	0.00522563935733978	0.00012522452625044	
7.93865011193497e-06	9.92331263991871e-06	0.000105848668159133	0.000365177905149008	0.00228500812388528	0.00912746296619723	0.0311082620177932	0.0825745306934676	0.17289784545036	0.264200260387724	0.259706322870192	0.140691403500415	0.0342804142916872	0.00261512365770658	2.44775045117995e-05	
1.12411261227901e-05	4.62869899173711e-06	0.000165310678276325	0.000627519334736931	0.00371420031951248	0.0136903691321322	0.0437848474909806	0.104835403463854	0.198516303600334	0.271491049418635	0.233599858229562	0.107226457114443	0.0210123096943472	0.00130264814481744	1.78535532538431e-05	
6.61720964180382e-06	2.11750708537722e-05	0.000226970290713871	0.00108456066029165	0.00589593379084721	0.0202784389473078	0.0586311243102386	0.129400857987402	0.222812036174962	0.270540645879364	0.200657618294202	0.0775325219310871	0.0122987458402566	0.000609445008010132	3.30860482090191e-06	
1.45435602767772e-05	3.76810425352863e-05	0.000514313177060575	0.00198056848132838	0.00867325049233257	0.0288755778586194	0.07567741590021	0.155761530564284	0.240598745155176	0.26040442996846	0.166660606849885	0.0533418126696886	0.00713097203207252	0.00032855224807083	
2.32405570296709e-05	0.000114874753318088	0.000833339973492485	0.00344557858362749	0.0132398133318459	0.0392559568867747	0.0961428643521728	0.180375939250512	0.255290214795868	0.239686504806147	0.132346340077079	0.0354730582182594	0.00362287083296812	0.000149403580905027	
6.62989725648222e-06	2.91715479285218e-05	0.00035403651349615	0.00140553821837423	0.00552071544547274	0.0194229470025903	0.0523589505933427	0.119556274236418	0.204303598907128	0.259197159221624	0.213261253090361	0.100143272079713	0.0226503809870458	0.00173968504010093	5.03872191492648e-05	
1.52526266017745e-05	4.70841951619995e-05	0.000557052449803937	0.00237808343452014	0.0082762078256585	0.0275893488918967	0.0688762196298652	0.144242763457625	0.225366179091036	0.253765906665862	0.181959856413099	0.0727033025915539	0.0134475114013384	0.000762631330088724	1.25999958884224e-05	
2.65441213066344e-06	2.52169152413027e-05	0.000156610315709143	0.00104451117341606	0.00382766229241668	0.0124113675199496	0.0373820860361332	0.0884018779965824	0.168468238299849	0.24081888614231	0.238039053038472	0.150773927036847	0.0505745143255305	0.00768319591220532	0.000390198583207525	
7.29449742902122e-06	2.32097645468857e-05	0.000326262975916222	0.00178383618946064	0.00598546670857687	0.0178211203552288	0.049843300932502	0.109446639425034	0.191671540717222	0.248795413220017	0.218120725258723	0.118682799442435	0.0333557473345243	0.00398412186850541	0.000152521309879535	
3.45506915121575e-05	7.50813104014192e-05	0.000559455427946858	0.00266306099193706	0.00858850458627208	0.0251701787666068	0.0646084642549841	0.131721189208224	0.213092054337607	0.248741059178026	0.19150318763351	0.0906125106725093	0.0206114807961277	0.00195543625231307	6.37858920224447e-05	
6.09992607154815e-05	0.00020554098719347	0.000953444966400679	0.00410750456665661	0.0122509058721734	0.0342113027651893	0.0821248959863149	0.155331302234761	0.230638204765236	0.23922119856917	0.161872146875611	0.0656093461475983	0.012402077953077	0.000995216199281933	1.591285062143e-05	
3.96977939274285e-06	0	0	9.0643296134295e-05	0.000371836003120247	0.0015700477498298	0.00602083207899332	0.0176873520843658	0.0459687221081646	0.102602918184832	0.177842147015487	0.241056914065524	0.220848752066766	0.132565489781457	0.0454605903458935	0.00744796777068437	0.000455863000266637	5.95466908911427e-06	
1.18969800837944e-05	0	1.2557923421783e-05	0.000186386021312779	0.000630539944441103	0.00253207392783424	0.00893132732623965	0.0251535206138313	0.0614888806197533	0.125247440662159	0.199341171680693	0.24246706354111	0.196168643658348	0.103160036193257	0.0305230242916505	0.00399011493143704	0.000155321684427316	
1.78291256596776e-05	0	2.04704776092595e-05	0.00028130398263047	0.00105918213178233	0.00392108696915429	0.0138281377940485	0.0343890817075812	0.0784989989276111	0.148217483636825	0.21576015467757	0.235187298266745	0.169362826669202	0.0779456356941737	0.0195559094967168	0.0018799822501149	7.46181925756879e-05	
1.19084872450178e-05	1.98474787416963e-06	4.56492011059015e-05	0.000439290862816212	0.00184383077510359	0.00617719696704062	0.0198230001845816	0.0452668063488115	0.0974894924139628	0.171377024690925	0.227030016665266	0.220363248555931	0.140701423130384	0.0569900504589068	0.0114189161027226	0.000993697102334262	2.64633049889284e-05	
1.6594205303508e-05	3.05333377584548e-05	9.35913179117852e-05	0.000627924728684743	0.00298496564999502	0.00983372606285885	0.0274886329693671	0.0579867910125784	0.119568550662109	0.191653114732335	0.230372705851117	0.200628588496897	0.112655404732667	0.0390826723308221	0.00653745312137002	0.00043476817895191	3.98260927284192e-06	
7.29284346640784e-06	2.58564450172641e-05	5.70167761919158e-05	0.000200884688211052	0.00116287704000721	0.00485106687670056	0.0149244726611188	0.0361221166748877	0.0761492195331519	0.140253313602877	0.207019295537841	0.227260251085971	0.175418078826356	0.0873337894675429	0.0253293713303738	0.003686863865154	0.000196906773593012	1.32597153934688e-06	
5.29055741312905e-06	3.90178609218267e-05	5.75348118677784e-05	0.000428535150463453	0.00197470055445042	0.00748217082151776	0.0212534917678927	0.046762575654971	0.0956069856520083	0.163340669572946	0.216979647225632	0.217538462352393	0.146870503026199	0.0638914165996529	0.0157532960172684	0.00190790726710966	0.000107795107292504	
3.95058346825673e-06	8.62544057236053e-05	0.000111933198267274	0.000986329005908098	0.00310252488373762	0.0112071468688663	0.0292046882890879	0.0608429359946219	0.115815963385992	0.181170465701364	0.222155793892793	0.200800256524553	0.11857215378568	0.0456884978103891	0.00924568217687684	0.000956699629896172	4.87238627751664e-05	
2.10699311013253e-05	0.00010469122015971	0.000217942099829334	0.0013998335475443	0.00533925222814521	0.0161547112365943	0.0394547628579255	0.0770428615073429	0.137265992077706	0.197268546806852	0.219812714649923	0.17703285329007	0.0921256399991572	0.0310234982406608	0.00523324413729167	0.000483949979983565	1.84361897136596e-05	
5.24851385050002e-06	6.36382304373127e-05	0.000156143287052376	0.000331312436812814	0.0023611751684937	0.00762543456054522	0.0220431021078688	0.0508895902944482	0.095270367350045	0.159603369808318	0.208335164845979	0.210546757369734	0.150374514266445	0.0692626690923548	0.0201208339101231	0.00280336246039832	0.000206660232863438	6.56064231312502e-07	
3.26413582983146e-05	0.000140357840682753	0.000295077879016764	0.000763807784180562	0.00371719788301207	0.0113696379224689	0.0299980611033171	0.0636291053852366	0.113944453547757	0.17882829274598	0.211741227145337	0.197372501222419	0.124475208561959	0.049483646353079	0.0125930360314898	0.0015028081360544	0.000112939099712169	
4.89654578074443e-05	0.000165829683774545	0.000379971952585768	0.0014905085356586	0.00549718872984908	0.0158752542939442	0.0393094695278163	0.0796119585399676	0.135568377976773	0.192314120593435	0.213395382361467	0.176019069107889	0.098100009662517	0.0338997657492498	0.0075067311182666	0.000782141579377577	3.52551296213599e-05	
5.80144332087653e-05	0.000314842373481277	0.000524085441571318	0.00243725804233228	0.00766181626894188	0.0230356410692647	0.0515168166893836	0.0982777535507766	0.157523526808209	0.199681116171621	0.204609735604109	0.15302903785344	0.0734729981924267	0.0231216849477316	0.00430675685629564	0.000420441678872512	8.47401833386459e-06	
