# <P(U)> as a function of N_tot.
# number_of_species: 1
# species_total_upper_bound: 103
# species_total_lower_bound: 0
# volume: 729
# Bin widths for each
10	10	10	10	10	10	10	10	10	10	10	10	10	10	10	10	10	10	10	10	10	10	10	10	10	10	10	10	10	10	10	10	10	10	10	10	10	10	10	10	10	10	10	10	10	10	10	10	10	10	10	10	10	10	10	10	10	10	10	10	10	10	10	10	10	10	10	10	10	10	10	10	10	10	10	10	10	10	10	10	10	10	10	10	10	10	10	10	10	10	10	10	10	10	10	10	10	10	10	10	10	10	10	10	
# Bin lower bound for each
0	0	0	0	-10	-10	-10	-10	-10	-10	-10	-10	-10	-20	-20	-20	-20	-30	-30	-30	-30	-30	-30	-30	-30	-30	-30	-40	-40	-40	-40	-50	-50	-50	-60	-60	-60	-60	-70	-70	-70	-70	-70	-70	-80	-80	-80	-80	-90	-90	-90	-90	-90	-110	-110	-110	-110	-120	-120	-120	-120	-130	-130	-130	-130	-130	-140	-140	-150	-150	-160	-160	-160	-160	-180	-180	-180	-180	-190	-190	-200	-200	-200	-200	-200	-210	-210	-220	-220	-220	-220	-250	-250	-250	-250	-250	-260	-260	-260	-260	-270	-270	-270	-270	
# Bin upper bound for each
0	0	0	0	0	0	0	0	0	0	0	0	0	0	0	0	0	0	0	0	0	0	0	0	0	0	0	0	0	0	0	0	0	0	0	0	0	0	-10	0	-10	-10	-10	-10	-10	-10	-10	-10	-10	-10	-10	-20	-20	-10	-20	-20	-20	-20	-20	-20	-30	-30	-30	-30	-30	-30	-30	-30	-40	-40	-40	-40	-40	-50	-50	-50	-50	-50	-50	-60	-60	-60	-60	-70	-70	-70	-70	-80	-80	-80	-80	-80	-90	-90	-90	-90	-90	-100	-100	-100	-100	-110	-110	-110	
# Normalized histogram for each
1	
1	
1	
1	
2.52171193980169e-06	0.99999747828806	
2.64498617679843e-05	0.999973550138232	
0.000113824880735422	0.999886175119265	
0.000480156267895732	0.999519843732104	
0.00147974225305857	0.998520257746941	
0.0036235147967537	0.996376485203246	
0.00775035731060013	0.9922496426894	
0.016379862801365	0.983620137198635	
0.0315287381628444	0.968471261837156	
6.30804187025872e-06	0.0563554152647044	0.943638276693425	
3.47478443700911e-05	0.094276587786954	0.905688664368676	
9.19820222723366e-05	0.146248877977918	0.85365913999981	
0.00023329998054774	0.214193538544081	0.785573161475371	
6.34955305496046e-07	0.000517488573979278	0.299020136972559	0.700461739498157	
2.53859618169748e-06	0.00111634767090147	0.394945274212813	0.603935839520104	
3.8084139288931e-06	0.00210859184529715	0.495452436401074	0.5024351633397	
1.26634374901067e-05	0.0042371861841897	0.594799759394688	0.400950390983632	
1.89869331925769e-05	0.00796185398542057	0.684476410001304	0.307542749080083	
6.07979734008866e-05	0.0146181127295757	0.760298290056998	0.225022799240025	
0.000100340458987743	0.0261704428761132	0.815618055948062	0.158111160716837	
0.000218242676974827	0.0442499716094192	0.848822536347874	0.106709249365732	
0.000555959973420544	0.0713113864537433	0.860169720109694	0.0679629334631419	
0.0012438466417728	0.107787978434912	0.849789168311689	0.0411790066116259	
1.90936134408855e-06	0.00251590179772735	0.158459807307253	0.815541055724074	0.023481325809601	
2.80559818860379e-05	0.00467769734354486	0.22283909958152	0.759611883748764	0.0128432633442858	
7.40497691051596e-05	0.00865360922404779	0.297189172902381	0.687175473695096	0.0069076944093701	
0.000202178940480306	0.0152265615931445	0.380262233101476	0.60070360822441	0.00360541814048949	
6.39517854698985e-06	0.000475161766041346	0.0258915198653431	0.464462632332232	0.507437592650149	0.00172669820768726	
2.04348014886753e-05	0.000853152962152193	0.0414353915435683	0.543036330522697	0.413856455736943	0.000798234433151378	
1.66224466962887e-05	0.00168781766454624	0.0646862513186076	0.609718377393472	0.323543777770674	0.000347153406003261	
3.20175609918528e-06	5.25088000266386e-05	0.00339578251879591	0.0978610348203783	0.657244325367578	0.24129458525412	0.000148561483002197	
4.49852962346022e-06	0.000130457359080346	0.0063936958891151	0.140402965430728	0.680026657001254	0.172983244905094	5.84808851049828e-05	
5.76951184801311e-06	0.000300655672968683	0.0110434867339691	0.193026711557743	0.67686374464397	0.118735912775238	2.37191042640539e-05	
1.86221293827021e-05	0.000651774528394573	0.0185187444575085	0.256686789268773	0.647102300346693	0.0770192006996784	2.56856957002788e-06	
2.56510887604624e-06	6.66928307772023e-05	0.00122227437943604	0.0302137761737297	0.327461799116063	0.59311922369545	0.0479136686956678	
5.12871142407648e-06	8.65470052812906e-05	0.0023675414111393	0.0471815807457916	0.397757214494251	0.524183156542377	0.0284175489118798	1.28217785601912e-06	
1.73583430625775e-05	0.00018644146252398	0.00427465270455843	0.0718262519865659	0.462057233671585	0.445911403017009	0.0157266588146952	
2.18952531091259e-05	0.000343884269419802	0.00712368499685739	0.105024445406118	0.516762104211101	0.362291093526218	0.00843289233717659	
3.86536172054981e-05	0.000726688003463364	0.0124496858749375	0.14569450242487	0.554746406502054	0.282047069798125	0.00429699377934454	
0.000126545583204044	0.00143977882931131	0.0210343293632885	0.196060429389824	0.56942736186678	0.209797081574769	0.00211447339282267	
6.45127161014708e-07	0.000206440691524706	0.00255534868477926	0.0334311346109432	0.252776304737427	0.559911024061953	0.150103671934775	0.00101543015143715	
7.10447452722951e-06	0.00036814095277462	0.00445063036064896	0.0516133615790018	0.315241035444869	0.526220677896042	0.101593985739382	0.000505063552753953	
7.75197303863777e-06	0.000635015791415077	0.00728427066530663	0.0758033143560727	0.373875075662487	0.475677215594644	0.0665267866198361	0.000190569337199845	
5.11412261723964e-05	0.000986572515021926	0.012265478636562	0.107438653186098	0.426019361161929	0.412683800919506	0.0404701885492853	8.48038054251131e-05	
1.93746758778181e-06	0.000113018942620606	0.00186707293209241	0.0193624052497622	0.147716403827661	0.46490890996136	0.34212900563351	0.0238624966336501	3.87493517556363e-05	
7.11031590487173e-06	0.000242397133120627	0.00342523308908321	0.030655803827677	0.194959044580388	0.48725314275963	0.2705126149932	0.0129265543150568	1.80989859396735e-05	
6.12682264912203e-05	0.00051465310252625	0.00551736502770936	0.046454859183043	0.246431770735586	0.489411883069267	0.204697144707167	0.00690654144731029	4.51450089935307e-06	
9.50845184939389e-05	0.000925618680032833	0.00879952237817377	0.0684058724716089	0.299360346392254	0.470955560600857	0.147816322583608	0.00364167237497194	
0.000154744739164469	0.00179283758471303	0.0141950780813465	0.0972101271690971	0.34967714031722	0.434154818550463	0.101100112076629	0.00171514148136686	
2.59504851767585e-06	5.1900970353517e-06	0.000282860288426667	0.0029732768391271	0.0223310412567301	0.132069804210077	0.394030220637513	0.381774455250659	0.0657202524722703	0.000809655137514865	6.48762129418962e-07	
1.49103080145499e-05	2.91723417675976e-05	0.000520564231986241	0.00465979539167758	0.0343228807752323	0.173673971204954	0.423814484651134	0.321873357029918	0.0407291270273967	0.00036173703791821	
1.87967000772609e-05	7.90757727388218e-05	0.000939835003863046	0.0075958113174283	0.0502967285963921	0.218990630169093	0.438632015058101	0.258948525560919	0.0243708938932762	0.000127687928111048	
5.05071435231711e-05	0.000155406595455911	0.00164601485687053	0.0121683364241978	0.0718127402326955	0.266691315879446	0.434788802436775	0.198890008391956	0.0137457133680753	5.11546710042374e-05	
8.40487172226166e-06	7.1118145342214e-05	0.00025279268026187	0.00280011534070117	0.0191055664818888	0.100650278459865	0.313131254355986	0.41174044204453	0.145088128312651	0.00713379650641809	1.81028006325636e-05	
1.03796890245168e-05	0.00011287911814162	0.000488494114716323	0.00483758381598887	0.0293459757945652	0.134415675406365	0.351576285524486	0.373973059517137	0.101783230574412	0.00345513898403604	1.2974611280646e-06	
1.74905470071407e-05	0.000132798597646809	0.000844080842603863	0.00790119266096648	0.0423212935749447	0.173469949620747	0.379882372832387	0.326280972033911	0.0674986120927051	0.00164929380296964	1.94339411190452e-06	
1.48991328704669e-05	0.000261058719426008	0.0015132336689309	0.0123947829714571	0.0609756729549645	0.213797374384115	0.396070126979479	0.271193368719854	0.0430546072653354	0.0007248752035675	
5.17499236688626e-06	2.71687099261529e-05	0.000426289996222256	0.00279449587811858	0.0188887221391348	0.0847217406604325	0.255551473061577	0.396612061872209	0.214742777004404	0.0259292992542836	0.000300796431325264	
3.88513721333353e-06	4.72691694288913e-05	0.000806813494635597	0.00482922555617358	0.0284320816500437	0.114122668027328	0.296809590072697	0.377765489232666	0.16177581851747	0.0152763595228274	0.000130799619515562	
1.09458925216375e-05	0.000109458925216375	0.00135600292062168	0.00792031905345073	0.0417186596561444	0.147781782686689	0.332371382543491	0.343579332609617	0.116848046544511	0.00826543660589765	3.86325618410734e-05	
2.43669404741294e-05	0.000243669404741294	0.00235076852047785	0.0126861986931625	0.0584293583158597	0.185944122758081	0.354442157371961	0.300199424170722	0.0813964821832779	0.00426934446517772	1.41071760639696e-05	
4.42916702774007e-05	0.000592481328493345	0.00371600694544743	0.0195724249047569	0.0795369273777085	0.225540887951703	0.362109438940081	0.253188518828774	0.0536108944670717	0.00208299231956761	5.13526611911892e-06	
1.21958421164793e-05	0.000100134282640567	0.0010154643278037	0.00590663890293907	0.0293823512043073	0.106004975903584	0.262671479959022	0.358134755068977	0.20255945793975	0.0333601213935611	0.000844080651745803	8.34452355338056e-06	
1.34763538120434e-05	0.000168775288217496	0.00185909509492808	0.00955280965933703	0.0418472872420642	0.137082112707239	0.296028005146684	0.338975861283398	0.154440298148285	0.0196485238579592	0.000381830024674562	1.92519340172048e-06	
3.22668077801727e-06	2.51681100685347e-05	0.00035880690251552	0.0030272719059358	0.0151228074704113	0.0588759534841699	0.171274797041779	0.320219672427367	0.307066430903858	0.112991262148453	0.0108410020779824	0.000193600846681036	
7.75137215435824e-06	9.81840472885377e-05	0.000723461401073436	0.00504226758641004	0.0229686075887225	0.0804786213926244	0.204915274272614	0.33306741820526	0.267457220500054	0.079094355515392	0.00607320008293968	7.36380354664033e-05	
3.85864497250715e-06	2.37949773304608e-05	0.000214797903469565	0.00143863146724975	0.00792822920351137	0.033712981124795	0.106031062092029	0.240441171741857	0.332912312293	0.221940898421171	0.0523142223222612	0.00300909997106016	2.89398372938037e-05	
1.99812562924843e-05	6.89675620418008e-05	0.000413160815596208	0.00242095479466359	0.0121769643186327	0.046991402903341	0.136096203948038	0.269230670068207	0.320499350931449	0.177190558018478	0.0334209070974711	0.00145605348273297	1.48248030557142e-05	
3.48746643313558e-05	8.20200438904109e-05	0.00069168084257189	0.00433285412961234	0.017967556228938	0.063922030583789	0.167461034020881	0.292247103788293	0.298733145526808	0.133651338605866	0.0202686382476902	0.000603202527509006	4.52078982073131e-06	
5.6183729837629e-05	0.000158218549542748	0.00126639418634012	0.00691382772001904	0.0259736737249361	0.0849233221245716	0.197438021919404	0.307334689061803	0.265628279402334	0.097801020477355	0.0122519278445919	0.000254441259264665	
1.41630566966473e-05	0	0.000110729352355606	0.000379183654287511	0.00239033770521143	0.0102804478358527	0.0369295265612034	0.110370769511059	0.226382942014515	0.310853343479232	0.227068562713693	0.0685968337842979	0.00651307475454457	0.000110085577051213	
1.22408168103782e-05	3.22126758167846e-06	0.000184900759188344	0.000684841487864841	0.00387454064724285	0.0154595073779913	0.0517722125727362	0.138268401168934	0.254750081175943	0.300593872891358	0.185360111945491	0.0457619715188406	0.00322835437035815	4.57419996598341e-05	
3.87480755122496e-05	1.87282364975873e-05	0.000246696080761322	0.00120829415472365	0.00605309519627192	0.0226986226350758	0.0688592049928187	0.168430780437905	0.276734234699677	0.280323598094628	0.145286554934438	0.0285302079996693	0.00155056882174852	2.06656402731998e-05	
6.18768405943013e-05	3.99621262171529e-05	0.000411867720205818	0.00214957566022911	0.00968114735131672	0.0329184791961683	0.0904587845454856	0.198375861844484	0.288141754685398	0.252012125282555	0.108106575123319	0.0168433916501071	0.000786351515885912	1.22464580342888e-05	
1.2837745024411e-06	5.64860781074083e-05	8.92223279196563e-05	0.00073752845165241	0.00364335203792783	0.0148494196697362	0.0467114190458218	0.116249632519549	0.226377586324207	0.288573893418473	0.215134931119079	0.0773673122768639	0.00984655043372322	0.000359456860683507	1.92566175366165e-06	
9.62962534979614e-06	6.16296022386953e-05	0.000182962881646127	0.00128395004663949	0.00592157761510131	0.0214387559037628	0.0626824412769397	0.144674207305291	0.248396185897991	0.279756023812138	0.177197945936715	0.0529661492989954	0.00529115814220132	0.000137382654990425	
7.69036538207658e-06	9.61295672759572e-06	0.000102538205094354	0.000353756807575523	0.00222700164189301	0.00897017035441049	0.0308511824577639	0.0822837052693102	0.172674978242675	0.263944234597159	0.260277852901254	0.141180368547944	0.0344374561809389	0.00264228137252514	3.71700993467035e-05	
1.08985606847886e-05	4.48764263491296e-06	0.000160272951246892	0.0006083961229332	0.0036196043309598	0.0135148563409429	0.0434692298371819	0.104449882327599	0.19822494501035	0.271628033406012	0.234158140679904	0.107723938175671	0.0210957669349208	0.00130526291495468	2.62847640044902e-05	
6.42316037475287e-06	2.05541131992092e-05	0.000220314400854023	0.0010578945137218	0.00579176370991466	0.0200800839635524	0.058115470438689	0.129153054919306	0.222675554607783	0.271036171385334	0.201070612371264	0.077816587940131	0.0123472411883874	0.000603134759189294	5.1385282998023e-06	
1.41174688918364e-05	3.65770784924853e-05	0.000499245036265852	0.00194243537889041	0.00855903636724157	0.0286064838967808	0.0752076070056014	0.155585416141272	0.240784340903505	0.26067007924392	0.167045592365786	0.0535443509910784	0.00718386655655041	0.000320851565723556	
2.25771493446176e-05	0.000111595623903396	0.000809552069357003	0.00338012178759418	0.013074749716173	0.0389539684177934	0.0957277582825885	0.180458509650119	0.25553720714212	0.240004773454433	0.132537542574053	0.0356222262359377	0.00361427907936836	0.000145138817215399	
6.43889711994571e-06	2.83311473277611e-05	0.000343837106205101	0.00136504618942849	0.0054196197058583	0.0192658240725895	0.0520385226336892	0.119038466615284	0.204550883706435	0.259551942905011	0.213564051894935	0.10029419320941	0.0227376773996643	0.00174622889892928	4.89356181115874e-05	
1.48252139503974e-05	4.57647908903572e-05	0.000541442596449297	0.00231853454693824	0.00814097618232693	0.0273067549475929	0.0685105365373844	0.143950249160281	0.22586922485402	0.254011348378992	0.182027199755577	0.073039317111971	0.0134387341587755	0.000772844848979413	1.22469158720674e-05	
2.58008087263495e-06	2.45107682900321e-05	0.000152224771485462	0.00101526182338185	0.00375530771012017	0.0122037825275633	0.0370835023823822	0.0881065366993928	0.168167736217692	0.241120812931881	0.238464619673504	0.151010843434887	0.050849523878326	0.00764735970649	0.000395397393731307	
7.09749310091409e-06	2.25829325938176e-05	0.000317451509604521	0.00173824058307842	0.00586511020793719	0.0175211295595747	0.0494856575795097	0.109016848803395	0.191581340819683	0.248978767526775	0.218775708249158	0.11909722468663	0.0334962960764413	0.00393652776442517	0.000160016208093336	
3.3625987197552e-05	7.30718567946804e-05	0.000545128984760315	0.00260795396861014	0.00844206274738542	0.0248250317021927	0.0643536729601151	0.131299780202441	0.213248250963676	0.248913783615479	0.192020553238021	0.0909673485197776	0.0206799821264945	0.00192508776705985	6.46653599952924e-05	
5.93490569628378e-05	0.000199980518026953	0.000938618237836185	0.00402863979057524	0.0120562448432443	0.0338160604999126	0.0817804201010095	0.155107470175486	0.230880088455899	0.239625688078129	0.162355796306295	0.065758110016379	0.0124033078067879	0.000974743750770086	1.54823626859577e-05	
3.86141385668362e-06	0	0	8.81689497276094e-05	0.000361685764576033	0.00153491200803174	0.00590217107994092	0.0174497292183533	0.0455691884916996	0.102193604855084	0.177626968114375	0.241286236955661	0.221347826506675	0.133225213745346	0.045515128697706	0.00744416234670991	0.000445349731470845	5.79212078502544e-06	
1.15791220709646e-05	0	1.22224066304626e-05	0.000181406245778445	0.000613693469761123	0.00249079781437638	0.00875638942388721	0.0248854631841814	0.0610052479154364	0.124825509063236	0.199408564175998	0.242692609046382	0.196709985448903	0.103754723316878	0.0305264254864196	0.00397356872401934	0.000151815156041536	
1.73763288064779e-05	0	1.99505997407709e-05	0.000274159854502207	0.0010322826446515	0.00385432715637023	0.0136005169136036	0.0340878521441746	0.0781181822043225	0.147617705320632	0.216150589701114	0.235321185348794	0.170123268963689	0.0782404600737014	0.019591488945437	0.00187793064656676	7.27231538937779e-05	
1.16080203682064e-05	1.93467006136773e-06	4.44974114114579e-05	0.000428206973582725	0.00179730848701063	0.00606067641224466	0.0195356533896709	0.0449817238168203	0.0971578407018467	0.170933903932023	0.227475926255536	0.220448559702628	0.141446952636697	0.0571869123439689	0.0114654996736856	0.000996999971624839	2.57956008182365e-05	
1.61759738906841e-05	2.97637919588587e-05	9.12324927434581e-05	0.000614687007845994	0.00290973418345625	0.00964993898422648	0.0271245200588547	0.0576932284785138	0.119079108276793	0.19134883034768	0.231144314274585	0.200701778451273	0.113431752272077	0.0391406805038104	0.0065810332176859	0.000439339450870979	3.88223373376417e-06	
7.11398544866613e-06	2.52223120452708e-05	5.56184316895715e-05	0.000195957962813258	0.00114276475343573	0.00475084882780922	0.0147156022635408	0.0357911075181892	0.0757904607922393	0.139724494745352	0.207049959579628	0.227829264349232	0.175621665319321	0.0879683104284559	0.0254111560226354	0.00372061438965238	0.000198544866612773	1.29345189975748e-06	
5.16319570835173e-06	3.8078568349094e-05	5.6149753328325e-05	0.00041821885237649	0.00193361679277772	0.00734593669405742	0.020955475181809	0.0463222556969411	0.0950195814197239	0.163098253032732	0.217260176013342	0.218049499557256	0.147271767387707	0.0643443903169428	0.0158439114305408	0.00193232599385063	0.000105200112557666	
3.85701282071062e-06	8.42114465855151e-05	0.000109282029920134	0.000962967534237417	0.00305282564759245	0.0109879866907344	0.028869740963019	0.0602439689176194	0.115290613059331	0.181169677708009	0.22275277576356	0.201374639369301	0.118834565006094	0.0459543792523566	0.00930054358167353	0.000960396192356943	4.75698247887643e-05	
2.05749674658327e-05	0.000102231869595856	0.000212822319724707	0.00136694940101126	0.00523697218778773	0.0158645858516236	0.0390782928949494	0.0763459886529054	0.136968201387782	0.197187273353874	0.220599657426792	0.177516961488805	0.0924465436626528	0.0313048129992644	0.00524725967152064	0.000482868767713761	1.80030965326036e-05	
5.12771865233298e-06	6.21735886595374e-05	0.000152549629906906	0.00032368723992852	0.0023068324287183	0.0074563438853237	0.0216402546425083	0.0503907321613078	0.0945416716875579	0.159291298005061	0.208607773108705	0.211328027853768	0.150851073103321	0.069774149631958	0.0202583344657045	0.00279460666552148	0.000214723218566444	6.40964831541623e-07	
3.19086544567137e-05	0.000137207214163869	0.000288454236288692	0.0007466625142871	0.00363375756953055	0.0111201660781647	0.029491254795073	0.0631038313997752	0.113319757264484	0.178402563413664	0.212329121178221	0.198263786293701	0.124863670273834	0.0500385137459293	0.0126224255299868	0.00148821964386113	0.000118700194578975	
4.78971552282938e-05	0.000162211699039822	0.00037168192457156	0.00145798940514926	0.00537725396029645	0.0155678527066682	0.0386830198198428	0.0790449945876215	0.134878389122875	0.192308355499072	0.214035143739363	0.176718789415367	0.0986342924472572	0.0343550328734142	0.00755306206513374	0.000766993112389078	3.70404667098805e-05	
5.67825839520934e-05	0.000308157169088327	0.000512957275252619	0.00238550653254918	0.00749912912104388	0.0226485949181501	0.0507999964271633	0.0978115098935678	0.156853275079081	0.200209010949469	0.205332203636382	0.15362113383974	0.0738345853148754	0.0233389180174329	0.00436587889869859	0.0004140662582574	8.29408529637319e-06	
