# <P(U)> as a function of N_tot.
# number_of_species: 1
# species_total_upper_bound: 103
# species_total_lower_bound: 0
# volume: 729
# Bin widths for each
10	10	10	10	10	10	10	10	10	10	10	10	10	10	10	10	10	10	10	10	10	10	10	10	10	10	10	10	10	10	10	10	10	10	10	10	10	10	10	10	10	10	10	10	10	10	10	10	10	10	10	10	10	10	10	10	10	10	10	10	10	10	10	10	10	10	10	10	10	10	10	10	10	10	10	10	10	10	10	10	10	10	10	10	10	10	10	10	10	10	10	10	10	10	10	10	10	10	10	10	10	10	10	10	
# Bin lower bound for each
0	0	0	0	-10	-10	-10	-10	-10	-10	-10	-10	-10	-20	-20	-20	-20	-30	-30	-30	-30	-30	-30	-30	-30	-30	-30	-40	-40	-40	-40	-50	-50	-50	-60	-60	-60	-60	-60	-60	-60	-70	-70	-70	-70	-70	-80	-80	-90	-90	-90	-90	-90	-100	-110	-110	-110	-120	-120	-120	-120	-120	-120	-130	-130	-130	-130	-140	-150	-150	-160	-160	-160	-160	-180	-180	-180	-180	-180	-180	-200	-200	-200	-200	-200	-210	-210	-220	-220	-220	-220	-250	-250	-250	-250	-250	-260	-260	-260	-260	-270	-270	-270	-270	
# Bin upper bound for each
0	0	0	0	0	0	0	0	0	0	0	0	0	0	0	0	0	0	0	0	0	0	0	0	0	0	0	0	0	0	0	0	0	0	0	0	0	0	-10	0	-10	-10	-10	-10	-10	-10	-10	-10	-10	-10	-10	-20	-20	-20	-20	-20	-20	-20	-30	-30	-30	-30	-30	-30	-30	-30	-30	-30	-40	-40	-40	-40	-40	-50	-50	-50	-50	-50	-60	-60	-60	-70	-70	-70	-70	-70	-70	-80	-80	-80	-80	-90	-90	-90	-90	-90	-90	-100	-100	-100	-100	-110	-110	-110	
# Normalized histogram for each
1	
1	
1	
1	
3.99508205399154e-06	0.999996004917946	
2.88654580997968e-05	0.9999711345419	
9.94147453938663e-05	0.999900585254606	
0.000470916664675476	0.999529083335325	
0.00138324148211837	0.998616758517882	
0.00354910525293476	0.996450894747065	
0.00761173840156491	0.992388261598435	
0.0160054071240459	0.983994592875954	
0.0312085477165999	0.9687914522834	
9.99540211502709e-06	0.0565120044779402	0.943478000119945	
4.70519924516591e-05	0.0949018665625516	0.905051081444997	
9.24511616689445e-05	0.146951121472787	0.852956427365544	
0.000239160165965097	0.215947561621426	0.783813278212609	
1.00176009248249e-06	0.000507892366888623	0.302149877334477	0.697341228538542	
4.00970348242747e-06	0.000990396760159586	0.398263798392109	0.600741795144249	
6.01477228072145e-06	0.00185154740041542	0.497885807543326	0.500256630283977	
1.99965006123928e-05	0.0039703051965906	0.596557602419577	0.39945209588322	
2.70010800432017e-05	0.00755930237209488	0.686165446617865	0.306248249929997	
6.20898440042742e-05	0.0141634945766524	0.761921500411095	0.223852915168248	
0.000114280444210092	0.0256840286061996	0.816753312629192	0.157448378320398	
0.00028733388197085	0.0440031316389645	0.849779443713595	0.105930090765469	
0.000634935919618918	0.0707236363672838	0.861301107075473	0.0673403206376241	
0.00131747005521306	0.107031870706908	0.850678346223085	0.0409723130147939	
3.02578269433846e-06	0.00262335359599144	0.158335174017806	0.815733868291714	0.0233045783117948	
3.53822342768933e-05	0.00493228345819892	0.222581548468101	0.759339140737386	0.0131116451020373	
8.61067297980949e-05	0.00882138121272718	0.29655360346534	0.687441688016071	0.00709722057606415	
0.000195720316681557	0.015403087513348	0.379032168104484	0.60163512662496	0.00373389744052587	
1.01814435046972e-05	0.00047343712296842	0.0261204933113007	0.46348781637563	0.508125300988924	0.00178277075767248	
3.25095877885861e-05	0.000851344830213598	0.0409925583521703	0.541868793335535	0.415439006425723	0.000815787468569832	
2.43535650575049e-05	0.0017148968727993	0.0645623156993228	0.608507309113713	0.324815673954471	0.000375450794636533	
5.08539910720733e-06	7.01785076794612e-05	0.00335127801164963	0.0981960055207093	0.655635079896705	0.242577605733076	0.000164766931073518	
7.15294425403988e-06	0.000166561416201214	0.00632524641892955	0.140874171535778	0.677959121945437	0.174600303693576	6.74420458238046e-05	
9.17855033975934e-06	0.000332467490084616	0.0109132963539739	0.193917272705949	0.674814159851593	0.119985069558114	2.85554899459179e-05	
1.12533465918217e-05	0.000653717133834005	0.0184769720722629	0.256731803082803	0.646324708154686	0.0777974540837883	4.0921260333897e-06	
5.42421451233241e-05	0.00120765530651929	0.0302507419916078	0.326967557056596	0.593080544468325	0.0484392590318289	
7.78828969158373e-05	0.00231189230844906	0.0474829477446753	0.397859655019758	0.523210128055879	0.0290554444244044	2.04954991883782e-06	
0.000205776136141492	0.00428940355786939	0.0719146440587285	0.461386108053049	0.446050641507104	0.0161534266871071	
6.19203992627344e-06	0.000380810455465817	0.00731383115958332	0.104890060331109	0.516389297678191	0.362349920432287	0.0086698879034372	
2.4842354558365e-05	0.000721463380299185	0.0124087561019033	0.145614496341963	0.554623162183312	0.2823147277899	0.00429255184806416	
8.5032867277175e-05	0.00141548614430907	0.0207594264636801	0.196187416587424	0.569418447776857	0.209986591768611	0.00214759839184182	
0.000173008767504188	0.00249774933205148	0.0336755868053361	0.252836256007393	0.559880199198358	0.149860816000514	0.00107638388884342	
0.000369898738925056	0.00437661701181915	0.0516418012514389	0.316553538438903	0.525734901759247	0.100770985018583	0.000552257781084187	
5.17441932666316e-06	0.000623000086930245	0.00744598941106829	0.0757462547552914	0.37561316869021	0.474622577854313	0.0657306487066021	0.000213186076258522	
3.83017619845696e-05	0.000950297770319861	0.0127389589995166	0.108046165010202	0.426460099398248	0.411901289113086	0.03977793259511	8.69553515325363e-05	
3.10006065785354e-06	8.57683448672812e-05	0.00199333900299983	0.0200491256278915	0.148313101993029	0.465256070177106	0.340633631731394	0.023622462212844	4.34008492099495e-05	
1.13776939276213e-05	0.000211004505566795	0.00363672471359241	0.0312607312340454	0.194685789467152	0.488424747932363	0.268977993471272	0.0127688755942259	2.27553878552426e-05	
8.87927999363996e-05	0.000450158846189189	0.00594189027481372	0.0470033978733092	0.246106797088835	0.489823415900313	0.203616344896014	0.00696610489733591	3.09742325359533e-06	
9.32634755359541e-05	0.000892220582627294	0.00883308739409414	0.0684906239119261	0.29818509276607	0.471976398123124	0.14789203820072	0.00363727554590221	
0.000185072028172305	0.00183934714032699	0.0141523235844833	0.0973716670233697	0.349466651364622	0.433956684874032	0.101322282775584	0.00170597120940952	
6.22759363705999e-06	0.000327986598218493	0.0030971899021645	0.0224120715675061	0.132219078440694	0.393154213901235	0.382092969669543	0.0659118131223701	0.000778449204632499	
1.76409302788927e-05	2.17917374033381e-05	0.000506398469182333	0.00486578365163106	0.0340968051237563	0.17395617577838	0.422699518921454	0.322657803309854	0.0408480929116667	0.000329989166393405	
2.18228978314275e-05	0.000100801004268974	0.000879151026923221	0.00792067272719715	0.0503236023992717	0.219073836216034	0.437642628225113	0.259336043529407	0.0245840139999086	0.0001174279740453	
6.01089838058107e-05	0.000169963333519878	0.00160843349770031	0.0127876681237913	0.0723401256485034	0.266172943910027	0.434230408098546	0.198735845888856	0.0138478662347111	4.6636280538991e-05	
3.09544175565202e-06	8.25451134840538e-05	0.000252794410044915	0.0027570067903674	0.0195322374781642	0.100748374635125	0.311706857538484	0.412323159992034	0.145401153774324	0.00717523398960138	1.75408366153614e-05	
1.03305144802821e-05	0.000139461945483809	0.000439046865411991	0.00505781988954614	0.0296971299764671	0.134483670555761	0.350099069633866	0.374785900087396	0.101773129505396	0.00351444102619199	
8.24829853066872e-06	0.000191772940838048	0.000809364293321868	0.008029718619606	0.0425550341943526	0.172982285747868	0.378497922975326	0.327242995905751	0.0680329973182719	0.00164965970613374	
1.13296007448698e-05	0.000336798131233855	0.00147284809683307	0.0124090027067446	0.0610335891763174	0.21350632603707	0.394454469424497	0.272534575881546	0.0436024834484833	0.000638577496529022	
3.59586947610237e-05	0.0005208873783954	0.00280580558263873	0.0187601647524655	0.084869711374968	0.255758784965978	0.395722353671229	0.214994981193603	0.0262580663057784	0.00027328608018378	
5.77396970728036e-05	0.000900120634724241	0.00491406064730325	0.0280233433346737	0.114155505377009	0.296620165589203	0.376996917112603	0.162370214564839	0.0158433604503696	0.000118572592203079	
8.22289809876317e-06	0.000135677818629592	0.00146470372384219	0.00809030386692062	0.0407413764925845	0.14822801685283	0.331924476792412	0.343265908995131	0.117613139368872	0.0084860308379236	4.21423527561613e-05	
1.3354536227775e-05	0.000302017973151219	0.00249010737047127	0.0129806092133973	0.0569427152032149	0.186608071070787	0.352999428836758	0.300420565163973	0.082902906357992	0.00432584246578157	1.43818082452961e-05	
3.61222832172776e-05	0.000732766316693346	0.00390946310934422	0.0201613943614148	0.0781376589251453	0.225924240219376	0.360404404441596	0.253604229816158	0.055003916687566	0.00208064351331519	5.1603261738968e-06	
6.93098907283021e-05	0.00121550927769784	0.00616651132285685	0.0299635967902279	0.104865864671921	0.261868284311241	0.357923517052819	0.202677637629271	0.0343601197095605	0.0008782701078855	1.13792357912138e-05	
8.29816123119818e-06	0.000186708627701959	0.00233696965673619	0.00973270585404157	0.042452355588656	0.13575999228271	0.294723717908158	0.33827350531964	0.155553181359426	0.0205825516638332	0.000387939037558515	2.07454030779955e-06	
5.2167290065783e-06	2.39969534302602e-05	0.00042777177853942	0.00348581832219562	0.0152432821572218	0.0598682254252938	0.170161353428173	0.318227772821885	0.306956508130272	0.114124293785311	0.0113109118320631	0.000164848636607874	
1.25782471793281e-05	9.95777901696806e-05	0.000828067939305765	0.00565601848163786	0.0229532047277438	0.0818770518265711	0.203907013211352	0.330424264277359	0.267650425354392	0.0802754216857367	0.00627444896795482	4.19274905977602e-05	
6.26711706347963e-06	3.02910658068182e-05	0.000247551124007445	0.0016764538144808	0.00854521411605447	0.0341777229056862	0.107453900131401	0.239298375354353	0.329774655360787	0.222693648694664	0.0530908376837571	0.0029883703197692	1.6712312169279e-05	
2.72852727740202e-05	8.60535525949869e-05	0.000444959832930176	0.00263512768982941	0.0130035313439571	0.0472486475424889	0.136415869534419	0.268281395116986	0.318465308349818	0.178241044396287	0.0338054035334428	0.00133592893235876	9.44490211408392e-06	
3.79284732209176e-05	0.00012116040056682	0.00074698020871196	0.00481480896165537	0.0188093620114734	0.0642129051630134	0.167384673736113	0.291190585310092	0.297511997513578	0.134535455220696	0.0201084122192898	0.000521516506787616	4.21427480232417e-06	
4.11606457788702e-05	0.000195249217156179	0.00143640099756519	0.00761366406791718	0.0266974280928795	0.0851233816742251	0.197006460110585	0.306566600563373	0.264597517485359	0.0982314642530345	0.0122996452796655	0.000191027612460911	
2.31650393226542e-05	0	9.05542446249212e-05	0.000520160428426873	0.00257553119014601	0.0115151304560249	0.0384802891839273	0.109956018013977	0.22638455860597	0.310174611748676	0.225390567827762	0.0683863549494739	0.00641566293604238	8.73953756263774e-05	
1.15899272995469e-05	4.21451901801707e-06	0.00023706669476346	0.000875566325993046	0.00418817827415446	0.0165925613739332	0.0525508376356548	0.137515541038879	0.25444210304499	0.300835528395322	0.18376145822358	0.0458845221789063	0.00305447265830787	4.63597091981878e-05	
1.69362709295261e-05	2.85799571935752e-05	0.000317555079928614	0.00142688082581257	0.00644742663948395	0.0236546779038824	0.0692428851784342	0.167224505090408	0.275941603737835	0.280636126336113	0.145152310001503	0.0285291483807866	0.0013750134960909	6.35110159857227e-06	
3.28244137400878e-05	5.40014548627251e-05	0.000486013093764526	0.00245759562228206	0.0100368586400739	0.0338811480921074	0.0909913925916357	0.196246581231424	0.287232679562779	0.25254998046418	0.108092912150221	0.0172614062190617	0.000673429907699866	3.1765561683956e-06	
5.07830105438226e-05	9.94500623149859e-05	0.000943717612606036	0.00397588653382677	0.0152592366890324	0.0486088629049152	0.115667828328033	0.224630183305508	0.287706914318481	0.21499939695175	0.077738209348729	0.0100317605411776	0.000287770393081661	
3.82204555878306e-05	0.000186855560651616	0.00149484448521293	0.00634671898622365	0.0222591686626238	0.0650013164823591	0.142633431857174	0.24576814622297	0.279985009087975	0.17708704921096	0.0537464539910649	0.00536041889619324	9.2366101003924e-05	
1.27316226983613e-05	3.18290567459033e-06	8.06336104229551e-05	0.000275851825131162	0.00248054448906407	0.00973332555289724	0.0323011877543009	0.0840860021113274	0.171002668335924	0.261292153607028	0.260965375291103	0.140193202374448	0.0349132923445814	0.00265029945837555	9.548717023771e-06	
1.81023613998024e-05	3.19453436467101e-06	8.51875830578935e-05	0.000547330221146966	0.00421359082700106	0.0140889613929874	0.0451398354175895	0.106910416737656	0.195356424847514	0.268376026510376	0.234927122022694	0.107164914642042	0.0218506150543497	0.0013182778478209	
1.0654245237286e-05	9.58882071355742e-06	0.000136374339037261	0.00109206013682182	0.0063808274726106	0.0205328614212976	0.0606588798339642	0.130653009344839	0.219132254342404	0.268407073140328	0.201452599795652	0.0779049065995591	0.0130557121137703	0.000573198393765988	
2.34266601781917e-05	1.49078746588493e-05	0.000411031401308272	0.00196996915134794	0.00903949628421224	0.0296560220892109	0.0782397207542107	0.155682935062363	0.23785194563737	0.257709234682957	0.167369643946711	0.0540229432191	0.00769033362758638	0.000318389608785424	
3.64498294898418e-05	0.000123286187980347	0.000686114437455845	0.00365141527183532	0.0137523062557556	0.0394891020370094	0.098059689811951	0.180523140817484	0.25077589894392	0.238962938027785	0.133982068827999	0.0357980207742587	0.00402234588958489	0.000137222887491169	
1.07512199946889e-05	3.65541479819422e-05	0.000297808793852882	0.00132562542534514	0.00564439049721167	0.0196940847862711	0.0529680355478338	0.121343644470056	0.204646247232905	0.256016651489528	0.212192528547177	0.100964706970123	0.022860319074707	0.00196532301502913	3.33287819835356e-05	
2.47423567632694e-05	3.11968846145571e-05	0.000505604681684201	0.00240431162460466	0.00829084102497902	0.0279674691796295	0.0692108263947159	0.147431097915187	0.22458852384948	0.25067449816046	0.181058112265754	0.0732190881903655	0.0137416897953915	0.000842315884593042	9.68179177693152e-06	
4.29415383161979e-06	4.0794461400388e-05	0.0001084273842484	0.000870639689360912	0.00390767998677401	0.0120816018052623	0.0374450214117245	0.0894923129278722	0.171672755418954	0.241196179491336	0.23500937735843	0.149158506879771	0.0507515305974564	0.00783146305041659	0.000429415383161979	
1.17966261649168e-05	3.64622990551975e-05	0.000241294626100572	0.00162149988739584	0.0057975055497764	0.0180059412099049	0.0498922217336751	0.111542462492091	0.194892060870591	0.247548982809098	0.21542676976203	0.117578045406287	0.0332332407476916	0.00404195309232469	0.000129762887814085	
5.24820811180183e-05	0.000108177350875915	0.00045841491262269	0.00246879993830678	0.00812294088161328	0.0255619866931148	0.0651495417993	0.134832892769469	0.215911281719527	0.245622566009605	0.189689520292357	0.0897647089065305	0.0202762913805144	0.00193005530968712	5.03399553580992e-05	
8.75164226701687e-05	0.000223060150464211	0.000816464187105843	0.00366821883801671	0.0121989355014638	0.0346607724711756	0.0809409509619869	0.15866193793378	0.232543942316005	0.236614523243615	0.161609747194939	0.064714125470801	0.0122843173772395	0.000973353383843828	2.13454689439436e-06	
6.40152270886835e-06	0	0	0.000128030454177367	0.000391559805692447	0.00148728710936041	0.00556078939310364	0.0178463783918735	0.046947700626389	0.101694589753083	0.179416543881905	0.24196795611116	0.2199808594471	0.13179348260973	0.0449653624275428	0.00735001499023234	0.000463043475941477	
1.9166797994727e-05	0	2.02316201055452e-05	0.000210834777941997	0.000614402357942082	0.00234260864379997	0.00850260455488306	0.0254982302656518	0.0619545448737334	0.12408265575153	0.199933129171441	0.243326759831503	0.196303150595662	0.102862880727146	0.0302175218607979	0.00395474931957867	0.000156528850290271	
2.87683624728432e-05	0	3.08993522856464e-05	0.000333499905703701	0.000877967802874918	0.00362801015629745	0.0133623716211825	0.0347489853824754	0.0789254696967921	0.148733499479506	0.216149493197348	0.234683777094204	0.169119613523688	0.0779132495357106	0.0194122516997308	0.00197862404118777	7.35191485417104e-05	
1.91907475009382e-05	3.19845791682304e-06	5.33076319470506e-05	0.000519216335164273	0.00153312749479718	0.00570178431305653	0.0196587885094333	0.0458051158268227	0.0977192862747774	0.171717742485756	0.22776005595169	0.219326788577667	0.140456014806728	0.0572737197639112	0.011314011804442	0.00110666643922077	3.19845791682304e-05	
2.67991617222213e-05	4.93104575688872e-05	9.96928816066633e-05	0.000555278630884426	0.00249768187251103	0.00925321455944858	0.0274948679605302	0.0580373365921114	0.120863147400749	0.190482009722736	0.231914585711759	0.199785606706222	0.112369957067743	0.0394312145916076	0.00661188918010645	0.000520975703879983	6.43179881333312e-06	
1.17721846820333e-05	4.17377456908453e-05	9.20370802413512e-05	0.000223671508958633	0.00100170589658029	0.00441563945436994	0.0139564600398542	0.0352651845129419	0.0764581991125913	0.14107251023645	0.206047478291021	0.228358978859297	0.174858680273885	0.0886680950250748	0.0255231665892556	0.00373927393445676	0.000263268857434563	2.14039721491514e-06	
8.56016889213224e-06	6.31312455794753e-05	9.30918367019381e-05	0.000498629837966703	0.00190142751516487	0.00684278500814821	0.0199270031597723	0.045539028485032	0.0964014119998588	0.16321995032962	0.217050572407794	0.219454909845371	0.146163813812047	0.0648464894212363	0.0159058638226932	0.00193459816962189	0.000148732934500798	
6.39596116372381e-06	0.000139645152074637	0.000171624957893256	0.00111502922954252	0.0030391475462961	0.010073638832865	0.0273203481108463	0.059955739948747	0.116437406992065	0.17944721839649	0.22421361657492	0.202383135129603	0.118259189930199	0.0468642734401317	0.00941698682005603	0.00107771945608746	7.88835210192604e-05	
3.40989615800606e-05	0.000169429215350926	0.000322874542461199	0.00138420472164059	0.00555493395990175	0.0146668158496236	0.0370282754982977	0.0765329880813473	0.138084810511005	0.196224605597558	0.222128094880361	0.177725918940375	0.0922590029250515	0.0319240871867824	0.00531837241394008	0.000611650123342338	2.98365913825531e-05	
8.52783913084264e-06	0.000103400049461467	0.000253703214142568	0.000464767232630924	0.00236221143924341	0.0073808447677443	0.0194285494998422	0.0486289366637388	0.0959648397192635	0.160595200532137	0.208754040063788	0.212434868628638	0.150748744275688	0.0688100679668779	0.020855896574367	0.00289733334470379	0.000307002208710335	1.06597989135533e-06	
5.31133449403696e-05	0.000228387383243589	0.000480144638260942	0.00099428181728372	0.00400580847540268	0.0104314609462886	0.0267924957217201	0.0618313693788819	0.114609037979228	0.179012155520123	0.21195305205214	0.198676840350846	0.12638320428561	0.0496970945938051	0.0130924395278011	0.0015806531454254	0.000178460838999642	
7.96715407944846e-05	0.000269820951490655	0.000615064294933421	0.00178251793937527	0.00555151296255969	0.014680809250397	0.0359159305901537	0.0780536773727513	0.136674934802122	0.191631301354947	0.21488370610762	0.176797522746225	0.0999718493889193	0.0342693854137343	0.00780887328507008	0.000956058489533815	5.73635093720289e-05	
9.47019071261589e-05	0.000513944057774548	0.000819331106597105	0.00264952526678804	0.00732396883988036	0.0203492053020299	0.0475446136428206	0.0972918446761035	0.160827247760406	0.198085531783131	0.205540380786792	0.155139813000976	0.0748528130190649	0.023864880595792	0.00456697286949971	0.000521392522379976	1.38328628386524e-05	
