# <P(U)> as a function of N_tot.
# number_of_species: 1
# species_total_upper_bound: 103
# species_total_lower_bound: 0
# volume: 729
# Bin widths for each
10	10	10	10	10	10	10	10	10	10	10	10	10	10	10	10	10	10	10	10	10	10	10	10	10	10	10	10	10	10	10	10	10	10	10	10	10	10	10	10	10	10	10	10	10	10	10	10	10	10	10	10	10	10	10	10	10	10	10	10	10	10	10	10	10	10	10	10	10	10	10	10	10	10	10	10	10	10	10	10	10	10	10	10	10	10	10	10	10	10	10	10	10	10	10	10	10	10	10	10	10	10	10	10	
# Bin lower bound for each
0	0	0	0	-10	-10	-10	-10	-10	-10	-10	-10	-10	-20	-20	-20	-20	-30	-30	-30	-30	-30	-30	-30	-30	-30	-30	-40	-40	-40	-40	-50	-50	-50	-60	-60	-60	-60	-60	-60	-70	-70	-70	-70	-80	-80	-80	-80	-90	-90	-90	-90	-90	-100	-110	-110	-110	-120	-120	-120	-120	-130	-130	-130	-130	-130	-130	-140	-150	-150	-160	-160	-160	-160	-180	-180	-180	-180	-190	-190	-200	-200	-200	-200	-200	-210	-210	-220	-220	-220	-220	-250	-250	-250	-250	-250	-260	-260	-260	-260	-270	-270	-270	-270	
# Bin upper bound for each
0	0	0	0	0	0	0	0	0	0	0	0	0	0	0	0	0	0	0	0	0	0	0	0	0	0	0	0	0	0	0	0	0	0	0	0	0	0	-10	0	-10	-10	-10	-10	-10	-10	-10	-10	-10	-10	-10	-20	-20	-10	-20	-20	-20	-20	-20	-20	-30	-30	-30	-30	-30	-30	-30	-30	-40	-40	-40	-40	-40	-50	-50	-50	-50	-50	-60	-60	-60	-70	-60	-70	-70	-70	-70	-80	-80	-80	-80	-80	-90	-90	-90	-90	-90	-100	-100	-100	-100	-110	-110	-110	
# Normalized histogram for each
1	
1	
1	
1	
3.00402238597482e-06	0.999996995977614	
3.07463642424283e-05	0.999969253635758	
0.000117624582788602	0.999882375417211	
0.000506657479277709	0.999493342520722	
0.00153016044546505	0.998469839554535	
0.003655895074459	0.996344104925541	
0.00776772133789136	0.992232278662109	
0.0162808399720822	0.983719160027918	
0.0313884874578247	0.968611512542175	
7.51358267908812e-06	0.0564217464120764	0.943570740005244	
3.91564201092314e-05	0.0943345931158495	0.905626250464041	
9.44627450269143e-05	0.145918491497975	0.853987045756998	
0.000239540505392684	0.214214197573311	0.785546261921296	
7.53846501775309e-07	0.000506584849193007	0.299694692166781	0.699797969137524	
3.0170372091199e-06	0.0010657683941216	0.395591656081894	0.603339558486775	
4.52689086345162e-06	0.00205219052476473	0.496110269025579	0.501833013558793	
1.50612163137071e-05	0.00416894467563411	0.595038534121939	0.400777459986114	
2.03331320102238e-05	0.00781394732363267	0.685191154033265	0.306974565511092	
5.65464589476478e-05	0.0144811711600996	0.761154542980209	0.224307739400743	
0.000110181694141654	0.0259862770963954	0.816038832255163	0.1578647089543	
0.000248031766159571	0.0441157290588438	0.848954685576387	0.106681553598609	
0.000588308056200013	0.0710480029204215	0.860303989332014	0.0680596996913645	
0.00127317349443081	0.107445723994714	0.850223900320936	0.0410572021899188	
2.272500022725e-06	0.00252777752527778	0.158012229080122	0.816144143161441	0.0233135777331358	
3.26241995690571e-05	0.00476768535097569	0.222333161360808	0.75988589117174	0.0129806379169069	
8.43024315555394e-05	0.00871201074210443	0.296781014181036	0.687364812316965	0.00705786032833898	
0.000226924647356062	0.0151948440291496	0.379701855924858	0.601156025494491	0.00372034990414521	
7.62280529906933e-06	0.000506916552388111	0.0257749915577431	0.463667041962781	0.508225388057961	0.00181803906382804	
2.43736170828589e-05	0.000879735241584437	0.0410604046782111	0.541982412911924	0.415203043655433	0.000850029895764703	
1.98100822651762e-05	0.0017844312563478	0.0640338051434593	0.609148600760555	0.324636961194335	0.000376391563038348	
3.81647342589554e-06	6.25901641846868e-05	0.00347146422819458	0.0969063666409691	0.657221149369137	0.242172794650831	0.000161818473257971	
5.36404221961002e-06	0.000152492057386056	0.00642918774607544	0.139431380873052	0.680020322057095	0.173896118425792	6.51347983809788e-05	
6.88623029390431e-06	0.000332069327506052	0.0110508693483178	0.192206929690058	0.676842984767659	0.11953195057829	2.83100578749399e-05	
1.14954156282475e-05	0.000696622187071796	0.0184271512520807	0.255658043572223	0.647507640619588	0.0776959815092408	3.06544416753265e-06	
6.50905562792094e-05	0.00126428833431735	0.0301085940210112	0.326464365217751	0.593770604032705	0.0483270578379368	
7.59176255420634e-05	0.00245236935841938	0.0470781299725086	0.396990134542903	0.524621466283755	0.0287804485274665	1.53368940489017e-06	
8.46790241589256e-06	0.000181674997286422	0.00440407906557467	0.0718178200078059	0.460834026803221	0.446860448198377	0.0158934830253198	
9.24931054097676e-06	0.00034222449001614	0.0071897973938526	0.104907992483394	0.516094571117178	0.362915197696305	0.00854096750871362	
2.54681902304022e-05	0.000709250509749686	0.0124616626560698	0.145279046470958	0.553739424912829	0.28344397847089	0.00434116878927311	
8.98417623236178e-05	0.00139177281806501	0.0209943159595371	0.195756680625701	0.568970978787276	0.210673511163226	0.002122898883871	
7.74278469251466e-07	0.000166469870889065	0.00250246801262074	0.0333667563539227	0.252982327093939	0.559318634947059	0.150641296142158	0.00102127330094268	
8.51075023810758e-06	0.000338108895823001	0.0043745256223873	0.0512881020485376	0.316753102361888	0.524986402142233	0.101748340210277	0.000502907968615448	
8.5051765597334e-06	0.000626290273944005	0.00732063742432326	0.075832154206583	0.375289369302498	0.474281119281235	0.0664540372526733	0.000187887082183202	
5.1872239448451e-05	0.000945313498008338	0.0123494640513767	0.107693737007746	0.426697170640312	0.411850871182648	0.0403356985526097	7.58728278499731e-05	
2.32201017969263e-06	0.000112230492018477	0.00186225216411349	0.0195637097673036	0.147247953535028	0.465838586236362	0.341402060706634	0.0239345069288784	3.63781594818512e-05	
8.52352415179312e-06	0.000258805187881718	0.00343033103818074	0.030941942402673	0.1942883089793	0.487921391411077	0.270162396381067	0.0129666048323733	2.16962432954734e-05	
7.11696971806743e-05	0.000520621806549933	0.00566882109717371	0.046541114037836	0.245687077671668	0.489656026023355	0.204803180976031	0.00704657360455177	5.41508565505131e-06	
9.70272405918506e-05	0.000958629137047484	0.00894824023634283	0.0685105464729434	0.298297443603887	0.471404907870695	0.1480301917724	0.00375301366609278	
0.000168381389278373	0.00185607503757543	0.0143496637415897	0.0973190113451811	0.348990991983649	0.434026697373638	0.101530097979346	0.00175908114974227	
4.67210395742779e-06	0.000314588333133471	0.00303608888833516	0.0225281065987239	0.132014190737087	0.393087466458187	0.382068309274594	0.0661235086254826	0.000822290296507291	7.78683992904631e-07	
1.32455903871296e-05	2.18162665199782e-05	0.000566443777143721	0.00469127645417104	0.0344899590633342	0.173599045070848	0.423306473353768	0.322016664511012	0.040935886667612	0.000359189245203928	
1.63656555029517e-05	8.88421298731662e-05	0.000953883920743468	0.00768406491710016	0.0503329631577922	0.218692695852086	0.437958968963703	0.25952500633195	0.0246271942642274	0.000120014807021646	
4.51113316553992e-05	0.000182000889782128	0.00167845265021296	0.0122586154865646	0.0720723523537226	0.26675730414682	0.43408767776198	0.199119084582191	0.013748067212773	5.13335842975232e-05	
2.32929562876618e-06	6.44438457291976e-05	0.000283397634833219	0.00277030893447924	0.0189829829425681	0.100647311255234	0.312855460218348	0.411679709428135	0.145551472386589	0.00714394969342587	1.86343650301294e-05	
7.78630637869791e-06	0.000116794595680469	0.00052246115801063	0.00493418235218087	0.0294470320935976	0.134660275666391	0.350783224558633	0.37404948664882	0.101973361488617	0.00350383787041406	1.55726127573958e-06	
6.21141642810945e-06	0.000159167545970305	0.000881244705738029	0.00795760087146172	0.042560625365406	0.173136245090069	0.378503530025599	0.327170831809595	0.0680219977312801	0.0016002161572917	2.32928116054105e-06	
8.52935338196615e-06	0.000303955138702794	0.00152597885960994	0.0125172137859163	0.0610143417200139	0.213527709542951	0.394679544439482	0.272125918068582	0.0436160116123269	0.000680797479033299	
6.19029269251423e-06	2.70825305297498e-05	0.000454986512899796	0.00289086668740415	0.0191512180174659	0.0847226671495095	0.255108152151204	0.395601487527334	0.215462422601997	0.0262708284004438	0.000304098128519762	
4.65238539430129e-06	5.42778296001818e-05	0.000835103178277082	0.00491602056664503	0.0287610465075706	0.114178842346942	0.296133635118066	0.377529443784064	0.161911541094908	0.0155358656267035	0.000139571561829039	
1.15636970835585e-05	0.000127971581058047	0.00135372347191525	0.00815780283588107	0.0418806271840933	0.148311353314888	0.331134946032226	0.343473410820383	0.117231990119977	0.00827112706729995	4.54838751953301e-05	
2.07455489272246e-05	0.000282754148341432	0.00236652928503155	0.0128776074081587	0.058513973279733	0.186366486257226	0.352851053105532	0.300547682491679	0.0819310878965857	0.00422517679817808	1.69037806073682e-05	
3.76942213989326e-05	0.000700804810090358	0.00377172994936666	0.0200625570221257	0.0796571210538381	0.225462985043856	0.360150592260838	0.253942892485311	0.0541458258650055	0.00206164312957427	6.15415859574409e-06	
7.01142322645664e-05	0.00118346660174037	0.00605679098716216	0.030108284112115	0.106111341400836	0.262211048462033	0.356741213762114	0.203093193371971	0.033605520378586	0.000809010372283459	1.00163188949381e-05	
6.93232357621628e-06	0.000149430085976218	0.00212360178884759	0.00970756378122819	0.0424158069301669	0.136786298031374	0.295072812505296	0.337874518781205	0.155688433649191	0.0197994863918488	0.000372804956765409	2.31077452540543e-06	
3.87426911913068e-06	1.93713455956534e-05	0.000364181297198284	0.00326058489066038	0.0154614332006267	0.059687764903151	0.170794829555404	0.319135945003975	0.306219131760793	0.113944579355105	0.0109417108462489	0.000166593572122619	
9.31439819673251e-06	7.37389857241324e-05	0.00073506125769214	0.00539691755515676	0.0232852192919815	0.0816810625865463	0.204369539434057	0.332090119907353	0.266637843778913	0.0796559571786067	0.00601166783614111	5.35577896312119e-05	
4.6400087850833e-06	2.86133875080137e-05	0.000190240360188415	0.00153429623826754	0.0082940157033364	0.0344203585025454	0.107461056792934	0.239836640757373	0.331291213911365	0.221435912585328	0.052527992786333	0.0029580056004906	1.70133655453054e-05	
2.40330943461758e-05	8.29529385497035e-05	0.000381428465107048	0.0025413059118311	0.0126553623260314	0.0474459798059987	0.137225092411124	0.26839074400258	0.31974093874817	0.176730847949589	0.0334548425909846	0.0013148428390682	1.16289166191173e-05	
4.19581071610057e-05	9.86792520268097e-05	0.000705517801892466	0.00452370555354398	0.0187917929942393	0.0644966037243259	0.167672366235223	0.291545907608248	0.29831514889689	0.133338202545769	0.019965842992763	0.000501166279978679	3.10800793785227e-06	
6.76063692970725e-05	0.000167073211481271	0.00133114609891822	0.00726651907237845	0.0267946576980731	0.0852322045659943	0.197802249038552	0.30675263295725	0.264894188261203	0.0975963993003129	0.0119010522503985	0.000194271176141013	
1.70342054588434e-05	0	0.00012388513060977	0.000424306572338463	0.00241034007242634	0.0107772320809837	0.0380939033804381	0.110606193172536	0.226853805480214	0.309748443499476	0.226189471467319	0.0684140148151131	0.00626471619852282	7.66539245647954e-05	
1.47296755672669e-05	3.87623041243867e-06	0.000213967918766614	0.000718653118466129	0.00391654320872803	0.0156374887298601	0.0528841867629832	0.138347314896431	0.255124182793723	0.299651992033571	0.184589193224659	0.0458472780722421	0.00301415676871231	3.64365658769235e-05	
4.66836335739356e-05	2.25637562274022e-05	0.000292550770396663	0.00123711628970929	0.00622292835540561	0.0230718297727985	0.0699608713344594	0.168496016718965	0.276744470129088	0.279239710343615	0.144825858375861	0.0284863532068155	0.00134837894972717	4.66836335739356e-06	
7.47334700852039e-05	4.82653660966942e-05	0.000460856398858758	0.0021890678945791	0.00971612958472323	0.0336923394300794	0.0913313067069397	0.198412692234336	0.287541696994703	0.251246920163635	0.107650449763149	0.0169831810768626	0.00065002549501193	2.33542094016262e-06	
1.55303497978337e-06	6.83335391104682e-05	9.3182098787002e-05	0.000830873714184101	0.00362478364281438	0.0149370904355564	0.0480050877425938	0.116591771554767	0.225931646271435	0.288004901378396	0.214578960569218	0.0771151754036532	0.00995806029037095	0.000258580324133931	
1.167474169634e-05	7.47183468565758e-05	0.000207810402194851	0.00136283151401942	0.00582725273869982	0.0216613157433892	0.0640437413655556	0.144257778296655	0.247720895841846	0.279536901912712	0.176610822485553	0.0532593933025898	0.00535170159360224	7.31617146303971e-05	
9.31917957049455e-06	1.16489744631182e-05	0.000115713146333641	0.000391405541960771	0.00233212468751626	0.00900465725999035	0.0313924329815084	0.0833616144546688	0.171989341964965	0.263530089689337	0.260229546924787	0.140129396808336	0.0347931569264414	0.00270178547714588	7.76598297541212e-06	
1.32189145560466e-05	5.4430824642545e-06	0.00015862697467256	0.000655502645338078	0.00379227331116703	0.0134039793598313	0.0440547542992576	0.105461277911349	0.197420600978511	0.271176701118787	0.234390794658936	0.106666531885577	0.0214348587442342	0.0013654361153187	
7.77331762086732e-06	1.63239670038214e-05	0.000207547580477157	0.00113568170440871	0.00585719482732352	0.019708469495947	0.0591634977441832	0.129553998128185	0.221642937319076	0.27107657339722	0.200886624607836	0.0774564461013703	0.0126728397173	0.000613314760286431	7.77331762086732e-07	
1.7084406285819e-05	3.02859929612246e-05	0.000497000910132917	0.00197091923424585	0.00857481882763698	0.0286497727773964	0.0766639435158466	0.155773286822331	0.239754015612041	0.260072034069412	0.166631980144814	0.0536691092190563	0.00737502756801923	0.000320720899820148	
2.73479376529531e-05	0.00011017312025904	0.000792308822288413	0.00346693712474723	0.0131434188360093	0.03917318589409	0.0969351556957159	0.181013655215955	0.254509284234148	0.238642792177552	0.132667189663417	0.0355429425130723	0.00382714853211898	0.000148460232973174	
7.81577285488298e-06	3.12630914195319e-05	0.000352491355755223	0.00139042599088368	0.00556170396353473	0.0191838144723103	0.0526744011554839	0.120095602533561	0.205266424065077	0.258459792538125	0.21189732575516	0.100311536705996	0.0228228383135438	0.00189845122645108	4.61130598438096e-05	
1.79899725457376e-05	4.3801672285274e-05	0.000562382185234143	0.00242473543007767	0.00824644698042222	0.0275019749861164	0.0691878700654679	0.145430155887023	0.226246587771512	0.252864707584729	0.180364336052687	0.072690439502851	0.0135824292720319	0.000823627873507028	1.25147635100783e-05	
3.12498291024971e-06	2.96873376473722e-05	0.000173436551518859	0.00105702546939196	0.0037843543043124	0.01207649645666	0.0371326094310422	0.0891948247158023	0.169682665797921	0.242172113121256	0.23702370377662	0.149095278385196	0.0503911306735041	0.00775698882896734	0.000426560167249085	
8.57557380333715e-06	2.72859166469818e-05	0.000336006573567119	0.00177124578919836	0.00574173646014346	0.0175214564754548	0.0498349981640476	0.110348144908487	0.19257230573012	0.249759689034102	0.217168610593328	0.117595284369925	0.0331290007975284	0.0040180461256727	0.000167613487974317	
3.8280921023335e-05	8.82804913395276e-05	0.000590619924360025	0.00265466468647535	0.0082069607214313	0.0250794719732877	0.0649127234062832	0.133355103979575	0.213952848842705	0.248725987511045	0.190346020463887	0.0897250101756938	0.0202677945736404	0.00198123297377913	7.49993554742889e-05	
6.39414608128519e-05	0.000240170365004371	0.000983294903475686	0.00402441316164791	0.0120607631023461	0.0341197873088677	0.0822232601879411	0.156986423356412	0.231573357620691	0.239267386813867	0.160580401318442	0.0645418867253628	0.0122596054499958	0.00105659365123676	1.87145738964445e-05	
4.6625046042233e-06	0	0	9.32500920844659e-05	0.000394758723157572	0.00157204113572395	0.00605115389218114	0.0176071715537486	0.0463398561772746	0.10237305942673	0.178845128692898	0.240909281647916	0.221251385152409	0.131723525910315	0.0448307588537077	0.00749808448769176	0.000498887992651893	6.99375690633494e-06	
1.39569830275333e-05	0	1.47323709735073e-05	0.000158954528924684	0.000630390400076919	0.00251225694495599	0.00911235914108726	0.0252652408316191	0.0619783092975993	0.125429080304603	0.199525927809831	0.24231571160841	0.196133605546195	0.10274355516924	0.0299695194998438	0.00402658960344334	0.000169809960168321	
2.09282857408613e-05	0	2.24785291290733e-05	0.000265091619384243	0.000991380646761541	0.00396164697857564	0.0141870523672217	0.0343673456732707	0.079169379592596	0.149134964189378	0.21582720987195	0.234106904784051	0.168916069822962	0.0777671844479583	0.0192044150931696	0.00197113446811149	8.68136297398692e-05	
1.39656568979483e-05	2.32760948299138e-06	3.87934913831897e-05	0.000439142322457707	0.00182096648552692	0.0063109251782173	0.0203246860054807	0.0454535579838557	0.0984190876391522	0.172876987390564	0.226311142421769	0.218653307222727	0.140042952153659	0.0569620351375928	0.0111981292226715	0.00110095928545492	3.10347931065518e-05	
1.94300920830924e-05	3.575136943289e-05	7.22799425491037e-05	0.000627203372442223	0.00296891807029652	0.0100336995517089	0.0280547213569355	0.0582724005645608	0.120869162423135	0.192903508608308	0.22954633066597	0.198615178477054	0.111875361399713	0.0391547443621645	0.00647099786735309	0.000475648654194102	4.66322209994218e-06	
8.51260755873119e-06	3.01810631627742e-05	6.65531136409893e-05	0.000161739543615893	0.00114920202042871	0.00486611602993652	0.0152313765428134	0.0364355080981983	0.0768510471668107	0.141792182485542	0.208322079924098	0.225620472356855	0.173347644832344	0.086934617756835	0.0252785750823595	0.00367589871854301	0.000226744910428022	1.54774682886022e-06	
6.16908854801247e-06	4.5497028041592e-05	6.70888379596357e-05	0.000391737122798792	0.0019309247155279	0.00750315394652017	0.0213103452530406	0.0468742770599358	0.0966063843897383	0.164991502080525	0.217843625943485	0.216442471707018	0.144717563703551	0.0635755420315425	0.0156502065102391	0.00191781540236338	0.000125695179165754	
4.59673953264949e-06	0.000100362146462847	0.000130240953425069	0.000933138125127847	0.00306908976129898	0.0111616497085284	0.0289472010836047	0.060785751333246	0.117841248535747	0.182115925174274	0.222891303198641	0.19959732561694	0.11677174047115	0.0454035286104899	0.00919577743506531	0.000994427985563173	5.66931209026771e-05	
2.45051866759174e-05	0.000121760146295964	0.00023739399592295	0.00133783003508836	0.00558794834919278	0.0160463025502241	0.038777926340472	0.0770902541341016	0.13897580572288	0.198613006434143	0.220785605653347	0.175242716216154	0.0906806775071486	0.030817569606217	0.00512234980235035	0.000516906281445132	2.14420383414277e-05	
6.11317940347595e-06	7.41223002671459e-05	0.00018186708725341	0.00034692293114726	0.0023726777559741	0.00768197406789297	0.0215963345376297	0.0501441182044369	0.0960158881532696	0.161401690905423	0.209445931984766	0.210878708407456	0.149259388315269	0.0675880756322556	0.0200260115783618	0.00274634584701157	0.000233064964757521	7.64147425434494e-07	
3.8008650768915e-05	0.000163437198306335	0.000343598202950992	0.000741928863009221	0.00372712829439981	0.0111578195197227	0.0294954731696934	0.0626899482322177	0.114941960790276	0.180337364784225	0.212798272886909	0.197325711331899	0.123594250051312	0.0483682886224905	0.0126340755155873	0.00151122395457206	0.000131509931660446	
5.69698424442037e-05	0.000192937866411037	0.000439807183669253	0.0013999389283289	0.00545771090615472	0.0155535265851669	0.0386437835267523	0.0788971550020281	0.136921319330399	0.19362910049936	0.214137484181374	0.17598516049544	0.0971920704056101	0.0331572079004258	0.00749875046145572	0.00079605859842034	4.10182865598267e-05	
6.75476704402287e-05	0.000366578930591353	0.00058440119369636	0.00226778021657756	0.00758583107921444	0.0222618906668852	0.0502091700895879	0.0974963342106941	0.159523310776965	0.200662877925421	0.20574640934799	0.152924131063732	0.0725348136139673	0.0229578593611964	0.00435416837433249	0.000447028965048255	9.86651365980868e-06	
