# <P(U)> as a function of N_tot.
# number_of_species: 1
# species_total_upper_bound: 103
# species_total_lower_bound: 0
# volume: 729
# Bin widths for each
10	10	10	10	10	10	10	10	10	10	10	10	10	10	10	10	10	10	10	10	10	10	10	10	10	10	10	10	10	10	10	10	10	10	10	10	10	10	10	10	10	10	10	10	10	10	10	10	10	10	10	10	10	10	10	10	10	10	10	10	10	10	10	10	10	10	10	10	10	10	10	10	10	10	10	10	10	10	10	10	10	10	10	10	10	10	10	10	10	10	10	10	10	10	10	10	10	10	10	10	10	10	10	10	
# Bin lower bound for each
0	0	0	0	0	-10	-10	-10	-10	-10	-10	-10	-10	-10	-20	-20	-20	-20	-20	-20	-20	-20	-30	-30	-30	-30	-30	-30	-40	-40	-40	-50	-50	-50	-60	-60	-60	-60	-60	-60	-60	-60	-60	-60	-70	-70	-80	-80	-80	-80	-90	-90	-90	-90	-90	-100	-90	-100	-110	-110	-110	-110	-110	-120	-120	-120	-130	-130	-140	-140	-140	-160	-160	-160	-180	-180	-180	-180	-180	-180	-180	-180	-190	-190	-190	-190	-190	-200	-210	-210	-220	-220	-220	-220	-230	-240	-250	-250	-250	-250	-260	-260	-270	-270	
# Bin upper bound for each
0	0	0	0	0	0	0	0	0	0	0	0	0	0	0	0	0	0	0	0	0	0	0	0	0	0	0	0	0	0	0	0	0	0	0	0	0	0	-10	0	-10	-10	-10	-10	-10	-10	-10	-10	-10	-20	-20	-20	-20	-20	-20	-20	-20	-20	-30	-30	-30	-30	-30	-30	-30	-40	-40	-40	-40	-40	-50	-50	-50	-50	-50	-50	-60	-60	-60	-60	-70	-70	-70	-70	-70	-70	-80	-80	-80	-80	-80	-90	-90	-90	-90	-100	-100	-100	-100	-100	-110	-110	-110	-110	
# Normalized histogram for each
1	
1	
1	
1	
1	
5.60221675407561e-05	0.999943977832459	
0.000106914365869513	0.99989308563413	
0.000501272297059061	0.999498727702941	
0.00148798799435328	0.998512012005647	
0.00371490829084601	0.996285091709154	
0.0072720936064229	0.992727906393577	
0.0147601632390146	0.985239836760985	
0.0297342423235607	0.970265757676439	
0.0540422703933695	0.94595772960663	
3.82410802680275e-05	0.0938053698974714	0.906156389022261	
7.6588248809691e-05	0.146479280751246	0.853444130999945	
0.000191347682992168	0.214964239244134	0.784844413072874	
0.000453192039067695	0.300296904317184	0.699249903643749	
0.000881919800154442	0.397117092787246	0.602000987412599	
0.00198446137252258	0.498803424565188	0.499212114062289	
0.00441317045028656	0.596649696173427	0.398937133376286	
0.0080761975341912	0.685462002290642	0.306461800175167	
4.2290271968739e-06	0.0151779786095804	0.76075547341845	0.224062318944773	
3.80348652931854e-05	0.0270639197041733	0.815205493924987	0.157692551505547	
0.000285022089211914	0.0447778085154541	0.848376631541886	0.106560537853448	
0.000699224113965106	0.0712829498833222	0.860900735448978	0.067117090553735	
0.00134975607072891	0.108437456365644	0.849724336652013	0.0404884509116143	
0.00247602925757021	0.158238482042471	0.816390639935657	0.0228948487643014	
4.22754329004329e-06	0.00449810606060606	0.221421807359307	0.760991612554113	0.013084246482684	
7.20525220501909e-05	0.00808683600422143	0.29820843523114	0.686185836169518	0.00744684007306973	
0.000178417437330875	0.0142818910549143	0.384778443775143	0.597112186335773	0.00364906139683861	
2.12505525143654e-05	0.000505763149841896	0.0251946550610316	0.469552208357417	0.503038829009554	0.00168729386964061	
4.24266337435989e-05	0.000649127496277063	0.0399107343626035	0.546692631766518	0.411958370986971	0.00074670875388734	
8.01816324980377e-05	0.00113942319865632	0.0639343017023827	0.612735375292241	0.321844852761202	0.000265865413019809	
2.10124645939972e-05	0.000126074787563983	0.00242483841414727	0.0977289728266808	0.659366936466712	0.240214495238576	0.000117669801726384	
2.9621855851586e-05	0.000270828396357358	0.0053277023595924	0.141990250177731	0.681294221199093	0.171061985849216	2.53901621585023e-05	
3.77048630894527e-05	0.000393806347823173	0.0101132821664376	0.19512685591715	0.677020142775748	0.117278881925127	2.93260046251299e-05	
2.92165783212989e-05	0.000530072206686423	0.0174548186485246	0.257005718101757	0.648019533369506	0.0769564672983013	4.1737969030427e-06	
0.000108857664416942	0.00102577414546733	0.0282694980824304	0.327682504061228	0.594245616385591	0.0486677496608665	
0.000137186186598157	0.00185409209765994	0.0443818099430885	0.399353146344404	0.524462791364753	0.0298026597491571	8.31431433928223e-06	
0.000329081653906074	0.00316584882238755	0.0691071473202756	0.45980205113679	0.450258683173514	0.0173371878931276	
0.000568821076493887	0.00526159495756846	0.102555094085516	0.5151176748602	0.36744168538339	0.00905512963683284	
0.000819255443847392	0.00962520113771474	0.143193247654619	0.556404686981401	0.285558837245453	0.00439877153696523	
0.00126752287417107	0.0180936791740116	0.194380088978427	0.573906656593637	0.210152774280198	0.00219927809955511	
0.000101003724512341	0.00195273867390527	0.0311301895924079	0.250775414010058	0.565410432843044	0.149397134019317	0.00123308713675483	
0.000332813750684585	0.00380418755529342	0.0486034460968109	0.315006108606816	0.52843661793824	0.103142772886211	0.000674053165943464	
8.3993028578628e-06	0.000579551897192533	0.00568212838334418	0.072422988891922	0.377179094135187	0.476496650777985	0.0674380026457804	0.000193183965730844	
7.15473159234865e-05	0.000837524462869047	0.0102354748427011	0.104059258012247	0.432389890785127	0.411565413185749	0.040794596073315	4.62953220681383e-05	
0.000109300184549158	0.00178663763205354	0.0165884049319606	0.144217389659362	0.473564068825485	0.339292995960097	0.0244369989532405	4.20385325189068e-06	
0.000240651532359187	0.00291315012855858	0.026881198360192	0.191647280848782	0.494927319015271	0.270277002579616	0.0131133975352217	
8.37310558486143e-06	0.000489826676714393	0.00517039269865193	0.0414468726450641	0.244323034413464	0.49667587708281	0.204483798040693	0.0074018253370175	
3.34092000584661e-05	0.000605541751059698	0.00708692656240212	0.0632269111106471	0.293253429663194	0.480403416090706	0.151001231964252	0.00438913365768098	
0.000117628277837992	0.00160898680042682	0.0108554096404776	0.0918718860013947	0.344453406598946	0.44216049538309	0.106709853048673	0.0022223342491535	
0.000288393436504672	0.00349889095759344	0.0182875367383551	0.126142440911154	0.390399891428353	0.390213283910615	0.0701262569500698	0.00104330566735514	
0.000643742059804064	0.00507319901434991	0.0300768227279316	0.167603147941304	0.424243070180674	0.32867082185824	0.0433779831689162	0.000311213048779448	
2.99098005870867e-05	0.00102975170592684	0.00791755149826737	0.0477873156808539	0.211180283459453	0.440092805838393	0.265987856620962	0.0258976144797617	7.69109157953657e-05	
0.00195969601229613	0.0134659721629237	0.0696268465545214	0.262249167449407	0.433728972760652	0.20421398684997	0.0147340107591154	2.13474511143369e-05	
8.52097224293292e-06	0.00358732931427476	0.0193937328249153	0.0979528364186354	0.3076710052617	0.415354791981765	0.148443857444134	0.00755384189336003	3.40838889717317e-05	
8.46088111615944e-06	0.000287669957949421	0.00624413026372566	0.0293042617458182	0.133838447935968	0.346041576769805	0.376263844116726	0.104229594469968	0.00378201385892327	
6.28561850486088e-05	0.000863224941334227	0.00874120013409319	0.0437856185048609	0.170319309420047	0.377648340596715	0.327891384512236	0.0690119007710359	0.00167616493462957	
0.000278653479841292	0.00179669109390206	0.014078239242728	0.0609793630064631	0.208994268888131	0.394677302634315	0.275604927591685	0.0429708619958244	0.00061969206710974	
0.000409551749788956	0.00337253328652742	0.0197128122832092	0.0833981093753918	0.248334628854175	0.400499820298722	0.217894068186187	0.0261277299967403	0.000250745969258544	
0.000976698170795883	0.00525396257393647	0.0281305912812849	0.113541162355021	0.290744521859936	0.379476708695561	0.165845033363504	0.0158797650872503	0.000151556612709706	
1.67994523378538e-05	0.00159174810901165	0.00887851056055573	0.041188057269333	0.145844445471078	0.322893873659719	0.34820644846978	0.123303780296762	0.00799233944973394	8.39972616892689e-05	
0.000217920618224031	0.00329395396007862	0.0138840578495426	0.0574849446188275	0.182437274483591	0.346984104367213	0.306031791265574	0.0856260398375653	0.00400638675042641	3.35262489575432e-05	
0.000726446452027081	0.00440091397100127	0.0213034645582825	0.0774045588738391	0.222431990674455	0.355519514801346	0.261588299143891	0.0548213659727414	0.00180344555241607	
4.62237312636307e-05	0.00129426447538166	0.00732856248397928	0.030436225958407	0.104818613876364	0.258823479974619	0.354884797855219	0.207826097918671	0.0338567820719157	0.000684951654179256	
0.000105556939524318	0.00224625167307749	0.0110834786500534	0.0420369955961645	0.13451754145221	0.293042953229831	0.336785748968709	0.16021432281001	0.0195829234205515	0.000384227259868518	
8.51350028307389e-06	0.000310742760332197	0.00339262986280494	0.0173590270771877	0.0598243664891602	0.166707105793011	0.317268358299173	0.305996483924383	0.119018733957373	0.00996505208133798	0.000148986254953793	
0.000162129182826253	0.000874644275773207	0.00626757288346752	0.0264569227027788	0.0834538635810923	0.198749045357772	0.326523907654631	0.270717336302857	0.0813632504341222	0.00538866205025151	4.26655744279613e-05	
0.00054501713823423	0.00177130569926125	0.00836686466117392	0.0378148219113921	0.109505865321156	0.236341572459603	0.32606076089502	0.224355453364842	0.0525004790189691	0.00273785953034851	
8.50763347413467e-06	6.80610677930773e-05	0.000723148845301447	0.00261184347655934	0.0135909444749301	0.0522496309813981	0.139121076385787	0.263281479307308	0.313055388947733	0.180349068201444	0.0334349995533492	0.00150585112492184	
0.000105268919982989	0.000176851785571421	0.000896891198255062	0.00493921772560182	0.0197231848480127	0.0677805521986467	0.168430271972782	0.285106132125127	0.293211838963817	0.139333942489484	0.0196137051712304	0.000682142601489766	
0.000105287540272484	0.000218998083766767	0.00148666006864748	0.00825454315736276	0.0284444818800143	0.0872117753585041	0.196563414685506	0.299669397123544	0.263652635347133	0.102284739623913	0.0118132620185727	0.000294805112762956	
9.22366120653874e-05	0	0.000226398956887769	0.000528264232738128	0.00312765966367177	0.0123638985900376	0.041162684420817	0.112776028543039	0.226398956887769	0.298838237945304	0.226214483663638	0.0717433138937686	0.00642302225837152	0.000104814331892486	
4.58931856963457e-05	1.25163233717306e-05	0.000596611414052494	0.00111395278008403	0.00486884979160322	0.0173851731633338	0.0539745584866931	0.142610988497499	0.251148372669356	0.294333860409618	0.183743799204796	0.0470738922010789	0.00307067133386458	2.08605389528844e-05	
6.70378889768761e-05	7.54176250989856e-05	0.000615910604975049	0.00162566880768925	0.00671635850187078	0.0254953471515182	0.0690993040629151	0.171667274197536	0.273669612143914	0.273841396734417	0.14729481168638	0.0285749001763934	0.00125696041831643	
7.9437083739229e-05	0.000154693268334288	0.000539335989597923	0.0028513732163239	0.0103017354912347	0.0340199763361108	0.0897597237261846	0.202886492769135	0.286475209358525	0.247417249553689	0.108774453033869	0.0161842605870819	0.000556059586174603	
9.19993978221233e-05	0.00028854356589666	0.000694177274476022	0.00448706153923356	0.0154391716708763	0.0477811417961628	0.113033805596909	0.23221484368466	0.285373768462606	0.212568790458826	0.0785005770871318	0.00943412006757774	9.19993978221233e-05	
5.05661299633817e-05	0.000514088987961047	0.00143270701562915	0.00661152149271216	0.0218782788974898	0.0636374745589159	0.142963090938971	0.2509091368783	0.278573023812433	0.174057047022287	0.0545777096071433	0.00478271312570318	1.26415324908454e-05	
9.25380667956591e-05	0.000597291158408345	0.00273407924623538	0.00953562715571633	0.0330276772945234	0.0815092117439219	0.171351055775217	0.268267855640616	0.259443089088921	0.136443173214436	0.0348700260789097	0.00212837553630016	
0.000220955779661229	0.000679543246882647	0.00471511295843113	0.0148290510991508	0.0439410173137614	0.104437042194216	0.197476101339492	0.27645320114897	0.232820688131339	0.101773065907357	0.0215702868673056	0.00108393401343244	
3.72496513018753e-05	0.000322830311282919	0.00139065364860335	0.00723471005285312	0.0217289632594273	0.0574844896590829	0.126491538120879	0.224698174353201	0.274207099783538	0.198379226283354	0.0739778074855244	0.0135671507741719	0.000480106616779726	
2.05802816205737e-05	0.000617408448617211	0.00213623323221555	0.0103930422183897	0.031533107499043	0.0728295005988862	0.150602384843034	0.240472358623755	0.265016402484452	0.16573300789048	0.0526484764417516	0.00788636391700384	0.000111133520751098	
0.000120200776745709	0.00100305475767109	0.00379254174904565	0.0148261440834276	0.0405242411807861	0.0939348345995863	0.174166780650162	0.253246457185727	0.242925769803078	0.134923299469873	0.036184578654829	0.00427748971039902	7.46073786697504e-05	
0.000428901352688882	0.0019259320356318	0.00631804684922468	0.0200098977235236	0.052412570108875	0.117461233916199	0.20051550643352	0.259856483008908	0.215172385351369	0.100494886176179	0.023094688221709	0.00230122071923458	8.24810293632465e-06	
0.000859799021978612	0.00357560650967067	0.00888321201073095	0.0282245563561056	0.066911378695999	0.140014963809902	0.223394800696107	0.255914218512961	0.182240189817169	0.0753522902483083	0.0138105217905315	0.000818462530537333	
3.73810038045555e-05	0.00135817647156552	0.00479307537671745	0.0138974265255603	0.0370404213254473	0.0891952285225366	0.168069146550149	0.240343240683823	0.232572145337343	0.150591450549085	0.0532803907560931	0.00851040853283713	0.000311508365037962	
4.10795711292774e-06	0.000332744526147147	0.0024729901819825	0.00720946473318819	0.0190034096044037	0.0504950088321078	0.110639608922483	0.189865669802407	0.246978597543442	0.214180667953827	0.119521012200633	0.0347697490038204	0.00440373002505854	0.000123238713387832	
5.70116140802398e-05	0.000757440015637471	0.00366910459187829	0.00918701438321578	0.0277931618641169	0.0635272271179815	0.131798634979069	0.214314801843918	0.245186590868368	0.187482692902869	0.0928393412715219	0.0209436236581909	0.00239448779137007	4.88670977830627e-05	
9.80937121930484e-05	0.000134878854265442	0.0012629565444855	0.00532975836248896	0.014787627113102	0.0360576137069614	0.0805308504724847	0.15385181309878	0.229784520812216	0.233687833109898	0.161078049897002	0.068391753588595	0.0137739920871072	0.00122208416440506	8.17447601608737e-06	
0.000340196002082164	0.000356590990134316	0.00207806473561032	0.00706214110346467	0.020534722535321	0.0493817040130832	0.0999889333830648	0.176151850379339	0.235268078548388	0.219127212811044	0.133270759128934	0.0477381064608549	0.00807043286867205	0.00063120704000787	
0.000355404777771047	0.000561378001251994	0.00315421740271804	0.0102905837927344	0.03056481088831	0.0631449284142081	0.122299630459805	0.195702833141496	0.237361927263181	0.195173764665495	0.104093212980352	0.0324791502594859	0.00465661032693201	0.000161547626259567	
0.000419359911611834	0.00107259362008411	0.00486296205196031	0.017230047137667	0.0417545373532744	0.0809606567821385	0.145219498622967	0.209046883631657	0.231676189631326	0.16795364460054	0.0758718855470026	0.0215204216180034	0.00231857643439235	9.27430573756941e-05	
8.02687397406517e-05	0.000862888952212006	0.00196257068665893	0.00691113849167011	0.0241167428550788	0.0504569298009737	0.100548636836127	0.166617836516658	0.221762460718485	0.216998511014878	0.139230142517147	0.056661703382926	0.0124898159036454	0.00120804453309681	9.23090507017495e-05	
5.66471368918525e-05	0.000202311203185188	0.00104797203249927	0.00307108406435115	0.00953290389408604	0.032438578318713	0.0630806331531415	0.123964166639692	0.18362169423494	0.227693166736801	0.197176544848348	0.110554980092578	0.0397096429611886	0.00719823260932897	0.000651442074256304	
4.83691533785854e-05	9.67383067571707e-05	0.00039501475259178	0.0016606742659981	0.0057841445915225	0.0150548989890847	0.0407550424842397	0.0806555632587911	0.142664817890138	0.199466327007723	0.222526320880964	0.172992277058511	0.0872216758299341	0.0263128194379504	0.00401867049320413	0.000346645599213195	
8.04133244878676e-05	4.42273284683272e-05	0.000771967915083529	0.00311601632390487	0.00882134169631908	0.0213376756528557	0.0518304082986551	0.100637275596566	0.161988621514585	0.210453732183423	0.214872444364031	0.140872082504071	0.0664817160203446	0.0166013308405203	0.0018856924592405	0.000205053977444062	
0.000238961949292274	0.000326581330699442	0.00164485475096182	0.00442079606190708	0.0126371044184064	0.0289542228559139	0.0665907298694471	0.118556988442207	0.177485005137682	0.216694678317389	0.200787777892834	0.111336354874425	0.0490668535880137	0.0103948447942139	0.000732816644496308	0.000131429072110751	
0.000306246245538817	0.000537894046651511	0.00154693616336274	0.00705936858306144	0.016223198545723	0.0405187340251357	0.0814811324829111	0.136440554855377	0.193995217847089	0.219633525326172	0.174560359957126	0.0895142070774293	0.0319870277231377	0.00583438360090617	0.000353361052544789	7.85246783432863e-06	
0.00016417280360242	0.000551151554950983	0.000695779977172163	0.00222805947746142	0.00832199759213221	0.0194310239692293	0.0546304548368435	0.102682270900761	0.158512750754413	0.207553512516222	0.20651375142674	0.146391325421768	0.0679128164235346	0.0211665650358835	0.00298638147505355	0.000257985834232375	
0.000379751791097365	0.000810398152135614	0.00113142543945504	0.00361351446580276	0.0121442273812786	0.0262733429902517	0.0687311592217046	0.123391927338214	0.17651802842266	0.204854558978977	0.194616920487022	0.123865638335356	0.0484124809145363	0.013721959049446	0.00120972477782563	0.000324942254237952	
1.96376461531815e-05	0.000596984443056717	0.000812998550741714	0.0018498662676297	0.00567527973826945	0.0173989544917188	0.0366006449002997	0.0843908205786822	0.144450597573572	0.185010191938353	0.206210994725328	0.176004367412504	0.0978229705474583	0.0346368802849815	0.00777650787665987	0.000608767030748626	0.000133535993841634	
1.56604194643354e-05	0.000951370482458373	0.00092787985326187	0.00181269355299682	0.00763836959372957	0.0257183238653047	0.0480500820214469	0.105805709005916	0.165201764929274	0.185411536247998	0.19919662048148	0.157124903590543	0.0729344885502758	0.0241601121286034	0.00472553157336319	0.000305378179554539	1.95755243304192e-05	
