# <P(U)> as a function of N_tot.
# number_of_species: 1
# species_total_upper_bound: 103
# species_total_lower_bound: 0
# volume: 729
# Bin widths for each
10	10	10	10	10	10	10	10	10	10	10	10	10	10	10	10	10	10	10	10	10	10	10	10	10	10	10	10	10	10	10	10	10	10	10	10	10	10	10	10	10	10	10	10	10	10	10	10	10	10	10	10	10	10	10	10	10	10	10	10	10	10	10	10	10	10	10	10	10	10	10	10	10	10	10	10	10	10	10	10	10	10	10	10	10	10	10	10	10	10	10	10	10	10	10	10	10	10	10	10	10	10	10	10	
# Bin lower bound for each
0	0	0	0	-10	-10	-10	-10	-10	-10	-10	-10	-10	-20	-20	-20	-20	-30	-30	-30	-30	-30	-30	-30	-30	-30	-30	-40	-40	-40	-40	-50	-50	-50	-60	-60	-60	-60	-60	-60	-60	-70	-70	-70	-70	-70	-80	-80	-90	-90	-90	-90	-90	-100	-110	-110	-110	-120	-120	-120	-120	-120	-120	-130	-130	-130	-130	-140	-150	-150	-160	-160	-160	-160	-180	-180	-180	-180	-180	-180	-200	-200	-200	-200	-200	-210	-210	-220	-220	-220	-220	-250	-250	-250	-250	-250	-260	-260	-260	-260	-270	-270	-270	-270	
# Bin upper bound for each
0	0	0	0	0	0	0	0	0	0	0	0	0	0	0	0	0	0	0	0	0	0	0	0	0	0	0	0	0	0	0	0	0	0	0	0	0	0	-10	0	-10	-10	-10	-10	-10	-10	-10	-10	-10	-10	-10	-20	-20	-20	-20	-20	-20	-20	-30	-30	-30	-30	-30	-30	-30	-30	-30	-40	-40	-40	-40	-40	-50	-50	-50	-50	-50	-50	-60	-60	-60	-70	-70	-70	-70	-70	-70	-80	-80	-80	-80	-90	-90	-90	-90	-90	-90	-100	-100	-100	-100	-110	-110	-110	
# Normalized histogram for each
1	
1	
1	
1	
1.13945570479893e-06	0.999998860544295	
2.04343665176093e-05	0.999979565633482	
8.72992118128305e-05	0.999912700788187	
0.0004365717888444	0.999563428211156	
0.00133098879769991	0.9986690112023	
0.00340192866857784	0.996598071331422	
0.00736485037616968	0.99263514962383	
0.0156321912590835	0.984367808740917	
0.030819616776768	0.969180383223232	
1.14420665287516e-05	0.0561713930029475	0.943817164930524	
5.39464713268766e-05	0.09449011402218	0.905455939506493	
0.000102659456666175	0.146293186180422	0.853604154362912	
0.00024237471823939	0.214453150698212	0.785304474583548	
1.15108841164763e-06	0.000475399514010473	0.300498536391085	0.699024913006493	
4.61017511750184e-06	0.000981967300027891	0.396431263441542	0.602582159083313	
6.91688099390969e-06	0.00187562756284851	0.495841225302412	0.502276230253746	
2.30434391872118e-05	0.00400610190269677	0.594860621758076	0.40111023290004	
3.11886334757999e-05	0.00761233683724154	0.685201570983019	0.307154903546263	
6.94843335989179e-05	0.0141979654987122	0.761139496748133	0.224593053419556	
0.000114808165991734	0.0257112307899266	0.81617241171368	0.158001549330402	
0.000272008685758204	0.0438234929850696	0.84954099981133	0.106363498517842	
0.000587062806438664	0.0705333918075733	0.861139922823285	0.0677396225627032	
0.00127748605663599	0.10698129811699	0.850394260637461	0.0413469551889129	
3.50572543392117e-06	0.00257670819393206	0.157897873543809	0.81599498914978	0.0235269233870449	
3.86828603279134e-05	0.0049455450825293	0.221770010467816	0.759849769836981	0.0133959917523453	
9.2854221223419e-05	0.00879529287866892	0.295443326014697	0.688461158726651	0.00720736815875956	
0.000186003145572183	0.0153346643938181	0.378093773839011	0.602657255064465	0.00372830355713357	
1.18010670524829e-05	0.000460241615046833	0.0260260732775458	0.462598288137213	0.509121634778217	0.00178196112492492	
3.76621236729986e-05	0.000828566720805969	0.0403973354047501	0.541102323282254	0.416789068568604	0.000845043899912906	
2.81974763258688e-05	0.0017411941631224	0.0640752402659962	0.608201940926287	0.325566886763635	0.000386540404633785	
5.8922796994466e-06	8.1313459852363e-05	0.00335506406086489	0.0974205956387703	0.655695241866297	0.243269838127292	0.000172054567223841	
8.29265981140122e-06	0.000185992512912856	0.00628109747429275	0.139884139695778	0.678211628678387	0.175360138368952	6.87106098658958e-05	
1.06442113230755e-05	0.000328787860868331	0.0107932302815985	0.192914503329273	0.675660236774567	0.120270126429577	2.24711127931593e-05	
1.06697269024123e-05	0.00062477178639681	0.0182582737804502	0.255466456749669	0.647486449446834	0.078152192984536	1.18552521137915e-06	
5.69771486023387e-05	0.00113716892418834	0.0296138729860655	0.326012561087219	0.594429534104978	0.0487498857489468	
7.49019141600285e-05	0.00213054333610748	0.0468386636547378	0.396882653667816	0.524728331946261	0.0293425276423731	2.37783854476281e-06	
0.000197155936006768	0.004005252712089	0.0714505060933133	0.460093846225539	0.447843890734985	0.0164093482980663	
7.20476667363127e-06	0.000378250250365642	0.00691777680113163	0.103779860755876	0.515528673770567	0.364620032613577	0.00876820104180926	
2.89526383091659e-05	0.000661085241392622	0.0120237894178107	0.144026105628875	0.554353752985741	0.284483798586146	0.00442251550172509	
7.97121666129213e-05	0.00128264122640792	0.0201563083121673	0.194026660096452	0.570603843817295	0.211639425637607	0.00221140874345847	
0.000165145201205922	0.0023795374246751	0.0326806682473996	0.250037067262314	0.562327848182137	0.151274209744049	0.00113552393821882	
0.000340279705090922	0.00426314963860365	0.0505930761526673	0.314300194273165	0.528202188891436	0.101692951866108	0.000608159472928457	
6.03083929984368e-06	0.000610320937144181	0.00720444062759326	0.0746328425034255	0.373485053167879	0.477381940289866	0.0664586429164174	0.000220728718374279	
3.49762945148728e-05	0.000863552650780997	0.0124009055242042	0.106957508626481	0.425369633098671	0.413999925223094	0.0402818365690426	9.16620132113907e-05	
3.61283423232692e-06	6.74395723367691e-05	0.00171007486996807	0.0196562267800133	0.147843198177205	0.464243177463622	0.342572554743471	0.0238639743825967	3.97411765555961e-05	
1.32665823233645e-05	0.000171259517265251	0.00329734873382532	0.0309726455133022	0.193713810874015	0.488065503147195	0.270990446854674	0.0127564219303842	1.92968470158029e-05	
9.15586535577163e-05	0.00039755731150061	0.00563567607030259	0.0469286288248326	0.244583281630804	0.490866421948055	0.20462395294849	0.00686930845508024	3.61415737727827e-06	
8.3340077035219e-05	0.000765762446961288	0.00843788084301507	0.0683654353673546	0.297474554100392	0.47277859440317	0.148496315523116	0.00359811723895533	
0.00018197090152723	0.00161002069165814	0.0137791740931281	0.097060386621885	0.349015368707995	0.43470438164239	0.101884423170319	0.00176427417109844	
7.2624717822711e-06	0.000325600818238487	0.0028093661677752	0.021931454370495	0.131557255511913	0.392386508748252	0.383673963433455	0.0664879291666919	0.000820659311396634	
2.05731684736766e-05	2.54139139968947e-05	0.000527641262030765	0.0045381989280169	0.0336867480960743	0.173030028354667	0.422616447159027	0.324127848930014	0.0410761461372666	0.000350954050433307	
2.54850348234797e-05	0.000110435150901745	0.000906539095863779	0.0077498777325115	0.0496230035205755	0.21818102384307	0.437448195598856	0.26133932353009	0.0245081084885797	0.000108008004728081	
7.02533845779286e-05	0.000181689787701539	0.00156495470473593	0.0126577218765406	0.0716766212482573	0.26530585053229	0.43418529693562	0.200509215911665	0.0138096351305683	3.87604880429951e-05	
3.61464074085677e-06	9.63904197561804e-05	0.000263868774082544	0.00268326830996267	0.0192250692203702	0.100538822446437	0.310624152065526	0.412952221678687	0.146586935724458	0.00700758351627432	1.80732037042838e-05	
1.20783303882338e-05	0.000158226128085862	0.000393753570656421	0.00490863346977821	0.0293769151702622	0.134466844379168	0.349352420316235	0.375489927276373	0.102391630200174	0.00344957115887957	
9.63583760722881e-06	0.000215601866461745	0.000820250676315352	0.00777009855052913	0.0426084694194649	0.173018691115999	0.377564638403149	0.328082203330627	0.0683144751961495	0.00159593560369727	
1.3232668812765e-05	0.000353673148268445	0.00145559356940414	0.0121969117356931	0.0607259201516704	0.21366429441004	0.393099283511132	0.274129170095131	0.0437339704261882	0.000627950283660301	
4.19891332123246e-05	0.00057945003833008	0.00274129055400462	0.0185975869444988	0.0845061298136042	0.25568862778313	0.394642666477916	0.216605142589098	0.026331985282209	0.000265131383997821	
6.7548251766809e-05	0.000956531493769277	0.0048767425338073	0.027533149907664	0.113490712718491	0.296326943188302	0.376500686941596	0.164186881888263	0.0159329438854961	0.000127859190844317	
9.63122056458215e-06	0.000154099529033314	0.00144829479239904	0.00796381550433886	0.0397937955677123	0.147758574194108	0.330872155178226	0.343942925386934	0.119365735969719	0.00865365167727706	3.73209796877558e-05	
1.56480771522426e-05	0.000322591128984693	0.00245434071641712	0.0126556833214368	0.0562175227167951	0.186497394595154	0.352327290366923	0.301641964772567	0.0833356404216314	0.00452109059875562	1.08332841823218e-05	
4.23608295460735e-05	0.000783070191894558	0.0038088437308998	0.0197110991424958	0.0770846066796977	0.225671873014336	0.360174768679613	0.25518889904204	0.0553232433871719	0.00220760437405823	3.6309282468063e-06	
8.12157636160652e-05	0.00128611828651709	0.00614694234771741	0.0296122371548785	0.103493126358394	0.260690479451806	0.358553050258012	0.204531597174661	0.0346803432396362	0.000923677789185697	1.21217557635918e-06	
3.64965279636397e-06	0.000218979167781838	0.00237592397043295	0.00973240745697059	0.0417203976661687	0.133949556932151	0.293866393510431	0.339317952885415	0.157609039460046	0.0208030209392746	0.000402678358532158	
1.22597247201411e-06	2.57454219122964e-05	0.000483033153973561	0.00354673836153683	0.0150071290299248	0.0588025436476849	0.167926353381661	0.318268583597224	0.308157988620524	0.116193992980082	0.0114174816318674	0.000169184201137948	
1.23330262409799e-05	0.000113463841417015	0.000853445415875811	0.00588532012219562	0.0227679997434731	0.0809317847985585	0.201868206814984	0.330460971521809	0.269051133960098	0.0816532668336558	0.00636137493509745	4.06989865952338e-05	
7.35587992261614e-06	8.58185990971883e-06	0.000277071477085208	0.001731083741789	0.00872407358822275	0.0341300568609518	0.106627157418282	0.237073880005983	0.329943090008999	0.22457133609751	0.0538413630935889	0.0030551421278599	9.80783989682152e-06	
3.19762686892067e-05	4.67345465457636e-05	0.00049317245170661	0.00275241882024787	0.013090592458766	0.0475794579530515	0.135003806405831	0.266935431304521	0.318028589243921	0.180014094155353	0.0346167705690423	0.001404496109349	2.45971297609282e-06	
3.94594061359377e-05	0.000102347834665088	0.000768225313209036	0.00485350695472033	0.018984906777153	0.0651548781690836	0.165565502614186	0.290132682253132	0.297289632041038	0.135755154384926	0.0207864752885469	0.000567228963204104	
3.82769448083498e-05	0.000208671086213262	0.00138290897372103	0.0078146704416789	0.0269728986883355	0.0855045210010779	0.195524807781826	0.305504348137456	0.264949307742932	0.0991496344551771	0.0127388141802498	0.000211140566523478	
2.71345652425953e-05	0	9.49709783490837e-05	0.000490888953025134	0.00246307849043013	0.0116764967796205	0.0388899989392852	0.110014627997444	0.22492211146386	0.309133001304926	0.226694491929934	0.0687232200341896	0.00676760724936912	0.000102371314324337	
1.35781682804114e-05	4.93751573833142e-06	0.000272797744542811	0.000843080812320089	0.00407345048412342	0.0168714912778784	0.0533486231737364	0.137414766134567	0.253156306935728	0.300334269815485	0.184254509186248	0.0461188657538846	0.00323901032434541	5.43126731216456e-05	
1.98922585546036e-05	3.35681863108936e-05	0.000365520250940842	0.00132656499236013	0.00634065741427991	0.0238582776039277	0.0705143267775909	0.16632166030736	0.274709604106757	0.280480845619911	0.145684685323119	0.0288785863566458	0.00145835120528438	7.45959695797636e-06	
3.85535695630761e-05	6.34268402489317e-05	0.000533531656211602	0.00253334261935439	0.0100127351145912	0.0341211527268567	0.0924949880359568	0.195297459444132	0.28614708062422	0.252477377760311	0.108135300643223	0.0174013401718246	0.000739979802904203	3.73099060287833e-06	
5.96387383424904e-05	0.000116792529254044	0.000974099392927343	0.00417471168397433	0.0152426675413682	0.0486254513285771	0.116741587831709	0.223159461561591	0.286720689423815	0.215492156263434	0.0780932004383447	0.0102802275217868	0.000319315744875417	
4.49346762144532e-05	0.00021968063927066	0.00149282979868017	0.00661787925802864	0.0220741596903502	0.0654897942116648	0.143392792727572	0.244529515217253	0.279019375582747	0.177463262781731	0.0540302035915288	0.00552946154527855	9.61102796809139e-05	
1.49708816352195e-05	3.74272040880487e-06	9.48155836897235e-05	0.000310645793930805	0.00254255473104811	0.0099082284955761	0.0321038080932586	0.0848537095349545	0.171306808257938	0.259867058571079	0.261115879614151	0.140161136589334	0.0349657416325247	0.00273967133924517	1.12281612264146e-05	
2.12582109839926e-05	3.75144899717516e-06	0.000100038639924671	0.000571470730569683	0.00438669436069682	0.0143080264752261	0.0442308341596942	0.107902927505749	0.196344588097153	0.266721771284159	0.235437187613716	0.106538650553776	0.0220485162393975	0.00138428467995763	
1.25045485295276e-05	1.12540936765749e-05	0.000160058221177953	0.00116417346809902	0.0066574216371205	0.0210876706401954	0.0601706370692339	0.130861350816359	0.2196411444663	0.267591086257626	0.201186931746423	0.0775444567961596	0.0132960864514467	0.000615223787652759	
2.75193667543534e-05	1.75123242982249e-05	0.0004828397985082	0.00212149300069924	0.00942037959213797	0.0302725543100957	0.0775833492820572	0.155943495234771	0.237395817306429	0.256990857315836	0.167566675047565	0.0540567924676991	0.00775795966411362	0.000362755289034658	
4.28450634295961e-05	0.000144917126305987	0.000801454715918327	0.00393292479305204	0.0143518360999903	0.0398144052664144	0.0975733312162831	0.181151448478181	0.249190669353304	0.238510907219015	0.134374720404457	0.0359192849410943	0.00403751715377723	0.000153738168776786	
1.26298825547221e-05	4.29416006860552e-05	0.000348584758510331	0.00151684889482213	0.00585773952888012	0.0200865652150301	0.0534345071125184	0.121772275639609	0.204630620139863	0.254748520093512	0.211515169120442	0.101189356040178	0.0228424055884704	0.00196268374900382	3.91526359196386e-05	
2.90891062561814e-05	3.6677568757794e-05	0.000562810968869597	0.00263446123180982	0.00851804915806009	0.0283985561685347	0.0698707684835975	0.147660097587628	0.223690168135034	0.249336641902984	0.181194778126004	0.0733564022593382	0.0138780331716991	0.000822083437674693	1.13826937524188e-05	
5.05341459223998e-06	4.80074386262798e-05	0.000120018596565699	0.000971518955358135	0.00418170057507858	0.0125210980059226	0.0380319982211981	0.0904119038234135	0.17115157211728	0.240044773253287	0.233426063491101	0.149879223391245	0.0509017818339852	0.00790859383685556	0.000396693045490838	
1.38676671558171e-05	4.28636984816165e-05	0.00025970358491803	0.00178136488101542	0.00610933773064452	0.0183721375874293	0.0505350398128117	0.112971059439343	0.193736352954822	0.246417099085743	0.214004578851555	0.117944509160225	0.0337539018572588	0.00393463538120956	0.000123548307388189	
6.16117379162407e-05	0.000123223475832481	0.000521813698678365	0.00269582787943715	0.00821322187895683	0.0261875033792152	0.0656190156456093	0.136591965577899	0.216018297428779	0.243698313724455	0.187896939908437	0.0897481840254595	0.0205971812001212	0.0019715756133197	5.53248258839713e-05	
0.000102532425879684	0.000231323155948069	0.000926543019229831	0.00395375037355564	0.0123301494097508	0.035436206700369	0.0818458837607393	0.159532952296164	0.231975862366473	0.234635453462157	0.160350710912326	0.0648767672776516	0.0127790413718338	0.00102032267704662	2.50079087511425e-06	
7.51623506774633e-06	0	0	0.000150324701354927	0.000417151046259921	0.00165482442074882	0.00578123747294155	0.0179976248697186	0.0470215665838211	0.103527369117293	0.179536548945723	0.240651056281568	0.218931642347471	0.130872684999599	0.0453817746332077	0.00758763930088992	0.000481039044335765	
2.25369041805957e-05	0	2.3788954412851e-05	0.000247905945986553	0.000688627627740425	0.00259174398076851	0.00894214275876748	0.0259737820681366	0.0615983673264971	0.125667029761234	0.200603488211947	0.241649450975973	0.194490978978077	0.10272571335562	0.0304511136986816	0.00416431907248119	0.000159010379496425	
3.38607670341605e-05	0	3.63689719996539e-05	0.000392534077099712	0.00102460172840404	0.00398553769016897	0.0139318244808329	0.0351913697683547	0.0790448253850408	0.150417051780637	0.216027931370496	0.233036069241506	0.167444001188889	0.0774972629213314	0.0197934994851909	0.00206926909653203	7.39920464820544e-05	
2.25557408746364e-05	3.75929014577274e-06	6.2654835762879e-05	0.000609005003615184	0.0017518292079301	0.00623164996497595	0.0204091862014002	0.0461766139572418	0.0983806231148726	0.173720556926304	0.226637578114916	0.217037604179328	0.138766677150909	0.0574544843945601	0.0115385145540918	0.00115911446161326	3.75929014577274e-05	
3.15439501857939e-05	5.80408683418607e-05	0.000117343494691153	0.000649805373827354	0.00277208234232757	0.00987704168217578	0.0287087799430947	0.0579765186834817	0.121601927966235	0.191767029001508	0.230687216498748	0.197887817095559	0.110947643351482	0.0395674693550524	0.00679456687002	0.000547602975225382	7.57054804459053e-06	
1.38239929221156e-05	4.90123385420463e-05	0.000108078490118359	0.000262655865520197	0.00117252594512126	0.0049037473074632	0.0146898775696918	0.0361296338652638	0.0767608625166202	0.141438298492682	0.20612201810189	0.226815278779668	0.173581595489859	0.0880236465682566	0.025898622376269	0.00375761262155688	0.000270196225295896	2.51345325856648e-06	
1.00322033728268e-05	7.39874998745975e-05	0.000109100211679491	0.00058437584646716	0.00216695592853058	0.00753543875841451	0.020846918608734	0.0463174289469196	0.0965624655143009	0.163978872179697	0.216930095606898	0.217036687767734	0.145054374542281	0.064656296712447	0.016047763320258	0.00194248537806358	0.000146720974327592	
7.5028323192005e-06	0.000163811838969211	0.000201326000565213	0.00127673196631728	0.00345755522709823	0.0109291257449687	0.0286095501051647	0.0611518348176437	0.115926262163967	0.180230537027728	0.223798233833272	0.200409404550218	0.116691551060525	0.0464212740309467	0.00955610743055503	0.00108791068628407	8.12806834580054e-05	
3.99447264847268e-05	0.000198475359720986	0.000378226628902257	0.0016090235137129	0.00619642569594324	0.0157656842344406	0.0387513777809955	0.0770383981166061	0.137840513189874	0.196178537948114	0.221231371090254	0.176095078435215	0.0911601072016597	0.0314464859251011	0.00546119307408374	0.000579198534028538	2.99585448635451e-05	
9.99264291665261e-06	0.000121160795364413	0.000297281126770415	0.000544599038957568	0.00268802094457955	0.00806406283373866	0.0203924860321588	0.0502942208798772	0.096556410342885	0.15964995771863	0.209200975781581	0.210778564282047	0.149653567560883	0.0676689287512069	0.0207534702575229	0.00303901252702698	0.000286039403489181	1.24908036458158e-06	
6.22741006997118e-05	0.000267778633008761	0.000562957870325395	0.0011657711650986	0.00459333766761074	0.0111408366151784	0.0277792308401274	0.0631384652174238	0.115973057733073	0.177391512289171	0.211881400220699	0.196666591937746	0.125471103571793	0.0488926419413577	0.0131933909742409	0.00163531788437443	0.000184331338071147	
9.33285051386675e-05	0.000316072537402954	0.000720496059670513	0.00203580579209147	0.00635380462984048	0.0154962649932244	0.0374819720437574	0.0783872336560011	0.13716054867206	0.189764227308418	0.214430329026534	0.175498654202956	0.0994185011939827	0.0338197615021161	0.0080100745010347	0.000951950752414408	6.09746233572628e-05	
0.000110832024726749	0.000601481662281122	0.000958883809433673	0.00308088122667391	0.00828874108518251	0.0213171078569943	0.0493102885742145	0.0978036579549374	0.160837192736891	0.196744278141061	0.204512482301122	0.153530996230466	0.0742163615465177	0.0233880478246413	0.00476826767054745	0.000514310406878061	1.61889474319971e-05	
