# <P(U)> as a function of N_tot.
# number_of_species: 1
# species_total_upper_bound: 103
# species_total_lower_bound: 0
# volume: 729
# Bin widths for each
10	10	10	10	10	10	10	10	10	10	10	10	10	10	10	10	10	10	10	10	10	10	10	10	10	10	10	10	10	10	10	10	10	10	10	10	10	10	10	10	10	10	10	10	10	10	10	10	10	10	10	10	10	10	10	10	10	10	10	10	10	10	10	10	10	10	10	10	10	10	10	10	10	10	10	10	10	10	10	10	10	10	10	10	10	10	10	10	10	10	10	10	10	10	10	10	10	10	10	10	10	10	10	10	
# Bin lower bound for each
0	0	0	0	0	-10	-10	-10	-10	-10	-10	-10	-10	-20	-20	-20	-20	-20	-20	-20	-20	-20	-30	-30	-30	-30	-30	-30	-40	-40	-40	-50	-50	-50	-60	-60	-60	-60	-60	-60	-60	-60	-60	-60	-70	-70	-80	-80	-80	-80	-90	-90	-90	-90	-90	-100	-90	-100	-110	-110	-110	-110	-110	-120	-120	-120	-130	-130	-140	-140	-140	-160	-160	-160	-180	-180	-180	-180	-180	-180	-180	-180	-190	-190	-190	-190	-200	-200	-210	-210	-220	-220	-220	-220	-230	-240	-250	-250	-250	-250	-260	-260	-270	-270	
# Bin upper bound for each
0	0	0	0	0	0	0	0	0	0	0	0	0	0	0	0	0	0	0	0	0	0	0	0	0	0	0	0	0	0	0	0	0	0	0	0	0	0	-10	0	-10	-10	-10	-10	-10	-10	-10	-10	-10	-10	-10	-20	-20	-20	-20	-20	-20	-20	-30	-30	-30	-30	-30	-30	-30	-40	-40	-40	-40	-40	-50	-50	-50	-50	-50	-50	-60	-60	-60	-60	-60	-70	-70	-70	-70	-70	-70	-80	-80	-80	-80	-90	-90	-90	-90	-100	-100	-100	-100	-100	-110	-110	-110	-110	
# Normalized histogram for each
1	
1	
1	
1	
1	
4.06705001220115e-05	0.999959329499878	
9.34384411976316e-05	0.999906561558802	
0.000515692907979882	0.99948430709202	
0.00148553848444061	0.998514461515559	
0.00375135801017076	0.996248641989829	
0.00752092251679082	0.992479077483209	
0.0156498368447739	0.984350163155226	
0.0308424686347777	0.969157531365222	
3.09951616552656e-06	0.055661111300526	0.944335789183309	
4.98880636571692e-05	0.09450670059055	0.905443411345793	
6.56291018188637e-05	0.147493593349584	0.852440777548597	
0.000149428901417395	0.216525591255919	0.783324979842664	
0.000427142755442201	0.301909451926321	0.697663405318237	
0.000832490565106929	0.398503983621519	0.600663525813374	
0.00178017457394181	0.498731740912347	0.499488084513711	
0.0041639030142236	0.597123959024246	0.39871213796153	
0.00775265343793263	0.685592985694509	0.306654360867559	
9.27322634090853e-06	0.0145466010534385	0.760243824031257	0.225200301688964	
4.02592696968477e-05	0.0264007903204328	0.814909556002193	0.158649394407678	
0.000286586812692406	0.044026513902542	0.849027299705093	0.106659599579673	
0.000694425154856809	0.0703468113540056	0.861053242348206	0.0679055211429312	
0.00130651772777372	0.106704107790809	0.850707129500056	0.041282244981362	
0.00243186453247636	0.156000865212286	0.818181818181818	0.0233854520734194	
1.24274161227083e-05	0.00463853306780088	0.219250688944881	0.762639458910302	0.0134588916608931	
0.000137127612826418	0.00834920169913578	0.292736288017852	0.691235363964733	0.007542018705453	
0.000218773244657245	0.0147359406936987	0.378224561359644	0.602779670339974	0.00404105436202597	
1.56446535960801e-05	0.000522531430109075	0.0257010369276403	0.463263224425685	0.508673395953667	0.00182416660930294	
3.13200786760376e-05	0.000707833778078451	0.0398516681073903	0.54029641322459	0.418260858671277	0.000851906139988224	
5.94167774216246e-05	0.00136033148307404	0.0640419044640763	0.607373934797905	0.326792275818935	0.00037213665858807	
1.56084647826209e-05	9.36507886957255e-05	0.00271899456513256	0.0967724816522497	0.655664780123557	0.244559669600017	0.000174814805565354	
2.19206909401784e-05	0.000200417745738774	0.00556159244425099	0.140142108707838	0.679231397945092	0.174764274284211	7.82881819292087e-05	
2.7961946897156e-05	0.000295153883914424	0.0101936830855076	0.193403466038662	0.676654259847266	0.119397513250856	2.7961946897156e-05	
2.17110139974009e-05	0.000471439161086419	0.0176727653938843	0.254617467441233	0.649292686179699	0.0779208292366718	3.10157342820013e-06	
8.7074152970628e-05	0.000873851320883803	0.0283737347037146	0.323900300094849	0.597216736896117	0.0495483028314649	
0.000105154422362016	0.00167009964927907	0.0435803225147989	0.395761039667959	0.529075197783097	0.0298020004082466	6.18555425658916e-06	
0.000271761788439624	0.00304496731138033	0.06738148252232	0.460318146584603	0.452051029452184	0.0169326123410734	
0.000480274442538593	0.00510525495088102	0.101066583502261	0.515031966318416	0.369368470294714	0.00894745049118977	
0.000838267873856442	0.0092398549103274	0.141352132383296	0.554753703662852	0.28943561882132	0.00438042234834757	
0.00139517119255572	0.0173386320378022	0.192303200371204	0.572234830669777	0.214452332177004	0.00227583355165763	
8.57248992732433e-05	0.00215264747063922	0.0300418147008677	0.248649832836446	0.563793612542505	0.153993669057439	0.00128269849282927	
0.00029089653673288	0.00393509490899094	0.0481577618228664	0.313170900116998	0.527117311220934	0.106551245740444	0.000776789653033955	
6.36975132490828e-06	0.000621050754178557	0.00577417957602935	0.0725801314716674	0.373270612515287	0.478355584997962	0.0690481043620057	0.000343966571545047	
5.41303011873641e-05	0.000885189631181601	0.0101128139159452	0.104331379335598	0.428562331041817	0.413628736184833	0.0422821334980593	0.000143286091378317	
9.86187019233828e-05	0.00170833041718892	0.0171628353831178	0.145341697895922	0.468254321726018	0.341981027034249	0.0253990876179448	5.40812236354035e-05	
0.000200919125268291	0.00286070564072471	0.0274079200405665	0.191734250970312	0.491011261038592	0.273017199314961	0.0137486087147873	1.91351547874563e-05	
2.53328900077582e-05	0.000430659130131889	0.00500324577653224	0.0425782548805396	0.241115280482592	0.49626181541823	0.206729048908311	0.00785002929115407	6.33322250193955e-06	
5.99791020181389e-05	0.000719749224217667	0.0069828301928486	0.0649447403062722	0.290118916461738	0.480063262168655	0.15272573450724	0.00438478803701026	
0.00018937241980078	0.00178325695312401	0.0112013786312162	0.0946009923114798	0.340649421151637	0.442260349202742	0.107096415811335	0.00221881351866581	
0.000325515639111661	0.00341791421067244	0.0188575677599099	0.129874357345962	0.387041286233561	0.389722003261539	0.0696348161315339	0.00112653941770997	
0.000620178828884989	0.00501897299664656	0.0310888613964253	0.171303622291912	0.419624504096697	0.32868838571287	0.04321751333864	0.000437961337923935	
2.2384814142086e-05	0.00089539256568344	0.00781230013558802	0.0481945048479112	0.216039039115864	0.435000895392566	0.266149044488219	0.0257745145693162	0.00011192407071043	
0.00169256612185199	0.0128251802742596	0.069296211845408	0.265183595521406	0.431840681625119	0.204695114551598	0.0144411018924805	2.55481678770111e-05	
1.5971328271487e-05	0.00310802048163138	0.019354055599388	0.097856328319401	0.310840379350989	0.411316005506914	0.150009103657115	0.00747458163105593	2.55541252343792e-05	
6.35364381472775e-06	0.000225554355422835	0.00565156617320033	0.0296365715737976	0.133782324162907	0.348989770633458	0.372688862062393	0.105146451489929	0.00387254590507656	
4.71615061498604e-05	0.000672837487738008	0.00833501018688533	0.0434577558668914	0.171633297280982	0.37840820484443	0.325587317956586	0.0699908192268028	0.00186759564353447	
0.000209893173772751	0.00148178315215689	0.0137088437079039	0.0617148585570627	0.211757150465211	0.393512108016666	0.272475799630337	0.0444315654271483	0.000707997869740923	
0.000316537022295489	0.00306821529531964	0.0196535016516338	0.0841016930029648	0.252051222585073	0.398259986586352	0.215216968891619	0.0269996677928281	0.000332207171914077	
0.000811644902209373	0.00512783407209798	0.0292192164795374	0.113255922962944	0.293938145108266	0.379164005750724	0.161797321571823	0.0165254677182397	0.000160441434157667	
1.25696436820257e-05	0.00143922420159195	0.00850650636181091	0.0413824094121492	0.14681029579514	0.328875299707442	0.345215836494075	0.119113085941796	0.00857249699114154	7.22754511716479e-05	
0.000172765281089112	0.00312548099424849	0.0134285741210174	0.0575371209765322	0.185107004532733	0.35215532541126	0.301996852530697	0.0820101083395372	0.00444163831745463	2.51294954311436e-05	
0.000641228125592267	0.00448859687914587	0.0207972708320172	0.0773864426053446	0.225608061153579	0.360095394529029	0.255354096910733	0.0537778760502875	0.00185103291427127	
3.46844503302906e-05	0.00136215295842596	0.00705355594444182	0.0313673556259755	0.104538933295496	0.261114001481972	0.356953444008261	0.204108530798215	0.0328114900124549	0.000655851424427312	
0.000120082920416625	0.00260390332692891	0.0105862574577814	0.0428664425118819	0.133544847810699	0.2962319243604	0.338178784508039	0.15656916776216	0.0189446607341491	0.000353928607543735	
6.35388603670005e-06	0.000308163472779952	0.00375832359070808	0.0169489910028974	0.060539826157678	0.16587772581711	0.319981700808214	0.307861663193209	0.114843313170335	0.00974050729426117	0.000133431606770701	
0.000121109361753664	0.00100711995563573	0.00631043516505931	0.0258090424073991	0.082618894335269	0.198466373029583	0.331594245393064	0.269187866116788	0.079568850672157	0.00527781850168597	3.82450616064201e-05	
0.000413858530420194	0.00191966687571828	0.00884065491520675	0.0371294772330055	0.109682061142823	0.236669775911523	0.328046555901145	0.223254392471595	0.0514457988583872	0.00259775816017599	
6.38453410458505e-06	5.10762728366804e-05	0.000584184870569532	0.00286665581295869	0.0138320931375835	0.0517211107812435	0.138659311683378	0.264993280277855	0.314141423814951	0.178980836820885	0.0328228898316718	0.00134075216196286	
7.91580120573484e-05	0.000132985460256345	0.000737752672374487	0.00545873651147475	0.0201852930746238	0.0671798216728304	0.168742717462891	0.288483459141801	0.292501519833831	0.136753381630275	0.019184735802219	0.000560438725366027	
7.90066650022596e-05	0.0001643338632047	0.00125778610683597	0.00906048434245913	0.0286667783294199	0.0871285501644919	0.198003343562063	0.301615844312626	0.262523346469508	0.0997601357650531	0.0115128512241293	0.000227539195206508	
6.94133311457617e-05	0	0.000170378176448688	0.000422790289706003	0.00281755021423478	0.0131159644351332	0.0418909453464672	0.11086886559686	0.227009989209382	0.30362968618864	0.22411671536117	0.0697256911359176	0.0060831319295013	7.8878785392911e-05	
3.45896721527983e-05	1.25780626010176e-05	0.000455954769286887	0.000877319866420975	0.00460671542762268	0.0180903985359135	0.0548340639091361	0.139622783902595	0.253058041469872	0.298213286207525	0.181432263988378	0.0457527027112014	0.00299357889904218	1.5722578251272e-05	
5.03830687697399e-05	8.50214285489361e-05	0.000484937036908747	0.00135404497318676	0.0066977992045773	0.0256134925858165	0.0704355301400964	0.168808471913014	0.277840581672529	0.27584100363073	0.143859406046598	0.0276666026381834	0.00126272566104161	
5.94792746032889e-05	0.000140871966165684	0.000488356149374372	0.00270161126224412	0.0100645193605039	0.0347265049039097	0.0928408866794599	0.199027044287016	0.290481124721778	0.246795162769731	0.106267550299118	0.0158371394851599	0.000569748840936767	
6.8496349455921e-05	0.000242850693525538	0.000716098198857356	0.0043308373678721	0.0152030761087847	0.0487226987561686	0.115905163690708	0.229419182091318	0.28950916138674	0.211784485576848	0.0749848218316547	0.00901661036474306	9.65175833242524e-05	
3.73328189700497e-05	0.00043554955465058	0.00134709255116929	0.00649279943254115	0.0212797068129284	0.0659857575295629	0.143143361135913	0.250353884013154	0.280593467378894	0.173809160851562	0.0516592882498063	0.00483771112486895	2.48885459800332e-05	
6.82200157526218e-05	0.000486842839689165	0.00259546150840657	0.00976786589185267	0.033114615828284	0.0824376872174296	0.170376388432366	0.266420867882637	0.262938546169446	0.136502049701382	0.0329750748869718	0.00231327871597527	3.10090980693736e-06	
0.000163741967375185	0.000540657439446367	0.00455079090459713	0.0150519031141869	0.0448374938210578	0.103549802273851	0.194988877904103	0.275188457736036	0.236665842807711	0.102295477014335	0.0208879139891251	0.00127904102817598	
2.76752767527675e-05	0.00027060270602706	0.00118081180811808	0.00690344403444034	0.0222416974169742	0.0592527675276753	0.125282902829028	0.220713407134071	0.275009225092251	0.201039360393604	0.0745879458794588	0.0128874538745387	0.000602706027060271	
1.53376115044356e-05	0.000604301893274764	0.0020981852538068	0.0101933766058479	0.0315371967754206	0.0742616473821765	0.14840979643922	0.23696303022123	0.267813102001252	0.167410029570915	0.0529024896010994	0.0075767800831912	0.000214726561062099	
8.96132108413444e-05	0.000917762883444114	0.00361233943012178	0.0151755337393739	0.0406071449540037	0.0950456254847611	0.171853417507949	0.250119741790348	0.246683538671191	0.135266506598931	0.0364663965909899	0.00406967581648451	9.27033215600115e-05	
0.000370725076462047	0.00175785473755754	0.00625907504093423	0.0209119836880966	0.0536439185640582	0.118656739472953	0.196709814946399	0.257502548734901	0.215826871389292	0.102675399301801	0.0234545398374988	0.00219345670240044	3.70725076462047e-05	
5.2461201855275e-05	0.000857894947986261	0.00332357143518419	0.00889680264404457	0.029248663010841	0.0682705393320146	0.141993957703928	0.219435949501464	0.254248585862015	0.181771892522427	0.0768340590466257	0.0140318285197609	0.00102762236575333	6.17190610062059e-06	
0.000111315533155022	0.0011873656869869	0.0047587390423772	0.0133640481748891	0.0389078709358235	0.0893214390624758	0.167233035976562	0.237686492169261	0.233753343331117	0.151086099472797	0.0538334286730261	0.00828991512190597	0.000466906819622455	
3.06927350296185e-06	0.000309996623799147	0.00202572051195482	0.00695190448420859	0.0189005862312391	0.0523280439519966	0.110987999140603	0.189463184064332	0.245007826647433	0.212992234738037	0.121309965931064	0.03563733464289	0.00395322427181486	0.000128909487124398	
4.27923866230999e-05	0.000592980214634385	0.00306576884164066	0.00879689205009154	0.0279159190734837	0.0645400888247682	0.133845415559923	0.21315499096775	0.243724038011866	0.185981825462081	0.0947423439835433	0.0213472877268379	0.00221297770822317	3.66791885340857e-05	
7.32817714646889e-05	0.000109922657197033	0.0010534254648049	0.00453125620223326	0.0138777354711255	0.0369645468896468	0.0825458087406833	0.154865756954898	0.228388747583992	0.233240611536383	0.159311517757089	0.0697703532486725	0.0140365126426323	0.00122441626488918	6.10681428872407e-06	
0.000259557043004022	0.000287039553439742	0.00184438181146387	0.00649503329964181	0.0199370345149795	0.0510747188386502	0.101798272266177	0.176617880121289	0.236114461602352	0.216330107700905	0.132013765684116	0.0480638571398035	0.00847377405101365	0.000690116373163634	
0.000277574960324883	0.000570235516319597	0.00287531453466972	0.00977546599405024	0.0294319971518395	0.0640021481888234	0.124169537958376	0.197835518733293	0.237335642435177	0.192612885512397	0.103586751226459	0.0326361776721116	0.00467050041937956	0.000220249696779527	
0.000368360824524377	0.00102054064499377	0.0044263685963339	0.0157036446586171	0.0406072518772815	0.0816462709505219	0.146477776066812	0.21365531692618	0.2293740583399	0.165469493986962	0.0768636189337464	0.0217302692959175	0.00253021615533957	0.000126812742869048	
6.01051840721262e-05	0.000781367392937641	0.00175807663410969	0.00659654395191585	0.0224763335837716	0.0505394440270473	0.101637866265965	0.168976709241172	0.225033809166041	0.213496619083396	0.137785123966942	0.0572231404958678	0.0121652892561983	0.00138842975206612	8.11419984973704e-05	
4.23265066724714e-05	0.000151166095258827	0.000855600099164958	0.00273610632418476	0.00907903568124513	0.030946723021387	0.0635169699058538	0.125126223689541	0.186629661206547	0.228393830004656	0.195351944902982	0.109604489028365	0.0396266802111488	0.0072529492505185	0.000686294072475073	
3.60133249302242e-05	7.20266498604484e-05	0.00029710993067435	0.00134149635365085	0.00525494432940188	0.0144143333033222	0.0386753098646499	0.0820803697368026	0.143885237537889	0.200717265388194	0.224351009873653	0.171084301191441	0.0868611386212899	0.0265088082590559	0.00408751237958044	0.000333123255604574	
5.96621333389018e-05	3.2814173336396e-05	0.000584688906721238	0.00255055620023805	0.0081438812007601	0.0200196288418685	0.0490124425379078	0.101118366689438	0.164142461241987	0.211186053379711	0.216096246953502	0.14185567133324	0.0659385897661543	0.0171588295482682	0.00190918826684486	0.000190918826684486	
0.000177165703082093	0.00024212646087886	0.00122539611298447	0.00370276319441574	0.0115039596534639	0.027939031376046	0.0643347723125439	0.118969722381343	0.178456059952874	0.219018147673519	0.201212994513769	0.11382010594509	0.0478967478282438	0.0105767924740009	0.000826773281049766	9.7441136695151e-05	
0.000227610296156012	0.000399777058632996	0.00125769279029797	0.00602291860597448	0.0153987119591702	0.0386674876200425	0.0801421688926759	0.136557423451448	0.193413308198931	0.221952137640031	0.175945677009317	0.0918699353061504	0.0316961927800847	0.00598206547589519	0.000461056753751922	5.83616143989775e-06	
0.000122364786910464	0.000410796070342272	0.000518593620715776	0.00183255835634957	0.00720204174387302	0.0193627708049272	0.0514631332377723	0.101023785383818	0.159045088510529	0.208101714272396	0.20852125068466	0.148824715356198	0.0685708958267781	0.0216381731520004	0.00311447517160205	0.00024764302112832	
0.000282305827432559	0.000602446456479792	0.000846917482297678	0.00312573668724298	0.0110914176118091	0.0260157916641201	0.0643948323481733	0.121181959202442	0.178024383074456	0.207276505461308	0.196257847083373	0.125678479855879	0.049391878323278	0.0141705883893725	0.0013998876597429	0.000259022872592761	
1.46640036835977e-05	0.000445785711981371	0.000607089752500946	0.00139014754920506	0.00472767478759191	0.0158605863841793	0.0353754424863112	0.0792970663194231	0.142733546254667	0.187787231172152	0.208645310011702	0.177935953497512	0.100759302110737	0.0352581304568424	0.00827929647975928	0.000783057796704119	9.97152250484645e-05	
1.17806444012487e-05	0.000715674147375861	0.000698003180773988	0.0014490192613536	0.00643223184308182	0.0231754726983566	0.0457000647935442	0.100465335453849	0.166142427990811	0.19028391353007	0.200609648347765	0.158526241385404	0.0751251693467633	0.0251722919243683	0.0050273899982329	0.000450609648347765	1.47258055015609e-05	
