# <P(U)> as a function of N_tot.
# number_of_species: 1
# species_total_upper_bound: 103
# species_total_lower_bound: 0
# volume: 729
# Bin widths for each
10	10	10	10	10	10	10	10	10	10	10	10	10	10	10	10	10	10	10	10	10	10	10	10	10	10	10	10	10	10	10	10	10	10	10	10	10	10	10	10	10	10	10	10	10	10	10	10	10	10	10	10	10	10	10	10	10	10	10	10	10	10	10	10	10	10	10	10	10	10	10	10	10	10	10	10	10	10	10	10	10	10	10	10	10	10	10	10	10	10	10	10	10	10	10	10	10	10	10	10	10	10	10	10	
# Bin lower bound for each
0	0	0	0	-10	-10	-10	-10	-10	-10	-10	-10	-10	-20	-20	-20	-20	-30	-30	-30	-30	-30	-30	-30	-30	-30	-30	-40	-40	-40	-40	-50	-50	-50	-60	-60	-60	-60	-70	-70	-70	-70	-70	-70	-80	-80	-80	-80	-90	-90	-90	-90	-90	-100	-110	-110	-110	-120	-120	-120	-120	-130	-130	-130	-130	-130	-140	-140	-150	-150	-160	-160	-160	-160	-180	-180	-180	-180	-190	-190	-200	-200	-200	-200	-200	-210	-210	-220	-220	-220	-220	-250	-250	-250	-250	-250	-260	-260	-260	-260	-270	-270	-270	-270	
# Bin upper bound for each
0	0	0	0	0	0	0	0	0	0	0	0	0	0	0	0	0	0	0	0	0	0	0	0	0	0	0	0	0	0	0	0	0	0	0	0	0	0	-10	0	-10	-10	-10	-10	-10	-10	-10	-10	-10	-10	-10	-20	-20	-10	-20	-20	-20	-20	-20	-20	-30	-30	-30	-30	-30	-30	-30	-30	-40	-40	-40	-40	-40	-50	-50	-50	-50	-50	-60	-60	-60	-60	-60	-70	-70	-70	-70	-80	-80	-80	-80	-80	-90	-90	-90	-90	-90	-100	-100	-100	-100	-110	-110	-110	
# Normalized histogram for each
1	
1	
1	
1	
2.82897835690108e-06	0.999997171021643	
2.89564177662454e-05	0.999971043582234	
0.000115001971966329	0.999884998028034	
0.000493140890635057	0.999506859109365	
0.00152391206667062	0.998476087933329	
0.00364191770878949	0.99635808229121	
0.00777188300711271	0.992228116992887	
0.0163724844747347	0.983627515525265	
0.0314991650440253	0.968500834955975	
7.07349645759297e-06	0.0564747957174223	0.94351813078612	
3.89654737563992e-05	0.0942319763429982	0.905729058183245	
9.24357678070396e-05	0.145899193817896	0.854008370414297	
0.000241874785691826	0.213931133980135	0.785826991234173	
7.10228281574264e-07	0.000510654134451896	0.299097725991088	0.700390909646178	
2.8420636792788e-06	0.00108424729364486	0.394869932955718	0.604042977686958	
4.26498341987696e-06	0.00209623935086952	0.495488002957055	0.502411492708655	
1.41861176071708e-05	0.00423313749397977	0.594730282892464	0.401022393495949	
1.9149085560242e-05	0.00790077085707761	0.684837966821018	0.307242113236344	
5.32111888230962e-05	0.0145032416256231	0.761049125988487	0.224394421197067	
0.00010375065732437	0.0260065945623286	0.81603587214508	0.157853782635267	
0.000233681535394229	0.0441430812863707	0.849025391736197	0.106597845442038	
0.000565994133854768	0.0711275442182917	0.860429828459693	0.067876633188161	
0.00124430612493318	0.107658106248652	0.85010951744698	0.0409880701794349	
2.14082794379898e-06	0.00249549177315502	0.158177213455532	0.816000119886365	0.0233250340570045	
3.07234588612886e-05	0.00470569069908015	0.222360676259054	0.76003978330673	0.0128631262762739	
7.94097636808357e-05	0.00870073464762454	0.296868035996231	0.687375206840972	0.00697661275149108	
0.000216585595985661	0.0151960171124065	0.379861828397016	0.601027888075998	0.00369768081859348	
7.17450696788117e-06	0.000482844318938403	0.0258640976192116	0.463938058176642	0.507923525495328	0.00178429988291205	
2.29307505664612e-05	0.00088068413894315	0.0412438212376013	0.542350229952433	0.41468040982984	0.000821924090616594	
1.86446487706723e-05	0.00176335351258012	0.0642889002669053	0.609279154852413	0.32428852737393	0.000361419345400724	
3.59212691990204e-06	5.89108814863934e-05	0.0035016053215205	0.0973092814093782	0.657150164555334	0.241820547397037	0.000155898308323748	
5.04975086693401e-06	0.000143557203217124	0.00646440250265653	0.139990636319107	0.679780869668094	0.173552723366712	6.27611893461799e-05	
6.47985485125133e-06	0.000323272758690205	0.0110848716988739	0.192600005759871	0.676763960487285	0.119194770037151	2.66394032773666e-05	
1.87540393315483e-05	0.000678030652755978	0.0184568599390638	0.255971718908688	0.647385109869818	0.0774866413535223	2.88523682023821e-06	
2.88365393557485e-06	6.77658674860089e-05	0.00125655220242674	0.0300750687210779	0.326845592587279	0.59349418835595	0.048257948611845	
5.77350121712623e-06	8.08290170397672e-05	0.00240755000754164	0.0469948565321032	0.39738070683532	0.52436164922949	0.0287671915019836	1.44337530428156e-06	
1.95614326793294e-05	0.000187644854220234	0.00433249508971815	0.0716585993869302	0.46128828697636	0.446495496885747	0.0160179153743442	
2.46805143709554e-05	0.000338268226378389	0.00715517147513257	0.104982923261748	0.516211831403051	0.362678706886226	0.00860841823309294	
4.28467372209606e-05	0.000713143999169209	0.0123863381362831	0.145597570372135	0.553730897798912	0.28314866873735	0.0043805342189294	
0.00012386490564773	0.00141351715856821	0.0210504764062856	0.195852274341822	0.568498385748833	0.210912789634402	0.00214869180444209	
7.28111511734245e-07	0.000192221439097841	0.00251344093850661	0.033540456788038	0.253131607611969	0.558802285687658	0.150790437857139	0.00102882156608049	
8.00607297026035e-06	0.000350083736245021	0.0044266305277385	0.0515751220744172	0.316415288105814	0.524804633623905	0.101912214137706	0.000508021721203793	
8.00316052084569e-06	0.000636615041430907	0.00735417695860984	0.0759332594617365	0.37473125750751	0.474529941642409	0.0666117601350933	0.000194986092689695	
5.10138641107263e-05	0.000970720957078392	0.0123635743519782	0.107851325194436	0.426377520084887	0.411896870372314	0.0404088105315936	8.01646436025699e-05	
2.18591339119689e-06	0.00011512477193637	0.00186531276048801	0.0196433463710923	0.147693424189609	0.46510480726073	0.341595600193526	0.0239430380115766	3.71605276503471e-05	
8.02129288657163e-06	0.000261785831479929	0.0034535311918912	0.0310402158456995	0.194793451708171	0.487232289349911	0.270235169723265	0.0129551172202574	2.0417836438546e-05	
6.91766378115133e-05	0.000541762300334378	0.00565063904649835	0.0467269984038401	0.246117370180937	0.489428353392131	0.204515268376228	0.00694533443627594	5.09722594400624e-06	
0.000106011975697668	0.000978234644713658	0.00899347112453117	0.068853681540025	0.298984478384524	0.470584966770729	0.147859654766518	0.00363950079326203	
0.000168853107299206	0.00188004412109765	0.0143876004803907	0.0976424159005536	0.349798582364864	0.433089946076651	0.101313326311188	0.00171923163795555	
4.39973014988414e-06	0.000307247822133576	0.00305927903088611	0.0225860147244302	0.132696594608864	0.393705452732232	0.380864840289796	0.0659688205790045	0.000806617194145426	7.33288358314023e-07	
1.24620731465049e-05	2.05257675354198e-05	0.000563725544097779	0.00474951599507088	0.0346782842510917	0.174419908821608	0.423554344535271	0.320765699096646	0.0408624047842632	0.000373129131268881	
1.53886739359831e-05	8.35385156524798e-05	0.00099440145386329	0.00773390784382694	0.0506184781334271	0.219355287841482	0.437893510376363	0.258573689764333	0.0246006272716614	0.000131170125454332	
4.24079838147736e-05	0.000171094279528569	0.00171825451663307	0.0122829606914549	0.0723853101668754	0.267048192286573	0.434031822073648	0.198528589196054	0.013733606206774	5.77625986442606e-05	
2.19022546180904e-06	6.05962377767167e-05	0.000270127806956448	0.0028925577598958	0.0191725036175224	0.101293547157744	0.313007310972592	0.411132331962252	0.144986354895373	0.00716203726011556	2.04421043102177e-05	
7.32208075962195e-06	0.000109831211394329	0.000505223572413914	0.0049834081649987	0.0296837153995074	0.135483389127589	0.351005175246681	0.373090767441929	0.101619497822413	0.00351020551616276	1.46441615192439e-06	
5.84375408606243e-06	0.00014974619845535	0.00086779748178027	0.00806584157728766	0.0429077643769134	0.174417797737445	0.378392573172932	0.325850649715884	0.0677108481259446	0.0016289464514899	2.19140778227341e-06	
8.02868722935113e-06	0.000286843098284999	0.00151888164766179	0.0126371536989987	0.0614114286173068	0.214413391266394	0.394491736656139	0.270982061723088	0.0435278927542558	0.000722581850641602	
5.82520595743813e-06	2.54852760637918e-05	0.000439074899041899	0.00288129249669784	0.0193418682309286	0.0851586858917881	0.256211489927491	0.395037070154412	0.214398161565	0.0261879415324078	0.0003131048202123	
4.37557930846886e-06	5.104842526547e-05	0.000807294382412505	0.00497284588407486	0.0291340655622218	0.114644553461193	0.296912226608335	0.376873021417731	0.16096224823099	0.0154953848577244	0.000142935590743316	
1.08759725838483e-05	0.000120360763261255	0.00134499527620257	0.00819178255015455	0.0426127856483566	0.148603488866992	0.331782419642877	0.342524255231524	0.116465714946559	0.00829981721115411	4.35038903353932e-05	
2.31031751704401e-05	0.000266408488684137	0.00236663150652195	0.0130814509660376	0.0594054831054422	0.186774731768526	0.353325521572229	0.299175288843838	0.0813246205483972	0.0042408765922239	1.58834329296775e-05	
3.68320135195156e-05	0.00065936526163368	0.00376914271683042	0.0203031058053753	0.080462061220584	0.226019289864335	0.360708907930799	0.252286293074498	0.0536757988394305	0.00207342570224567	5.7775707481593e-06	
1.37234451336664e-05	7.36732317702089e-05	0.00111737734851483	0.00610982223082546	0.0303995978308289	0.107000979420611	0.262756303395036	0.356671616737403	0.201720920019762	0.0333024676198923	0.000824128994605964	9.38972561777172e-06	
1.51517009948895e-05	0.000142858895094673	0.00201229019403557	0.00980098601497998	0.0428735417389679	0.13775565789768	0.295699875106693	0.337464456634749	0.154257303300257	0.01960197202996	0.000373741957873942	2.16452871355565e-06	
3.62798891867065e-06	2.8298313565631e-05	0.000364975685218267	0.00315852715259467	0.0155089270295333	0.0599713824234095	0.171671356447009	0.319765138509361	0.305432405487261	0.113045232314642	0.0108745339848234	0.000175594663663659	
8.71626804267485e-06	0.000109679706203659	0.000737977360946471	0.0052864165678823	0.0233319968389001	0.0820142714362085	0.205071270018362	0.332478412709481	0.265983456523255	0.0788684250284731	0.00605853264532924	5.08448969156033e-05	
4.34013649729284e-06	2.67641750666392e-05	0.000229303878273638	0.00149879380373179	0.00824408927660775	0.034418729135698	0.107622364723371	0.240362546068741	0.331873600758077	0.220900650658797	0.0518045925877702	0.00299831096354647	1.59138338234071e-05	
2.24686037502274e-05	7.75529226217527e-05	0.000442124138310926	0.00248966625425907	0.0126048867038776	0.0476754779833051	0.137425228473084	0.26886003726889	0.319855070257874	0.176050932700733	0.0331317682138837	0.00135391457436854	1.08719050404326e-05	
3.92168824321439e-05	9.2232297571894e-05	0.000724786086431104	0.00442497156776024	0.0186498063121751	0.0648037195034271	0.168468464542855	0.29186729006985	0.297794849225612	0.132676523176451	0.0199192713212749	0.000535964059905967	2.90495425423288e-06	
6.32114925759192e-05	0.00017800937564483	0.00129474574448607	0.00712909385235539	0.0266694373159964	0.0856225096851632	0.198433953435654	0.306891796456088	0.264419485996111	0.097148798400386	0.0119324407192451	0.000216517526294528	
1.59170806916406e-05	0	0.000124442630861917	0.000422526141996277	0.00240347918443773	0.0105855821636088	0.0378732464984231	0.111177914616438	0.227035450956219	0.310405502100693	0.225354028432247	0.0682336309103919	0.00628001183652001	8.8267447471825e-05	
1.37529777006324e-05	3.61920465806116e-06	0.000207742347372711	0.000712259476706437	0.00395723837312408	0.0155582369840733	0.0528816469407949	0.139154799897794	0.254958491341777	0.299990807220169	0.183850529742986	0.0455932926003913	0.00307849548214683	3.90874103070606e-05	
4.35401636239349e-05	2.10444124182352e-05	0.000277205708405719	0.00124307167146334	0.00621898670428537	0.0229238961480017	0.0701090971366537	0.169186916471099	0.276738377316155	0.279325388704811	0.144160030420061	0.0283018320249514	0.00144625910170837	4.35401636239349e-06	
6.95992100489659e-05	4.49494898232905e-05	0.000457469807717682	0.0021952750836278	0.00980841367450479	0.0333191718273998	0.0918738572317204	0.199345912423894	0.287774608758191	0.250652130098323	0.10704358505531	0.0166885855845536	0.000724266779572052	2.17497531403019e-06	
1.44475265834489e-06	6.35691169671752e-05	8.66851595006935e-05	0.000816285251964864	0.00365739135460009	0.0149531900138696	0.0477064551548775	0.117129709893666	0.227294989597781	0.2880670654184	0.213689031437818	0.0765155455386038	0.0097000693481276	0.000318567961165049	
1.0842662842339e-05	6.93930421909696e-05	0.000195167931162102	0.00137195827165063	0.00585503793486306	0.0216209925518135	0.0638155764248705	0.145263491163953	0.248951875925241	0.279442166682087	0.175516689026647	0.0525833005643967	0.00519724972242783	0.000106258095854922	
8.66274629270554e-06	1.08284328658819e-05	0.000107562433134427	0.000390545478696141	0.0023295568572134	0.0089868773831576	0.031329543863094	0.0833717141120468	0.173179848719574	0.264129300151165	0.259743784840483	0.139490428387242	0.0342496112592601	0.00265080036556789	2.09349702073717e-05	
1.2275928204595e-05	5.05479396659792e-06	0.000156698612964536	0.000658567442505329	0.00378170800043905	0.0134045914859939	0.0442207818466462	0.105752788802043	0.198612964535566	0.271425827397561	0.233319179910227	0.106314593045759	0.020982449755348	0.00134024251457225	1.2275928204595e-05	
7.2219999451128e-06	2.02215998463158e-05	0.000216659998353384	0.00111579899151993	0.0059733161546028	0.0199529414483576	0.0591669567503311	0.130082663011372	0.222608037508179	0.270602560343421	0.200190949678549	0.0771179598139035	0.012322898506346	0.00062036979528519	1.44439998902256e-06	
1.58768762678949e-05	2.81453715658136e-05	0.000495069869080722	0.00200265143833674	0.00866588773749461	0.0286000275680306	0.0764016936296921	0.156364859276751	0.240532510430025	0.259909516238797	0.165947275780619	0.0534964129084777	0.00721315355898223	0.000326919315879835	
2.54007512816493e-05	0.000102328740877502	0.000785971818229321	0.00347482277532963	0.0132149222882158	0.0390678069426785	0.0968654021446943	0.18132435162768	0.255314562903872	0.238567484716005	0.132012784560988	0.0354442083384135	0.0036562567130557	0.000143695678679045	
7.24898749767126e-06	3.18955449897536e-05	0.000339977513640782	0.00137803252330731	0.00560056774070082	0.0192569352875637	0.0525152899268795	0.120595605808759	0.205246382211565	0.258924409733071	0.211668985134501	0.0999156942754021	0.0226617847152199	0.00180572278566991	5.1467811233466e-05	
1.66811115422413e-05	5.14938660651796e-05	0.000559905135243925	0.00237161890187517	0.00825279861909407	0.0273490450063642	0.0690714060363866	0.145845134010973	0.226388793194106	0.252969056538089	0.180464967852597	0.0724069030791156	0.0134602064831503	0.000778210116731518	1.37800486653298e-05	
2.89913895573015e-06	2.75418200794364e-05	0.000171049198388079	0.00107992926100948	0.00374278839184762	0.0121771083988056	0.0370336010204969	0.0891238802075783	0.169925782042733	0.242192618792219	0.236680630852637	0.149475980633752	0.0503109326530021	0.00765517641260546	0.00040008117589076	
7.95253924578118e-06	2.53035339638492e-05	0.000348465810587866	0.00176907850312969	0.00579812406828773	0.0176098137226125	0.0496946947887733	0.110662475437498	0.192484705821114	0.249362712423168	0.217086970415108	0.117805301596436	0.0332314926337798	0.003954580879493	0.000158327826802371	
3.76774735804831e-05	8.18760483575882e-05	0.00060139044368848	0.00264611795222931	0.00824122277893105	0.0249606016802704	0.0648465548660095	0.133505780231644	0.213376227687871	0.248850293630696	0.190372680933387	0.0901013306669275	0.0203588779358541	0.00194980925779	6.95584127639687e-05	
6.65301352586576e-05	0.000224177629675911	0.000995782567947516	0.00402362687586055	0.0119768706538466	0.0340554745623474	0.0823057320050447	0.157025582283314	0.231006369537297	0.238867049648837	0.161075965844007	0.0650187441424555	0.0123326622467516	0.00100807617989749	1.73556874587802e-05	
4.32380390972762e-06	0	0	9.87268559387807e-05	0.000401393129619714	0.00157602652509572	0.00604683976775408	0.0175870724028171	0.0461436353246132	0.102334349667463	0.179038631026031	0.241070083816939	0.220614888154002	0.131961054056917	0.0451542048632705	0.00749315217555797	0.000469132724205447	6.48570586459143e-06	
1.29534797364399e-05	0	1.36731174995754e-05	0.000202937849204225	0.000657748915505891	0.00253960166610535	0.00891703152301258	0.0250714600298794	0.0614549060584864	0.12535801978716	0.200136299392338	0.242448840951419	0.195794724767341	0.102980163904697	0.0302773196084019	0.00397671827908704	0.000157600670126685	
1.94007886779871e-05	0	2.22749795932445e-05	0.000306101332474908	0.00107925868867914	0.00393692300617376	0.0139125211253032	0.0343049056690542	0.0785430151412377	0.148768121773721	0.216662978121659	0.234258056357135	0.16904050884676	0.0778438682011014	0.019335400834665	0.00188618778813764	8.04773456272059e-05	
1.29397818496556e-05	2.15663030827592e-06	4.96024970903463e-05	0.000472302037512428	0.00193090300267638	0.00627004318292754	0.0199171997736976	0.0452381962231652	0.0977025417325937	0.172569962884392	0.227134147437312	0.21906835008436	0.14033768517367	0.0569602008254143	0.0112734254981277	0.00103158816412532	2.87550707770123e-05	
1.80183686457322e-05	3.31537983081473e-05	0.00010162359916193	0.000665958905146262	0.00306312266977447	0.00990794055091523	0.0276135103169575	0.057608328234135	0.12004846220431	0.193041594322917	0.2300772699721	0.199498656910801	0.112157858206971	0.0392569801358297	0.00645634185313876	0.000446855542414159	4.32440847497573e-06	
7.90963458207289e-06	2.80432498818948e-05	6.18389612780244e-05	0.000217874479851644	0.00121592655257139	0.00492051176773861	0.0150390915712777	0.0360197568290706	0.0757534466232691	0.140846143945283	0.208738132851661	0.226176719932063	0.174615250206909	0.08703761894113	0.0254733377004104	0.00363627473468569	0.00021068390295885	1.43811537855871e-06	
5.73563867770586e-06	4.23003352480807e-05	6.23750706200512e-05	0.000463869778059461	0.00197019188579196	0.00761334338981982	0.0212433717525531	0.0464429002830538	0.095109794463388	0.164688110307803	0.217979363172038	0.216797104649596	0.146011436863523	0.0637795851412544	0.0157959489184019	0.00187770471211396	0.000116863638058257	
4.27507545508178e-06	9.33391474359522e-05	0.000121127137893984	0.00104098087331241	0.00313576784630249	0.0112234980947414	0.0291581521413853	0.060260751102257	0.116066873580319	0.182530759167899	0.222948747545394	0.199794226368095	0.11779257903902	0.0455466538984413	0.0092683635866173	0.000961179464817554	5.27259306126753e-05	
2.28231689399494e-05	0.000113402620670374	0.000236077153722601	0.00145996958812739	0.00552677300361462	0.0160118794594332	0.0389391791076712	0.076443351468243	0.137508879639166	0.198916755344188	0.220874783536507	0.175869634059015	0.0913426014418537	0.0309489303066007	0.00526787268095207	0.000497117148473273	1.99702728224557e-05	
5.69113903879507e-06	6.90050608453902e-05	0.000169311386404153	0.000359253151823939	0.00249769864565119	0.00773212377658295	0.0217330372043987	0.0503516412533596	0.0950918194144672	0.1599259867368	0.209906992560258	0.210722248227566	0.149839865575296	0.0683847266901616	0.0201309815649779	0.00285979736699452	0.00021910885299361	7.11392379849384e-07	
3.53686831531888e-05	0.000152085337558712	0.000319732895704827	0.000810650217871088	0.00395280402920039	0.011313734367042	0.0298172146454643	0.0629951615641446	0.113724463810763	0.178854479090035	0.213171297606248	0.197447088450003	0.124268575632392	0.0488745685020655	0.0126046913021334	0.00153570822251146	0.000122375643710033	
5.30321671913316e-05	0.000179602272887976	0.000411529617404733	0.00159732887580291	0.005785455892793	0.0156204480723161	0.0389312674829378	0.079058940657712	0.135521228422979	0.192348377498522	0.21480997513852	0.175993257136716	0.0979419276556388	0.0334003659926632	0.0075114761609802	0.000797603794557627	3.81831603777587e-05	
6.28847717812712e-05	0.000341273536745551	0.000568082657439798	0.00261077788462693	0.00796446233166842	0.0222583829286922	0.0509500899817493	0.0974445465831312	0.157882464828688	0.199732633734359	0.206233788623791	0.152926579555949	0.0732755971050395	0.0229260920223248	0.00438638947436103	0.000426768563549301	9.18541610288231e-06	
