# <P(U)> as a function of N_tot.
# number_of_species: 1
# species_total_upper_bound: 103
# species_total_lower_bound: 0
# volume: 729
# Bin widths for each
10	10	10	10	10	10	10	10	10	10	10	10	10	10	10	10	10	10	10	10	10	10	10	10	10	10	10	10	10	10	10	10	10	10	10	10	10	10	10	10	10	10	10	10	10	10	10	10	10	10	10	10	10	10	10	10	10	10	10	10	10	10	10	10	10	10	10	10	10	10	10	10	10	10	10	10	10	10	10	10	10	10	10	10	10	10	10	10	10	10	10	10	10	10	10	10	10	10	10	10	10	10	10	10	
# Bin lower bound for each
0	0	0	0	-10	-10	-10	-10	-10	-10	-10	-10	-10	-20	-20	-20	-20	-30	-30	-30	-30	-30	-30	-30	-30	-30	-30	-40	-40	-40	-40	-50	-50	-50	-60	-60	-60	-60	-60	-60	-60	-70	-70	-70	-70	-70	-80	-80	-90	-90	-90	-90	-90	-100	-110	-110	-110	-120	-120	-120	-120	-120	-120	-130	-130	-130	-130	-140	-150	-150	-160	-160	-160	-160	-180	-180	-180	-180	-180	-180	-200	-200	-200	-200	-200	-210	-210	-220	-220	-220	-220	-250	-250	-250	-250	-250	-260	-260	-260	-260	-270	-270	-270	-270	
# Bin upper bound for each
0	0	0	0	0	0	0	0	0	0	0	0	0	0	0	0	0	0	0	0	0	0	0	0	0	0	0	0	0	0	0	0	0	0	0	0	0	0	-10	0	-10	-10	-10	-10	-10	-10	-10	-10	-10	-10	-10	-20	-20	-20	-20	-20	-20	-20	-30	-30	-30	-30	-30	-30	-30	-30	-30	-30	-40	-40	-40	-40	-40	-50	-50	-50	-50	-50	-60	-60	-60	-70	-70	-70	-70	-70	-70	-80	-80	-80	-80	-90	-90	-90	-90	-90	-90	-100	-100	-100	-100	-110	-110	-110	
# Normalized histogram for each
1	
1	
1	
1	
1.09486333915801e-06	0.999998905136661	
1.96543241150914e-05	0.999980345675885	
9.05185623034902e-05	0.999909481437697	
0.000441756335931151	0.999558243664069	
0.0013587415828358	0.998641258417164	
0.00345108036196444	0.996548919638036	
0.0074188518501043	0.992581148149896	
0.0157448397833753	0.984255160216625	
0.0309406307305847	0.969059369269415	
1.10016689531802e-05	0.0563571493795609	0.943631848951486	
5.18377016707181e-05	0.0945696147245543	0.905378547573775	
0.00010190224915986	0.14646676103701	0.85343133671383	
0.000255784494366097	0.214857867975338	0.784886347530296	
1.10432564354577e-06	0.000509094121674599	0.300609587755237	0.698880213797445	
4.42518995127866e-06	0.00102775036618447	0.396699472074839	0.602268352369025	
6.64289249253505e-06	0.00191647448409636	0.496315962538515	0.501760920084896	
2.21260721464834e-05	0.00405902793527239	0.595069647343599	0.400849198648982	
2.99407505813496e-05	0.00766483214882549	0.685129759886269	0.307175467214324	
6.66751121808762e-05	0.0143429278819762	0.761020840417564	0.224569556588279	
0.000115678946431749	0.0259265438690158	0.815809085246485	0.158148691938067	
0.000287573919821282	0.0440432226932463	0.84925574981291	0.106413453574022	
0.000605203638786878	0.0707843505909079	0.860826525719486	0.0677839200508193	
0.00128380882635313	0.107356559481654	0.850019871127921	0.0413397605640721	
3.35565965557509e-06	0.0025961620201966	0.158509058043964	0.815417466432218	0.0234739578439663	
3.70162232010957e-05	0.00492652279694583	0.222224091728445	0.759487650602747	0.0133247186486611	
8.88380100735556e-05	0.00880283471969359	0.296152189632042	0.687807489156702	0.00714864848148852	
0.000177853822168691	0.0153584655042381	0.378809505048572	0.601925999302093	0.00372817632292851	
1.12892300745089e-05	0.000440279972905848	0.0259629713253556	0.463149695190788	0.508662226236171	0.00177353804470535	
3.60677984441253e-05	0.00081152546499282	0.0404432732428783	0.541437391937495	0.416425275411455	0.000846466144735567	
2.7012000081036e-05	0.00171638750514916	0.0642637991927914	0.608526337825579	0.325073663975221	0.000392799501178399	
5.64186353009144e-06	7.78577167152619e-05	0.00332305761922386	0.0977746233491907	0.655893716318075	0.242754718854657	0.000170384278608762	
7.94110873760194e-06	0.000181511056859473	0.00623036702670141	0.140401071369013	0.678216063955421	0.174896113281051	6.69322022169307e-05	
1.01947999723608e-05	0.000317171554695668	0.010690946904349	0.193413479564523	0.675550490879619	0.119996193941344	2.15223554972061e-05	
1.24867753697221e-05	0.000607311347527391	0.0182057184890548	0.25601294992122	0.647269028710502	0.077891369594929	1.13516139724746e-06	
5.90784891812517e-05	0.00111453842090015	0.029686940813579	0.326239370132415	0.594412538273204	0.0484875338707204	
7.84287872295201e-05	0.00210280081702337	0.0470584089868024	0.396884899503171	0.52461015777826	0.0292630308293333	2.2732981805658e-06	
0.000196351963177157	0.0039407382377183	0.0718202968567704	0.460045800236992	0.447726997709988	0.0162698149953538	
6.88016585786495e-06	0.000401343008375455	0.00693176710179893	0.104451237971177	0.515452852516765	0.364065123063233	0.00869079617279307	
2.76327060709055e-05	0.000694271740031501	0.0120628275627032	0.144934694704652	0.553631628395369	0.284309458675288	0.00433948621588512	
7.72170513689315e-05	0.0012850300339755	0.0203415068158454	0.19509291401017	0.569291354917228	0.211755662199603	0.00215631497181001	
0.000165681971155229	0.00237247378140335	0.0330454992607593	0.251212987625628	0.560935873023178	0.151175594125193	0.00109189021268272	
0.00034761549582401	0.00425771430150004	0.0510879674392479	0.315011003987219	0.527208394338702	0.101502573735923	0.000584730701584758	
5.75044450936057e-06	0.00061989791810907	0.00716620394756515	0.0750168488024124	0.374227427780167	0.476394425289075	0.0663589795491192	0.000210466269042597	
3.33470938007753e-05	0.000884272935613661	0.0124637637829863	0.107163760678257	0.425642305273095	0.413509712628544	0.0402154452239487	8.73923837537559e-05	
3.44507234077737e-06	6.43080170278442e-05	0.00177880568528805	0.0197827537381906	0.148001456117243	0.464478433272968	0.342017595132802	0.0238353071683917	3.78957957485511e-05	
1.26549075731569e-05	0.000176018259881182	0.00335815229145863	0.0310079748926634	0.194043450049929	0.488031908774223	0.270578030160096	0.0127734035258873	1.84071382882282e-05	
8.73076503328604e-05	0.000406669844971481	0.00569567539934634	0.0468888033682372	0.244881876195454	0.490555265168268	0.20459399070633	0.00688696531244077	3.44635461840238e-06	
7.94891497310617e-05	0.000764939064078623	0.00853183540446729	0.068555359584721	0.297444942243645	0.472630964134265	0.148409698597881	0.00358277182121162	
0.000173519140540162	0.00155937399809933	0.0138838295099751	0.0972143857709708	0.348824034354492	0.434466646978181	0.102144167975721	0.00173404227202056	
6.92380924905519e-06	0.000310417447999308	0.00279144909557742	0.0221377261056458	0.131770475723394	0.392258027291348	0.383272076854283	0.0666451259267807	0.000807777745723105	
1.96182518983544e-05	2.42343111685554e-05	0.000518152653080066	0.00458143882567452	0.0337295450873589	0.173436886929628	0.421906663281557	0.324223925035197	0.041216793223625	0.000342742400812426	
2.42915822726973e-05	0.000105263523181688	0.000881437413895016	0.00776867935921119	0.0498937532461073	0.218675137102847	0.436873696496344	0.261022305456236	0.0246467020706839	0.000108733749220645	
6.69471521489459e-05	0.000173139186592101	0.00159518903913523	0.012625309486296	0.0719104754979194	0.265914088335613	0.43375637007924	0.200011542612439	0.0139042309445897	4.27076660260517e-05	
3.44275163071669e-06	9.1806710152445e-05	0.000259353956180657	0.00270600278174332	0.019235800944691	0.100732617547017	0.311322292046326	0.412386561333768	0.146148249475554	0.007096658694784	1.72137581535834e-05	
1.14947020918059e-05	0.000150580597402657	0.000408061924259109	0.00495881448240506	0.029324134506406	0.134548936395215	0.350264263201091	0.374630732695301	0.102182154245108	0.00352082725072014	
9.16474779759654e-06	0.000205061231971223	0.000801915432289698	0.0079469819339909	0.0424774604483853	0.173309963226449	0.377871716442703	0.327318967591161	0.0684366085850775	0.00162216036017459	
1.25893414057716e-05	0.000349068102614577	0.00142717352118157	0.0121555813700637	0.060722971542366	0.214057716407918	0.393917059129848	0.272828195546807	0.0438864441405199	0.000643200897276697	
3.99471784166536e-05	0.00056610858556172	0.00267303691005151	0.0184373348612178	0.0845407843571415	0.25589135280549	0.3951483581139	0.216006948526349	0.0264256291965938	0.000270499465278483	
6.41964043135398e-05	0.000930847862546327	0.00480555940861355	0.0273556927881072	0.113519877384868	0.296151769470712	0.377356781834252	0.163698538270801	0.0159871974027969	0.000129539172989821	
9.1460138241999e-06	0.000146336221187198	0.00144049717731148	0.00786900164399599	0.039713135276404	0.147836167454367	0.330927931697569	0.344354279991494	0.119038799677146	0.00861783152585235	4.68733208490245e-05	
1.48639547952833e-05	0.000309856288424752	0.00246855987715513	0.0126000601418479	0.0561102859710565	0.186568930446982	0.352465529917139	0.301543907550775	0.0834302348847872	0.00447176363110408	1.6007335933382e-05	
4.02912017829432e-05	0.000750567530356543	0.0038357224097362	0.0196172105595182	0.0771000925546464	0.225841395410947	0.360494591769544	0.254733640620899	0.0553727741988958	0.00220795785770529	5.75588596899189e-06	
7.72267527303115e-05	0.00122986485318272	0.00612166095150275	0.0295121459239835	0.103475780191914	0.261244272829438	0.359022562890816	0.20379563726479	0.0345791430135723	0.000929026308964643	1.26790191049765e-05	
3.46748653459396e-06	0.000208049192075637	0.00231859266279849	0.00972167641415659	0.0418259784091172	0.134166300654199	0.294501722184979	0.339219584363947	0.156824013500081	0.0207922050902702	0.000416098384151275	2.31165768972931e-06	
1.16404543036506e-06	2.44449540376662e-05	0.000469110308437118	0.00347351156420933	0.0150906849592526	0.0589460965482561	0.16855261427143	0.318589921927473	0.30796218714824	0.115361558330899	0.0113587553095022	0.000169950632833298	
1.17066820570513e-05	0.000107701474924872	0.000867465140427505	0.00577841826336054	0.023007142246723	0.0811483786830685	0.202227079194533	0.33100292315851	0.26851265433797	0.0809868264706812	0.00630287761951644	4.68267282282054e-05	
6.98200504566231e-06	8.1456725532727e-06	0.000262988856719947	0.00172804624880142	0.00864837691656038	0.0344922685930794	0.107015518669881	0.237441700257869	0.330479244826334	0.223473035496514	0.0533669555665199	0.00305811821000009	1.86186801217662e-05	
3.03167046208488e-05	4.43090298304713e-05	0.000467576867421553	0.00270634890096116	0.0130455112037714	0.0477919527805665	0.135690573720314	0.267106492089089	0.318966713424353	0.17863884992415	0.0341039606442533	0.00139690046676065	1.04942439072169e-05	
3.74107986270237e-05	9.70342589388427e-05	0.000773935896596553	0.00482365484797187	0.0188608879453054	0.0653613415512388	0.166280478110006	0.290317150045361	0.297652004751171	0.134823841901965	0.0204239578754407	0.000543625667548938	4.67634982837796e-06	
3.6282686604198e-05	0.000197799162455144	0.00139629822963898	0.00773757552065655	0.0267696002584264	0.0858869712383632	0.195794251417951	0.306291417857168	0.265015765412534	0.0981528601290727	0.0125210381061842	0.000200139980945737	
2.56981726263065e-05	0	8.99436041920728e-05	0.000464903304785	0.00257332155889788	0.0116307593109152	0.0386593964200109	0.110368979034964	0.225262004550913	0.309933979058325	0.226295771949744	0.0679716665965807	0.00662662424131986	9.695219672652e-05	
1.28644438467026e-05	4.67797958061913e-06	0.000258458371829207	0.000842036324511444	0.00418094425017835	0.0168454044698095	0.052912627036383	0.137655396634194	0.253611984983686	0.300577730478206	0.184290175073386	0.045598605962085	0.00315763621691791	5.14577753868104e-05	
1.88180611045967e-05	3.17554781140069e-05	0.000345781872796964	0.00138430362000689	0.00647341301998125	0.0237872053650292	0.0699984827938234	0.166900912323125	0.275260012678669	0.280566705910165	0.145468316853808	0.028354113569351	0.00140312168111149	7.05677291422375e-06	
3.64914527600487e-05	6.00343255084672e-05	0.000504994620453577	0.0024978987986072	0.0101316752872819	0.0337899081121677	0.0917430436696747	0.196001478492409	0.286500281337329	0.252823379014354	0.108133591677124	0.0170650513116912	0.000708640469727397	3.53143091226278e-06	
5.64759036144578e-05	0.000110598644578313	0.000923616340361446	0.00407214796686747	0.0152826148343373	0.0482810146837349	0.116358010165663	0.224196394954819	0.287095256024096	0.215586172816265	0.0777014307228916	0.0100315323795181	0.000304734563253012	
4.25642098841189e-05	0.000208091692766804	0.00142117167446419	0.00647448925903987	0.022186594402097	0.065078312234491	0.143005104158169	0.24525379501313	0.279553454144749	0.177655918021332	0.0536439101847878	0.00538555488950449	9.10401155854766e-05	
1.41937757927519e-05	3.54844394818799e-06	8.98939133540957e-05	0.000300434920946583	0.00243541536310636	0.0098055334434928	0.032014061300552	0.0842589843643732	0.171356723887297	0.260895792846574	0.26131450923246	0.140081921742617	0.0347818475801387	0.00263649385350367	1.0645331844564e-05	
2.0163059851078e-05	3.55818703254318e-06	9.48849875344848e-05	0.000546774740667468	0.00419984676074513	0.0142125850703216	0.0443658480464367	0.107150058235661	0.196776045336047	0.267773737258725	0.23527444296582	0.106475188761822	0.0217784767638526	0.00132838982548279	
1.18675064114203e-05	1.06807557702783e-05	0.00015190408206618	0.00112978661036722	0.0064203209685784	0.0210256611091134	0.0597623887866305	0.130610215312169	0.220505389628037	0.268460796285945	0.201225438712043	0.0770497853761466	0.0130435762967921	0.000592188569929875	
2.61231468892675e-05	1.66238207477157e-05	0.000458342486329876	0.00206135377271675	0.00910629152244513	0.0300523056645669	0.0771131547855824	0.155977747828513	0.238462771547143	0.257594414396229	0.167394750434891	0.053693753599354	0.00769801642196007	0.000344350572631254	
4.06324804097666e-05	0.000137433389621269	0.000760066398253281	0.00379555169945349	0.0138891378624208	0.0396166683995225	0.0969323672363579	0.181478998385456	0.250612773656768	0.239161584618933	0.133937801233076	0.035554615431499	0.00393657030793445	0.000145798900293868	
1.19736675104111e-05	4.07104695353978e-05	0.000330473223287346	0.00143803746800037	0.00567911050018799	0.0196523804848377	0.0530493339048764	0.121110054767555	0.205057437683047	0.256030537641619	0.21242124320195	0.100673399060786	0.0225847316581374	0.00188345789938767	3.71183692822744e-05	
2.75856444306383e-05	3.47818994995005e-05	0.000533722250940611	0.00250189801227441	0.00826609832243301	0.0278746940092376	0.0692195781315404	0.14726776185673	0.224963329083545	0.250730719733451	0.181300051453224	0.0728620825722294	0.0135961245767702	0.000810778071091804	1.07943826032932e-05	
4.78976522965727e-06	4.55027696817441e-05	0.00011375692420436	0.00092083236540161	0.0039731102580007	0.0121276855614922	0.0373074813738005	0.0895386737619056	0.171373010151907	0.241743043464725	0.235074492823734	0.149525693498133	0.050219490991649	0.00763009601084403	0.000402340279291211	
1.31500613271042e-05	4.06456441019584e-05	0.000246264784853042	0.00168918515047257	0.00581830440718328	0.0180239522389773	0.0497191864176603	0.11189387183233	0.194243142243018	0.248295871598019	0.215398004537967	0.1175029707184	0.0331584773663535	0.00383264514679055	0.000124327852547167	
5.84110060640161e-05	0.000116822012128032	0.000494705459521769	0.00255577953063776	0.00794508888605443	0.0256460078461478	0.0648254881789236	0.135575521258626	0.216372247381339	0.245547948879641	0.18919205658	0.0895154628237788	0.0202078239754531	0.00189418548236166	5.245069932279e-05	
9.72424645984064e-05	0.000219388487203722	0.000878739832529502	0.00375450784047018	0.0119394772387409	0.0349136024419717	0.0808855705227257	0.158630920969152	0.23316727008383	0.236513833926473	0.160941022445221	0.0646614954230818	0.0124268754454476	0.000967681111125605	2.37176742922942e-06	
7.11871284180203e-06	0	0	0.000142374256836041	0.000395088562720013	0.00156730327733675	0.00550276502671297	0.0176093226663376	0.0465955349060152	0.102291157728134	0.179255121617277	0.242204712825192	0.220330094714474	0.131098215694626	0.0452014536411623	0.0073441387484591	0.00045559762187533	
2.13250686844921e-05	0	2.25097947225194e-05	0.000234575755529413	0.000651599320915035	0.00245238289871659	0.00849922459680811	0.0254135582417244	0.0612716612346978	0.124267098854725	0.200499480497632	0.243872300749813	0.195695416413431	0.102609122153548	0.0303147698610435	0.00402451435117886	0.000150460206829472	
3.20658609030459e-05	0	3.44411098588271e-05	0.000371726461579754	0.000970289198436611	0.00377427059073629	0.0132705159159494	0.0345551218087046	0.0783000818273265	0.148900794164488	0.216632205763067	0.235274347192515	0.168507286669984	0.0777145829597265	0.0196029296320621	0.00198927100046674	7.00698441955448e-05	
2.13804145899949e-05	3.56340243166582e-06	5.93900405277637e-05	0.000577271193929863	0.00168430154936738	0.00591049683332304	0.0194633040817587	0.0454761418329192	0.0973806616525635	0.1724995605137	0.227707354387499	0.219604177257891	0.139532149016738	0.0575643906819402	0.0113541879480979	0.0011260351684064	3.56340243166582e-05	
2.98803233290027e-05	5.49797949253649e-05	0.00011115480278389	0.000615534660577455	0.0026485918598828	0.00936807897010892	0.0276715698285228	0.0574311766512763	0.120400970034817	0.190932875646461	0.232456963370309	0.200165895555123	0.111380698028257	0.039505373079741	0.00669438763862976	0.000524698477657287	7.17127759896064e-06	
1.31229525211578e-05	4.6526831665923e-05	0.000102597628801779	0.000249336097901998	0.00111306497293093	0.00468728004142081	0.0139866813961867	0.0351575827998654	0.0759902460672897	0.140768718698776	0.205778632492908	0.228970468584845	0.175427629302837	0.0879738877104743	0.0257329168983067	0.00374242745989745	0.000256494072004448	2.38599136748323e-06	
9.52294792375928e-06	7.02317409377247e-05	0.000103562058670882	0.000554711716558978	0.002056956751532	0.00717554126055262	0.0199731929015946	0.0453447069074703	0.0960008380194173	0.163420928582652	0.217112499345297	0.219572991015099	0.146483175331756	0.064188240111609	0.0158890386107924	0.00190458958475186	0.000139273113384979	
7.11832434644885e-06	0.0001554167482308	0.000191008369963044	0.00121130152628738	0.00328866584805937	0.0103915671584242	0.0274411403555603	0.0600122197901281	0.11572378528761	0.179793449955214	0.2246044881035	0.202755977909467	0.117651664798107	0.0462999543240854	0.00935229180384271	0.00104283451675476	7.71151804198625e-05	
3.79199935536011e-05	0.000188414967969455	0.00035905493896066	0.00152746474033099	0.00591788899395887	0.0150542374407796	0.0373085336575493	0.0758660571027703	0.137967156545583	0.196757366551248	0.222545332167294	0.17749282482622	0.0915696744331553	0.0315032196444527	0.0053265740944824	0.000549839906527216	2.84399951652008e-05	
9.49581946548032e-06	0.000115136811018949	0.00028250062909804	0.000517522160868678	0.00255437543621421	0.00771891424800232	0.0195103480692625	0.0486957491964163	0.0954555381993078	0.160041354293772	0.209805383180055	0.212590032238307	0.150634558135781	0.0680351725153001	0.0207970316068351	0.00296388265066305	0.000271817832199374	1.18697743318504e-06	
5.92615068067767e-05	0.00025482447926914	0.000535724021533261	0.00110937540742286	0.00437112874206785	0.010712109970393	0.0265823414932477	0.0614695905503972	0.114935321991471	0.17823846356247	0.212784366340412	0.19864931173686	0.126362125733954	0.0490803799373724	0.0130967930042976	0.00158346746187707	0.000175414060148059	
8.88894156409816e-05	0.000301038820970791	0.000686226288748378	0.00193897445318194	0.00605159141683803	0.0149452737497704	0.0359065831501224	0.077041049132143	0.136810292209139	0.190372683689977	0.215978761355623	0.177254976325786	0.0997611837699779	0.034007905232031	0.00788982453229353	0.000906672039538012	5.80744182187746e-05	
0.000105684270024497	0.000573544971031823	0.000914347055268123	0.0029377852139394	0.00790375844138264	0.0205870583080305	0.0473109290597306	0.096480238822701	0.16054153094946	0.197772080590787	0.206585436232605	0.155106509557302	0.0745204724680602	0.0235628423606304	0.004591922159379	0.000490422511461993	1.54370282058255e-05	
