# <P(U)> as a function of N_tot.
# number_of_species: 1
# species_total_upper_bound: 103
# species_total_lower_bound: 0
# volume: 729
# Bin widths for each
10	10	10	10	10	10	10	10	10	10	10	10	10	10	10	10	10	10	10	10	10	10	10	10	10	10	10	10	10	10	10	10	10	10	10	10	10	10	10	10	10	10	10	10	10	10	10	10	10	10	10	10	10	10	10	10	10	10	10	10	10	10	10	10	10	10	10	10	10	10	10	10	10	10	10	10	10	10	10	10	10	10	10	10	10	10	10	10	10	10	10	10	10	10	10	10	10	10	10	10	10	10	10	10	
# Bin lower bound for each
0	0	0	0	-10	-10	-10	-10	-10	-10	-10	-10	-10	-20	-20	-20	-20	-30	-30	-30	-30	-30	-30	-30	-30	-30	-30	-40	-40	-40	-40	-50	-50	-50	-60	-60	-60	-60	-70	-70	-70	-70	-70	-70	-80	-80	-80	-80	-90	-90	-90	-90	-90	-110	-110	-110	-110	-120	-120	-120	-120	-130	-130	-130	-130	-130	-140	-140	-150	-150	-160	-160	-160	-160	-180	-180	-180	-180	-190	-190	-200	-200	-200	-200	-200	-210	-210	-220	-220	-220	-220	-250	-250	-250	-250	-250	-260	-260	-260	-260	-270	-270	-270	-270	
# Bin upper bound for each
0	0	0	0	0	0	0	0	0	0	0	0	0	0	0	0	0	0	0	0	0	0	0	0	0	0	0	0	0	0	0	0	0	0	0	0	0	0	-10	0	-10	-10	-10	-10	-10	-10	-10	-10	-10	-10	-10	-20	-20	-10	-20	-20	-20	-20	-20	-20	-30	-30	-30	-30	-30	-30	-30	-30	-40	-40	-40	-40	-40	-50	-50	-50	-50	-50	-50	-60	-60	-60	-60	-70	-70	-70	-70	-80	-80	-80	-80	-80	-90	-90	-90	-90	-90	-100	-100	-100	-100	-110	-110	-110	
# Normalized histogram for each
1	
1	
1	
1	
2.48946644510415e-06	0.999997510533555	
2.92203331242318e-05	0.999970779666876	
0.000119819067000587	0.999880180932999	
0.000497642256723762	0.999502357743276	
0.00149339031905377	0.998506609680946	
0.00364637955937403	0.996353620440626	
0.0077854735960601	0.99221452640394	
0.0164050968573616	0.983594903142638	
0.0316015003990026	0.968398499600997	
6.22193905486257e-06	0.0564572527899175	0.943536525271028	
3.42652227924786e-05	0.0943807526636538	0.905584982113554	
9.31974610259477e-05	0.146430724888601	0.853476077650373	
0.000238748282234308	0.214395957446409	0.785365294271357	
6.25806899771393e-07	0.000522548761309113	0.299248343332685	0.700228482099106	
2.50123498477373e-06	0.00111492549446289	0.395065688683788	0.603816884586765	
3.75293432552577e-06	0.00210914909094548	0.495555587524996	0.502331510449733	
1.24757891716388e-05	0.00421432158217958	0.594992218226504	0.400780984402145	
1.87089455575921e-05	0.00792386207515882	0.684842199398695	0.307215229580589	
5.99000418052375e-05	0.0145719330866616	0.760638185028733	0.2247299818428	
9.88920336833778e-05	0.0261763457766217	0.815821098052077	0.157903664137618	
0.000215744738329773	0.0442214178869272	0.848956796021792	0.106606041352951	
0.000554813649541669	0.0711994170390965	0.86032269262886	0.0679230766825021	
0.00125158325281481	0.107633656575568	0.849990237650628	0.0411245225209891	
1.88208723474333e-06	0.00252262425696764	0.158252168321335	0.815759971141329	0.0234633541931335	
2.76597697449895e-05	0.00466758614446698	0.22259954059637	0.759858507705132	0.0128467057842865	
7.29723132978201e-05	0.00864092840912808	0.296997944193794	0.687382206330474	0.00690594875330577	
0.000199150500609074	0.0152755344552354	0.379931409300768	0.601009196732424	0.00358470901096333	
6.30045879940977e-06	0.000475684639355438	0.0259358386477703	0.464111326586802	0.507754604690314	0.00171624497695922	
2.01313571051108e-05	0.000854324467148142	0.0414749993708951	0.542699866629759	0.414154860464531	0.000795817710561413	
1.63771687150725e-05	0.00168936794207017	0.0645776958079487	0.609488931553513	0.323877408073692	0.000350219454060782	
3.15551182717388e-06	5.17503939656516e-05	0.00338712639528844	0.0977596497129431	0.656969989189216	0.241676233126689	0.000152095670069781	
4.4360399091499e-06	0.000131180037313433	0.00636761842959117	0.140249837767683	0.679900429915639	0.17328566069111	6.08371187540558e-05	
5.69015584072369e-06	0.000297784822331206	0.0109883231679753	0.192925366019274	0.676859843242529	0.118897703010535	2.52895815143275e-05	
1.83682530714569e-05	0.000649222737870461	0.0185050648874374	0.256449948727238	0.647149025437497	0.0772258364047375	2.53355214778716e-06	
2.53058048353067e-06	6.76930279344453e-05	0.00122922946987502	0.0302227227148067	0.327144587879152	0.593286369977193	0.048046866350555	
5.05743987336171e-06	0.000113160217166468	0.00239659431998928	0.0471524084793037	0.39747684324718	0.524382549809461	0.0284721221270581	1.26435996834043e-06	
1.7116893803621e-05	0.000213644193030381	0.00432043078783991	0.0719733686490777	0.46164199192463	0.446056743136918	0.0157767044147005	
2.15870137604514e-05	0.000372058531283075	0.00718466610921378	0.105092567019741	0.516402638441011	0.362449135598827	0.00847734728616317	
3.87451401843634e-05	0.000735522497270373	0.0125115044483867	0.14565505011144	0.5545534749627	0.282196099952299	0.00430960288771976	
0.000126690506551936	0.00143306698617291	0.0211178431800718	0.196057060385534	0.56917206162379	0.20997519030633	0.00211808701154921	
6.36216496839276e-07	0.00021122387695064	0.00254422977086027	0.0335604202082718	0.252611032503028	0.559884513981494	0.150180812728402	0.00100713071449657	
7.00596334862119e-06	0.000375137492030717	0.00443031645936446	0.0517129261934499	0.315067088468121	0.526292425088737	0.101617040031438	0.00049806030351107	
1.14655450815678e-05	0.000652262120195857	0.00726660768280697	0.0759394899488573	0.373958307456235	0.475353218410353	0.0666307412920778	0.000187907544392361	
6.06437816185506e-05	0.0010124319752318	0.0122264247298958	0.107671438374747	0.425999585068863	0.412468361500774	0.0404774899857966	8.36245830740014e-05	
1.91014548304714e-06	0.000122249310915017	0.00188531359176753	0.0193618713313268	0.147830615939145	0.464861918766606	0.342070763249565	0.02382715475553	3.82029096609428e-05	
7.00960634687993e-06	0.000268276752003314	0.00343980500549617	0.0306612926351341	0.195106020295997	0.487240286119386	0.270389192461487	0.0128702744898122	1.78426343375125e-05	
6.03804476669948e-05	0.00053261910678886	0.00554356067948978	0.046480233030393	0.246370658407469	0.489520814411478	0.204616625470252	0.00687065936084436	4.44908561756804e-06	
9.37362504224508e-05	0.000939275488927007	0.00879144003111788	0.0684102459460666	0.29932407873845	0.471019557080275	0.147812501992692	0.00360916447204811	
0.000152588221849229	0.001785729106746	0.0142519952984951	0.0972670108733473	0.349598131145427	0.434157543827615	0.101088100864007	0.0016989006625138	
2.55959046552552e-06	5.11918093105103e-06	0.000278995360742281	0.0029416093425052	0.0224002559590466	0.132102383618621	0.394073268277076	0.38172068469045	0.0656682130859063	0.000806270996640538	6.39897616381379e-07	
1.47038986428302e-05	2.87684973446677e-05	0.00051335785261707	0.00461254907426172	0.034370043427645	0.17362491377442	0.423905726273501	0.321913731587363	0.0406575583473074	0.000358647266896857	
1.85376361956935e-05	7.79859177887796e-05	0.000930077953956347	0.00754865330465327	0.0502842970240702	0.218931401157643	0.438922643722613	0.258850602632984	0.0243098725697319	0.000125928080363849	
4.98213775866397e-05	0.00015329654642043	0.00162941454132715	0.0121283117642963	0.0717574746437931	0.266724493530566	0.435023661960676	0.19876557955995	0.0137174859621881	5.04601131967248e-05	
8.289547518237e-06	7.01423251543131e-05	0.000251874713054124	0.00278528796612763	0.0190487425394072	0.100555399683722	0.313291970616742	0.41183173493853	0.145021170229047	0.00711753303065857	1.78544100392797e-05	
1.02378639720609e-05	0.000111336770696162	0.000486298538672891	0.00479835887040528	0.0292828504260871	0.134194721613283	0.351874104986736	0.374174092317379	0.10161591885469	0.00345080002508277	1.27973299650761e-06	
1.72522638804048e-05	0.00013418427462537	0.000850472712030323	0.00787086616588243	0.0423971189997265	0.17331560396981	0.380081430685516	0.326336155888901	0.0673528381891002	0.00164215993232001	1.91691820893386e-06	
1.46956498959484e-05	0.000263882756827248	0.00152515288267952	0.0123699035645896	0.0610751209675616	0.213609577474508	0.396248392263954	0.271174993882137	0.0429930821825468	0.000725198375300063	
5.1030594755203e-06	2.67910622464816e-05	0.000429932760812586	0.00280668271153617	0.0188602699390886	0.0848051938939342	0.255263965319608	0.396894278003198	0.214711227432517	0.0258916480139211	0.000304907803662338	
3.83271967232802e-06	4.66314226799909e-05	0.000811897783921485	0.00481836741472838	0.0284841338181298	0.114186939624445	0.29648194661277	0.377922768143456	0.161804010046836	0.0153091599445022	0.000130312468859153	
1.08023818616571e-05	0.000108023818616571	0.0013668190226132	0.00788446789055535	0.0417969571596598	0.147863638356589	0.331919068555092	0.343813761853231	0.116887490651174	0.00831084425697723	3.81260536293779e-05	
2.40503589199617e-05	0.000240503589199617	0.00234934032397099	0.0126618810671777	0.058522118102452	0.185975729390425	0.354083940815864	0.300451007520168	0.0813769210224187	0.00430058391739841	1.39238920062936e-05	
4.37320001622521e-05	0.000593234089157506	0.00377045897051069	0.0195545420435647	0.0796803380927271	0.225389024662313	0.361563501399424	0.253606305520626	0.0536959244311037	0.0020978684135805	5.07037683040604e-06	
1.20449390335902e-05	9.88952889073719e-05	0.00102065009705685	0.00595653932419017	0.0293674631963718	0.106112743165131	0.262525785678694	0.357626918790485	0.202977508929103	0.0334551351378765	0.00083807417907401	8.24127407561432e-06	
1.3307664327475e-05	0.000166662653244092	0.00186814259225697	0.00960496515293041	0.0417182602700315	0.137243209605852	0.295882608657079	0.338702870273086	0.154719341359334	0.0197016801876761	0.000377050489278458	1.901094903925e-06	
3.18612379365388e-06	2.48517655905003e-05	0.000361943662959081	0.0030809817084633	0.0151799682024845	0.0588069240842284	0.171356109870293	0.319977952023348	0.306927588964542	0.113225918479837	0.0108627704620835	0.000191804652377963	
7.65478452738403e-06	9.69606040135311e-05	0.000738048808181944	0.00510127598879084	0.0230007138086572	0.0805985020862477	0.204994491744634	0.332706916799509	0.267375244554418	0.0792302093519778	0.00607662311732169	7.33583517207637e-05	
3.81072388510922e-06	2.34994639581735e-05	0.00021213029627108	0.00143918338727625	0.00806730246477621	0.0337007717986109	0.106105160736333	0.24032139645247	0.33270795120241	0.221925762017753	0.0524463577101106	0.00301745819635898	2.92155497858373e-05	
1.97338225623796e-05	6.81135165862779e-05	0.0004080445245963	0.00243171619962226	0.012291625156677	0.046877377209472	0.136065343142528	0.269252731065556	0.320365241226884	0.177195721961898	0.0335532275303376	0.00145648342008789	1.46412231914429e-05	
3.44422460936753e-05	8.10030602573474e-05	0.000683104547524559	0.00432377752350045	0.0181019515997148	0.0637519597000208	0.167533463193357	0.292313256055138	0.29858876085728	0.133661427618344	0.0203260277502452	0.000596361112918266	4.46473560473568e-06	
5.5485260053674e-05	0.000156251594404025	0.00125447708650088	0.00693565750670925	0.0261144246369861	0.0849236982010021	0.197621276747722	0.307302242880029	0.265340717762426	0.0977650282145736	0.0122794620353269	0.000251278074266064	
1.39822895236425e-05	0	0.000109316081730296	0.000374344024064791	0.00237635366040451	0.0102871517377126	0.0370918363131499	0.110502034105346	0.226531521482835	0.310738589021742	0.22681688730084	0.0685252942795276	0.00652400918000863	0.000108680523115585	
1.20786152566896e-05	3.17858296228675e-06	0.000182450662035259	0.000675766737782163	0.00385053540051417	0.0154536346460457	0.0519539385185769	0.13843809518966	0.25484543186771	0.300479711740668	0.185032942833821	0.0457957518874426	0.00323134743946071	4.51358780644718e-05	
3.82461342719785e-05	1.84856315647896e-05	0.000243500388198263	0.00119264195371453	0.00601675435655341	0.0226550976360064	0.0690922789979003	0.168612544987015	0.276865040865994	0.280058593077705	0.145077786262753	0.0285539264118879	0.00155470535815592	2.03979382783885e-05	
6.10747242889725e-05	3.94440927699614e-05	0.000406528633548473	0.00212425525417583	0.00963390156154074	0.0328760151287182	0.0905731799255016	0.19841523814371	0.288473100083023	0.251702298890794	0.108050093997818	0.0168502619533096	0.00078251990495246	1.20877058488591e-05	
1.26727453601911e-06	5.57600795848409e-05	8.80755802533282e-05	0.000728682858210989	0.00362884063389072	0.0147726192663748	0.0466274656410191	0.11642324434954	0.226526590587952	0.288821371317775	0.214816973875135	0.0772828366673214	0.00986383135110475	0.000360539605497437	1.90091180402867e-06	
9.50361961192286e-06	6.08231655163063e-05	0.000180568772626534	0.00127792005048323	0.00591885429430556	0.0213495646708643	0.0624799632019849	0.144661563434127	0.24868501583303	0.279906306982119	0.177036594004103	0.0530004194264122	0.00529668399704501	0.000136218547770894	
7.59018083605842e-06	9.48772604507302e-06	0.000101202411147446	0.000349148318458687	0.00221633280412906	0.00893870296459813	0.030658637942049	0.0820732578953694	0.17253999076528	0.26431666234448	0.260322329679505	0.141293746323506	0.0344859866286314	0.00265023814192373	3.6685874040949e-05	
1.0755756385914e-05	4.42884086478812e-06	0.000158172888028147	0.000600424282954847	0.00358103418495725	0.0134497570148094	0.0431824638147884	0.104320713878532	0.198090663434035	0.272022569373047	0.234269231766937	0.107838478908278	0.0211312651490084	0.00131410035373785	2.59403536366161e-05	
6.33882677190809e-06	2.02842456701059e-05	0.000217421758276448	0.00104400476933326	0.00574424482070312	0.0199495556165492	0.0578259472267316	0.128855036736671	0.222704536508156	0.271444409440034	0.201208941041938	0.0779770775346274	0.0123955757524663	0.000601554660654078	5.07106141752648e-06	
1.39399139020227e-05	3.61170496552406e-05	0.000492966046171529	0.0019180054264283	0.0085217228212865	0.0284684723501808	0.0748364277830088	0.155281770014231	0.240840526117696	0.261107260033887	0.167251720628918	0.0536832420691394	0.00723037988799913	0.000317449857496062	
2.22985043437486e-05	0.000110218321470529	0.000799560655754416	0.0033454127516864	0.0130076732338947	0.0387860184555164	0.0953484045738692	0.180037486971302	0.255657449102071	0.240574740763959	0.132783770766279	0.0357604299661318	0.0036231884057971	0.000143347527924098	
6.35824110704608e-06	2.79762608710027e-05	0.00033953007511626	0.00134794711469377	0.00540196164454635	0.0191510222144228	0.0518425546904109	0.118656223891472	0.204168208540135	0.25992171733549	0.21400885830151	0.100557490580266	0.0227733121731069	0.00174851630443767	4.83226324135502e-05	
1.4642015454329e-05	4.51992650981461e-05	0.000534751868766798	0.00228988389518354	0.00809958098371426	0.0271577556209424	0.0683177342817964	0.143433183390607	0.225561521292674	0.254403745300231	0.182666145495798	0.0732043477873368	0.0134942087645831	0.000765204459830586	1.20955779840109e-05	
2.54907933627072e-06	2.42162536945719e-05	0.000150395680839973	0.00100306271882253	0.00372101856112119	0.0121164113551288	0.0369807684709475	0.0878489211658979	0.167761921088151	0.24083574115119	0.238983835013389	0.151479039557888	0.0510491373278256	0.00765233616748471	0.000390646408283488	
7.01126391417193e-06	2.2308566999638e-05	0.000313594713252054	0.0017279578610291	0.00583974545287666	0.0174287273153743	0.0493000209063142	0.108818002886091	0.191255169213668	0.248885846425275	0.219184857709586	0.119429232126376	0.0336852987818248	0.00394415464553599	0.000158072131883149	
3.32206599284095e-05	7.60242025284755e-05	0.000540474582681431	0.00259696120401893	0.00842654816261002	0.0247596133881815	0.0643043370210395	0.131045281676059	0.212879905397782	0.248928154573175	0.192454310412569	0.0911689903027616	0.0208006051270978	0.00192168740508953	6.38858844777105e-05	
5.86452687929401e-05	0.000209083132218308	0.000928762572079497	0.00400445194083967	0.0120618019141306	0.033773937787569	0.0817177199229452	0.154853469696332	0.230616782491073	0.239615006559346	0.162810102794957	0.0658681985830793	0.0124920797014701	0.000974658869395711	1.52987657720713e-05	
3.81569675894717e-06	0	0	8.71250759959605e-05	0.000375846130756297	0.00152818655195834	0.00589715934095286	0.0174975134376121	0.0454907367601682	0.102212340980838	0.17740573321157	0.240998135396184	0.221314863665155	0.133652410375643	0.0455931246231999	0.00749466438403207	0.000442620824037872	5.72354513842076e-06	
1.14382667213162e-05	0	1.20737259836115e-05	0.000179199511967287	0.000653887580901907	0.00247447836737806	0.00874137761213473	0.0248686982299282	0.060845224364779	0.124799115440707	0.199188518522049	0.242413728461903	0.19681889093295	0.104208964423813	0.0306157917981273	0.00401864437475575	0.000149968385901701	
1.71598208514703e-05	0	1.97020165331696e-05	0.000270743840100976	0.00106645108847286	0.00382918224555958	0.0135098634014705	0.0340298313952269	0.0778541072031208	0.147656445133379	0.215939821143823	0.235173438122639	0.170504428822652	0.0784877494767844	0.0196460882281722	0.00192317103320552	7.18170280080054e-05	
1.14682917660851e-05	1.91138196101418e-06	4.39617851033261e-05	0.000428786686587514	0.00182791828204989	0.00603359572360143	0.0194400287981549	0.0448862568451366	0.0970121914312747	0.170953365465788	0.227274146329032	0.220437133054484	0.141743626337569	0.057335087557222	0.0115160763151104	0.00102896062234597	2.54850928135224e-05	
1.59796789618578e-05	2.94026092898183e-05	9.01253893448779e-05	0.000620011543720082	0.00296966353827165	0.00960314786891805	0.0270523181081083	0.0575715873637812	0.119029432651086	0.191391810861963	0.23088335026114	0.200837079502738	0.113582279686568	0.0392371429101041	0.0066411545765481	0.000441678326505749	3.83512295084587e-06	
7.02720486538111e-06	2.49146354318058e-05	5.49399653111614e-05	0.000193567552200953	0.00115629461875817	0.0047848876765186	0.0146421395922305	0.0357646397439542	0.0755731164695323	0.139563482810499	0.206935851202131	0.22786222845443	0.175770836460972	0.0882584989251571	0.025467868105753	0.00374166717241247	0.000196761736230671	1.27767361188748e-06	
5.1020245471156e-06	3.76274310349776e-05	5.54845169498822e-05	0.000413263988316364	0.00195535090768205	0.00737051221137688	0.0208615406200873	0.0463008727650741	0.0948128354182544	0.16300713326807	0.217154282033539	0.21809241679714	0.147389836129349	0.0646509418018437	0.0158468882433411	0.00194195809324588	0.00010395375014748	
3.81335168826613e-06	8.32581785271438e-05	0.000108044964500874	0.000952702363451821	0.00304623244030992	0.0110390175789157	0.0287850852188769	0.0601937563992808	0.114966197815077	0.181189498792121	0.222694018567209	0.201498774325212	0.118959412591306	0.0461657066553791	0.00929568029876339	0.000971769121893151	4.70313374886156e-05	
2.03435129305275e-05	0.000101081829873559	0.000210428211875144	0.00135157214032192	0.00521874680145939	0.0158940052117537	0.0389578272619602	0.0762061637029771	0.136670898541179	0.197210014348534	0.220373646759056	0.177907834986138	0.0926945809331697	0.0314497995210374	0.00523019002748281	0.000485065636437266	1.78005738142116e-05	
5.06776552715847e-06	6.14466570167965e-05	0.000150766024432965	0.000319902698901879	0.00227986101653042	0.00748128885946769	0.0216710323355114	0.0502215563741405	0.0943643279984543	0.159005577709433	0.208398554419883	0.211200395285711	0.151469176899858	0.0700270175249667	0.0203394769432505	0.00279170533477342	0.000212212681449761	6.33470690894809e-07	
3.15369666862406e-05	0.000135608956750835	0.000285094178843615	0.00073796502045803	0.00359142976622908	0.0111275033255731	0.0294643572356209	0.0629402166337316	0.113146436858893	0.178034376555167	0.212247570234402	0.19820605118702	0.125362596274475	0.0503878731532741	0.0126917368732107	0.00149232926359291	0.000117317516072815	
4.73623586707217e-05	0.000160400521364844	0.000367531903284801	0.00144171019793677	0.00531847712966424	0.0155639025573148	0.0387487243738065	0.0789050580473068	0.134668236149983	0.191989320103869	0.213937037111881	0.176558663648948	0.0991830940376474	0.0346888229885522	0.00761965626294571	0.000765375716118863	3.66268907053581e-05	
5.61770447970904e-05	0.000304870928505558	0.000507487011425401	0.00236006708422833	0.00742483795447387	0.022705625342033	0.0508919841669102	0.0974955768467257	0.156723224537123	0.199949251298857	0.205195177358505	0.153637274289786	0.0743070814005379	0.0236505358595751	0.00437234145291512	0.000410281787843919	8.20563575687837e-06	
