# <P(U)> as a function of N_tot.
# number_of_species: 1
# species_total_upper_bound: 103
# species_total_lower_bound: 0
# volume: 729
# Bin widths for each
10	10	10	10	10	10	10	10	10	10	10	10	10	10	10	10	10	10	10	10	10	10	10	10	10	10	10	10	10	10	10	10	10	10	10	10	10	10	10	10	10	10	10	10	10	10	10	10	10	10	10	10	10	10	10	10	10	10	10	10	10	10	10	10	10	10	10	10	10	10	10	10	10	10	10	10	10	10	10	10	10	10	10	10	10	10	10	10	10	10	10	10	10	10	10	10	10	10	10	10	10	10	10	10	
# Bin lower bound for each
0	0	0	0	-10	-10	-10	-10	-10	-10	-10	-10	-10	-20	-20	-20	-20	-30	-30	-30	-30	-30	-30	-30	-30	-30	-30	-40	-40	-40	-40	-50	-50	-50	-60	-60	-60	-60	-60	-60	-70	-70	-70	-70	-80	-80	-80	-80	-90	-90	-90	-90	-90	-100	-110	-110	-110	-120	-120	-120	-120	-130	-130	-130	-130	-130	-130	-140	-150	-150	-160	-160	-160	-160	-180	-180	-180	-180	-190	-190	-200	-200	-200	-200	-200	-210	-210	-220	-220	-220	-220	-250	-250	-250	-250	-250	-260	-260	-260	-260	-270	-270	-270	-270	
# Bin upper bound for each
0	0	0	0	0	0	0	0	0	0	0	0	0	0	0	0	0	0	0	0	0	0	0	0	0	0	0	0	0	0	0	0	0	0	0	0	0	0	-10	0	-10	-10	-10	-10	-10	-10	-10	-10	-10	-10	-10	-20	-20	-20	-20	-20	-20	-20	-30	-30	-30	-30	-30	-30	-30	-30	-30	-30	-40	-40	-40	-40	-40	-50	-50	-50	-50	-50	-60	-60	-60	-70	-60	-70	-70	-70	-70	-80	-80	-80	-80	-80	-90	-90	-90	-90	-90	-100	-100	-100	-100	-110	-110	-110	
# Normalized histogram for each
1	
1	
1	
1	
3.06416906246385e-06	0.999996935830938	
3.13524930202468e-05	0.99996864750698	
0.000116106579729319	0.999883893420271	
0.000507295335407914	0.999492704664592	
0.0015334467293608	0.998466553270639	
0.00366050867524484	0.996339491324755	
0.00778297835795259	0.992217021642047	
0.0163746834355696	0.98362531656443	
0.0314665573153434	0.968533442684657	
7.65273129806394e-06	0.0565330219181877	0.943459325350514	
3.98833871119902e-05	0.0945128896204252	0.905447226992463	
9.54435701437119e-05	0.146096396466433	0.853808159963424	
0.000237000193139768	0.214412843563713	0.785350156243147	
7.67864560977277e-07	0.000499879829196207	0.299914075955627	0.699585276350616	
3.07225797135734e-06	0.00107144996751087	0.395808979288373	0.603116498486145	
4.60759069850307e-06	0.00203117956625677	0.496629931369937	0.501334281473108	
1.53294294386363e-05	0.00410752061808259	0.595498513045344	0.400378636907134	
2.06876101902571e-05	0.0077264393021686	0.685558285809295	0.306694587278346	
5.75383262791345e-05	0.0144421198960628	0.761420782383145	0.224079559394513	
0.00011209514267178	0.0259392766792198	0.816177018192427	0.157771609985681	
0.00025229693739125	0.0440921489640872	0.849041309980913	0.106614244117609	
0.000584904705761503	0.0709474842964969	0.860411687055285	0.068055923942457	
0.0012609556554974	0.107335492486454	0.850296243994536	0.0411073078635129	
2.31032252102394e-06	0.00252133197794412	0.157996796352771	0.816112189261621	0.0233673720851431	
3.31685959733325e-05	0.00474928012576297	0.222363810130615	0.759809226577765	0.0130445145698843	
8.56958230620584e-05	0.00873325360790996	0.296709820818526	0.687410202743965	0.00706102700653682	
0.000230690830309535	0.0152263663416678	0.379556626111887	0.601259000992974	0.00372731572316175	
7.74867032817169e-06	0.000515286576823417	0.0258115957301727	0.463729249060861	0.508120606503924	0.00181551345789063	
2.47714255413524e-05	0.000888674891296018	0.0410756681898513	0.542035947983103	0.415131160827706	0.000843776682502317	
2.01272974148809e-05	0.0017866847089825	0.0641859514560551	0.609153430388194	0.324475258132589	0.00037854801676449	
3.87822076539014e-06	6.36028205523983e-05	0.00348807175639189	0.0972316484532492	0.657051264649009	0.241997873183732	0.000163660916299464	
5.45199788462482e-06	0.000154992511291477	0.00647463691641231	0.13982427431961	0.679618017451066	0.173859539399642	6.30874040935158e-05	
7.00104704548036e-06	0.000337606046415386	0.0111207742846875	0.192408220162704	0.676649641157444	0.119448753113521	2.80041881819214e-05	
1.16828526099103e-05	0.00070097115659462	0.018503301963576	0.255968185255773	0.647240159727961	0.0775725836161233	3.11542736264275e-06	
6.61289218340584e-05	0.00126656334995114	0.0302108034430607	0.326729776997716	0.593488401765098	0.0482383255223407	
7.55653574124552e-05	0.00245937972526929	0.0471979664349589	0.397171518559864	0.524393198494613	0.028700813379275	1.55804860644238e-06	
8.60539417399168e-06	0.000173672500602378	0.00438562179449067	0.0719935099681757	0.46114820992155	0.446434550501147	0.0158558299198603	
9.40174355334197e-06	0.000328277545737524	0.00719703469008328	0.105072318994891	0.516559212572638	0.362301672178439	0.00853208227465783	
2.58875304472659e-05	0.000697394380836952	0.0124683760281468	0.145413396404771	0.554307724289956	0.282769495075486	0.00431772629035611	
9.12833095550804e-05	0.00140151357170343	0.021004604298657	0.196041137295606	0.569267113063035	0.210075159214617	0.00211918924682613	
7.86502361080088e-07	0.000168311505271139	0.00250972903420656	0.0334114068010432	0.253286006864593	0.559351827674187	0.150242400027685	0.00102953159065384	
8.644142650357e-06	0.000341836550264118	0.0043849378171811	0.0513988580301728	0.317229033632002	0.524604373307516	0.101523883766143	0.000508432754070998	
8.63809446777166e-06	0.000627439770886323	0.00734159501629066	0.0760065932219229	0.375669943122074	0.473854451249343	0.066302086728039	0.000189252796975725	
5.26927157432465e-05	0.000955547009373798	0.0124000902854294	0.107923332885052	0.426719768340801	0.411682682892877	0.0401888129432185	7.70729275050471e-05	
2.35911187301687e-06	0.000110878258031793	0.00186998934467804	0.0195633283923046	0.147458646734793	0.465918303955837	0.341218795830663	0.0238207389524757	3.6959419343931e-05	
8.65923546822848e-06	0.00025898986082247	0.00342669563574532	0.0309496819698973	0.194366773726305	0.487957365073367	0.270070533408905	0.0129392593992065	2.20416902827634e-05	
7.2309137281255e-05	0.00052895705859005	0.00565347417895725	0.0466661164884482	0.245913944266946	0.489381167399583	0.20474017833634	0.00703835135166999	5.50178218444332e-06	
9.85184402875793e-05	0.000973362190041283	0.00892025365739858	0.0685901144232573	0.298445457827014	0.471239708763728	0.147973909164422	0.00375867553385172	
0.000170901398556238	0.0018830656403132	0.0143746190158915	0.0973027506461963	0.348983806108032	0.434060412463044	0.101485503308557	0.00173894141941093	
4.74174856720164e-06	0.000319277736858244	0.00308055598582533	0.0225857387170093	0.132098002459387	0.3929969115411	0.382049004390859	0.0660557187068303	0.000810048713563614	
1.3440934603528e-05	2.21380099352226e-05	0.000574797615103815	0.00475097506074116	0.0345036697704684	0.173660828293642	0.42328428446394	0.321979960357149	0.0408604411947251	0.000349464299691728	
1.66068424935886e-05	8.30342124679429e-05	0.000964778468675146	0.00776409426676441	0.0503725072931717	0.218832317548134	0.437746878506713	0.259526198875638	0.0245836625046756	0.000109921481267086	
4.57866059967823e-05	0.00017919930278051	0.00169647269460492	0.0123536999524767	0.0721036419297949	0.266849865718937	0.433930716970884	0.199060427267976	0.0137359817990347	4.42077575141346e-05	
2.36448170167019e-06	6.5417327079542e-05	0.000270339074557625	0.00278141864173137	0.0190632396394323	0.100772633804049	0.313041614089789	0.411280311670215	0.145565375160489	0.00714388738131287	1.33987296427977e-05	
7.89970534099078e-06	0.000118495580114862	0.000511110935562104	0.00495706510147171	0.0295693870618626	0.134753173706621	0.350817224517526	0.373775348179513	0.101967026629907	0.00352326858208189	
6.3055479363518e-06	0.000161579665869015	0.000851248971407493	0.00801435142710314	0.0426664901113245	0.173342665544279	0.378485785718565	0.326881969600953	0.067984053269269	0.00160555014329358	
8.6573204334012e-06	0.000294348894735641	0.00150086455149964	0.0125759384732107	0.0610624421041696	0.213925536025865	0.394605387529209	0.271746205142291	0.0435966916443478	0.000683928314238695	
6.28310903943044e-06	2.74886020475082e-05	0.00045316923946892	0.00287295160827957	0.0191548432953336	0.0846735335812543	0.255728821013858	0.395421184287515	0.215106950296681	0.0262508295667404	0.000303945399782447	
4.72224539620426e-06	5.50928629557164e-05	0.000822457739838908	0.00492608898914041	0.0286907889455383	0.114072133872509	0.296823817746513	0.377263332866356	0.16166921930265	0.015536187353512	0.000136158075590556	
1.17353261481843e-05	0.000129870942706573	0.0013393918910461	0.00816152815852392	0.0418700789865685	0.148288363563534	0.331637969882459	0.343223083855947	0.117037190030919	0.00825775783293903	4.30295292100091e-05	
2.10577379777864e-05	0.000287009169475015	0.00235690682106928	0.0129333506994679	0.0585264730862611	0.186488107447498	0.353167902703892	0.300291142725448	0.0817305405053389	0.0041819107791441	1.55983244279899e-05	
3.82502314529311e-05	0.000711142058237148	0.00373369095998714	0.0201648975284106	0.0797821766411301	0.225495262435619	0.360228189952211	0.253814484816219	0.0539929338552018	0.00203506843668962	3.90308484213583e-06	
7.11501142311175e-05	0.00120095137867029	0.00602273988925602	0.0302145605972231	0.106161443518537	0.262246811145704	0.35684909764454	0.20294670934631	0.0334655735090142	0.000812362293254187	8.60056325870651e-06	
7.03166750525812e-06	0.000151571499557786	0.00214387729271425	0.00967557448723518	0.0426134676746432	0.136723742972239	0.295100334082336	0.337929439560474	0.155544391698257	0.0197332029089227	0.000375803563336573	1.56259277894625e-06	
3.92995870399394e-06	1.96497935199697e-05	0.00036941611817543	0.00328858944350213	0.0154384497727698	0.0598336212683077	0.17087853440836	0.319265915153764	0.306051036015714	0.113821035968554	0.0108663358165432	0.000163486282086148	
9.44462459191351e-06	7.4769944685982e-05	0.000741403030465211	0.00541098283911712	0.023257388057587	0.081797532434415	0.204445427385004	0.332482267717329	0.266295125629248	0.0794796641491495	0.0059556228572508	5.03713311568721e-05	
4.70644712659637e-06	2.90230906140109e-05	0.000192964332190451	0.00154057702610588	0.00823863569510694	0.0344425644802867	0.107652918350202	0.239898591752579	0.331737063349563	0.220967692593699	0.0523184350749541	0.00295957083477468	1.725697279752e-05	
2.43751700364684e-05	8.41336514161974e-05	0.000386857537352982	0.00252400954248592	0.012598031429816	0.0475190008381913	0.137527854528985	0.268331307311136	0.31989029600892	0.176493529571799	0.0332988411572387	0.00130996881550827	1.17944371144202e-05	
4.25335503069505e-05	0.000100032609055235	0.000715193771827982	0.0044573585405006	0.0187423301769238	0.0646572977332768	0.167905915786721	0.29154779589567	0.298283062352609	0.133226106778115	0.0198182714680219	0.000500950703615194	3.1506333560704e-06	
6.85079288084503e-05	0.000169301203377205	0.00134889749481466	0.00721459360624162	0.0268306972217279	0.0854270248817648	0.197991064046252	0.306708422380517	0.264894174936177	0.0972796840130842	0.0118707704228435	0.000196861864392098	
1.72612649368787e-05	0	0.000125536472268209	0.000429962417518615	0.00244089978266498	0.0107278761582701	0.0381450417016469	0.110953841808353	0.22683342094733	0.309560386966176	0.22630930617561	0.0681513969855555	0.00622739362745483	7.76756922159541e-05	
8.6389899607083e-06	3.92681361850377e-06	0.000216760111741408	0.0007280312448706	0.0039582281274518	0.015613010947171	0.0528941794412458	0.138571755057932	0.255115656441506	0.299540484270363	0.184624639813021	0.0456751252849885	0.0030126514081161	3.69120480139355e-05	
1.26097938692758e-05	2.28552513880625e-05	0.000296330155927982	0.00125309826575929	0.00627494867419839	0.0230672535474897	0.0699433741444058	0.16869697483164	0.276768425076151	0.278997994254663	0.144877862324694	0.0284406019600348	0.00134294304707788	4.72867270097844e-06	
2.44564166931611e-05	4.65460833837583e-05	0.000467038667172625	0.00220817775239219	0.00975179892723112	0.0336259951197615	0.0912934367655679	0.198732842048627	0.28752935756149	0.250958336521872	0.107723415283367	0.0169924761017419	0.000643756000697402	2.36675000256398e-06	
1.57488127363798e-06	3.85845912041306e-05	8.50435887764511e-05	0.000833112193754493	0.00366159896120831	0.0150495654508846	0.0481039610626354	0.116509716623738	0.226030110155071	0.288087519302139	0.21415550535184	0.0772219409309281	0.00996506125894434	0.000256705647602991	
1.18400457183632e-05	5.68322194481434e-05	0.000192598077018708	0.0013560799029432	0.0058742413490706	0.0217856841217883	0.064114636901318	0.144139927238972	0.247837415649541	0.279643725130971	0.176249341890792	0.0532936244511152	0.00536985540146832	7.41976198350761e-05	
9.4483725178338e-06	1.18104656472923e-05	9.36963608018519e-05	0.00036612443506606	0.00231642599562225	0.00905941451584964	0.0315504779301765	0.0833842495630128	0.1720131332378	0.263404878509677	0.260290852400674	0.139931184353495	0.0348511093964065	0.00270932081948884	7.8736437648615e-06	
1.3400187129672e-05	5.5177241122179e-06	0.000131637132391484	0.000650303198939966	0.00379225295769719	0.013446693661475	0.0441047453215611	0.105507555734925	0.19729016686386	0.27105189104229	0.234621511714522	0.106572476488583	0.0214568525798119	0.00135499539270037	
7.879519002642e-06	1.33951823044914e-05	0.000199351830766843	0.00112046760217569	0.00586472599366644	0.0197634095624267	0.0592776214568758	0.129591297228852	0.22138454180203	0.270986901875562	0.201114479167734	0.0773461464818342	0.0127167557183639	0.000612238626505284	7.879519002642e-07	
1.73188663070115e-05	2.44038570689708e-05	0.000491226026162509	0.00197828686497818	0.00855158384968484	0.0287091697886547	0.0766170900998275	0.1559264766892	0.239580537058044	0.260084500323154	0.166711407071293	0.0535672534875867	0.0074195597701629	0.000321186247875487	
2.77200057657612e-05	0.000109296022733573	0.000789624164241826	0.0034705447218733	0.0130806747207803	0.0391224321374659	0.0968568681462286	0.181139941677108	0.254396788914532	0.23881735367401	0.132635475588179	0.0355449673933532	0.00385783280242922	0.000150480031299847	
7.9196441228717e-06	3.16785764914868e-05	0.000346088448169493	0.00140177700974829	0.00554691874365934	0.019111685197314	0.0526751369900442	0.120007159358287	0.205230449764509	0.258539158284383	0.212053223176363	0.100262694595556	0.0228220384688794	0.00191734584214724	4.6725900324943e-05	
1.82283472991533e-05	4.43820629892429e-05	0.000557945934721911	0.00243705078021289	0.00820513389513628	0.0275216342743652	0.0690854362637911	0.145233960837585	0.22621616759301	0.253038784375295	0.180615182945241	0.0725963744609759	0.0135840814220647	0.000832956217887398	1.2680589425498e-05	
3.16529319319525e-06	3.00702853353549e-05	0.000175673772222337	0.00105562527993062	0.00380705638811559	0.0120455232467045	0.0372072301627119	0.0888774762484312	0.169524398871256	0.242148885895928	0.237354258031536	0.149234869502875	0.0503542754406484	0.00775022038353858	0.000431271197572853	
8.68576482107324e-06	2.76365244306876e-05	0.000340324057989324	0.0017639998736616	0.00577524399102997	0.0175334007138119	0.0499715738605856	0.110018634913616	0.192409431161366	0.24971652822084	0.217407062316415	0.117676321025868	0.0331725150816462	0.00400887527241717	0.000169767221502795	
3.87626334542095e-05	8.93913791903198e-05	0.000594887762399296	0.00266038237360217	0.00820897647661901	0.0251427097770437	0.0650144291925348	0.133122749394037	0.213798864650377	0.248640934606646	0.190540493503699	0.0897323321498864	0.0203480093410036	0.00199113364090296	7.59431186041655e-05	
6.47145496459246e-05	0.000243074162084692	0.000963615428264316	0.00397126358314991	0.0120463766560414	0.0342553052119678	0.0823319019842901	0.156943042515092	0.231328471323957	0.239271787692082	0.160604149781036	0.0646158994178058	0.0122768235889269	0.00106463326185795	1.89408437988072e-05	
4.71810502029965e-06	0	0	9.43621004059929e-05	0.000399466225052037	0.00154911114833172	0.0060037886383313	0.0176118996899419	0.0465205155001545	0.102511840477724	0.178794162445929	0.240688623154729	0.221176113492444	0.131750723639357	0.0448715377955598	0.0075238048057045	0.000492255623784596	7.07715753044947e-06	
1.41281517551874e-05	0	1.491304907492e-05	0.00016090395054519	0.000630272547745304	0.00248420001695378	0.00901690040908848	0.025284682257867	0.0621520942630285	0.125599269103616	0.199498921551083	0.242056054226986	0.19598258155868	0.102879631286635	0.0300011302521404	0.00405242486177958	0.000171892513021447	
2.11855762319805e-05	0	2.27548781750902e-05	0.000265212028385534	0.00098866022415909	0.00391776230097328	0.0140428984379168	0.0343951753381061	0.0793093816008763	0.149244538044587	0.215859836227649	0.234055107607034	0.168819225831965	0.0777659731398279	0.0192129636894916	0.00199144416580617	8.78809088141413e-05	
1.4138305618327e-05	2.35638426972117e-06	3.92730711620195e-05	0.00044300024270758	0.00177278643225356	0.00616194486532086	0.0201722202716597	0.0454790018670418	0.098523568162735	0.173033224232742	0.226073077759895	0.218777712060839	0.140065051915073	0.0570731979354932	0.0112234582766819	0.00111456975957811	3.14184569296156e-05	
1.96776331428014e-05	3.62068449827545e-05	7.32007952912211e-05	0.000631258471221068	0.00289969601992321	0.00982779709684072	0.0278800577420467	0.058210374363035	0.121071754095703	0.193108420610196	0.229448286392995	0.19871182342394	0.111909848104414	0.0392049291683917	0.00648023814658735	0.000481708459335778	4.72263195427233e-06	
8.62131801142246e-06	3.05664911314069e-05	6.74030317256665e-05	0.000163805042217027	0.00114741905170204	0.00474485993101378	0.014870206057338	0.036041811824843	0.0766921100048828	0.142008782771785	0.208689191296858	0.225595595917257	0.173536942739557	0.0871003921132183	0.025357647540142	0.00371343679437451	0.00022964056157698	1.56751236571317e-06	
6.25112324870875e-06	4.6102033959227e-05	6.79809653297077e-05	0.000396946326293006	0.00193472264547536	0.00733569313235972	0.0207990498292662	0.0465528962235402	0.0964712409261039	0.165124983395454	0.218206396461864	0.216619392547098	0.144780702782531	0.0638778843073365	0.0157090727240051	0.00194331793994233	0.000127366636192441	
4.65727862790362e-06	0.000101683916709229	0.000131956227790603	0.000945427561464435	0.00306060827163733	0.0108475781374922	0.0284132806957353	0.0603940368204448	0.11788736526881	0.182372045150764	0.223318062634188	0.199773966743926	0.116907008117637	0.0455559471119439	0.00922141168324917	0.00100752460983648	5.74397697441446e-05	
2.4833980956993e-05	0.000123393842880059	0.000240579190520869	0.00135189983834631	0.00557910903436945	0.0156368713219516	0.038204751516619	0.0766330088618509	0.13907339760678	0.199064534979826	0.221213341745844	0.175521144970692	0.090713100002561	0.0309299472200298	0.00514451436762208	0.000523841785811571	2.17297333373689e-05	
6.19740917309519e-06	7.51435862237792e-05	0.000184372922899582	0.000351702970573152	0.00239297461696138	0.0076042210553878	0.0210897834160429	0.0492918685343592	0.095896385516035	0.161498285641688	0.210219217855975	0.211424613940142	0.149276220076197	0.0676005645839757	0.0200765070162419	0.00277488995725337	0.000236276224724254	7.74676146636898e-07	
3.8550352542974e-05	0.000165766515934788	0.000348495186988485	0.000752502881638853	0.00375326232358395	0.0109321089741366	0.0288341216880428	0.061869460796219	0.11486000439474	0.18074024386953	0.213468722171464	0.19764071842437	0.123825274382134	0.0484161587657719	0.012690776057147	0.00153044899595607	0.00013338421979869	
5.77809792720367e-05	0.000195684916467964	0.000446069159980123	0.00141987126397818	0.0054830297263878	0.0151024071555965	0.0379413022291902	0.0781352922369328	0.137019503006537	0.194160269028239	0.214930605043894	0.176140307625934	0.0973879145303755	0.0331832311894022	0.00755235919738368	0.00080277040535283	4.16023050758664e-05	
6.85687166401637e-05	0.000372120113901113	0.00059323496419018	0.00230205983506527	0.00761883189724246	0.0216276518373334	0.0492854985639091	0.0967558522244	0.159799779347411	0.201444873833561	0.206472732763828	0.153169415578812	0.072678217028463	0.0229759131195838	0.00437144829456504	0.000453786225854567	1.00156552395745e-05	
