# <P(U)> as a function of N_tot.
# number_of_species: 1
# species_total_upper_bound: 103
# species_total_lower_bound: 0
# volume: 729
# Bin widths for each
10	10	10	10	10	10	10	10	10	10	10	10	10	10	10	10	10	10	10	10	10	10	10	10	10	10	10	10	10	10	10	10	10	10	10	10	10	10	10	10	10	10	10	10	10	10	10	10	10	10	10	10	10	10	10	10	10	10	10	10	10	10	10	10	10	10	10	10	10	10	10	10	10	10	10	10	10	10	10	10	10	10	10	10	10	10	10	10	10	10	10	10	10	10	10	10	10	10	10	10	10	10	10	10	
# Bin lower bound for each
0	0	0	0	-10	-10	-10	-10	-10	-10	-10	-10	-10	-20	-20	-20	-20	-30	-30	-30	-30	-30	-30	-30	-30	-30	-30	-40	-40	-40	-40	-50	-50	-50	-60	-60	-60	-60	-60	-60	-60	-70	-70	-70	-80	-80	-80	-80	-90	-90	-90	-90	-90	-100	-110	-110	-110	-120	-120	-120	-120	-120	-120	-130	-130	-130	-130	-140	-150	-150	-160	-160	-160	-160	-180	-180	-180	-180	-190	-190	-200	-200	-200	-200	-200	-210	-210	-220	-220	-220	-220	-250	-250	-250	-250	-250	-260	-260	-260	-260	-270	-270	-270	-270	
# Bin upper bound for each
0	0	0	0	0	0	0	0	0	0	0	0	0	0	0	0	0	0	0	0	0	0	0	0	0	0	0	0	0	0	0	0	0	0	0	0	0	0	-10	0	-10	-10	-10	-10	-10	-10	-10	-10	-10	-10	-10	-20	-20	-20	-20	-20	-20	-20	-30	-30	-30	-30	-30	-30	-30	-30	-30	-30	-40	-40	-40	-40	-40	-50	-50	-50	-50	-50	-60	-60	-60	-70	-70	-70	-70	-70	-70	-80	-80	-80	-80	-80	-90	-90	-90	-90	-90	-100	-100	-100	-100	-110	-110	-110	
# Normalized histogram for each
1	
1	
1	
1	
3.36388582635117e-06	0.999996636114174	
3.02119620907013e-05	0.999969788037909	
0.000117362430274142	0.999882637569726	
0.000514587679276723	0.999485412320723	
0.00151403438577596	0.998485965614224	
0.00371078999043351	0.996289210009566	
0.00782359335473766	0.992176406645262	
0.0163817813537104	0.98361821864629	
0.03149863842485	0.96850136157515	
8.38765739439101e-06	0.0565009377400967	0.943490674602509	
3.9481067568067e-05	0.0945991579612313	0.905361360971201	
8.67711121276529e-05	0.146615379042333	0.853297849845539	
0.000234896729631338	0.215183084741311	0.784582018529058	
8.39689785005827e-07	0.00048702007530338	0.301076650242334	0.698435489992577	
3.35860684987867e-06	0.000978194245027163	0.397268612979336	0.601749834168787	
5.03524250147491e-06	0.00191255294347689	0.497601126551589	0.500481285262433	
1.67392592542995e-05	0.00400570473955386	0.596199685971496	0.399777870029695	
2.25951065694017e-05	0.00760785606749744	0.686174891145982	0.306194657679951	
5.61049749202388e-05	0.0142330784883478	0.762125792378097	0.223585024158635	
0.000113060781476122	0.0256807096532133	0.816997306640939	0.157208922924372	
0.000259277969401854	0.0436941925080376	0.850002676417749	0.106043853104812	
0.000587555376257239	0.0703057715179602	0.861577979562782	0.0675286935430008	
0.00126538227710111	0.106533615647471	0.851203957988302	0.0409970440871261	
2.52394806051418e-06	0.00252815464061504	0.157576807946062	0.816518230476841	0.0233742829884218	
3.53996621860809e-05	0.0048033970190113	0.22222727931682	0.759871448655319	0.0130624753466638	
8.60128732600313e-05	0.00874548537823318	0.296544559306298	0.687549805248303	0.0070741371939059	
0.000217621615056042	0.0152453219787709	0.379311944558785	0.601482526165203	0.00374258568218472	
8.46879165586896e-06	0.000482721124384531	0.0258035612962671	0.463476642225734	0.508419672664265	0.00180893389769361	
2.70651101972877e-05	0.000833943707953928	0.0408040367611859	0.541779226512982	0.415739545678294	0.000816182229386958	
2.19658785422091e-05	0.00171249368480992	0.0639958974497615	0.609062276645033	0.324831411882189	0.000375954459664733	
4.23510597929203e-06	6.77616956686724e-05	0.00342535371605139	0.0972160107334526	0.656864090366997	0.242264155418225	0.000158392963625522	
5.9595516714414e-06	0.000165164717751376	0.00634521980103611	0.13992942188092	0.679558312084694	0.173932920989115	6.30009748123805e-05	
7.65379666583609e-06	0.000350373802924941	0.0110299714173216	0.192516797957627	0.676522488980659	0.119544650123694	2.80639211080657e-05	
1.2780304017872e-05	0.000701212680447242	0.018551889312343	0.255512358127975	0.647600157112537	0.077618194381608	3.40808107143253e-06	
7.24156145103852e-05	0.00124980831160865	0.0301308592751623	0.325929049736748	0.594092589752765	0.0485252773092062	
8.27878863399134e-05	0.0023598815023697	0.0469919405565906	0.396716990890772	0.524829111293377	0.0290175809038218	1.70696672865801e-06	
0.000190353860967941	0.00429668106896555	0.0714701577450442	0.460614328501032	0.447391594762354	0.0160368840616369	
5.15453289622894e-06	0.000347930970495454	0.00710981904153179	0.104255582359127	0.516518559754782	0.363151447049202	0.00861150629196649	
2.06596452566746e-05	0.000719644309774164	0.0121599228706577	0.144577919143313	0.554331854160121	0.283819624080538	0.00437037579033903	
7.25769661445733e-05	0.00142561897783983	0.0204623843952611	0.195337448332112	0.569524413508993	0.211005432904323	0.00217212491532687	
8.64180994067397e-07	0.000150367492967727	0.00248192781496157	0.0329373944078848	0.252921579895693	0.559717067142542	0.150747732605117	0.00104306645983935	
3.45397790317636e-06	0.000323810428422784	0.0042665262048986	0.0507441163645156	0.317202968694008	0.525081492291153	0.101841401969631	0.000536230069468131	
6.90455148033584e-06	0.000598106771984092	0.00728343874281927	0.0751422337604949	0.37593297751878	0.474425541316836	0.066407113068935	0.000203684268669907	
4.9284978716671e-05	0.000914798376881368	0.0123281618691631	0.106807466069021	0.427059528472451	0.41255418105226	0.0402018436040635	8.47355774426976e-05	
2.59243320595845e-06	8.46861513946427e-05	0.00189506867355563	0.0194985542864155	0.146503585335124	0.465995053637443	0.342157975966416	0.0238218687295522	4.0614786893349e-05	
9.52758756286043e-06	0.000213071503678515	0.00350788451178043	0.0310356834138559	0.193470657628739	0.488579020945102	0.270176398953005	0.0129835034152071	2.42520410690993e-05	
7.43940131850413e-05	0.000459339779084383	0.00583214461504126	0.0468396817666329	0.244942288411748	0.489972811583321	0.20479114745845	0.00708213704588294	6.05532665459638e-06	
8.15318269027273e-05	0.000917666732586016	0.00916799372725349	0.0685084185948076	0.296837432476035	0.472269637894605	0.14844864015321	0.00376867859459947	
0.000173196161973051	0.00184107520177353	0.0147000242474627	0.0970547992656483	0.347691295160899	0.434837542000069	0.101949322803007	0.00175274515916727	
5.21762269457167e-06	0.0003130573616743	0.00303839561580557	0.0228610138362658	0.131400609940093	0.391833898720726	0.383388306785779	0.0663559862219977	0.000803513894964038	
1.47967878784714e-05	2.43711800351293e-05	0.00050831318358984	0.00474019451683265	0.0346418916213624	0.173205106110377	0.421966092725377	0.323655363661526	0.0409044144911037	0.000339455721917873	
1.82902771499568e-05	8.79675234355063e-05	0.000881417165512202	0.00781865799881723	0.0507259062614586	0.218209103158034	0.436831914965889	0.260722674979162	0.0245951969732204	0.000108870697321171	
5.04490399460717e-05	0.000163524474307957	0.00167090699545524	0.0124774392763172	0.0726222628134038	0.265990823493596	0.432940613651684	0.200317481027247	0.0137264879204993	4.00113075434362e-05	
2.60461433475545e-06	7.20609965949009e-05	0.000254384000027783	0.00279041015730134	0.0192559137768471	0.101151934099785	0.311967681945334	0.41083450106876	0.14658595835048	0.00706979150930455	1.47594812302809e-05	
8.69758076790941e-06	0.000130463711518641	0.000465320571083153	0.00498110450578172	0.0297492052585573	0.13509865230986	0.349679276709183	0.373646330273235	0.102798446612075	0.00344250246793854	
6.94638605582463e-06	0.000174527949652594	0.000788414817336096	0.00799008056071228	0.0429026168772869	0.173724773764889	0.377164450480082	0.327000255279688	0.0686641578635695	0.00158377602072802	
9.53900586215269e-06	0.000305248187588886	0.0014837490027403	0.0124614103853758	0.0613201984113219	0.213828089770717	0.393222969926116	0.272626521905026	0.0440979569183808	0.000644316486870859	
3.02868248850399e-05	0.00047333980606048	0.00289022843188666	0.0190512781905439	0.0851276113733085	0.254960549247243	0.394887410891834	0.215651711897876	0.0266359644796118	0.000291618856750241	
6.07165068232343e-05	0.00084742895951857	0.00502385725028819	0.0286078832577702	0.114482708372546	0.295848985904229	0.376911594163929	0.162208484871615	0.0158791012916136	0.000129239421666599	
6.90580311900598e-06	0.000143295414719374	0.00139669868081896	0.00829127986975655	0.0416877437532695	0.148387581294251	0.330837173247609	0.342909380325022	0.117835445070379	0.00846306172234183	4.14348187140359e-05	
1.11917876384123e-05	0.000316813680841209	0.00244755786584662	0.0131667077032213	0.0583272926376977	0.186498227393019	0.352584355947058	0.299712629329715	0.0826298290411393	0.00429334191944323	1.20526943798286e-05	
3.19242652889189e-05	0.000779987454626559	0.00388785782140185	0.0204306669669273	0.0791540587389225	0.225479360099673	0.359884831055925	0.253660720987961	0.0546370858150136	0.00204919270435628	4.31408990390796e-06	
7.43649364136558e-05	0.00131695114137207	0.00621638985904386	0.0302786350402392	0.105897398870172	0.261784464473016	0.357286336999409	0.202460268803304	0.0338446931538429	0.000830984928994456	9.51179419244435e-06	
6.92027753773065e-06	0.000166086660905536	0.00230618248944874	0.00985361017903623	0.0427785606341742	0.136513719882736	0.293889481437653	0.338812463073832	0.155312653813981	0.0199805713208128	0.000378020160498537	1.73006938443266e-06	
4.34992161441251e-06	2.00096394262975e-05	0.000396712851234421	0.00350777678986225	0.0156579778432393	0.060174205660814	0.171070237314324	0.317982749950846	0.306536366214681	0.113415506252577	0.011061850665451	0.000172256895930735	
1.0466728885555e-05	8.28616036773108e-05	0.000763198981238388	0.00560057218117908	0.0234411115666076	0.082082704602744	0.20488011234289	0.330966689635322	0.266329405402577	0.0796971626442446	0.00609250843880016	5.32058718349048e-05	
5.20958146222533e-06	3.21257523503895e-05	0.000213592839951238	0.00159326366386391	0.00848206688407987	0.0347713514696229	0.107609114683726	0.240498591676478	0.330458512629762	0.220849786928118	0.0524509344252616	0.00301634766662846	1.91017986948262e-05	
2.7005530906959e-05	8.27588850374549e-05	0.000427732763719899	0.0026055981594424	0.0129565568122323	0.0480750718913367	0.137079203737565	0.268788662555438	0.318776771410377	0.176440200607537	0.0334040994395917	0.00132414216059928	1.2196046216046e-05	
3.93200256890835e-05	0.000103105845140263	0.000773293838551974	0.00468083061369822	0.0191855512012268	0.0654678427723239	0.167635249966141	0.291465369979597	0.297154540807633	0.133183043457366	0.0197963222669305	0.000512034112306731	3.4951133945852e-06	
7.16632247926792e-05	0.000186149596107813	0.00140966806817795	0.00750628582615026	0.027499451601542	0.0863900174875747	0.197891877672623	0.305805332967443	0.264037908098032	0.096997048698657	0.0119974725604134	0.000207124198486158	
1.91815912524969e-05	0	0.000129039795698615	0.000468205204663219	0.00255463919862799	0.011227334116291	0.0391653217755527	0.111895812571441	0.227103065305471	0.308282175157572	0.225129977077998	0.0677127609023369	0.00622791392348114	8.45733796132817e-05	
9.57764334249304e-06	4.35347424658775e-06	0.000222897881425293	0.000782754669536477	0.00408355884329931	0.0161879586385119	0.0537288377616873	0.139647264102644	0.255223298401056	0.298469840871809	0.183374430130221	0.045214312830211	0.00301260417863872	3.83105733699722e-05	
1.39732743661155e-05	2.53265597885844e-05	0.000305665376758777	0.00133968767985132	0.0064294528677089	0.0236995466545798	0.0708584743105717	0.169556077806685	0.276386126983877	0.277963360327953	0.143952672519722	0.0281308212879342	0.00133357437231615	5.23997788729332e-06	
2.70861584487844e-05	5.15510757573639e-05	0.000476192140470565	0.0023477583145769	0.00988819532789979	0.0342910765961611	0.0924118563979254	0.199058799681257	0.286935908906628	0.250108344633795	0.106902951168025	0.0168510855433309	0.000646572814583887	2.62124114020495e-06	
1.74539259988446e-06	4.27621186971691e-05	9.42512003937606e-05	0.000863969336942805	0.00381542822334742	0.0151709524781957	0.0488334668558672	0.117930069100093	0.226864384740382	0.286762767983216	0.213064438149395	0.0765180115789345	0.00978205282605243	0.000255700015883073	
1.31195717771772e-05	6.29739445304505e-05	0.000209038510316357	0.00140291954203948	0.00608748130461022	0.0219805305554827	0.0649768658217662	0.14550479739008	0.247739497782792	0.278401686302292	0.17563258201919	0.0526978212764469	0.00521371782425022	7.69681544261062e-05	
1.046605335594e-05	1.3082566694925e-05	0.000103788362446405	0.000395093514186735	0.00236620022955544	0.00934356913351544	0.0317243520640802	0.0844941930847297	0.173503616021434	0.262779923318716	0.259455207035979	0.139029308438081	0.034191724142743	0.00258075432335221	8.72171112995001e-06	
1.48559583753524e-05	6.11715933102746e-06	0.000145937944040226	0.000695608403928265	0.00393945060918168	0.0136648600656109	0.044531172170071	0.106856286954196	0.19814090789131	0.269801681694488	0.233803072911296	0.106012118966515	0.0211181817705156	0.00126974750114041	
8.73169509270004e-06	1.48438816575901e-05	0.000213053360261881	0.00119798856671845	0.00601788425788887	0.0200078061354129	0.059898555166413	0.131002494645288	0.221964928273491	0.269629505445522	0.200348743902002	0.0766328488115726	0.0124933093386352	0.000569306520044043	
1.91939584398453e-05	2.70460323470547e-05	0.000516491972563109	0.00206945770087786	0.00875593485919487	0.0289793874335409	0.0775950668036999	0.156955977783866	0.239777035999142	0.258603691870661	0.166121092938892	0.0530189479267908	0.00725967855354329	0.000300996166443028	
3.07290601209671e-05	0.000121160294191242	0.000842854220460813	0.00359354408786053	0.0134847895542267	0.039288420324376	0.0979308806860833	0.181791363729349	0.253735117257704	0.238324932593612	0.132057696883283	0.0348669475595419	0.00378406426061053	0.000147499488580642	
8.7825536328594e-06	3.51302145314376e-05	0.000383797593755956	0.00149830364976581	0.00562873862329959	0.019408565273256	0.0526540437950819	0.121298482989511	0.205541615691262	0.257879487555561	0.211724533448795	0.0996811054775909	0.0223498424849006	0.00186365788089276	4.3912768164297e-05	
2.02068478371644e-05	4.48064886824081e-05	0.000614991021131092	0.0025504556204908	0.00826460076540025	0.0278573361400352	0.0689396149101937	0.146673601422562	0.226029407113513	0.252452935615711	0.180234540004287	0.0722060957910015	0.0133031343456671	0.000794216975860724	1.40569376258535e-05	
3.50418574987823e-06	3.32897646238432e-05	0.000167324869556685	0.00112747176502332	0.00388701804305243	0.0120929450228298	0.0374159433443248	0.0890142024648443	0.170921040182498	0.24202359718684	0.236718259961524	0.148683477413771	0.0499688127468261	0.00752436285142603	0.000418750197110448	
9.61870575941868e-06	3.06049728708776e-05	0.00028768674498625	0.00184329379462314	0.00584554981833763	0.0176433296461628	0.050163299390961	0.110410500128978	0.193879879853621	0.248932979481552	0.216827488512205	0.117365698820834	0.0327656839555616	0.00384835673156378	0.000146029441983902	
4.29001180191002e-05	9.80574126150861e-05	0.000547195382896686	0.00275348716673612	0.00829723302993903	0.0251657345375717	0.0651792874728153	0.133738929143013	0.215265788118944	0.247111683890918	0.19057458141742	0.0892374985554042	0.0200264755014061	0.0018849786550025	7.61695972992187e-05	
7.16146572496304e-05	0.00024279115506582	0.00092575044737327	0.00401653425232988	0.0122251460021991	0.0345243782406724	0.0816869967869473	0.15788761214899	0.232136291426241	0.238156289382603	0.161046517213282	0.0640304903769988	0.0120801699887425	0.000959811077040778	9.60684426519432e-06	
5.22948733592483e-06	0	0	0.000104589746718497	0.000391339968971708	0.00157494726933603	0.00607492112189935	0.0178159917722733	0.0469451078145972	0.102216431049209	0.179192741471578	0.241492495685673	0.220554499973853	0.131457981069256	0.0444454128680252	0.0072655010720449	0.000461938048006694	8.71581222654139e-07	
1.56780222000794e-05	0	1.65490234334172e-05	0.000178555252834238	0.000613184868269773	0.00257903465191307	0.00891295562074516	0.0256509863217966	0.0625988586399838	0.125287430407001	0.199550737563844	0.242804658811397	0.195546744894191	0.102191090702584	0.0299868304613519	0.00391427954261983	0.000152425215834106	
2.35115450394123e-05	0	2.52531409682577e-05	0.000289975722152752	0.00101709202244569	0.00399522106077125	0.0137438042724831	0.0349529594939619	0.0799383823360375	0.149637922206393	0.215868202986489	0.234171505400689	0.168070973517292	0.0771875315664262	0.0190713462188211	0.00193752547084046	6.87930391893916e-05	
1.56845112836988e-05	2.6140852139498e-06	4.35680868991634e-05	0.000464435806345082	0.00175143709334637	0.00625114910829197	0.019738086088797	0.0460967786627908	0.0992350315302245	0.172612403485795	0.226969691424668	0.218478271288021	0.13926800385839	0.0567971008052254	0.0111534302461858	0.00109443034290698	2.78835756154646e-05	
2.18409663142408e-05	4.01873780182031e-05	8.12483946889759e-05	0.000656102628079795	0.00282884195702047	0.00998044796695549	0.0273038288087588	0.0586063017303287	0.121534493874919	0.192417165951157	0.230458887438649	0.198558845678721	0.111498133034199	0.0390402904673792	0.00648851427263467	0.000479627620260729	5.2418319154178e-06	
9.57536728062181e-06	3.39490294494773e-05	7.48619623757705e-05	0.000181931978331814	0.00120301432561994	0.00478942461618011	0.0147565114673728	0.0353905574691782	0.0770494985554253	0.141969618230107	0.207496467995205	0.226363423489769	0.173985293976833	0.0871845895779962	0.0255453389288298	0.0037309112877041	0.000233290766473331	1.74097586920396e-06	
6.94848566440551e-06	5.12450817749907e-05	7.556478160041e-05	0.000426463307652888	0.00199942674993269	0.00728896146196138	0.0207143043263009	0.0458165773496739	0.0969609060825306	0.164236144285305	0.217503235388638	0.2176178854021	0.145179922350673	0.063999027212007	0.0160527390061928	0.00194644454674159	0.000124204181251249	
5.17236920371376e-06	0.00011293006094775	0.00014655046077189	0.00102585322540323	0.0031930759217593	0.0107404246515116	0.0278626908388721	0.05992103516349	0.11777657089163	0.181151024560133	0.223600658615012	0.200459478797597	0.117592089723364	0.0458642597908639	0.00944647028904923	0.00103792208687856	6.37925535124697e-05	
2.761670430881e-05	0.0001372204995344	0.000267536822991597	0.00144383582214497	0.00569421921967276	0.0155637389220337	0.0375664850580684	0.0768365755631866	0.138958625861835	0.198042838686515	0.221045827331734	0.176339561187829	0.0911282200429958	0.0310687923474112	0.00529636607322397	0.000558375240243752	2.41646162702087e-05	
6.89609396617638e-06	8.36151393398886e-05	0.000205158795493747	0.000390491320834738	0.00249293796877276	0.00766587045515082	0.0205538080661887	0.0487002155891376	0.096550487596944	0.161353944608849	0.209947270741511	0.211064437964032	0.149740922369808	0.0678842869912945	0.020223657567558	0.00287998124262441	0.000255155476748526	8.62011745772048e-07	
4.29225813983834e-05	0.000184567100013048	0.000388020135841386	0.000836131885640508	0.00400210148958526	0.0108662807068147	0.0280421808791918	0.0617398410834346	0.115690950546319	0.180042201482031	0.21362311226487	0.19685841042229	0.124605112251135	0.0485703346587826	0.0128003722246259	0.00155894815638928	0.000148512131638406	
6.440858746815e-05	0.000218130416225468	0.000497234295254118	0.00154666488040184	0.00583455924344814	0.0148423148961605	0.0368185249402932	0.0777308597000621	0.13756729623914	0.193507442626977	0.21578079095463	0.17521368622369	0.0984953295186274	0.0332734762860463	0.00769983193652577	0.000863075072073209	4.6374182977068e-05	
7.64223355867904e-05	0.000414741439195728	0.000661182004514929	0.00244208002706553	0.00792387991904384	0.0206074115926672	0.0485788450953605	0.0969043802019782	0.160485187376404	0.200703085487398	0.20643819536812	0.152921952187096	0.0737569992984601	0.0230615131107239	0.00453124342574711	0.000481718317575162	1.11628130632391e-05	
