# <P(U)> as a function of N_tot.
# number_of_species: 1
# species_total_upper_bound: 103
# species_total_lower_bound: 0
# volume: 729
# Bin widths for each
10	10	10	10	10	10	10	10	10	10	10	10	10	10	10	10	10	10	10	10	10	10	10	10	10	10	10	10	10	10	10	10	10	10	10	10	10	10	10	10	10	10	10	10	10	10	10	10	10	10	10	10	10	10	10	10	10	10	10	10	10	10	10	10	10	10	10	10	10	10	10	10	10	10	10	10	10	10	10	10	10	10	10	10	10	10	10	10	10	10	10	10	10	10	10	10	10	10	10	10	10	10	10	10	
# Bin lower bound for each
0	0	0	0	-10	-10	-10	-10	-10	-10	-10	-10	-10	-20	-20	-20	-20	-30	-30	-30	-30	-30	-30	-30	-30	-30	-30	-40	-40	-40	-40	-50	-50	-50	-60	-60	-60	-60	-60	-60	-70	-70	-70	-70	-80	-80	-80	-80	-90	-90	-90	-90	-90	-100	-110	-110	-110	-120	-120	-120	-120	-120	-120	-130	-130	-130	-130	-140	-150	-150	-160	-160	-160	-160	-180	-180	-180	-180	-190	-190	-200	-200	-200	-200	-200	-210	-210	-220	-220	-220	-220	-250	-250	-250	-250	-250	-260	-260	-260	-260	-270	-270	-270	-270	
# Bin upper bound for each
0	0	0	0	0	0	0	0	0	0	0	0	0	0	0	0	0	0	0	0	0	0	0	0	0	0	0	0	0	0	0	0	0	0	0	0	0	0	-10	0	-10	-10	-10	-10	-10	-10	-10	-10	-10	-10	-10	-20	-20	-20	-20	-20	-20	-20	-30	-30	-30	-30	-30	-30	-30	-30	-30	-30	-40	-40	-40	-40	-40	-50	-50	-50	-50	-50	-60	-60	-60	-70	-60	-70	-70	-70	-70	-80	-80	-80	-80	-80	-90	-90	-90	-90	-90	-100	-100	-100	-100	-110	-110	-110	
# Normalized histogram for each
1	
1	
1	
1	
3.20909843588542e-06	0.999996790901564	
2.88274668103769e-05	0.99997117253319	
0.000112817870350664	0.999887182129649	
0.000506504820210825	0.999493495179789	
0.00153338845199869	0.998466611548001	
0.0036995165131215	0.996300483486878	
0.00785737061200428	0.992142629387996	
0.0164664153719742	0.983533584628026	
0.031585339864474	0.968414660135526	
8.01034295482327e-06	0.0566475433079192	0.943344446349126	
3.7698105549883e-05	0.0946503179875307	0.905311983906919	
8.44956854893548e-05	0.146311924272552	0.853603580041958	
0.000233258851369069	0.214759815773768	0.785006925374863	
8.02451650281941e-07	0.00049591511987424	0.300367282120334	0.699136000308141	
3.2098323584805e-06	0.00101591194145908	0.396251397280149	0.602729480946034	
4.81445878261595e-06	0.0019907787066117	0.496804804187937	0.501199602646669	
1.60097979963738e-05	0.00405448134258166	0.595465224717527	0.400464284141895	
2.16053062632182e-05	0.00768188667136649	0.685623589153496	0.306672918868874	
5.84745199281965e-05	0.0143462829029315	0.76161380062752	0.223981441949621	
0.000115361413690035	0.025881012712988	0.816379077605385	0.157624548267937	
0.00025367326083773	0.0440343171107816	0.849409309408557	0.106302700219823	
0.000572115338452232	0.0708598853528871	0.860910359528481	0.0676576397801797	
0.0012392506819083	0.107207600523898	0.850636247481646	0.0409169013125483	
2.40963468331778e-06	0.00249879116660054	0.158058380629107	0.816129612643193	0.0233108059264162	
3.45797594213761e-05	0.00473018941666358	0.222729034613535	0.759506619209298	0.0129995770010824	
8.4482428459475e-05	0.00865100067425024	0.296940448738476	0.687270992274283	0.00705307588453103	
0.000218841619814178	0.0151612186903616	0.3796258451953	0.6012504545791	0.00374363991542415	
8.07717906136717e-06	0.000487861615306577	0.0257807401280718	0.463792429421609	0.5081078723418	0.00182301931415057	
2.58153620765877e-05	0.000848680028267821	0.0409278363822352	0.542062098853475	0.415285275885548	0.000850293488397608	
2.09603551006621e-05	0.00172277995577365	0.0639685852647091	0.609430386226789	0.324471133963273	0.000386154234354506	
4.04158957334556e-06	6.46654331735289e-05	0.00345475076729578	0.0970539236964055	0.657225513423331	0.242030591599799	0.000166513490421837	
5.68560243018892e-06	0.000157572410208093	0.0063678747218116	0.139869068698322	0.679824233662015	0.173709774362806	6.57905424064718e-05	
7.30001606003533e-06	0.000338234077448304	0.0110424909601468	0.192377323230111	0.676803955635369	0.119401496016625	2.92000642401413e-05	
1.21857300227142e-05	0.000701085667306824	0.0184979381744802	0.255646867292526	0.64764474210121	0.0774939315064487	3.24952800605712e-06	
6.90242648712779e-05	0.00127491877468125	0.030170912200323	0.326238721638133	0.59396922817067	0.0482771949513216	
7.89126006339041e-05	0.0024560530032346	0.0470579430006964	0.396878315142759	0.524766353619566	0.0287607955691795	1.62706393059596e-06	
8.98908724808083e-06	0.000181416124461268	0.00440465275155961	0.0716904223726941	0.461052736523315	0.446764173747616	0.0158976093931059	
9.81890663201684e-06	0.000338752278804581	0.00718171195910098	0.104737458801504	0.516620135959127	0.3625410348473	0.00857108724753136	
2.70442591593989e-05	0.000709706922183013	0.0124018416320965	0.145153095092532	0.554013941725358	0.28332549322992	0.00436887713875016	
9.54551027746988e-05	0.00141701454291406	0.0208503568457355	0.195886214225937	0.569136238295435	0.210465335397138	0.00214938559006477	
8.22810952601152e-07	0.000175258732904045	0.00250957340543351	0.0333789719141709	0.253009431059139	0.559478535330679	0.150408196513585	0.00103921023313526	
9.04249809696517e-06	0.000340326746558507	0.00436752658083418	0.0512397264890939	0.316969973974046	0.52479535182716	0.101763451537965	0.000514600346245473	
9.03793632691695e-06	0.000596503797576518	0.00733469614458069	0.0757469443558909	0.375674969517506	0.474012646537813	0.0664312968945651	0.000193904815741127	
5.51375434825366e-05	0.000924171064640129	0.0123384655139354	0.107381600354855	0.427194988573361	0.411772112418045	0.0402528755874823	8.06489441983372e-05	
2.46796580386582e-06	0.000115994392781694	0.00186825011352643	0.0195421758902775	0.147026594799502	0.465914101627541	0.341682461647811	0.0238092887651615	3.86647975938979e-05	
9.06503254346683e-06	0.000264534131495714	0.00346613880707468	0.0309991149231862	0.193993344617925	0.488360498214189	0.269993753368484	0.0128904762768098	2.3074628292461e-05	
7.57206008594288e-05	0.000522636755931927	0.00571608231487753	0.0467484174805945	0.245361084384848	0.489917225860561	0.204641508222681	0.00701156302958124	5.76135006539132e-06	
0.000103187673613261	0.000982346652798243	0.00906813275713336	0.0684736892069821	0.297679928346479	0.472162029412614	0.147819231705857	0.00371145424452177	
0.000178857553558359	0.00189572522204712	0.0145377397680292	0.0973834046565605	0.348518367104717	0.434317242197854	0.101455916970532	0.0017127465267017	
4.96157262005765e-06	0.000334079223083882	0.00312000224924625	0.0227025024518438	0.132002639556634	0.392357855079079	0.382588518590186	0.0661088205184182	0.000780620758889071	
1.40643601667537e-05	2.31648285099472e-05	0.000596494334131141	0.00475209910575489	0.0346537561355771	0.173659273501339	0.422202164422298	0.322943356203086	0.0408213917263506	0.000334235382786381	
1.73933065586846e-05	8.6966532793423e-05	0.000991418473845022	0.00782201843524845	0.0506824388066204	0.218456617366306	0.437002686023484	0.260302428188421	0.0245320165219847	0.000106016344738649	
4.79908784233838e-05	0.000187826369001864	0.00173677334156349	0.0124602523823748	0.0725183544424246	0.266044053971535	0.433238482396036	0.20005245899469	0.0136757454927877	3.80617311633734e-05	
2.47806499468868e-06	6.85597981863868e-05	0.000281673387729613	0.00284812270056219	0.0192661293120396	0.101019971551814	0.31214945705596	0.410770661692915	0.146471813662729	0.00710709040476714	1.40423683032359e-05	
8.27247548865513e-06	0.000124087132329827	0.000521993203334138	0.00507433646474106	0.0298743907321803	0.13465770150923	0.349852088138263	0.373614773979425	0.102775580975954	0.00349677538905452	
6.60644888507917e-06	0.000167638640458884	0.000853057712285848	0.00809785472088579	0.0428552081113979	0.17348617352829	0.377413211906803	0.326920948884253	0.0685931071615558	0.00160619288518487	
9.06926278436261e-06	0.000305881499363503	0.00153682780273199	0.0126862496784534	0.0612529763671501	0.213756752478382	0.393653000112129	0.272117458495756	0.044023850512166	0.00065793379108376	
2.87855223626499e-05	0.000458923470810247	0.00292378662854915	0.0192032331898718	0.0848350466202096	0.255410650149808	0.395119949271685	0.215139704364461	0.0265879533411356	0.000291967441106877	
5.76857625769384e-05	0.000826554569495274	0.00504668014315958	0.028776954702667	0.114347190826975	0.296227927985094	0.376948439641326	0.161884379601985	0.0157548058420844	0.000129380924636848	
6.55930720597291e-06	0.000136105624523938	0.00138483373386103	0.00830080326915871	0.0420320405758744	0.148326433762066	0.331071192260673	0.342909101940653	0.117409139246713	0.00838115478243188	4.26354968388239e-05	
1.06171851392076e-05	0.000300548010094493	0.00242071821173934	0.0131465253219866	0.0587563192669242	0.18661091283291	0.352381924650654	0.299833391863969	0.0822603170454824	0.00426565830631396	1.30673047867171e-05	
3.02530545364455e-05	0.000744879261694645	0.00386094387894853	0.0204011882091582	0.0799032229314883	0.225786722506719	0.359428364446283	0.253436379052785	0.0543720978530961	0.00203186055467749	4.08825061303318e-06	
7.04802491394853e-05	0.00125471234223898	0.00618177347975742	0.0303819046058023	0.106497295525324	0.262183248647763	0.356275200786756	0.202669234551713	0.0336666120308146	0.000810522865104081	9.01491558760859e-06	
6.55099788075219e-06	0.000157223949138052	0.00220932403528367	0.00987235380629354	0.042989285842966	0.137113204518878	0.294396112637858	0.337795654723106	0.155237359030714	0.0198511613281493	0.000370131380262498	1.63774947018805e-06	
4.1205202733718e-06	1.89543932575103e-05	0.000381560177314228	0.0033812989363289	0.0157890095835061	0.0604373190576535	0.171371614065478	0.318340682967994	0.305806884400452	0.113381884050208	0.0109202028284899	0.000166469019044221	
9.89673580911176e-06	7.83491584888014e-05	0.000746378825603845	0.00556361498068899	0.023616910552477	0.0824711489532965	0.204913564383627	0.33146724881466	0.265895600983406	0.079217597056051	0.00596938114886258	5.03084070296514e-05	
4.92290727211862e-06	3.03579281780648e-05	0.000201839198156864	0.00155153627526272	0.00843786306441132	0.035082278190208	0.108340061306605	0.240352742715738	0.330679886313661	0.220217231488228	0.052140151888099	0.00294307806418158	1.80506599977683e-05	
2.55072024934525e-05	8.8040989251594e-05	0.0004048239879606	0.00254907462337793	0.0129362657290987	0.0481682948764258	0.138030169260859	0.268787494559149	0.318759395495757	0.175888617452028	0.0330523975536124	0.0012983988882151	1.15193817712366e-05	
4.45295086333646e-05	0.000104726807341432	0.000747106200404229	0.00457994242499458	0.019238396970674	0.0655268211950566	0.168366896763282	0.291578397910741	0.296895551089777	0.13284141969969	0.0195698944238335	0.000503018523450971	3.29848212098997e-06	
7.17308657915501e-05	0.000177265932703256	0.00137772731882391	0.00744352018811626	0.0275388810149835	0.0862287456085457	0.198426538111763	0.30642683822711	0.263391616723021	0.0969026282354125	0.0118166295232701	0.000197878250459449	
1.80800618009385e-05	0	0.00013149135855228	0.000450357903041559	0.00248189939267429	0.0110781469580296	0.0389649986439954	0.1117257418989	0.227202274800503	0.309058932783261	0.224835430346562	0.0677928353646009	0.00617927203096622	8.05384571132716e-05	
9.04202238804743e-06	4.1100101763852e-06	0.000226872561736463	0.000748843854137383	0.00402863197489277	0.0160627417713486	0.0536060407285568	0.139443603262362	0.255534128702503	0.298573333267573	0.183294123836251	0.0454164344510917	0.0030142814633609	3.78120936227438e-05	
1.31948968736341e-05	2.39157505834618e-05	0.000310080076530402	0.00128485308307012	0.00632860241301677	0.0235784560321296	0.0707196991563513	0.169445566926991	0.27689985897954	0.278160796312026	0.143596763951542	0.028305527837109	0.00132773649790943	4.9480863276128e-06	
2.55689292969617e-05	4.86634460813141e-05	0.000487459264984011	0.00225666421149958	0.00982836650008372	0.0341122508988303	0.0921553700112751	0.199153091077351	0.287723037357855	0.249960203198756	0.106692543522854	0.0169200327612217	0.000634274407398823	2.47441251260919e-06	
1.64682245607101e-06	4.03471501737398e-05	8.89284126278346e-05	0.000845643331192464	0.00371934851703638	0.0151524134183094	0.0487327701200534	0.117472786258913	0.226575597384846	0.28776493256262	0.212966256607875	0.0765344268234442	0.00985293875467286	0.000251963835778865	
1.23917068089124e-05	5.94801926827797e-05	0.000201571764091642	0.00136391386276763	0.00592406196844741	0.0219448866447967	0.0647235368905242	0.145196933135176	0.247624303276285	0.279231416776884	0.175422784383475	0.052902674708609	0.00531934667617248	7.2698013278953e-05	
9.88534645667994e-06	1.23566830708499e-05	9.80296856954094e-05	0.000383057175196348	0.00228021991600751	0.00912994123161531	0.0316339324402472	0.0841061752111757	0.173085826225495	0.262996347364484	0.260057928130236	0.139060463721602	0.0344430183916871	0.00269458068831667	8.23778871389995e-06	
1.40256967264849e-05	5.77528688737613e-06	0.000137781844313116	0.000671583360903453	0.00376796217352097	0.0134902451279267	0.044350903131113	0.106264453686737	0.197715296507354	0.270929433419605	0.23426543713559	0.105767779014423	0.0212951328357236	0.00132419077917696	
8.24254173611008e-06	1.40123209513871e-05	0.000201118018361086	0.00113994352210402	0.00578461579040205	0.0198562830422892	0.0597402939949786	0.130227213905498	0.221784543256035	0.270733701610098	0.200755346524697	0.0765657944409002	0.0125995492978179	0.00058851747995826	8.24254173611008e-07	
1.81167177777705e-05	2.5528102323222e-05	0.000487504405656369	0.00197472223777698	0.00849427017625919	0.0288080517281702	0.0771451017336052	0.156393389703775	0.239880166146772	0.259591155088986	0.166488518941852	0.0530119866792715	0.00736032834080511	0.000321159996969567	
2.90195616719579e-05	0.000114419986020863	0.000798452511145584	0.00347903087930101	0.0130770436197177	0.0391714334751423	0.0974286180967645	0.181316708717393	0.254316659798704	0.238745592135865	0.132566332499505	0.0349635970327084	0.00383638605303283	0.000156705633028573	
8.30078732967822e-06	3.32031493187129e-05	0.000362744406306938	0.00143271589310246	0.00549014073984918	0.019012123299895	0.0524526751362367	0.120587197695701	0.205365628929904	0.258311370833524	0.212312557846112	0.100199633935279	0.0224644207503082	0.00191831195188864	4.89746452451015e-05	
1.9121698804977e-05	4.24002886545141e-05	0.000583627502656253	0.00245589122912617	0.00815914574226278	0.0273739589066379	0.0689636538074628	0.145799627875114	0.225868000419015	0.253045754068349	0.180979396785227	0.0724446343681775	0.0134250953175117	0.00082638993965857	1.33020513425927e-05	
3.31550146130727e-06	3.14972638824191e-05	0.000158315194777422	0.00107422247346356	0.00374651665127721	0.0119971420377404	0.0368766650033901	0.0887708938757715	0.170221160524976	0.241975243150588	0.237292926211857	0.149600399186376	0.0501312109703312	0.00767787250902231	0.00044261944508452	
9.09856391575722e-06	2.89499760955912e-05	0.000272129775298557	0.00175023284052203	0.00575608238997768	0.017470069860428	0.0495119034030283	0.109845307870589	0.193101303410638	0.249547966801822	0.21741845618876	0.118099359626529	0.0330526012794235	0.00396697386727015	0.000169564145702748	
4.05882479627185e-05	9.27731382004993e-05	0.000517707244422429	0.00262249781734626	0.00814664119823135	0.0248756260116	0.0644980393391239	0.132938108720178	0.214292695937696	0.248384339231606	0.191202124504865	0.0900984554929153	0.0202295141172553	0.00198385416062675	7.70348379700575e-05	
6.77273429324453e-05	0.000229612211405119	0.000875499798882829	0.00389019250258314	0.0120604227012142	0.0339636105942083	0.0814578227971888	0.156991980917408	0.231347518081962	0.239343474264023	0.161476852528666	0.0649620850771059	0.0122561712411531	0.00106298890675679	1.4041034510385e-05	
4.94278723772335e-06	0	0	9.8855744754467e-05	0.000369885244956298	0.00148860275642768	0.00588191681289079	0.0176086795343894	0.0461063193534834	0.102021599980229	0.178526884643584	0.240863669690005	0.22158844705863	0.132295348013411	0.0451795467464103	0.00745289935661386	0.000504988096120736	7.41418085658503e-06	
1.48167050117505e-05	0	1.56398552901811e-05	0.000168745807078269	0.000579497796015129	0.00244228687610354	0.00866612613131716	0.0251233696479798	0.0616580716058427	0.12515999983537	0.199072309636209	0.242639184422704	0.196738678596858	0.103149784540415	0.030314155303763	0.00407706332906667	0.000180269910976297	
2.22322129944815e-05	0	2.38790435866653e-05	0.000274197293598605	0.000961749065835347	0.00382311721975472	0.0135484752818962	0.0342845426833787	0.0789918761846888	0.148870191872232	0.215601414298113	0.234792754604127	0.169209373100998	0.0781042344955017	0.0193831960700035	0.00201654406012908	9.22225131622935e-05	
1.4826969268635e-05	2.47116154477251e-06	4.11860257462084e-05	0.000439043034454582	0.00167132892478114	0.00600574627431211	0.0196383207963071	0.0452889776310457	0.098479082441244	0.172323155442651	0.226364987265281	0.219161551362269	0.140524248684518	0.0575368779674532	0.0113451026520506	0.00113014454647596	3.29488205969667e-05	
2.06552165162416e-05	3.80055983898846e-05	7.68374054404188e-05	0.000620482704147898	0.00272070511951934	0.00964598611308483	0.0271566524668938	0.0577528115880722	0.121156890414988	0.192627244395827	0.229605039211863	0.199466599688685	0.112523009911199	0.0395340844120864	0.00655018226163054	0.000499856239693047	4.95725196389799e-06	
9.06471132602718e-06	3.21385219740964e-05	7.08695612762125e-05	0.000172229515194516	0.00114132956241342	0.00462794716426987	0.0144532701770173	0.0351990981436295	0.0761246216513102	0.14212972920411	0.208194169412862	0.226287333219612	0.174136400831646	0.0877447575066111	0.0257025769326171	0.00373136480765919	0.000241450947138724	1.64812933200494e-06	
6.57930446882808e-06	4.85223704576071e-05	7.15499360985053e-05	0.000403804811774323	0.00192526897019082	0.00711305054386176	0.0204065352231289	0.045680933340132	0.0961425537899261	0.164976059555864	0.217759352070096	0.217551281566269	0.145445394240148	0.0644064562714753	0.0160099150118345	0.00191868966572199	0.000134053328552372	
4.900511450045e-06	0.000106994499992649	0.000138847824417942	0.000971934770925592	0.00305955264864476	0.0105932722511806	0.0277483293339715	0.0594775074691962	0.117294558308735	0.182013162773755	0.223583384652578	0.200575483394617	0.117921007022433	0.0460362213136311	0.00941061548790309	0.00100378809535088	6.04396412172217e-05	
2.61481061416999e-05	0.000129923402391571	0.000253309778247717	0.00137114131580539	0.00553114157728645	0.0154192113404336	0.0372365374024144	0.0759912992176813	0.138668309639336	0.19891681470308	0.221571697289912	0.176247223806543	0.0916785286460674	0.0311489314413	0.00525822071943246	0.000528682021052494	2.28795928739874e-05	
6.53618801344821e-06	7.92512796630595e-05	0.000194451593400084	0.000370111646261505	0.0024069512359523	0.00751743323896712	0.0207466777781863	0.0480883692619418	0.0953719703747278	0.161121936672508	0.2105951607698	0.21164993811047	0.150056170365741	0.0684396076653145	0.0202891446172449	0.00282363322180963	0.000241838956497584	8.17023501681026e-07	
4.06736533156755e-05	0.000174896709257405	0.000367689825973707	0.00079232276658936	0.00382169646554087	0.010737031002272	0.0283739405530153	0.0608469718871843	0.114407665519398	0.179915024603493	0.214287515547504	0.197970872783388	0.124763991126636	0.0489962962571291	0.0128341645672283	0.00152851589160309	0.000140730840472237	
6.10018951255419e-05	0.000206593084825169	0.000470934630369183	0.00146485884161468	0.00563006824078668	0.0148543681423703	0.037185128551327	0.0769469771527569	0.13675404849244	0.193602121239233	0.216060578948653	0.176476042522388	0.0983033339569083	0.0334786534034991	0.00764150406272622	0.000819865470487283	4.39213644903902e-05	
7.24219612680841e-05	0.000393031542612187	0.000626572024454211	0.00231424784097114	0.00769462995225847	0.0209641234623556	0.0488718041775266	0.0956694108351391	0.159542325753982	0.201193904512051	0.207470203245318	0.153713578466754	0.0734228490474071	0.0231286450013793	0.00445517121284001	0.000456502474959497	1.05784887245516e-05	
