# <P(U)> as a function of N_tot.
# number_of_species: 1
# species_total_upper_bound: 103
# species_total_lower_bound: 0
# volume: 729
# Bin widths for each
10	10	10	10	10	10	10	10	10	10	10	10	10	10	10	10	10	10	10	10	10	10	10	10	10	10	10	10	10	10	10	10	10	10	10	10	10	10	10	10	10	10	10	10	10	10	10	10	10	10	10	10	10	10	10	10	10	10	10	10	10	10	10	10	10	10	10	10	10	10	10	10	10	10	10	10	10	10	10	10	10	10	10	10	10	10	10	10	10	10	10	10	10	10	10	10	10	10	10	10	10	10	10	10	
# Bin lower bound for each
0	0	0	0	-10	-10	-10	-10	-10	-10	-10	-10	-10	-20	-20	-20	-20	-30	-30	-30	-30	-30	-30	-30	-30	-30	-30	-40	-40	-40	-40	-50	-50	-50	-60	-60	-60	-60	-70	-70	-70	-70	-70	-70	-80	-80	-80	-80	-90	-90	-90	-90	-90	-110	-110	-110	-120	-120	-120	-120	-120	-130	-130	-130	-130	-130	-140	-140	-150	-150	-160	-160	-160	-170	-180	-180	-180	-180	-190	-190	-200	-200	-200	-200	-200	-210	-210	-220	-220	-220	-220	-250	-250	-250	-250	-250	-260	-260	-260	-260	-270	-270	-270	-270	
# Bin upper bound for each
0	0	0	0	0	0	0	0	0	0	0	0	0	0	0	0	0	0	0	0	0	0	0	0	0	0	0	0	0	0	0	0	0	0	0	0	0	0	-10	0	-10	-10	-10	-10	-10	-10	-10	-10	-10	-10	-10	-20	-20	-10	-20	-20	-20	-20	-20	-20	-30	-30	-30	-30	-30	-30	-30	-30	-40	-40	-40	-40	-40	-50	-50	-50	-50	-50	-50	-60	-60	-60	-60	-70	-70	-70	-70	-80	-80	-80	-80	-80	-90	-90	-90	-90	-90	-100	-100	-100	-100	-110	-110	-110	
# Normalized histogram for each
1	
1	
1	
1	
2.2698087629372e-06	0.999997730191237	
2.72189389377129e-05	0.999972781061062	
0.000121667443829254	0.999878332556171	
0.000519384116803717	0.999480615883196	
0.00151178507757234	0.998488214922428	
0.00366328166150326	0.996336718338497	
0.00776350116143294	0.992236498838567	
0.0164068829815965	0.983593117018403	
0.0316868814745239	0.968313118525476	
5.66832049364269e-06	0.0564865142152976	0.943507817464209	
3.12140506360005e-05	0.0943226182118662	0.905646167737498	
8.77043111794521e-05	0.146721339484025	0.853190956204795	
0.000230444318321179	0.214853391210603	0.784916164471076	
5.69638928668674e-07	0.000509826841158463	0.299466590107195	0.700023013412718	
2.27608838278799e-06	0.00109024633535545	0.395270060731728	0.603637416844534	
3.41655102590486e-06	0.00215242714632006	0.495692013868919	0.502152142433735	
1.30735077869791e-05	0.00427958435339851	0.594815046811684	0.40089229532713	
2.38879586488061e-05	0.00803659180256261	0.684640838854106	0.307298681384683	
6.26271045553817e-05	0.0146963040898915	0.76025262635303	0.224988442452523	
0.000103356753250313	0.0262617518341541	0.815548167673205	0.15808672373939	
0.000229388161288408	0.0443090052542442	0.848795540968041	0.106666065616426	
0.000545818805284851	0.0713229882780273	0.860216717470826	0.0679144754458615	
0.0012180031264557	0.107782702755225	0.849866682670462	0.0411326114478576	
1.71719709931066e-06	0.00245330225588183	0.158287221821225	0.815816301123104	0.0234414576026898	
2.52699432976931e-05	0.00458534607474505	0.222350805393295	0.760183643569747	0.0128549350189151	
6.72719223095543e-05	0.00862058060843716	0.29691009136332	0.687499496898017	0.00690255920791624	
0.000190740798192788	0.0152334104339813	0.380033804784836	0.60095990881211	0.00358213517087963	
5.76280192039611e-06	0.000461600433823729	0.0258254205260631	0.464270339953448	0.507747799041877	0.0016890772428681	
1.8414690779937e-05	0.000848802153137719	0.0414307524185107	0.543286320244133	0.413650925366985	0.000764785126454257	
1.78601572730881e-05	0.00168288772240937	0.0644636450737365	0.610127170081125	0.323369670111372	0.000338766854083091	
2.88738783220119e-06	5.37054136789421e-05	0.0033511023180527	0.0975896663854351	0.657633185094842	0.24122161914315	0.000147834257008701	
4.05296882861674e-06	0.000137800940172969	0.00626531081349453	0.140010966175659	0.680774279165019	0.172749111386584	5.84785502414701e-05	
5.19568688712543e-06	0.000308854720512456	0.0108439758319738	0.192945296344661	0.677645730357706	0.11822612322091	2.48238373495993e-05	
1.67695100238301e-05	0.000667310847155168	0.0183151962408541	0.25697944115897	0.647113417978881	0.0769049729692846	2.89129483169484e-06	
2.30939282021319e-06	6.17762579407029e-05	0.00123032902496858	0.0300197972699513	0.32751751241443	0.593280706119949	0.0478875695199407	
4.6165014536209e-06	0.000103294220024768	0.00236884230838922	0.0468632603810691	0.39827769872019	0.523989649803741	0.0283914839397685	1.15412536340522e-06	
1.56169655773158e-05	0.00019839330344516	0.0043415164304938	0.0716818719998797	0.462748042239843	0.445235061360215	0.0157794977005464	
1.96879346545868e-05	0.00034685508406169	0.00722952541654458	0.104734021793386	0.517411082917474	0.361716579441395	0.00854224741248424	
3.53545920688638e-05	0.000697238922276117	0.0125676881052663	0.145108576270577	0.555659429794184	0.281588893325922	0.00434281898970486	
0.000116704677941539	0.00138303752665047	0.0211659319884619	0.195263764184554	0.570496592920148	0.209445414725459	0.00212855397678448	
5.80162503517235e-07	0.000194934601181791	0.00252544737781052	0.0333755885023395	0.251908299514694	0.561220197777397	0.149745743782834	0.00102920828123958	
6.38925675518691e-06	0.000373481099416835	0.0044440184939941	0.0514439720266722	0.314331102901884	0.527524918101345	0.101375432726935	0.000500685392997375	
1.04577289879533e-05	0.000660579881072382	0.00724894914348295	0.0761101896044364	0.372985362084342	0.476268798494087	0.0665274239418086	0.000188239121783159	
5.52822157112057e-05	0.00102883113028854	0.0123197872507572	0.107789264193709	0.424751302769057	0.413476058436212	0.0404956778036085	8.37962006569855e-05	
1.74243651868153e-06	0.000111515937195618	0.00182781590809693	0.0195251628161724	0.147545458716742	0.463611826962114	0.343452823821663	0.0238864814224322	3.7171979065206e-05	
6.39110172716619e-06	0.000245185902624012	0.00334545124954754	0.0308161495006516	0.194433001790089	0.48666438523702	0.271517822749185	0.0129553442102138	1.62682589418776e-05	
5.50716017778272e-05	0.000489267704215644	0.00552629031313713	0.0470433216407627	0.245534707572693	0.48891698506748	0.205554463785205	0.00687583440722957	4.05790749941885e-06	
8.89570052769528e-05	0.000912826786175267	0.00889163059934928	0.0689713314247307	0.298276908621969	0.47086629006263	0.148412844228725	0.00357921127114328	
0.000146641217820399	0.00178995391276011	0.0143266142172152	0.0977718681625623	0.348860621013919	0.433905544434617	0.10150190866347	0.00169684837763605	
2.33224864336012e-06	4.66449728672023e-06	0.000261794910217173	0.00301734668234715	0.0227073558539149	0.132904355066198	0.392777492401242	0.381543050686177	0.0659822294314619	0.00079879516035084	5.83062160840029e-07	
2.38931359099847e-05	2.73896923846166e-05	0.000483107552911641	0.00478736857318351	0.0347167264772077	0.174447281835273	0.422952795322074	0.321358015913994	0.0408467727366499	0.000356648760412454	
3.14552967807251e-05	7.10656705046012e-05	0.000887155870315636	0.00775140063446499	0.0507420537512771	0.219753110870601	0.438515379892609	0.25787984309632	0.0242432962355	0.000125238681626961	
5.81826644751196e-07	7.27283305938995e-05	0.000139638394740287	0.00157733203392049	0.0123748709072132	0.0725014182024466	0.267835750338187	0.433722090503135	0.19803575324732	0.0136897991243509	5.00370914486029e-05	
9.29670431831916e-06	8.01840747455027e-05	0.000245781620415563	0.0027593780504811	0.0192412727188212	0.101594965834612	0.314184446613675	0.410271696183703	0.144496932087575	0.00709803374703668	1.80123646167434e-05	
9.32336277379366e-06	0.000128196238139663	0.000463254587822872	0.00470655007024571	0.0295538945725792	0.135612973226216	0.35262589598973	0.372528361960913	0.100910834271982	0.00345955029925081	1.16542034672421e-06	
1.86009201642694e-05	0.000148226082559022	0.000809140027145718	0.00779320427007373	0.0428896529475193	0.175010245038059	0.380505654389091	0.324502934004517	0.0666784860013544	0.00164211248325191	1.74383626540025e-06	
2.20783385934007e-05	0.000262035018569045	0.00146588548081973	0.012262774061903	0.0616084418270639	0.215239398911422	0.396512435914717	0.269437072086938	0.0424729133645994	0.000716964995375169	
5.21895245186386e-06	4.17516196149109e-05	0.000412297243697245	0.0026906599307387	0.0188914481085357	0.0855316720827796	0.257097775334535	0.396316231406032	0.213160574409505	0.0255537308551428	0.000298640056967765	
5.2173792060772e-06	6.20288416722512e-05	0.000773911248901452	0.00467709060384788	0.0285297889164315	0.114992776828344	0.298221337457768	0.377062314058402	0.160472671367719	0.015069530273553	0.000133333024155306	
1.55874745981895e-05	0.000128740993903565	0.00132666728246813	0.00775274801404027	0.0417871328283761	0.148751847404397	0.333148208017735	0.342751246997968	0.116039511361537	0.00825732033992241	4.09892850544984e-05	
2.81924659374599e-05	0.000269266817525127	0.00230430257305157	0.0125324141438725	0.0586340002289919	0.18693330985879	0.355035203184253	0.299338397620786	0.0806586450470728	0.00425303486142252	1.32331982971751e-05	
4.26243955543907e-05	0.000644549981423828	0.00372502656824655	0.0193987080200104	0.0801194635086214	0.226427701249068	0.361966943053232	0.252434342590699	0.0531445571814906	0.00209147540889179	4.60804276263684e-06	
1.09344651463923e-05	9.38062009927343e-05	0.00103129271275448	0.00586777929645349	0.029174304006906	0.106803251564636	0.263432558808719	0.357909790662542	0.201690238112366	0.0331020789871232	0.000876483706208186	7.48147615279476e-06	
1.20662748766367e-05	0.00017869578507781	0.00186165383810966	0.00942146234058153	0.0416269245708428	0.138021521637704	0.296811975260689	0.338446944014783	0.153558287002668	0.0196657297108461	0.000393015810267596	1.72375355380524e-06	
2.88798822162884e-06	2.25263081287049e-05	0.000407783936893992	0.00307281946781308	0.0149545806092384	0.0584910030502932	0.172390948120757	0.320415939615632	0.306655830934859	0.112531038653412	0.0108536373345255	0.000201003980225367	
6.93135989815522e-06	8.77972253766328e-05	0.000810969108084161	0.00501021797971653	0.0227435246658218	0.0800722247701388	0.206858349573895	0.332929966694816	0.266698512414643	0.0787662410426614	0.00593555452612025	7.9710638828785e-05	
3.45034606971079e-06	2.12771340965499e-05	0.000209896052574073	0.00152102755906417	0.00802377978511245	0.0332032552865052	0.105765758305558	0.241818654411037	0.333252250200695	0.221003291630151	0.0521772833815232	0.00296729761995128	3.27782876622525e-05	
1.78744407029845e-05	6.16956501683657e-05	0.000407075972138936	0.00247589833479404	0.0120963835970294	0.046196780294294	0.136060242631118	0.270229830711749	0.320962682780571	0.176661169795655	0.0333594723003829	0.00145763180958531	1.32616818118917e-05	
3.11841127340324e-05	8.77775025106098e-05	0.000690670348701904	0.0042941678201901	0.0177928462490421	0.0631951819390859	0.167876783485818	0.293264635887947	0.298987498058212	0.132924012979521	0.0202714057278285	0.000579793503425344	4.04238498404124e-06	
5.7733620538851e-07	5.08055860741889e-05	0.000155303439249509	0.0012412728415853	0.00677908172367188	0.0256597076484923	0.0843719130554768	0.198723740584368	0.308168210367457	0.265364504099953	0.0969999878759397	0.0122320221835664	0.000252873257960167	
1.26603111904491e-05	3.45281214284974e-06	0.000111065457261667	0.000383262147856322	0.00233064819642358	0.0100672492711689	0.0366872799551595	0.110302385778097	0.227778564251655	0.311306118268023	0.226232855349039	0.0680906063943779	0.00658278635034304	0.000111065457261667	
1.09443285049644e-05	1.38244149536392e-05	0.000183749515425455	0.000695252868710107	0.00379998606038159	0.015022530916288	0.0513951426766026	0.138448059656959	0.255929089967564	0.301086541413627	0.184536931060523	0.045537046839998	0.00329885101831217	4.20492621506527e-05	
3.86701396684642e-05	4.61733010966736e-05	0.000242986997021245	0.00122590114411668	0.00595808734026202	0.0220644890953092	0.0685211788274637	0.168576413638901	0.278152583136472	0.280375250418013	0.144878544017297	0.0283452123769842	0.0015560402469579	1.84693204386694e-05	
5.64928110015714e-05	5.18811529606268e-05	0.000413896309174778	0.00214845618982507	0.0093599364513522	0.0321363390583225	0.0898742977309489	0.199021867329516	0.289539491357176	0.251895679683456	0.107904727756532	0.0168244814478762	0.000761500034010978	1.09526878472434e-05	
1.1489888036786e-06	5.22789905673764e-05	9.70895539108419e-05	0.000745119239185574	0.00363597506924094	0.0142761858857066	0.0456671344966079	0.115591720616478	0.227132681205588	0.29021733697716	0.215476189792269	0.0769064165854236	0.00986177090197345	0.00033722821387967	1.7234832055179e-06	
8.62998921251348e-06	7.0190578928443e-05	0.000185257101761956	0.00126170442286947	0.00589888529306005	0.0207200287666307	0.0615387270765912	0.143620855807264	0.25024609852571	0.280875656238763	0.177619561308882	0.0525198130169004	0.00530801869830996	0.000126573175116864	
6.89485574812632e-06	8.6185696851579e-06	0.000107444835408302	0.000339571645595221	0.00217992355903261	0.00885127106665717	0.0298317425368932	0.0810283447519805	0.172102494328981	0.265782324807461	0.261458675682074	0.141380740829267	0.0342433010730694	0.00264417717940644	3.44742787406316e-05	
9.75730707508076e-06	4.01771467797443e-06	0.000184814875186824	0.00059003009842253	0.00357920981883551	0.0132050802280225	0.0421601759529445	0.103231160935875	0.198279958950435	0.273233870023486	0.235329027873757	0.107905484984078	0.0209730445782662	0.00129083433010921	2.35323288281359e-05	
5.74572302742146e-06	1.89608859904908e-05	0.000274070988408004	0.00104916902480716	0.00578594308861341	0.0196204949940388	0.0566976456899895	0.127481505954005	0.223663760288435	0.272552968384159	0.202068460289872	0.0778706350460376	0.0123027421463148	0.000603300917879254	4.59657842193717e-06	
1.26299014063969e-05	4.87973463428972e-05	0.000550548884033393	0.00192318953233771	0.00858890704277748	0.0280159917515262	0.0735427677165942	0.153945294156145	0.242343696358799	0.262074472787729	0.16793979900086	0.0534612244804231	0.00723406307372762	0.000318617967297741	
2.01959818074596e-05	0.000151181349530126	0.00083726770293211	0.00329886937123561	0.0130391028829476	0.0382194530004882	0.0937901395138423	0.179303965682988	0.257106388969993	0.241708395411935	0.133234046039914	0.0354774156990868	0.00366874435233794	0.000144834040962067	
5.7611850527206e-06	2.53492142319707e-05	0.000334148733057795	0.00134869342084189	0.00543855868976825	0.0190758598280632	0.05105562193721	0.116943414792649	0.203930971785172	0.26149385223943	0.215176228889578	0.100926744227581	0.022425412817715	0.00176177038912196	5.7611850527206e-05	
1.32798597646809e-05	4.09943497083627e-05	0.000515604989993914	0.00225699877478859	0.00823582259493079	0.0270701280524912	0.0672341978329578	0.141894724200408	0.22497583642908	0.256483169798596	0.1838671644497	0.073198587022921	0.0134190095996065	0.000778315259251732	1.61667858004811e-05	
2.31205720491936e-06	2.1964543446734e-05	0.000137567403692702	0.0010149931129596	0.00366923478420703	0.0122579492861812	0.0367426350862773	0.0866876948269454	0.166673891845432	0.240445279097095	0.241066644470917	0.152385956333332	0.0508086131067055	0.00769163630646549	0.000393627739137522	
6.36077506622434e-06	2.02388297561684e-05	0.000301847689506282	0.00168444888799196	0.00578078803064043	0.0174932879366744	0.0491184833136631	0.107887418907346	0.189983629677989	0.249480006638336	0.220757059448382	0.119902923007444	0.0334484248118801	0.0039789539300627	0.00015612811526187	
3.01646175996622e-05	6.90305671992269e-05	0.000521499831194159	0.00258255533757108	0.00837068138390625	0.0247871944237224	0.0637685816944858	0.130185268760942	0.212043339594425	0.250107606472399	0.19371079324823	0.0911951801581786	0.0206795856309684	0.00188876913277885	5.97491463993308e-05	
5.33290051821881e-05	0.000190129496736497	0.000922823654891777	0.00397880751707108	0.0119254089523169	0.0337317551039336	0.0807111306908425	0.153904610640296	0.229956409334895	0.241089998492876	0.163961185758837	0.0661210104687156	0.0124934787901272	0.000946010178884033	1.39119143953534e-05	
3.47129212485312e-06	0	0	8.21539136215239e-05	0.00035002195592269	0.00154414644687216	0.00582367108812859	0.0172187660366464	0.0451591963495892	0.101467604455519	0.176591572975528	0.240966685430929	0.222650412534142	0.134407852525625	0.045814692012499	0.00750030518443264	0.000414240860232472	5.20693818727968e-06	
1.04076683700551e-05	0	1.09858721683914e-05	0.000171148324307572	0.000628507528791658	0.00255623899244519	0.00853660087863849	0.0245985241926251	0.0603702585843027	0.123900400926514	0.198331419478761	0.242743831432777	0.198097825144233	0.105037080209587	0.0308627841438016	0.00400753052626953	0.000136456096407389	
1.56107533807399e-05	0	2.0236161789848e-05	0.000258444694858916	0.00106153122989031	0.00392061180277027	0.0133044091127484	0.0335532907757215	0.0773518611776174	0.147252189408162	0.21565157260995	0.235733361394144	0.171118718623108	0.0791337997672263	0.0196695492597323	0.00188947933512067	6.53338937786522e-05	
1.0427685737359e-05	1.73794762289317e-06	4.34486905723293e-05	0.000448390486706439	0.00184859695488404	0.00604863704354254	0.0189135046640721	0.0446947990179437	0.0962794017289103	0.170605049085434	0.226847930741629	0.221532707594947	0.142226102351211	0.0578846628439543	0.011595007224069	0.000996423303792086	2.3172634971909e-05	
1.45203464903161e-05	2.67174375421816e-05	9.35110313976356e-05	0.000642380128731584	0.00299816114332047	0.00942370487221514	0.0264734957211443	0.0576120883626973	0.118202590197488	0.190985536573268	0.230344387769919	0.202351482992028	0.11409158969915	0.0396637784729474	0.00665438438958206	0.000418185978921103	3.48488315767586e-06	
6.38588881122616e-06	2.26408785125291e-05	4.99260397968591e-05	0.000198543088494486	0.00118313103611626	0.00477606429545069	0.014282911129327	0.0352100492990616	0.0753621960026658	0.13885012202853	0.206906280695806	0.227316742407178	0.177221766824495	0.0889188574135525	0.0257653197472581	0.00374503352011091	0.000182868634139658	1.16107069295021e-06	
4.63559581312986e-06	3.41875191218327e-05	5.04121044677872e-05	0.000418941971611611	0.0020390827083005	0.0073161290920722	0.0203803969924254	0.0454983729058696	0.0942399245325002	0.162635243507848	0.217407125837884	0.21773567369114	0.148752213497001	0.0654198459127952	0.0160026561964009	0.00197070767005683	9.44502646925209e-05	
3.46658500933089e-06	7.56871060370578e-05	0.000102264257775261	0.000955044170070661	0.00312917073508935	0.0109232093644016	0.028232446080159	0.0593098029246422	0.114345306532779	0.181432392925856	0.222679554659379	0.201386056239564	0.120215390481913	0.0467197439349206	0.00943488886706224	0.00101282058689284	4.27545484484143e-05	
1.8500243104757e-05	9.19230829267616e-05	0.000193096287405902	0.00140081528258832	0.0053078353732742	0.0156598776555798	0.0382255491826072	0.0753324117899737	0.135903363980142	0.197620174977612	0.220779010549186	0.178245217253558	0.0935632451045177	0.0318088554882417	0.0053419451964986	0.000491990840067133	1.61877127166624e-05	
4.61456020645542e-06	5.5951542503272e-05	0.000137283166142049	0.000304560973626058	0.00236034754560195	0.00761690844078048	0.0212713920916821	0.0492540851836278	0.0933906230982965	0.158894305228931	0.209150326797386	0.21126552583202	0.151855947274035	0.0707827390068197	0.0206190086424944	0.0028310326866604	0.000204771109161459	5.76820025806928e-07	
2.87580767058428e-05	0.000123659729835124	0.000259973013420819	0.000733330955998992	0.00373164803335017	0.0111518069849917	0.0288679325588592	0.0620363479083101	0.112159374960458	0.17846974822879	0.213271047173599	0.197777920929093	0.125908036271987	0.0509874948379252	0.0129089254717187	0.00147241352733915	0.00011158133761867	
4.31690453769982e-05	0.0001461991670101	0.000334991792125506	0.00142572967198433	0.00556074863182906	0.0155212863684818	0.0380986971006518	0.0777923465311657	0.134016862404712	0.193332857514522	0.214234733698793	0.176353032999569	0.0994994693085355	0.0351747137604498	0.00767603185530196	0.000755746087733314	3.33840617582119e-05	
5.12203094857711e-05	0.000277970893051994	0.000462709312657977	0.00241886472773816	0.00784879304232524	0.0224880179006349	0.0502960418786459	0.0962907287786776	0.15657588202524	0.20138732222524	0.205419914456328	0.152995064433998	0.0748340231769023	0.0238790233840856	0.00436466097910211	0.000402280857646674	7.48161823949466e-06	
