# <P(U)> as a function of N_tot.
# number_of_species: 1
# species_total_upper_bound: 103
# species_total_lower_bound: 0
# volume: 729
# Bin widths for each
10	10	10	10	10	10	10	10	10	10	10	10	10	10	10	10	10	10	10	10	10	10	10	10	10	10	10	10	10	10	10	10	10	10	10	10	10	10	10	10	10	10	10	10	10	10	10	10	10	10	10	10	10	10	10	10	10	10	10	10	10	10	10	10	10	10	10	10	10	10	10	10	10	10	10	10	10	10	10	10	10	10	10	10	10	10	10	10	10	10	10	10	10	10	10	10	10	10	10	10	10	10	10	10	
# Bin lower bound for each
0	0	0	0	-10	-10	-10	-10	-10	-10	-10	-10	-10	-20	-20	-20	-20	-30	-30	-30	-30	-30	-30	-30	-30	-30	-30	-40	-40	-40	-40	-50	-50	-50	-60	-60	-60	-60	-60	-60	-60	-70	-70	-70	-70	-70	-80	-80	-90	-90	-90	-90	-90	-100	-110	-110	-110	-120	-120	-120	-120	-120	-120	-130	-130	-130	-130	-140	-150	-150	-160	-160	-160	-160	-180	-180	-180	-180	-180	-180	-200	-200	-200	-200	-200	-210	-210	-220	-220	-220	-220	-250	-250	-250	-250	-250	-260	-260	-260	-260	-270	-270	-270	-270	
# Bin upper bound for each
0	0	0	0	0	0	0	0	0	0	0	0	0	0	0	0	0	0	0	0	0	0	0	0	0	0	0	0	0	0	0	0	0	0	0	0	0	0	-10	0	-10	-10	-10	-10	-10	-10	-10	-10	-10	-10	-10	-20	-20	-20	-20	-20	-20	-20	-30	-30	-30	-30	-30	-30	-30	-30	-30	-30	-40	-40	-40	-40	-40	-50	-50	-50	-50	-50	-60	-60	-60	-70	-70	-70	-70	-70	-70	-80	-80	-80	-80	-90	-90	-90	-90	-90	-90	-100	-100	-100	-100	-110	-110	-110	
# Normalized histogram for each
1	
1	
1	
1	
1.07072113068151e-06	0.999998929278869	
1.92179367409582e-05	0.999980782063259	
9.06423020158848e-05	0.999909357697984	
0.000442697360350318	0.99955730263965	
0.0013667129700208	0.998633287029979	
0.00345993417582019	0.99654006582418	
0.00745246267872725	0.992547537321273	
0.0158472514755485	0.984152748524451	
0.0310581119773514	0.968941888022649	
1.07464482988372e-05	0.0564134803447461	0.943575773206955	
5.06254396065434e-05	0.0946458750499522	0.905303499510441	
9.94995819936039e-05	0.146548824553036	0.85335167586497	
0.000257225552224353	0.215061096472551	0.784681677975224	
1.07719850829551e-06	0.000534290460114571	0.300913248895333	0.698551383446044	
4.31524132447702e-06	0.0010367367282056	0.397043196644468	0.601915751386002	
6.47601284840949e-06	0.00192985182882603	0.496655139363797	0.501408532794529	
2.15660395262372e-05	0.00404902392105104	0.595302485270395	0.400626924769028	
2.91740186994655e-05	0.00765872016821523	0.685208016155923	0.307104089657162	
6.49974596826174e-05	0.0142647758183451	0.761046589095809	0.224623637626163	
0.000119333943021297	0.0257956590650945	0.815924138327567	0.158160868664317	
0.000288076762710304	0.0440172629458556	0.849315276190889	0.106379384100545	
0.000617025568064752	0.0706076780102498	0.861119364626325	0.0676559317953601	
0.00130798260807166	0.107220868574386	0.850245233148172	0.0412259156693707	
3.26865393562277e-06	0.00262908731555258	0.158548238250006	0.815408216742263	0.0234111890382422	
3.60450497585528e-05	0.00498404733479625	0.222257053633942	0.759489951623174	0.0132329023583293	
8.86631566272973e-05	0.00890353229637576	0.29629694495222	0.687615617850849	0.00709524174392767	
0.000185095943222641	0.0155327258389556	0.37912139665294	0.601447910277753	0.00371287128712871	
1.09918737077678e-05	0.000446270072535375	0.0262167179803971	0.463271203599179	0.508275232120893	0.00177958435328761	
3.51176000632117e-05	0.000834043001501277	0.0407847027734125	0.541530951774756	0.415970167598746	0.000845017251521031	
2.63003322608642e-05	0.00172157591590907	0.0644884147036391	0.608507499978083	0.32486389578055	0.000392313289557891	
5.49634767696865e-06	7.58495979421674e-05	0.0032956100671104	0.097980092228714	0.655961613507824	0.242504355855534	0.000176982395198391	
7.73741426668656e-06	0.00017685518323855	0.00619877417251118	0.140544603429885	0.678185465819973	0.174814716561935	7.18474181906609e-05	
9.92710198111865e-06	0.000313255218070855	0.0107323002529205	0.19377151561478	0.675198459313773	0.119950276249188	2.42662492871789e-05	
1.21574097201806e-05	0.000618922676663741	0.0182162206370925	0.256296985625521	0.646939979973431	0.0779135232394413	2.21043813094193e-06	
5.75385452927937e-05	0.00115962298974707	0.0298691440698783	0.326298877334461	0.594187279112844	0.0484275379477771	
7.96974154792305e-05	0.00219610655987213	0.0470845689200004	0.397069127545751	0.52437357277979	0.0291947129620098	2.21381709664529e-06	
0.000214447303741828	0.00406672088961186	0.0717642901905359	0.460286137148495	0.447491522109184	0.0161768823584314	
6.69360470694283e-06	0.000404963084770041	0.00703163174464344	0.104444776645567	0.515834837535058	0.363626728902316	0.00865036848293912	
2.68876533016358e-05	0.000745012060232825	0.0122394838466821	0.145081295940076	0.553801634097129	0.283805902512091	0.00429978389048659	
8.74977985329536e-05	0.0013988430098794	0.0205642261885398	0.195208710293667	0.569239363689087	0.211365515322772	0.00213584369752235	
0.000170186847243869	0.00249905949373892	0.0333499041579334	0.251205863384748	0.560645859085291	0.151043066229555	0.00108606080149048	
0.000370747464972205	0.0043638432735097	0.0512863592934965	0.314940450788594	0.527016961416502	0.101445915113392	0.000575722649533878	
5.59482501065814e-06	0.000642285911223555	0.00732250697394938	0.0754943307638167	0.374206513942863	0.475849937841494	0.0662606315662265	0.000218198175415668	
4.14074040914992e-05	0.000921034961278482	0.0125777787725502	0.107777877255025	0.425624468418461	0.412806079054568	0.0401573481355477	9.40059984779981e-05	
3.35272699638129e-06	8.94060532368344e-05	0.00183394166702057	0.0200012516847453	0.14834140595489	0.464386216268772	0.341455128219456	0.0238423592469328	4.69381779493381e-05	
1.23131204133626e-05	0.00021491991994233	0.00339282436117293	0.0311421202745602	0.194194699537474	0.488122316299437	0.270092773765442	0.0128034064807311	2.46262408267253e-05	
9.61552437591334e-05	0.00045394219728149	0.00573465401442552	0.0469237589544571	0.245001324929812	0.490651138712884	0.204224793070561	0.00691087862413027	3.35425268927209e-06	
0.000100926505318827	0.000854511078366067	0.00859781684754939	0.0687735635354779	0.297370976677006	0.472583875532948	0.148155624185579	0.00356270563775459	
0.00019687329413765	0.0017338273063259	0.0140451197795019	0.0973896390954567	0.34880914029012	0.434201813024063	0.10191101327105	0.00171257393934513	
6.73853690640509e-06	0.000347034650679862	0.00295709461242743	0.0223034340707165	0.132095538976259	0.392489451382018	0.38252203220796	0.0664868974765302	0.000791778086502598	
1.90741197854723e-05	2.35621479702893e-05	0.000531831339900815	0.00474833381953639	0.0339609092745102	0.173728205013127	0.422209007472567	0.323362430716065	0.0410811659897224	0.000335480106815071	
2.36221269588086e-05	0.000109111729285926	0.000872893834287405	0.00781217484423457	0.0501250285434034	0.218943371012501	0.437093713477098	0.260418201636226	0.0244961456562846	0.000105737139720382	
6.50472153062827e-05	0.000177197586524011	0.00160711481955005	0.0126247672879797	0.0721396047820918	0.266447973442792	0.433463427763946	0.199677006930893	0.0137563645335666	4.14956373505596e-05	
3.34566769490187e-06	8.92178051973832e-05	0.000258731635072411	0.00271668216826032	0.0194137944109506	0.100826156876128	0.31161325865803	0.411971022056872	0.146046201440421	0.00704486094289837	1.67283384745094e-05	
1.11627325476258e-05	0.000146231796373898	0.000409672284497867	0.00501876455341256	0.0295131485826678	0.134613624338329	0.350274268338695	0.374327724432319	0.102199281566533	0.00348612137462354	
8.8970939866766e-06	0.000203521024945227	0.000802962732297563	0.00801850595549229	0.0427572094264711	0.173373221971374	0.378160970672954	0.326765795122168	0.0682896448947363	0.00161927110557514	
1.22277246983365e-05	0.000354604016251758	0.00141285800832597	0.0122599614270866	0.0610508061961216	0.213914039095371	0.394013972954496	0.272519300351825	0.0438252769301741	0.000636953295649709	
3.88092436965472e-05	0.000549982424956783	0.00263459322922846	0.0186140221123982	0.0850576649919554	0.255807248901421	0.394945040566748	0.215759435913187	0.0263292997592718	0.000263902857136521	
6.23758747937976e-05	0.00091224716885929	0.00473388335488643	0.0276414233729086	0.113988569620944	0.296588373805251	0.376687907879744	0.163297812500348	0.01596154081777	0.000125865604494627	
8.88902716264475e-06	0.000142224434602316	0.00145113368430176	0.00786012226856862	0.0403317384937099	0.148056747549406	0.331484045307371	0.343466453922617	0.11859184476203	0.00856124428602223	4.55562642085544e-05	
1.44337314082437e-05	0.00030088778551031	0.00248482237628072	0.0126617133061239	0.0566579472125134	0.186675889450941	0.353164540096906	0.300651294372621	0.0829562058383333	0.00441672181092256	1.5544018439647e-05	
3.91193890222053e-05	0.000733209119959048	0.00384375939563897	0.0197295844291419	0.0778062293715079	0.225832879734703	0.360876363729844	0.253858010030211	0.0551035713766784	0.002171684939147	5.58848414602933e-06	
7.49944034027311e-05	0.00120326841280501	0.00614618312066264	0.0296474143720618	0.104254533243788	0.261331990149989	0.359120214909335	0.202923662413253	0.0343787777031565	0.000906648757555406	1.23125139914932e-05	
3.36699580921255e-06	0.000202019748552753	0.00232659410416587	0.00985519673356513	0.0421424418800407	0.134675343040756	0.294735589819103	0.339146264542616	0.155835789369721	0.0206711096046922	0.000404039497105506	2.24466387280837e-06	
1.12964736927721e-06	2.37225947548213e-05	0.000455247889818714	0.00348722142895874	0.0152909067905363	0.0593957290292262	0.169087877528151	0.318806821262675	0.307567959585736	0.114379055434056	0.0113394002928046	0.000164928515914472	
1.13561516273365e-05	0.000104476594971496	0.00084262645074837	0.00574167026278135	0.0230859206432124	0.0814678961593495	0.202831088600695	0.331124940380204	0.268085807081696	0.0803390946875923	0.00631969838061278	4.54246065093461e-05	
6.78413011057001e-06	7.91481846233168e-06	0.000255535567498137	0.00168924839753193	0.00866333415119791	0.0344837333520274	0.10737808070175	0.237806374142514	0.330275198237935	0.223308688096226	0.0530281530092705	0.00307886438184702	1.80910136281867e-05	
2.94634256898408e-05	4.30619298543827e-05	0.000454416680831775	0.00265397472944643	0.0129922375205394	0.047721683948099	0.135996373732223	0.267482576916539	0.318695676808884	0.178510963793983	0.0340087257068389	0.00140064592894782	1.01988781234064e-05	
4.09127637594739e-05	9.4326649778787e-05	0.000752340266910325	0.00477542870325859	0.018740318733159	0.0651922161194016	0.166596774028578	0.290585177532983	0.297602852983393	0.134643905532428	0.0204211514442774	0.000550049379432926	4.54586263994154e-06	
4.44064396169205e-05	0.000192427905006655	0.00137090649484031	0.00764018486742401	0.0266586659166912	0.0859389855519664	0.19613868928131	0.30628943206441	0.264943620901086	0.0981473405666489	0.012431525839424	0.000203814171575096	
2.5002500250025e-05	0	9.77370464319159e-05	0.000452317959068634	0.00258889525316168	0.0114977406831592	0.0385834037949249	0.110507641673258	0.225438452936203	0.309824164234605	0.226271490785442	0.0680727163625453	0.00654610915637018	9.43276145796398e-05	
1.25162284279958e-05	4.55135579199849e-06	0.000256013763299915	0.000819244042559728	0.00416904190547062	0.0166488594871305	0.0527206298166145	0.137858291261738	0.254038474886188	0.300422479601392	0.184339012287523	0.0455522444442169	0.00310857600593497	5.00649137119834e-05	
1.83036413950578e-05	3.088739485416e-05	0.000343193276157334	0.00135561344082147	0.00642801006242686	0.0237032156065998	0.0696888266565081	0.16720490812144	0.276071535206482	0.280235613623858	0.145305745169841	0.0282265029863535	0.00138078094773967	6.86386552314667e-06	
3.54898167122692e-05	5.83864726556686e-05	0.000520898922712338	0.00245108701874091	0.0100470526279637	0.0336889947223208	0.0913759745389186	0.196430411338424	0.287482398195744	0.252282224181158	0.107947429277954	0.0169824497132194	0.000693768675085004	3.43449839150992e-06	
5.49626082505745e-05	0.000107635107824042	0.000950395100999518	0.00400883523927628	0.0152166271050393	0.0483625150431514	0.116236756015257	0.224866916059502	0.287570091638699	0.214927844400856	0.0774331545903511	0.0099676980171094	0.000296569073685392	
4.13943931294506e-05	0.00020237258863287	0.00147754986587067	0.00643567828737597	0.022120703750677	0.0649006592057106	0.14308431922896	0.24582290328775	0.279924984160895	0.177259990134336	0.0533217275720004	0.0053191795171344	8.85380075268805e-05	
1.38108988708439e-05	3.45272471771098e-06	8.74690261820115e-05	0.000292330692766196	0.00243417092598624	0.00979077639118911	0.0321080380582337	0.0838770415673529	0.171312691410427	0.261752211757909	0.261318319351716	0.139926272818194	0.0344720035816264	0.00260105262067561	1.03581741531329e-05	
1.96133629302826e-05	3.46118169357928e-06	9.22981784954474e-05	0.000564172616053422	0.00417764630415019	0.0142312253967668	0.0446757795734901	0.106577860435924	0.196487823562802	0.268752682415813	0.235354586527235	0.10622597363041	0.0215216277706759	0.00131524904356013	
1.15427190259792e-05	1.03884471233813e-05	0.000147746803532534	0.00113118646454596	0.00639351206848988	0.020841533473308	0.0601133264153971	0.129921382540714	0.220381671547313	0.269088483021237	0.201648992840051	0.07688720570395	0.0128412749164019	0.000581753038909352	
2.54003733854888e-05	1.61638739725838e-05	0.000445661096672667	0.00203549355811894	0.00910257017141788	0.0300278595913542	0.0771397794093028	0.155163953637391	0.238756582449035	0.258438408135509	0.167550099350097	0.0534158306672563	0.00754737458277	0.000334823103717806	
3.95093863843682e-05	0.000133634689241245	0.000739057933542888	0.00378360476669126	0.0139351929859219	0.0396685859706817	0.0968026448048062	0.180579974551307	0.250843932113578	0.240254254521791	0.133876393722656	0.0353469563246974	0.00385448925402792	0.000141768974673321	
1.16438834680143e-05	3.95892037912485e-05	0.000321371183717193	0.00140658112293612	0.0057206399478354	0.0196886425560653	0.0530076150997881	0.120542139214271	0.204400223562563	0.256552013227452	0.213161081483897	0.100767331920542	0.0224924896951631	0.00185254185976107	3.60960387508442e-05	
2.68179979081962e-05	3.38139973625082e-05	0.000518869959528143	0.00247425180700836	0.00824944935654295	0.0279105398229779	0.0692533985982349	0.146801720549466	0.224392018497423	0.251520172381427	0.181733911824755	0.0728213583199341	0.0134614689500054	0.000791713938246313	1.04939991814681e-05	
4.65664788873406e-06	4.42381549429735e-05	0.000110595387357434	0.000895240556609122	0.00394301659978556	0.0120223006867391	0.0373882258986457	0.0893925053580555	0.170832620284125	0.241322627699837	0.235739306881245	0.150017404221484	0.0503104237898827	0.00758567941074778	0.000391158422653661	
1.27955183115499e-05	3.95497838720634e-05	0.000239625161107208	0.00166574383837632	0.00580800208450626	0.0179137256361699	0.0496931402063103	0.111662998618084	0.193647374126997	0.248152792447387	0.216065122208832	0.118023534447862	0.0331403924269143	0.00381422768577929	0.000120975809491018	
5.6829120633146e-05	0.000113658241266292	0.000481307858423583	0.00250975953163526	0.00798391155997096	0.0255441098356131	0.0647782388539538	0.13501787217855	0.215692027918175	0.245681566720867	0.189999466502133	0.090135624436058	0.0201001120345521	0.00185448497739593	5.10302307726209e-05	
9.46340202378314e-05	0.000213503582243888	0.000855168402393087	0.00370572974370338	0.0119896687347662	0.0348830231183987	0.0807343599970456	0.158069973779452	0.232461546273728	0.236663527586971	0.162036524115518	0.0649974148755447	0.0123358907600266	0.000956726863136125	2.30814683506906e-06	
6.93218474734497e-06	0	0	0.000138643694946899	0.000384736253477646	0.00152970210091412	0.00555845680324611	0.0176008170735089	0.0467841594957067	0.101990923459437	0.17877180172103	0.241547356064737	0.220570565019271	0.132112421550776	0.0452509913024189	0.00729381371833147	0.000458679557449326	
2.07671380807011e-05	0	2.19208679740734e-05	0.000228438518887712	0.000634551441354756	0.00239052833906737	0.00855490715935548	0.0254847396147004	0.0614995719662096	0.123839059294794	0.199905624894722	0.243015896090471	0.196564423123516	0.103338432819462	0.0303177141380369	0.00402997851754939	0.000153446075818514	
3.12288554624473e-05	0	3.35421040152212e-05	0.000362023398509111	0.000944962033808128	0.00371739042430762	0.0133324080339122	0.0345923188581805	0.0785798967134521	0.148422653643077	0.215772885257089	0.234898824291423	0.169478998594702	0.0781588854768473	0.0195585165137031	0.00203565872644101	7.98070750706987e-05	
2.08212117251184e-05	3.47020195418639e-06	5.78366992364399e-05	0.000562172716578196	0.00164024879034544	0.00588083557836121	0.019615894913031	0.0456551336432609	0.0976040568974312	0.171741451446669	0.226827437267424	0.220038565511051	0.14030604867768	0.0575729638879217	0.0113047612327545	0.00113359930503422	3.47020195418639e-05	
2.91134715019873e-05	5.35687875636566e-05	0.000108302113987393	0.000599737512940938	0.00258178265279623	0.00942810661120356	0.02783480783362	0.0575608267760091	0.120186233054504	0.190392787312116	0.231502173611782	0.200725740617602	0.112324431210107	0.0395011581338963	0.00663670696359302	0.00052753610361601	6.98723316047695e-06	
1.2778201781746e-05	4.53045335898267e-05	9.9902304839105e-05	0.000242785833853174	0.00108382384203355	0.00460479926025828	0.0140420821034314	0.0355245626079613	0.0758688305970557	0.140672900105827	0.205346864287365	0.228191965763712	0.175959323498765	0.0888108256925495	0.0255529185993697	0.00368709204138743	0.000250917416805194	2.32330941486291e-06	
9.2785143242864e-06	6.84290431416122e-05	0.000100903843276615	0.000540473459389683	0.00200415909404586	0.00705051107216712	0.019925609511405	0.0456549297326512	0.0959409979274119	0.163333167093285	0.216583720614655	0.218876673467044	0.147140999783115	0.0649855545130114	0.0157908715656449	0.00185802249343835	0.000135698271992689	
6.93240901213172e-06	0.000151357596764876	0.000186019641825534	0.00117966493356441	0.00320277296360485	0.0102553437319469	0.0275216637781629	0.0602484113229347	0.115656845753899	0.179514731369151	0.223774696707106	0.20250837666089	0.118680531484691	0.0467232813402657	0.00929058347775852	0.00102368573079145	7.51010976314269e-05	
3.69449739249301e-05	0.000183570339189497	0.000349822721851682	0.00148818973091359	0.00576572499315941	0.0147953075264994	0.0372555426119866	0.0763375523723869	0.137610791626883	0.196233229002266	0.221955012567064	0.177735342370228	0.0925783320036991	0.0318442584624195	0.0052658133147377	0.000536856652346641	2.77087304436976e-05	
9.2526517521631e-06	0.000112188402494978	0.000275266389626852	0.000504269520492889	0.00248896332133187	0.00752124929303958	0.0192744301812247	0.0487418128489262	0.0955024016414204	0.159626748028318	0.209522829183326	0.212593552983575	0.15089918426309	0.0687853697070495	0.0209653522889326	0.00291111555752431	0.000264857156405669	1.15658146902039e-06	
5.77330539053524e-05	0.000248252131793015	0.000521906807304386	0.0010807627691082	0.0042583900560588	0.0104670026730404	0.0262639208826229	0.0616288803828856	0.114814878962652	0.177868611115922	0.212763623557395	0.198761048663191	0.126726362644405	0.0497000767849617	0.0131250324748428	0.00154262720035102	0.000170889839559843	
8.66354932909474e-05	0.000293405537278675	0.000668826008206114	0.0018898088936532	0.0058981443832477	0.0146229161276014	0.0355009148708092	0.0776461945070787	0.136562950504565	0.190215733929694	0.215567589546446	0.177277011791668	0.100469448859646	0.0344924777289025	0.00786765793072857	0.000883682031567664	5.66018556167523e-05	
0.000103045754630691	0.000559225836928357	0.000891519450175641	0.00286444041523966	0.00770643306541437	0.0201877053678733	0.0470178095482891	0.0971015197512082	0.160349614562565	0.197612811944971	0.206154031404641	0.155232061355063	0.0751736147292907	0.0239772419398537	0.00457569463258978	0.000478178614185117	1.50516270808874e-05	
