# <P(U)> as a function of N_tot.
# number_of_species: 1
# species_total_upper_bound: 103
# species_total_lower_bound: 0
# volume: 729
# Bin widths for each
10	10	10	10	10	10	10	10	10	10	10	10	10	10	10	10	10	10	10	10	10	10	10	10	10	10	10	10	10	10	10	10	10	10	10	10	10	10	10	10	10	10	10	10	10	10	10	10	10	10	10	10	10	10	10	10	10	10	10	10	10	10	10	10	10	10	10	10	10	10	10	10	10	10	10	10	10	10	10	10	10	10	10	10	10	10	10	10	10	10	10	10	10	10	10	10	10	10	10	10	10	10	10	10	
# Bin lower bound for each
0	0	0	0	-10	-10	-10	-10	-10	-10	-10	-10	-10	-20	-20	-20	-20	-30	-30	-30	-30	-30	-30	-30	-30	-40	-40	-40	-40	-40	-40	-50	-50	-50	-60	-60	-60	-60	-70	-70	-70	-80	-90	-90	-90	-90	-90	-90	-90	-90	-90	-90	-100	-110	-110	-110	-120	-120	-120	-120	-120	-130	-130	-130	-130	-130	-140	-140	-150	-150	-160	-160	-160	-170	-180	-180	-180	-180	-190	-190	-200	-200	-200	-200	-200	-210	-210	-220	-220	-220	-220	-250	-250	-250	-250	-250	-260	-260	-260	-260	-270	-270	-270	-270	
# Bin upper bound for each
0	0	0	0	0	0	0	0	0	0	0	0	0	0	0	0	0	0	0	0	0	0	0	0	0	0	0	0	0	0	0	0	0	0	0	0	0	0	-10	0	-10	-10	-10	-10	-10	-10	-10	-10	-10	-10	-10	-20	-20	-10	-20	-20	-20	-20	-20	-20	-30	-30	-30	-30	-30	-30	-30	-30	-40	-40	-40	-40	-40	-50	-50	-50	-50	-50	-50	-60	-60	-60	-60	-70	-70	-70	-70	-70	-80	-80	-80	-80	-90	-90	-90	-90	-90	-100	-100	-100	-100	-100	-110	-110	
# Normalized histogram for each
1	
1	
1	
1	
1.79497040318176e-06	0.999998205029597	
2.24221380046719e-05	0.999977577861995	
0.000112404484177613	0.999887595515822	
0.000488757239520615	0.999511242760479	
0.00140800117624804	0.998591998823752	
0.00356621986079761	0.996433780139202	
0.00768508593339712	0.992314914066603	
0.0162513557416644	0.983748644258336	
0.0314012214409153	0.968598778559085	
4.49043649287929e-06	0.0561169848515125	0.943878524711995	
2.56369776971787e-05	0.0940904067778772	0.905883956244426	
7.76474624628692e-05	0.146527081809728	0.85339527072781	
0.000221309983474016	0.215151242791053	0.784627447225473	
4.51210598034527e-07	0.000476929602122495	0.299981500365481	0.699541118821799	
1.80301274414483e-06	0.00101689918769768	0.395319559217474	0.603661738582084	
2.70633064865333e-06	0.00207620666262521	0.494927885309316	0.502993201697411	
1.08130951989407e-05	0.00417836020312399	0.594450359107397	0.40136046759428	
2.11958232502848e-05	0.0079146105966489	0.684441093199388	0.307623100380713	
6.13647797748905e-05	0.014546160076345	0.760121014955409	0.225271460188471	
0.00010654598678288	0.0260649406818763	0.81584383970066	0.157984673630681	
0.000225689922809533	0.044273592157546	0.849166008028242	0.106334709891403	
4.5105409085763e-07	0.000538107530393152	0.071059061473711	0.860598575841814	0.0678038040999915	
9.02362158540519e-07	0.001213677103237	0.107772270862049	0.849986802953431	0.041026346719124	
9.48627313690725e-06	0.00244700674202984	0.158501168844369	0.815571491490587	0.0234708466498775	
3.4878685589939e-05	0.00461848153603919	0.222742986666377	0.759669549367382	0.0129341037446119	
7.69997282362533e-05	0.00877072198568711	0.296597517891113	0.687641543618081	0.00691321677688196	
0.000220579975867554	0.0153857930189835	0.379750395866322	0.601115763270128	0.0035274678686992	
4.54409544781606e-06	0.000469405059759399	0.0259645069792762	0.464694650418193	0.50723101908611	0.00163587436121378	
1.72308562919379e-05	0.000898725188700549	0.0417907212745755	0.543930068116296	0.412594667684799	0.000768586879337755	
2.26967456044348e-05	0.00180393734064047	0.064782413108914	0.610508411640888	0.322541636044974	0.00034090511897861	
2.27539465582608e-06	5.73399453268172e-05	0.00341400214160145	0.0976453761022581	0.657706465897978	0.241027550023414	0.000146990494766365	
3.19427148478409e-06	0.000142373243321805	0.00643189379686167	0.1403590269884	0.680105575235817	0.172901352226384	5.6584237730461e-05	
4.09395909043146e-06	0.000302043204005166	0.0110109304158871	0.192972855686577	0.677170401039684	0.118515566824557	2.41088701992075e-05	
2.55196204867868e-05	0.00067991560296939	0.0186484626707194	0.25691376646813	0.646696804123241	0.0770332529769093	2.2785375434631e-06	
1.82154754125236e-06	7.42280623060336e-05	0.00127417250510603	0.0303260342405399	0.326893100205607	0.593771218182688	0.047659425256212	
3.64002517077406e-06	0.000132860918733253	0.00238376148371066	0.0471870112981831	0.397657734803236	0.524420246366004	0.0282138350986697	9.10006292693514e-07	
1.23139791027214e-05	0.000218459110748279	0.00433725708395853	0.0718488755512786	0.462471552427906	0.445485102365652	0.0156264394813534	
9.13497287826552e-07	1.55294538930514e-05	0.0003749906366528	0.00740435226647812	0.104934803698568	0.516529276674578	0.362339155965046	0.00840097780749689	
2.28607796806075e-06	2.28607796806075e-06	3.10906603656262e-05	0.0007338310277475	0.0127576867085598	0.14510422686672	0.555130599062159	0.281891244870041	0.00434674864847071	
1.83225184668083e-06	1.83225184668083e-06	0.00011130929968586	0.00138884689978407	0.0213040502843197	0.194897086994402	0.570204103694461	0.209963235866696	0.00212770245695811	
4.58122558779415e-07	6.87183838169122e-06	0.000183707146070545	0.00256502820660594	0.0336628456191114	0.251364059918766	0.561160277842169	0.150041551716081	0.00101519959025518	
1.00996050595349e-05	8.72238618778012e-06	0.000373226314245539	0.00453747710947467	0.0515929143007194	0.313643235123856	0.527752107948251	0.10161717630651	0.000465040905695856	
1.37848325487466e-05	2.20557320779946e-05	0.000663969434431295	0.00744151210423171	0.0764047318735196	0.372703274586972	0.476365674847965	0.066205334270702	0.000179662317551998	
5.5185632972312e-06	6.57628792920051e-05	0.00106508271636562	0.0124517183196527	0.107989546001594	0.424670001411832	0.413261291555356	0.0404069204623268	8.41580902827758e-05	
8.7297361000777e-06	0.000125432523964274	0.00190308246981694	0.019820636085329	0.148062297234649	0.462988905424336	0.343378196519224	0.0236773416023844	3.53784041950517e-05	
6.43802185340532e-06	0.00024050610209507	0.00338915864711409	0.0310252871702641	0.1951346029419	0.48598971480023	0.27130421906565	0.0128935183375556	1.6554913337328e-05	
4.45661667445426e-05	0.000493903394333848	0.00560844533454259	0.0473196207373266	0.245886703615235	0.488201681660655	0.205612672228708	0.00682919074732867	3.21611512589483e-06	
7.27674664947267e-05	0.000952885368212591	0.00897204439736563	0.0690904066688159	0.298310689448717	0.470815640399761	0.148245290839589	0.00354027541104407	
4.60868358944556e-07	0.000132730087376032	0.00181167351901105	0.0144316317919898	0.0981239431712444	0.348084654143644	0.434207585247973	0.101547273341485	0.00166004782891829	
1.84756652394215e-06	5.54269957182646e-06	0.000284525244687091	0.00306880799626792	0.0228839589655475	0.133155966947035	0.392328441900961	0.381368677280936	0.0661105491429601	0.000791220363878227	4.61891630985538e-07	
1.89123201772776e-05	3.0905498826283e-05	0.000516167958009114	0.00486600159878297	0.034789904880255	0.174916359110826	0.422478168955288	0.321002039301646	0.0410185160840058	0.000363024292183354	
2.49427125938989e-05	7.9909060717491e-05	0.000902556674231083	0.00786988772546018	0.0508896003207448	0.220494503134237	0.437527512042942	0.257563531167536	0.0245025199068251	0.000145037254712671	
4.61836594823366e-07	5.77295743529207e-05	0.000140398324826303	0.00160257298403708	0.0126164520973847	0.0729166089370923	0.268119235124705	0.432770908728157	0.198035070023664	0.0136892985071594	5.12638620253936e-05	
7.38662227306681e-06	7.52512144068681e-05	0.000278383326916205	0.00278937323586685	0.0194586713867183	0.10154851302677	0.313908363410736	0.409743785773181	0.145007705170359	0.0071636386131986	1.89282195747337e-05	
7.40828885659081e-06	0.000117606585598379	0.00047737161319657	0.00470796756836346	0.0299609722082674	0.135488342825975	0.352153936834151	0.372495708980189	0.101060172437184	0.00352958662211198	9.26036107073851e-07	
1.48028491783956e-05	0.000154967327336329	0.000789176896823216	0.00774096494222725	0.0433510689970052	0.174181425569887	0.380629824225418	0.32456172001706	0.0668783474099177	0.00169631399803677	1.38776711047459e-06	
1.98771959101052e-05	0.000288912731251528	0.00144317687514763	0.0120220054426536	0.0622128496364091	0.214902072451917	0.396140495718776	0.269427069874815	0.0428011499188964	0.000742390154223927	
4.61747668751457e-06	3.87868041751224e-05	0.000446048248013908	0.00270307085287103	0.018842075371072	0.0858744461913898	0.257372609590037	0.395873361084368	0.212828735480922	0.0256934872800061	0.000322761620457269	
8.78229341734753e-06	7.39561550934528e-05	0.000813517706027981	0.0047022247860356	0.028435217181494	0.115825045621703	0.297978131164939	0.37680152571548	0.160274543736746	0.0149543967858655	0.000132658853198881	
2.48551725915568e-05	0.000150051597497176	0.00132376808098736	0.00781971346588812	0.042228938233055	0.149403061604926	0.331347988065835	0.343225538597782	0.116325889976277	0.00811061104140411	3.95841637569238e-05	
4.18387149721451e-05	0.00028965264211485	0.00229101446929889	0.0126357516876864	0.0590137373512599	0.187778589520367	0.353173926296736	0.299817151022589	0.0807983746348882	0.00414846950762269	1.1494152464875e-05	
5.79441951413332e-05	0.000634626899166983	0.00366612002910086	0.0194766075605218	0.0809609171002517	0.227443382542978	0.360571550503885	0.252082082091289	0.053055728519489	0.0020459819379666	5.05862021075132e-06	
8.72587124379946e-06	0.000102873429400583	0.00100806775684946	0.00580362288988915	0.0294144527064667	0.107398023268684	0.263732110241739	0.356587320941678	0.201883134865688	0.0331688736232068	0.000886824072198777	5.97033295628384e-06	
9.62691575623549e-06	0.000167324964334569	0.00185616104271417	0.00941741573239741	0.0422328209980453	0.138645465447624	0.296488376186861	0.337242319554925	0.153734051409564	0.0198053162579353	0.000399746216163683	1.37527367946221e-06	
2.30083405234397e-06	2.71498418176589e-05	0.000382398619499569	0.00294368708656888	0.0148555651423641	0.0592326718435433	0.173146045441473	0.320124705205637	0.305546620649986	0.112622605694564	0.0109169974115617	0.000199252228932988	
5.51906584291543e-06	8.3705831950884e-05	0.000796125247840551	0.0048213639359402	0.0223761326157935	0.08089018852669	0.208238493552581	0.332014123289492	0.266112797747853	0.0787349933150315	0.00584377088334029	8.27859876437314e-05	
2.7464479273473e-06	1.69364288853083e-05	0.000186300717738392	0.00149681412040428	0.00777244763439285	0.0326831880767541	0.106521440603486	0.242884411161564	0.332798081148381	0.220686703530101	0.0520062802109272	0.00291260802695181	3.20418924857185e-05	
1.42294783381438e-05	4.9573666468372e-05	0.000373638560233841	0.00249520787890806	0.0118191883138344	0.045806526832206	0.136713155749444	0.271667823385551	0.320053098904973	0.176260548174587	0.0333171759901881	0.00141606260236044	1.37704629078811e-05	
2.482686708385e-05	8.64342779956259e-05	0.000668486384072553	0.00427941627437918	0.0176974184196044	0.0627664577991534	0.168638333694242	0.294808931971166	0.297621724060407	0.13261363004198	0.0202182649422109	0.000572856970119946	3.21829758494352e-06	
4.59720655340989e-07	4.0455417670007e-05	0.000161821670680028	0.00124860129990613	0.0067542158682698	0.0253489969355021	0.0839431527826432	0.20003962792049	0.308615532857614	0.26432742408403	0.0971844868184296	0.0120809991017058	0.000254225522403567	
1.00925023717381e-05	2.75250064683765e-06	8.991502113003e-05	0.000382597589910434	0.00232219304571537	0.0101058061248644	0.0362674072728407	0.109466491974626	0.229562223947123	0.311643169486145	0.225450446730855	0.0681574210169939	0.00644131026370791	9.81725230705429e-05	
8.72305093756729e-06	1.10185906579797e-05	0.000160687780428871	0.000696007643229053	0.00385512940646066	0.0149099895920229	0.0507837661267404	0.137909139783218	0.257995250069211	0.301524651571504	0.183563751958669	0.045288244036073	0.00325828907915342	3.53513116943516e-05	
3.07960314487235e-05	3.67713808342967e-05	0.000240392902204214	0.00126815299652281	0.00604935178950223	0.0218803505231878	0.0677848230722029	0.168196892358677	0.280542653652662	0.280010387915086	0.144143812870443	0.0282436379765628	0.00155175227120732	2.02242594588632e-05	
4.50535148407657e-05	4.13756768945808e-05	0.000410538660742896	0.00220486384873788	0.00936929216790617	0.0314514909265439	0.0890832115432622	0.198929657211712	0.291640596159142	0.251583424168268	0.107603883980763	0.0168670245509475	0.000756715157427555	1.28724328116473e-05	
9.17028205036502e-07	4.17247833291609e-05	8.06984820432122e-05	0.000786810199921319	0.00368782892655429	0.0141896359306323	0.0447207144750151	0.114792215164162	0.227106161604212	0.292004706188748	0.215650186752794	0.0768070728551398	0.0097801058067143	0.000347553689708834	3.66811282014601e-06	
6.89353441620036e-06	5.60674132517629e-05	0.000177393618976889	0.00132172033206615	0.00590867813260587	0.0204480613542946	0.0605523467429429	0.142786237931719	0.250613524563042	0.282193265292617	0.177988760781488	0.0525595233718391	0.00523954572527335	0.000147981205467768	
5.51494918893481e-06	6.89368648616851e-06	9.55924526082033e-05	0.000381450652234657	0.00219586893539421	0.0087591180493257	0.029586323661338	0.0796096702795712	0.171963928555672	0.266929974851832	0.262074981249173	0.141298972748798	0.0344312065238172	0.00261270717825786	4.77962263041017e-05	
7.80982972733587e-06	3.21581224066771e-06	0.00018330129771806	0.000631677404416872	0.00352085500178248	0.0131287831734003	0.041002065470262	0.102099282230708	0.198266309680881	0.274878901699051	0.235494849187594	0.108138118216933	0.0213382924220763	0.00127943387003708	2.71047031713422e-05	
4.60666243160834e-06	2.25726459148809e-05	0.000261197759872193	0.0011608789327653	0.00574773271591772	0.0194262954740924	0.0554476316918106	0.126408659788305	0.224009556060548	0.273720511026277	0.202343961978451	0.0783436653093904	0.0124872798533607	0.000609922105944944	5.52799491793001e-06	
1.01187853410077e-05	5.10538714932659e-05	0.000515138162814936	0.00195292557081448	0.00868605732567863	0.0276859165825734	0.0723226383904876	0.15328809929656	0.242768058122303	0.263285275235561	0.167725766199025	0.0542412888756834	0.00715766079439824	0.000310002787265417	
1.70874805110357e-05	0.000161638329158446	0.000795722403257151	0.00330250197660585	0.0130705371195496	0.0375310345591984	0.0929540466848441	0.179122516311617	0.257525880605617	0.242414544124493	0.133478623100057	0.0358499959359506	0.00363732422986263	0.000138547139278668	
4.61141241567456e-06	2.53627682862101e-05	0.00034078337751835	0.00128888977018104	0.00550003158817505	0.0186859042495549	0.0503557012966831	0.116134732558831	0.204041165156352	0.262010769492556	0.21634395234013	0.101002382716795	0.0224746406902731	0.0017343522095352	5.67203727127971e-05	
1.06128016227435e-05	4.4758337278527e-05	0.000562017059847895	0.00224806823939158	0.0082632196286996	0.0263105195012537	0.0664670537109276	0.141198711329027	0.224815591036151	0.25747348876012	0.184940526782558	0.0734987269252314	0.0133836656985946	0.000764583142995043	1.84570463004235e-05	
1.84619787087231e-06	1.89235281764411e-05	0.000176311896668305	0.00107679490818627	0.00369008799440602	0.0122375225870771	0.0361019378154402	0.0857835840700817	0.166392275508108	0.24026465246479	0.242666555894794	0.152674102228592	0.0508862903653856	0.00765895186731376	0.000368778024706743	1.38464840315423e-06	
5.08003831272531e-06	3.60220898538704e-05	0.000347751713589287	0.00167502717820497	0.0057136576368216	0.0175464523321532	0.0481093482865031	0.107126000652092	0.189834566243238	0.249623384432361	0.222380986247874	0.119975726653298	0.0334728342642119	0.0040127684453882	0.000140393786097136	
2.4515415802267e-05	0.000103149768375576	0.000579118878951665	0.00251444906228535	0.00836160700863359	0.0249520677365564	0.0630467111182036	0.129906725781198	0.211696166112757	0.250342175072448	0.195143634896075	0.0905941750446944	0.0206984118173555	0.00198066057481712	5.64317118467278e-05	
4.80905285703981e-05	0.000230742055352198	0.00101406278033541	0.00392215253205881	0.0119898011086716	0.033895036872488	0.0798464617393604	0.154185633139553	0.229080157662948	0.241596642541251	0.164992592208964	0.0658151252110897	0.0123569537979495	0.00101406278033541	1.2485041071161e-05	
2.76667903987015e-06	0	2.30556586655846e-06	9.8678219088702e-05	0.000413157403287276	0.00163833510477644	0.00593129874830829	0.01725854385071	0.0449659122086629	0.100440132523926	0.176984919293667	0.240487119956286	0.223643577961557	0.134862692024817	0.0454385532113074	0.00738749414962661	0.000440363080512666	4.15001855980523e-06	
8.2983075601731e-06	0	1.24474613402597e-05	0.000225437355384703	0.000707661228048095	0.00267850927358921	0.00872659243369537	0.0247211192388423	0.0599068653281497	0.122521284006349	0.198689144015745	0.242796492766411	0.199619015479571	0.104943624525556	0.0303326192178661	0.00396705203084942	0.000143837331043	
1.24418229574674e-05	4.60808257683978e-07	2.44228376572508e-05	0.000339615685913092	0.00113220588912953	0.0041099488502834	0.0135168886226441	0.0337025943504908	0.0769406939772361	0.145938896825031	0.215723238560435	0.235976683102161	0.172641813741302	0.0784761070918391	0.0194166167457721	0.00197732823372195	7.00428551679646e-05	
8.30744180637015e-06	5.5382945375801e-06	5.44598962862043e-05	0.000533060849242084	0.00195132577540739	0.0063164249201101	0.0189977348375341	0.045127408465837	0.0957344978520648	0.168989058176092	0.227599444693668	0.221799465739187	0.143472750667826	0.056934590895413	0.011459192922798	0.000997354541309216	1.93840308815303e-05	
1.15570434863809e-05	2.49632139305828e-05	0.000114645871384899	0.000730405148339276	0.00321748090660846	0.00946013351621199	0.0266186448395721	0.058505452381976	0.117177326190156	0.189080627945024	0.231185711056346	0.202736892810271	0.114994431816448	0.0392121239858116	0.00650199266543792	0.000423912355080453	3.6982539156419e-06	
5.0794307528132e-06	1.80088908508832e-05	5.0332541096058e-05	0.000258127435529325	0.00131649609784277	0.00513207212606962	0.0141753059318054	0.0358630899470215	0.0755459118201586	0.138152204680742	0.205631056932569	0.228326877069002	0.177218106600628	0.0889103558972422	0.025553230818107	0.0036359488861501	0.000206871361569119	9.23532864147854e-07	
3.68244101650102e-06	2.7158002496695e-05	6.39824126617052e-05	0.000492066180829949	0.00229139892251776	0.00770458721677426	0.0204145323852275	0.0467039391071554	0.0942387289686587	0.161900360510976	0.216139494548146	0.217624899193177	0.149163257340026	0.0654498654067808	0.0157355307686359	0.0019521540438726	9.43625510478386e-05	
2.75261934669332e-06	6.00988557361376e-05	0.000129373109294586	0.00101617530882095	0.00356097189483893	0.0112696823752536	0.0286203596572438	0.0609049144348276	0.113740984024715	0.180792497460709	0.221374364489008	0.200781101616613	0.120814298205934	0.0465077977118393	0.00936303470777734	0.0010175516184943	4.40419095470932e-05	
1.46701373766677e-05	8.16026391577141e-05	0.000253059869747518	0.00146976438842489	0.00580295621605812	0.0162700992343105	0.0390780368788916	0.0768866484329084	0.134834149512539	0.196814563045374	0.219215404377752	0.177882292318991	0.0941300195938022	0.0315027446910148	0.00526016113312141	0.000490532718532326	1.32948119976051e-05	
3.65072425805875e-06	4.42650316289623e-05	0.000178885488644879	0.000502430926015335	0.00248568687920575	0.00827892993621272	0.0222945167034325	0.0504365809872106	0.094737207177689	0.157856860577928	0.207450124261527	0.210270308750877	0.151221669238906	0.0708961524104363	0.0202747535076615	0.00286855658576966	0.000196682769402915	2.73804319354406e-06	
2.27330903317531e-05	9.82069502331733e-05	0.000409650287778191	0.000967974986326046	0.00397283486637717	0.0123445227119486	0.0306387498255235	0.0637017564040252	0.113188056761799	0.176775238390552	0.211337264945529	0.196586671952868	0.124861043985347	0.0509466740806852	0.0125686709826196	0.00148037884240376	9.91162738464434e-05	4.54661806635062e-07	
3.40772626961658e-05	0.000119951964690503	0.000727890331190101	0.00167569259764612	0.00635927158260715	0.0172190136586213	0.0405255895252856	0.0799134528400218	0.13381050588378	0.191431976558478	0.210978240077496	0.175433837631385	0.0985332691772068	0.0350391502312029	0.00742838890426152	0.000741521236268567	2.81705371621637e-05	
4.03346781247366e-05	0.0002565104249281	0.00126533057667713	0.00270559582477166	0.00929011872897725	0.0245928236903239	0.053729416851194	0.0982493843296603	0.155133970047196	0.199274610271838	0.201464012856339	0.151690566851783	0.0741963202083989	0.0235010681891724	0.00423740719625042	0.000361652507230784	1.08767671347604e-05	
