# <P(U)> as a function of N_tot.
# number_of_species: 1
# species_total_upper_bound: 103
# species_total_lower_bound: 0
# volume: 729
# Bin widths for each
10	10	10	10	10	10	10	10	10	10	10	10	10	10	10	10	10	10	10	10	10	10	10	10	10	10	10	10	10	10	10	10	10	10	10	10	10	10	10	10	10	10	10	10	10	10	10	10	10	10	10	10	10	10	10	10	10	10	10	10	10	10	10	10	10	10	10	10	10	10	10	10	10	10	10	10	10	10	10	10	10	10	10	10	10	10	10	10	10	10	10	10	10	10	10	10	10	10	10	10	10	10	10	10	
# Bin lower bound for each
0	0	0	0	-10	-10	-10	-10	-10	-10	-10	-10	-10	-20	-20	-20	-20	-30	-30	-30	-30	-30	-30	-30	-30	-30	-30	-40	-40	-40	-40	-50	-50	-50	-60	-60	-60	-60	-60	-60	-60	-70	-70	-70	-80	-80	-80	-80	-90	-90	-90	-90	-90	-100	-110	-110	-110	-120	-120	-120	-120	-120	-120	-130	-130	-130	-130	-140	-150	-150	-160	-160	-160	-160	-180	-180	-180	-180	-190	-190	-200	-200	-200	-200	-200	-210	-210	-220	-220	-220	-220	-250	-250	-250	-250	-250	-260	-260	-260	-260	-270	-270	-270	-270	
# Bin upper bound for each
0	0	0	0	0	0	0	0	0	0	0	0	0	0	0	0	0	0	0	0	0	0	0	0	0	0	0	0	0	0	0	0	0	0	0	0	0	0	-10	0	-10	-10	-10	-10	-10	-10	-10	-10	-10	-10	-10	-20	-20	-20	-20	-20	-20	-20	-30	-30	-30	-30	-30	-30	-30	-30	-30	-30	-40	-40	-40	-40	-40	-50	-50	-50	-50	-50	-60	-60	-60	-70	-70	-70	-70	-70	-70	-80	-80	-80	-80	-80	-90	-90	-90	-90	-90	-100	-100	-100	-100	-110	-110	-110	
# Normalized histogram for each
1	
1	
1	
1	
3.39628633071168e-06	0.999996603713669	
3.0496921928727e-05	0.999969503078071	
0.000118490933327691	0.999881509066672	
0.000519701608192464	0.999480298391808	
0.00152180046958899	0.998478199530411	
0.00370986420337109	0.996290135796629	
0.00782070895189589	0.992179291048104	
0.0163624579194653	0.983637542080535	
0.0314853298610376	0.968514670138962	
8.47382224463077e-06	0.0564712462026684	0.943520279975087	
3.98978276057314e-05	0.0945714336647683	0.905388668507626	
8.7732074761356e-05	0.146607111067955	0.853305156857284	
0.000237502394177361	0.215281874481262	0.784480623124561	
8.48932467422217e-07	0.000481344709028397	0.301239441402436	0.698278364956068	
3.39624884315274e-06	0.000987459351146659	0.397307623729591	0.601701520670419	
5.09115716911297e-06	0.00192615446231441	0.497613944340076	0.500454810040441	
1.6925528520785e-05	0.0040299683407989	0.595991019314567	0.399962086816113	
2.28446689426726e-05	0.00765296409579531	0.686059252302446	0.306264938932816	
5.67391742502384e-05	0.0142449201501979	0.762063849354952	0.2236344913206	
0.000114326944574297	0.0257362655230585	0.816981192794184	0.157168214738183	
0.000255366933533568	0.0437277822311967	0.849999830882825	0.106017019952444	
0.000582310622090563	0.0703461701227253	0.861511637748625	0.0675598815065595	
0.00126368854572347	0.106711288724845	0.85096701857707	0.0410580041523618	
2.55226615712091e-06	0.0025267434955497	0.157804914984014	0.816256404061166	0.023409385193113	
3.57932683088959e-05	0.00478862796732586	0.222358861603624	0.759719789842382	0.0130969273183598	
8.69966455116981e-05	0.00871160526722043	0.296624444863317	0.687479050440143	0.00709790278380737	
0.000217693439829533	0.0152069538967979	0.379350027147652	0.601462216955843	0.00376310855987679	
8.57381454153241e-06	0.000481848377234122	0.0257308748205929	0.463447256465085	0.508524086417191	0.00180736010535503	
2.74091579135806e-05	0.000840261997288206	0.0407754050773752	0.54177027185602	0.415767803318735	0.000818848592668222	
2.2244124129057e-05	0.00171621973088032	0.0640220114163689	0.60903214104828	0.324827522483676	0.000379861196665435	
4.28937864061012e-06	6.86300582497619e-05	0.00341520327365378	0.0973731845204904	0.65670386987741	0.242274400130397	0.000160422761158819	
6.0360177803838e-06	0.000167283921342065	0.0062826322211252	0.14002871419887	0.679300339310428	0.174151184999634	6.38093308212002e-05	
7.75394826738026e-06	0.000354958520684519	0.0109683905991131	0.192596013264421	0.676149458214404	0.119894994309464	2.8431143647061e-05	
1.2957731878612e-05	0.000709219858156028	0.0185088242154093	0.255508331821598	0.647387289328876	0.0778699216489146	3.45539516762986e-06	
7.34206146082837e-05	0.00126628965900875	0.0301439130423516	0.326159419476157	0.59376028428462	0.0485966729232547	
8.39175842809388e-05	0.00238170216005592	0.0469618373971361	0.396788292372324	0.524695128281437	0.0290873919452961	1.73025946971008e-06	
0.000192948681734626	0.00427702911178421	0.07141969380261	0.460683229543746	0.447317622211696	0.0161094766484292	
5.22598919265435e-06	0.000352754270504169	0.00710734530200992	0.104131318656433	0.516777167304818	0.362967595383013	0.00865859309402948	
2.09565256874614e-05	0.00072561970192835	0.0121469262015948	0.144485639540773	0.554719234947102	0.283533060665649	0.00436856241726538	
7.36115675320408e-05	0.00143454923868989	0.0204175703801074	0.195041735129806	0.569934932632271	0.210939204732172	0.00215839631942162	
8.76375800459747e-07	0.000152489389279996	0.00250731116511534	0.0329201805684699	0.252490879118857	0.560206579303684	0.150672662245643	0.00104902183315032	
3.50369157703786e-06	0.000328471085347299	0.004280635184246	0.0505319917698285	0.316759120328156	0.525925127862845	0.10162807788356	0.000543072194440868	
7.00511899070246e-06	0.000605942792695762	0.00729670706869045	0.0748348105378005	0.375493641978876	0.475288567120423	0.0662666743722976	0.000206651010225722	
4.99896951067105e-05	0.000923493841181862	0.0123571018255009	0.10656048972361	0.42686551456498	0.413085898959425	0.0400715641951001	8.59471950957478e-05	
2.62981881424976e-06	8.59074145988255e-05	0.00191801452185949	0.0195982864100606	0.146242471047886	0.465879415794516	0.342476044542118	0.0237560299553895	4.12004947565796e-05	
9.66579205893673e-06	0.000216162258772585	0.00353065022661889	0.0310878233866475	0.193119889212449	0.488609303412728	0.270405805098969	0.0129960967774249	2.46038343318389e-05	
7.54689164594197e-05	0.000458078771997873	0.0058549838443866	0.046914462126012	0.24463600288537	0.489954736201035	0.20499814837891	0.00710197605704748	6.14281878158067e-06	
8.27482999185722e-05	0.000918154008670965	0.00914104623781333	0.0685367195580889	0.29663152798257	0.472495433438236	0.148409075903959	0.00378529457074319	
0.000175814283855678	0.00184341276622678	0.0146488461308551	0.0970758568309124	0.347366829470694	0.435224743399053	0.101898442637074	0.00176605448133028	
5.29535738366982e-06	0.000313308645200465	0.00301305835130813	0.0228035740132102	0.131459012168731	0.39138515958442	0.383843688110511	0.0663702443277897	0.000806659441445703	
1.50098579449385e-05	2.47221189681341e-05	0.000497091177823553	0.00472369058855419	0.0346445180025587	0.17312105273846	0.421721383485095	0.323988666674319	0.0409195215563633	0.000344343799913296	
1.85637820611986e-05	8.92829518181457e-05	0.000870729777632411	0.00780474437230107	0.050729512435524	0.217952061242801	0.436756288481173	0.261024455572892	0.0246438626810521	0.00011049870274523	
5.12077525005717e-05	0.000165983749484612	0.00162452180346641	0.012488511364148	0.0725172406790854	0.265718793510035	0.433056899759059	0.200536621930515	0.0137996064066196	4.06130450866603e-05	
2.64341169286728e-06	7.31343901693281e-05	0.000258173208670038	0.00271214039688183	0.0192960242207002	0.100942200041061	0.311757807096151	0.410927159028529	0.146896150047097	0.00711958882612255	1.49793329262479e-05	
8.82565016358343e-06	0.000132384752453751	0.000472172283751713	0.00493530357147585	0.0297239071859326	0.13467765636625	0.349575177329376	0.373866014274607	0.103122426771374	0.00348613181461545	
7.05031545755225e-06	0.000177139175871	0.000800210804432181	0.00797655065078818	0.0427689761443764	0.173241232712406	0.377215671793715	0.327177820412602	0.0690322825131907	0.00160306547716094	
9.6850424204858e-06	0.000309921357455546	0.00147476782311943	0.0124391163015112	0.0611275854660971	0.213280482350331	0.393624776803795	0.272757208312936	0.0443310805337691	0.000645376008565099	
3.07621182970443e-05	0.000477252292437001	0.00283363055399059	0.0189696799772888	0.0847601829203446	0.254571470508357	0.395500644686108	0.21583756898405	0.0267261283764721	0.000292679582654736	
6.16841173972122e-05	0.000839785198279189	0.00492239256829754	0.0285562215482008	0.113941139252776	0.295412287828666	0.377624879495671	0.162544698955071	0.0159656119857527	0.000131299049888352	
7.01609755883656e-06	0.000128920792643622	0.00138041719470109	0.00815884444873206	0.0414554894385806	0.147861625015896	0.330825663130846	0.343408157090424	0.118214227768837	0.00851754243642758	4.20965853530193e-05	
1.13744440740459e-05	0.000290485802506403	0.00235800975227336	0.0130587367542411	0.057934418455298	0.186201399406604	0.352336529552118	0.30050843765011	0.0829608202899083	0.00432753849155623	1.22494013105109e-05	
3.15878695561378e-05	0.000747579579495261	0.00373438813419229	0.0203750533045299	0.0786897702684442	0.22534171932774	0.359763898223884	0.254442921597153	0.054796179271689	0.00207251521921104	4.38720410501914e-06	
6.94864074911625e-05	0.00127450385385689	0.00608753704109285	0.0302195506604287	0.10548300529592	0.261718354878518	0.357344845208033	0.202982989903361	0.0339709370901731	0.000839114338564165	9.6753225620606e-06	
7.04482091184639e-06	0.000163792086200429	0.00230453704078775	0.00971128562698026	0.0427743913715033	0.136191358470428	0.293892316389952	0.339000304688504	0.155511779821167	0.0200592469438686	0.000382181534467667	1.7612052279616e-06	
4.42966315069537e-06	2.03764504931987e-05	0.000395125953042027	0.00345868098806294	0.0155091366232146	0.0602168408705528	0.170770601920348	0.318006403521051	0.30666557992264	0.113662498648953	0.0111166826429851	0.000173642795507258	
1.06645337599147e-05	8.44275589326579e-05	0.000772289986447155	0.00558110600102202	0.0232788997756004	0.0820040436357173	0.204778599835588	0.331046679552978	0.266439156613122	0.0798249239041081	0.00612499722277767	5.4211379946233e-05	
5.30835809829841e-06	3.27348749395068e-05	0.000217642682030235	0.00159516160853867	0.00845709917693908	0.0345662584834198	0.107554412882323	0.240496048369759	0.330240035105942	0.221194858324346	0.05259698149064	0.00302399466333066	1.94639796937608e-05	
2.75131730409955e-05	8.43145625449863e-05	0.000435773160100929	0.00260487622178458	0.0129063407213599	0.0478906715255522	0.13699962635336	0.268756661959843	0.318979740541903	0.17658043209882	0.0333983295066356	0.00132329487110078	1.2425303953998e-05	
4.00650656666426e-05	0.000105059505525863	0.000784384952273603	0.00468939335258237	0.0190905586227589	0.0654404975903089	0.167722158563285	0.291289943757551	0.297596185093481	0.132940339555883	0.0197841294261881	0.000513723175325618	3.56133917036823e-06	
7.30446525524207e-05	0.000189737938947142	0.00143506018612134	0.00749242161729769	0.0272643619594139	0.0863414516822985	0.198029397800287	0.305938619331356	0.264196272762985	0.0968269224773539	0.012001592729741	0.000211116861645411	
1.95546343150056e-05	0	0.000131549358119129	0.000477310846689	0.00258121172958074	0.0112279154848705	0.038801727563057	0.111824954024388	0.227239961139609	0.308555241397516	0.225168947596247	0.067683033599306	0.00620237446591405	8.62181603888883e-05	
9.76365735953426e-06	4.43802607251557e-06	0.000227226934912797	0.000788193430478765	0.00412825185265398	0.0161597405352437	0.0531515754548755	0.139529764509461	0.255161646223639	0.299138046576196	0.183343733107763	0.045324672673387	0.002993892388519	3.9054629438137e-05	
1.42411851514283e-05	2.58121480869638e-05	0.000311525925187494	0.00133155081165855	0.00644057598473345	0.0235575904626783	0.070097783537546	0.169578692338776	0.276319045270947	0.278874447931557	0.143944559066205	0.0281690642295252	0.00132977066351462	5.34044443178561e-06	
2.76085394102994e-05	5.25452846841182e-05	0.000480922944566506	0.00230575833978275	0.00978232893170093	0.0340128299554434	0.0916211645281923	0.199151081943036	0.287384411506171	0.250812002767979	0.106850391106132	0.0168705987757839	0.000645683582982809	2.67179413648059e-06	
1.77848759193669e-06	4.3572946002449e-05	9.60383299645814e-05	0.000877683626620758	0.00379084630221306	0.0150460050277844	0.0485687176481991	0.117224563403527	0.226814968818666	0.287405373344562	0.213418511032403	0.0766866064767183	0.00976834309871229	0.000256991457034852	
1.33721422617641e-05	6.41862828564679e-05	0.000213062800037442	0.00141923003204857	0.0060549060161268	0.0217538010314379	0.0646748117870977	0.144772160982763	0.247707346209221	0.27919339237877	0.176021074496205	0.0528360085046825	0.00519819743522311	7.84499012690163e-05	
1.06736116299672e-05	1.3342014537459e-05	0.000105846648663842	0.000402928839031263	0.00237043124948856	0.00931984188823306	0.0314747017615017	0.0838990347497216	0.17288671384403	0.26285547574066	0.260284024805473	0.139494319859678	0.0343005404405355	0.00257411933809376	8.00520872247542e-06	
1.51562024975639e-05	6.24078926370277e-06	0.000133731198507916	0.000709666893415343	0.00399143050479961	0.0135514281154689	0.0442124257680406	0.106117489098678	0.19764668752279	0.270033602192478	0.234555606769652	0.106550778181844	0.0212088765420322	0.00126688022053166	
8.91021003147086e-06	1.51473570535005e-05	0.000202261767714389	0.0012224808163178	0.00605448771638445	0.0198510569291139	0.0595897026484708	0.130178168559789	0.221841063237543	0.269861749181152	0.200991171763901	0.077049259205138	0.0125767614594211	0.000557779147970076	
1.95966475480586e-05	2.7613457908628e-05	0.000510403592956252	0.00210842112482975	0.00882918047710711	0.0288489374608624	0.0773711275465621	0.15576217152233	0.23971777264504	0.25895989902382	0.166906428680228	0.0533189149514404	0.00732736466956044	0.000292168199807418	
3.13856589060394e-05	0.000123749169400955	0.000836651993123851	0.00362818216953816	0.0135756425765294	0.0390823192029119	0.0976031220660013	0.180683651389622	0.253681313606401	0.238860108737857	0.132845630085037	0.0350748189271664	0.00383532751831802	0.000138096899186573	
8.97693466407413e-06	3.59077386562965e-05	0.000392292044820039	0.00150632963663164	0.00571292122021677	0.0195050836381003	0.0524064468753984	0.120663467287152	0.204441607733091	0.258199980968899	0.212447238066512	0.100270564810775	0.0224872213335057	0.00189323552065323	2.87261909250372e-05	
2.06558872871096e-05	4.58021848540257e-05	0.000625065110949057	0.00258198591088871	0.00838179982828671	0.0278944286581576	0.0687607545326201	0.145785660144196	0.225459009738802	0.252891824220195	0.18068782308502	0.0726710038042756	0.0133823207158792	0.000803783440085354	8.0827385036516e-06	
3.58307035089904e-06	3.40391683335408e-05	0.000171091609255429	0.00114926981505087	0.00396198004050661	0.0122164783613903	0.0372227263403146	0.0885134826458466	0.170171655942836	0.242031923365291	0.237145511174253	0.149184717130032	0.0502086690595605	0.00756027844039697	0.000424593836581536	
9.8387958029486e-06	3.13052593730183e-05	0.000294269438106372	0.00187205451050649	0.00594263266498095	0.017757237552358	0.049826345254078	0.110033514516249	0.193037173653851	0.248908117274868	0.217245083509015	0.118071810687258	0.0329653325557703	0.00385591351877376	0.000149370809008401	
4.38496797183598e-05	0.000100227839356251	0.000558412247841969	0.00275895025656537	0.00839945089462295	0.0252985805232251	0.0646925958473458	0.133283338732512	0.214607491673035	0.247149323372595	0.191160441503632	0.0898569426571474	0.0201180540764989	0.00189448514211771	7.78555537856592e-05	
7.32016714976794e-05	0.000248171520443352	0.00093912388311657	0.00406715628467594	0.0123273400208714	0.0345047683747354	0.0811556579982199	0.157323782598177	0.231607410508725	0.238346427803066	0.161830148911839	0.06446656960006	0.012130945292463	0.000969475795688779	9.81973642042041e-06	
5.34233219511978e-06	0	0	0.000106846643902396	0.000399784525934797	0.00160715160203187	0.00612587425040401	0.0179074975180415	0.046592259851038	0.101823961250284	0.17868587531887	0.241143971400715	0.220809274288691	0.13224943349019	0.0447874419577867	0.00729317383503769	0.000461221346178674	8.9038869918663e-07	
1.60153177616992e-05	0	1.69050576373491e-05	0.000182396674508241	0.000626376872457568	0.00262206341354042	0.0089748061256811	0.0257935589950922	0.0621251970773825	0.124861645449336	0.199026802524014	0.242832255561764	0.195798826255156	0.102930447254441	0.0301025692128649	0.0039344297301241	0.000155704478238742	
2.40309946428683e-05	0	2.58110683201178e-05	0.000296382267262042	0.00103778295383646	0.00403364695264737	0.0137813304092656	0.035141324499421	0.0791669967219943	0.14939535347368	0.215463678041634	0.234586119519487	0.168224972831625	0.0776895355698772	0.0191322318830776	0.00193048990297708	7.03129102513553e-05	
1.60299938996968e-05	2.67166564994946e-06	4.4527760832491e-05	0.000474665930474354	0.00176864266026654	0.00628821038476438	0.0198887696534404	0.0462153629680424	0.0984303964306547	0.172220911127042	0.226859145334159	0.218808526175644	0.139466290258662	0.0572306404427841	0.0111586568646222	0.00109805458212923	2.84977669327943e-05	
2.23384816087281e-05	4.11028061600597e-05	8.30991515844685e-05	0.000671047987526192	0.0028539644103311	0.0100264040852615	0.0276050020328018	0.0584866125479719	0.120732344781061	0.191766035679023	0.230408034705065	0.199007277877308	0.111925621791636	0.0393747012228085	0.00650496584446162	0.000486085359805923	5.36123558609474e-06	
9.79978155396027e-06	3.474468005495e-05	7.66164739673257e-05	0.000186195849525245	0.00123120891887028	0.00479832940451182	0.0148555779465716	0.0356925861979877	0.0769363032016777	0.141344922020466	0.207017712659714	0.226211921166994	0.174472638119012	0.0874283056890405	0.0257137359083596	0.00374886188900589	0.000238758314223759	1.78177846435641e-06	
7.11257788272782e-06	5.24552618851176e-05	7.7349284474665e-05	0.00043653446755242	0.00204664428575493	0.00730906284673817	0.0208354078352158	0.0460726123076048	0.0967577313721585	0.163277226948135	0.217040314091439	0.218091197473612	0.145585578537085	0.0642310236422089	0.0161117670488492	0.00194084468974935	0.00012713732965376	
5.29708713178623e-06	0.000115653069043999	0.00015008413540061	0.00105058894780427	0.0032700684560227	0.0107160072676035	0.0280224737750045	0.060173144121381	0.117502635300848	0.179718689359388	0.223376398651715	0.201214268940176	0.117918456640693	0.04617294283207	0.00947648887876557	0.00105147179565957	6.53307412920302e-05	
2.82862176288548e-05	0.000140547143843372	0.000274022733279531	0.00147883881540856	0.00581635349993326	0.0156537696246684	0.037816905081177	0.0769827091655301	0.138546777890432	0.196408887883157	0.220971932116613	0.177098240685658	0.0915271286925668	0.0313190305252485	0.00534167541034904	0.000570144074081604	2.47504404252479e-05	
7.06596430981427e-06	8.5674817256498e-05	0.000210212438216975	0.000400110229043233	0.00255434609799786	0.00783085494635167	0.0207297727939176	0.0490430917833434	0.0966800566690338	0.160303765805679	0.208755083078075	0.211165460153261	0.150411415771939	0.0681998042727886	0.020447134221525	0.00291382703225966	0.000261440679463128	8.83245538726784e-07	
4.3990617681061e-05	0.000189159656028562	0.000397675183836791	0.000856937232427068	0.0040964063184604	0.0110566018479579	0.0282243803041687	0.0620478864267829	0.11572435830886	0.178822740685867	0.212733348231489	0.197088524959397	0.12516826411263	0.0488084701294908	0.0130001073371071	0.00158894111063992	0.000152207537176471	
6.60290316446335e-05	0.000223618320503159	0.000509744124296571	0.0015855771465598	0.00591532084827057	0.015022925279787	0.0370537317847911	0.0778966495988956	0.137640597818049	0.192030031764366	0.215025742518471	0.175628420303839	0.0990858060472028	0.0335357049787651	0.00784953128191403	0.000883028249860899	4.75409027841361e-05	
7.83196303313448e-05	0.000425037993820669	0.000677596801743096	0.00250270818721736	0.00792964257208706	0.0207987018301274	0.0489594489114011	0.0970195420677614	0.160527082312171	0.198929221054077	0.205538869856534	0.153844393854461	0.0743587690266102	0.0233022900131911	0.00460325827262095	0.000493677669841398	1.14399460034549e-05	
