# <P(U)> as a function of N_tot.
# number_of_species: 1
# species_total_upper_bound: 103
# species_total_lower_bound: 0
# volume: 729
# Bin widths for each
10	10	10	10	10	10	10	10	10	10	10	10	10	10	10	10	10	10	10	10	10	10	10	10	10	10	10	10	10	10	10	10	10	10	10	10	10	10	10	10	10	10	10	10	10	10	10	10	10	10	10	10	10	10	10	10	10	10	10	10	10	10	10	10	10	10	10	10	10	10	10	10	10	10	10	10	10	10	10	10	10	10	10	10	10	10	10	10	10	10	10	10	10	10	10	10	10	10	10	10	10	10	10	10	
# Bin lower bound for each
0	0	0	0	-10	-10	-10	-10	-10	-10	-10	-10	-10	-20	-20	-20	-20	-30	-30	-30	-30	-30	-30	-40	-40	-40	-40	-40	-40	-40	-40	-50	-50	-50	-60	-60	-60	-60	-70	-70	-70	-80	-90	-90	-90	-90	-90	-90	-90	-90	-90	-90	-100	-110	-110	-110	-120	-120	-120	-120	-120	-130	-130	-130	-130	-130	-140	-140	-150	-150	-160	-160	-160	-170	-180	-180	-180	-180	-190	-190	-200	-200	-200	-200	-200	-210	-210	-220	-220	-230	-220	-250	-250	-250	-250	-250	-260	-260	-260	-260	-270	-270	-270	-270	
# Bin upper bound for each
0	0	0	0	0	0	0	0	0	0	0	0	0	0	0	0	0	0	0	0	0	0	0	0	0	0	0	0	0	0	0	0	0	0	0	0	0	0	-10	0	-10	-10	-10	-10	-10	-10	-10	-10	-10	-10	-10	-20	-20	-10	-20	-20	-20	-20	-20	-20	-30	-30	-30	-30	-30	-30	-30	-30	-40	-40	-40	-40	-40	-50	-50	-50	-50	-50	-50	-60	-60	-60	-60	-70	-70	-70	-70	-70	-80	-80	-80	-80	-90	-90	-90	-90	-90	-100	-100	-100	-100	-100	-110	-110	
# Normalized histogram for each
1	
1	
1	
1	
1.73752964116972e-06	0.999998262470359	
2.16952306072842e-05	0.999978304769393	
0.000110075935060399	0.99988992406494	
0.000478555801817212	0.999521444198183	
0.00140135963546433	0.998598640364536	
0.00355792789335593	0.996442072106644	
0.00769530857561117	0.992304691424389	
0.0162173546756529	0.983782645324347	
0.0313232493367719	0.968676750663228	
4.34593843804365e-06	0.0560113237771942	0.943984330284368	
2.65550137171882e-05	0.0939329194233818	0.906040525562901	
7.55849642719049e-05	0.146393657853518	0.85353075718221	
0.000219409717927391	0.214986120805592	0.784794469476481	
4.36617160102273e-07	0.000471983150070557	0.299839412208514	0.699688168024255	
1.74488628357979e-06	0.00101683248175612	0.395201039254271	0.60378038337769	
2.61748014314126e-06	0.00208744041415516	0.494913581711841	0.502996360393861	
1.04539997874353e-05	0.00420163674790005	0.594353446248147	0.401434463004166	
2.04806503608734e-05	0.00797786695333767	0.684299054098984	0.307702598297317	
5.97228077043294e-05	0.0146748093120499	0.759924339485364	0.225341128394882	
3.05290776380612e-06	0.000105107253011039	0.0260735768216264	0.81591707604706	0.157901186970539	
6.97738107490044e-06	0.000226764884934264	0.044181649138904	0.849215742367181	0.106368866227906	
6.10159238486404e-06	0.000541734238170429	0.0709959498501405	0.860579485661912	0.0678767286573925	
1.04666193342881e-05	0.00121020286052706	0.107715904551409	0.849916528710809	0.0411468972579202	
1.74696748282076e-05	0.00244968515278541	0.15827481720169	0.815732490363291	0.0235255376074057	
3.89972022793646e-05	0.00463277999662608	0.222451434242611	0.759907808861128	0.0129689796973554	
8.7216437011325e-05	0.00878563163984433	0.296179131166509	0.688010150415483	0.00693787034115213	
0.000225349543886385	0.0154175915570207	0.379426375805	0.601403129728121	0.00352755336597248	
4.3985470719312e-06	0.000485159742034011	0.0260816247177232	0.464391562179181	0.507392638063795	0.00164461675019508	
1.66817460871428e-05	0.000928031874426839	0.0419120090573101	0.543424999528082	0.412947844520859	0.000770433273235148	
2.19802344939337e-05	0.00183798720838273	0.0650034662829797	0.610042065772775	0.322752927657333	0.000341572844035729	
2.20365277483957e-06	5.64135110358931e-05	0.00343240956209012	0.0979576546082787	0.657179500740427	0.241225495381144	0.000146322544249348	
3.09387752576426e-06	0.000144086296199879	0.00642509965600502	0.140599496228342	0.679578596201691	0.173193495962269	5.61317779674374e-05	
7.48739694919405e-06	0.00030874501537559	0.0110315783168508	0.193036985098318	0.676909572504869	0.118681407736331	2.4223931306216e-05	
3.22105386705166e-05	0.000691864721032467	0.0186701989419941	0.256913021397064	0.646563025213792	0.0771270317459127	2.64744153456301e-06	
1.76321518763034e-06	8.11078986309956e-05	0.00129287753632995	0.0303929809929811	0.326967538767592	0.593622098023304	0.0476416335659749	
3.52339246319927e-06	0.000134769761717372	0.00237696864048581	0.0472434078428074	0.397644788307974	0.524432744824026	0.0281629163824096	8.80848115799817e-07	
1.19260584376863e-05	0.000218644404690916	0.00431634974270633	0.0718779124980675	0.462726208617681	0.445282360476159	0.0155665982022571	
8.84652778207817e-07	1.50390972295329e-05	0.000378189062683842	0.00739392792026094	0.1049826298427	0.516796017647054	0.362060957884335	0.00837235389295878	
2.21254210467625e-06	2.21254210467625e-06	3.0090572623597e-05	0.000738104046119998	0.0127300822534653	0.14508479346362	0.555530381743165	0.281556603022156	0.00432551981464207	
1.77354098542371e-06	1.77354098542371e-06	0.00010774261486449	0.00140109737848473	0.0213206229562711	0.194962256830904	0.570497145707477	0.209586875796708	0.0021207116333204	
4.43340231707339e-07	6.65010347561008e-06	0.000177779432914643	0.00256294987950013	0.0336654838349285	0.251514893571744	0.561446956114637	0.149614027994276	0.00101081572829273	
9.77859483370166e-06	8.88963166700151e-06	0.000364919379930412	0.00451193255258662	0.051514526547107	0.313740436978734	0.527964114334887	0.101424919059904	0.000460482920350678	
1.33430470716015e-05	2.31279482574425e-05	0.000651140697094151	0.00743474582829633	0.0763475810389964	0.372766929880509	0.476546926162246	0.0660338504208842	0.00018235497664522	
5.34127640482246e-06	7.03268059968291e-05	0.00105045102628175	0.0125092693400942	0.107917819121235	0.424807736304745	0.413203368208901	0.0403457764301935	8.99114861478447e-05	
8.45206257017436e-06	0.000146354136083546	0.00188080634456301	0.0198765820926595	0.14782657435235	0.463229969056554	0.343337906344029	0.0236564334431212	3.69221680697091e-05	
8.01106951783598e-06	0.000251458570976518	0.00334150610777292	0.0311158841261103	0.194786930029094	0.486281711039832	0.271329583856093	0.0128680029427329	1.69122578709871e-05	
4.80443716463472e-05	0.000504910757579667	0.00557448167685534	0.0473695261668332	0.245401308408388	0.488533409967072	0.205760698102514	0.00680450656206043	3.11398705115213e-06	
7.22070899339305e-05	0.000960086862454854	0.00894654758736946	0.0690179434618486	0.298010248949543	0.471211434393842	0.148276367733772	0.00350516392123722	
4.45938238445852e-07	0.000147159618687131	0.00182790083938955	0.0144492908021225	0.097895037733064	0.347910757055969	0.434614082818758	0.101514272476291	0.00164105271748073	
1.78739635335396e-06	7.59643450175433e-06	0.000304304229158512	0.00306940638779709	0.022846053339482	0.132951456102439	0.392289708350537	0.381665871275289	0.066089427014351	0.000773942621002265	4.4684908833849e-07	
1.82943344231105e-05	3.43576524531587e-05	0.000526966072041304	0.00489440376309997	0.0347248777514567	0.174645301858749	0.422289013895216	0.321504186948465	0.0410087585241559	0.000353839199939673	
2.45713088421418e-05	8.53294543427108e-05	0.000899756654692249	0.00791508870465868	0.0506624648239376	0.220134355916749	0.437615010478546	0.25802956866631	0.0244922339027771	0.000141620089144708	
4.46644316585065e-07	6.29768486384941e-05	0.000149179201739412	0.00159898665337453	0.0126570066433876	0.0726149863460832	0.267786493297209	0.432867125995682	0.198473101739322	0.0137396724667898	5.00241634575273e-05	
7.14605691745009e-06	8.17330259933354e-05	0.000291201819386091	0.00277534985531468	0.019461839386118	0.101152882295063	0.313504216396896	0.409953653354605	0.145520963181282	0.00723270285757417	1.83117708509659e-05	
7.61627247976424e-06	0.000136196872579313	0.000488337470761354	0.00470372028029675	0.0298548920886194	0.135188388499787	0.351805482192931	0.372792793034964	0.101463085943363	0.00355859131216278	8.96032056442851e-07	
2.05847685242779e-05	0.000187947886526016	0.000799673507671406	0.00775643027894151	0.0432333838405987	0.17388938461387	0.380190829754119	0.324961448308514	0.0672540187285594	0.00170495582777172	1.34248490375726e-06	
3.44405908753009e-05	0.000319805486699223	0.00144024289114895	0.0120640469751768	0.0621505062766859	0.214298749314543	0.396086028123202	0.269800432430692	0.0430605787629477	0.000745169148029238	
4.46568921661093e-06	5.93936665809254e-05	0.000476489039412387	0.00267360813398497	0.0188845065592043	0.0857452520792249	0.256726667666981	0.396019106004744	0.213286229243477	0.0257960537597531	0.000328228157420904	
1.20717599061085e-05	8.5843625998994e-05	0.000836975353490192	0.00467445369697647	0.0283686357793551	0.115612138825239	0.297142346168893	0.377445928575421	0.160716257754429	0.0149698764880121	0.000135471972279662	
2.62793125688162e-05	0.000160348347877522	0.00132287386998956	0.00774838849910383	0.0421061399164051	0.149102138334301	0.330724257854397	0.344077266523897	0.116580375500198	0.00811006310598313	4.18687352791308e-05	
4.13921469750574e-05	0.000296421181563315	0.00228635977431043	0.0126286105190353	0.05889924483811	0.187292343832548	0.352655751305299	0.300600453177248	0.0811036837675577	0.00418372238242516	1.20170749282425e-05	
6.14318700528982e-05	0.000637021782939835	0.00366320912076304	0.0194414062378277	0.0807201417740723	0.227074894797923	0.36012653184597	0.252850461028378	0.0533406695450614	0.00207933525374701	4.89674326508609e-06	
8.45168660078503e-06	0.000117433961189855	0.00102487820674783	0.00584011544114245	0.0292837595948884	0.107202082495578	0.263331423548712	0.356366699998932	0.202561127935404	0.0333445725937603	0.000913671804105918	5.78273293737923e-06	
9.32680871248291e-06	0.000189200976738939	0.00188623602866262	0.00942629467208273	0.0420154967147427	0.138392520077066	0.295883679594808	0.337314696296902	0.154569647721994	0.0198940829837261	0.000417485723320664	1.33240124464042e-06	
2.22981847047832e-06	2.63118579516442e-05	0.000391110159721897	0.00296833434790074	0.0147921697694591	0.0590072402205736	0.172931341659475	0.319584272644364	0.305655488586674	0.11340232391681	0.0110340337193149	0.000205143299284005	
5.34685731777576e-06	8.10940026529324e-05	0.000801583026223216	0.00487989844535668	0.0223030785867721	0.0806457577811255	0.207969579946433	0.331576890704444	0.266643764294489	0.0791014071591746	0.00590604947892648	8.55497170844122e-05	
2.66132509150523e-06	1.64115047309489e-05	0.000180526552040438	0.00150276156833662	0.00787530449994589	0.0325613124945665	0.106269372228895	0.242604177570707	0.332368011582087	0.221419586288143	0.0522191902829698	0.00294874820138779	3.19359010980627e-05	
1.378539957203e-05	4.80265533477176e-05	0.000365090743504409	0.00251650245735865	0.0119844038214906	0.0455834247913068	0.136219314145243	0.271516340590086	0.319781247943307	0.177023652188143	0.0334722842318153	0.00146258642556151	1.33407092632549e-05	
2.40607614428971e-05	8.376709539379e-05	0.00066969119349397	0.00432648136315798	0.017798725492555	0.0625579797515325	0.168038130068912	0.294590606144049	0.29748235321376	0.133433853847806	0.0203946143104498	0.000596617769852579	3.11898759444963e-06	
8.91161548874418e-07	3.92111081504744e-05	0.000157735594150772	0.00127257869179267	0.00682674304515248	0.0254939040094249	0.0836056574499769	0.199435716507253	0.308441706004023	0.264416097585754	0.0978762729128774	0.0121692565306546	0.000264229399241265	
9.78848855948153e-06	1.33479389447475e-05	8.72065344390173e-05	0.000386200366801362	0.00234211835350504	0.0101902615217184	0.0362570065556177	0.108984141758671	0.229025716139171	0.311622762329269	0.225758140685497	0.0687080707867898	0.00651201447984417	0.000103224061172714	
8.46171763070125e-06	2.09316172969978e-05	0.000155873745828707	0.000688961956562886	0.00387145849282558	0.0150266744514469	0.0506607488085679	0.137418739676148	0.257558651950404	0.301688290808749	0.183903408157185	0.0456950566200248	0.00326310553053411	3.96364667964427e-05	
3.16506622789636e-05	5.52772129942463e-05	0.000233145019322506	0.0012597855154979	0.00608183078129437	0.0220609573924134	0.06751710361669	0.167650883387816	0.280229168626259	0.280191276988319	0.14455347825176	0.028564054030801	0.0015477619638389	2.36265507152827e-05	
4.9486940797569e-05	4.54744861383066e-05	0.00039812466785792	0.00217430459702472	0.00940876034767474	0.0317790867296533	0.0888901372081162	0.198197872864037	0.291639025312347	0.251599186095864	0.108064320539845	0.0169824914311802	0.000756124789123216	1.56039903415758e-05	
8.8918291203847e-07	4.17915968658081e-05	8.66953339237508e-05	0.000762918938529007	0.00365809850012626	0.01433140558478	0.0449504191608247	0.114517422649978	0.22661982451086	0.291812937255697	0.215970525364832	0.0771152772294483	0.00977123102039074	0.000356117756271407	4.44591456019235e-06	
6.68406603322516e-06	6.19390119078864e-05	0.000187599453332519	0.00128601430479252	0.00589356382369573	0.0207063453621271	0.0606026443056436	0.142600983983641	0.249967136675337	0.282145567372489	0.178448521328632	0.0527408458373642	0.00520020337384917	0.000151951101155319	
5.34650474480019e-06	6.68313093100024e-06	0.000100246963965004	0.000392522556680747	0.00218271056206468	0.00878965380045151	0.0299168128415915	0.0796811879220676	0.171662010009548	0.266350391208208	0.262139573179615	0.141528663725792	0.0346052519607192	0.00258904492266949	4.99007109514684e-05	
7.57271364184272e-06	3.11817620546465e-06	0.000185754211096965	0.000653926095660301	0.00350393914745499	0.0132170580274774	0.0412592620969646	0.102077507169578	0.198049179875113	0.274713550970154	0.235530994226029	0.108092469069919	0.0214053887430275	0.00126820680813684	3.20726695419221e-05	
4.46750271512478e-06	2.18907633041114e-05	0.000266263161821437	0.00118254796869353	0.00574208123974987	0.0195640878900744	0.0557437118782409	0.12645668510405	0.223732535973449	0.273754717124429	0.202148690105866	0.0782380347991656	0.0125335788672826	0.000604899867627895	5.80775352966221e-06	
1.02619382035005e-05	4.95250061125458e-05	0.000526928218188438	0.00197430767610824	0.00871417021967687	0.0279798437686834	0.072679954240679	0.153313356760297	0.242523508761911	0.263285194432497	0.167268700374605	0.054215604213998	0.00715703264010223	0.000301611748937666	
1.92702318388148e-05	0.000159091448901843	0.000833549563260362	0.00328983190531953	0.0130988280562028	0.0378306021140789	0.0935045426210473	0.179073334883915	0.257033522584936	0.242312409894861	0.133128172585989	0.0359219528721832	0.00366044775952185	0.00013444347794522	
4.47571076524807e-06	3.7148399351559e-05	0.000333888023087506	0.00131004054098811	0.0054630525600618	0.0187111564251961	0.0507142786810259	0.116538109334453	0.203850274942912	0.261586048672459	0.216210845363298	0.100864617805631	0.0225790656685235	0.00174194662983455	5.50512424125513e-05	
1.38779891957616e-05	5.37212484997222e-05	0.000553328859547139	0.0022298794898093	0.0081745833133744	0.0263350513687055	0.0668856404445791	0.141522361693527	0.22459331895693	0.257198535379695	0.184816763536524	0.0733657660448581	0.0134710507383762	0.000768213853546028	1.79070828332407e-05	
1.79174703398675e-06	2.28447746833311e-05	0.000183206134225146	0.00106250599115414	0.00368069634456729	0.0121372944082263	0.0361543195885432	0.0861709380422834	0.166780293291072	0.239924782459513	0.242322587927746	0.152653711738362	0.0508600833699895	0.00768032366118422	0.000363276711140814	1.34381027549007e-06	
7.1743055832688e-06	4.39426216975214e-05	0.000363647614251937	0.00165636780153718	0.00568967272163111	0.0174541886958951	0.0482337532245141	0.107502036830195	0.190305629901788	0.249004453001797	0.222206179677793	0.119889820602005	0.0334829325512145	0.00402388864401589	0.000136311806082107	
1.34746978860445e-06	3.05426485417008e-05	0.000104204330318744	0.000578962852503711	0.00249820898807265	0.00832826160676789	0.0248415038661154	0.063239452118784	0.130608000826448	0.211721190534474	0.249477743167767	0.195150007074216	0.0905823090691454	0.0207824757062426	0.00200099263607761	5.47971047365809e-05	
5.03004102178098e-05	0.000230393843229789	0.000997025988245872	0.00390187467832439	0.0119872165100318	0.0337219339429863	0.0801658296738288	0.154741577151398	0.228803990978262	0.241070554409325	0.165079209672769	0.0657987750053669	0.0124291415426597	0.00101005020160584	1.21259917489363e-05	
2.68513322288485e-06	0	2.23761101907071e-06	9.93499292467396e-05	0.000409035294286126	0.00162763825527204	0.00590953070136575	0.0172228920137873	0.0447992102128147	0.100900593682956	0.177221925365827	0.240347169824831	0.223249584028112	0.134857235941761	0.0454772063515931	0.00743065867213002	0.000439019281941674	4.02769983432728e-06	
8.05614596662339e-06	4.4756366481241e-06	2.46160015646826e-05	0.000223781832406205	0.000709835972392483	0.00267419289725415	0.00872122557253463	0.0246612054948286	0.0599193758814207	0.123068818731793	0.198620698297781	0.242362437950892	0.199556553920904	0.104875803320833	0.0304280633159365	0.00399629596311001	0.000144563063734409	
1.20836619045104e-05	7.60823156950657e-06	4.20690451490363e-05	0.000333867102991288	0.00115152822519649	0.00413350745740957	0.0134956601752041	0.0335227633813129	0.077121958161887	0.146613755145626	0.215637869659357	0.235478347420496	0.172407897881421	0.0784435527398137	0.0195285402667894	0.00199962227367973	6.93691701925599e-05	
8.963774250931e-06	1.16529065262103e-05	7.39511375701807e-05	0.000540067398618593	0.0019805459207432	0.00632439092274437	0.0189162528017397	0.0449304702440791	0.0961342378976722	0.169271912954581	0.227480421996564	0.221497999061493	0.143270692984905	0.0569437204951768	0.0115785071999276	0.00101738837748067	1.88239259269551e-05	
1.84062933361586e-05	3.68125866723173e-05	0.000131986591239772	0.000732660261575875	0.00324220123106677	0.0095003409653607	0.0264691476853637	0.0584619791075103	0.117385462350376	0.189359905436546	0.231009306850418	0.2025841537976	0.11481755996299	0.0392350344489492	0.00658855514637717	0.00042289581274784	3.59147187046998e-06	
4.93396338550626e-06	3.31921173206785e-05	5.96561027520302e-05	0.000296934887382286	0.00131467697117444	0.00511472586226617	0.0141820049384488	0.0356357748228819	0.0754990591828908	0.13842772528589	0.205657013292546	0.228256359766668	0.177244112323919	0.0887310518985667	0.0256673746156555	0.00367221438519452	0.000202292498805757	8.97084251910229e-07	
3.57952084533964e-06	4.20593699327408e-05	9.97791435638425e-05	0.000532453725744272	0.00226225717425465	0.00769283773674056	0.0203303360812122	0.0463292908611253	0.0942657865818082	0.162150504533463	0.216236617066439	0.217618759552846	0.149109862653785	0.0653888970422419	0.0158854660715117	0.00195934022271779	9.21726617674958e-05	
2.67696644377947e-06	8.34321208311267e-05	0.000186941489990599	0.001056063262071	0.00353270338364097	0.011277167305495	0.0284677534852988	0.0604798105421616	0.113927230236514	0.180901361371285	0.221695206846966	0.200771144800238	0.120689247473501	0.0464752605915293	0.00939302909014818	0.00101813957078412	4.28314631004715e-05	
1.73954311569121e-05	0.000116861614438743	0.000335865632337304	0.00152767568493395	0.00584486486872248	0.016162585728253	0.0388497962504371	0.076554170264696	0.135010847612455	0.196954193815434	0.219740870520899	0.177632776203764	0.0940017877150789	0.0315013416783826	0.00525208209929847	0.000483949815519222	1.29350641936013e-05	
3.55080221499042e-06	5.77005359935943e-05	0.000243229951726844	0.000593427820180274	0.00255258294230124	0.00829201087255638	0.0221223854999441	0.0500263647064463	0.094480189186742	0.158110121029093	0.207667779843161	0.210705047287809	0.150964575421702	0.0708842207675769	0.0202617651392891	0.00283931022116172	0.000193074870440104	2.66310166124282e-06	
2.2114705438758e-05	0.000107919762541139	0.000488734990196551	0.00110308150728525	0.00401956886054865	0.012296660812167	0.0303400489796496	0.0631600410272015	0.113041086026646	0.176846434158551	0.211618270108128	0.197009295695284	0.124789744438041	0.0510279136234989	0.0125677871008462	0.00146443579415455	9.64201157129847e-05	4.42294108775159e-07	
3.31706350540195e-05	0.000125163862937167	0.00081732444773104	0.00189337984888343	0.00642404632212844	0.0170855307036244	0.0402191738654316	0.0792419934932482	0.133912507363881	0.19155909061156	0.211235469050471	0.175527501552386	0.0984203701312142	0.0352776337926508	0.00746471971255654	0.000735503547931125	2.74210583113228e-05	
3.93145486358514e-05	0.000258415853392956	0.00139500387182044	0.00288498109146905	0.00932991664873953	0.0243109683615066	0.0532442674749856	0.0976926777315771	0.155516869254389	0.199483786724316	0.201730900307581	0.15175239078838	0.0740496149603784	0.0236867946848497	0.00425038861768722	0.000363107404254718	1.06016760366341e-05	
