# <P(U)> as a function of N_tot.
# number_of_species: 1
# species_total_upper_bound: 103
# species_total_lower_bound: 0
# volume: 729
# Bin widths for each
10	10	10	10	10	10	10	10	10	10	10	10	10	10	10	10	10	10	10	10	10	10	10	10	10	10	10	10	10	10	10	10	10	10	10	10	10	10	10	10	10	10	10	10	10	10	10	10	10	10	10	10	10	10	10	10	10	10	10	10	10	10	10	10	10	10	10	10	10	10	10	10	10	10	10	10	10	10	10	10	10	10	10	10	10	10	10	10	10	10	10	10	10	10	10	10	10	10	10	10	10	10	10	10	
# Bin lower bound for each
0	0	0	0	-10	-10	-10	-10	-10	-10	-10	-10	-10	-20	-20	-20	-20	-30	-30	-30	-30	-30	-30	-30	-30	-30	-30	-40	-40	-40	-40	-50	-50	-50	-60	-60	-60	-60	-60	-60	-60	-60	-60	-70	-70	-70	-80	-80	-80	-80	-90	-90	-90	-100	-110	-110	-110	-120	-120	-120	-120	-120	-120	-130	-130	-130	-130	-140	-150	-150	-150	-160	-160	-160	-180	-180	-180	-180	-180	-180	-200	-200	-200	-200	-200	-210	-210	-220	-220	-220	-220	-250	-250	-250	-250	-250	-260	-260	-260	-260	-270	-270	-270	-270	
# Bin upper bound for each
0	0	0	0	0	0	0	0	0	0	0	0	0	0	0	0	0	0	0	0	0	0	0	0	0	0	0	0	0	0	0	0	0	0	0	0	0	0	-10	0	-10	-10	-10	-10	-10	-10	-10	-10	-10	-10	-10	-20	-20	-20	-20	-20	-20	-20	-30	-30	-30	-30	-30	-30	-30	-30	-30	-40	-40	-40	-40	-40	-50	-50	-50	-50	-50	-60	-60	-60	-60	-70	-70	-70	-70	-70	-70	-80	-80	-80	-80	-90	-90	-90	-90	-100	-100	-100	-100	-100	-100	-110	-110	-110	
# Normalized histogram for each
1	
1	
1	
1	
2.21407933046241e-06	0.99999778592067	
3.52845700575139e-05	0.999964715429942	
7.92597142687301e-05	0.999920740285731	
0.0004179645566056	0.999582035443394	
0.00129106045110136	0.998708939548899	
0.00338484276646564	0.996615157233534	
0.00712083799486735	0.992879162005133	
0.0154774251614858	0.984522574838514	
0.0308894957186153	0.969110504281385	
2.21001312747798e-06	0.056200633831765	0.943797156155108	
3.55209029413528e-05	0.095120537964075	0.904843941132984	
6.00210740660054e-05	0.146893798266947	0.853046180658987	
0.000225955659524696	0.216241781416698	0.783532262923778	
2.20306049163498e-06	0.00050009473160114	0.301790647567601	0.697707054640306	
8.79718314195794e-06	0.000831333806915026	0.398701535768247	0.600458333241696	
1.31763300407149e-05	0.00177221639047615	0.497661201417773	0.50055340586171	
1.97390497621444e-05	0.00412326817253684	0.595788125426309	0.400068867351392	
2.6370206940199e-05	0.0077132855300082	0.685449579065572	0.30681076519748	
6.84376566063312e-05	0.0143961922170931	0.761536712387437	0.223998657738864	
9.95890292725353e-05	0.0261631445346647	0.815839967069228	0.157897299366835	
0.000299690173247363	0.0439597004861151	0.850046936769781	0.105693672570857	
0.000655750735235673	0.0705870404225066	0.862007524574093	0.0667496842681645	
0.00122200133711741	0.107378939958115	0.850738735228616	0.040660323476151	
4.42698245808201e-06	0.00232859277295114	0.157164517735598	0.817460018814675	0.0230424436943169	
5.33307260533929e-05	0.00471088080138304	0.220789205861047	0.761125011666096	0.0133215709454204	
0.000122767309074513	0.00830799862500614	0.294422792755389	0.689675492520123	0.00747094879040719	
0.000222324027163954	0.0147879163522691	0.377472512665732	0.603594013869426	0.00392323308540836	
1.12645848211972e-05	0.000506906316953876	0.0256134129664383	0.461356841770883	0.510634894529692	0.00187667983121146	
2.2557730872736e-05	0.000733126253363922	0.0404663134126012	0.538755309525904	0.419039176011207	0.000983517066051292	
4.7289202749079e-05	0.00158981795908808	0.0644889613489583	0.606303875913132	0.327097163548582	0.00047289202749079	
1.12593846971451e-05	0.000128356985547454	0.00296797380616744	0.0972202831059688	0.654690434477137	0.244770015808176	0.000211676432306327	
1.58506955058749e-05	0.00029437005939482	0.00611383969512319	0.140579818441605	0.67785272892367	0.175052816781811	9.0575402890714e-05	
2.02738775592955e-05	0.000412235510372341	0.0111866751066068	0.193910628242413	0.675183197010279	0.119264463722149	2.25265306214394e-05	
1.57761055105937e-05	0.000655835243368965	0.0188366699796488	0.256012386496555	0.64678651999396	0.0776905584515978	2.25372935865624e-06	
6.3203990880567e-05	0.0010586668472495	0.0296471862937631	0.326394438048803	0.594009164578678	0.0488273402406266	
7.67518612326349e-05	0.00198200394594863	0.0465274297607599	0.397294722632318	0.524542536332977	0.0295720406513976	4.51481536662558e-06	
0.000205677606003074	0.0036456920712413	0.0708344634300696	0.461529246903535	0.447240303770003	0.0165446162191484	
0.000380351107345559	0.00630198511392313	0.103553435914255	0.516940428361894	0.364253373053832	0.00857042644875054	
0.000725984501609342	0.0110459920371447	0.143547353258085	0.556290219196776	0.284103466575995	0.00428698443038934	
3.67497594039189e-05	0.00124489809980775	0.0195324971231829	0.193827418536119	0.573753321833721	0.209280692365467	0.00232442228229787	
0.000117371972493533	0.00221625901002495	0.0325879829511456	0.250006904233676	0.562904473022858	0.15094726086036	0.0012197479494426	
0.000337917594397049	0.00428183253174342	0.0501761337598193	0.314754037652352	0.526112234931421	0.103611089251906	0.000726754278360776	
4.61610188660084e-06	0.000699339435820027	0.00654332442425669	0.0749308738742482	0.374252768507106	0.476141677399104	0.0671204294821195	0.000306970775458956	
3.92581593465595e-05	0.000995309804609832	0.012033780491466	0.107144754070725	0.426750047918047	0.411984361396759	0.0409116206460969	0.000140867512949419	
8.29609691684776e-05	0.0019564961895566	0.0190833273801156	0.147479253996529	0.466362783709231	0.34078522557318	0.0241877314553428	6.22207268763582e-05	
0.000210246635476232	0.00341246462196038	0.0296262923814475	0.193182001963842	0.490077976087333	0.270455726910414	0.0130052561658869	3.00352336394617e-05	
1.83902972791555e-05	0.000383897455702371	0.00545961950474929	0.0445275072871553	0.244094415786231	0.49389672009048	0.204467922723971	0.00714463049295192	6.89636147968332e-06	
4.35367415727762e-05	0.000664508160847637	0.00774724859250297	0.0663683254165206	0.295380751719128	0.476562338885414	0.149257698556184	0.00397559192782983	
0.000142294195544356	0.00149408905321573	0.0125356596139237	0.095490880548613	0.345749649428413	0.438897265885885	0.103718698145815	0.00197146312859035	
9.24259263966135e-06	0.000302694908948909	0.00282592269957646	0.0200957070467837	0.131801681689731	0.390492607081212	0.386458215394	0.0670503883044233	0.000963540282684696	
2.54451749008795e-05	2.08187794643559e-05	0.000513529893454113	0.0044899167711461	0.0319591396755046	0.174556213017751	0.422179402362237	0.32452313429038	0.0413460960162109	0.000386304018949716	
6.93816476291135e-06	7.86325339796619e-05	0.000790950782971893	0.00765973389825413	0.0484862080848121	0.219014734349235	0.436202418644236	0.262822306662257	0.0248409425728103	9.71343066807589e-05	
3.70553931808813e-05	0.000166749269313966	0.00144979225820198	0.0127099998610423	0.0700346931118656	0.267929020394362	0.432519813055541	0.201081091096052	0.0140532578638492	1.85276965904406e-05	
6.94682437501737e-06	5.09433787501274e-05	0.000189879866250475	0.00271620833063179	0.0190458768281726	0.0993696914683734	0.312928966405157	0.411694284152904	0.146480738771616	0.00749793910876875	1.85248650000463e-05	
2.31502916936753e-05	8.33410500972312e-05	0.000294008704509677	0.00495184739327716	0.0292573386424669	0.134162885452357	0.35102555792203	0.373465135660709	0.102856745995	0.00387998888785999	
1.83740778509679e-05	9.64639087175812e-05	0.000746446912695569	0.00764820990546537	0.0425359902249906	0.171669009361593	0.380283695762019	0.326709478268059	0.0684641108324376	0.0018282207461713	
1.141914899934e-05	0.000271775746184291	0.00136344639052119	0.0127095128362654	0.0605694501222991	0.211804659469558	0.396749196662868	0.271876234695486	0.0439454530090599	0.000698851918759606	
2.28388195984479e-06	0.000438505336290199	0.00266529024713887	0.0194883647633556	0.0832132392069448	0.251453119896951	0.400204635823602	0.215173654964817	0.0270502979324017	0.000310607946538891	
2.75563067200647e-05	0.000851949149428666	0.00472131388470441	0.0290190873351214	0.112280468089797	0.293736451482529	0.380453852371679	0.16201041628394	0.016751938126906	0.000146966969173678	
1.83464357461954e-05	0.000135304963628191	0.0015158742535294	0.00810224468641355	0.0408781521469916	0.146982469980645	0.328403493161366	0.346600864117124	0.118357443607643	0.00895076733967509	5.50393072385862e-05	
2.97961485040041e-05	0.000295669473616657	0.00284209416499732	0.0127023273083993	0.0569381477797285	0.185043250255559	0.352960591155586	0.302465287486993	0.0821686095283499	0.0045335985954554	2.06281028104644e-05	
5.77084660628053e-05	0.000794068493024201	0.00421271802258479	0.0196693535728466	0.0773478112332992	0.225614710580501	0.360860271645291	0.255062186643029	0.0542159496966843	0.00215829663074892	6.92501592753663e-06	
0.000101816734505923	0.00143469034985618	0.0067615567778706	0.0295546212070374	0.103723484261215	0.260683236568869	0.358920187250231	0.204422548704266	0.0335115897526085	0.000883954376846875	2.31401669331643e-06	
4.64393768764411e-06	0.00016950372559901	0.00250772635132782	0.0100657349379686	0.0413844507034405	0.132976833716845	0.294989887825685	0.341944741785455	0.155957359364152	0.0195532996338255	0.000445818018013834	
2.3329110764285e-06	3.2660755069999e-05	0.000331273372852847	0.00371866025582703	0.0155861789016188	0.0591812881868382	0.167185739381172	0.321122876759307	0.308198549395893	0.114058355437666	0.0103674568236483	0.000214627819031422	
1.87238743440793e-05	0.000114683730357486	0.000873000641292696	0.00602674705450052	0.0241023072494161	0.081004161381073	0.200998450599398	0.333600928704167	0.268481634219753	0.0790241116691866	0.00569907925347913	5.61716230322378e-05	
1.16520239565613e-05	0.000377525576192585	0.00181771573722356	0.00872037472909044	0.0357484094987299	0.10735242711659	0.237622054950945	0.329754608375475	0.224119689590082	0.0515905012700706	0.00286639789331407	1.8643238330498e-05	
4.692808739887e-06	8.44705573179659e-05	0.000574869070636157	0.00282741726578192	0.0132384134552212	0.0496170668068252	0.136323747489347	0.267163947966137	0.315572616522441	0.179908208661048	0.0332884387963884	0.00139141779137649	4.692808739887e-06	
5.8468317188282e-05	0.000145001426626939	0.000736700796572353	0.00528553587382069	0.0193764003161967	0.0650120912479945	0.166134215191472	0.292407070456661	0.293803293871117	0.136984250974082	0.0194652721583228	0.000591699369945414	
5.84762492865898e-05	0.000254956446889531	0.00134729278356303	0.00867553634415846	0.0277598450613299	0.0855975337057101	0.195345758366782	0.305206257426484	0.264085758928154	0.0996856316838353	0.0117537261066045	0.000229226897203432	
5.17050929516557e-05	0	0.000150414815859362	0.00053820301299678	0.00282262802886084	0.0126418952266798	0.0403910785212343	0.109784013725352	0.224247338362829	0.30992502761522	0.224381301558203	0.0686690639027944	0.00630097064560859	9.63594914099039e-05	
2.5835787733168e-05	9.39483190297018e-06	0.000349957488385639	0.000845534871267316	0.00457998055269796	0.0176998633051958	0.0542575029476285	0.137197427695025	0.251184923173762	0.303408445014398	0.182421799767948	0.0450458702667662	0.00294293109360541	3.05332036846531e-05	
3.77299759943028e-05	6.36693344903859e-05	0.000400880994939467	0.00124273108431235	0.00687864624846132	0.025371050732669	0.0707885093358109	0.166247706724897	0.2761574849198	0.280892596907085	0.143062636476398	0.0275664637108375	0.00128517730730594	4.71624699928785e-06	
4.46028235934852e-05	0.000105638266405623	0.000558709053434183	0.00251419074045382	0.0103032522500951	0.0350460817593232	0.0930438375330413	0.196691409496176	0.28901925433469	0.250728904038199	0.1052532736125	0.0160781441469358	0.000612701945152612	
5.14819789672715e-05	0.000205927915869086	0.000765209414649899	0.004008574089588	0.0154235328806039	0.0492425128821952	0.116833671086317	0.22525471879139	0.288748379487707	0.214733674362443	0.0753064347793529	0.00924335531457829	0.000182527016338508	
2.8019249224217e-05	0.000338565928125956	0.00124685659047766	0.00604748795756018	0.0224410836911625	0.0665270374080326	0.143885849578661	0.247262869591409	0.281798929197692	0.174499214293553	0.0508479325296479	0.0050177805485702	5.83734358837855e-05	
2.79362123152136e-05	6.9840530788034e-06	5.12163892445583e-05	0.000384122919334187	0.0023233616575486	0.0094564078686998	0.0335234547782563	0.0842206960772902	0.170923059015249	0.264625771155861	0.263382609707834	0.136100570364335	0.0324874869049005	0.00248399487836108	2.32801769293447e-06	
3.94232151719084e-05	6.95703797151325e-06	0.000122907670830067	0.00055656303772106	0.00403276301082051	0.0152335941449568	0.0455384515488686	0.106553993571697	0.195233037581919	0.271843939724223	0.23675264019591	0.102129317421814	0.0206461696867942	0.00131024215130166	
2.30217417328925e-05	2.07195675596033e-05	0.000202591327249454	0.0010935327323124	0.00638623115670439	0.0221952612046817	0.0608096286132624	0.128797436298841	0.221061670641754	0.272202167727202	0.20108340316595	0.073365686554382	0.0122061274667796	0.000552521801589421	
5.04554753364463e-05	1.1467153485556e-05	0.000474740154302017	0.00218334602364986	0.00952461768510279	0.0320208793930665	0.0755272597172659	0.152946599759648	0.238241580815911	0.262928068839616	0.168071775207097	0.0509279220600512	0.00691698698248736	0.000174300732980451	
7.85384457241591e-05	7.39185371521498e-05	0.000762284914381544	0.00358273909759326	0.0142293184017888	0.0411425957880294	0.0967940144464541	0.177321330810863	0.250436003871483	0.243228946499149	0.134483228576906	0.0340810655357131	0.00371671644618153	6.92986285801404e-05	
2.30731603769231e-05	7.84487452815387e-05	0.000325331561314616	0.00142130667921847	0.00583520225932386	0.0203943664571624	0.0550917850319794	0.120208858247732	0.201694031434874	0.255535251174424	0.214301206264825	0.101538056870726	0.0215364878958201	0.00198890642449078	2.76877924523078e-05	
5.28880314384855e-05	5.28880314384855e-05	0.000710539204977913	0.00268119324596844	0.00844828815239111	0.029366654326126	0.07064461312405	0.14400951064774	0.222996635861305	0.250036216804137	0.182764940294011	0.0743490748043718	0.0129989583357286	0.000883000177059931	4.59895925552048e-06	
9.18674352908753e-06	8.72740635263315e-05	0.000137801152936313	0.000978388185847822	0.00391584942927356	0.0121242047725133	0.0390666268574447	0.0916331733308835	0.1680140557176	0.240175926138582	0.232442984772973	0.151737442869939	0.0515353345122988	0.00771456787855125	0.00042718357410257	
2.50822012139785e-05	7.29664035315739e-05	0.000330629016002444	0.00161438167813607	0.00597184408903725	0.0174207288431633	0.0521230943227578	0.113159490876919	0.191436480465526	0.246165843514427	0.213308159924115	0.120419648028311	0.0340319866471482	0.00379197278353148	0.000127691206180254	
9.34975850257916e-05	0.000168751738827039	0.000643080950665201	0.00252215436679331	0.0080681574590549	0.025488353849592	0.0662441792052249	0.137142713801612	0.212795942660896	0.244072025066474	0.187581240279672	0.0926925936230086	0.0204919341229698	0.00196116885663856	3.42064335460213e-05	
0.000143049172585421	0.000292910210532052	0.00110806343209024	0.00380102087155547	0.0127881419047792	0.0350947303409566	0.0843172694410637	0.15731775989537	0.228601660278651	0.234607454905451	0.159527074894189	0.0680005812791775	0.0133489854861855	0.00104675664383935	4.54124357414034e-06	
1.36547665376291e-05	0	0	0.000236682619985571	0.000425573557089441	0.00183656609931112	0.0056553491410014	0.0186319289405949	0.0484402842922393	0.104584132706124	0.176997635449595	0.2383621562697	0.218250960954195	0.13146581642987	0.0465126864160107	0.00801989954643417	0.000566672811311609	
4.05621005759818e-05	0	0	0.000304215754319864	0.00060167115854373	0.0026883658881748	0.00890563452646001	0.0269219675322919	0.0631168819462597	0.126549246896999	0.198711477271703	0.238543460037317	0.194461470511353	0.102912809511362	0.0317916730514418	0.00428155506079808	0.000169008752399924	
6.09946189191753e-05	0	0	0.000390817373074716	0.000973654842746836	0.00404371732834533	0.0144082844246852	0.0377421147512097	0.0812019102611022	0.149637872688417	0.215107689388292	0.230595804473842	0.166106419796594	0.0766657178614835	0.0206681395737606	0.00229520491932897	0.000101657698198626	
4.06407694652352e-05	0	4.96720515686208e-05	0.000837651415089015	0.00160305257335094	0.00589516939298495	0.0208216208893555	0.0473871371964643	0.100757498786421	0.171224077398088	0.226831939129159	0.216545308813402	0.137368058613021	0.0578385884106072	0.0115148846818166	0.00122373872500875	6.09611541978528e-05	
5.67284477281391e-05	3.17679307277579e-05	0.000174723619002669	0.000896309474104598	0.00268439014649554	0.00832773612649082	0.0286092907582551	0.0598326283878229	0.124571132935175	0.189202988000799	0.230517181912248	0.196970247063736	0.11080654237842	0.0399232123731552	0.0068346433822862	0.000560477063554015	
2.48864273949793e-05	7.46592821849378e-05	5.42976597708639e-05	0.000334835568586994	0.00134839188430979	0.00468769796021791	0.0132011185317913	0.0356079527972344	0.0780709851405404	0.143805089500643	0.203383196684223	0.227194982896237	0.17318012343668	0.0890232755968218	0.025974642992887	0.0036945032669092	0.000339360373567899	
1.80704385695441e-05	9.26109976689134e-05	2.48468530331231e-05	0.00065279459332478	0.00241014474421294	0.00726883391459911	0.0183866712445111	0.0454471530024034	0.0970924664341604	0.164895010751911	0.215054030611323	0.218485155134715	0.145195973906287	0.0664585554491408	0.0164734635609606	0.0018409259292723	0.000203292433907371	
1.34926970777067e-05	0.000200141673319316	0.000184400193395325	0.00147295276431631	0.00356432081136085	0.0103893767498342	0.0258947344749654	0.0605957025759808	0.115711121355566	0.180044301022072	0.222647492044931	0.204702204931581	0.11600571190843	0.047474054667911	0.0100003373174269	0.000993962018057726	0.000105692793775369	
7.17699593378324e-05	0.000226523934160034	0.000349878551771933	0.00177182087115274	0.00567206959891807	0.0143988480921526	0.0366049220735238	0.0765763038022379	0.135418699214343	0.194837497112381	0.224579416824224	0.179539281717276	0.0923096245758283	0.0313612294194035	0.00567879803260599	0.000578645297161274	2.46709235223799e-05	
1.79445423917383e-05	0.000217577576499827	0.000365620051231669	0.000558523881942856	0.00252793740943614	0.00689743348182442	0.0182854886971814	0.0485063411526677	0.0974209206447474	0.157878327030313	0.210982957170863	0.212023740629584	0.150996595023081	0.0688016185977237	0.021257553530813	0.00294290495224509	0.000316272559654388	2.24306779896729e-06	
0.000112525430747349	0.0004838593522136	0.000542372576202222	0.000987973281961723	0.00381911311956502	0.0100552724915831	0.0250819185135841	0.0615244045154205	0.118160704319176	0.17615631132636	0.211361017589975	0.198780674432422	0.127621842536413	0.0495494481752876	0.0139554039212862	0.00153934789262373	0.00026781052517869	
0.000169650249046566	0.000554190813552114	0.00072384106259868	0.00169876449378628	0.00527046773704664	0.0143637210859426	0.0345000746461096	0.0769488289608809	0.140610650416435	0.186400383635763	0.214116710323331	0.178173477558665	0.102190524015689	0.0351311735725628	0.0082359540903806	0.000816583198744136	9.50041394660767e-05	
0.000202645779730868	0.000972244358933491	0.000913044468225597	0.00194904255561374	0.00657801862519638	0.0213779913021699	0.0447141328354471	0.0978733577722626	0.165276987180947	0.191762107516109	0.204342084291537	0.157710785764703	0.0761037364238712	0.0248047542066076	0.00500011384594367	0.000389353127348073	2.9599945353947e-05	
