# <P(U)> as a function of N_tot.
# number_of_species: 1
# species_total_upper_bound: 103
# species_total_lower_bound: 0
# volume: 729
# Bin widths for each
10	10	10	10	10	10	10	10	10	10	10	10	10	10	10	10	10	10	10	10	10	10	10	10	10	10	10	10	10	10	10	10	10	10	10	10	10	10	10	10	10	10	10	10	10	10	10	10	10	10	10	10	10	10	10	10	10	10	10	10	10	10	10	10	10	10	10	10	10	10	10	10	10	10	10	10	10	10	10	10	10	10	10	10	10	10	10	10	10	10	10	10	10	10	10	10	10	10	10	10	10	10	10	10	
# Bin lower bound for each
0	0	0	0	0	-10	-10	-10	-10	-10	-10	-10	-10	-10	-20	-20	-20	-20	-20	-20	-20	-20	-30	-30	-30	-30	-30	-30	-40	-40	-40	-50	-50	-50	-60	-60	-60	-60	-60	-60	-60	-60	-60	-60	-70	-70	-80	-80	-80	-80	-90	-90	-90	-90	-90	-90	-90	-90	-100	-110	-110	-110	-110	-120	-120	-120	-130	-130	-140	-140	-140	-160	-160	-160	-180	-180	-180	-180	-180	-180	-180	-180	-190	-190	-190	-190	-190	-200	-210	-210	-220	-220	-220	-220	-230	-240	-250	-250	-250	-250	-260	-260	-270	-270	
# Bin upper bound for each
0	0	0	0	0	0	0	0	0	0	0	0	0	0	0	0	0	0	0	0	0	0	0	0	0	0	0	0	0	0	0	0	0	0	0	0	0	0	-10	0	-10	-10	-10	-10	-10	-10	-10	-10	-10	-20	-20	-20	-20	-20	-20	-20	-20	-20	-30	-30	-30	-30	-30	-30	-30	-40	-40	-40	-40	-40	-50	-50	-50	-50	-50	-50	-60	-60	-60	-60	-70	-70	-70	-70	-70	-70	-80	-80	-80	-80	-80	-90	-90	-90	-90	-100	-100	-100	-100	-100	-110	-110	-110	-110	
# Normalized histogram for each
1	
1	
1	
1	
1	
6.94901030057142e-05	0.999930509896994	
0.000132430685779063	0.999867569314221	
0.00058304137492712	0.999416958625073	
0.00164140752005873	0.998358592479941	
0.00395163822882864	0.996048361771171	
0.00723754661940106	0.992762453380599	
0.0149985017269568	0.985001498273043	
0.0297757053169042	0.970224294683096	
0.0545095243586652	0.945490475641335	
4.72771015984913e-05	0.0953369018790021	0.904615821019399	
7.88452845263501e-05	0.146983379414022	0.852937775301452	
0.000210058658880492	0.215178838690704	0.784611102650415	
0.000366845547543183	0.299985326178098	0.699647828274359	
0.000762059858235988	0.398134519223743	0.601103420918021	
0.00198561601000625	0.500526370648322	0.497488013341672	
0.00449051885809544	0.598478849760367	0.397030631381538	
0.00815601173631849	0.686694496125243	0.305149492138439	
5.22610754284102e-06	0.0152445557024672	0.761820148735021	0.222930069454969	
4.7017030613311e-05	0.0267631386479992	0.816785079928952	0.156404764392435	
0.000351590169952484	0.0442124638715248	0.851055029032041	0.104380916926481	
0.000835990155047615	0.070773576480118	0.862658760242177	0.0657316731226569	
0.00154539331826227	0.107874718722753	0.850681591546281	0.0398982964127036	
0.00260012559488901	0.15812500324367	0.816636651910132	0.0226382192513091	
5.19159584464669e-06	0.00472435221862848	0.222060129063073	0.760314403044352	0.0128959240781024	
8.80596319107386e-05	0.00846408462012629	0.300894582260646	0.683140724471772	0.00741254901554511	
0.000217084554433952	0.0143999421107855	0.388157520687641	0.593664232218449	0.00356122042869031	
2.58259126877544e-05	0.000563004896593046	0.0251854300530981	0.472908617590546	0.499736575690585	0.00158054585649057	
5.16523589632339e-05	0.000712802553692627	0.039994421545232	0.549782543568765	0.408750942655551	0.000707637317796304	
9.78377849525487e-05	0.00116375470522505	0.0634349301489709	0.615991843418349	0.319079912872878	0.000231721069624457	
2.55843464734537e-05	0.000153506078840722	0.00254820090875599	0.09778337222154	0.66148839494044	0.23791395472594	8.69867780097425e-05	
3.61271676300578e-05	0.000319983484723369	0.00526424442609414	0.140937241948803	0.684181461601982	0.169240297274979	2.06440957886045e-05	
4.601368140127e-05	0.000449911551479084	0.0100616583330777	0.195021319672383	0.6775361207399	0.116854300234159	3.06757876008466e-05	
3.57241280761026e-05	0.000637930858501832	0.0173466159043818	0.257259653169751	0.648367407346922	0.0763475651454993	5.10344686801466e-06	
0.000133287537102637	0.00120984072139316	0.0281441761035952	0.328266698108855	0.593708828248756	0.0485371692802986	
0.00016875565714987	0.00218870973515589	0.044566834910943	0.398365627029542	0.524610200001023	0.0300896450506011	1.02276155848406e-05	
0.000403582174950319	0.0035300668720338	0.0697124349287601	0.45929184099884	0.449503696097514	0.0175583789279018	
0.000699401394688663	0.00568777898915928	0.103819965852755	0.513453191533129	0.367540575566207	0.00879908666406105	
0.000995512456800949	0.0101408160107288	0.145282921545365	0.553200598339093	0.286135038943622	0.00424511270438954	
0.00143915953083399	0.0190380246507468	0.196121465064402	0.570565075710071	0.21066725603676	0.00216901900718552	
0.000123777695259314	0.00220221149482197	0.0328784503032554	0.252821099971119	0.560877996451706	0.149879316747122	0.00121714733671659	
0.000387386689393352	0.0044213734149428	0.0502414710363885	0.315172645334573	0.525828361870819	0.103354768730146	0.000593992923736474	
1.02977597223724e-05	0.000586972304175227	0.0063794621480097	0.0733663891420421	0.375214322124222	0.475766796933327	0.0685212931926659	0.000154466395835586	
8.73313093018119e-05	0.000827078870446571	0.0107520253158054	0.106179460703479	0.431195771109775	0.409537606402926	0.041379629201535	4.10970867302644e-05	
0.000122874652495123	0.00183288023305226	0.0169823009302635	0.146691855970428	0.471930821570645	0.337628826393475	0.024805320472453	5.11977718729681e-06	
0.000184989157579931	0.00313453850343772	0.027398949672672	0.194290001336033	0.492924164722568	0.268768691612797	0.0132986649949128	
1.01870339431971e-05	0.000412574874699483	0.0056283362536164	0.0430300313760645	0.245741819811744	0.494274886923923	0.203399413226845	0.00750275049916466	
4.06632170704185e-05	0.000650611473126696	0.00749728064735842	0.0646240177291626	0.294345779666358	0.478092691803312	0.150204840955992	0.00454411450761927	
0.000143650150319622	0.00180075724150668	0.0112149724499533	0.0929672990693522	0.346489292933439	0.438338172975302	0.10670127951241	0.00234457566771668	
0.000305182411147951	0.00365701635053562	0.0188333755760965	0.127514522027446	0.391921459496087	0.386557490676419	0.0700264319003554	0.00118452156191324	
0.000581250518973678	0.00550631071992029	0.0312058872373993	0.168759860499875	0.42526779041767	0.324794486423649	0.0435211326081541	0.000363281574358549	
0.00105992451269324	0.00830360374334316	0.0497233855540044	0.210077038415801	0.440525308929218	0.263595470761595	0.0266222015407683	9.30665425779432e-05	
0.00221559261950031	0.0137933521916333	0.0718882516913216	0.2617851493464	0.432875272440604	0.202216623127695	0.0151999958779672	2.57627048779105e-05	
0.00392766927484443	0.020310927648738	0.100301891442302	0.307010247879572	0.41284168155587	0.147690633150556	0.00787587538249851	4.10736656192882e-05	
0.00026569246097642	0.00679048616610888	0.0306363845387426	0.136361546125744	0.346146181948241	0.372444626114503	0.103252177911759	0.00410290473392433	
5.04920449783137e-06	0.000893709196116152	0.00955814411439478	0.0458366784313131	0.171743641789236	0.378155121660582	0.32398220660335	0.0680632766307668	0.00176217236974315	
0.000130011701053095	0.00181016291466232	0.0150013501215109	0.0627906511586043	0.210663959756378	0.395275574801732	0.270599353941855	0.043168885199668	0.000560050404536408	
0.000321307722430291	0.00328838372174751	0.0211561053487695	0.0850511582139307	0.250941331218058	0.397834185133493	0.214452822989568	0.0267589087586477	0.000195796893355959	
0.000778080364586228	0.00548192984140297	0.0291022266234849	0.117363823305023	0.293381769678107	0.374160658437877	0.163598975359104	0.015991067233217	0.000141469157197496	
5.04108484145788e-06	0.00128547663457176	0.00907395271462419	0.0432978777032817	0.149311891919141	0.322931894943792	0.343408781569794	0.122710087210768	0.00787921560719867	9.57806119876998e-05	
0.000206275815921474	0.00296835930228463	0.0139361953683533	0.0592766259313856	0.18669973787878	0.34678989550369	0.301343811473966	0.0847441425214955	0.0039947072644305	4.0248939691995e-05	
0.000608087564609304	0.00396777135907571	0.0215415019762846	0.0795935948109861	0.227429816560251	0.353881625620756	0.257099422316814	0.0540995236647411	0.00177865612648221	
5.53534316611565e-05	0.00128822531865964	0.00684872913553036	0.031118692853872	0.108668850611152	0.262148820217086	0.35038219028497	0.204062941883929	0.0348726619465286	0.000553534316611565	
0.000126204623127754	0.0022817795861498	0.0107475857055596	0.0434951613147493	0.138971482803358	0.292961315758919	0.332125134407924	0.158775512264565	0.0203492334331191	0.000166590102528636	
1.0191861798354e-05	0.000372002955639922	0.00353657604402884	0.0166484062476113	0.0611511707901241	0.170688205467934	0.317293041506357	0.301256146966647	0.118796341121614	0.0101561902820598	9.17267561851861e-05	
0.000184159236353033	0.000977067059539704	0.00636372472286593	0.0262529222489935	0.0850713361264151	0.202421693958042	0.325138247315623	0.267153665536134	0.0813574581932956	0.00505414793102213	2.55776717156991e-05	
0.000557046122396831	0.00178868020953111	0.00834036029129935	0.0379609045611345	0.111424556024019	0.239008560112431	0.322953877603169	0.222721349175929	0.0528069503002428	0.00243771559984668	
1.02072062876391e-05	8.16576503011126e-05	0.000632846789833623	0.00267428804736144	0.0142135347555374	0.0534194141063591	0.141032969276309	0.264295192405839	0.310023476574462	0.17911605593549	0.0332142492599775	0.00128610799224252	
0.000126268365733796	0.000212130854432777	0.000777813132920183	0.00498507507917027	0.0204958811259098	0.0679273300301529	0.168891515270896	0.286427160830543	0.290902111712149	0.139112383896238	0.0195412922809623	0.000601037420892869	
0.000126253061636745	0.000262606368204429	0.0013534328207459	0.00785799055627099	0.0288715501350908	0.0866954523647198	0.196692169785117	0.300058076408353	0.264242607883241	0.101886220740853	0.0116405322829079	0.000313107592859127	
0.000110593333232794	0	0.000271456363389585	0.000633398181242365	0.00289050757312984	0.0117982978680622	0.0413870414775269	0.112091370201129	0.227837347368633	0.29855173003162	0.226052773127831	0.0716946417530049	0.00655516847888924	0.000125674242309993	
5.50445861147529e-05	1.50121598494781e-05	0.000715579619491788	0.00130605790690459	0.00452866822125922	0.0171789149210861	0.0546342537455339	0.141714788979073	0.252599605680601	0.293407660204766	0.18330347581541	0.047573534562996	0.0029423833304977	2.50202664157968e-05	
8.01498802761163e-05	9.01686153106309e-05	0.000736377025036819	0.00175327863104004	0.00645707472974462	0.0252071373468386	0.0696402272249106	0.170098083415988	0.275179585825494	0.274618536663561	0.145797641589773	0.0292697344033342	0.00107200464869306	
9.46545110347233e-05	0.000184327205699198	0.000622727046281074	0.00300901708763015	0.00999352363871868	0.0340656603397599	0.0914761121905047	0.202027599262691	0.285866586957605	0.247880237134459	0.108269815174613	0.016071339610422	0.000438399840581876	
0.000109879132953751	0.00034462091699131	0.000704225352112676	0.00484467086205174	0.0148636499850165	0.0487913295375087	0.113400259714314	0.230801118769354	0.286220157826391	0.213635001498352	0.0774847667565678	0.00873039656377984	6.99230846069324e-05	
6.05702690834204e-05	0.000610750213257822	0.00128711821802268	0.00701605616882953	0.021810344392455	0.0646638097689749	0.141759667267322	0.251538232458598	0.278073057839559	0.174967317292307	0.0538974444393969	0.00430553662734647	1.00950448472367e-05	
0.000111016354727531	0.000681236722191665	0.00275522407641962	0.00950199072508818	0.0336228168886153	0.0835852227139462	0.16954720465865	0.26853342349207	0.257517573384334	0.137241445432939	0.0351417224692056	0.00176112308181401	
0.000265060964021725	0.000770177140742371	0.00462606399471879	0.01446332656511	0.0449403362773438	0.106679536293347	0.194894825809936	0.277268771817518	0.231623273352871	0.102468567770587	0.021249887474119	0.000750172539684127	
4.46448502165275e-05	0.000386922035209905	0.0014931222127972	0.00702908363964661	0.0214940151098015	0.0585641224062582	0.127689232158182	0.221691444558537	0.275443844219236	0.198317385200728	0.0747652424959448	0.0127039401560586	0.00037700095738401	
2.46575072246496e-05	0.000724930712404699	0.00229314817189241	0.010346290031463	0.0314974997287674	0.0736864945901429	0.152422846659894	0.236860014399984	0.266089023464084	0.165476530984624	0.0527325449506357	0.00772273126276026	0.000123287536123248	
0.000144070743703115	0.00114263003626608	0.00407869243380198	0.0146902479010383	0.0408266679914551	0.0949475880570321	0.17627800685578	0.24863132793482	0.245576034576978	0.132758706344081	0.0367082319042178	0.00412837200059616	8.94232202295196e-05	
0.000498950228479684	0.00201062121773496	0.00620476719772755	0.0201901938989749	0.0525527973323453	0.118705693466716	0.202415709522045	0.254686921081882	0.21587254538718	0.101039891317772	0.023638384586884	0.00217364455971347	9.88020254415216e-06	
0.000948441526841888	0.00373914382048137	0.00876935987645432	0.0285724217039174	0.0654871563140881	0.141710074832533	0.224591946688648	0.253432514164552	0.180750112968821	0.0772458449819498	0.0139485458057532	0.000804437315960136	
4.4868982570893e-05	0.0011915207593826	0.00483587923264069	0.0136002871614885	0.0376500618194871	0.088521517169864	0.170332628724126	0.239326167590635	0.231833047501296	0.149294061340885	0.0541718182905915	0.00891397120408407	0.000284170222948989	
4.94829036567866e-06	0.000272155970112326	0.00224157553565243	0.00711069325548023	0.0183136226433767	0.0505715275372359	0.110277599089515	0.192443960611609	0.246390222178237	0.213162452372705	0.118486812806175	0.0357316047305656	0.00485922113909644	0.000133603839873324	
6.90069894222143e-05	0.000833012943739587	0.00325811571486312	0.00852729226431649	0.0270704561362001	0.0643145141415038	0.130378848371928	0.218288823825156	0.245517010222893	0.185352773588068	0.0919025226983704	0.0217470598093435	0.00268141444612033	5.91488480761837e-05	
0.000118675580521381	0.000163178923216899	0.00132026583330037	0.00484097472210135	0.0136476917599589	0.0348609517781558	0.0811938763400451	0.152478341706555	0.234705684560307	0.233815617706397	0.159045057162071	0.0679664939277661	0.0144932552711737	0.0013400450967206	9.88963171011512e-06	
0.000410178353455135	0.000429945984946949	0.0020805432145134	0.00564365879091282	0.0190065776793789	0.0482280789321526	0.100063750611561	0.177814787176737	0.240394166571947	0.217710809435091	0.131331201723737	0.0478179005786974	0.00836170812103721	0.000706692825832341	
0.000429100838697094	0.000648527403939926	0.00296469670372538	0.00896235615369612	0.0280232104544568	0.0619660620245758	0.122045055588063	0.19924907353228	0.241242441973864	0.193943826799298	0.101657889604057	0.0335966452116247	0.00510532475131656	0.000165788960405695	
0.00050738389934284	0.0011708859215604	0.00468842237758144	0.0149092807345358	0.0395076424699839	0.0804349841198597	0.142935898874486	0.215955272157796	0.233025813155879	0.167436686783137	0.0742975904143473	0.0224273440892215	0.00259546379279222	0.00010733120947637	
9.71571808872394e-05	0.00104443969453782	0.00201601150341022	0.00623263315391641	0.0220692536385364	0.0488069098187047	0.0991003245049842	0.165346948292948	0.23237082952801	0.216762528418475	0.136641859199813	0.0553844509647708	0.0127275906962284	0.00128733264675592	0.000111730758020325	
6.86661598450107e-05	0.000245236285160752	0.00126051450572627	0.00304583466169654	0.00874022120312921	0.0300757780121147	0.061603354832381	0.122240478701229	0.184510876229247	0.236162542609805	0.197900777399024	0.106717021850553	0.0395320891679133	0.00719523260661648	0.000701375775559752	
5.89787823830377e-05	0.000117957564766075	0.000481660056128141	0.00182342735534225	0.00565213331170778	0.0127836510815234	0.0379036974781656	0.0797688031730585	0.140870821721886	0.202891926296182	0.228100440866398	0.174277387043345	0.0848999572403828	0.026048962219175	0.00391717412994009	0.000403021679617424	
9.8046905639658e-05	5.39257981018119e-05	0.000892226841320888	0.00323554788610871	0.00853988548121421	0.01891324809789	0.0484155620048631	0.0981057337830418	0.158492822966507	0.217551376578555	0.21852694328967	0.143628912071535	0.065068828927759	0.0163199074437211	0.0019217193505373	0.000235312573535179	
0.00029074275081408	0.000397348426112576	0.00176868506745232	0.00422061559931772	0.0117120871452938	0.0262104589858893	0.0628052798883548	0.116762288726934	0.17586059854241	0.223736238176461	0.203975422546131	0.112527135990076	0.0484668165607071	0.0103455962164677	0.000760776864630175	0.000159908512947744	
0.000371479871029809	0.000652471055526716	0.00165260916983774	0.00709145548671007	0.0145782036566954	0.0368431831062385	0.0792871396526187	0.133627977196851	0.195617490034338	0.227864800377195	0.175024170004429	0.0903791475965729	0.0308328292954741	0.00577222568830934	0.000395292683275309	9.52512489820023e-06	
0.000197643338478335	0.000663516922034409	0.000837631291646275	0.00232936791778037	0.00772220758197493	0.0167479200391522	0.050907277039491	0.101094567631668	0.156415879230509	0.214565372887099	0.212297180288371	0.146533712306592	0.0672975567518729	0.0194866920152091	0.00269641983209728	0.000207054926024922	
0.000457843040077786	0.000977046487588678	0.00135464899486933	0.00347866309832297	0.0109504727111388	0.0231470336963037	0.0650939522238428	0.12173432831594	0.175896687954008	0.213529497835866	0.197377550586936	0.125222431476945	0.0470634325011918	0.0123240018313722	0.00108560720843186	0.000306802037165527	
2.37735239019009e-05	0.000722715126617788	0.000984223889538699	0.00211584362726918	0.00515409998193212	0.0147253207048374	0.0318898049620099	0.0826652973116899	0.143230726804173	0.18697401078367	0.215687672952386	0.178510636274594	0.0969912228149754	0.0329596135375955	0.00667560551165378	0.000537281640182961	0.000152150552972166	
1.90294051883673e-05	0.00115603636519331	0.00112749225741076	0.00187915376235127	0.00615125522713974	0.0212748750005947	0.0431444189133258	0.106084176573851	0.163381715596025	0.190265507775891	0.208115089842579	0.158381739382781	0.0718264898834925	0.0226640215793455	0.00420549854662918	0.000299713131716785	2.37867564854592e-05	
