# <P(U)> as a function of N_tot.
# number_of_species: 1
# species_total_upper_bound: 103
# species_total_lower_bound: 0
# volume: 729
# Bin widths for each
10	10	10	10	10	10	10	10	10	10	10	10	10	10	10	10	10	10	10	10	10	10	10	10	10	10	10	10	10	10	10	10	10	10	10	10	10	10	10	10	10	10	10	10	10	10	10	10	10	10	10	10	10	10	10	10	10	10	10	10	10	10	10	10	10	10	10	10	10	10	10	10	10	10	10	10	10	10	10	10	10	10	10	10	10	10	10	10	10	10	10	10	10	10	10	10	10	10	10	10	10	10	10	10	
# Bin lower bound for each
0	0	0	0	-10	-10	-10	-10	-10	-10	-10	-10	-10	-20	-20	-20	-20	-30	-30	-30	-30	-30	-30	-30	-30	-40	-40	-40	-40	-40	-40	-50	-50	-50	-60	-60	-60	-60	-70	-70	-70	-80	-90	-90	-90	-90	-90	-90	-90	-90	-90	-90	-100	-110	-110	-110	-120	-120	-120	-120	-120	-130	-130	-130	-130	-130	-140	-140	-150	-150	-160	-160	-160	-170	-180	-180	-180	-180	-190	-190	-200	-200	-200	-200	-200	-210	-210	-220	-220	-220	-220	-250	-250	-250	-250	-250	-260	-260	-260	-260	-270	-270	-270	-270	
# Bin upper bound for each
0	0	0	0	0	0	0	0	0	0	0	0	0	0	0	0	0	0	0	0	0	0	0	0	0	0	0	0	0	0	0	0	0	0	0	0	0	0	-10	0	-10	-10	-10	-10	-10	-10	-10	-10	-10	-10	-10	-20	-20	-10	-20	-20	-20	-20	-20	-20	-30	-30	-30	-30	-30	-30	-30	-30	-40	-40	-40	-40	-40	-50	-50	-50	-50	-50	-50	-60	-60	-60	-60	-70	-70	-70	-70	-80	-80	-80	-80	-80	-90	-90	-90	-90	-90	-100	-100	-100	-100	-100	-110	-110	
# Normalized histogram for each
1	
1	
1	
1	
1.89699596461533e-06	0.999998103004035	
2.32213181178411e-05	0.999976778681882	
0.00011354179923066	0.999886458200769	
0.000488312209414016	0.999511687790586	
0.00141199881852194	0.998588001181478	
0.00360463413697989	0.99639536586302	
0.00774585431811794	0.992254145681882	
0.0163038934387292	0.983696106561271	
0.0315447282698285	0.968455271730171	
4.74351123239742e-06	0.0562902990926137	0.943704957396154	
2.70794782687187e-05	0.0941757743186779	0.905797146203053	
7.7706411827774e-05	0.146688729566908	0.853233564021264	
0.000221291378268519	0.215294095764798	0.784484612856934	
4.76553791724072e-07	0.000485131759975105	0.300191717590411	0.699322674095823	
1.9050540130439e-06	0.00104254080863828	0.395632568422396	0.603322985714952	
2.86052099622411e-06	0.00209533162973416	0.495213871619818	0.502687936229452	
1.14264493736877e-05	0.004162560286423	0.594667656958946	0.401158356305258	
2.23946877894633e-05	0.00790103644521021	0.684394523879408	0.307682044987592	
6.48302543729437e-05	0.0145963410948495	0.760047021002142	0.225291807648635	
0.0001102450590169	0.0260555367836696	0.81584350355934	0.157990714597973	
0.000228132998674633	0.0442692561193813	0.849145384196492	0.106357226685452	
4.76969526416957e-07	0.000540406473430412	0.0712439842218481	0.860445394143768	0.067769738191427	
9.5461429525361e-07	0.00122620206225326	0.108097658951633	0.849650157726147	0.0410250266456715	
7.17297681406975e-06	0.00247802439003396	0.159023461372563	0.815039532666215	0.0234518085943739	
3.54757829840886e-05	0.00467752992669936	0.22331861567742	0.759028347068214	0.0129400315446827	
7.95903875908038e-05	0.0088983012246851	0.297357359401902	0.686724083619771	0.00694066536605106	
0.000227675898804534	0.0155217444862889	0.380590701524566	0.600131620635393	0.00352825745494773	
4.80788878391665e-06	0.000477904145121315	0.0261404913181548	0.465172374832625	0.506551469651404	0.00165295216391054	
1.82340338241327e-05	0.000899705616322339	0.0419118864307599	0.54426959498852	0.412124672807058	0.000775906123516385	
2.40205039021309e-05	0.00180442025312807	0.0650979676251648	0.610421535822979	0.322304238898324	0.000347816896502855	
2.40722436919889e-06	6.0662054103812e-05	0.00346736598139408	0.0980943930448548	0.657408160779479	0.240815837225414	0.00015117369038569	
3.37884965615378e-06	0.000150117463294832	0.0064883567254313	0.140710263159292	0.679742975733584	0.172845536853355	5.93712153867021e-05	
4.33141275283419e-06	0.000304642696949338	0.0110744598728297	0.193476988647848	0.676537795907681	0.118576274253505	2.55072084333569e-05	
2.60379874950154e-05	0.000683256079267349	0.0186378950119413	0.257671442065719	0.64594605411176	0.0770329038190495	2.41092476805698e-06	
1.92741917608612e-06	7.08326547211651e-05	0.00125860472198424	0.0302975838836918	0.327663669208611	0.592990747424245	0.0477166346875702	
3.85072102344463e-06	0.000129961834541256	0.00236915610967431	0.0471848100607788	0.398151076300593	0.52390744214412	0.0282527401490133	9.62680255861158e-07	
1.3032485642545e-05	0.000218656148002699	0.00429734146946585	0.0719436649087292	0.462792253490534	0.445074347917167	0.0156607035804582	
9.66812236362388e-07	1.64358080181606e-05	0.000376089959944969	0.00730765028854511	0.105043182668537	0.516735519811433	0.362065865050414	0.0084542896008709	
2.41809080124406e-06	2.41809080124406e-06	3.28860348969192e-05	0.000738001312539687	0.0126427459452244	0.145242623976724	0.555114334587355	0.281883615355263	0.00434095660639334	
1.93716514284414e-06	1.93716514284414e-06	0.000117682782427781	0.00141945775841904	0.0212599031514287	0.195019257842976	0.570212792748029	0.209855521380734	0.00211151000570011	
4.84328814706935e-07	7.26493222060403e-06	0.000194215854697481	0.00259939274853212	0.0336075764525142	0.251573463236779	0.561081854959987	0.149934639826455	0.00100110765999923	
1.06745749093146e-05	9.21895105804446e-06	0.000391562815991678	0.00458570033945148	0.0515843980413125	0.313708289098542	0.527575823446413	0.101668047891966	0.00046628484035688	
1.45700098687534e-05	2.33120157900054e-05	0.000689647133787659	0.00745935938580609	0.0763308247014119	0.372662970417052	0.476223200895181	0.0664169043197165	0.000179211121385666	
5.83648787396688e-06	6.95514804981053e-05	0.00108120937865236	0.0124424193993184	0.107920065407574	0.424586983367469	0.413271006127826	0.0405348946586895	8.80336920990005e-05	
9.23057789247446e-06	0.00012971391038372	0.00192044602152376	0.0197510075904499	0.147811672891639	0.463054854895316	0.343513527168991	0.0237721388123453	3.74081314589754e-05	
6.80457598013842e-06	0.000247394940992175	0.00342124359458531	0.0309044399372229	0.194762031826946	0.485942475086746	0.271716439709756	0.0129816728466798	1.74974810917845e-05	
4.70937111446539e-05	0.000507349774702715	0.00564153529382349	0.0469854441592389	0.245600986152021	0.488191373306022	0.206166071845583	0.00685674724222626	3.39851523724307e-06	
7.69830817496988e-05	0.000973982154542075	0.008970965197313	0.0687234792065285	0.298096520218534	0.470756904481049	0.148857994961019	0.00354317069926462	
4.87584632502587e-07	0.000140424374160745	0.00185623469593735	0.0143925231822114	0.0976817301063032	0.34819637568591	0.434080995608813	0.101977838303283	0.00167339045874888	
1.95489471425793e-06	5.86468414277378e-06	0.000299098891281463	0.00310779387199154	0.0228497868676038	0.132759343663649	0.39244804622935	0.381317364450044	0.0664067959959846	0.000803461727560008	4.88723678564482e-07	
2.00245569444675e-05	3.27230564702274e-05	0.000538221018361054	0.00489869039397583	0.0348837550049182	0.174829034240039	0.422339395727248	0.32091257278438	0.0411836759811789	0.000361907236484157	
2.64309159487084e-05	8.46768233171583e-05	0.000926550442424165	0.00789060733350236	0.0510904710674468	0.220213581379322	0.437580455218686	0.257530119007646	0.0245166323880528	0.00014047542365332	
4.89222429869965e-07	6.11528037337456e-05	0.000148234396250599	0.00165259336810074	0.0125852470084048	0.0729826913104312	0.267875698365019	0.433006858898467	0.197947711906695	0.0136884435877616	5.08791327064763e-05	
7.82027827482706e-06	7.96690849248007e-05	0.000288861528776425	0.00282996320070304	0.0194778693456333	0.101707606638048	0.313958756829913	0.409825104364057	0.144659996295143	0.00714724557579976	1.71068587261842e-05	
7.84250293481164e-06	0.000124499734090135	0.000489666276992302	0.00478980866743621	0.0299519891773459	0.135598836368627	0.352292094021807	0.372668387115748	0.100599216239863	0.00347667958228869	9.80312866851456e-07	
1.56581359184916e-05	0.00015902794292218	0.000813244434266656	0.00784717267890154	0.0433965236980994	0.174438973883208	0.380483405801144	0.324512909643748	0.06666793889021	0.00166367694133973	1.46795024235858e-06	
2.10253526636188e-05	0.000292888052221108	0.00148693249883872	0.0122215974378407	0.0621401853164805	0.214971517981566	0.396517614844877	0.269075128963646	0.0425401559787791	0.000732953573087549	
4.39300613898202e-06	4.10013906304989e-05	0.000451503408728708	0.00278418966852816	0.0190431935006939	0.0860536210329324	0.257379884229645	0.39595531043666	0.212568292941269	0.0253969447130415	0.000321665671732128	
4.39550993775958e-06	7.37468889557441e-05	0.000832704938208898	0.00478964066217869	0.0286465150443653	0.115775289810622	0.298263675896586	0.376583848747573	0.16011084499283	0.014785030260644	0.000134307248098209	
1.31338352404149e-05	0.000143499310960088	0.00134937996136707	0.00797029223756287	0.0423921286493213	0.149452829830734	0.331740247762505	0.343072315383272	0.115794215177946	0.00803012415365809	4.18336974324325e-05	
3.20518890946361e-05	0.000293808983367498	0.0023189056125286	0.0128348390436688	0.0591808994051461	0.187481697642875	0.353552733370533	0.299607461485527	0.0806148717851591	0.00407058991501879	1.21408670813016e-05	
5.34391493264724e-05	0.000651957621782963	0.00374316950509518	0.0197486805388221	0.0809899456669595	0.227023594841859	0.361022261777989	0.251749889235218	0.0529951185766143	0.0020165991714017	5.34391493264724e-06	
9.21879897486955e-06	9.84955890472905e-05	0.0010198902865882	0.00586606734769331	0.029695692297839	0.107418416055072	0.263772643068482	0.35674811232961	0.201473455196152	0.0330411459258246	0.000850555505418228	6.30759929859496e-06	
1.01668082757819e-05	0.000169446804596366	0.00185471630973908	0.00950983880767546	0.0423825188993704	0.138677685550303	0.296703775516873	0.337261110263877	0.153371144177445	0.0196737422810929	0.000384402179570041	1.45240118225456e-06	
2.43090634884673e-06	1.94472507907738e-05	0.000395751553592248	0.0029516064887697	0.0149680627523889	0.0593384239753487	0.173234651500404	0.320440616361167	0.305282456732298	0.112328779111319	0.0108423284971262	0.000195444870447277	
5.82983017218889e-06	7.62736114194713e-05	0.00081326130902035	0.00483778740455475	0.0226085672269295	0.0811594949229466	0.208138540084212	0.332381451617996	0.265555079992557	0.0784899185232651	0.00584926293942952	8.45325374967389e-05	
2.89899607765831e-06	1.78771424788929e-05	0.000180220922827758	0.00152197294077061	0.00784323388810455	0.0328804135128005	0.106579174965043	0.242719412933968	0.333205777505916	0.220203876730821	0.0519311662371321	0.00288111893517941	3.28552888801275e-05	
1.50198310220559e-05	5.18426425599994e-05	0.000377918328942052	0.00251800199424595	0.0119470643013501	0.0460653372339673	0.136699842727834	0.27134875175514	0.320425807364368	0.175920013101169	0.0332311338809596	0.00138473151809793	1.45353203439251e-05	
2.61981912574695e-05	8.53866974317525e-05	0.000678727214244442	0.00432561246762219	0.0177633439759442	0.0629891845133759	0.168182684839155	0.2948567613893	0.297878286114328	0.132431856806508	0.0202245184990765	0.000554043229926485	3.39606182967197e-06	
4.85029092044941e-07	4.26825600999548e-05	0.00016005960037483	0.00126204569750094	0.00679816775410189	0.0254776081469367	0.0842238467463278	0.199823740427951	0.308557077253494	0.264258400218845	0.0970383153581552	0.0121155416901906	0.000242029516930425	
1.06474728223256e-05	2.90385622427062e-06	9.48593033261737e-05	0.000386212877827993	0.00233857221261261	0.0101673685932462	0.0363136900365789	0.109968067261054	0.229711482525077	0.31117916889699	0.225247287556299	0.0680455789272962	0.00644075310543224	9.34073752140384e-05	
9.19644823488697e-06	1.16165661914362e-05	0.000160211808723557	0.000701350183807959	0.0038905816269485	0.0150313526281271	0.0509057291452385	0.13849560627585	0.257822426265056	0.300975549548285	0.183515608550761	0.045231036560722	0.00321440066988865	3.53337221656184e-05	
3.24571988856039e-05	3.87548643410196e-05	0.000216542804505447	0.00127987939486217	0.0060607763471312	0.0219216890144977	0.0680322266074428	0.168938266892155	0.280140505760668	0.279575169177094	0.143979649820735	0.0282363097230626	0.00153227044888306	1.55019457364078e-05	
4.74728690131505e-05	4.3597532767179e-05	0.000384142705381922	0.00219828448552731	0.00938170463446618	0.0316082112562048	0.0895609583125236	0.199353109497141	0.291327433456844	0.251007950736726	0.107488748203418	0.0168562594188836	0.000732922967519354	9.20392358418223e-06	
9.66567400194667e-07	4.39788167088573e-05	8.21582290165467e-05	0.000737974210048628	0.00367295612073973	0.0141403977811479	0.044900922008643	0.115496105216661	0.227514984211122	0.291564089701321	0.215138571935329	0.0765946670610262	0.00978504507587071	0.000325733213865603	1.449851100292e-06	
7.26114113189572e-06	5.90572812060852e-05	0.000175719615391877	0.00125133665506336	0.0059144414899668	0.0204870676656061	0.0608202862729095	0.143629728273577	0.250803687304282	0.281714365102762	0.177452607742022	0.0523266874528933	0.00523528275609682	0.000122471247091308	
5.80722903227367e-06	7.25903629034209e-06	9.96907650540314e-05	0.000359564264248278	0.00211237956048955	0.0087621407381956	0.0297639845334133	0.0799297325287095	0.1726765034674	0.266895406965771	0.261530011275703	0.140947739778067	0.0342853962707911	0.00258566872661985	3.87148602151578e-05	
8.21725255677396e-06	3.38357458220104e-06	0.000191897015590545	0.000616293941758047	0.00348943212984419	0.0131703223773188	0.0413487314978891	0.102383583282821	0.198733769717781	0.27468245152546	0.235218371069857	0.10766292636665	0.02122081304397	0.00124998912422456	1.9818079695749e-05	
4.84306765717086e-06	2.37310315201372e-05	0.0002692745617387	0.00114296396709232	0.00568576142951859	0.0195335447816672	0.0557364441325509	0.126524173930057	0.223990910530621	0.273739870118612	0.202279438223524	0.0780934973583488	0.0123968002820603	0.000574872130906182	3.87445412573669e-06	
1.06394039999323e-05	5.36806292723857e-05	0.000533421027814787	0.00195329785253302	0.00858841707430898	0.0278752384798226	0.0725031857760841	0.153378131672297	0.242703182390819	0.262978984759054	0.16785932773475	0.0541207137105647	0.00715306475286357	0.000288714735816345	
1.79549418308412e-05	0.000169844044345795	0.000819618831142992	0.00329303338551589	0.0130755650711355	0.0378436794237337	0.0930143629829273	0.179141307333284	0.257540832934604	0.242129669619365	0.133398424041376	0.0357798316505832	0.00365116168473646	0.000124714055419626	
4.84400839757296e-06	2.66420461866513e-05	0.000357972220580642	0.00131708588330009	0.00545919746406472	0.0188480366749564	0.0505825888899761	0.116267827161905	0.204149280713193	0.261757619383009	0.216099933830845	0.100814471571968	0.0225168886352781	0.0017491714323636	4.84400839757296e-05	
1.11432272917985e-05	4.55418854534373e-05	0.0005789633310304	0.00230277214425731	0.00825228654179146	0.0265363845750603	0.0668617861915065	0.141375578115477	0.224771006679154	0.257154194165406	0.184637946855527	0.07327059534872	0.0134237129814722	0.000764522289846001	1.35656680074069e-05	
1.93671587216126e-06	1.98513376896529e-05	0.000179146218174916	0.00111506416339684	0.00376449147651345	0.0122473069965798	0.0362853402228773	0.0860942832020885	0.166437972800762	0.240133400989274	0.242220212341528	0.152511048964051	0.0508997981942061	0.00771103424501005	0.000379112131975566	
5.32820275845901e-06	3.77818013781639e-05	0.000360380259299409	0.00171810319856855	0.00583535078465051	0.0175733814615357	0.0484028470040485	0.107325019399502	0.189759097421828	0.249488250344153	0.222075131533951	0.119873905659811	0.0333598774707118	0.00404410589367039	0.000141439564133639	
2.57202145357065e-05	0.000103366145209537	0.000582344480053731	0.00255406583210232	0.0084653475917144	0.0250194600113751	0.0632751247673048	0.130155932440276	0.211715218020068	0.249820443785317	0.194869448073313	0.0907404315949056	0.0206378030860375	0.00197851537098255	5.67785868052388e-05	
5.04402610283508e-05	0.000222131149528699	0.00103305534606142	0.00398235560869028	0.0121400978250062	0.0340782163547696	0.0800831294301948	0.154357383799461	0.22927232648429	0.2408731015183	0.164585116727979	0.0659171761213864	0.0123709590197129	0.0010214152858241	1.30950677669757e-05	
2.90135817411727e-06	0	2.41779847843106e-06	9.13927824846941e-05	0.000392166913201518	0.00167360010676998	0.00600629498011844	0.0175507991549311	0.045209446628791	0.100761268028919	0.177257026968608	0.240376557606225	0.222790458593509	0.134511316989338	0.0455029673640726	0.00741828929152218	0.000448743397596805	4.35203726117591e-06	
8.7007128784085e-06	0	1.30510693176128e-05	0.000216067703147145	0.000689773182082719	0.00274604165901326	0.00876935183556039	0.0249898975056023	0.0602326183925336	0.122855515961941	0.198885728704038	0.242493701650622	0.198781320149498	0.104816037927374	0.0303563038598296	0.00399604407587795	0.000149845610683702	
1.30547545416041e-05	4.83509427466817e-07	2.56259996557413e-05	0.000293973731899825	0.00113769768282942	0.00416495020819916	0.0134942646111714	0.0339467133930177	0.0771497312654602	0.146207448752836	0.215802345214127	0.235526628798208	0.172261354251885	0.0784450530216438	0.0194791443043556	0.00197997110547661	7.15593952650889e-05	
8.71418349553011e-06	5.80945566368674e-06	5.32533435837951e-05	0.000512684462320355	0.00193987407036606	0.00633908437169285	0.0190264514198794	0.0453810470381943	0.0959775328984633	0.16913600807127	0.227694352918622	0.221215357489695	0.143201629745962	0.0570367515847711	0.0114276834117771	0.00102440068203009	1.93648522122891e-05	
1.2119167287168e-05	2.61774013402829e-05	0.000119252606105733	0.000718909003474808	0.00313886432737652	0.00953778465500124	0.0265870291945892	0.0587682660089352	0.117320326073467	0.189421615165053	0.231028655528667	0.202150618950112	0.115059374224373	0.039154120904691	0.00651332526681559	0.00044065292256143	2.90860014892033e-06	
5.32341693678975e-06	1.88739327758909e-05	5.27502223736439e-05	0.000258911641925683	0.00129552610361692	0.0050151427014502	0.0142517550337747	0.036032757404147	0.0760106507054495	0.138055559050728	0.20567795650478	0.22826424667359	0.176685659973034	0.0889741388405211	0.0255475618266482	0.00364363691973546	0.000208581154523307	9.67893988507227e-07	
3.85885094995263e-06	2.84590257559007e-05	6.31886843054744e-05	0.000480909299637847	0.00224729832197866	0.00754743010173861	0.0204605924493863	0.0469149451367866	0.0947097082901624	0.161828149931795	0.216118806303047	0.217530181037992	0.148876881431016	0.0654552768822028	0.0156963585953011	0.00194100202782617	9.69536301175599e-05	
2.88507588711275e-06	6.29908235352951e-05	0.000129828414920074	0.000992466105166786	0.00344862737706211	0.0111931327500351	0.0286252421059515	0.0609231858161976	0.114113887408952	0.180685090120154	0.221518530842423	0.200641160031313	0.120726962188195	0.0466055158804194	0.00927503813108631	0.00100929571450828	4.6161214193804e-05	
1.53740974323816e-05	7.83118087961938e-05	0.000232533223664772	0.00142114313140577	0.00564277419822881	0.0161653830096045	0.0391559043980969	0.0769343857543613	0.135428982960215	0.196730794269113	0.219215892204516	0.177590042965798	0.0940808283563697	0.0315611002665004	0.00524833251097927	0.00048428406912002	1.39327757980958e-05	
3.82948454180696e-06	4.64325000694094e-05	0.000129245103285985	0.000407840103702441	0.00236374933343035	0.00815775944518428	0.0220764996979494	0.0506688673437834	0.0948228241108176	0.158366418484156	0.207300050644933	0.210192268845133	0.151022424504106	0.071030236652571	0.0203766872469548	0.00284099884445304	0.000190995541522622	2.87211340635522e-06	
2.38420284416326e-05	0.00010252072229902	0.000317098978273713	0.000767236475251736	0.00387814434631595	0.0120931536661649	0.0304386408708635	0.0638251101382504	0.113550521496688	0.177392797895416	0.210784035568492	0.196597551805152	0.124772487443596	0.0511397204855954	0.0127449947237591	0.00147629840110589	9.53681137665303e-05	4.76840568832651e-07	
3.57388263750633e-05	0.000125324151155222	0.000459839566025814	0.00139667333473747	0.00603843210433069	0.0167629391229597	0.0404134648649215	0.0799720570029516	0.134563829067388	0.191778354470069	0.210733274944033	0.175748299546641	0.0984795273706993	0.0352117978154523	0.00752278469310831	0.000728119022681289	2.95440964700523e-05	
4.23120441946925e-05	0.000261954341025568	0.000805355088379877	0.00240132736210552	0.00881849559289158	0.0240446510920311	0.0536255241463902	0.0984335035323426	0.155818143784884	0.199601601201852	0.201509921936656	0.151974403590343	0.0742985233571992	0.0236947447490278	0.00429158228028639	0.000366545910945032	1.14099894457598e-05	
