# <P(U)> as a function of N_tot.
# number_of_species: 1
# species_total_upper_bound: 103
# species_total_lower_bound: 0
# volume: 729
# Bin widths for each
10	10	10	10	10	10	10	10	10	10	10	10	10	10	10	10	10	10	10	10	10	10	10	10	10	10	10	10	10	10	10	10	10	10	10	10	10	10	10	10	10	10	10	10	10	10	10	10	10	10	10	10	10	10	10	10	10	10	10	10	10	10	10	10	10	10	10	10	10	10	10	10	10	10	10	10	10	10	10	10	10	10	10	10	10	10	10	10	10	10	10	10	10	10	10	10	10	10	10	10	10	10	10	10	
# Bin lower bound for each
0	0	0	0	-10	-10	-10	-10	-10	-10	-10	-10	-10	-20	-20	-20	-20	-30	-30	-30	-30	-30	-30	-30	-30	-30	-30	-40	-40	-40	-40	-50	-50	-50	-60	-60	-60	-60	-70	-70	-70	-70	-70	-70	-80	-80	-80	-80	-90	-90	-90	-90	-90	-100	-110	-110	-110	-120	-120	-120	-120	-130	-130	-130	-130	-130	-140	-140	-150	-150	-160	-160	-160	-160	-180	-180	-180	-180	-190	-190	-200	-200	-200	-200	-200	-210	-210	-220	-220	-220	-220	-250	-250	-250	-250	-250	-260	-260	-260	-260	-270	-270	-270	-270	
# Bin upper bound for each
0	0	0	0	0	0	0	0	0	0	0	0	0	0	0	0	0	0	0	0	0	0	0	0	0	0	0	0	0	0	0	0	0	0	0	0	0	0	-10	0	-10	-10	-10	-10	-10	-10	-10	-10	-10	-10	-10	-20	-20	-10	-20	-20	-20	-20	-20	-20	-30	-30	-30	-30	-30	-30	-30	-30	-40	-40	-40	-40	-40	-50	-50	-50	-50	-50	-60	-60	-60	-60	-60	-70	-70	-70	-70	-80	-80	-80	-80	-80	-90	-90	-90	-90	-90	-100	-100	-100	-100	-110	-110	-110	
# Normalized histogram for each
1	
1	
1	
1	
2.76726218148812e-06	0.999997232737818	
2.83276528328689e-05	0.999971672347167	
0.000119418974915803	0.999880581025084	
0.000493456517772728	0.999506543482227	
0.00150893859573366	0.998491061404266	
0.00363876463145668	0.996361235368543	
0.00775789172609282	0.992242108273907	
0.0163560960515686	0.983643903948431	
0.0314856543854303	0.96851434561457	
6.91028651429946e-06	0.0564376920195865	0.943555397693899	
3.80621256935957e-05	0.09429787834791	0.905664059526396	
9.31294770779862e-05	0.146071499808529	0.853835370714393	
0.000238706004673905	0.213994713671103	0.785766580324223	
6.95004792058041e-07	0.000520558589251473	0.299046661926734	0.700432084479222	
2.78053514179339e-06	0.00109970164857929	0.394781074565611	0.604116443250668	
4.17334111429599e-06	0.00211518838809568	0.495281690091862	0.502598948178928	
1.38805605525574e-05	0.00427313056610478	0.594636273791281	0.401076715082062	
1.87388087669864e-05	0.00798203850478187	0.684643893230432	0.307355329456019	
5.34858536863214e-05	0.0145370382590563	0.760778615105378	0.22463086078188	
0.00010232058919954	0.0260833975447235	0.815833380317277	0.1579809015488	
0.000229565217391304	0.0442866086956522	0.848770782608696	0.106713043478261	
0.000561633930205675	0.0712815762496355	0.860136448510974	0.0680203413091847	
0.00123266950250295	0.10783629591868	0.849806533566217	0.0411245010125997	
2.09397772007706e-06	0.00251486724181255	0.158479911773739	0.815626657732362	0.0233764692743669	
3.00534112019547e-05	0.00473446063911724	0.222747496830414	0.759628623707529	0.0128593654117387	
7.76405118398283e-05	0.00874050302658103	0.297220469676134	0.686987030537202	0.0069743562482426	
0.000211627499282352	0.0152790863838308	0.380141657720807	0.600691735562011	0.00367589283406937	
7.00483193306743e-06	0.000473526638675358	0.026010341933866	0.464147869200174	0.507592537332252	0.00176872006309953	
2.23773250565202e-05	0.00087061780298024	0.0414365123820033	0.542729851841129	0.414134357655388	0.000806282993442744	
1.81863456916547e-05	0.0017402933877245	0.0646104904437748	0.609504883733293	0.323772911298197	0.000353234791318678	
3.50405068258907e-06	5.74664311944608e-05	0.0034697109858997	0.0976999411319485	0.657192414431082	0.241424887169568	0.000152075799624366	
4.92505473846552e-06	0.000142123008167148	0.00646026465837006	0.140356320674535	0.679801787654154	0.173173367555428	6.12113946066429e-05	
6.32014039138523e-06	0.000321624922139382	0.0110988687650937	0.192790264736636	0.676678471284442	0.11907846735191	2.59827993868059e-05	
1.82918506991005e-05	0.000678205541305109	0.0184740656733723	0.256033144833467	0.647392918802475	0.0774005591678052	2.81413087678469e-06	
2.81279907965214e-06	6.61007783718253e-05	0.00124536679251599	0.0300807765575699	0.326805061069384	0.593531546596478	0.0482683354066007	
5.63246609783453e-06	7.88545253696834e-05	0.00238675750895738	0.046888872147948	0.397437368737138	0.524433285903275	0.0287678205946899	1.40811652445863e-06	
1.90758391779585e-05	0.000182986753595972	0.00427864007635988	0.0715668964952031	0.461519440046404	0.446443874995319	0.01598908579394	
2.40638796919257e-05	0.000334063271017322	0.00706557973424984	0.104980798439528	0.516311063864121	0.362730429342079	0.00855400146931218	
4.1772987179233e-05	0.000703060614728447	0.0122713459964486	0.145590896604069	0.55419655677303	0.282848436274246	0.00434793075029949	
0.000120741637753779	0.00138710834431254	0.0208307734922388	0.195556707730661	0.569191705759731	0.210780097516629	0.00213286551867411	
7.10153634637317e-07	0.000187480559544252	0.00246991434126859	0.0332955531599706	0.252536313706107	0.559637281929573	0.150838052304235	0.00103469384566657	
7.81247225684568e-06	0.000344459004051832	0.00437853558758669	0.051303795085955	0.315733253788161	0.525790746481724	0.101932876658819	0.000508520921445591	
7.80949378861262e-06	0.000624049549108227	0.00728980747467949	0.0755568524048271	0.374235912028182	0.475471799917929	0.0666220815566735	0.000191687574811401	
4.97915512273262e-05	0.000968801325308832	0.0122757513011599	0.107221837720799	0.426126053713703	0.412790453679276	0.0404890668423123	7.82438662143697e-05	
2.13351235872592e-06	0.000112364984226232	0.00183979882400799	0.0194732784688777	0.146976955221843	0.465409364127977	0.342189780191333	0.0239600549592784	3.62697100983407e-05	
7.83225865250974e-06	0.000255616441477363	0.00340133632573082	0.0308092574449179	0.194177356513021	0.487667752739866	0.270653666066668	0.0130072455512771	1.99366583882066e-05	
6.75797280734015e-05	0.000529255975648534	0.00556643549657228	0.0464144686063708	0.245603227323267	0.489834941849422	0.205014842642382	0.0069642688193537	4.97955891067169e-06	
0.000103576237468168	0.000956472979102601	0.00887398343494519	0.0684760363874037	0.298733155467932	0.470847575065985	0.148356887998371	0.00365231242879134	
0.000165114164650987	0.00184484700850302	0.0142326980369284	0.0972093561834182	0.349537394427004	0.433533328758742	0.101747493981553	0.00172976743920082	
4.30363585502485e-06	0.000300537237209236	0.00299963419095232	0.0224448955292396	0.13239274980813	0.393527331674043	0.381264838577792	0.0662429976258276	0.000821994448309747	7.17272642504142e-07	
1.21862925713794e-05	2.00715407058014e-05	0.000551250528670045	0.00466233216966187	0.0344793227288693	0.174043196822962	0.423448577429552	0.321376190851678	0.041033397610053	0.000373474025275804	
1.50556089671207e-05	8.17304486786552e-05	0.000973596046540472	0.00760666719719765	0.050310826631795	0.219201063356153	0.437961212449698	0.259025299875469	0.0246919156398383	0.00013263274566273	
4.14968040306275e-05	0.000167418140399428	0.00168992157104038	0.0121499780353123	0.0720770867526461	0.266865231258827	0.434173905951071	0.198937109447105	0.0138413305306297	5.65215089382685e-05	
2.1431755575114e-06	5.92945237578154e-05	0.000264324985426406	0.00284185078926012	0.0189878210476985	0.101052156320368	0.312952924434487	0.411388263399134	0.145210859899185	0.00722035845325591	2.00029718701064e-05	
7.16718975206541e-06	0.000107507846280981	0.000494536092892513	0.0049088082611896	0.029437081749683	0.135184666227557	0.351334924927271	0.373233556495732	0.1017604768188	0.00352984095289221	1.43343795041308e-06	
5.71970717959094e-06	0.000146567496477018	0.000849376516169255	0.00794753312604161	0.042569635647503	0.174128620485274	0.378835510516039	0.326069781857518	0.0677928293461016	0.00165228041150433	2.1448901923466e-06	
7.85932101182328e-06	0.000280792105240595	0.00148684063869129	0.012444877580358	0.0610447752662881	0.214252235619586	0.395032337533545	0.27122159569938	0.0434863376421465	0.000742348593753126	
5.70536903753277e-06	2.49609895392059e-05	0.000430042191204033	0.00282344450244903	0.0190630642966564	0.0848288531922966	0.256116868779365	0.395550382687628	0.214705873962693	0.0261384350743267	0.000312368954804919	
4.2847257382761e-06	4.99884669465545e-05	0.00079053189871194	0.0048760178901582	0.0287262295913157	0.114267922472172	0.296961486742702	0.377415067809355	0.161297786296447	0.0154707163990022	0.000139967707450353	
1.0656610615263e-05	0.000117933157475577	0.00132994500478482	0.00804574101452354	0.0420751404718889	0.148303076847661	0.332200654031716	0.342919783429255	0.116640865828299	0.00831357716132048	4.26264424610519e-05	
2.26417550756447e-05	0.000261087738216028	0.00233846876640643	0.0128866964122724	0.0588254023510632	0.186632449314309	0.353787328824794	0.299689100400618	0.0812732873988727	0.00426797083175902	1.55662066145057e-05	
3.61074472671972e-05	0.000646394104999041	0.0037495106024917	0.0200077737209999	0.0798434777560425	0.225931377442474	0.361137483707399	0.252870365060452	0.0536754903355939	0.00209635590898375	5.66391329681525e-06	
1.34536324099421e-05	7.22247634638996e-05	0.00109965742803369	0.00601094134357886	0.0299916870713425	0.106432394080968	0.262791218035232	0.357220139662866	0.202241375159496	0.0332814542385315	0.000836249467165348	9.20511691206564e-06	
1.48628688026261e-05	0.000140135620139046	0.001976053795092	0.00966652676696508	0.0423938561146904	0.137285488107228	0.295897069679252	0.338028348445096	0.154650980913953	0.0195666129008286	0.000377941520981063	2.12326697180372e-06	
3.55811106999516e-06	2.77532663459623e-05	0.000357945973641513	0.00310765420853377	0.0152842219122712	0.0594503430019072	0.171217727932595	0.320296177165466	0.305978338219806	0.113245424269164	0.0108515271412712	0.000179328797927756	
8.55134512658841e-06	0.000107604426176238	0.000724013887384486	0.00519636738859023	0.0230038310026167	0.0814864803233549	0.204496154745141	0.33312477552719	0.266537588862728	0.0791797549754576	0.00608214422128601	5.27332949472952e-05	
4.25847525293569e-06	2.62605973931034e-05	0.000224989442530102	0.00147059345401379	0.00811736357797091	0.0339805032808003	0.107070843284562	0.239933851684404	0.332543622755872	0.22149039536394	0.0521010252279171	0.0030192589543314	1.70339010117427e-05	
2.20482543828018e-05	7.61020393212836e-05	0.0004345639815449	0.00244451130044161	0.012438771641962	0.0471711734009859	0.136850670018001	0.268803071392959	0.320485602134271	0.17664207930686	0.0332345429290181	0.00138619509006712	1.06685101852267e-05	
3.85036072175725e-05	9.05547799376242e-05	0.000719447031157975	0.004356611853692	0.0184318193810046	0.0643167107081384	0.16791779622465	0.291875881483045	0.298487806478018	0.133238167627593	0.0199705376101809	0.000553311096311782	2.85211905315352e-06	
6.20875991795873e-05	0.00017484438849424	0.00128956657146568	0.00704515838046995	0.0264036436143261	0.0852013136879606	0.19803731821536	0.307049583013975	0.265047678994267	0.0974789580130826	0.0119907567978785	0.000219090723541762	
1.56418527632399e-05	0	0.00012229084887624	0.000417353071455538	0.00242022121845767	0.0104643994986075	0.0375454235849278	0.110741473590509	0.226806154073672	0.310715451235458	0.226017662495743	0.0683293008162914	0.00631290957658216	9.17181366571797e-05	
1.35090361231626e-05	3.55500950609542e-06	0.000204057545649877	0.000715267912626398	0.00398303265062931	0.0154500713134907	0.0524811833346842	0.138601288619846	0.254883516558523	0.300423899333507	0.184347861946183	0.0457565273529541	0.00309570227790789	4.05271083694878e-05	
4.2764252790902e-05	2.0669388848936e-05	0.000272265742768743	0.00123659964320358	0.00618870011639004	0.0227626990230506	0.0696323200818793	0.16871281737312	0.276699683045613	0.279812207911244	0.144690711105378	0.0284417917936824	0.00148178135920476	4.98916282560524e-06	
6.83794776092825e-05	4.4161745955995e-05	0.000449452608036013	0.00219526614574801	0.00975832128382469	0.0330287122577336	0.091366378665603	0.198884559771499	0.287859081293227	0.251188449566574	0.107642831195288	0.016751547441824	0.000760721688403268	2.13685867529008e-06	
1.41963684269927e-06	6.24640210787678e-05	9.86647605675992e-05	0.000802094816125087	0.00367331033048436	0.0147904864456623	0.0472994603250542	0.116606840804054	0.226906235115995	0.288182729975845	0.214375100705489	0.0771679096770255	0.00970108836458546	0.000332195021191629	
1.06585415420209e-05	6.8214665868934e-05	0.000202512289298398	0.00136145103963414	0.00588777834781237	0.0213945351525806	0.0634112164806633	0.14483394702847	0.24876467503528	0.279362505524677	0.176325673868525	0.0530440084074576	0.00522055364728186	0.000112269970909287	
8.51734344058088e-06	1.06466793007261e-05	0.000107886350247358	0.000391797798266721	0.00234297922477979	0.00901844714633506	0.0309718998644323	0.0830128682863815	0.172567056335129	0.264360595930129	0.259696640617791	0.140205409932642	0.0346393259942224	0.00264534491692041	2.05835799814038e-05	
1.20735720870377e-05	4.97147085936845e-06	0.000156246227008723	0.000654103523068335	0.00379678331631196	0.0133817791331743	0.0438299075164378	0.10537955759591	0.198080444080186	0.271869855415423	0.233258571881077	0.106998836675819	0.0212395439314676	0.00132525208908308	1.20735720870377e-05	
7.10561862581599e-06	1.98957321522848e-05	0.000214589682499643	0.00112197718101635	0.00600851110999	0.0198523878786673	0.0587442808652085	0.129831731845322	0.222155745212412	0.271036716863125	0.200404736036926	0.0775684857287203	0.0124206213579264	0.000611793763682757	1.4211237251632e-06	
1.56195309454857e-05	2.76891684942701e-05	0.000511184649124987	0.002015629470647	0.00873912756399925	0.0284183165979526	0.0759925679431847	0.156154840670135	0.240169457711185	0.26038468064804	0.166349424526781	0.0536630284992542	0.00723539272115658	0.000323040299099818	
2.49712830245218e-05	0.000100598597327359	0.000836181248706844	0.00345745250105236	0.0132461954466649	0.0388617375732194	0.0965297051248207	0.180906243534221	0.255406282774809	0.238911680139268	0.132312840233731	0.035606195732051	0.00365650930001926	0.000143406511083682	
7.12528314093881e-06	3.13512458201308e-05	0.00033417577931003	0.00139940560888038	0.00557054635958596	0.0192810161793804	0.0522696520652989	0.120172175341818	0.205058523513078	0.259284778328879	0.211871719252444	0.100105240431992	0.0227788176732673	0.00178488342680517	5.05895103006656e-05	
1.63992752946344e-05	5.0623849822567e-05	0.000550445240324249	0.00237361684590599	0.00823029716199846	0.0273917808258247	0.0688199152799178	0.145366741271486	0.225912851399036	0.253534935090955	0.180723578806717	0.0726716059382489	0.01356505271654	0.000778609070510467	1.35472274173067e-05	
2.85124282110518e-06	2.70868068004993e-05	0.000168223326445206	0.00106280076156696	0.00371873344942644	0.0122674722378051	0.0370027165215978	0.0887484968604253	0.169635404452358	0.241860236353774	0.237221264283836	0.14960756206621	0.0505503967860791	0.00772187837025812	0.000404876480596936	
7.8245758546393e-06	2.48963777193069e-05	0.00034285868744874	0.00174488041558456	0.00575959915409222	0.0177205303355249	0.0496917472775811	0.11031229304886	0.192672355844638	0.24912382533555	0.217333996288306	0.117813927318226	0.0332821890602471	0.00401187343819688	0.00015720284217048	
3.70901890743715e-05	8.05998339500766e-05	0.000592016479456315	0.00260915214680867	0.0081676875978967	0.0249467185168489	0.0645511944467428	0.13319942824047	0.213663740345852	0.248899419966505	0.190632872749267	0.0901612567297295	0.0204281349055769	0.00196221365660762	6.84741952142244e-05	
6.55120406858256e-05	0.000220747093615282	0.000980544348091107	0.00398911360784777	0.0118975562584649	0.0339971886789497	0.0820381650362239	0.156898489092957	0.231008985118798	0.239073374909743	0.161249343099375	0.0651595574234399	0.0123945932627987	0.00100973993144023	1.70900975702154e-05	
4.25834529218636e-06	0	0	9.72322175049219e-05	0.000395316387957967	0.00157416830967823	0.00599929879247522	0.0174521184558104	0.0459603207385674	0.102083892241153	0.179076194572313	0.241014536571379	0.220852691061307	0.132214524080233	0.0452321436936035	0.00756566013578444	0.000471256879001957	6.38751793827954e-06	
1.27653056014161e-05	0	1.34744892459392e-05	0.000199989787755519	0.000648193851094128	0.00251760193805706	0.0088690506584061	0.0248767438825819	0.0612103495424347	0.125152474483572	0.200162828564783	0.242614561525936	0.196088568526997	0.103050057018365	0.0304197232481746	0.00400830595884465	0.000155311218150563	
1.91310533841416e-05	0	2.19652835151256e-05	0.00030184550894979	0.00106425341418447	0.00388714662464448	0.0138097863132193	0.0340837429976802	0.0782488425712703	0.148421546384302	0.21672790965608	0.234682048978331	0.169385638105657	0.0779200718760761	0.0194605326368685	0.00188618015216982	7.93584436675505e-05	
1.27641559808226e-05	2.12735933013709e-06	4.89292645931532e-05	0.000465891693300024	0.00190469572024941	0.00619841596824278	0.0197610408176435	0.0449340837711557	0.0973919283732296	0.172365035005698	0.22738563848081	0.219742745527404	0.140442590017437	0.0569437363095563	0.0113416617087376	0.00103035103556307	2.83647910684946e-05	
1.77745293837855e-05	3.27051340661653e-05	0.00010024834572455	0.000656946606024712	0.00302166999524354	0.00982149395630452	0.027436052575636	0.0573093486203766	0.119747004458563	0.192928296837485	0.230152427254184	0.200184570713121	0.112321517063193	0.0393094382040047	0.0065097436415176	0.000446496178120692	4.26588705210852e-06	
7.80552048984608e-06	2.76741181003634e-05	6.10249783751603e-05	0.000215006609856669	0.00119992137712088	0.00485574333745607	0.0149042865789752	0.0357925690025751	0.0753871360764771	0.140756241400623	0.208597567941734	0.226662380726325	0.175053698433006	0.0870450357244481	0.0255460493777226	0.00367852892903292	0.000207910682138627	1.41918554360838e-06	
5.66268249763937e-06	4.17622834200903e-05	6.15816721618281e-05	0.000457969446996584	0.00196424299136866	0.00752075019217729	0.0211069411746385	0.0462697786882113	0.0948463926588984	0.164588698135137	0.218130776820942	0.217209883079763	0.146119859169086	0.0637695911118536	0.0159093064771178	0.00188142625984068	0.000115377155889402	
4.22397485890164e-06	9.22234510860191e-05	0.00011967928766888	0.00102853787814255	0.00315319723217007	0.0111076458872917	0.0289842114859732	0.0601205381625569	0.115713679272181	0.18274745628714	0.223077968239933	0.200166424609441	0.117696131472625	0.0456175204845181	0.00936384826637512	0.000954618318111771	5.20956899264536e-05	
2.25512671345585e-05	0.000112051608574837	0.000233264669423089	0.00144257636951379	0.00548982409306908	0.0158507218872028	0.0387606951146203	0.0762084836457506	0.137270972502253	0.199139669158817	0.220914327031429	0.176201506847481	0.0914094471486389	0.0310756461114216	0.00535099285477195	0.000497537331156196	1.97323587427387e-05	
5.62416252704871e-06	6.81929706404656e-05	0.000167318835179699	0.00035502525951995	0.0024683043290585	0.0076615154024721	0.0215560089255459	0.0501886203507509	0.0947432358900308	0.159742385235449	0.210344381531938	0.210996081364759	0.149860028655108	0.0683996586133346	0.0203369716978081	0.00288730443732363	0.000218639318239018	7.03020315881088e-07	
3.49748915253739e-05	0.000150392033559108	0.00031617301938938	0.000801624513761571	0.00390879387687579	0.0112178467078484	0.0296314275981273	0.0628239986513682	0.113299762100788	0.178848304801983	0.213633632415289	0.197819385463176	0.124166460897722	0.0489487596854218	0.0127364564978802	0.00154099372060798	0.000121013124677794	
5.24253724822715e-05	0.000177547261473293	0.000406820890462427	0.00157905221916602	0.00573114171976192	0.0155137162249538	0.0387094970309764	0.0787897428011226	0.135142125184799	0.192721960289528	0.215053770957043	0.176298139598282	0.097871879379703	0.0335410543091909	0.00757791284107074	0.000795467651797666	3.77462681872355e-05	
6.21551350267931e-05	0.000337313822673495	0.000561491332152153	0.00258048566206742	0.00790557447756514	0.0221174508572869	0.050699734129664	0.0971945686189199	0.157392864450824	0.200548082583922	0.206375999458063	0.153097874783243	0.0732571595382642	0.0230127641505942	0.00442209342685004	0.000425308732936146	9.07883994773382e-06	
