# <P(U)> as a function of N_tot.
# number_of_species: 1
# species_total_upper_bound: 103
# species_total_lower_bound: 0
# volume: 729
# Bin widths for each
10	10	10	10	10	10	10	10	10	10	10	10	10	10	10	10	10	10	10	10	10	10	10	10	10	10	10	10	10	10	10	10	10	10	10	10	10	10	10	10	10	10	10	10	10	10	10	10	10	10	10	10	10	10	10	10	10	10	10	10	10	10	10	10	10	10	10	10	10	10	10	10	10	10	10	10	10	10	10	10	10	10	10	10	10	10	10	10	10	10	10	10	10	10	10	10	10	10	10	10	10	10	10	10	
# Bin lower bound for each
0	0	0	0	-10	-10	-10	-10	-10	-10	-10	-10	-10	-20	-20	-20	-20	-30	-30	-30	-30	-30	-30	-30	-30	-30	-30	-40	-40	-40	-40	-50	-50	-50	-60	-60	-60	-60	-70	-70	-70	-70	-70	-70	-80	-80	-80	-80	-90	-90	-90	-90	-90	-100	-110	-110	-110	-120	-120	-120	-120	-130	-130	-130	-130	-130	-140	-140	-150	-150	-160	-160	-160	-160	-180	-180	-180	-180	-190	-190	-200	-200	-200	-200	-200	-210	-210	-220	-220	-220	-220	-250	-250	-250	-250	-250	-260	-260	-260	-260	-270	-270	-270	-270	
# Bin upper bound for each
0	0	0	0	0	0	0	0	0	0	0	0	0	0	0	0	0	0	0	0	0	0	0	0	0	0	0	0	0	0	0	0	0	0	0	0	0	0	-10	0	-10	-10	-10	-10	-10	-10	-10	-10	-10	-10	-10	-20	-20	-10	-20	-20	-20	-20	-20	-20	-30	-30	-30	-30	-30	-30	-30	-30	-40	-40	-40	-40	-40	-50	-50	-50	-50	-50	-60	-60	-60	-60	-60	-70	-70	-70	-70	-80	-80	-80	-80	-80	-90	-90	-90	-90	-90	-100	-100	-100	-100	-110	-110	-110	
# Normalized histogram for each
1	
1	
1	
1	
2.66415170745483e-06	0.999997335848293	
2.72760173289195e-05	0.999972723982671	
0.000115621378525788	0.999884378621474	
0.000486922602588007	0.999513077397412	
0.00150100122168332	0.998498998778317	
0.00366295246082778	0.996337047539172	
0.00779304094647503	0.992206959053525	
0.0164099220800345	0.983590077919966	
0.0315017573487009	0.968498242651299	
6.6610669297344e-06	0.0563579550790968	0.943635383853973	
3.67062114918472e-05	0.0941827996027721	0.905780494185736	
9.18194253712487e-05	0.146047843952551	0.853860336622077	
0.000235666476208764	0.213902576418716	0.785861757105076	
6.70624693608343e-07	0.000519734137546466	0.298813597854537	0.700665997383222	
2.68257613151061e-06	0.00110656265424813	0.394753819988411	0.604136934781209	
4.02624035044396e-06	0.00210907890357423	0.495418138481195	0.502468756374881	
1.33878217679288e-05	0.00427406209941127	0.594574585228547	0.401137964850274	
1.80664604859744e-05	0.00802017019944034	0.684413060846501	0.307548702493573	
5.15577124981252e-05	0.0146531036403763	0.760454832765529	0.224840505881597	
9.86914984323493e-05	0.0262143418216974	0.815567073293543	0.158119893386327	
0.000222058976449002	0.044343366239656	0.848690623542948	0.106743951240947	
0.000546288193195424	0.071402685536651	0.860012643820098	0.0680383824500556	
0.00121673289758359	0.107859476751135	0.849707970674857	0.0412158196764243	
2.01955739380157e-06	0.00248674833756767	0.158266654280048	0.815749047105503	0.0234955307194875	
2.9007446143966e-05	0.00467019882917852	0.222613260585357	0.759814298377337	0.0128732347619838	
7.49582664786632e-05	0.00866139392662464	0.297062986553432	0.687253853260077	0.00694680799338747	
0.00020440737377676	0.0152151944163731	0.380091801173015	0.600830177274487	0.00365841976234776	
6.76955029200455e-06	0.00046032941985631	0.0259084228775598	0.464187386567723	0.507682424148881	0.00175466743568758	
2.16404400312975e-05	0.000846682216224514	0.0413880178236074	0.542571817519695	0.414361678026771	0.0008101639736717	
1.76024632616281e-05	0.00170540788292466	0.0645617731367454	0.609454147614257	0.323906988584126	0.000354080318685827	
3.39252612923625e-06	5.56374285194745e-05	0.00344341402117479	0.0975900851388357	0.657330434759009	0.241423015440065	0.000154020686267326	
4.76845408762103e-06	0.00013828516854101	0.00643468818738117	0.140379201093202	0.679984277725665	0.17299747067571	6.13086954122703e-05	
6.11914380939819e-06	0.000314795953750151	0.0110708909609367	0.192938644024928	0.676735831122509	0.118908562313961	2.51564801053037e-05	
1.7710290973269e-05	0.000668904066759623	0.0185181527076651	0.256394607080166	0.647067277989582	0.0773306232047044	2.7246601497337e-06	
2.72230513909958e-06	6.39741707688402e-05	0.00122367616002526	0.030076707753057	0.327219035990916	0.59317327540268	0.0482406082174142	
5.44999965937502e-06	7.97062450183597e-05	0.00237347485165782	0.0468938408191349	0.397731437641785	0.524255223484049	0.028659504458781	1.36249991484376e-06	
1.84534378754762e-05	0.000179066693458325	0.00423130495878049	0.0714852010262845	0.461784297081213	0.446372942612542	0.0159287341898462	
2.32784077021404e-05	0.000332744298330596	0.00706431207854956	0.104864434084792	0.51614939534336	0.363037038000631	0.00852879778663422	
4.04087170506294e-05	0.000695166911972692	0.0122904140249753	0.145391248841674	0.554147338401089	0.283113745059349	0.00432167804388935	
0.00012302134935864	0.00138622380813618	0.020780986260096	0.195389517206494	0.56932562307908	0.210875774553412	0.00211885374342283	
6.87090193642629e-07	0.000197881975769077	0.00248108268924353	0.0331074409806701	0.252330438164287	0.55990636334841	0.15094890591193	0.00102719983949573	
7.56104166408904e-06	0.000373927878660403	0.0043902157371397	0.0512996055885721	0.31519714385088	0.526145394706996	0.102076811934898	0.000509339261189998	
8.24637417235609e-06	0.000646653174682257	0.00726299405230263	0.0753917886729179	0.373618474626937	0.476197871748266	0.0666836175469098	0.000190353803811886	
5.23330197942761e-05	0.000972981012754108	0.0122590098868092	0.106900521815295	0.426089938426071	0.413180897346027	0.0404644417788269	7.98767144228425e-05	
2.06472784134081e-06	0.000115624759115085	0.00181764874299369	0.0194187653478103	0.146796643578421	0.465425444054134	0.3424564480074	0.0239322604089813	3.51003733027937e-05	
7.57832021709821e-06	0.000250773505365795	0.00337855294042269	0.0306632614747825	0.193916124529714	0.487923257795852	0.27086707695233	0.0129740842116721	1.92902696435227e-05	
6.53971811749739e-05	0.000527996189065316	0.00548510252212834	0.0462922551839313	0.24525526240791	0.490242052177313	0.205160594825224	0.0069665207735867	4.8187396655244e-06	
0.000100215013038319	0.000955843882979275	0.0088092452150787	0.0683321249936934	0.298367739335913	0.471407965642147	0.148363834406095	0.00366303151105579	
0.000159812597245274	0.00183749895360799	0.0141652074831038	0.0970228504340884	0.349041781654482	0.434383784071734	0.10166502587788	0.0017240389278581	
4.16046930093715e-06	0.000290539439515444	0.00299276425047412	0.0223923391891939	0.132241210141837	0.393099861664396	0.382013597800499	0.0661493816502502	0.000815451982983681	6.93411550156191e-07	
1.17776980281362e-05	1.93985614581067e-05	0.000534846051630657	0.00470276554205816	0.0343215976655217	0.173873463183609	0.423104795185831	0.32216299502704	0.0408977099998199	0.000370651085003111	
1.45467140012122e-05	7.89678760065807e-05	0.000948999913412417	0.00760723872196727	0.0501480647675123	0.219227292406269	0.437841544722487	0.25944064421162	0.0245617802407135	0.00013092042601091	
4.01042433746753e-05	0.000161799878442655	0.00165395431296937	0.0121771694839898	0.0717748409486451	0.266673166319903	0.434208643017609	0.199432179230012	0.0138235178197674	5.46247452861956e-05	
2.07144410725938e-06	5.73099536341761e-05	0.000258240032038336	0.00279161617521655	0.0189661422460668	0.100770922448585	0.313091871998564	0.411380513925283	0.145458876655861	0.00720310164230994	1.93334783344208e-05	
6.93387990797355e-06	0.000104008198619603	0.000495772413420108	0.00484400850371032	0.0293809293340563	0.134778677487217	0.351655879860823	0.37326323643005	0.101977265194558	0.00349190192165548	1.38677598159471e-06	
5.53756615661068e-06	0.000141900132763149	0.00084793981773101	0.00788687859855276	0.04236514988115	0.173765365015595	0.379461028685977	0.325991674269284	0.0678947142546644	0.00163773519081761	2.076587308729e-06	
7.61672105697931e-06	0.000274201958051255	0.00150187890659892	0.0123640155630384	0.0608942999921755	0.214027784413557	0.395591026394708	0.271220357972041	0.0433779188486841	0.000740899230087987	
5.53000233642599e-06	2.41937602218637e-05	0.000432722682825334	0.0028507162044276	0.0189810417694901	0.0847465945554362	0.25565408176385	0.396127892364035	0.214776304492989	0.0260843297706293	0.000316592633760388	
4.15305675359707e-06	4.84523287919658e-05	0.000789772959309042	0.00491583484400773	0.0286477854863126	0.114066472442046	0.296983704097475	0.377611840087934	0.161330334826357	0.0154639068220187	0.000137743048994303	
1.03284018657225e-05	0.000114300980647329	0.00133167528055382	0.00806303905650737	0.0420345299131175	0.147784282375753	0.332346626675095	0.343254796165546	0.116666873234704	0.00835223430874761	4.13136074628901e-05	
2.19488222056234e-05	0.000253097356058595	0.00237390230167696	0.01285583670625	0.0587425931298815	0.186108864786339	0.353946020987189	0.300143970555655	0.0812607129114633	0.00427796262801479	1.50898152663661e-05	
3.77731686881035e-05	0.000627034600222518	0.00373473620592558	0.0198329739159101	0.0795969946293422	0.225595099103059	0.361610098484953	0.253191489361702	0.0536866612639589	0.00208164498715712	5.49427908190597e-06	
1.3051180547971e-05	7.89939875271928e-05	0.00106882299645489	0.00596988474433768	0.0297154773950118	0.10605664074977	0.262743619174794	0.357457410219899	0.202680025580314	0.0333746162781193	0.000832527938112676	8.92975511176962e-06	
1.44171951827345e-05	0.000143485418723405	0.00195250014760462	0.00964853624276909	0.0421030156653124	0.137125376048508	0.295780430236566	0.338445716514005	0.154721219502483	0.0196856502223681	0.000377593207166856	2.05959931181922e-06	
3.45330101043588e-06	2.69357478813998e-05	0.000351546042862372	0.00312800005525282	0.0152725690487537	0.0591716221536166	0.171008847357189	0.320071966793057	0.306696641319437	0.113195753821078	0.010885495445096	0.000187168914765624	
8.30375696564113e-06	0.000104488941817651	0.000706511321826633	0.00516562881237592	0.0229730356251933	0.0811207857568425	0.204373450397854	0.333057464074141	0.267176148288492	0.0791437996192727	0.00611294908620614	5.74343190123511e-05	
4.13635351483193e-06	2.55075133414636e-05	0.00021853734403362	0.00143186770838432	0.00807071509968957	0.0338595004801617	0.106671731401748	0.240014670267133	0.332633829994492	0.22180023756457	0.0522311146162877	0.00302160624258472	1.65454140593277e-05	
2.14156726800954e-05	7.39186121538778e-05	0.000422096000243171	0.00239579202756681	0.0124017469662282	0.0471704369764386	0.136498661865872	0.269190169791743	0.320238225179581	0.176802957849811	0.0333614730666829	0.00141274356873533	1.03624222645623e-05	
3.73880953534906e-05	8.79312612943205e-05	0.000698603485401334	0.00432455636255375	0.0183457844922489	0.0644189959219281	0.16737334782699	0.292219814305793	0.298244144262658	0.133526735950038	0.0201597994890294	0.000560129058166183	2.76948854470301e-06	
6.02812849475553e-05	0.000169757641518978	0.00125759232390589	0.00696629929727265	0.0262632393638176	0.0854068016690294	0.197623531596401	0.307349327967606	0.26489675270954	0.0976487527317123	0.0121248529344514	0.000232810479797455	
1.51819941549322e-05	0	0.000118695590665834	0.000406463388966141	0.00236977126945624	0.0103416983820825	0.0373021596386685	0.110991418722849	0.226595403306224	0.310768519445029	0.226108889402623	0.0684901161767598	0.0063936898111567	9.79928713636536e-05	
1.31112155407928e-05	3.450319879156e-06	0.000198048361063554	0.000707315575226979	0.00389886146344628	0.0154726144660872	0.0523165102636665	0.138519992188476	0.254699853223392	0.300387608935224	0.184776360616393	0.0458278386989258	0.00313910102605613	3.93336466223784e-05	
4.15360300831621e-05	2.00757478735283e-05	0.000264446058196132	0.00122392835311718	0.0061002582848804	0.0228441242785711	0.069356863032864	0.168696509381259	0.276412588463091	0.280087142591114	0.144872134792725	0.0285733273613752	0.00150221975467436	4.84587017636891e-06	
6.63814109922085e-05	4.2871327932468e-05	0.000436319482667537	0.00219611834699223	0.00967509065211439	0.0330420387944029	0.091066998204936	0.198500471584607	0.288001974846977	0.251429274755426	0.107851814563528	0.0169161962345145	0.000772375375815592	2.07441909350652e-06	
1.37697423681203e-06	6.05868664197293e-05	9.5699709458436e-05	0.000781432879390827	0.0036854715448274	0.0147542789474409	0.0470202277515388	0.116549853352244	0.226653401814852	0.288297784448453	0.214535340043788	0.0773356925491924	0.00987015132946862	0.000358701788689534	
1.03392800276817e-05	6.61713921771629e-05	0.000196446320525952	0.00133859212091719	0.00585823606368445	0.0212672097316061	0.0631474974117336	0.145076641636419	0.248557670436138	0.279294971387766	0.17661971714487	0.0531197743555527	0.00531783636090429	0.000128896357678432	
8.25875789657695e-06	1.03234473707212e-05	0.000104610933356641	0.00037990286324254	0.00231107575139212	0.00898208744235215	0.030819619780551	0.0825786319780482	0.172828961812192	0.264165318309735	0.259805382370167	0.14068518784889	0.0346282836305224	0.00266689057076964	2.54645035144456e-05	
1.16964616827355e-05	4.81619010465581e-06	0.000151365974717754	0.000637113148130183	0.00375662828163153	0.0134591872610396	0.0435645035780852	0.104873915583196	0.198437352719187	0.271699860536895	0.23354669055497	0.107283386689839	0.0212228857097447	0.00133202057751624	1.85767332608153e-05	
6.88334045759071e-06	1.9273353281254e-05	0.000209253549910757	0.00110339947535179	0.00596303783841083	0.0200009223676213	0.0584643405105924	0.129450853981634	0.222496408617116	0.270845680325279	0.20070925940075	0.0776344436849826	0.0124719245751086	0.000620877309274682	3.44167022879535e-06	
1.51307572531348e-05	2.68227060396481e-05	0.000502753797820071	0.00198763129370726	0.00871531617780565	0.0284368827338802	0.0756207737043945	0.155970596812087	0.240382340480553	0.260395517994597	0.166758138971879	0.0535903911438302	0.00726482676658469	0.000332876659568966	
2.41852841529035e-05	9.74321447302684e-05	0.000839574864165079	0.00341772615486459	0.0132141482530278	0.0388643696174786	0.0961247573697743	0.180793982148496	0.255498178848103	0.239324442822879	0.132275538105297	0.0356857322716685	0.00369067436173308	0.000149257753629347	
6.89899729973246e-06	3.03555881188228e-05	0.000323562973357452	0.00139635705346585	0.00549643114869685	0.0192688994581528	0.0521357225940782	0.119696913250628	0.204916777395573	0.259393329773451	0.212518092620419	0.100129287209397	0.0228618972518534	0.00177373220576121	5.17424797479934e-05	
1.58680441048836e-05	4.89839622368147e-05	0.000536063924760634	0.0023629587417055	0.00816169398959884	0.0273765155706908	0.0686665461615201	0.144751747899554	0.226089272236304	0.25381971418203	0.181112336093453	0.0726770218302892	0.0136044331175739	0.00076373586191766	1.3108384260556e-05	
2.76024257011706e-06	2.62223044161121e-05	0.000162854311636907	0.00103233072122378	0.00373805850058103	0.0122051025844151	0.0369982914098491	0.0883905577622161	0.169018623356621	0.24168407919688	0.237960511969792	0.150046096050921	0.0505738544303273	0.00776870271359447	0.000391954444956623	
7.57549149444475e-06	2.41038365732333e-05	0.00033194426366567	0.00171274975878946	0.00579456231220529	0.0176391876042921	0.049635308952647	0.10969862628792	0.192254955232289	0.24926259477112	0.218061900029682	0.117975195086123	0.0334251345166251	0.00402396334564006	0.000152198510933845	
3.58819896563264e-05	7.79743236762478e-05	0.00057273175797598	0.00255383160996277	0.00830323041412646	0.0249711046477527	0.0645130572490245	0.132163028439927	0.213671728097323	0.248959594809532	0.19116406004713	0.0903881120208116	0.0205748708765901	0.0019845500432999	6.62436732116796e-05	
6.33698720341867e-05	0.000213528916636933	0.000949170474599013	0.00394821854891259	0.0119252455926943	0.0340978127750907	0.082042631392608	0.15586302188878	0.231200845298989	0.239159274662934	0.161659987573995	0.0654500569640045	0.0124067188595627	0.00100358590819359	1.653127096544e-05	
4.122900928065e-06	0	0	9.41395711908175e-05	0.000382742636155367	0.00152478619322937	0.00593285443548553	0.0174914071873158	0.0460823508231372	0.102042485119763	0.178372498601649	0.241314765619954	0.22101635005078	0.132447505163933	0.0453340443046934	0.00749268528660346	0.000461077753788602	6.1843513920975e-06	
1.23587243324744e-05	0	1.3045320128723e-05	0.000193620014542099	0.0006275485577712	0.00244977380101493	0.00879117257516679	0.0249357861281559	0.0615965686688487	0.125075783011011	0.199817228199039	0.242612744179212	0.196380816238815	0.102900798579571	0.0304718080333081	0.00396715051072428	0.000153797458359681	
1.85298804616823e-05	0	2.1275047937487e-05	0.000292360336173209	0.00103081038716469	0.00380823358081018	0.0136709340295078	0.0340400766999793	0.078733462081688	0.148315222090912	0.216422140873759	0.234822998464079	0.169560759478034	0.0778536359056925	0.0194495115660769	0.00188318488840208	7.68646893225338e-05	
1.23675894949695e-05	2.06126491582825e-06	4.74090930640497e-05	0.000451417016566386	0.00184551918797156	0.00607935732508278	0.0196589705905593	0.0448558729216438	0.0976730380365215	0.172038666581468	0.227321791623981	0.220097058094003	0.140718433273763	0.0568579314382064	0.0113039767984021	0.00100864563214529	2.74835322110433e-05	
1.72338677211036e-05	3.17103166068307e-05	9.71990139470245e-05	0.00063696375097199	0.00293251493142299	0.00970542494581672	0.0272694935724567	0.0574266940202615	0.119820878072454	0.192392695046021	0.230309272096576	0.200508468033243	0.112741205212625	0.0391401816587529	0.00652060619095677	0.000445323141913318	4.13612825306487e-06	
7.5704499187209e-06	2.6840686075465e-05	5.91871539099997e-05	0.000208531484124767	0.00116378461932337	0.00472533719472161	0.0147802711322227	0.0357111887120462	0.0755971364429071	0.140576372763448	0.208225225014418	0.227132079575064	0.175154746878566	0.0873347749305239	0.0253954183637092	0.00369575600577557	0.000204402147805464	1.37644543976744e-06	
5.49039523982733e-06	4.04916648937265e-05	5.97080482331222e-05	0.000444035715021035	0.0019044808488151	0.00736124741779849	0.0210385082596133	0.0462339320151809	0.0950545264877255	0.164106541119629	0.218079185225346	0.217415533700732	0.146441880734889	0.0639919291189975	0.0157965534043882	0.0019140890404848	0.000111866803011482	
4.09729155370662e-06	8.94575322559278e-05	0.000116089927355021	0.000997690493327561	0.00305862814484199	0.0109329396291405	0.0288845396897804	0.0601605318830742	0.11555249927956	0.182393665040952	0.223114597147466	0.200360288503956	0.118229396427981	0.0458049880427375	0.00928992571610413	0.000960131987418583	5.05332624957149e-05	
2.18693511295178e-05	0.000108663338424792	0.00022621110074595	0.00139895505506634	0.00533885534449354	0.0156359026403824	0.0388461183610288	0.0762058042624732	0.137282118046657	0.198581909262695	0.220989109746555	0.176592276701965	0.0918362395650733	0.0311481067634385	0.00527529754277338	0.000493427234859746	1.91356822383281e-05	
5.45602106024129e-06	6.61542553554257e-05	0.000162316626542178	0.000344411329427732	0.0023945112428134	0.00748293288412093	0.0213971505930013	0.0500767252961596	0.0946960655268129	0.159539511822516	0.209987246550772	0.211329427731591	0.150206987798973	0.0689647882040825	0.0202841222967121	0.00284667898818089	0.000214830829247001	6.82002632530162e-07	
3.39314313635006e-05	0.000145905154863053	0.000306740139526046	0.000777708406851435	0.00379217676918483	0.0110005700480469	0.0295060940850729	0.0625872037786042	0.113300442465865	0.17886546866093	0.213198648171774	0.198031976980917	0.124630147398138	0.0494686337848476	0.0126903553299492	0.00154659464154836	0.000117402752517712	
5.08961108585156e-05	0.000172368162107506	0.000394953820262081	0.00153299085905849	0.00556396283905292	0.0152824055537836	0.038474745349792	0.0785937743877198	0.135268968980517	0.192653994666088	0.215097143710259	0.176492104316669	0.0981521318684302	0.033862879091199	0.00756451930319831	0.00080551578118744	3.66451998181312e-05	
6.03239736282566e-05	0.000327376171488179	0.000544949155023801	0.00250446160175739	0.00768554535922249	0.021938270274447	0.0503359503093129	0.0969894270374761	0.157777014125977	0.200487743049695	0.206275455530726	0.153361163696897	0.0736108371679724	0.0232660754917251	0.00438941632827629	0.000437179359440736	8.81136693446444e-06	
