# <P(U)> as a function of N_tot.
# number_of_species: 1
# species_total_upper_bound: 103
# species_total_lower_bound: 0
# volume: 729
# Bin widths for each
10	10	10	10	10	10	10	10	10	10	10	10	10	10	10	10	10	10	10	10	10	10	10	10	10	10	10	10	10	10	10	10	10	10	10	10	10	10	10	10	10	10	10	10	10	10	10	10	10	10	10	10	10	10	10	10	10	10	10	10	10	10	10	10	10	10	10	10	10	10	10	10	10	10	10	10	10	10	10	10	10	10	10	10	10	10	10	10	10	10	10	10	10	10	10	10	10	10	10	10	10	10	10	10	
# Bin lower bound for each
0	0	0	0	-10	-10	-10	-10	-10	-10	-10	-10	-10	-20	-20	-20	-20	-30	-30	-30	-30	-30	-30	-30	-30	-30	-30	-40	-40	-40	-40	-50	-50	-50	-60	-60	-60	-60	-60	-60	-60	-60	-70	-70	-70	-70	-80	-80	-80	-90	-90	-90	-90	-100	-110	-110	-110	-120	-120	-120	-120	-120	-120	-130	-130	-130	-130	-140	-150	-150	-150	-160	-160	-160	-180	-180	-180	-180	-180	-180	-200	-200	-200	-200	-200	-210	-210	-220	-220	-220	-220	-250	-250	-250	-250	-250	-260	-260	-260	-260	-270	-270	-270	-270	
# Bin upper bound for each
0	0	0	0	0	0	0	0	0	0	0	0	0	0	0	0	0	0	0	0	0	0	0	0	0	0	0	0	0	0	0	0	0	0	0	0	0	0	-10	0	-10	-10	-10	-10	-10	-10	-10	-10	-10	-10	-10	-20	-20	-20	-20	-20	-20	-20	-30	-30	-30	-30	-30	-30	-30	-30	-30	-40	-40	-40	-40	-40	-50	-50	-50	-50	-50	-60	-60	-60	-60	-70	-70	-70	-70	-70	-70	-80	-80	-80	-80	-90	-90	-90	-90	-100	-100	-100	-100	-100	-100	-110	-110	-110	
# Normalized histogram for each
1	
1	
1	
1	
1.92496857488801e-06	0.999998075031425	
3.25873388604016e-05	0.99996741266114	
7.27164174534711e-05	0.999927283582547	
0.000395569620253165	0.999604430379747	
0.00128470419351883	0.998715295806481	
0.00331172599141814	0.996688274008582	
0.00715779314782049	0.992842206852179	
0.0154982357390506	0.984501764260949	
0.0310361255833265	0.968963874416674	
5.74614672977213e-06	0.0562566918667124	0.943737561986558	
4.23079363919407e-05	0.0954101658278798	0.904547526235728	
6.93518682622734e-05	0.14796221093756	0.851968437194177	
0.000234390910243651	0.216648286832995	0.783117322256762	
1.91013940197356e-06	0.000517647777934834	0.302027421961255	0.697453020121408	
7.6393172742152e-06	0.000878521486534748	0.398436231753968	0.600677607442223	
1.1443829868396e-05	0.0018729734884608	0.497716955941255	0.500398626740416	
3.79903124703201e-05	0.00410295374679457	0.595511444581632	0.400347611359103	
4.55998951202412e-05	0.00771778224910083	0.68614922185679	0.306087395998989	
8.94046033859616e-05	0.0146262126688225	0.761731025299601	0.223553357428191	
0.000148409732634159	0.0263826840090416	0.816160297732756	0.157308608525568	
0.000312956988329549	0.0444417890518162	0.85003480461052	0.105210449349334	
0.000626316688492854	0.0715291616846021	0.86091024692061	0.0669342747062954	
0.00123200943019564	0.108194383710098	0.849662528281081	0.0409110785786262	
3.79871375552238e-06	0.00242168001914552	0.159101528222544	0.815386310195368	0.0230866828491873	
4.7648271892475e-05	0.00488490083441654	0.223336980014409	0.758425167436027	0.0133053034432547	
0.000126208783748898	0.00862809139810649	0.296728324119455	0.687055759423111	0.00746161627557879	
0.000247528552130664	0.015199020631217	0.379313520815424	0.601260284907282	0.00397964509394572	
1.92268129442595e-05	0.000492206411373044	0.0261946099552592	0.462920129896348	0.508456913673533	0.00191691325054268	
6.14941148210425e-05	0.000720634158059092	0.0414489550804708	0.539658899831852	0.417128032668748	0.000981984146048523	
4.60757831443266e-05	0.00159921363996767	0.0656656702778562	0.606881418212605	0.325344944430686	0.000462677655740947	
9.61335102189921e-06	0.00011728288246717	0.00305127761435081	0.0980234950298975	0.654863394281979	0.243738824479437	0.000196112360846744	
1.35457303857824e-05	0.000270914607715648	0.00607235742151217	0.141324540219209	0.677812867669825	0.174418694656016	8.70796953371726e-05	
1.73478258355388e-05	0.00037008695115816	0.0108732317264749	0.194486475442225	0.675133048186478	0.119100534505789	1.92753620394875e-05	
1.73690853439658e-05	0.000640726259355182	0.0183938613792598	0.257483180935692	0.645931195263257	0.0775317371787202	1.92989837155175e-06	
9.27697570591987e-05	0.00107071761272492	0.0297539668734659	0.327825129007943	0.592781353278831	0.0484760634699755	
0.000112146858244438	0.00207665044404355	0.0468116454844454	0.398776825818527	0.523126422379872	0.0290924418818243	3.86713304291164e-06	
0.00024792315931581	0.00380794477511626	0.0714193019800925	0.461592247752712	0.446813703177871	0.0161188791548919	
0.000398049557169868	0.00642537839098223	0.10387337341146	0.516566861593876	0.364348027996152	0.00838830905035912	
7.87141260370586e-06	0.000732041372144645	0.0114155161285244	0.143615890807764	0.555808315360275	0.28426032335763	0.00416004156105855	
4.33174896333371e-05	0.00134087320183194	0.0198965105793124	0.193894990529222	0.573151426129897	0.209507007588437	0.00216587448166686	
0.000122234927644809	0.00220022869760656	0.0329186546271835	0.250388391624936	0.562998304483262	0.150203067702378	0.00116911793698987	
0.000346272720437214	0.00425420770822863	0.0505815403002086	0.315116090402903	0.526429512725028	0.102550150183426	0.000722225959769046	
3.94961866431796e-06	0.0007366038808953	0.00691183266255643	0.0751533439446421	0.37347001646991	0.476361532294057	0.0670763737761119	0.000286347353163052	
3.3509223906663e-05	0.00109594873482968	0.0123392789209241	0.107239372155412	0.425815506097693	0.412502488552658	0.0408536573346763	0.000120238979900379	
7.67012936951537e-05	0.00198243343704397	0.0195981638890309	0.146955745320238	0.465624053525703	0.341389591437776	0.0243202102008787	5.31008956351064e-05	
1.96837219556171e-06	0.000200773963947295	0.0034859871583398	0.0303739513497128	0.193451619379805	0.4893117389781	0.270084285697414	0.0130640862619431	2.55888385423023e-05	
3.72152786347085e-05	0.000354524496467487	0.00563125926709405	0.0459549930172385	0.244296758549231	0.492211233921531	0.204317755801176	0.00719038357200079	5.87609662653293e-06	
6.25978090766823e-05	0.000657276995305164	0.00816118935837246	0.0673982785602504	0.296081768388106	0.4743720657277	0.149278169014084	0.00398865414710485	
0.000142749870938473	0.00162891291084586	0.0131486319478122	0.09685872064828	0.346850898737544	0.436427420490277	0.103006742487055	0.00193592290724778	
7.85462657141623e-06	0.000308294092928087	0.00296512153070963	0.0211544730134668	0.132040199978793	0.390359231346244	0.385546308914608	0.0666779249647524	0.000940591531927093	
2.15978056629446e-05	1.76709319060456e-05	0.000532091394059818	0.00476526130399697	0.033427512855603	0.174887249637255	0.420263846647726	0.324736752200522	0.0409847814007551	0.00036323582251316	
5.89794201143414e-06	9.82990335239024e-05	0.000806052074896	0.00792290210202653	0.0497334130210832	0.220193767054882	0.434190763036418	0.262281481248476	0.0246769893758405	9.04351108419902e-05	
3.14448104270991e-05	0.000184738261259207	0.00144842658029825	0.0129768802031335	0.0712421486238965	0.269682486026712	0.43022789626357	0.200273962910846	0.0139162939146431	1.57224052135496e-05	
5.88462602220858e-06	4.31539241628629e-05	0.000211846536799509	0.00277950502448985	0.019607573905999	0.100189681112116	0.314325337434264	0.410007395013368	0.145546416949292	0.00726751313742759	1.56923360592229e-05	
1.96017320090403e-05	7.05662352325451e-05	0.000307747192541933	0.00513565378636856	0.0299102828725946	0.135530295456907	0.351876571813885	0.372082037168804	0.101413480895172	0.00365376284648512	
1.55810565514448e-05	8.1800546895085e-05	0.000782948091710099	0.00788206698296211	0.043607482023356	0.17407351142481	0.379139691962512	0.325531119265197	0.0671894111139676	0.00169638753203855	
9.6995280209665e-06	0.000248307917336742	0.00129003722678854	0.01280531689328	0.061207901623507	0.214629216142343	0.39482316790465	0.270969894604929	0.0433665897817412	0.000649868377404756	
1.9368058971866e-06	0.000428034103278238	0.00267666574991188	0.0196643902741355	0.0840941752499448	0.254918518575905	0.397624313886511	0.213964757879895	0.0263424970076349	0.00028471046688643	
2.91806085129562e-05	0.000811220916660182	0.00490039685627578	0.029155318652245	0.113847171426348	0.297163644852541	0.377204108629679	0.160598397011906	0.0161407672554665	0.000149793790366508	
1.55093763873622e-05	0.00013958438748626	0.00151604154186465	0.00836343121688506	0.0406655848876636	0.148696146113835	0.331163959311151	0.343445446737893	0.117295474945572	0.008644538663906	5.42828173557676e-05	
2.51819882923125e-05	0.000292498479395322	0.00281650853669403	0.0131856764850593	0.0561907012602617	0.186658582602733	0.354645689424727	0.300273902549579	0.0814482355174511	0.0044455894716044	1.74336842023702e-05	
4.88103930993819e-05	0.000704822076355074	0.00424259936819827	0.0202387413947277	0.076595221267274	0.226296696903078	0.362089162921283	0.253985856700496	0.0537343855552475	0.00205784617306994	5.85724717192582e-06	
8.58972356707793e-05	0.0012904107449633	0.00660432609714196	0.0298200062470717	0.103693581133844	0.261377479306575	0.360139778228955	0.202865844135561	0.0332578478838045	0.00086287677651101	1.95220990160862e-06	
3.91134544416261e-06	0.000185788908597724	0.00229987112116761	0.0102183899728748	0.04175752396188	0.133582225281764	0.294845042271866	0.341785098947261	0.155065290133827	0.0198618121654577	0.000395045889860424	
1.96842643990394e-06	2.75579701586552e-05	0.000354316759182709	0.00351757804810834	0.0155230109050825	0.059324436045825	0.167963859690563	0.320829888587064	0.308653202629818	0.113086098972481	0.010533049879926	0.00018503208535097	
1.58011894345347e-05	0.000108633177362426	0.00085523937814419	0.00584841523945715	0.0241106399284206	0.0813030450867189	0.201866120472219	0.333089073279991	0.269027101015029	0.0779828201567873	0.00574570750813267	4.74035683036041e-05	
9.7989452415342e-06	0.000344922872502004	0.00181280486968383	0.00870342316353068	0.0355780103829624	0.108262666606566	0.238202559876455	0.32981093915051	0.223306203320275	0.0510407459741033	0.00291224652578396	1.56783123864547e-05	
3.92294550440253e-06	7.06130190792455e-05	0.000600210662173586	0.00274410038032957	0.0132320951863497	0.0494467666102416	0.137022602050524	0.268266705373062	0.316057988980446	0.178652899743243	0.0324878731947095	0.00141029890883271	3.92294550440253e-06	
4.88857949612433e-05	0.000121236771503883	0.000754796674201597	0.00488857949612433	0.0194604572581717	0.0658139680404227	0.166884371406894	0.291947922940344	0.294884981501615	0.135384320565667	0.0192434043285438	0.000567075221550423	
4.88324169116426e-05	0.000232442304499419	0.00139856042034944	0.00796749714330361	0.027250441933373	0.0860739713451378	0.196980203338184	0.305114707347325	0.264745924934809	0.0983289546932836	0.0116533679717944	0.000205096151028899	
4.31064887021812e-05	0	0.000125400694406345	0.000497684005925183	0.00260598318063186	0.011916984740303	0.0396795228503578	0.109737363920653	0.226781277676325	0.309659380363819	0.224966886379133	0.067728131294527	0.00617206542781231	8.62129774043624e-05	
2.15583555286403e-05	7.83940201041464e-06	0.000292017724887946	0.000732984087973769	0.00438222572382179	0.0172035677118549	0.0532844154647883	0.136670174799066	0.254263164805789	0.30287529667237	0.182385647622799	0.0449805288852566	0.00287510068731957	2.54780565338476e-05	
3.14987912338864e-05	5.31542102071833e-05	0.000334674656860043	0.00118907936907921	0.00662655820582885	0.0245198403011284	0.0690000708722803	0.165589145516541	0.277947302522266	0.28235713329501	0.143565584420698	0.0275338808873209	0.00124813960264275	3.9373489042358e-06	
3.73246478223032e-05	8.84004816844024e-05	0.000467540325353062	0.00239663528122158	0.00987138712142494	0.034154017212556	0.0915220009154361	0.195506505293224	0.290362186595737	0.253173086178683	0.105719118273951	0.0160692431150758	0.000632554557830613	
4.30549439796468e-05	0.000172219775918587	0.000726062918929498	0.00375947942658643	0.0148872254024169	0.0486579578257253	0.115851069034689	0.223875923479622	0.290198150594452	0.216466559029307	0.0757669161896375	0.00934879397230784	0.000246587406428886	
2.35121234386481e-05	0.000284104824883664	0.00129316678912564	0.00579377908400686	0.0214744060739652	0.0658672544697526	0.142967425912319	0.245495958853784	0.28295664952241	0.177130541268675	0.0515581680137154	0.00509233406808719	6.26989958363948e-05	
2.34311845635356e-05	5.8577961408839e-06	4.29571716998153e-05	0.000322178787748615	0.00237045483834435	0.00898781187882953	0.0319874721266534	0.0841862935380698	0.170352522171758	0.262640147772671	0.263991346082501	0.139511225490005	0.03298134487189	0.00259500369041157	1.95259871362797e-06	
3.3146607444728e-05	5.84940131377554e-06	0.000103339423210034	0.000499148912108846	0.00402828770475342	0.0142842380082399	0.0440050460835334	0.10668918036239	0.195332957671782	0.270296935108692	0.236906602609223	0.105675284134669	0.0208121698744134	0.00132781409822705	
1.9393111954496e-05	1.74538007590464e-05	0.000178416629981363	0.00106080322391093	0.00616700960152973	0.0209620147116147	0.058912395495368	0.12964101410461	0.220245633156016	0.271204913438845	0.20229730804213	0.0764204969678869	0.0122952329791505	0.000577914736243981	
4.2598674019456e-05	9.68151682260363e-06	0.000460840200755933	0.00203118222938224	0.00905028192576987	0.0303786634859657	0.0745263801970382	0.154482155028193	0.237532142635851	0.262247118780594	0.168870825329946	0.0530198587273065	0.00710816965115559	0.00024010161720057	
6.64303829125425e-05	6.25227133294517e-05	0.000709242029330968	0.00339185719812276	0.0132899842520916	0.0393717248844307	0.0961697022746545	0.179338587846366	0.249276104209732	0.243283692904063	0.135482812115339	0.0356203620846636	0.00382756235663737	0.00010941474832654	
1.95701609841443e-05	6.65385473460905e-05	0.000285724350368506	0.00141883667135046	0.00541506354431272	0.0189810991385215	0.0530625344924087	0.119957258768411	0.203660794313694	0.25480153899746	0.215661217029171	0.102009464129852	0.0226426762586549	0.00197854327549698	3.91403219682885e-05	
4.50074947262957e-05	4.50074947262957e-05	0.000626191230974549	0.0025908662181572	0.00795262863337678	0.0273430314700231	0.0684309604599375	0.144151178217938	0.224454333047634	0.250505845103772	0.184170668420002	0.0748083267778939	0.0140266835738299	0.000845358161815641	3.91369519359093e-06	
7.82356300706468e-06	7.43238485671144e-05	0.00011735344510597	0.0009192686533301	0.00374161900812868	0.0112796219654355	0.0366690398141121	0.0895074284730752	0.168120545458813	0.241973024354752	0.234155329019942	0.152827435670753	0.0520619000305119	0.0081228142920849	0.000422472402381493	
2.13808116933603e-05	6.2198724926139e-05	0.000281837972321567	0.00143640180376302	0.00571839527289691	0.0164301819312704	0.0494091121132017	0.111429015705178	0.192071606282071	0.249308039185197	0.214198802674545	0.12111452340227	0.0344425439278495	0.00395545016327165	0.000120510029544394	
7.96735328410416e-05	0.000143801010493587	0.000549941702293043	0.00236494364554994	0.0078682471822775	0.0243781577924602	0.0635367275553828	0.135452778857365	0.214092499028372	0.247615623785464	0.188093664982511	0.0931111542945978	0.020643218033424	0.00202876020209872	4.08083948698018e-05	
0.000121870067163948	0.000263084589433285	0.000988501655885357	0.00350908415611749	0.0122063511715002	0.0334891206784487	0.0809971679717726	0.156510182921167	0.230889612801387	0.238321752452877	0.16036166393265	0.0681717942368999	0.0131194094524745	0.00104653502120152	3.86889102107772e-06	
1.16442450259667e-05	0	0	0.000201833580450089	0.00040172645339585	0.00168259340625218	0.00520109611159844	0.0176604382893828	0.0461791350654795	0.102341269533221	0.175579689331543	0.240777757939434	0.221817045622152	0.132637654383282	0.0469360109921673	0.0079995963328391	0.000572508713776694	
3.47593686153799e-05	0	0	0.000289661405128166	0.000639186167316152	0.00242929365100821	0.00840404290078518	0.0253666147850905	0.0606821332983165	0.124357434449624	0.19815350509611	0.24155443896448	0.197933362428212	0.10420472495684	0.0314398489126111	0.00431981708847804	0.000191176527384589	
5.2455907895197e-05	0	0	0.000378848223687534	0.000920892605271236	0.00384676657898111	0.0133859705702929	0.03526008416259	0.0788509436234987	0.148376392510073	0.214911854646622	0.233428790133627	0.169889143181315	0.078046619702439	0.0203703775659682	0.00218372001756301	9.71405701762907e-05	
3.50167302155474e-05	0	4.27982258190024e-05	0.000789821803750681	0.00152517313827718	0.00576414286825928	0.019702746867948	0.0453583378725391	0.0989378258501284	0.169694965372345	0.226678857676445	0.219776671076181	0.140876196404949	0.0580441210800716	0.0115516302233289	0.00116916971441911	5.25250953233211e-05	
4.90669430116897e-05	2.74774880865462e-05	0.000151126184476004	0.000828249998037322	0.00265157760035171	0.0085808269938843	0.0271830864284761	0.0580932978481201	0.122051076724997	0.187979384033224	0.230899220424409	0.200750527960307	0.1132484671487	0.0402466693359084	0.00672020851488102	0.000539736373128587	
2.15719266868266e-05	6.47157800604798e-05	4.70660218621672e-05	0.000290240468150031	0.00122763873690486	0.00458697604731704	0.0135510921278156	0.0340346170590796	0.0771176768211609	0.141507916897094	0.202403504849761	0.228187840493252	0.17728201568083	0.0896999933323136	0.0260784982801291	0.00360251175670004	0.000296123720882802	
1.56618297715722e-05	8.02668775793076e-05	2.15350159359118e-05	0.000565783600498046	0.00223572619989193	0.00727491992889529	0.0191015591351538	0.0439784179985748	0.0959913546699661	0.163785542564938	0.215070204151951	0.219134448977674	0.147849630772363	0.0664922982952098	0.0163744430261787	0.00185201137048841	0.000176195584930187	
1.16857013757966e-05	0.000173337903740983	0.00015970458546922	0.00129127000202552	0.0034005391003568	0.0103048409965566	0.026483694551347	0.0586174257178916	0.114500397313847	0.17966376341908	0.223210529595986	0.204817235630483	0.1187715211667	0.0476737663794581	0.00984909864290055	0.000979651298670946	9.15379941104065e-05	
6.23595691733265e-05	0.000196822390203312	0.00032933647469663	0.00161355385235982	0.00570590057935937	0.0144245478444051	0.0366187082604993	0.0750146642424384	0.134901286750735	0.196475515099785	0.223664287259355	0.17980602276514	0.0931866324468531	0.0317702517572732	0.00561430996213605	0.000594364643683268	2.1436101903331e-05	
1.5583272136525e-05	0.000188947174655366	0.000317509169781698	0.000523987525590655	0.00240761554509312	0.00705532645981172	0.0185246147522941	0.0479166139107975	0.0954728646534378	0.15785075510693	0.212121448231396	0.21150785689102	0.151749904065481	0.0696163203609086	0.0214542699139609	0.00291017607149605	0.000364258986191273	1.94790901706563e-06	
9.73071226867664e-05	0.000418420627553096	0.000484589470980097	0.000938040662700428	0.00368599380737471	0.010485815540726	0.0257027033864825	0.060721590698996	0.116194435200268	0.176639673670833	0.212968314854711	0.198000533243032	0.127569637842351	0.0503116747139657	0.0139460568234674	0.00157442924507188	0.000260783088800534	
0.000146366595630079	0.000478130879058258	0.000645964575380748	0.00154953435907044	0.00523602101434002	0.0150308735939049	0.0357466257620821	0.0754646651522603	0.13848036345753	0.187846888831643	0.214083588986987	0.177706611086391	0.102788381224483	0.035600259166452	0.00817701380920041	0.000923085329773698	9.56261758116516e-05	
0.000174454388998005	0.000836989034855595	0.000872271944990023	0.00179158777015928	0.00685860569779795	0.0221067033608932	0.0467243738263532	0.0953069809197863	0.162901196090654	0.193522841763989	0.2051093574198	0.156091594434709	0.0773577804697331	0.0250332247403766	0.00483571885009076	0.000450837185051023	2.54821017637535e-05	
