# <P(U)> as a function of N_tot.
# number_of_species: 1
# species_total_upper_bound: 103
# species_total_lower_bound: 0
# volume: 729
# Bin widths for each
10	10	10	10	10	10	10	10	10	10	10	10	10	10	10	10	10	10	10	10	10	10	10	10	10	10	10	10	10	10	10	10	10	10	10	10	10	10	10	10	10	10	10	10	10	10	10	10	10	10	10	10	10	10	10	10	10	10	10	10	10	10	10	10	10	10	10	10	10	10	10	10	10	10	10	10	10	10	10	10	10	10	10	10	10	10	10	10	10	10	10	10	10	10	10	10	10	10	10	10	10	10	10	10	
# Bin lower bound for each
0	0	0	0	-10	-10	-10	-10	-10	-10	-10	-10	-10	-20	-20	-20	-20	-30	-30	-30	-30	-30	-30	-30	-30	-40	-40	-40	-40	-40	-40	-50	-50	-50	-60	-60	-60	-60	-70	-70	-70	-80	-90	-90	-90	-90	-90	-90	-90	-90	-90	-90	-100	-110	-110	-110	-120	-120	-120	-120	-120	-130	-130	-130	-130	-130	-140	-140	-150	-150	-160	-160	-160	-170	-180	-180	-180	-180	-190	-190	-200	-200	-200	-200	-200	-210	-210	-220	-220	-220	-220	-250	-250	-250	-250	-250	-260	-260	-260	-260	-270	-270	-270	-270	
# Bin upper bound for each
0	0	0	0	0	0	0	0	0	0	0	0	0	0	0	0	0	0	0	0	0	0	0	0	0	0	0	0	0	0	0	0	0	0	0	0	0	0	-10	0	-10	-10	-10	-10	-10	-10	-10	-10	-10	-10	-10	-20	-20	-10	-20	-20	-20	-20	-20	-20	-30	-30	-30	-30	-30	-30	-30	-30	-40	-40	-40	-40	-40	-50	-50	-50	-50	-50	-50	-60	-60	-60	-60	-70	-70	-70	-70	-80	-80	-80	-80	-80	-90	-90	-90	-90	-90	-100	-100	-100	-100	-100	-110	-110	
# Normalized histogram for each
1	
1	
1	
1	
1.85058642770661e-06	0.999998149413572	
2.26601331490926e-05	0.999977339866851	
0.000110834384335776	0.999889165615664	
0.000481950870584408	0.999518049129416	
0.00141252994979623	0.998587470050204	
0.00358434221557066	0.996415657784429	
0.00769846972215097	0.992301530277849	
0.0162916363474361	0.983708363652564	
0.0314811669817335	0.968518833018266	
4.63348443126064e-06	0.0562203833467009	0.943774983168868	
2.64566595821612e-05	0.0940984475510648	0.905875095789353	
8.01239498871277e-05	0.146471238762849	0.853448637287264	
0.000224615636976394	0.215093238789722	0.784682145573301	
4.65628253577422e-07	0.000484719011974096	0.299982399252015	0.699532416107758	
1.86102169160358e-06	0.00103286703883999	0.395389411810137	0.603575860129332	
2.79418976180929e-06	0.00207887718278611	0.49497069127789	0.502947637349562	
1.11652054979333e-05	0.00415578252970991	0.59453370147497	0.401299350789822	
2.18867801519501e-05	0.00789321113990542	0.684488093824435	0.307596808255507	
6.33540864550361e-05	0.0145542038464316	0.760157733041718	0.225224709025395	
0.00010909767365529	0.0260440390942655	0.815851518998614	0.157995344233465	
0.000226083616442852	0.0442937427513397	0.849093148314582	0.106387025317636	
4.65753820229272e-07	0.00053747990854458	0.071196060467887	0.860423360907512	0.0678426329622362	
9.32077203954804e-07	0.00121869094417091	0.108073419721356	0.849659675310906	0.0410472819463636	
7.00282073619254e-06	0.00247012830101298	0.158892601940061	0.81516474836064	0.0234655185775497	
3.46416647473312e-05	0.00467662474088971	0.223208885493382	0.759129483052736	0.0129503650482455	
7.77254353677888e-05	0.00885601737678529	0.297041329797919	0.687083015915454	0.00694191147447492	
0.000224235819308062	0.0154685264663805	0.380185043704919	0.600593405688006	0.00352878832138657	
4.69521702936436e-06	0.000477503571886355	0.0260814610764161	0.464794088909569	0.506996108134604	0.00164614309049514	
1.78096810614195e-05	0.000905013003410554	0.0418157251047608	0.544103566107427	0.412381290273899	0.000776595829441371	
2.34637243781996e-05	0.00180201403224573	0.0648302704569654	0.61059790731735	0.322401896995189	0.00034444747387197	
2.35211987155544e-06	5.9273420763197e-05	0.00343550628439387	0.0976821269937744	0.65767012177395	0.241002435855339	0.000148183551907993	
3.30185720033641e-06	0.000146696798472089	0.00646880994934479	0.140258176931433	0.68006465979786	0.173000336317741	5.80183479487684e-05	
4.23278034409682e-06	0.000304289875847849	0.0111096374764728	0.192956935692779	0.676933510545737	0.118666467255682	2.49263731374591e-05	
2.54384121908409e-05	0.000678357658422423	0.0187033570224621	0.257021708387233	0.646483799029006	0.0770849840821491	2.35540853618897e-06	
1.88321345894995e-06	6.92080946164106e-05	0.00124433329300118	0.0303555177448142	0.327068039089862	0.593520615773137	0.0477404027911107	
3.76336169810407e-06	0.000127013457311012	0.00236762492831972	0.0472010232580457	0.397614687271699	0.524428686412712	0.0282562604697898	9.40840424526016e-07	
1.27354105259583e-05	0.000214615251455964	0.00430787053087323	0.0718437525500301	0.462377003056027	0.445584656754744	0.0156593664463441	
9.44964332321277e-07	1.60643936494617e-05	0.000375150839931547	0.00732867087931766	0.104931201871785	0.516533568440459	0.362388151659216	0.00842624695130882	
2.36410866956475e-06	2.36410866956475e-06	3.21518779060806e-05	0.000735237796234637	0.0126314326214845	0.145111354246554	0.555039759579605	0.282100576747951	0.00434475891292609	
1.89420397261928e-06	1.89420397261928e-06	0.000115072891336621	0.00139460767484095	0.0211729384549452	0.194839714827592	0.570194700490836	0.210160036558137	0.00211914069436782	
4.73581493192976e-07	7.10372239789465e-06	0.000189906178770384	0.00256491736713316	0.0335243603216376	0.251331119181992	0.561222957904762	0.150152801068779	0.00100636067303507	
1.04418715251113e-05	9.01797995350519e-06	0.000383976093809774	0.00452844982823121	0.0514997849923727	0.313390466191593	0.527959060269533	0.101754614120638	0.000464188652343583	
1.42537248546476e-05	2.28059597674362e-05	0.000680852923890336	0.00740243444118034	0.0761609777675151	0.372519673703731	0.4766036984615	0.0664166563327162	0.000178646684844917	
5.7084386421337e-06	6.80255604854266e-05	0.00107937060658345	0.0123749435697055	0.107624047939468	0.424695942394243	0.413568292667844	0.0404975665401772	8.61022828521833e-05	
9.02647560309922e-06	0.000129696202086636	0.001915038060847	0.0196900688340026	0.147619457090748	0.463239678106378	0.3436455274526	0.0237149267976582	3.65809800757179e-05	
6.65431182770656e-06	0.000248586077563609	0.00343077305517042	0.0308284760817891	0.194442318761499	0.48622818871058	0.271835292473641	0.0129625994403724	1.71110875569597e-05	
4.60529095706017e-05	0.000508481094331077	0.00567447809471992	0.0469312382582885	0.245341415856349	0.488501727933653	0.206133298010277	0.0068599844369652	3.32340584530116e-06	
7.52483075084e-05	0.000973465446501073	0.00897312254282129	0.0687474252458072	0.297903763129758	0.471047261175921	0.148734471106793	0.00354524304488943	
4.76707817674514e-07	0.00013729185149026	0.0018405688840413	0.0144204114846541	0.097695070030762	0.348116837272449	0.43423410453535	0.101892959073204	0.00166228016023103	
1.91122914012845e-06	5.73368742038536e-06	0.000292418058439653	0.00309141313415777	0.0229175486192803	0.132814657598521	0.392449880404837	0.38133608295499	0.0662938495690656	0.000796026936863501	4.77807285032113e-07	
1.95739187558244e-05	3.19866477229326e-05	0.000526108743144354	0.00488154437264158	0.0348611493041233	0.174814190995615	0.422284858762241	0.321122072505614	0.0410952037215271	0.000363311028614205	
2.58328091027165e-05	8.27606661994436e-05	0.00091275925496265	0.00789335833694116	0.0509590430379383	0.22026823066785	0.437604437502541	0.257607164299058	0.0245028978192804	0.000143515606126203	
4.78009644322584e-07	5.9751205540323e-05	0.000144836922229743	0.00162905686785137	0.0126266247547811	0.0729466617718479	0.267705955235353	0.433086775958792	0.198066164182929	0.0136820700494453	5.16250415868391e-05	
7.64206844045444e-06	7.78535722371296e-05	0.000286577566517041	0.0028218337716378	0.0195278730117487	0.101630912931048	0.313485289495881	0.409995538942548	0.144967650169033	0.00718020092908447	1.86275418236077e-05	
7.66563643706968e-06	0.000121691978438481	0.00048293509553539	0.00475796471603368	0.0300972050610448	0.13545562866124	0.351674007312059	0.372976331868398	0.100943017012443	0.00348259445381622	9.5820455463371e-07	
1.53103528127271e-05	0.00015549577075426	0.000803793522668173	0.00782646097845594	0.0435172856275498	0.174253345192477	0.380034055966038	0.324857458223071	0.0668823193653476	0.00165303965524913	1.43534557619317e-06	
2.05591417179888e-05	0.000286393625327333	0.00147213017092297	0.0122274300068801	0.0623085429927512	0.214732585331196	0.396029790674469	0.269438548964465	0.0427625366538419	0.000721482438428956	
4.29686772665619e-06	4.01040987821245e-05	0.000441622516350775	0.00275715679127106	0.0190709312601424	0.0861884825802595	0.257089712391546	0.395653193121765	0.21285536886461	0.0255845053040058	0.000314626203540714	
4.29950135338748e-06	7.213607826239e-05	0.000817860701888819	0.00475668166396435	0.02870442647996	0.116038764304202	0.297975030407029	0.376318155456593	0.160294009456992	0.0148872622972905	0.000131373652464617	
1.28448851667266e-05	0.00014034226385868	0.00132682906407409	0.00791625515460484	0.0425013463342601	0.149663844597822	0.331405173348861	0.342784314397118	0.116134888420764	0.0080732481955315	4.09133379384625e-05	
3.13528915204205e-05	0.000288351593225685	0.00228923612480161	0.0127577765859456	0.0592783419450859	0.187857500157952	0.353175596619398	0.299435315421965	0.0807854754404725	0.00408917712436029	1.18760952728865e-05	
5.2260802307837e-05	0.000647083752211582	0.00370339049081445	0.0196581383371943	0.0811615010822737	0.227411455947944	0.360544424532551	0.251669970182837	0.0531316573135667	0.00201489147806852	5.2260802307837e-06	
9.01385999577772e-06	9.63059778496251e-05	0.00103042652162259	0.00584098127726396	0.0296091068450778	0.107733654669535	0.263894983786912	0.356288471984686	0.201464515042472	0.033171479198146	0.000854893458546918	6.16737789184791e-06	
9.94057900559181e-06	0.000165676316759864	0.00186314852219092	0.0094885193412899	0.0423208317140446	0.139037458468498	0.296775986211944	0.3367820831004	0.153399228327053	0.0197628177849266	0.000392889551173391	1.42008271508454e-06	
2.37623724732875e-06	1.900989797863e-05	0.000388277166213518	0.00297124705405987	0.0149707699056206	0.0592852183310545	0.173576051710724	0.32031297896032	0.304970565549217	0.112402200015493	0.010899800253497	0.000201504918573478	
5.6980625162929e-06	7.45496512548321e-05	0.000809599715856616	0.00482863314401521	0.022585695298956	0.0811133444350585	0.208585650664133	0.33207358667869	0.265413377816208	0.0785691595215337	0.00585665858966305	8.40464221153202e-05	
2.83382319115885e-06	1.74752430121462e-05	0.000176169341717042	0.00151798462273076	0.00782465813465478	0.0328307862773057	0.106717530644256	0.243238379789929	0.332659670586946	0.220115799461668	0.0519572036021671	0.00290939180958975	3.21166628331336e-05	
1.46800251738754e-05	5.06697643098281e-05	0.000369368375342672	0.0025235436823091	0.011893661686034	0.0459745240001837	0.136838670785282	0.271781250577138	0.320032125577671	0.175771991743196	0.0333354958746762	0.0013998114327089	1.42064759747182e-05	
2.56101378204824e-05	8.34700788223131e-05	0.000671080463258938	0.00430772003376744	0.0177644246729965	0.0629184174831874	0.168469177724871	0.295147827406642	0.297453214072296	0.132306714598727	0.020286074724691	0.000562948770239123	3.31983268043291e-06	
4.74255288776417e-07	4.17344654123247e-05	0.000156504245296217	0.00125914779170139	0.00674628148284453	0.0254442704981435	0.0842125631174507	0.200091626121792	0.30877007107664	0.263917851395899	0.0969662363432261	0.0121461522008528	0.000247087005452513	
1.04104755883812e-05	2.83922061501304e-06	9.27478734237594e-05	0.000377616341796735	0.00233100012492571	0.0101137770341123	0.0363372918378086	0.109852758018905	0.229836328395613	0.311517866268923	0.224897977339234	0.0680755194827319	0.00646111971289801	9.27478734237594e-05	
8.98919356998253e-06	1.13547708252411e-05	0.000161332368808634	0.000686490519476034	0.00386251454238618	0.0149324698660941	0.0509796091971751	0.138214055408443	0.258199918718766	0.301259102149884	0.183108453674191	0.0452799873583551	0.00326118480409945	3.4537427926775e-05	
3.17370993428052e-05	3.78950439914092e-05	0.000226896575898563	0.00125811546051479	0.00602389093048438	0.0218597561264444	0.0680092880752823	0.168605945542927	0.280712275246863	0.279657845647802	0.143718849089619	0.0282938609081358	0.00154848623509896	1.51580175965637e-05	
4.64353302736557e-05	4.2644691067643e-05	0.00039659562692908	0.00216587647633551	0.00932592010659277	0.0314907352039506	0.0894443965349767	0.199127015790855	0.291939869090275	0.251180073367822	0.107230549519489	0.01685792020894	0.000742965284378492	9.00276811428019e-06	
9.45551816948733e-07	4.30226076711673e-05	8.32085598914885e-05	0.000748877039023396	0.00363611951207635	0.0140868309689022	0.0447052171294276	0.115352593908661	0.227439724617489	0.292114523344965	0.215157006515325	0.0764927781116101	0.00980631789357531	0.000331415911840531	1.4183277254231e-06	
7.10657301150981e-06	5.78001271602798e-05	0.000181928269094651	0.00126402245298054	0.0058705030790412	0.0203518037903618	0.0606816056306799	0.143397377769313	0.250858237134023	0.282178799481883	0.177504664280753	0.0522750035295979	0.00524133448175553	0.000129813400343579	
5.68539039443817e-06	7.10673799304772e-06	9.75992017711886e-05	0.000366707680441262	0.00212586222498701	0.00870243756375336	0.0296294120406145	0.0797475497151856	0.172373930021372	0.267282520788393	0.26179280258003	0.141010473910454	0.0342127842635974	0.00260485636571842	4.02715152939371e-05	
8.05215904435082e-06	3.31559490061504e-06	0.00018804159650631	0.000617174307928772	0.00347379614301582	0.0130501815288208	0.0412355801225349	0.102146847698148	0.198553453310503	0.275179693402203	0.235291665778561	0.10782409348083	0.0211530218095096	0.00125566315450435	1.94199129893167e-05	
4.74771587389307e-06	2.3263807782076e-05	0.000263973002588455	0.00114419952560823	0.00565452960580665	0.0193645087348477	0.0557101728358487	0.126373751588111	0.224141565492841	0.273856322723138	0.202347175773735	0.0781459789695178	0.0123801439127636	0.000585868138838405	3.79817269911446e-06	
1.04301290396601e-05	5.26247419728305e-05	0.000522928742306595	0.00193004796911165	0.00856929919962983	0.0277033709228863	0.0724965082772556	0.153236137173264	0.242817196817483	0.263206676799695	0.167924603441753	0.0540897010061282	0.00714084561797092	0.000299629161502963	
1.76083065520509e-05	0.00016656506197886	0.000809506201217257	0.00327371731815021	0.0129901712336427	0.0376817760213889	0.0930970203414013	0.179018417812753	0.257731355301837	0.242233666035147	0.133460969760827	0.0357305852953508	0.00365967236176409	0.000128968947989346	
4.75227348763649e-06	2.61375041820007e-05	0.000351193010736336	0.00130117248091487	0.0054527585997141	0.018671207305575	0.0504582142096779	0.116180730861644	0.204011774232793	0.261949116457313	0.21630923233675	0.101000543660087	0.0224906095075884	0.00174313391526506	4.94236442714194e-05	
1.09308575733021e-05	4.60997036787088e-05	0.000567929339134609	0.00226648955509033	0.00825945103332248	0.0263447925156893	0.0665831802617227	0.141322681291837	0.224821601275584	0.25729955539925	0.184926347406416	0.0733778963802228	0.0133979046021287	0.000761833247391446	1.33071309588025e-05	
1.90006331961013e-06	1.94756490260038e-05	0.000181456047022767	0.00109396145626553	0.00371367375817799	0.012227857493351	0.0361149785316596	0.0859013876637439	0.166345318457738	0.240332834091696	0.242421003679948	0.152665337572375	0.0509178968389122	0.00768813120697247	0.000374787489793097	
5.22952379956281e-06	3.70820778514454e-05	0.0003579846746428	0.00169959523485791	0.00576388604962723	0.0175455277587877	0.0482680292587102	0.107165778756914	0.189871648469509	0.249542892078793	0.221990432823914	0.12012976825603	0.0334499358670218	0.00403148743820842	0.00014072173133369	
2.52413645957953e-05	0.000106204232167214	0.00059626770705539	0.00253890027660726	0.00839061059337209	0.0249799021587558	0.0632024719392226	0.130139713334299	0.211811244123048	0.249936658462429	0.194782371811968	0.0908069997637789	0.020656485030442	0.00197120769928295	5.57215029756235e-05	
4.95082497881618e-05	0.000237544390810507	0.00104395761332153	0.00394590271628917	0.0120604952729142	0.0340016947054735	0.0800853065227119	0.15442099149791	0.22914226957242	0.241151352432093	0.164485447430807	0.065993544885893	0.0123475479135129	0.00102158369274419	1.28531033103882e-05	
2.84728987831158e-06	0	2.37274156525965e-06	0.000101553338993113	0.000425195288494529	0.00168464651133435	0.00595842861868002	0.0174306340867104	0.0451039189623337	0.100710541189133	0.177302164367401	0.240304147504801	0.223027741619833	0.134500279271682	0.045600296497786	0.00739441181397516	0.000446549962581866	4.27093481746736e-06	
8.53887917723155e-06	0	1.28083187658473e-05	0.000231972884314791	0.000728176640947246	0.00273765954065574	0.00875045362795629	0.0248789732472172	0.0601032729998269	0.122725515356937	0.198751900493595	0.24253358032832	0.199122392973451	0.104845576741991	0.0304501175281842	0.00397200196394221	0.000147058474718988	
1.28063565061983e-05	4.74309500229566e-07	2.5138403512167e-05	0.00034956610166919	0.00116537844206404	0.00417771807802202	0.013520666613544	0.0338021408433602	0.0769514990077445	0.146126693759225	0.215695565395897	0.235708580448583	0.172485021305983	0.0784588545994741	0.0194860571979313	0.0019636413309504	7.01978060339757e-05	
8.54960671809097e-06	5.69973781206065e-06	5.60474218185963e-05	0.000548599764410837	0.00200535775354334	0.00640508036630315	0.0190081506250712	0.0452283694950032	0.0958149675114945	0.169278888171144	0.227544457954934	0.221450013299388	0.143185963445681	0.0569831287760763	0.0114498233081278	0.00100790363643272	1.89991260402022e-05	
1.18913756133572e-05	2.56853713248515e-05	0.000117962446084503	0.000751534938764172	0.00329771628509621	0.0096029992903227	0.0265924454566383	0.0586116390881883	0.117193787564856	0.189489070398846	0.230828248581121	0.202459231607847	0.11496296549979	0.0391283336282394	0.0064912641198194	0.000432370417301666	2.85393014720572e-06	
5.22599581350226e-06	1.8528530611508e-05	5.17848676065224e-05	0.00025464852327611	0.00135020728199758	0.00521981963663176	0.0143277801585092	0.0359610273737661	0.0757075760786218	0.138017124163009	0.205551242789313	0.228146073234255	0.177102346852193	0.0888903880634455	0.0255399166311141	0.00365059562099558	0.000204764017783589	9.50181057000411e-07	
3.78916875584065e-06	2.79451195743248e-05	6.20476383768906e-05	0.000492118292164804	0.00234502181377088	0.00778958366981941	0.0205377683027508	0.0467801301674197	0.0944900276183038	0.161840607668993	0.215805001797487	0.217611014355739	0.149186204962769	0.0652883249553233	0.0156904741718416	0.00195473743191929	9.52028649904963e-05	
2.83235302448097e-06	6.18397077011679e-05	0.000131232356800952	0.00102531179486211	0.00363390893040909	0.0114134385709835	0.0287833155524505	0.0609999150294093	0.113856343054598	0.180671550902104	0.220970741793257	0.200787866199643	0.120805049141325	0.0464855219554565	0.0093009752735581	0.0010248397360247	4.53176483916955e-05	
1.50933713686292e-05	7.68818604089549e-05	0.000241493941898067	0.00147915039412566	0.00587320813381783	0.0164305497383187	0.0393616258579638	0.0770181724191278	0.135330941033971	0.19659069040854	0.218559564103435	0.177695676126437	0.0940972654584423	0.0314460959108284	0.00527466162548063	0.000495251248033145	1.36783678028202e-05	
3.7577721296375e-06	4.55629870718547e-05	0.000132931189085927	0.000440598782199997	0.00247026545372045	0.00839016572244813	0.022461613183392	0.0507261659779766	0.0948818673872821	0.158280650150945	0.207010499685052	0.209639531011249	0.151165308623476	0.0710439701614104	0.0202201021080632	0.00288174150191576	0.00020244997348422	2.81832909722813e-06	
2.33957422556584e-05	0.000100601691699331	0.000320989583747633	0.000829613020385646	0.00397259703501079	0.0124507461136163	0.0308262299960555	0.0637880233452075	0.113473093258704	0.177183442739623	0.210507870093737	0.196218218638826	0.125037140740831	0.0510729053441022	0.0125962676304465	0.00149639167467191	0.000102005436234671	4.67914845113168e-07	
3.50662120215391e-05	0.000122965516822197	0.000485316374378101	0.00151345771084963	0.00628339764476618	0.0173484239607894	0.0406922350782748	0.0798817660840532	0.134372321818057	0.191693889735933	0.21028178740431	0.175282902509852	0.0986781908265854	0.0351176424658373	0.00742328331021301	0.000758365278652485	2.89880686044723e-05	
4.15175649621607e-05	0.000257035711170231	0.000844812473555877	0.00253303795218576	0.009180979730565	0.0247332729695928	0.0538020992960207	0.0983014651035537	0.155533195159145	0.199506827306989	0.200959009101677	0.151640340332075	0.0743948115172524	0.0236575481965283	0.00423059322069478	0.000372258616177576	1.11957478549647e-05	
