# <P(U)> as a function of N_tot.
# number_of_species: 1
# species_total_upper_bound: 103
# species_total_lower_bound: 0
# volume: 729
# Bin widths for each
10	10	10	10	10	10	10	10	10	10	10	10	10	10	10	10	10	10	10	10	10	10	10	10	10	10	10	10	10	10	10	10	10	10	10	10	10	10	10	10	10	10	10	10	10	10	10	10	10	10	10	10	10	10	10	10	10	10	10	10	10	10	10	10	10	10	10	10	10	10	10	10	10	10	10	10	10	10	10	10	10	10	10	10	10	10	10	10	10	10	10	10	10	10	10	10	10	10	10	10	10	10	10	10	
# Bin lower bound for each
0	0	0	0	-10	-10	-10	-10	-10	-10	-10	-10	-10	-20	-20	-20	-20	-30	-30	-30	-30	-30	-30	-30	-30	-30	-30	-40	-40	-40	-40	-50	-50	-50	-60	-60	-60	-60	-60	-60	-60	-70	-70	-70	-70	-70	-80	-80	-90	-90	-90	-90	-90	-100	-110	-110	-110	-120	-120	-120	-120	-120	-120	-130	-130	-130	-130	-140	-150	-150	-160	-160	-160	-160	-180	-180	-180	-180	-180	-180	-200	-200	-200	-200	-200	-210	-210	-220	-220	-220	-220	-250	-250	-250	-250	-250	-260	-260	-260	-260	-270	-270	-270	-270	
# Bin upper bound for each
0	0	0	0	0	0	0	0	0	0	0	0	0	0	0	0	0	0	0	0	0	0	0	0	0	0	0	0	0	0	0	0	0	0	0	0	0	0	-10	0	-10	-10	-10	-10	-10	-10	-10	-10	-10	-10	-10	-20	-20	-20	-20	-20	-20	-20	-30	-30	-30	-30	-30	-30	-30	-30	-30	-30	-40	-40	-40	-40	-40	-50	-50	-50	-50	-50	-60	-60	-60	-70	-70	-70	-70	-70	-70	-80	-80	-80	-80	-80	-90	-90	-90	-90	-90	-100	-100	-100	-100	-110	-110	-110	
# Normalized histogram for each
1	
1	
1	
1	
3.76913306170448e-06	0.999996230866938	
3.00707790962979e-05	0.999969929220904	
0.000117299521042596	0.999882700478957	
0.000496286778563043	0.999503713221437	
0.0014442787486175	0.998555721251382	
0.00362727621454521	0.996372723785455	
0.00774270792088542	0.992257292079115	
0.0162439497890268	0.983756050210973	
0.0313524856508316	0.968647514349168	
9.43178227673792e-06	0.0565369325014501	0.943453635716273	
4.43945713940273e-05	0.0949675447346149	0.904988060693991	
9.383592740701e-05	0.146919575027511	0.852986589045082	
0.000256788307888234	0.215859473309177	0.783883738382935	
9.45385102621553e-07	0.000515234880928746	0.302025960274918	0.697457859459051	
3.78366158174081e-06	0.00100361623455675	0.398362809633581	0.600629790470281	
5.6718548383285e-06	0.00189250889772228	0.498217619617055	0.499884199630384	
1.88539619244239e-05	0.00399798262607409	0.596801425359522	0.39918173805248	
2.54601689800845e-05	0.00753809595654798	0.686390125226313	0.306046318648159	
5.94516294936703e-05	0.014214601508939	0.76230294851772	0.223422998343847	
0.000120871140976356	0.0258324291605405	0.817107799115941	0.156938900582542	
0.000274385155668788	0.0439912008169323	0.850146103023611	0.105588311003788	
0.000610686734694841	0.070529126548072	0.861640283804154	0.0672199029130796	
0.00129313362128496	0.106687780596752	0.851024763461549	0.0409943223204133	
2.84451861263346e-06	0.00258851193749644	0.157800618208712	0.816260216562684	0.0233478087724954	
3.32584542990828e-05	0.00486238601852591	0.221901357325032	0.760093465758996	0.013109532443147	
8.6591043821729e-05	0.00873047062708092	0.296394482152254	0.687672765784548	0.00711569039229549	
0.000215502650396534	0.0153426444463727	0.379113025418824	0.601574695030375	0.00375413245403166	
9.57717720363665e-06	0.000471197118418923	0.0259953320838309	0.463320847886652	0.50837476260572	0.00182828312817424	
3.05962735651065e-05	0.000847134324333886	0.0409387701636614	0.541921197385166	0.415442895401858	0.000819406451415508	
2.48167616225962e-05	0.00170853858863259	0.0643489083965604	0.608800023671373	0.324738779721651	0.000378932860160412	
4.78139920953908e-06	7.36335478269019e-05	0.00335654224509644	0.0979622632848786	0.655845403975638	0.242594807974226	0.000162567573124329	
6.73183078870129e-06	0.000171180840055547	0.00620386291684458	0.140848172211772	0.678239645482557	0.174464050100208	6.63566177743413e-05	
8.63996405774952e-06	0.000347518554322814	0.0107519552718661	0.193791513827302	0.67511815150849	0.119953420993769	2.87998801924984e-05	
1.05939855055016e-05	0.000693424505814653	0.0183324103724749	0.256485204536152	0.646601016059519	0.0778734981821684	3.85235836563696e-06	
5.10693734076955e-05	0.00123819141186582	0.0300567351831367	0.326667655935032	0.593484896955494	0.0485014511410632	
7.33931487495642e-05	0.00228774170246997	0.0472651877947194	0.396977747390439	0.52431775756891	0.0290762409960609	1.93139865130432e-06	
0.000193990372257825	0.00426972809339472	0.0716173656301438	0.460705795171386	0.447125499161477	0.0160876215713414	
5.83092645646825e-06	0.000360545619224953	0.00723034880602063	0.104244331367663	0.516224552865123	0.363295872870254	0.00863851754525771	
2.33824917747214e-05	0.000700500482751028	0.0123206246242969	0.144867202060777	0.554371600404907	0.283460102162004	0.0042565877734899	
8.00520924347844e-05	0.00140969782287596	0.0205899839212444	0.195355416646735	0.56979517403032	0.210660009977224	0.00210966550916548	
0.000162877251022128	0.0025065541025561	0.0333830092693736	0.252040354545738	0.560420632939047	0.150428357417059	0.00105821447520365	
0.000360492022896115	0.00436292777980758	0.0512950919498234	0.315800755084643	0.52638460601632	0.101249543295579	0.000546583850931677	
4.86731220205965e-06	0.000642485210671874	0.00743627958230674	0.0753226297893135	0.374924191612453	0.475344630040467	0.066109781253255	0.000215135199331037	
3.60812276198872e-05	0.000981019323935311	0.0126469578649275	0.107252911852586	0.426293853319083	0.412631745239228	0.0400628398461574	9.45913264629475e-05	
2.92026508219573e-06	8.17674223014804e-05	0.00203834502737262	0.0198626696674013	0.146986675803852	0.465405566414615	0.341786851798494	0.0237894527812605	4.57508196210664e-05	
1.07291113954868e-05	0.000216532975436187	0.00363814413683323	0.0311866007053903	0.193723859983146	0.488229189425388	0.270059536814507	0.0129080963825338	2.73104653703299e-05	
8.37407580875558e-05	0.000450836872029516	0.00592904041854799	0.0469970661522777	0.245148148112084	0.489730559242205	0.204603988981274	0.00704980335527796	6.81610821642896e-06	
8.79571941655061e-05	0.000918664027950842	0.00901952161059395	0.0683759681399497	0.297382296171419	0.472016418676244	0.148471743751374	0.00372743042830267	
0.000175516603870726	0.00188680349161031	0.0144411161295859	0.0969758489153074	0.348463839679234	0.434502078896664	0.101833758473552	0.00172103781017684	
5.8722837017702e-06	0.000320039461746476	0.00310643807823644	0.0226699512306839	0.131539154919652	0.392324337973416	0.382925747908733	0.0662980829929856	0.000810375150844288	
1.66340020528315e-05	2.05478848887919e-05	0.000506847827256867	0.00487865495502459	0.0342953983501027	0.173611036366821	0.422085845149183	0.323224100124951	0.0410155351794466	0.000345400160273502	
2.05726847647514e-05	9.5026210580042e-05	0.00088952370316163	0.0079224429377402	0.0505235748272629	0.21877776700161	0.437040237232445	0.259962322597331	0.0246539135614158	0.000114619243689329	
5.66835251288817e-05	0.000161254855970095	0.00164968604168194	0.0126443353123702	0.072370202057221	0.266379339832393	0.433684673458917	0.199148769820909	0.013860099196169	4.49558992401476e-05	
2.92080244179084e-06	8.08088675562133e-05	0.000256057014063664	0.00273679188795802	0.0194856466900006	0.100645984140043	0.312217229813604	0.41167736816228	0.145707150611178	0.00717349079703831	1.65512138368148e-05	
9.75172117878806e-06	0.000146275817681821	0.000461256411756675	0.00494022194917403	0.0297066682269421	0.134460632301601	0.350429075731867	0.374337370545901	0.102039084898485	0.00346966239541279	
7.78838945841487e-06	0.000189841993048862	0.000788574432664505	0.00787795593718664	0.0427592316753799	0.172705589142985	0.378654945140532	0.327268125042593	0.068141592920354	0.00160635532579807	
1.07077011733694e-05	0.000321231035201081	0.00143580538461089	0.0122573975613697	0.0611925653510471	0.213253603141445	0.39467710440398	0.272470110912316	0.0437545872765254	0.000626887232331806	
3.40046168554085e-05	0.000501325208496879	0.00274271523950909	0.0187724916251487	0.0849639356749236	0.255536923184542	0.395780707140581	0.214990789606635	0.0264021560870207	0.000274951616288017	
6.82389572307461e-05	0.000871508968061243	0.00483911690990605	0.0282548276625135	0.114181322607469	0.296561633913592	0.376991968274734	0.162105542270622	0.0160098342085792	0.000116006227292268	
7.76953990727054e-06	0.000138880525842461	0.00142668176547255	0.00807449434863091	0.0410853270296466	0.148292352247631	0.331983699505275	0.342829006023336	0.117581303379167	0.00854066674306714	3.98188920247615e-05	
1.25927138557631e-05	0.00030319380283491	0.00245170452068741	0.0128842836150388	0.0573995270951612	0.186619175990926	0.353244997060086	0.299923571913598	0.0827999996125319	0.00434739229112805	1.35613841523602e-05	
3.50130520877505e-05	0.000752780619886635	0.0038222581862461	0.0201772438503464	0.0782249938727159	0.226045236863297	0.360584834680039	0.253518811734819	0.0547234552435936	0.00211050897306718	4.86292390107646e-06	
7.7107173114388e-05	0.00127373241663641	0.00614612492533293	0.0298404759952682	0.105025826022792	0.262312746694152	0.357797780094246	0.202549807329671	0.0340891788378875	0.000876484069072411	1.0736441826054e-05	
7.82318812518275e-06	0.000181889123910499	0.00232055317763233	0.00977605146093149	0.0422628180492685	0.135953319036457	0.294768927470245	0.338593449449003	0.155397853121599	0.0203412670239908	0.000394093101806081	1.95579703129569e-06	
4.91306817176872e-06	2.26001135901361e-05	0.000413680340062927	0.00345683476565647	0.0154339123547943	0.0597379959005359	0.170777267037046	0.318439530939556	0.307043178008321	0.113288473745546	0.0112184998634167	0.000163113863302722	
1.18440844720105e-05	9.37656687367494e-05	0.000805397744096711	0.00569206959584036	0.0232538858467139	0.0817646501454848	0.204596689183587	0.330773695077993	0.26715220832955	0.0796070527575003	0.00620926128445148	3.94802815733682e-05	
5.8915368073762e-06	2.84757612356517e-05	0.00023271570389136	0.00162213646763091	0.00855058375310533	0.0346785675710176	0.107481269822567	0.240276509460826	0.329993813886352	0.221651397767108	0.052493592953722	0.00296933455091761	1.57107648196699e-05	
2.56195496871459e-05	8.08001182440755e-05	0.00041779573335961	0.00258855988569739	0.0129851702222003	0.0477962260432576	0.137227176430014	0.268977681430753	0.31793861161748	0.177252795979701	0.033400009853673	0.00130068483027048	8.86830566093511e-06	
3.75858416112852e-05	0.00011374662592889	0.000713141889519386	0.00472493593097657	0.0186702722698584	0.0649245958780201	0.168170924582031	0.291770975619647	0.297168500295247	0.133410944799257	0.0197770763952013	0.000513343468322554	3.95640438013529e-06	
5.64371522803085e-05	0.000183173213541352	0.00138419541908546	0.00752297338641726	0.0266413062527414	0.0860221015809333	0.198150841656163	0.306828994438465	0.263785269507205	0.0971897268540842	0.0120498270745852	0.000185153464498556	
2.17324303179257e-05	0	0.000125455393198935	0.000493918870861948	0.00248144840721043	0.0112959245766127	0.0383784841037151	0.111330301330025	0.227117726550708	0.309815550936865	0.224824955152167	0.067802219078703	0.00623029263705261	8.19905325630833e-05	
1.08564452247926e-05	4.93474782945117e-06	0.000240815694077217	0.000853711374495052	0.00403859762362284	0.0161761033849409	0.0527258066585539	0.139133241152244	0.254866895046796	0.300289274917762	0.183172904681398	0.0454677795509972	0.00297565294115905	4.34257808991703e-05	
1.58528066898844e-05	2.87332121254155e-05	0.000343807745086868	0.00140099179121854	0.00624699663623258	0.0231995917902277	0.0697553218367458	0.168980020509569	0.276580945917159	0.279547402369004	0.144542918997112	0.0280337070302244	0.00131776455609664	5.94480250870666e-06	
3.07069938645445e-05	5.84423431615525e-05	0.000508151221048753	0.00237929675040761	0.0098282191330326	0.0336776478838919	0.0913523161988308	0.198589063159334	0.287539299999406	0.25141796973281	0.10719217229199	0.0167838485174465	0.000639894130209541	2.97164456753657e-06	
4.8526286392239e-05	0.000101013902285885	0.00094378675371028	0.00387616091712701	0.0149827385066976	0.0482717709717735	0.116613617862427	0.226492975572462	0.287496459561758	0.214297032370004	0.0768478116625502	0.00975180290008933	0.000276302732723157	
3.97385994925381e-05	0.000213594972272392	0.00150211906081794	0.00621313003065833	0.0219645174045131	0.0646527144443848	0.143798096123698	0.247781095950835	0.279185517664801	0.176551643290436	0.0528275007003928	0.00518390030380159	8.64314538962703e-05	
1.18892987394371e-05	2.97232468485928e-06	8.52066409659659e-05	0.000323983390649661	0.002450186315219	0.00955602386182257	0.032000047557195	0.0838611686586196	0.172448333566165	0.263150802874436	0.259460166390736	0.139790411478722	0.0342748667160073	0.00257502395198309	8.91697405457783e-06	
1.6891237322878e-05	2.98080658639023e-06	0.000107309037110048	0.000578276477759705	0.00415126997264613	0.0139014883167286	0.0449932882171696	0.106548931430519	0.197006475305508	0.269482800249195	0.233465714265842	0.107219612912457	0.0212322853148576	0.0012926764562979	
9.92778528980198e-06	8.93500676082178e-06	0.000193591813151139	0.00109999861011006	0.00632797034371978	0.0204820138313905	0.0601564221850261	0.130155250706362	0.221030226135093	0.269054894695981	0.200445956115218	0.0778030605376491	0.0126777818150771	0.000553970419170951	
2.18171504619782e-05	1.3883641203077e-05	0.00048394406479297	0.00195858509829122	0.00914634448685566	0.0297040503539833	0.0778931772812062	0.155708011158481	0.239326207058642	0.25781921714114	0.166202060530692	0.0540172811665432	0.00740593089318422	0.000299489974523518	
3.39298331051386e-05	0.000114762670796792	0.000750448073384241	0.00363448388732102	0.0140020437734765	0.0399154548393921	0.0979554281745351	0.180425879281646	0.252525776693797	0.238040731766706	0.132895172782685	0.0357201307695685	0.00385802161130782	0.000127735842278169	
9.9974306603203e-06	3.3991264245089e-05	0.000291924975281353	0.00139764080631278	0.00574052468515591	0.0199948613206406	0.0532843059333751	0.121058887865818	0.204459453920342	0.256903975678251	0.211700592947612	0.100345211280701	0.0228741213508128	0.00187351850574402	3.09920350469929e-05	
2.30165719317909e-05	2.9020895044432e-05	0.0005063645824994	0.00245376671203266	0.00835501561124009	0.0283964454407173	0.0694439996797694	0.146780682091106	0.224712793211112	0.25160715715315	0.180281802898087	0.0729825474341526	0.0136077976142823	0.000810583620206549	9.00648466896165e-06	
3.99184067765487e-06	3.79224864377213e-05	0.000103787857619027	0.000932094798232413	0.00393096510732064	0.0120982711338025	0.0378127108190858	0.0893693290913373	0.17139267337562	0.241451473188802	0.235782061466363	0.148494477288422	0.050515745815553	0.0076383871366926	0.000436108594033795	
1.09602144216494e-05	3.48734095234299e-05	0.000262048762990345	0.00164303578011817	0.00588663152755498	0.0180634297500075	0.0504558452816277	0.111282046172394	0.194109382939928	0.247928021282744	0.215627272999014	0.117426740930423	0.0332174207626316	0.00390382910036567	0.000148461086256887	
4.88029337535034e-05	0.000107565649905681	0.000479065533376227	0.00259253135837488	0.00826562341265968	0.0258785026064751	0.0654536979676068	0.13454172053249	0.215419137522683	0.245460829171804	0.190077467187497	0.08939303094106	0.0203010244632175	0.00189833452518729	8.26661939089955e-05	
8.12946872930455e-05	0.000237935670125987	0.000822860859185705	0.00381490191101999	0.0123349816987814	0.0351093909243404	0.0816268058325964	0.158567270362336	0.231665073819542	0.236328612954011	0.1616148297372	0.0646044914323331	0.0122487300183607	0.000934888903870024	7.93118900419957e-06	
5.94059405940594e-06	0	0	0.000118811881188119	0.000412871287128713	0.00152277227722772	0.00576633663366337	0.0179247524752475	0.0473930693069307	0.1025	0.179774257425743	0.240356435643564	0.219672277227723	0.131821782178218	0.0449475247524752	0.00732871287128713	0.000453465346534653	9.9009900990099e-07	
1.7775126869968e-05	0	1.87626339182996e-05	0.00019651390261798	0.00064681711665717	0.00249543031113385	0.00881053788521416	0.0257670214121153	0.0629713494580068	0.124966054445214	0.20015977864042	0.24179801333332	0.195334819202272	0.102409418447224	0.0302878286793772	0.00396977833429286	0.000150101071346397	
2.66771794514579e-05	0	2.86532668182326e-05	0.000320126153417495	0.000977175202870069	0.0037585181716054	0.013614253913394	0.0353018127637459	0.080073036189076	0.149533495174889	0.216402315579176	0.233112110352623	0.168033625102633	0.077450768253366	0.0193528116265076	0.00194644605627304	6.81750141537258e-05	
1.77889167142685e-05	2.96481945237808e-06	4.94136575396347e-05	0.000500066214301103	0.00164843961552221	0.00593161545105775	0.0200826986972583	0.0464676152771217	0.0989963097880549	0.172019812900127	0.22747774903001	0.217961666861027	0.139321807433	0.057130094301024	0.011279161469997	0.00108314737326879	2.96481945237808e-05	
2.48078138659802e-05	4.56463775134037e-05	9.22850675814465e-05	0.000609279908548475	0.00268718239796298	0.00966512428218591	0.0280526759196505	0.0589721428096536	0.121719042577155	0.191307937408893	0.230989524156361	0.197925669835782	0.111466469262622	0.0393313004156797	0.0066078093013425	0.000497148589874244	5.95387532783526e-06	
1.08958789804627e-05	3.86308436580041e-05	8.51859629381629e-05	0.000207021700628791	0.00113812408623197	0.0046614551347325	0.0144350585802075	0.0360465392707289	0.077481585964523	0.142155561454739	0.206644307002286	0.226707582343129	0.17317414784321	0.087663289604539	0.02555975101926	0.00374124862810978	0.000247633613192334	1.98106890553867e-06	
7.92436196504366e-06	5.8442169492197e-05	8.61774363698498e-05	0.000479423898885141	0.00200585412240168	0.00710716213739853	0.0205657003897796	0.0465813807210179	0.0978212957322358	0.163513265877202	0.217198837099882	0.217839719873805	0.144630501859749	0.064087286847045	0.0159339108212115	0.00194543086241822	0.000137685789142634	
5.90345489858848e-06	0.000128892098619182	0.000167264555460007	0.00113051161307969	0.0031622840073439	0.0105465221763283	0.0278219990278978	0.0611529053853283	0.118043516333876	0.179251520631591	0.223729133746706	0.201007719751189	0.117183579736981	0.0461561621246141	0.00936287946916134	0.00107639660984263	7.28092770825913e-05	
3.14814377572624e-05	0.000156423393856397	0.000304976428273479	0.0015317687058768	0.00577094105887816	0.0151622474598415	0.0374511053919832	0.0778221141359526	0.139114505859483	0.195986706962907	0.221886092287835	0.176460345193965	0.0912174659016677	0.0311990886123769	0.00528593015843034	0.000591260752878584	2.75462580376046e-05	
7.86332750464182e-06	9.53428459937821e-05	0.000233933993263094	0.000445260919950343	0.00265583886469278	0.0078593958408895	0.0201605888059635	0.0489216920701291	0.0970531197260417	0.160804064553987	0.208415529678655	0.212109327773961	0.14975903815778	0.0678329947187927	0.0204299077729975	0.00292908949547908	0.000286028537981346	9.82915938080228e-07	
4.89643549288989e-05	0.000210546726194265	0.000442637768557246	0.000950887772719216	0.00428633963047581	0.0111491836173103	0.0274268937698734	0.0619976869238732	0.115527478306343	0.179270254839882	0.212110647690694	0.198588651433529	0.124783699962102	0.0485843915346506	0.0128737081979061	0.00158350723840059	0.0001645202325611	
7.33722369238445e-05	0.000248487309048753	0.00056643366905208	0.00174332434931055	0.00608989566467909	0.015280991210006	0.0365188297617359	0.07808469112734	0.1374848975479	0.191959381129639	0.214708687762	0.176874049218097	0.0984254317956143	0.0332033829492704	0.00777843541041984	0.000906880848378718	5.2828010585168e-05	
8.70884094133764e-05	0.000472625862322031	0.000753461519643818	0.00274279563579431	0.00823034395029111	0.0211164929791086	0.048548363422868	0.0971094476246392	0.160585155829542	0.198481334703263	0.205137237633935	0.154887225402417	0.073506531630706	0.0232330348842898	0.00461666422036303	0.000479475512500612	1.27207789030774e-05	
