# <P(U)> as a function of N_tot.
# number_of_species: 1
# species_total_upper_bound: 103
# species_total_lower_bound: 0
# volume: 729
# Bin widths for each
10	10	10	10	10	10	10	10	10	10	10	10	10	10	10	10	10	10	10	10	10	10	10	10	10	10	10	10	10	10	10	10	10	10	10	10	10	10	10	10	10	10	10	10	10	10	10	10	10	10	10	10	10	10	10	10	10	10	10	10	10	10	10	10	10	10	10	10	10	10	10	10	10	10	10	10	10	10	10	10	10	10	10	10	10	10	10	10	10	10	10	10	10	10	10	10	10	10	10	10	10	10	10	10	
# Bin lower bound for each
0	0	0	0	-10	-10	-10	-10	-10	-10	-10	-10	-10	-20	-20	-20	-20	-30	-30	-30	-30	-30	-30	-30	-30	-30	-30	-40	-40	-40	-40	-50	-50	-50	-60	-60	-60	-60	-60	-60	-70	-70	-70	-70	-80	-80	-80	-80	-90	-90	-90	-90	-90	-100	-110	-110	-110	-120	-120	-120	-120	-120	-120	-130	-130	-130	-130	-140	-150	-150	-160	-160	-160	-160	-180	-180	-180	-180	-190	-190	-200	-200	-200	-200	-200	-210	-210	-220	-220	-220	-220	-250	-250	-250	-250	-250	-260	-260	-260	-260	-270	-270	-270	-270	
# Bin upper bound for each
0	0	0	0	0	0	0	0	0	0	0	0	0	0	0	0	0	0	0	0	0	0	0	0	0	0	0	0	0	0	0	0	0	0	0	0	0	0	-10	0	-10	-10	-10	-10	-10	-10	-10	-10	-10	-10	-10	-20	-20	-20	-20	-20	-20	-20	-30	-30	-30	-30	-30	-30	-30	-30	-30	-30	-40	-40	-40	-40	-40	-50	-50	-50	-50	-50	-60	-60	-60	-70	-60	-70	-70	-70	-70	-80	-80	-80	-80	-80	-90	-90	-90	-90	-90	-100	-100	-100	-100	-110	-110	-110	
# Normalized histogram for each
1	
1	
1	
1	
3.16712273234012e-06	0.999996832877268	
2.84498618601152e-05	0.99997155013814	
0.000111324109486077	0.999888675890514	
0.000505209828110065	0.99949479017189	
0.00154041190408822	0.998459588095912	
0.00370385892441012	0.99629614107559	
0.00782543265613243	0.992174567343868	
0.0164335739102957	0.983566426089704	
0.0315225137111084	0.968477486288892	
7.89907509729686e-06	0.0566134611298363	0.943378639795066	
4.11276896124902e-05	0.0947067872551617	0.905252085055226	
9.8362580336051e-05	0.146357173567119	0.853544463852545	
0.00024421399171734	0.214779069592266	0.784976716416017	
7.91168658961211e-07	0.000499227423804524	0.300325249435699	0.699174731971838	
3.16554870038398e-06	0.00104542245830181	0.396141512689102	0.602809899303896	
4.74882288552725e-06	0.00201112649202079	0.496797314698952	0.501186809986141	
1.57946069314633e-05	0.00406711128485179	0.595536444081168	0.400380650027048	
2.13120822930538e-05	0.00768182166207404	0.685705986406049	0.306590879849584	
5.76921861070893e-05	0.0143843216347279	0.76173285198556	0.223825134193606	
0.000114592257040706	0.0259302520397422	0.81649670132358	0.157458454379637	
0.000250985592006346	0.044085856014775	0.849436268996571	0.106226889396648	
0.000567423573411115	0.0709539897611218	0.860817074162024	0.0676615125034428	
0.00123087910681471	0.107387486747114	0.850487690418894	0.0408939437271778	
2.37648044829927e-06	0.0024968887910131	0.158210225044777	0.816042985778349	0.0232475239054129	
3.40969733781933e-05	0.00474027225243813	0.222740460975221	0.759483914554571	0.013001255244392	
8.33046395130566e-05	0.00871604542562324	0.296762067668755	0.687386249498189	0.00705233276791962	
0.000218900295674023	0.0152199154854511	0.379503318401584	0.60133576767382	0.0037220981434717	
7.96276610568979e-06	0.000484932455836508	0.0258646568645016	0.463645593206168	0.508187714248176	0.00180914045921272	
2.54517486544376e-05	0.000850247478487307	0.0410393539709898	0.542125427808103	0.415116429819587	0.000843089174178247	
2.06718674965096e-05	0.0017300762950925	0.0641257231178265	0.609370875564899	0.324370223606001	0.000382429548685428	
3.98573743715489e-06	6.37717989944782e-05	0.00345005432560127	0.0972838793660764	0.657162808605685	0.241871287783794	0.000164212382410781	
5.60422334271107e-06	0.000155317046926564	0.00636719832065444	0.140075160641059	0.679692216054018	0.17363965484389	6.48488701085138e-05	
7.19690245318415e-06	0.000333456480330866	0.0110440466423251	0.192524337525129	0.676807901879031	0.119254272960918	2.87876098127366e-05	
1.20156876818374e-05	0.000693705702164746	0.018432865949784	0.255689027594427	0.647727272727273	0.0774419081552875	3.20418338182331e-06	
6.80723745486201e-05	0.00126534531513906	0.0300855869960942	0.326300522715751	0.593981120727557	0.0482993518709091	
7.78313146671909e-05	0.00243924944936351	0.0469812282102408	0.396766389710219	0.524924074348965	0.02880962219717	1.60476937458126e-06	
8.86601278479044e-06	0.000178932258020316	0.00437739231219971	0.0716913853789777	0.460727996369771	0.447053380650975	0.0159620470172718	
9.68340119783673e-06	0.000336498191624826	0.00713424583250621	0.104730018705103	0.516431924882629	0.362746664471762	0.00861096451517631	
2.66785453563566e-05	0.000701726586949017	0.0123392314476991	0.145362500798335	0.553885406754846	0.283327768566044	0.00435668730076988	
9.41255895020756e-05	0.00141107241503543	0.0208187952573686	0.1961057971626	0.568929142905365	0.210495652371478	0.00214541429865076	
8.11381409304597e-07	0.000172824240181879	0.00248282711247207	0.0332885450795397	0.253131526549211	0.55940042159378	0.150476362025403	0.00104668201800293	
8.91376820637156e-06	0.000341154219534766	0.00434991888470932	0.0511569260789306	0.3169865628996	0.524892913230139	0.101742560650089	0.000521050268790629	
8.90541157573972e-06	0.000615282981596562	0.00729110333191926	0.0756514713359089	0.375606782361456	0.47421397599101	0.0664173691147373	0.000195109471795752	
5.43172924370061e-05	0.000935554559288135	0.0123429966769167	0.107408797617822	0.427055524433458	0.41182479349295	0.0402985667531149	7.94491740123373e-05	
2.4313350460738e-06	0.000114272747165469	0.00187942199061505	0.0195049801846194	0.147047143586543	0.465963740690013	0.341557999497524	0.0238919190527519	3.80909157218229e-05	
8.92644849885539e-06	0.000266170464329506	0.00344885510183049	0.0309187831140808	0.194109680084201	0.488294585784387	0.270023444099739	0.0129068330340268	2.27218689061773e-05	
7.45527845870221e-05	0.000534024837422256	0.00568140839934361	0.0466303356901197	0.245563906727984	0.489823139725694	0.204669273312939	0.00701768602743056	5.67249447944734e-06	
0.000101579851108317	0.000997107818479244	0.00902597925008065	0.0684908240888897	0.297998714405404	0.47175551923963	0.14789294946443	0.00373732588197722	
0.000176132360628168	0.00191067086137653	0.0145167155291925	0.097166622836494	0.348876811241303	0.434153282230599	0.1014619797602	0.00173778518020694	
4.88544844752662e-06	0.000328953528800126	0.00312180155796951	0.022694536521577	0.131878609633941	0.392841352389839	0.38232868157217	0.0660121794229797	0.000788999924275549	
1.38416869270966e-05	2.27980725858062e-05	0.000590307236596769	0.00477049668857996	0.0346856390055481	0.173627678162866	0.422763386946801	0.32241522780974	0.0407719101690803	0.000338714221274836	
1.71069534878227e-05	8.55347674391135e-05	0.000984057133966182	0.00781380465977121	0.0507375948112166	0.218722990360639	0.437257804232912	0.259794341834403	0.0244759773569105	0.000110787889254471	
4.71957966447043e-05	0.000184714583419791	0.00172997006321796	0.0124499256666203	0.0725480766492286	0.266413762294302	0.433293216906185	0.199663445146685	0.0136241245383153	4.55683553810939e-05	
2.43646115387552e-06	6.74087585905559e-05	0.00027694441782385	0.00283279216823927	0.0192456066544627	0.101096894811475	0.312419292224278	0.410786538389694	0.146151122315223	0.00710715718585488	1.38066132052946e-05	
8.13371832933426e-06	0.000122005774940014	0.000513237626580991	0.0050347716458579	0.0299052421814633	0.134786286550897	0.350038635162064	0.373615031111473	0.10248159746228	0.00349505876611493	
6.49440790888995e-06	0.000164795600688083	0.000838590421235415	0.00808066704063632	0.0430522418290201	0.173599582409571	0.377441998848866	0.326865173656408	0.0683560786440326	0.00159437714163248	
8.91672347700337e-06	0.000300736764542568	0.00151097932373948	0.0126820126179743	0.0614816189851634	0.213946241884768	0.393667667231122	0.271872520036283	0.0438727113405321	0.00065659509239752	
2.83125249756917e-05	0.000451382541041027	0.00287817039610031	0.0192274401756347	0.0850718571883883	0.255613564773395	0.39481330721031	0.215140405856001	0.026484344791547	0.000291214542607114	
5.67328522927772e-05	0.00081290072642365	0.00497303973812115	0.0288810741636159	0.11451039953706	0.296457519655907	0.376607261967187	0.161861258999249	0.0157125686771439	0.000127243682999515	
6.45023962640212e-06	0.000133842472247844	0.00136180684112415	0.00823695600291551	0.0421458657189115	0.148696567827495	0.331215773415982	0.342448059445408	0.117358884882573	0.00835386659614405	4.19265575716138e-05	
1.04424548444155e-05	0.000295601798672684	0.00238087970452672	0.0130602979473347	0.0587500542204386	0.186968137660472	0.352495505728088	0.299695240971695	0.0820801048743773	0.00425088238743435	1.28522521162036e-05	
2.97686094036623e-05	0.000732951436938822	0.00380153187654877	0.020263572876774	0.0798949248543752	0.226013741833746	0.35944469475107	0.253411321726258	0.0543582853280983	0.00204518392173269	4.02278505454897e-06	
6.93300699830625e-05	0.00123826729644167	0.00613087421187431	0.0302303290034286	0.106563542218385	0.262474777156226	0.356101812013934	0.202702582867572	0.0336605551403813	0.000819062222125483	8.86779964899637e-06	
6.44241168460207e-06	0.00015461788043045	0.00220572070051563	0.0098069611868855	0.0427760029828366	0.137196793933825	0.294822475319523	0.337503452730012	0.155282254135424	0.0198579287163253	0.000385739399615549	1.61060292115052e-06	
4.05172923752128e-06	1.86379544925979e-05	0.000375190127394471	0.00337428010900772	0.0156712783448848	0.0601527826060885	0.171431905422915	0.318694435598169	0.305693246820811	0.113483263522039	0.0109323758286799	0.000168551936280885	
9.73355212195492e-06	7.70572876321431e-05	0.000747861254703536	0.00551811292380494	0.0234724609420943	0.0821909252471308	0.204991041076401	0.331901149289167	0.265741384386896	0.0792943823615058	0.00600397940055919	5.19122779837596e-05	
4.84936263210472e-06	2.99044028979791e-05	0.000198823867916294	0.00155341249648421	0.00839263026196257	0.0347901357498246	0.108173115780149	0.240430591072647	0.331053055260104	0.220169145768608	0.0522106627785555	0.0029758922019016	1.77809963177173e-05	
2.51197034902613e-05	8.67034926921921e-05	0.000398674003780921	0.00257112319918061	0.0128272550403495	0.0478262948194258	0.137965514698673	0.268796223293096	0.319165280356149	0.175888163838809	0.0331126310782592	0.00132486178085733	1.21546952372232e-05	
4.3835794361418e-05	0.000103095294146298	0.000737090764447547	0.00456866390122334	0.0190458408760665	0.0650580012501319	0.168362733080601	0.291891189817107	0.29721642705805	0.132772126928978	0.0196887658600339	0.000508982278974242	3.24709587862356e-06	
7.06341976685843e-05	0.000174555775847651	0.00138345600950882	0.0073841152620204	0.0272712953987098	0.0858611445338062	0.198394411617133	0.306657151347165	0.263949442152216	0.0968248710316977	0.0118308221658231	0.000198100508403846	
1.78026511384391e-05	0	0.000129473826461375	0.00044344785563021	0.00249398958221224	0.0109866633866631	0.0386584569471205	0.111253622232598	0.227120558744298	0.309347767507087	0.225539359638639	0.0677326138904376	0.00619613180759218	8.01119301229759e-05	
8.90445279304352e-06	4.04747854229251e-06	0.000223420815534546	0.000750402521741031	0.00403614560237409	0.0159138761325857	0.0533449576917068	0.138868179290348	0.255674362542367	0.298890100434133	0.183836475390926	0.0453908528603936	0.00302103798396713	3.72368025890911e-05	
1.29921697816747e-05	2.35483077292854e-05	0.000305315989869356	0.00129028486144257	0.00638077938402499	0.0234151379890232	0.0704216202697337	0.168979408222907	0.277464837910502	0.278165603068101	0.143897212448772	0.0282847656253172	0.00135362168912823	4.87206366812801e-06	
2.51778899141434e-05	4.79192098365955e-05	0.000480004288363185	0.00226276133228398	0.00985267685640237	0.0339885270040991	0.0918773690566982	0.198941066681611	0.287988765787958	0.250197565216826	0.10678592864586	0.0168992372723736	0.000650564187781576	2.4365699916913e-06	
1.62129341925108e-06	3.97216887716514e-05	8.75498446395581e-05	0.000832534170785427	0.0037297855109871	0.0151542295897398	0.0485123416908307	0.117107644965924	0.226362555255706	0.288101408660787	0.213443278644404	0.0764974874005235	0.00986719174956205	0.000262649533918674	
1.22012622612518e-05	5.85660588540086e-05	0.000198473866116363	0.00135596694596712	0.00594852206110229	0.0219378695457307	0.0644120903121164	0.144811901273893	0.247597774815131	0.279553694094833	0.175851099049034	0.0528363460961248	0.00534903337533279	7.64612435038446e-05	
9.73518669654287e-06	1.21689833706786e-05	9.65406014073835e-05	0.000377238484491036	0.00231129557487089	0.00919650636600083	0.0317261621784752	0.083656893080067	0.172398798677962	0.262850852072216	0.260486824236072	0.139684515049787	0.034485276341387	0.00269908051161651	8.11265558045239e-06	
1.38163642643802e-05	5.68909116768596e-06	0.000135725460714794	0.000668061848548266	0.00379787471808521	0.0135855497084341	0.0443050165593189	0.105842290265559	0.19712294532377	0.270917772314444	0.234776601580755	0.106211268464149	0.0212926427860292	0.00132474551476116	
8.12207148559997e-06	1.380752152552e-05	0.000199802958545759	0.00113952662942968	0.00583245953380934	0.0199242535613253	0.0596639249260688	0.129877608504783	0.221210302360355	0.270763872701149	0.201304729563447	0.0768843408898379	0.0125794643168972	0.000596972254191598	8.12207148559997e-07	
1.7845656164498e-05	2.51461518681563e-05	0.000504545369741717	0.00198654599758435	0.00853184597900864	0.0288174900409071	0.0770048175159982	0.156199783743094	0.239358919137276	0.259738658477133	0.166837417149513	0.0533220094533308	0.00733050885266221	0.000324466475718146	
2.8577727335821e-05	0.000112677896352665	0.000812423962832624	0.00348974876095139	0.0130943146652732	0.0393360169180146	0.0972304099679113	0.18115584659476	0.25382410817078	0.239091064969422	0.132647195708442	0.0352167416491798	0.00380655328113135	0.000154319727613433	
8.16906701085669e-06	3.26762680434268e-05	0.000356988228374437	0.00143857270061186	0.00552392311274129	0.01915727904716	0.0527100879808517	0.120349145924044	0.205157132003954	0.257875389051816	0.212483968205991	0.100298170945896	0.022656907354611	0.00190339261352961	4.81974953640545e-05	
1.88106284958122e-05	4.17105240559314e-05	0.000575768802654425	0.00245519594540992	0.00825786590966155	0.0275436672383462	0.0692010308224416	0.145661328537441	0.225734084777049	0.252588301588353	0.181088284822358	0.0725247870923103	0.0134814956576073	0.000814581999209954	1.30856546057824e-05	
3.26315111081743e-06	3.09999355527656e-05	0.000155815465541532	0.00108173459323598	0.00378607107632592	0.012069580171136	0.0370661334677752	0.0888678415642241	0.170166804126907	0.241709760656024	0.236870507558682	0.14976068865541	0.0502925007076959	0.00770022083375142	0.00043807803662724	
8.95653150989208e-06	2.84980548042021e-05	0.0002678817151595	0.00174570941429169	0.00579813280744923	0.0176142405594087	0.0496916510470185	0.10996666541818	0.192980684832684	0.249228516944943	0.217208102566942	0.118182247503163	0.033139980816738	0.00396855768901946	0.00017017409868795	
3.99770580638213e-05	9.13761327173059e-05	0.00050991145489568	0.00263603825722871	0.00819203346977204	0.0251529122470941	0.0647253045803102	0.133007751469973	0.214086936231697	0.247988297328146	0.190883925388124	0.0903073583078446	0.0203254785213057	0.00197682472833957	7.58748244884772e-05	
6.6740189395635e-05	0.000226265520146177	0.000864366843148346	0.00394581022182974	0.0120636961856354	0.0343785226814906	0.0817062699152318	0.15714140374152	0.231025235116734	0.238924180703132	0.161152326343248	0.0650806376129801	0.0123485628476899	0.00106214569708907	1.38363807283634e-05	
4.86785004101164e-06	0	0	9.73570008202327e-05	0.000364277444735704	0.00148307164582821	0.00590713602476762	0.0175567124812486	0.0465252880753089	0.102135606943826	0.17895352582435	0.240460433709212	0.221144804746478	0.132054224604224	0.0452596470646459	0.00754760148858854	0.000498143320863524	7.30177506151746e-06	
1.45806838340718e-05	0	1.53907218248536e-05	0.000166057788110262	0.000570266745510364	0.00240986302257576	0.00871762885679338	0.0251816510194328	0.0621760860584361	0.125234303488834	0.199245854630582	0.242381187677702	0.196254384330625	0.103104875618667	0.03026625948757	0.00408421154952167	0.000177398319981207	
2.18678018485582e-05	0	2.34876390225255e-05	0.000269702889465551	0.000946794828183871	0.0037960884171923	0.0136649463995879	0.0344547466088709	0.0794959390682049	0.148935928960421	0.215632724598523	0.234377480375673	0.168866405548914	0.078051854227613	0.0193481451244521	0.00202317663028512	9.07108817421673e-05	
1.45890389308504e-05	2.43150648847506e-06	4.05251081412511e-05	0.000431997652785736	0.00168017098353627	0.00595232788378696	0.0198029993443038	0.0454497192825759	0.098828581224069	0.172222794076526	0.226070936770295	0.219107912689465	0.140385458618596	0.057548085067065	0.0112919161324782	0.00113713453444351	3.24200865130009e-05	
2.03242613960166e-05	3.73966409686706e-05	7.56062523931818e-05	0.000610540812336339	0.00272345102706623	0.00965239822219621	0.0273369445480982	0.0580493424288468	0.121374050145644	0.192496770474864	0.229473918688321	0.199147681774097	0.11236227264265	0.0396014168449104	0.0065395343467823	0.000493473066695283	4.87782273504399e-06	
8.91827776705783e-06	3.16193484468414e-05	6.97247170879067e-05	0.000169447277574099	0.00112289224612501	0.00462939691362729	0.0145586830784598	0.0354655584220161	0.0764734210999966	0.142206803510883	0.208245028870897	0.225888625304235	0.173899119684909	0.0875474898291096	0.0257081517923306	0.00373594763187295	0.000237550489613449	1.62150504855597e-06	
6.4690532621414e-06	4.77092678082928e-05	7.03509542257877e-05	0.000397038143963929	0.00189300671083413	0.00709089100696474	0.0205012384193839	0.0460887699661264	0.0963969799224846	0.165204256313594	0.217850220392558	0.217140241797038	0.145108142354752	0.0641980759418335	0.0159300436580232	0.00194475913693126	0.000131806960216131	
4.81815867641969e-06	0.000105196464435163	0.000136514495831891	0.000955601470823239	0.00300813706697803	0.0105477523691288	0.0279035629480386	0.0598407277346865	0.117614465397189	0.182484547763612	0.223641259177589	0.200063599694529	0.11742414812947	0.0457917800606927	0.00940825784215552	0.001010207269156	5.94239570091762e-05	
2.56969907217803e-05	0.000127681922648846	0.000248939597617247	0.00134748595097335	0.00545258021877775	0.0153266489036218	0.0373465608593074	0.0762726836170442	0.139065689538594	0.199252056963804	0.221547408538789	0.175772234722738	0.0913463777682485	0.0310347375132701	0.00528474674812613	0.00052598527883644	2.24848668815578e-05	
6.42164350727693e-06	7.78624275257327e-05	0.000191043894341489	0.000363625563599556	0.00236477022155473	0.00744107941405714	0.0207162219544754	0.0481655371263306	0.0956295096994912	0.161488280099247	0.210574520363433	0.211864468002957	0.149722223783038	0.0681296240850161	0.0201904498923171	0.00283435290302435	0.000239206220646065	8.02705438409616e-07	
3.99461845002413e-05	0.000171768593351037	0.000361113507882181	0.0007781516740647	0.00375334349564267	0.0106376689324143	0.028316252344841	0.0609123388970379	0.114790953627273	0.18050162820648	0.214141908021513	0.197924556038105	0.124423576557662	0.0487639052668245	0.0127947628954273	0.00154991195860936	0.000138213798370835	
5.9921431019647e-05	0.000202933913053205	0.000462593447471675	0.00143891329688512	0.00553034860690662	0.0146991265053262	0.0372351772356087	0.0771660199146879	0.137253633036363	0.194023196784376	0.215844984056905	0.176292045869456	0.0979955082895308	0.0332995376462383	0.00763159345466225	0.000821323081175962	4.31434303341459e-05	
7.11306902554151e-05	0.000386023858352421	0.000615400353895165	0.00227298520321798	0.00757421968034347	0.0207781537669695	0.0488715795329031	0.0958442094023583	0.160227873959614	0.201660302201535	0.207292414271534	0.15336815806678	0.0730696009808043	0.0230343553241721	0.00446045373388171	0.000462749097279611	1.03898761047236e-05	
