# <P(U)> as a function of N_tot.
# number_of_species: 1
# species_total_upper_bound: 103
# species_total_lower_bound: 0
# volume: 729
# Bin widths for each
10	10	10	10	10	10	10	10	10	10	10	10	10	10	10	10	10	10	10	10	10	10	10	10	10	10	10	10	10	10	10	10	10	10	10	10	10	10	10	10	10	10	10	10	10	10	10	10	10	10	10	10	10	10	10	10	10	10	10	10	10	10	10	10	10	10	10	10	10	10	10	10	10	10	10	10	10	10	10	10	10	10	10	10	10	10	10	10	10	10	10	10	10	10	10	10	10	10	10	10	10	10	10	10	
# Bin lower bound for each
0	0	0	0	0	0	-10	-10	-10	-10	-10	-10	-10	-10	-10	-20	-20	-20	-20	-20	-20	-20	-30	-30	-30	-30	-30	-30	-30	-30	-40	-40	-40	-40	-40	-50	-50	-50	-50	-50	-50	-60	-60	-60	-60	-70	-70	-70	-70	-80	-80	-80	-80	-80	-80	-80	-90	-90	-100	-100	-110	-110	-110	-110	-110	-120	-120	-130	-130	-130	-140	-150	-160	-160	-160	-160	-160	-160	-160	-170	-170	-180	-180	-180	-190	-190	-190	-190	-200	-200	-210	-210	-210	-220	-220	-220	-230	-230	-230	-230	-230	-240	-240	-240	
# Bin upper bound for each
0	0	0	0	0	0	0	0	0	0	0	0	0	0	0	0	0	0	0	0	0	0	0	0	0	0	0	0	0	0	0	0	0	0	-10	-10	-10	-10	-10	-10	-10	-10	-10	-10	-10	-10	-10	-10	-10	-20	-20	-20	-20	-20	-20	-20	-30	-30	-30	-30	-30	-30	-30	-40	-40	-40	-40	-40	-40	-40	-50	-50	-50	-50	-60	-60	-60	-60	-60	-70	-70	-80	-80	-80	-80	-80	-80	-80	-90	-90	-90	-100	-100	-100	-100	-100	-100	-110	-110	-110	-120	-120	-120	-120	
# Normalized histogram for each
1	
1	
1	
1	
1	
1	
0.000150985178288331	0.999849014821712	
0.000550550550550551	0.999449449449449	
0.00112700042575572	0.998872999574244	
0.00326895243798972	0.99673104756201	
0.00654549116358693	0.993454508836413	
0.0156854958800755	0.984314504119925	
0.0307479361312967	0.969252063868703	
0.0584025912069701	0.94159740879303	
0.0975893557281259	0.902410644271874	
2.52576278035967e-05	0.152758132956153	0.847216609416044	
0.00032565130260521	0.223597194388778	0.776077154308617	
0.000474679591275889	0.305968471281885	0.693556849126839	
0.000930419694721754	0.399275781426811	0.599793798878467	
0.00178762960314623	0.498084682568058	0.500127687828796	
0.00445896987661828	0.59927541739505	0.396265612728332	
0.00734154705957068	0.687971548329735	0.304686904610695	
2.58011249290469e-05	0.012642551215233	0.767119046390423	0.220212601269415	
0.000131787032156036	0.0232208750658935	0.823748023194518	0.152899314707433	
0.000157571301013709	0.0401281579914912	0.853196071222228	0.106518199485267	
0.000105379630117498	0.0662047526213183	0.866800147531482	0.066889720217082	
0.000241112331556246	0.0978648163527741	0.861306828837035	0.0405872424786348	
0.000701868048806824	0.151279559442825	0.823615160349854	0.0244034121585142	
0.00229302112277105	0.211551431114948	0.772856025250209	0.0132995225120721	
0.00592713431212616	0.287302882001088	0.699021207177814	0.00774877650897227	
0.000110168557893577	0.0110994822077779	0.370717197311887	0.614189710256693	0.0038834416657486	
0.000109733347964446	0.0202458026994404	0.456463294195106	0.521343136179085	0.00183803357840448	
0.000108119796734782	0.0331657476483944	0.538706887231052	0.427316466645043	0.000702778678776084	
0.000353635646473164	0.0531813606811567	0.616223715350507	0.330132477353717	0.000108810968145589	
0.0020880223445508	0.0850123383138542	0.676275185074708	0.236624454266887	
0.000304506699147381	0.00462296534160115	0.123269848300299	0.698344590853726	0.173458088805226	
0.000631399785873116	0.0093886402942872	0.175446783978917	0.693276964888682	0.121256211052241	
0.000390211271531301	0.0173922738168237	0.245610123195273	0.656641953286136	0.0799654384302358	
0.00112695103397757	0.0254972671437426	0.321406434890404	0.602749760522905	0.0492195864089705	
0.0030035184072771	0.0418490231413942	0.392431133613662	0.530707400097257	0.0320089247404102	
0.00514221908791725	0.0673483779971791	0.456805359661495	0.455953220498355	0.0147508227550541	
0.000354777672658467	0.00656338694418165	0.100963812677389	0.506415562913907	0.376921712393567	0.00878074739829707	
0.000698689956331878	0.0102183406113537	0.149082969432314	0.546724890829694	0.288005822416303	0.00526928675400291	
0.00119835653960283	0.0166343300616298	0.20905615156357	0.561972152476603	0.208314311800959	0.00282469755763524	
0.00183865127856981	0.0301255940257977	0.269319981896357	0.545485403937542	0.15122199592668	0.00200837293505318	
0.00036520957410945	0.00407349140352849	0.0463816159119002	0.329559501067536	0.511012473311608	0.107821103494775	0.000786605236543432	
0.000883518112121298	0.00581411918944338	0.0712799612392054	0.395103599623792	0.45848889902243	0.0681163963861259	0.000313506426881751	
0.00110215209698938	0.00681594059980277	0.113260629966935	0.453477579906027	0.386855386043274	0.0382562793665526	0.000232032020418818	
0.00183769908406744	0.0100635902222741	0.160521556501954	0.491657429554868	0.312350504638002	0.023540050172102	2.91698267312292e-05	
0.000206538416145403	0.00280302136197333	0.0219225775994335	0.201935560014163	0.510031865927062	0.249527912191668	0.0135725244895551	
0.000298739320069307	0.00430184620899803	0.035370735496206	0.256318336619466	0.502001553444464	0.193553205472904	0.0081555834378921	
0.000358144809884797	0.00573031695815675	0.0635408583537277	0.295350086551662	0.488658747686981	0.142004417119322	0.00435742852026503	
0.000888599271348597	0.00915257249489055	0.0938360830544119	0.340126181096531	0.454962826930482	0.099049198779657	0.00198453837267853	
0.0019627669065604	0.0133230238505918	0.131683816094689	0.383601974662464	0.398798548742045	0.0699161363230833	0.000713733420567418	
0.00413817920115149	0.0241993522849946	0.174643157010915	0.423353724361281	0.327006117308384	0.0464795489984407	0.000179920834832674	
0.00518885000603355	0.0397309038252685	0.214613249668155	0.444069023772173	0.269397852057439	0.0269699529383372	3.01677325932183e-05	
0.00172000737146016	0.0101050433073285	0.0621966951286934	0.262638982738497	0.439676884329504	0.207967319859942	0.015695067264574	
0.00355468390892655	0.0160573652437716	0.0919927680568749	0.304415775442037	0.418901112370913	0.159286611712071	0.00579168326540618	
0.000151016339967985	0.00480231961098191	0.025551964722583	0.130266694856383	0.344075628983056	0.377329427044006	0.115165060859585	0.00265788758343653	
0.000326061180934313	0.00755869101256818	0.0349478302110505	0.170500355703106	0.378853450320133	0.336761916054067	0.0699845861987195	0.00106710931942139	
0.000236910684671879	0.00091802890310353	0.0111644160151623	0.0509061833688699	0.212982705520019	0.402155887230514	0.275734423122483	0.0453980099502488	0.000503435204927742	
0.000650291153084449	0.0013892583724986	0.0158434571842393	0.0723301114362567	0.252726789039638	0.408205492004375	0.219946203186427	0.0287901628683752	0.000118234755106263	
0.000448028673835125	0.00307646356033453	0.0213859020310633	0.104181600955794	0.292831541218638	0.388291517323775	0.170878136200717	0.0187275985663082	0.00017921146953405	
0.000872416593965284	0.0060768328269306	0.0329713305857224	0.142233988147168	0.319996390000301	0.366806052766162	0.121987906501008	0.00905508257874312	
0.00414887495835983	0.010659883104691	0.0499682020532388	0.187819872202538	0.344296054026226	0.31161987825929	0.0873989279549378	0.00408830744071954	
0.000275617076009065	0.00422612849880566	0.0176701169841367	0.0720891774361487	0.232835180988547	0.351411771911558	0.259753782078765	0.0595026642984014	0.00223556072762908	
0.00140603985817337	0.00892529649101357	0.0226800342340139	0.0944186330847292	0.26311284998166	0.349859396014183	0.218119574520112	0.0407140237192811	0.000764152096833354	
0.000119499297941625	0.00271860902817196	0.011471932602396	0.0368057837660204	0.124488393630687	0.293221402324261	0.333313416783676	0.172108863860425	0.0255429749350223	0.000209123771397843	
0.000563848413805383	0.0042140249873876	0.0189334362109387	0.0564145176128439	0.153307416090453	0.307000623200878	0.317862124224708	0.129507077781405	0.0120782265483574	0.000118704929222186	
0.0007060069424016	0.0063540624816144	0.030299464611402	0.0803377066541154	0.192622227451903	0.314643760663647	0.278843325292699	0.0909278107901394	0.0051185503324116	0.000147084779667	
2.91053029862041e-05	0.00192094999708947	0.00887711741079225	0.0426683741777752	0.109959834681879	0.229786367076081	0.321089702543803	0.225245939810233	0.0581232900634496	0.00229931893591012	
0.000228128208052926	0.000313676286072773	0.00333637504277404	0.0148568495494468	0.056319151363066	0.146059085205886	0.257129006501654	0.305891410972967	0.178909547165507	0.0360727728983689	0.000883996806205087	
0.000224517287831163	0.000673551863493489	0.00072968118545128	0.0054445442299057	0.0235743152222721	0.0653906600808262	0.18724741805119	0.278625954198473	0.281011450381679	0.13566457117198	0.0208239784463404	0.000589357880556803	
0.000170314229753896	0.000454171279343722	0.000766414033892532	0.00896988276703852	0.0349144170995487	0.086689942944733	0.214198529620483	0.292259218257685	0.251213488886997	0.0990661103068495	0.0112123534587982	8.5157114876948e-05	
0.000514756348661634	0.000629146648364219	0.00142987874628232	0.0153568977350721	0.0469572180279112	0.109900480439259	0.244652253488904	0.291638069091741	0.21282315259666	0.0700354609929078	0.00606268588423702	
0.00131417307087964	0.00148558694969003	0.00262834614175928	0.020941062194669	0.0625946347455932	0.14587321086764	0.257377939033797	0.279261777561923	0.183098591549296	0.0413107447933034	0.0041139330914493	
0.00208427219468229	0.00214060387561965	0.00546417305092384	0.0275461919783686	0.0747239747634069	0.170882154123479	0.276391392519153	0.268758449752141	0.14803965750338	0.022589004055881	0.0013801261829653	
0.000950467086682598	0.00494242885074951	0.00945035846187269	0.0346513143601999	0.095263958288073	0.221703237019335	0.277536389311319	0.24101129698023	0.101428416250272	0.0126276341516402	0.000434499239626331	
0.000542064180398959	0.00753469210754553	0.0132263660017346	0.0532035993061578	0.123102775368604	0.247425195143105	0.274989158716392	0.198910450997398	0.0758618820468343	0.00514960971379011	5.42064180398959e-05	
2.75679550090974e-05	0.00074433478524563	0.0111650217786845	0.0234051938027237	0.06903015934278	0.145310690852953	0.262943154876771	0.267657275183327	0.169156971935822	0.0473893146606385	0.0031703148260462	
0.000164803471859807	0.00288406075754663	0.0148872469580026	0.0356250171670283	0.0853956656686901	0.177548273683632	0.275441535968358	0.244925426428983	0.134177493339193	0.0277968522536875	0.00115362430301865	
0.000191523707898985	0.000191523707898985	0.00588251388546882	0.0199731866808941	0.0457468056581575	0.114449095734493	0.211195928753181	0.268570959533777	0.223973296123013	0.0951872828257955	0.0146378833894224	
0.000218310820030018	0.00191021967526266	0.00889616591622322	0.0283531177513986	0.0640196479738027	0.133769954973393	0.248164824669123	0.251957975167144	0.187692727520808	0.0668849774866967	0.00813207804611816	
0.000481283422459893	0.00342245989304813	0.013903743315508	0.0302139037433155	0.0788502673796792	0.159171122994652	0.266631016042781	0.236737967914438	0.157807486631016	0.0486363636363636	0.00414438502673797	
5.41814536884025e-05	0.00119199198114485	0.00419906266085119	0.0161189824722997	0.0413946306179395	0.0987456993471135	0.18261858965676	0.27927830303687	0.219082707989055	0.124617343483326	0.0303416140655054	0.00235689323544551	
0.000163782278757438	0.00144674346235737	0.00491346836272315	0.0197357645902713	0.0510454768794016	0.119342687121253	0.222116067041546	0.27428072282579	0.192990118469182	0.0957580389801823	0.017197139269531	0.0010099907190042	
0.000296567900568871	0.00188725027634736	0.0067132188401499	0.0251813108301205	0.0660807203903912	0.147609932328597	0.248901350731983	0.267018953384918	0.159742255533687	0.0661346418268583	0.010002426464641	0.00043137149173654	
0.00057846458970333	0.00225876649312729	0.0145717984739553	0.0341569567253395	0.0931878908079222	0.177781450568824	0.258408396000331	0.234718893755337	0.128942511638157	0.0485359336693937	0.00680384541222488	5.50918656860315e-05	
0.000550478916657492	0.00181658042496972	0.00396344819993394	0.0185511394913575	0.0536441704282726	0.121298029285478	0.204502917538258	0.253743256633271	0.208906748871518	0.102086315094132	0.0279643289662006	0.00297258614995046	
0.000796812749003984	0.000906717955763154	0.00598983376837478	0.0292622612996291	0.0691853276548977	0.135595548839126	0.225333150157989	0.2530292622613	0.183569171589504	0.0787745569446353	0.0161011127902184	0.00145624398955901	
0.000108011773283288	0.00118812950611617	0.000891097129587125	0.00926200955904194	0.0385872060054546	0.0904598601247536	0.160019442119191	0.241514325061432	0.240515216158561	0.151189479653282	0.0563281397672346	0.00955904193557098	0.000378041206491508	
0.000446980253989956	0.00220860831383272	0.00152499145478926	0.0116477795598559	0.0421476086556412	0.104277863960245	0.188888596744932	0.254568401125339	0.229958194199774	0.121210527699629	0.0388609891410091	0.00425945889096311	
0.00161505332239541	0.00246103363412633	0.00356337161607875	0.0169708777686628	0.0536043888433142	0.124564191960623	0.222159557013946	0.26276661197703	0.194960008203445	0.0879306808859721	0.0274302707136998	0.0019739540607055	
0.000359140115950952	0.00259093940793187	0.00305269098558309	0.00756759530039505	0.0238058591144631	0.0801908573187625	0.147709199117541	0.234723718639372	0.251577651223642	0.161792622235904	0.067159201682828	0.0180596172592479	0.00141090759837874	
0.000894219136289517	0.00334017147966966	0.00531271369207301	0.0130450791646941	0.0335332176108569	0.0905002367050655	0.164825627268424	0.260244069223081	0.23320709063174	0.136315817158487	0.048340434485298	0.00983641049918468	0.000604912945137026	
0.00115703368851577	0.005892799483371	0.00801851253901625	0.0170864277257561	0.0457431923366699	0.109030244322463	0.18859649122807	0.26469163706813	0.220509094822947	0.100796469701862	0.0330427295231945	0.00527392099881606	0.000161446561188247	
0.000540102619497705	0.00351066702673508	0.00745341614906832	0.0102349446394815	0.0222792330542803	0.0688900891169322	0.126384012962463	0.214447745071564	0.25765595463138	0.191250337564137	0.07412908452606	0.0211450175533351	0.00205238995409128	2.70051309748852e-05	
0.00115028623401637	0.00532341768765716	0.00898828313091862	0.0129206570006955	0.0327965330907924	0.0846129153068322	0.145738590765609	0.229334974051683	0.252233695361404	0.159568776416457	0.0539029479428602	0.0126798994168316	0.000749023594243219	
0.00154099034312718	0.00680604068214506	0.0079874666118759	0.0182350523936717	0.0436357098828847	0.101243065543456	0.177008424080542	0.239726731045819	0.243348058352168	0.115009245942059	0.0380110951304705	0.0071142387507705	0.00033388124101089	
0.00181036433582258	0.00852379874783133	0.00869980639159186	0.0201151592869176	0.0556184154283272	0.119584621960725	0.202081918986196	0.253023559880315	0.209423952125921	0.088179829524025	0.0290915491187046	0.00382188026451434	2.5143949108647e-05	
0.00297558494404883	0.0101983723296033	0.00750254323499491	0.0233214649033571	0.076119023397762	0.154603255340793	0.213301119023398	0.252543234994914	0.173626653102747	0.0652594099694812	0.0191251271617497	0.00142421159715158	
0.000308697553571888	0.00558228076042497	0.00815476037352404	0.00733156689733234	0.0315900496488565	0.0938697810819849	0.174414117768117	0.228384740050935	0.232423533043501	0.151750572376714	0.0521698865536491	0.0132225452113292	0.000797468680060711	
0.000762094972801093	0.00775234541297664	0.00977583896144851	0.0104065382492839	0.0424933645179092	0.117362625811368	0.183375817938139	0.232649199800279	0.226894068798781	0.12348566473077	0.0370798622973222	0.00722676267311381	0.000735815835807952	
0.00150606388881549	0.00673765423943774	0.0126297989272598	0.0129468650091156	0.0605067772874997	0.139931830792401	0.212196475282057	0.23293788147013	0.197902079425054	0.09535762411816	0.0235157344043121	0.00361983776785478	0.000211377387903929	
