# <P(U)> as a function of N_tot.
# number_of_species: 1
# species_total_upper_bound: 103
# species_total_lower_bound: 0
# volume: 729
# Bin widths for each
10	10	10	10	10	10	10	10	10	10	10	10	10	10	10	10	10	10	10	10	10	10	10	10	10	10	10	10	10	10	10	10	10	10	10	10	10	10	10	10	10	10	10	10	10	10	10	10	10	10	10	10	10	10	10	10	10	10	10	10	10	10	10	10	10	10	10	10	10	10	10	10	10	10	10	10	10	10	10	10	10	10	10	10	10	10	10	10	10	10	10	10	10	10	10	10	10	10	10	10	10	10	10	10	
# Bin lower bound for each
0	0	0	0	-10	-10	-10	-10	-10	-10	-10	-10	-10	-20	-20	-20	-20	-30	-30	-30	-30	-30	-30	-30	-30	-30	-30	-40	-40	-40	-40	-50	-50	-50	-60	-60	-60	-60	-60	-60	-70	-70	-70	-70	-80	-80	-80	-80	-90	-90	-90	-90	-90	-100	-110	-110	-110	-120	-120	-120	-120	-120	-120	-130	-130	-130	-130	-140	-150	-150	-160	-160	-160	-160	-180	-180	-180	-180	-190	-190	-200	-200	-200	-200	-200	-210	-210	-220	-220	-220	-220	-250	-250	-250	-250	-250	-260	-260	-260	-260	-270	-270	-270	-270	
# Bin upper bound for each
0	0	0	0	0	0	0	0	0	0	0	0	0	0	0	0	0	0	0	0	0	0	0	0	0	0	0	0	0	0	0	0	0	0	0	0	0	0	-10	0	-10	-10	-10	-10	-10	-10	-10	-10	-10	-10	-10	-20	-20	-20	-20	-20	-20	-20	-30	-30	-30	-30	-30	-30	-30	-30	-30	-30	-40	-40	-40	-40	-40	-50	-50	-50	-50	-50	-60	-60	-60	-70	-60	-70	-70	-70	-70	-80	-80	-80	-80	-80	-90	-90	-90	-90	-90	-100	-100	-100	-100	-110	-110	-110	
# Normalized histogram for each
1	
1	
1	
1	
3.2457942620849e-06	0.999996754205738	
2.91453844640528e-05	0.999970854615536	
0.00011400461839986	0.9998859953816	
0.000510201602518938	0.999489798397481	
0.00152396954003313	0.998476030459967	
0.00369355183608406	0.996306448163916	
0.00780589656274487	0.992194103437255	
0.0164134961541769	0.983586503845823	
0.0315331354453612	0.968466864554639	
8.08793853813746e-06	0.0565452047016804	0.943446707359781	
3.80576354548171e-05	0.0945764630529187	0.905385479311626	
8.52879850348016e-05	0.146235591407195	0.85367912060777	
0.000231463809618174	0.214698520418357	0.785070015772025	
8.10197469429224e-07	0.000485308284188105	0.300523306545504	0.698990574972838	
3.24085289525644e-06	0.000988460133053216	0.396466498088302	0.60254180092575	
4.86156688300639e-06	0.00195434988696857	0.497026341589894	0.501014446956254	
1.61639280931495e-05	0.00402805088081285	0.5956480240002	0.400307761190894	
2.18187107566244e-05	0.0076413973672089	0.685738644169152	0.306598139752883	
5.41976921490194e-05	0.0142814963416558	0.76178658243105	0.223877723535146	
0.000114045559987965	0.025733854869341	0.816724740930547	0.157427358640124	
0.000250462143051049	0.0437605840453999	0.84978088602195	0.106208067789599	
0.000568933484079156	0.0705631067647323	0.86122467781313	0.067643281938059	
0.00122331140926122	0.106805367997332	0.851014271696573	0.0409570488968338	
2.43602194368567e-06	0.00246119417043709	0.157680452385515	0.816475790813924	0.0233801266081805	
3.41515058374681e-05	0.00471128154338786	0.222353949459024	0.759849050344198	0.0130515671475524	
8.30016657295073e-05	0.00861833962491385	0.29663981589905	0.68758661264506	0.00707223016524655	
0.000210813855435416	0.0150980162334808	0.379466567689969	0.601476348150536	0.0037482540705795	
8.17295943678502e-06	0.000471579759502496	0.0256442948248004	0.463679776910899	0.508374422886902	0.00182175265845938	
2.61201461422177e-05	0.000822784603479856	0.0407327353996546	0.541996297469284	0.415583768941187	0.000838293440251798	
2.12080081438751e-05	0.00167869541384981	0.063757798021456	0.609518969747592	0.324639137584506	0.000384191224452507	
4.09007657441363e-06	6.5441225190618e-05	0.00337022309731683	0.096955265196475	0.657186141838948	0.24225196344126	0.000166875124236076	
5.75480423389169e-06	0.000159490288767855	0.00629246737231528	0.139716781420203	0.679924365430069	0.173834549378276	6.65913061350324e-05	
7.38911402880769e-06	0.000338257219985419	0.0109547720540423	0.192259820953557	0.676956144787226	0.119454059415045	2.95564561152308e-05	
1.23368147824649e-05	0.000696618808049854	0.018424621650452	0.255421413256154	0.647899904019581	0.0775418156337052	3.28981727532399e-06	
6.99056848947796e-05	0.00127475072455186	0.0300232580325744	0.326134692628816	0.594131705600021	0.0483656873291423	
7.99674853853237e-05	0.00243364965832449	0.0469343186646584	0.396876156746164	0.524829079805077	0.0288451788262587	1.64881413165616e-06	
9.11306664634177e-06	0.000183918254135261	0.00436267354178507	0.0715500000828461	0.460932283287133	0.446998404384876	0.0159636073825781	
9.96014282844816e-06	0.000336154820460125	0.00711984209853569	0.104466958056179	0.516573677666538	0.362877883668852	0.00861552354660766	
2.74393133852297e-05	0.00070011823849586	0.012309442283483	0.144941105255543	0.554150237724233	0.283481367043223	0.00439029014163675	
9.68658066207779e-05	0.00139620369543052	0.0206432724609677	0.195619661420604	0.569359675265734	0.210718201502589	0.00216611984805429	
8.34762864739199e-07	0.000177804490189449	0.00247841094541068	0.0332051972335959	0.252912278944359	0.559633372149807	0.15054864789285	0.001043453580924	
9.17682235006741e-06	0.000345382222993446	0.00429225009009971	0.0510539997597341	0.316976620793678	0.524922580989629	0.101877744704139	0.000522244617376563	
9.17158875263058e-06	0.000604491076877924	0.00725389292253509	0.0755688886369018	0.375827527439726	0.474058578103582	0.0664806779638406	0.000196772267783711	
5.51134418344426e-05	0.000936093459036517	0.0123053284677628	0.107259943383464	0.427231885631258	0.411822668325637	0.0403071321804047	8.18351106026571e-05	
2.50398342029111e-06	0.000113513915053197	0.00188466485433911	0.0194868336378455	0.146964629564866	0.465912856369007	0.341757846440713	0.0238379221611714	3.92290735845608e-05	
9.20070159531801e-06	0.000258456072086661	0.00350044874330963	0.0309804351262713	0.194050324492017	0.488149078131522	0.270082413193472	0.0129462235720302	2.34199676971731e-05	
7.68606758225554e-05	0.000516303235416731	0.00575452538114958	0.0467805819856956	0.245381049332022	0.489701087160842	0.204755169507031	0.00702857462712129	5.84809489954226e-06	
0.000104735204267164	0.00098702456501375	0.0090776096242436	0.068478390194774	0.297550201678109	0.472093514293423	0.147982464813161	0.00372605962700861	
0.000181636925363964	0.00191597659980698	0.0145728058552379	0.0972845698176349	0.348361208044591	0.434389310708794	0.101559315337606	0.00173517671096543	
5.03941663713009e-06	0.000339320720233426	0.00314879549543345	0.0226656162282654	0.131832819032869	0.392383257714087	0.382689939812567	0.0661423433623324	0.000792868217575134	
1.42831337195381e-05	2.35251614204156e-05	0.000596530878874825	0.00477728813701726	0.0345298958591515	0.173606449254967	0.422261524178405	0.322984502799914	0.0408665661246077	0.00033943447192314	
1.76624800981697e-05	8.74713300099835e-05	0.000976482828284527	0.0078825125466689	0.050505441305476	0.218506746646862	0.436955459430545	0.260357572704235	0.0246029937062696	0.000107657021550749	
4.87245508730515e-05	0.000166335535739038	0.00173980249755327	0.0125028877697177	0.0721862621968892	0.266186421811797	0.433294829737097	0.200133572475669	0.0137025198153508	3.86436093131098e-05	
2.51621490823784e-06	6.96152791279135e-05	0.000254137705732021	0.00284751653782248	0.0192557539544414	0.100750922402448	0.312173363852224	0.410918862972807	0.146595519292239	0.00711753323710209	1.42585511466811e-05	
8.40305064350562e-06	0.000126045759652584	0.000504183038610337	0.00506367831777649	0.0298535180211824	0.134559730564584	0.349913112456346	0.373654251439443	0.102836533775222	0.00348054357654003	
6.71208510923918e-06	0.000168641138369635	0.000826425479075075	0.00809896969493573	0.0428784776990972	0.173249823807766	0.37751367587341	0.327036278820015	0.0686243581568614	0.00159663724536027	
9.21090973643401e-06	0.000298935888718813	0.00151561332935869	0.0126105727846087	0.061226591728938	0.213544893974055	0.393764716521693	0.272351528508603	0.0440256364738628	0.000652299880425645	
2.92285093209716e-05	0.000460975347005038	0.0029253562328961	0.0191747372148237	0.0847944108409376	0.255105594253174	0.395267152750695	0.215438331603284	0.0265110930543876	0.00029312019347603	
5.85910852826727e-05	0.000829482364501838	0.00503715930330178	0.0286594108582673	0.114410812231475	0.295752732227859	0.37737597313515	0.161985099449997	0.0157593279100309	0.000131411434133994	
6.66591119673104e-06	0.000138317657332169	0.00139317544011679	0.00829072705093423	0.0418485904930775	0.148212369264817	0.33081167467687	0.343281094809255	0.117591672943733	0.00838238332988928	4.33284227787517e-05	
1.07902442911308e-05	0.000305446915318163	0.0024336150970458	0.0131881685801367	0.0586200771585469	0.186310998080997	0.352268275353754	0.300119024694719	0.0824789673238202	0.00425135625070552	1.32803006660071e-05	
3.07641908144778e-05	0.000754969871879617	0.00387878243647402	0.0204415575992956	0.0795445569416071	0.225346034786817	0.359580176885783	0.25388106896417	0.054513314658638	0.00202461634143928	4.15732308303754e-06	
7.16665472224213e-05	0.00127499787500354	0.00617332304446159	0.0304216159639734	0.106152323079462	0.261829563617394	0.356614405642657	0.202982995028342	0.0336582772362046	0.000811665313891143	9.16665138891435e-06	
6.66301311447556e-06	0.000159912314747413	0.00223377514662793	0.0098146183176225	0.0429822647248425	0.136669226374205	0.293836379718454	0.338319488147333	0.155769586343488	0.0198349571651544	0.000371462981132013	1.66575327861889e-06	
4.18918352813037e-06	1.92702442293997e-05	0.000383729211176742	0.00340831971848687	0.0156951950064932	0.0603384860290729	0.171145741694944	0.317888651501822	0.306279586108667	0.113722927401449	0.0109463365590047	0.000167567341125215	
1.0065627893868e-05	7.96862208264552e-05	0.000742340057172766	0.00558139066714982	0.0235544080739757	0.0823007676718874	0.204665250768343	0.331159996510582	0.266266054676491	0.0795721437103246	0.00601672907355961	5.11669417938291e-05	
5.00747365442924e-06	3.08794208689803e-05	0.000205306419831599	0.00155982804335471	0.00843425479194364	0.0350005716865755	0.108134724409515	0.239999031888427	0.330625959244172	0.220684371424351	0.0523406183729216	0.00296108608765249	1.83607367329072e-05	
2.59432679311918e-05	8.95461183431457e-05	0.00041090788884565	0.0025575040902491	0.0129758183636493	0.0481414996045744	0.137873405221292	0.268343773406477	0.318962436658674	0.176097044559655	0.0332048723130934	0.00130553219266642	1.17163145495705e-05	
4.529730128745e-05	0.00010653254191678	0.000744050115592002	0.00459767608067617	0.0192127664571806	0.0654671829440562	0.168230821625938	0.291152598219648	0.29726941157128	0.133018041747335	0.0196447684972369	0.000507497542201986	3.35535565092222e-06	
7.29941092914789e-05	0.000180387741352505	0.00137094683427904	0.00749154484900707	0.0275254913048914	0.0863050465777928	0.198400506092491	0.305948516499605	0.263588440753534	0.097062868064406	0.0118527331259853	0.000200524047363948	
1.83954486315459e-05	0	0.000133785080956697	0.000458213902276688	0.00248756634903859	0.0111300825788412	0.039008384979949	0.111759875847445	0.227241485415754	0.308629639415761	0.225003929936753	0.0678658269423085	0.00618087074019941	8.1943362085977e-05	
9.19007839136868e-06	4.17730835971304e-06	0.00023058742145616	0.000761105583139715	0.00405533095560941	0.0160801307998794	0.0535597768648967	0.139454426818988	0.255524281440302	0.298397668059381	0.18346905408194	0.0454048354850649	0.00301100386568116	3.84312369093599e-05	
1.34030964503574e-05	2.42931123162729e-05	0.0003149727665834	0.00130512651685356	0.00635809387863831	0.023645575219015	0.0707164122591422	0.169412626051934	0.276714465459383	0.278058963572059	0.143809361057638	0.0282947743002327	0.00132690654858539	5.02616116888404e-06	
2.59871338538584e-05	4.94593837863757e-05	0.000495432132504204	0.00229357413626312	0.00982146000747759	0.0342141574552057	0.0922241465741413	0.199110066409701	0.287441172673607	0.249976946897388	0.106802928666156	0.0169050497192551	0.000637103926739755	2.51488392134114e-06	
1.67493105565042e-06	4.10358108634353e-05	9.04462770051228e-05	0.000860077097076492	0.0037669199441578	0.0150634924489921	0.0487907416510968	0.117559223468464	0.226753003779482	0.287423193942779	0.213026943778427	0.0765175503463339	0.00985529433144708	0.000250402192819738	
1.26013886730318e-05	6.04866656305525e-05	0.000204982589081317	0.0013869928466117	0.00600750202672334	0.0219222158281843	0.0648249037043882	0.145450268619602	0.247518156500846	0.278876292167397	0.175623873750887	0.0527401719669508	0.00529762379814256	7.39281468817864e-05	
1.0050335429945e-05	1.25629192874312e-05	9.96658263469543e-05	0.000389450497910368	0.00231827737250731	0.00922034522902202	0.0315940669519845	0.0842603371887537	0.173405974924413	0.262886623841071	0.25974505649126	0.138986088660709	0.0343964354810342	0.0026666890007454	8.37527952495415e-06	
1.42636715193915e-05	5.87327650798472e-06	0.000140119596690493	0.000682978153928509	0.00382518108570033	0.0135530050619253	0.0442811487122002	0.106419575127177	0.198120719325345	0.270438372968161	0.234051746922193	0.105829730357876	0.0213267060399937	0.00131057970078173	
8.3857372027361e-06	1.42557532446514e-05	0.000204611987746761	0.00115471601281676	0.00585240599378952	0.0198683271544426	0.059562214203594	0.130516452397105	0.222127277042116	0.27016748832915	0.200688301309601	0.0766129336579173	0.0126314359484814	0.000590355899072621	8.3857372027361e-07	
1.8434183679882e-05	2.59754406398338e-05	0.000496047124476825	0.00200262268158718	0.00860457419130493	0.0287749228068558	0.0772291746094257	0.156709833380117	0.240071725732864	0.259015363216262	0.166392807316695	0.0529798438959809	0.00735440137083293	0.000324274049277925	
2.95220880045009e-05	0.000116401375560603	0.000812279164238123	0.0035240938195087	0.0132166170555007	0.039194367523004	0.0974650648262878	0.181630007262434	0.254046002161017	0.238490392247331	0.132586227692899	0.0348807687214321	0.00385389771693041	0.000154358345852104	
8.44210279273203e-06	3.37684111709281e-05	0.000368919892042389	0.00145119747007063	0.00555828047873477	0.0191618849189432	0.0525073467399554	0.120595438394177	0.205447857774206	0.258080991845773	0.212076596887059	0.100339456953296	0.0224222250174963	0.00189778470780616	4.98084064771189e-05	
1.94306482148726e-05	4.30853503895e-05	0.000591367554365686	0.00248374372833588	0.00824704295102547	0.0275264700341388	0.0690193520808112	0.145972322308834	0.225849182687799	0.252771613005693	0.180696580290395	0.0725760055149249	0.013357303431537	0.000832983440863667	1.35169726712157e-05	
3.36889766299569e-06	3.20045277984591e-05	0.000160864863408044	0.00108394282306886	0.00379169431970165	0.0121516138704255	0.0370915632695826	0.0890071184807619	0.170417372731469	0.241832107616067	0.237033955119545	0.149175630741865	0.0501923640565571	0.00757917751732456	0.000447221164762678	
9.2430993960895e-06	2.94098617148302e-05	0.000276452700119404	0.00177131395699606	0.00582567346482623	0.0176618823824005	0.049783333347338	0.109911375482427	0.19340597289083	0.249242696060843	0.217122925659432	0.117834392228402	0.0330289552692809	0.00392411583452163	0.000172257761472577	
4.12309023088464e-05	9.42420624202203e-05	0.000525904366184265	0.00265308234652638	0.00821252258233348	0.0251155096349887	0.0648679895896179	0.133136266449237	0.214677528064361	0.248015657645514	0.190626448866529	0.0897756618190906	0.0202014592373629	0.00197824186383873	7.82545696882187e-05	
6.87739450747791e-05	0.000233160447936446	0.000889029046088608	0.00390082461637558	0.0121209884661062	0.0342645213668905	0.0816380276303518	0.157260012479955	0.231713678969934	0.238795717899342	0.161116385644026	0.0647003468890693	0.0122283429169546	0.00105593166889204	1.42580130033079e-05	
5.02081546411163e-06	0	0	0.000100416309282233	0.00037572435723102	0.00151210225727495	0.0059128470115688	0.0176841488671785	0.046536264931696	0.102019623020439	0.178857346080626	0.24125771427376	0.221030522374009	0.13178385389427	0.0449873433610176	0.00741992845337964	0.00050961276960733	7.53122319616744e-06	
1.5053817397195e-05	0	1.5890140585928e-05	0.000171446253690276	0.00058877152486807	0.00248137090097097	0.00868019837586037	0.0252937585200425	0.0621664115880941	0.124930794256132	0.199457226250512	0.242687608199313	0.196287561365214	0.102665362002492	0.0303409689640465	0.00403442306244825	0.000183154778332539	
2.25671938195979e-05	0	2.42388378062347e-05	0.00027832872377504	0.000976240088195937	0.00387236329504433	0.0135419879357453	0.0345721051096306	0.0793596266215991	0.1488866433138	0.215912880601992	0.234546696121034	0.168699803665414	0.0779203411491048	0.0192924432497762	0.00200012203001102	9.36120632516652e-05	
1.5058653455208e-05	2.50977557586801e-06	4.18295929311334e-05	0.000445903460645882	0.00169744488114539	0.00606445438315572	0.0196180790847016	0.0456929741342529	0.0988316158102476	0.172268485752004	0.226705517992581	0.218759568519383	0.140115750849559	0.0572990129889252	0.0112831143972439	0.00112521604984749	3.34636743449067e-05	
2.09727496868768e-05	3.85898594238534e-05	7.80186288351819e-05	0.000630021400593781	0.00276001385879299	0.0096961216352369	0.0272427629332655	0.0580844497127992	0.121535406615476	0.192570948714916	0.229892376237707	0.19897854319925	0.112188271535029	0.0392819601635203	0.0064889687531197	0.00050754054242242	5.03345992485044e-06	
9.20157129377438e-06	3.26237527688365e-05	7.19395573876906e-05	0.000174829854581713	0.00115605195709056	0.00466519664594361	0.0144908017747322	0.035172588017212	0.0766758570845407	0.142326558746177	0.207946309668007	0.226290060295387	0.173949849763436	0.0874960684195381	0.0255628015605865	0.00373249191934739	0.0002450963990069	1.67301296250443e-06	
6.67806389571535e-06	4.92507212309007e-05	7.26239448659045e-05	0.00040986617159953	0.00194081231969227	0.00713467651458489	0.020434040762902	0.045655418581045	0.0967359293193717	0.164907275082808	0.217519566727214	0.217621407201624	0.145298809969014	0.0641528208141895	0.0160023106101079	0.00192244764397906	0.0001360655518752	
4.97533890350164e-06	0.000108628232726453	0.000140967935599213	0.000986775549194493	0.00308885623592394	0.0105634737152846	0.0276695180886738	0.0596211445269614	0.117914702789838	0.181906682543526	0.223398521329278	0.200531863728784	0.117720664572602	0.0458941844922003	0.00937270927104651	0.00101496913631434	6.13625131431869e-05	
2.65479750946809e-05	0.000131910251251696	0.000257183508729721	0.00139210944402733	0.00554686754634488	0.0152908040303145	0.0372667200391583	0.0762001551397295	0.139319625175777	0.19865517913661	0.221407623416973	0.176329161706205	0.0914013597540994	0.031003057165257	0.00521169936077454	0.000536766871445579	2.32294782078458e-05	
6.63576611578748e-06	8.04586641539232e-05	0.000197414041944678	0.000375750256306466	0.00243449669372953	0.00749758624007538	0.0204116165721623	0.0481897630036132	0.0958088501212686	0.161807350438126	0.210479035955899	0.2113989190337	0.149979097336735	0.0681509769506664	0.0201329143952992	0.00280278171315574	0.000245523346284137	8.29470764473435e-07	
4.12873392374228e-05	0.000177535558720918	0.000373237546706303	0.000804277368344997	0.00387357816725501	0.0106554365103941	0.0280555727586136	0.0608963481348445	0.115107450300365	0.1803843851283	0.213977415825437	0.197803513552569	0.124738135050887	0.0487743853347371	0.012684296360521	0.00151029086930493	0.000142854193761483	
6.19341796570168e-05	0.000209750421771763	0.000478131866952169	0.0014872461008305	0.00571115715343904	0.0146115116646834	0.036816153755317	0.076994094782417	0.137455892541721	0.193839943912407	0.21595374920621	0.176265501092932	0.0983679930765845	0.0333172854992266	0.00755514412909395	0.000829918007404025	4.45926093530521e-05	
7.35463035958358e-05	0.000399133310525716	0.000636299480548242	0.00235017626321974	0.00781160907743186	0.0204128178811723	0.048628981210159	0.095804389970598	0.160435889935064	0.201286316586262	0.207269184429339	0.153583688256225	0.0733892946331031	0.0230332148328846	0.00441112548982665	0.000463589621542291	1.07427185027625e-05	
