# <P(U)> as a function of N_tot.
# number_of_species: 1
# species_total_upper_bound: 103
# species_total_lower_bound: 0
# volume: 729
# Bin widths for each
10	10	10	10	10	10	10	10	10	10	10	10	10	10	10	10	10	10	10	10	10	10	10	10	10	10	10	10	10	10	10	10	10	10	10	10	10	10	10	10	10	10	10	10	10	10	10	10	10	10	10	10	10	10	10	10	10	10	10	10	10	10	10	10	10	10	10	10	10	10	10	10	10	10	10	10	10	10	10	10	10	10	10	10	10	10	10	10	10	10	10	10	10	10	10	10	10	10	10	10	10	10	10	10	
# Bin lower bound for each
0	0	0	0	-10	-10	-10	-10	-10	-10	-10	-10	-10	-20	-20	-20	-20	-30	-30	-30	-30	-30	-30	-30	-30	-30	-30	-40	-40	-40	-40	-50	-50	-50	-60	-60	-60	-60	-60	-60	-60	-70	-70	-70	-70	-70	-80	-80	-90	-90	-90	-90	-90	-100	-110	-110	-110	-120	-120	-120	-120	-120	-120	-130	-130	-130	-130	-140	-150	-150	-160	-160	-160	-160	-180	-180	-180	-180	-180	-180	-200	-200	-200	-200	-200	-210	-210	-220	-220	-220	-220	-250	-250	-250	-250	-250	-260	-260	-260	-260	-270	-270	-270	-270	
# Bin upper bound for each
0	0	0	0	0	0	0	0	0	0	0	0	0	0	0	0	0	0	0	0	0	0	0	0	0	0	0	0	0	0	0	0	0	0	0	0	0	0	-10	0	-10	-10	-10	-10	-10	-10	-10	-10	-10	-10	-10	-20	-20	-20	-20	-20	-20	-20	-30	-30	-30	-30	-30	-30	-30	-30	-30	-40	-40	-40	-40	-40	-50	-50	-50	-50	-50	-50	-60	-60	-60	-70	-70	-70	-70	-70	-70	-80	-80	-80	-80	-90	-90	-90	-90	-90	-90	-100	-100	-100	-100	-110	-110	-110	
# Normalized histogram for each
1	
1	
1	
1	
1.22019669570735e-06	0.999998779803304	
2.18834874498199e-05	0.99997811651255	
9.22478992361631e-05	0.999907752100764	
0.000450844574067323	0.999549155425933	
0.0013286007755236	0.998671399224476	
0.00341626022990969	0.99658373977009	
0.00741732795342847	0.992582672046572	
0.015742605161851	0.984257394838149	
0.0308364660275807	0.969163533972419	
1.2246962447139e-05	0.0562600960896674	0.943727656947886	
5.77231059452343e-05	0.0944067538490258	0.905535523045029	
0.000102447255092431	0.146381081571467	0.853516471173441	
0.000248145084628585	0.214494882779225	0.785256972136146	
1.23137393008998e-06	0.000483929954525361	0.300224972017027	0.699289866654517	
4.92810510662571e-06	0.000976996837388548	0.395975709369929	0.603042365687575	
7.39883024493828e-06	0.00187806974384017	0.495127253714521	0.502987277711394	
2.46305115387789e-05	0.00402462558543647	0.593956165078614	0.40199457882441	
3.33357614937384e-05	0.00761660417240268	0.684535046379921	0.307815013686182	
7.42744316458595e-05	0.0141616583004772	0.760816523585227	0.22494754368265	
0.000120156872849254	0.0255996075701307	0.816101764200189	0.158178471356831	
0.000281847186905479	0.0437790268607786	0.849414487192641	0.106524638759675	
0.000592379618671112	0.0707497072182324	0.860622246457186	0.0680356667059108	
0.0012600621315221	0.10725967614411	0.849852141918855	0.0416281198055121	
3.74305195979962e-06	0.00257397206435554	0.157901894608134	0.815800670006301	0.0237197202692502	
4.12550537440837e-05	0.00490935139554595	0.222085955529552	0.759471785293699	0.0134916527274591	
9.90578221824319e-05	0.0086882487329376	0.295534623843594	0.688401708308569	0.00727636129271712	
0.000191011165356607	0.0152959730573725	0.377837678209019	0.602885273918808	0.00379006364944425	
1.26014257253066e-05	0.000459952038973689	0.0260975526771099	0.462862968316235	0.508748539809794	0.00181838573216174	
4.02831908315458e-05	0.000842170458322004	0.0405450315719508	0.541484133458211	0.416212221920098	0.00087615940058612	
3.01486327595044e-05	0.00171972826032339	0.0641273980724974	0.608780035575387	0.324934426723748	0.000408262735284955	
6.29774477759514e-06	8.5649328975294e-05	0.00341841586527864	0.0976654260109455	0.655640575110053	0.243003520439331	0.000180115500639221	
8.8660454524153e-06	0.000193786422031363	0.00641901690754868	0.140324167953299	0.678347470453904	0.17463829700999	6.83952077757752e-05	
1.13793835914346e-05	0.000335059627970019	0.0109330588794595	0.193672051222399	0.675808947735756	0.11922180188746	1.77012633644538e-05	
1.13971514719421e-05	0.000590119176213892	0.0184380583812752	0.256152245682063	0.647270825445027	0.0775360878137857	1.26635016354912e-06	
6.07813441794265e-05	0.00114091648136799	0.029753734253833	0.326745310972552	0.594122444017849	0.048176812930218	
7.98174587388081e-05	0.0021487366670003	0.0468009035843107	0.397791210197377	0.524225865671018	0.0289509325339763	2.53388757900978e-06	
0.00020751351702311	0.0039427568234391	0.0715030471386687	0.460976637542633	0.447336761337813	0.0160332836404236	
7.67326226187309e-06	0.000365758834482617	0.00680618362628144	0.104234873442328	0.515827382292157	0.364323934439647	0.00843419410284218	
3.08321599983556e-05	0.00066674545996444	0.0118382647660353	0.14456043617229	0.554747638770413	0.283907667958192	0.00424841471310675	
8.49054783330224e-05	0.00131474846752044	0.0201290305981334	0.194223854580072	0.571017643615687	0.211069873349328	0.00215994391092643	
0.000172056044046347	0.00233174459692662	0.0326957843701208	0.250102720026296	0.562507704001972	0.151071626674336	0.00111836428630126	
0.000358797680546607	0.00416411071544772	0.0507049281311528	0.314317056264363	0.528290361202525	0.101564177845336	0.000600568160628192	
6.41672249215235e-06	0.000623705426237208	0.00706866149735503	0.0746816663971643	0.373537949780163	0.477485004119536	0.066372010769827	0.000224585287225332	
3.72120238464914e-05	0.000899504438496224	0.0122786846961061	0.106694571407307	0.425328299872453	0.414452123523388	0.0402133660456964	9.62379927064433e-05	
3.84334032394234e-06	7.17423527135904e-05	0.00175768764148297	0.0195459477741295	0.147502277179142	0.464538139387705	0.342777274584887	0.0237608109960529	4.22767435633658e-05	
1.41331860055762e-05	0.000182446582981074	0.00330973519548766	0.03070498901466	0.192953964358675	0.488828358880138	0.271223548457555	0.0127622669630353	2.05573614626563e-05	
9.74935186052269e-05	0.000423327120259538	0.00574570355043173	0.0464813178044973	0.244039105163436	0.491548209903546	0.20480694359102	0.00685405091983852	3.8484283659958e-06	
8.86333508030952e-05	0.000806691946439765	0.00846127364840563	0.0681397786478404	0.297253136849894	0.4730105024098	0.148632991131527	0.00360699201529118	
0.000193641629616141	0.00170558521449978	0.0135677380221111	0.0965066280580309	0.349171765255049	0.43502938607909	0.102033750068929	0.00179150567267383	
7.73114181233426e-06	0.000346612857919653	0.00295973879048863	0.0215273643764448	0.131267056831623	0.393062846451792	0.383739089426117	0.0662610394262462	0.000828520697555155	
2.19010074463425e-05	2.70541856690114e-05	0.000561696426270903	0.00475509520496766	0.033361675813558	0.172974156811213	0.423056607662776	0.323821854628842	0.0410721187292263	0.000347839530030146	
2.71393567197047e-05	0.00011760387911872	0.000957631587109581	0.0079776785252732	0.0495267413128212	0.218318031905545	0.437257684315003	0.261172368516278	0.0245326861242931	0.000112434477838777	
7.48315644699732e-05	0.000193529908112	0.00163726302262752	0.0127807151317165	0.0714925284553475	0.265827520985093	0.433705684876541	0.200324098086118	0.0139225415895773	4.12863803972266e-05	
3.84658782016433e-06	0.000102575675204382	0.000280800910871996	0.00275159248735755	0.0191931910266799	0.100270286904164	0.311399234785463	0.412713229184831	0.146180594733765	0.00708541476474269	1.92329391008216e-05	
1.28579492342448e-05	0.000168439134968607	0.00039859642626159	0.00498116953334645	0.0293842713850197	0.134104553128403	0.349983091796757	0.375135812088787	0.102333846365508	0.00349736219171459	
1.02483167139797e-05	0.000229306086475296	0.000831394693421605	0.00784636748414073	0.0426125008967277	0.172769966283038	0.378094991647622	0.32784621375939	0.0681692407022147	0.00158977013025611	
1.40812616810466e-05	0.000376353721293428	0.00148621316469956	0.0123940705087176	0.0606991986481989	0.213544893622469	0.393978340459305	0.273235361888425	0.0436467907524514	0.000624695972759159	
4.46508305054474e-05	0.000604699818845202	0.00278110887148215	0.018773760620519	0.0843658306330212	0.255363202612711	0.395635700252596	0.215862526471564	0.0263018906437374	0.000266629245018243	
7.17857605252667e-05	0.000981926652899183	0.00496219069630906	0.027929788398652	0.113757356438093	0.296114980278144	0.37666885869614	0.163365162626795	0.0160133521514577	0.000134598300984875	
1.02296688528321e-05	0.000163674701645314	0.00148841681808708	0.00817350541341289	0.0401872540883511	0.148233016511964	0.330491190337055	0.343837072064181	0.118697405116625	0.00867859531302147	3.96399668047246e-05	
1.66261882928614e-05	0.000342755266345142	0.00254892255905174	0.0129927266820907	0.0564395145664593	0.187054849795178	0.352042910913046	0.301239674177867	0.082858527763816	0.00445198164980387	1.1510438048904e-05	
4.49616027912163e-05	0.000820870405245349	0.00387954401227066	0.020240428959383	0.0773018413703269	0.226111900437027	0.360062792089841	0.254364487013804	0.0550368556681166	0.00213246458952626	3.85385166781854e-06	
8.6134637437456e-05	0.00128687719514766	0.0062299769107748	0.0300597028740686	0.104280762921481	0.260985380252285	0.357723577235772	0.204024673074055	0.0344114304520654	0.000910198855309236	1.28559160354412e-06	
3.87482256541669e-06	0.000216990063663335	0.00241788928082002	0.00999316739620965	0.0421348205763411	0.134369805315998	0.294288899020832	0.338384379815274	0.156987144630335	0.0207910062785042	0.000412022799455975	
1.30293668900334e-06	2.73616704690702e-05	0.000500327688577284	0.00356874359118016	0.0153264442727463	0.0593683102344374	0.168442352217663	0.31885206065952	0.306634423326736	0.115660386946138	0.0114384811927604	0.000179805263082462	
1.3103807049062e-05	0.00012055502485137	0.000842574793254684	0.00586788479656995	0.0232749820805439	0.0818856902495882	0.202037117843847	0.330660156695325	0.268134030980021	0.0808098676908602	0.00631079347482824	4.32425632619045e-05	
7.80189429993602e-06	9.10221001659203e-06	0.000292571036247601	0.00176712905893551	0.00880573803319446	0.0347665413162316	0.107982118058265	0.237186688928072	0.328826439059404	0.224014490718346	0.0532869380685631	0.00304403909269171	1.0402525733248e-05	
3.39023716012872e-05	4.95496200326506e-05	0.000509839511388589	0.00281780865501468	0.0132414839850412	0.0483565173397591	0.136192346409217	0.266802536940546	0.316984566597297	0.179154474852264	0.0344474174216464	0.00140694842145342	2.60787473856056e-06	
4.17816205262656e-05	0.000108371078240001	0.000786016736150372	0.00496809581570127	0.019213017063875	0.0658217204365657	0.166918879678073	0.290149852393369	0.295816484677244	0.135014695379344	0.0206074786489391	0.000553606471973019	
4.04590932464637e-05	0.000220567314795238	0.00142389905586748	0.00793911820058835	0.0271036770790101	0.0861269684653996	0.196650770158417	0.304800536670295	0.263995583433176	0.098910736799242	0.0125853882637306	0.000202295466232319	
2.86755917273525e-05	0	0.000100364571045734	0.000517464087079951	0.00254952079175916	0.0117960956878427	0.0391695548635759	0.110904154441523	0.226228260317022	0.308081433466762	0.225343227281437	0.0685411814083104	0.00663318574093167	0.000106881750983768	
1.43517509788547e-05	5.21881853776533e-06	0.000288339724211534	0.000884589742151223	0.00419071128582556	0.0170603177999549	0.0537903626687472	0.13861573447695	0.253591525682458	0.298920878796854	0.183184444789466	0.0462361228353319	0.00315999462461691	5.74070039154186e-05	
2.09877903529622e-05	3.54168962206237e-05	0.00038565064773568	0.00135502421466312	0.00645768074422705	0.0241333354321124	0.0711722205606888	0.16808858946308	0.274648848032657	0.278574876565558	0.14468589148263	0.0290287375319408	0.0014048702167514	7.87042138236081e-06	
4.06229197133856e-05	6.68312550123441e-05	0.000554306291572972	0.00261821269636595	0.0101898007642351	0.0346854213514066	0.0937812862002631	0.196882256432836	0.285332767233291	0.250458645867732	0.10732182263247	0.0173590908852652	0.000705004219541983	3.93125029484377e-06	
6.28362722381495e-05	0.000123054366466376	0.000990980376755816	0.00429381193627355	0.0156514681433191	0.0494639280524683	0.11816622812185	0.224201128434722	0.285059367186375	0.213704852792941	0.0777323960256058	0.0102684941549176	0.000281454136066711	
4.72786538191303e-05	0.00023114008533797	0.00154443602475826	0.00675428101643853	0.0225309051366944	0.0667613990804302	0.144920893619089	0.245122747204978	0.277198687229379	0.175552208110128	0.0537466363207752	0.00550139669023157	8.79908279411591e-05	
1.57431350091901e-05	3.93578375229751e-06	9.97065217248703e-05	0.000326670051440694	0.00261992005111271	0.0100165696495972	0.0328821613225283	0.0861424989865357	0.17251064957487	0.260314049304875	0.259247451908002	0.138264083218212	0.0348120072890715	0.00273405777992934	1.049542333946e-05	
2.23470737164235e-05	3.94360124407474e-06	0.000105162699841993	0.000596798321603311	0.0044746728782768	0.0146807128979422	0.0450753622197743	0.109119446423548	0.197655923420522	0.266678146928066	0.233260069985777	0.104981294184766	0.0219553426595121	0.00139077670541036	
1.31309762355592e-05	1.18178786120033e-05	0.000168076495815158	0.00119360573981233	0.00678477542091344	0.0214665199498922	0.0611850968672117	0.131796921573931	0.220508483923746	0.267458289453988	0.199367612184495	0.0761084513589247	0.013326627781469	0.000610590394953503	
2.8848183810137e-05	1.83579351519054e-05	0.000506154497759676	0.00214132200736153	0.00951990065734521	0.0307023352604794	0.0785588496393321	0.157113765435417	0.237598886984617	0.25700846956451	0.165825916946079	0.0528236471185254	0.00778245322332559	0.000371092546284944	
4.49026273319651e-05	0.000151876533622823	0.000835981267680409	0.00405048111844521	0.0144427980147756	0.0401429488347768	0.0987884214613428	0.181891298663222	0.248582265575269	0.238868770750957	0.13266877444882	0.0352710137692586	0.00409934574230646	0.000161121192191169	
1.3242209277227e-05	4.50235115425717e-05	0.000365484976051465	0.00155860803192961	0.00597753326774026	0.0202182051244701	0.0537315883632762	0.122886377871739	0.205660779621829	0.254013382576696	0.210953690669937	0.10027133286809	0.0222747202252235	0.00198897983343949	4.10508487594036e-05	
3.04878857048932e-05	3.84412471931262e-05	0.000589874310377281	0.00268160838178256	0.00867579182341417	0.0286228224359025	0.0700479057473641	0.148436236575389	0.224306002932139	0.248645940206628	0.180663257325709	0.0728130244247731	0.0136028992653745	0.000833777396016426	1.19300422323495e-05	
5.29201329353739e-06	5.02741262886052e-05	0.000125685315721513	0.00100151351580195	0.00429579179102898	0.0125592705488876	0.0381501238331111	0.0908572532334201	0.171481075760462	0.240568309307593	0.232622351347347	0.149622414851506	0.0504871298236701	0.0077766135348532	0.000396900997015305	
1.45240981195254e-05	4.48926669148967e-05	0.000271996746602021	0.00174025102923041	0.00629025485831082	0.0184152360430019	0.0505478225736174	0.113488661960859	0.194278297564441	0.246532041480824	0.213302225355906	0.117740261592211	0.0334265516358096	0.00379343035430877	0.000113552039843562	
6.45294682376739e-05	0.000129058936475348	0.000542574304365748	0.00274842857575562	0.00837434466374221	0.0262121333837278	0.0652774832980616	0.137014498059507	0.216603037099177	0.244128147622352	0.187265833753653	0.0895036893735769	0.0201687511440811	0.00190954548866586	5.79448286215847e-05	
0.000107445867592623	0.000242408359812625	0.000948668391915354	0.00404363350476627	0.0124545484325351	0.0357493366527992	0.0816208602220985	0.159820486782193	0.231864251318505	0.234950044223147	0.15988993350149	0.0648527533003571	0.0124493071707013	0.00100370164117011	2.62063091689324e-06	
7.88425907675326e-06	0	0	0.000157685181535065	0.000432320206041971	0.00168985952878412	0.00585012023495092	0.017926177054178	0.0476169826940513	0.103559742973154	0.179499612357262	0.240519835481794	0.219053626102154	0.130632974599545	0.04521622580518	0.00735601371861079	0.000480939803681949	
2.36813126814745e-05	0	2.49969411637786e-05	0.00026049443949622	0.000705176866515019	0.00265756953425436	0.00896600810690271	0.0259626124697899	0.0622792210953133	0.125575423007448	0.200884628591501	0.240962619047932	0.194788006204504	0.102472986858187	0.0302962926904997	0.0039745136450408	0.000165769188770322	
3.56298768393924e-05	0	3.82691269756437e-05	0.000413042646323327	0.00104382342888738	0.00413702458857389	0.0138969715924312	0.0355216675838061	0.0801500677627472	0.150276263508012	0.216364406544812	0.23175651333943	0.167353531514626	0.0772205001115083	0.019703321892184	0.00201110860382348	7.7857879019413e-05	
2.37089489427785e-05	3.95149149046308e-06	6.58581915077179e-05	0.000640141621455018	0.00178212266219885	0.00640931919753111	0.0204581886099575	0.0468225398343271	0.0996776900107612	0.173411204058972	0.226485003431212	0.21597535323041	0.138369377521546	0.0572781863180924	0.0114316648819097	0.00112617507478198	3.95149149046308e-05	
3.31465195491543e-05	6.09895959704439e-05	0.000123305052722854	0.000682818302712579	0.00285855584591907	0.0100646091959052	0.0285855584591907	0.0588019256801997	0.12274951705521	0.191487443435464	0.230189319661057	0.197154172417588	0.110454810024038	0.0394271220733281	0.00680166581148646	0.000517085704966807	7.95516469179703e-06	
1.45147265095645e-05	5.14613030793652e-05	0.000113478770892959	0.000275779803681726	0.00123111271212943	0.00510126660781605	0.0148749556311201	0.0359556166053749	0.0779559570416876	0.142653371177184	0.205387338672114	0.22669891574993	0.172776706766897	0.0872981628314801	0.0256752316748279	0.0036801429304705	0.00025334795362149	2.63904118355719e-06	
1.05197824508989e-05	7.75833955753795e-05	0.000114402634153526	0.000612777327764862	0.00227227300939417	0.00783723792591969	0.0209501467509652	0.0464987534057796	0.0974657844075785	0.164798966957363	0.216181529365973	0.21685479544283	0.144080255420318	0.0642587761285097	0.0159637698692391	0.00188830094993636	0.000134127226248961	
7.87065883973371e-06	0.000171842718000853	0.000211196012199521	0.00133932377922802	0.00361132063096448	0.0111947004230479	0.0289036828124488	0.0616849768799397	0.116631358016594	0.181055324172761	0.222990194470862	0.200017053094153	0.115849539238514	0.0457285278588529	0.00949594989013872	0.00103105630800512	7.60830354507592e-05	
4.18230128514277e-05	0.000207808095105531	0.000396011652936956	0.00168468323642157	0.00636755370662986	0.0161097017627093	0.0391515679055427	0.0778260920707489	0.138214601720756	0.196513267697343	0.220717029415955	0.175488054955439	0.0905049998104895	0.0308131047182893	0.00539778259613738	0.000541085228765345	2.48324138805352e-05	
1.04460734515655e-05	0.000126658640600231	0.000310770685184073	0.000569311003110318	0.00280999375847111	0.00823934043492227	0.0207589594666235	0.0511505044147718	0.0973965773440336	0.160318500779538	0.209041598876002	0.209558679511855	0.148800399040006	0.0673053570076178	0.0203607029162826	0.00294709847252291	0.000293795815825279	1.30575918144568e-06	
6.51380078973321e-05	0.000280093433958528	0.000588847591391882	0.00121938350783806	0.00480067118203337	0.0113561602968209	0.0282816202688636	0.0638482753409649	0.117558471132789	0.177968762416933	0.211266009293891	0.195397087809943	0.124323704633006	0.048318071498083	0.0129663718520429	0.00156852323016776	0.000192808503376103	
9.76216756565383e-05	0.000330612074890143	0.000753639336068476	0.00212945415165462	0.00664478205635504	0.0157782660307808	0.0378147322823167	0.0794874731865798	0.138585032384364	0.190177437157673	0.212652550138493	0.174481173334444	0.0988517087698107	0.0334373763458775	0.00780322594081263	0.000911135639461024	6.37794947622717e-05	
0.000115785159985169	0.000628362160368951	0.00100173677739978	0.00321856725621695	0.008648761163836	0.0216036895136373	0.049608086747803	0.0996077615085896	0.162442676588631	0.19667345332492	0.20213487019703	0.152332940878016	0.0737187201186473	0.0231544300833263	0.00459497960750132	0.000498266474992357	1.69124390989573e-05	
