# <P(U)> as a function of N_tot.
# number_of_species: 1
# species_total_upper_bound: 103
# species_total_lower_bound: 0
# volume: 729
# Bin widths for each
10	10	10	10	10	10	10	10	10	10	10	10	10	10	10	10	10	10	10	10	10	10	10	10	10	10	10	10	10	10	10	10	10	10	10	10	10	10	10	10	10	10	10	10	10	10	10	10	10	10	10	10	10	10	10	10	10	10	10	10	10	10	10	10	10	10	10	10	10	10	10	10	10	10	10	10	10	10	10	10	10	10	10	10	10	10	10	10	10	10	10	10	10	10	10	10	10	10	10	10	10	10	10	10	
# Bin lower bound for each
0	0	0	0	-10	-10	-10	-10	-10	-10	-10	-10	-10	-20	-20	-20	-20	-30	-30	-30	-30	-30	-30	-30	-30	-30	-30	-40	-40	-40	-40	-50	-50	-50	-60	-60	-60	-60	-70	-70	-70	-70	-70	-70	-80	-80	-80	-80	-90	-90	-90	-90	-90	-110	-110	-110	-120	-120	-120	-120	-120	-130	-130	-130	-130	-130	-140	-140	-150	-150	-160	-160	-160	-170	-180	-180	-180	-180	-190	-190	-200	-200	-200	-200	-200	-210	-210	-220	-220	-220	-220	-250	-250	-250	-250	-250	-260	-260	-260	-260	-270	-270	-270	-270	
# Bin upper bound for each
0	0	0	0	0	0	0	0	0	0	0	0	0	0	0	0	0	0	0	0	0	0	0	0	0	0	0	0	0	0	0	0	0	0	0	0	0	0	-10	0	-10	-10	-10	-10	-10	-10	-10	-10	-10	-10	-10	-20	-20	-10	-20	-20	-20	-20	-20	-20	-30	-30	-30	-30	-30	-30	-30	-30	-40	-40	-40	-40	-40	-50	-50	-50	-50	-50	-50	-60	-60	-60	-60	-70	-70	-70	-70	-80	-80	-80	-80	-80	-90	-90	-90	-90	-90	-100	-100	-100	-100	-110	-110	-110	
# Normalized histogram for each
1	
1	
1	
1	
2.33047675145524e-06	0.999997669523249	
2.79418715931291e-05	0.999972058128407	
0.000123150634719533	0.99987684936528	
0.00051169314673861	0.999488306853261	
0.00150119892657018	0.99849880107343	
0.00365539740820232	0.996344602591798	
0.00780364041747554	0.992196359582525	
0.0164537995670421	0.983546200432958	
0.0317221150872395	0.968277884912761	
5.82221968632209e-06	0.0565442331496229	0.943449944630691	
3.20615208120076e-05	0.0943582216232223	0.905609716855966	
8.83348299554523e-05	0.14669607261006	0.853215592559984	
0.000226175143937627	0.214797245116433	0.784976579739629	
5.85400235213815e-07	0.000502273401813453	0.299401779499635	0.700095361698316	
2.33973954019439e-06	0.00107628018848942	0.39521768936682	0.603703690705151	
3.51072643951486e-06	0.00211638292195421	0.495654890910027	0.502225215441579	
1.16740534239707e-05	0.00423476287954537	0.594698462118572	0.401055100948458	
1.75224535640379e-05	0.00797505269877909	0.684512312151997	0.30749511269566	
5.61267294779337e-05	0.0146180897618414	0.760299108695843	0.225026674812838	
9.5558914122435e-05	0.0261608649312855	0.815773552341076	0.157970023813516	
0.000210308145369208	0.044085039475249	0.849062019813488	0.106642632565894	
0.000538549666409796	0.0710867979149513	0.86043769613258	0.0679369562860584	
0.0012156596668987	0.107504074189839	0.850181821167256	0.0410984449760064	
1.76273680165509e-06	0.00245079173323446	0.1580869370039	0.816067816010233	0.0233926925158308	
2.59250988541696e-05	0.00456929867304738	0.222396692900117	0.760213457836657	0.0127946254913248	
6.89848321811294e-05	0.00857003876711723	0.296980292153712	0.68751168172639	0.00686900252059964	
0.000195021243174993	0.0151268138890476	0.380004489612909	0.601117336210142	0.00355633904472585	
5.91174125017957e-06	0.00046288933988906	0.0256977480404056	0.464058091134221	0.508090513487933	0.00168484625630118	
1.88973736784387e-05	0.000850972358457195	0.0412748168283475	0.543000087990896	0.414088110185862	0.000767115262759123	
1.83183733284484e-05	0.0016846994309486	0.0642915812301674	0.609919694614989	0.323743566410012	0.000342139940553924	
2.96148529148715e-06	5.5083626421661e-05	0.00335003216173027	0.0973683057105729	0.657574709389448	0.241500241064903	0.000148666561632655	
4.15820669613845e-06	0.00013484470286049	0.00626166525485649	0.139732971846565	0.680811301768188	0.17299624929756	5.88089232739581e-05	
5.33242958526733e-06	0.000308688423769364	0.0108645290338941	0.192558772261412	0.677761872654472	0.118475328033293	2.5477163574055e-05	
1.72142377179382e-05	0.000667200110171121	0.0183687788338482	0.256470772598733	0.647456566697454	0.0770164995500554	2.96797202033417e-06	
2.37212046813797e-06	6.34542225226908e-05	0.0012412120349532	0.0300612896625955	0.327025865008554	0.593694903795689	0.0479109031552167	
4.74253939271783e-06	0.000106114318912061	0.00237304814863118	0.04682842678112	0.397848665567978	0.524344640337669	0.0284931766714487	1.18563484817946e-06	
1.60485212179282e-05	0.000203875658435162	0.00434855486038381	0.0715811597493578	0.4622146483769	0.445762536569825	0.0158731762638805	
2.02425895749473e-05	0.00035543605812481	0.00723255818107235	0.10468455198684	0.516714127600949	0.362397722827747	0.00859536075569159	
3.63552925260074e-05	0.000713994105674704	0.0125145644665755	0.145133903694234	0.55495102465306	0.28229646251084	0.00435369527708991	
0.000120021209718255	0.00140681577162293	0.0210431216501543	0.195217781769196	0.570014760817434	0.210058016222568	0.002139482559306	
5.96549438736461e-07	0.000200440611415451	0.00254666955396595	0.033340551581542	0.251749232091735	0.56076721030217	0.150355513638015	0.00103978567171765	
6.5691957273951e-06	0.000383999350246823	0.00443599871482644	0.0514672597256943	0.314222547629655	0.527262759468301	0.101712649046093	0.000508216869455748	
1.07550524846561e-05	0.000675178294870079	0.00724173533966846	0.0760615236802356	0.37316566604845	0.476028183017533	0.0666269526395289	0.000190005927228925	
5.68707668693661e-05	0.00104702075004759	0.0122445754268001	0.107820987587805	0.425154478962007	0.413083509034071	0.0405075506419213	8.50068304784208e-05	
1.79154105973237e-06	0.000114658627822872	0.00185842525929571	0.0194149304643197	0.147791388181562	0.463811467773759	0.343138636613366	0.0238304819962067	3.82195426076238e-05	
6.57182527069946e-06	0.00025211911493047	0.00340420549022232	0.0307495704416028	0.194817578079259	0.48648115797951	0.271359029568434	0.0129130392182635	1.6728282507235e-05	
5.66304073097338e-05	0.000503116460730687	0.00559269980399918	0.0469126294153834	0.24585703862313	0.48864232473187	0.205543341933207	0.00688804585751551	4.17276685440143e-06	
9.14781250691317e-05	0.000921358109356419	0.00891822034987692	0.0689135208854126	0.298615690830245	0.470570052214279	0.148380508343343	0.00358917114241829	
0.000150864688144131	0.00177505476328313	0.0142866464994902	0.0976561494422497	0.349017074649883	0.433969459479361	0.10144692406657	0.00169782641101887	
2.39932722864509e-06	4.79865445729018e-06	0.000269324481415411	0.00298716239966313	0.0226676439926245	0.132601818450107	0.39316515649012	0.381620193697687	0.0658771280532939	0.000803774621596104	5.99831807161272e-07	
2.45766227164721e-05	2.817320165059e-05	0.000495728463085913	0.00472830243872029	0.0347195747405068	0.174200900103821	0.423253800984504	0.321466421140211	0.0407300575692401	0.000352464735543551	
3.23497608214443e-05	7.30864966706705e-05	0.000894410979748451	0.00765551099143031	0.0506908770679135	0.219572204366619	0.438664553947719	0.258100769504959	0.0241904322587022	0.000125804625416728	
5.98567985950412e-07	7.48209982438015e-05	0.000143656316628099	0.00158321232283884	0.012263460896152	0.0723914107888288	0.267459330298195	0.434180267128921	0.19822596420324	0.0136258016321752	5.14768467917355e-05	
9.56096639858115e-06	8.24633351877624e-05	0.000244402203563731	0.00276252172879004	0.0191673473875556	0.101580487501725	0.313664234396652	0.410763616459443	0.144621567986538	0.00708527366174855	1.8524372397251e-05	
9.58803221818526e-06	0.000131835443000047	0.000468015822650168	0.00472929689161988	0.0294849968269606	0.135445936382208	0.352232543339404	0.372979247303516	0.1010590580837	0.0034582833706967	1.19850402727316e-06	
1.91276934930575e-05	0.000151228326679486	0.000812926973454946	0.00784474529384022	0.0428328831351724	0.174782287994922	0.38008759288139	0.324876701094522	0.066930190493895	0.00166052289136606	1.79322126497414e-06	
2.27015162820651e-05	0.000265846703829447	0.00146006594193072	0.0122934684750615	0.0616358115224533	0.214989333274389	0.396096056089473	0.269872041111251	0.0426370320276576	0.000727643337672509	
5.36670389569036e-06	3.99521290012504e-05	0.000413236199968158	0.00270064466039796	0.0188365343734403	0.0855047116678702	0.256960764027819	0.396109258935711	0.213430236129008	0.0256969708534311	0.000302324319457224	
5.36794904981337e-06	6.08367558978849e-05	0.00078312412248944	0.0047297595516689	0.0285014236993758	0.114990415228752	0.297945029815975	0.376958257635311	0.160715798112629	0.015176384841389	0.000133602287462022	
1.60311883801197e-05	0.000126468263887611	0.00132583865380767	0.0078030325070938	0.0418568391127747	0.14875874070859	0.332911970369614	0.342736713855756	0.11612636613928	0.00829881185144195	3.91873493736258e-05	
2.89788218039021e-05	0.000261400800761729	0.00228459568629538	0.0125904109670055	0.0588536214656187	0.187032864349544	0.354651692304053	0.299289723163541	0.0807237608596656	0.00426934927759937	1.36023041120357e-05	
4.38043484695116e-05	0.000626283792983017	0.00369258818584883	0.0194349239047433	0.080268508817105	0.22648328035375	0.361712039684372	0.252345604470411	0.0532832543079209	0.00210497652915653	4.7356052399472e-06	
1.12394312374555e-05	9.34647439746296e-05	0.00104822485014585	0.00587467324311422	0.0292148310802217	0.106944962871426	0.263436296382619	0.357594927348908	0.201683903418976	0.0332131108556934	0.000876675636521526	7.69013716246953e-06	
1.24024927829304e-05	0.000183675012166255	0.00188813187747755	0.00943652522312675	0.0416475707650803	0.138047422407643	0.29674972005802	0.338339412523447	0.153605463711487	0.019694567944399	0.000393336199687221	1.77178468327577e-06	
2.96991652752608e-06	2.31653489147034e-05	0.000409848480798599	0.00310712667109778	0.014917296734458	0.0585786335889244	0.172142895751772	0.320484286468645	0.306596956785933	0.112654873722119	0.0108782102570225	0.000203736273788289	
7.1314044469061e-06	9.03311229941439e-05	0.000808225837316025	0.00504249722766652	0.0226731118715301	0.0800624948743031	0.206480307220904	0.333160198680928	0.266669955036495	0.0789660414405912	0.00596304268502132	7.66625978042406e-05	
3.55042400938732e-06	2.18942813912218e-05	0.000215984127237729	0.00149472850795206	0.00805058644128575	0.0332739820786431	0.105674228478069	0.241584459557416	0.333272976125174	0.221098513023251	0.0523214151516712	0.00295750319981964	3.01786040797922e-05	
1.83953116877876e-05	6.34934951804283e-05	0.000414191211550832	0.0024887076522123	0.0122180473435983	0.0464190855512541	0.135987638350546	0.270082339788703	0.320827883969495	0.176663232875152	0.0333542604728663	0.00144907584327669	1.3648134478036e-05	
3.20943335671069e-05	9.03396055963008e-05	0.000697160245818822	0.00432738597596491	0.0179686664210063	0.0634677333079749	0.167875949457368	0.292923199448453	0.298747726651372	0.133006644715727	0.020271137684691	0.000587801775886457	4.16037657351385e-06	
5.94244151151942e-07	5.22934853013709e-05	0.000159851676659872	0.00124969544987253	0.00686233145750263	0.0259185528966431	0.0847154461882209	0.19836464009603	0.307793512042358	0.265267617853471	0.0970804784853905	0.0122747071861945	0.000260278938204551	
1.30309289097673e-05	3.55388970266382e-06	0.000114316785435686	0.000394481756995684	0.00235859813266789	0.0102067712260505	0.0369687453170099	0.110521231233241	0.227384378640886	0.310942248700017	0.226350789052361	0.0680356644677961	0.00659187308349094	0.000114316785435686	
1.12629501697445e-05	1.36340975739013e-05	0.0001890990054815	0.000714308155502218	0.0038258463366069	0.0152595191194507	0.0516530750521504	0.138585266757047	0.255497060666399	0.300860667229024	0.184505500172797	0.0455254373729584	0.0033160496447132	4.32734401258605e-05	
3.98152808670936e-05	2.61473486291361e-05	0.000250182585746961	0.00125447847627514	0.00597288638798743	0.0223833189423873	0.0688531000355961	0.16867535749071	0.277675334314651	0.280360785870448	0.144550862832792	0.0283728445522296	0.00156586962813122	1.90162535484626e-05	
5.81316373131557e-05	4.09294181082423e-05	0.000425903220314753	0.00219773179842084	0.00943749336379906	0.0325038897776702	0.0902458078488388	0.198588350301246	0.289141425375883	0.252030899931132	0.107704280801908	0.0168433453215006	0.000770540784385605	1.12704194790812e-05	
1.18165806715008e-06	5.37654420553288e-05	8.62610389019561e-05	0.000763941940412529	0.00368086487917251	0.0144067751546938	0.0460320808348651	0.11605241126191	0.226855306560507	0.289766782055577	0.215311098073484	0.0767599172130358	0.00988279724460972	0.000345044155607824	1.77248710072512e-06	
8.86559404799478e-06	7.15157919871579e-05	0.000174356682943897	0.00129083049338804	0.0059470404873949	0.0208696083889797	0.0620201497221523	0.143987886052293	0.249874995123923	0.280537538698318	0.177379850514264	0.0523737923583308	0.00533590553768646	0.000127664554291125	
7.07879405664451e-06	8.84849257080564e-06	0.000104412212335507	0.000335652818185894	0.00221153324319669	0.00885970066139533	0.0300406322778851	0.0814309074306101	0.17214565326651	0.265467165013768	0.26136087456141	0.141124608011779	0.0341917550926024	0.00267696395242107	3.42141712737818e-05	
1.00248616569091e-05	4.12788421166847e-06	0.000167474159444835	0.000592646233246687	0.00360777080099824	0.0131968458247041	0.0424464436508423	0.103596330664754	0.198275252036816	0.272716336514556	0.235338934675643	0.107705344548598	0.0210050336599473	0.0013132568770551	2.41776075254867e-05	
5.90509450217987e-06	1.94868118571936e-05	0.00024919498799199	0.00103339153788148	0.00579348821608867	0.019617904955142	0.0569859334743864	0.127803960310679	0.223436375264032	0.272179977832275	0.202173901490033	0.0777358450455962	0.012349914641859	0.00060999626207518	4.72407560174389e-06	
1.29760285566999e-05	4.42364609887498e-05	0.000527298614985897	0.00192104204587144	0.00858895126557566	0.0279704193734466	0.0738200366395861	0.154156988712035	0.241961055399384	0.262016097353244	0.167987075875558	0.0534240790263732	0.00724239339307811	0.000327349811316748	
2.07431254319015e-05	0.000144016556570059	0.000809574552570784	0.00328985969349958	0.0130717249864577	0.038227209528088	0.0940256242791764	0.179428627646675	0.256777371739329	0.24154184243996	0.133360516705328	0.0354654105420119	0.00368872036251871	0.000148757842383065	
5.91863416863017e-06	2.60419903419728e-05	0.000333219103693879	0.00130979374151786	0.00541555026429661	0.0190177553106425	0.0511145084071239	0.117288981456327	0.204123038934551	0.26102123665126	0.215040551522006	0.101011553765761	0.0224322153625252	0.0018004485140973	5.91863416863017e-05	
1.36352695811364e-05	4.20914843591601e-05	0.000511619028196552	0.00222907015761186	0.00822206755742523	0.0268276893197898	0.0674382648348769	0.142097887007485	0.225322829828279	0.256153360026844	0.183553849236603	0.0733536004818586	0.0134218479703012	0.000795588338168914	1.65994586205138e-05	
2.37410422080119e-06	2.25539900976113e-05	0.000141259201137671	0.000989407934018896	0.00362525714516342	0.0121560071365573	0.0366169964495271	0.0868738151736123	0.166749364630358	0.24073179388502	0.24107425841887	0.152004990367072	0.0509601470994975	0.00764817674731103	0.000403597717536202	
6.52826739783262e-06	2.07717599021947e-05	0.000309795961969875	0.00168785386176691	0.00572469702904486	0.0174144500231457	0.0488047335873423	0.108230364752104	0.190194542368455	0.249598214815606	0.220631105413714	0.119718928414581	0.0335416444112096	0.00395613004308657	0.000160239290674073	
3.09417539333217e-05	7.08090138089478e-05	0.000534935322808773	0.0025681655764657	0.0083524884608084	0.0247432875732561	0.0635323463310518	0.13045578988645	0.212178912361647	0.24992725712657	0.193765593602673	0.0911591673574016	0.0207529913833166	0.00186602577567109	6.12884741371565e-05	
5.4680144926158e-05	0.000194946603649781	0.000924213319132345	0.00400175451943285	0.0119701969436176	0.033615213442757	0.0805355325846116	0.15418255560733	0.230221240621166	0.240849990965889	0.164063614405128	0.065919292106089	0.0125068944530559	0.000945609897581711	1.42643856329108e-05	
3.55811106999516e-06	0	0	8.42086286565521e-05	0.000357590162534514	0.0015477783154479	0.00586020893228203	0.0172568386894765	0.0450640697200004	0.101351607791789	0.177030258176539	0.240950537511979	0.222457255225679	0.134436110557627	0.0456517510650612	0.0075265909500631	0.000416298995189434	5.33716660499274e-06	
1.06669195121662e-05	0	1.1259526151731e-05	0.000175411565311178	0.000626977824659547	0.00259206144145639	0.00861590793263248	0.0245576191435649	0.0602876512628448	0.123777156199258	0.198776267289299	0.242802792362486	0.197880838656916	0.105011674350799	0.0307497659203774	0.00398409443779408	0.00013985516693729	
1.59951469539316e-05	0	2.07344497550965e-05	0.00026480854401509	0.00106338106601138	0.00398279159152897	0.0133618718350343	0.0335643348507001	0.0771688826856681	0.147074783828551	0.215969436236235	0.235845479771471	0.171144517929967	0.0788904344281913	0.0196716611019353	0.00189394388191553	6.69426520664545e-05	
1.06858473669182e-05	1.78097456115303e-06	4.45243640288257e-05	0.0004410880329789	0.00185043256903799	0.00611467932662539	0.0190582087788985	0.044598571302207	0.0959986844534575	0.170565121037999	0.227286786177975	0.221706399219696	0.142076058299609	0.0576471782535882	0.0115751473311206	0.001000907703368	2.37463274820404e-05	
1.48765691061265e-05	2.73728871552727e-05	9.58051050434545e-05	0.000625410965221557	0.00298662001374595	0.00949898690564387	0.026608826565982	0.0573390578371254	0.117964647321176	0.190886613765587	0.230797473363503	0.202500453735358	0.114014620692117	0.0395175231107501	0.00669386103499267	0.000424279750906727	3.57037658547035e-06	
6.54813744183319e-06	2.32161236574086e-05	5.11945290906959e-05	0.000203587545918814	0.001177474169086	0.00478371204387014	0.0144130457946968	0.0352254077257307	0.0752851267392002	0.138560374124856	0.20687649677028	0.227763864639284	0.17719974259867	0.0887302387629497	0.0257704925449455	0.00374077233495271	0.000187514844925223	1.19057044396967e-06	
4.75379783880466e-06	3.50592590611843e-05	5.16975514970007e-05	0.000429624479681971	0.00197401455256363	0.00733570429000544	0.0205334355399869	0.0456525033202307	0.0940776592299442	0.162401618668164	0.217427422877058	0.218231408936546	0.14841772810059	0.0653070804847685	0.0160559522005627	0.00196747808053528	9.68586309656449e-05	
3.55554712759199e-06	7.76294456190919e-05	0.000104888640263964	0.000979553233651594	0.00306665939754809	0.0110192331395955	0.0284828954479515	0.0593823777602898	0.113983729816344	0.181409347770435	0.222776360826404	0.201719818145616	0.119786382728574	0.0466997411561691	0.00946190349771023	0.00100207169879301	4.38517479069679e-05	
1.89774364211402e-05	9.42941372175401e-05	0.00019807699264565	0.00142923818046712	0.00525141248466238	0.0158070184490334	0.0384459140096773	0.0753006885844196	0.135632331146777	0.197702188276333	0.220795356221308	0.178313178702809	0.0932527503939301	0.0318815001426273	0.00537120755207082	0.00048926203273252	1.66052568684976e-05	
4.73074100553083e-06	5.73602346920613e-05	0.000140739544914542	0.000312228906365035	0.00240144240293259	0.00753488773655923	0.0214598238863392	0.049553329347684	0.0932056506335941	0.158670827353381	0.209244814073008	0.211416224194547	0.151884579380947	0.0704342288034714	0.0206213000431089	0.00284790608532956	0.000209335289494739	5.91342625691353e-07	
2.94700807951735e-05	0.000126721347419246	0.000266409530388369	0.000751487060276924	0.00372678641735764	0.0111744652359139	0.0291264596531018	0.0624382601807341	0.111803003119113	0.178172572077924	0.213063968936177	0.198329517940206	0.125796576283894	0.0506508172642806	0.012938544272313	0.00149059668661988	0.000114343913485273	
4.42341128760194e-05	0.000149806195606786	0.000343256715917911	0.001460905301252	0.00554164966110772	0.015606974599003	0.0385231940096395	0.0779552515918383	0.133594098343639	0.192993434478073	0.214174497087626	0.176837956879407	0.0992430658604656	0.0350045177773951	0.00772032716729459	0.00077262250490114	3.4207713957455e-05	
5.24525702054078e-05	0.000284658330440584	0.000473841196012897	0.0024741111204753	0.00778950135286376	0.0226642251665074	0.0508218256912689	0.0962469301985949	0.156108867961558	0.200961709034395	0.205703067768131	0.153423767850818	0.0743353110113268	0.0238311475148974	0.0044089626708613	0.000411958950264944	7.66161137831799e-06	
