# <P(U)> as a function of N_tot.
# number_of_species: 1
# species_total_upper_bound: 103
# species_total_lower_bound: 0
# volume: 729
# Bin widths for each
10	10	10	10	10	10	10	10	10	10	10	10	10	10	10	10	10	10	10	10	10	10	10	10	10	10	10	10	10	10	10	10	10	10	10	10	10	10	10	10	10	10	10	10	10	10	10	10	10	10	10	10	10	10	10	10	10	10	10	10	10	10	10	10	10	10	10	10	10	10	10	10	10	10	10	10	10	10	10	10	10	10	10	10	10	10	10	10	10	10	10	10	10	10	10	10	10	10	10	10	10	10	10	10	
# Bin lower bound for each
0	0	0	0	-10	-10	-10	-10	-10	-10	-10	-10	-10	-20	-20	-20	-20	-30	-30	-30	-30	-30	-30	-30	-30	-40	-40	-40	-40	-40	-40	-50	-50	-50	-60	-60	-60	-60	-70	-70	-70	-80	-90	-90	-90	-90	-90	-90	-90	-90	-90	-90	-100	-110	-110	-110	-120	-120	-120	-120	-120	-130	-130	-130	-130	-130	-140	-140	-150	-150	-160	-160	-160	-170	-180	-180	-180	-180	-190	-190	-200	-200	-200	-200	-200	-210	-210	-220	-220	-220	-220	-250	-250	-250	-250	-250	-260	-260	-260	-260	-270	-270	-270	-270	
# Bin upper bound for each
0	0	0	0	0	0	0	0	0	0	0	0	0	0	0	0	0	0	0	0	0	0	0	0	0	0	0	0	0	0	0	0	0	0	0	0	0	0	-10	0	-10	-10	-10	-10	-10	-10	-10	-10	-10	-10	-10	-20	-20	-10	-20	-20	-20	-20	-20	-20	-30	-30	-30	-30	-30	-30	-30	-30	-40	-40	-40	-40	-40	-50	-50	-50	-50	-50	-50	-60	-60	-60	-60	-70	-70	-70	-70	-80	-80	-80	-80	-80	-90	-90	-90	-90	-90	-100	-100	-100	-100	-100	-110	-110	
# Normalized histogram for each
1	
1	
1	
1	
1.94325029015156e-06	0.99999805674971	
2.37881745585959e-05	0.999976211825441	
0.000115841269348885	0.999884158730651	
0.000488494453310253	0.99951150554669	
0.00142443307418248	0.998575566925818	
0.00362434863613869	0.996375651363861	
0.00774636111575599	0.992253638884244	
0.0163137396006049	0.983686260399395	
0.0315892925363297	0.96841070746367	
4.85275291820297e-06	0.0563229914698309	0.943672155777251	
2.76984619092696e-05	0.0941397829606837	0.905832518577407	
7.89851288554616e-05	0.146608588218832	0.853312426652313	
0.000222992965718613	0.215157471093866	0.784619535940415	
4.87673087370535e-07	0.000487673087370535	0.299987222965111	0.699524616274431	
1.94926549239665e-06	0.0010462682530439	0.395550314197232	0.603401468284232	
2.92815193594765e-06	0.00210582926726902	0.495283723281834	0.502607519298961	
1.16955416595194e-05	0.00419626288458839	0.594744121041059	0.401047920532693	
2.29201656494014e-05	0.00794939617555091	0.684501481520495	0.307526202138305	
6.63475156026428e-05	0.0146447505211451	0.760220078612049	0.225068823351203	
0.000112832801814312	0.02614790279967	0.815988261480982	0.157751002917534	
0.000233399691111622	0.0443591249757689	0.84916178749007	0.10624568784305	
4.8805342818489e-07	0.000547595946423447	0.0712870359343978	0.860480654538214	0.0676842255275369	
9.76339867813345e-07	0.00124532150139592	0.108246312974532	0.849541144670624	0.0409662445135802	
7.33694017312244e-06	0.00251314657396687	0.159183232254754	0.81487383642243	0.0234224478086761	
3.62847727028674e-05	0.00472437547286659	0.2234308429394	0.758882291707017	0.0129262051080134	
8.13795700021178e-05	0.00896057699095608	0.297634011561782	0.686384707700272	0.00693932417698782	
0.000230809150235195	0.0156097551413841	0.380808635692503	0.599817606866842	0.00353319314903558	
4.91681970267991e-06	0.000485290104654507	0.0262376249794108	0.465067225217385	0.506543549501312	0.00166139337753554	
1.86422002505904e-05	0.000903165543719394	0.042081332976188	0.544063783797573	0.412163839429823	0.000769236052445415	
2.45506976817267e-05	0.00180398526565328	0.0652999456938567	0.61020120769792	0.322329055947112	0.000341254697776001	
2.46133610184418e-06	6.20256697664734e-05	0.00346900710193919	0.0984499982032246	0.657255994214876	0.240611848773541	0.000148664700551389	
3.45509584682672e-06	0.000153011387502326	0.00650347755396983	0.141026153594805	0.679576385505774	0.172681248158311	5.6268703791178e-05	
4.42921886788181e-06	0.000310537456181492	0.0110878112325975	0.193852145784294	0.676289062634568	0.118431406902003	2.46067714882323e-05	
1.97260349634107e-05	0.00069386327983797	0.0186445550965417	0.258048098977353	0.645721398358893	0.076869892498041	2.46575437042633e-06	
1.97213375011093e-06	6.95177146914104e-05	0.00126808200132133	0.0303324031435812	0.328080719434392	0.592582804965833	0.0476645006064311	
3.93966404514855e-06	0.00012557679143911	0.00238054199928101	0.0471991450929022	0.398497510624781	0.523604497126508	0.0281878037850322	9.84916011287137e-07	
1.33292917604242e-05	0.000215737055529829	0.00433201982213788	0.0720339610606957	0.463207698998921	0.444611855960711	0.0155853978102442	
9.88123252565786e-07	1.67980952936184e-05	0.000366099665075624	0.00735805980023112	0.105262793849328	0.51710021397809	0.361454003603686	0.00844104288504322	
2.47130444839743e-06	2.47130444839743e-06	3.36097404982051e-05	0.000733483160284358	0.0127020106038731	0.145606292534239	0.555271465379743	0.281309573882859	0.00433862208960653	
1.9795482967719e-06	1.9795482967719e-06	0.000118278010732121	0.00141438725804352	0.0213519028160559	0.195544234738796	0.570102981051269	0.209340696593148	0.00212356043536206	
4.9479990044626e-07	7.4219985066939e-06	0.00019445636087538	0.00260957467495358	0.0336973576200916	0.252138154069803	0.560806701965692	0.149546837511176	0.000999000999000999	
1.09057146440449e-05	9.41857173803879e-06	0.000384178584051582	0.00458585300782088	0.0515572616940243	0.314303687469978	0.527401351614616	0.101273936184715	0.000473407158411949	
1.48852643821424e-05	2.38164230114279e-05	0.000685218337057957	0.0074505709987417	0.0763132772588885	0.373045068611145	0.476094761577759	0.066189312777114	0.000183088751900352	
5.95956435584559e-06	7.10181419071599e-05	0.00108414408240091	0.0124048332066926	0.10781745854378	0.425002358994224	0.41312097419012	0.0404033631808181	8.98900957006709e-05	
9.41782476996963e-06	0.000132345221767468	0.00193114975283167	0.0197001067188249	0.14768190156787	0.463565162177421	0.343198422167379	0.0237433275950692	3.81669740677717e-05	
6.94198238224043e-06	0.000251894789298438	0.00343826470274679	0.0308814086273965	0.194707234289426	0.486472803544378	0.27131548086864	0.0129081203838916	1.78508118400468e-05	
4.80345690432554e-05	0.000501144163626541	0.00563787184079858	0.0469683996911922	0.245523500046301	0.48866359410492	0.205841498797403	0.00681249037451613	3.46641219899781e-06	
7.85207095886708e-05	0.000968587740432401	0.00899310608048472	0.0686608939036124	0.297933414438269	0.471164511819852	0.14869238170209	0.00350858360567098	
4.974159242734e-07	0.000143255786190739	0.00185436656569123	0.0144350101224141	0.0974238829281881	0.348230442849397	0.434364476544352	0.101899133998876	0.00164893378896632	
1.99414121311587e-06	5.9824236393476e-06	0.000305103605606727	0.00309091888032959	0.0228658202201931	0.13259742875432	0.392490861847891	0.381635754154295	0.0662119692343894	0.000793668202820115	4.98535303278966e-07	
2.04229645776132e-05	3.33741128463436e-05	0.000548431317072004	0.00490997955711058	0.0348096978198236	0.17460787908011	0.422514276150361	0.321131691260565	0.0410675930390567	0.000356654698477343	
2.69402465331894e-05	8.58096741427514e-05	0.000943906415570265	0.00794587604692791	0.0510183413189546	0.220044940322365	0.437754560385066	0.257590165013999	0.0244522648765039	0.000137195699937539	
4.98733466362173e-07	6.23416832952717e-05	0.000144133971778668	0.00167624318044326	0.0126159617650975	0.0728664556359126	0.267712643741219	0.433228316689766	0.197966264670868	0.0136772665815162	4.98733466362173e-05	
7.96781401528526e-06	8.11721052807185e-05	0.000283853374294537	0.00287239695251033	0.0195560035237657	0.101554271520194	0.313795921375603	0.410028191121963	0.144646201668361	0.00715659095085402	1.74295931584365e-05	
7.98751551325279e-06	0.000124804929894575	0.00049322908294336	0.00483943596159203	0.0301029490905714	0.135387389510196	0.352162569903241	0.37272692781183	0.100653678300816	0.00350002945396345	9.98439439156598e-07	
1.59507918072746e-05	0.000156517144608882	0.000820468853586685	0.00791807274557989	0.0435312062287842	0.174161711121191	0.380416913820863	0.324591136344378	0.0667306359879771	0.00165589157449269	1.49538673193199e-06	
2.1425460821801e-05	0.000285506722113766	0.00149131172650349	0.0123121659745745	0.0622628874146843	0.214614356653203	0.396514525964171	0.26926572454431	0.0425036298716764	0.000728465667941232	
4.47917630933789e-06	4.13079592972272e-05	0.000443936140881044	0.00277061939045378	0.0191554463300118	0.0861325696835412	0.256936999887523	0.396154278758054	0.212685226382548	0.0253635846947541	0.00031155159662728	
4.47898237520435e-06	7.36543768366938e-05	0.000817663115828973	0.00480694341801098	0.0287948800254804	0.115820014581576	0.297703526203291	0.376775978719857	0.160256496390687	0.0148139853736342	0.000132378812422706	
1.33805120275936e-05	0.000145203334225367	0.00134697154411109	0.00799064355307108	0.0426055325939362	0.149386974319328	0.331361937894601	0.343209142358737	0.115862349221452	0.00803574083434926	4.21238341609428e-05	
3.26491037573677e-05	0.000298788767718941	0.00232600130101732	0.0129028268682337	0.0594431349075808	0.187265365484456	0.35326627075506	0.299673261620731	0.0807120472719448	0.00406728683474359	1.23670847565787e-05	
5.44518064386786e-05	0.000654906726530653	0.00376212480849052	0.019840753216988	0.0813113975056123	0.226584361936207	0.360720446900826	0.252005930296738	0.053047939865405	0.00201224175612026	5.44518064386786e-06	
9.39416068860187e-06	0.000100369190515062	0.00100913062975981	0.00590546606656109	0.0298338766289598	0.107784644304938	0.263431548459283	0.356334358944947	0.201726745620467	0.0329967422039591	0.000861296206291813	6.42758362904338e-06	
1.03602556911105e-05	0.000172670928185174	0.00184264547649036	0.00953686203642173	0.0424622479682799	0.139186088445996	0.296298379310668	0.336948569224022	0.153513335375784	0.0196390980262726	0.000388262915662092	1.48003652730149e-06	
2.47765035497297e-06	1.98212028397837e-05	0.000398901707150648	0.00295236816298579	0.0150046505497163	0.0594249571738136	0.173778431657236	0.319922637845316	0.30501758883987	0.112456089841584	0.0108228722805929	0.000199203088539826	
5.94177358970766e-06	7.77382044653419e-05	0.000812537538392523	0.00482273956364605	0.0226891576000978	0.0812745500468162	0.208561699624529	0.331897074617288	0.26536802602893	0.0785566837773241	0.00584769550787062	8.61557170507611e-05	
2.95609606129761e-06	1.82292590446686e-05	0.000183277955800452	0.00149726265504724	0.00777896678530466	0.0329456906031618	0.106831833607265	0.243166983954311	0.332732753150213	0.219970498161308	0.0519607785174587	0.00287726683299634	3.35024220280396e-05	
1.53186577297947e-05	5.28740766802591e-05	0.000371600987509858	0.00245296183776454	0.0118299569693963	0.0461338672791494	0.136991791176058	0.271665029382174	0.320234069090111	0.175619516167608	0.0332385223721584	0.00137966749618022	1.48245074804465e-05	
2.67303310551501e-05	8.71210789945634e-05	0.00065588312311248	0.00424863761937692	0.0175791527178064	0.0630291306157827	0.168695119289052	0.294957323046446	0.297628871133569	0.132319593778169	0.0202205054309598	0.000548466792761228	3.4650429145565e-06	
4.94907402824932e-07	4.3551851448594e-05	0.000154906017084204	0.00122242128497758	0.0066916429935959	0.0253155034693009	0.0843564719041067	0.200305357867543	0.308804897603658	0.264026170703461	0.0967484583634402	0.0120910827584159	0.000239040275564442	
1.08633874708602e-05	2.96274203750733e-06	9.67829065585727e-05	0.000385650255215537	0.00229810024042652	0.010059003007677	0.0362639625390897	0.110119196050072	0.230093953487913	0.311390607416435	0.224849406291185	0.0679470320978534	0.00638717804252621	9.5301535539819e-05	
9.38482010287739e-06	1.18545096036346e-05	0.000163493444950127	0.000692994873912472	0.00382604297457306	0.0148700004840591	0.0509319126362157	0.138619720174301	0.258204061552565	0.301031441123096	0.183233179191779	0.0451864269816542	0.00318342976647604	3.60574667110552e-05	
3.3116952765834e-05	3.954263016816e-05	0.00021995588031039	0.0012614099023643	0.00595858008346461	0.0218369232274892	0.0681438145687901	0.169005695621593	0.280427436060803	0.279582706623835	0.143794303192128	0.0281884581982499	0.00149224000597094	1.5817052067264e-05	
4.84098117796879e-05	4.44579904099175e-05	0.000387278494237503	0.00217547766405863	0.00927937055389222	0.0316209926678894	0.0896757184781733	0.199365436283549	0.291605392853032	0.25093127140467	0.107345299777759	0.0168016625312503	0.000709845913545016	9.3855757532048e-06	
9.85193526490376e-07	4.48263054553121e-05	8.3741449751682e-05	0.000732491386945595	0.0036496494188836	0.0140074815596402	0.0449130024856433	0.115541526399738	0.227796939791868	0.291754225741333	0.214925878965034	0.076494858767582	0.00973716021906763	0.000315754525240166	1.47779028973556e-06	
7.4018879748928e-06	6.02020221957947e-05	0.000179125688992406	0.0012380891286004	0.0058341681018105	0.0203877602380447	0.0607468011507468	0.143606495896887	0.251352324933013	0.281808626653705	0.177148891443911	0.0522923647058243	0.00521635718550612	0.000121390962788242	
5.91988910074418e-06	7.39986137593022e-06	9.86648183457363e-05	0.000363579855604038	0.00208281431527849	0.00864501138345342	0.0296551911260862	0.0799189961841382	0.172667378697772	0.267314072316379	0.261597926065518	0.140750789935202	0.0342633314669239	0.00258995148157558	3.89726032465658e-05	
8.37434710880592e-06	3.4482605742142e-06	0.000186206071007567	0.000608864295675536	0.00343151187999659	0.0130245727974605	0.0413875012376792	0.102456688615666	0.198726705152539	0.275021933400295	0.235224080287329	0.107443366014633	0.0212028616621897	0.00125368902305359	2.0196954791826e-05	
4.93426571218231e-06	2.41779019896933e-05	0.000264476642172972	0.00111662433066686	0.00562999717760001	0.0194252172557193	0.0557823673027922	0.126619672720024	0.224194777178429	0.273875924928108	0.202267887206633	0.0778844237073704	0.012331716867886	0.000573855102326802	3.94741256974585e-06	
1.08442013590742e-05	5.47139250389652e-05	0.000522493338209938	0.00188294769053015	0.00845453371412911	0.0277971385110123	0.0726704437348612	0.153520372803926	0.242879056593915	0.263130602631986	0.167711489037005	0.0539134258113681	0.0071625949976685	0.000289343008989843	
1.83101602584405e-05	0.000154399189206309	0.000792285583074682	0.00319289605371508	0.0129061886362197	0.0377664375752201	0.0932833383480079	0.179660777063407	0.257619501013492	0.242168200101349	0.132966899189206	0.035699368942801	0.00364471162982201	0.000126686514220561	
4.94099952467585e-06	2.56931975283144e-05	0.000355257865824193	0.00126934277788922	0.005312068588979	0.0186863661023716	0.0504975092421396	0.116439100698559	0.20459740241773	0.261888786006299	0.216125248408751	0.10053254092877	0.0224672189386535	0.00174911383173525	4.94099952467585e-05	
1.13685511275873e-05	4.34970651838122e-05	0.000545196169292555	0.00216496756255792	0.0080563484708063	0.0262628359592215	0.0668302749459376	0.141702069817732	0.225217917825147	0.257131912264442	0.184658881680568	0.0731976521470497	0.0133985789311091	0.000764658634538153	1.38399752857584e-05	
1.97725465112083e-06	1.87839191856479e-05	0.000170538213659172	0.000997030657827679	0.00356251856765696	0.0119698053442227	0.0360315115073749	0.0861213035842189	0.166637584546173	0.240786116904193	0.242121258107362	0.152617860442401	0.050903926679443	0.00767323098733717	0.000386553284294123	
5.4406049161306e-06	3.06652277090998e-05	0.00029230886413029	0.00160349464891776	0.00553457900104559	0.0172946938274853	0.0482438221931177	0.107399024845759	0.189971085657873	0.249873629585812	0.222272946245834	0.119972757407384	0.0333454675309645	0.00401566102855131	0.000144423330500921	
2.57775909453237e-05	7.73327728359712e-05	0.00050762025246176	0.00240574324726262	0.00813828289518038	0.0247172396562459	0.0631441919121817	0.130300269276681	0.212097026852318	0.250036187771904	0.195025817248778	0.0908878198899892	0.0206186026959394	0.00196008835765019	5.79995796269784e-05	
4.55558532091375e-05	0.000193117203821344	0.000933399818469828	0.00377370823159605	0.0118266956309461	0.0337118265470793	0.0800876851139812	0.154628449927432	0.229697068431329	0.240766645588832	0.164845835526534	0.0660614340487418	0.0123872306943455	0.00102797773111054	1.33696525722469e-05	
2.96255917711956e-06	0	2.4687993142663e-06	7.2088939976576e-05	0.000353532061802935	0.0015296680551194	0.00568070722212676	0.0171393923593624	0.0447385936534082	0.100874152461195	0.177561971800387	0.240764715525193	0.222865920496762	0.134810761594963	0.0457088317839149	0.00743750481415866	0.000452284034373587	4.44383876567934e-06	
8.88611115636446e-06	0	1.33291667345467e-05	0.000171304476181026	0.000623508799471573	0.00250785803746286	0.00827691886931147	0.024527147810092	0.0599536046263069	0.123169399392684	0.199198966446538	0.242946279015004	0.198957066753948	0.105086656862324	0.0304373990747584	0.00397011699552683	0.000151557562500216	
1.33327275995362e-05	4.93804725908749e-07	2.61716504731637e-05	0.000254803238568914	0.00103797753386019	0.00382402379743735	0.012965830688186	0.033470084322095	0.0770582274780603	0.146640745210588	0.216014877348782	0.236078657167181	0.172453893452742	0.0786369211867905	0.0194988672119588	0.00195349149569501	7.16016852567686e-05	
8.89946716912399e-06	5.93297811274933e-06	5.43856327002022e-05	0.000470188515435384	0.00182686284388406	0.00593545018696297	0.0185153414453625	0.0448177166637084	0.0960242619251624	0.169619394509919	0.228065656313455	0.221691660160991	0.143219125152712	0.0572646103294138	0.0114402650459089	0.00102047223539288	1.97765937091644e-05	
1.23784130379349e-05	2.67373721619393e-05	0.000112395990384449	0.00067685162491428	0.00298171213257775	0.00913625909503898	0.025900591440575	0.0582102300156711	0.117761289731611	0.189980912487096	0.231548118605002	0.202344471429385	0.115050912412825	0.0392831413441471	0.00652490908055624	0.000446118005887173	2.97081912910437e-06	
5.43803360704769e-06	1.92803009704418e-05	5.38859693789271e-05	0.000238779112018549	0.00121614206121248	0.00480919917539636	0.0137943137943138	0.0351751788371507	0.0755753192372911	0.138465189169415	0.20637337538746	0.228722704779043	0.177042599577811	0.0890023185797834	0.0256309354900904	0.00366127971761775	0.00021307204405796	9.8873338309958e-07	
3.94389999452784e-06	2.90862624596428e-05	6.45813624103934e-05	0.000441223811887802	0.00207498438462096	0.00725381806493533	0.0197959130350332	0.0459597455987309	0.0945397197563261	0.162527625786993	0.216898724099053	0.217999565185026	0.149024205193229	0.0655254334715835	0.0157987703905792	0.00196356920977555	9.90904873625119e-05	
2.94838266468928e-06	6.43730215123827e-05	0.00013022023435711	0.000942499658479008	0.00327958431735605	0.0107719160654423	0.0279310117768232	0.0600703484103795	0.114356461429749	0.181485237939395	0.222308052917572	0.200935226981239	0.120739709898802	0.0466095073547406	0.00930165590998391	0.00102407157886874	4.71741226350286e-05	
1.57223511400424e-05	8.00857261195911e-05	0.000233869973208131	0.00134671763983926	0.00544632069960532	0.0154373835256292	0.0381610941577217	0.0762258889147107	0.135967875306033	0.197342038275081	0.220207250067434	0.178068401071282	0.0941434733326815	0.0315223313888388	0.00529204512904365	0.000495254060911336	1.42483807206634e-05	
3.91666511632006e-06	4.74895645353807e-05	0.000132187447675802	0.000413697752911306	0.00228684284479137	0.00776234067740682	0.0211328562182444	0.0495037095714483	0.094435691785872	0.159192853652829	0.208179073845783	0.210986343567906	0.151435408806817	0.0710252948024875	0.0203847731810273	0.00287923844363478	0.000195343672676463	2.93749883724004e-06	
2.43916003133833e-05	0.000104883881347548	0.000324408284167998	0.000763944921815164	0.0036948396154713	0.0115113718518981	0.0291845497749631	0.0625976273802543	0.113535094146699	0.178627982239012	0.211817632785433	0.197268531030506	0.125206962728659	0.0510399114877608	0.012695827963116	0.00150398607532321	9.75664012535331e-05	4.87832006267666e-07	
3.65642299451293e-05	0.00012821856634092	0.00047045975862733	0.00140114129149735	0.005712795286627	0.0161155624675492	0.0390481599660684	0.0788095661775998	0.134970760804121	0.193029882726326	0.211774169565398	0.176281515319194	0.0988014245423987	0.0351055609318516	0.0075429568761472	0.000741035060221287	3.02264300879735e-05	
4.32722789029651e-05	0.000267899164893638	0.000810504370013964	0.00237414087509189	0.00825868460051421	0.0232761102013668	0.0518003212845157	0.097774443489321	0.156616477305878	0.200811574021852	0.202664988933966	0.152496859113239	0.0743967163633393	0.0237117502226821	0.0043150727557732	0.000369516089508466	1.16689291423726e-05	
