# <P(U)> as a function of N_tot.
# number_of_species: 1
# species_total_upper_bound: 103
# species_total_lower_bound: 0
# volume: 729
# Bin widths for each
10	10	10	10	10	10	10	10	10	10	10	10	10	10	10	10	10	10	10	10	10	10	10	10	10	10	10	10	10	10	10	10	10	10	10	10	10	10	10	10	10	10	10	10	10	10	10	10	10	10	10	10	10	10	10	10	10	10	10	10	10	10	10	10	10	10	10	10	10	10	10	10	10	10	10	10	10	10	10	10	10	10	10	10	10	10	10	10	10	10	10	10	10	10	10	10	10	10	10	10	10	10	10	10	
# Bin lower bound for each
0	0	0	0	-10	-10	-10	-10	-10	-10	-10	-10	-10	-20	-20	-20	-20	-30	-30	-30	-30	-30	-30	-30	-30	-30	-30	-40	-40	-40	-40	-50	-50	-50	-60	-60	-60	-60	-60	-60	-60	-70	-70	-70	-70	-70	-80	-80	-90	-90	-90	-90	-90	-100	-110	-110	-110	-120	-120	-120	-120	-120	-120	-130	-130	-130	-130	-140	-150	-150	-160	-160	-160	-160	-180	-180	-180	-180	-180	-180	-200	-200	-200	-200	-200	-210	-210	-220	-220	-220	-220	-250	-250	-250	-250	-250	-260	-260	-260	-260	-270	-270	-270	-270	
# Bin upper bound for each
0	0	0	0	0	0	0	0	0	0	0	0	0	0	0	0	0	0	0	0	0	0	0	0	0	0	0	0	0	0	0	0	0	0	0	0	0	0	-10	0	-10	-10	-10	-10	-10	-10	-10	-10	-10	-10	-10	-20	-20	-20	-20	-20	-20	-20	-30	-30	-30	-30	-30	-30	-30	-30	-30	-30	-40	-40	-40	-40	-40	-50	-50	-50	-50	-50	-60	-60	-60	-70	-70	-70	-70	-70	-70	-80	-80	-80	-80	-90	-90	-90	-90	-90	-90	-100	-100	-100	-100	-110	-110	-110	
# Normalized histogram for each
1	
1	
1	
1	
3.9164733723871e-06	0.999996083526628	
2.83063528240467e-05	0.999971693647176	
0.000107239965020273	0.99989276003498	
0.000477472384227593	0.999522527615772	
0.0014169655273366	0.998583034472663	
0.00358735282279337	0.996412647177207	
0.00766387523003385	0.992336124769966	
0.0161211227213969	0.983878877278603	
0.0312830709197154	0.968716929080285	
9.80735414257735e-06	0.056610009581785	0.943380183064072	
4.61903297105046e-05	0.0950056460307274	0.904948163639562	
9.27032667053259e-05	0.146975112131505	0.85293218460179	
0.00024547691531145	0.21604728930391	0.783707233780778	
9.82943956467378e-07	0.000516045577145374	0.302422367086318	0.69706060439258	
3.9321198156229e-06	0.0010135038824768	0.398550817241952	0.600431746755755	
5.89681169219822e-06	0.00189189375124693	0.498264863159571	0.49983734627749	
1.95991580201715e-05	0.0039776491201938	0.596877658135807	0.39912509358598	
2.64644132055462e-05	0.00755215939810123	0.686442771196525	0.305978604992169	
6.18136720068446e-05	0.0142043893594141	0.762212615483638	0.223521181484941	
0.00012566699228817	0.0257499521385479	0.816986642973202	0.157137737895961	
0.000285205759784224	0.0439579502820695	0.850070958408964	0.105685885549183	
0.000628510204943429	0.0705650012128283	0.861547058228524	0.0672594303537039	
0.00131034890131527	0.106787036307789	0.850984484523903	0.0409181302669922	
2.96179579602705e-06	0.00261625295315722	0.158020691105431	0.816064582944598	0.0232955112010181	
3.46283340902098e-05	0.00489347829743364	0.222305000430381	0.75965363750862	0.0131132554294754	
9.02197793481968e-05	0.00878304423346896	0.29620938127077	0.687804863540105	0.00711249117630729	
0.00020854746689309	0.0153610105614396	0.378894003267244	0.601797480547983	0.00373895815644039	
9.97134236205146e-06	0.00047463589643365	0.0260501319208594	0.463347339745571	0.50833205367773	0.00178586741704342	
3.18661303862474e-05	0.000848435721533836	0.0408862369187045	0.541807865158469	0.415606039030035	0.0008195570408713	
2.58563935900011e-05	0.00170652197694007	0.0644699339866382	0.608390001929285	0.325026801146433	0.000380884567114247	
4.98352446810843e-06	7.67462768088699e-05	0.00334892844256887	0.0981246000721614	0.655438121570089	0.242841167101562	0.0001654530123412	
7.01225742598061e-06	0.000178311688832078	0.00628698965792205	0.140947376013271	0.67789095338652	0.174622239674952	6.7117321077243e-05	
9.00104412111805e-06	0.000362041996871637	0.0109072652427682	0.19383248456821	0.674975297134468	0.119885906765185	2.80032483768117e-05	
1.10345713119202e-05	0.000703203135423281	0.0185079855186299	0.256532717002368	0.646566693450581	0.0776743537502997	4.01257138615282e-06	
5.31819887655557e-05	0.00121917200660661	0.0302766065476059	0.326751142409325	0.593274184258533	0.0484257127891645	
7.6397496172586e-05	0.0022828778132624	0.0475684988997755	0.397466015679581	0.523596271400095	0.0290079282506883	2.01046042559437e-06	
0.000201924950553628	0.00426263570618708	0.0720448031080288	0.461413656386331	0.445983561289775	0.0160934185591241	
6.07608473302696e-06	0.000375704572658834	0.00725585785202303	0.104902590234922	0.516400365375229	0.362440479686636	0.00861892619379875	
2.4368079846075e-05	0.000712766335497693	0.0123190796988511	0.145720102142868	0.554532209017205	0.28243010676265	0.00426136796308236	
8.33535787655742e-05	0.00139566419079431	0.0206361097868283	0.196162482554198	0.569565168775749	0.21002255629162	0.00213466482204519	
0.000169587050454686	0.00248896922553554	0.0335183220021427	0.252826873962295	0.560006905340977	0.149925107515144	0.00106423490345216	
0.000368594527742069	0.00433276267183308	0.0514021823233031	0.316384077528731	0.526207781710807	0.100763386683076	0.000541214554508327	
5.06936410910488e-06	0.000638739877747215	0.00736274443206393	0.075412874359866	0.375631769502097	0.475086610085804	0.0656533345770173	0.000208857801295121	
3.75336534852533e-05	0.000957615375407544	0.0125930479558361	0.107718542233476	0.426498962245202	0.412269649882023	0.0398384226938613	8.62259607093658e-05	
3.03815312696847e-06	8.50682875551172e-05	0.00200011747525424	0.0198796486274637	0.147665381865467	0.46578533220179	0.340846348443757	0.0236925308018091	4.25341437775586e-05	
1.11542747744048e-05	0.000225113545447079	0.00364440577629189	0.0311954644690717	0.194124942073823	0.488838120038249	0.269159748481244	0.0127787427915499	2.23085495488096e-05	
8.70625108828139e-05	0.000459609069079041	0.00595973257636192	0.0469398539779469	0.245470724724538	0.490342135420674	0.203779930269003	0.00695791438718116	3.03706433312141e-06	
9.14437133463116e-05	0.000908340885906695	0.00895843578416032	0.0684009136243005	0.297555811146379	0.472568918078625	0.147868548646023	0.00364758812125843	
0.000181536058740606	0.00186201231199862	0.0143271502895449	0.0971390322809651	0.34893360242589	0.43462267882316	0.101221058182814	0.00171292962688762	
6.11038408855983e-06	0.000321813561997485	0.00314379261356403	0.0225778692072286	0.13186819901521	0.392489319557812	0.382925550061868	0.0658709588720231	0.000796386726208965	
1.73067623628821e-05	2.13789417423838e-05	0.000498841973988954	0.0049487159909394	0.0342012165635896	0.173557303199206	0.422342012165636	0.323262833727826	0.0408195261001247	0.00033086457458451	
2.14053749915907e-05	9.88724463897287e-05	0.000878639678226249	0.00801070676471008	0.0504147546230513	0.218744584949779	0.437274096846071	0.259838827719349	0.024602930293906	0.000115181303526179	
5.89670597803985e-05	0.000166734444896299	0.00163887759251728	0.0128131354209028	0.0724339162261082	0.265944489629931	0.434098210654738	0.198962993086621	0.0138369255795039	4.57503050020333e-05	
3.03786085989689e-06	8.10096229305839e-05	0.000252142451371442	0.00274521359706016	0.0195891394449018	0.100757743760487	0.31153769428386	0.412263034195174	0.145605683635145	0.00714808660333739	1.72145448727491e-05	
1.01434692287717e-05	0.000136936834588419	0.000449355686834588	0.00499160120747858	0.0296950061672293	0.134565291482732	0.350008520514152	0.374803216696962	0.101838402363023	0.00350152557777201	
8.10422027270701e-06	0.000188423121340438	0.000810422027270701	0.00792896650930972	0.0426737848734729	0.173162874566931	0.378306015357497	0.327312235346557	0.0679599651518528	0.00164920882549588	
1.1132014560675e-05	0.000331936434172856	0.00146436591539062	0.0123595721663204	0.0611238679500193	0.213492811248597	0.394374891842359	0.272526896465181	0.043674941126823	0.000639584836576966	
3.53433964398092e-05	0.000517023399348066	0.00276789284690049	0.0187754220001535	0.0848837303238263	0.255752895129074	0.395674372200298	0.214943389977017	0.0263793012913467	0.000270629435596253	
5.67463852045961e-05	0.000903888850044637	0.00486904251621579	0.0280833807064317	0.114144340510738	0.296620448762574	0.376965223585824	0.162290608371916	0.0159477608991059	0.000118559411945317	
8.07787882979808e-06	0.000133285000691668	0.00146714474246208	0.00806980095096829	0.040816511992116	0.148118005692885	0.331868544638863	0.343291675039052	0.117645217542326	0.00854033739280402	4.13991290027152e-05	
1.31073359742935e-05	0.000296427444341714	0.00252669107319842	0.012900643368545	0.0569836390199342	0.186584944107295	0.352963417425296	0.30051592490908	0.082853487206736	0.00434760251701181	1.41155925877007e-05	
3.54536291854275e-05	0.000724266996216591	0.00389787328872929	0.0200768837272907	0.0781560060980242	0.22591457701288	0.360237235427292	0.253984734680234	0.0548670235665338	0.00210088076944505	5.06480416934679e-06	
6.8044413705973e-05	0.00120448768142215	0.00614837135188001	0.0298765755582435	0.104854410344376	0.261994351298074	0.357676984027843	0.203012031674167	0.0342700103894679	0.000883561789913381	1.11714709069508e-05	
8.14688010134719e-06	0.000183304802280312	0.00229538346855457	0.00971006272079318	0.0423454460467773	0.135586488806696	0.294877343628274	0.338105707806035	0.155989331660507	0.0205128257351796	0.000383921724775986	2.0367200253368e-06	
5.11913769149414e-06	2.35480333808731e-05	0.00041976929070252	0.00342060780545639	0.0152345537698866	0.0596348826232919	0.170228733310331	0.318564962369219	0.306743849612021	0.114289868100298	0.0112713173691318	0.000162788578589514	
1.23522363723952e-05	9.77885379481288e-05	0.000813188894516019	0.00555438895545372	0.0228928114101725	0.0815206426456843	0.2041495279387	0.330773332345154	0.26751855923515	0.0803585030736482	0.00626773060595954	4.11741212413174e-05	
6.15577180553917e-06	2.9752897060106e-05	0.000243152986318797	0.00164666895798173	0.0083995506286582	0.0341481181292609	0.107199688107562	0.23942258860464	0.330322818933102	0.222439840155125	0.0531161029860623	0.00300914645094106	1.64153914814378e-05	
2.67851256016351e-05	8.44761653590031e-05	0.000436803586734357	0.00259712698622008	0.0128331657545988	0.0471943611129426	0.136297141821059	0.268719712204127	0.318676031845454	0.177968616074372	0.0338316740291422	0.00132483352014241	9.27177424671985e-06	
3.93241218302688e-05	0.000119007210802129	0.00073370532572791	0.00475821874146253	0.0186417034381701	0.064078656522423	0.167225828083218	0.291733241715028	0.297751902045682	0.13430946842066	0.0200925565646447	0.000512248429104817	4.13938124529145e-06	
5.90730505634222e-05	0.00019172832200409	0.00141049862836522	0.00753025939287413	0.0265714726911505	0.0850413563172409	0.1972874069729	0.306847188381886	0.26454259322401	0.0980281001174206	0.0123027400568138	0.000187582844771569	
2.27591072636725e-05	0	0.000131382119203928	0.000517252437810739	0.00253246793552138	0.0113588635343238	0.0383284056417758	0.110188217817071	0.226528636129462	0.310263529772016	0.225214814937423	0.0684242214833558	0.00640358518009695	8.58639046765827e-05	
1.13838049850717e-05	5.17445681139622e-06	0.000251478601033856	0.000893111245646988	0.00415405392818889	0.0163709464598954	0.0523882705412999	0.137904448480521	0.254578100663883	0.300695964441133	0.183611460386946	0.0460588749696001	0.00303119680011591	4.55352199402868e-05	
1.66255530594135e-05	3.0133814920187e-05	0.000346019323049043	0.00142875846604335	0.00636135223935809	0.0233807230868664	0.0691435969799683	0.167923281385407	0.276157709996322	0.280328645620102	0.144958197125026	0.0285678956414034	0.00135082618607735	6.23458239728006e-06	
3.22343499631385e-05	6.13492467040377e-05	0.000515749599410215	0.00243837260205031	0.00990946306931321	0.0335715555777383	0.09088630944768	0.197501941859631	0.287250690698934	0.252201554111595	0.107804144089624	0.0171601121755379	0.000663403718596204	3.11945322223921e-06	
5.09298861769013e-05	0.000106017314082529	0.000941683201556584	0.00399227944500975	0.0150690099957697	0.048250350532737	0.115966311439372	0.225758673411585	0.287278857756985	0.21489397748899	0.0774331753121015	0.00997602137807957	0.000282712837553411	
4.17106366294469e-05	0.000214809778641651	0.0015047112164073	0.00632333251302415	0.0220075746516119	0.0647130099646711	0.143042457257025	0.246986406503522	0.279361159889383	0.176957375900428	0.0534208978631641	0.00533583319082199	9.0720634669047e-05	
1.24966285137656e-05	3.12415712844139e-06	8.85177853058394e-05	0.000290546612945049	0.0025107809455574	0.00973487361222337	0.03201115532372	0.0836191069284433	0.171415211937613	0.262455233431814	0.260211047227883	0.140225709938673	0.0347697860681337	0.00264303693066142	9.37247138532417e-06	
1.77568131325212e-05	3.13355525868021e-06	0.000104451841956007	0.000566128983401558	0.00424596737551168	0.0140539953351807	0.0448035730886096	0.106459406358401	0.195962100693665	0.269255958194195	0.234111046931257	0.107402606491264	0.0216862914269062	0.00132758291126085	
1.04469846868098e-05	9.40228621812886e-06	0.000170285850395	0.00110633567833316	0.00644683425023036	0.020549218878955	0.0602059727500851	0.130156892816027	0.220264225136699	0.268773753831432	0.200828654825358	0.0779355504620701	0.0129772443779552	0.000565181871556413	
2.29713672348948e-05	1.46181427858421e-05	0.000427058599957816	0.00199015572498679	0.0091488690778249	0.0297197284366732	0.077720488580098	0.155648763618366	0.23868503540723	0.257783638956933	0.16690055695124	0.0540370089609215	0.00758890441196432	0.000312201763783342	
3.57178124730803e-05	0.000120810248070713	0.000710154153876538	0.00369364201927501	0.0139183911016424	0.0396110540326461	0.0975169817187832	0.180633381867537	0.251707626593382	0.238513046456268	0.133630841700756	0.0357945007175078	0.00397938451905966	0.000134467058722185	
1.05392513337423e-05	3.58334545347237e-05	0.000307746138945274	0.00133953884451864	0.00579131860789137	0.0198243317587692	0.0531315277487948	0.120805114487887	0.204663829500208	0.256489544008752	0.211934858995356	0.100871174515247	0.0228248566134856	0.00193711439514183	3.2671679134601e-05	
2.42454653073745e-05	3.05703693006027e-05	0.000514425524782555	0.00242138407874084	0.00842160966698326	0.0281753389885003	0.069214478548561	0.146779938669514	0.224626857018166	0.251128204749792	0.180800543098423	0.0733425325548079	0.0136849839400146	0.000825399971116272	9.4873559898422e-06	
4.20726679120176e-06	3.99690345164168e-05	0.000106233486477845	0.00090771781020178	0.00392222446609784	0.0122179027616499	0.037669763215025	0.0893960047794551	0.170833964423352	0.241226796923647	0.23556802308948	0.148939348041938	0.0509605190084314	0.00778659901381666	0.000420726679120176	
1.15626015012461e-05	3.57389500947608e-05	0.000236507757980035	0.00164924743231411	0.00584752292285748	0.0181017782229963	0.0500124560752536	0.111231175296397	0.194202301378157	0.247632031769824	0.215872718882674	0.117682055788501	0.0333570541855041	0.00400066011943116	0.000127188616513707	
5.14617770276728e-05	0.000106074275097856	0.000453703830121523	0.00255418452512858	0.00819712591226502	0.0257025320244538	0.065219925579969	0.134342544291261	0.215194247203473	0.24561971007065	0.190288847602774	0.0899257795146419	0.020392516827476	0.00190198526932889	4.93612963326657e-05	
8.5849670944493e-05	0.000218811966187793	0.000806149349112922	0.00378471415200417	0.0124115591347191	0.0347199102138076	0.0810337137939482	0.158209427131427	0.231746998925832	0.23656504997079	0.162020314963598	0.065046829948553	0.0123927140849995	0.000955862799662464	2.09389441328032e-06	
6.27945456657635e-06	0	0	0.000125589091331527	0.000384093304322253	0.00149660333836736	0.00573837489808969	0.0181026209396785	0.0470079968853905	0.101664369432871	0.178962361995904	0.240965696386279	0.220009063346091	0.132421137899962	0.0452413770006604	0.00742022214617105	0.000454213880315689	
1.8796639160918e-05	0	1.98408968920801e-05	0.000206763030770098	0.000602536710880539	0.00233600454460965	0.00866733916864553	0.0258474673617246	0.0623098145607121	0.123980543389953	0.19960255550752	0.242259439567761	0.196160682025609	0.103260381488234	0.030565423791115	0.00400890542993135	0.000153505886480831	
2.82106899707863e-05	0	3.0300370709363e-05	0.000327035035587263	0.000860948464293625	0.00362037187958424	0.0135777005989025	0.0351327574173218	0.0794015990237012	0.148626452850533	0.215786702107652	0.233750642576827	0.169034274943474	0.0781331628153851	0.019655537027053	0.00196221021352358	7.20939854808982e-05	
1.88254784024699e-05	3.13757973374498e-06	5.22929955624164e-05	0.000509333776777936	0.0015039465523751	0.00570202823612588	0.0199989332228905	0.0462625673141585	0.0981424482116318	0.171321266201677	0.227139855524912	0.218632831006818	0.140578214110533	0.0575358912975043	0.0114688997867492	0.00109815290681074	3.13757973374498e-05	
2.62752978567765e-05	4.83465480564688e-05	9.77441080272086e-05	0.000553883278820849	0.00245936787939428	0.00926782306004221	0.0280399468608376	0.0584457215406994	0.121259448597109	0.19017850386352	0.231142744234149	0.199136278408852	0.112480346077203	0.0396284042275903	0.00671806815602062	0.000510791790335735	6.30607148562636e-06	
1.15478896231714e-05	4.09425177548803e-05	9.02835006902489e-05	0.000219409902840256	0.00100781582165859	0.00438714824865756	0.0140348851247435	0.035846749006619	0.0769341402858628	0.141362965917978	0.205829584643406	0.227436735936508	0.174394129472839	0.0886982903874317	0.0256352651552929	0.00380975376749899	0.000258252804300014	2.09961629512207e-06	
8.40596613446394e-06	6.19940002416715e-05	9.14148817122953e-05	0.000489647527332524	0.00190184983792247	0.00678991914511324	0.019985184484688	0.0462401689599193	0.0969344492253377	0.163399372704777	0.216467287657415	0.218678056750779	0.145892897483989	0.0649917779143747	0.0159492699943785	0.0019722498042986	0.000146053661586311	
6.28154513447218e-06	0.000137147068769309	0.00016855479444167	0.00109508270177632	0.00305283093535348	0.0100640822296135	0.0274828068875049	0.060609582078333	0.117174896014255	0.179325550498912	0.22366802452734	0.201498357899409	0.1181003769974	0.0469754883639611	0.00949036777399838	0.00107309729380566	7.74723899918235e-05	
3.3496489149231e-05	0.000166435680460242	0.000317169881631781	0.0013597481064016	0.00556146396405827	0.0146233110442112	0.0370575846519087	0.0772826810589915	0.138740364525543	0.196245462272486	0.221602304558453	0.176943110400241	0.0921006904463826	0.0319818197805143	0.0053542044374474	0.000600843274114332	2.93094280055772e-05	
8.37256227616478e-06	0.000101517317598498	0.000249083727715902	0.000456304644050981	0.00231919975049764	0.00743064902009624	0.019459927870376	0.0485305106635046	0.0965733195744227	0.161473236058114	0.208564712580403	0.211607092397504	0.150269701162321	0.0689323517899492	0.0207974446939933	0.00292411737495055	0.000301412241941932	1.0465702845206e-06	
5.21134614282215e-05	0.000224087884141353	0.000471105691311123	0.000975563997936307	0.00401065199151593	0.0104206077471872	0.0266654159435924	0.0616752393310716	0.115350020063683	0.179962374080849	0.211685922590664	0.197969659542756	0.12614792927161	0.0496172266258097	0.013005435434027	0.00159154511201789	0.000175101230398824	
7.81971694709909e-05	0.000264827747275089	0.00060368214831605	0.00174953133829764	0.00569692445319326	0.0146875136845047	0.0357089980961596	0.0777738621269213	0.137346551087775	0.192552710105368	0.214348867809249	0.176479542577837	0.0997983555656575	0.0341429694488872	0.00777175601649022	0.000939408662578171	5.63019620191135e-05	
9.28962547152678e-05	0.000504144843005329	0.000803709170008496	0.00259900757574176	0.00775422782336769	0.0203171415509291	0.0472142605144991	0.0970264848265971	0.161474566257993	0.198692563498243	0.204908262339023	0.154983309987496	0.074761653261076	0.0238117107732517	0.00453104091819076	0.000511451290005407	1.35691158572863e-05	
