# <P(U)> as a function of N_tot.
# number_of_species: 1
# species_total_upper_bound: 103
# species_total_lower_bound: 0
# volume: 729
# Bin widths for each
10	10	10	10	10	10	10	10	10	10	10	10	10	10	10	10	10	10	10	10	10	10	10	10	10	10	10	10	10	10	10	10	10	10	10	10	10	10	10	10	10	10	10	10	10	10	10	10	10	10	10	10	10	10	10	10	10	10	10	10	10	10	10	10	10	10	10	10	10	10	10	10	10	10	10	10	10	10	10	10	10	10	10	10	10	10	10	10	10	10	10	10	10	10	10	10	10	10	10	10	10	10	10	10	
# Bin lower bound for each
0	0	0	0	-10	-10	-10	-10	-10	-10	-10	-10	-10	-20	-20	-20	-20	-30	-30	-30	-30	-30	-30	-30	-30	-30	-30	-40	-40	-40	-40	-50	-50	-50	-60	-60	-60	-60	-60	-60	-60	-70	-70	-70	-80	-80	-80	-80	-90	-90	-90	-90	-90	-100	-110	-110	-110	-120	-120	-120	-120	-120	-120	-130	-130	-130	-130	-140	-150	-150	-160	-160	-160	-160	-180	-180	-180	-180	-190	-190	-200	-200	-200	-200	-200	-210	-210	-220	-220	-220	-220	-250	-250	-250	-250	-250	-260	-260	-260	-260	-270	-270	-270	-270	
# Bin upper bound for each
0	0	0	0	0	0	0	0	0	0	0	0	0	0	0	0	0	0	0	0	0	0	0	0	0	0	0	0	0	0	0	0	0	0	0	0	0	0	-10	0	-10	-10	-10	-10	-10	-10	-10	-10	-10	-10	-10	-20	-20	-20	-20	-20	-20	-20	-30	-30	-30	-30	-30	-30	-30	-30	-30	-30	-40	-40	-40	-40	-40	-50	-50	-50	-50	-50	-60	-60	-60	-70	-70	-70	-70	-70	-70	-80	-80	-80	-80	-80	-90	-90	-90	-90	-90	-100	-100	-100	-100	-110	-110	-110	
# Normalized histogram for each
1	
1	
1	
1	
3.54112977975058e-06	0.99999645887022	
3.17833084658374e-05	0.999968216691534	
0.000120789771134242	0.999879210228866	
0.000509528716844207	0.999490471283156	
0.00148113887045066	0.998518861129549	
0.00366899728202801	0.996331002717972	
0.00772238721914366	0.992277612780856	
0.0162849015976536	0.983715098402346	
0.0314330277565572	0.968566972243443	
8.85009792633355e-06	0.0564406145153996	0.943550535386674	
4.16529669762871e-05	0.0945389415360728	0.905419405496951	
9.16251907004879e-05	0.146602084250697	0.853306290558602	
0.000248123951698537	0.215296886088873	0.784454989959429	
8.87337428691346e-07	0.000492472272923697	0.301464018023598	0.69804262236605	
3.55043976634556e-06	0.000982584205336133	0.397590671574558	0.60142319378034	
5.32150304079553e-06	0.0019050980886048	0.497860312319013	0.500229268089341	
1.76853736654175e-05	0.0040136955533665	0.596534727883998	0.39943389118897	
2.38774714288367e-05	0.00759745766833838	0.686401249410801	0.305977415449432	
5.93054709739552e-05	0.0142049880326871	0.762180635613024	0.223555070883315	
0.000119495675141713	0.025819917362102	0.816939706908089	0.157120880054667	
0.000265974367493514	0.0439493924120429	0.849964831296258	0.105819801924205	
0.00060203525044578	0.0706122813422999	0.861312649016985	0.0674730343902691	
0.00130872435679474	0.107101113566814	0.850494623427406	0.0410955386489856	
2.66388438741759e-06	0.00259373543188226	0.158291562146203	0.815714254001376	0.0233977845361511	
3.11295674857894e-05	0.00487400085206073	0.222402971361687	0.759542768912769	0.0131491293059974	
8.19142286795961e-05	0.0087692743289711	0.296550876749358	0.687425097451221	0.00717283724176985	
0.000213977548405734	0.0153216840389689	0.379495423109397	0.601171705392145	0.00379720991108341	
8.95553398266925e-06	0.000464792213700534	0.0259450775011911	0.464049799933371	0.507710714759078	0.00182066005867666	
2.86355517533906e-05	0.000833115583825209	0.0409685259491791	0.542130055517176	0.415222659312102	0.000817008085963926	
2.32346990570287e-05	0.00167379197437749	0.0643404562579981	0.608909970903008	0.324678110053833	0.000374436111726731	
4.47852101322059e-06	6.89692236035971e-05	0.00335351653469958	0.0977732793522267	0.656406076457311	0.242229766042062	0.000163913869083874	
6.29901420427703e-06	0.000167373805999361	0.0061982299770086	0.140627291828829	0.678812365864742	0.174121849930486	6.65895787309286e-05	
8.08508382884416e-06	0.000344963576697351	0.0107531614923627	0.193597332281674	0.675391071013088	0.119875741244977	2.96453073724286e-05	
9.90816928557596e-06	0.00067645773940614	0.0183742495687695	0.256318934961876	0.64686383923545	0.0777530073545638	3.60297064930035e-06	
4.77507590568775e-05	0.00120728334219275	0.0300109015883885	0.326800789238961	0.593388772264918	0.0485445028064833	
6.85776985324372e-05	0.00225494300832317	0.04710295317226	0.397091944646969	0.524413660677548	0.0290661161200904	1.8046762771694e-06	
0.000181209318507995	0.00419861990983024	0.0715305663878459	0.460711101607689	0.447273524593729	0.0161049781823981	
5.44843825057912e-06	0.000336895098494142	0.00708660201791991	0.104189576592783	0.516785276140472	0.362928644528451	0.00866755718362962	
2.18527886889966e-05	0.000674704850772769	0.0121337609195653	0.144694598172743	0.55487235239807	0.283284984038359	0.00431774683180091	
7.67149910225195e-05	0.00140187513356628	0.0204491114760147	0.195172069898316	0.570207915891145	0.210578083988303	0.00211422862163253	
9.1277520172332e-07	0.000158822885099858	0.0024581036182409	0.0330269451239549	0.252332140640403	0.560581802913578	0.150397969987951	0.00104330205556975	
3.64721243553552e-06	0.000339190756504803	0.00426541494335879	0.0507527846466945	0.316420297466646	0.526291842644667	0.101381564070581	0.00054525825911256	
7.28900162544736e-06	0.000611365011334398	0.00733273563520005	0.0751650958868164	0.375020955879673	0.475639245442552	0.0660137543460672	0.000209558796731612	
3.83263083643518e-05	0.000945382272987344	0.0124478374380505	0.107006140422119	0.426496072009658	0.413011599183467	0.0399661268436551	8.8515521698622e-05	
2.73610287746819e-06	8.4819189201514e-05	0.00194719321446486	0.0197099730949884	0.14648821195677	0.465636371927585	0.342316567102923	0.0237712617994437	4.28656117470017e-05	
1.00579336981011e-05	0.00021761711092255	0.00354587880738508	0.0311210755771425	0.193426866021008	0.488004542528601	0.270677282968078	0.0129710770401147	2.56020130497118e-05	
7.85826611926838e-05	0.000461444696538434	0.00585258075510627	0.0469759838594869	0.24489463984013	0.489553531696682	0.205080643171669	0.00709619705607421	6.39626312033473e-06	
8.62272988289599e-05	0.000915477066290447	0.00907588185759286	0.06850391967285	0.296874168686281	0.47216601140035	0.148627426518747	0.00375088749905976	
0.000183109100980091	0.00185947292045283	0.0145901331660937	0.0969489446049192	0.34771044957862	0.434928061011952	0.102027475520602	0.00175235409637948	
5.51328702172235e-06	0.000322527290770758	0.00305252324769361	0.0226329621053405	0.131207042305289	0.391736501635608	0.383654941742934	0.0665655897379351	0.000822398647406917	
1.56139066637398e-05	2.57170227402774e-05	0.000507911199120478	0.00477601850890865	0.0342899759637684	0.173163735691462	0.421901535030718	0.323893042902423	0.0410792699672016	0.000347179806993744	
1.93078769702079e-05	9.28616939995715e-05	0.000888162340629566	0.00778567153255814	0.0503374741067578	0.218139474586696	0.437111946151251	0.260793333082024	0.0247205184808562	0.000111250148256912	
5.32167702558626e-05	0.000172495738070727	0.00166531789679984	0.0124380437515254	0.0720775276589576	0.265641601567876	0.433807513106924	0.200221675374031	0.0138804017315636	4.22064039960289e-05	
2.74582451618572e-06	7.59678116144716e-05	0.000265429703231286	0.00275955363876665	0.0192482298584619	0.100217103191746	0.311520198285141	0.41198717150786	0.146739607969481	0.00716843253692219	1.55596722583857e-05	
9.16896196347819e-06	0.000137534429452173	0.000483204295475301	0.00497966324236501	0.0295854895675551	0.134024550812553	0.349717045833807	0.374682295467965	0.102886755984581	0.00349429140428154	
7.32712115578009e-06	0.00017859857817214	0.000821553459591843	0.00796732836676638	0.042598966509561	0.172545460207321	0.377550983024892	0.327863942687258	0.0688666958530326	0.001599144192249	
1.00730663604454e-05	0.000302191990813363	0.00147433062184702	0.0124420684217611	0.0609319784143345	0.212855796729184	0.394035462687989	0.273064345832177	0.0442445703882984	0.000639181847235539	
3.1991780854473e-05	0.000471650254883088	0.00284635444516654	0.0189555871817161	0.0846895563288426	0.254437031491795	0.39558476862173	0.215849459476011	0.0268292214754427	0.000304378943558272	
6.42149402479981e-05	0.000843967786116546	0.00500784798305459	0.0284151110597392	0.113931981700577	0.295187824113444	0.3773728567117	0.162887617433072	0.01615189218495	0.00013668608709931	
7.30748432544612e-06	0.000134275024480072	0.00140395042602634	0.00829856188708475	0.0413009879718808	0.147898002133785	0.330710250939012	0.34330744048054	0.118284421904915	0.00861095684199757	4.38449059526767e-05	
1.18485788085434e-05	0.000301683045048297	0.0024052614981343	0.0132412425331168	0.0579122074996035	0.186142084511355	0.352038593555467	0.300591152939632	0.0829637488174207	0.00437941701346545	1.27600079476621e-05	
3.29332853971068e-05	0.000761124818066468	0.00378549819370078	0.0206500847574692	0.0786666410518891	0.225484142165675	0.359397284284694	0.254229411436449	0.0548750867929292	0.00211321914631435	4.57406741626483e-06	
7.24386517974872e-05	0.00129472628276015	0.00614994984311072	0.030367383167458	0.105485348136493	0.26190973960597	0.357118885581774	0.202753035546288	0.0339773954728593	0.00086101131693469	1.00863945540805e-05	
7.34826071261595e-06	0.000170847061568321	0.0023395025043791	0.00989167745177015	0.0429413985393495	0.136361674044014	0.294061778664876	0.338519674508792	0.155126376306268	0.0201792424494325	0.000398643143659415	1.83706517815399e-06	
4.61968447555032e-06	2.12505485875315e-05	0.000405608296953318	0.00351096020141824	0.0157743746102141	0.0602619361097637	0.170887672371977	0.318052341025108	0.306384865913658	0.113355045850368	0.0111611576929296	0.000180167694546462	
1.11258631815518e-05	8.80797501872854e-05	0.000777883267443499	0.00565935573834937	0.0234996773499677	0.0821450293351926	0.204601842442943	0.331112178369839	0.26634760163476	0.079552703213891	0.00614796656307252	5.65564711728885e-05	
5.5382587529872e-06	3.41525956434211e-05	0.000227068608872475	0.00159317243460932	0.00859999280026362	0.0349122601357058	0.107701594926217	0.240146283874529	0.330598971914567	0.220859297767251	0.0523153152238426	0.0029860445109856	2.03069487609531e-05	
2.87129024669014e-05	8.79911527211495e-05	0.000445513099567084	0.00258601366734157	0.0130736328490424	0.0483729046527869	0.137296763592781	0.268577711007415	0.318786388972764	0.176355573174369	0.0330902307591136	0.00128559705238901	1.29671172431168e-05	
4.18066026561128e-05	0.000109626202520474	0.000800828699768206	0.00473715259874487	0.0191910886903849	0.0656335790632534	0.168107136387073	0.291222936031253	0.297495784500899	0.132671859975752	0.0194725864816028	0.000511898623633737	3.71614245832114e-06	
7.62059829131317e-05	0.000197949687323135	0.0014404789453092	0.00761316356127286	0.0274025562460561	0.0865476923991967	0.198024034623538	0.305947505229868	0.264165251744606	0.0966161755562804	0.0117663896300385	0.000202596393598326	
2.04065731427236e-05	0	0.00013728058296014	0.000498105898983753	0.00256566278694425	0.0114054192437695	0.0390600361381859	0.112240790142512	0.227068577216618	0.308483383484033	0.225007513329203	0.0673463292285202	0.00607837608201216	8.81192931163063e-05	
1.01910544776714e-05	4.63229748985064e-06	0.000237173631480353	0.000820843115201533	0.00414590625341632	0.0163510836796748	0.053685548528875	0.14006399982212	0.254508615146872	0.298919377641568	0.183200880507107	0.0450833720902223	0.0029276120135856	4.07642179106856e-05	
1.48699713938925e-05	2.69518231514302e-05	0.000325280624241399	0.00137547235393506	0.00640431080470709	0.0237176043732586	0.0708070862848678	0.169846672007465	0.275543358048465	0.278479248025547	0.144228499415424	0.027932311890215	0.00129275813805653	5.5762392727097e-06	
2.88167025326163e-05	5.48446919169149e-05	0.000500109224598309	0.00235460346822959	0.00980883371368282	0.0340864408118874	0.0924867419929074	0.199280512007734	0.286793119315092	0.250359511603371	0.106892304546067	0.0167183353241647	0.00063303788466812	2.78871314831771e-06	
1.8566223398083e-06	4.54872473253034e-05	9.84009840098401e-05	0.000906960012996356	0.00387198588967022	0.0150572071758453	0.04861936921256	0.117874167420919	0.227102044605352	0.286733040915315	0.21307340620576	0.0766330153867576	0.00972313119357609	0.000259927127573163	
1.39609948418778e-05	6.70127752410133e-05	0.000215930053554376	0.00145473566252366	0.00615214506032081	0.0218452339955809	0.064752955542608	0.145382354419399	0.248025449962864	0.278212843742961	0.175767063593262	0.0528116512878552	0.00521768913890445	8.09737700828911e-05	
1.11413474902722e-05	1.39266843628403e-05	0.000110485029278533	0.000399231618401421	0.00237682079792474	0.0094246515311461	0.0317481981191549	0.0842025905489806	0.173633258407771	0.262997078181621	0.259040042931326	0.139225063575314	0.0342225057076195	0.00258664950899153	8.35601061770416e-06	
1.58263201012884e-05	6.51672004170701e-06	0.000139644000893722	0.000676807924331571	0.00408505250614434	0.0137316600878826	0.0444877858047218	0.106769010203322	0.198023571907351	0.269587398525359	0.233507112534446	0.106502755641618	0.0211765472555299	0.00129031056825799	
9.29863207823497e-06	1.58076745329994e-05	0.00020735949534464	0.00118929504280625	0.00617987087919496	0.0201454863974961	0.0597502201451145	0.130545355472756	0.222086668830148	0.269155414546966	0.200541738304878	0.0769768659332526	0.0126210333197883	0.000575585325642745	
2.0449574602372e-05	2.88153096669787e-05	0.000525182256833644	0.00204309840800062	0.008976433724323	0.0292828613044784	0.0774044284483328	0.156182696499498	0.239919056865619	0.258310660642098	0.166301517823199	0.0533297019846312	0.00737021259191851	0.000304884566799	
3.27407874440016e-05	0.000125350443357035	0.000814777881820725	0.00363422740628417	0.0137455180200617	0.0394105535718796	0.0978781163383077	0.181116423433798	0.253364115909871	0.238272483800326	0.132439291564196	0.035188862893743	0.00383347848415767	0.000144059464753607	
9.36975293835452e-06	3.74790117534181e-05	0.000388844746941713	0.00150665627248741	0.00574178460062365	0.0197598719716959	0.0527264107100024	0.121112489505877	0.204809681578316	0.257564201547134	0.211842618133845	0.100070835332214	0.0225173902614536	0.00188238336531542	2.99832094027345e-05	
2.15525117578322e-05	4.77903521586715e-05	0.000637204695448953	0.00257599368792525	0.00837455641651072	0.0282113008252738	0.0688902611695892	0.146706073404107	0.225388671437581	0.252238415759197	0.180159319915177	0.0725167055392766	0.0134262777594009	0.000797442935039793	8.43359155741261e-06	
3.7388978103145e-06	3.55195291979877e-05	0.000171054574821888	0.00115625414783976	0.00398753451470041	0.0122570417466635	0.0375544243312514	0.088919402449352	0.170862021584657	0.241916970296326	0.236492764298013	0.148464154251968	0.0501348807385071	0.00761426539070547	0.000429973248186167	
1.02793939269341e-05	3.27071624947902e-05	0.000290626501025136	0.00192411564505066	0.00594242418012489	0.0179693150746377	0.0503073538784153	0.110632444383806	0.193755361638423	0.248507151654702	0.216058842988799	0.117644860022689	0.0329071434311869	0.00386785558759819	0.000149518457119041	
4.57850215703515e-05	0.000100913925093836	0.000541945153281711	0.00285549032487743	0.00844593489743688	0.0256620373960844	0.0651866580578368	0.134025839571153	0.215104572054878	0.246076737564928	0.19038439795967	0.089425622232459	0.020191194512525	0.00187157955521253	8.12917729922567e-05	
7.64177591144486e-05	0.000223661733993508	0.000910489642131906	0.00417129133897893	0.0124924397674291	0.0350067890655506	0.081619758277581	0.157816651429711	0.231771335698556	0.237018067208487	0.161490295410554	0.0643279104682079	0.0121261936780147	0.000938447358881095	1.02511628080358e-05	
5.57818335302742e-06	0	0	0.000111563667060548	0.000390472834711919	0.00158420407225979	0.00621595564972355	0.0180919080083189	0.0471365790303072	0.102562338523213	0.178898848012168	0.241186702726523	0.219720923486848	0.131768776862439	0.0446282559158959	0.00725349775338665	0.00044346557656568	9.2969722550457e-07	
1.67012134359406e-05	0	1.76290586268262e-05	0.000184641192986233	0.000619800587511575	0.00259147161814346	0.00911886253602359	0.0259982222486143	0.0626917160125667	0.125283224744518	0.199241764910008	0.242469144508177	0.195019141446288	0.102720813237753	0.0299647604396502	0.00390530040843745	0.000156805837259665	
2.50554467757352e-05	0	2.691140579616e-05	0.000300665361308822	0.00097252252670261	0.00398196007832147	0.0139261885097577	0.0353291079332968	0.0797468471896141	0.149944785219142	0.215392396135893	0.233914867159733	0.167780551405425	0.0774797932461651	0.01917855253756	0.00192648546320097	7.33103813067807e-05	
1.6701275420733e-05	2.78354590345549e-06	4.63924317242582e-05	0.00047784204675986	0.0016701275420733	0.00638638215116139	0.0201565837355557	0.0463850089351823	0.0990422746394844	0.17257149537653	0.226520326380036	0.218131646875655	0.139219048361327	0.0569810403410029	0.0112529482390361	0.00110970696684426	2.96911563035253e-05	
2.32797650419874e-05	4.28347676772568e-05	8.66007259561931e-05	0.000634140799743736	0.0027656360869881	0.0101713949421451	0.0279589978154268	0.0586733886212233	0.1217010244959	0.192118588985505	0.230031083142284	0.197963672392247	0.1114439600184	0.0393167295841117	0.00656303136063708	0.000500049353101889	5.58714361007697e-06	
1.02149504157021e-05	3.62166423829436e-05	7.98623396136706e-05	0.000194084057898339	0.0011895774075013	0.00480288395909191	0.01508562450028	0.0359816985233825	0.077312316537169	0.142247827697931	0.207382066075871	0.225664970056266	0.173161982183269	0.0872458915005112	0.0256283819611405	0.00372938553358722	0.000245158809976849	1.85726371194583e-06	
7.41815686619963e-06	5.47089068882223e-05	8.0672455919921e-05	0.000455289377663002	0.0020733748441028	0.00735510253283693	0.0210601473431408	0.0465563524922689	0.0971722913295655	0.164030284625406	0.217490159351282	0.216880015949037	0.144753276738978	0.063867548809154	0.0160603096153222	0.00197044791758428	0.000132599553983318	
5.52375305877826e-06	0.000120601941783325	0.000156506336665384	0.00109554435665769	0.00334094997505105	0.010878111023754	0.0282908219160426	0.0608975362220107	0.117764573962133	0.18021520541917	0.223695427621343	0.199847544415578	0.117095279216511	0.0460515292510343	0.00940234833155039	0.00107436996993237	6.81262877249318e-05	
2.94735833798463e-05	0.000146446867418611	0.000285525338992261	0.00154091578107759	0.00599695316831811	0.0158015248895201	0.0381655273284591	0.0773727616194997	0.138789262036735	0.196336433585885	0.221393584706158	0.175922292897419	0.0911442934537329	0.03117199862211	0.00528866611772118	0.000588550618116306	2.57893854573655e-05	
7.35425250458262e-06	8.91703116180643e-05	0.000218789012011333	0.000416434548071991	0.0026558044357174	0.00806301858971177	0.020789552548892	0.0495171013949178	0.0965925909583143	0.160358556580861	0.209000501927733	0.211264692417582	0.149670989128576	0.0677795489269226	0.0204052928555275	0.00289757548680555	0.000272107342669557	9.19281563072827e-07	
4.58028973080721e-05	0.00019695245842471	0.000414058191664972	0.000892240439561245	0.00425692127581222	0.0114030893138176	0.0280597709488711	0.0625704219546112	0.115239173569163	0.179339412293864	0.212946830164689	0.196980856221041	0.124466625260847	0.0485849652905644	0.0128880192445453	0.00155638245052829	0.00015847802468593	
6.87057935473351e-05	0.000232683620813641	0.000530408726185427	0.00164985512238334	0.00615420694734663	0.0154029228360652	0.0369133326798649	0.0781780322843943	0.136866521132528	0.192589667931159	0.215727030966159	0.175384821149659	0.0982346275367324	0.0333589529603494	0.00776833505708535	0.000890427084373463	4.94681713540813e-05	
8.14520800939353e-05	0.000442037693094053	0.000704697771599216	0.00260280579536126	0.00823764239242148	0.0212223852280704	0.0488941278541404	0.0974697689231944	0.159619536418689	0.199027700113575	0.206075593021479	0.153528019057956	0.0737846022621714	0.0232229947458832	0.00459517858597359	0.000479560561451934	1.18974948451816e-05	
