# <P(U)> as a function of N_tot.
# number_of_species: 1
# species_total_upper_bound: 103
# species_total_lower_bound: 0
# volume: 729
# Bin widths for each
10	10	10	10	10	10	10	10	10	10	10	10	10	10	10	10	10	10	10	10	10	10	10	10	10	10	10	10	10	10	10	10	10	10	10	10	10	10	10	10	10	10	10	10	10	10	10	10	10	10	10	10	10	10	10	10	10	10	10	10	10	10	10	10	10	10	10	10	10	10	10	10	10	10	10	10	10	10	10	10	10	10	10	10	10	10	10	10	10	10	10	10	10	10	10	10	10	10	10	10	10	10	10	10	
# Bin lower bound for each
0	0	0	0	0	-10	-10	-10	-10	-10	-10	-10	-10	-20	-20	-20	-20	-20	-20	-20	-20	-20	-30	-30	-30	-30	-30	-30	-40	-40	-40	-50	-50	-50	-60	-60	-60	-60	-60	-60	-60	-60	-60	-60	-70	-70	-80	-80	-80	-80	-90	-90	-90	-90	-90	-100	-90	-100	-110	-110	-110	-110	-110	-120	-120	-120	-130	-130	-140	-140	-140	-160	-160	-160	-180	-180	-180	-180	-180	-180	-180	-180	-190	-190	-190	-190	-190	-200	-210	-210	-220	-220	-220	-220	-230	-240	-250	-250	-250	-250	-260	-260	-270	-270	
# Bin upper bound for each
0	0	0	0	0	0	0	0	0	0	0	0	0	0	0	0	0	0	0	0	0	0	0	0	0	0	0	0	0	0	0	0	0	0	0	0	0	0	-10	0	-10	-10	-10	-10	-10	-10	-10	-10	-10	-20	-20	-20	-20	-20	-20	-20	-20	-20	-30	-30	-30	-30	-30	-30	-30	-40	-40	-40	-40	-40	-50	-50	-50	-50	-50	-50	-60	-60	-60	-60	-60	-70	-70	-70	-70	-70	-80	-80	-80	-80	-80	-90	-90	-90	-90	-100	-100	-100	-100	-100	-110	-110	-110	-110	
# Normalized histogram for each
1	
1	
1	
1	
1	
5.07346771518333e-05	0.999949265322848	
0.000100741613260696	0.999899258386739	
0.000509430248578805	0.999490569751421	
0.00151460261914489	0.998485397380855	
0.00369012209340357	0.996309877906596	
0.00736872172557012	0.99263127827443	
0.0152360390924687	0.984763960907531	
0.0303476125344337	0.969652387465566	
3.85049305563577e-06	0.0545268321608582	0.945469317346086	
6.19355637878242e-05	0.0942427022486481	0.905695362187564	
8.15283854662065e-05	0.14720920571941	0.852709265895123	
0.000177980004333426	0.215963258736497	0.78385876125917	
0.000427338910555271	0.301797518354399	0.697775142735046	
0.000856226842519534	0.398237631745666	0.600906141411814	
0.001872515757469	0.499716633607254	0.498410850635277	
0.004272030651341	0.597831417624521	0.397896551724138	
0.00783166707556428	0.686108470314033	0.306059862610402	
1.15525022719921e-05	0.0148488162536005	0.76084394879931	0.224295682444818	
4.62011134468341e-05	0.0268774977476957	0.815341849738579	0.157734451400279	
0.000297960119184048	0.0446214378485751	0.849018259607304	0.106062342424937	
0.000713367978982492	0.0705198765029628	0.861963296066888	0.0668034594511669	
0.00138430986947385	0.107143270287466	0.851042088418455	0.0404303314246052	
0.00245133824625575	0.157327503400367	0.817517462903337	0.0227036954500396	
3.85787585355503e-06	0.00452528837622005	0.220466031403109	0.762111801242236	0.0128930211025809	
6.57530855602356e-05	0.00825007832352839	0.295977845077995	0.688485087586978	0.00722123592593882	
0.000166547243255805	0.0146716501733253	0.382047756453706	0.599639793171563	0.00347425295815016	
1.93848038645545e-05	0.000504004900478417	0.0260260376685509	0.46683647754852	0.504974140671645	0.00163995440694131	
3.87113757248705e-05	0.00066970680004026	0.041115352157385	0.544316782929832	0.413131672873391	0.000727773863627566	
7.32518823806091e-05	0.0012876909850065	0.0657223599443286	0.610246010663932	0.322400811168213	0.000269875356139086	
1.92500192500192e-05	0.000115500115500115	0.00263340263340263	0.0998613998613999	0.656375606375606	0.240860090860091	0.000134750134750135	
2.7082237147544e-05	0.000247609025348974	0.00558280974341515	0.144394750688663	0.678611222879074	0.171109443189204	2.7082237147544e-05	
3.45309166807348e-05	0.000360656240887675	0.0103247440875397	0.197179207784036	0.674427170459952	0.117646833131264	2.68573796405715e-05	
2.68229036942802e-05	0.000494307796651735	0.0179215315111641	0.258339049166382	0.645972157825965	0.0772422989527572	3.83184338489717e-06	
9.99765439646852e-05	0.000976693929501156	0.028816316171975	0.328819007848159	0.592141843644376	0.0491461618620247	
0.000125995555793123	0.00177157387539421	0.0442664386019839	0.400509327489176	0.523232816878823	0.0300862115045397	7.6360942904923e-06	
0.000301647606865347	0.00307756925485404	0.0689474789514882	0.461814849462571	0.448404895091544	0.0174535596326772	
0.000546103436605852	0.00518413684890625	0.102763591053134	0.515221671845676	0.366989200996831	0.00929529581884749	
0.000819706993415278	0.00978235232707856	0.143062069605497	0.555761341535559	0.285992676768653	0.00458185276979766	
0.00129320161978328	0.0182939775407552	0.194227302381421	0.57235559570271	0.21148671862635	0.00234320412898046	
0.000104462886657768	0.00198479484649759	0.0315710057454588	0.250498133209525	0.563511500590022	0.15108428607355	0.00124581664828894	
0.000334119420497061	0.0037996371307689	0.0495739977388662	0.314825966518126	0.526591632251071	0.104206408099676	0.000668238840994122	
7.74974522712566e-06	0.000565731401580173	0.0056921878693238	0.0740759397534806	0.375878143006049	0.475644488187451	0.0679458912788242	0.000189868758064579	
6.60171100815894e-05	0.000827155555728149	0.0102559522191457	0.106007945353366	0.429965554601975	0.41222636878711	0.0405966393407609	5.43670318318971e-05	
0.000120211416982383	0.00173337107713307	0.0168334761651782	0.146762628984912	0.470941798285242	0.339356830141268	0.0242478061416401	3.87778764459301e-06	
0.000229241947390916	0.00284415433034153	0.0273147608501379	0.193565683646113	0.492687570423903	0.270509383378016	0.0128492054240976	
7.7144422072562e-06	0.000455152090228116	0.00500667299250928	0.0423098582856967	0.244906539532659	0.495521766298688	0.204617865105264	0.00717443125274827	
3.07458166473224e-05	0.000603386651703703	0.0069562410164567	0.0643817400594932	0.293065281055196	0.479922981729298	0.150869722288411	0.0041699013827931	
0.000108070554633525	0.00159790034350998	0.0109035470299896	0.0940059438805048	0.343571731830638	0.441437338376626	0.106302829132734	0.00207263885136439	
0.000265085509568417	0.0033174671859224	0.0186222570471813	0.12844562433485	0.388970103812164	0.38977705528982	0.0696122344759298	0.000990172344564383	
0.000592024527850637	0.00492831014243875	0.0305539546062253	0.169373904656606	0.423764099789459	0.327389563901402	0.0430727249203119	0.000325417455705979	
2.74874146908451e-05	0.000946352420070525	0.00767291547227305	0.0478281015620705	0.212650493595432	0.439197838703851	0.265583400742946	0.0260148746181213	7.85354705452718e-05	
0.00183173171210041	0.0130300058835066	0.0696018827221024	0.264000784467543	0.433194744067464	0.203588939007649	0.0147323004510688	1.96116885663856e-05	
7.81436201594911e-06	0.0034852054591133	0.0194147824286256	0.0981601084633448	0.309288541410258	0.413907220079785	0.148351755691786	0.00735331465700812	3.12574480637964e-05	
7.74884445357086e-06	0.000263460711421409	0.00608284289605313	0.0292983808789514	0.133601701646242	0.347372948009128	0.375388895131014	0.104252953278342	0.00373106860439437	
5.75078402355521e-05	0.000793608195250619	0.00868751773158407	0.0434989303541716	0.171066655420689	0.378037372428441	0.32718510623615	0.0690362452747725	0.00163705651870538	
0.00025519143166202	0.0017139723022076	0.0140088669500434	0.0607469872175755	0.210551975257858	0.395489586666057	0.273656626597803	0.04297880768469	0.000597985892103539	
0.00038675090943902	0.00335822324334674	0.0195060310166571	0.0832356883017423	0.249416044418916	0.401275129236071	0.216438828259621	0.0261305762971472	0.000252728317059161	
0.000936908432559872	0.00525667067284617	0.027730953688309	0.113177770695501	0.29253045912353	0.380392503196624	0.1639935337959	0.0158429680030411	0.000138232391689161	
1.53368352440474e-05	0.00149150722748361	0.00877266975959511	0.040443234538553	0.145481384916223	0.325566504351827	0.348763467658449	0.121398719374257	0.00799049116214869	7.6684176220237e-05	
0.000199428560470958	0.00312182400429538	0.0137068783677539	0.0566990738077432	0.182013077911369	0.350200387351627	0.30578534583597	0.0842815777867265	0.00396172505704807	3.0681316995532e-05	
0.000664059332929235	0.00422372622223595	0.0208947041268199	0.0766139151316729	0.221942527981221	0.359151857242687	0.260098913954126	0.0546652098543316	0.00174508615397683	
4.22881746886053e-05	0.00127633399969245	0.00692757188989697	0.0303936644625557	0.104109641703829	0.258738274642473	0.357642626480086	0.206666154082731	0.0335652775642011	0.000638166999846225	
9.66370313103981e-05	0.00226130653266332	0.0105798221878624	0.0413606494008504	0.132902976420564	0.294692694240433	0.338534982605334	0.159907228449942	0.01931194433707	0.000351758793969849	
7.78591838800346e-06	0.000284186021162126	0.0033790885803935	0.0168681921876095	0.0592391600551243	0.164897965539525	0.318187126762537	0.308563731634965	0.118618466641233	0.00981804308727236	0.000136253571790061	
0.000148536717885775	0.000801316504383788	0.00619163581923863	0.0260721028499506	0.0823597012066654	0.196979232221523	0.328793842762158	0.272166173498704	0.0811362277146062	0.00531214209491496	3.90886099699409e-05	
0.00050060816069522	0.00162697652225946	0.00865895677952513	0.0371701559316201	0.108401221796792	0.235215437504155	0.327636308171255	0.226310087645538	0.0518168556332107	0.00266339185494879	
7.81683590116393e-06	6.25346872093114e-05	0.000664431051598934	0.00256783059353235	0.0142344581760195	0.0514543223194115	0.137787366429817	0.262665228368861	0.315464046463273	0.180635352422047	0.0330261316824176	0.001430480969913	
9.68177927866872e-05	0.000162653891881634	0.000828760306254042	0.00501903437806186	0.0202271732689947	0.0671373302300003	0.167777489475906	0.28575190634234	0.294515852945391	0.138511407072346	0.0193441949987801	0.000627379297257733	
9.68012979118024e-05	0.000201346699656549	0.00145976357250998	0.00854174652773744	0.0287344972721394	0.0861570271934206	0.196963536887103	0.300459612562485	0.264732189529197	0.100835976008766	0.0115464588149198	0.000271043634153047	
8.48536274925753e-05	0	0.000208277085663594	0.000485979866548386	0.00312029930188606	0.0123230609017626	0.0415898484205654	0.110363713503298	0.225945925097389	0.301886064720176	0.22691017086435	0.070787210244147	0.00619817179002584	9.64245766961083e-05	
4.23330921629901e-05	1.15453887717246e-05	0.000550330198118871	0.00102753960068349	0.00462585243453765	0.0174951124520866	0.0545288711688552	0.138887178460923	0.250561875586891	0.29762088022044	0.184907098105017	0.0466202798602238	0.00310186111667	1.9242314619541e-05	
6.18185471095966e-05	6.95458654982961e-05	0.000567957901569418	0.00153387270015686	0.00645617451375849	0.0257899251222848	0.0693101822874408	0.168648723833368	0.274006846404092	0.276027540162737	0.148055420327484	0.0281042569797003	0.00136773535479982	
7.31954433910293e-05	0.000142538495024636	0.000496958536707515	0.00285462229225014	0.0100662996621452	0.0344750538371748	0.0904271917219806	0.199796593715208	0.287130314855978	0.248421482477396	0.109434892653104	0.0160798831954819	0.000600973114157925	
8.48068523936734e-05	0.000265985127961976	0.000663035391441447	0.00429816547358845	0.0149529900197754	0.0485981812785019	0.113702859918354	0.229537455717331	0.286049658266933	0.213882881736844	0.0784540481780019	0.00939814118798981	0.000111790850882569	
4.65988653176295e-05	0.000473755130729233	0.00149504692894061	0.00638404454851524	0.0209617229153803	0.065086965132399	0.141481921581876	0.249109767510494	0.279597075144554	0.176302923690475	0.0542566121848266	0.00477250045628056	3.1065910211753e-05	
8.55262390613884e-05	0.000552032997578052	0.00269407653043373	0.00953228809902383	0.0321151027675513	0.0822412539701669	0.168723831886514	0.266344258662447	0.261193246537159	0.139462195458557	0.0348713801991206	0.0021809190960654	3.8875563209722e-06	
0.000204941804261243	0.000630292718765709	0.00457445574417076	0.0147828776922779	0.0429256409264916	0.104640191794594	0.195007926994316	0.274517613394687	0.235161053323537	0.104450717296315	0.0220254437183404	0.00107884459224315	
3.46441659224587e-05	0.000300249437994642	0.00135112247097589	0.0070943553105657	0.0217141933298433	0.0564892372124534	0.12656283681828	0.221918978843963	0.273596526344964	0.200505034952114	0.0763749884519447	0.0135420195239122	0.000515813137067718	
1.91323114128064e-05	0.000573969342384192	0.00205481024573541	0.0104118038708492	0.0309484269413556	0.0718647881287834	0.15000880086325	0.238698543648455	0.265858772930075	0.167721494769226	0.0538383243156372	0.00784807414153319	0.000153058491302451	
0.000111738731726864	0.000932440450962109	0.00368737814698652	0.014818867662811	0.0397866946141931	0.0934366980819469	0.173125679101775	0.251943868626076	0.243829324866877	0.136914623902841	0.0371781731873281	0.00416130449189702	7.32081345796697e-05	
0.000399278227818943	0.00179291281145621	0.00613122432525819	0.0202979229853726	0.0517641187084885	0.116700579721273	0.19893269858333	0.259634506852996	0.215318462778823	0.102983069067455	0.0237992859062464	0.0022382616040235	7.67842745805659e-06	
0.000799609421551781	0.00332529879635716	0.00848431727579221	0.0283592245326321	0.0659139574131097	0.139324253153267	0.223067962956556	0.256244065398824	0.18216486562333	0.0770585137259877	0.0142814855820426	0.000976446120548809	
3.47224901426709e-05	0.00126158380851704	0.00446762706502365	0.0132485590166591	0.0367711170610884	0.0876009845754983	0.167555305210688	0.240526547272741	0.233639920061112	0.151594533908441	0.0542403876573122	0.00863432588214415	0.000424385990632644	
3.8221478177447e-06	0.000309593973237321	0.00230093298628231	0.0067804902286791	0.0185221283247908	0.050349153203151	0.109435736317666	0.18938742436925	0.247208876556092	0.215091368443583	0.120240948198431	0.0359434780780712	0.0042922719993273	0.000133775173621065	
5.30858018231181e-05	0.000705282795649998	0.00341645053161639	0.00875157361483976	0.0271495957895375	0.0628952996314329	0.130909587295809	0.214352884075776	0.244926514082905	0.189065083193035	0.0936243952010435	0.0216893418877311	0.00241540398295187	4.55021158483869e-05	
9.13561825296527e-05	0.000137034273794479	0.00119524338809629	0.00496368591744446	0.0141982733681502	0.0352939385172892	0.0799100141602083	0.15214230248032	0.230023448086849	0.235714176956926	0.162050641777182	0.069004369870731	0.0140384000487233	0.00122950195654491	7.61301521080439e-06	
0.000317351074405445	0.000351762636690372	0.00201498814712855	0.00658790242410339	0.019671943106217	0.0485508908771125	0.0984858912594632	0.174986617725778	0.236751548520303	0.220448115011088	0.13415156381433	0.0484820677525426	0.00855700848818536	0.000642349162651984	
0.000331530011000769	0.000561340586808119	0.0029573983935864	0.00959930077306771	0.0291030606247834	0.0624858723006676	0.120157024668847	0.194886903057611	0.239737639204931	0.196333579469251	0.105686493165961	0.0329947708675538	0.00497295016501153	0.0001921367109209	
0.000391607548988598	0.00105432801650776	0.00460515415781784	0.0162667751118341	0.0399176117964243	0.0802418929706445	0.143712439564412	0.20934435859202	0.233345382796379	0.16858328438239	0.0780391005075836	0.0217417498832708	0.00261699275526034	0.000139321916467097	
7.50928335154335e-05	0.000833530452021311	0.00194490438804973	0.00653683115751848	0.0228770317304768	0.0488366242767622	0.0999110149922842	0.165594716468234	0.222695307073369	0.218309885596068	0.139819101364061	0.0583996966249526	0.0126080867472413	0.0014718195369025	8.63567585427485e-05	
5.30455737257695e-05	0.000189448477592034	0.00100028796168594	0.00293266243312469	0.00902153650293266	0.0310619723859899	0.0614267743744411	0.12381594701505	0.182590442703202	0.227861050908595	0.199746896833937	0.111346448219942	0.0407541564995984	0.00750215971264455	0.000697170397538685	
4.53054151297434e-05	9.06108302594868e-05	0.000369994223559571	0.00159324043206264	0.0054668534256557	0.0142447776070435	0.0391778577334456	0.0792844764770509	0.143365210726812	0.198886996968313	0.222966825109771	0.174520234531032	0.0883757631130861	0.0270662100887609	0.00420962815580532	0.000336015162212263	
7.52541709624256e-05	4.13897940293341e-05	0.000722440041239286	0.00296877704446769	0.00843599256488791	0.0201192026068045	0.0495322953274685	0.0992715396250837	0.162913992008007	0.210312831588691	0.215208115409797	0.142926484200387	0.0679056011679447	0.0173724253666759	0.00200176094760052	0.000191898135954185	
0.000223873078889142	0.000305959874481827	0.00154099302635359	0.00424612606293072	0.0121152647858841	0.0274169897279569	0.0641172497938502	0.117111738784892	0.178150733744016	0.21786581793895	0.200668634262282	0.11364170606211	0.0505990470469275	0.0110257491352902	0.000846986481797253	0.000123130193389028	
0.000287931250876714	0.000505725402180895	0.00145811338585002	0.00676638439560277	0.0156701046150212	0.038612319027826	0.0792696882221353	0.135575013473706	0.194611994182312	0.220887566537959	0.174918234907604	0.0913738750378371	0.0333446537072994	0.00627173327230175	0.000439279728901653	7.3828525865824e-06	
0.000154391330559191	0.000518313752591569	0.000654325162846094	0.00210266288285374	0.00808348894999191	0.0187254628063933	0.0523019012189563	0.0997992912702731	0.158706935846726	0.209464923760091	0.206957902630534	0.14781131909012	0.0688328015409725	0.0224418826919966	0.00318340219676807	0.000260994868326251	
0.000357010095656623	0.000761866905164133	0.00106366925406973	0.00349649062756486	0.01186230451857	0.0252041766500675	0.0661388806077269	0.120135737446679	0.177257352751738	0.20698856463539	0.194945914810766	0.125770608131733	0.0490870478945606	0.0152999068829338	0.00132498592202458	0.000305482865355667	
1.84626519014685e-05	0.000561264617804643	0.000764353788720797	0.00173918180911833	0.00555725822234202	0.0171813438595066	0.0348722569114937	0.0816159989956317	0.141575307310841	0.186236462260493	0.207933770775099	0.177252535845239	0.0995616966438591	0.035278435253326	0.00901715918867723	0.000708965833016391	0.000125546032929986	
1.47580782030564e-05	0.000896553250835676	0.000874416133531092	0.00170824755200378	0.007522930364008	0.0250961119842974	0.0458053852227363	0.103166345678466	0.162696743630044	0.187870335524908	0.200754137796176	0.157398593555147	0.0753473682657044	0.0247640552247286	0.00562282779536449	0.000442742346091692	1.84475977538205e-05	
