# <P(U)> as a function of N_tot.
# number_of_species: 1
# species_total_upper_bound: 103
# species_total_lower_bound: 0
# volume: 729
# Bin widths for each
10	10	10	10	10	10	10	10	10	10	10	10	10	10	10	10	10	10	10	10	10	10	10	10	10	10	10	10	10	10	10	10	10	10	10	10	10	10	10	10	10	10	10	10	10	10	10	10	10	10	10	10	10	10	10	10	10	10	10	10	10	10	10	10	10	10	10	10	10	10	10	10	10	10	10	10	10	10	10	10	10	10	10	10	10	10	10	10	10	10	10	10	10	10	10	10	10	10	10	10	10	10	10	10	
# Bin lower bound for each
0	0	0	0	-10	-10	-10	-10	-10	-10	-10	-10	-10	-20	-20	-20	-20	-30	-30	-30	-30	-30	-30	-30	-30	-30	-30	-40	-40	-40	-40	-50	-50	-50	-60	-60	-60	-60	-60	-60	-60	-70	-70	-70	-70	-70	-80	-80	-90	-90	-90	-90	-90	-100	-110	-110	-110	-120	-120	-120	-120	-120	-120	-130	-130	-130	-130	-140	-150	-150	-160	-160	-160	-160	-180	-180	-180	-180	-180	-180	-200	-200	-200	-200	-200	-210	-210	-220	-220	-220	-220	-250	-250	-250	-250	-250	-260	-260	-260	-260	-270	-270	-270	-270	
# Bin upper bound for each
0	0	0	0	0	0	0	0	0	0	0	0	0	0	0	0	0	0	0	0	0	0	0	0	0	0	0	0	0	0	0	0	0	0	0	0	0	0	-10	0	-10	-10	-10	-10	-10	-10	-10	-10	-10	-10	-10	-20	-20	-20	-20	-20	-20	-20	-30	-30	-30	-30	-30	-30	-30	-30	-30	-40	-40	-40	-40	-40	-50	-50	-50	-50	-50	-60	-60	-60	-60	-70	-70	-70	-70	-70	-70	-80	-80	-80	-80	-90	-90	-90	-90	-100	-100	-100	-100	-100	-100	-110	-110	-110	
# Normalized histogram for each
1	
1	
1	
1	
1.48564789847677e-06	0.999998514352102	
2.51773522311577e-05	0.999974822647769	
7.39590266992086e-05	0.999926040973301	
0.000421840378561036	0.999578159621439	
0.001335629470916	0.998664370529084	
0.00341488564207258	0.996585114357927	
0.00732955475223516	0.992670445247765	
0.0156627799161034	0.984337220083897	
0.0309324044340859	0.969067595565914	
5.95574878651618e-06	0.0564411423126173	0.943552901938596	
4.33457541339145e-05	0.0952455686439804	0.904711085601886	
6.3011688668248e-05	0.147445851205399	0.852491137105933	
0.000214329822121236	0.216371201266195	0.783414468911684	
1.49035294538453e-06	0.000462009413069203	0.302018534029229	0.697517966204757	
5.95167241995001e-06	0.000880847518152601	0.397910962980598	0.60120223782883	
8.90458734658138e-06	0.00180466303557383	0.496822546415162	0.501363885961918	
2.95886438784794e-05	0.00398263146604333	0.594739139118406	0.401248640771672	
3.55861332700691e-05	0.00747160523116159	0.685341478603837	0.307151330031731	
7.28311550872562e-05	0.0142273431937799	0.761330818428958	0.224369007222175	
0.000120638939568827	0.0256007744722046	0.816490300480322	0.157788286107905	
0.000278032599694015	0.043734379251334	0.849779135065858	0.106208453083114	
0.000602340480411261	0.0708808633149301	0.860844439607167	0.0676723565974919	
0.00124463615735436	0.107401166752788	0.849927733219504	0.0414264638703541	
3.00134009835391e-06	0.00255263975365	0.158134607102071	0.815696708580381	0.0236130432237994	
3.91639402539028e-05	0.00489699883713224	0.22242105453428	0.759189969211118	0.0134528134772156	
0.000102851403921664	0.00861380507843932	0.295762824662557	0.688216556655998	0.00730396219908402	
0.000207740691094141	0.0152606008406674	0.37761495490359	0.603124298685623	0.00379240487902517	
1.52361682255806e-05	0.00048755738321858	0.0261620244601445	0.461817400618284	0.509683346715768	0.00183443465435991	
4.87841317415478e-05	0.000801889165501691	0.0407012109136201	0.539429012228048	0.418099827578584	0.000919275982504791	
3.65218423443371e-05	0.00170891787302877	0.0645356171658746	0.606997584993175	0.326308965655772	0.000412392469804806	
7.62713674235837e-06	9.30510682567721e-05	0.00335441473928921	0.0976258248748387	0.654740875656315	0.244001256952135	0.000176949572422714	
1.0731209269312e-05	0.000216157215281855	0.00640039981419678	0.140505255992997	0.677694261715798	0.175101141647363	7.20524050939517e-05	
1.37568402066583e-05	0.00032405001375684	0.0109550304179022	0.192918284369172	0.676167038610865	0.11960655437009	1.52853780073981e-05	
1.37479511733876e-05	0.000566721098369646	0.0184283647728609	0.255513310308061	0.647600295122685	0.0778760331967194	1.5275501303764e-06	
7.32927373005063e-05	0.00101082900193615	0.0296805047426509	0.325827444465482	0.5946911627282	0.0487167663244303	
8.86003437082299e-05	0.0020744701164789	0.046802367767806	0.397161733817071	0.524535421042582	0.0293343517280886	3.05518426580103e-06	
0.000211767847195687	0.00381028669990501	0.0717371255123478	0.460625758642967	0.447417890086349	0.0161971712112354	
9.27238082286198e-06	0.0004188025338326	0.00657257260660534	0.105080801071887	0.514980303917735	0.364443201258571	0.00849504623054539	
3.10588425301154e-05	0.000722118088825184	0.0116827836177029	0.145235806497199	0.554356856783018	0.283750479470882	0.00422089669984269	
7.46055232955746e-05	0.00139263643485073	0.0202351939121893	0.19488672394713	0.571193874886537	0.21004874227522	0.00216822302077764	
0.000139616705604215	0.00236107362144016	0.0332272246370741	0.251311621384315	0.561712135173792	0.150122087052567	0.00112624142520733	
0.000340234342229141	0.00430963500156912	0.0513396533027589	0.31541587822407	0.526504099901503	0.101481495291095	0.000609003936775448	
7.74301850736284e-06	0.000655059365722896	0.00708176472683405	0.0751475432176578	0.373818996102164	0.477254883134622	0.0658001712755694	0.000233839158922358	
3.86987918237193e-05	0.000953538230536443	0.0123975449486467	0.106906186388861	0.425675874399201	0.414118867208966	0.0397993854631858	0.000109904568779363	
4.64088808034305e-06	6.49724331248028e-05	0.0018362447171224	0.0195953764379018	0.147233721311577	0.465576986145402	0.341898865766953	0.0237381425309547	5.10497688837736e-05	
4.64758883091452e-06	0.000170411590466866	0.00335091154708937	0.0304959287121841	0.193452786694263	0.489676156010262	0.270074485356997	0.0127498853594755	2.47871404315441e-05	
9.86847177462878e-05	0.00034077066596765	0.0056682034755524	0.0460780534439425	0.244161411191464	0.492905493963271	0.203874917120257	0.00686783957565571	4.62584614435724e-06	
9.71502590673575e-05	0.000675425610658771	0.00812052800394769	0.0676582161361954	0.296673760177646	0.474730138169257	0.148356155933876	0.0036886257093511	
0.000218752984745831	0.00157748631253331	0.0128971830161415	0.0960864782926175	0.349239140146719	0.435692784540634	0.102488854381376	0.00179932032523331	
6.18890391417228e-06	0.000355861975064906	0.00287938754606865	0.0209386091676234	0.131226424144152	0.392834487048171	0.384702267304949	0.0661980634919653	0.000858710418091404	
2.16746114438852e-05	1.39336787853548e-05	0.000600696374301961	0.00445413265171841	0.0329732767522762	0.173862895697125	0.423199884814922	0.323609689789865	0.040896895421548	0.000366920208014342	
1.55296865488067e-05	0.000102495931222124	0.000891404007901504	0.00767632406107515	0.0495552297772422	0.219774571070058	0.436943260737225	0.26047166763986	0.0244499385024413	0.000119578586425812	
5.27098277473835e-05	0.000173632373756087	0.00159834801198684	0.0125960985425733	0.0714559229568353	0.269054215158416	0.432651567884832	0.198633885287912	0.0137479633077587	3.56566481820535e-05	
4.62826543410816e-06	8.48515329586495e-05	0.000240669802573624	0.002781587525899	0.0193122089013886	0.100350051142333	0.314160486646683	0.411465139133373	0.144417309095622	0.00716301213685472	2.00558168811353e-05	
1.54431329792738e-05	0.00015288701649481	0.000366002251608788	0.00497577744592201	0.0298176011563818	0.135213895113329	0.351519681500825	0.373101459839361	0.101167964147222	0.00366928839587545	
1.22962095397068e-05	0.000192128274057918	0.000874567903511644	0.0078665000530274	0.0431612325105632	0.174183493260909	0.379251990833176	0.3257127574711	0.0670174160437868	0.0017276174403288	
1.68930333130617e-05	0.000380861114694482	0.00144358648311618	0.0125745597061226	0.0607934197028055	0.215195744184189	0.394830117514083	0.27113318467464	0.0429543765242123	0.000677257062823655	
5.36041927668034e-05	0.00058505147534054	0.00283795911991105	0.0192239950745405	0.0840942576125611	0.256172905684189	0.397249951756227	0.213307930051123	0.026178756198942	0.000295588834399802	
8.61396662395575e-05	0.00102906136989757	0.00500994451682569	0.0287521900241037	0.113847412810507	0.297800208273407	0.376897956797881	0.160392058538056	0.0160435128371176	0.000141515165964987	
1.22483724975044e-05	0.000183725587462566	0.00155095016749649	0.00830286550674579	0.0409110951882269	0.148240521290734	0.331491484319021	0.343507137739073	0.117117406774575	0.0086351026107406	4.74624434278295e-05	
1.98927931470858e-05	0.000350419202360203	0.00269623857885886	0.0129287853307483	0.0569714293583962	0.187200364803222	0.353084836641913	0.300858603556525	0.0813814167647279	0.00449424103638392	1.37719337172132e-05	
4.77083083249459e-05	0.000720241557937893	0.00390900332726976	0.0200067099427193	0.0778661150970633	0.226586762945111	0.361181134595911	0.253765108913451	0.0538103548574753	0.00210224352167342	4.61693306370444e-06	
9.69367972082202e-05	0.00119247647359319	0.00624242200434523	0.0295057146549973	0.104784061744124	0.261233897720908	0.360009416717443	0.202391723136198	0.0337047705213661	0.000837041550496378	1.5386793207654e-06	
3.09045928860718e-06	0.000210151231625288	0.00227921372534779	0.0099497336796708	0.0411293774424286	0.134629677989594	0.294667567020473	0.341603917466194	0.154839736507441	0.0203228602818808	0.000364674196055647	
1.55780225258206e-06	2.49248360413129e-05	0.000420606608197155	0.00353309550885611	0.0153069649338713	0.0586325611826835	0.168529278893337	0.319352577383827	0.309839079027308	0.113116694966741	0.0110806474226162	0.000162011434268534	
1.56379012685466e-05	0.000123539420021518	0.000855393199389496	0.00598149723521906	0.0233505141741937	0.0812498436209873	0.202066705031651	0.332166224635324	0.269498899091751	0.0786086020967298	0.00604404884029324	3.90947531713664e-05	
9.30104218177647e-06	1.08512158787392e-05	0.000314685260483437	0.00182610461502211	0.00883288972529372	0.0348029496705106	0.107506096058063	0.237613724617843	0.329842858892339	0.224578314000084	0.0517277460939498	0.00292207741877477	1.2401389575702e-05	
4.04172930051656e-05	5.9071428238319e-05	0.000542524433030877	0.00274837592435126	0.0133143890226632	0.0484867610047739	0.135708833821191	0.267462990972953	0.31825664670156	0.178566709519361	0.0334406464279663	0.00136952442836734	3.1090225388589e-06	
4.97781760031858e-05	0.000116667600007467	0.00077311729604948	0.00493892840031609	0.019281265361234	0.0655563022281956	0.165895104938617	0.291382775506648	0.297250378003024	0.134287518744594	0.0199579374412773	0.000510226304032654	
4.81143071772578e-05	0.000231259089335852	0.00149154352249499	0.00796214180062362	0.0272280416390527	0.0854370408769841	0.196528319925997	0.305729172325271	0.264476586181261	0.0986638191274548	0.0120052956779383	0.000198665526409322	
3.42268086145766e-05	0	0.000119793830151018	0.000539850117693549	0.00252656078136693	0.0118175835561965	0.0396253097915121	0.109609798824154	0.226124078404284	0.310242683630718	0.224798567452483	0.0681782469962086	0.00626817326855132	0.000115126538067212	
1.70878033473453e-05	6.21374667176194e-06	0.000337095756943085	0.000876138280718433	0.00429991269685926	0.0172586813808188	0.0539617295342486	0.137003793492343	0.253631158211311	0.302050225714348	0.182059670609289	0.0455343356106715	0.00290958687905253	5.4370283377917e-05	
2.50127799672645e-05	4.22090661947589e-05	0.000414274168207819	0.00128503157081822	0.00650175949274082	0.0245562967328619	0.0701202020407302	0.165798775311761	0.276660106022921	0.281385958137986	0.143573357012098	0.0284020116528289	0.00123031611463982	4.6898962438621e-06	
4.83870715988181e-05	7.96045371464427e-05	0.000597814465237011	0.00249115375070044	0.010112897964153	0.0348418132977038	0.0926940204505617	0.1949265374992	0.287914002125909	0.252607048591546	0.106250204864618	0.0168121660706732	0.000624349310952492	
7.46857364247004e-05	0.000146259567165038	0.000911788365518218	0.00386965471850479	0.0154537236285443	0.049230347926615	0.116825607249495	0.222891800595308	0.287852831756375	0.216142077165925	0.0764144000323638	0.00993320294448516	0.000253620313275545	
5.6166364772456e-05	0.000260549525472226	0.00142912194809916	0.00623290631294338	0.0226022812905158	0.0659330715356664	0.1443709601172	0.24398356821795	0.279680413384445	0.177409264017798	0.0525841988414127	0.00536700818936802	9.04902543556236e-05	
1.86981127371544e-05	4.6745281842886e-06	0.000113746852484356	0.000349031437760215	0.00256787414923587	0.00937866171374436	0.033279524320012	0.085042133080701	0.171689187504675	0.260460035900376	0.260533270175264	0.139984979182768	0.0338669566951709	0.00269876093839595	1.24654084914363e-05	
2.65001831630307e-05	4.67650291112306e-06	0.000118471407081784	0.00062041605287566	0.00438655973063343	0.0144644235041036	0.0453792254152345	0.107367830336474	0.19654406434868	0.267422701303965	0.234754210801163	0.106306264175649	0.021256264565358	0.00134839167270715	
1.55421409610017e-05	1.39879268649015e-05	0.000175626192859319	0.00126357606012944	0.0065805424828881	0.0212989499729567	0.0605040005470834	0.13045606858436	0.22046060688952	0.268078618365837	0.20140283364314	0.0763119121185181	0.0128517963606523	0.000585938714229763	
3.41840500330187e-05	1.5538204560463e-05	0.000475469059550169	0.00217534863846483	0.00944878219321757	0.0304206968884745	0.0769187740356602	0.154908130365536	0.237714330109156	0.258544847142913	0.168861438060832	0.0526636367167774	0.0075267062890883	0.000292118245736705	
5.31454277738006e-05	0.000118795662082613	0.000750288392100714	0.00410313964430078	0.0140366453355509	0.0399950606014187	0.097876683850355	0.17986444789716	0.249409929441629	0.240867583477399	0.133848322949134	0.034954060466992	0.00398590708303504	0.000135989771068254	
1.5671966925881e-05	5.32846875479954e-05	0.000330678502136089	0.0015938390363621	0.00600079613591983	0.0195633163135773	0.0535965596898204	0.121197589024608	0.20430289523917	0.255633288511508	0.212524409088487	0.101275384668428	0.0218764986318373	0.00200444456982018	3.1343933851762e-05	
3.60047839399879e-05	3.91356347173781e-05	0.000583903669983281	0.00285377048359121	0.00854878804766407	0.028276278796	0.0696301212891591	0.145633089335696	0.224378682663227	0.249646213862155	0.18242215139542	0.0736845730458795	0.0134673546189442	0.000796801522845818	3.13085077739025e-06	
6.2525987363498e-06	5.93996879953231e-05	0.000123488825042908	0.000933200361400207	0.00441589785754704	0.0123441930552386	0.0380423738616362	0.0905141824570837	0.168804534384604	0.240884492617244	0.233039044352809	0.151470767537758	0.0512275414469139	0.00774384353496922	0.000390787421021862	
1.71490486175528e-05	4.9888141432881e-05	0.000257235729263292	0.0016650167203224	0.00650728444815141	0.0180969233047776	0.0503651967853329	0.112572591143296	0.191503425912212	0.247325138166767	0.213959325574688	0.119859377801336	0.0339239361743591	0.0037883807400594	0.000109130309384427	
6.38567614965533e-05	0.00011525366709134	0.000542003731726843	0.00282371484373783	0.00872189913123655	0.0257778843787672	0.0647834632792472	0.135961947600076	0.213923265977429	0.245426454143058	0.187813637935277	0.0915020667785977	0.0205805669857428	0.0019157028448966	4.82819416193452e-05	
9.74770464764369e-05	0.000222804677660427	0.000974770464764369	0.00425959220554969	0.0128004381825327	0.035357864540945	0.0813515579307634	0.157932929603005	0.230389320229117	0.235925397567097	0.160844862959651	0.066289033368095	0.012599295070756	0.000951561644174741	3.09450941195038e-06	
9.29215463384265e-06	0	0	0.000161064013653273	0.000382527032426522	0.00178099630481984	0.00614211421296999	0.018423245254032	0.047481361486497	0.102459943070066	0.177910690004429	0.239263689666814	0.219804369171109	0.132363645374211	0.0458428448860627	0.00748328186512128	0.000490935503154686	
2.78458453998663e-05	0	0	0.000232048711665553	0.000635813469963615	0.00286502809336403	0.00939642583104379	0.0266113462538056	0.0616553426895374	0.124413690255192	0.198978676270389	0.240331303680602	0.196293099180713	0.104124897898567	0.0303287666146878	0.00393709314125888	0.000168622063810302	
4.19321723816076e-05	0	0	0.000329245205366697	0.00103122083190324	0.00445568157640119	0.0145753125111625	0.036682885616799	0.0797487796961315	0.148870083258658	0.214352606084514	0.231939269790044	0.16829244428845	0.0776987623796974	0.0198913801430974	0.00200342601378792	8.69704316062973e-05	
2.79723322553625e-05	0	3.41884060898875e-05	0.000700862324842695	0.00179644533817773	0.00675531823967005	0.0209839112468978	0.0474146571912981	0.0991650258821774	0.171232631901202	0.225065385326647	0.217425830584016	0.139661192895649	0.0572376078683063	0.0113738610987221	0.00108315086566598	4.19584983830438e-05	
3.90774593399036e-05	2.1883377230346e-05	0.000120358574766903	0.00074559792420536	0.00281670326922025	0.0103914779876672	0.028768825566037	0.0599010558729514	0.122109244945331	0.189142718697001	0.229686364311338	0.199084024353073	0.110779907933506	0.0392275167837688	0.00666036216989316	0.000504880774671554	
1.71458676900152e-05	5.14376030700455e-05	3.7409165869124e-05	0.000230689856192932	0.00129061622248478	0.00502373923317445	0.01544375064297	0.0358068065977299	0.078791496896598	0.140907858107034	0.203231528444995	0.22748046150441	0.174724185337477	0.0876091490349994	0.0255021401160308	0.00360374964539228	0.000247835723882947	
1.2434659748851e-05	6.37276312128612e-05	1.70976571546701e-05	0.000562668353635506	0.00227865139897694	0.00779964032746676	0.021319224139405	0.0465102904581084	0.0976307310181033	0.162503905260327	0.215020136377131	0.217967150737608	0.145532149035614	0.0646975346732715	0.0160826780526701	0.00186209029739043	0.000139889922174573	
9.26973062162814e-06	0.000137501004220817	0.000126686318495585	0.00129621733192433	0.00361519494243497	0.011200924501134	0.0289818127885204	0.0617039618828677	0.115564186704734	0.179319848965189	0.222927751719535	0.201366358293628	0.116732172763059	0.0465618569124381	0.00943040595240302	0.000953237298924093	7.26128898694204e-05	
4.93157440512884e-05	0.000155652817161879	0.000263531007274072	0.00159659721366046	0.00636481321661941	0.0158380594254716	0.0390935149796573	0.0783257304894588	0.136197756133646	0.19574035260757	0.221435396375293	0.176521082480582	0.0914005671310566	0.0311367279003822	0.00533534705954876	0.000528603131549747	1.69522870176304e-05	
1.23414699616335e-05	0.000149640323284806	0.000276140390391549	0.000467433174796867	0.00252537329089925	0.00806360793618226	0.0201304801911694	0.0511029417436337	0.0971042283418772	0.15938237113577	0.209754080784177	0.209730940527999	0.149601756191176	0.0679397921387922	0.0205932853147306	0.00286322103109896	0.000300823330314815	1.54268374520418e-06	
7.69675997192222e-05	0.000330960678792655	0.000466423654298487	0.000888206100759824	0.00414239621688854	0.0113296306786695	0.0276559979311109	0.0647405268278266	0.117481804859426	0.177150166865756	0.210783468591062	0.195553119958622	0.125132384271517	0.0494778518035048	0.0130259965764812	0.00155782421831706	0.000206273167247515	
0.000115333159052115	0.000378292761690938	0.000622799058881422	0.00164388196035615	0.00585738670439342	0.0157729628319673	0.0371526549693214	0.0797659505758969	0.139383967153116	0.18896338556644	0.211687093450614	0.17546479263098	0.100222977440834	0.0343031570530071	0.00769810392286518	0.000891909763336358	7.53509972473819e-05	
0.000136986933909192	0.000709561534068958	0.000925046598645215	0.00224566220869113	0.00815457051517861	0.0219179094254706	0.0495030760492968	0.100177467342469	0.163724012886007	0.194284412580018	0.201553955151401	0.152957455552357	0.0748502763595953	0.0238942153034414	0.00454057814642826	0.000404804085596824	2.00093274249381e-05	
