# <P(U)> as a function of N_tot.
# number_of_species: 1
# species_total_upper_bound: 103
# species_total_lower_bound: 0
# volume: 729
# Bin widths for each
10	10	10	10	10	10	10	10	10	10	10	10	10	10	10	10	10	10	10	10	10	10	10	10	10	10	10	10	10	10	10	10	10	10	10	10	10	10	10	10	10	10	10	10	10	10	10	10	10	10	10	10	10	10	10	10	10	10	10	10	10	10	10	10	10	10	10	10	10	10	10	10	10	10	10	10	10	10	10	10	10	10	10	10	10	10	10	10	10	10	10	10	10	10	10	10	10	10	10	10	10	10	10	10	
# Bin lower bound for each
0	0	0	0	-10	-10	-10	-10	-10	-10	-10	-10	-10	-20	-20	-20	-20	-30	-30	-30	-30	-30	-30	-30	-30	-30	-30	-40	-40	-40	-40	-50	-50	-50	-60	-60	-60	-60	-60	-60	-70	-70	-70	-70	-80	-80	-80	-80	-90	-90	-90	-90	-90	-100	-110	-110	-110	-120	-120	-120	-120	-130	-130	-130	-130	-130	-140	-140	-150	-150	-160	-160	-160	-160	-180	-180	-180	-180	-190	-190	-200	-200	-200	-200	-200	-210	-210	-220	-220	-220	-220	-250	-250	-250	-250	-250	-260	-260	-260	-260	-270	-270	-270	-270	
# Bin upper bound for each
0	0	0	0	0	0	0	0	0	0	0	0	0	0	0	0	0	0	0	0	0	0	0	0	0	0	0	0	0	0	0	0	0	0	0	0	0	0	-10	0	-10	-10	-10	-10	-10	-10	-10	-10	-10	-10	-10	-20	-20	-10	-20	-20	-20	-20	-20	-20	-30	-30	-30	-30	-30	-30	-30	-30	-40	-40	-40	-40	-40	-50	-50	-50	-50	-50	-60	-60	-60	-70	-60	-70	-70	-70	-70	-80	-80	-80	-80	-80	-90	-90	-90	-90	-90	-100	-100	-100	-100	-110	-110	-110	
# Normalized histogram for each
1	
1	
1	
1	
2.95336561854182e-06	0.999997046634381	
3.02333572742195e-05	0.999969766642726	
0.00011641752334245	0.999883582476658	
0.000509276583684107	0.999490723416316	
0.00153431168150671	0.998465688318493	
0.00366481430991768	0.996335185690082	
0.00777998083879862	0.992220019161201	
0.0162679609983406	0.983732039001659	
0.0314098383419245	0.968590161658075	
7.38828543015337e-06	0.0564243358300813	0.943568275884489	
3.84989838489359e-05	0.0942625408588975	0.905698960157254	
9.28943961641303e-05	0.145800355822695	0.854106749781141	
0.000237076189152612	0.213876165965223	0.785886757845624	
7.41897000955563e-07	0.000503006166647872	0.299310184168512	0.70018606776784	
2.96982656212877e-06	0.00105725825611784	0.395101271085769	0.603838500831551	
4.4556429604183e-06	0.00205108097611256	0.4957430044549	0.502201458926027	
1.48213581699773e-05	0.00418036407184209	0.59471588938524	0.401088925184748	
2.00093376909224e-05	0.00781772234450151	0.685031533234028	0.30713073508378	
5.56197448611064e-05	0.0145167534087488	0.761233334470448	0.224194292375942	
0.000108397784230498	0.0260355143808964	0.815973230201999	0.157882857632875	
0.00024404699647875	0.0440894265340653	0.848960129841903	0.106706396627552	
0.000585311138493221	0.0709821431883211	0.860366572428359	0.068065973244827	
0.00126865189395318	0.10731621445565	0.850314674692549	0.0411004589578485	
2.23419585705615e-06	0.00252464131847345	0.158015736186153	0.816167385953611	0.0232900023459056	
3.20692815809708e-05	0.00475520324093651	0.222383314427373	0.759913696342685	0.0129157167074245	
8.28793634864884e-05	0.00872398633311829	0.296602842090173	0.687569439466705	0.00702085274651757	
0.000224532528497355	0.0151742215770538	0.37951890362482	0.601353312003986	0.00372903026564212	
7.49283123371714e-06	0.000499771843288933	0.0256899211679226	0.463605445490027	0.508377359960857	0.00182000870666989	
2.3967057279769e-05	0.000882287296111495	0.0410121288289246	0.541886926419636	0.415352847511096	0.000841842886951885	
1.94950628753268e-05	0.00177779977220769	0.0639558031928414	0.609046758908307	0.324828987059027	0.000371156004741799	
3.75572748441373e-06	6.15939307443852e-05	0.00347555021407647	0.0969127920078119	0.657128370765417	0.24225794336363	0.000159993990836025	
5.2793571854691e-06	0.00015008458284405	0.00642573188859953	0.139451957472515	0.679966121610747	0.173935964414116	6.48606739929061e-05	
6.77641446357903e-06	0.000326773764132589	0.010985320780402	0.192228807893168	0.676838817711439	0.1195856448436	2.78585927947138e-05	
1.13179359103016e-05	0.000686621445224963	0.0183690099824195	0.255429968385232	0.647687745693525	0.0778123184414448	3.01811624274709e-06	
6.40644443087786e-05	0.00125566310845206	0.0300213523024384	0.32629754994954	0.593937694689962	0.0484236755052989	
7.47148383668997e-05	0.00245653332206322	0.0469307295337945	0.396932012515867	0.52479777938444	0.0288067210147935	1.50939067407878e-06	
8.33176166011109e-06	0.000179511592131484	0.00440144245517323	0.0717099577428197	0.460753236700047	0.447020221185549	0.0159272985626196	
9.10274265636236e-06	0.000339835725837528	0.00720178656495869	0.104932624533105	0.515842565031511	0.363113714495511	0.00856037090642077	
2.50580701793019e-05	0.000710737990540199	0.0124219687897939	0.145231259411014	0.553673247320875	0.283586736231919	0.00435099218567878	
8.84084347743908e-05	0.00139548141441301	0.0209771875752615	0.19569511893983	0.568801577938132	0.210915088271249	0.00212713742633901	
7.61993007952159e-07	0.000163828496709714	0.00247876325486837	0.0332762346572708	0.252918433220457	0.559238098431209	0.150895189385742	0.00102869056073541	
8.37899887721415e-06	0.000335921682259222	0.0043426065999089	0.0511888275952426	0.316538010947543	0.525111859635011	0.101976224971549	0.000498169569608914	
8.37535604780653e-06	0.000623583327559414	0.00728275278156995	0.0756743874759494	0.374931950232112	0.474607823953061	0.0666815392686182	0.000189587605082166	
5.11045446432521e-05	0.000941238926713032	0.0122780575391407	0.107669648019356	0.426439965889623	0.412108573511981	0.0404320851111867	7.93264573566899e-05	
2.28877121214086e-06	0.000110623941920142	0.00186000807173314	0.0194637103880459	0.147322099535608	0.465521568998441	0.341663951929701	0.0240168392527315	3.89091106063947e-05	
8.40304037278943e-06	0.000255146862228334	0.00343913525075436	0.0308001986173179	0.194402811198961	0.487742255834384	0.270329628356442	0.0130010312822276	2.13895573125549e-05	
7.01762415283165e-05	0.000513354462484315	0.00566596871817755	0.0464238721266834	0.245818983436119	0.489535730767324	0.204916150833152	0.0070504239178938	5.33949663802408e-06	
9.57041104532623e-05	0.000946322244161858	0.00893952954921833	0.0684812676430528	0.298367900381974	0.471300634173717	0.148149197348766	0.00371944454865559	
0.000166091978216693	0.0018430851776304	0.0143305995767333	0.0972242739216459	0.349284541582313	0.433842962713499	0.101568688983203	0.00173975606675826	
4.60719444126633e-06	0.000310217759045266	0.00302692674791198	0.0225383952066749	0.132064460793159	0.393432905043419	0.381739845551485	0.0660671682877592	0.00081470555036393	7.67865740211056e-07	
1.30588616667102e-05	2.1508713333405e-05	0.000560762883335203	0.00471348089334904	0.0344515815817815	0.173707441553912	0.423528074248078	0.321713507011072	0.0409280088001364	0.000362575453334542	
1.61387006040485e-05	8.76100889934062e-05	0.000952951845191436	0.00771045634097232	0.0503089408401346	0.218786216012665	0.437981279107299	0.259400408847082	0.0246338051981986	0.000122193018859224	
4.45035096388463e-05	0.000179548642336035	0.00167578732846966	0.012276830245199	0.0720189554258986	0.266697256435361	0.434347348358127	0.198965216670708	0.0137439114595003	5.06419247614458e-05	
2.29652940820734e-06	6.35373136270697e-05	0.000279411077998559	0.00281401403485672	0.0190619595979236	0.100618608471591	0.312758981535138	0.411745523107296	0.145511930853031	0.00712536524386463	1.83722352656587e-05	
7.67906425994554e-06	0.000115185963899183	0.000515265211842346	0.00494608528983092	0.0294346212147973	0.134706145247965	0.350694417781027	0.374096366113211	0.101971062214243	0.0035116360860731	1.53581285198911e-06	
6.12406904581646e-06	0.000156929269299047	0.000871914330398118	0.00797736544080666	0.0425132873160578	0.17329507831536	0.378606024093619	0.327011507891246	0.0679549666582716	0.00160450609000391	2.29652589218117e-06	
8.41100128382465e-06	0.000300502136776644	0.00150939241220635	0.012546155369545	0.0610248728600692	0.213615728878255	0.394799401442563	0.27190396777516	0.0436148648390325	0.000676703285107711	
6.09988562714449e-06	2.66869996187571e-05	0.000454441479222265	0.00286160884483416	0.0191429660693862	0.0847655356462066	0.255306138009912	0.395788028974457	0.215073579870377	0.0262729698818147	0.000301944338543652	
4.58660192423239e-06	5.35103557827113e-05	0.000825588346361831	0.00489466868681	0.0287480564274346	0.114344750404768	0.296305950810223	0.377666917910528	0.161486609415682	0.0155302341154509	0.000139126925035049	
1.1401997173825e-05	0.000126182102056996	0.00135759779683009	0.00814786718041532	0.0419829137271685	0.14837038855726	0.331370922930861	0.343386347552637	0.116903916890082	0.00829761340996489	4.48478555503782e-05	
2.42437098937065e-05	0.000278802663777625	0.00238497496079338	0.0128597728667429	0.0586318971460608	0.186357609873251	0.353208124673278	0.300253043722016	0.0817406983703681	0.00424416446326699	1.66675505519232e-05	
3.8684426105161e-05	0.000692527079098274	0.00381079523043782	0.0200142601413878	0.079695985921903	0.225433113868746	0.360514578719015	0.253711429351619	0.0540186292059832	0.00206392791043418	6.0681452713978e-06	
1.4424076972948e-05	7.74345184863525e-05	0.00117214604453851	0.00610518036928674	0.0299815827311914	0.106099714403276	0.262225923558465	0.356920748047815	0.203005218479216	0.0335769737071852	0.000810784958268868	9.86910529728023e-06	
1.59322046757227e-05	0.000147941900560283	0.00209470557665097	0.00976871749545742	0.0423735950261174	0.136699074794114	0.295209337789293	0.338028275869917	0.155491489547336	0.0197984196770314	0.000370234089607271	2.27602923938896e-06	
3.81588507164706e-06	2.97639035588471e-05	0.000365561789863788	0.00325189725805762	0.0154695980804572	0.0596193883594136	0.170750172478005	0.319356763885243	0.30621485569849	0.113821746271117	0.0109477742705554	0.0001686621201668	
9.17018954781795e-06	0.000115391551810043	0.000744313718297891	0.00540506255597637	0.0232655350652765	0.0815558449259813	0.204186497201564	0.332479741522924	0.266717255545672	0.0794596924318426	0.00600876670120771	5.27285898999532e-05	
4.56754137621544e-06	2.81665051533286e-05	0.000240557179147347	0.00152479756275992	0.00834337558055354	0.0342969069371057	0.107259574137667	0.239513495942881	0.331976519792299	0.221483887617167	0.052344024171429	0.00296737938074797	1.674765171279e-05	
2.3654299283351e-05	8.16454846231794e-05	0.00044943168638367	0.00252643177184436	0.0126695479129278	0.0473154659439134	0.136959155892515	0.268171080101088	0.32042342721801	0.176671672221612	0.0333563771990868	0.00134066464002735	1.14456286854924e-05	
4.13175082175933e-05	9.71726582154509e-05	0.000728412367095349	0.004495957005307	0.018754323035582	0.0643841548886264	0.167193592419614	0.291552405903201	0.298949770152232	0.133308644846942	0.01997242438896	0.000518764269843116	3.06055616426617e-06	
6.65995057857364e-05	0.000183722774581342	0.00134653483536908	0.00725628408440224	0.0267615186524547	0.0851141683941711	0.19717587475006	0.306687662097073	0.265643994255601	0.0976432961090578	0.0119105943737962	0.000209750167647032	
1.67786258610486e-05	0	0.000122026369898535	0.000432430948327934	0.00243976473315884	0.0107886564286542	0.0380394328214327	0.110431576763739	0.226169012623628	0.310116291130513	0.226705928651182	0.0683774763726441	0.00627825673127963	8.23677996815112e-05	
1.45101636059131e-05	3.81846410681924e-06	0.000210779218696422	0.000714816480796562	0.00394600080798701	0.0156610486877084	0.052871981408662	0.138081007952333	0.254516670268751	0.300111422782637	0.184939672085576	0.0458597539228991	0.00303109680799311	3.74209482468286e-05	
4.59886055564966e-05	2.22278260189734e-05	0.000288195261487379	0.00123402758243266	0.00625138444864644	0.0230862799893613	0.0698973151085599	0.168128210100477	0.276501125571121	0.279764783612114	0.144985977307689	0.0284217247106742	0.00136816101530577	4.59886055564966e-06	
7.36141560021992e-05	4.75424757514203e-05	0.000453953962013562	0.00218158618569017	0.00973777257366592	0.033607162657379	0.0913191273348532	0.198199213708796	0.28752155706209	0.25154340513014	0.107748886777594	0.0168906147318796	0.000673262801770114	2.30044237506873e-06	
1.52960746448443e-06	6.73027284373148e-05	9.17764478690656e-05	0.000818339993499168	0.003634347335615	0.0149955067780731	0.0478889504980784	0.116439838626412	0.225800653907191	0.288259880308216	0.21469417410757	0.0771503412936655	0.00989197147282079	0.000265386895088048	
1.14948694565992e-05	7.35671645222349e-05	0.000204608676327466	0.00134260075253079	0.00587004666916999	0.0217322001946465	0.0638585977791912	0.144211566903972	0.247662326714843	0.27967247285295	0.176732851570582	0.0532534312185328	0.00529990114412267	7.43334891526749e-05	
9.18289104958914e-06	1.14786138119864e-05	0.000114020897199065	0.000385681424082744	0.00231179282173407	0.00902372093806293	0.0314942553364076	0.0832857608560903	0.171891476593576	0.263408934034702	0.260287516318763	0.140406404148218	0.0346830142533774	0.00267910846371763	7.65240920799095e-06	
1.30269496937517e-05	5.36403810919189e-06	0.000156323396325021	0.000645983446578395	0.00377398395539572	0.0133871065382261	0.0442425863246147	0.105446261150494	0.197309245226198	0.27110768153246	0.234285092495174	0.106899149186927	0.021371094118179	0.00135710164162555	
7.65793534405189e-06	1.6081664222509e-05	0.000204466873686185	0.00111882435376598	0.00581849927441063	0.0198562605535921	0.0593390436004549	0.129605195143337	0.221615288302121	0.270705717031631	0.200817867494745	0.0776797987494592	0.0126064931633782	0.00060804006631772	7.65793534405189e-07	
1.6831513489693e-05	2.98376830044558e-05	0.000489644028791069	0.00194556994564951	0.00858177667335847	0.0287880086177349	0.0766598932576017	0.15570986143074	0.239637143171914	0.260010160113597	0.166578428732312	0.053892976056407	0.00734389536307105	0.000315973412329237	
2.69391367930882e-05	0.000108526236795012	0.000780465277376898	0.00342973695857146	0.0131855529257827	0.0391979834131886	0.0970193769362505	0.180929400219362	0.254600242452231	0.238386730550905	0.132735284496527	0.0356689564932941	0.00378456387461756	0.000146241028305336	
7.69962826194751e-06	3.07985130477901e-05	0.000347253234613833	0.00136976386780046	0.00554373234860221	0.0192059527366019	0.05274861329695	0.120396777243595	0.205182773775682	0.258100008931569	0.211769805753778	0.100524806662334	0.0228563464955912	0.00187023970482705	4.54278067454903e-05	
1.77195412641891e-05	4.31432309041126e-05	0.000553928268215303	0.00238828599647766	0.00817718308600449	0.0275639020587025	0.0691924973921458	0.145639220894883	0.226337863886188	0.25255585122365	0.18035180223143	0.0727633701642987	0.0135916585644706	0.000811246823964832	1.2326637401175e-05	
3.07642138358975e-06	2.92260031441027e-05	0.000170741386789231	0.00104059953299923	0.00373169913829437	0.0120065035548049	0.0372308515842032	0.0892754412357369	0.169886910749939	0.242100518992287	0.236784462841444	0.149200284261336	0.050363325365402	0.00775642741337567	0.000419931518860001	
8.44033374614238e-06	2.68556073740894e-05	0.000330707622235215	0.00174331257011232	0.00568571573262864	0.0174783965821252	0.0500465752962174	0.11053844725482	0.192786430398706	0.249365824014438	0.217144466287005	0.117562339537746	0.0331260080444054	0.00399151055885752	0.000164970159583692	
3.7676831209334e-05	8.68873862582601e-05	0.000581299681515439	0.00262353771604587	0.00814819143521046	0.0250935385003391	0.0651632329489271	0.133523614146189	0.214076679271745	0.248444869568962	0.190314132502495	0.0896716271931376	0.0201986261028162	0.00196227088257593	7.38158325733891e-05	
6.29315028963841e-05	0.000236376864537638	0.000973135922836768	0.00397005688393896	0.0119922885885231	0.0341180840580689	0.0825193169015598	0.157105427151413	0.231650094704237	0.239003103597533	0.160648777747421	0.0644303471056113	0.0122317352824704	0.00103990471249513	1.84189764574783e-05	
4.58903297602613e-06	0	0	9.17806595205225e-05	0.000388538125303545	0.00156027121184888	0.00597798029010337	0.0174589759572914	0.0463255230541544	0.102622249926384	0.179042651237318	0.241290589040624	0.220789849059057	0.131732780609806	0.0447384824832787	0.00747782923443457	0.000491026528434796	6.88354946403919e-06	
1.37399126141558e-05	0	1.450324109272e-05	0.000156482338105663	0.000620586053072702	0.0024846341977265	0.00899277280596495	0.0250707605499629	0.0618395300339223	0.125543871540977	0.199938628390323	0.242772042636476	0.195747191714527	0.102650123811879	0.0299598794551667	0.00402808438138333	0.000167168936805562	
2.05896572813417e-05	0	2.21148170799596e-05	0.000260802325563661	0.000975339691216147	0.0039105097236563	0.0140573978638612	0.0341506156307527	0.0789315950578722	0.149235361134963	0.216222667229959	0.234481117759113	0.168858067103981	0.0776603743657242	0.0191727838284256	0.00195525486182815	8.54089487226024e-05	
1.3732092969321e-05	2.2886821615535e-06	3.81447026925583e-05	0.00043179803447976	0.00179051234438869	0.00622674126753321	0.0200824230735781	0.0451526474712351	0.0981287734647139	0.173083877149645	0.226729061228351	0.219052058364447	0.139910192111981	0.0570156500086207	0.0112214086380968	0.00109017560295332	3.05157621540466e-05	
1.91158973919799e-05	3.5173251201243e-05	7.11111382981652e-05	0.000617061167813111	0.00292090912149453	0.00988980067471471	0.027724932941432	0.0578454701440268	0.120645016256159	0.193112618633259	0.229971127348579	0.199096659152845	0.111876936440406	0.0392273507201341	0.00647417212871575	0.000467957168155668	4.58781537407517e-06	
8.38578259172522e-06	2.97314110070258e-05	6.55615729898517e-05	0.000159329869242779	0.0011320806498829	0.00479361826697892	0.0150273224043716	0.0360474299863388	0.0763616986241218	0.141622908128415	0.208595579625293	0.226144735558158	0.1737084370121	0.0869620901639344	0.025450850165886	0.00366534933645589	0.000223366754488681	1.52468774395004e-06	
6.08411286029356e-06	4.4870332344665e-05	6.61647273556925e-05	0.000386341166628641	0.00190432732527188	0.00739980226633204	0.0210806905468096	0.0464400334626207	0.0960605369229599	0.165258194539509	0.217935204198038	0.216798996121378	0.144958551981139	0.0637713894592745	0.0158559586280325	0.0019088904099171	0.000123963799528481	
4.53302649780639e-06	9.89710785354396e-05	0.000128435750771181	0.000920204379054698	0.00302655069170207	0.0110107213631717	0.0286985907576123	0.0603005849870695	0.117378943638615	0.18264168163195	0.222887401888308	0.19983545113813	0.117052565730773	0.0456234006915887	0.00935238916939089	0.000983666750023987	5.59073268062788e-05	
2.41759221414427e-05	0.000120124113140294	0.000234204245745227	0.00131985424940939	0.00551286574581587	0.0158458059685819	0.038429894736524	0.0765553239535792	0.138704064803559	0.198998059126751	0.220850826249914	0.175585945025464	0.0909868384768867	0.0310207300977387	0.00528017249520448	0.000509960857671058	2.11539318737624e-05	
6.03167685894396e-06	7.31340819146955e-05	0.000179442386553583	0.00034229766174507	0.00234104458087762	0.00757955593287045	0.0213295172924406	0.0498073256223371	0.095440730858285	0.16115283439805	0.209849577518734	0.211066468325026	0.149616498445712	0.0679717204830468	0.0202031016390328	0.00281000745666052	0.000229957680247238	7.53959607367995e-07	
3.75122196055365e-05	0.000161302544303807	0.00033911046523405	0.000732238526700073	0.00367844825451891	0.0110120871874013	0.0291484951222861	0.0622372737919377	0.11431398778152	0.180176442476137	0.213335744118647	0.197675892922119	0.123965131641632	0.0487448786442184	0.0127804132196063	0.001531248804298	0.000129792279835156	
5.6216284283501e-05	0.00019038581610679	0.000433989714668627	0.0013814214924599	0.00538552003435939	0.0153500438112242	0.0382900355511782	0.0783669993921146	0.136268273103206	0.193668847108946	0.214772440228973	0.176181834944492	0.097752622864437	0.0334509378000544	0.00760343983695778	0.000806516291853961	4.04757246841207e-05	
6.66628216949285e-05	0.000361776886276971	0.000576745760731403	0.00223807315982524	0.00748645958248101	0.0219702683815241	0.0498907553646719	0.0967846798349458	0.158910684552277	0.20104233688394	0.206341656698453	0.153224121155559	0.0731972762619684	0.0230376225491114	0.00441397762076644	0.000447165219683958	9.73726609027045e-06	
