# <P(U)> as a function of N_tot.
# number_of_species: 1
# species_total_upper_bound: 103
# species_total_lower_bound: 0
# volume: 729
# Bin widths for each
10	10	10	10	10	10	10	10	10	10	10	10	10	10	10	10	10	10	10	10	10	10	10	10	10	10	10	10	10	10	10	10	10	10	10	10	10	10	10	10	10	10	10	10	10	10	10	10	10	10	10	10	10	10	10	10	10	10	10	10	10	10	10	10	10	10	10	10	10	10	10	10	10	10	10	10	10	10	10	10	10	10	10	10	10	10	10	10	10	10	10	10	10	10	10	10	10	10	10	10	10	10	10	10	
# Bin lower bound for each
0	0	0	0	-10	-10	-10	-10	-10	-10	-10	-10	-10	-20	-20	-20	-20	-30	-30	-30	-30	-30	-30	-30	-30	-40	-40	-40	-40	-40	-40	-50	-50	-50	-60	-60	-60	-60	-70	-70	-70	-80	-90	-90	-90	-90	-90	-90	-90	-90	-90	-90	-100	-110	-110	-110	-120	-120	-120	-120	-120	-130	-130	-130	-130	-130	-140	-140	-150	-150	-160	-160	-160	-170	-180	-180	-180	-180	-190	-190	-200	-200	-200	-200	-200	-210	-210	-220	-220	-220	-220	-250	-250	-250	-250	-250	-260	-260	-260	-260	-270	-270	-270	-270	
# Bin upper bound for each
0	0	0	0	0	0	0	0	0	0	0	0	0	0	0	0	0	0	0	0	0	0	0	0	0	0	0	0	0	0	0	0	0	0	0	0	0	0	-10	0	-10	-10	-10	-10	-10	-10	-10	-10	-10	-10	-10	-20	-20	-10	-20	-20	-20	-20	-20	-20	-30	-30	-30	-30	-30	-30	-30	-30	-40	-40	-40	-40	-40	-50	-50	-50	-50	-50	-50	-60	-60	-60	-60	-70	-70	-70	-70	-80	-80	-80	-80	-80	-90	-90	-90	-90	-90	-100	-100	-100	-100	-110	-110	-110	
# Normalized histogram for each
1	
1	
1	
1	
2.07731129444537e-06	0.999997922688706	
2.543087162496e-05	0.999974569128375	
0.000121213314194752	0.999878786685805	
0.00050499034044118	0.999495009659559	
0.00146988369894834	0.998530116301052	
0.00366006486741983	0.99633993513258	
0.00779740661185181	0.992202593388148	
0.0164016327887242	0.983598367211276	
0.0316901719150562	0.968309828084944	
5.18148675508356e-06	0.0564564433860394	0.943538375127206	
2.95712326898045e-05	0.0942819093055481	0.905688519461762	
8.11886433742e-05	0.146733380138239	0.853185431218387	
0.000225497931199696	0.215317715127891	0.78445678694091	
5.20160646414038e-07	0.000491031650214852	0.300073914827855	0.699434533361283	
2.07957493488331e-06	0.00102782991156608	0.395699958928395	0.603270131585104	
3.12198695737915e-06	0.00207299933969976	0.495610746503505	0.502313132169838	
1.24647028181135e-05	0.00416217201601507	0.594881058170171	0.400944305110996	
2.44278427512196e-05	0.00792397639542752	0.684591332585599	0.307460263176222	
6.86681347081526e-05	0.014621630774561	0.760294107701808	0.225015593388923	
0.000112576164811505	0.0261301786990261	0.815886373124317	0.157870872011846	
0.000226646193828867	0.0443663832113004	0.849016121057203	0.106390849537668	
5.20853407891762e-07	0.000548979491917918	0.0714345240389473	0.860112837682286	0.0679031379334412	
5.21030076461164e-07	0.00124995115343033	0.108372171783616	0.849241510466192	0.0411358455666853	
3.131040298576e-06	0.0025090069592589	0.159069893168905	0.814980566676547	0.0234374021549907	
3.08837785831988e-05	0.00469904542951484	0.223074579614194	0.759322190047257	0.012873301130451	
7.85654575966512e-05	0.00889675241824479	0.297307404637248	0.686798279521233	0.00691899796567842	
0.000219878595603999	0.0155108643584649	0.380585243528633	0.600132974198294	0.00355103931900458	
5.25131755557469e-06	0.000472618580001722	0.0260880204843395	0.465004169546139	0.506764222143336	0.00166571792862829	
1.99055742417679e-05	0.000886845715560868	0.0418352310853829	0.544046583234373	0.412445593613035	0.000765840777406964	
2.61941932712356e-05	0.00180058884546474	0.0649841263188776	0.610413239593047	0.32243794595614	0.00033790509319894	
2.62626145903531e-06	6.51312841840757e-05	0.00346403886446758	0.0978954716424166	0.65766471780558	0.240761468752479	0.00014654538941417	
3.68752153249181e-06	0.000152768749203232	0.00640101059161542	0.140420819957288	0.680267124059814	0.172695588776027	5.90003445198689e-05	
4.72788897655913e-06	0.000306262141481552	0.0110564310321822	0.193553996169359	0.676758958561629	0.118294408798496	2.5215407874982e-05	
1.68481528632909e-05	0.00067076708586977	0.0185540283406991	0.257718296778107	0.646218800643178	0.076818626475398	2.63252388488921e-06	
2.10395981015971e-06	6.94306737352703e-05	0.00124028430808915	0.0302580980098118	0.32783796563918	0.592936901719303	0.0476552156900699	
4.2035440079531e-06	0.00013083530724754	0.00234767932844181	0.0471721708572497	0.398640468779228	0.523524608597509	0.0281789827003146	1.05088600198828e-06	
1.42149853322411e-05	0.000222174955933545	0.00431345832692782	0.0720378602972301	0.463494864704929	0.444304108025465	0.015613318704183	
1.05362475891748e-06	1.79116209015972e-05	0.000371929539897872	0.00728265433363766	0.105321384526151	0.517439860415792	0.361095116501924	0.00847008943693766	
2.63467816088926e-06	2.63467816088926e-06	3.58316229880939e-05	0.000734548271255925	0.0126132582274412	0.145861579278783	0.555151454474079	0.281223439150791	0.00437461961834052	
2.11202274226089e-06	2.11202274226089e-06	0.000125137347478958	0.00142350332828384	0.0211798920650778	0.195631914564456	0.570476350889346	0.209010522625308	0.00214845513456489	
5.28229369869902e-07	7.92344054804854e-06	0.000207065912989002	0.00261526361022589	0.0335219640413139	0.252195717433207	0.561023962068905	0.149412318414551	0.00101525684888995	
1.1636622142482e-05	1.00498100321435e-05	0.000394058340734049	0.00463084667533771	0.0517078594274888	0.314015835326986	0.527527223084096	0.101211107896347	0.000491382816834807	
1.58694809251484e-05	2.53911694802375e-05	0.0007056629184716	0.00753694547405049	0.0765485571732434	0.372955547996981	0.475652777873289	0.0663714590559457	0.000187788857614256	
6.35176722043491e-06	6.40469861393853e-05	0.00107821248566883	0.0126109045022385	0.108397142128202	0.424837950538789	0.412552574106597	0.0403591289186434	9.36885665014149e-05	
1.00373229931297e-05	0.000126787237807954	0.00193086397578364	0.0199605374722323	0.148094889681896	0.463297471915306	0.342799937662941	0.0237393254390668	4.01492919725189e-05	
7.39704762694787e-06	0.000258896666943175	0.0034618182894116	0.0312694337612878	0.195112981977093	0.486090644478342	0.270902603602257	0.0128772031974267	1.90209796121517e-05	
5.11054584844545e-05	0.00050842028286081	0.00564583601154035	0.0474611651201558	0.246189218750329	0.488224143272309	0.205145213262551	0.00677120981899184	3.68802277722867e-06	
8.29760167600984e-05	0.000950788879945331	0.00905495602006857	0.0691232500384491	0.298639140474168	0.470580773981258	0.148088406982035	0.00347970760731521	
5.29023554773776e-07	0.000144423430453241	0.00181243469865496	0.0145195804843211	0.0979984393805134	0.348992606895822	0.4336390207774	0.101251934242372	0.00164103106690825	
2.12075471297971e-06	6.36226413893912e-06	0.000299026414530139	0.00304858489990833	0.0229836792019176	0.133069935597981	0.393264801144783	0.380812259658845	0.0657211281778847	0.000791571696619676	5.30188678244927e-07	
2.16971626461648e-05	2.91059498911967e-05	0.000551425450665944	0.0048495804509623	0.0349906437601077	0.17514531806982	0.422990948578783	0.320340084502511	0.0407261034859402	0.000355092588672599	
2.85823170731707e-05	7.7807418699187e-05	0.000922573678861789	0.00785060975609756	0.0511538787262873	0.220632198509485	0.438072175643631	0.256872459349594	0.0242621527777778	0.000127561822493225	
5.28702743227054e-07	6.60878429033817e-05	0.00013640530775258	0.00164267942320646	0.0124958893361714	0.0729593924571037	0.268211959044571	0.433619255776871	0.197184975113962	0.0136357724505689	4.70545441472078e-05	
8.44291979384501e-06	8.6012245399796e-05	0.000258564418686503	0.00278035902461058	0.0194055234636656	0.101700245741734	0.314650734877016	0.410059422324874	0.143961280769825	0.00707252837480654	1.688583958769e-05	
8.4662893523712e-06	0.000131756628046277	0.000469879059056601	0.00475011746976476	0.0299045214218286	0.135844258374218	0.352756412155898	0.37233047313858	0.100366272843107	0.00343678433397818	1.0582861690464e-06	
1.69007508686722e-05	0.00016002898478774	0.000801201220867991	0.00789740399185172	0.0433335252272755	0.174967664110252	0.380601212523245	0.324188090569011	0.0663924871937201	0.00163990098272585	1.58444539393802e-06	
2.27054193611751e-05	0.000272465032334101	0.00145261880610681	0.0123718133867984	0.0619472484463949	0.215318131967066	0.396625129830116	0.268939355937018	0.0423424389105412	0.000708092264263624	
4.74395554175709e-06	4.37498122184265e-05	0.000433281272813814	0.00268191619960667	0.0192567697563346	0.0858091949454735	0.257147164353286	0.396510346303483	0.212453304982049	0.0253564423706916	0.000303086048501147	
4.74561650040311e-06	7.64571547287168e-05	0.000820991654569739	0.00466230456628493	0.0288417479265611	0.11542657555786	0.298011006666537	0.377362987460499	0.159845546001634	0.0148200330400367	0.000127604354788617	
1.41720752379728e-05	0.000148544344160974	0.00136524324792471	0.00778309376402445	0.0424348675042188	0.148968456634762	0.332223362403584	0.343428225000066	0.115535481365033	0.0080586618936517	3.98917673365159e-05	
2.72440448185494e-05	0.000302828036636953	0.00233198545168007	0.0126202798382542	0.0592683716548766	0.187085903616857	0.354314042104623	0.299618478587753	0.0803133484293284	0.00410546798457987	1.20502505928199e-05	
4.29770518266557e-05	0.000670861296806333	0.00372904541154458	0.0195498415876352	0.0811668793681325	0.226518937418599	0.361284489739229	0.252119109326806	0.0528628219675628	0.00205084394875249	4.19288310503958e-06	
9.94211075197416e-06	9.62814935980656e-05	0.0010486310498398	0.00587264784049505	0.0294678929998645	0.107807016304538	0.263404189186856	0.356983521736332	0.201498851686208	0.0329355965763557	0.000868626518330374	6.80249683029811e-06	
1.09639963244508e-05	0.000172813465875867	0.00190355859994988	0.00950630690836187	0.0422552418344332	0.138986926739621	0.296190794419848	0.337489558098739	0.153460446078022	0.0196349511319021	0.000386872441734191	1.56628518920725e-06	
2.62271142201315e-06	2.09816913761052e-05	0.000414912946962481	0.00306122877177375	0.014957323239741	0.0591615506309195	0.173293559040381	0.3198868667201	0.305587319505	0.112546841625997	0.0108737615556665	0.000193031560660168	
6.29431591801024e-06	8.2350633260634e-05	0.000827702543218347	0.00492163052155751	0.0227146125691195	0.0808557332301066	0.208299894780019	0.332044047622794	0.265705105004925	0.0785903040259494	0.00586944959354455	8.28751595871348e-05	
3.13162207584789e-06	1.93116694677286e-05	0.000194160568702569	0.00150683215549547	0.00788542438698498	0.0331184692631293	0.106275770639999	0.242951762581292	0.332671169243296	0.220267336137875	0.0521582095472718	0.00291345240456382	3.49697798469681e-05	
1.62265519780952e-05	5.60077761824576e-05	0.000381585690065529	0.00245544372029821	0.0118621329331482	0.0462990637279509	0.13659877861173	0.271509472380576	0.320305331364512	0.175799511005005	0.0332801346699127	0.00142060845382421	1.57031148175115e-05	
2.8297363366967e-05	9.2228443566411e-05	0.000652411433182851	0.0042639934392039	0.0174909147122708	0.0632367467464582	0.168607219495835	0.29458550912983	0.297877959760101	0.132368777527701	0.0202205622266881	0.000571711545062241	3.66817673275498e-06	
5.23915155084125e-07	4.6104533647403e-05	0.000163985443541331	0.00122858103867227	0.00671240096693781	0.0252857171298251	0.0845981518368989	0.200245611424703	0.308509534731907	0.264291095642807	0.0965910936519296	0.0120762443246891	0.000250955359285296	
1.14993596947443e-05	3.13618900765753e-06	0.000102448840916813	0.000402477589316049	0.00231450748765126	0.0100243054648093	0.0363562710712699	0.110503096986645	0.229671484201448	0.3112082168152	0.225161121710268	0.0677390690745629	0.00640148446279696	0.000100880746412984	
9.9294797893278e-06	1.25425007865193e-05	0.000172981990014079	0.000716490357429916	0.00380351336351198	0.0148262811380647	0.0510275966373555	0.138746711513075	0.257692995117832	0.301173141906899	0.183441390461637	0.0451378473096858	0.00320042811736018	3.81501065589963e-05	
3.50338887511935e-05	4.1831508956649e-05	0.000232164874709402	0.00127376944772996	0.00597667684218122	0.0216844084554029	0.068344842227235	0.168930274195083	0.27996730867575	0.279911359032521	0.14395058862162	0.0281180945329355	0.00151691509354048	1.67326035826596e-05	
5.120769160429e-05	4.70274718814908e-05	0.000403391203250121	0.00214915546498413	0.00928792569659443	0.0315387127535891	0.0896698932737652	0.199377147261303	0.290985617431516	0.251524865775757	0.107482854567543	0.01674073493488	0.000731538451489856	9.92802184164805e-06	
1.04190109441291e-06	4.74064997957874e-05	8.85615930250973e-05	0.000748084985788469	0.00363467196785943	0.0140375334450251	0.0448496745100981	0.11550984388154	0.22769289756862	0.291459849299426	0.215336992489977	0.0765906704008402	0.00967821926600152	0.000322989339268002	1.56285164161936e-06	
7.83204339578605e-06	6.37006196190599e-05	0.000186924769046094	0.00124947198974107	0.00581764183438988	0.0203481708784785	0.0605740678954621	0.143755590120974	0.251001326748151	0.281898737944527	0.177469926258701	0.0522689690785705	0.00523754848687532	0.000120091332068719	
6.25845869808413e-06	7.82307337260516e-06	9.75276480451444e-05	0.000362469066264039	0.00212318211332504	0.00866066376169876	0.0294872496942482	0.0800389067515731	0.172691737009135	0.266660929746193	0.261839830395769	0.141164751317536	0.0342525444546144	0.00257014037201322	3.59861375139837e-05	
8.85298165818429e-06	3.64534538866412e-06	0.00016768588787855	0.000594191298352252	0.0034708895736352	0.0130310682372203	0.0413679002341874	0.102404001131099	0.198263565762291	0.274764784088796	0.23594758409942	0.10760122212808	0.0210940514733184	0.00125920644996998	2.13513087050327e-05	
5.21534416838469e-06	1.72106357556695e-05	0.00024877191683195	0.00105715026293158	0.00565030387202797	0.0194370661811529	0.0556670190500876	0.126622819529795	0.223956266209942	0.273854071540962	0.202753284493374	0.0778859498106569	0.0122607526054556	0.000579946271524377	4.17227533470775e-06	
1.1466682511537e-05	4.43030915218477e-05	0.000505055243349064	0.00184613588435746	0.00842696922029686	0.0277577110833826	0.0725627305715307	0.153441412028133	0.242725692978533	0.263100945375852	0.168347056867448	0.0537667530837558	0.00716511293118635	0.000298654958141397	
1.83240892665862e-05	0.000140833714648905	0.000768041112973769	0.00314807853599951	0.0127766021274791	0.0378963107849307	0.0930732848390674	0.179262471113382	0.257198487582026	0.242776382238408	0.133463242400477	0.0356707192571519	0.00367371812524672	0.000133504078942271	
5.23065077664703e-06	2.30148634172469e-05	0.000310700656132833	0.00124594101499732	0.00524215820835565	0.0185285342461168	0.0505605165372255	0.116047218130691	0.203882921297536	0.262011666443492	0.216785890633369	0.101070295761918	0.0224536145889127	0.00177999045929298	5.23065077664703e-05	
1.20396344766973e-05	3.87362152728521e-05	0.000480014991962235	0.00211007680763334	0.00797704303436478	0.0262013853955046	0.066563998247448	0.141247421293507	0.224577919205677	0.257785848404251	0.185287880746897	0.0735082500286596	0.0134074416457238	0.000787287402302292	1.46569463194576e-05	
2.09483309417322e-06	1.99009143946456e-05	0.00012830852701811	0.000942151184104406	0.00348213631078944	0.0117865784043656	0.0358588291977837	0.0858949650686582	0.166409351334932	0.240520880248866	0.242845621275125	0.153063693400228	0.0509782870549789	0.00767284991568297	0.000394352329978109	
5.76605137656614e-06	2.56851379501583e-05	0.000287778382339528	0.00157832551771279	0.00548456323209195	0.0170601734637929	0.0480112888802223	0.106928277659486	0.189961514227994	0.249915868068551	0.222885143401698	0.120309186158541	0.0334016872514701	0.00399220429853888	0.000152538268234613	
2.73382195143365e-05	7.57058386550858e-05	0.000492087951258058	0.00240208317232699	0.00806530049171994	0.0243814859268629	0.0628894710527685	0.129657814866629	0.212139326081345	0.250139976941263	0.195768464207173	0.0913117561178467	0.0206718998327637	0.0019157783059662	6.15109939072572e-05	
4.82895779018493e-05	0.00019578274518902	0.000861863988204746	0.00374349206082597	0.0116535348758354	0.0332463246119906	0.0798830342441343	0.154251608646564	0.230020055921431	0.241083618128117	0.165370283958465	0.0661976628894069	0.0124366658565915	0.000993610554002182	1.41719413407601e-05	
3.14133823102867e-06	0	2.61778185919056e-06	7.64392302883644e-05	0.000344500092669478	0.00147171696123693	0.00559995895318045	0.0169841687024284	0.0445070036135861	0.100451619726348	0.177296606202886	0.240959490349285	0.223321923294803	0.135231993063925	0.0458253185578744	0.00746957875701435	0.0004492113670371	4.71200734654301e-06	
9.42186395875317e-06	0	1.41327959381298e-05	0.000181632599649297	0.00059357742940145	0.00247899709492528	0.00829699808945536	0.0242853777905729	0.0595372817922479	0.1226674343741	0.199315867989217	0.243268863356801	0.199148368185506	0.105408149912324	0.0306111125651025	0.00402837027925358	0.000154413881546233	
1.41382500930768e-05	0	2.77528612938174e-05	0.000267055835091451	0.00102685586787125	0.00376443999700479	0.0128370074456214	0.0331505309960188	0.0766748720881096	0.146490074686615	0.21602722503329	0.236447570917724	0.172629080914253	0.0790328180202994	0.0195757163510957	0.00196364584626067	7.12148893577202e-05	
9.44052808216196e-06	4.72026404108098e-06	5.45452733636025e-05	0.000464683771155306	0.00176537875136429	0.00579019055705934	0.0184300087115095	0.044514187802523	0.0957620944965393	0.169751184392919	0.227903788431472	0.221805731764178	0.143617704766365	0.0576082002524817	0.0114744374100855	0.00102272387556755	2.09789512936933e-05	
1.31441349029884e-05	2.68140352020963e-05	0.000109359202392863	0.00066824781846793	0.00291221452910611	0.00910099900682917	0.0257861638526826	0.0577910808106671	0.117515926748262	0.190116241471428	0.231396711547753	0.202685189031062	0.115469122061169	0.0393724674538076	0.00657785087085151	0.000455312833039518	3.15459237671722e-06	
5.78414618114894e-06	2.05074273695281e-05	4.89023268042592e-05	0.000233469173130012	0.00116629420270803	0.00468936505849875	0.0137199947416853	0.0347711318522414	0.0752748784014723	0.137965558038649	0.206999342710661	0.228603128697253	0.177586959379519	0.0893771526225845	0.0256111476271855	0.00371026685947154	0.000215065071644538	1.05166294202708e-06	
4.19638890243973e-06	3.0948368155493e-05	6.34703821494009e-05	0.000427507119436047	0.00200534934675339	0.00712704200218107	0.0196338545772899	0.0451772738264405	0.0940720236718298	0.161964875175789	0.217797304974137	0.218636058206012	0.149527827566184	0.0655743466353616	0.0158597273081581	0.00199905476339973	9.91396878201386e-05	
3.13610212821117e-06	6.84715631326106e-05	0.000125444085128447	0.000935081117894965	0.00313296602608296	0.0106026386117939	0.0275323632672539	0.0590423494004557	0.113665408218574	0.181471072332628	0.223442572481854	0.202012018588723	0.120890987521972	0.0466589274635258	0.00931840479029146	0.00105373031507895	4.44281134829916e-05	
1.67291045642225e-05	8.52138763740084e-05	0.000196566978629614	0.00136917265167809	0.00527698692097694	0.0151774801158909	0.0374475777824945	0.0748444454667786	0.135235467374587	0.197585362869962	0.221980579600739	0.17923562630108	0.0940740283788348	0.031645715205815	0.00531305905269354	0.000501350352409043	1.46379664936947e-05	
4.17087447075513e-06	5.0571852957906e-05	0.000131382545828787	0.000314379663233168	0.00228720328790035	0.00757222260165594	0.0208309111848777	0.0486235332207545	0.0928389734852296	0.158188234693021	0.209432641159336	0.212719290242291	0.152414180347569	0.0710513679686225	0.0204930703527465	0.00284714318559922	0.000200201974596246	5.21359308844391e-07	
2.60098452466228e-05	0.000111842334560478	0.000291310266762175	0.000709028381422936	0.00364658030357651	0.0111701881396146	0.0284760987729075	0.0613702298594064	0.111878228146918	0.177857922780931	0.213402977294966	0.199138657964813	0.126230460754005	0.051284132069671	0.0128410605982577	0.0014617533028602	0.000103519184081559	
3.90333266542974e-05	0.000132713310624611	0.00037055638103813	0.00139895442729002	0.00563745325759133	0.0154400226913739	0.0379679770588128	0.0773203361029647	0.133258215864705	0.193160320281456	0.214040547819728	0.177769739803845	0.0997389971557716	0.0353043428479236	0.00765990002263933	0.000728622097546886	3.22675500342192e-05	
4.62544545898191e-05	0.000265053616188851	0.000564408288590377	0.00233974780408276	0.00806230734889735	0.0222951668252657	0.0505987353304517	0.0960393194046792	0.155791239614186	0.201092020898698	0.205193075968004	0.154172333703542	0.074932216435507	0.0238610620126716	0.00435467500009095	0.00037991018320402	1.24731113500636e-05	
