# <P(U)> as a function of N_tot.
# number_of_species: 1
# species_total_upper_bound: 103
# species_total_lower_bound: 0
# volume: 729
# Bin widths for each
10	10	10	10	10	10	10	10	10	10	10	10	10	10	10	10	10	10	10	10	10	10	10	10	10	10	10	10	10	10	10	10	10	10	10	10	10	10	10	10	10	10	10	10	10	10	10	10	10	10	10	10	10	10	10	10	10	10	10	10	10	10	10	10	10	10	10	10	10	10	10	10	10	10	10	10	10	10	10	10	10	10	10	10	10	10	10	10	10	10	10	10	10	10	10	10	10	10	10	10	10	10	10	10	
# Bin lower bound for each
0	0	0	0	-10	-10	-10	-10	-10	-10	-10	-10	-10	-20	-20	-20	-20	-30	-30	-30	-30	-30	-30	-30	-30	-30	-30	-40	-40	-40	-40	-50	-50	-50	-60	-60	-60	-60	-60	-60	-60	-70	-70	-70	-70	-70	-80	-80	-90	-90	-90	-90	-90	-100	-110	-110	-110	-120	-120	-120	-120	-120	-120	-130	-130	-130	-130	-140	-150	-150	-160	-160	-160	-160	-180	-180	-180	-180	-180	-180	-200	-200	-200	-200	-200	-210	-210	-220	-220	-220	-220	-250	-250	-250	-250	-250	-260	-260	-260	-260	-270	-270	-270	-270	
# Bin upper bound for each
0	0	0	0	0	0	0	0	0	0	0	0	0	0	0	0	0	0	0	0	0	0	0	0	0	0	0	0	0	0	0	0	0	0	0	0	0	0	-10	0	-10	-10	-10	-10	-10	-10	-10	-10	-10	-10	-10	-20	-20	-20	-20	-20	-20	-20	-30	-30	-30	-30	-30	-30	-30	-30	-30	-40	-40	-40	-40	-40	-50	-50	-50	-50	-50	-60	-60	-60	-60	-70	-70	-70	-70	-70	-70	-80	-80	-80	-80	-90	-90	-90	-90	-100	-100	-100	-100	-100	-100	-110	-110	-110	
# Normalized histogram for each
1	
1	
1	
1	
1.37453832693944e-06	0.999998625461673	
2.32816754041425e-05	0.999976718324596	
7.24642634964691e-05	0.999927535736504	
0.000444611648825199	0.999555388351175	
0.00133601448809154	0.998663985511908	
0.00341547554297567	0.996584524457024	
0.00733197891952968	0.99266802108047	
0.0157907848321481	0.984209215167852	
0.0309046740830561	0.969095325916944	
5.50473613735418e-06	0.0564125359356056	0.943581959328257	
4.00632169934352e-05	0.094712207952963	0.905247728830044	
6.25085949318031e-05	0.146964652084106	0.852972839320962	
0.000202815242260029	0.215887101367336	0.783910083390404	
1.38212033845363e-06	0.000446424869320522	0.30121377808123	0.698338414929111	
5.52362592900484e-06	0.000905874652356793	0.396846285775835	0.60224231594588	
8.28232799675333e-06	0.00178346129530088	0.495595181893727	0.502613074482976	
2.75359964313349e-05	0.00397895148432789	0.594057456610154	0.401936055909087	
3.31376829303653e-05	0.00752225402519292	0.684485074925682	0.307959533366195	
6.78505902308997e-05	0.0141613874753349	0.760789282376155	0.224981479558279	
0.000112234534150475	0.0255991730670373	0.816087781261821	0.158200811136991	
0.00026253791254724	0.0438465949523632	0.849685990838809	0.106204876296281	
0.000600661281013983	0.0708226706729206	0.860955217518272	0.067621450527793	
0.00120636985520782	0.107597628399169	0.849761088734896	0.0414349130107267	
2.78508863544582e-06	0.00247037361964044	0.158481291167091	0.815356978735848	0.0236885713887844	
3.63131027451309e-05	0.0047639997486016	0.222998763957849	0.758739935334744	0.0134609878560604	
9.53065718085964e-05	0.00847107235310524	0.296281501975509	0.687939654121238	0.00721246497833878	
0.000192523348725833	0.0151180013546898	0.378010460903707	0.602957833170789	0.00372118122208763	
1.41092279994808e-05	0.000458549909983125	0.0260216491994424	0.462548465198178	0.509159710817263	0.00179751564713385	
4.51475549071865e-05	0.000795725655239162	0.0404931241684737	0.540735086845554	0.417033608122045	0.000897307653780332	
3.37997701615629e-05	0.00172942157326664	0.0641125307014579	0.608226864057324	0.325494603303364	0.000402780594425291	
7.05307154212588e-06	9.31005443560616e-05	0.00342638215516475	0.0974748593264881	0.65573534618591	0.24308270008506	0.000180558631478423	
9.92447474717401e-06	0.000208413969690654	0.00647501088147767	0.139970538487822	0.678770272511899	0.174494950569027	7.08891053369572e-05	
1.27212436287771e-05	0.000340646634948366	0.0109374425777197	0.192954409889777	0.676590650168627	0.119148581298641	1.55481866573943e-05	
1.27153485559602e-05	0.000590557299599043	0.0184754014518102	0.255911930670268	0.64771420417459	0.0772937782386699	1.41281650621781e-06	
6.7801111090708e-05	0.00113143104132619	0.0296573360095939	0.326674228373917	0.594217412737851	0.0482517907262205	
8.9127316249183e-05	0.00214471446720256	0.0467097873110996	0.397903951876908	0.524012030772974	0.0291375588169551	2.82943861108517e-06	
0.000231665060645081	0.00395109735333328	0.071590188771493	0.461326147452679	0.44684352801726	0.0160573733445897	
8.5785732974749e-06	0.000408911993846303	0.00680852767376258	0.104468435854433	0.515962580263276	0.36393167452321	0.00841129111817414	
3.44843441077751e-05	0.000731355464619063	0.012039346636627	0.14428105889926	0.554899075819578	0.28377023081521	0.00424444802059865	
9.49764645442785e-05	0.00141025659474838	0.0204904527067573	0.193373520849493	0.57149785079773	0.210972947537016	0.00215999504971154	
0.000192615910936703	0.00247094590224024	0.0332204949078965	0.249594284769687	0.562582203152289	0.150828320288636	0.00111113506831396	
0.000401397842810303	0.00437221521254663	0.0513372015232976	0.313809668364815	0.527933117623955	0.101552215529061	0.000594183903514893	
7.17107018182966e-06	0.000689856951492013	0.00719114917833878	0.0749893151054291	0.372815333469106	0.478109591162947	0.0659681088166874	0.000229474245818549	
4.1590596509545e-05	0.000976661938724144	0.0124771789528635	0.10684050579902	0.425083145339057	0.414698403638173	0.039777820165129	0.000104693570524027	
4.30058201209897e-06	8.02775308925141e-05	0.00185211731987729	0.0196049198658218	0.14758880701855	0.464748129246825	0.342501218498237	0.0235729235356518	4.73064021330887e-05	
4.31078457716233e-06	0.000202606875126629	0.00335379040103229	0.0304571299658442	0.193052739575445	0.488821417127322	0.27140699697814	0.0126780174414344	2.29908510781991e-05	
9.16457719079934e-05	0.000422429729888407	0.00566771820643497	0.0462367238927687	0.243694699294471	0.492099132085901	0.204904194369226	0.00687916075384375	4.29589555818719e-06	
9.02691309661806e-05	0.000783765311722235	0.00826464043512587	0.0677706247053716	0.296740424666112	0.473683682636661	0.149004245514842	0.00366234759919933	
0.000203264834038557	0.0016475903097069	0.0132007626725604	0.0964233977864173	0.348607779031085	0.435764018116336	0.10239967019565	0.00175351705420586	
5.75349165024524e-06	0.000332264142801663	0.00287530745221006	0.0211498353063015	0.131540641226644	0.392396760784201	0.384642492412583	0.0662370726234484	0.000819872560159947	
2.01418562159207e-05	2.87740803084581e-05	0.000582675126246277	0.00454630468873639	0.0332901722128706	0.173454472211432	0.422130145165235	0.324575941991454	0.0410246449997842	0.000346727667716921	
1.44197978055952e-05	0.000124010261128118	0.000919983099996972	0.00776650309809356	0.0498146334992091	0.21885359723486	0.436314242001699	0.261575132193496	0.0245021204312673	0.000115358382444761	
4.89401577024611e-05	0.000177048217570668	0.00159919162374807	0.0126668643465193	0.0716196025483428	0.266528098847603	0.433683207480359	0.199870164640448	0.0137680178948247	3.88642428813662e-05	
4.29241044601006e-06	7.86941915101845e-05	0.00025182141283259	0.0027714663446405	0.019215690763305	0.100436681222707	0.311956652377709	0.412700956349047	0.145419711893411	0.00714543258912475	1.86004452660436e-05	
1.43315958661945e-05	0.000141882799075325	0.000365455694587959	0.00509774864960538	0.0297724572524324	0.13525873546597	0.350330128310778	0.374008791000904	0.101439035540925	0.00357143368985567	
1.14108845575073e-05	0.000178295071211051	0.00085296362067367	0.00799760371424292	0.0431844926078864	0.174292703452506	0.378272249441936	0.326532446137059	0.067036094054216	0.00164174101571136	
1.56866100522649e-05	0.000355087809364906	0.00147311528945361	0.0126148865929396	0.061253360143176	0.2153315222429	0.393618401819647	0.271897438091367	0.0428073327771717	0.000633168623927785	
4.97837960855712e-05	0.000547621756941284	0.00284336595357305	0.0193047337278106	0.0849240441511152	0.256639736003641	0.395755575785162	0.213716147018662	0.025944469731452	0.000274522075557579	
7.99842316800402e-05	0.000975521968526205	0.00505471778420826	0.0288528832887231	0.114417443418298	0.297644178719053	0.376222973185286	0.160678323416241	0.0159425713216537	0.000131402666331495	
1.1381824648764e-05	0.00017072736973146	0.00148390538858261	0.00826035923884048	0.0411040369909301	0.148845811844211	0.331302151876223	0.343199004090343	0.117013693757781	0.00856482304819491	4.41045705139605e-05	
1.84969650748843e-05	0.000327253997478721	0.00262656904063356	0.0130873142122143	0.0572495297502341	0.187700087362589	0.35270155289136	0.300348027512101	0.0815673474498377	0.00436101522727079	1.28055912056891e-05	
4.43794182574064e-05	0.000765902863474594	0.00396265257214519	0.0202971416791454	0.077966048313439	0.226953481780101	0.360859071009932	0.253216076229525	0.053879476952766	0.00205147439880204	4.29478241200707e-06	
9.01297868931261e-05	0.00123320438574404	0.00630622381944286	0.0299173667223659	0.104901057522833	0.26158668482615	0.359260191819077	0.202224059788953	0.0336556069311237	0.00082404376588001	1.43063153798613e-06	
4.30666930809051e-06	0.000215333465404525	0.00231411697488063	0.0100244905927987	0.0416655899993396	0.135151896226496	0.295460483437985	0.340116337493576	0.154567797023804	0.0201221945638349	0.000357453552571512	
1.44821543652834e-06	3.04125241670951e-05	0.000447498569887256	0.00351916351076386	0.0152656389164452	0.059130636273452	0.169351416716751	0.319658800443154	0.308323618221447	0.113147623840523	0.0109731283625752	0.000150614405398947	
1.45383492576719e-05	0.000126483638541745	0.00085340110142534	0.0058487779063614	0.0234169191493321	0.0818538139905443	0.202683488505981	0.332036997191191	0.268577102681453	0.0785390703597951	0.00601160741804733	3.77997080699469e-05	
8.63698327448189e-06	1.00764804868955e-05	0.000305173409031693	0.00183247995140257	0.00875646154311222	0.0346386214223096	0.108251629870719	0.238068367480606	0.329819040805427	0.223742491222666	0.0516405229981272	0.00291498185513764	1.15159776993092e-05	
3.74816376015788e-05	5.47808549561537e-05	0.000517534919191031	0.00279814840710248	0.0130796499215048	0.0484133013682239	0.13626449350054	0.268071555329384	0.318249376867775	0.178119949889934	0.0330746619805009	0.0013161821203939	2.88320289242914e-06	
4.61283203381206e-05	0.000110996270813603	0.000762558795589556	0.00496600198640079	0.0190884755599185	0.065812139532403	0.166725047822095	0.291963437540092	0.296648345074432	0.133713027070116	0.0196578720140922	0.00050597001370876	
4.4629553114207e-05	0.00023178574359314	0.00142814569965462	0.00799300899645411	0.0269173791798816	0.085731931869388	0.197428186010219	0.306433709997164	0.263546149117415	0.0981403872981413	0.0119045733774638	0.00020011315751209	
3.16820276497696e-05	0	0.000110887096774194	0.00053139400921659	0.00244095622119816	0.011732430875576	0.0390625	0.110318260368664	0.22773185483871	0.309788306451613	0.224225230414747	0.067669930875576	0.0062485599078341	0.000108006912442396	
1.58197810542302e-05	5.75264765608371e-06	0.000317833782998625	0.00086721163415462	0.00410595226452975	0.0172392468633689	0.0535715312972796	0.138090868822376	0.255230594881294	0.300501055610845	0.18184263057072	0.0452230013863881	0.00293816479034476	5.03356669907325e-05	
2.31290078233869e-05	3.90302007019654e-05	0.000424995518754734	0.0012749865562642	0.00628241675002747	0.0244256778244855	0.0705492561132859	0.167905032293877	0.27664750813852	0.279690418230284	0.143200360812522	0.0282911132569691	0.00124173860751808	4.33668896688504e-06	
4.468951598371e-05	7.35214617796519e-05	0.000596821277975997	0.00252712004901431	0.0100291923451184	0.035033697336649	0.0934558691029661	0.197128338198724	0.287140231376365	0.250608714455617	0.105940101632609	0.0167787508559484	0.000642952391249504	
6.89332295505266e-05	0.000134994241203115	0.00102538178956408	0.00409721883140943	0.0155832182052659	0.0492714619301879	0.118170224865939	0.224680681175197	0.28677659601968	0.213786358688316	0.0763263184198206	0.00983160186464386	0.00024701073922272	
5.18327931684379e-05	0.000253404766601252	0.00151898879979728	0.0065741259335302	0.022986403970392	0.0663358966569288	0.144895693702748	0.245508904441926	0.278467361898002	0.175312904493759	0.0526347616627384	0.00537045329217426	8.92675882345319e-05	
1.72375157292331e-05	4.30937893230828e-06	0.000104861554019501	0.00034905969351697	0.00262153885048753	0.00989002464964749	0.033508294117985	0.0856417239814065	0.17261648251254	0.260793557765788	0.259744942225593	0.138219019874856	0.0337840943696528	0.00269336183269267	1.14916771528221e-05	
2.44443933189159e-05	4.31371646804399e-06	0.000109280817190448	0.00060967192748355	0.0044158077577877	0.0146551327474348	0.0455643491464593	0.10883506648875	0.197474750379607	0.26720166336907	0.233517289375604	0.105181348640317	0.0209977338609488	0.00140914737956104	
1.43265654638082e-05	1.28939089174274e-05	0.000161890189741033	0.00124641119535132	0.00671056326324778	0.021529962579011	0.0612761531452542	0.131479189231007	0.220825382089501	0.267663222560329	0.199960172148011	0.0757431189506077	0.0127477779496966	0.000628936223861181	
3.14567926654198e-05	1.42985421206454e-05	0.000441824951527942	0.00218338738182255	0.00968583243252518	0.0309606332538334	0.078519014201312	0.156333110276076	0.23773471056891	0.257240781729895	0.167002682406502	0.0519609020664253	0.00749672563385437	0.000394639762529812	
4.89015137895077e-05	0.000109309266117723	0.00072057818848657	0.00408183812160656	0.0145467620725612	0.040480385458991	0.0988112617309698	0.180961490057891	0.248760562367409	0.239358527201467	0.133065333860703	0.0348552730933803	0.00402430692891302	0.000175470137715293	
1.44057968926696e-05	4.89797094350767e-05	0.000328452169152867	0.00154430142689418	0.00604467237616417	0.0203510692702744	0.0540404658834715	0.122460798225206	0.204609855005654	0.254933625290817	0.211380579545209	0.100391117385636	0.0218175793939481	0.00198944055087767	4.46579703672758e-05	
3.30856703084879e-05	4.17167147367891e-05	0.000573964454482029	0.00280940496141204	0.0087677026317493	0.0288291268979307	0.0703573971647019	0.147615314349831	0.223393007415506	0.249048786978631	0.181208777772184	0.0731365934706149	0.0133551027453914	0.00081707220587918	1.29465666424518e-05	
5.73863391819577e-06	5.45170222228599e-05	0.000127684604679856	0.000883749623402149	0.00435418848543104	0.0127182474212014	0.0384890176893391	0.0915383842876203	0.170592370486206	0.239861985854267	0.23282498601208	0.150007890621638	0.0505430182345093	0.00759077801529346	0.0004074430081919	
1.57458223470437e-05	4.58060286459452e-05	0.000260521787923813	0.00164329127767328	0.00654167346599904	0.0183925519397422	0.0512454945476512	0.113550282136508	0.192295139694073	0.246442159868766	0.213672240687778	0.11849733323027	0.0335271500920415	0.00374893715699157	0.000121672263590792	
5.85668268921728e-05	0.000105705980244409	0.000545671411531951	0.0027212147616973	0.00867217575761904	0.0260950925284442	0.0659691024276664	0.136780681517881	0.214791694938255	0.244440793937619	0.187328138503403	0.0902586225368007	0.0202726928598467	0.0018969938076294	6.28522044696488e-05	
8.95214439382615e-05	0.000204620443287455	0.000980472957419054	0.00410235569285335	0.0127603581994538	0.0356508493169372	0.082412304509323	0.159322592654694	0.230773493695133	0.234945477177716	0.159980504218876	0.0654685950248813	0.0123440124363758	0.000962000278511159	2.84195060121465e-06	
8.53743737433959e-06	0	0	0.000147982247821886	0.00035145783857698	0.00176155791157207	0.00607580959807168	0.0182630014499414	0.0476986626104353	0.104183771185295	0.178533467465961	0.23955906981774	0.219086294994074	0.13132570750455	0.0452327661154802	0.00730093186128941	0.000470981961817734	
2.56134783815128e-05	0	0	0.000213445653179273	0.00060191674196555	0.00274491109988545	0.00925215757981089	0.0263164260659832	0.0624584670333189	0.126233182261243	0.199568839780578	0.239625474027221	0.195408072514603	0.103674822662236	0.0299720386194335	0.00374952864084923	0.000155103841310272	
3.85095382421109e-05	0	0	0.000302371189160278	0.000954180780887859	0.00431306828311642	0.014201461936174	0.0361362096630415	0.0803037974683544	0.150995899447317	0.214730611517204	0.231030130147976	0.167801747192013	0.0778349081832769	0.019410233553218	0.0018669994651453	7.98716348725263e-05	
2.56474192284401e-05	0	3.13468457236491e-05	0.000642610337334806	0.00166565739322481	0.00655434046949026	0.0205891782139422	0.0472012253766965	0.100385423716739	0.17351334022014	0.224795354967406	0.215824457663948	0.138923520820717	0.0576496989990382	0.0111352545150144	0.0010244719125138	3.84711288426602e-05	
3.58177478373244e-05	2.00579387889017e-05	0.000110318663338959	0.000696297017957586	0.00265910959944296	0.0101636441263192	0.0285954571634063	0.0594990099974498	0.123402170268977	0.191063328643596	0.229031574061074	0.197663823215058	0.110596609062177	0.0394568310175965	0.0065259936559605	0.000479957821020147	
1.56824726982407e-05	4.70474180947221e-05	3.42163040688888e-05	0.000226683014456388	0.00118759088705768	0.00476319466225657	0.015040916996949	0.036058281771264	0.0785078840067292	0.142634940549172	0.204987026318041	0.225866100196744	0.1736591485843	0.0875623734709589	0.0256707821276838	0.00351144820506972	0.000226683014456388	
1.1381241721925e-05	5.83288638248655e-05	1.56492073676468e-05	0.000542031637006676	0.00211975627070853	0.00744617739656941	0.0210368026677631	0.0468167378231383	0.0978672975668328	0.164500199883058	0.216198067749687	0.216360250444224	0.144200332616789	0.0648986856088466	0.0159892219640893	0.00181104008900131	0.000128038969371656	
8.50715096931896e-06	0.000126189406044898	0.000116264396580692	0.00123070117356148	0.00336032463288099	0.0110181783637629	0.0289838633524697	0.0622298093405682	0.117139215272037	0.181071872664964	0.223047573406079	0.199129718455839	0.115755385381028	0.0462789012730951	0.00947980189681109	0.000957054484048383	6.66393492596652e-05	
4.52393373002577e-05	0.000142786658353938	0.000241747708698252	0.00148300202587407	0.00593059437420566	0.0157475305683616	0.0392847095281113	0.0786443467086261	0.138794286837191	0.196740223001658	0.220376363011752	0.174850038665496	0.090973479852237	0.0308913987296229	0.00533682807213978	0.000501873898174734	1.55510221969636e-05	
1.1296531117707e-05	0.000136970439802198	0.000252759883758695	0.000427856116083154	0.00237650773388762	0.00750230872854718	0.020435424791932	0.051300371938287	0.0983377154460294	0.160976980493715	0.209735632930518	0.208867212100844	0.148375700031913	0.0676732817270137	0.0203987110657995	0.0029130929619787	0.000276765012383822	1.41206638971338e-06	
7.04547856413147e-05	0.000302955578257653	0.000426956000986367	0.000837002853418818	0.00385951315743122	0.0106724909289463	0.0281297777151513	0.0643576284919153	0.11896290555536	0.178897382604713	0.21114312889703	0.194755345756861	0.123965195335893	0.0489956670306831	0.012873498432381	0.00156127804981153	0.000188818825518723	
0.000105558128046232	0.00034623065999164	0.000570013891449651	0.00152003704386574	0.00548339289157491	0.0150033285996377	0.0378827009932316	0.0793079327636948	0.14002356057418	0.190926504801487	0.212579995468038	0.174144169883844	0.0995314626556455	0.0339066781701569	0.00767900195493653	0.00092046687656314	6.89646436568713e-05	
0.000125404217245193	0.000649565664607125	0.000846830725442261	0.00209946386174537	0.00759188676985508	0.0209270048823103	0.0497248856919424	0.0999499792167168	0.164192164349976	0.196814169267513	0.201913471090101	0.152084316723146	0.0745126496220261	0.0235464030829711	0.00449764338704109	0.000505843977427241	1.83174699346912e-05	
