# <P(U)> as a function of N_tot.
# number_of_species: 1
# species_total_upper_bound: 103
# species_total_lower_bound: 0
# volume: 729
# Bin widths for each
10	10	10	10	10	10	10	10	10	10	10	10	10	10	10	10	10	10	10	10	10	10	10	10	10	10	10	10	10	10	10	10	10	10	10	10	10	10	10	10	10	10	10	10	10	10	10	10	10	10	10	10	10	10	10	10	10	10	10	10	10	10	10	10	10	10	10	10	10	10	10	10	10	10	10	10	10	10	10	10	10	10	10	10	10	10	10	10	10	10	10	10	10	10	10	10	10	10	10	10	10	10	10	10	
# Bin lower bound for each
0	0	0	0	-10	-10	-10	-10	-10	-10	-10	-10	-10	-20	-20	-20	-20	-30	-30	-30	-30	-30	-30	-30	-30	-30	-30	-40	-40	-40	-40	-50	-50	-50	-60	-60	-60	-60	-70	-70	-70	-70	-70	-70	-80	-80	-80	-80	-90	-90	-90	-90	-90	-110	-110	-110	-120	-120	-120	-120	-120	-130	-130	-130	-130	-130	-140	-140	-150	-150	-160	-160	-160	-170	-180	-180	-180	-180	-190	-190	-200	-200	-200	-200	-200	-210	-210	-220	-220	-220	-220	-250	-250	-250	-250	-250	-260	-260	-260	-260	-270	-270	-270	-270	
# Bin upper bound for each
0	0	0	0	0	0	0	0	0	0	0	0	0	0	0	0	0	0	0	0	0	0	0	0	0	0	0	0	0	0	0	0	0	0	0	0	0	0	-10	0	-10	-10	-10	-10	-10	-10	-10	-10	-10	-10	-10	-20	-20	-10	-20	-20	-20	-20	-20	-20	-30	-30	-30	-30	-30	-30	-30	-30	-40	-40	-40	-40	-40	-50	-50	-50	-50	-50	-50	-60	-60	-60	-60	-70	-70	-70	-70	-80	-80	-80	-80	-80	-90	-90	-90	-90	-90	-100	-100	-100	-100	-110	-110	-110	
# Normalized histogram for each
1	
1	
1	
1	
2.29919413245657e-06	0.999997700805868	
2.75677808453315e-05	0.999972432219155	
0.000121512254396222	0.999878487745604	
0.000515253273635023	0.999484746726365	
0.00150802503172527	0.998491974968275	
0.00365214587238662	0.996347854127613	
0.00777750628817823	0.992222493711822	
0.0164160141653157	0.983583985834684	
0.0316807400968583	0.968319259903142	
5.74574283548962e-06	0.0564519233586855	0.943542330898479	
3.16388158799244e-05	0.0942526077574925	0.905715753426628	
8.7188186751322e-05	0.146768320778619	0.853144491034629	
0.000223239717237403	0.214871697888418	0.784905062394344	
5.77752151260135e-07	0.000496866850083716	0.299382498500733	0.700120056897032	
2.30877698888151e-06	0.00107415849407712	0.395141986898845	0.603781545830089	
3.46491942329881e-06	0.00212399560648217	0.495570678003883	0.502301861470211	
1.32548492577861e-05	0.00426460367424421	0.59466037042117	0.401061771055328	
2.42238421436024e-05	0.00802674312172654	0.684484456079579	0.307464576956551	
6.3509915918645e-05	0.014668481125719	0.760194640571405	0.225073368386958	
0.000104792975975776	0.026192454326763	0.815653523157221	0.15804922954004	
0.000232564059249454	0.044222460828576	0.848846088874182	0.106698886237993	
0.000552186229146866	0.0712725403692123	0.860175912409604	0.0679993609920367	
0.00122914237488611	0.107683761708566	0.849888815325702	0.0411982805908456	
1.74054708876094e-06	0.00246577504241133	0.158218631280184	0.815823429620398	0.0234904235099176	
2.56000297891256e-05	0.00458589624540654	0.222401422430746	0.76011957541187	0.0128675058821887	
6.81609250311385e-05	0.00862672630650512	0.296922388591842	0.687479828444195	0.00690289573242701	
0.000193225131139918	0.0152292831522236	0.380041240761423	0.600952273974612	0.00358397698060124	
5.83816149288795e-06	0.000465885287132459	0.0258484600097614	0.464121578545457	0.507864587347069	0.00169365064908679	
1.86551284697082e-05	0.000850557263665756	0.0414400360043979	0.543201196726491	0.413723528664188	0.000766026212787391	
1.80903478657183e-05	0.00167715031503465	0.0644203123094313	0.610010031389671	0.323533616826591	0.000340798811405789	
2.92477365176709e-06	5.44007899228679e-05	0.00333716673666625	0.0975657693851073	0.657636525509291	0.241253464394391	0.000149748410970475	
4.10636903703886e-06	0.000136683426518579	0.00623346819822499	0.139908099460951	0.68082132073734	0.172837072768966	5.92490389629893e-05	
5.26514078986472e-06	0.000307718228385427	0.0108262994952485	0.192686602439749	0.677864646100637	0.118284312922528	2.5155672662687e-05	
1.69977814964495e-05	0.00066408573915439	0.018311885845244	0.256670017378766	0.647400951289633	0.0769331313137234	2.93065198214647e-06	
2.34165714392761e-06	6.26393286000637e-05	0.00123463872913583	0.0300463882280212	0.327226096363875	0.593522859257039	0.0479050364361852	
4.68143425101148e-06	0.000104747091366382	0.00237173162741869	0.0468915861752565	0.397952925837889	0.524170830217254	0.028502327258002	1.17035856275287e-06	
1.58430435542871e-05	0.000201265331078536	0.00434686172778365	0.0716346148204044	0.462362209529532	0.445585599964324	0.0158536055833233	
1.99776954905641e-05	0.000351959988201408	0.00722311207839718	0.104721904602979	0.517023934454356	0.362091030132241	0.00856808104833545	
3.58803267580184e-05	0.000707607099834362	0.0125404683029664	0.14515768521307	0.555286289715404	0.281914080146062	0.00435798919590423	
0.000118459251785434	0.0013979370409704	0.0211169823419099	0.195344020990272	0.570274625085308	0.209614530058593	0.00213344523116056	
5.88862259228944e-07	0.000197857719100925	0.00254270723535058	0.0333667021946896	0.25191704108492	0.560925455926604	0.150010305089536	0.00103934188753909	
6.48339102569014e-06	0.000378983675410797	0.00444701684443928	0.0514604427684551	0.314441517750051	0.527274152547118	0.101484519725128	0.000506883298372138	
1.06166629704951e-05	0.000670619210969608	0.00723643544361136	0.0760849049926627	0.373192218221968	0.47609717313654	0.0665175222124182	0.00019051011885944	
5.61308806698837e-05	0.00104226182633342	0.0122643020006818	0.107713978302756	0.425159515100093	0.413200092409155	0.0404786368822427	8.50825980680342e-05	
1.76851755784231e-06	0.000113185123701908	0.00184456381282953	0.0193929740334462	0.147637024740382	0.463932263419511	0.343180242593448	0.0238602493845559	3.77283745673027e-05	
6.48810612182304e-06	0.000248907343946302	0.00336909656071393	0.0306663284987112	0.194551170513327	0.486786676968993	0.271423431500345	0.0129313853286226	1.65151792191859e-05	
5.5907050702987e-05	0.000496690008350748	0.00555362986825356	0.0468760022810077	0.245535527753731	0.488954238019266	0.205632605933562	0.00689127961823135	4.11946689390431e-06	
9.02989426170876e-05	0.000911842263682356	0.00890359377987833	0.0688331724084204	0.298288687490114	0.470904264234773	0.148467396770013	0.0036007441105023	
0.000148906864074624	0.00177683706457299	0.0142714229409933	0.0976149493037127	0.348804283790483	0.434143871212108	0.101528481687706	0.00171124713634964	
2.36771712409975e-06	4.7354342481995e-06	0.000265776247180197	0.00300996039401181	0.0226253129086162	0.13267562097821	0.392921472885791	0.38169375828331	0.0659947874707513	0.00080561575147494	5.91929281024937e-07	
2.42601684129057e-05	2.78104369611358e-05	0.000489937059655754	0.00475854327747775	0.0346387868022317	0.174285049878315	0.422916273425116	0.32167977406091	0.0408221711903991	0.00035739370052183	
3.19347112569857e-05	7.21487920991159e-05	0.000899494367071764	0.00769094296105739	0.050640764067536	0.219584257370117	0.438414500724445	0.258303320618587	0.0242366716934268	0.000125964694402555	
5.9073828698893e-07	7.38422858736163e-05	0.000141777188877343	0.00158967673028721	0.0123198469751541	0.0723654401561439	0.267524103598955	0.433949847500911	0.19833506321195	0.0136490081208792	5.0803492681048e-05	
9.43604865462587e-06	8.13859196461482e-05	0.000247106524143015	0.00276830077405087	0.0192188720973093	0.101430446000737	0.313896056026539	0.410470475488389	0.144762550681902	0.00709708809436049	1.82823442683376e-05	
9.46096730112308e-06	0.000130088300390442	0.000468909191861912	0.00472989234010522	0.02954778350232	0.135557922111404	0.352252508486783	0.372731363520521	0.101110540168015	0.00346034879038576	1.18262091264038e-06	
1.88759935703647e-05	0.000150418073763844	0.000811667723525682	0.00780050434295321	0.0428308091607556	0.17492383241657	0.380120039521612	0.324749082007344	0.0669395820737049	0.00165341906180413	1.76962439722169e-06	
2.24061491907547e-05	0.000265925612763958	0.00144991370684384	0.0122431916262324	0.0615561778175585	0.215247620378511	0.396100622478203	0.269808952200018	0.0425846554435445	0.000720534587134271	
5.29733032209534e-06	3.94356812867098e-05	0.000414957541897468	0.00268456928878632	0.0188555529853694	0.0854329890657216	0.257100629852575	0.396008402743075	0.213504189893989	0.0256555593421657	0.000298416274811371	
5.29878057396391e-06	6.00528465049243e-05	0.000785397031740873	0.00469825210891467	0.0285427646917523	0.114881684117317	0.297983990617626	0.376884010870743	0.160858025650808	0.0151686425230674	0.000131880760951991	
1.58260401664899e-05	0.000124849872424532	0.00132645662580618	0.00778113641519089	0.0418159150176812	0.148655753732747	0.332968162110232	0.342627321958513	0.116340738161682	0.00830515418959244	3.8685875962531e-05	
2.86227325246535e-05	0.000258188730120344	0.0023003330751446	0.0125624588913306	0.0587391043771752	0.187057734972189	0.354576658103212	0.299248916133057	0.0809462558545171	0.00426829197056415	1.34351601646333e-05	
4.32736391025281e-05	0.000618696083384794	0.00371042216358839	0.0193912685491869	0.0801819598046371	0.226605919833829	0.361656514904845	0.252356074215461	0.0533312515204252	0.0020999410542862	4.67823125432736e-06	
1.11014314419416e-05	9.23171667277245e-05	0.00103535455342739	0.00588609580769049	0.0291973489781717	0.106882244779552	0.263580118154288	0.357526858160516	0.201669772146041	0.0332347643078462	0.000876428798048018	7.59571624974949e-06	
1.22506697032771e-05	0.000181426584653294	0.00187201900370554	0.00945926710660183	0.0416534437215901	0.137994460363833	0.296861728441155	0.338121984001792	0.15371381968881	0.0197340787963075	0.000393771526176764	1.75009567189673e-06	
2.93333755733942e-06	2.28800329472474e-05	0.000404800582912839	0.00308880444787841	0.0149371415094838	0.0585752310149993	0.172234434684253	0.320608515009595	0.306388281199125	0.112623735511512	0.0109108423782797	0.00020240029145642	
7.04380365397315e-06	8.92215129503265e-05	0.00079829774745029	0.00499992662704527	0.0227297674077335	0.0800457847237508	0.206819575904322	0.333042189448969	0.266515811871744	0.0789041015481693	0.0059707975640179	7.74818401937046e-05	
3.50619866706014e-06	2.16215584468709e-05	0.000213293752246159	0.0014807845703884	0.00802276691667811	0.0333036280390707	0.105718902209197	0.241908423934481	0.333069589278044	0.220970574227687	0.0522996280507581	0.00295747857566523	2.98026886700112e-05	
1.81589198371555e-05	6.2677562018569e-05	0.000413554755001025	0.00246258383856134	0.0121155141610286	0.0463444922824591	0.13610871921038	0.270318952640366	0.320661921916645	0.176640599830126	0.0333936678089213	0.00144568432768064	1.34727469759541e-05	
3.16732261527001e-05	8.91542662076004e-05	0.000700916763934753	0.00429465484981612	0.0178466898545964	0.0634150776287311	0.16809215735728	0.293271785607451	0.298446838836068	0.132930770539207	0.0202943263867301	0.000581848895249603	4.10578857535002e-06	
5.86445944051884e-07	5.16072430765658e-05	0.000157753958949957	0.00124912986083051	0.00681215608610668	0.0257619838762552	0.0846358786455679	0.19895002718177	0.308074715559056	0.264864205509425	0.0969424467814967	0.0122426455280271	0.000256863323494725	
1.28614882027999e-05	3.50767860076362e-06	0.000112830328324563	0.000389352324684762	0.00234839082321124	0.0101354373169065	0.0368382252783197	0.110480183662052	0.227968709168429	0.311211768495551	0.225894501889177	0.0679413960443908	0.00655000517382594	0.000112830328324563	
1.11155573340447e-05	1.34556746675278e-05	0.000186624357345277	0.000706130405378526	0.00381614634157757	0.0151575249983034	0.051490186717962	0.138611584984871	0.256074359568389	0.300957224995261	0.184148513206452	0.045494221080245	0.00329020497087724	4.27071413360666e-05	
3.92837919764907e-05	2.57983111487402e-05	0.000246842931673173	0.00124066423615305	0.00596820475415968	0.0222311083071735	0.0687448769830986	0.168664667688436	0.278166772009771	0.280281647198714	0.144485200564279	0.0283359268453708	0.00155024396993793	1.87624081081747e-05	
5.73748657106141e-05	4.03965891227793e-05	0.000420358710002254	0.00217673215012309	0.00939835427808661	0.0323412750685717	0.0901745542470573	0.198774051338796	0.289578558193043	0.251831165675779	0.107625295290285	0.0168038101594494	0.000766949735519433	1.11236984540986e-05	
1.16664333379999e-06	5.30822716878996e-05	8.51649633673993e-05	0.000754234915301694	0.00365392692146157	0.0143129637407252	0.045951747631714	0.115968430631387	0.226902795277428	0.290225278827757	0.215133114004387	0.0767563815390359	0.00985930281394372	0.000340659853469597	1.74996500069999e-06	
8.75643451996642e-06	7.06352384610625e-05	0.000172209878892673	0.00127493686610711	0.00592693864541461	0.020783689214291	0.0619278399744079	0.143924844106277	0.249999124356548	0.280763981398998	0.177345819619784	0.0523605596178926	0.00531457199131829	0.000126092657087516	
6.99247725988124e-06	8.74059657485156e-06	0.000103139039583248	0.000331559963406036	0.00218864538234283	0.00886238222046115	0.0299161485435253	0.081391269892141	0.172218305140053	0.265558553256455	0.261420172131482	0.141155390325908	0.0341413529278085	0.00266355112957643	3.37969734227593e-05	
9.89532492463546e-06	4.07454555720284e-06	0.000165310134035086	0.000584988326426979	0.00360073411669382	0.0131846473451716	0.042331035871717	0.103489382607395	0.198327922918911	0.27287115181	0.235389407229292	0.107772312065952	0.0209396716964021	0.00130560081211514	2.38651954064738e-05	
5.82727830556732e-06	1.92300184083722e-05	0.000245911144494941	0.00101977370347428	0.00581037919848118	0.0196029642199285	0.0568893871859316	0.127708300433491	0.223514583055324	0.2723914625711	0.202066702523853	0.077801740841121	0.0123118736040026	0.000607202399440115	4.66182264445386e-06	
1.28067433324893e-05	4.36593522698497e-05	0.000520419479056609	0.00190762263184397	0.00862359526034072	0.02805084277103	0.0737127039983235	0.154036016054999	0.242098675957377	0.262148796893783	0.167841685367423	0.05344777904875	0.00723231723467484	0.000323079206796888	
2.04748647635182e-05	0.000142154061072427	0.000799689718049412	0.00328767828488493	0.0130758336341188	0.0382774671773293	0.0939492094654715	0.179165011615098	0.257009862449859	0.241766618131487	0.133208300159177	0.0354741656931356	0.00367670071539177	0.000146834030161231	
5.84146611453129e-06	2.57024509039377e-05	0.000328874542248112	0.00129330059775723	0.00542555372717666	0.0191185344462495	0.0510859577580219	0.117091019972557	0.203964719881255	0.261356540309913	0.215128345772735	0.100894971023407	0.0224434969586407	0.00177872643187478	5.84146611453129e-05	
1.34595881717139e-05	4.15491634865951e-05	0.000505027156182135	0.00221322445501835	0.00819630399708805	0.0269934966781151	0.0672780440760549	0.141944231659409	0.225112197371401	0.256547943345667	0.183657836201494	0.0732587828201817	0.0134326689953705	0.000788848906759581	1.63855856003474e-05	
2.34353532850214e-06	2.22635856207703e-05	0.000139440352045877	0.000976668348153265	0.00361431736038242	0.0121705648447437	0.0366944902898543	0.0867600213964776	0.166625947740334	0.24057386149589	0.241184352448965	0.152243085545484	0.0509244368045193	0.00766921936252324	0.000398986889677489	
6.44649729569438e-06	2.05115823044821e-05	0.000305915598941134	0.00166671257354135	0.00571628496565482	0.0173908915681573	0.0489435656045379	0.108062048122516	0.189991754343914	0.249576142802808	0.220749751077298	0.119936496141185	0.0335042045813498	0.00397104233414774	0.000158232206348862	
3.05559538276033e-05	6.99261251054768e-05	0.000528265432519526	0.00253731939668444	0.00833002310500201	0.0247209418755244	0.0636932981391424	0.130414573779701	0.212069484239004	0.249884239944153	0.19377528211372	0.0912829739874815	0.0207298642140421	0.00187272740093407	6.05242931585219e-05	
5.40005928325952e-05	0.000192523852707513	0.000916836152222976	0.00396669572133346	0.011929435312279	0.0336523477051215	0.080727951469902	0.15406956098105	0.230130569911691	0.240670663884462	0.164087257914462	0.066129008590203	0.0125181591667474	0.000940901633811415	1.40871111737205e-05	
3.51394420910779e-06	0	0	8.31633462822177e-05	0.000353151393015333	0.00154437847990287	0.00583373304448712	0.0172358963456737	0.0451137727286304	0.101609210750561	0.176787118817581	0.241029632505858	0.22223998716239	0.134413051257319	0.0457966492199337	0.00753858164327258	0.000412888444570166	5.27091631366169e-06	
1.05364825709017e-05	0	1.11218427137296e-05	0.000173266602277051	0.00062516463254017	0.00257441390815699	0.00856850177071443	0.0245166388620599	0.0603875084145521	0.124037228905084	0.19851377059736	0.242810899405859	0.197779728978254	0.104969707612609	0.0308514063277431	0.0040319606637984	0.000138144993707378	
1.58036600105943e-05	0	2.04862259396593e-05	0.000261638371286506	0.00105650393774529	0.00395325628561311	0.0133382890489416	0.0335049298639422	0.0773747194118697	0.147396054352884	0.215804245331335	0.235639009286114	0.171004966446489	0.0789825954877624	0.0196778979961544	0.00190346305016491	6.61412437480428e-05	
1.05554822535955e-05	1.75924704226591e-06	4.39811760566478e-05	0.00043570685080119	0.00184251806893316	0.00608230344079401	0.0189834484174107	0.044536511706323	0.0962665845684714	0.170829338376508	0.227210274002727	0.221417073492545	0.141949538930671	0.0577595988916744	0.0116104440632743	0.000996906657284016	2.34566272302121e-05	
1.46921408800005e-05	2.70335392192009e-05	9.4617387267203e-05	0.00061765760259522	0.00295429568815049	0.0094417574151235	0.0265357694861864	0.0574080712745138	0.118319336620455	0.191331049195165	0.230534970233723	0.202179138335322	0.113858802649287	0.0395718122461933	0.00668668715730581	0.000420782914803213	3.52611381120011e-06	
6.46450019716726e-06	2.29195916081385e-05	5.05406379051258e-05	0.000200987187948291	0.001163022353654	0.00473377718983475	0.0143176925730533	0.035178634709312	0.0753449251616566	0.138955607101782	0.2071707762278	0.227486349620152	0.176997427716603	0.0886717861590349	0.0257575071946949	0.00375528693271807	0.000185119778373426	1.17536367221223e-06	
4.69316112560776e-06	3.46120633013573e-05	5.10381272409844e-05	0.000424144436726802	0.00195176838311213	0.00725797368075241	0.0204627691527906	0.045489050855094	0.0942644877883947	0.16274416170756	0.217763262873341	0.217817234226285	0.14833322382624	0.06527013835439	0.0160547175655635	0.00198110064014718	9.56231579342582e-05	
3.50997065664531e-06	7.66343593367559e-05	0.000103544134371037	0.000966996915905783	0.00303085966201323	0.0108838340111477	0.0283406730719731	0.0592553246254861	0.114273529673292	0.18170884091409	0.223024705513462	0.201320216962986	0.119912882528302	0.0465697056772605	0.00947809076316122	0.0010073615784572	4.32896380986255e-05	
1.87300554175515e-05	9.30649628559589e-05	0.000195494953420693	0.00141060729863434	0.00518705472219816	0.0156390109594237	0.0383386674970325	0.0752398032407678	0.135912305880535	0.1978695732591	0.221065576265274	0.178139801133637	0.0932142179850675	0.0318036340990024	0.0053644049344331	0.000491663954710726	1.63887984903575e-05	
4.67120552136493e-06	5.66383669465497e-05	0.000138968364260607	0.000308299564410085	0.00237122070278287	0.00746341862176081	0.0212761733484369	0.0494125959056884	0.0932139061788371	0.158992654529318	0.209521084653922	0.211457299342528	0.151694479802875	0.0704411953614929	0.020598848547839	0.00284126075837022	0.000206700844320398	5.83900690170616e-07	
2.91079801273998e-05	0.000125164314547819	0.000263136140351694	0.000742253493248695	0.00368099516691098	0.011049389256361	0.0289449754386864	0.0622474155024445	0.111854399554764	0.178556500335906	0.213440668039787	0.198253870488118	0.125658568050382	0.0506566178157139	0.0129012389520661	0.00148276050768975	0.000112938962894311	
4.36743778148137e-05	0.000147910559532836	0.000338913171842954	0.00144241911796391	0.00547152605263985	0.0154275372193048	0.0382966060932163	0.0778370584665984	0.133730944868959	0.193348217561293	0.214498845249451	0.176746713066326	0.0992316803454818	0.0349429962020761	0.00769659002104523	0.000764592774278004	3.37748521767892e-05	
5.18251477744593e-05	0.000281253330056897	0.000468173245063655	0.00244451652086719	0.00769632559702279	0.0224286428857174	0.0505638750769371	0.0961117746153439	0.156315709483362	0.201475211565975	0.205726038293543	0.153357017619968	0.0745012702984255	0.0237696913725104	0.00439407376523674	0.000407031216790416	7.5699654052581e-06	
