# <P(U)> as a function of N_tot.
# number_of_species: 1
# species_total_upper_bound: 103
# species_total_lower_bound: 0
# volume: 729
# Bin widths for each
10	10	10	10	10	10	10	10	10	10	10	10	10	10	10	10	10	10	10	10	10	10	10	10	10	10	10	10	10	10	10	10	10	10	10	10	10	10	10	10	10	10	10	10	10	10	10	10	10	10	10	10	10	10	10	10	10	10	10	10	10	10	10	10	10	10	10	10	10	10	10	10	10	10	10	10	10	10	10	10	10	10	10	10	10	10	10	10	10	10	10	10	10	10	10	10	10	10	10	10	10	10	10	10	
# Bin lower bound for each
0	0	0	0	0	-10	-10	-10	-10	-10	-10	-10	-10	-20	-20	-20	-20	-30	-30	-30	-30	-30	-30	-30	-30	-30	-30	-40	-40	-40	-40	-50	-50	-50	-60	-60	-60	-60	-60	-60	-60	-60	-60	-70	-70	-70	-80	-80	-80	-80	-90	-90	-90	-100	-100	-100	-100	-110	-110	-110	-110	-110	-120	-120	-120	-120	-130	-140	-150	-150	-150	-160	-160	-160	-180	-180	-180	-180	-180	-180	-200	-200	-200	-200	-200	-200	-210	-210	-210	-210	-220	-220	-220	-220	-230	-240	-250	-250	-250	-250	-260	-260	-270	-270	
# Bin upper bound for each
0	0	0	0	0	0	0	0	0	0	0	0	0	0	0	0	0	0	0	0	0	0	0	0	0	0	0	0	0	0	0	0	0	0	0	0	0	0	-10	0	-10	-10	-10	-10	-10	-10	-10	-10	-10	-10	-10	-20	-20	-20	-20	-20	-20	-20	-30	-30	-30	-30	-30	-30	-30	-40	-40	-40	-40	-40	-50	-50	-50	-50	-50	-50	-50	-60	-60	-60	-60	-70	-70	-70	-70	-70	-70	-80	-80	-80	-80	-90	-90	-90	-90	-100	-100	-100	-100	-100	-100	-110	-110	-110	
# Normalized histogram for each
1	
1	
1	
1	
1	
3.52469728272953e-05	0.999964753027173	
8.9199555624032e-05	0.999910800444376	
0.000493631346399728	0.9995063686536	
0.00142204985254313	0.998577950147457	
0.00364188980190164	0.996358110198098	
0.0073096616416675	0.992690338358333	
0.0155245413203701	0.98447545867963	
0.0309299169601603	0.96907008303984	
2.69501099564486e-06	0.0558621879177267	0.944135117071278	
4.33425797503467e-05	0.0949690100554785	0.904987647364771	
7.04943279179229e-05	0.147240960458105	0.852688545213977	
0.000218514372040951	0.216839095188637	0.782942390439322	
2.68890932459976e-06	0.000486692587752556	0.302107029346756	0.697403589156167	
1.07289230307062e-05	0.000850267150183465	0.398123511361929	0.601015492564856	
1.60667519989717e-05	0.00183696531188243	0.498880682944072	0.499266284992047	
2.40574170353243e-05	0.00433033506635838	0.597449913794256	0.398195693722351	
3.20922545343681e-05	0.00794283299725611	0.68648006803558	0.30554500671263	
6.45034710930382e-05	0.0147202296323571	0.761396285137594	0.223818981758956	
0.000113092930076257	0.0265929947007884	0.814702619447676	0.15859129292146	
0.00033254666380605	0.0443869341343059	0.848739540871058	0.10654097833083	
0.000720753671675188	0.0710480242474444	0.860466930046553	0.0677642920343272	
0.0013112715278341	0.107299862113716	0.850001351826317	0.0413875145321329	
5.39320510089338e-06	0.00237570684694354	0.157384511254271	0.816768553299698	0.0234658353939871	
6.49992552168673e-05	0.00469619618941866	0.22046393218411	0.761287526913754	0.0134873454575	
0.00014954023176017	0.00856457690990065	0.294422965029337	0.689326090148289	0.00753682768071257	
0.000259484145518709	0.0153915069473466	0.378628339492667	0.601661791096143	0.00405887831832422	
1.36801525610614e-05	0.000569094346540153	0.0264382628395072	0.462627191218436	0.508472118481065	0.00187965296188983	
2.73713137683183e-05	0.000796505230658061	0.0408598971933455	0.53955975978935	0.417861424512654	0.000895041960224007	
5.18546214749092e-05	0.00163205598115767	0.0650993834758426	0.607343160238968	0.325507834141629	0.000365711540928307	
1.36090712625408e-05	0.00010342894159531	0.00296405572098138	0.0974218975400243	0.655453699217751	0.243869113396225	0.000174196112160522	
1.91304918176154e-05	0.000226832974408868	0.00599604272112116	0.140300294062989	0.679012210719634	0.174374432917564	7.10561124654285e-05	
2.44518041356151e-05	0.000293421649627382	0.0109272395814938	0.193921824865311	0.675562595260154	0.119246015035143	2.44518041356151e-05	
1.89550872746376e-05	0.000511787356415214	0.0185407832242062	0.255427924634573	0.647421837343688	0.0780760044842321	2.70786961066251e-06	
7.5827124987475e-05	0.000931590392703264	0.028987626638069	0.325704582937272	0.59501274166511	0.0492876312418587	
9.16461810497261e-05	0.00180866433777548	0.045146526070643	0.396771358951136	0.526353668003623	0.0298227455039462	5.39095182645448e-06	
0.000237260717174441	0.00346184955513616	0.0698166621730925	0.460878943111351	0.448897276894042	0.0167080075492046	
0.000430413333006437	0.00572613180999703	0.103438130807515	0.515512586865855	0.366172780987717	0.00871995619590889	
0.000814278483241268	0.0101234622240806	0.143588107132639	0.554754726116332	0.286414203657651	0.00430522238605603	
4.41235680523306e-05	0.00140092328566149	0.0184767441219134	0.194400167669559	0.571287139634547	0.212030290829468	0.00236061089079968	
0.000141414477515098	0.00222935764553213	0.0312193255361272	0.249782332617942	0.562560655719522	0.152810820703079	0.00125609330028117	
0.000394481732138511	0.00396999700641522	0.0488010273311492	0.314228480461963	0.526417686210765	0.105416150249978	0.000772177007590276	
5.57701155835646e-06	0.000741742537261409	0.00596182535588305	0.0733739525675167	0.374256514646627	0.477302957210379	0.068011655954157	0.0003457747166181	
4.73625997052375e-05	0.001044763228792	0.0107262358155979	0.105217408262823	0.42756726185667	0.413481067497277	0.0417598827636356	0.000156017975499606	
9.98915067246407e-05	0.0019284610326007	0.01767524716211	0.146141274338149	0.467325765626778	0.341956375159202	0.0248091656006948	6.38195737407427e-05	
0.000227898057308024	0.00330730107556766	0.0282538006169923	0.192529390511659	0.490953558822712	0.271123648592313	0.0135793891220366	2.50132014118563e-05	
2.21276266184284e-05	0.000456382299005087	0.00534935373500508	0.0428833403865143	0.243934955841555	0.493736498690321	0.206052459070806	0.00755935044352062	5.53190665460711e-06	
5.2441569051746e-05	0.000778343288031178	0.00725901718979432	0.0650385859544918	0.293755589167228	0.477160316636674	0.151732779844773	0.00422292634995639	
0.000171074124762704	0.00169418568716613	0.0119807072535429	0.0942038982826365	0.344617787294159	0.439594278398305	0.105618957220432	0.00211911173899607	
8.34561994046791e-06	0.000364425404067099	0.0032241911703341	0.0196900993128773	0.12996077558628	0.389562411327788	0.387884941719754	0.0682616073664005	0.00104320249255849	
2.22512724946458e-05	0.000617472811726421	0.00479236781353434	0.0319444830751259	0.171813200567407	0.421444663866715	0.326570800767669	0.0423997997385476	0.000394960086779963	
8.62076157476286e-05	0.000909351301595953	0.007755904526456	0.0487823869498355	0.215911144976182	0.435495846739545	0.265411001760304	0.0255508249512649	9.73311790699033e-05	
0.000163924861289005	0.00165036216280795	0.0128917179047624	0.0694235679496334	0.265541604963311	0.432478238280067	0.20345853673445	0.014369820043843	2.22270998357973e-05	
1.6665046453817e-05	0.00014720791034205	0.00302470593136778	0.01933423139417	0.0983737692168817	0.310525365589457	0.412140486341606	0.14886052744872	0.0075548210590637	2.22200619384227e-05	
7.4833080656203e-05	0.00026330158008664	0.0054572716967431	0.0296200419619571	0.133937356396704	0.348785902556243	0.373893786914189	0.104042926472341	0.00392457934108087	
0.00010725335166724	0.000709522172567893	0.00804950154692334	0.0434128566517704	0.171715366105191	0.378472327260227	0.326377449295291	0.0693874183568236	0.00176830525953936	
0.000235486759346223	0.00148685244563952	0.0133542898294364	0.06147025884376	0.211311031459388	0.395081064947796	0.272069353588846	0.0443481808647841	0.000643481261004214	
0.000441095890410959	0.00294794520547945	0.0198794520547945	0.0840547945205479	0.251191780821918	0.398383561643836	0.215608219178082	0.0271972602739726	0.000295890410958904	
1.09939340968621e-05	0.000959220749951214	0.00509843693741978	0.0294280130937755	0.112959924361733	0.293752422101106	0.378477175218573	0.162341927841314	0.0168317131022958	0.000140172659734991	
7.68464415980766e-05	0.00167415462052953	0.00844213051270299	0.0418209313239819	0.146494018327876	0.328049225634875	0.345007588586108	0.119501705716552	0.00887027497303513	6.31238627412772e-05	
0.000249732429539779	0.00324926589642965	0.0133483355745218	0.0584236669502456	0.184329976124482	0.351908669282911	0.301783803068141	0.0821262932572244	0.00455830291720409	2.19544993002003e-05	
0.000776108025398895	0.0045903613459536	0.0205599577973999	0.0783150998583119	0.225411047248683	0.360161076939649	0.254654576689692	0.0535265962001088	0.00200517589480284	
3.03347020718602e-05	0.00144503489869588	0.00708728948406187	0.0310158540183828	0.104856034261667	0.261234181142295	0.358125977260004	0.202718540845676	0.0327504474368556	0.000736305950289696	
5.52231429147327e-06	0.000104923971537992	0.00268660590280175	0.0104647855823418	0.0429415159304962	0.133905076939644	0.296650440266507	0.339553299996963	0.154362490232407	0.0189581049626277	0.000367233900382973	
2.77284826974268e-06	3.88198757763975e-05	0.00026896628216504	0.00389030612244898	0.0163403948535936	0.0615017746228926	0.166817324755989	0.32111801242236	0.306871118012422	0.113312444543035	0.00971051464063886	0.000127551020408163	
2.22327827940494e-05	0.000125059403216528	0.000903206801008257	0.00637525046619366	0.0250035433497578	0.0831283748669507	0.19988661280775	0.333822454554802	0.266974034888794	0.0782844073156972	0.00543869449099433	3.61282720403303e-05	
1.38463114810846e-05	0.000401543032951452	0.00181940532861451	0.00896410205285414	0.0364961078018427	0.109817865618778	0.237021159933205	0.329713907512178	0.222244376320592	0.0507771934634333	0.00273049262406987	
5.57117030789073e-06	0.000100281065542033	0.000621185489329816	0.00283015451640849	0.014022635664961	0.0508647849110423	0.13837672810739	0.266098593000939	0.315294812404768	0.17794317963403	0.0324632093840793	0.00137886465120295	
6.9281248614375e-05	0.00017181749656365	0.00071498248570035	0.00528477364430453	0.0200555358488893	0.0668508624129828	0.168733095375338	0.290083359198333	0.292826896643462	0.135672083536558	0.0189636633707267	0.000573648738527025	
6.92635895162631e-05	0.000207790768548789	0.00131877874438965	0.0087576882584363	0.0284534825732809	0.0873912561644595	0.197908239596609	0.302338338782069	0.263157311464509	0.0987920429988364	0.011375851942151	0.000229955117193993	
6.10236438882047e-05	0	0.000149785307725593	0.00043271311120727	0.00282650423282184	0.0126568585028126	0.0419371123611712	0.111221138590243	0.225756970564413	0.306363656536742	0.224203641447259	0.0683298383428197	0.00596367428907455	9.70830698221438e-05	
3.04259915415744e-05	1.10639969242089e-05	0.000401069888502571	0.000835331767777769	0.00449474875045985	0.0177881410548968	0.0557016925149295	0.139442319235035	0.251929975963467	0.300127512564552	0.181294653600086	0.0449640834999848	0.00294302318183956	3.59579900036788e-05	
4.43495856085595e-05	7.48399257144441e-05	0.000426864761482385	0.0012528757934418	0.00674113701250104	0.0259500512792084	0.0719239404606813	0.168159769382155	0.276658258724395	0.277065720542174	0.142866646339773	0.0275161460210106	0.00131385647365357	5.54369820106993e-06	
5.24028065839989e-05	0.000124111910330524	0.000493689598870306	0.00253739905564626	0.0103647235338246	0.0361469043731521	0.0946587749878646	0.198934844005119	0.289081461541856	0.245898790874189	0.104965579630202	0.016109725960902	0.000631591721459777	
6.0371393838276e-05	0.000214044032699342	0.000699759337670926	0.00412720801512578	0.0155511222218868	0.0504567644774719	0.118056260650749	0.228354797193279	0.287971548608577	0.210380586755065	0.0746190427841091	0.00934933358213665	0.000159160947391819	
3.28158456780164e-05	0.000382851532910191	0.00123059421292561	0.00615844037224108	0.0221835116783391	0.0678358223240729	0.144966732936444	0.248880842929689	0.279328478411276	0.172422657153718	0.0513239826404176	0.0052040461937721	4.92237685170246e-05	
3.26900654890979e-05	8.17251637227447e-06	5.99317867300127e-05	0.000427695023482364	0.00242178901831733	0.00955639581131294	0.0335672489130553	0.0852257249022022	0.171996055398764	0.265405193361737	0.260834032537512	0.135105316494317	0.0327854115134411	0.00257161848514237	2.72417212409149e-06	
4.62412651610148e-05	8.1602232637085e-06	0.000144163944325517	0.000486893321401274	0.00435211907397786	0.0151562546751279	0.0455095651417023	0.107189972717654	0.19645193492494	0.273302197548125	0.234402413250027	0.101097006014085	0.0204821603919083	0.00137091750830303	
2.70263696288469e-05	2.43237326659622e-05	0.000237832052733852	0.0011297022504858	0.00669983703099114	0.0224318867919429	0.0604390704009902	0.128334716182579	0.221429749006105	0.273298757597788	0.199349205019337	0.0734576726512058	0.0125105065011932	0.000629714412352132	
5.92501622646489e-05	1.34659459692384e-05	0.000541331027963383	0.00206567611168117	0.00996749320643026	0.0321055083798582	0.0748302617510578	0.152956987075385	0.237501582248651	0.264912861863633	0.165744249367774	0.0518735170627001	0.00722313341789947	0.000204682378732424	
9.21574048474795e-05	8.67363810329219e-05	0.000870074322236498	0.00357245469379347	0.0149294995852917	0.0413353065860018	0.0962692514108214	0.176682008164062	0.249922750410643	0.243292838285439	0.133411396076263	0.0355293900806106	0.00392482124173972	8.13153572183643e-05	
9.18779860345461e-05	0.000364809650431286	0.00164299457379424	0.00617744341396978	0.0210346542144973	0.0546052489352963	0.119708908921893	0.200688544436518	0.25637741314828	0.213237996411354	0.101325204833863	0.0225749616274294	0.00213751432215665	3.2427524482781e-05	
1.61713298493102e-05	5.92948761141372e-05	0.000797785605899301	0.00297013424898997	0.00894813584995162	0.0302323011532853	0.0701647049945152	0.142544882178386	0.222086263263859	0.251434531718716	0.180784686828721	0.0752694547836141	0.0136944211607242	0.000991841564091023	5.39044328310339e-06	
4.85425111040994e-05	0.000115962665415349	0.00108681288749734	0.00429331542654035	0.0130390578437956	0.039885763290535	0.0909336073288405	0.167617290842455	0.238168437119919	0.233206313762611	0.150613927925158	0.0524097311553927	0.00809850893586725	0.000482728304868544	
7.50422782835687e-05	0.000337690252276059	0.00188141711982376	0.00640271438640877	0.0186372858279977	0.0527440013078797	0.112614338971331	0.190843234000584	0.244318897521729	0.213074508942091	0.120560780225288	0.0344712065458307	0.00390219847074557	0.000136684149730786	
0.000187240371163913	0.000674065336190086	0.0027898815303423	0.00855153523730042	0.0274922362117528	0.0661787717566624	0.136121074973719	0.212667613567972	0.243391083613525	0.186547581790606	0.0927080574881437	0.0205723670660236	0.00208639270725503	3.20983493423851e-05	
7.46453678550387e-05	0.000343901873332143	0.00110101917586182	0.00402818395817727	0.0133162004441399	0.0370347660800785	0.0844612337279763	0.155931507543181	0.228564116372128	0.233711980848131	0.159061281181103	0.0679272847480852	0.0133108686321503	0.00112767823581005	5.33181198964562e-06	
0.000268960374946741	0.000468683425649766	0.00184544098849595	0.00595973583297827	0.0193491691521091	0.0511477417980401	0.104279399233063	0.176770877716233	0.237097890924585	0.215852684277801	0.131255325948019	0.0470361099275671	0.00804750745632723	0.000620472944184065	
0.000284134258698981	0.00068665779185587	0.0026387653840285	0.00923699428048261	0.0283897480150065	0.0645221545795602	0.125632067181967	0.19905183345523	0.237433636234484	0.191816933349469	0.103640601733219	0.032154526942768	0.00431463133579934	0.000197315457429848	
0.000348007656168436	0.00109147855798282	0.0040548164786898	0.0149274193123158	0.0393802300014237	0.0818661646919869	0.148145804662248	0.215242735340177	0.230038333570611	0.164454708912687	0.0769887846623535	0.0210491903549151	0.00230159608965943	0.000110729708780866	
5.25374263490954e-05	0.000814330108410979	0.00176788439664706	0.00611798329835216	0.0215534791597164	0.0490699562100551	0.10210386123815	0.170828068645401	0.225020423924493	0.21474410333061	0.13719360829671	0.0577386315576559	0.0116317861936897	0.00129242068818775	7.09255255712788e-05	
3.70326283908e-05	0.00013225938711	0.000912589771059001	0.002724543374466	0.00851750452988401	0.0296155219616712	0.0618762316655425	0.126220423494558	0.188088719596873	0.228253250274438	0.195934346440239	0.110187940589083	0.0398153658955944	0.00706794164715841	0.000616328743932601	
3.15706393054459e-05	6.31412786108919e-05	0.000260457774269929	0.00144172586161536	0.00504340962904499	0.0137647987371744	0.0370981320705078	0.0799026571954749	0.144348855564325	0.202486187845304	0.224769797421731	0.171878453038674	0.0884004209418574	0.0262825572217837	0.00391739016048408	0.000310444619836885	
5.2337250776554e-05	2.87854879271047e-05	0.000549541133153817	0.00256714215058997	0.00768572527653695	0.0195845992405865	0.0472893229391553	0.0985615106624064	0.165194681488576	0.213855240398077	0.216508739012448	0.142600690328338	0.0667640139531111	0.0167453033859584	0.0018422712273347	0.0001700960650238	
0.000155408205553253	0.000212391214256113	0.00131837961044343	0.00367799419809366	0.0110961458765023	0.0271601740571902	0.0627719643597182	0.117100082884376	0.179657065893079	0.22097751761293	0.202414007459594	0.114173228346457	0.0480340861997513	0.0102802527973477	0.000867695814338997	0.000103605470368835	
0.000200283478153694	0.000380025061112138	0.00146874550646043	0.00593660771142746	0.0150135576508289	0.037599371418007	0.0790837287648158	0.136613873996015	0.193797374745794	0.223118362400115	0.177607793595037	0.0907720671309135	0.0320504919783899	0.00579794991885951	0.000544360222674144	1.5406421396438e-05	
0.000107711364318302	0.000361602437354301	0.000507782146071997	0.00212858172343312	0.00692173743559758	0.0187084381595718	0.0500575742887844	0.100689609187266	0.159659016595244	0.209090839148465	0.209757623784721	0.149487986336044	0.0677837873880251	0.0214422551682221	0.00295949796246003	0.000333392318128079	2.56455629329292e-06	
0.00024882258180363	0.000530992519931458	0.000779815101735089	0.00342195179511384	0.010401809991894	0.0254979016817328	0.0635985388727568	0.120812341600057	0.177261720313157	0.208913491827333	0.197108527688566	0.126486522537682	0.0492848274659087	0.0139417601247704	0.00140571932812773	0.000305256569429196	
1.28894216516505e-05	0.000391838418210175	0.00053362205637833	0.00125285178454043	0.00511452251137491	0.0151141358287254	0.0348968201796785	0.0796463142698787	0.143010711109393	0.185599938130776	0.211023033396492	0.178157586069113	0.100911282110772	0.0353634172434683	0.0081022904502275	0.000760475877447379	0.000108271141873864	
1.03761887221205e-05	0.000630353464868819	0.000614789181785638	0.00136187476977831	0.00671598815039248	0.0223139938469201	0.0456967351322186	0.101019979351384	0.167770001400785	0.18878437761026	0.201889503966298	0.157567613839761	0.0751236063481523	0.0250896243300873	0.00497019439789571	0.000407265407343229	3.37226133468916e-05	
