# <P(U)> as a function of N_tot.
# number_of_species: 1
# species_total_upper_bound: 103
# species_total_lower_bound: 0
# volume: 729
# Bin widths for each
10	10	10	10	10	10	10	10	10	10	10	10	10	10	10	10	10	10	10	10	10	10	10	10	10	10	10	10	10	10	10	10	10	10	10	10	10	10	10	10	10	10	10	10	10	10	10	10	10	10	10	10	10	10	10	10	10	10	10	10	10	10	10	10	10	10	10	10	10	10	10	10	10	10	10	10	10	10	10	10	10	10	10	10	10	10	10	10	10	10	10	10	10	10	10	10	10	10	10	10	10	10	10	10	
# Bin lower bound for each
0	0	0	0	-10	-10	-10	-10	-10	-10	-10	-10	-10	-20	-20	-20	-20	-30	-30	-30	-30	-30	-30	-30	-30	-30	-30	-40	-40	-40	-40	-50	-50	-50	-60	-60	-60	-60	-60	-60	-60	-70	-70	-70	-80	-80	-80	-80	-90	-90	-90	-90	-90	-100	-110	-110	-110	-120	-120	-120	-120	-120	-120	-130	-130	-130	-130	-140	-150	-150	-160	-160	-160	-160	-180	-180	-180	-180	-190	-190	-200	-200	-200	-200	-200	-210	-210	-220	-220	-220	-220	-250	-250	-250	-250	-250	-260	-260	-260	-260	-270	-270	-270	-270	
# Bin upper bound for each
0	0	0	0	0	0	0	0	0	0	0	0	0	0	0	0	0	0	0	0	0	0	0	0	0	0	0	0	0	0	0	0	0	0	0	0	0	0	-10	0	-10	-10	-10	-10	-10	-10	-10	-10	-10	-10	-10	-20	-20	-20	-20	-20	-20	-20	-30	-30	-30	-30	-30	-30	-30	-30	-30	-30	-40	-40	-40	-40	-40	-50	-50	-50	-50	-50	-60	-60	-60	-70	-70	-70	-70	-70	-70	-80	-80	-80	-80	-80	-90	-90	-90	-90	-90	-100	-100	-100	-100	-110	-110	-110	
# Normalized histogram for each
1	
1	
1	
1	
3.45993824010241e-06	0.99999654006176	
3.10605093233295e-05	0.999968939490677	
0.000120635057409362	0.999879364942591	
0.0005229886297439	0.999477011370256	
0.00152412990037521	0.998475870099625	
0.00371137080831257	0.996288629191687	
0.00779513681701751	0.992204863182983	
0.0163350356023334	0.983664964397667	
0.0314808311712515	0.968519168828748	
8.63403519405426e-06	0.0563897472558878	0.943601618708918	
4.06565250262537e-05	0.0944797089338821	0.905479634541092	
8.94550709734796e-05	0.1465534611296	0.853357083799426	
0.000242239648813286	0.21525293639603	0.784504823955157	
8.66055058584294e-07	0.000484990832807205	0.30147549800331	0.698038645108824	
3.46369527794423e-06	0.000973298373102328	0.397491072325421	0.601532165606199	
5.19428351784583e-06	0.00191149633456726	0.497840909484415	0.5002423998975	
1.72661174890231e-05	0.00403940818655695	0.596406230305835	0.399537095390119	
2.33013730549826e-05	0.00763767227913319	0.686380778956271	0.305958247391541	
5.78940228309832e-05	0.0142185991893109	0.762263811828872	0.223459694958986	
0.00011667371030177	0.025730442245217	0.81703315175447	0.157119732290011	
0.000259703730674289	0.0437423911552329	0.850118160883441	0.105879744230651	
0.000590601662491873	0.0703618989397664	0.861592845776119	0.0674546536216229	
0.00128654808852005	0.106866550268817	0.85087895373445	0.040967947908213	
2.60326049699714e-06	0.00255900506854819	0.15816195924856	0.815998944811745	0.0232774876106494	
3.12875069853705e-05	0.00484695629048364	0.222667103532968	0.759372998360013	0.0130816543095499	
8.43975839668953e-05	0.00878169912348324	0.296837613827979	0.687180790065795	0.00711549939877597	
0.000218651590450762	0.0152559573847179	0.379647979650593	0.601096742439751	0.00378066893448728	
8.75298038982273e-06	0.000487541007713126	0.0258274192362499	0.463768788272407	0.50808425268804	0.00182324581520008	
2.79885177106092e-05	0.000854524431352038	0.0408081334632467	0.541936420583456	0.415545522449415	0.000827410554819885	
2.27072054329609e-05	0.00172225419668457	0.0640771136696503	0.608969695487642	0.324824827010396	0.000383402430194994	
4.37770870726262e-06	6.74167140918443e-05	0.00341461279166484	0.0975379766230355	0.656550365538677	0.242263275401655	0.000161975222168717	
6.15718050390365e-06	0.000166243873605399	0.00625569539196611	0.140267608656644	0.67912557481678	0.174113629886602	6.509019389841e-05	
7.90795839359491e-06	0.000354979465668038	0.0109121039211172	0.193049080304439	0.675684082334148	0.119962850168791	2.89958474431813e-05	
9.69018709989438e-06	0.000683598653592549	0.0185452562569979	0.25593722168241	0.646945080424148	0.0778756290913512	3.52370439996159e-06	
6.43013177365936e-05	0.00122084419702628	0.030222500176168	0.326535304065957	0.593376083433162	0.04858096680995	
8.02709099104582e-05	0.0022634632398927	0.047067862438595	0.39716634867037	0.524289007031202	0.0291312835142075	1.76419582220787e-06	
0.000194848558386371	0.00418215860318383	0.071529791458902	0.46103914507538	0.446873654880691	0.0161804014234573	
5.32597638462071e-06	0.000354177429577277	0.00703916545500704	0.10432433775922	0.517039573779863	0.362524122234709	0.00871329736523948	
2.1354346009807e-05	0.000714480826911459	0.0120491897360336	0.144795812412747	0.554804594387544	0.28323781712316	0.00437675116759336	
7.49702127279786e-05	0.00140479898611712	0.0203115726340873	0.195292941643722	0.570089562629134	0.210663620258022	0.00216253363618919	
8.92592552921812e-07	0.000155311104208395	0.00245552211308791	0.0328563318730519	0.252545673960933	0.560547230642345	0.150387563686479	0.0010514740273419	
3.56868832860482e-06	0.000334564530806702	0.00421283657191799	0.0505415484538658	0.316688078796638	0.526274467819353	0.101402494513142	0.000542440625947933	
7.13191093313031e-06	0.000613344340249207	0.00724780448579368	0.0749581668849329	0.375147429971321	0.475711831572791	0.0661038994614516	0.000210391372527344	
3.75086403832311e-05	0.000935929883848244	0.0122849727883745	0.106788885296792	0.426493781603262	0.413405945298113	0.0399654563283328	8.7520160894206e-05	
2.67811949590649e-06	8.30217043731013e-05	0.00192556791755677	0.0195654483305942	0.146375299168265	0.46560000142833	0.342693956109192	0.0237120700167561	4.19572054358684e-05	
9.84726004465285e-06	0.000213058899147943	0.00355396567066107	0.03099738420965	0.193310666731121	0.488211039315633	0.270735196434934	0.0129437757259669	2.50657528409345e-05	
7.68834661212113e-05	0.000462194790519375	0.00583509748108309	0.0469024903091073	0.244837185850581	0.489705661483887	0.205100055785213	0.00707417287694354	6.25795654474975e-06	
8.43050839553075e-05	0.000917490434960421	0.00912378318167387	0.0686046073625244	0.296639097110488	0.472307573645872	0.148567979494134	0.00375516368639226	
0.000179053113420299	0.001852304458333	0.0146814600348975	0.0970629022540101	0.347398850658065	0.435129504640609	0.10194299486028	0.00175292998038473	
5.39179961197015e-06	0.000315420277300254	0.00305715037998708	0.0227920355930665	0.131449378640026	0.39132603223757	0.383888044672857	0.066355979191248	0.000810567208332847	
1.52791134519112e-05	2.51655986266773e-05	0.000497020572876877	0.00475360182630344	0.0345424804292532	0.173178864492239	0.421447381429586	0.324276713732328	0.0409147695100797	0.000348723295255386	
1.88949342681227e-05	9.08756362419235e-05	0.000869166976333645	0.00778291340091721	0.0506582185316117	0.217975560752162	0.43648737773403	0.261345733208927	0.0246587889786748	0.000112469846834064	
5.2114781908623e-05	0.000168923775841744	0.00163173179217344	0.012434766669542	0.0724296630150378	0.265490669656977	0.4332149069841	0.20069132953794	0.0138445613732425	4.13324132378734e-05	
2.69026688344239e-06	7.44307171085729e-05	0.00026274939894954	0.00272075657478807	0.0192318211941019	0.100724488871711	0.311322167530093	0.411539989472089	0.146984524688131	0.00712113644047202	1.52448456728402e-05	
8.98374929589865e-06	0.00013475623943848	0.000480630587330578	0.00492848486373	0.029676019049142	0.134318730847769	0.34941843698933	0.374473215400662	0.103065165422268	0.00349557685103416	
7.17813897774328e-06	0.000174967137582493	0.000812924239229427	0.00791120642084532	0.0427171050565503	0.173002122037335	0.377143908227493	0.327610262944203	0.0690115253993961	0.00160880039838671	
9.86863058396276e-06	0.000296058917518883	0.0014776031428897	0.012359114084061	0.06093879385597	0.213144477648897	0.393750285966	0.273068596851189	0.0443101513219928	0.000645049580897202	
3.13534945261278e-05	0.000462240090728055	0.00283973078993786	0.0188183674145819	0.0847350584921836	0.254596646251063	0.395558374384016	0.215875976325424	0.026783946652477	0.000298306105062873	
6.29320962681267e-05	0.000827107550952522	0.00494286664688801	0.0282637034639624	0.113921478724456	0.295580368782084	0.377470309536011	0.162766674757936	0.0160306029793852	0.000133955462056441	
7.15698579964555e-06	0.000131509614068487	0.0013750358967569	0.00818222401544478	0.041150879101512	0.147942053464473	0.33094975885431	0.34345838078564	0.118196725857921	0.0085633335092759	4.29419147978733e-05	
1.16026468314957e-05	0.000295421238555774	0.0023696174875093	0.0130976032501691	0.057772256107901	0.186135908049916	0.352474130560122	0.300494272755022	0.0829776675823833	0.00435902516346344	1.24951581262261e-05	
3.2234668385849e-05	0.000754828484701964	0.00371773175383458	0.0204278256820766	0.0785299200401142	0.225460910987545	0.359883059786356	0.254240202003922	0.0548490790734324	0.002099730482356	4.47703727581236e-06	
7.09326202958878e-05	0.00129205114690864	0.00606788161974189	0.0301993386206568	0.105302617413689	0.261938004889861	0.357359438931952	0.2028241957453	0.0340817772302697	0.000853885087359358	9.8766939652502e-06	
7.19759744197387e-06	0.000167344140525892	0.00231672667663534	0.00978063522396224	0.0427969143899766	0.136136257717174	0.293789732987129	0.338986146424324	0.155379934177971	0.0202468416042725	0.000390469661227082	1.79939936049347e-06	
4.52511210965252e-06	2.08155157044016e-05	0.000401829955337143	0.00345899569661838	0.0155944413522845	0.0602129517758802	0.170480883663893	0.31779590839363	0.307040621931408	0.113568548660793	0.0112430935476426	0.000177384394698379	
1.0900499333707e-05	8.62956197251802e-05	0.000783019202137951	0.00559195615819168	0.0233397858233556	0.0821043777313699	0.204361653133394	0.330672097537668	0.267024081928153	0.0797734876238456	0.00619693387121242	5.54108716130105e-05	
5.42781101809451e-06	3.34715012782495e-05	0.000222540251741875	0.00159034862830169	0.00851985402806902	0.0346448130933276	0.107649775921868	0.239860396700615	0.330304916330293	0.221596717259896	0.0524959788966708	0.00305585760318721	1.99019737330132e-05	
2.81344244649695e-05	8.62183975539387e-05	0.000436537360246784	0.00258564436453865	0.0129799528612256	0.0480862692210304	0.137097235293637	0.268426913571956	0.31886467614101	0.176666034398418	0.0334046374607139	0.00132504063609211	1.2705869113212e-05	
4.09702110147957e-05	0.000107432997772131	0.000790269848018726	0.0046924548348946	0.0191349094421769	0.0652828446801091	0.167934163602247	0.290952229644406	0.297912613271253	0.132896439142393	0.0197348954212603	0.000517135107920088	3.64179653464851e-06	
7.46783820655312e-05	0.000193981650975099	0.00143801421074968	0.0075479808604771	0.0273213592922675	0.0860777638742416	0.197985140823393	0.305838938765548	0.264677489567794	0.0966456656484907	0.0119904338813998	0.000208553042597642	
1.99958917531489e-05	0	0.000134517817248456	0.000488081539610953	0.00258583236535039	0.0113085856905763	0.0387838498635735	0.111749767774984	0.227186959770084	0.308439357004834	0.225544569933814	0.0674888613793893	0.006183275072576	8.63458962067793e-05	
9.98358154634787e-06	4.5379916119763e-06	0.000232345170533187	0.000805947310286992	0.00414953952999113	0.0162160592262361	0.0534983831135887	0.139634909498833	0.254556824277166	0.298983762158414	0.183729666394085	0.045154831735809	0.00298327568571322	3.99343261853915e-05	
1.45676370837412e-05	2.64038422142808e-05	0.000318667061206838	0.00135479024878793	0.00641340222611704	0.0235658844149045	0.0705255730316618	0.16966653768238	0.275567796417272	0.278887396717729	0.144388955910136	0.0279325336307559	0.00133202831584458	5.46286390640293e-06	
2.82413046389531e-05	5.37495797967173e-05	0.000490123286959896	0.00233218515728129	0.00980702078833324	0.0339806665494501	0.0921249577519193	0.199190476667672	0.286907057866433	0.250832890734392	0.106891516038784	0.0167070092185084	0.000651372026350048	2.73302948118901e-06	
1.81999685140545e-06	4.45899228594335e-05	9.64598331244887e-05	0.000889068461911561	0.00382836337693136	0.0150313539957576	0.0485556959986459	0.11760182654884	0.226998197293119	0.286885193688615	0.213526580599016	0.0765781875197356	0.00970058321799103	0.000262079546602384	
1.36869181348928e-05	6.56972070474854e-05	0.000211691000486342	0.00142617686965583	0.00607242934584743	0.0217913985931673	0.0646779878770404	0.145114180833387	0.248190361307265	0.278287894285894	0.176171623003877	0.0526937223581282	0.00520285381367725	8.0296586391371e-05	
1.0921978844127e-05	1.36524735551587e-05	0.000108309623537593	0.000391370908581217	0.00233002215341376	0.00933192075740283	0.0315408545720314	0.0840573695142086	0.173232596281794	0.263138685467033	0.259427032989837	0.139640230016874	0.0341948954311542	0.00257394634759926	8.19148413309523e-06	
1.55188074252929e-05	6.39009717512061e-06	0.000136930653752585	0.000663657235187527	0.00401024241290069	0.013618209951207	0.0442085179995344	0.106543003071811	0.197619232366755	0.270028162071122	0.233928677386815	0.106726490147839	0.0212169483634505	0.00127801943502412	
9.12695225508736e-06	1.55158188336485e-05	0.000203531035288448	0.00116916258387669	0.00609406602072183	0.0199688588389056	0.0596062997875246	0.130496250648014	0.221742043123024	0.269604693443928	0.200849536715904	0.0770588578897026	0.0126152734069818	0.000566783735040925	
2.0082044279082e-05	2.82974260296155e-05	0.000515743409894606	0.00201915827024224	0.00882788410104554	0.0289838668158823	0.0774600960651973	0.155933422546294	0.23970475743629	0.258762617457139	0.16671930596455	0.053398155738079	0.00732720770128142	0.000299405023797222	
3.21763336630641e-05	0.000123189391738588	0.000800731046300825	0.0035917981606169	0.0135342852625037	0.0391788231919658	0.0978528272884728	0.180716079709052	0.253679133923417	0.238699671617532	0.132594074406393	0.0352257307705037	0.00382990302972358	0.000141575868117482	
9.2034590280411e-06	3.68138361121644e-05	0.000381943549663706	0.00147991621170901	0.00570338355967707	0.0195048907181275	0.0525416272451838	0.121013521722004	0.204302064888068	0.258134017088983	0.212381781568785	0.100101422118489	0.0225107404366857	0.00186922252859515	2.94510688897315e-05	
2.11663194163249e-05	4.69340126188075e-05	0.000625786834917433	0.00253075558238668	0.00832664600343078	0.0279220564091615	0.0687620095855819	0.146363258214372	0.225094604245043	0.252825243504701	0.180680303911536	0.0726207216426536	0.0133771138711174	0.000795117390248032	8.28247281508367e-06	
3.67206276289674e-06	3.48845962475191e-05	0.000167996871402526	0.00113558540942582	0.00392635310922734	0.0121178071175593	0.0372007498352162	0.088631660892348	0.170635248497667	0.241889790380297	0.237033487376366	0.148966406133814	0.0502503428788605	0.00757913754261888	0.000426877296186746	
1.00881706111414e-05	3.20987246718135e-05	0.000285220096369543	0.00188832211712183	0.00586948108284589	0.0177762737232503	0.0498273088612656	0.110464551085579	0.193374639806454	0.24849640402573	0.216831470690196	0.118094876493279	0.0330405929643264	0.00386010091839037	0.000148571239909537	
4.49695170916286e-05	9.91164866509365e-05	0.0005322922431254	0.0028046294741228	0.0083276203691722	0.0254582531453424	0.0646964511709053	0.133707222746867	0.214768907158138	0.246430200426384	0.191085573320044	0.0898757097612302	0.0202087503338298	0.00188046001062749	7.984383646881e-05	
7.50916438568167e-05	0.000219780421044342	0.000894689464001341	0.00409890485247697	0.0123067878267288	0.034608090300449	0.0812876202267585	0.157401243041431	0.231712666403541	0.237824393612082	0.161865532843895	0.064577897965108	0.0121685093118217	0.000948718817508075	1.00732692978657e-05	
5.48192517903054e-06	0	0	0.000109638503580611	0.000383734762532138	0.00155686675084467	0.00611691484560158	0.0178445801119409	0.0466594061613184	0.102149280131859	0.178878873208553	0.241241254045204	0.220314918328451	0.132252358598308	0.0447288548441032	0.0073055789552547	0.000451345173073514	9.1365419650509e-07	
1.64335086545247e-05	0	1.73464813575539e-05	0.000181681567902801	0.000609865765623474	0.00254993275956042	0.00900282382457047	0.0257266577986585	0.0621917005303458	0.125107388414194	0.199299202153155	0.242649885011088	0.195471107609354	0.102981494956282	0.0300924932645439	0.00394678099519502	0.000155205359514956	
2.46611377004859e-05	0	2.64878886412626e-05	0.000295933652405831	0.000957217492967009	0.00391929414343648	0.0137408205765226	0.0349621862555259	0.0793558876182821	0.149909575828432	0.215743852983084	0.234000401885207	0.168065653428812	0.0777255124036389	0.0192530415403164	0.001947316502868	7.2156662160681e-05	
1.64480297087968e-05	2.74133828479946e-06	4.56889714133244e-05	0.000470596405557241	0.00164480297087968	0.00628954380475823	0.0198920643739332	0.0460362075960656	0.0987603668276137	0.172755483590349	0.226581660812386	0.218354904619703	0.139488429724879	0.0572711256666021	0.0112586763356714	0.00110201799048938	2.92409417045276e-05	
2.29318666722926e-05	4.21946346770184e-05	8.53065440209285e-05	0.000624664048153251	0.00272430576066836	0.0100193911864581	0.0276081329241065	0.0583111505743057	0.121525134243147	0.192443307839213	0.229756206739034	0.198499155190032	0.111721302603409	0.0395446281643683	0.00657227298827906	0.000494411045454629	5.50364800135023e-06	
1.00613099642641e-05	3.56719171460271e-05	7.86611506297008e-05	0.000191164889321017	0.00117168527856566	0.00473064501228852	0.0148596401526758	0.0356234399252902	0.0768281628871203	0.142169053788678	0.207577629866358	0.225602009335066	0.173896022764171	0.0873733303942113	0.0258365293236879	0.00377299123659902	0.000241471439142337	1.82932908441165e-06	
7.30339489182303e-06	5.38625373271948e-05	7.94244194485754e-05	0.000448245861485638	0.00204129887226454	0.00724131603524253	0.0207535095094766	0.0460515564903901	0.0967325524178345	0.164221398764448	0.217614692969843	0.217221222570046	0.145196055071249	0.064048947352565	0.0161943652482561	0.00196370030153892	0.000130548183691337	
5.43759006008537e-06	0.000118720716311864	0.000154065051702419	0.00107845536191693	0.00328883572134163	0.0107102398883482	0.0279057121883581	0.0602294663005356	0.117706605765658	0.180580553365415	0.223930833854436	0.200150439991662	0.117344099761652	0.0461660458751348	0.00948587585981893	0.00107754909690692	6.70636107410529e-05	
2.90242061879608e-05	0.00014421402449643	0.00028117199744587	0.00151742177976432	0.00590551895280664	0.0155805566842747	0.0376625355546526	0.0768270737795321	0.138852709409648	0.196834003308759	0.221384853718001	0.17635379781738	0.0913273857897487	0.0313243745283567	0.00536494311255587	0.000585019155976084	2.53961804144657e-05	
7.24592394134787e-06	8.78568277888429e-05	0.000215566237255099	0.000410300443178823	0.00261668428331925	0.00795149578513662	0.0205729895504719	0.0488936832752301	0.096361731015	0.160638510817712	0.209245980097258	0.211359978407147	0.149964359111613	0.0679649550888577	0.0205123049374631	0.00292735327230454	0.000268099185829871	9.05740492668484e-07	
4.51205711903348e-05	0.00019401845611844	0.000407889963560627	0.000878948726787722	0.00419350588642972	0.0112431439292076	0.0278123200817224	0.0618133777079111	0.115140478386344	0.179747721862361	0.213277720725322	0.197056875382397	0.124807109558161	0.0486517070916904	0.0130010413827831	0.00157290311169507	0.000156117176318558	
6.77367874880219e-05	0.000229401920292767	0.000522927999407529	0.00162658605687903	0.00606740984459375	0.0152425834991379	0.0365796715578648	0.0774972069864626	0.137103773661589	0.19304261908353	0.215629676660703	0.175564721597288	0.0986509541403886	0.0333969457030943	0.00783488841944786	0.000894125594841889	4.87704869913757e-05	
8.0337453411047e-05	0.000435988651657705	0.000695054372207935	0.00256718783709009	0.008124914810706	0.0210240407572663	0.0484723697833687	0.0968905794857861	0.160194687437659	0.199553720932962	0.205894963744339	0.153622361614223	0.0740909907413342	0.0232527280884109	0.00458194284847724	0.000506396756894353	1.1734684206108e-05	
