# <P(U)> as a function of N_tot.
# number_of_species: 1
# species_total_upper_bound: 103
# species_total_lower_bound: 0
# volume: 729
# Bin widths for each
10	10	10	10	10	10	10	10	10	10	10	10	10	10	10	10	10	10	10	10	10	10	10	10	10	10	10	10	10	10	10	10	10	10	10	10	10	10	10	10	10	10	10	10	10	10	10	10	10	10	10	10	10	10	10	10	10	10	10	10	10	10	10	10	10	10	10	10	10	10	10	10	10	10	10	10	10	10	10	10	10	10	10	10	10	10	10	10	10	10	10	10	10	10	10	10	10	10	10	10	10	10	10	10	
# Bin lower bound for each
0	0	0	0	-10	-10	-10	-10	-10	-10	-10	-10	-10	-20	-20	-20	-20	-30	-30	-30	-30	-30	-30	-30	-30	-30	-30	-40	-40	-40	-40	-50	-50	-50	-60	-60	-60	-60	-60	-60	-60	-70	-70	-70	-70	-70	-80	-80	-90	-90	-90	-90	-90	-100	-110	-110	-110	-120	-120	-120	-120	-120	-120	-130	-130	-130	-130	-140	-150	-150	-160	-160	-160	-160	-180	-180	-180	-180	-180	-180	-200	-200	-200	-200	-200	-210	-210	-220	-220	-220	-220	-250	-250	-250	-250	-250	-260	-260	-260	-260	-270	-270	-270	-270	
# Bin upper bound for each
0	0	0	0	0	0	0	0	0	0	0	0	0	0	0	0	0	0	0	0	0	0	0	0	0	0	0	0	0	0	0	0	0	0	0	0	0	0	-10	0	-10	-10	-10	-10	-10	-10	-10	-10	-10	-10	-10	-20	-20	-20	-20	-20	-20	-20	-30	-30	-30	-30	-30	-30	-30	-30	-30	-40	-40	-40	-40	-40	-50	-50	-50	-50	-50	-60	-60	-60	-60	-70	-70	-70	-70	-70	-70	-80	-80	-80	-80	-90	-90	-90	-90	-100	-100	-100	-100	-100	-100	-110	-110	-110	
# Normalized histogram for each
1	
1	
1	
1	
1.41141666713714e-06	0.999998588583333	
2.39092125008614e-05	0.999976090787499	
7.16367594901148e-05	0.99992836324051	
0.000431710318157848	0.999568289681842	
0.0013363849801582	0.998663615019842	
0.00339774450594711	0.996602255494053	
0.0073260850199166	0.992673914980083	
0.0156531177292423	0.984346882270758	
0.0309067876169255	0.969093212383075	
5.66578658115106e-06	0.0565856270326009	0.943408707180818	
4.12405146816232e-05	0.0948275862068965	0.905131173278422	
6.43114388612588e-05	0.147157434402332	0.852778254158806	
0.000208600930703057	0.216086275058901	0.783705124010396	
1.42141561624053e-06	0.000452010165964487	0.301530580335568	0.698015988082851	
5.67893031668555e-06	0.000891592059719631	0.397082165603287	0.602020563406677	
8.50918992511913e-06	0.00180678466076696	0.495718459269344	0.502466246879964	
2.8291544364678e-05	0.00400325352760194	0.593886197262793	0.40208225766524	
3.40445813793162e-05	0.00748838937922543	0.684476238300721	0.308001327738674	
6.97021725740443e-05	0.0141168236862207	0.760898788177943	0.224914685963263	
0.000115384122290076	0.0254101478198811	0.81617457475253	0.158299893305299	
0.000270108128548723	0.0435115762657409	0.849866794043974	0.106351521561737	
0.000617227635832844	0.0705421339825865	0.861105250853855	0.0677353875277254	
0.00123965049299726	0.107201138302624	0.850111081845562	0.0414481293588173	
2.8685350391555e-06	0.00252000803189811	0.158280026390522	0.815540288574625	0.0236568084679154	
3.74387839882961e-05	0.00480800383603541	0.222959478276146	0.758721436727735	0.0134736423760956	
9.82525495091707e-05	0.00854363713599598	0.296423607197866	0.687689822480761	0.00724468063586738	
0.000198514186519293	0.0152029988683242	0.378059400661038	0.602791949887485	0.00374713639663424	
1.45615728828565e-05	0.000470338804116265	0.02616132184134	0.462377992221208	0.509152676635519	0.00182310892493364	
4.66051090850835e-05	0.000789374035128601	0.040587224374472	0.540341091142116	0.41732544930238	0.000910256036818036	
3.4891581679012e-05	0.00173876382033743	0.0642005102893821	0.607622356780961	0.325999316706525	0.000404160821115222	
7.28645229924002e-06	8.88947180507283e-05	0.00342026070926327	0.097373233946124	0.655397439540662	0.243542381649799	0.000170502983802217	
1.02535257480679e-05	0.00020653530435394	0.00644360853796441	0.13996795040809	0.67869405236915	0.174608754753242	6.88451014513133e-05	
1.31481681679927e-05	0.000318477851180267	0.0108823005203753	0.192531548299065	0.677072224348654	0.119167691736815	1.46090757422141e-05	
1.31398370660204e-05	0.000566472975735101	0.0183563523812305	0.255388793178965	0.648141443046106	0.0775323385990014	1.45998189622449e-06	
7.00538685059699e-05	0.000995348715022322	0.0294591111623542	0.326102217350884	0.594885775707945	0.0484874931952883	
8.47738802905113e-05	0.00204480445735216	0.0467352555567086	0.397215324194319	0.524741549286511	0.0291753693875672	2.92323725139694e-06	
0.000202579809839213	0.00380938120675912	0.0715943471425237	0.460933658048217	0.447404849878085	0.0160551839145759	
8.86556260860314e-06	0.000400427911155242	0.00657529226804733	0.104665354563401	0.515532465690273	0.364380533588662	0.00843706041585399	
2.97227167752041e-05	0.000701456115894817	0.0116721108776227	0.144697615940887	0.554646700927051	0.283996100379559	0.00425629304220923	
8.18163832100881e-05	0.00137005252611802	0.0201045167106244	0.193992594873534	0.571350580226914	0.210918173203796	0.00218226607580362	
0.000167871977561608	0.00243340087828242	0.0329920431653821	0.25025849313359	0.562429062947535	0.150593048614536	0.00112607928311238	
0.000382268114228257	0.0043358426185812	0.0512328518540004	0.314227364744765	0.52771295085698	0.101501852587301	0.000606869224144471	
7.41594398292553e-06	0.000682266846429149	0.00710595752443924	0.0748328075429049	0.37298490262124	0.478168202508666	0.0659841031824782	0.000234343829860447	
4.30126026925889e-05	0.000968525157181399	0.0123179194952397	0.106604510983787	0.425151396945512	0.414987073971294	0.0398222541273559	0.000105306716937028	
4.4481479394696e-06	8.30320948700993e-05	0.00180891349538431	0.0194858534068365	0.146877844961286	0.46519472508963	0.342800969103164	0.0236952840735546	4.89296273341656e-05	
4.45778477815091e-06	0.000193170673719873	0.00329727480757229	0.0302698445719041	0.192488632648816	0.489745609081993	0.271253231893964	0.0127240036851021	2.37748521501382e-05	
9.48283015065846e-05	0.000391166743714662	0.00563932055521971	0.045899861313609	0.24303604660811	0.493068643836753	0.204962483553216	0.00690320401123715	4.44507663312115e-06	
9.33813382583343e-05	0.000752979679924346	0.0081582680281567	0.0672241878417498	0.29606923855671	0.474848551774023	0.149178911232886	0.00367448154829223	
0.000210157099832022	0.00159393800365555	0.0129379814558559	0.0959574357873861	0.348228834442085	0.43652441596306	0.102766821817859	0.00178041543026706	
5.9474336080552e-06	0.000343464290865188	0.00287409729109268	0.0207818198849469	0.130935724598139	0.392050362867793	0.385801097004129	0.06636146419868	0.000846022430745853	
2.08229528434486e-05	1.33861839707884e-05	0.000587504740940156	0.00446652338491972	0.0327902013133334	0.173080384034745	0.422283534250039	0.325388385254375	0.041010805625172	0.000358452259662222	
1.49198505627768e-05	9.84710137143266e-05	0.000893699048710328	0.00764940738353565	0.0491236079779425	0.218592222580299	0.436587651138086	0.26234916031081	0.0245715018918371	0.000119358804502214	
5.06301216463129e-05	0.000166781577187854	0.0015874032257344	0.01256371577441	0.0710578866093752	0.266792447772796	0.433624655082296	0.200306163323838	0.0138101102396443	4.0206273072072e-05	
4.44662493756198e-06	8.15214571886362e-05	0.000231224496753223	0.00273615654491314	0.0191323448980167	0.0998949114306423	0.311874415454097	0.413014381867256	0.14585967341022	0.00715165510791218	1.92687080627686e-05	
1.48600333459148e-05	0.000147114330124557	0.000352182790298181	0.00494541909752045	0.029547690305017	0.134441693687161	0.350289622049912	0.374991455480826	0.101656002116069	0.00361396010972649	
1.18262370983145e-05	0.000184784954661164	0.000851489071078642	0.00785705627219267	0.0428523701257425	0.173399244894761	0.378614024143263	0.327517288480358	0.0670458946696193	0.00166602115122505	
1.6249497742797e-05	0.000367829539814224	0.00144177361790636	0.012529839986764	0.0604422226949349	0.21444609893876	0.394511215107897	0.272778841381266	0.0428144720981351	0.000651457136779409	
5.15588448461779e-05	0.000567147293307957	0.0028607793340365	0.0191592667448397	0.0837035749429906	0.255425463587671	0.397290361736855	0.21460264334832	0.0260548939655528	0.000284310201580352	
8.27967561413755e-05	0.00100982472222428	0.00501511780056331	0.0287097751920219	0.113326581455005	0.296731745902669	0.377789770165076	0.16132356528746	0.0158747994766062	0.00013602324223226	
1.17794301700655e-05	0.000176691452550983	0.00153427077965103	0.00821468011484944	0.0408908194066112	0.14746668629905	0.330680998306707	0.344602812338953	0.11783552970625	0.0085400868732975	4.56452919090039e-05	
1.91562694786106e-05	0.000338918613852341	0.0026612478983362	0.0129511117267314	0.0571018921973567	0.186204833568857	0.352102547931197	0.302197518821035	0.0819799920133092	0.00442951892713102	1.32620327159612e-05	
4.59928369865493e-05	0.000738852671590373	0.00396131854045441	0.0200810660842885	0.0779652768917151	0.225645309175719	0.360580874694741	0.254788447786261	0.054123183653849	0.00206522674468634	4.45091970837574e-06	
9.34040436537883e-05	0.00123649162551205	0.00630403164469695	0.0296565251620115	0.104802302187285	0.260623968663685	0.359360938428944	0.203389528961925	0.0337055163242099	0.00082581035420889	1.48260386752045e-06	
2.97699674614256e-06	0.000202435778737694	0.00228484500266441	0.0100339675328735	0.0414502141949159	0.134886234069346	0.293774504404467	0.341288860971275	0.155484074555907	0.0202257158932925	0.000366170599775534	
1.50088627334441e-06	2.40141803735106e-05	0.000405239293802991	0.00357361021683304	0.0153165444194797	0.0589818287698886	0.168675602943538	0.318375500733183	0.309748406433999	0.113717650272486	0.0110240096777147	0.000156092172427819	
1.50631673924603e-05	0.000118999022400436	0.000823955256367577	0.00592133110197614	0.0232575304539587	0.0816152535658283	0.202185364325298	0.331377632100212	0.269526760470031	0.0790228824575859	0.00609606384372868	3.91642352203967e-05	
8.95745656006796e-06	1.04503659867459e-05	0.000303060613615633	0.00177656221774681	0.00871560523294612	0.0346310199706494	0.107832847888951	0.237441272675428	0.32958065667114	0.224856046208533	0.0518786025770602	0.00295297484596907	1.19432754134239e-05	
3.88871107175868e-05	5.68350079718577e-05	0.000521984678478377	0.00271761077591751	0.0130840170983635	0.0483695831002599	0.135757894831305	0.267321964337528	0.318412149529915	0.178980918393903	0.0333905671834664	0.00134459663596579	2.99131620904514e-06	
4.78574088503304e-05	0.000112165801992962	0.000743285381206695	0.00489940223105258	0.0189829403292889	0.0658338480497358	0.166148959176135	0.291061282907577	0.297484644501707	0.134322286746638	0.0198518514087277	0.000511476057087907	
4.62630637191623e-05	0.000222361177230812	0.0014401244028707	0.00792143039423592	0.0267803444658183	0.0857344112129728	0.196668760940841	0.30578691232851	0.264694865247634	0.0985030167994616	0.0119985494290989	0.000202960537606648	
3.28755659827553e-05	0	0.000115064480939643	0.000526009055724084	0.00244922966571527	0.0116259956066289	0.0391174404877539	0.109903017080351	0.226428966362319	0.309992677714849	0.22540384644122	0.0680374781452203	0.00625532360017334	0.000112075793123029	
1.64181799999701e-05	5.97024727271642e-06	0.000323885914544866	0.000858223045452985	0.00418215821453785	0.0170763997617871	0.053617298194448	0.13737091205975	0.25398775203772	0.301398978192179	0.182894047514213	0.0453350726653721	0.00288064430908567	5.22396636362687e-05	
2.40036245473066e-05	4.050611642358e-05	0.000408061617304213	0.00129619572555456	0.00631145302940744	0.0243201723460242	0.0702811124479796	0.166621159795129	0.276166201096366	0.280738891572627	0.144224277865958	0.0283437799107665	0.00121968417231002	4.50067960262e-06	
4.64054488978706e-05	7.63444481868193e-05	0.00059578608585008	0.00252236069009393	0.0098484338160997	0.0347726507241495	0.0928992178436436	0.195884884547734	0.287538640020957	0.251860334568317	0.106599303918267	0.0167284158527001	0.000627222035103477	
7.15467513303224e-05	0.000140112388021881	0.000982277273472551	0.00397382581347166	0.0152513824919137	0.0490825619699206	0.11733369106709	0.223750540327028	0.287491242975749	0.215239458033359	0.0765922878564295	0.00984662165183562	0.000244451400378602	
5.38057075898929e-05	0.000260060920017816	0.00143033506009799	0.00635505190756179	0.0226865787640829	0.065880605134858	0.144735858813823	0.244635122572391	0.279069280826934	0.176850393230046	0.0526234766259039	0.00533274346335383	8.66869733392719e-05	
1.79130946214441e-05	4.47827365536102e-06	0.000108971325613785	0.000355276376658641	0.00258396389914331	0.00949692566513559	0.0331840077862251	0.0850424167153057	0.172073186933592	0.260902730403448	0.260359366533264	0.139342977544443	0.0338109660979757	0.00270487728783805	1.19420630809627e-05	
2.54202186437865e-05	4.48592093713879e-06	0.000113643330407516	0.000613075861408968	0.00432592309038084	0.0143758812965508	0.0450655617344963	0.107744344375179	0.197307251192133	0.267492474867628	0.234553852733197	0.1059230604747	0.0210778471766361	0.00137717772770161	
1.49079508574308e-05	1.34171557716877e-05	0.000168459844688968	0.00123437833099527	0.00648943100823962	0.0211514006765228	0.0604472683416246	0.130930569200472	0.220837439231465	0.268186581949751	0.201246901009716	0.0758755066839798	0.0127790954749897	0.00062464314092635	
3.2749011575287e-05	1.48859143524032e-05	0.000459974753489258	0.00210933406373553	0.00932007097603963	0.0302734840184824	0.0773055304149002	0.1555994855428	0.237833742199781	0.258674022293145	0.168423700757395	0.052124517696375	0.00745486590768351	0.00037363645024532	
5.09708446768448e-05	0.000113934829277653	0.000746572960266727	0.00404768472433768	0.0140724505582807	0.0398592005372927	0.0979194900516904	0.180129465945479	0.249514277833079	0.240894208512731	0.133781976709322	0.0346991520850074	0.00400420959211331	0.000166404816444993	
1.50410545584172e-05	5.11395854986185e-05	0.000342936043931912	0.00159134357228054	0.00594572886694232	0.0196225597769111	0.0534453791624238	0.121479077141057	0.204093573408619	0.255700935704004	0.212960275070806	0.101018730625242	0.0216907047786934	0.00200647667809285	3.60985309402013e-05	
3.45519661571003e-05	4.3565522545909e-05	0.000599401499855783	0.0028798312662244	0.00849077011825786	0.0281343140082684	0.0697724377463705	0.146473295836939	0.223817120949909	0.249481720507644	0.182761873858283	0.0733583309297183	0.0133250408614556	0.000824740409576002	3.00451879626959e-06	
5.99582390864763e-06	5.69603271321525e-05	0.00013340708196741	0.000923356881931735	0.00436346084951831	0.0122149922578924	0.0377242250772337	0.0906493627188663	0.169642843759322	0.240416050221021	0.233331984272954	0.15174980625994	0.0507726368584281	0.00760870054007384	0.000406217069810877	
1.64568419320332e-05	4.7874449256824e-05	0.000272285930148186	0.00171749586708856	0.00640619974117876	0.0180262262217335	0.0503250226281577	0.112679996708632	0.19165488506392	0.247093497303322	0.214603203099871	0.119704076060531	0.033583926153662	0.00374168742472865	0.000127166505838439	
6.12801879657668e-05	0.000110603266084555	0.000570951995193242	0.00283234039500312	0.00858072095393822	0.0257167540033898	0.0648045460931638	0.135625013078089	0.214262440625476	0.245161107108801	0.18839771738773	0.0915391490722777	0.0203510009595581	0.00192061076917098	6.57641041583839e-05	
9.35962347571846e-05	0.000213934250873565	0.00102510161876916	0.00427274239939148	0.0126518338919394	0.0351758420689819	0.0812875870593549	0.157607145403979	0.230488899189427	0.236067531911859	0.161343566521667	0.0663463595521643	0.0124364139865459	0.000986474601250327	2.97130903991062e-06	
8.9195324381096e-06	0	0	0.000154605228927233	0.000367187418702178	0.00184039685972995	0.00619164210078774	0.0181958461737436	0.0472601426233237	0.102787205228035	0.177415446548959	0.239120771955801	0.220151899637421	0.132721156090331	0.0459355920562644	0.00735712767270073	0.000492060872835713	
2.67216142230245e-05	0	0	0.000222680118525204	0.000627957934241076	0.00286366632423413	0.00941343087712214	0.0262985219978266	0.0617818566177562	0.12498292785758	0.198364934116376	0.239706240387642	0.196644359067238	0.104739820549515	0.0303320012113798	0.00383306710688052	0.000161814219461649	
4.01590894893251e-05	0	0	0.000315323221175442	0.000995052995124389	0.00449781802280441	0.0144141383792981	0.0362562209404366	0.0797336411205278	0.149463206837159	0.213766833351678	0.231341640811154	0.168935903118428	0.0784708608621413	0.0197493477866392	0.00193656053759634	8.32929263482299e-05	
2.67890230489778e-05	0	3.27421392820839e-05	0.000671213855282721	0.00173979821912528	0.00681929464502312	0.0207838170488319	0.047084684566695	0.0996030759751576	0.171848606301076	0.224182451106312	0.216892860278874	0.14002324691889	0.0579967466219786	0.011215670983172	0.00103881878267703	4.01835345734667e-05	
3.74663739293984e-05	2.09811694004631e-05	0.000115396431702547	0.000728346309187504	0.00278150360051853	0.0104171506073299	0.0287636845930777	0.0593737120933962	0.122033974507879	0.1896622781054	0.228946520497853	0.198923965740748	0.111526904603119	0.0396169437929458	0.00656710602234495	0.000484065551167827	
1.64374145441232e-05	4.93122436323697e-05	3.58634499144507e-05	0.000237595355683236	0.00124476057411406	0.00498203091728245	0.0155019762255213	0.0362459933802049	0.0782704851278756	0.140946346784618	0.203155983592472	0.226564356213716	0.174825352470469	0.0882181095478964	0.0259008823902989	0.00356691895607475	0.000237595355683236	
1.19283523516001e-05	6.11328058019506e-05	1.64014844834502e-05	0.000568087780744955	0.00222165562548552	0.00776535738089167	0.0214158656032541	0.0471140097007325	0.0972816776034747	0.162698252943694	0.214981712344801	0.217185475441759	0.145345482360203	0.065146696368264	0.0162046666696488	0.00184740357045407	0.000134193963955501	
8.90154886950329e-06	0.000132039641564299	0.000121654501216545	0.00128775740312148	0.0035161118034538	0.0113657943148775	0.0292564239511008	0.0621164916028722	0.11574832354163	0.179266809091449	0.222541688920539	0.200403536882084	0.116863984333274	0.0467450002967183	0.0095943860898463	0.000961367277906356	6.97287994777758e-05	
4.73274065616491e-05	0.000149377126960205	0.000252905828813812	0.00155145154634906	0.00620432720394119	0.0162066787844547	0.0395272583677073	0.0785324362817815	0.136758457185705	0.195354223453392	0.220525008836914	0.176037246668964	0.0915164144756789	0.0313839864761936	0.00542194601421893	0.000514685546357934	1.62687960055669e-05	
1.18188117071239e-05	0.000143303091948878	0.000264445911946898	0.000447637493407319	0.0024863825128862	0.00782848540450622	0.0208720214747809	0.0515078587711095	0.0979365832110825	0.159508160150808	0.208845789622197	0.208891587517562	0.149363187651706	0.0679965784540108	0.020721331625515	0.00288379005653824	0.000289560886824536	1.47735146339049e-06	
7.37163042773148e-05	0.000316980108392454	0.000446720803920528	0.0008757496948145	0.00403817914831131	0.0110397537285707	0.0285709652118017	0.0649175261987745	0.118373641408512	0.177091626417565	0.210119479385973	0.195146223661164	0.12471029492419	0.0494297306701107	0.0131156048570199	0.00153624778113924	0.000197559695463204	
0.000110398021667452	0.000362105511069242	0.000596149317004239	0.0015897315120113	0.00573480923221856	0.0154763306641545	0.0381815237870937	0.0799384715025907	0.139855157795572	0.188994053226566	0.211432819123881	0.174764484220443	0.0999028497409326	0.0343440885539331	0.00777938059349976	0.000865520489872822	7.21267074894018e-05	
0.000131041722801113	0.000678766676531605	0.000884899723634479	0.00219384457273773	0.00793317755564488	0.0217043374810247	0.050383333848666	0.10045599574777	0.164103991177506	0.194602847875284	0.201129903573905	0.152218948633117	0.0746304697035954	0.02397621813588	0.00455995747769714	0.000393125168403338	1.91409258024097e-05	
