# <P(U)> as a function of N_tot.
# number_of_species: 1
# species_total_upper_bound: 103
# species_total_lower_bound: 0
# volume: 729
# Bin widths for each
10	10	10	10	10	10	10	10	10	10	10	10	10	10	10	10	10	10	10	10	10	10	10	10	10	10	10	10	10	10	10	10	10	10	10	10	10	10	10	10	10	10	10	10	10	10	10	10	10	10	10	10	10	10	10	10	10	10	10	10	10	10	10	10	10	10	10	10	10	10	10	10	10	10	10	10	10	10	10	10	10	10	10	10	10	10	10	10	10	10	10	10	10	10	10	10	10	10	10	10	10	10	10	10	
# Bin lower bound for each
0	0	0	0	-10	-10	-10	-10	-10	-10	-10	-10	-10	-20	-20	-20	-20	-30	-30	-30	-30	-30	-30	-30	-30	-40	-40	-40	-40	-40	-40	-50	-50	-50	-60	-60	-60	-60	-70	-70	-70	-80	-90	-90	-90	-90	-90	-90	-90	-90	-90	-90	-100	-110	-110	-110	-120	-120	-120	-120	-120	-130	-130	-130	-130	-130	-140	-140	-150	-150	-160	-160	-160	-170	-180	-180	-180	-180	-190	-190	-200	-200	-200	-200	-200	-210	-210	-220	-220	-220	-220	-250	-250	-250	-250	-250	-260	-260	-260	-260	-270	-270	-270	-270	
# Bin upper bound for each
0	0	0	0	0	0	0	0	0	0	0	0	0	0	0	0	0	0	0	0	0	0	0	0	0	0	0	0	0	0	0	0	0	0	0	0	0	0	-10	0	-10	-10	-10	-10	-10	-10	-10	-10	-10	-10	-10	-20	-20	-10	-20	-20	-20	-20	-20	-20	-30	-30	-30	-30	-30	-30	-30	-30	-40	-40	-40	-40	-40	-50	-50	-50	-50	-50	-50	-60	-60	-60	-60	-70	-70	-70	-70	-80	-80	-80	-80	-80	-90	-90	-90	-90	-90	-100	-100	-100	-100	-110	-110	-110	
# Normalized histogram for each
1	
1	
1	
1	
2.12847586760667e-06	0.999997871524132	
2.60602118535671e-05	0.999973939788146	
0.000123138655718649	0.999876861344281	
0.000509996948509413	0.999490003051491	
0.00148402050665819	0.998515979493342	
0.00368179241830176	0.996318207581698	
0.00784597537223683	0.992154024627763	
0.016465588468289	0.983534411531711	
0.03174737321036	0.96825262678964	
5.30726968572472e-06	0.0565409975968683	0.943453695133446	
3.02905501454744e-05	0.0943768516427309	0.905592857807124	
8.31487803513036e-05	0.146877523445558	0.853039327774091	
0.000228371900438389	0.215499302078398	0.784272326021164	
5.32992786475628e-07	0.000497282269781761	0.30034090218623	0.699161282551202	
2.13106360851935e-06	0.00104741776358726	0.395983584417024	0.602966866755781	
3.19931747893783e-06	0.00209288685080516	0.495817425615869	0.502086488215847	
1.22416610337284e-05	0.00418771256579893	0.59524650979599	0.400553535977177	
2.23697560897666e-05	0.00795777442231436	0.684871387217815	0.307148468603781	
5.86537784764094e-05	0.0147055686963718	0.760367321953789	0.224868455571362	
9.88558371967263e-05	0.0262390109713949	0.815762109038523	0.157900024152886	
0.000225358731582798	0.0444180991898834	0.848883085812546	0.106473456265987	
5.33965263423753e-07	0.000553721978170432	0.0713996991639706	0.860245271604101	0.0678007732884945	
5.34303628723094e-07	0.00126416238555884	0.108246709357527	0.849517123095542	0.0409714708577443	
2.14062515887452e-06	0.00253824628213547	0.158869707103611	0.815246388631568	0.0233435173575267	
3.05999523284953e-05	0.00474567681726138	0.223051105141436	0.759336743349074	0.0128358747399004	
7.24922513837965e-05	0.00894393288184085	0.297227896307084	0.686871062596791	0.00688461596290115	
0.000212580811575562	0.0155914067964662	0.380243190301161	0.600395314418294	0.00355750767250316	
5.38566186014298e-06	0.000465859750902368	0.0262389445826166	0.464442244700778	0.50717100876678	0.00167655653706251	
2.04190856118525e-05	0.000871035204652972	0.042016030056894	0.54343461916256	0.41288841936933	0.000769477120951916	
2.68625267214985e-05	0.00175304849384499	0.0651598938178044	0.609939457237275	0.322778509333922	0.00034222859043189	
2.69158717512543e-06	6.67513619431106e-05	0.00344253999698542	0.0981670291337396	0.657232833056997	0.240939040933658	0.000149113929501949	
3.7791262660073e-06	0.000156563802448874	0.00639482151726521	0.14055110458462	0.680073746949705	0.172759517999439	6.04660202561168e-05	
4.84305801445384e-06	0.000313722535825176	0.0110959840286709	0.193658822706408	0.676661303428347	0.11823949459999	2.58296427437538e-05	
1.56390886617686e-05	0.000684344948682218	0.018602426323714	0.257687420995638	0.646249207259989	0.0767582649887183	2.69639459685665e-06	
2.15365000603022e-06	6.13790251718613e-05	0.00125719319102014	0.0302792422597819	0.327873830568047	0.592910076497648	0.0476161248083252	
4.30244233517209e-06	0.000125308633011887	0.00238193963780965	0.0471434740823563	0.398649248228873	0.523541619944832	0.0281530314201986	1.07561058379302e-06	
1.45537575376336e-05	0.000226930811975694	0.00433701974621481	0.0720842220558422	0.463257422012073	0.444471216171273	0.0156086354450836	
1.07915435306585e-06	1.83456240021195e-05	0.000379322755102646	0.00730209793002008	0.105256938557807	0.517376273604478	0.361189184930904	0.00847675744333226	
2.69874794287938e-06	2.69874794287938e-06	3.67029720231596e-05	0.000743774933057557	0.0126754793381159	0.145853832572916	0.555087652634437	0.28124030137458	0.00435685867898447	
2.16340875336816e-06	2.16340875336816e-06	0.000128181968637063	0.0014267680728463	0.0212933506550261	0.195658146802428	0.570190174446465	0.209159980832198	0.00213907040489277	
5.40930595359032e-07	8.11395893038548e-06	0.00021204479338074	0.00263216827701705	0.0336512923372854	0.252179138903404	0.560842250574198	0.149451550469365	0.00102289975582393	
1.19178405739632e-05	1.02926804956955e-05	0.000403581419436481	0.00465120814400218	0.0517873510540788	0.314068144045522	0.527325441555993	0.101246389436026	0.000495673823871651	
1.625808297692e-05	2.6012932763072e-05	0.000721316948076018	0.00754483437348935	0.0765815321183849	0.372746358731349	0.475715301457375	0.066458165784756	0.000190219570829964	
6.50867932387839e-06	6.56291831824405e-05	0.00110267875545373	0.0126512454357886	0.10848449741063	0.424624069530052	0.412537452025609	0.0404330007398199	9.49182401398932e-05	
1.02864450100185e-05	0.000129934042231812	0.00196633517244142	0.0199876454381511	0.148228213986209	0.463180752870324	0.342690208549552	0.0237654777160411	4.11457800400738e-05	
7.58447068791691e-06	0.000265456474077092	0.0034801885499413	0.0313585358070987	0.195266531843671	0.485979835059432	0.270701677305693	0.0129206875647727	1.95029246260721e-05	
5.23909161712935e-05	0.00051526736110736	0.0056717217599459	0.0476433269636061	0.246232444992239	0.48810888236673	0.204972708113463	0.00679947673897333	3.7807877649387e-06	
8.50664493589132e-05	0.000967698589522414	0.0090620150670562	0.0692863520905757	0.298706231415419	0.470396875623098	0.147999908973481	0.00349585179148859	
5.42299349240781e-07	0.000148047722342733	0.00183351409978308	0.0145471800433839	0.0982310195227766	0.349061279826464	0.433382863340564	0.101144793926247	0.00165075921908894	
2.17389532150553e-06	6.52168596451659e-06	0.000297823659046258	0.00305323597905452	0.0230748118901205	0.133352717233283	0.393192446800705	0.380561028035098	0.0656652255552265	0.000793471792349519	5.43473830376383e-07	
2.22562398896959e-05	2.98559315593482e-05	0.000528721406160093	0.00486705967929301	0.0351105755137934	0.175144122724164	0.423060178701321	0.32020432313889	0.0406692071350248	0.000363699529904787	
2.93049357652089e-05	7.97745473608463e-05	0.000915507900664951	0.00789985092470639	0.0512950339530242	0.220715007871631	0.43804421029439	0.256735115399038	0.0241554073304669	0.000130786842952136	
5.42023046819951e-07	6.77528808524938e-05	0.000139299923032727	0.00160764035686797	0.0125841490780188	0.0731563086062419	0.268527973809446	0.433109477814997	0.197137034266697	0.0136215811896322	4.82400511669756e-05	
8.65477716653414e-06	8.81705423840666e-05	0.000255856849985666	0.00278359270618654	0.0195100314276596	0.102124747794384	0.314873775484262	0.409420184022199	0.143863492527141	0.00705418431429823	1.73095543330683e-05	
8.68101711136985e-06	0.000130757820240008	0.000472572869000196	0.00474851635991931	0.02991532752935	0.136421098778038	0.352758555956209	0.371705418365343	0.100400845965118	0.003437140212533	1.08512713892123e-06	
1.73186038607498e-05	0.000161279498453232	0.000798279396706434	0.00788429440760633	0.0432965096518744	0.175536497875224	0.380674819399434	0.323637079996796	0.0663535246606095	0.00163877289032345	1.62361911194529e-06	
2.32536130977328e-05	0.000270390849973637	0.00146335528005732	0.0123736260764936	0.061968715778658	0.215801100490759	0.396556842916436	0.268535427961118	0.0423010261332757	0.00070626090013114	
4.85797441898626e-06	4.48013196417622e-05	0.000432359723289777	0.00270211332682725	0.019214908151897	0.0858965445767733	0.257516365976043	0.396278467730095	0.212204959020287	0.0254077459862336	0.000296876214493605	
4.85986577050742e-06	7.82978374137306e-05	0.000833196987099216	0.00467681082648497	0.0288195440041946	0.115518469379876	0.298279121530663	0.376996527355914	0.159784286758	0.0148803690042081	0.000128516450375641	
1.45173544218517e-05	0.000152163381532742	0.0013743095519353	0.00775172958147543	0.0423740068382116	0.149222810742627	0.33253989718487	0.342981638772735	0.115412967653721	0.00813509527417099	4.08636642985456e-05	
2.78993905056228e-05	0.000306356768821358	0.00234086616876985	0.0125836981715169	0.0591391964975534	0.187365331788136	0.354388788737231	0.29941196669242	0.0802627907974933	0.00416076487252125	1.23401150313332e-05	
4.40409860454524e-05	0.000664911472247197	0.00376711556247321	0.0194634304061116	0.0809731124409341	0.226734274951098	0.361404091085352	0.252117458383954	0.0527605641972564	0.00206670383296221	4.29668156541e-06	
1.01831847749597e-05	9.8616105189083e-05	0.0010504759031011	0.00591267865459763	0.0293640172342363	0.107860829093466	0.263760564384258	0.356892220636385	0.201308164073617	0.0328750721532237	0.000860211134937381	6.96744221444608e-06	
1.1232799775344e-05	0.000177050320268517	0.00192241344726602	0.00945052887765609	0.0420668351586633	0.139035851352616	0.296724034179805	0.337223091426967	0.153419718912558	0.019581979379789	0.000385659458953477	1.604685682192e-06	
2.68809833708861e-06	2.15047866967089e-05	0.000424181917592582	0.00309561404499124	0.0149248595871834	0.0588844069329282	0.173374278447204	0.320278852569096	0.305537321288502	0.112459819650106	0.0108050800757614	0.000191392601600709	
6.45118282437085e-06	8.44029752855186e-05	0.00083865376716821	0.00498138833755169	0.0226522532906408	0.0806526876702843	0.20820762486802	0.332399883018551	0.265637667166275	0.0785909971593292	0.00587057637017747	7.74141938924502e-05	
3.20963232056952e-06	1.9792732643512e-05	0.000196322510274835	0.00151922596506957	0.00796202790989278	0.0330950537961124	0.106181591367801	0.243037638823285	0.332837266826899	0.220048647327205	0.0521495710058934	0.00291916059555798	3.04915070454104e-05	
1.66213333204652e-05	5.73704085577347e-05	0.000383899182498487	0.00245513178304549	0.0119351896681792	0.0462250003082989	0.136501359464214	0.271648884520874	0.320220709859614	0.17577059986392	0.0333499010494495	0.00142300060104886	1.23319569797e-05	
2.89997814275733e-05	9.4517806134313e-05	0.000661624642940191	0.00425383830903349	0.0176340152399222	0.0631400426296787	0.168634266034328	0.294497076660922	0.297706922838563	0.132479057055996	0.0202944766694073	0.000571403100721074	3.75923092579654e-06	
5.36674165793677e-07	4.72273265898435e-05	0.000167979013893421	0.00122415377217538	0.00672452729739477	0.0254066916828384	0.084531547854162	0.200041001906267	0.308450793419087	0.264234208899346	0.0967870391042264	0.0121336662144292	0.000250626835425647	
1.17711264968057e-05	3.21030722640157e-06	0.000104870036062451	0.000408779120161799	0.00231463151023553	0.0100632430523601	0.036465344733491	0.110494494323107	0.229405879142634	0.311239820650836	0.225009363396077	0.0679268906034308	0.00644843711543195	0.00010326488244925	
1.01635801478533e-05	1.28382065025516e-05	0.000177060264681024	0.000722684041039467	0.00382685538830225	0.0149361834151769	0.0511399257523724	0.138759080356474	0.257401226048721	0.30103026607183	0.183461180473088	0.0452471889677012	0.00323629788918488	3.90495447785944e-05	
3.58705405422769e-05	4.28304961698829e-05	0.000230749298115244	0.00128277336028799	0.00599038027056024	0.0218237439421617	0.0682696693699848	0.169164398434974	0.279585165229347	0.279791822373366	0.14402236180205	0.0282188724015273	0.00152423028244571	1.71321984679532e-05	
5.24547764891269e-05	4.81727539185859e-05	0.000392875570847134	0.00216456240940846	0.00927539614061306	0.0317073066292132	0.0896264791711717	0.199583466254451	0.29075682607923	0.25148693233762	0.107347094326534	0.0168122911175865	0.000735972629311729	1.01698036050348e-05	
1.06744034743048e-06	4.8568535808087e-05	9.01987093578759e-05	0.0007493431238962	0.00367839943724545	0.0140491161327063	0.0450358419782659	0.115478365385898	0.227774157375933	0.291367983514451	0.215035857989871	0.0766016542123064	0.00975693849568834	0.00033090650770345	1.60116052114573e-06	
8.02226124012393e-06	6.52477247530079e-05	0.000181303104026801	0.00126430837144353	0.00586641223619462	0.0204097022297073	0.060785208233835	0.143570665692586	0.251194648403008	0.281624689739047	0.177351872957332	0.0522644971619914	0.00529041387915373	0.0001230080056819	
6.41219171384526e-06	8.01523964230657e-06	9.99233208740886e-05	0.000363891879760718	0.00214594682690021	0.00874195470320903	0.0295318832874238	0.0800834653621419	0.172461239636963	0.266962518067686	0.261627574561767	0.141177224963731	0.0341689665951529	0.00258411326067964	3.68701023546102e-05	
9.06930281068364e-06	3.73441880439915e-06	0.000171783265002361	0.000600174450707006	0.00350875321093331	0.0131190132598542	0.0415400743149342	0.102481521295523	0.198121587341387	0.274778002139288	0.235705311677261	0.107630751338389	0.021040782520786	0.0012675684398932	2.18730244257664e-05	
5.34182041761284e-06	1.76280073781224e-05	0.000254804833920132	0.00105874880677086	0.00568049183208949	0.0194661277838229	0.055958773966745	0.126734155225823	0.223931782816539	0.273767228038574	0.202466745832445	0.0778052169286562	0.0122674905890479	0.000581190061436277	4.27345633409027e-06	
1.17420882343208e-05	4.53671590871487e-05	0.000517185613593495	0.00186912695439053	0.0084815238241633	0.0278447610538417	0.0728778043575957	0.153401843080868	0.242615560828821	0.263206913741552	0.168064508897834	0.0535780811506393	0.00717975322400382	0.00030582802537572	
1.87661321714774e-05	0.000144231130117926	0.000784960499972655	0.00321329800296183	0.0129003754298785	0.0380582522189611	0.093383490736501	0.179153293563431	0.257250429208252	0.242568879747697	0.133191818824254	0.0355253605510165	0.00367011927753608	0.000136724677249335	
5.35669423400076e-06	2.35694546296033e-05	0.000317116298652845	0.00127542889711558	0.00532991076283076	0.0187195036701391	0.0508248505616226	0.116389716646945	0.203758470942344	0.261952525761682	0.216444194227305	0.100757811533284	0.0223684837823404	0.00177949382453505	5.35669423400076e-05	
1.23300926633268e-05	3.80624599607045e-05	0.000491059342591625	0.00215508576115538	0.00810140697079108	0.0264630593104262	0.0669266707945673	0.14134628529154	0.224513296396664	0.257684998297911	0.184802892746957	0.0733619069828531	0.0133073865296418	0.000780548474687124	1.5010547590137e-05	
2.14602060716288e-06	2.03871957680474e-05	0.000127688226126191	0.00096141723200897	0.00355756566152427	0.011933484091281	0.0360638763033722	0.0863993261495293	0.166261873529641	0.240441758341984	0.242680594340407	0.15271672796238	0.0508386916785368	0.00759369391844585	0.000400769348387668	
5.90812436924059e-06	2.63180085538899e-05	0.000285201276369705	0.00160163880627958	0.00557136128019387	0.0171647125992901	0.048373036824265	0.107415609157163	0.189644884128254	0.249696134421646	0.222769051955509	0.119947278046538	0.0333685493352554	0.00397455639385276	0.000155759642461797	
2.80155960668258e-05	7.75816506465946e-05	0.000501048160425923	0.00243035295879714	0.00815199969398349	0.0244985612375135	0.0632511344969503	0.129867373090697	0.212050585391267	0.249963229530162	0.195520306188915	0.0911153385927227	0.0205715289349925	0.00190990938570957	6.30350911503581e-05	
4.94738296884923e-05	0.000200584113845735	0.000879773754025798	0.00378689900724308	0.0117252976361727	0.0334007503889342	0.0803363575107995	0.154147009333883	0.230038788557994	0.240878397090939	0.165147945572334	0.0660147593340177	0.012374372771325	0.00100507160530209	1.45194934955358e-05	
3.22036991315736e-06	0	2.6836415942978e-06	7.83623345534957e-05	0.00035316723380959	0.00148942108483528	0.00567590197193984	0.0170593728866322	0.0447813905557285	0.100882918084524	0.177115514668785	0.241047371641423	0.222898976995824	0.134937256459525	0.0457716543040244	0.0074417381409878	0.000456219071030626	4.83055486973604e-06	
9.6501498989951e-06	0	1.44752248484926e-05	0.000186033445275072	0.000607959443636691	0.00248491359899124	0.00835971040972392	0.0244572326801254	0.0598320016126473	0.123387888847429	0.199002174500444	0.24313606282462	0.198461229986661	0.10532280823651	0.030560416371801	0.00401928743293146	0.000158155234455753	
1.44658640433804e-05	0	2.83959553444135e-05	0.000272172553112491	0.0010506503477433	0.00381523769825601	0.0129378401822056	0.0334536500321732	0.0769332153918937	0.147062116955975	0.215735323979098	0.236156837826413	0.171964298247541	0.0790023697228394	0.0195439180953493	0.00195664205505279	7.28650929592497e-05	
9.6629768410655e-06	4.83148842053275e-06	5.58305328594896e-05	0.000474559529305661	0.00180429250904562	0.00588851072053597	0.018618945876593	0.0446960993783485	0.0959694649931822	0.170245010146126	0.227552367966158	0.22176263434222	0.142908448662751	0.0574898807159192	0.0114828374794662	0.0010151494003586	2.14732818690345e-05	
1.34564508879912e-05	2.7451159811502e-05	0.000111957671388087	0.00067174602832852	0.00295234532482527	0.0092348931154106	0.0260888287236018	0.0580409022281191	0.117701961143152	0.190707513274789	0.231033805295921	0.202358108453612	0.114750692334398	0.0392460081438441	0.00661465299850095	0.00044244810519715	3.22954821311789e-06	
5.91704836111208e-06	2.09786260075792e-05	5.00259543257658e-05	0.000238833588393979	0.00117426514293706	0.00475569314187199	0.0138561135212624	0.035092938002781	0.0756231055359367	0.138208801878394	0.207456556761976	0.228217865720656	0.177035397397037	0.0887680974268908	0.025549814823282	0.00374065039119758	0.00020386921171468	1.07582697474765e-06	
4.29221622683075e-06	3.16550946728768e-05	6.49197704308151e-05	0.000436733001080029	0.0020307548023193	0.00726296638282598	0.0198606210085742	0.045533975842334	0.0942704815169121	0.162160465576694	0.218161010688155	0.218140086134049	0.148888396476305	0.0651397465124402	0.0158935401609259	0.0020237799509507	9.65748651036919e-05	
3.20795058472919e-06	7.0040254433254e-05	0.000128318023389168	0.000952226665233782	0.00317907902946663	0.0108065162030911	0.0278530309519112	0.0593786306649066	0.114073653476109	0.181644855275983	0.223400609403679	0.2012058686248	0.120415771782118	0.0464340153970935	0.00935277992977796	0.00105808903452985	4.33073328938441e-05	
1.71074508294441e-05	8.71410776624807e-05	0.000201012547245968	0.00139158420340759	0.00536265122719229	0.0154432166284422	0.0378796383912581	0.0754246122756652	0.135520948608149	0.197810246293831	0.221277391969121	0.178650435972692	0.0935595793705527	0.0315113898199975	0.00534180152149391	0.00050627362298386	1.49690194757636e-05	
4.26471285954861e-06	5.17096434220269e-05	0.000134338455075781	0.000321452731788477	0.00230454421147858	0.00768394639469171	0.0211737662585514	0.0492174518447282	0.0935965869502985	0.158500718870661	0.209293449027885	0.211422073833908	0.152169752630661	0.0707169355479276	0.0203490774093362	0.00285575834857524	0.000203640039043446	5.33089107443577e-07	
2.65809554896584e-05	0.000114298108605531	0.000297706701484174	0.000724596846648088	0.00369103147929397	0.0113564474234017	0.0289259273829561	0.0620383552555334	0.112485287441136	0.177934510905103	0.213281865515251	0.197754334556412	0.125988944448993	0.0510529779707673	0.0127439732999618	0.00147736950611521	0.00010579220284884	
3.99048243336426e-05	0.000135676402734385	0.000378829799007381	0.00142752858249551	0.00566010028348387	0.0157097312436684	0.0385262456689964	0.0779229485727907	0.133906224726945	0.19312019545915	0.213627018652047	0.176463921782288	0.0995135867945891	0.0352088246060596	0.00758351281636545	0.000742761796930202	3.29879881158112e-05	
4.72681153724409e-05	0.000270862234156684	0.000576777228027762	0.00237986994363941	0.00815560876021575	0.0227242792409059	0.0512359815516263	0.0965884104954336	0.156359739037515	0.200742374962557	0.204702274605444	0.15313860286073	0.0746703447279587	0.0237153163564674	0.00429130755291373	0.000388235868957913	1.27464580779616e-05	
