# <P(U)> as a function of N_tot.
# number_of_species: 1
# species_total_upper_bound: 103
# species_total_lower_bound: 0
# volume: 729
# Bin widths for each
10	10	10	10	10	10	10	10	10	10	10	10	10	10	10	10	10	10	10	10	10	10	10	10	10	10	10	10	10	10	10	10	10	10	10	10	10	10	10	10	10	10	10	10	10	10	10	10	10	10	10	10	10	10	10	10	10	10	10	10	10	10	10	10	10	10	10	10	10	10	10	10	10	10	10	10	10	10	10	10	10	10	10	10	10	10	10	10	10	10	10	10	10	10	10	10	10	10	10	10	10	10	10	10	
# Bin lower bound for each
0	0	0	0	-10	-10	-10	-10	-10	-10	-10	-10	-10	-20	-20	-20	-20	-30	-30	-30	-30	-30	-30	-30	-30	-30	-30	-40	-40	-40	-40	-50	-50	-50	-60	-60	-60	-60	-60	-60	-60	-70	-70	-70	-70	-70	-80	-80	-90	-90	-90	-90	-90	-100	-110	-110	-110	-120	-120	-120	-120	-120	-120	-130	-130	-130	-130	-140	-150	-150	-160	-160	-160	-160	-180	-180	-180	-180	-180	-180	-200	-200	-200	-200	-200	-210	-210	-220	-220	-220	-220	-250	-250	-250	-250	-250	-260	-260	-260	-260	-270	-270	-270	-270	
# Bin upper bound for each
0	0	0	0	0	0	0	0	0	0	0	0	0	0	0	0	0	0	0	0	0	0	0	0	0	0	0	0	0	0	0	0	0	0	0	0	0	0	-10	0	-10	-10	-10	-10	-10	-10	-10	-10	-10	-10	-10	-20	-20	-20	-20	-20	-20	-20	-30	-30	-30	-30	-30	-30	-30	-30	-30	-40	-40	-40	-40	-40	-50	-50	-50	-50	-50	-50	-60	-60	-60	-70	-70	-70	-70	-70	-70	-80	-80	-80	-80	-90	-90	-90	-90	-90	-90	-100	-100	-100	-100	-110	-110	-110	
# Normalized histogram for each
1	
1	
1	
1	
1.1200729391498e-06	0.999998879927061	
2.00972707906266e-05	0.999979902729209	
8.8107888667318e-05	0.999911892111333	
0.000434984825721657	0.999565015174278	
0.00133472492623889	0.998665275073761	
0.0034185264240135	0.996581473575986	
0.0073685627432725	0.992631437256728	
0.0156275793759974	0.984372420624003	
0.030886636465702	0.969113363534298	
1.12452418570392e-05	0.0563858917195662	0.943602863038577	
5.30030753060928e-05	0.0946240221214537	0.90532297480324	
0.000104217642687546	0.146523208815906	0.853372573541406	
0.000250315442763845	0.214616609618909	0.785133074938327	
1.12948150022251e-06	0.000482288600595011	0.300370921724673	0.699145660193232	
4.52465655028873e-06	0.000996555605201093	0.396373487774944	0.602625431963305	
6.78982657651286e-06	0.00189096670155883	0.495934591337313	0.502167652134552	
2.26118239488611e-05	0.00404525530445125	0.594922741050523	0.401009391821077	
3.05935141749949e-05	0.00764271307816076	0.685268656378181	0.307058037029483	
6.81278578217026e-05	0.0142943600352902	0.761075602619289	0.224561909487599	
0.000112554742533869	0.0258580309514173	0.815843387465722	0.158186026840327	
0.000266767470715175	0.0439803068847576	0.849254810612123	0.106498115032404	
0.000575722269756604	0.0707478472993392	0.860892528808869	0.0677839016220349	
0.00125218217879699	0.107367766819914	0.850003199005566	0.0413768519957225	
3.43592627418463e-06	0.00252655112028376	0.158443158898992	0.815491904385044	0.0235349496694066	
3.78954040913256e-05	0.00485865014273936	0.222274918524881	0.759452606629629	0.0133759292986594	
9.09429983100719e-05	0.00869253899037155	0.296147240167796	0.687856001547182	0.00721327629634064	
0.000182142013130364	0.0152422892253777	0.378669786905373	0.602159189813881	0.0037465920422385	
1.15604263485237e-05	0.000450856627592426	0.0258618297842824	0.46292224457238	0.508974358974359	0.0017791496150378	
3.69132665126307e-05	0.00083054849653419	0.0402539171320238	0.541416108257382	0.416623889573963	0.000838623273583828	
2.76337878323827e-05	0.00173977722561376	0.0640988736928643	0.608588120695174	0.325157570161036	0.000388024437479706	
5.77384540413454e-06	7.96790665770566e-05	0.0033476755653172	0.097568749177227	0.655972350209129	0.242854866312384	0.000170905823962382	
8.12850469188903e-06	0.000185794392957464	0.00623107945381093	0.139996075093449	0.678434031958958	0.175077540128686	6.73504674470805e-05	
1.04288457237677e-05	0.000324452978072772	0.0106965194306777	0.193356593521833	0.675440415948718	0.120149572822892	2.20164520835096e-05	
1.27750853317632e-05	0.000615526838712225	0.0181928828838245	0.256018516905503	0.647022069540596	0.0781370673746387	1.16137139379665e-06	
6.04537284837042e-05	0.00112420683545658	0.0296304649589263	0.32624552119252	0.594220623556958	0.048718729727656	
8.03053932636577e-05	0.00213216638346407	0.0469262819766765	0.396914643513885	0.524675868811247	0.0292684062289053	2.32769255836689e-06	
0.000197658506918048	0.00400814025566952	0.0716459456614543	0.460175904375387	0.447689500707594	0.0162828504929767	
7.05064478146526e-06	0.000385435248053435	0.00696721215155126	0.104169751323759	0.515800494955264	0.363974260446118	0.00869579523047383	
2.83293809912214e-05	0.000663379671544435	0.012140320145613	0.144456235237737	0.554273782220244	0.284068146325974	0.00436980701789591	
7.80127089794992e-05	0.00126947953703003	0.0203045805280278	0.194560150162645	0.570248080414555	0.211355340797337	0.00218435585142598	
0.000161664125668487	0.00236714040942325	0.0328366979925328	0.250900362977263	0.561765136246277	0.150856229850986	0.00111276839784951	
0.000332887515891838	0.00425789102773708	0.0508184665217858	0.31492103365115	0.527651502184427	0.101423271198265	0.000594947900742859	
5.90065190402236e-06	0.000597145972687063	0.00720705623557291	0.0746739299757837	0.374172138537866	0.476771493714626	0.0663563710518738	0.000215963859687218	
3.42317798400786e-05	0.000851072871196436	0.0124780739548093	0.107006182967683	0.425928330457077	0.413437272034052	0.040175125064037	8.97108713050335e-05	
3.53672654737681e-06	6.60188955510338e-05	0.00171531237547775	0.0197655857644399	0.148057983452835	0.464629197799685	0.341951942959674	0.0237715180337687	3.89039920211449e-05	
1.29876723375567e-05	0.000170020437873469	0.00331303714356219	0.0309378162055453	0.194150352379164	0.48817590503414	0.270467095732133	0.0127538942354807	1.88911597637188e-05	
8.95845047096696e-05	0.000399594040744447	0.00567800735771682	0.0467654689454136	0.245111456090037	0.490906583400227	0.204179588642099	0.00686618078860297	3.5362304490659e-06	
8.14786124546554e-05	0.000771094694679565	0.00851392457678356	0.0682743538391778	0.298074743047158	0.472683409537485	0.14803483033555	0.003566165356711	
0.000177834098451783	0.00158048582862446	0.013822773599527	0.096950204097015	0.349432226365142	0.43471133168297	0.101595089423464	0.00173005490480576	
7.09496612153677e-06	0.000318090981115565	0.0027717667648137	0.0220085849090071	0.131377487672496	0.392744214646375	0.383739520143791	0.066227961261485	0.000805278654794423	
2.00988389964768e-05	2.48279775838831e-05	0.000530845806436358	0.00452578562814783	0.0337695963680216	0.172870114208697	0.422660849826204	0.324269939230569	0.0409850795677567	0.000342862547586957	
2.4891868537745e-05	0.000107864763663562	0.000894921940285593	0.00772596186328675	0.0496628337140209	0.218166559789676	0.437380948712083	0.261413218056324	0.0245173051826056	0.00010549410951711	
6.86016268047846e-05	0.000177418000357202	0.00158966528320053	0.0125328075452327	0.0715964426508142	0.265504854747883	0.434333458314458	0.200321481416647	0.0138374212411927	3.78491734095363e-05	
3.52944913534379e-06	9.41186436091676e-05	0.000265885168195899	0.00271767583421472	0.019106084652661	0.100226943579403	0.310947998272923	0.413139668537667	0.14639919716797	0.00708125144854475	1.76472456767189e-05	
1.178607334002e-05	0.000154397560754262	0.000405440922896687	0.00495132941014239	0.0291952822705635	0.133986438944015	0.350133595141309	0.375382900057634	0.102293687732701	0.0034851418866439	
9.3964981600482e-06	0.000210246646331079	0.000808098841764146	0.00782023559370012	0.0423288750864771	0.172793379227396	0.37822314568918	0.327810933060522	0.0683900627333708	0.00160562662309824	
1.29018032029313e-05	0.000357731816081277	0.00145321219713017	0.0121089287515511	0.0604906907625435	0.213562375526921	0.394075022812734	0.273405630346918	0.0439048362995752	0.000628669683342834	
4.09507596365913e-05	0.000580330765135693	0.00271094028794234	0.0184500722488402	0.0843363344390038	0.255333836442666	0.395488396309752	0.216283192053213	0.0265173718972487	0.000258574796562476	
6.58341004181641e-05	0.000954594456063379	0.00482705029137467	0.0273728784667238	0.113367496529015	0.295778505871579	0.377329322155644	0.164196124487581	0.0159835790943814	0.000124614547220096	
9.38222724692615e-06	0.000150115635950818	0.00147770079139087	0.00791273590437634	0.0398732930210303	0.147574225145307	0.330526483681961	0.344563468421769	0.119246935530025	0.00862930351036032	3.63561305818388e-05	
1.5252737866447e-05	0.000317960920139011	0.00253312777335839	0.0126409998287	0.0562204184881956	0.186173745110324	0.352051962558048	0.302139137821393	0.0834336494169934	0.00446318575722804	1.05595877536941e-05	
4.13168994382082e-05	0.000769674812391764	0.00392156399810651	0.019729409723165	0.0771953144275071	0.225383686435426	0.360064973775574	0.255345521425173	0.0553740891099277	0.00217090794476757	3.54144852327499e-06	
7.92114792802869e-05	0.00126147236406069	0.00622578581925359	0.0296215464681729	0.10363698915985	0.260658968571959	0.358807902704658	0.204145716018571	0.0346567955764527	0.000904429576857007	1.1822608847804e-06	
3.55875685505539e-06	0.000213525411303324	0.00237250457003693	0.00984945272250831	0.0418580981291615	0.133921951717159	0.293854857287919	0.339433042582898	0.157294680488878	0.0208056788269388	0.000392649506341112	
1.19504296179448e-06	2.5095902197684e-05	0.000474432055832407	0.0035492775965296	0.0151017579081968	0.0589132279305441	0.168107888478591	0.318141947203002	0.308176483944598	0.115938287981453	0.0114054900273665	0.000164915928727638	
1.2019996466121e-05	0.000110583967488314	0.000845005751568309	0.00586335427617384	0.0229209312612462	0.0812419541148655	0.201809730667939	0.330273442899608	0.2690568028973	0.0815003840388871	0.0063261241401195	3.96659883381994e-05	
7.16978651960638e-06	8.36475093954077e-06	0.000270061958905174	0.00174106315984442	0.00873160501646063	0.0343755414682528	0.1071094408164	0.236923205611553	0.329725337428078	0.224256582760248	0.0538032730075462	0.00303879451989317	9.55971535947517e-06	
3.11560450516411e-05	4.55357581523986e-05	0.000480522079450312	0.00276929308132087	0.0131610324154683	0.0476963100457874	0.135260374663425	0.266874293746383	0.318057684219104	0.179770379947969	0.0344657756836655	0.00138524569537297	2.39661885012624e-06	
3.84482756549123e-05	9.97252149799288e-05	0.00075574891834187	0.00493579738719937	0.0189694180012424	0.0652154845624166	0.165858652123606	0.290145106195339	0.297051377709853	0.135704390432627	0.0206719557075864	0.00055389547115358	
3.7286145911514e-05	0.00020326963416277	0.00138800685102862	0.00790586571214133	0.0268376056039875	0.0857857995111907	0.19549847968747	0.306004993937994	0.264606546966111	0.0988299366857187	0.0126965340723207	0.000205675191963512	
2.64075525600322e-05	0	9.24264339601126e-05	0.000477736632676946	0.00248711131383576	0.011801775307738	0.0386366500819234	0.110336756312305	0.22500195055786	0.309384884076846	0.226288718573512	0.06862242601384	0.00674352864919367	9.96284937492123e-05	
1.32171188122857e-05	4.80622502264934e-06	0.000265543932501376	0.000843492491474958	0.00409250060678591	0.0170392692615476	0.0529994448810099	0.137536136804389	0.253404609650419	0.300368637459237	0.184102449492583	0.0460604575045599	0.00321656609640807	5.28684752491427e-05	
1.93449088431624e-05	3.26445336728365e-05	0.000355462699993108	0.00138195192548341	0.00633424858933298	0.0239199797845703	0.0702558726911549	0.166838957261051	0.274943144103853	0.280197704968377	0.145520867715886	0.0287646703929797	0.00142789608398592	7.25434081618589e-06	
3.74939979366206e-05	6.1683674024763e-05	0.000518868552090653	0.00252540218360206	0.00999517415962041	0.0340397121912339	0.0921965314423457	0.195757372710901	0.286532760683068	0.252095128320184	0.10809882450269	0.0174141478158537	0.000723271315035456	3.62845141322135e-06	
5.80151564596251e-05	0.000113613014733432	0.000948789537933452	0.00413116259956247	0.015144373134148	0.0485502254130558	0.116915044055259	0.223626672468182	0.28690307842924	0.215098444468617	0.0779554491944354	0.0102445097114955	0.000310622816877576	
4.37228553939429e-05	0.000213756181925943	0.00145985756065332	0.00655599926156955	0.0221298374481398	0.0654203223831871	0.143676946395779	0.244787264018033	0.27871255623245	0.177615598371567	0.0537888283246373	0.00550179263707115	9.35183295926002e-05	
1.45717189649708e-05	3.6429297412427e-06	9.22875534448151e-05	0.000308434718091882	0.00249783549257875	0.00985048202032026	0.0321439977268118	0.0846398296080329	0.171671849746149	0.260202328317829	0.260603050589365	0.140317153463273	0.0349441963879137	0.00269941093826084	1.09287892237281e-05	
2.06952382691477e-05	3.65210087102606e-06	9.73893565606949e-05	0.000561206167181004	0.00428756642258459	0.0143624953587885	0.0445166748838936	0.10767123787959	0.196710674482163	0.267057441459866	0.234809390768706	0.106559781847841	0.0219783430418348	0.00136345099184973	
1.21742623918773e-05	1.09568361526896e-05	0.00015583055861603	0.00115777235346753	0.00654488346187325	0.0211893036930625	0.0601554653307443	0.13107054376343	0.220261624898801	0.26765602839038	0.200667149579075	0.0772992616309859	0.0132115095476653	0.000607495693354679	
2.67730123168026e-05	1.70373714743289e-05	0.000469744670649355	0.00210898319750086	0.00930848960051015	0.0302510700077763	0.0775103045673542	0.156213225137911	0.238092398533326	0.256972240037093	0.167117142881482	0.0537979343404042	0.00776173966166214	0.000352916980539671	
4.16465579119886e-05	0.000140863357643491	0.00077903561270661	0.003863330695718	0.0141622794876004	0.0397038684752705	0.097252062117066	0.18165983581457	0.249992038158046	0.238501262870624	0.134081093197647	0.0356776262441909	0.00399561976202667	0.000149437648978312	
1.22717455330846e-05	4.17239348124877e-05	0.000338700176713136	0.00147383663852346	0.00576035735322992	0.0198581386216375	0.0530421657176517	0.121556548203416	0.204952876497153	0.255567690948361	0.21186186923228	0.100910563518555	0.0226585509522875	0.00192666404869429	3.80424111525623e-05	
2.82677868903837e-05	3.56419921661359e-05	0.000546920224618293	0.00256130729911129	0.00833899713266318	0.0280674543137257	0.0694170813632939	0.147613154107371	0.224488015072876	0.250215388245763	0.181110481572476	0.0730611678037281	0.0136754636838826	0.000829598093522129	1.10613079136284e-05	
4.90740945216135e-06	4.66203897955328e-05	0.000116550974488832	0.000943449467178019	0.0040694692882048	0.012257481959136	0.0375269600806778	0.0898105003840048	0.171664863193693	0.241078943042152	0.234229426299298	0.149683349405099	0.0504334469398622	0.00772180877297588	0.000412222393981553	
1.34633320033193e-05	4.1613935282987e-05	0.00025213149024398	0.00172942619279002	0.00594834486692108	0.0181436757833823	0.049836359319196	0.112487362827006	0.194714051067642	0.247179431945305	0.214637334554009	0.117668297769738	0.0333474494329489	0.00387376779913688	0.000127289684395019	
5.97689989180591e-05	0.000119537997836118	0.000506206827571317	0.00261519864653712	0.00804197979319926	0.0258092295532084	0.0648920559681785	0.136379438000642	0.216826070993373	0.244589380878556	0.188472389771939	0.0893570929334747	0.0203507342438551	0.00192724527123538	5.36701214774409e-05	
9.9379122870166e-05	0.000224208996719277	0.000898047927399915	0.00383700369520665	0.0120733514882024	0.0349850870718669	0.0810000448417993	0.159538638481778	0.233298550640329	0.235498222689223	0.160380937145129	0.0646267283786781	0.0125484321731427	0.000988943466610433	2.42388104561381e-06	
7.28508100402986e-06	0	0	0.000145701620080597	0.000404321995723657	0.00160393200105391	0.00563136761611509	0.0177027468397926	0.0465115996702287	0.102566655455736	0.180014351609578	0.242106311187092	0.21949949065142	0.130784202544679	0.0451165066579569	0.00743928188528183	0.000466245184257911	
2.1824001551929e-05	0	2.30364460825917e-05	0.000240064017071219	0.000666844491864497	0.00250976017847183	0.00869807706297437	0.0255753049297995	0.0609980843376416	0.12473508087005	0.201194257862703	0.243454011978952	0.194915007638401	0.102461262397245	0.0302820145978321	0.00407138873396542	0.000153980455394166	
3.28027787598363e-05	0	3.52326142235279e-05	0.000380269250067732	0.000992587786918009	0.00386100855180591	0.0135196045199799	0.0346105763448228	0.078018371985941	0.149562447378876	0.21715682522558	0.234787711350126	0.16791620955387	0.0773951191895041	0.019640360053019	0.0020191932703277	7.16801461789015e-05	
2.18653314237611e-05	3.64422190396018e-06	6.07370317326696e-05	0.000590363948441548	0.00172250221993851	0.00604090517613132	0.0198634388578523	0.0455284789868091	0.09742948734301	0.173174639616822	0.227988596014922	0.218748064007114	0.138858216687864	0.0573855623216609	0.0114161324844726	0.00113092353086231	3.64422190396018e-05	
3.05873630144947e-05	5.62807479466703e-05	0.00011378499041392	0.000630099678098592	0.00271126385760481	0.00957751510709859	0.0281048926322383	0.0572399676508049	0.120664700103141	0.19150503284471	0.23227431725947	0.199298692940804	0.110922013235764	0.0395873887078797	0.00674512529195638	0.000530996621931629	7.34096712347874e-06	
1.34186106370546e-05	4.75750740768301e-05	0.000104909137707882	0.000254953602104038	0.00113814215676109	0.00479288374481706	0.0142603234861062	0.0356190919992144	0.0758920021420982	0.140962504742259	0.206104979890382	0.228344497210759	0.174792042031968	0.0878406649775482	0.025843024213273	0.0037242743886298	0.000262272844269704	2.43974738855539e-06	
9.74426184780437e-06	7.18639311275573e-05	0.000105968847594873	0.000567603252634605	0.00210476055912574	0.00733377507320377	0.0203033875926314	0.0457346929826698	0.0959809792008731	0.163797387563399	0.216997403154218	0.218941383392855	0.145656008068249	0.0644144429449108	0.0159294320556982	0.00190865728943868	0.000142509829524139	
7.28790378023569e-06	0.000159119232535146	0.000195558751436324	0.00124015829327011	0.00335850899205861	0.0106233344103236	0.0279430377440537	0.0602515298524685	0.11565295973919	0.180041589637573	0.224299814644314	0.202147016453657	0.117049807963735	0.0464506693939622	0.0094402646966653	0.00106039000002429	7.89522909525533e-05	
3.88293438204919e-05	0.000192933302108069	0.000367665349300283	0.00156409450576919	0.00603432271310333	0.0153606457319877	0.0378962261518057	0.0760642577103549	0.137600273746874	0.196859919501917	0.222297993372316	0.176910130697144	0.0912477445611617	0.0315718967770431	0.00540091904203155	0.000563025485397133	2.9122007865369e-05	
9.72005039846132e-06	0.000117855611081343	0.000289171499354224	0.000529742746716142	0.00261469355718609	0.0078623057660554	0.0199090932286484	0.0493511258855877	0.0955189352656794	0.159939784287782	0.210013838921755	0.212085424662927	0.149874672100175	0.0678483817938596	0.0207413725440166	0.00301443062982282	0.000278236442655955	1.21500629980766e-06	
6.06209770404112e-05	0.000260670201273768	0.000548013632445317	0.0011348246901965	0.00447140326650073	0.0108984392523251	0.0271097009324719	0.0620916419434115	0.114914336497344	0.178049871665392	0.212832975871639	0.19805843134735	0.125532706835743	0.0490666188165088	0.0131777879890446	0.00161251798927494	0.000179438092039617	
9.09108540286842e-05	0.000307884758977144	0.000701831793101442	0.0019830687625457	0.00618921094227282	0.0151142325184488	0.0366298013052374	0.0773505910417657	0.136460828331216	0.1904170262696	0.215550847046731	0.176897976203175	0.0993352598353423	0.0340152051433725	0.00796863939179427	0.000927290711092579	5.93950912987403e-05	
0.000108050752288187	0.000586387790507802	0.000934821115302293	0.0030035681029323	0.0080807394070806	0.0208428687110516	0.0481639263458085	0.0967309184192539	0.160166422439592	0.197729234527193	0.205995724103938	0.154649763805912	0.0741762344191422	0.0236339774695971	0.00468017584349395	0.000501404052753048	1.57826941544543e-05	
