# <P(U)> as a function of N_tot.
# number_of_species: 1
# species_total_upper_bound: 103
# species_total_lower_bound: 0
# volume: 729
# Bin widths for each
10	10	10	10	10	10	10	10	10	10	10	10	10	10	10	10	10	10	10	10	10	10	10	10	10	10	10	10	10	10	10	10	10	10	10	10	10	10	10	10	10	10	10	10	10	10	10	10	10	10	10	10	10	10	10	10	10	10	10	10	10	10	10	10	10	10	10	10	10	10	10	10	10	10	10	10	10	10	10	10	10	10	10	10	10	10	10	10	10	10	10	10	10	10	10	10	10	10	10	10	10	10	10	10	
# Bin lower bound for each
0	0	0	0	-10	-10	-10	-10	-10	-10	-10	-10	-10	-20	-20	-20	-20	-30	-30	-30	-30	-30	-30	-30	-30	-40	-40	-40	-40	-40	-40	-50	-50	-50	-60	-60	-60	-60	-70	-70	-70	-80	-90	-90	-90	-90	-90	-90	-90	-90	-90	-90	-100	-110	-110	-110	-120	-120	-120	-120	-120	-130	-130	-130	-130	-130	-140	-140	-150	-150	-160	-160	-160	-170	-180	-180	-180	-180	-190	-190	-200	-200	-200	-200	-200	-210	-210	-220	-220	-220	-220	-250	-250	-250	-250	-250	-260	-260	-260	-260	-270	-270	-270	-270	
# Bin upper bound for each
0	0	0	0	0	0	0	0	0	0	0	0	0	0	0	0	0	0	0	0	0	0	0	0	0	0	0	0	0	0	0	0	0	0	0	0	0	0	-10	0	-10	-10	-10	-10	-10	-10	-10	-10	-10	-10	-10	-20	-20	-10	-20	-20	-20	-20	-20	-20	-30	-30	-30	-30	-30	-30	-30	-30	-40	-40	-40	-40	-40	-50	-50	-50	-50	-50	-50	-60	-60	-60	-60	-70	-70	-70	-70	-80	-80	-80	-80	-80	-90	-90	-90	-90	-90	-100	-100	-100	-100	-110	-110	-110	
# Normalized histogram for each
1	
1	
1	
1	
2.14824732556634e-06	0.999997851752674	
2.63007040000687e-05	0.999973699296	
0.000124266785791379	0.999875733214209	
0.000511977104555257	0.999488022895445	
0.00148999528685891	0.998510004713141	
0.00367321815945552	0.996326781840544	
0.00783896051999781	0.992161039480002	
0.0164664976115552	0.983533502388445	
0.031755661477493	0.968244338522507	
5.35543198788816e-06	0.0565951341616044	0.943399510406408	
3.05640843053963e-05	0.0943893993031389	0.905580036612556	
8.39158130742988e-05	0.146780053426401	0.853136030760525	
0.00023048373581825	0.215334276808813	0.784435239455369	
5.37906543041399e-07	0.000501866804657625	0.300243833035961	0.699253762252839	
2.15055266515304e-06	0.00105592135859014	0.39587534751587	0.603066580572875	
3.22889299556242e-06	0.00210577638193929	0.495731403459866	0.502159591265199	
1.23549302886488e-05	0.00420443649431539	0.595142900883915	0.400640307691481	
2.25776348099823e-05	0.0079785060916609	0.68480761704891	0.30719129922462	
5.92052927378788e-05	0.0147205886943726	0.760349354285548	0.224870851727341	
9.97971689970654e-05	0.0262525893319524	0.815813266010703	0.157834347488348	
0.00022693607194682	0.0443916064917732	0.848899387003085	0.106482070433195	
5.38983025268602e-07	0.000557308448127735	0.0713198508526172	0.860210979515411	0.0679113222008186	
5.39427861233262e-07	0.00127251032464926	0.108078687420974	0.849642035671286	0.0410062271552301	
2.16122640953836e-06	0.00254916655005049	0.158638340912934	0.815490158045084	0.0233201732655213	
3.08951964473776e-05	0.00474268366516762	0.222862228562663	0.759568161036604	0.0127960315391174	
7.26506593047332e-05	0.00892735638889356	0.297080473617238	0.687053489861167	0.00686602947339658	
0.000210844450996823	0.015556417964164	0.380098885505501	0.600572803125484	0.00356104895385379	
5.43610027213118e-06	0.000466961013376068	0.0262444048937949	0.464170663106383	0.507432779902085	0.00167975498408853	
2.06117904865739e-05	0.000864067953818741	0.0420019472717854	0.543307812682218	0.413036957482758	0.000768602818933557	
2.71196442770499e-05	0.00174433551989985	0.0651305376957632	0.609887713824835	0.322872382547533	0.000337910767692042	
2.71672983969121e-06	6.73749000243419e-05	0.00344970355043989	0.0981554491080433	0.657232912856	0.240947312828181	0.000144530027471572	
3.8150423851209e-06	0.000158051755955009	0.00639728107379273	0.140546161467854	0.680029670129635	0.172806159876436	5.88606539418653e-05	
4.89026516647821e-06	0.000316780510228533	0.0110568895414072	0.193670801476425	0.676664360997201	0.11826019579535	2.60814142212171e-05	
1.57936069657431e-05	0.000691106456535449	0.0185171872566287	0.257721712288407	0.646313608752055	0.0767378686037253	2.72303568374881e-06	
2.17441410411964e-06	6.19708019674099e-05	0.00126931423327984	0.0301085684962187	0.327955463650319	0.592940982052386	0.0476615263517245	
4.34396845410109e-06	0.000126518081225694	0.00240492953540171	0.0470017386733738	0.398711144559668	0.523536164080376	0.0282140751093866	1.08599211352527e-06	
1.469330181348e-05	0.000229106669017595	0.00437261778041894	0.0719073864860805	0.463187292797235	0.444614415108632	0.0156744878568023	
1.08976741094148e-06	1.85260459860052e-05	0.000383053244945931	0.00732541653634865	0.105100983297135	0.517364898809647	0.361298763005012	0.00850726929351468	
2.72601529076497e-06	2.72601529076497e-06	3.70738079544036e-05	0.000749109001902213	0.0127135901130697	0.145546863201465	0.555199901427287	0.281376572297469	0.0043714381202707	
2.18541020149482e-06	2.18541020149482e-06	0.000129485554438568	0.00142925827177761	0.021342169675248	0.195507889330827	0.570343983565715	0.209094584553521	0.00214825822806941	
5.46432858974968e-07	8.19649288462453e-06	0.000214201680718188	0.00263872427599012	0.0336957822486914	0.252125213996768	0.560831911241818	0.149455944123962	0.00102947950630884	
1.20394631712822e-05	1.039771819338e-05	0.000403322016237952	0.00465872499896023	0.0518725743217952	0.314126558836857	0.527208092270446	0.101210294397709	0.000497995976630308	
1.64220151345291e-05	2.62752242152466e-05	0.000708336252802691	0.00755576916339686	0.0766059636000561	0.372745804722534	0.475726619429652	0.066423219415639	0.000191590176569507	
6.57459674436927e-06	6.62938505057235e-05	0.00109686189018561	0.0126292524628713	0.108499474306202	0.424652107952687	0.412536221918939	0.0404173334860101	9.58795358553852e-05	
1.03926166475497e-05	0.00013127515765326	0.00195873474815134	0.019983907853591	0.148095881187231	0.46320329981988	0.34278240978525	0.0237925283650062	4.15704665901989e-05	
7.66530224286744e-06	0.00026828557850036	0.00348552243414958	0.0313680593425799	0.195220465042937	0.485889821135647	0.270820603456394	0.0129198669303531	1.97107771959448e-05	
5.29638748152407e-05	0.000520902438904532	0.00570153382289426	0.0477313715950917	0.246302220606005	0.487938160034989	0.20493252020135	0.00681650529065428	3.82213529594521e-06	
8.59892792729141e-05	0.000975458002452611	0.00909405091113035	0.0694311398399285	0.298794671293657	0.470248530925195	0.147862673477894	0.00350748627046969	
5.48172283970785e-07	0.00014691017210417	0.00184953328611743	0.0145687747910915	0.0983782871151008	0.349062406125496	0.433427765145452	0.100913035756182	0.00165273943617192	
2.19753293964531e-06	6.59259881893592e-06	0.000282382982744422	0.00305621893581171	0.0231037625609609	0.133529792778138	0.393143037968425	0.380525353212216	0.0655622964878479	0.000787815558862843	5.49383234911327e-07	
2.2500830061109e-05	3.01840403258779e-05	0.000510933482607133	0.0048453616734032	0.0351704437877129	0.175148107597872	0.42308969324783	0.320195043780579	0.0406271694778984	0.000360562081710941	
2.96224454755006e-05	8.06388793499738e-05	0.000902936023197666	0.00787463342223724	0.0513324066262119	0.220592317254197	0.438272309267108	0.256681781428043	0.0241077335428116	0.000125621111368327	
5.47774119863933e-07	6.84717649829916e-05	0.000140777948805031	0.00160552594532119	0.0125834670815143	0.0732352087293284	0.268453688437036	0.433202780501432	0.197035446463296	0.0136269767798551	4.71085743082982e-05	
8.74847585147275e-06	8.91250977368786e-05	0.000258626817359163	0.00277982820180547	0.0195512031888194	0.102190946421053	0.314768520796767	0.409551148510845	0.143727069424624	0.00705783289317564	1.69501719622285e-05	
8.77406561684971e-06	0.000132159363353799	0.00047654143881515	0.00474183408680622	0.0299848208664828	0.136418075452577	0.352741018098704	0.371737966917386	0.100318827609352	0.00343888534270404	1.09675820210621e-06	
1.75005974813359e-05	0.00016297431404494	0.000806121271484034	0.00786979992988823	0.0433839811562317	0.175689045008802	0.380663152327935	0.323485965888054	0.0662813253858745	0.00163849343919007	1.64068101387524e-06	
2.34944818018847e-05	0.000273191648859124	0.00147578128713699	0.012372303393532	0.0621636669312983	0.215944885223993	0.396528936186256	0.268338672408791	0.0421704093011922	0.000708659137140569	
4.90826453582542e-06	4.52651062748345e-05	0.000431381916426434	0.00271263420013285	0.0191880421587202	0.0862207562872142	0.257647348828179	0.396188023616387	0.211961767891442	0.0253031944076325	0.000296677323054337	
4.90911590095368e-06	7.9091311737587e-05	0.00083618607512911	0.00468766022808843	0.0288416013754252	0.115802225902241	0.298385337234444	0.37689300963714	0.159492811963406	0.0148473483137732	0.000129818842714108	
1.46656158119238e-05	0.000148828841943227	0.00138399959588081	0.00777060369649562	0.0424037270218317	0.149492053680499	0.332818769381019	0.342682210770971	0.115112591191614	0.00813126921127775	4.12809926557855e-05	
2.65505810242456e-05	0.000297474877190017	0.00236137616538086	0.012594186831562	0.0591194743635175	0.18770881490127	0.354554291603406	0.299065744657102	0.0800884730381559	0.00417115046376821	1.24625176236255e-05	
4.01348095711758e-05	0.000650834749802851	0.00378568879468658	0.0194534506716072	0.0809990964244224	0.227221054938046	0.361416671999896	0.251620307345863	0.0527393092256911	0.00206911214208156	4.33889833201901e-06	
1.02833662761874e-05	9.0926607073657e-05	0.0010537744284072	0.00593620849038018	0.0293757888424393	0.10799050033448	0.264106613611713	0.356772192045654	0.200917492763758	0.0328764632147751	0.000862720307591722	7.03598745212822e-06	
1.13394235037091e-05	0.000169011407460045	0.00192230227015259	0.00948245791183976	0.0420838404575511	0.139092068559234	0.297110714891255	0.337011986310616	0.153138914417591	0.0195875041712879	0.000388240261865087	1.61991764338701e-06	
2.7137940523404e-06	2.11675936082551e-05	0.00040706910785106	0.00310566591349836	0.0149877417922656	0.0589294950877614	0.173596520698921	0.320584290714645	0.305181881191182	0.112181733018027	0.0108090417104718	0.000192679377716169	
6.51305270036593e-06	8.24986675379684e-05	0.000809246798020466	0.00498519908773842	0.0227338104506273	0.0806543881149814	0.208442653113728	0.332606947039112	0.265339595995341	0.0783867602664707	0.00587423078133837	7.81566324043911e-05	
3.24077499893324e-06	1.99847791600883e-05	0.000197147145768439	0.00148643546617738	0.00796258417237898	0.0332184838682323	0.106139162119229	0.243340612474067	0.333005835015386	0.219690516790185	0.0519858118870547	0.00291939814487236	3.07873624898658e-05	
1.67834560600999e-05	5.79299934977643e-05	0.000386560891190689	0.00240598963648658	0.011925999035222	0.0463624024596967	0.136491185707859	0.271752847908863	0.32049958393271	0.175435841990799	0.0332323258026146	0.00142009694340781	1.24522415929774e-05	
2.92827038998054e-05	9.54399238215881e-05	0.000656149476273418	0.00417549666719448	0.0175923977762498	0.0632896840287795	0.168690607626951	0.294734752929897	0.297903249946315	0.132058487320589	0.0201974738787436	0.000573181815223969	3.79590606108589e-06	
5.42006007594588e-07	4.76965286683238e-05	0.000169647880377106	0.00120867339693593	0.00662493943082865	0.0253376968430318	0.0846504982661228	0.200149810460499	0.308704399679566	0.264265869122893	0.0964564731235481	0.0121306364559745	0.000253116805546673	
1.18874581912692e-05	3.24203405216433e-06	0.000105906445704035	0.000406334934537929	0.00229319875289757	0.00989414758819683	0.0364112844398576	0.110589023553377	0.229393361394939	0.311516245292296	0.225092803224743	0.0677206879596259	0.00645759149290265	0.000104285428677953	
1.02662081814115e-05	1.29678419133618e-05	0.000178848153055115	0.00070458607729266	0.0037514886001863	0.0147806381475006	0.05114354752606	0.138866675455982	0.257289548135549	0.301170563863379	0.18367164992014	0.045141598027159	0.00323817819111573	3.94438524864756e-05	
3.6233412397884e-05	4.32637759974734e-05	0.000233083593186388	0.00123896638512764	0.00589793426285556	0.0217011100403327	0.0683156654888104	0.169379305421708	0.279408822132883	0.279947456144051	0.144205736560378	0.0280576403287614	0.00151747694311138	1.73055103989894e-05	
5.29956608450753e-05	4.86694844495589e-05	0.000390437419695351	0.0021100925369131	0.00917149395849466	0.0316167786425324	0.0896859628554495	0.199888276494586	0.290641723375629	0.251567698171325	0.107356230342936	0.0167185086804729	0.000740857707732175	1.02746689393513e-05	
1.07821826588e-06	4.90589310975399e-05	9.11094434668599e-05	0.000728336438601939	0.00357537176965808	0.0139300408860366	0.0450177690370217	0.115738105096091	0.228015129558707	0.291207884794535	0.215094840078667	0.0764677785253424	0.00974763223268813	0.0003342476624228	1.61732739882e-06	
8.10206002978317e-06	6.58967549089031e-05	0.000176624908649273	0.00124231587123342	0.00577514838922945	0.0202751351558647	0.0607983986008282	0.143771055228502	0.251427988080249	0.281512017245505	0.177409188060156	0.0521162310729126	0.00529766698480756	0.000124231587123342	
6.47753348479966e-06	8.09691685599957e-06	0.000100941563471461	0.000346548041436782	0.00213920543335509	0.00866046226917714	0.0292881676515217	0.080209677758903	0.172658655037335	0.267169107347304	0.261604366289404	0.141124402649959	0.0340496945573065	0.0025969511329476	3.7245817537598e-05	
9.162069463577e-06	3.77261683794347e-06	0.0001735403745454	0.000575593540417661	0.00348697584878489	0.0129864250467266	0.04132255011652	0.102678773533045	0.198499468599971	0.275019455923979	0.235428536936075	0.107605811123399	0.0209094593516704	0.00127837816280027	2.20967557650975e-05	
5.39747549276253e-06	1.78116691261163e-05	0.000257459581004772	0.00104387176030027	0.00565169658847164	0.0193240417591884	0.0555999347984961	0.126965895511351	0.224370357496392	0.274010399855779	0.202224515549587	0.0777036764364571	0.0122333782043463	0.000587245333612563	4.31798039421002e-06	
1.18688406786172e-05	4.58568844401117e-05	0.000522768482617274	0.00186664494309161	0.00843712724422244	0.0276133973315609	0.0725067477056722	0.153534244033075	0.243108384634599	0.263616662341733	0.167886369877314	0.0533693210969183	0.00717147723367535	0.000309129350402165	
1.89729765185022e-05	0.000145820876670774	0.000793070418473391	0.00320860137180041	0.0128251900414641	0.0377643545474701	0.0929697532808342	0.179361846645225	0.257832993355664	0.242973358146373	0.133014117520785	0.0352740158581559	0.00367967327450265	0.000138231686063373	
5.41510576243065e-06	2.38264653546948e-05	0.000320574261135894	0.00128933668203474	0.00533008860196049	0.018682656390962	0.0505413481230702	0.116055463679261	0.203870067786294	0.262480465005962	0.216762893096065	0.10054660077566	0.0222479620249463	0.00178915094390709	5.41510576243065e-05	
1.24698892836482e-05	3.84940060495228e-05	0.000496626894948773	0.00216108602976617	0.00809675332878273	0.0264589363835044	0.0666277027807311	0.1410051706667	0.224932405067546	0.257954840567044	0.185043397925553	0.0731055391790367	0.0132625405068088	0.000788856039465573	1.51807347800935e-05	
2.17022366325073e-06	2.0617124800882e-05	0.000129128307963419	0.000972260201136329	0.0035461454657517	0.0119215811381521	0.0360143191357301	0.085946825179803	0.166097525510979	0.24072663428693	0.243028156481807	0.152928608322374	0.0506817757638102	0.00757896358798738	0.000405289269112075	
5.97491296996085e-06	2.66155214116438e-05	0.000288425344277201	0.00161811506704667	0.00556698936628444	0.0171040031373725	0.0482072273633632	0.107061749639197	0.189678500796565	0.249910512098927	0.222981036169407	0.120129970652314	0.0332846106339328	0.00397874886408757	0.000157520432844422	
2.83306337508288e-05	7.84540626946029e-05	0.000506682488235977	0.00245386873872563	0.00813797454492557	0.024369793224511	0.0629038136846768	0.129696551671535	0.212091296556902	0.250225964045157	0.195722728087481	0.0912714951873336	0.0205440680283895	0.00190523511974324	6.37439259393648e-05	
5.00356776136027e-05	0.000202862040759498	0.000888133277641449	0.00381576428409823	0.0117311909361458	0.0332334795245305	0.0799722410762457	0.153985885587984	0.230328908439061	0.240911454254338	0.165373353173567	0.0661406394124506	0.0123566369063158	0.000994731025600863	1.46843836474704e-05	
3.25734136883256e-06	0	2.7144511406938e-06	7.9261973308259e-05	0.000357221770115304	0.00149077656646904	0.00570686207819465	0.0170576109681199	0.0445832313152113	0.100563900079968	0.177052247212666	0.241281047213534	0.222901498539897	0.135221469354118	0.0458074487796642	0.00743053855253522	0.000456027791636559	4.88601205324885e-06	
9.76401991209127e-06	0	1.46460298681369e-05	0.000188228606083093	0.00061513325446175	0.0024892826320326	0.00839163266889178	0.0244355447211098	0.0596066293355639	0.123144904022396	0.198987471135116	0.243382842338743	0.198574670071055	0.105408019406532	0.0306172542165649	0.00397558344087316	0.000158394100796147	
1.46403357516999e-05	0	2.87384368459294e-05	0.000275455205994946	0.00105844205138216	0.00381841645790632	0.0129680840680613	0.0334293088677056	0.0767695828046545	0.146774788257366	0.21574215657568	0.236507032783507	0.172039127652883	0.0790187721638416	0.0195448482285194	0.00193686219648415	7.37439134159699e-05	
9.78043467511841e-06	4.89021733755921e-06	5.65091781229064e-05	0.000480328014044704	0.00182350770942763	0.00590792590125347	0.0186148839741601	0.0445911751137926	0.0958270688743643	0.170007862382764	0.227595061749861	0.222109867969565	0.143016036109365	0.0574513599966094	0.0114675596565763	0.00101444841880256	2.17342992780409e-05	
1.36258271558375e-05	2.77966873979085e-05	0.000113366881936568	0.000680201291619408	0.00294045350022973	0.0092933591533674	0.0261190755584818	0.057789858133338	0.11747043604282	0.190619871579304	0.231114739820281	0.202698349803325	0.114872263320745	0.0392293014147424	0.00657800431775211	0.0004360264689868	3.270198517401e-06	
5.99241142807336e-06	2.12458223358965e-05	5.06631148009838e-05	0.000241875515824052	0.00118813175678436	0.00472093067597125	0.0139307222762447	0.0350185628563101	0.075267956124653	0.138183918002021	0.207311286706925	0.228324494526477	0.17744129479668	0.0889050502409222	0.0254731962160646	0.00371692937943132	0.000196660047775862	1.08952935055879e-06	
4.34656227672932e-06	3.20558967908787e-05	6.5741754435531e-05	0.000442262711657208	0.0020537506757546	0.00719682048969457	0.0199045386259973	0.0452656428701437	0.0940949234869209	0.162075157494968	0.218098542000016	0.218365312259751	0.149195206828449	0.0652696091082213	0.0158323530929865	0.00201300165441027	9.07344875267246e-05	
3.24855858748341e-06	7.09268624933878e-05	0.000129942343499336	0.000964280474051326	0.00318791882718372	0.0107316132937515	0.0278531413290828	0.0590203538438299	0.114146227367698	0.181485056901211	0.22349270942239	0.201491846388659	0.120510153640578	0.0464857905340251	0.00932498742537113	0.00106173723167583	4.00655559122954e-05	
1.73196911899061e-05	8.82221769985841e-05	0.000203506371481396	0.00140884863022892	0.00531552147425211	0.0153403752311096	0.0377547618325965	0.0751366090642604	0.135676507137878	0.197634454927669	0.221505319310157	0.178786300990253	0.0937081891829869	0.0315640547129045	0.00534095977068729	0.00050389476555633	1.51547297911678e-05	
4.31906207248034e-06	5.23686276288241e-05	0.000136050455283131	0.000325549303713206	0.00233013398810314	0.00756537710270838	0.0210208751067618	0.0489787037846861	0.0933754225932297	0.158524154894523	0.209243980577178	0.211543881130774	0.152501222834449	0.0709114408715004	0.0204097278235058	0.00287703522303097	0.000199216738093156	5.39882759060043e-07	
2.6916944000913e-05	0.000115742859203926	0.000301469772810226	0.000733755893464889	0.00369892644460547	0.0110865508950961	0.0288205102806576	0.0618578290084982	0.112363167715171	0.177944686756756	0.213315704529476	0.198041415486718	0.126216780453561	0.0510888980526129	0.0127855484004337	0.00149604374757075	0.000106052759363597	
4.04259275729082e-05	0.000137448153747888	0.000383776805758808	0.00143916302159553	0.0056256720810459	0.0153650865519109	0.038347495883293	0.0775547164929699	0.133901991381192	0.193231082687192	0.213893582788257	0.176760481769254	0.0996822522092769	0.0352417066209584	0.00760923759395659	0.000752461265223731	3.34187667936041e-05	
4.78930553455376e-05	0.000274443350856452	0.000584402900059032	0.00238442840714694	0.00800782647861737	0.0223951155541038	0.0509808121047814	0.0960207328498467	0.156478450546653	0.201006615161004	0.204969900021902	0.153567736654923	0.0748509261386843	0.023733430482692	0.00429100250927323	0.000393368802894247	1.29149812167742e-05	
