# <P(U)> as a function of N_tot.
# number_of_species: 1
# species_total_upper_bound: 103
# species_total_lower_bound: 0
# volume: 729
# Bin widths for each
10	10	10	10	10	10	10	10	10	10	10	10	10	10	10	10	10	10	10	10	10	10	10	10	10	10	10	10	10	10	10	10	10	10	10	10	10	10	10	10	10	10	10	10	10	10	10	10	10	10	10	10	10	10	10	10	10	10	10	10	10	10	10	10	10	10	10	10	10	10	10	10	10	10	10	10	10	10	10	10	10	10	10	10	10	10	10	10	10	10	10	10	10	10	10	10	10	10	10	10	10	10	10	10	
# Bin lower bound for each
0	0	0	0	-10	-10	-10	-10	-10	-10	-10	-10	-10	-20	-20	-20	-20	-30	-30	-30	-30	-30	-30	-30	-30	-30	-30	-40	-40	-40	-40	-50	-50	-50	-60	-60	-60	-60	-60	-60	-60	-60	-60	-70	-70	-70	-80	-80	-80	-80	-90	-90	-90	-100	-110	-110	-110	-120	-120	-120	-120	-120	-120	-130	-130	-130	-130	-140	-150	-150	-150	-160	-160	-160	-180	-180	-180	-180	-180	-180	-200	-200	-200	-200	-200	-210	-210	-220	-220	-220	-220	-250	-250	-250	-250	-250	-260	-260	-260	-260	-270	-270	-270	-270	
# Bin upper bound for each
0	0	0	0	0	0	0	0	0	0	0	0	0	0	0	0	0	0	0	0	0	0	0	0	0	0	0	0	0	0	0	0	0	0	0	0	0	0	-10	0	-10	-10	-10	-10	-10	-10	-10	-10	-10	-10	-10	-20	-20	-20	-20	-20	-20	-20	-30	-30	-30	-30	-30	-30	-30	-30	-30	-40	-40	-40	-40	-40	-50	-50	-50	-50	-50	-60	-60	-60	-60	-70	-70	-70	-70	-70	-70	-80	-80	-80	-80	-90	-90	-90	-90	-100	-100	-100	-100	-100	-100	-110	-110	-110	
# Normalized histogram for each
1	
1	
1	
1	
2.08812732565181e-06	0.999997911872674	
3.53723039021893e-05	0.999964627696098	
7.89364353967594e-05	0.999921063564603	
0.000413125345136124	0.999586874654864	
0.00127271896787267	0.998727281032127	
0.00337881336573007	0.99662118663427	
0.0071517237782298	0.99284827622177	
0.0154260037152946	0.984573996284705	
0.0309446593958821	0.969055340604118	
6.26990695458079e-06	0.0562536051964989	0.943740124896547	
3.77725129423319e-05	0.0951720433040876	0.90479018418297	
5.88153743388522e-05	0.147544668176261	0.8523965164494	
0.000221851539461319	0.216834764554821	0.782943383905717	
2.07965926862543e-06	0.000515755498619106	0.302099623997604	0.697382540844508	
8.30513049436289e-06	0.000834665614683471	0.39910927475448	0.600047754500343	
1.24491400756493e-05	0.00179682588425205	0.498380574361826	0.499810150613846	
4.14120687191868e-05	0.00407494756196798	0.596273742056648	0.399609898312665	
4.9810615887511e-05	0.00773517355886473	0.686166139158408	0.30604887666684	
9.78685479639177e-05	0.0146219775277155	0.761600546398021	0.2236796075263	
0.000162587390722513	0.0264871535116792	0.815488324974674	0.157861934122924	
0.00034211071946921	0.0442981546755132	0.849784366576819	0.105575368028198	
0.000676230698384514	0.0712261763510094	0.861370632503879	0.0667269604467271	
0.00130243224548044	0.108041636286967	0.850035417017202	0.0406205144503507	
4.15012668261699e-06	0.00245479993276795	0.158617841809621	0.81586717934565	0.0230560287852787	
5.20897360300537e-05	0.00497352799614953	0.222779466642775	0.758847441664705	0.013347473960341	
0.000138004579242857	0.00861692228878504	0.29660320547	0.687118527114763	0.00752334054720907	
0.000271216373900155	0.0150577648827357	0.379393862941121	0.601286700936643	0.00399045486560072	
2.10789469801247e-05	0.000537513147993179	0.026213778464483	0.463344765148912	0.50797521958993	0.00190764470170128	
6.7493746282571e-05	0.000778287261820897	0.0413146094432188	0.539686322814152	0.417166190695143	0.000987096039382601	
5.04951682435887e-05	0.00167475641341236	0.0655364164841477	0.606712070238779	0.325552869493134	0.000473392202283644	
1.05163086915188e-05	0.000128298966036529	0.00316330565440886	0.0983968939030649	0.654288971336749	0.243803790918957	0.000208222912092072	
1.48006563033881e-05	0.000296013126067762	0.00607249784333294	0.141794516145402	0.677542329877028	0.174186809655102	9.30326967641537e-05	
1.89321429923725e-05	0.000403885717170612	0.0109638143640272	0.194376312102688	0.675170704822648	0.119045315136038	2.10357144359694e-05	
1.68357254093186e-05	0.000677637947725073	0.0186329390967633	0.256408097983922	0.646843301485753	0.0774190832947515	2.10446567616482e-06	
8.43184539368286e-05	0.00109824786252719	0.0294608678055279	0.326963776792189	0.593787416313935	0.0486053727718849	
0.000109600590157024	0.00205922647275793	0.0463736958583623	0.397837496048056	0.524308146274634	0.0293076193487196	4.21540731373169e-06	
0.000240601249860177	0.00377153011842225	0.0708486259347042	0.461086968909675	0.447839126406409	0.0162131473809288	
0.000423551146461432	0.00631282764022416	0.102993165714918	0.516783480228249	0.365041493113569	0.00844548215657771	
0.000761938285145208	0.0112809792302062	0.142643432199297	0.55662489241646	0.28441761086202	0.00427114700687032	
3.43439763885162e-05	0.00131795009390931	0.0197220284411054	0.192944459350684	0.573724711564261	0.210006976120204	0.00224953045344781	
0.00010980067947244	0.00224768449743583	0.0325634368043266	0.249381025581405	0.563206438195135	0.15127519495003	0.00121641929219468	
0.000335255464664074	0.0042653146859197	0.0500309300202884	0.314309568407255	0.526729593756894	0.103602590335126	0.000726747329852444	
4.31724870374608e-06	0.000714504660469976	0.00664640437941709	0.0747380509349002	0.373217515941441	0.476997698906441	0.0673857763924206	0.000295731536206606	
3.66803031087636e-05	0.00101841782749038	0.0120268240898969	0.107199264667806	0.42590147239052	0.412616729670481	0.0410689934924827	0.000131617558213799	
7.74306780346373e-05	0.00194652121170408	0.0191468859962317	0.14722798172636	0.465717567300164	0.341510156323936	0.0243153837550437	5.8073008525978e-05	
0.000195685879005916	0.00344493162821403	0.030043158413095	0.193324746092196	0.489240502246087	0.270822805361363	0.0129002152544669	2.79551255722737e-05	
1.71131413951916e-05	0.000357236826624625	0.0055211272426237	0.0456300523876041	0.244191692853338	0.492370747651756	0.204844302500444	0.00706130996819095	6.41742802319686e-06	
4.05572999938097e-05	0.000627570852535792	0.0080410183724569	0.0673336563686701	0.295477007212796	0.475002828338026	0.149571053187697	0.00390630836782483	
0.000132472405143348	0.00148924623201473	0.0131083581541039	0.0964270910341821	0.345426069714672	0.43780847908859	0.103693843451804	0.00191443991949096	
8.59477566561166e-06	0.000281478903048782	0.00284272205140106	0.0209862934815073	0.132078066347371	0.38943788018453	0.38609236375669	0.0673572568913986	0.000915343608387642	
2.36499633425568e-05	1.93499700075465e-05	0.000492349236858683	0.00466979276182122	0.0330131988295418	0.174943078838228	0.420343698467267	0.324722596679975	0.041406785819482	0.000365499433475878	
6.45261201734462e-06	7.3129602863239e-05	0.000759257347374217	0.00762698740450134	0.0494076502168078	0.219782417922775	0.434779148599353	0.262522369054993	0.0249500998003992	9.24874389152729e-05	
3.44388194372697e-05	0.000154974687467714	0.00136463822020181	0.0127832592898715	0.0712087164651996	0.268872473051624	0.430706942865999	0.200752488204704	0.0141048489857768	1.72194097186348e-05	
6.45751493300328e-06	4.73551095086907e-05	0.000176505408168756	0.00265403863746435	0.0193058171447021	0.100265834364742	0.313060323951999	0.410674272184254	0.146385406016251	0.00740676962815476	1.72200398213421e-05	
2.15242621482936e-05	7.74873437338568e-05	0.000284120260357475	0.0049419705892482	0.0295958604539036	0.135303664290388	0.350072752006061	0.373002548472638	0.102935478871784	0.00376459344973654	
1.71022393244615e-05	8.97867564534231e-05	0.000739671850782962	0.00764256319811875	0.0434952701619368	0.172841643952755	0.378466142910587	0.326539468761691	0.0683897172786062	0.001778632889744	
1.06352430684803e-05	0.000261626979484616	0.00130813489742308	0.012513426994374	0.0613334467759261	0.213245131717485	0.394335669541727	0.272145234879343	0.0441702915120125	0.000676401459155349	
2.12339471359652e-06	0.000428925732146497	0.00258629476116056	0.0192018583950533	0.0843263742610586	0.253529082013997	0.397465516069851	0.215199684038867	0.0269692362573894	0.000290905075762723	
2.56061181551645e-05	0.000802325035528489	0.00464751044516236	0.0288346228858949	0.113490583350048	0.295372974449362	0.377562212197901	0.162494291969495	0.016633307584959	0.000136565963494211	
1.70024292220751e-05	0.000125392915512804	0.00152596802268124	0.00803364780743049	0.0404168995645253	0.14846521196716	0.329679227919689	0.344071784256176	0.118764093419847	0.00884976441009009	5.10072876662253e-05	
2.76122810930215e-05	0.000273998789307675	0.00281008060662058	0.0126443007189813	0.0564543707054938	0.186259704123788	0.353224795828422	0.301256358789733	0.0824417752572721	0.00458788670468665	1.91161946028611e-05	
5.35765566132758e-05	0.000743642605792269	0.00412753792148677	0.0197568910167116	0.0768437836192893	0.225823043062693	0.360775959984741	0.255414446811338	0.0542859102228356	0.00216877901170541	6.4291867935931e-06	
9.45088226133837e-05	0.00135534243338739	0.00659413830507018	0.0292204096098289	0.103948965235789	0.260822871135072	0.358521366511658	0.204665299152642	0.0338921525458314	0.000882798320320471	2.14792778666781e-06	
4.3079587383712e-06	0.000157240493950549	0.00236506934736579	0.00998800233491364	0.0413520959296252	0.133292551323943	0.295226566319948	0.340824155586238	0.156165658245325	0.0201957105654842	0.000428641894467935	
2.16559433653769e-06	3.03183207115277e-05	0.000333501527826804	0.00362520491936409	0.0155186490156291	0.0590405983970271	0.167850885836363	0.321987062739434	0.306808412034641	0.113940580422594	0.0106612209187751	0.000201400273298005	
1.73829907435574e-05	0.000106470818304289	0.000860458041806093	0.00587762374516536	0.0240580591890835	0.0807309547607666	0.202348876624223	0.334283603493981	0.267248272565295	0.078631958628482	0.00578419016991873	5.21489722306723e-05	
1.08054606475929e-05	0.000350096924982009	0.00183260612583175	0.00849309206900799	0.0353252119491106	0.107380345731519	0.239075139012251	0.331230590691312	0.221989544636277	0.0513648377343975	0.00293044092762719	1.72887370361486e-05	
4.34164396348677e-06	7.81495913427619e-05	0.00053185138552713	0.00281989775428466	0.0130835440839674	0.0490497226774918	0.136698831012363	0.26894530614017	0.316264883698212	0.178124626889972	0.0330138606983534	0.00138064278038879	4.34164396348677e-06	
5.41126712395481e-05	0.000134199424674079	0.000681819657618307	0.00511040067186293	0.0191255825229059	0.0648940798573157	0.166664862910959	0.293260375022457	0.294509295474666	0.13559553159206	0.0193983103859532	0.000571429808289628	
5.4132824629136e-05	0.000236019115383033	0.0012905265391586	0.00825417309945066	0.0275167974154824	0.0852397109740227	0.196263968975396	0.306066990453135	0.264456170817211	0.098697131176826	0.0117121779367599	0.000212200672546213	
4.78240076518412e-05	0	0.000139124385896265	0.000497804443285075	0.00266944915438459	0.0121820790400417	0.0399656536672319	0.109397417503587	0.225164123298987	0.311190817790531	0.224342419894787	0.0680579105256293	0.00625624972827268	8.9126559714795e-05	
2.39400020022547e-05	8.70545527354717e-06	0.000324278208939632	0.000783490974619245	0.00445501673623776	0.017465319642554	0.0536386626679609	0.13623166957574	0.25206428108174	0.304414536369216	0.182424991620999	0.045187841961165	0.0029489729739141	2.82927296390283e-05	
3.50125498108228e-05	5.90836778057635e-05	0.000372008341739992	0.00115322585939398	0.00680556436947868	0.0251368224798076	0.0695896310333735	0.165018523827134	0.277170285724289	0.282610360651146	0.142803060972167	0.0279487678864893	0.00129327605863727	4.37656872635285e-06	
4.14291757338415e-05	9.81217320012036e-05	0.000518954938139699	0.00234401915336209	0.0102984208942597	0.034752536991893	0.0917874290797926	0.195619845883466	0.2907564967489	0.252168490277227	0.104728595289285	0.0162445978535326	0.000641061982407864	
4.78206811403928e-05	0.000191282724561571	0.000728178553728709	0.00376913914079278	0.0154069539965047	0.048909688469999	0.115923852086286	0.225020215106118	0.290182414161877	0.215177849460496	0.0750263013746272	0.0093902428421135	0.000226061401754584	
2.60535400247509e-05	0.000314813608632406	0.00122234525282789	0.00582513732386721	0.0220608350159578	0.0660153281660479	0.143114266484292	0.246740050804403	0.283364814694197	0.174947350137867	0.0512234308169956	0.00508695368983261	5.86204650556894e-05	
2.5980886727664e-05	6.495221681916e-06	4.7631625667384e-05	0.00035723719250538	0.00236426069221743	0.00934662400027713	0.0328246853065095	0.0834571033909387	0.170129341514426	0.264290570237162	0.264554709252227	0.137304656207916	0.0328225202326155	0.00246601916523411	2.165073893972e-06	
3.67254706261045e-05	6.48096540460667e-06	0.000114497055481385	0.000520637554170069	0.0040160382290546	0.014977511050046	0.0446668135685492	0.106173335580068	0.195072738035058	0.271971552882517	0.237106119327535	0.103135923127109	0.0209335182568795	0.00126810889750137	
2.14528744706503e-05	1.93075870235853e-05	0.000188785295341723	0.00106620786119132	0.00631143566926533	0.0217210354015335	0.0599951087446207	0.129262149835456	0.219960612522472	0.272917033153272	0.201487542315795	0.074222655093556	0.0123075140838121	0.000519159562189738	
4.70744310948015e-05	1.06987343397276e-05	0.000442927601664723	0.00210979041179428	0.00933143609111042	0.0311932298409098	0.0753533257015695	0.15387133702083	0.237636007660294	0.26291711690507	0.168199082048594	0.0516920048358279	0.00702050947372926	0.000175459243171533	
7.3347154238279e-05	6.90326157536744e-05	0.000714056119202069	0.00347320348010674	0.0138582976125501	0.0401769823686385	0.0969412079413395	0.178339290991891	0.250094380529351	0.242804967759611	0.135032110952672	0.0345529814539563	0.00378169298175597	8.84480389343953e-05	
2.15652954014164e-05	7.33220043648158e-05	0.000304070665159971	0.00144703132143504	0.00555737662494501	0.0198120368852813	0.0540814478076721	0.120261026335539	0.202366575517351	0.255568159272646	0.215027560447523	0.101691150465379	0.0217658526486496	0.00199694635417116	2.58783544816997e-05	
4.94821584547798e-05	4.94821584547798e-05	0.000664782041848998	0.00263761418545913	0.00806128903174173	0.028454392509692	0.0697655406248521	0.143980172714247	0.22340549122875	0.25040553855951	0.183370122242445	0.0750493745885451	0.0132418558821378	0.000860559277474431	4.30279638737215e-06	
8.58890699716781e-06	8.15946164730942e-05	0.000128833604957517	0.000914718595198372	0.00385427201497905	0.0116358217544131	0.0380703302649463	0.0910187946757366	0.167629697863724	0.241386936701903	0.232740054582504	0.152309235007526	0.0520294513620933	0.00776866637893828	0.000423003669610515	
2.34662161153173e-05	6.8265355971832e-05	0.000309327394247364	0.00152530404749562	0.00591135316868583	0.0168743426792872	0.050966488110095	0.112601571383163	0.191629387382429	0.247250719452853	0.213491367632408	0.121160340388131	0.0342308094351255	0.00382499322679671	0.000132264127195425	
8.73887392149507e-05	0.000157726017119667	0.000601064011185759	0.00242983323670839	0.00789908945196603	0.0247928247450807	0.0652452852709477	0.136654673805545	0.213607918698632	0.245523991406064	0.187608703065853	0.0931095044845343	0.0202827132285237	0.00195452375268561	4.4760085939365e-05	
0.000133745183581187	0.000273859185428144	0.00103811737732064	0.00364084110859897	0.0124085809211434	0.0339585389930898	0.0827670392425352	0.157190926556911	0.230082051608657	0.236718360241591	0.159294759524037	0.0682015518687174	0.0132216667197402	0.00106571558980564	4.24587884384719e-06	
1.27719901740822e-05	0	0	0.000221381163017425	0.00040231769048359	0.00174976265384927	0.00538339385837566	0.0178914295688602	0.0471520590576826	0.103846923440434	0.176562120831542	0.240287965805125	0.219735704949998	0.131317345639855	0.0469455785498682	0.00789947592266986	0.00059176887806581	
3.79907133811735e-05	0	0	0.000284930350358801	0.000599409033347404	0.00255170958210215	0.00851625158294639	0.0258357956943858	0.0618066694807936	0.125983537357535	0.198986914309835	0.240023216547066	0.196198818066695	0.102940059096665	0.0318425495989869	0.00419586323343183	0.000196285352469396	
5.7304522600267e-05	0	0	0.000367173422586896	0.000925361920508015	0.00386699408065505	0.0138804288076202	0.0360933596792645	0.0797339372239567	0.149439582992867	0.215509575161249	0.232064215023548	0.167900128829056	0.0770618485590035	0.0208036640936229	0.00219030619716576	0.000106119486296791	
3.8249694002448e-05	0	4.6749626002992e-05	0.000788368693050456	0.00152361281109751	0.00580970352237182	0.0203870869033048	0.0459676322589419	0.0992239562083503	0.170920882632939	0.227708928328573	0.218371753025976	0.138325768393853	0.0579801611587107	0.0116640316877465	0.00118574051407589	5.7374541003672e-05	
5.35031738082703e-05	2.99617773326314e-05	0.000164789775329473	0.000845350146170671	0.00261951538965291	0.00857334857103723	0.0279821599017254	0.0584682683376778	0.12301021696607	0.188977490144715	0.23130064075401	0.198618762064966	0.111885837067855	0.0401209599753457	0.00680132345450732	0.000547872499796688	
2.35432103521636e-05	7.06296310564909e-05	5.13670044047206e-05	0.000316763193829111	0.00127561394271723	0.00473860615633548	0.0136786052146071	0.0346320624280327	0.0768643012161138	0.142678275609662	0.203432600069345	0.22796248496445	0.17475911015226	0.0893336415353598	0.0261393843664522	0.00372196752749205	0.000321043777529504	
1.71178650598697e-05	8.77290584318324e-05	2.35370644573209e-05	0.000618382875287794	0.00228737471862509	0.00751474276128281	0.0187569006393523	0.0443673665020499	0.095795852341296	0.164374299237399	0.214993965952566	0.219200681291029	0.146569579842002	0.0668431233256588	0.0165037616508469	0.0018530088927309	0.000192575981923534	
1.2772697082716e-05	0.00018946167339362	0.000174560193463785	0.00141138302764012	0.00348055995504011	0.0105694068359475	0.0262989832933122	0.0595165108397623	0.114234745142118	0.179737393347979	0.222538701272161	0.205525468757983	0.117389601321548	0.0477613719579693	0.0101117185238168	0.000947308366968102	0.000100052793814609	
6.80251863252369e-05	0.000214704494339029	0.000359258015280158	0.00173039067714821	0.00563971310377667	0.0146913144591785	0.0371481290947973	0.0753825353837258	0.134959843882197	0.194994196601292	0.223475491800839	0.180232731168715	0.0930265680868342	0.0318039003941209	0.00570136092888392	0.000548453064747223	2.33836577993002e-05	
1.70122275385433e-05	0.000206273258904838	0.00034662413609782	0.000572036150983519	0.00248803827751196	0.0070388091440723	0.018709197235513	0.048695374800638	0.0958022328548644	0.158324295587453	0.210796384901648	0.211166400850611	0.151859649122807	0.0692099946836789	0.021511961722488	0.00295374800637959	0.000299840510366826	2.12652844231792e-06	
0.000106413544315921	0.000457578240558458	0.000529939450693284	0.00102582656720547	0.00383088759537314	0.0104732210315729	0.0258478499143371	0.0614751045513073	0.11650154831707	0.176948698030285	0.210958466793653	0.198095197556745	0.128177242399413	0.0497334340714886	0.0140636140167921	0.00152171368371766	0.000253264235471891	
0.000160370177134206	0.000523875911971741	0.000707767048418964	0.00169778560859413	0.00538629968268088	0.0151410829904975	0.0353092364668953	0.076494436223988	0.138281858070255	0.187451354379603	0.213600246328592	0.177889015284347	0.102923441415705	0.0351616959039318	0.00834138748000718	0.000840339728183241	8.98072991951555e-05	
0.000191311450742675	0.000917865050192386	0.000956557253713377	0.00196470411212141	0.00704628017454483	0.0221598847832162	0.0462264353732723	0.0964360181423443	0.162346037273489	0.193050450334258	0.204217450183788	0.156972120117796	0.0772167408267234	0.02482534769244	0.00505793082693837	0.000386922035209905	2.79443692096043e-05	
