# <P(U)> as a function of N_tot.
# number_of_species: 1
# species_total_upper_bound: 103
# species_total_lower_bound: 0
# volume: 729
# Bin widths for each
10	10	10	10	10	10	10	10	10	10	10	10	10	10	10	10	10	10	10	10	10	10	10	10	10	10	10	10	10	10	10	10	10	10	10	10	10	10	10	10	10	10	10	10	10	10	10	10	10	10	10	10	10	10	10	10	10	10	10	10	10	10	10	10	10	10	10	10	10	10	10	10	10	10	10	10	10	10	10	10	10	10	10	10	10	10	10	10	10	10	10	10	10	10	10	10	10	10	10	10	10	10	10	10	
# Bin lower bound for each
0	0	0	0	-10	-10	-10	-10	-10	-10	-10	-10	-10	-20	-20	-20	-20	-30	-30	-30	-30	-30	-30	-30	-30	-30	-30	-40	-40	-40	-40	-50	-50	-50	-60	-60	-60	-60	-60	-60	-60	-60	-60	-70	-70	-70	-80	-80	-80	-80	-90	-90	-90	-100	-110	-110	-110	-120	-120	-120	-120	-120	-120	-130	-130	-130	-130	-140	-150	-150	-150	-160	-160	-160	-180	-180	-180	-180	-180	-180	-200	-200	-200	-200	-200	-210	-210	-220	-220	-220	-220	-250	-250	-250	-250	-250	-260	-260	-260	-260	-270	-270	-270	-270	
# Bin upper bound for each
0	0	0	0	0	0	0	0	0	0	0	0	0	0	0	0	0	0	0	0	0	0	0	0	0	0	0	0	0	0	0	0	0	0	0	0	0	0	-10	0	-10	-10	-10	-10	-10	-10	-10	-10	-10	-10	-10	-20	-20	-20	-20	-20	-20	-20	-30	-30	-30	-30	-30	-30	-30	-30	-30	-40	-40	-40	-40	-40	-50	-50	-50	-50	-50	-60	-60	-60	-60	-70	-70	-70	-70	-70	-70	-80	-80	-80	-80	-90	-90	-90	-90	-100	-100	-100	-100	-100	-100	-110	-110	-110	
# Normalized histogram for each
1	
1	
1	
1	
2.33116534955824e-06	0.99999766883465	
3.71661722791458e-05	0.999962833827721	
8.3507694306167e-05	0.999916492305694	
0.000433558845759702	0.99956644115424	
0.00131209866240119	0.998687901337599	
0.00343132364643678	0.996568676353563	
0.00716905130563349	0.992830948694366	
0.0154721284788384	0.984527871521162	
0.0308066185276915	0.969193381472308	
2.32822907911555e-06	0.0562709686131438	0.943726703157777	
3.74089617844075e-05	0.0949205644077109	0.905042026630505	
6.32408845291716e-05	0.147002264960568	0.852934494154903	
0.000230961429441283	0.21660915960368	0.783159878966879	
2.31937840658703e-06	0.000507943871042561	0.301901890293401	0.697587846457149	
9.25383976513755e-06	0.000844412878568801	0.398354667289759	0.600791665991907	
1.38732814472607e-05	0.0018197120831657	0.497768713900566	0.500397700734821	
2.07675693636817e-05	0.00417197393439294	0.595708497166381	0.400098761329863	
2.77320071271258e-05	0.00777189499737701	0.685465886164733	0.306734486830763	
7.20320472902009e-05	0.0145411790949057	0.761336914797706	0.224049874060098	
0.000104933507134313	0.0263639607035675	0.815212093936476	0.158319011852823	
0.000315765033666125	0.0441769212909218	0.849491525423729	0.106015788251683	
0.000691175067430295	0.0708466080059948	0.861381000365369	0.0670812165612062	
0.00128068203329306	0.10755625769753	0.850162539115722	0.0410005211534552	
4.67419679770777e-06	0.00236981777643784	0.15781023228421	0.816540112788369	0.0232751629541859	
5.63344576752178e-05	0.0047461780591371	0.221417891354304	0.760322702551716	0.0134568935771676	
0.0001296060212601	0.00845266905927237	0.294740587657265	0.689294306996604	0.00738283026559808	
0.000234559915842745	0.0151326685099759	0.377833377165237	0.602873477433678	0.00392591697526696	
1.18771052168997e-05	0.000534469734760486	0.0260749967931816	0.461634574728371	0.509898379487764	0.00184570215070621	
2.38074831681094e-05	0.000764220209696312	0.0407179384624175	0.538953803959661	0.418585549810016	0.000954680075041187	
4.51027868774628e-05	0.00160945734225894	0.064819826235579	0.606212315434648	0.326848027346532	0.000465270854104354	
1.18587387045514e-05	9.01264141545905e-05	0.00302872186514242	0.0978867727628489	0.65427270355525	0.244510589853663	0.000199226810236463	
1.66973978298154e-05	0.000243304939805881	0.00624244144580382	0.141570080171363	0.67727985077297	0.174566523625625	8.11016466019603e-05	
2.1336873673854e-05	0.000334277687557047	0.0113132845746257	0.195535851874681	0.674038951648274	0.118732589703773	2.37076374153934e-05	
1.65850838494453e-05	0.000592324423194477	0.0190349376637777	0.25742419432032	0.645579127435046	0.0773504617761203	2.36929769277791e-06	
6.6409094251107e-05	0.00103171271425827	0.0297323001975671	0.327382604137761	0.593035583415752	0.0487513904404109	
8.05790314400421e-05	0.00195285652666455	0.0466268195456291	0.397617230640888	0.52422821877681	0.0294895555355425	4.73994302588483e-06	
0.000215766611658036	0.00363957965818775	0.0710773155788236	0.462432898954836	0.446193497600486	0.016440941596009	
0.000387695223690571	0.00616722587315187	0.10380898591374	0.517822014387801	0.363337433649074	0.00847664495254323	
0.000750517036254075	0.0108837036447134	0.143848294202678	0.556569919952894	0.283647174942867	0.00430039022059409	
3.86309201885189e-05	0.00128206366375647	0.019298559066677	0.194267654330526	0.573381847330603	0.209382001854284	0.0023492428339643	
0.000123474425057077	0.00220317111376352	0.0322704041487407	0.250234238247535	0.56297074624553	0.150968063703119	0.0012299021162548	
0.000356130568199004	0.00413209029129529	0.0496143545011489	0.314956020314078	0.52629999853645	0.103897434396359	0.000743971392470522	
4.86129509762696e-06	0.000714610379351163	0.00633183686465911	0.0745163619039748	0.374159299779054	0.476557619715468	0.0673945645859513	0.000320845476443379	
4.13807540547054e-05	0.00101991387934833	0.011737529179517	0.106217093172419	0.427049381844559	0.412515000523345	0.0412712167645605	0.000148483882196296	
8.74535706564119e-05	0.00194827121295673	0.0187587909058004	0.146450721127568	0.466688692010388	0.34138473012071	0.0246157508739284	6.55901779923089e-05	
0.000221904673653819	0.00343830318518555	0.0293987114897851	0.192325512209634	0.49058977872934	0.270689562677097	0.01330452636764	3.17006676648313e-05	
1.94267647394507e-05	0.000405533713936032	0.00556819644344505	0.0444484377238631	0.2433906503838	0.494083335964041	0.204719246824331	0.00735788714506694	7.285036777294e-06	
4.60522329273465e-05	0.000698054899109253	0.00782887959764891	0.0663855056656366	0.293706598800218	0.476696358237896	0.15053990183603	0.00409864873053384	
0.000150493472952439	0.00158018146600061	0.0125880508182476	0.0952987780900922	0.344525678555651	0.439212773497614	0.104622091470904	0.00202195262853842	
9.77670016815924e-06	0.000320186930507215	0.00297211685112041	0.0200960071956513	0.131430624535607	0.389572171600641	0.386798032927926	0.0678160807164366	0.000985002541942044	
2.69036141336914e-05	2.20120479275657e-05	0.000542963848879954	0.00463965054651023	0.0321131321432153	0.174210684648064	0.421141838299496	0.324919839458797	0.0419989874457953	0.000383987947180868	
7.3292826831038e-06	8.30652037418431e-05	0.000835538225873834	0.00794738552271223	0.0487959210098774	0.218314900187385	0.435422911826286	0.26330936657896	0.0251834152991447	0.000100166863335752	
3.90800554936788e-05	0.000175860249721555	0.00152656466772183	0.0131211286320027	0.0700509994724192	0.266723821247826	0.432469664106923	0.201643316333509	0.0142300252066358	1.95400277468394e-05	
7.32561376433989e-06	5.37211676051592e-05	0.000200233442891957	0.0028032682004874	0.0195813655920805	0.098912878917372	0.311524167199809	0.412156123480546	0.147188673624372	0.00755270779103443	1.95349700382397e-05	
2.43817400272588e-05	8.77742640981316e-05	0.000309648098346187	0.0051347944497407	0.0299773493635147	0.134109322845934	0.349675600948937	0.373528257217605	0.103244478145427	0.00390839292636958	
1.93615527965343e-05	9.92279580822382e-05	0.000776882305960938	0.00794549722887776	0.0432319272005615	0.171574820300588	0.379396887630388	0.326418838790871	0.0686996297103028	0.00183692732157119	
1.20192885542719e-05	0.000247597344218001	0.00143029533795836	0.01313948624753	0.0613897182197991	0.211779864326271	0.395574017182775	0.271799383650883	0.0439809806777917	0.000646637724219828	
2.40599188218339e-06	0.000406612628088993	0.0027668906645109	0.0198518390198951	0.0842337757952405	0.251137432662302	0.39925991689704	0.214975374673086	0.027079438633974	0.000286313033979823	
2.89827069848324e-05	0.000862235532798763	0.00489324702927253	0.0294029562361125	0.113262003671143	0.293012752391073	0.38003091488745	0.161605158921843	0.0167785721186359	0.000123176504685538	
1.92850083166598e-05	0.000142226936335366	0.00149458814454114	0.00823710917725333	0.0416459754598269	0.147498975483933	0.327849962635296	0.345731986596919	0.118438878576766	0.00888556758190102	5.5444398910397e-05	
3.13237916245e-05	0.000310828393812346	0.00294684593513566	0.0129825068671389	0.0581032239410149	0.185359741699195	0.35235169389427	0.301602332417715	0.0817912389764349	0.00449857838176473	2.16857018938846e-05	
6.06203155651147e-05	0.000834135542175978	0.00433798978183961	0.0201041214540146	0.0785615041597661	0.226285938754083	0.360215614338402	0.25434344561024	0.0531712911884734	0.00207806441757213	7.27443786781376e-06	
0.000106805189761266	0.00150012743801051	0.00692777299042394	0.0301700387168813	0.104836575922712	0.261221220249293	0.358236743412669	0.203344944352069	0.0328401684609129	0.000813175876591458	2.42739067639241e-06	
4.87428012975334e-06	0.000177911224735997	0.00259311702902878	0.0103164138946229	0.0419943604578899	0.134128003470487	0.295654335550318	0.340431909962297	0.155138587969789	0.0191607951900604	0.000399690970639774	
2.44859181484728e-06	3.42802854078619e-05	0.000347700037708314	0.00381735463934691	0.0159403327146558	0.0601986297680204	0.167537549155481	0.321069153130035	0.307219917825259	0.113670977820655	0.00997066587005813	0.000190990161558088	
1.96969622359992e-05	0.000120643893695495	0.000918370864253461	0.00623901278825273	0.0245941194719244	0.081808870526943	0.200810529996011	0.333282449514224	0.267703875869744	0.0789331140404871	0.00551022518552076	5.90908867079975e-05	
1.2259318921278e-05	0.000397201933049408	0.00189529070522958	0.00895911026766997	0.0362753246880616	0.10791878446401	0.237195754352671	0.329329439773644	0.223796318771714	0.0514499096488195	0.00275099116593479	1.96149102740448e-05	
4.93750354883068e-06	8.88750638789522e-05	0.000592500425859681	0.00290325208671244	0.0134917284471798	0.0502020673327359	0.136689848245828	0.266556066587173	0.315494133011408	0.179460972737574	0.0331479300750747	0.00136275097947727	4.93750354883068e-06	
6.14895725982788e-05	0.000152494140043731	0.000755091951506863	0.00539140572541708	0.0196077949101391	0.0659069834937391	0.166499005098715	0.291613068255885	0.293315099625406	0.136752809458572	0.0193667557855539	0.000578001982423821	
6.14776270619596e-05	0.000268042453990144	0.00139677168684772	0.00883556456134484	0.0281985579807796	0.0863588522864759	0.19601280701927	0.304405240844752	0.262885710632187	0.0997216293046635	0.0116266488299578	0.00022869677267049	
5.43267556802327e-05	0	0.000158041471069768	0.000565492138671513	0.00289166504097966	0.012848277718375	0.0411994359895001	0.110154905335628	0.224611501961937	0.308961198349454	0.223678069523431	0.0685949372402502	0.0061809031576192	0.00010124531740407	
2.7111960071477e-05	9.85889457144618e-06	0.00036724382278637	0.000887300511430156	0.00473226939429416	0.0181280423932467	0.055113685378027	0.137994947316532	0.251273645942449	0.302236736705897	0.181452954587467	0.0448333230636515	0.00291083862221948	3.20414073572001e-05	
3.95883798208131e-05	6.68053909476221e-05	0.000420626535596139	0.00129404516539283	0.00707642289297034	0.0259155431401998	0.0714545513028288	0.166916980693242	0.276116577881477	0.279620149495619	0.142325174003301	0.0274297986683459	0.00131878790278084	4.94854747760164e-06	
4.67289719626168e-05	0.000110673880964092	0.0005853418593212	0.00262420068863748	0.0105951795376291	0.0356738809640925	0.0939744220363994	0.197255287752091	0.289040826364978	0.248767830791933	0.10450319724545	0.0161977373339892	0.000624692572552878	
5.39685265365698e-05	0.000215874106146279	0.000802168553520833	0.00415067031363073	0.0157293723705675	0.0498939027830588	0.117688184572361	0.226079063891376	0.28877086680813	0.212429932907309	0.0746237535110206	0.00937089869862258	0.000191342957720566	
2.93960579886237e-05	0.000355202367362537	0.00130812458049376	0.00613397743362615	0.0225835215497602	0.066922575682601	0.14516753303382	0.247323733887286	0.280803394264829	0.173157479581988	0.0510046102817612	0.00514920949100726	6.12417874762994e-05	
2.9319637804741e-05	7.32990945118525e-06	5.37526693086918e-05	0.000403145019815189	0.00242375672519192	0.00960218138105267	0.033895944605431	0.084965867054989	0.171688469075112	0.264140616982912	0.262222624009851	0.13549826281146	0.0324959319002546	0.00257035491421563	2.44330315039508e-06	
4.13761211103404e-05	7.30166843123654e-06	0.000128996142285179	0.000584133474498923	0.00421549657430056	0.0154016526109549	0.0457814610638531	0.107366166502379	0.195545982256946	0.271522276173439	0.235839022549986	0.101753617368235	0.0204398038285081	0.00137271366507247	
2.4153014175404e-05	2.17377127578636e-05	0.000212546524743555	0.00114726817333169	0.00662517178831332	0.0223705217292592	0.0611578471935405	0.129030232327843	0.221125675378659	0.2718735734626	0.200477263560106	0.0732681685010881	0.0121006601018774	0.000565180531704454	
5.2876226367932e-05	1.201732417453e-05	0.000497517220825542	0.00228809852283051	0.00987343354179385	0.0324179336932121	0.0756130037061428	0.152958905558253	0.237714689496378	0.26272995149808	0.167571971754481	0.0512947465065639	0.00679219162344436	0.000182663327452856	
8.22752494270981e-05	7.74355288725629e-05	0.000798553891498305	0.00375078342976477	0.0147345292282824	0.0415586804017936	0.0965596846438087	0.177337040559278	0.250518455064405	0.242344167047795	0.134045740198961	0.0344684897893996	0.00365156915839679	7.25958083180277e-05	
2.41281882384734e-05	8.20358400108094e-05	0.000340207454162474	0.00148629639548996	0.0060706521607999	0.0210060006804149	0.0551353229437355	0.12007875440641	0.201771974144233	0.255425826330127	0.213727491416397	0.100993357509778	0.0218094693487561	0.00201952935556022	2.8953825886168e-05	
5.53667202680712e-05	5.53667202680712e-05	0.000743839850558	0.00280685199272048	0.00877201428942833	0.0299245086805388	0.0706262698236931	0.143238519830915	0.223173620405766	0.250262390109097	0.182310573599222	0.0740012325113381	0.0131098764599963	0.000914754508776829	4.81449741461489e-06	
9.62549601384146e-06	9.14422121314939e-05	0.000144382440207622	0.00102511532547412	0.00410286767589992	0.0125251766880112	0.0397075774310995	0.0913218934313209	0.167293527094568	0.239833671428881	0.232710804378638	0.151312797337588	0.051696132716339	0.0077774007791839	0.000447585564643628	
2.63015690081439e-05	7.65136552964187e-05	0.000346702500561897	0.00169286462343326	0.00625260026875421	0.0178635474599857	0.0525122780506233	0.112807429475929	0.191728873862457	0.24599857493317	0.212631448068748	0.120011668332433	0.0341131350035627	0.00380416329926882	0.000133898896768733	
9.79637868499147e-05	0.000176812688460822	0.000673799704675023	0.00264263288429282	0.00843205375105729	0.0262041183020247	0.0666273218612164	0.136819569819508	0.21295654708713	0.243896378207119	0.186752428785106	0.0922603829667258	0.0204314229598444	0.00199272678616656	3.58404098231395e-05	
0.000150070032681918	0.000307286257396309	0.00116244723728216	0.00398757515411954	0.0132466579641928	0.0360525388038227	0.0848610303856085	0.157382969195148	0.228401825613858	0.233492296404989	0.158957513506303	0.0675934483711446	0.0133562329086907	0.00104334403674096	4.7641280216482e-06	
1.43475796828707e-05	0	0	0.000248691381169758	0.000447166233449469	0.0019297494673461	0.00591837661918415	0.0192090179320833	0.0496211043332082	0.105275365923063	0.177871727855109	0.236845062878268	0.216581497839494	0.131024488927255	0.0464957232256229	0.00793899409118843	0.000578685713875783	
4.26152505776734e-05	0	0	0.00031961437933255	0.000632126216902155	0.00282444410773135	0.00924277434751316	0.0278585363081935	0.0641572597446873	0.126659627258608	0.199396757452934	0.236675631652714	0.193463767566953	0.102302644039547	0.0320040531838327	0.00424258494639948	0.000177563544073639	
6.3999696594031e-05	0	0	0.000410072130028421	0.00102162478637138	0.00424294284827094	0.0149593364890715	0.0388691490647748	0.0820902774979437	0.150121954977399	0.215460904481638	0.228609286593012	0.164789737293097	0.0759439362657836	0.0210321965881051	0.00228502620432022	9.95550835907148e-05	
4.25415252554855e-05	0	5.19951975344823e-05	0.000876828103876951	0.00167802682952193	0.00617088458011515	0.0216276387562749	0.0483082653456735	0.101695516123238	0.172052108641602	0.225945130886093	0.21466453643918	0.136676466973596	0.0572159880505582	0.0116729218464913	0.00125733841310657	6.38122878832282e-05	
5.93997771320362e-05	3.32638751939403e-05	0.000182951313566672	0.000938516478686172	0.00281079745388795	0.00871988728298291	0.0295668330652423	0.0609204114266163	0.125701808366815	0.18943776922949	0.228244831625392	0.195829185248897	0.110248362348144	0.0397479548656733	0.00698778978181274	0.000570237860467547	
2.60615336501784e-05	7.81846009505352e-05	5.68615279640256e-05	0.000350646089111491	0.0014120612777733	0.00489719909590171	0.0138126128345946	0.0367301778344287	0.0792839238245064	0.144769450196409	0.203417377830638	0.224636204682547	0.172415998938585	0.08804533759163	0.0259430721335867	0.00379313776126687	0.000331692246456816	
1.89136473786867e-05	9.69324428157693e-05	2.60062651456942e-05	0.000683255511555056	0.00252260771913234	0.00751817483302796	0.0191146048820852	0.0467639931438028	0.0982020213960636	0.166156392221763	0.214681718777706	0.21579998817897	0.14355221939831	0.0662426857379278	0.0165494414563508	0.00187245109048998	0.00019859329747621	
1.40935057125676e-05	0.000209053668069753	0.000192611244738425	0.00153854104028864	0.00372303442573662	0.0106899240829826	0.0268175924533975	0.0619057238424534	0.116929119061936	0.180591833283223	0.2214042769092	0.20242267363199	0.115193268941672	0.0473048519242333	0.00999229555021046	0.000960707306073361	0.00011039912808178	
7.48490738596627e-05	0.00023624238936956	0.000364889235065855	0.00184783651091042	0.00589670360000655	0.0148107604899807	0.0377403064601768	0.0782102650826731	0.13635630030384	0.194841495390934	0.223153157578352	0.177694040376397	0.0911825451959759	0.0312518273699673	0.00572127608314797	0.000591775490202958	2.5729369139259e-05	
1.86971367672183e-05	0.000226702783302522	0.000380954161632073	0.00058194838187967	0.00263395914208188	0.0071469805292692	0.0188864452769864	0.0496993266693622	0.0990036763245169	0.159250525272686	0.210875657029072	0.209915091627656	0.149020854318922	0.0680458921221951	0.0210366160052165	0.00294479904083688	0.000329537035522223	2.33714209590229e-06	
0.00011712564301978	0.000503640264985055	0.00056454559935534	0.00102836314571367	0.00397524432409134	0.0103843595101337	0.0259128772616962	0.0631564892291259	0.118849732485031	0.177248578094694	0.210259269323389	0.197131827253732	0.125725007730292	0.0495300919202046	0.0137997432605905	0.00153434592355912	0.000278759030387077	
0.000176524168512325	0.000576645617140261	0.000753169785652586	0.00176759534070341	0.00548401750178289	0.0148044935992336	0.0355307846381608	0.0787792059236804	0.141614748947328	0.187014411433117	0.212247952908059	0.176858387604708	0.100301032548703	0.0351518460897543	0.00808009960670415	0.000760230752393079	9.88535343669019e-05	
0.00021097296464425	0.00101219613374264	0.00095056358227353	0.0020291332329829	0.00684832466131728	0.0216993990826232	0.0461912268433466	0.10006992924109	0.166149506346968	0.190940014934041	0.20301288357374	0.155968282940821	0.0748622156902253	0.0247976200353202	0.00482156191108319	0.000405352550046817	3.08162757345533e-05	
