# <P(U)> as a function of N_tot.
# number_of_species: 1
# species_total_upper_bound: 103
# species_total_lower_bound: 0
# volume: 729
# Bin widths for each
10	10	10	10	10	10	10	10	10	10	10	10	10	10	10	10	10	10	10	10	10	10	10	10	10	10	10	10	10	10	10	10	10	10	10	10	10	10	10	10	10	10	10	10	10	10	10	10	10	10	10	10	10	10	10	10	10	10	10	10	10	10	10	10	10	10	10	10	10	10	10	10	10	10	10	10	10	10	10	10	10	10	10	10	10	10	10	10	10	10	10	10	10	10	10	10	10	10	10	10	10	10	10	10	
# Bin lower bound for each
0	0	0	0	-10	-10	-10	-10	-10	-10	-10	-10	-10	-20	-20	-20	-20	-30	-30	-30	-30	-30	-30	-30	-30	-40	-40	-40	-40	-40	-40	-50	-50	-50	-60	-60	-60	-60	-70	-70	-70	-80	-90	-90	-90	-90	-90	-90	-90	-90	-90	-90	-100	-110	-110	-110	-120	-120	-120	-120	-120	-130	-130	-130	-130	-130	-140	-140	-150	-150	-160	-160	-160	-170	-180	-180	-180	-180	-190	-190	-200	-200	-200	-200	-200	-210	-210	-220	-220	-220	-220	-250	-250	-250	-250	-250	-260	-260	-260	-260	-270	-270	-270	-270	
# Bin upper bound for each
0	0	0	0	0	0	0	0	0	0	0	0	0	0	0	0	0	0	0	0	0	0	0	0	0	0	0	0	0	0	0	0	0	0	0	0	0	0	-10	0	-10	-10	-10	-10	-10	-10	-10	-10	-10	-10	-10	-20	-20	-10	-20	-20	-20	-20	-20	-20	-30	-30	-30	-30	-30	-30	-30	-30	-40	-40	-40	-40	-40	-50	-50	-50	-50	-50	-50	-60	-60	-60	-60	-70	-70	-70	-70	-80	-80	-80	-80	-80	-90	-90	-90	-90	-90	-100	-100	-100	-100	-100	-110	-110	
# Normalized histogram for each
1	
1	
1	
1	
1.87782054514069e-06	0.999998122179455	
2.29888940183836e-05	0.999977011105982	
0.000112396700407532	0.999887603299592	
0.000483947285819361	0.999516052714181	
0.00141147527996291	0.998588524720037	
0.00358986128182781	0.996410138718172	
0.00772515799963225	0.992274842000368	
0.0162877255060653	0.983712274493935	
0.0315205336813919	0.968479466318608	
4.69897872396413e-06	0.0562228105343585	0.943772490486918	
2.683185044209e-05	0.0941120093243034	0.905861158825255	
7.74717381681997e-05	0.146611012985492	0.85331151527634	
0.000221164288205422	0.215218371380207	0.784560464331588	
4.72123023929083e-07	0.000487230960694814	0.300194231412044	0.699318065504237	
1.88706305055065e-06	0.00104071527237868	0.395628901502857	0.603328496161714	
2.83376430165421e-06	0.00209415181892246	0.495219203476084	0.502683810940692	
1.131946792841e-05	0.00417641202108628	0.594720128513692	0.401092139997293	
2.21865873110659e-05	0.00791400289936211	0.684527970913856	0.307535839599471	
6.42144005514884e-05	0.0146243575608915	0.760190376811047	0.22512105122751	
0.00011059855560177	0.0261329262298181	0.815882236170454	0.157874239044126	
0.000226828628608288	0.0443894174993561	0.849105090176194	0.106278663695842	
4.72242082625364e-07	0.000539300458358165	0.0713123324130909	0.860398156744703	0.0677497381417652	
9.45135811290403e-07	0.0012211154681872	0.108119283700471	0.84963503580647	0.04102361988906	
7.10246441310206e-06	0.00247355160626968	0.15901944323308	0.815053720673333	0.023446182022905	
3.51386027941837e-05	0.00468530532121906	0.223340009667864	0.759008065733879	0.0129314806742433	
7.8829636334194e-05	0.00891677157498289	0.297341589233961	0.686723902048003	0.00693890750671833	
0.000225473256498377	0.015554331934608	0.380628761843279	0.60005411358156	0.00353731938405453	
4.76054687258253e-06	0.000473674413821962	0.0261801514710804	0.465223014959066	0.506463632516249	0.00165476609290969	
1.80529169000481e-05	0.00089409446331291	0.0419193481186723	0.544334875907575	0.412052127322472	0.000781501271067873	
2.37861793734815e-05	0.00179442937193545	0.0650518705213597	0.610562205378436	0.322220430330043	0.000347278218852831	
2.38380727394952e-06	6.00719433035278e-05	0.00345890435450075	0.0980340741411738	0.657535572364045	0.240759290292898	0.00014970309680403	
3.34612669104878e-06	0.00014866362870231	0.00649626596162184	0.140651089331544	0.679838774055663	0.172803064669635	5.87962261427142e-05	
4.28962397156265e-06	0.000308376301066782	0.0111125092107759	0.193492545110162	0.676520886179118	0.118536132455962	2.52611189436467e-05	
2.57829420055691e-05	0.000686590196370526	0.0186988399585945	0.257604058044087	0.64594625307008	0.0770360884794176	2.3873094449601e-06	
1.908712029753e-06	7.01451670934229e-05	0.00125402380354772	0.0303676083933703	0.327609424074776	0.592993881623589	0.0477030082255945	
3.81411527782016e-06	0.00012872639062643	0.00236808882311659	0.047261655936289	0.398172657370396	0.523836313428737	0.0282277904067373	9.53528819455039e-07	
1.29058840793492e-05	0.000217488046522366	0.00429048946282364	0.0720310850167944	0.462750989570612	0.445033600708198	0.0156634413109701	
9.57270782707669e-07	1.62736033060304e-05	0.000380036500734945	0.00729344609344973	0.105116468742955	0.516637605521155	0.362113041234918	0.00844217103269893	
2.39415213974953e-06	2.39415213974953e-06	3.25604691005937e-05	0.000742665993750305	0.012608083998349	0.145379142721155	0.555048740149261	0.281834322756608	0.00434969560749695	
1.91775883032053e-06	1.91775883032053e-06	0.000116503848941972	0.00140859386087043	0.0211878789970888	0.195113262836519	0.570250382592887	0.209800898278236	0.00211864406779661	
4.7951281497998e-07	7.19269222469971e-06	0.000192284638806972	0.00258936920089189	0.0335150686902107	0.251776834735908	0.561046296962286	0.149870291783548	0.00100218178330816	
1.05678083422279e-05	9.12674356828774e-06	0.000388607134039199	0.0045729788826368	0.0514863622433344	0.313917707515729	0.527560363801606	0.101587861238912	0.000466424631831968	
1.44256568963295e-05	2.30810510341273e-05	0.000686661268265286	0.00745566033925298	0.0761972814368724	0.372872936890636	0.476196704410597	0.0663734090904719	0.000179839855974242	
5.77792543587225e-06	6.88536114441443e-05	0.00108528699437134	0.0124408364510056	0.107837755853761	0.424798374476977	0.413191966757669	0.0404839975540116	8.71503753244064e-05	
9.13355712150659e-06	0.000128350513233803	0.00191900842258181	0.0197529997726225	0.147818930595061	0.463323239951525	0.343308299374928	0.0237030228709077	3.70149420187373e-05	
6.73309020465228e-06	0.000244795922440572	0.00342233356402183	0.03089093692393	0.194674798957141	0.486186824977649	0.271594102390103	0.0129621605139849	1.73136605262487e-05	
4.66034717184189e-05	0.000505431466471925	0.00568322130883688	0.0469671709770874	0.245568586377373	0.488387567923359	0.205985903650926	0.00685215168709372	3.36313713431889e-06	
7.61664922389719e-05	0.000973292074876483	0.00897752268966059	0.0687214586558157	0.298116132689743	0.470897410001817	0.148702542370022	0.00353547502582671	
4.82401743206939e-07	0.000138931702043599	0.00184759867648258	0.0144127168817937	0.0976795993750003	0.348318661084314	0.434075701375954	0.101863952095577	0.00166235640709111	
1.9336955145032e-06	5.8010865435096e-06	0.00029585541371899	0.00308376092175398	0.0229017228260186	0.132811042174866	0.392627205742302	0.381196164708317	0.0662807977267476	0.000795232280339441	4.834238786258e-07	
1.98061604888354e-05	3.23661647012675e-05	0.000532350947773087	0.00487473086567897	0.034888793239626	0.174880667883055	0.422380381659882	0.320951584565301	0.0410813583934402	0.000357960120054317	
2.61364389876292e-05	8.37334063862937e-05	0.000923003502766832	0.00788158837915842	0.0510604376111101	0.220224182885376	0.437650314774687	0.257546533751581	0.0244651589168092	0.000138910333137955	
4.83637339704449e-07	6.04546674630562e-05	0.000146542113930448	0.00164436695499513	0.0126035890726979	0.0730340746687689	0.267766780402048	0.433123354121678	0.197927130362027	0.0136429257157228	5.02982833292627e-05	
7.73086911880171e-06	7.87582291477925e-05	0.000289907591955064	0.00283626260796038	0.0195204445249743	0.101689919671438	0.313760705441807	0.40993706589358	0.144723802621248	0.00713849127257353	1.69112761973788e-05	
7.75445517682581e-06	0.00012310197593211	0.000488530676140026	0.00477965230961601	0.0300737157895247	0.135531882927113	0.351963573446807	0.372908356879413	0.100652828195199	0.003469634038181	9.69306897103226e-07	
1.54846551906016e-05	0.000157266029279547	0.000811008815607758	0.00782555761695028	0.0435007514896722	0.17434753953668	0.380232482741868	0.324752414880367	0.0666962810697187	0.00165976147824261	1.4516864241189e-06	
2.07924636506634e-05	0.000289643854110404	0.00148061683019375	0.012219198987262	0.0623067932847112	0.214914772658587	0.396163645392753	0.269236776355777	0.0426395403995151	0.000728219773439514	
4.34533644008795e-06	4.05564734408209e-05	0.000446604023009039	0.00276653086685599	0.0190475408775455	0.0861139463090229	0.257374277346409	0.39576358666001	0.212665593529504	0.0254588433873153	0.00031817519044644	
4.34758875481677e-06	7.29428779974813e-05	0.000824109601746378	0.00476785566778239	0.0286467453709049	0.115782568391194	0.298314633065924	0.376460608672087	0.160193670587065	0.0147996751868135	0.000132842989730512	
1.29926750185507e-05	0.000141957004832313	0.00133968915746833	0.00794911106042364	0.0424172342540809	0.149462440101362	0.331700587172669	0.34298304119063	0.115911984732163	0.00803957857536762	4.13840759850132e-05	
3.17114374506311e-05	0.000291649129280804	0.00229811826252073	0.0128090183484299	0.0591586475168023	0.187590930144508	0.35351862422331	0.299547679587636	0.0806580411556801	0.00408356828625626	1.2011908125239e-05	
5.28635970217611e-05	0.000654547446760351	0.00371583029247506	0.0197008208755461	0.080998083934897	0.227224560234945	0.360908427274348	0.251714342422508	0.0530024841084819	0.00202275345331448	5.28635970217611e-06	
9.11735815430121e-06	9.74117739643761e-05	0.00104033855150132	0.00582743144346494	0.0296088605365709	0.107473498479081	0.263771409596355	0.356734392642388	0.201484977712858	0.0330830538543152	0.000863269858925678	6.23819242136399e-06	
1.00546397853478e-05	0.000167577329755797	0.00186681145347958	0.00946955550831471	0.0423309910810557	0.138749241114092	0.29670332301057	0.337134465964566	0.153458700327685	0.0197104455258768	0.000397397667706604	1.43637711219254e-06	
2.40358268420577e-06	1.92286614736462e-05	0.000391303260988699	0.00298044252841515	0.0149281713350652	0.059236775968788	0.173360804681025	0.320332675072156	0.305288651051712	0.112388642014241	0.0108670780318311	0.000203823811620649	
5.76552198633763e-06	7.54322459879174e-05	0.00080957537891491	0.00485216721166865	0.0225407886657525	0.0811108046842944	0.208238642642377	0.332354475822764	0.265519103576642	0.0785566784443469	0.00585152435596717	8.50414492984801e-05	
2.86655334225787e-06	1.76770789439235e-05	0.000178204066110364	0.0015288284492042	0.00784336770330791	0.0328167804210585	0.106588008442955	0.242773180144723	0.333083465433667	0.22027216968467	0.0519844671029561	0.00287849731451728	3.24876045455892e-05	
1.48497587632738e-05	5.12556189571062e-05	0.000373639091463017	0.00254505704223463	0.0119463914128156	0.0459911399632876	0.136543052803826	0.271358264321874	0.320486056555546	0.175983054030129	0.0333142362242141	0.00137863244260329	1.43707342870391e-05	
2.59009327693325e-05	8.44178549518986e-05	0.000678700367937139	0.00432593541938167	0.0177776328178248	0.0629450223923157	0.168044772160526	0.294930563916068	0.297948022583695	0.132432428543403	0.0202530904849086	0.000550154997896748	3.35752832195051e-06	
4.79579044697726e-07	4.22029559333999e-05	0.00015826108475025	0.00127328236367246	0.00678748221960692	0.0254651676944046	0.0841618061330487	0.19979646665343	0.308645563270384	0.264254767735073	0.0970480950640766	0.0121271153032714	0.000239309943304165	
1.0526597841856e-05	2.8708903205062e-06	9.37824171365357e-05	0.000381828412627324	0.00235700095313559	0.0101557745087907	0.0363382942318072	0.109866580157172	0.229565002698637	0.311390640131984	0.225201727893188	0.0680999108110074	0.00644371332437616	9.23469719762826e-05	
9.08920866957426e-06	1.14811056878833e-05	0.000163127376648675	0.000694128514713276	0.00390357593388031	0.0149919321313572	0.050912006414111	0.138239209793766	0.257881420270179	0.301209199618636	0.183392484946596	0.0453264484969558	0.00323097449233182	3.49216964673116e-05	
3.20820380809004e-05	3.83069111413736e-05	0.000229362630458974	0.0012717894498936	0.00608122214369305	0.0218861748442345	0.0679818386934279	0.168555676222326	0.280334285260075	0.279852097016083	0.143883631265335	0.0283001882784683	0.00153802248232615	1.53227644565494e-05	
4.69239214799996e-05	4.30933972775507e-05	0.000399810963630609	0.00218244116434529	0.00939531823755666	0.0315108497203957	0.0893919856815005	0.199074258063373	0.291576629397262	0.251315425951897	0.107436627568187	0.0168811201601925	0.000736418277920811	9.09749498081626e-06	
9.55271786764232e-07	4.34648662977725e-05	8.40639172352524e-05	0.000754664711543743	0.00365916857920039	0.0141590384234194	0.0447081525282462	0.115293662488149	0.22725629225585	0.29194252129659	0.215289124947162	0.0766543516212156	0.00982401505508336	0.000329091130540278	1.43290768014635e-06	
7.17889176097736e-06	5.83883196559492e-05	0.000183779629081021	0.00126874947055673	0.00590631354814811	0.0204555341837289	0.0605984611327621	0.143364861430638	0.250693600592306	0.282097901897094	0.177545479475788	0.0524331896438265	0.00526117047522828	0.000125391309425071	
5.74064621497668e-06	7.17580776872085e-06	9.85477600237663e-05	0.000370271680865996	0.00213839071507881	0.00875926934968524	0.0296973196444435	0.0796629475252313	0.172326545178647	0.267051991597608	0.261848095803731	0.141065856214991	0.0343199750090535	0.00260960209189148	3.82709747665112e-05	
8.12928819952525e-06	3.3473539645104e-06	0.00018984278913009	0.000623086030822435	0.00349463753894885	0.0131311914093508	0.0412738307692602	0.102042651027829	0.198522477960065	0.274923441232897	0.235427533612216	0.107823531324538	0.0212552194812175	0.00126147425119692	1.96059303635609e-05	
4.79205362499689e-06	2.34810627624847e-05	0.000266438181549827	0.00115488492362425	0.0056929597064963	0.0194681970569123	0.0556817463010138	0.126193460955305	0.223944166824804	0.273862031025672	0.202460911218581	0.0781885845615367	0.0124631730678919	0.000591339417324616	3.83364289999751e-06	
1.0531042161506e-05	5.31338945421438e-05	0.000527988159279141	0.00194680674867476	0.00862971036761953	0.0278258854931065	0.0724463898151419	0.153039498109678	0.242775944419074	0.263056338203462	0.168011767960932	0.054181254553479	0.00719222311257397	0.00030252812027599	
1.77758048235847e-05	0.000168149505087964	0.000817206594727504	0.0032784349220579	0.0130690599625939	0.0377663788427567	0.0930572991057809	0.178827959515364	0.257738600544516	0.242167956373371	0.133492450807862	0.0357860580999779	0.00368247416142641	0.000130195759653823	
4.79648743632063e-06	2.63806808997635e-05	0.000354460421544095	0.00131327826006459	0.00547279216484184	0.0187945563704788	0.0505098905969181	0.116198745334816	0.203905396000401	0.261934260302495	0.216213662410743	0.100950711774753	0.0225156713235763	0.00175551440169335	4.98834693377346e-05	
1.10310851182508e-05	4.65224024552318e-05	0.000573136813752598	0.00228727151864949	0.00827763035025614	0.0264803596325594	0.0667246358183171	0.141267433311095	0.22470847959513	0.257260252554296	0.184834464179429	0.0733169082074631	0.0134296267128757	0.000768818671502439	1.34291471004793e-05	
1.91687472744437e-06	1.96479659563048e-05	0.000183061536470938	0.0011036406243261	0.00374653165479003	0.0122660813809166	0.0363094410872513	0.0859694354324709	0.166259171047524	0.240185361786144	0.242380183349068	0.152593291896891	0.0508810435466016	0.00772308827687339	0.000378103539988403	
5.27617414060716e-06	3.74128711788508e-05	0.00036117810253429	0.00171475659569733	0.00580331190247328	0.0176037151940385	0.0484271245234655	0.107153340969396	0.189655916701681	0.249428734236231	0.222099111492275	0.120142802051377	0.0333727607437295	0.0040525813921809	0.000141977049601793	
2.54729803771539e-05	0.000107178766492553	0.000601739083626353	0.00256219732812467	0.0084147347253436	0.0250726220251885	0.0633118911717379	0.130102526342907	0.211551179543178	0.249743347707143	0.19496778869538	0.0908539504266965	0.0206470521513614	0.00198208624670533	5.62328057382454e-05	
4.99540806719977e-05	0.000239683521685835	0.00105335864340087	0.00397182974112258	0.012114825218357	0.0341051879234089	0.0800917618035729	0.154291824054043	0.229046184468892	0.240931893374936	0.164756723627127	0.0659552373010963	0.0123578710339342	0.00102069635988457	1.29688478667686e-05	
2.87298119202863e-06	0	2.39415099335719e-06	0.000102469662515688	0.000429031858009608	0.0016998472052836	0.00599878472895577	0.0175084262144211	0.0452144991699479	0.100734860705901	0.177243307510021	0.240075406179687	0.222936158048441	0.134604435978727	0.0455793677813355	0.00741803743781791	0.000445790914963109	4.30947178804294e-06	
8.6162577295012e-06	0	1.29243865942518e-05	0.000234075001651449	0.000734775311932464	0.00275959587836525	0.00878714684113631	0.0249909768634333	0.060199878032085	0.122697903473022	0.198696168733132	0.242376287292839	0.199015448950109	0.104906288623572	0.0304426746012827	0.00398884864777409	0.00014839110534141	
1.29257416144251e-05	4.78731170904634e-07	2.53727520579456e-05	0.000352824872956715	0.00117624248691269	0.00419703617532093	0.0135662839210955	0.0339027840611244	0.0769986427971305	0.14592635678398	0.215632008923549	0.235597492406127	0.172565352788968	0.0784831881581058	0.0195130825260729	0.00197907466051976	7.08522132938859e-05	
8.62905008060971e-06	5.75270005373981e-06	5.65682171951081e-05	0.000553697380172456	0.00202303285223183	0.0064176163016179	0.0190869793866375	0.045309224406597	0.0957915643365195	0.16896159449505	0.227596948576135	0.221310685592411	0.143349615072458	0.0570394592078436	0.0114521876319825	0.00101726912616966	1.91756668457994e-05	
1.20027212569634e-05	2.59258779150409e-05	0.000119066994869077	0.000758571983440086	0.00331803226427496	0.00963482440738964	0.0266599643471168	0.058715872062514	0.117168164366225	0.189181131146053	0.230834894887369	0.202287142540957	0.115076330105562	0.0392455377483183	0.00652323894873446	0.000436418944903188	2.88065310167121e-06	
5.27371289044053e-06	1.86977093388346e-05	5.22577004598198e-05	0.00025697364629783	0.001362535639512	0.00522289347531447	0.0143574436300021	0.0360041173314821	0.0758240056534202	0.137918139510801	0.205341120529749	0.22825923846627	0.176888960057378	0.0889665776048426	0.0256479834999907	0.00366618931574534	0.000206633659616352	9.58856889171006e-07	
3.82383039782653e-06	2.82007491839707e-05	6.26152227644095e-05	0.000496619972917721	0.00235691346146033	0.00780730571476233	0.0205836790315002	0.0468500480129704	0.0945432506286616	0.161661511665312	0.215752938494166	0.217619923685905	0.14903283379769	0.0653855878876348	0.0157522693238464	0.0019664047820823	9.60737387453917e-05	
2.85789815879911e-06	6.23974431337806e-05	0.000132415948024359	0.00103455913348528	0.00365382279602466	0.0114211136752808	0.0288233318805684	0.0609665887889418	0.113966310143871	0.180475792411804	0.221083191033821	0.200680656078154	0.120689991878806	0.0465889794683833	0.00934580329563289	0.00102646175536868	4.57263705407858e-05	
1.52280519752449e-05	7.75678897489037e-05	0.000243648831603918	0.001492349093574	0.00590705653652234	0.0164467720098887	0.039416860784673	0.0768792962736481	0.135463515728912	0.196423311292314	0.218709565358085	0.177569555317088	0.0939761157522301	0.0315701311278038	0.005298886210761	0.000496339319068138	1.38004221025657e-05	
3.7931194709357e-06	4.59915735850953e-05	0.00013418160128435	0.00044474325796721	0.00248970879273542	0.00842641490468365	0.0224396206501217	0.0508685769448509	0.0947156156090659	0.158391186307597	0.206902339501262	0.209672739134846	0.151086112346509	0.070954566963257	0.020335861763554	0.00288988289691913	0.000195819792687055	2.84483960320177e-06	
2.36193207933635e-05	0.000101563079411463	0.000324057081284948	0.000837541115332671	0.00400867112504966	0.0124563574000041	0.030796287609635	0.0638510546735314	0.113338727986203	0.177344725404138	0.210340444166051	0.196246795448651	0.124986832228658	0.0510422970072903	0.0126958573128488	0.00150218880245792	0.000102507852243198	4.72386415867271e-07	
3.53950727227164e-05	0.000124118721680992	0.000489867806482395	0.00152765133871244	0.00632486352839794	0.0173114941015291	0.040749167389906	0.0798810159235353	0.134195934852301	0.191781358500646	0.210112702630892	0.17546045450105	0.0986267183717889	0.035107664732208	0.00748676578230898	0.000755566819054253	2.92599267841122e-05	
4.19025055815079e-05	0.000259418882869785	0.000852645366383268	0.00255652365514144	0.00924350440541286	0.0246937585982529	0.0539492405288567	0.0982416013725189	0.155460649780742	0.199409315915702	0.200894265383163	0.151767579513535	0.0743576440057289	0.0236226552252424	0.00426558090526361	0.00037241440353902	1.12995520669235e-05	
