# <P(U)> as a function of N_tot.
# number_of_species: 1
# species_total_upper_bound: 103
# species_total_lower_bound: 0
# volume: 729
# Bin widths for each
10	10	10	10	10	10	10	10	10	10	10	10	10	10	10	10	10	10	10	10	10	10	10	10	10	10	10	10	10	10	10	10	10	10	10	10	10	10	10	10	10	10	10	10	10	10	10	10	10	10	10	10	10	10	10	10	10	10	10	10	10	10	10	10	10	10	10	10	10	10	10	10	10	10	10	10	10	10	10	10	10	10	10	10	10	10	10	10	10	10	10	10	10	10	10	10	10	10	10	10	10	10	10	10	
# Bin lower bound for each
0	0	0	0	-10	-10	-10	-10	-10	-10	-10	-10	-10	-20	-20	-20	-20	-30	-30	-30	-30	-30	-30	-30	-30	-30	-30	-40	-40	-40	-40	-50	-50	-50	-60	-60	-60	-60	-70	-70	-70	-70	-70	-70	-80	-80	-80	-80	-90	-90	-90	-90	-90	-110	-110	-110	-120	-120	-120	-120	-120	-130	-130	-130	-130	-130	-140	-140	-150	-150	-160	-160	-160	-160	-180	-180	-180	-180	-190	-190	-200	-200	-200	-200	-200	-210	-210	-220	-220	-220	-220	-250	-250	-250	-250	-250	-260	-260	-260	-260	-270	-270	-270	-270	
# Bin upper bound for each
0	0	0	0	0	0	0	0	0	0	0	0	0	0	0	0	0	0	0	0	0	0	0	0	0	0	0	0	0	0	0	0	0	0	0	0	0	0	-10	0	-10	-10	-10	-10	-10	-10	-10	-10	-10	-10	-10	-20	-20	-10	-20	-20	-20	-20	-20	-20	-30	-30	-30	-30	-30	-30	-30	-30	-40	-40	-40	-40	-40	-50	-50	-50	-50	-50	-50	-60	-60	-60	-60	-70	-70	-70	-70	-80	-80	-80	-80	-80	-90	-90	-90	-90	-90	-100	-100	-100	-100	-110	-110	-110	
# Normalized histogram for each
1	
1	
1	
1	
2.38979747661284e-06	0.999997610202523	
2.80528348284897e-05	0.999971947165171	
0.000119175306876415	0.999880824693124	
0.000508473262830604	0.999491526737169	
0.00150442535898486	0.998495574641015	
0.00366538458783672	0.996334615412163	
0.00782388311168853	0.992176116888311	
0.016435309731339	0.983564690268661	
0.0316779819385797	0.96832201806142	
5.97088358329442e-06	0.0566230831970977	0.943370945919319	
3.28759197038537e-05	0.0945009345727356	0.905466189507561	
9.06149333410146e-05	0.146786590430103	0.853122794636556	
0.000230874817148949	0.21476348257827	0.785005642604581	
6.00456707371627e-07	0.000506185004314281	0.299537228015629	0.69995598652335	
2.3994452482586e-06	0.00108814842008528	0.395327800212591	0.603581651922076	
3.59974441814631e-06	0.00212024946228818	0.495654808508596	0.502221342284698	
1.19672480355762e-05	0.00423820089179932	0.59481291601146	0.400936915848705	
1.79532139245127e-05	0.00799217239872891	0.684720618069311	0.307269256318035	
5.7523780990188e-05	0.0146104411654558	0.760639352857464	0.22469268219609	
9.49601978537793e-05	0.0262354592197036	0.815973747712391	0.157695832870052	
0.000208983905837137	0.0442979822243574	0.848976098967091	0.106516934902714	
0.000535166955873052	0.071307543211278	0.860299200973511	0.0678580888593376	
0.00121616763515211	0.107765798456435	0.849970121833185	0.0410479120752281	
1.80818529318519e-06	0.00246877565362885	0.158400648053609	0.815770027761672	0.0233587403457974	
2.65857975044395e-05	0.00459209229622137	0.222685661010538	0.759926623198888	0.0127690376968482	
7.07267872568464e-05	0.00858514386856182	0.297228416693214	0.687267304336157	0.00684840831481037	
0.000199886710734339	0.0151593839865985	0.380211698747175	0.600897497370071	0.00353153318542119	
6.05996333722181e-06	0.000474495129304468	0.025714848425167	0.464219855469874	0.507905525171573	0.00167921584074416	
1.93717382079084e-05	0.000864463817527912	0.0413162853965546	0.543063071352771	0.41396920256845	0.00076760512648837	
1.69622438625452e-05	0.00171379242454073	0.0643529358312257	0.609776916203486	0.323801965802905	0.000337427493979918	
3.03633152853787e-06	5.46539675136817e-05	0.00339340411629393	0.0974613839356201	0.657369419526284	0.241571750943085	0.000146351179675525	
4.26566305771259e-06	0.000131016793915458	0.00635096291249723	0.140003936597622	0.680330601074581	0.173120716436392	5.85005219343441e-05	
5.47086853685268e-06	0.000302113518090643	0.0109466000679603	0.192846900175493	0.67734154693063	0.118533053468014	2.43149712749008e-05	
1.76560121765601e-05	0.000650228310502283	0.0184955859969559	0.256497412480974	0.647259665144597	0.0770770167427702	2.43531202435312e-06	
2.43374139063983e-06	6.51025821996155e-05	0.00123816593248801	0.0302106403173599	0.327151427389326	0.593338241378471	0.0479939886587651	
4.86590478762454e-06	0.000108874619623099	0.00239341691741282	0.0470082896770438	0.397826035388509	0.524180201484952	0.0284770995314742	1.21647619690614e-06	
1.64613067838874e-05	0.000209119563958274	0.00434578499094628	0.0718651879942203	0.46218898799544	0.445541729412697	0.0158327287359545	
2.0758262704362e-05	0.000364490671603063	0.00723608616388526	0.105050241101116	0.516674990322986	0.362084544740772	0.00856888873693298	
3.72768127225151e-05	0.000732092158058575	0.0125274534559272	0.145735227076899	0.554757193508213	0.281843258946741	0.00436749804143959	
0.000123140863958752	0.00143296756616677	0.0210969094093711	0.195883419297092	0.569511179781373	0.209826518415686	0.00212586466635259	
6.12132215661525e-07	0.000205676424462272	0.00259115566889524	0.0335032204275866	0.252524739323496	0.560027521464416	0.150117468172185	0.00102960638674269	
6.74026628953856e-06	0.000392773699235838	0.00445470326590412	0.0516506605767339	0.31492546184611	0.526502420674725	0.10156417070521	0.000503068965791923	
1.10342798293365e-05	0.000685964396057084	0.00724829581678191	0.0761414349467903	0.373904541219165	0.475220685596587	0.0665967828944142	0.000191260850375166	
5.83266155398067e-05	0.00106093043845038	0.0122313982608845	0.107990193761017	0.425871476381711	0.412328650217742	0.0403718413835319	8.71829411226584e-05	
1.83630784599253e-06	0.000117523702143522	0.00189384549183363	0.0193387700287627	0.148038241722995	0.464711366072254	0.342123126889484	0.0237361152172995	3.9174567381174e-05	
6.73195438427709e-06	0.000257650254161878	0.00343819270280625	0.0306401843821106	0.195207093276736	0.487184194839896	0.270468507305395	0.0127803094006235	1.71358838872508e-05	
5.80017009761992e-05	0.000511636057032157	0.00564753404241939	0.0466761056803203	0.246181809079159	0.489263274605085	0.204816827575596	0.00684053744986669	4.27380954561467e-06	
9.00392681461282e-05	0.0009273432107023	0.00894635068396156	0.0686711735301702	0.299079210667999	0.470850246321712	0.147868366265043	0.00356727005226565	
0.00014785883836943	0.00178780354775319	0.0143306504009674	0.0975659735706928	0.349393502677717	0.434084713911553	0.101021330324621	0.00166816672832564	
2.4593787486312e-06	4.9187574972624e-06	0.000272991041098063	0.00300782020957596	0.0225973867871106	0.132384668970695	0.393697350080883	0.381674677068199	0.0655664225938207	0.000790690267684931	6.148446871578e-07	
2.51902787642264e-05	2.88766610224058e-05	0.000505034369370587	0.00472901404020123	0.0346089854338749	0.173850401692787	0.423771758871279	0.321643610393632	0.0404899939297572	0.0003471343293119	
3.31747702186402e-05	7.49504067902611e-05	0.000912306181012605	0.00766398626810252	0.0505798519790901	0.219164204668673	0.43895688692871	0.258308590483879	0.0241850218369853	0.000121026476538372	
6.13931204097131e-07	7.67414005121414e-05	0.000147343488983311	0.00161218334195907	0.0123228271286376	0.0721049920587999	0.26703428867168	0.434804496677711	0.198208303173963	0.013639709561426	4.85005651236734e-05	
9.79797794230216e-06	8.45075597523561e-05	0.000241887580450584	0.00277711437302127	0.0192107728767476	0.101213112143981	0.313407920440419	0.41145322384093	0.144511601418257	0.00707291532709937	1.71464613990288e-05	
9.82531209182737e-06	0.000135098041262626	0.0004667023243618	0.00476220595450758	0.0294888319976026	0.134854864788354	0.352095585548685	0.373657232934201	0.101096320604846	0.00343210433007645	1.22816401147842e-06	
1.96115082782015e-05	0.000155053487324531	0.000817554751347525	0.00784215187274583	0.0427800538703618	0.173984721409332	0.380161733657332	0.325574938943859	0.0670241681196547	0.00163817380086352	1.83857890108139e-06	
2.32758705175574e-05	0.000272572694218764	0.00147311759459804	0.0123766378862569	0.0614587110557935	0.214275213893	0.396113664651058	0.270511554632143	0.0427779873967286	0.000717264325685781	
5.50332156030173e-06	4.09691716155795e-05	0.000422532799796499	0.00272842453356292	0.0188672207492344	0.0850623954368904	0.256015741945583	0.396659850701001	0.214078597215564	0.0258234192014558	0.000295344923736193	
5.50853578222432e-06	6.24300721985423e-05	0.000798125628891168	0.00472938399880526	0.0284485270175318	0.114657724068874	0.296976793150809	0.377692755908211	0.161251980012584	0.0152519114619164	0.000124860144397085	
1.64445635491022e-05	0.00012972933466514	0.00135271761639097	0.00781177674373279	0.0417509196774429	0.148279411406437	0.332308085852803	0.343505615513923	0.116495115355568	0.00831364046093503	3.65434745535605e-05	
2.9723703015318e-05	0.000265086902401918	0.00229600440638732	0.0125864717115272	0.058666097265662	0.186567797946759	0.354489735010155	0.299769004365138	0.0810450126052765	0.00427172074762999	1.33453360476938e-05	
4.49419641338833e-05	0.000629187497874367	0.0036822044397802	0.0194714096229248	0.079923209973715	0.225884992299134	0.361831397184933	0.252926693583259	0.0535021936537088	0.00209891118982028	4.85859071717658e-06	
1.15400780838125e-05	9.59648598548623e-05	0.00105318396828058	0.00581376986411862	0.029098003202068	0.106426244324104	0.26290788102301	0.357821379027184	0.202459737274938	0.0334297840912128	0.000874616444246846	7.89584289945069e-06	
1.27444971082129e-05	0.000172354151368213	0.00186373098187247	0.0093617434472044	0.0414657385436074	0.137615079774483	0.296163299489613	0.338609150548924	0.154545840742337	0.0198019141020895	0.000386583078949125	1.82064244403042e-06	
3.05294850713871e-06	2.38129983556819e-05	0.000370017359065212	0.00303157786758874	0.0148580897945427	0.0583699330976864	0.171738733551477	0.320212778299154	0.306944664087129	0.11330041440723	0.0109539792436137	0.000192946345651166	
7.33601260816034e-06	9.29228263700309e-05	0.000762945311248675	0.00502088929590174	0.0225833034798376	0.0799827114636201	0.205907201885844	0.333006676994142	0.267164129832751	0.0793670977389186	0.00603142503267582	7.33601260816034e-05	
3.65458562176379e-06	2.253661133421e-05	0.000205265892422399	0.00146244334630914	0.00801328807332073	0.0331550098582447	0.105593160564828	0.241064385880387	0.333185525648186	0.22169203659702	0.0525894870971809	0.00298336006256651	2.98457825777376e-05	
1.89275179857213e-05	6.53304653055542e-05	0.000401141268278029	0.00243676529938754	0.0122473252669543	0.0462985406883633	0.135670006661265	0.269831306969539	0.320908740666749	0.177067541321519	0.0335853542529217	0.00145497662451529	1.40429972152126e-05	
3.30333416528416e-05	8.44185397794841e-05	0.000669842761293733	0.00431146281424496	0.0180417100993937	0.0632472264227583	0.167486382922496	0.292853420051972	0.298852030204709	0.133463876205717	0.0203693372288207	0.000582977307317742	4.28209984388687e-06	
5.32561547587129e-05	0.000154259206887306	0.00121815802264182	0.00691901514066358	0.0259369716469129	0.0845132326241083	0.198019238326802	0.307827308042169	0.265300125978352	0.0974557025098952	0.0123566521834411	0.000246080163367846	
1.34272098746143e-05	0	0.000104976368110621	0.000367417288387172	0.00232717960235928	0.0103041629233233	0.0370114936916527	0.110245937658685	0.226893602788954	0.311087091324558	0.226641537439944	0.068318254169759	0.00658055349400414	0.000104366040389047	
1.15970052870137e-05	3.05184349658255e-06	0.000176396554102471	0.000662250038758412	0.00379222072885347	0.0153605386869993	0.0517153191556892	0.138156344721593	0.25536727715744	0.300880639959374	0.184823304365235	0.0457086807857154	0.00329904281980573	4.33361776514721e-05	
3.67255724445582e-05	1.77506933482031e-05	0.000237492035141476	0.00117644250397401	0.00589629065597381	0.0225133880013882	0.0689577711005246	0.168374507800818	0.277585954672074	0.280239989374068	0.1448701414363	0.0284910870096141	0.00158287217236046	1.9586971970431e-05	
5.86737531521863e-05	3.78934655774536e-05	0.000405215607707286	0.00213670251062545	0.00940980316178187	0.0326177172731862	0.090309296245002	0.198420575907335	0.289058078459032	0.251911480864411	0.107967040019167	0.0168729823257542	0.000782927893624485	1.16125136447035e-05	
1.21822859815999e-06	5.36020583190395e-05	8.46668875721191e-05	0.000713272844222673	0.00359621082176828	0.0144463638312802	0.0462591854436301	0.116216571807266	0.226781781147669	0.289391421721503	0.215196427179167	0.0770292033759551	0.00987922481677842	0.000349022493372836	1.82734289723998e-06	
9.14057844017857e-06	5.84997020171429e-05	0.000173670990363393	0.0012492123868244	0.00586947010238667	0.0209660494541856	0.0622631828469124	0.144330952314212	0.249449432491953	0.280201385224194	0.177243128417815	0.0527192002115739	0.00533566032148024	0.00013101495764256	
7.29604365952526e-06	9.12005457440657e-06	9.72805821270035e-05	0.000335618008338162	0.00219428513060222	0.0088440209226212	0.0301794765939879	0.0818841059944903	0.172403079660029	0.265033649961361	0.260748440318667	0.141139532578963	0.034420301971087	0.00266852796847136	3.52642110210388e-05	
1.03413874492055e-05	4.25821836143757e-06	0.000152079227194199	0.00058094264788184	0.0036152273888605	0.013245492371706	0.042627807382534	0.104034966055916	0.198338686522131	0.272368421052632	0.234842567584009	0.10771345840329	0.0211268462418181	0.00131396452295788	2.49409932598487e-05	
6.0909649062966e-06	1.94910877001491e-05	0.000208920096285973	0.00101901842882342	0.00576509828380973	0.0196945259280194	0.0572575065051505	0.128381094619485	0.223148590307082	0.271770326768085	0.201874068082369	0.0778382678270361	0.012404250031673	0.0006078782976484	4.87277192503728e-06	
1.33897325096619e-05	3.4691579684124e-05	0.000473509631478044	0.00190925413103679	0.00851221813091507	0.0281020054167554	0.0742052889443413	0.154698883174584	0.241264112473753	0.261652414716533	0.167988192690423	0.0535254557073735	0.00728644898207602	0.000334134688536563	
2.14083514590709e-05	0.000105818422926265	0.000767642316603828	0.0032926044544051	0.0129991510059479	0.038301987429016	0.0944151116047945	0.17987786229659	0.256265306971293	0.241184040869155	0.133321426212141	0.0355843501280831	0.00370976147426471	0.000153528463320766	
6.10276693349998e-06	2.68521745073999e-05	0.000325887754248899	0.001293786589902	0.00538447126542703	0.0189869284835051	0.0511448485628899	0.11767965477868	0.204121076454854	0.260731563083386	0.214679473526502	0.101183265480736	0.0225808479306433	0.00179421347844899	6.10276693349998e-05	
1.40568581577448e-05	4.33929099652123e-05	0.000513380906630681	0.00221059373724187	0.00812669751841448	0.0268516549200226	0.0676092095645308	0.142575656455276	0.225114471718824	0.255804871251403	0.183308153222199	0.073544870713575	0.0134915279927051	0.000774349534167944	1.71126968876894e-05	
2.44898309038401e-06	2.32653393586481e-05	0.000144490002332656	0.000963674846066107	0.00361286230408901	0.0120202212533773	0.0366704605496375	0.0871740020853091	0.166996156933285	0.240516466043931	0.24068360913985	0.15190797211343	0.0512180323522911	0.00768429669185242	0.000382041362099905	
6.73682766459907e-06	2.14353607509971e-05	0.000301319928271159	0.00167134569969917	0.00570854278742981	0.0173485561140998	0.0488242398408639	0.108389432734613	0.190630175108524	0.249026222183026	0.220434513135589	0.119764872465728	0.0337668175716064	0.00395390540024106	0.000151884841892779	
3.19219532797658e-05	7.30521623133103e-05	0.000526098345399218	0.00254086470432598	0.00828988571326842	0.0247462665127046	0.0636634247467576	0.130685407308777	0.212575653494564	0.249321505021876	0.193418184340686	0.0913231833799578	0.0208388966545179	0.00190426728988142	6.13883716918574e-05	
5.63499330844545e-05	0.000200899761431533	0.000900986430078614	0.00393530782682196	0.0119676232884473	0.0337860723790391	0.0809264663998212	0.15448517904885	0.230377513926702	0.240275502172841	0.163683080626342	0.0658938967509976	0.0125403101083817	0.000956111364617755	1.46999825437707e-05	
3.66575633717627e-06	0	0	8.37014363655248e-05	0.000361076999211862	0.00149623954495745	0.0058230539416045	0.0173567452971401	0.045295307220929	0.101514568326643	0.177351124470756	0.240950775001986	0.222103288794394	0.134059153088094	0.0456307239257807	0.00753862790740299	0.000426449653891506	5.4986345057644e-06	
1.09878706117192e-05	0	1.15983078679258e-05	0.000172143306250267	0.000640959119016952	0.00244663252287614	0.00860716531251335	0.0246677695233095	0.0606164195413174	0.124135468235897	0.199141725217773	0.242402192690624	0.197655920936167	0.104581942045087	0.0307574915912268	0.00400752058699647	0.000144063192464763	
1.6486163529309e-05	0	2.13709527231784e-05	0.000260115024573543	0.00106488404426352	0.00384066550367977	0.013308608158697	0.0337062666349969	0.0776089201135469	0.147265403419475	0.215730608760747	0.235526216968903	0.171228958007299	0.0787305898321892	0.0197284423567398	0.0018934664112736	6.89976473634045e-05	
1.10111273559225e-05	1.83518789265374e-06	4.58796973163436e-05	0.00042148148601281	0.00181744774302476	0.00601758110001162	0.0191238813000471	0.0446648029314068	0.0965816566852836	0.17065962770155	0.227155886976895	0.221196420160151	0.142250307393972	0.0574768613393201	0.0115500608670651	0.00100078913079384	2.44691719020499e-05	
1.53236132589709e-05	2.81954483965065e-05	9.86840693877726e-05	0.000614170419419554	0.00294213374572241	0.00949512371978873	0.0266771847948076	0.0574065458798175	0.118484629496484	0.190801051077281	0.230758905011373	0.202007515925831	0.114170112947289	0.0394454323067125	0.00662593037317902	0.000425383504069032	3.67766718215302e-06	
6.73908528557487e-06	2.38931205579473e-05	5.2687394050858e-05	0.000200947270333505	0.00114686978678147	0.00475534363514837	0.0144302195287664	0.0352778861817507	0.0753589022397656	0.139130866297161	0.20653519732348	0.227836833267066	0.176922431290431	0.088739662396333	0.0256563103263004	0.00373529118055909	0.000188694387996096	1.22528823374088e-06	
4.89435533998639e-06	3.60958706323997e-05	5.3226114322352e-05	0.000414796615063847	0.00193327035929463	0.00736233402017453	0.0205868821488178	0.0458368613478076	0.094424962191105	0.162877415976155	0.216977784521112	0.218241139993246	0.148073826455948	0.0651793536514338	0.0159329620149082	0.00196447187458704	9.97224900522228e-05	
3.66109712097424e-06	7.99339538079376e-05	0.00010373108509427	0.000969580554204679	0.00302223567336424	0.0110583438539027	0.0285730324806435	0.0596575775862753	0.114495930995641	0.181282885042161	0.222659384337704	0.20150983645269	0.119614754953617	0.0465227814819267	0.0094090196009038	0.00099215731978402	4.51535311586823e-05	
1.9537069146572e-05	9.70748123220295e-05	0.000202086558984854	0.00134744723770264	0.0052341029310488	0.0158824161493414	0.0386785126429259	0.0756090681306444	0.136274720497805	0.197439789195024	0.220756060154636	0.177835561373261	0.0931026819511671	0.0317166001592271	0.0053085880071701	0.000478658194091013	1.70949355032505e-05	
4.86669217624482e-06	5.90086426369685e-05	0.000144784092243284	0.000307209943625454	0.00227396191935039	0.007494097614895	0.0216427884442828	0.0497710525499338	0.0934982817534935	0.159103725635362	0.209210579945457	0.211312990965594	0.151421652035159	0.0702567849293143	0.0204693072932857	0.00282450647178809	0.000203792734880252	6.08336522030603e-07	
3.03024426192947e-05	0.000130300503262967	0.000273934081278424	0.000711501352701039	0.00360599067169606	0.0110106955501469	0.0293551882630155	0.0625006060488524	0.112274186197601	0.178303208665044	0.213196471341162	0.198187671511825	0.125533929038952	0.0504832633548925	0.0128082364463235	0.00148178944408351	0.000112725086543776	
4.54897517654573e-05	0.000154058625979015	0.000353000473699948	0.00139380599409361	0.0052762046747695	0.0154962355714089	0.0386620432904739	0.0780986254210077	0.134095903314262	0.192762519841113	0.214407150261141	0.176752553339767	0.099278047312981	0.0347626617691389	0.00765440889706761	0.000772112719965695	3.5178741365287e-05	
5.39570198992277e-05	0.000292822928217157	0.000487431955044709	0.00229347647504245	0.00742969976252849	0.0226219352867391	0.0508111437615075	0.0965466901005844	0.156523858399805	0.200696469937755	0.205784192533197	0.153481652491329	0.0745449574133611	0.0235931616449252	0.00442265685578501	0.00040801207182225	7.88136245719056e-06	
