# <P(U)> as a function of N_tot.
# number_of_species: 1
# species_total_upper_bound: 103
# species_total_lower_bound: 0
# volume: 729
# Bin widths for each
10	10	10	10	10	10	10	10	10	10	10	10	10	10	10	10	10	10	10	10	10	10	10	10	10	10	10	10	10	10	10	10	10	10	10	10	10	10	10	10	10	10	10	10	10	10	10	10	10	10	10	10	10	10	10	10	10	10	10	10	10	10	10	10	10	10	10	10	10	10	10	10	10	10	10	10	10	10	10	10	10	10	10	10	10	10	10	10	10	10	10	10	10	10	10	10	10	10	10	10	10	10	10	10	
# Bin lower bound for each
0	0	0	0	-10	-10	-10	-10	-10	-10	-10	-10	-10	-20	-20	-20	-20	-30	-30	-30	-30	-30	-30	-30	-30	-30	-30	-40	-40	-40	-40	-50	-50	-50	-60	-60	-60	-60	-70	-70	-70	-70	-70	-70	-80	-80	-80	-80	-90	-90	-90	-90	-90	-100	-110	-110	-110	-120	-120	-120	-120	-130	-130	-130	-130	-130	-140	-140	-150	-150	-160	-160	-160	-160	-180	-180	-180	-180	-190	-190	-200	-200	-200	-200	-200	-210	-210	-220	-220	-220	-220	-250	-250	-250	-250	-250	-260	-260	-260	-260	-270	-270	-270	-270	
# Bin upper bound for each
0	0	0	0	0	0	0	0	0	0	0	0	0	0	0	0	0	0	0	0	0	0	0	0	0	0	0	0	0	0	0	0	0	0	0	0	0	0	-10	0	-10	-10	-10	-10	-10	-10	-10	-10	-10	-10	-10	-20	-20	-10	-20	-20	-20	-20	-20	-20	-30	-30	-30	-30	-30	-30	-30	-30	-40	-40	-40	-40	-40	-50	-50	-50	-50	-50	-60	-60	-60	-60	-60	-70	-70	-70	-70	-80	-80	-80	-80	-80	-90	-90	-90	-90	-90	-100	-100	-100	-100	-110	-110	-110	
# Normalized histogram for each
1	
1	
1	
1	
2.87371598777521e-06	0.999997126284012	
2.94054785992664e-05	0.999970594521401	
0.000113914473872748	0.999886085526127	
0.000498524153315903	0.999501475846684	
0.00153322208270077	0.998466777917299	
0.00366018384937593	0.996339816150624	
0.00779643092241339	0.992203569077587	
0.0163947631116392	0.983605236888361	
0.0315353674315477	0.968464632568452	
7.18034366560852e-06	0.0564769931018438	0.943515826554491	
3.95502205104567e-05	0.0942604000900307	0.905700049689459	
9.38116766672319e-05	0.145880043730674	0.854026144592659	
0.000241859095057122	0.213926174496644	0.785831966408299	
7.20761239190383e-07	0.000513902763542743	0.299182945059254	0.700302431415964	
2.88445660082654e-06	0.00108239233946016	0.394931144415368	0.603983578788571	
4.32669738141063e-06	0.00210493827605627	0.49547607732962	0.502414657696942	
1.43927656202886e-05	0.00421204285877746	0.594660859665498	0.401112704710105	
1.9432485069374e-05	0.00785144368969632	0.68487490517667	0.307254218648564	
5.40117010949252e-05	0.0145039421340239	0.760898841124941	0.22454320503994	
0.000105309928562361	0.0259798151161583	0.815832410068206	0.158082464887073	
0.00023719301888316	0.0441164596094174	0.848905884117152	0.106740463254548	
0.000572883146268467	0.0710627631727048	0.860345663548759	0.0680186901322682	
0.00124308394608728	0.107475838955261	0.850248472328561	0.0410326047700909	
2.17230742494678e-06	0.00249670533373883	0.158149773355925	0.816070730329756	0.0232806186731546	
3.11828073954016e-05	0.00471295500610965	0.222453071687824	0.759925741407505	0.0128770490911662	
8.05872560329725e-05	0.00873609416076359	0.296684524124993	0.687505853466232	0.0069929409919783	
0.000218318281943918	0.0152307827326921	0.379459658625639	0.601373301777517	0.00371793858220771	
7.2838570062328e-06	0.000488746805118221	0.0258569639864258	0.463435402021562	0.508411033877947	0.00180056945194075	
2.32853606392996e-05	0.000881205366693493	0.0412158159990802	0.541966768879698	0.415078289748474	0.000834634645414894	
1.89272197442933e-05	0.00177697474599307	0.0642630068218068	0.609112873930885	0.324461320406528	0.000366896875043223	
3.64615654991916e-06	5.97969674186743e-05	0.00349374720613254	0.0973596721959415	0.657041785683293	0.241883108596397	0.000158243194266492	
5.12425213370199e-06	0.000145675167800956	0.0064550936164263	0.140114622199871	0.679540984134583	0.173674813495523	6.36871336617247e-05	
6.57583730501729e-06	0.000319293433588062	0.0110225646203879	0.192915339017292	0.67641546724612	0.119293725847498	2.70339978095155e-05	
1.9031487596228e-05	0.000675617809666093	0.0183990566237995	0.256087697094843	0.647181839276159	0.0776338297867668	2.92792116865046e-06	
2.92483182217023e-06	6.87335478210003e-05	0.00124597835624452	0.0300299795261772	0.327018133957297	0.593294091839719	0.0483401579409184	
5.85511374656286e-06	8.19715924518801e-05	0.00242328520185871	0.0469023886668418	0.397598085963316	0.524238341187724	0.0287486084956237	1.46377843664072e-06	
1.98294957138912e-05	0.000190216273699919	0.00436836446319352	0.0716263417958766	0.461452194757963	0.446375902609268	0.0159671506042855	
2.50098384290879e-05	0.000342781903175146	0.00718959296487957	0.104838300360804	0.516450221226733	0.362583810543118	0.00857028316286186	
4.3417310260835e-05	0.000719697109069435	0.0124364837865782	0.145344965247755	0.553957782184921	0.28314267737627	0.00435497698514613	
0.000125480609186214	0.00141276403519067	0.0210733611309789	0.195738678512036	0.568700264468837	0.210821447736219	0.00212800350755209	
7.3760890795526e-07	0.000194728751700189	0.00251229594049561	0.0334690041984699	0.252969613463428	0.559019039161132	0.150814467756164	0.00102011311970212	
8.10856633175831e-06	0.000354565491415977	0.00443833435304698	0.0514060991161663	0.316481766782889	0.525016401418262	0.101797153156075	0.000497571115812441	
8.10194306690953e-06	0.000644472743958713	0.00734993544224456	0.075823139002091	0.374973392482428	0.474557320878928	0.0664565562764648	0.000187081230817729	
5.16411178383913e-05	0.00097306620612626	0.0123119802229273	0.107741815067255	0.426687687060728	0.411857833478051	0.0402992529005709	7.67239465027528e-05	
2.213063418283e-06	0.000111390858720244	0.00187741546651008	0.0195479891736938	0.14758034711162	0.465496497089453	0.341463144748364	0.0238833804101102	3.7622078110811e-05	
8.12465885665369e-06	0.000257773267361103	0.0034655363050381	0.0309497800063963	0.194703756472953	0.48755117611823	0.270080648318233	0.0129625239031157	2.06809498169367e-05	
6.78641242208535e-05	0.000516357466897798	0.0056673920259654	0.0465983107734297	0.245938848522849	0.489664736473279	0.204544683362225	0.00699664367646516	5.16357466897798e-06	
9.2557078098922e-05	0.000936677630361091	0.00891509776248817	0.0687128938673901	0.298869767007918	0.470908940125196	0.147883997103334	0.00368006942521314	
0.000168774997020529	0.00181285073554068	0.0142577860421597	0.0974527559550555	0.349920164984962	0.433273546517868	0.101390839218868	0.0017232815485254	
4.45669209457101e-06	0.000308997318556923	0.00297781310118919	0.0224728698868743	0.132402379873579	0.394028032593275	0.381021919497285	0.0659761269860134	0.000806661269117352	7.42782015761834e-07	
1.26345204827873e-05	2.08097984422379e-05	0.000567067007550984	0.00464876033057851	0.0345063618526666	0.173955794042452	0.423834651287235	0.321191063677983	0.0408897675248231	0.000373089957785837	
1.56122221396179e-05	8.47520630436399e-05	0.000963497137759274	0.00764552821351572	0.0503709761356033	0.218883354397443	0.438374842019181	0.258911605085124	0.0246167571184299	0.000133075607761505	
4.30285895302539e-05	0.000173598102587576	0.00168627558624599	0.0121859933038612	0.072040245084911	0.266648911191217	0.434727484363188	0.19869193087828	0.0137439249937497	5.8607906429139e-05	
2.22231934580845e-06	6.1484168567367e-05	0.000274086052649708	0.00282753098098361	0.0190074973646996	0.100759959138955	0.312719592930358	0.412034303721422	0.145144121113441	0.0071484605623505	2.07416472275455e-05	
7.43087797309428e-06	0.000111463169596414	0.000509758228954267	0.00497571589078393	0.0294403954416022	0.134748568812902	0.351015355166244	0.373956704732578	0.101710142256728	0.003522979247044	1.48617559461886e-06	
5.93096504956433e-06	0.000151980979395086	0.000862955414711611	0.00803275078900369	0.0426391904825804	0.173610467560216	0.378668394554484	0.32665086558728	0.0677397759429678	0.00163546361241737	2.22411189358663e-06	
8.14321999204926e-06	0.000290935041534123	0.00151093745488841	0.0125842360586223	0.0612384949256635	0.213727692204051	0.394929142881678	0.271532709463976	0.0434544427557545	0.000723265993839284	
5.90873369928091e-06	2.5850709934354e-05	0.000440200660596428	0.00284136231764171	0.0192388369248586	0.0848265195785891	0.25565096519165	0.395693862598307	0.214801673353384	0.026158702678429	0.000316117252911529	
4.43973503661302e-06	5.17969087604852e-05	0.000801372174108649	0.00491182686217287	0.0289011951766719	0.114398652688408	0.296290897359246	0.377592805261382	0.161391768139277	0.015510954306247	0.000144291388689923	
1.10342148935419e-05	0.000122111978155197	0.00132484140155126	0.00813442321951909	0.0423257771029742	0.148267481138849	0.331455309958453	0.343134658616103	0.11686778362346	0.00831244188646823	4.41368595741676e-05	
2.34542202937641e-05	0.000269723533378287	0.00232416664223519	0.0129335366032425	0.0590196135917207	0.186379694508781	0.353183177460494	0.30000879533261	0.0815972324020053	0.00424448092878712	1.61247764519628e-05	
3.74017105048938e-05	0.000669563954724863	0.00374677135234318	0.0200414498956419	0.080162866115077	0.225441376852301	0.360798900536385	0.253125976294649	0.0538833976007169	0.00208642875267496	5.8669349811598e-06	
1.39411478113865e-05	7.48419514084962e-05	0.00113290169583057	0.00607100299954801	0.0301004056140269	0.106753972493382	0.262337915813077	0.356847158060331	0.202338884355978	0.0334954419784103	0.00082399521011511	9.538680081475e-06	
1.53957025462293e-05	0.000145159481150162	0.00202563457786816	0.00972128646490476	0.0426534273399818	0.137459430490969	0.295337961330394	0.337641686283969	0.154847776823896	0.0197739470988998	0.000376095019343601	2.19938607803275e-06	
3.68810166768581e-06	2.87671930079493e-05	0.000371023027769193	0.00315480216653844	0.0154302797572639	0.0598342862158675	0.171450257466377	0.319309941425569	0.305835093172512	0.113454121121684	0.0109529243326933	0.000174816019048308	
8.85838978096155e-06	0.000111468071410433	0.000750010334788078	0.00528181490689832	0.0232244834082359	0.0818766203471308	0.204910796014906	0.332341685810631	0.26623373747276	0.0791504508920399	0.00605840041102929	5.16739403889424e-05	
4.41126843818306e-06	2.72028220354622e-05	0.000233062015817338	0.00150497774882679	0.00822113394596049	0.0342380599829578	0.107688620324331	0.240067845308579	0.331787673886688	0.221159678359714	0.0520537027819664	0.00299745690374539	1.61746509400045e-05	
2.28377949298622e-05	7.88272276611372e-05	0.000449388867974708	0.00249005635041723	0.0125512100716149	0.0474178926019542	0.137601397967731	0.268584255624175	0.319982554871486	0.176209795351256	0.0332562496362529	0.00134448308861285	1.10505459338043e-05	
3.98436946615352e-05	9.37064670743513e-05	0.000736370505040965	0.00441969872264066	0.0186217623308857	0.0646493459731306	0.168306406866102	0.291703067079074	0.298204229924681	0.132774685382381	0.0199122553302009	0.000535676339338418	2.95138478974335e-06	
6.420517316578e-05	0.000177117719078014	0.0013106711211773	0.00712160828792847	0.0265757757571598	0.0854917710369726	0.198199155591274	0.306744273747243	0.264897998643573	0.0972848591655837	0.0119141185699811	0.000218445186862884	
1.61738066671372e-05	0	0.000117627684851907	0.000416843108193945	0.00241210271249441	0.0106129578657633	0.0377974510080693	0.110854535723528	0.227056720069636	0.310194497376903	0.225831186628085	0.0683343331686546	0.00626587973745501	8.96911096995789e-05	
1.39779883467718e-05	3.67841798599258e-06	0.000203048672826791	0.000709934671296569	0.00398372667882997	0.015557501029957	0.0528485668883527	0.138688864693073	0.254907009593314	0.29996836560532	0.184360102407157	0.0456594667765288	0.00305602966276264	3.97269142487199e-05	
4.42697919172214e-05	2.13970660933237e-05	0.000277424029347921	0.00122405974651117	0.0062088383163903	0.0228616583759184	0.069980211403013	0.168813259688075	0.276840405924479	0.2794670802449	0.144518735713769	0.0283193858894465	0.00141884683094695	4.42697919172214e-06	
7.0804449174575e-05	4.57278734252464e-05	0.000436627436576546	0.00215363532905999	0.00967218277578517	0.0332677654632123	0.0915427773192698	0.199138250849838	0.287801647236008	0.251035699455765	0.107373472080552	0.016745252229787	0.000713944862510298	2.21263903670547e-06	
1.47040443473978e-06	6.46977951285501e-05	8.82242660843865e-05	0.000789607181455259	0.00358117000080872	0.0148334399376549	0.0476168420123955	0.116760404949381	0.22698045097304	0.2882205900733	0.214172493144239	0.0768205444907622	0.00975833903115052	0.000311725740164832	
1.10452324358714e-05	7.06894875895768e-05	0.000198814183845685	0.00132027345050116	0.00577002942449921	0.0216074200398807	0.0635284952269869	0.144820669606171	0.248849086780182	0.279635094974272	0.176023451237508	0.052844810066183	0.00521924050036376	0.000100879789580959	
8.82629411859891e-06	1.10328676482486e-05	0.000109593151972603	0.000397918759846834	0.00231028248554327	0.0089631016774372	0.0312539074739588	0.0831525168913204	0.172690857577447	0.264189371082413	0.260072640400596	0.139754070024875	0.0344173983909666	0.00264862376008956	1.98591617668476e-05	
1.25064371367616e-05	5.14970940925476e-06	0.000159640991686898	0.000664312513793864	0.00379974987125726	0.0133502538071066	0.0440859265798573	0.105588906054587	0.198003384094755	0.271742808798646	0.233598175531524	0.106501140292798	0.0211483851982638	0.00132936070036048	1.02994188185095e-05	
7.35559135276681e-06	2.05956557877471e-05	0.000220667740583004	0.00112761215437915	0.00597200461931137	0.019938801479945	0.0589962560040014	0.129860023096557	0.222354377680194	0.27075563989967	0.200362630653691	0.0773764076762951	0.0124052048164412	0.000600951813521048	1.47111827055336e-06	
1.61770296473481e-05	2.86774616475716e-05	0.000504429197185491	0.00202654062309506	0.00866941725191974	0.0286892267600424	0.0762886658583054	0.156150249310086	0.24017741789606	0.260047957539709	0.16620868515309	0.0536481775473123	0.00723627948907058	0.000308098882829039	
2.58733168483343e-05	0.000104232505017575	0.000798376634177173	0.00350620405176142	0.0132035232065171	0.0391559384806449	0.0968822653197757	0.181062210542268	0.255110904124576	0.238468447490103	0.132356061194091	0.0354893198644238	0.00369175269544519	0.000144890574350672	
7.38560073737838e-06	2.95424029495135e-05	0.000342691874214357	0.00139883277965946	0.00558868407797422	0.0192365356805757	0.0526098497325674	0.120541128194826	0.205058250233016	0.258688051427415	0.211573827203531	0.10034815721876	0.0227011209864799	0.00182350482205872	5.24377652353865e-05	
1.6997916646651e-05	4.13862318353242e-05	0.00055649701021427	0.0024004014464488	0.00821073278018664	0.0274641990618628	0.0691534372374099	0.145773394121825	0.226189798737277	0.252951170897793	0.180365632577468	0.0726040143166801	0.013467523263127	0.000790772643996373	1.40417572298421e-05	
2.9521885680926e-06	2.80457913968797e-05	0.000168274748381278	0.00106131179022929	0.00378913402714685	0.0120958546106174	0.0371053200652138	0.0891332152949938	0.170036466909287	0.242009348105101	0.236880658515182	0.149229441881371	0.050436665591578	0.00761590845853688	0.000407402022396779	
8.09735672831454e-06	2.5764316862819e-05	0.000349658585995401	0.00174166781992656	0.00587131975136698	0.0175513887702912	0.0498340777994034	0.11049652991458	0.192748007314122	0.249464838332592	0.217164482343346	0.117435964630746	0.0332271352729693	0.00391985677984318	0.000161211011227353	
3.61424632637677e-05	8.33489458939949e-05	0.000595981843206618	0.00264356302729272	0.00826556006803634	0.0249796053243012	0.0649826737456721	0.133218906786374	0.213886671987231	0.248921995713061	0.190295232292775	0.089770502734288	0.0203150147594018	0.00193399058525712	7.08097239453408e-05	
6.03334230976945e-05	0.00022661822334256	0.000977107144801687	0.00401585150325874	0.0119967861415599	0.034021428666028	0.0822896386910885	0.156940477399247	0.231450047604542	0.23884089193401	0.161055658318581	0.0647900028989474	0.0123094898588345	0.00100800962980295	1.76585628578618e-05	
4.39950109657565e-06	0	0	8.7990021931513e-05	0.000385689596133132	0.00154935763617739	0.00605664650961914	0.017609003139044	0.0461734972587442	0.102198210722904	0.179069226883005	0.241539942703831	0.220545523470972	0.1318603803662	0.0449372374506064	0.00750114936966148	0.00047514611843017	6.59925164486347e-06	
1.31761274922096e-05	0	1.39081345751101e-05	0.000150061451994609	0.000637578169206365	0.00252322841475814	0.00896269472303414	0.0251049149151567	0.0615303193673702	0.125245679877198	0.199999707197167	0.24292094250304	0.195631088926416	0.103010964734095	0.0300942751922068	0.00400115071513432	0.000160309551155217	
1.97322263797942e-05	0	2.11938727782975e-05	0.00024994153414406	0.00101876753975678	0.00391282740879326	0.0138995264265669	0.0343253040224509	0.0787454688961646	0.148861377455566	0.216377747895229	0.234565744855005	0.168967785313377	0.0778370556594948	0.0192096877923293	0.00190598690364827	8.18521983161834e-05	
1.31573465140707e-05	2.19289108567845e-06	3.65481847613075e-05	0.000413725451498	0.00186103356804578	0.00618541478900367	0.0198990246751415	0.0453182871766308	0.0978672672264387	0.172624386264607	0.227109689143069	0.219085900660572	0.140351608156678	0.05693549318486	0.0112180998306357	0.00104893290264952	2.9238547809046e-05	
1.83206285880951e-05	3.3709956602095e-05	6.81527383477138e-05	0.000597985317115424	0.00296281205526674	0.00976123091173707	0.0275615536479303	0.0577568808616851	0.120283720582567	0.192904493830345	0.230326209784388	0.199466942990601	0.112121514133999	0.0392332597088339	0.00644446431214834	0.000454351588984759	4.39695086114283e-06	
8.04218785527279e-06	2.85132114868762e-05	6.28752868684963e-05	0.000152801569250183	0.00112298186779082	0.00475147080649253	0.0148882830440705	0.0360085305679905	0.0759540776451304	0.141210583226774	0.208605579669934	0.226255988688297	0.174561536262591	0.0870786167729332	0.025450600129991	0.00364384220642542	0.000214214640144993	1.46221597368596e-06	
5.83459931983158e-06	4.30301699837579e-05	6.34512676031685e-05	0.000373414356469221	0.0018568612335364	0.00739973058737641	0.0210213320244382	0.0464820648063533	0.0954248718758456	0.165025077837202	0.217870502526746	0.216809334775452	0.145870817595109	0.0639421032709493	0.0158059295574238	0.00188676355505054	0.000118879961141569	
4.34873995259873e-06	9.49474889650724e-05	0.000123214298656964	0.000889317320306441	0.00297961165752223	0.0109486776206594	0.028806053446014	0.0603626849120467	0.116526661399859	0.182576773379913	0.222901189380377	0.199767342412536	0.117903762384849	0.0457973052308094	0.0092889085387509	0.000975567329366316	5.36344594153844e-05	
2.32090079962285e-05	0.000115319758481261	0.000224837264963464	0.00129607804028939	0.00535112690613044	0.015729179887944	0.0386219651502239	0.0766006056100524	0.137892694602092	0.198879440082682	0.220964987035593	0.175832169860927	0.0915638882341209	0.0311269061304419	0.00525466446664612	0.000502620079418324	2.03078819967e-05	
5.78785346601987e-06	7.0177723275491e-05	0.000172188640614091	0.000328460684196628	0.0023021187161094	0.00740700547313893	0.0213014712000029	0.0500707203345379	0.0953751433398085	0.160314859228551	0.210002134270966	0.210931084752262	0.149949537152593	0.0684732004297481	0.0202176956384907	0.00285558220379756	0.000222108876758513	7.23481683252484e-07	
3.59821729922127e-05	0.000154723343866515	0.000325278843849603	0.000702372016807993	0.00361548874225754	0.0107910536803646	0.0292383941300122	0.0628112008186664	0.114045497298818	0.179266784064503	0.213580823516797	0.197760901339041	0.124347193426489	0.0489710177989417	0.012697389205492	0.00153140128254857	0.000124498318553056	
5.3934096848379e-05	0.000182656807993177	0.000416371227669486	0.00133396999538324	0.00530136215955	0.0151317502117812	0.0384938436026251	0.0790717007074715	0.135786639589353	0.192897095181456	0.215117943082988	0.176299775777981	0.0980435586148573	0.0334348253182471	0.0075960782001257	0.000799662875938633	3.88325497308329e-05	
6.39807683874618e-05	0.000347221473383641	0.000553541479307254	0.00215593622914604	0.00741673693767914	0.0217318947005952	0.050418283259396	0.0976526246852182	0.157902379725141	0.200479783874402	0.206552924675945	0.153455356879694	0.0734657375796435	0.0229259627488151	0.00443552068483864	0.000432768792912944	9.34550549479779e-06	
