# <P(U)> as a function of N_tot.
# number_of_species: 1
# species_total_upper_bound: 103
# species_total_lower_bound: 0
# volume: 729
# Bin widths for each
10	10	10	10	10	10	10	10	10	10	10	10	10	10	10	10	10	10	10	10	10	10	10	10	10	10	10	10	10	10	10	10	10	10	10	10	10	10	10	10	10	10	10	10	10	10	10	10	10	10	10	10	10	10	10	10	10	10	10	10	10	10	10	10	10	10	10	10	10	10	10	10	10	10	10	10	10	10	10	10	10	10	10	10	10	10	10	10	10	10	10	10	10	10	10	10	10	10	10	10	10	10	10	10	
# Bin lower bound for each
0	0	0	0	-10	-10	-10	-10	-10	-10	-10	-10	-10	-20	-20	-20	-20	-30	-30	-30	-30	-30	-30	-30	-30	-30	-30	-40	-40	-40	-40	-50	-50	-50	-60	-60	-60	-60	-70	-70	-70	-70	-70	-70	-80	-80	-80	-80	-90	-90	-90	-90	-90	-110	-110	-110	-120	-120	-120	-120	-120	-130	-130	-130	-130	-130	-140	-140	-150	-150	-160	-160	-160	-160	-180	-180	-180	-180	-190	-190	-200	-200	-200	-200	-200	-210	-210	-220	-220	-220	-220	-250	-250	-250	-250	-250	-260	-260	-260	-260	-270	-270	-270	-270	
# Bin upper bound for each
0	0	0	0	0	0	0	0	0	0	0	0	0	0	0	0	0	0	0	0	0	0	0	0	0	0	0	0	0	0	0	0	0	0	0	0	0	0	-10	0	-10	-10	-10	-10	-10	-10	-10	-10	-10	-10	-10	-20	-20	-10	-20	-20	-20	-20	-20	-20	-30	-30	-30	-30	-30	-30	-30	-30	-40	-40	-40	-40	-40	-50	-50	-50	-50	-50	-50	-60	-60	-60	-60	-70	-70	-70	-70	-80	-80	-80	-80	-80	-90	-90	-90	-90	-90	-100	-100	-100	-100	-110	-110	-110	
# Normalized histogram for each
1	
1	
1	
1	
2.35988061363976e-06	0.999997640119386	
2.77047988837913e-05	0.999972295201116	
0.000118864782483332	0.999881135217517	
0.000507260534188889	0.999492739465811	
0.00150340988661171	0.998496590113388	
0.00365642130268994	0.99634357869731	
0.0078169494126222	0.992183050587378	
0.0164517560737228	0.983548243926277	
0.0317195079281069	0.968280492071893	
5.89973634078293e-06	0.0565772915608401	0.943416808702819	
3.24932546957184e-05	0.0944159455625734	0.905551561182731	
8.95327339976544e-05	0.14670086698519	0.853209600280813	
0.000228635768967416	0.21477984750885	0.784991516722183	
5.93079708726693e-07	0.000508269310378776	0.299443572617273	0.70004756499264	
2.37023974382449e-06	0.00108556980267162	0.395265327599723	0.603646732357861	
3.55569883704943e-06	0.00212453005513704	0.49558500727733	0.502286906968696	
1.18219868858699e-05	0.00423936449727296	0.594762386930084	0.400986426585757	
1.77371845885151e-05	0.00798409802277691	0.684738689884247	0.307259474908387	
5.6820804937728e-05	0.0146094575862285	0.760649461800438	0.224684259808396	
9.67305088024763e-05	0.0262175285176969	0.815987120006362	0.157698620967139	
0.000212879254175458	0.0442029836302376	0.849064457940633	0.106519679174954	
0.000538552787663108	0.0711512455516014	0.860456109134045	0.0678540925266904	
0.00121386452915709	0.107569766047645	0.850159256651918	0.0410571127712794	
1.78430914226475e-06	0.00245639891918448	0.158264057530885	0.815897361779979	0.0233803974608091	
2.62361552107091e-05	0.00458357557056184	0.222612584410357	0.760002385105019	0.012775218758851	
6.98070283148046e-05	0.00857552493990331	0.297152410221897	0.687359975752499	0.00684228205738615	
0.000197320377352867	0.0151215368336339	0.38020000298067	0.600935930490767	0.00354520931757552	
5.98229241445322e-06	0.000468413496051687	0.025678391959799	0.464319215123235	0.507848169418521	0.00167982770997846	
1.91240583642356e-05	0.000859387372742838	0.0412482033843607	0.543243380535892	0.413861954179951	0.000767950468688837	
1.67415452207074e-05	0.00170225640154835	0.0642929148584801	0.610104957530287	0.32353933007511	0.000343799589353812	
2.99634445975909e-06	5.39342002756637e-05	0.00337448313058069	0.0973853898244142	0.657672439623659	0.241362138191406	0.000148618685204051	
4.20847840058582e-06	0.000129260408017993	0.00631211638967865	0.139803247622661	0.68074603095396	0.172946217449674	5.89186976082015e-05	
5.3981203744856e-06	0.000298096202902149	0.010912600232599	0.192688905723027	0.677624851026872	0.118444357674658	2.57910195669868e-05	
1.74236124796324e-05	0.000641669590629221	0.0184113510629605	0.256514027810489	0.647371317609625	0.0770412062427001	3.004071117178e-06	
2.40099641351161e-06	6.42266540614355e-05	0.00122150692537403	0.0300898873032308	0.327053527213794	0.593607347049025	0.0479611038581011	
4.8005318989344e-06	0.000107411901238657	0.00236906249212413	0.0468243881422062	0.39769106416991	0.524512115942446	0.0284899566872009	1.2001329747336e-06	
1.6243083153757e-05	0.00020634731561995	0.00430742501410742	0.0716404190474815	0.462079018388373	0.445931588946522	0.0158189582047423	
2.048734574987e-05	0.000359733688608011	0.00719467377216023	0.104810248011372	0.516675193017913	0.362362094553921	0.00857756961027645	
3.67964414824985e-05	0.000722657981902183	0.0124745968829192	0.14539902724686	0.554834238063325	0.282160542270968	0.00437214111254342	
0.000121515938538326	0.00141647683579751	0.0210434168589158	0.195470780555515	0.569744103151918	0.210056925078471	0.00214678158084377	
6.03900107675389e-07	0.000202910436178931	0.00256597155751273	0.0333950720543413	0.252127691054367	0.560421111623084	0.150250950689745	0.00103568868466329	
6.64775079395296e-06	0.000387382568993077	0.00442921505171648	0.0515599551578992	0.314560689432191	0.526878971653386	0.101665865914866	0.00051127247015311	
1.08839588586355e-05	0.000678433435521614	0.00721848338079949	0.0760788724218622	0.373534444706466	0.475642304738755	0.0666442940845684	0.000192283273169227	
5.75287931609771e-05	0.00105307969796778	0.0122172989686601	0.107904637850191	0.425568339058962	0.412662511271102	0.0404506139533363	8.59904066195657e-05	
1.81151215977537e-06	0.000115936778225624	0.00187189589843455	0.0193904261582356	0.14787434143985	0.464392011231375	0.342535815104992	0.0237791162839847	3.86455927418746e-05	
6.64519262601098e-06	0.000254933753470603	0.00340777560030254	0.0307128721005816	0.195023717296591	0.486828019998405	0.270879195230926	0.0128699257913216	1.69150357753007e-05	
5.72642746274055e-05	0.000508747871426634	0.00560526831326572	0.0468783435555087	0.245988034780512	0.488899471058937	0.205163429225877	0.0068952214469778	4.21947286728251e-06	
9.25105737167181e-05	0.000929942891348447	0.00890882871334722	0.0689034473793206	0.298823664567543	0.470651473971576	0.148084033461014	0.00360609844213403	
0.000152563705941933	0.00178596401797104	0.014295582493678	0.0977612486976084	0.349154754690274	0.433925082744621	0.101210883604184	0.00171392004572068	
2.42603327789847e-06	4.85206655579695e-06	0.000272322235444104	0.00299251204828777	0.0226354969911122	0.132748901916688	0.393310334537859	0.381542253615093	0.0656775728992675	0.000812721148095988	6.06508319474618e-07	
2.48425527480105e-05	2.84780482721096e-05	0.000501092466404992	0.00472493234948746	0.0347450366397357	0.174315345305424	0.423288620777826	0.321451120156763	0.040564253141977	0.000356278561361711	
3.27031120644808e-05	7.38848087382715e-05	0.000904180487264257	0.00764041595936093	0.0506698384647948	0.219647424115154	0.438697713628537	0.258045116971159	0.0241615436837876	0.000127178769139648	
6.05099414808356e-07	7.56374268510445e-05	0.000145223859554005	0.00159746245509406	0.0122635498399209	0.0723045392742801	0.267546521555759	0.434303448885135	0.198088975028152	0.0136219980261657	5.20385496735186e-05	
9.66243673368573e-06	8.33385168280394e-05	0.000246996039004841	0.00277432714715952	0.0191298130258102	0.101493631548339	0.313707313921095	0.410965778668601	0.144505364766045	0.00706505295921184	1.87209711715161e-05	
9.6879862914994e-06	0.000133209811508117	0.000472894830853814	0.00474348028797539	0.0294139373792786	0.135349645480252	0.352281218022077	0.373128553523097	0.101031770540045	0.00343439114033654	1.21099828643742e-06	
1.93273362219648e-05	0.000152806752004909	0.000821411789433504	0.0078269671906388	0.0427188488638546	0.174614027055855	0.380236953142081	0.325036268954379	0.0669360011499765	0.00163557582778377	1.8119377708092e-06	
2.29380503623005e-05	0.000268616642400624	0.00147467518513421	0.0123442928923433	0.0615029493503703	0.21468566420143	0.396258441806166	0.270050270548268	0.0426786572306771	0.000713494092848399	
5.42242824771821e-06	4.03669658441245e-05	0.000417526975074302	0.0027160340600793	0.0188851126027475	0.0852261122454697	0.256582074777696	0.396486145997073	0.213632828103602	0.0257101422905421	0.000298233553624502	
5.42600139870258e-06	6.14946825186293e-05	0.000791593315166277	0.00472785588540285	0.0285721175874792	0.11466467311356	0.297592061157065	0.377368148166012	0.1609213350375	0.0151680854655509	0.000127209588347361	
1.62006285843891e-05	0.000127804958832403	0.00133865193969526	0.00779670251205747	0.0419212265435899	0.148373756901768	0.332689508352924	0.34316231469781	0.116254510675014	0.00828272136958914	3.66014201351012e-05	
2.92867248057961e-05	0.000261189770206794	0.00229332985877224	0.0125747633303907	0.0588179041104815	0.186757260268733	0.354649685944703	0.299527288354104	0.0808056598687596	0.00427048262729415	1.31491417495411e-05	
4.42716123242596e-05	0.000622195632665271	0.00369309003888723	0.0194280586299731	0.0801286269817529	0.226282979359856	0.361700867484296	0.252654501944361	0.0533305414298534	0.00211008076577924	4.78612025127131e-06	
1.13617880344824e-05	9.44822373393802e-05	0.00104349053264062	0.00583816508319221	0.0291358104423204	0.106720079030206	0.263252628758958	0.357676263191634	0.20205564644986	0.0332924308964092	0.000871867734435546	7.77385497096166e-06	
1.25444731440751e-05	0.000173233200561037	0.00185180317841108	0.00939700509664023	0.0415347505800325	0.137825529078089	0.296479662422254	0.338540683518474	0.154035975159554	0.0197593372695102	0.00038768395573832	1.79206759201072e-06	
3.00465601496078e-06	2.34363169166941e-05	0.000385196901117972	0.00303109698789244	0.0148880705541307	0.0584327473853483	0.17187894361102	0.320538506469625	0.306774778196293	0.112931198184707	0.0109165162335555	0.000196504503378435	
7.21748942036342e-06	9.14215326579367e-05	0.000785503431916219	0.00498788664692282	0.0225973579177062	0.0801171398532925	0.206260209740243	0.333172543707913	0.266831786785739	0.0790832344938254	0.00599292204870843	7.27763516553312e-05	
3.59454491863148e-06	2.21663603315608e-05	0.000218668149216749	0.00145339432876666	0.00800864607871095	0.0331878341429047	0.105744322416301	0.241291615843795	0.333474918463739	0.221230460652913	0.05237431673692	0.0029607068313128	2.93554501688238e-05	
1.86182272444723e-05	6.4262913392211e-05	0.000419210406988442	0.00240895837024447	0.0121997435489344	0.0463371640836379	0.135965310038528	0.269914446242872	0.321109766461366	0.176678568318384	0.0334209190797791	0.0014492187851907	1.38135234394472e-05	
3.24804019870788e-05	8.72158942245635e-05	0.000697125664870821	0.00425553414923301	0.0179718876105913	0.0633548285425743	0.167773907530702	0.292865559405753	0.299034429827595	0.133056568228994	0.0202791991295252	0.000587053191470165	4.21042247980651e-06	
5.2343609928199e-05	0.000154624227029278	0.00122796905590177	0.00682392211270843	0.0259179083734133	0.0845535812053951	0.198165085729207	0.307833973289116	0.265521083645089	0.0972038885887321	0.0122863087165949	0.000259311446885676	
1.31954765906247e-05	0	0.000103164635163066	0.00036887355014701	0.00232300367434044	0.0101737124513717	0.0369305402108157	0.110300988821032	0.227049767339756	0.311217114773056	0.226704285770838	0.0681246468710526	0.00657614569725498	0.000114560728582242	
1.14007775330278e-05	3.00020461395467e-06	0.00018001227683728	0.000669645669834683	0.00378805834557917	0.0152140375973641	0.0516197204649357	0.138321433521766	0.25532761334323	0.301040530964212	0.184858807370663	0.0456097105822617	0.00331222589380596	4.38029873637382e-05	
3.61045153510382e-05	1.74505157530018e-05	0.000244908962464542	0.00120889952233726	0.00590549522758481	0.0223462880346026	0.068925926772822	0.168416732757988	0.277461395246961	0.280541712148327	0.144826644169542	0.0284768347412089	0.00157235164353771	1.92557415205537e-05	
5.7683918564728e-05	4.02585681649664e-05	0.000414603164683982	0.00212829624537778	0.00936582540279599	0.0325637737780924	0.0902494949652755	0.198313105906473	0.288963984805094	0.252222933924273	0.107982492930716	0.0169055942585273	0.000780535523078975	1.14166088826024e-05	
1.19756678380866e-06	5.26929384875809e-05	8.7422375218032e-05	0.000735306005258516	0.0035825210337636	0.0143809807233663	0.046170989782959	0.116060987286032	0.226577839146422	0.289632125447516	0.215478790194084	0.0770035441988967	0.00988411745016476	0.000349689500872128	1.79635017571299e-06	
8.98673916768416e-06	5.75151306731787e-05	0.000176739203631122	0.00126233729508737	0.00585935393733008	0.0208660101154736	0.0621504907358702	0.144081393495758	0.249610874194039	0.280443178046475	0.177486900329873	0.052528688667003	0.00533812306560439	0.000129409044014652	
7.17495224172414e-06	8.96869030215518e-06	9.56660298896552e-05	0.000336026929987414	0.00219972077477526	0.00884552028867224	0.0300397312980385	0.0816455752966394	0.17222874943572	0.265199986845921	0.261187394804737	0.141232357838785	0.0342675719064745	0.00267087597198181	3.4678935835e-05	
1.01664486860463e-05	4.18618475307789e-06	0.000150702651110804	0.000598026393296842	0.00360669717797325	0.0132157852654669	0.0424855890589875	0.103813195691579	0.198229004638891	0.272486539920953	0.235279131809203	0.107717710013414	0.0210547152288019	0.00132403043475921	2.45190821251705e-05	
5.9878231628161e-06	1.91610341210115e-05	0.00021196893996369	0.00103828853643231	0.00578124326369894	0.0196819747361765	0.0571783221640472	0.128104087527604	0.223220059686621	0.271866332625972	0.202101007391369	0.0778033790483672	0.0123708426543781	0.000612554309556087	4.79025853025288e-06	
1.31666751452075e-05	3.41136583307648e-05	0.000486568495138804	0.00194268306915198	0.00858227825373978	0.028110851435018	0.0740104794764451	0.154451682790856	0.241343958441185	0.26184387315704	0.168113903709711	0.0534806404988973	0.00725603497547707	0.00032976536386406	
2.10502384992022e-05	0.000121489947909681	0.000799307627583992	0.00332593768287395	0.0131022698772891	0.0383950335871591	0.0942070345085581	0.179569961670523	0.256186214018376	0.241362636067238	0.133518054188125	0.0355472370359099	0.00369281326814576	0.000150960281808564	
6.00466802892569e-06	2.6420539327273e-05	0.000323051139956202	0.00131562276513762	0.00548106097680337	0.0190954447987866	0.0512612504961357	0.117577404674394	0.20394014306722	0.260630213928308	0.214887253350755	0.101147432013647	0.0224556570277734	0.00179299387343721	6.00466802892569e-05	
1.38279157964098e-05	4.26861748497867e-05	0.000508626815815769	0.0022142701686164	0.00830997617991201	0.0269993061993553	0.0677447631278024	0.142441961832548	0.225078789059353	0.255699205556177	0.183301649369748	0.0734124049631396	0.0134413353678406	0.000774363284598948	1.68339844478032e-05	
2.40784717393987e-06	2.28745481524288e-05	0.000142664945055937	0.000961332984195493	0.00363404334726875	0.0122727970455715	0.0368990540170415	0.0872507501948851	0.166942064187186	0.240338663705015	0.240619779862572	0.15184606633017	0.0510264953483402	0.00765334224236788	0.000387663395004319	
6.6220540889378e-06	2.10701721011657e-05	0.000307022507759843	0.00167056364516385	0.00574673893936366	0.0175875736553016	0.0491868117578784	0.10851861038001	0.190399105179891	0.248937461321184	0.220229652835804	0.119612958998649	0.0336629109586567	0.00395457030093022	0.000158327293217331	
3.13790804119108e-05	7.18098186349497e-05	0.000533444367002483	0.00254773995190552	0.00835588704737939	0.0249572309168424	0.0639131523605215	0.130802489809342	0.212295771970636	0.249315242086588	0.193263152813104	0.091133901174	0.0208332956180925	0.00188334826856872	6.21547169697463e-05	
5.54079682680975e-05	0.000197541452086261	0.000912424694849649	0.0039664878153662	0.0120301539799483	0.0339012449327305	0.0809931998764161	0.154467779363061	0.230086406317472	0.240332062362873	0.163634786808808	0.065905971473328	0.012555325157446	0.000946753544754883	1.44542525916776e-05	
3.60535106204629e-06	0	0	8.23221825833903e-05	0.000355127079611559	0.00152265993187088	0.00581843572229904	0.0173531555534725	0.0453529127931676	0.101778459589723	0.177416922195923	0.240581471019287	0.222069195099366	0.134083005997502	0.0456215114472901	0.00753638550336409	0.000419422506884718	5.40802659306943e-06	
1.08071889420843e-05	0	1.14075883277556e-05	0.00016931262675932	0.000630419354954916	0.00247964946282267	0.00863194196779698	0.0246896235375772	0.0606373359558778	0.124123566996766	0.199064817916878	0.242197509783508	0.197696507716933	0.104779299189821	0.0307230369641886	0.00401306949382729	0.000141694255018438	
1.62080683764378e-05	0	2.10104590064934e-05	0.000255727301050463	0.00106192862807105	0.00388153222674247	0.0133320366878632	0.0337596055316336	0.0775297943316183	0.147309130485156	0.215744997859935	0.235351958204794	0.171200423570854	0.0788612571338012	0.0197012072609745	0.00190534848247458	6.78337676495359e-05	
1.08265987879021e-05	1.80443313131702e-06	4.51108282829255e-05	0.000414418142492476	0.00180082426505439	0.00606830862061914	0.01912638971425	0.0447968569180763	0.0964710099773123	0.170660278171412	0.227006108607627	0.221267409772329	0.14214662583034	0.0576089336281376	0.011542958741035	0.00100807664269577	2.40591084175603e-05	
1.50739709904443e-05	2.77361066224175e-05	9.70763731784613e-05	0.000607782510334715	0.002951483519929	0.0094959987651403	0.0266718842704922	0.0575644804183087	0.118411468759497	0.190964902971864	0.230412279136177	0.202181143306433	0.114053282266739	0.0394558175880682	0.00665606263054059	0.000429909652647472	3.61775303770663e-06	
6.63247925089162e-06	2.35151537077066e-05	5.1853928688789e-05	0.000204400951459296	0.00115043367370011	0.00474704628566088	0.0144310689446218	0.0352817748514475	0.0756138811761195	0.139018573956666	0.206593287328045	0.227542274518316	0.17698228223611	0.0887413664716115	0.0256767389908381	0.00374373306079873	0.000189930087639169	1.20590531834393e-06	
4.81538418940832e-06	3.55134583968864e-05	5.23673030598155e-05	0.000432782654023073	0.0019369882901895	0.00735850896443959	0.0205960001011231	0.0457930997952258	0.094483857026428	0.162881574052784	0.216721180828511	0.218091759553421	0.148199467659278	0.0653616172949339	0.0159852697397646	0.0019670844413733	9.81134528591945e-05	
3.6008656481018e-06	7.8618899983556e-05	0.000102024526696218	0.000985436899030527	0.0030361298856245	0.0110732620121877	0.0285638667535676	0.0596507400379051	0.114507527609637	0.181445219430751	0.222310243382509	0.201491838638009	0.119571544999418	0.0467074284658032	0.00942766641100521	0.00100044050589762	4.44106763265889e-05	
1.9215756920675e-05	9.54782921996037e-05	0.000198762985648232	0.00139974779319042	0.00524109770011409	0.0158560019215757	0.0386008526992134	0.075687263556116	0.136236714105567	0.197512159971176	0.220357292980244	0.177929502191797	0.093124361976821	0.0318951540263016	0.00533957845433255	0.000490001801477211	1.68137873055906e-05	
4.78838911407619e-06	5.80592180081738e-05	0.000142454576143767	0.000308851097857914	0.00233972663086548	0.00754111430603074	0.0215202177759369	0.0497501657979731	0.0937608486940866	0.159148097692715	0.208995228370248	0.210898613043093	0.151595012413899	0.0702941507432777	0.0206026427119521	0.00283712055009014	0.000202309440069719	5.98548639259523e-07	
2.98156083517097e-05	0.000128207115912352	0.000269533099499456	0.000717363536942135	0.00363034847290417	0.0111158551056844	0.0291853063911545	0.0626139701629244	0.112491905062333	0.178476231593334	0.2127099167906	0.197976832079686	0.125617332170922	0.0504986958652907	0.0129340109029717	0.00149018410541845	0.000114491936070565	
4.47441974233308e-05	0.000151533681940347	0.000347214972005047	0.0014180927636701	0.00535498554762423	0.0155554693815457	0.0385289301065807	0.0783447033310564	0.134312535236055	0.19301453589827	0.213973314560657	0.176389381903657	0.0992193629022876	0.0348229173813309	0.00772046211807099	0.000767213838485379	3.46021793407092e-05	
5.30542560243406e-05	0.000287923659098388	0.000479276649927751	0.00234213676314196	0.00755576061919682	0.0226809925080237	0.0507150998373798	0.0969027044556037	0.156760423671021	0.200785918327444	0.205395081333963	0.153064509206404	0.074401738748921	0.0237438659742192	0.00442019447663467	0.000403570014926726	7.7494980709711e-06	
