# <P(U)> as a function of N_tot.
# number_of_species: 1
# species_total_upper_bound: 103
# species_total_lower_bound: 0
# volume: 729
# Bin widths for each
10	10	10	10	10	10	10	10	10	10	10	10	10	10	10	10	10	10	10	10	10	10	10	10	10	10	10	10	10	10	10	10	10	10	10	10	10	10	10	10	10	10	10	10	10	10	10	10	10	10	10	10	10	10	10	10	10	10	10	10	10	10	10	10	10	10	10	10	10	10	10	10	10	10	10	10	10	10	10	10	10	10	10	10	10	10	10	10	10	10	10	10	10	10	10	10	10	10	10	10	10	10	10	10	
# Bin lower bound for each
0	0	0	0	-10	-10	-10	-10	-10	-10	-10	-10	-10	-20	-20	-20	-20	-30	-30	-30	-30	-30	-30	-30	-30	-30	-30	-40	-40	-40	-40	-50	-50	-50	-60	-60	-60	-60	-60	-60	-60	-60	-70	-70	-70	-70	-80	-80	-80	-90	-90	-90	-90	-100	-110	-110	-110	-120	-120	-120	-120	-120	-120	-130	-130	-130	-130	-140	-150	-150	-150	-160	-160	-160	-180	-180	-180	-180	-180	-180	-200	-200	-200	-200	-200	-210	-210	-220	-220	-220	-220	-250	-250	-250	-250	-250	-260	-260	-260	-260	-270	-270	-270	-270	
# Bin upper bound for each
0	0	0	0	0	0	0	0	0	0	0	0	0	0	0	0	0	0	0	0	0	0	0	0	0	0	0	0	0	0	0	0	0	0	0	0	0	0	-10	0	-10	-10	-10	-10	-10	-10	-10	-10	-10	-10	-10	-20	-20	-20	-20	-20	-20	-20	-30	-30	-30	-30	-30	-30	-30	-30	-30	-40	-40	-40	-40	-40	-50	-50	-50	-50	-50	-60	-60	-60	-60	-70	-70	-70	-70	-70	-70	-80	-80	-80	-80	-90	-90	-90	-90	-100	-100	-100	-100	-100	-100	-110	-110	-110	
# Normalized histogram for each
1	
1	
1	
1	
1.72504209102702e-06	0.999998274957909	
2.92332798536272e-05	0.999970766720146	
6.69663554162045e-05	0.999933033644584	
0.000378989897604132	0.999621010102396	
0.00132099943630504	0.998679000563695	
0.00334006710949805	0.996659932890502	
0.00725301808620554	0.992746981913795	
0.0155480970870112	0.984451902912989	
0.0309631414050945	0.969036858594906	
6.87490761842888e-06	0.0562436192263666	0.943749505866015	
4.14013672801544e-05	0.0953231980486156	0.904635400584104	
6.40033212534272e-05	0.147899566680217	0.85203642999853	
0.000228134516406674	0.216332011766211	0.783439853717383	
1.71919672252337e-06	0.00050544383642187	0.301667448901175	0.69782538806568	
6.87336005924836e-06	0.000934776968057778	0.397678866307992	0.601379483363891	
1.02941025086728e-05	0.00185636981906399	0.496769367496028	0.501363968582399	
3.41862226104258e-05	0.00397585768959252	0.594802668576537	0.40118728751126	
4.11073638703953e-05	0.00759115986139967	0.685751331279107	0.306616401495623	
8.41532550994297e-05	0.0144812295305794	0.761703742758956	0.223730874455365	
0.000139077282326883	0.0260126028055837	0.816721896945451	0.157126422966639	
0.000308193319396147	0.0439689135671836	0.850259139216059	0.105463753897361	
0.000636281781931998	0.0710646143292029	0.860957852763367	0.0673412511254984	
0.00128367716723767	0.107754889932426	0.849591236580325	0.0413701963200107	
3.44515146608421e-06	0.0025855861752962	0.158566541377992	0.815332991114954	0.0235114361802917	
4.32647961276277e-05	0.00504294463663628	0.222178572850129	0.759238331917132	0.0134968857999747	
0.000114709792914063	0.00876313296776829	0.295139607032058	0.688502081287531	0.00748046891972922	
0.000225055086157717	0.0153700411554223	0.377290022732308	0.603198224681739	0.00391665634437266	
1.74933437826907e-05	0.000456576272728227	0.0264044531055933	0.460965352683304	0.510270342134818	0.00188578245977406	
5.60175054704595e-05	0.000719474835886214	0.0414792122538293	0.537666520787746	0.419129978118162	0.000948796498905908	
4.19356811490377e-05	0.00160229248390281	0.065458103633552	0.605710241916461	0.326741859672727	0.000445566612208525	
8.76519446460439e-06	0.000106935372468174	0.00313969265722129	0.0981631658479975	0.653790595998163	0.244603269768143	0.000187575161542534	
1.23454612793425e-05	0.000248672862912471	0.00611453060792579	0.141099804236257	0.677088587502866	0.175356695649107	7.93636796529162e-05	
1.58173065938836e-05	0.000349738223575871	0.0110457524380621	0.193415782508519	0.675555407146259	0.119599927591885	1.75747851043151e-05	
1.58333347993829e-05	0.000599907462954395	0.0186868535821161	0.256734005253149	0.646251633912188	0.077710007195371	1.75925942215365e-06	
8.45551255379379e-05	0.00103227715760899	0.0299060909636994	0.327416823299165	0.593240522339288	0.0483197311147008	
0.000102150622854617	0.00207119193925913	0.0471742143648433	0.397802704878044	0.523805498169214	0.0290407175905134	3.52243527084885e-06	
0.000226406817675297	0.00385245350700623	0.0715003343038167	0.460661815428917	0.447781390067108	0.0159775998754762	
0.000365420197576462	0.00657221594372885	0.104588608159031	0.515467078314005	0.36468757464376	0.00831910274189926	
7.17445034742276e-06	0.000708476971807997	0.0115185800327872	0.144529302248831	0.554574250180258	0.284499241301876	0.00416297481409206	
5.20909112137362e-05	0.00133999378501542	0.0199526152331787	0.194376337074898	0.571909706692245	0.210152698219389	0.00221655808406036	
0.000118587727966939	0.00220106010241667	0.032917078429611	0.250942413080586	0.56256760398886	0.15007995687719	0.00117329979336987	
0.000335169557954601	0.00424908504116639	0.0504430184721674	0.315153087794602	0.527133417305922	0.102014080725408	0.000672141102779925	
3.59572540164253e-06	0.000690379277115365	0.00695233506407583	0.0743470162670617	0.373802623441253	0.477704704647116	0.066236857623657	0.000262487954319905	
3.05173589918501e-05	0.00101066312425951	0.0124223602484472	0.106239902344451	0.425864359314975	0.414170825404804	0.0401518687394536	0.000109503464617815	
6.98560428163807e-05	0.00193089267066816	0.0197101511577296	0.145768067190766	0.466453874413164	0.342194303687503	0.0238244929615559	4.83618757959559e-05	
1.79287940017427e-06	0.000188252337018298	0.00347280739813756	0.0302530469985406	0.192137506678476	0.490779221244904	0.270360834908079	0.0127832301232425	2.33074322022655e-05	
3.3906471674712e-05	0.000364048432717961	0.00568736448564775	0.0458415497042107	0.243794669545742	0.493137508588152	0.20419369518082	0.00694190393761209	5.35365342232295e-06	
5.70985038407665e-05	0.000683397717844175	0.00821147858360024	0.0675064904939913	0.296380490154969	0.4744778609473	0.148893270406024	0.00378991319243088	
0.000137195475043787	0.00163030986578006	0.0130353518885759	0.0966479760103912	0.347958014621118	0.435959112184918	0.102770101364293	0.00186193858987996	
7.15225725238885e-06	0.000352248669680151	0.00293242547347943	0.0208488298907135	0.131853650512102	0.390911984322252	0.385776663615037	0.0664069205241174	0.000910124735366482	
1.96803904589467e-05	1.61021376482291e-05	0.000551050932850508	0.00463025913706855	0.0328859324568999	0.174314585674107	0.421203294855188	0.32502343755591	0.040969205556311	0.000386451303557499	
5.38075090172417e-06	8.96791816954029e-05	0.000799938300722994	0.00780388239113396	0.0493127884306681	0.220270006080249	0.434581727328654	0.262329542295392	0.0246868851371105	0.00012017010347184	
2.86711118836383e-05	0.000168442782316375	0.00144430726113828	0.0126170811732936	0.0710595588591048	0.270003028386193	0.430545127434133	0.200167367615621	0.01392878454197	3.76308343472753e-05	
5.35587083781887e-06	3.92763861440051e-05	0.000208878962674936	0.0027065000633778	0.0191615205674367	0.0997281002904667	0.31524298693346	0.410100815342071	0.145488660728791	0.00729469608110931	2.32087736305485e-05	
1.7839589974864e-05	6.42225239095105e-05	0.000310408865562634	0.00488269577612028	0.0291962729528625	0.134555107385412	0.353045485602559	0.372463879290198	0.101715990159682	0.00374809785371893	
1.42031332111864e-05	7.45664493587285e-05	0.000768744585055463	0.00757204539321374	0.0426076242419078	0.173553410882441	0.380782450608604	0.325608604258099	0.0672536111466189	0.00176473930148991	
8.85551344266941e-06	0.000226701144132337	0.00126456731961319	0.0123587545605894	0.0599695370337572	0.214618681591159	0.395937090432503	0.271680068010343	0.0432627253728171	0.000673019021642875	
1.76989897416655e-06	0.000408846663032474	0.00271148522842316	0.0189166802358921	0.0829056077479098	0.255353944396854	0.398692752617681	0.214251580519784	0.0264723789566092	0.000284953734840815	
2.66940013240225e-05	0.000786583239014529	0.00481737743894192	0.0282778454025811	0.112680718388964	0.297447697553406	0.378218406759633	0.161278037599391	0.0163296104099487	0.000137029206796649	
1.41927014033034e-05	0.00012773431262973	0.00146007415686483	0.00811112885198786	0.0397537566306527	0.147781503361896	0.331200879947487	0.345017474763603	0.117868611066759	0.00861496975180513	4.96744549115617e-05	
2.30845997307981e-05	0.000268136504565424	0.0027026739069442	0.012863449265377	0.055291167832143	0.18625010210496	0.354313091098933	0.301918152663785	0.0819414503521289	0.00441271002546409	1.59816459674756e-05	
4.46729315985941e-05	0.000662946304923136	0.004067023692736	0.0197132712558276	0.076035116498071	0.225735897202224	0.362301049099126	0.255218245140032	0.0541989875326783	0.00201742959099251	5.36075179183129e-06	
7.86039930828486e-05	0.00121836189278415	0.00634548598705178	0.028953066270312	0.102899772763002	0.260654413971502	0.361074588043618	0.204293564476712	0.0336621600377299	0.000818196109816924	1.78645438824656e-06	
3.57987323668869e-06	0.000170043978742713	0.0021998321039452	0.0101471506893941	0.0407693863560291	0.133371757306074	0.294809720787787	0.341926222392465	0.156157650457597	0.0200723492381135	0.000372306816615624	
1.80470884632182e-06	2.52659238485055e-05	0.00032665230118425	0.00348308807340112	0.0153616816998914	0.0581098201427164	0.16776392964523	0.3202491941975	0.310121168151942	0.113673196103273	0.01071094700292	0.000173252049246895	
1.45063138731133e-05	9.97309078776537e-05	0.000788780816850534	0.00580252554924531	0.0235092949206142	0.0802960738661502	0.201108282379906	0.333249922028563	0.270753095284723	0.0784954776566501	0.00583879133392809	4.35189416193398e-05	
9.00805139633805e-06	0.000317083409151099	0.00169891849334936	0.00875942917779912	0.0344323756573625	0.10688233142783	0.236661327894872	0.331334146460106	0.225529177979278	0.0515044346637024	0.00285735390291843	1.44128822341409e-05	
3.60800471927017e-06	6.49440849468631e-05	0.000559240731486877	0.00264105945450577	0.0133063214046684	0.0481993350447302	0.135825141659285	0.266867873063178	0.318164680159402	0.179994335432591	0.0330403032167166	0.00132954973905106	3.60800471927017e-06	
4.50468306851803e-05	0.000111716140099247	0.000727956783872514	0.00482361462976911	0.0191989592380238	0.0646944563568286	0.165557914007402	0.291755709235321	0.297193762635636	0.135567536010436	0.0197755586707942	0.000547769461131793	
4.50389586992749e-05	0.000214385443408548	0.001428635769941	0.00773408998783948	0.0268216006845922	0.0847507093635995	0.196130252668558	0.305737062559114	0.26584695761834	0.0991974057559789	0.0118884835382606	0.000205377651668693	
3.97186475439433e-05	0	0.000115545156491471	0.000482039949737857	0.0024697777200052	0.0115346563253752	0.0388953883039415	0.108435518581105	0.226463090544073	0.310608850758987	0.225894391726967	0.0685598018400566	0.00640734000606612	9.38804396493205e-05	
1.98687937113462e-05	7.22501589503497e-06	0.000269131842090053	0.000735145367319808	0.00416160915554014	0.0166554678920294	0.0524662591757702	0.135709279810416	0.254394615918155	0.303689093116005	0.183101771573897	0.0458246633142593	0.00292793769146292	3.79313334489336e-05	
2.90419074724828e-05	4.90082188598147e-05	0.00030857026689513	0.00121431475619319	0.00629483344466065	0.0237363140011036	0.0679562483663927	0.165056050881422	0.277566215549037	0.283630528853135	0.144338280138239	0.0285536404031017	0.001263322975053	3.63023843406035e-06	
3.44337639366129e-05	8.155365142882e-05	0.000431328200890203	0.00241217577892799	0.00952909109361634	0.0332775143896887	0.0902037753903701	0.195029214330245	0.289781871166978	0.254675742681919	0.107060008989025	0.0168598582053847	0.000623432357589202	
3.97296218642944e-05	0.000158918487457178	0.000677209463595928	0.00370930196860276	0.0144940884128558	0.0476430401829007	0.114688582970801	0.223701247690716	0.290019016041738	0.217539544517944	0.0773174559317228	0.00976445751910182	0.000247407190700379	
2.17188280520383e-05	0.00026243583896213	0.00122711378494016	0.00575367953145248	0.0209441898515156	0.0643275488854621	0.142135250381889	0.245864373158424	0.282301327020394	0.178300718893209	0.0533758298402218	0.00542427730599657	6.15366794807752e-05	
2.16997799280652e-05	5.42494498201631e-06	3.97829298681196e-05	0.000300180289004902	0.00227305194746483	0.00880287739081846	0.0313507570510722	0.0825748958862642	0.169657921052584	0.262876558993564	0.264041113849704	0.140849654883083	0.0344881835656717	0.00271608912099616	1.80831499400544e-06	
3.07279635313299e-05	5.42258179964645e-06	9.57989451270872e-05	0.000475379671102339	0.0039693298773412	0.0141041352608804	0.0431113328344558	0.104619678187845	0.19488397482476	0.271411064235904	0.237299409661595	0.106940543198094	0.021697557307652	0.00135564544991161	
1.80128251314936e-05	1.62115426183443e-05	0.000165717991209741	0.00101772461992939	0.00604330283161611	0.020694934793573	0.0576554506808848	0.127970314864183	0.220143742344549	0.272159377476763	0.203051372577275	0.0774551480654226	0.0130106635924778	0.000598025794365588	
3.95918440801195e-05	8.99814638184534e-06	0.000451706948368636	0.001896809257293	0.00880198679072111	0.0296794860258787	0.0737290118235644	0.152793924451563	0.237801212950132	0.263136393902856	0.170282721759318	0.0535443698598089	0.00755844296075009	0.000275343279284467	
6.17110290314091e-05	5.80809685001497e-05	0.000660671016689203	0.00329972502291476	0.0129429808242052	0.0386728498697716	0.0949932390122605	0.178212376691381	0.250397945385739	0.244477316659255	0.136181720830195	0.0357488361118422	0.00416549445962011	0.000127052118594078	
1.82032318017741e-05	6.18909881260319e-05	0.000265767184305902	0.00132519527516915	0.00519520235622632	0.0184726396324403	0.0523925417718662	0.11840292125464	0.203404732476204	0.256550888044663	0.216456449678076	0.102533343769853	0.0227795242767401	0.00210429359628508	3.64064636035482e-05	
4.19502105718178e-05	4.19502105718178e-05	0.0005836551036079	0.00243128829096666	0.00766229715705247	0.0268882610543365	0.0675963806087888	0.142969965473153	0.224488344225189	0.252122589458824	0.185317791084304	0.0748829497928936	0.0140861511411369	0.000882778344206949	3.64784439754938e-06	
7.29152615288143e-06	6.92694984523736e-05	0.000109372892293221	0.000856754322963568	0.0035910766302941	0.0110010900831599	0.0361386264952186	0.0887123529390319	0.166815535325621	0.24221538439103	0.235906391387249	0.153718131473508	0.052256545056163	0.00819020675122407	0.000411971227637801	
1.99720391451967e-05	5.81004775132996e-05	0.000263267788732139	0.00134175790257276	0.00563756195871235	0.0159776313161574	0.0483268878116092	0.110445376472938	0.190707554877717	0.250387639123409	0.215785173484395	0.122125388093033	0.0348130798700002	0.00399803910888393	0.000112569675182018	
7.45571125666923e-05	0.000134566495852079	0.000514625923326193	0.00221307331691865	0.00787395847350677	0.0237018879315675	0.0623824816243995	0.134555585055118	0.212887833370309	0.249233516513491	0.190036987601698	0.0931582029190019	0.0211669461042999	0.002027589768582	3.81877893634277e-05	
0.000114153596381875	0.000246426811237063	0.000925912503986316	0.00331407821876903	0.0120984692546314	0.0328979793001479	0.0794943901661207	0.15604977821587	0.230680862783753	0.239972603136868	0.162157901603224	0.0678090482126808	0.0132345693329081	0.0010002029397269	3.62392369466269e-06	
1.09139922838075e-05	0	0	0.000189175866252663	0.000376532733791357	0.00158798587729398	0.00508955840168221	0.0173314197466862	0.0453731039212155	0.100699768805263	0.175798949710143	0.241059166571169	0.223260264154993	0.13387466735061	0.0468337598885318	0.00797630936074928	0.000538423619334501	
3.26377858526078e-05	0	0	0.000271981548771731	0.000600172617622954	0.0023190960058603	0.00828455797558694	0.0248427946648099	0.0596201687010887	0.122870384473117	0.19855922307564	0.24242259405122	0.199451322555611	0.10513356107255	0.0312089761163936	0.00420302153368582	0.000179507822189343	
4.92981405471728e-05	0	0	0.000356042126174026	0.000865456245161479	0.0037192708257256	0.0132045982384131	0.034707716802267	0.0774455529425512	0.147441609091307	0.214770088079344	0.23468836271746	0.171418763967806	0.0785885394604227	0.0204915937541082	0.00216181475584639	9.12928528651349e-05	
3.29308452250274e-05	0	4.02488108305891e-05	0.000742773508964508	0.00144712769849982	0.00561836809366996	0.0190633004024881	0.0445956824002927	0.0975137211855104	0.169754848152214	0.226917306988657	0.221609952433224	0.141719721917307	0.058088181485547	0.0116483717526528	0.00115806805708013	4.93962678375412e-05	
4.61080218736456e-05	2.58204922492415e-05	0.000142012707370828	0.000778303409227137	0.00251749799430105	0.00831419850425577	0.0264346511005985	0.0571296834223218	0.12034378141109	0.188338359107718	0.231777648675317	0.202807056371668	0.113672872806411	0.0404238249370625	0.00670226205955312	0.000545918978983964	
2.02623047450634e-05	6.07869142351901e-05	4.42086648983201e-05	0.000272620100206307	0.00115310934276452	0.00439507810197465	0.013034188034188	0.0330809755378721	0.0759762746831712	0.140006999705276	0.203098290598291	0.229586648983201	0.178936413203655	0.0900383141762452	0.0263170498084291	0.00369510757441792	0.000283672266430887	
1.47342946232717e-05	7.55132599442675e-05	2.02596551069986e-05	0.000532276393265691	0.00210332055747204	0.00692696025976561	0.0182778924801686	0.0429965134975348	0.0942644916392087	0.163259667999506	0.216251558612103	0.220351376091028	0.149628603686152	0.0665898027630486	0.0166037082535993	0.00193755974296023	0.000165760814511807	
1.10055192679129e-05	0.000163248535807374	0.000150408763328142	0.00121610987910437	0.00320260610696264	0.00984260273193673	0.0255401417144031	0.0574066227546448	0.112784561457571	0.179652262276198	0.224839090137037	0.205583099924612	0.120303165370767	0.0482903842943903	0.00991230435396685	0.00101617627907062	8.62099009319841e-05	
5.86990098210781e-05	0.000185268749747778	0.000310004145617569	0.0015188368791204	0.00537646243079937	0.0137961016520103	0.0352395836772728	0.0735351845533556	0.13347054226879	0.196929674917546	0.225209757242908	0.181014905879806	0.0951144080388294	0.0320074694489997	0.00562593322253895	0.000586990098210781	2.01777846259956e-05	
1.4678926016378e-05	0.000177981977948583	0.000299083117583702	0.000493578887300711	0.0022678940695304	0.00668258106895609	0.0178403997071554	0.0461890755762855	0.0938313648281923	0.156651663581034	0.212431582443271	0.213881126387388	0.153545235862818	0.0708551758810567	0.0214679292989528	0.00302569362512592	0.000343119895632836	1.83486575204725e-06	
9.18401833864782e-05	0.000394912788561856	0.000457364113264661	0.00088533936784565	0.00347890614667979	0.00994629186075559	0.0249437938077675	0.0588897623910775	0.11485533334313	0.175851909541093	0.213350256417792	0.200112412384465	0.129634255653682	0.0514268290890923	0.0137282706126108	0.00170639060732076	0.000246131691475762	
0.000138036894501162	0.00045092052203713	0.000609202827731796	0.00146135058978564	0.00493803983928824	0.0143153462057339	0.0343785486984961	0.0736675298573803	0.136997016562587	0.188131403761597	0.214630806521967	0.180055325187316	0.104939328183637	0.0360055435616832	0.00817362464639549	0.00101779203545524	9.0184104407426e-05	
0.00016466661486144	0.000790029713998142	0.000823333074307198	0.00169107062902647	0.00647380320674356	0.0210736263288966	0.0451649071391303	0.0936009443352834	0.161539799365756	0.195116987304019	0.205391073959363	0.158394482003234	0.0793489563096916	0.025038576392358	0.0048900434053796	0.000473647791062118	2.40524268898732e-05	
