# <P(U)> as a function of N_tot.
# number_of_species: 1
# species_total_upper_bound: 103
# species_total_lower_bound: 0
# volume: 729
# Bin widths for each
10	10	10	10	10	10	10	10	10	10	10	10	10	10	10	10	10	10	10	10	10	10	10	10	10	10	10	10	10	10	10	10	10	10	10	10	10	10	10	10	10	10	10	10	10	10	10	10	10	10	10	10	10	10	10	10	10	10	10	10	10	10	10	10	10	10	10	10	10	10	10	10	10	10	10	10	10	10	10	10	10	10	10	10	10	10	10	10	10	10	10	10	10	10	10	10	10	10	10	10	10	10	10	10	
# Bin lower bound for each
0	0	0	0	0	-10	-10	-10	-10	-10	-10	-10	-10	-10	-20	-20	-20	-20	-20	-20	-20	-20	-30	-30	-30	-30	-30	-30	-30	-40	-40	-50	-50	-50	-60	-60	-60	-60	-60	-60	-60	-60	-60	-60	-70	-70	-80	-80	-80	-80	-90	-90	-90	-90	-90	-90	-90	-90	-100	-110	-110	-110	-110	-120	-120	-120	-130	-130	-140	-140	-140	-160	-160	-160	-180	-180	-180	-180	-180	-180	-180	-180	-190	-190	-190	-190	-190	-200	-210	-210	-220	-220	-220	-220	-230	-240	-250	-250	-250	-250	-260	-260	-270	-270	
# Bin upper bound for each
0	0	0	0	0	0	0	0	0	0	0	0	0	0	0	0	0	0	0	0	0	0	0	0	0	0	0	0	0	0	0	0	0	0	0	0	0	0	-10	0	-10	-10	-10	-10	-10	-10	-10	-10	-10	-20	-20	-20	-20	-20	-20	-20	-20	-20	-30	-30	-30	-30	-30	-30	-30	-40	-40	-40	-40	-40	-50	-50	-50	-50	-50	-50	-60	-60	-60	-60	-70	-70	-70	-70	-70	-70	-80	-80	-80	-80	-80	-90	-90	-90	-90	-100	-100	-100	-100	-100	-110	-110	-110	-110	
# Normalized histogram for each
1	
1	
1	
1	
1	
5.95323141401153e-05	0.99994046768586	
0.000135510136747403	0.999864489863253	
0.000589691492094631	0.999410308507905	
0.00160932944606414	0.998390670553936	
0.00392038249904026	0.99607961750096	
0.00722205925491346	0.992777940745087	
0.0151038499321701	0.98489615006783	
0.0298563716593509	0.970143628340649	
0.0546599216976784	0.945340078302322	
5.26756293274493e-05	0.0959515852438004	0.903995739126872	
7.61788679820218e-05	0.148560512390786	0.851363308741232	
0.00019353476588158	0.217228112977386	0.782578352256733	
0.000298769771528998	0.301956649091974	0.697744581136497	
0.000718256563580305	0.399864523965243	0.599417219471176	
0.00169767401158619	0.501169703227914	0.4971326227605	
0.00407164220955229	0.598706654827554	0.397221702962894	
0.00765991836447859	0.686464549452737	0.305875532182784	
5.86585952439611e-06	0.0150400638205516	0.761277114935652	0.223676955384272	
4.68924930980112e-05	0.0261894573952392	0.81768784839657	0.156075801715093	
0.000372647661635923	0.0431048537357928	0.852728479597541	0.103794019005031	
0.000884898705469377	0.0698425349124771	0.864170978838614	0.0651015875434391	
0.00154492974107685	0.10736672032644	0.851881335243857	0.0392070146886259	
0.00236979334698115	0.156324239349128	0.819185940790361	0.0221200265135295	
0.00462579276213315	0.221626609770003	0.761339657797135	0.0124079396707282	
8.22238014412658e-05	0.00849841719182226	0.301538172399819	0.68283930532634	0.00704188128057698	
0.000210729651418035	0.0143354698978547	0.388755231656277	0.593256651154623	0.0034419176398279	
2.91489101222505e-05	0.000588807984469461	0.0253770411524313	0.475051447826366	0.497385342762034	0.00156821136457708	
5.81950231616192e-05	0.000704159780255593	0.040503736120487	0.552299867315347	0.405712423473545	0.000721618287204078	
0.000109903458488307	0.00111638776253912	0.0640795006912349	0.618698627363647	0.31576420502201	0.000231375702080646	
2.87648930233628e-05	0.000172589358140177	0.00234146229210174	0.0982436156319935	0.664457522882472	0.234675503241803	8.0541700465416e-05	
4.06539477887156e-05	0.000360077823271481	0.00493655080291547	0.141144699015594	0.686952986613236	0.166541800969887	2.32308273078375e-05	
5.18917422940763e-05	0.00050738592465319	0.00974411605299877	0.195159077018877	0.67966074332038	0.114842191445935	3.45944948627175e-05	
4.0271545276723e-05	0.00071913473708434	0.0168162466919802	0.258508802209182	0.648889655965942	0.0750201357726384	5.75307789667472e-06	
0.000150402036212183	0.00128420200150402	0.0271128593740961	0.329854804188118	0.593920286920808	0.0476774454792619	
0.000190491583735482	0.00226280911588815	0.0438938788704426	0.401712115264726	0.522333695074927	0.0295954651458126	1.15449444688171e-05	
0.000455299921619254	0.00374037530545438	0.0679088478030338	0.461080501636774	0.449934298492323	0.0168806768407949	
0.000790311708235513	0.00582273773273518	0.102537133028056	0.513452732386509	0.36899421212896	0.00840287301550406	
0.00112134980303752	0.0102722614081365	0.144113785049444	0.554551053371602	0.285787327004195	0.0041542233635846	
0.00157442030076058	0.018893043609127	0.194151491647469	0.573303156944235	0.210040402403306	0.00203748509510193	
0.000139386582879843	0.00233472526323737	0.0324828815852901	0.251575358775257	0.56220997427156	0.150078695341584	0.001178978180192	
0.000436213896029872	0.00449009503646748	0.0496178766270778	0.31468470459595	0.526917305477683	0.103312899135715	0.000540905231077041	
1.16308146804143e-05	0.000662956436783615	0.00631553237146496	0.0725472065690841	0.373709706496392	0.477485650482388	0.0691335624603825	0.000133754368824764	
9.90652898533834e-05	0.000821659168783944	0.0100813500850796	0.106256264422741	0.430700916062563	0.409903032563344	0.0420910934477052	4.66189599310039e-05	
0.000139993117005081	0.0017790791952729	0.0160467110367074	0.146094483687885	0.471129336140973	0.339185823363685	0.0256187404119297	5.83304654187836e-06	
0.000211739795318198	0.00321138689565933	0.0262439712974944	0.192971415127632	0.493718386072227	0.269762380896365	0.0138807199153041	
1.16636438389717e-05	0.000472377575478355	0.00581432645372741	0.041901640491506	0.244709079563546	0.494375207758656	0.204796090346585	0.00791961416666181	
4.66178732926204e-05	0.000745885972681926	0.00784928441564496	0.0640820940748683	0.291699687660249	0.47949979021957	0.151269171600392	0.00480746818330148	
0.000164701038204759	0.00199994117820064	0.0116231875533073	0.0920502338166524	0.342684038704744	0.44144583982824	0.107455663068733	0.0025763948119173	
0.000350679069214538	0.00393473803084787	0.0187048649291212	0.126196915212934	0.388570239828821	0.389996730957829	0.0709501025290499	0.00129572944218253	
0.000668010640455201	0.00589877253044816	0.0310624947811669	0.167115983347449	0.421985900203982	0.328213906550083	0.0446612828190049	0.000393649127411101	
0.00122102303862007	0.0088747528172873	0.049895170704977	0.206674528863793	0.438412789173993	0.267523169656684	0.0272973101755891	0.000101255569056298	
0.00254353355507728	0.0144133568121046	0.0720727130431689	0.257495716310038	0.432122042178783	0.20537995885286	0.0159430343347385	2.9644913229339e-05	
0.00433350872318161	0.0204023719013639	0.0997712049282577	0.305332048454894	0.411050742844981	0.150992923315223	0.00806990369323724	4.72961388614637e-05	
0.000305557024579712	0.00743913832919068	0.0311844447970102	0.135167850700137	0.345667260152426	0.371563217985557	0.10457101556578	0.00410151544531998	
5.81277065713372e-06	0.00102886040631267	0.0101781614206411	0.045513994245357	0.171296538495074	0.377237190106664	0.324492109163833	0.0685093149649781	0.00173801842648298	
0.000149691979964304	0.00204962864874201	0.0155679659162876	0.0624848868674074	0.210789337325119	0.393545972710001	0.271898209453624	0.042944326098221	0.000569981000633312	
0.000372296487615325	0.00372296487615325	0.0215408420881179	0.0849650390329599	0.250654427419636	0.396321245331751	0.215041941526183	0.0272009121263947	0.000180331111188673	
0.000901649902223679	0.00613590323071699	0.0294734130376234	0.118004894670898	0.292304359535826	0.372732701788077	0.164457429243902	0.0158549865923489	0.000134661998384056	
5.82072176949942e-06	0.00148428405122235	0.00981373690337602	0.0432712456344587	0.150512223515716	0.321530849825378	0.342625145518044	0.123311990686845	0.00733410942956927	0.000110593713620489	
0.000238635702229207	0.0034340259589081	0.0144869332402072	0.0584308247482684	0.189150806123043	0.343769280018625	0.301088411617484	0.085518887142774	0.00383563238461091	4.65630638496013e-05	
0.000703729767769177	0.00446868402533427	0.0216045038705137	0.0790581749941356	0.230096176401595	0.349648135116115	0.25744780670889	0.0550961764015951	0.00187661271405114	
6.40171333127703e-05	0.00148985328436993	0.0075132835551624	0.0306525673780328	0.108962980637727	0.265438313672314	0.345704159367744	0.203789814292116	0.0357564788248782	0.000628531854343562	
0.000145784495527332	0.00261828953967088	0.0114003475502373	0.0431930303348378	0.139795668451069	0.294677116499306	0.327840173541863	0.159295802572805	0.0208413514805873	0.000192435534096078	
1.17247039512252e-05	0.000422089342244108	0.00384570289600188	0.0174815335912768	0.0607574158752492	0.170623754250205	0.317962246453277	0.298405440262633	0.119838199085473	0.0105463712041271	0.000105522335561027	
0.000211779655034473	0.00107654657975857	0.00677106619290773	0.0270548509306539	0.0851589523966398	0.201461279619738	0.323640492270043	0.266448219874344	0.0829117349459962	0.00523566369390781	2.94138409770101e-05	
0.000638846559606142	0.00203375923103974	0.00884421521509788	0.0395205720314148	0.110989333020748	0.2371820419646	0.322494432071269	0.22189075137733	0.053938576954636	0.00246747157425859	
1.1692487576732e-05	9.35399006138556e-05	0.000724934229757381	0.00301666179479684	0.0147325343466823	0.0545103770827243	0.140695703010816	0.262812043262204	0.308903829289681	0.179315989476761	0.0338789827535808	0.00130371236480561	
0.000144570509929103	0.000242878456680892	0.000878988700368944	0.00543585117333426	0.0212113852167979	0.0683240229924939	0.168765830470837	0.284104183292275	0.289262459086546	0.140927333078889	0.0201126493413368	0.000589847680510739	
0.000144555463040059	0.000271764270515311	0.00148603016005181	0.00852877231936349	0.0301427051531131	0.0866812378573411	0.195467897122768	0.296546859098899	0.264929688222777	0.10360000925155	0.0119518456841521	0.000248635396428902	
0.000126620162534245	0	0.000310794944402238	0.000610078964937726	0.00291801920022101	0.012685038101158	0.0430278334139098	0.111460275801736	0.224612657411884	0.296993346686005	0.227110527890969	0.0733533623408615	0.00667633584271474	0.000115109238667495	
6.30123332321317e-05	1.71851817905814e-05	0.000819160332017712	0.00133471578573515	0.00459417193201542	0.018594366697409	0.0567053715149883	0.141027330167441	0.2497866173261	0.29176428804656	0.183904358734941	0.0483419163769054	0.00301886360121213	2.8641969650969e-05	
9.18236755869542e-05	0.000103301635035323	0.000843630019455141	0.00173891085642794	0.00647356912888027	0.0273634553249123	0.0721160192141041	0.169810671058899	0.270828192163997	0.272951614661945	0.14689492502023	0.0297508708901731	0.00103301635035323	
0.00010809334713894	0.000210497570744251	0.000699762194636294	0.00328831340243722	0.0103712722018046	0.0366948467919032	0.0942858443228236	0.201138962531432	0.280729800766894	0.247072945941948	0.108901202680715	0.0161627999590383	0.000335658288484076	
0.000125239805764447	0.000392797572624856	0.000796980582137388	0.00510067572567928	0.0154841941672407	0.0519232849262508	0.11510107421597	0.231101597946067	0.280838878989884	0.21182605329523	0.0784285820007628	0.0088009427141743	7.96980582137388e-05	
6.87584515596709e-05	0.000693314386560015	0.00142100799889986	0.00732277509110495	0.0226043409502418	0.0680250280763677	0.143980197565951	0.250217735096606	0.273085650111159	0.174457381219775	0.0538550571841122	0.00425729412573629	1.14597419266118e-05	
0.000125782567679597	0.00077184757439753	0.00294445556159058	0.0097195620479689	0.0351219233298076	0.086881449929962	0.169869357651296	0.264806609302193	0.254778308224465	0.137983476744518	0.0352534232869272	0.00174380377919442	
0.000300782602280273	0.000828570942130562	0.00496575050934412	0.0145340423479203	0.0473193459964701	0.11061422077443	0.193499690704683	0.273507862911235	0.22948010010953	0.102861974836414	0.0212704376103106	0.000817220655252061	
5.0676817045429e-05	0.000439199081060384	0.00162728890290322	0.00713980044595599	0.0218811234487263	0.0615103943782518	0.131523232505237	0.219706524921732	0.270884479380166	0.195702605914548	0.0759589179936485	0.0131534494020136	0.000422306808711908	
2.79879987461377e-05	0.000822847163136447	0.00231180869643097	0.010456316331557	0.0320126729658323	0.0767430925619094	0.154544131476423	0.233218395951816	0.263719716985357	0.16391451345663	0.0538657023868165	0.00822287403161524	0.000139939993730688	
0.000163907556138338	0.00129430449502343	0.00396204127079224	0.0150625392106438	0.0422203256673581	0.0999044814586642	0.177133200323294	0.244832672993122	0.242803610487823	0.130583454380006	0.0375122224169017	0.00442550401573513	0.000101735724499658	
0.000565642536318731	0.00212816003763483	0.00576843378622072	0.0206319515227545	0.0548393239171586	0.1230300518599	0.202668040636656	0.251106083177455	0.212468777652079	0.100286741562966	0.0240818109521836	0.00241378151637003	1.12008423033412e-05	
0.00107384814325472	0.00377252410536081	0.00821409495966042	0.029404323503781	0.0673544542208979	0.146251370421387	0.224394906249122	0.249115902510331	0.178095746774239	0.0773339330391027	0.0141118263851798	0.00087706968768448	
5.07525474959257e-05	0.00133084457878205	0.00515420315680845	0.0133873941950364	0.0388933688977111	0.0913151112890583	0.173218444603594	0.238209901258099	0.228736092392193	0.146528243792681	0.0537864220017933	0.00906778848593873	0.000321432800807529	
5.62135665821589e-06	0.000309174616201874	0.00241156200637462	0.00741456943218676	0.0189271078682129	0.0523011023480407	0.114051705238542	0.193284727336095	0.244810082465302	0.210165661380718	0.11623279162193	0.0349367316308118	0.00499738606915393	0.000151776629771829	
7.81616382679381e-05	0.000915607762567275	0.00339444829049331	0.00874852051184707	0.02772504968847	0.0666439625717412	0.135052144978673	0.217864400723553	0.242217334018178	0.182574421045579	0.0905949217267022	0.0213716250921191	0.00275240626186382	6.69956899439469e-05	
0.0001344590544167	0.000184881199822962	0.00141742253197604	0.00513185391023738	0.0139277170533298	0.0357773133960435	0.0845747452281042	0.155725994856941	0.233488147994599	0.228866117999025	0.157036970637504	0.0676609166746035	0.014661639392021	0.00140061515017396	1.12049212013917e-05	
0.000463692331757897	0.000486038950155868	0.00216762198460318	0.00567604107308462	0.019977876847786	0.048777081308171	0.103537469692399	0.18116962200695	0.238538978089141	0.213114113006849	0.128845015028101	0.0482128291936223	0.00826824880724924	0.000765371680130504	
0.000485377988108239	0.000733582641118134	0.0030777376973227	0.00926079138674697	0.0296135729335584	0.0632535769048328	0.125001378914739	0.202270245226197	0.238375748750703	0.188630020628564	0.100225038885396	0.033871661647417	0.00502476530871143	0.000176501086584814	
0.000572876501046601	0.00132202269472293	0.00474826484521318	0.0154676655282582	0.0411369395174617	0.0822904043186075	0.145235209871103	0.215897322904043	0.231634901399141	0.162366420623554	0.0735485292497521	0.0230252285997576	0.00263302853365649	0.000121185413682935	
0.000109324864300512	0.00117524229123051	0.00226849093423563	0.00643376826408514	0.0232479323935039	0.049945064255689	0.101863442312002	0.167660611891265	0.231074499428778	0.21455551243297	0.132731317747252	0.0544000524759349	0.0131408486889216	0.00126816842588594	0.000125723593945589	
7.71902740254728e-05	0.000275679550090974	0.00141699288746761	0.00333020896509897	0.00908088437999669	0.0314991453933947	0.0633070518828913	0.125175056514308	0.184776975243976	0.235022330043557	0.195418205877488	0.103688592380217	0.0388267078348128	0.00743783426145449	0.000667144511220158	
6.63900414937759e-05	0.000132780082987552	0.000542185338865837	0.00205255878284924	0.00596957123098202	0.0131784232365145	0.0397178423236514	0.0831479944674965	0.143828492392808	0.200381742738589	0.225609958506224	0.172260027662517	0.0828381742738589	0.0256818810511757	0.004149377593361	0.000442600276625173	
0.000109981962958075	6.04900796269412e-05	0.00100083586291848	0.00361290748317276	0.0089525317847873	0.0198737407065241	0.0510426290088426	0.101711319343628	0.161030091065065	0.213623465751617	0.217082398486648	0.141376314284457	0.0623432757027847	0.015826404469667	0.00208965729620342	0.00026395671109938	
0.00032562153009557	0.000445016091130612	0.00198086430808138	0.00452071224282683	0.0126829585972224	0.0269560356664116	0.0658298193343211	0.120528809364875	0.179471733337675	0.2183997872606	0.201733391945209	0.110043796095798	0.0456738466214053	0.0103818997845471	0.000846615978248482	0.000179091841552563	
0.000415151982882964	0.000729177200704694	0.00184689407769729	0.00750999292112645	0.0157810978108717	0.0373796458434238	0.082652501822943	0.138431896446193	0.198634256425541	0.218928801434936	0.173980615595876	0.0879377059127223	0.0296035298563468	0.00571632345661928	0.000441764289478026	1.06449226380247e-05	
0.000220154632420391	0.000739090551697025	0.000933036299305465	0.00259467959638317	0.00788887432839733	0.0174551172847595	0.0514061066701612	0.105422618267593	0.162820076005766	0.215604770017036	0.203344253702005	0.145034726772376	0.0651762547503604	0.0185087144542	0.00262088848119513	0.000230638186345171	
0.000509384222742693	0.00108703643410039	0.00150714713326962	0.00383876151365885	0.0113009778076523	0.0240408347599592	0.0656895591988489	0.12861689055066	0.181797653681745	0.210218142480544	0.188078308634325	0.124447291861405	0.0455505025574239	0.0118418703328327	0.00113429888775692	0.000341339943075	
2.63914913831781e-05	0.000802301338048613	0.00109260774326357	0.00234884273310285	0.00547359531287113	0.0155076403367554	0.0324140297168193	0.0850808899210894	0.149776991897812	0.193101264152437	0.207595471220079	0.172251985959727	0.0955108073157214	0.0321078884167744	0.00619672217677021	0.000543664722493468	0.00016890554485234	
2.10522991742236e-05	0.00127892717483408	0.00124734872607275	0.00207891454345458	0.00675778803492576	0.0227838507813035	0.0439519376009852	0.110835092077494	0.170465729488482	0.194807450408678	0.197554775450914	0.152487065993695	0.0697146887154413	0.0215470282048178	0.00411046141376715	0.000331573711994021	2.63153739677795e-05	
