# <P(U)> as a function of N_tot.
# number_of_species: 1
# species_total_upper_bound: 103
# species_total_lower_bound: 0
# volume: 729
# Bin widths for each
10	10	10	10	10	10	10	10	10	10	10	10	10	10	10	10	10	10	10	10	10	10	10	10	10	10	10	10	10	10	10	10	10	10	10	10	10	10	10	10	10	10	10	10	10	10	10	10	10	10	10	10	10	10	10	10	10	10	10	10	10	10	10	10	10	10	10	10	10	10	10	10	10	10	10	10	10	10	10	10	10	10	10	10	10	10	10	10	10	10	10	10	10	10	10	10	10	10	10	10	10	10	10	10	
# Bin lower bound for each
0	0	0	0	-10	-10	-10	-10	-10	-10	-10	-10	-10	-20	-20	-20	-20	-30	-30	-30	-30	-30	-30	-30	-30	-40	-40	-40	-40	-40	-40	-50	-50	-50	-60	-60	-60	-60	-70	-70	-70	-80	-90	-90	-90	-90	-90	-90	-90	-90	-90	-90	-100	-110	-110	-110	-120	-120	-120	-120	-120	-130	-130	-130	-130	-130	-140	-140	-150	-150	-160	-160	-160	-170	-180	-180	-180	-180	-190	-190	-200	-200	-200	-200	-200	-210	-210	-220	-220	-220	-220	-250	-250	-250	-250	-250	-260	-260	-260	-260	-270	-270	-270	-270	
# Bin upper bound for each
0	0	0	0	0	0	0	0	0	0	0	0	0	0	0	0	0	0	0	0	0	0	0	0	0	0	0	0	0	0	0	0	0	0	0	0	0	0	-10	0	-10	-10	-10	-10	-10	-10	-10	-10	-10	-10	-10	-20	-20	-10	-20	-20	-20	-20	-20	-20	-30	-30	-30	-30	-30	-30	-30	-30	-40	-40	-40	-40	-40	-50	-50	-50	-50	-50	-50	-60	-60	-60	-60	-70	-70	-70	-70	-80	-80	-80	-80	-80	-90	-90	-90	-90	-90	-100	-100	-100	-100	-110	-110	-110	
# Normalized histogram for each
1	
1	
1	
1	
2.1726684822933e-06	0.999997827331518	
2.66035276277634e-05	0.999973396472372	
0.000125728016700149	0.9998742719833	
0.00051806816931725	0.999481931830683	
0.00150681508614592	0.998493184913854	
0.00369979403376327	0.996300205966237	
0.00786389615416607	0.992136103845834	
0.0164987730678196	0.98350122693218	
0.0317701562851251	0.968229843714875	
5.42268471697653e-06	0.0565981871964991	0.943396390118784	
3.09470447201084e-05	0.0944004308697314	0.905568622085548	
8.4950339447398e-05	0.146827404326042	0.853087645334511	
0.00023329437825958	0.215290920270011	0.784475785351729	
5.44468661200564e-07	0.000507989260900127	0.300140527361456	0.699350938908983	
2.17662554476856e-06	0.00106872314248136	0.395878668362258	0.603050431869716	
3.26800767546069e-06	0.00212910700056264	0.495867331960407	0.502000293031355	
1.25039210665518e-05	0.00422904356420464	0.59528939238011	0.400469060134618	
2.28507384324938e-05	0.00800809569018751	0.684918784667155	0.307050268904225	
5.99222209571976e-05	0.0147610220116107	0.760334540312129	0.224844515455303	
0.00010044375395429	0.0263359155748412	0.815730474471183	0.157833166200022	
0.000226348615046456	0.0445208636154146	0.848726584508483	0.106526203261056	
5.45391577517868e-07	0.000549754710138011	0.0715101074694103	0.860035068678434	0.0679045237504397	
5.45988025390627e-07	0.00126505425483008	0.108237212141463	0.849448715890763	0.0410484717249181	
2.18765364848672e-06	0.00253603749200823	0.158802325257063	0.815307340726509	0.0233521088707715	
2.96136407009878e-05	0.004704730066181	0.223023070122908	0.759442912578339	0.0127996735918714	
7.24069666472667e-05	0.00886985341429017	0.297148865980739	0.687063124064401	0.0068457495739234	
0.000199583178208587	0.015491273444855	0.380059008630876	0.600696018918731	0.00355411582732985	
5.49846317954132e-06	0.000464070292353287	0.0262034761284221	0.464191258543237	0.507451517300914	0.00168417927189351	
2.08448071197084e-05	0.000857928377242737	0.0419298780688493	0.543358295904105	0.413072217382814	0.000760835459869358	
2.74322834084063e-05	0.00171726094136624	0.0650156089692594	0.60983557089325	0.323067807118129	0.000336319794587062	
2.74846237272558e-06	6.81618668435944e-05	0.00341633872929789	0.0980728331534923	0.657235959342546	0.241061038402066	0.00014292004338173	
3.85919027572261e-06	0.000159880739994222	0.0063450601261845	0.140512566626164	0.680131013996732	0.172790834092307	5.67852283427755e-05	
4.94754774795872e-06	0.000316093328341807	0.0109813570903582	0.193582700734381	0.676766810530361	0.118324452485126	2.36382836846917e-05	
1.59783311790135e-05	0.000688721171509203	0.0184676449813164	0.257598798429495	0.646438099394036	0.0767880028077785	2.75488468603681e-06	
2.19997558027106e-06	6.04993284574541e-05	0.00127488584876708	0.0300984159075834	0.327961359628908	0.592952268229823	0.047650371080881	
4.39469648028759e-06	0.000118656804967765	0.00240994168237771	0.0470012788566758	0.398913740897485	0.523350670410948	0.0282002179769454	1.0986741200719e-06	
1.48627752985078e-05	0.000220189263681598	0.00438396823990061	0.0718934460115192	0.463356377974688	0.444470194355558	0.0156609613793536	
1.10234441097604e-06	1.87398549865927e-05	0.000366529516649534	0.00728815007316811	0.10502255672251	0.517537472820321	0.361271333809179	0.0084941148587759	
2.7569931130312e-06	2.7569931130312e-06	3.74951063372244e-05	0.00072894897908545	0.0126490844025872	0.145472190210469	0.555387440242174	0.281355006975193	0.0043643200979284	
2.20958218458076e-06	2.20958218458076e-06	0.000128155766705684	0.00139369396292432	0.021283247997428	0.195532556260105	0.570297581004664	0.209207660400476	0.00215268544332781	
5.5243613285868e-07	8.2865419928802e-06	0.000213240347283451	0.00258540110177862	0.0336135289399193	0.252231841976749	0.560824875536139	0.149484798062496	0.0010374750575086	
1.21748081084222e-05	1.05146070027283e-05	0.000400661866840803	0.00455614523439273	0.051825944516079	0.314341370551353	0.527091161642714	0.101258432438116	0.000503594335393827	
1.66108817886598e-05	2.65774108618556e-05	0.000699871819362197	0.00742561785559053	0.0765302082727728	0.372820721521335	0.475819262532218	0.0664673360852027	0.000193793620867697	
6.65165978312263e-06	6.70709028131532e-05	0.0010803404097755	0.012509000527144	0.108354983562086	0.424634754589784	0.412799788920663	0.0404504060561145	9.70033718372051e-05	
1.05159105726965e-05	0.000131172147669951	0.00193326713844362	0.0197937110427023	0.147992623365468	0.463166086077709	0.34307992202729	0.0238506386478531	4.2063642290786e-05	
7.75564403145024e-06	0.000269231642806058	0.00343852017880083	0.0311527601506146	0.195071620602758	0.485898300239816	0.271204346262915	0.0129375221936064	1.99430846523006e-05	
5.3583818349751e-05	0.000514294174057919	0.00562630092672385	0.0473912966621148	0.246220959780096	0.488100525452866	0.205258064088456	0.00683110822384557	3.86687348915729e-06	
8.69898144346576e-05	0.000945806453757711	0.00895274790850445	0.0690543985540852	0.298932463213559	0.470402131195046	0.148099327962128	0.0035261348984851	
5.54586877143478e-07	0.000148629283074452	0.00183401880271348	0.0143310794922646	0.0980465231839498	0.349404151859197	0.433547736620037	0.101029645996105	0.00165766017578186	
2.22333512497089e-06	6.67000537491266e-06	0.000285698563558759	0.00303151744289781	0.0227986342052327	0.133272821562349	0.39338857950563	0.380773376006545	0.0656561979079528	0.000783725631552238	5.55833781242722e-07	
2.27613895772821e-05	3.0533571384159e-05	0.000514074310940567	0.00480987022677006	0.0348282569883018	0.174964581057194	0.423395155488049	0.32038543359892	0.040693478473277	0.000355854895586289	
2.99538211923285e-05	8.15409576902276e-05	0.000907489842049063	0.00781517382923548	0.0509786301673808	0.220620987089348	0.43839968936778	0.256881197043447	0.0241621943947525	0.000123143487124017	
5.53835895101266e-07	6.92294868876583e-05	0.000142335825041025	0.00161553930601039	0.012502291496016	0.0728532351493058	0.268511826334786	0.433387110798748	0.197202685661023	0.013667562219309	4.76298869787089e-05	
8.8427591619275e-06	9.00856089621364e-05	0.000261414067724482	0.00277938973908334	0.019364537219726	0.101918878738138	0.314894522463372	0.409745273268892	0.143844610614627	0.00707531267443724	1.71328458762345e-05	
8.87050230882543e-06	0.000133611941026683	0.000479007124676573	0.00469970300449457	0.0297172915473538	0.136117303522532	0.353047100704041	0.371978970256651	0.100356427870896	0.00346060471323052	1.10881278860318e-06	
1.76941532435318e-05	0.00016477680208039	0.000800107491980954	0.00778985096546488	0.0430598278027124	0.175461305928039	0.380913095719287	0.323910275160671	0.0662292155905396	0.00165219155911478	1.65882686658111e-06	
2.37575623636012e-05	0.000276250725158154	0.00146854885494074	0.0122489571535125	0.0617950772120777	0.215789386447139	0.396823116660681	0.26866432774386	0.0421945357606564	0.000716041879609934	
4.96461881656726e-06	4.57848179750092e-05	0.000436334831544967	0.00269302989583126	0.0190337969184059	0.0857819936585269	0.257718879011136	0.396460116458925	0.212246280397258	0.0252809422625864	0.000297877128994036	
4.96483243690525e-06	7.99889670390291e-05	0.000835195145497173	0.00465756447386567	0.028636601848021	0.115384912425872	0.298393600882637	0.377249482829954	0.159752310026203	0.0148740863329196	0.000131292235553717	
1.4835979998901e-05	0.000150557722951811	0.0013731523710094	0.00774383207868564	0.0421797900983571	0.149106544315622	0.332958404307929	0.342934776636079	0.115323918896643	0.00817242705643167	4.17605362932029e-05	
2.68623561904574e-05	0.000300968031603288	0.00235237490639291	0.0125299186344713	0.0589639682607556	0.187374254021404	0.354733311624164	0.299219237394154	0.0802767809468049	0.00420971496299025	1.26088610689902e-05	
4.06100061957699e-05	0.000658540641012484	0.00376355976338635	0.0193923755262151	0.080652569872534	0.22694023908318	0.361761618166063	0.251800697065269	0.0528972769893278	0.00208812261587709	4.39027094008323e-06	
1.0409110930443e-05	9.20384545428647e-05	0.00106556425051114	0.00589374817840559	0.0293558842156242	0.107495436426629	0.263870962086731	0.357097150971554	0.201171956321179	0.0330686497301301	0.00087107823049497	7.12202326819787e-06	
1.14822113208042e-05	0.000171139625876749	0.00193885339731294	0.00946845016392224	0.0419598275699923	0.138557484324048	0.297045353641173	0.337430477944312	0.153300096887993	0.0197220648734004	0.000393129044745631	1.64031590297203e-06	
2.74783704007391e-06	2.14331289125765e-05	0.000412175556011086	0.0031193446078919	0.0149971449973154	0.0587690899108767	0.173089552558703	0.320602237948399	0.305613336462204	0.112288162372988	0.0108896781898129	0.000195096429845247	
6.59527283819323e-06	8.35401226171142e-05	0.000815065801586713	0.00499372075065197	0.0227910645045164	0.0803529570180573	0.207954998255001	0.3327232705958	0.265726290681154	0.0785348601389954	0.00593849358472315	7.91432740583187e-05	
3.28076275546889e-06	2.02313703253915e-05	0.000199579734291024	0.00150204254821218	0.00799029769094449	0.0332724022783804	0.105879509613455	0.242742542689558	0.333125369427556	0.220133166160244	0.0521455368230078	0.00295487365509232	3.11672461769545e-05	
1.69860779913031e-05	5.86293659699818e-05	0.000391227731799691	0.00242462564875859	0.0119390210758872	0.0463550068382662	0.136105059440314	0.271336157771076	0.320836876665732	0.175779058248001	0.0333075071889466	0.00143724137326413	1.26025739935475e-05	
2.96340198547933e-05	9.65849536008078e-05	0.000664021556005554	0.00419486014388963	0.0175707786613106	0.0632883884032202	0.168211477146134	0.294384902015662	0.298372324020568	0.132314252317216	0.0202899743720606	0.000578960943459388	3.84144701821395e-06	
5.4859570471507e-07	4.82764220149262e-05	0.000171710455575817	0.00122062544299103	0.00665391730248909	0.0253730999387767	0.0845128140984707	0.199505605550911	0.308621839814443	0.264868589384893	0.0965906971334777	0.012176081666151	0.000256194194101938	
1.20314633704832e-05	3.28130819194997e-06	0.000107189400937032	0.000411257293391062	0.00230730654363948	0.00992486351125133	0.0363836921170399	0.110343284994195	0.228808901532863	0.311533415475415	0.225710252830265	0.0678536252166347	0.00649534956596496	0.000105548746841057	
1.03932988385215e-05	1.31283774802377e-05	0.000181062206081611	0.000713308509759581	0.00379355407606035	0.0148109978606215	0.0510551659891877	0.138605580326251	0.256734173877702	0.301381050609348	0.184099237405373	0.0452961844011901	0.00326623091393747	3.99321481690563e-05	
3.67046459316461e-05	4.3826442903458e-05	0.00023611496114238	0.00125507975864778	0.00595217877682589	0.0217510636129862	0.0682142148876235	0.169051738211509	0.278815612293756	0.280335842031969	0.144532486898633	0.0282220379076818	0.00153556899322991	1.75305771613832e-05	
5.36860984778348e-05	4.93035598265829e-05	0.000395524113275477	0.00213758322714807	0.00923291330352477	0.0316731546499283	0.0896541410059898	0.199579166726014	0.290137754146155	0.251857922479465	0.10764500998671	0.0168229224301615	0.000750509744026874	1.04085292967231e-05	
1.09200049576823e-06	4.96860225574542e-05	9.2274041892415e-05	0.000737646334891436	0.00361779764248013	0.0140338443713653	0.0450592164568843	0.115663600511275	0.227604025332228	0.290740763996307	0.215507935840603	0.0767567148475485	0.00979524444704098	0.00033852015368815	1.63800074365234e-06	
8.20368772170466e-06	6.67233268031979e-05	0.000178840392333162	0.00125188274633213	0.00582407136989553	0.0203648344003597	0.0609112875086275	0.143603365918381	0.251034485021707	0.281153504123173	0.177849933768894	0.0523209326389732	0.00530614521839857	0.000125789878399471	
6.554640576284e-06	8.193300720355e-06	0.000102143148980426	0.000350673270831194	0.00215483808945336	0.00871876440655377	0.0293620586815122	0.0803385908833689	0.172345534432619	0.266784795855719	0.261512133732147	0.141461706697313	0.0341982909867137	0.00261803269017743	3.7689183313633e-05	
9.26984687848812e-06	3.81699577349511e-06	0.000175581805580775	0.000582364498013254	0.00351763424783099	0.0130797539455467	0.0414509382448254	0.102676641021908	0.198235675496468	0.274493252914685	0.235586069710339	0.107890657248502	0.0209934767542231	0.00128251057989436	2.23566895304713e-05	
5.4592006638388e-06	1.8015362190668e-05	0.000260403871665111	0.00105580940838642	0.00570049733318048	0.0194691473274483	0.0558055869459594	0.126940609355978	0.223960977633655	0.273527790060979	0.202494854703374	0.0778760433897269	0.0122875688541684	0.000592869192092894	4.36736053107104e-06	
1.20044612943428e-05	4.63808731826883e-05	0.000528741954282646	0.00188797436720119	0.00851443700167844	0.0277772321204462	0.0726859218225828	0.15337118012585	0.24259652132538	0.263334228211357	0.168211422572316	0.0534858772969445	0.00723541621649937	0.000312661650984475	
1.91919845499041e-05	0.000147504109826406	0.000802224954185991	0.00324563875859664	0.0129282691352311	0.0380127412843715	0.0931348626237746	0.179045862262965	0.257393574962247	0.242736930532693	0.133252142099647	0.0354256617670444	0.00371556820886143	0.000139827316006444	
5.47793324152317e-06	2.4102906262702e-05	0.000324293647898172	0.00130429590480667	0.0053902863096588	0.0188325866910325	0.050824264614852	0.116169434666334	0.203670105713156	0.262004069008812	0.216473131285244	0.100766581977819	0.0223483242454421	0.0018082657630268	5.47793324152317e-05	
1.26210454286299e-05	3.89606184970749e-05	0.000502646852722826	0.00218728204689212	0.00815703653463407	0.0266671715084838	0.0669650720798879	0.141076948319014	0.224724298750023	0.257519262184659	0.18467278293503	0.0733074217783272	0.0133547122868072	0.00079841830863724	1.53647509565929e-05	
2.19600919249448e-06	2.08620873286976e-05	0.000130662546953422	0.000983812118237527	0.00358827902053598	0.0119978962231936	0.0362088975704452	0.0862570450719907	0.166089665251339	0.240496495718331	0.242460825941017	0.152830161747057	0.0508875720153765	0.00763552396230331	0.000410104716698344	
6.04514846609853e-06	2.69283886217116e-05	0.00029181580322712	0.00163713611640978	0.00563133057564652	0.017195699591293	0.0484721986369839	0.107238185993831	0.189646199442637	0.249724533575579	0.2224515714913	0.120099514134931	0.0334109860131751	0.00400848299197479	0.000159372095924416	
2.86762860900711e-05	7.94112537878892e-05	0.000512864347380118	0.00248380754903231	0.00820693249216227	0.024467489639313	0.0631694465201051	0.129871590899691	0.212029150547745	0.250099126200475	0.195282199471143	0.0911679796177782	0.0206215585010023	0.00191524503059263	6.452164370266e-05	
5.06408823843489e-05	0.00020531575140611	0.000893921662958506	0.00386081683743286	0.0117784087093511	0.0333585803819423	0.0802063505868287	0.154197633749726	0.230105013777623	0.240877760616145	0.164869649267854	0.0661375428383334	0.0124427950684588	0.00100070787146463	1.48619980910589e-05	
3.29632476270582e-06	0	2.74693730225485e-06	8.02105692258417e-05	0.000358200624214033	0.00149543266734754	0.00576801894727474	0.0171029810312992	0.0447717817019914	0.100868087126259	0.177126362961616	0.24103935317318	0.222797491936366	0.134776830572753	0.0458661615232097	0.00747661394927725	0.000461485466778815	4.94448714405873e-06	
9.88013746564594e-06	0	1.48202061984689e-05	0.000190467094476619	0.000613117419395917	0.00248375677955822	0.00845410429143771	0.0244857251225	0.0597649515296923	0.12333485377671	0.198936018974255	0.243267097989557	0.198432680860033	0.105186687941896	0.0306728867620978	0.0039926733291727	0.000160277785553812	
1.48189535513622e-05	0	2.90890569711925e-05	0.000278815866818222	0.00104061984938455	0.00382768081730371	0.0130461676265141	0.0334650390698966	0.0768971965284131	0.147034205986747	0.215738167751652	0.236411705656065	0.171805458973178	0.0788834851544272	0.0195160129770125	0.0019368921141762	7.4643617888343e-05	
9.90151839784631e-06	4.95075919892315e-06	5.72087729653342e-05	0.000486274570205341	0.00182297955391459	0.0059365103638643	0.0187017679161099	0.0446503471307325	0.0960254755066689	0.170309967033445	0.227543493794773	0.221860572318765	0.142744689898196	0.0573710478501878	0.0114329532433799	0.00101985639497817	2.20033742174362e-05	
1.37885237565233e-05	2.81285884633076e-05	0.000114720517654274	0.000688323105925646	0.0029308886096866	0.00936240763067936	0.0262241175620566	0.0577744660807831	0.117772193732068	0.190884462098657	0.230976525314075	0.202395673271553	0.114653229658342	0.0391996699578954	0.00654182721104494	0.000436268891656399	3.3092457015656e-06	
6.06277062003404e-06	2.1495277652848e-05	5.12579697875605e-05	0.000244715468663192	0.00119326349021579	0.0047217959910756	0.0140187791564151	0.0351150162702717	0.0753624434508849	0.138393762621586	0.207498324470665	0.228029070433962	0.177279822217519	0.0887887245694331	0.0254184414049754	0.00366025997160419	0.000195662142737462	1.10232193091528e-06	
4.39722315357852e-06	3.24295207576415e-05	6.6508000197875e-05	0.000447417455876614	0.00204086119615463	0.00717132131059236	0.019978783398284	0.0453831905151897	0.0941758779330853	0.162277871524133	0.218179219822682	0.218068739590948	0.149033985038448	0.0652949162603816	0.0157893290387121	0.00196336013807281	9.17920333309515e-05	
3.28639989132971e-06	7.1753064294032e-05	0.000131455995653188	0.000975513034409702	0.00314618016263298	0.0106660108473106	0.0279459014759222	0.0590911132460539	0.114121331693055	0.181500197731727	0.223620341938954	0.201344575742206	0.120521047748104	0.0465173472618264	0.00927915009316944	0.00102426129946443	4.05322653263998e-05	
1.7528435778824e-05	8.92854697483848e-05	0.000205959120401182	0.00140720473486871	0.00526729495153661	0.0153286170885816	0.0378422495556268	0.075147690765527	0.135712270726691	0.197657215005437	0.221676649658606	0.178553958824609	0.0937722015441456	0.0315369425478129	0.00527605916942603	0.000493535019897513	1.5337381306471e-05	
4.37124073296965e-06	5.3001293887257e-05	0.000137694083088544	0.000329482270247587	0.00231948961393202	0.00751798765561617	0.0210174718492097	0.0490846621905162	0.0932953909637712	0.158527416421877	0.209425597111484	0.211560401804448	0.152361781368024	0.0709752893761365	0.0203683426003637	0.00282546072877325	0.000195613022800392	5.46405091621206e-07	
2.7242775079835e-05	0.00011714393284329	0.000305119080894151	0.000742638048676301	0.00368322319079369	0.0110376827513459	0.0287667359178009	0.0619413528435191	0.112280007780537	0.177680648203693	0.213578997781893	0.198288717840585	0.126113888966077	0.0511374131023582	0.0127152928407622	0.00147655840932705	0.00010733653381455	
4.0913517007749e-05	0.000139105957826347	0.000388405654793564	0.00145215709699504	0.00557733063849635	0.0153032919015784	0.0382852326751712	0.0776729482553112	0.133911577707043	0.19298033150859	0.214137529423638	0.176883317377062	0.0996658729444367	0.0352118092775491	0.00757172821423409	0.000744626009541032	3.38218407264059e-05	
4.84950725736934e-05	0.00027789311250094	0.000591748863090237	0.00239805409434635	0.00784857331855596	0.0223327982528697	0.0509089284332604	0.0961973324440754	0.156500682745235	0.200914540784356	0.205210986259003	0.153503251349416	0.0748011974468707	0.023780566880154	0.00428009882097036	0.000391774799780737	1.30773229412207e-05	
