# <P(U)> as a function of N_tot.
# number_of_species: 1
# species_total_upper_bound: 103
# species_total_lower_bound: 0
# volume: 729
# Bin widths for each
10	10	10	10	10	10	10	10	10	10	10	10	10	10	10	10	10	10	10	10	10	10	10	10	10	10	10	10	10	10	10	10	10	10	10	10	10	10	10	10	10	10	10	10	10	10	10	10	10	10	10	10	10	10	10	10	10	10	10	10	10	10	10	10	10	10	10	10	10	10	10	10	10	10	10	10	10	10	10	10	10	10	10	10	10	10	10	10	10	10	10	10	10	10	10	10	10	10	10	10	10	10	10	10	
# Bin lower bound for each
0	0	0	0	-10	-10	-10	-10	-10	-10	-10	-10	-10	-20	-20	-20	-20	-30	-30	-30	-30	-30	-30	-30	-30	-30	-30	-40	-40	-40	-40	-50	-50	-50	-60	-60	-60	-60	-60	-60	-60	-70	-70	-70	-70	-70	-80	-80	-90	-90	-90	-90	-90	-100	-110	-110	-110	-120	-120	-120	-120	-120	-120	-130	-130	-130	-130	-140	-150	-150	-160	-160	-160	-160	-180	-180	-180	-180	-180	-180	-200	-200	-200	-200	-200	-210	-210	-220	-220	-220	-220	-250	-250	-250	-250	-250	-260	-260	-260	-260	-270	-270	-270	-270	
# Bin upper bound for each
0	0	0	0	0	0	0	0	0	0	0	0	0	0	0	0	0	0	0	0	0	0	0	0	0	0	0	0	0	0	0	0	0	0	0	0	0	0	-10	0	-10	-10	-10	-10	-10	-10	-10	-10	-10	-10	-10	-20	-20	-20	-20	-20	-20	-20	-30	-30	-30	-30	-30	-30	-30	-30	-30	-30	-40	-40	-40	-40	-40	-50	-50	-50	-50	-50	-60	-60	-60	-70	-70	-70	-70	-70	-70	-80	-80	-80	-80	-80	-90	-90	-90	-90	-90	-100	-100	-100	-100	-110	-110	-110	
# Normalized histogram for each
1	
1	
1	
1	
3.69160344795762e-06	0.999996308396552	
2.9456436691674e-05	0.999970543563308	
0.00011859975066471	0.999881400249335	
0.000501926199350351	0.99949807380065	
0.00147010600238017	0.99852989399762	
0.00362808991249088	0.996371910087509	
0.00771856251472171	0.992281437485278	
0.0162355307279093	0.983764469272091	
0.0313856569116735	0.968614343088327	
9.23590439361208e-06	0.0565625256873591	0.943428238408247	
4.34626207590423e-05	0.0948113953443211	0.90514514203492	
9.55766566543159e-05	0.146692537318973	0.853211886024373	
0.000256980213451291	0.215484866926925	0.784258152859624	
9.25572837028837e-07	0.000508139487528832	0.301601611237195	0.697889323702439	
3.70481171683754e-06	0.000994741945970878	0.39799217729006	0.601009375952252	
5.55353468598926e-06	0.00189745768437967	0.498044692995975	0.50005229578496	
1.84633677552053e-05	0.00401762882353267	0.596620649799765	0.399343258008947	
2.49384159672365e-05	0.00758312574411153	0.686248865071162	0.306143070768759	
5.8233366054939e-05	0.0142579312920228	0.762229469041109	0.223454366300813	
0.000118356983154473	0.0258591514913905	0.817005309420291	0.157017182105164	
0.000268614475458698	0.0439438512669649	0.85003189219975	0.105755642057827	
0.000600462448464156	0.07053863329204	0.861560149247251	0.0673007550122448	
0.00128759933537288	0.106719861520589	0.85093006141784	0.0410624777261977	
2.78491282758698e-06	0.00259182553820761	0.157804300462388	0.816214319464777	0.0233867696217996	
3.25400986987679e-05	0.00486056102849025	0.221867690099257	0.76011067352426	0.0131285352492943	
8.47078185316505e-05	0.00874166070143659	0.296225103115479	0.687824693911556	0.00712383445299693	
0.000215435636971367	0.0153108521738482	0.378960611650685	0.601736914849764	0.00377618568873188	
9.36889265310176e-06	0.000464697075593847	0.0259490219812959	0.463096868728697	0.508660604368527	0.00181943895323236	
2.9947601056776e-05	0.000831045929325533	0.0409692541082026	0.541699694815228	0.415656793004989	0.000813264541198073	
2.43027903342195e-05	0.00168156614658695	0.0644126763354383	0.608567107481894	0.324937653995566	0.000376693250180402	
4.68373106016253e-06	7.21294583265029e-05	0.00330671412847474	0.097896536380881	0.655920001873492	0.242635067094447	0.000164867333317721	
6.59564103506337e-06	0.000167717729177326	0.00615090638241338	0.140644507197258	0.678406907709079	0.17455835116512	6.50141759170532e-05	
8.46799802413379e-06	0.000340601698304048	0.0107176628325453	0.193603838825771	0.675231576223743	0.120069625761532	2.8226660080446e-05	
1.03824615683746e-05	0.000680523162799829	0.0183316516891793	0.256123056709949	0.646906639961717	0.0779439705742162	3.77544057031805e-06	
5.00733621995244e-05	0.00122821454451664	0.0299552079603419	0.326486824564669	0.593730248184368	0.0485494313839049	
7.19380197166967e-05	0.00227645970287705	0.0471269753375644	0.396932222080239	0.524523765576711	0.0290667461771095	1.89310578201833e-06	
0.000190047226735844	0.00423710292007564	0.0714682098501478	0.460712487053033	0.44727899883121	0.0161131541187985	
5.71426938780175e-06	0.000353332323812408	0.0071933127810111	0.104001607614454	0.516532809906257	0.363233247905006	0.00867997520007086	
2.29196151796611e-05	0.000695228327116388	0.012265814056982	0.144670520981953	0.55449234007361	0.283562433986733	0.00429074295842573	
7.84636435836834e-05	0.00140181997378166	0.0204885797123638	0.195115159750065	0.570109179289426	0.210690193001426	0.00211660462935497	
0.0001597152287036	0.00250571197127804	0.0331652976106793	0.251736066280864	0.560978222302558	0.150396275479122	0.00105871112679572	
0.000353644304558475	0.00432879744687928	0.0511197621216364	0.315569238297958	0.526930969587546	0.101149917467066	0.000547670774356774	
4.77541235685701e-06	0.000630354431105126	0.00740857473042797	0.0752242056101544	0.374555647880194	0.47591759548437	0.0660449079778039	0.000213938473587194	
3.53905103694195e-05	0.00096223928193611	0.0126104996948764	0.107118466385711	0.42613330935706	0.413065602528222	0.0399817117146415	9.27805271846945e-05	
2.86469473812871e-06	8.02114526676037e-05	0.00200051182545988	0.0199258617001772	0.146898681476502	0.465237884251054	0.342093251543116	0.0237158528387215	4.48802175640164e-05	
1.05242612925324e-05	0.000212398727903835	0.00358494609664716	0.0312398345203424	0.193830103979702	0.487856915970471	0.270351051086678	0.0128874363282192	2.67890287446278e-05	
8.21453303722807e-05	0.000445113069226544	0.00589918093464193	0.0471647921293311	0.245257301143826	0.489312988036392	0.204764429161592	0.00706736394679657	6.68624782099959e-06	
8.62480378571387e-05	0.000901771151372973	0.00902921125211068	0.0686553547573459	0.297111074056399	0.471883139658573	0.148596744424064	0.0037364566622776	
0.000172234135083232	0.00185247380845076	0.0144447027956471	0.0972242555418725	0.348163649220306	0.434544809102383	0.101880318326956	0.00171755706930223	
5.76118726547167e-06	0.000313984705968206	0.00305054865706725	0.022688515649305	0.131654651390559	0.392345494559519	0.382909630016554	0.0662229272208417	0.000808486612921191	
1.63215146365583e-05	2.01618710216308e-05	0.000497326151866893	0.00481004637230335	0.0343270255479709	0.173708920187793	0.422266386320651	0.323112224814463	0.0408949950555412	0.000346592163752796	
2.01798311236418e-05	9.32116009044408e-05	0.000877342181708809	0.00782496975427692	0.0504332417553378	0.219102035952772	0.437061509086209	0.259872982377242	0.0246011360283978	0.000113391432028083	
5.56050888243359e-05	0.000158186890620955	0.00164514366245794	0.0125226494866116	0.0722108775058242	0.266731858839771	0.433779132752356	0.199044167697278	0.0138082774885674	4.41005876882664e-05	
2.86650130139159e-06	7.93065360051674e-05	0.000254163115390054	0.00274610824673314	0.0193842373004437	0.100492847123753	0.312571901407643	0.411476706810425	0.145851408216539	0.0071242112343919	1.62435073745523e-05	
9.56340200812315e-06	0.000143451030121847	0.000481039121008595	0.00492993373518749	0.029614986998555	0.134495860481441	0.350699515039884	0.373882157847776	0.102303536641697	0.0034399557023219	
7.63769085873423e-06	0.000186168714681647	0.000827734746815322	0.00785345562549347	0.0425810812488006	0.172713967522629	0.378612747115101	0.327252140224185	0.0683773821241755	0.00158768498725938	
1.05040211302709e-05	0.000315120633908126	0.00147533751329714	0.0122572377480143	0.0609701131951513	0.213184838304918	0.394458460416074	0.272734998825459	0.0439679226292902	0.000625466712757038	
3.33540128212825e-05	0.000491733446165194	0.00285415052570689	0.0187668735568433	0.0848125838019572	0.255358322159739	0.395469953275793	0.215367813758816	0.026566947698049	0.000278267764108986	
6.69421495506747e-05	0.000854946881404332	0.00496806381308222	0.0283050534628696	0.114156447628766	0.29638541081919	0.376811621922215	0.162284027890012	0.016047945880141	0.000119539552769062	
7.61775622799183e-06	0.000136167392575354	0.001402619365479	0.00822622450670267	0.0411682590951248	0.14843864563912	0.331566648701458	0.342719043819238	0.117725756966914	0.0085699757564908	3.90410006684581e-05	
1.23449521490662e-05	0.000301026910096462	0.00243290518506982	0.013145474815348	0.0575236785678336	0.186608195908693	0.352925088931136	0.299825651291187	0.0828849583405346	0.00432738053409961	1.32945638528406e-05	
3.42919521551063e-05	0.000743944850920501	0.00381974244838823	0.0204942041838087	0.0784075960484241	0.226206862391159	0.360210285871049	0.253278453509162	0.0547099520007925	0.00208990397300842	4.76277113265365e-06	
7.54598754052386e-05	0.00127135562233383	0.00615141262797135	0.0300664620016544	0.105248377612679	0.262631887624007	0.357545127871057	0.202164647717004	0.0339703165685051	0.000864445408123303	1.05070712589573e-05	
7.65570752134985e-06	0.000177995199871384	0.00232159330584934	0.00983758416493456	0.042417404485479	0.136175897536011	0.294845220733187	0.338571751204817	0.155034776051416	0.0202225514176456	0.000385656266387999	1.91392688033746e-06	
4.80968555237796e-06	2.21245535409386e-05	0.000420366517277833	0.00351491820167781	0.015624744485455	0.0598690418817799	0.171069933789869	0.318525273454672	0.30654627061792	0.113085326707511	0.0111575085444064	0.000159681560338948	
1.15883023812996e-05	9.17407271852883e-05	0.000804421323635212	0.00571979291703645	0.0234460327929644	0.0818443169516584	0.204591478541844	0.331056553812696	0.266753063898865	0.0795092740218266	0.0061331090353028	3.86276746043319e-05	
5.76374412818567e-06	2.78580966195641e-05	0.000228628517084698	0.00163690333240473	0.00855627815829163	0.0348975494481215	0.107541859191731	0.240216524654416	0.330317294114257	0.221301837673753	0.0523203873236054	0.00293374576124651	1.53699843418285e-05	
2.50478075943026e-05	7.89969316435697e-05	0.000420995843027317	0.00258859457714966	0.013017152931316	0.0482122127329567	0.137270656011715	0.268777426145094	0.318232395485614	0.176881836967674	0.0332124294928301	0.00127358467844877	8.67039493648936e-06	
3.67241657574214e-05	0.000112105348101602	0.000718054083099056	0.00474224950978071	0.0189805951440989	0.0655313745178745	0.168183149213185	0.291393691754748	0.297048246855977	0.13319081779885	0.0195575511166562	0.000501574790213203	3.86570165867594e-06	
5.51427374596225e-05	0.000198320371565309	0.00138340551872386	0.00760292585430128	0.0270692795939947	0.0864947696629811	0.198072712954964	0.306291786344143	0.263816399837087	0.096933193122443	0.0119011571268118	0.000180906875525428	
2.12295171346328e-05	0	0.000122552212549926	0.000503718542921741	0.00252534756096973	0.0113809511402663	0.03875930841953	0.111979913016878	0.226848005342118	0.309247481166041	0.224925769063383	0.0674770552343787	0.00612857560554785	8.009317828066e-05	
1.06046072198094e-05	4.82027600900428e-06	0.000235229469239409	0.000841620191172147	0.00407891755881942	0.0162636112543804	0.0531840333177478	0.139773543433097	0.254471047012152	0.299666918927778	0.183286174966379	0.0452228654612763	0.00291819509585119	4.24184288792376e-05	
1.54739027794031e-05	2.80464487876681e-05	0.000335590266528304	0.00139265125014628	0.00635203709094496	0.0233617247212038	0.0702534528563374	0.169570763608089	0.276048622871009	0.278979960328782	0.144500139748684	0.0278636633110864	0.00129207088208016	5.80271354227615e-06	
2.99810925690411e-05	5.70607890830138e-05	0.000496138725416713	0.00236657204891754	0.0098579766631044	0.0338090010976948	0.0918872130640193	0.199188576236599	0.287166641682423	0.250963988839296	0.106892266328815	0.0166569147521482	0.000624767283858083	2.9013960550685e-06	
4.73400678605381e-05	9.85446310566303e-05	0.000920716013695771	0.00393309012776022	0.0150367513506411	0.0485554516435699	0.117189854926845	0.226748297689805	0.28709915522132	0.213784848086688	0.0766735197050617	0.00964288198604144	0.000269548549654901	
3.87438469927995e-05	0.000210185369935937	0.00146451741632782	0.00626100567403639	0.0219135198591274	0.064950185098729	0.144587193996253	0.247771744499827	0.278677711245983	0.176078192832001	0.0528378899326051	0.00512484236097255	8.42678672093388e-05	
1.15882352373126e-05	2.89705880932814e-06	8.30490192007401e-05	0.000336058821882065	0.00238814214515617	0.00962982348220675	0.0319893233726014	0.0841682495874105	0.173266327582028	0.262921606554306	0.258932356573861	0.139424817943996	0.034310833165143	0.00252623528173414	8.69117642798443e-06	
1.64605068867856e-05	2.90479533296217e-06	0.000118128343540461	0.000575149475926509	0.00405122122437123	0.0139391445377744	0.044914913703372	0.106815133983685	0.197811720849169	0.2693016387887	0.233028491200891	0.107014596596548	0.0211420686984096	0.00126842729539348	
9.67547489649661e-06	8.70792740684695e-06	0.000197379687888531	0.00109332866330412	0.00620875224108187	0.0204723373334972	0.0602066100909398	0.13038186196774	0.221596434006972	0.269002390809847	0.200213634485715	0.0774928135410206	0.0125761822704663	0.000539891499224511	
2.12671345436266e-05	1.35336310732169e-05	0.000493010846238617	0.00196334319355026	0.00901919842236529	0.0297430543471956	0.0778116118554608	0.156238037236819	0.239527869613131	0.257767337548093	0.166076987027048	0.0537294820486051	0.00730332733986814	0.000291939756007965	
3.30752491101299e-05	0.000111872166107792	0.000758785126644156	0.00362173977755922	0.0138789582074771	0.0398547023762621	0.0981235632938668	0.181101580899627	0.252785373735723	0.237749754610836	0.132504311942402	0.0355743760208335	0.00377738800866572	0.000124518584885195	
9.74202152791917e-06	3.31228731949252e-05	0.000312718891046205	0.00142818035599295	0.00571077301966622	0.0197763037016759	0.0531700050950773	0.121285245416135	0.205027662470129	0.256947766203174	0.211575275139043	0.100152852317773	0.0226940391492877	0.00184611307954068	3.02002667365494e-05	
2.24301398665504e-05	2.82814807013027e-05	0.00050809142915099	0.00244781091587137	0.00837034306411314	0.0282561248910188	0.0693910509593273	0.146988607439395	0.225338061216728	0.251567671731977	0.180168635642858	0.0726034370776063	0.0135019689761909	0.000798708023943687	8.77701125212843e-06	
3.88990404579195e-06	3.69540884350235e-05	0.000101137505190591	0.000925797162898484	0.00390449118596367	0.0121559501430998	0.0374889502413199	0.089426949060734	0.171496144618853	0.241910215179767	0.235658166902168	0.148510701612268	0.0503149363563074	0.00763977154593539	0.000425944493014219	
1.06851201930316e-05	3.39981097051004e-05	0.00025741425919576	0.00168144936855797	0.00586515961141132	0.0179782004120571	0.0503638283425727	0.11127775581392	0.19430599658659	0.248246426070139	0.215378996356374	0.11753729349791	0.0330442198842316	0.00387384175725544	0.000144734809887427	
4.75756793127353e-05	0.000104860680934192	0.000497117302206541	0.00263511007458701	0.00828108099710856	0.0256860121677227	0.0653388844765413	0.134888702038375	0.215521711015615	0.245735180175894	0.189664814775258	0.0893141140534673	0.0203274371855393	0.00187681200227587	8.05873751623884e-05	
7.93450357584853e-05	0.000232229372951664	0.00084376672172438	0.00379211213582322	0.0123487969067048	0.0351237250365519	0.0816353979492211	0.158569118718558	0.232040686586141	0.236484008588616	0.161104289373281	0.0645558951910135	0.0122626785142352	0.00092020889032097	7.74097909838881e-06	
5.79798655253652e-06	0	0	0.00011595973105073	0.000402960065401288	0.00150457751038323	0.00572357905844564	0.0179611960086661	0.0473521561745658	0.102676543858869	0.179524990288373	0.241024233651127	0.219618067299163	0.131502200335897	0.0448300320242124	0.00730932838056438	0.000447411295637402	9.66331092089421e-07	
1.73608599412624e-05	0	1.83253521602214e-05	0.000191933951572846	0.00063174240341816	0.0024527037128128	0.00871322270607582	0.0258782907268896	0.0629900223279949	0.125356982682542	0.199885225425944	0.242419332282037	0.19479270650984	0.102368310643654	0.0301818550078847	0.00395248911329408	0.000149496293938649	
2.60352884227822e-05	0	2.79638283059513e-05	0.000312423461073387	0.000953662972227097	0.0037143678149836	0.0134949578324755	0.0353279578498323	0.0802050809311762	0.150048117070085	0.216068787160553	0.233804604196117	0.167399190398957	0.0773653059532098	0.0192622563530925	0.00191696864387004	7.23202456188395e-05	
1.73579636408522e-05	2.89299394014203e-06	4.82165656690338e-05	0.000487951644570622	0.00160850463071897	0.00586699171060803	0.0198922263324166	0.0463004393493464	0.0993762705065054	0.172664485992123	0.227208993739561	0.218218532904913	0.138973642896543	0.056987158964231	0.0112257808190644	0.00109162304674692	2.89299394014203e-05	
2.41975839196408e-05	4.45235544121391e-05	9.00150121810637e-05	0.000594292661066378	0.00262108229017549	0.00954159129119276	0.0277759226296773	0.0588262623153603	0.121977116828839	0.192087196477606	0.230612653787745	0.198101747936672	0.111395997332458	0.0392436416008734	0.00656335266236337	0.000494598615317458	5.80742014071379e-06	
1.06266948370686e-05	3.76764635132433e-05	8.30814323625365e-05	0.000201907201904304	0.00111000657889017	0.00456175027460346	0.0142977348716923	0.0358699253909416	0.0775371958470877	0.142240242520497	0.207236972396677	0.226213351186181	0.173429591867294	0.0876113025526287	0.0255842508518262	0.00372900382464408	0.000243447918085572	1.93212633401248e-06	
7.7300063386052e-06	5.70087967472133e-05	8.40638189323315e-05	0.000467665383485614	0.00195665785445944	0.00698985823168375	0.0203985204767868	0.0464138568093626	0.0976531700755995	0.163783374302367	0.217541703384197	0.217513682111219	0.14499269514401	0.0640730562899062	0.0159953156161588	0.00193733283861293	0.000134308860133265	
5.75382269595362e-06	0.000125625128861654	0.000163024976385353	0.00110185704627512	0.00308213102413249	0.0103981165820375	0.0276509539358545	0.0608946235321759	0.118242015372296	0.179771477341926	0.223736436561707	0.200946503833484	0.117346336972626	0.0460344174494263	0.00936914128991115	0.00106062131695412	7.09638132500947e-05	
3.06848768625481e-05	0.000152465481910786	0.000297259744605934	0.00149301103984335	0.00565272965952252	0.0150729868563248	0.0374508922107399	0.0775358893196492	0.13931029985837	0.196550060938248	0.221651249114214	0.176600096465582	0.0911791526946596	0.0311115884314179	0.00530560699001495	0.000579177050780595	2.68492672547295e-05	
7.66017913328903e-06	9.28796719911295e-05	0.000227890329215349	0.000433757643422491	0.00258722550226837	0.00768124462590558	0.020053391448559	0.0487417198251181	0.0968495598269565	0.161139528247868	0.209088419532691	0.211756076915859	0.149964284414791	0.0677906702848246	0.0203779915393321	0.00292810347369973	0.000278639015973389	9.57522391661129e-07	
4.76841250964411e-05	0.000205041737914697	0.000431064490871828	0.000926025709372887	0.00417426831094246	0.0109024983620503	0.0273525678378206	0.0619969920853889	0.115523376188646	0.179853075673753	0.212666429517618	0.197907239117767	0.124826548994962	0.0485357635706636	0.0129100000286105	0.00158120558819799	0.000160218660324042	
7.14498702946688e-05	0.000241976894064612	0.000551592998674843	0.00169764891820133	0.00593033923445751	0.0150702066425515	0.0364022799177279	0.0779165598888049	0.137417153875393	0.192786040029075	0.215233683945786	0.17631827392356	0.0984140986789395	0.0332070417181503	0.00778898852705616	0.000901221030650089	5.14439066121615e-05	
8.47482643269797e-05	0.000459925973819452	0.000733215320581735	0.00266909421245533	0.00800918709274412	0.0208680698059074	0.0484664849181417	0.0970101002790979	0.160384661897276	0.19925269170962	0.20580592266578	0.1544599012159	0.0735357832882136	0.0231143749244169	0.00465925008260575	0.00047420938915546	1.23789599578734e-05	
