# <P(U)> as a function of N_tot.
# number_of_species: 1
# species_total_upper_bound: 103
# species_total_lower_bound: 0
# volume: 729
# Bin widths for each
10	10	10	10	10	10	10	10	10	10	10	10	10	10	10	10	10	10	10	10	10	10	10	10	10	10	10	10	10	10	10	10	10	10	10	10	10	10	10	10	10	10	10	10	10	10	10	10	10	10	10	10	10	10	10	10	10	10	10	10	10	10	10	10	10	10	10	10	10	10	10	10	10	10	10	10	10	10	10	10	10	10	10	10	10	10	10	10	10	10	10	10	10	10	10	10	10	10	10	10	10	10	10	10	
# Bin lower bound for each
0	0	0	0	-10	-10	-10	-10	-10	-10	-10	-10	-10	-20	-20	-20	-20	-30	-30	-30	-30	-30	-30	-40	-40	-40	-40	-40	-40	-40	-40	-50	-50	-50	-60	-60	-60	-60	-70	-70	-70	-80	-90	-90	-90	-90	-90	-90	-90	-90	-90	-90	-100	-110	-110	-110	-120	-120	-120	-120	-120	-130	-130	-130	-130	-130	-140	-140	-150	-150	-160	-160	-160	-170	-180	-180	-180	-180	-190	-190	-200	-200	-200	-200	-200	-210	-210	-220	-220	-220	-220	-250	-250	-250	-250	-250	-260	-260	-260	-260	-270	-270	-270	-270	
# Bin upper bound for each
0	0	0	0	0	0	0	0	0	0	0	0	0	0	0	0	0	0	0	0	0	0	0	0	0	0	0	0	0	0	0	0	0	0	0	0	0	0	-10	0	-10	-10	-10	-10	-10	-10	-10	-10	-10	-10	-10	-20	-20	-10	-20	-20	-20	-20	-20	-20	-30	-30	-30	-30	-30	-30	-30	-30	-40	-40	-40	-40	-40	-50	-50	-50	-50	-50	-50	-60	-60	-60	-60	-70	-70	-70	-70	-70	-80	-80	-80	-80	-90	-90	-90	-90	-90	-100	-100	-100	-100	-100	-110	-110	
# Normalized histogram for each
1	
1	
1	
1	
1.77304885946416e-06	0.99999822695114	
2.21438722812307e-05	0.999977856127719	
0.000111013906371491	0.999888986093629	
0.000484098000197356	0.999515901999803	
0.00140693862462674	0.998593061375373	
0.00357645011071442	0.996423549889286	
0.00769451061269705	0.992305489387303	
0.0162120407173329	0.983787959282667	
0.0313738290157626	0.968626170984237	
4.43511886783834e-06	0.0560612330251369	0.943934331855995	
2.53239690923179e-05	0.0939550352936159	0.906019640737292	
7.67060290492867e-05	0.146413970843682	0.853509323127269	
0.000218611806108282	0.215051556694518	0.784729831499374	
4.45647693216128e-07	0.000474614793275176	0.299855832971245	0.699669106587787	
1.78114691612223e-06	0.00102104246966707	0.395110039256478	0.603867137126939	
2.67396599963099e-06	0.00208703046271199	0.494722036777728	0.50318825879356	
1.06858299216595e-05	0.00419775018755858	0.594263935546636	0.401527628435884	
2.09426696645875e-05	0.0079426188674739	0.684335150444118	0.307701288018743	
6.10856389446364e-05	0.014582524245871	0.760045800852791	0.225310589262393	
3.12308850252814e-06	0.000106631164586318	0.0260666351086009	0.815820763273907	0.158002847364403	
7.13775237531016e-06	0.000229300295056839	0.0442281903745625	0.849140926890679	0.106394444687326	
6.24000206811497e-06	0.00054733732426037	0.0710076578196809	0.860597908083878	0.0678408567701125	
1.07026799956654e-05	0.00122724063950297	0.107693933676384	0.849972953435761	0.0410951695683565	
1.78615444520257e-05	0.00245462274631963	0.158351968878045	0.815656358173979	0.0235191886572048	
3.76264180456301e-05	0.00462625768541985	0.222492176840581	0.759859241361825	0.0129846976941277	
8.15124044412616e-05	0.00878497699513926	0.296434190601978	0.687746580621814	0.00695273937662717	
0.00022711166816432	0.0153840158180813	0.379740116162915	0.601108143677919	0.00354061267292067	
4.49502849848068e-06	0.000485463077835913	0.0259978963266627	0.464608842620062	0.507256774007947	0.00164652893899347	
1.70467187757944e-05	0.00093218635831844	0.041813358167711	0.543737842997926	0.412728426031596	0.000771139725673435	
2.24569220093556e-05	0.00185000123513071	0.0648376252254114	0.610227331421501	0.322723036535166	0.000339548660781456	
2.25125743984302e-06	5.67316874840442e-05	0.00345207815825529	0.0977455457745924	0.65727036836425	0.241326242772901	0.000146781985077765	
3.16162831084588e-06	0.000143176596362592	0.00646462657330529	0.140513602002485	0.679662916222721	0.173156059328407	5.64576484079621e-05	
4.05303531814976e-06	0.000306679672406665	0.0110490246145338	0.193000588140458	0.676936157488343	0.118679629174289	2.38678746513264e-05	
2.52713967500984e-05	0.000691353211091977	0.0186805262226843	0.256808385049442	0.64663818219233	0.0771540255529923	2.25637470983021e-06	
1.80447925886428e-06	7.35325297987194e-05	0.00128704483138495	0.030380212802239	0.326819614328648	0.593755779972626	0.0476820110560444	
3.60585807703195e-06	0.000131613819811666	0.00238843024377404	0.0472773067124851	0.397577404250946	0.524436449455786	0.0281842881946009	9.01464519257987e-07	
1.22008917496214e-05	0.000216452857335877	0.00433447976527292	0.0719459473382399	0.462485647006511	0.445401235362884	0.0156040367780066	
9.05254686616669e-07	1.53893296724834e-05	0.000371607048856143	0.00743349885915278	0.10502131195846	0.516501661368664	0.362259388962139	0.00839623721836961	
2.26509595852519e-06	2.26509595852519e-06	3.08053050359425e-05	0.000730719956220225	0.0128154599141438	0.145160033559662	0.555146026206254	0.281762081568824	0.00435034329794347	
1.81548334974833e-06	1.81548334974833e-06	0.000110290613497211	0.00138929863339491	0.0213918403100846	0.195022398525828	0.570133937284128	0.209819041697114	0.00212956196925479	
4.53853328219919e-07	6.80779992329879e-06	0.000181995184616188	0.00256654057108364	0.0337231177000529	0.251556830379126	0.561033968652351	0.149915015964291	0.00101526989522796	
1.00053255619241e-05	8.64096298529808e-06	0.00036974225826565	0.00454332738016462	0.0516497644882799	0.313799299536253	0.527592641355922	0.101559057116311	0.000467521576257181	
1.36557485922061e-05	2.18491977475298e-05	0.000657751890524595	0.0074578594978235	0.0764626330923397	0.372841993429764	0.476256067135302	0.0661061133600106	0.000182076647896082	
5.46725682666746e-06	6.51514771844539e-05	0.00105518056754682	0.0124812917305462	0.108022971590767	0.424741615164348	0.413192035118013	0.0403465329618636	8.97541329044574e-05	
8.65034967900373e-06	0.000124291866440422	0.00188577623002281	0.0198516419501895	0.148076685805186	0.463000405655872	0.34334831361433	0.0236673567217542	3.68778065262791e-05	
6.37736799645418e-06	0.00023824024729611	0.00336132846041682	0.0310901245089996	0.195231277528023	0.485878457387566	0.271284124043452	0.0128927604574031	1.73099988475185e-05	
4.41652070141634e-05	0.000489459768455934	0.00558166260604772	0.0474307004647364	0.2459423785195	0.488105217003696	0.205573102751492	0.00683012649916974	3.18717988762004e-06	
7.21238887557488e-05	0.000945827199379187	0.00895203533157588	0.0692576488981707	0.298398438837345	0.470669542492611	0.148171225763749	0.00353315758841453	
4.56681061253717e-07	0.000137460999437369	0.00179795333815589	0.0144484754159451	0.0982640639499624	0.348129799717954	0.43407945885121	0.101487775561352	0.00165455548492222	
1.83059407811969e-06	5.49178223435906e-06	0.000287860918784321	0.00304565089747163	0.0229002742687578	0.133307521956832	0.392300887426244	0.3812839146156	0.0660789544378863	0.000787155453591465	4.57648519529922e-07	
1.87365445333389e-05	3.06182557008222e-05	0.000513198524657064	0.00483585644516567	0.0348042739429047	0.175133680675356	0.42231760088144	0.320998136856291	0.0409882476166887	0.000359650257261896	
2.4712906956363e-05	7.9172831545385e-05	0.000902478750332366	0.0078426867872443	0.0508930283516537	0.220742549630611	0.437306787399896	0.257591782134673	0.0244731002296012	0.000143700977486999	
4.57464493893306e-07	5.71830617366633e-05	0.000139069206143565	0.00159426376121817	0.0125683795052247	0.0729514053766717	0.268309330171339	0.432676322827204	0.197968674661316	0.0136841354058305	5.0778558822157e-05	
7.31501136341297e-06	7.45216782647696e-05	0.000275684490758626	0.00277741837704586	0.0193843229248341	0.101559789016785	0.313930570484021	0.409732988369589	0.145076791617728	0.00716185331299151	1.87447166187457e-05	
7.33439957167107e-06	0.000116433593200278	0.000472610372399554	0.00468255572653875	0.0298496310567815	0.135504407286543	0.352237289829342	0.372460063048332	0.101145495693103	0.00352326219424149	9.16799946458883e-07	
1.46563296794798e-05	0.000155723502844473	0.000781823586339751	0.00770373328777658	0.0432888437392511	0.174226203044211	0.380625797796696	0.324559840649056	0.0669606482128209	0.00168135582041782	1.37403090745123e-06	
1.96810840524176e-05	0.00029338546226976	0.00143122674027697	0.0119747953968233	0.0621958872026726	0.214914691654625	0.396207683952914	0.269409782597253	0.0428178003047364	0.000735065604376341	
4.57060951820291e-06	3.83931199529044e-05	0.000452033281350268	0.00269117488431787	0.0188126287769232	0.0858662127746708	0.257367822543343	0.396057026580837	0.212696056295283	0.0256945955284813	0.000319485605322383	
8.69083542256443e-06	7.31859825058057e-05	0.000811906993423782	0.00468756217949686	0.028395703799862	0.115891375535115	0.297870150685364	0.377093976747899	0.160087932957981	0.0149482369268108	0.000131277356119789	
2.45950471040698e-05	0.00014848121029494	0.00131765687540878	0.00777704498707394	0.0421586435193873	0.14944314991501	0.331423725293364	0.343456624357113	0.116116861088996	0.00809404781641528	3.91698898324075e-05	
4.13911614860246e-05	0.000286554194903247	0.00227833327344502	0.0125956488337472	0.0589282782141033	0.187762589394675	0.353358164997905	0.299941279132441	0.0806336213582032	0.00416276824088019	1.13711982104463e-05	
5.73278140904487e-05	0.000631060937646448	0.00363576636822838	0.0194527832653741	0.0808458673470781	0.227427628184537	0.360685677055134	0.252218267917444	0.0529713552022261	0.00206926109907429	5.00480916662648e-06	
8.63565315762658e-06	0.000101809805647808	0.00100582633883303	0.00576543475286806	0.02937576499388	0.107337987192872	0.26363694623306	0.356717015554629	0.201989290881068	0.0331545450124331	0.00090083497675873	5.90860479206029e-06	
9.52615974190458e-06	0.000165573728847389	0.00184898224323824	0.00936285414632907	0.0421419161915684	0.138549374539569	0.296381964530025	0.337425650591348	0.153931400762819	0.0197708641043414	0.00041053212221065	1.36087996312923e-06	
2.27704330480957e-06	2.68691109967529e-05	0.000385731135834741	0.00292918850730703	0.0147784664568751	0.059069691187387	0.173119048378062	0.320056652837424	0.305654353934503	0.112845712099753	0.0109311740890688	0.000200835219484204	
5.46183700694973e-06	8.28378612720709e-05	0.000797883356098573	0.00478866559584318	0.0222606270279915	0.0807204891257101	0.20832811803758	0.331848017102832	0.266280029293652	0.0789554054662975	0.00584826197519143	8.42033205238084e-05	
2.71786028295643e-06	1.67601384115647e-05	0.000184361522527211	0.00149799399262282	0.00773095357486958	0.0325345994938438	0.106316352595262	0.242967196785315	0.33264979147217	0.220939845145381	0.0522123609191622	0.00291445217675695	3.26143233954772e-05	
1.40790634788639e-05	4.90496405070098e-05	0.000370597283830741	0.00249244839909694	0.0118005260119781	0.0456388738384205	0.136380708776389	0.271754537432369	0.320058895901675	0.176571893375165	0.0334327799655835	0.00142198541136526	1.36249001408361e-05	
2.45739603394483e-05	8.55537878484497e-05	0.000663496929165104	0.00427040821898857	0.0176818746109123	0.0626094451381785	0.168293402164693	0.294976263374605	0.297713074439077	0.132834542614888	0.0202757926467429	0.000568386601184647	3.18551337733589e-06	
4.55030475666108e-07	4.00426818586175e-05	0.000161080788385802	0.0012486036252278	0.00674628183222571	0.0253115252394029	0.0837142317606722	0.199844834607798	0.308696314935693	0.264540157577054	0.0973569554820934	0.0120878845860702	0.000251631853043358	
9.98810054022004e-06	2.72402742006001e-06	8.89848957219603e-05	0.000384541870798471	0.00231633131619103	0.0100857115227722	0.0361201495854257	0.109212615334186	0.229478425929835	0.311698199554077	0.225717452071873	0.0683494800058657	0.00643823880731183	9.71569779821404e-05	
8.63438165330231e-06	1.09065873515398e-05	0.000159054398876622	0.000696203825939955	0.00385775083446754	0.0148879461759914	0.0505524868155264	0.137727930634104	0.25797305618483	0.301643486381535	0.183777360196864	0.0454218463489063	0.00324834526620026	3.49919677528567e-05	
3.0493105372339e-05	3.64096780565242e-05	0.000238028270294527	0.00126933240124558	0.0060358143798203	0.0218180444543964	0.0675121904153343	0.168002446730365	0.280510172408928	0.280217984742524	0.144392590994612	0.0283726967465222	0.00154377034959663	2.00253229310883e-05	
4.46150743410058e-05	4.09730274560257e-05	0.000406543483535899	0.00220116208610982	0.00936734458816872	0.0314600009924578	0.0888531968294161	0.198654536829516	0.291734329068952	0.25175148310978	0.107802766771967	0.0169186735483143	0.00075162742588776	1.27471640974302e-05	
9.08146849161803e-07	4.1320681636862e-05	7.99169227262387e-05	0.000779189996580827	0.00369661174951312	0.0142329314934884	0.0447339515694367	0.114538205056834	0.22690775543787	0.292150841375352	0.215740727707152	0.076966353613312	0.00978255785917094	0.000345095802681485	3.63258739664721e-06	
6.82433302381192e-06	5.55045752603369e-05	0.000175612836479427	0.00131027194057189	0.00590896248755128	0.0205148549806485	0.0605495771870736	0.142464776205098	0.250445742685339	0.282342220283101	0.178181515429589	0.0526642878558264	0.0052333535181939	0.000146495682244496	
5.45894238450243e-06	6.82367798062803e-06	9.46216679980421e-05	0.000384400526242046	0.00219494975043535	0.00874386096437676	0.0296670773004438	0.0794899346200667	0.171617320860257	0.266826734988363	0.262279890893938	0.141490327663918	0.034540093202343	0.00261119410725366	4.7310833999021e-05	
7.73233389127429e-06	3.18390219052471e-06	0.000181482424859908	0.000633596535914417	0.00352594425442108	0.0131285932610436	0.0410632413943672	0.101893966960192	0.197963212284404	0.274961793173714	0.235712011498435	0.10819036096354	0.0214290262717415	0.00127901899425078	2.68357470344225e-05	
4.56231645230623e-06	2.23553506163005e-05	0.000258683342845763	0.00115928461053101	0.00576403060584369	0.0194505237311171	0.0555147228233074	0.12620234147205	0.223776603437523	0.273884068801557	0.202476060384996	0.0783386233392598	0.0125367893792923	0.000605875624866267	5.47477974276747e-06	
1.00238156747873e-05	5.05747063591542e-05	0.000510303343443718	0.00195099903270179	0.00870659516952323	0.0277564012314713	0.072322741349561	0.153023570091303	0.242633748455991	0.263494220131194	0.167749922201522	0.0543104002099534	0.00717340699926598	0.000307093262036666	
1.6932631010512e-05	0.000160173536585924	0.000788969077354665	0.00328355750001144	0.0130372106007423	0.0375538297492598	0.093013230334122	0.178873568162993	0.257330227492186	0.242721485678198	0.133525236484786	0.0358953471875815	0.0036629399623821	0.000137291602787935	
4.56958611430728e-06	2.51327236286901e-05	0.000337692413847308	0.00127857019478318	0.00546476803410008	0.0186521366013795	0.0503860843307978	0.116135574136508	0.203764242257522	0.261963861885174	0.216639508093194	0.101010244098151	0.0225390265502092	0.00174238318538537	5.62059092059796e-05	
1.05148384943666e-05	4.43451884327633e-05	0.000556829273310368	0.00222868859391465	0.008217574866793	0.0262340648765535	0.0664012050919248	0.141293370851496	0.224559919721494	0.257590684767428	0.185148933543935	0.0734708338952676	0.0134612791072445	0.000763468708069224	1.82866756423766e-05	
1.82888829653229e-06	1.8746105039456e-05	0.000174658832318834	0.00106669909895246	0.00367972325262297	0.0121502193980123	0.0359756044590126	0.085821497758926	0.166539482726379	0.23994831561674	0.242765718037548	0.152858483824169	0.0509304240597571	0.00770190583877161	0.000365320437232325	1.37166622239922e-06	
5.03369141183604e-06	3.56934481930192e-05	0.000344579057555685	0.00165974534097539	0.00568532564551372	0.0174266396677764	0.0479665030716958	0.107257438995092	0.190028257313153	0.249218519408312	0.222577936415325	0.120058116255391	0.0335797554083582	0.00401734335495533	0.000139112926290741	
2.42952765398392e-05	0.000102223522044984	0.000573918608073183	0.00249187025038804	0.0083002749491862	0.024790350099519	0.0629403518872846	0.130252019945964	0.211699413337832	0.249911757722002	0.19547796143377	0.0906057958444992	0.0207944647108816	0.00197937743583067	5.5924976186045e-05	
4.76730290296659e-05	0.000228738860440416	0.00100525916021209	0.00388810223297718	0.0118985462934908	0.0336979556063253	0.0798349046333142	0.154510120663187	0.228879129160446	0.241378172261906	0.165390114355678	0.0658204092821221	0.0123981963092824	0.001010301499821	1.23766517673171e-05	
2.74286717391424e-06	0	2.28572264492853e-06	9.78289292029411e-05	0.000409601497971193	0.00162423451148621	0.00588025007634314	0.0171324055127973	0.0447535350986426	0.100352367002942	0.177178247966164	0.240432879297387	0.223683103755351	0.135155694283682	0.0454429090483531	0.00741031281485829	0.000437487314239321	4.11430076087135e-06	
8.22891375138349e-06	0	1.23433706270752e-05	0.000223552156912585	0.000701743478242981	0.00265611049419656	0.00865453145708004	0.0245390779685006	0.0597035122375377	0.122626815561242	0.198828385546553	0.242673409499549	0.199795282912341	0.105093286166419	0.0303692633613558	0.00397182237066776	0.00014263450502398	
1.23409108049245e-05	4.57070770552759e-07	2.42247508392962e-05	0.000336861157897383	0.00112302288324813	0.00407661420256005	0.0134090851957063	0.033462608182938	0.0769080990655188	0.146145179388851	0.215797737042615	0.2359202777162	0.172748983588874	0.0785288720178989	0.0194634446224481	0.00197134623339405	7.08459694356776e-05	
8.23914389802137e-06	5.49276259868091e-06	5.40121655536956e-05	0.000528678400123038	0.00193528335560191	0.00626541120422869	0.0188474993969404	0.0448506952693124	0.0957585344943203	0.169232473395575	0.22770613537005	0.221697053087093	0.143570286534538	0.0570098407419258	0.0115091685651027	0.00100197144404271	1.92246690953832e-05	
1.14662015363793e-05	2.47669953185792e-05	0.000113744719240882	0.00072466393709917	0.00319219050772799	0.00939219500247899	0.026421338876248	0.0582602286544046	0.1171226622135	0.189266626336214	0.231274202284893	0.202766473377085	0.115144054476382	0.0392923794248645	0.00656554699973077	0.000423790808784578	3.66918449164137e-06	
5.04001774086245e-06	1.78691538085123e-05	4.9941993977637e-05	0.00025612453792201	0.00130628096174535	0.00509225065199502	0.0140863914022796	0.0356040598717453	0.0752515885219552	0.138220195625998	0.205737189649453	0.228495618850033	0.177297285904628	0.0890566552976085	0.0256349047803194	0.00368104568455354	0.00020664072737536	9.1636686197499e-07	
3.65480211302384e-06	2.69541655835508e-05	6.35021867137892e-05	0.000488372932352811	0.00227420061482909	0.00764675972097413	0.0202768421230563	0.046402281327479	0.094047195373386	0.161931489820691	0.216387584454482	0.217676815899851	0.14923287987899	0.0656297383938333	0.0158312322028269	0.00198638494842846	9.41111544103639e-05	
2.73169683446418e-06	5.96420475524679e-05	0.000128389751219816	0.00100845141472303	0.00353390513818516	0.0111840221231021	0.0284096470784275	0.0605371335485607	0.113613547759394	0.180901159468721	0.221719994700508	0.200856204844482	0.120906723024608	0.046650552690562	0.00941388257436931	0.00103030498939874	4.37071493514269e-05	
1.4562134808963e-05	8.10018748748566e-05	0.000251196825454612	0.00145894388117298	0.00576023445037042	0.0161503176365655	0.0388071791324608	0.0764976245517593	0.134797131259443	0.196943771956969	0.219696652529261	0.177888763492728	0.0942579682181408	0.0316130294701203	0.00527740866811074	0.000491016983089721	1.31969346706227e-05	
3.62385803173775e-06	4.39392786348202e-05	0.00017756904355515	0.000498733461617908	0.00246739433735944	0.00821800405147328	0.0221354308223621	0.0501039141290601	0.0943602803416573	0.157979373000083	0.207575494022446	0.21061545792882	0.151302867558861	0.0710892230085994	0.0203620052980804	0.0028687366143744	0.000195235351459871	2.71789352380331e-06	
2.25718042952338e-05	9.75101945554099e-05	0.000406743913400113	0.000961107426891055	0.00394464851863506	0.0122569411683978	0.0304480096860127	0.0633053337624986	0.112926285452969	0.17677921118767	0.211533469697127	0.19691642067162	0.125006263675692	0.0511919492694184	0.0126117699319189	0.00149289913608676	9.84130667272193e-05	4.51436085904676e-07	
3.38324293308216e-05	0.000119090151244492	0.00072266069050635	0.00166365332496093	0.00631358241218906	0.0170953009913353	0.0402908145405466	0.0794362885734804	0.133660199710575	0.191517262658742	0.211319609095601	0.175570459868423	0.0987131046080671	0.0352890281882779	0.00747696688211158	0.000750177733028751	2.79681415801459e-05	
4.00607843631506e-05	0.000254768583702733	0.00125673831395412	0.00268722340053943	0.0092270339175306	0.0244258254322063	0.053452789490931	0.0977469634825695	0.15518422559353	0.19941853346921	0.20189960137269	0.151731346078364	0.0743420128698646	0.0237155342218125	0.00423654047669633	0.000369999603893368	1.08029081428721e-05	
