# <P(U)> as a function of N_tot.
# number_of_species: 1
# species_total_upper_bound: 103
# species_total_lower_bound: 0
# volume: 729
# Bin widths for each
10	10	10	10	10	10	10	10	10	10	10	10	10	10	10	10	10	10	10	10	10	10	10	10	10	10	10	10	10	10	10	10	10	10	10	10	10	10	10	10	10	10	10	10	10	10	10	10	10	10	10	10	10	10	10	10	10	10	10	10	10	10	10	10	10	10	10	10	10	10	10	10	10	10	10	10	10	10	10	10	10	10	10	10	10	10	10	10	10	10	10	10	10	10	10	10	10	10	10	10	10	10	10	10	
# Bin lower bound for each
0	0	0	0	-10	-10	-10	-10	-10	-10	-10	-10	-10	-20	-20	-20	-20	-30	-30	-30	-30	-30	-30	-30	-30	-40	-40	-40	-40	-40	-40	-50	-50	-50	-60	-60	-60	-60	-70	-70	-70	-80	-90	-90	-90	-90	-90	-90	-90	-90	-90	-90	-100	-110	-110	-110	-120	-120	-120	-120	-120	-130	-130	-130	-130	-130	-140	-140	-150	-150	-160	-160	-160	-170	-180	-180	-180	-180	-190	-190	-200	-200	-200	-200	-200	-210	-210	-220	-220	-220	-220	-250	-250	-250	-250	-250	-260	-260	-260	-260	-270	-270	-270	-270	
# Bin upper bound for each
0	0	0	0	0	0	0	0	0	0	0	0	0	0	0	0	0	0	0	0	0	0	0	0	0	0	0	0	0	0	0	0	0	0	0	0	0	0	-10	0	-10	-10	-10	-10	-10	-10	-10	-10	-10	-10	-10	-20	-20	-10	-20	-20	-20	-20	-20	-20	-30	-30	-30	-30	-30	-30	-30	-30	-40	-40	-40	-40	-40	-50	-50	-50	-50	-50	-50	-60	-60	-60	-60	-70	-70	-70	-70	-80	-80	-80	-80	-80	-90	-90	-90	-90	-90	-100	-100	-100	-100	-110	-110	-110	
# Normalized histogram for each
1	
1	
1	
1	
2.05189130516189e-06	0.999997948108695	
2.51136263461416e-05	0.999974886373654	
0.000119677790563867	0.999880322209436	
0.000502161801441542	0.999497838198558	
0.00146120318856323	0.998538796811437	
0.0036487534875533	0.996351246512447	
0.0077669524631749	0.992233047536825	
0.0163535927462266	0.983646407253773	
0.0316452420953502	0.96835475790465	
5.11576987220807e-06	0.0564110828038512	0.943583801426277	
2.91939997623506e-05	0.0941993058998513	0.905771500100386	
8.01749870486559e-05	0.146618465738556	0.853301359274396	
0.000222727345208353	0.215338249795147	0.784439022859644	
5.13813094321184e-07	0.000485039561039197	0.300081233850212	0.699433212775654	
2.05421378305551e-06	0.00101529516227519	0.395638493295817	0.603344157328125	
3.08420337853919e-06	0.00206384609413914	0.495548723473923	0.502384346228559	
1.23165981555894e-05	0.00414915400366419	0.594828568349422	0.401009961048758	
2.41330707792158e-05	0.00790845864130811	0.684575116750148	0.307492291537764	
6.78302291582628e-05	0.0146163866528608	0.760367619287423	0.224948163830558	
0.000111185692460375	0.0261358442082549	0.816054081544411	0.157698888554874	
0.000227525312190981	0.0443978069030768	0.849096153123506	0.106278514661227	
5.14714662779542e-07	0.000552288833162448	0.0714423951938004	0.860174673567961	0.0678301276904135	
5.14935445117923e-07	0.00124768858352073	0.10840266509989	0.849250073764503	0.0410990576166419	
3.09432269144188e-06	0.00251207430500223	0.15919000946347	0.814877503500453	0.0234173184083836	
3.05151474088502e-05	0.00471795211294122	0.223175375207012	0.759222556796965	0.0128536007356737	
7.76266530595769e-05	0.00890739968307625	0.297343201923485	0.686771279794403	0.00690049194597599	
0.000217257036800238	0.015554569277579	0.380591394345317	0.600091351411188	0.00354542792911627	
5.18868389551859e-06	0.000468538155765328	0.026114646046145	0.464943954430903	0.506803142889609	0.00166452979368236	
1.9668044810017e-05	0.00088195653569129	0.04187119708002	0.544082299380767	0.412380413111754	0.000764465846957768	
2.58864557921463e-05	0.00179444911551158	0.0650474861145051	0.61039745028765	0.322398204101243	0.000336523925297901	
2.59490205542192e-06	6.43535709744636e-05	0.00346004240069959	0.0980001089858863	0.657591256218034	0.240736848387658	0.000144795534692543	
3.6421930372716e-06	0.000155053360729562	0.006436795723441	0.14052153082414	0.680158216865539	0.172666485944517	5.82750885963456e-05	
4.66973797062527e-06	0.000306127266963212	0.011089589960686	0.193688278386948	0.676596259124798	0.118290170253458	2.49052691766681e-05	
1.66435823646682e-05	0.000674065085769061	0.0186132463151369	0.25787982605376	0.64600868690977	0.0768049314934546	2.6005597444794e-06	
2.07939655911854e-06	6.86200864509119e-05	0.00123828065095509	0.030332677457002	0.327941111489446	0.59278137484502	0.0476358560745672	
4.15537573167077e-06	0.000129855491614711	0.00234207364676294	0.047248180334996	0.398743622147529	0.52336126265247	0.0281698115069626	1.03884393291769e-06	
1.40536505918929e-05	0.000221735376005422	0.00431603224844356	0.0721202118041296	0.463435263940571	0.444273371611314	0.0156193313689453	
1.04180177533441e-06	1.77106301806849e-05	0.000370881432019048	0.00733845170545555	0.105330847594297	0.517341051000885	0.361126521095705	0.00847349473968239	
2.60584146269008e-06	2.60584146269008e-06	3.54394438925851e-05	0.000730677946138299	0.0126768975476947	0.145805168530191	0.555183383487095	0.281187492377914	0.00437572898414919	
2.08893210657314e-06	2.08893210657314e-06	0.000123769227314458	0.00142517392970952	0.0213044963219128	0.195522478476166	0.57050668092711	0.208964234348937	0.00214898890463712	
5.22372427511684e-07	7.83558641267526e-06	0.000205292364012092	0.00262492144824621	0.033686230732946	0.252225437134307	0.560963735338965	0.149268965906319	0.00101705911636525	
1.15105926228612e-05	9.94096635610739e-06	0.00039240656668845	0.00463772240950189	0.0518222576143878	0.31399274728023	0.527495404919104	0.101143577377081	0.000494432274027447	
1.56993840085028e-05	2.51190144136045e-05	0.000701239152379791	0.00754564726728672	0.0766993405735404	0.37271122605386	0.475861935430527	0.0662514005158818	0.000188392608102033	
6.28380161619378e-06	6.33616662966206e-05	0.00108133752812001	0.0126236337967986	0.108547960068535	0.424504312782509	0.412786593718712	0.0402938305635732	9.26860738388582e-05	
9.92867034201657e-06	0.000125414783267578	0.00192302667676952	0.0199963420688214	0.148336425156115	0.462918506518956	0.342990097457738	0.0236605439866224	3.97146813680663e-05	
7.31455895038169e-06	0.000256009563263359	0.00344620220262269	0.0313512445983288	0.195263196117432	0.485872190621586	0.270957386946961	0.0128276465249837	1.88088658724101e-05	
5.05309131977889e-05	0.000502704445730581	0.00562924791768358	0.0475527149426162	0.24631007122775	0.488028080601495	0.205181554445496	0.0067414489452844	3.64656074623219e-06	
8.20586369067343e-05	0.000957002319593825	0.00905937804779889	0.0692919855367733	0.298523049068974	0.47045993604653	0.14816758359789	0.00345900674553355	
5.23064256874764e-07	0.000146981056181809	0.00183334022034605	0.0145166023210453	0.0980599023648258	0.348777677291322	0.433727497121839	0.101307085271504	0.00163039128867864	
2.09634376683626e-06	6.28903130050878e-06	0.00030816253372493	0.00308267350913272	0.023028860364638	0.133030306841837	0.39312315390727	0.380907234691974	0.0657224734340836	0.000788225256330434	5.24085941709065e-07	
2.14531753054069e-05	3.50576279381039e-05	0.000559352302475121	0.00490283542955274	0.0350283260401258	0.175061573229367	0.422771970013693	0.320549159427964	0.0407191732260186	0.00035109952755922	
2.82673378240013e-05	9.00367056616337e-05	0.000934916025067894	0.00788868112977221	0.0511984304298939	0.220536011541449	0.437825990456109	0.257100859955233	0.0242706503372189	0.00012615608177008	
5.22981917377225e-07	6.53727396721531e-05	0.000150618792204641	0.00165889864192056	0.0125196641200934	0.0730307638883078	0.268151656388329	0.433379425472985	0.197365007907487	0.0136315236764374	4.6545390646573e-05	
8.35420579437271e-06	8.5108471530172e-05	0.000293441478527341	0.00282998721284376	0.0193937666137741	0.101825237324712	0.314390693832455	0.40992416991828	0.144171140082801	0.00706139244769353	1.67084115887454e-05	
8.37461758093937e-06	0.000130853399702178	0.000490438542083762	0.00482482655381869	0.0299005252455464	0.135831586440447	0.352486083740942	0.372415056515583	0.100487036353692	0.00342417176340659	1.04682719761742e-06	
1.6719542218934e-05	0.000159358136774215	0.000818735083033427	0.00793133284010684	0.0433302611174506	0.174980981520726	0.380426536421433	0.324299555678166	0.0664079317508287	0.00162702045218002	1.56745708302507e-06	
2.24569583668882e-05	0.000277317323088782	0.00148477052644333	0.0123784843537671	0.0619697154860051	0.215354396915772	0.396497967906395	0.269026005157789	0.042287497114542	0.00070138825783095	
4.69152933952129e-06	4.32663261311408e-05	0.000437876071688653	0.00273776801012953	0.0192670684353385	0.0858789658409749	0.257155755125105	0.396331536825117	0.21253409829588	0.0253092369436042	0.000299736596691638	
4.69287970220028e-06	7.71717995472935e-05	0.000828032551899339	0.00477161579498164	0.0288711173590142	0.115492290902227	0.298031754109789	0.377051505397594	0.159963583253511	0.0147820496308529	0.000126186320881385	
1.40178473155303e-05	0.000152119602350014	0.00137115313927095	0.00792060291280484	0.0425291103962586	0.148946896240933	0.332132124960283	0.343221799725458	0.11565866230279	0.00801405522824171	3.94576442955668e-05	
3.00573421536086e-05	0.000312492712390103	0.0023216705663477	0.0127862897061377	0.0593337116412604	0.18708415278458	0.354131459413519	0.299451453505697	0.0804500309642447	0.0040867620728165	1.19192908540172e-05	
4.92521961295032e-05	0.000678124974077792	0.00375872023093577	0.0197439093178934	0.0812593838394731	0.226693342347349	0.361029484956824	0.251828552586829	0.0529186332982174	0.00203644869891251	4.14755335827395e-06	
9.83378318578346e-06	0.000102995939682679	0.00104289858522914	0.00591786720769726	0.0296385049544152	0.107882294790942	0.263611120456081	0.356594716153024	0.201330666135297	0.0330001061013449	0.000862267515132381	6.72837796922026e-06	
1.08451523976308e-05	0.000174038874190551	0.00189428661878618	0.00956180936391115	0.0424055787463933	0.139091661678757	0.296367028877542	0.337075599491621	0.153349422030843	0.019682918730043	0.000385261128030123	1.54930748537583e-06	
2.59348878705123e-06	2.07479102964098e-05	0.000411327321626325	0.00303697536963699	0.0150697259460399	0.0593592526602711	0.17348572673446	0.320038072415394	0.305092315233375	0.112411140590434	0.0108812415549521	0.00019088077472697	
6.22151711694897e-06	8.13981822800823e-05	0.000827980236313958	0.00493677383229901	0.0228065263714557	0.0809823775527662	0.208550956817487	0.332134654368801	0.26527252837271	0.0784486647068888	0.00587000139984135	8.19166420398281e-05	
3.09495635595712e-06	1.90855641950689e-05	0.000191887294069341	0.00150724374535112	0.00791947748883494	0.0332161032642505	0.106346311173102	0.243072713936279	0.332832638171747	0.219887364221686	0.0520561342550801	0.0029133855830743	3.45603459748545e-05	
1.60365592165468e-05	5.53519947151778e-05	0.000378669720855235	0.00244221277617154	0.0118903326965267	0.0463420349772876	0.136707011545805	0.27161016883393	0.320190079784469	0.175585321478695	0.0333544912453319	0.00141276913614159	1.55192508547227e-05	
2.79743754720676e-05	9.11757422793314e-05	0.000648591075759789	0.00422672091623332	0.0174964177258076	0.0632205344349021	0.168777695926827	0.294597112008363	0.297791371252081	0.132259738967994	0.0202928191850339	0.000566222081314257	3.62630793156432e-06	
5.18072707359896e-07	4.55903982476709e-05	0.000162156757403648	0.00122886846185767	0.00669401745179722	0.0252607071381612	0.0845888393668944	0.200294679755946	0.308511779160111	0.264207755444815	0.0966443912671592	0.012112021825367	0.00024867489953275	
1.13726828158763e-05	3.10164076796625e-06	0.000101320265086898	0.000398043898555669	0.00232364587533472	0.0100126133391231	0.0363352046565967	0.110533688988141	0.229590169866526	0.311247583304902	0.225120188579759	0.0677935961456944	0.00642970131199404	9.97694447029145e-05	
9.82025826245519e-06	1.2404536752575e-05	0.00017107923604593	0.000714811430367133	0.00381077706153064	0.0147893089432575	0.0510193428076429	0.138803665127126	0.257456677155392	0.301185770342407	0.183573188834263	0.0452135027517397	0.00320192104925842	3.77304659557489e-05	
3.46696499814233e-05	4.13965969927442e-05	0.00022975111330973	0.00126932315529002	0.00599784944678623	0.0216835375047994	0.0683669973909795	0.168941582157239	0.279643326920311	0.27997398223879	0.144149160218284	0.0281414066356675	0.00151045833277275	1.65586387970977e-05	
5.06805414129838e-05	4.65433543588627e-05	0.000400789995867984	0.00217254035179536	0.00930711942662725	0.0315739773002889	0.0898116080160068	0.199319846448302	0.290703068396494	0.251513046877949	0.1076051323874	0.0167571590143359	0.000728662069907084	9.82581925353768e-06	
1.0315222896494e-06	4.69342641790475e-05	8.76793946201986e-05	0.000750432465719935	0.00369027099122071	0.0140359237952593	0.0448835978672245	0.115564536676291	0.227714218812697	0.291265791316852	0.215336982859194	0.0766054870796676	0.0096957937615595	0.000319771909791313	1.54728343447409e-06	
7.75473930892865e-06	6.30718797126197e-05	0.000185079778173097	0.0012604036290112	0.00588171127451208	0.0203541227554553	0.0606058726123804	0.143797164970705	0.251074160639942	0.281752426328684	0.177380872987193	0.0522860712991411	0.00523238110304446	0.000118906002736906	
6.19611637752317e-06	7.74514547190397e-06	0.000103268606292053	0.000366603552336788	0.00213404574902527	0.00870347813829422	0.0295296579692125	0.0800192286144916	0.172668724121533	0.266885837072087	0.261658896564615	0.141049942247032	0.0342650399107346	0.00256570852332605	3.56276691707583e-05	
8.76390302999059e-06	3.60866595352554e-06	0.000185073011045095	0.000608317975022876	0.00350865435424212	0.0130855382711912	0.0413073681225915	0.102416517379593	0.198316299570827	0.274976736992692	0.235509272982691	0.107695480145893	0.0210936835457721	0.00126354860744158	2.11364720135067e-05	
5.16305175597972e-06	2.52989536043006e-05	0.00025970150332578	0.00110282785507727	0.00568451998333367	0.0194879388529454	0.0555869641204044	0.126576860544423	0.223904516586046	0.274028971948624	0.202473205052149	0.0780224892208387	0.0122555359531691	0.000581875932898914	4.13044140478377e-06	
1.1349203647015e-05	5.57142724489827e-05	0.000525674478014013	0.0018695233643992	0.00849333131111159	0.0278566203515983	0.0723929589540574	0.153415955535884	0.242794545366378	0.26315450083623	0.168032698087453	0.0539670109602355	0.00712936338189761	0.000300753896645898	
1.81315396578216e-05	0.000149714713174584	0.000778620117305881	0.00316006834036319	0.0129158727642516	0.0379731425273709	0.0929484888138761	0.179296579148315	0.257408806126181	0.242548714266621	0.133249202989321	0.0357755999208429	0.00364495751521236	0.000132101217506986	
5.17584680735653e-06	2.27737259523688e-05	0.00032504317950199	0.00124634391121145	0.005294373699245	0.0186232143975495	0.0506544599495562	0.116016606186897	0.204034469069398	0.262090389953474	0.216459089330458	0.100895369739205	0.0225170039507239	0.00176392859194711	5.17584680735653e-05	
1.19085834998809e-05	3.83145729996169e-05	0.000487734158995123	0.00214872267497851	0.00802949186591971	0.0262672286137373	0.0667564125133324	0.141259617475587	0.224722219345753	0.257708477875923	0.18500502231565	0.0733470368337665	0.0134199380753658	0.000783377688492166	1.4497405999855e-05	
2.07164365243206e-06	1.96806146981045e-05	0.000132585193755652	0.000951402347379423	0.00355183304209476	0.0118228703244298	0.0359378382605651	0.0860136086271528	0.16640891966891	0.240816144733312	0.242688910595111	0.152708622284464	0.0508738710836872	0.00767543973226077	0.000396201848527631	
5.70322590011163e-06	2.54052790095882e-05	0.000286716720251066	0.00158653375039469	0.00553316607327194	0.017166709959336	0.0480434565074585	0.107129913782779	0.18990964534749	0.250190150736261	0.222667419492485	0.119996909888512	0.0332886926287879	0.00401818188416956	0.000151394723893872	
2.70478049145862e-05	7.49016136096232e-05	0.000489981389029618	0.00240673448730366	0.00812474447626607	0.0244793037478895	0.0628752232744281	0.129864313646346	0.212113567491035	0.250343559137425	0.19559047958879	0.0910028597852196	0.020604705693875	0.00194172030281058	6.08575610578188e-05	
4.77697498059354e-05	0.000193675181278412	0.000859855496506837	0.00375511772387527	0.011752396925082	0.033382228095363	0.0798305212354711	0.154293176454706	0.230167116238859	0.241205563098907	0.165164948426843	0.0659284855691221	0.012390019237709	0.00101510718337613	1.40193830952202e-05	
3.10626855348321e-06	0	2.58855712790268e-06	7.55858681347582e-05	0.000349972923692442	0.0014868672142673	0.00561975752467671	0.0170378830158554	0.0444967793172215	0.100470185516712	0.177358615598231	0.241278374468958	0.223358828895338	0.134888158800732	0.0456823384818009	0.00743071209135743	0.000455586054510871	4.65940283022482e-06	
9.31753700226882e-06	0	1.39763055034032e-05	0.00017962140776596	0.000606675187036614	0.00249192350716234	0.00830554895563351	0.024343618341261	0.0594702151988699	0.122734738521441	0.199394774207608	0.243627192921157	0.199041743083411	0.105149440352493	0.0304838752257562	0.00399463516925047	0.000152704078648295	
1.39823708197243e-05	0	2.74468760535328e-05	0.000264629314402929	0.00103314184390185	0.00381149071233965	0.0128824243152393	0.033141326036262	0.0765327656145537	0.146482941766533	0.216254972156957	0.236754163509844	0.172470990464541	0.078816552848442	0.0194867641324224	0.00195597831800365	7.0429719684537e-05	
9.33292406732979e-06	4.66646203366489e-06	5.39235612779054e-05	0.000466646203366489	0.00181888320156627	0.00587144622991347	0.0184496353937664	0.0444200520984561	0.0956173625571382	0.169694336366879	0.228159920690885	0.222123074306667	0.143422155117346	0.0574410366597257	0.01140587020184	0.00102091819380958	2.07398312607329e-05	
1.2995701541758e-05	2.65112311451864e-05	0.000108124236827427	0.000670578199554715	0.00297133720050756	0.00916300924306276	0.0257231718036942	0.0576868794877406	0.117335590080225	0.190179616190149	0.23154649368175	0.202947113212834	0.115396111582133	0.0392428600316159	0.00653371890713428	0.00045277024171485	3.11896837002193e-06	
5.71720222991677e-06	2.02700806333413e-05	4.83363461256599e-05	0.000230767071825731	0.00118190162462098	0.00474891607043177	0.0138163988070798	0.0347767016732692	0.0751167608619046	0.137839666780664	0.206920101579091	0.228760853588688	0.17780914731567	0.0893167319640461	0.0255106760955459	0.00368343747303819	0.000212575973821451	1.03949131453032e-06	
4.14683529081238e-06	3.05829102697413e-05	6.27208837735372e-05	0.000422458845251511	0.00201691701456887	0.0072372642912903	0.0197446378827918	0.0452813679580257	0.0939678060442198	0.161725021278449	0.217561640114826	0.218753855260934	0.149759328046809	0.0655464336698145	0.0157916671418249	0.00199618283811481	9.79689837454424e-05	
3.09941529530454e-06	6.76705672808158e-05	0.000123976611812182	0.000924142327216637	0.00319394746181133	0.0107616864745132	0.0276612483721613	0.0590986177124352	0.113441699223441	0.181247607638819	0.223349031871804	0.202045717408744	0.121102420695003	0.0465971261188243	0.00929617960905009	0.00104192010843821	4.39083833501477e-05	
1.65347674488301e-05	8.42239716924781e-05	0.000194283517523753	0.00135326737339019	0.00535623123045539	0.015427971452724	0.0375380558007064	0.074889062044648	0.135119019322943	0.197395670784513	0.221783419348571	0.179261164585008	0.0942440407664691	0.0315374853512295	0.00528957544917729	0.000495526311982126	1.44679215177263e-05	
4.12193720743907e-06	4.99784886401987e-05	0.000129841022034331	0.00031069101701072	0.00226294352688405	0.00769411103983595	0.0211249281881252	0.048741907477967	0.0928476660818668	0.158187068967738	0.209205316268513	0.212513170877483	0.152502402316529	0.0709957312187795	0.0203953453024085	0.00283640804086901	0.000197852985957075	5.15242150929883e-07	
2.56955793325316e-05	0.000110490991129886	0.000287790488524354	0.000700461492604812	0.00360765933828744	0.0113641269156054	0.0289142075997245	0.0616750434255291	0.111859537685137	0.177769212584667	0.213215236450721	0.198787168655504	0.12618071187033	0.0511563010699639	0.0127609386081219	0.00148314883907373	0.000102268405743476	
3.85416854022082e-05	0.000131041730367508	0.00036588906675163	0.00138133400481514	0.00558237771365583	0.0157645771077805	0.0386850604719044	0.0775890377168933	0.133105509148511	0.192874927091978	0.213768117803946	0.177612933561843	0.0995840067422255	0.0351397393040399	0.00761840648116982	0.000726639242116298	3.18611265991588e-05	
4.56737936601695e-05	0.000261726233333556	0.00055732292039263	0.00231037549503464	0.00802781072164081	0.0227573525826991	0.0514143223779522	0.0961695082779902	0.155463329845361	0.200992404294158	0.20475920929939	0.153949936390262	0.0748105948832008	0.02374524081636	0.00434619503941546	0.000376680500523196	1.23165286274614e-05	
