# <P(U)> as a function of N_tot.
# number_of_species: 1
# species_total_upper_bound: 103
# species_total_lower_bound: 0
# volume: 729
# Bin widths for each
10	10	10	10	10	10	10	10	10	10	10	10	10	10	10	10	10	10	10	10	10	10	10	10	10	10	10	10	10	10	10	10	10	10	10	10	10	10	10	10	10	10	10	10	10	10	10	10	10	10	10	10	10	10	10	10	10	10	10	10	10	10	10	10	10	10	10	10	10	10	10	10	10	10	10	10	10	10	10	10	10	10	10	10	10	10	10	10	10	10	10	10	10	10	10	10	10	10	10	10	10	10	10	10	
# Bin lower bound for each
0	0	0	0	-10	-10	-10	-10	-10	-10	-10	-10	-10	-20	-20	-20	-20	-30	-30	-30	-30	-30	-30	-30	-30	-30	-30	-40	-40	-40	-40	-50	-50	-50	-60	-60	-60	-60	-60	-60	-60	-70	-70	-70	-70	-70	-80	-80	-90	-90	-90	-90	-90	-100	-110	-110	-110	-120	-120	-120	-120	-120	-120	-130	-130	-130	-130	-140	-150	-150	-160	-160	-160	-160	-180	-180	-180	-180	-180	-180	-200	-200	-200	-200	-200	-210	-210	-220	-220	-220	-220	-250	-250	-250	-250	-250	-260	-260	-260	-260	-270	-270	-270	-270	
# Bin upper bound for each
0	0	0	0	0	0	0	0	0	0	0	0	0	0	0	0	0	0	0	0	0	0	0	0	0	0	0	0	0	0	0	0	0	0	0	0	0	0	-10	0	-10	-10	-10	-10	-10	-10	-10	-10	-10	-10	-10	-20	-20	-20	-20	-20	-20	-20	-30	-30	-30	-30	-30	-30	-30	-30	-30	-30	-40	-40	-40	-40	-40	-50	-50	-50	-50	-50	-60	-60	-60	-70	-70	-70	-70	-70	-70	-80	-80	-80	-80	-90	-90	-90	-90	-90	-90	-100	-100	-100	-100	-110	-110	-110	
# Normalized histogram for each
1	
1	
1	
1	
3.83283107276151e-06	0.999996167168927	
2.7707394625912e-05	0.999972292605374	
0.000117361484823156	0.999882638515177	
0.000493153198614584	0.999506846801385	
0.0014520193577107	0.998547980642289	
0.00363316590119433	0.996366834098806	
0.00775879585788608	0.992241204142114	
0.016193034634942	0.983806965365058	
0.0313853477550958	0.968614652244904	
9.60054991949939e-06	0.0565414786958997	0.943448920754181	
4.52003046692876e-05	0.0950658578056118	0.904888941889719	
9.55193696879411e-05	0.147088251214013	0.852816229416299	
0.000261381677047988	0.216093202340282	0.78364541598267	
9.61808507773336e-07	0.000524185636736468	0.30227044516345	0.697204407391306	
3.84998902753127e-06	0.00101639710326826	0.398461351885147	0.600518401022557	
5.77245557373879e-06	0.00191260694676545	0.498401510844039	0.499680109753622	
1.91844682545012e-05	0.00403257522709614	0.597009141399123	0.398939098905526	
2.58984110845199e-05	0.00757480564201682	0.686620593073614	0.305778702873285	
6.0478006644901e-05	0.0142344108338189	0.762431830246875	0.223273280912661	
0.00012291441603649	0.0257947425279078	0.817150402112591	0.156931940943464	
0.000279055048642843	0.0439353474523041	0.850193468577538	0.105592128921515	
0.000616615186021852	0.0704535675318489	0.861649608900773	0.0672802083813563	
0.00128528145738401	0.106625409292344	0.851115306594986	0.0409740026552856	
2.89530015576715e-06	0.00257874733873661	0.157928972496579	0.816132033407903	0.0233573514566255	
3.38615411258092e-05	0.00485961488785541	0.222005938346841	0.759957469904346	0.0131431153198319	
8.81684695988335e-05	0.00874127398594149	0.296385577188588	0.68764624097121	0.00713873938466159	
0.000204897536665492	0.0153809103471314	0.379078893320243	0.601587907355239	0.00374739144072101	
9.75654493425552e-06	0.000475143738298244	0.0260831472272387	0.463424176523216	0.508202815153475	0.00180496081283727	
3.1179663064766e-05	0.000859389463222613	0.0409427950619209	0.541970749578587	0.415374496984342	0.00082138924886243	
2.52850156134971e-05	0.00173688607252715	0.0644116322741829	0.608695905869722	0.324751015533752	0.000379275234202457	
4.87347009590014e-06	7.50514394768622e-05	0.00339875804488076	0.0980240028149163	0.655719553239249	0.242613037702139	0.000164723289241425	
6.86036414812898e-06	0.000174449259766708	0.00627429303947453	0.140856016637363	0.67816365692691	0.174457100182878	6.76235894601285e-05	
8.80216259354743e-06	0.000354042539873797	0.0108432862971845	0.193733642647847	0.675120980834758	0.119909904975765	2.93405419784914e-05	
1.07936152821893e-05	0.000702566231095228	0.018438438615238	0.25648769871291	0.646425694299303	0.0779308835751594	3.92495101170519e-06	
5.20299535460868e-05	0.00122712154589827	0.0301685377815999	0.326807010103628	0.593267127671689	0.0484781729436388	
7.47647370150375e-05	0.00228721070473635	0.0474047782536925	0.397250625170926	0.523945374522145	0.0290352791184057	1.96749307934309e-06	
0.000197561693577862	0.00424856422039192	0.0718235537002317	0.46118406625429	0.446476585975886	0.0160696681556233	
5.943106640134e-06	0.000367482093914952	0.00721691249666938	0.104499625089023	0.516388611819056	0.362917788015329	0.00860363737936732	
2.38350377040503e-05	0.000700154232556477	0.012306824467858	0.145242774755914	0.554513214045591	0.282966588242772	0.00424660921760496	
8.15766173559228e-05	0.00136889543270426	0.0206826570101175	0.195624707766691	0.569754971696893	0.210370178772172	0.0021170127040659	
0.000165986981452197	0.00245799883312146	0.0335204248471578	0.252351896376415	0.560283589254778	0.150158582172998	0.00106152153407752	
0.000360536454407037	0.00431451889240817	0.0513977988405227	0.316131870925963	0.526288868163836	0.100971064714804	0.000535342008058933	
4.95726343195313e-06	0.000624615192426095	0.00732782680511312	0.0755179596696876	0.375246004197811	0.475168571743004	0.0659038429697577	0.00020622215876925	
3.6736379738993e-05	0.000942238496548766	0.0125280983661247	0.107667378889092	0.426159876724624	0.412563444720684	0.0400148534119161	8.73730112711185e-05	
2.97340880505638e-06	8.32554465415787e-05	0.00198524594550931	0.0197107269687187	0.147422599690964	0.465411822075182	0.341593132615024	0.0237486161259853	4.16277232707893e-05	
1.09224614461935e-05	0.000220435131004996	0.00359646866891934	0.0310456072342441	0.194020647423937	0.488417722587352	0.269832459370926	0.0128338921992773	2.18449228923869e-05	
8.52703416861913e-05	0.00045907172326403	0.00589555176355922	0.046810443038916	0.2451522323478	0.490006018499698	0.204567515767577	0.00702092197069675	2.97454680300667e-06	
8.95542883070956e-05	0.000916438883675945	0.00890567644831673	0.0682035509270361	0.297288395654826	0.472524246823559	0.148395435915449	0.0036767010588302	
0.000177732588908494	0.00187959659666915	0.0142553451338505	0.0969933404889731	0.348608075811389	0.434688238173584	0.1016918355209	0.00170583568572509	
5.98220891069958e-06	0.000317057072267078	0.00311772787729293	0.0225549216629743	0.13166044184595	0.392482756282815	0.382948112313978	0.0661024114284119	0.000810589307399793	
1.69467701948181e-05	2.09342455347753e-05	0.000495443810989681	0.00488066981610761	0.0341297983035286	0.173485083353188	0.422235757485737	0.323468983921503	0.0409204688074757	0.000345913485741287	
2.09609497506146e-05	9.68196250385532e-05	0.000879361749061498	0.0079352166913041	0.0503002905586892	0.218466995986477	0.437296316961501	0.26020923020413	0.0246790229801879	0.000115784293860538	
5.77916034778588e-05	0.000164407147824943	0.00161916130433656	0.0126882461842596	0.0721627810116719	0.265915110112933	0.434179349266545	0.199265448791657	0.0139018698572946	4.58347199996811e-05	
2.97903356179211e-06	7.94408949811229e-05	0.000252224841565065	0.0027307807649761	0.0194957886395548	0.100551319811169	0.311338797542893	0.412483938044046	0.145843553073469	0.00720429616360058	1.68811901834886e-05	
9.95003094459624e-06	0.000134325417752049	0.00044874639560129	0.00493024033304744	0.0296023370632683	0.13447964323169	0.349771447789203	0.374899255936686	0.102224627918593	0.0034994258832145	
7.94983653148632e-06	0.000184833699357057	0.000798958571414375	0.00786139460007354	0.0426459043435919	0.172989436654709	0.378028639286105	0.32777772257058	0.0680853812443482	0.00161977919329034	
1.09278868745151e-05	0.000325849717712813	0.00144248106743599	0.0122620825174672	0.0610451629695638	0.213476270093652	0.394167886119497	0.273013384674533	0.0436280981801095	0.000627856773153957	
3.47230489614832e-05	0.00050794860195084	0.00275601800042858	0.0186532219021088	0.0849325777597879	0.25569358794257	0.395427073660484	0.215369215140043	0.0263597545973317	0.000265879346333643	
5.5750349933e-05	0.000888023431075643	0.00486521357361734	0.0280922031144535	0.114135899442297	0.296457463478543	0.376956986613943	0.162401764896792	0.0160302166896637	0.000116478409681446	
7.93324177050123e-06	0.00013089848921327	0.00144087503656729	0.00803934887918169	0.040823470495778	0.148133456959684	0.331805853740771	0.343320954170654	0.117721374632468	0.00853517648983801	4.06578640738188e-05	
1.28646382760593e-05	0.000298855443028455	0.00249079188775702	0.0128369298243878	0.0570150872519351	0.186495692325353	0.353017549345784	0.300703003002409	0.0827789993686431	0.00433637268659168	1.38542258357562e-05	
3.57775708420748e-05	0.000737415487911653	0.00385403943682128	0.0200404087786233	0.0779851662216003	0.22598206947408	0.360395421663518	0.254087339013354	0.0547675103879183	0.00210988285827013	4.96910706139928e-06	
7.87492623486818e-05	0.00124702945820507	0.00612749007161199	0.0297532656023222	0.104664747444138	0.262406497711287	0.357615352716949	0.203107306336624	0.034105408379719	0.000883187929632052	1.09650871624747e-05	
7.99518689748771e-06	0.000185888095366589	0.00232260179372018	0.00972314666570724	0.0423025338746075	0.135426473263096	0.295001409151691	0.338241378690029	0.155998089150332	0.0203977205722155	0.000390764759614712	1.99879672437193e-06	
5.02284893982727e-06	2.31051051232055e-05	0.000422923880733457	0.00346476119869285	0.0152704653468629	0.0596935459404833	0.170249464815445	0.318467709611021	0.306969403817968	0.114033739480899	0.0112351085086056	0.000164749445226335	
1.21149099205969e-05	9.59097035380585e-05	0.000823813874600587	0.00568593105606679	0.0229779458160654	0.0817443451134006	0.20432906114496	0.330662332221117	0.267365966189306	0.080019989601369	0.00624220733658753	4.03830330686562e-05	
6.03639341590449e-06	2.9175901510205e-05	0.000238437539928227	0.00164793540254193	0.00850930258528669	0.0342233324714705	0.107487039360303	0.239709206807844	0.330303399193739	0.221988367869888	0.0528486243562438	0.00299304506871931	1.60970491090786e-05	
2.62537159105596e-05	8.28001809486881e-05	0.000428137521002973	0.00259608860023265	0.0128804769290423	0.0472516398474861	0.136869708866486	0.268557338115549	0.318682750096937	0.177637690642368	0.0336683711386842	0.00130965652061523	9.08782473827065e-06	
3.85414690993771e-05	0.000116638656484957	0.000719102673459432	0.0047568286862126	0.0185972730896363	0.0642668854740246	0.167740587513984	0.291541871756304	0.297731834543502	0.13393971911383	0.0200233074463133	0.000523352580402069	4.05699674730286e-06	
5.79078209083807e-05	0.000187946436281586	0.00138267621502291	0.00755138303178936	0.0264852086154646	0.0854038765730355	0.197581484939395	0.306874877453844	0.264359361713584	0.0976915097991208	0.0122337891119074	0.000189978289646793	
2.23133010601861e-05	0	0.000128808601574711	0.000507120478640593	0.00249097579108259	0.0113422566252755	0.038256154667689	0.110781482799995	0.226689953639046	0.310065631532346	0.225192933986099	0.0681072945223889	0.00633089205534916	8.41819994543384e-05	
1.11588688153238e-05	5.07221309787444e-06	0.000246509556556698	0.000875463980693128	0.00408718931426722	0.0162848473720357	0.0525075499891962	0.138699667161377	0.25454698543159	0.300383560754461	0.183540059831826	0.0457432466018708	0.00302405344895274	4.46354752612951e-05	
1.628014880056e-05	2.95077697010151e-05	0.000338830596911656	0.00139907528754813	0.00629227751141645	0.0232918053871012	0.0695569357503928	0.168696936890003	0.276228337227002	0.279709236542422	0.144802765997281	0.0282867585409731	0.00134514729464627	6.10505580021001e-06	
3.1532585366846e-05	6.00136302143199e-05	0.000504521365869536	0.00238935622666843	0.00980053096805037	0.0336208562622697	0.0913437967267142	0.198277913966901	0.287453082564515	0.25150898678683	0.107421346543113	0.0169279124411307	0.000657098391838146	3.0515405193722e-06	
4.98193793318713e-05	0.000103705646772467	0.000921150156626028	0.00392861391302756	0.0149864826806486	0.0483593665008393	0.116546845975763	0.226297921921849	0.28744968496868	0.214209097018666	0.0770461784977525	0.00981746789446019	0.000283665445583512	
4.07894803930066e-05	0.000210065824023984	0.00147148050517771	0.00632746814596516	0.0218927338639365	0.064905240938362	0.14371663547971	0.247468757807361	0.279219289345278	0.176482825079412	0.0529284297579654	0.0052475666525603	8.87171198547894e-05	
1.22141507042985e-05	3.05353767607462e-06	8.7534746714139e-05	0.000302300229931387	0.00245707998334804	0.00974689226203018	0.0318667191875147	0.0838969654960421	0.172116722495514	0.263066342177396	0.259841806391461	0.139615885317268	0.034375709311356	0.00260161410001557	9.16061302822385e-06	
1.73453281378974e-05	3.06094025962895e-06	0.000110193849346642	0.000567294261451233	0.00418736627517241	0.0140691017466745	0.0448611404451219	0.10658193984028	0.196766422709728	0.269269894326139	0.233906851506646	0.106934968283557	0.0214112771161045	0.00131314337138082	
1.01934617097901e-05	9.1741155388111e-06	0.000196733810998949	0.00110395190317027	0.00643513237739049	0.0206152569618795	0.0601200178181711	0.130211279880859	0.220941243867359	0.268735327786051	0.200730667335358	0.0774988506871922	0.0128243941770869	0.000567775817235309	
2.24045134910815e-05	1.42574176761428e-05	0.000492899296803792	0.00198890976582191	0.0092265860104181	0.0297338445635957	0.0777059814959086	0.155772471981628	0.239411576004766	0.257560250319519	0.166539877488047	0.0537372256083589	0.00748718105392868	0.000306534480037069	
3.48349948259787e-05	0.000117824247205516	0.000755099740786656	0.00369046033421104	0.0140764115857095	0.0397426308617563	0.0975226171326701	0.180601006116615	0.252530147638905	0.238082845814166	0.133224388594613	0.0355777998627091	0.00391278956589449	0.000131143509933096	
1.0271242984741e-05	3.49222261481195e-05	0.000299920295154438	0.00141845865619274	0.00584741863121307	0.0200268695716481	0.0530745938750524	0.120879177314522	0.204745930533529	0.257015258958578	0.211599930977247	0.100361342328203	0.0227579930812907	0.0018960714549832	3.18408532526972e-05	
2.36301208012871e-05	2.97945001407533e-05	0.000519862657628317	0.00249451883937066	0.00847910378143577	0.0284383366860708	0.0691612539991411	0.146762570710568	0.225008065062969	0.251422430532582	0.180325561420848	0.0729400185342339	0.0135739633055046	0.000811643279696384	9.24656900919931e-06	
4.09808353123662e-06	3.89317935467479e-05	0.000103476609163725	0.000935387566004758	0.0039956314429557	0.0122317548198585	0.0377945753668297	0.0893832998998019	0.171020197404684	0.241579975124633	0.235535301916059	0.14856372417439	0.0506963668440454	0.0077002989551936	0.000416979999303326	
1.1256974207202e-05	3.58176452047337e-05	0.000240489903517497	0.0016772891568731	0.0059395889362364	0.0180971210800146	0.0503708661320627	0.111315101128563	0.193952548783633	0.247905179436169	0.215600733545374	0.117577048871642	0.0332142140789953	0.00393482416606288	0.000127920161445477	
5.01004053020543e-05	0.000110425383114732	0.000454993476722738	0.00262260284897488	0.00832484693814952	0.0258078434740644	0.0653922759489426	0.134481757317727	0.215369372906519	0.245576849931904	0.189919389470326	0.0896500742303964	0.0203029336343447	0.00188847854271213	4.80554907999297e-05	
8.35356355890332e-05	0.000244494543187414	0.000814981810624714	0.00383143323719944	0.012465146793505	0.0349036334945299	0.0812699861554965	0.158483400348608	0.231746190214717	0.236537264533927	0.161532451047608	0.0648338404897226	0.0123113189767496	0.000940285264008264	2.03745452656179e-06	
6.1082006666083e-06	0	0	0.000122164013332166	0.000403141243996148	0.00156064527031842	0.00578548406472249	0.0180762018393828	0.0470382353001061	0.102185106985135	0.179275689564954	0.240591843923257	0.220020442111564	0.131958513101072	0.0451569094947907	0.00737463427148509	0.000444880615217971	
1.82832068744858e-05	0	1.9298940589735e-05	0.000202131009334593	0.000636865039461255	0.00251901961381804	0.00877695503346843	0.0258290926450722	0.0625204416410194	0.124512701750109	0.199845608475282	0.241864480807711	0.195708525053072	0.102898904023321	0.030503499202649	0.00399488070207514	0.000149312856141634	
2.74372956175526e-05	0	2.94696878855194e-05	0.000329247547410631	0.000958272954346372	0.00378228201068632	0.0136464978832635	0.0353920789543748	0.0795742544677063	0.149247710002012	0.21632478441399	0.233061534740697	0.168359310693838	0.0777572957801439	0.0194733665155244	0.00196633951925793	7.01175332448565e-05	
1.8289300149769e-05	3.04821669162817e-06	5.08036115271362e-05	0.000514132548654619	0.00161555484656293	0.00592065288737246	0.020024751519536	0.0464619348860272	0.0984279330449043	0.171944823213593	0.227423383073456	0.218176109703287	0.139728220999774	0.057207914796247	0.0113607036096982	0.00109126157560289	3.04821669162817e-05	
2.55180157190977e-05	4.69531489231397e-05	9.49270184750434e-05	0.00059303868531183	0.00265387363478616	0.00959987751352455	0.0280861488210677	0.0589506991936307	0.121381035010718	0.191003368378075	0.230813514341125	0.198397468612841	0.111878125956926	0.0393253036643871	0.00664693273451056	0.000497090946208023	6.12432377258344e-06	
1.12023251953533e-05	3.97173347835252e-05	8.75818151636711e-05	0.000212844178711712	0.00108357036435054	0.00462757869888048	0.0143450866092497	0.0361091676774219	0.0773388163623199	0.14173079997841	0.206506717830741	0.226819588589515	0.173702236085948	0.0878577997207566	0.0254934369650253	0.00378129395003152	0.000250524727096082	2.03678639915514e-06	
8.14219529869643e-06	6.00486903278862e-05	8.85463738733237e-05	0.000492602815571134	0.00198771342729427	0.00695343478508675	0.0203758437349878	0.0466975255868487	0.0977735166955715	0.163413859644837	0.217120797609451	0.217747746647451	0.145048120374215	0.0642582052973123	0.0158752452836334	0.00195718019492416	0.000141470643314851	
6.07191577038443e-06	0.000132570160986727	0.000162929739838649	0.00114658009464093	0.00309768902885779	0.0102412979327151	0.0276848999550678	0.0613718886491607	0.118200972316112	0.179317840502917	0.223771347843863	0.200625204927157	0.117365071911722	0.0463165734964925	0.00940539752832549	0.00107877703520497	7.48869611680747e-05	
3.23664202435775e-05	0.000160820650585276	0.000306469541681375	0.00143727134894137	0.00563984872744339	0.0148197746690281	0.0373488260598233	0.0781922140553203	0.139514443009308	0.196014075347003	0.221912268795029	0.176168402484527	0.0911509195603426	0.0313691299198223	0.00530607001868149	0.000598778774506185	2.83206177131303e-05	
8.08580657942081e-06	9.80404047754774e-05	0.000240552745737769	0.000449772990980283	0.00247122463583549	0.00760672253959013	0.0197404860378335	0.0489706768224397	0.09747945194403	0.161403817309286	0.20863604571715	0.211654073022919	0.14955608921879	0.0680531803498728	0.0204156508872151	0.00292099762681577	0.000294121214326432	1.0107258224276e-06	
5.03433922787332e-05	0.000216476586798553	0.000455104266199749	0.000953503849759208	0.00415534359868664	0.0105922497354455	0.0269991612790846	0.0623351883195275	0.115849207443975	0.180024950185213	0.211879228215659	0.197866648408796	0.125096281737733	0.0488874613740323	0.0128879084233557	0.0015817893853978	0.000169153798056544	
7.54989727106446e-05	0.000255689854246717	0.000582852069326177	0.00169721690653529	0.00595636562038513	0.0147686057151716	0.0359958968824964	0.0784182663221229	0.137866157434485	0.192499227393846	0.214492581470941	0.176327347439226	0.0987727893649127	0.0335769097968474	0.00773914802932581	0.000921087467069865	5.43592603516641e-05	
8.96785075884139e-05	0.00048668223781128	0.000775870234191896	0.00258253949381017	0.00819500339569181	0.0204628217090507	0.047723072768567	0.0975923839771713	0.161452549993249	0.19907419536211	0.205162257641314	0.154079767521064	0.073703641753507	0.023523982451226	0.00458871824222064	0.000493735603576661	1.3099107849993e-05	
