# <P(U)> as a function of N_tot.
# number_of_species: 1
# species_total_upper_bound: 103
# species_total_lower_bound: 0
# volume: 729
# Bin widths for each
10	10	10	10	10	10	10	10	10	10	10	10	10	10	10	10	10	10	10	10	10	10	10	10	10	10	10	10	10	10	10	10	10	10	10	10	10	10	10	10	10	10	10	10	10	10	10	10	10	10	10	10	10	10	10	10	10	10	10	10	10	10	10	10	10	10	10	10	10	10	10	10	10	10	10	10	10	10	10	10	10	10	10	10	10	10	10	10	10	10	10	10	10	10	10	10	10	10	10	10	10	10	10	10	
# Bin lower bound for each
0	0	0	0	-10	-10	-10	-10	-10	-10	-10	-10	-10	-20	-20	-20	-20	-30	-30	-30	-30	-30	-30	-30	-30	-30	-30	-40	-40	-40	-40	-50	-50	-50	-60	-60	-60	-60	-60	-60	-60	-70	-70	-70	-80	-80	-80	-80	-90	-90	-90	-90	-90	-100	-110	-110	-110	-120	-120	-120	-120	-120	-120	-130	-130	-130	-130	-140	-150	-150	-160	-160	-160	-160	-180	-180	-180	-180	-180	-180	-200	-200	-200	-200	-200	-210	-210	-220	-220	-220	-220	-250	-250	-250	-250	-250	-260	-260	-260	-260	-270	-270	-270	-270	
# Bin upper bound for each
0	0	0	0	0	0	0	0	0	0	0	0	0	0	0	0	0	0	0	0	0	0	0	0	0	0	0	0	0	0	0	0	0	0	0	0	0	0	-10	0	-10	-10	-10	-10	-10	-10	-10	-10	-10	-10	-10	-20	-20	-20	-20	-20	-20	-20	-30	-30	-30	-30	-30	-30	-30	-30	-30	-30	-40	-40	-40	-40	-40	-50	-50	-50	-50	-50	-60	-60	-60	-70	-70	-70	-70	-70	-70	-80	-80	-80	-80	-80	-90	-90	-90	-90	-90	-100	-100	-100	-100	-110	-110	-110	
# Normalized histogram for each
1	
1	
1	
1	
3.60427575232498e-06	0.999996395724248	
2.96615082607301e-05	0.999970338491739	
0.000120299995870299	0.99987970000413	
0.000515242361734308	0.999484757638266	
0.00149119440267282	0.998508805597327	
0.00368599860077731	0.996314001399223	
0.00773017924713679	0.992269820752863	
0.0163221981534155	0.983677801846584	
0.0314570519847291	0.968542948015271	
9.00861944708697e-06	0.0565507077171438	0.943440283663409	
4.23871352339003e-05	0.0947659102817662	0.905191702583	
9.32189967644863e-05	0.146819014865262	0.853087766137973	
0.000252428835877828	0.215504559100014	0.784243012064108	
9.02633795150871e-07	0.000500961756308733	0.30165479853665	0.697843337073246	
3.61166640482085e-06	0.00099591701112935	0.397800675742784	0.601199795579682	
5.41284685071549e-06	0.00189900710345935	0.498025213040631	0.500070367009059	
1.79901899494206e-05	0.00398122903580677	0.59674539473625	0.399255386037993	
2.42951045364359e-05	0.00756477569769691	0.686507668704756	0.305903260493011	
6.03470948728388e-05	0.0141950778387454	0.762250460259186	0.223494114807196	
0.000121622717321778	0.0258614942476959	0.816926278615123	0.15709060441986	
0.000270717049418003	0.0440450343657756	0.849844674968656	0.10583957361615	
0.00060217376628637	0.0706541551340039	0.861368617655663	0.0673750534440469	
0.00129454334194257	0.106905824903766	0.850718854956116	0.0410807767981748	
2.71556862649254e-06	0.00258341095333657	0.158045188872324	0.815935137738167	0.0234335468675463	
3.17416843588769e-05	0.004849222464769	0.222246204828182	0.759686428434745	0.0131864025879449	
8.35515967436673e-05	0.00871207029958697	0.296378401548974	0.687633273878501	0.00719270267619397	
0.000218355112739474	0.0152093434152741	0.379252807000465	0.601526484200643	0.00379301027087862	
9.1391805810691e-06	0.000468839963808845	0.0258410330929729	0.463642511812391	0.508220692932672	0.00181778301757464	
2.92149131175873e-05	0.000834450955921087	0.0407922354064662	0.541896467825707	0.41563783002581	0.000809800872978123	
2.37120265574697e-05	0.00167078587128018	0.0642167279227353	0.60863847367509	0.325074556083503	0.000375744420833751	
4.56964875851783e-06	7.03725908811745e-05	0.0032800938788641	0.0977182829818969	0.656102857309976	0.242656574445062	0.000167249144561752	
6.42809260126542e-06	0.000169885304462015	0.00609291348705658	0.140489636996428	0.678849738743951	0.174323443253717	6.79541217848058e-05	
8.24957720916803e-06	0.000343732383715335	0.010639204740757	0.19335725710724	0.675590875967607	0.120030431773705	3.02484497669494e-05	
1.01103684585916e-05	0.000676475562320311	0.0182767887999176	0.25589802130898	0.647201450010662	0.0779334774520401	3.67649762130604e-06	
4.8740382970662e-05	0.00121575068466444	0.0298576229039336	0.32626168619654	0.594005484672529	0.0486107151593627	
7.00405313495889e-05	0.00226802299541235	0.0468976652541826	0.396953789837856	0.524717856464833	0.0290907817444885	1.84317187762076e-06	
0.000185057872223091	0.0042387505632699	0.071359240818585	0.460753389103607	0.44736722791635	0.0160963337259645	
5.56552712498783e-06	0.000344135093895081	0.0071452092406302	0.103962191519064	0.516939145598827	0.362961416983206	0.00864233603725193	
2.23210964122558e-05	0.000682653531941489	0.0122431213821223	0.144628614157527	0.554851304296067	0.283289125161828	0.00428286037410158	
7.82947405508035e-05	0.00140184868795724	0.0205579618760538	0.194932466125874	0.57022618791297	0.210694875143191	0.00210836551340378	
9.31305942383827e-07	0.000162047233974786	0.00247168597108668	0.0331265523705927	0.251613720371666	0.561201235656724	0.15037145137512	0.00105237571489372	
3.72062566041105e-06	0.000346018186418228	0.00429174169928415	0.050886997157442	0.315750896670784	0.527036856517792	0.101132186388463	0.000551582754155939	
7.43042107267416e-06	0.000622297764836461	0.00737376411199502	0.0751289874658085	0.374561024655066	0.476220330560857	0.0658753268224269	0.000210838197937129	
3.90595937802247e-05	0.000959750018599807	0.0125111598839372	0.107058626590283	0.426125288297002	0.413272821962652	0.0399430845919202	9.0209061825757e-05	
2.78881425195635e-06	8.6453241810647e-05	0.00197169167613314	0.019763396998864	0.146656304672379	0.465521889403064	0.342222833695569	0.0237309500746473	4.36914232806495e-05	
1.02504941204098e-05	0.000221783418241593	0.00357089940631002	0.0311391374116011	0.193651403059679	0.487972908875903	0.270474197176641	0.0129333279906516	2.60921668519521e-05	
8.00527230957691e-05	0.000464491963078939	0.0058745666913651	0.0469164808078251	0.244974364511697	0.489788623577202	0.204808376121204	0.00708652768521035	6.51591932174865e-06	
8.78145207849497e-05	0.000912710497945701	0.00905517180817572	0.0684205904498906	0.296960683383811	0.472362715075511	0.148457920963195	0.00374239330068626	
0.000186469928460812	0.00185257873925817	0.0145194809796011	0.096908421821084	0.347983654046071	0.434969078624113	0.101848942575653	0.00173137328575864	
5.61193996346627e-06	0.000323621871226555	0.00304447743018045	0.0226292125793505	0.131407315537872	0.39210905121737	0.3833385243778	0.0663331303681713	0.000809054678066387	
1.58988459308307e-05	1.9639750855732e-05	0.000517180105867609	0.00477994126779268	0.0343574060565251	0.173262817275499	0.422160185548884	0.323590146456428	0.0409526214391261	0.000344163253090923	
1.96628477046902e-05	9.08236298740454e-05	0.0009026183422534	0.00779491462578792	0.0505307096228104	0.218376522934371	0.437121022018644	0.260347339523073	0.0247049636518215	0.000111422803659911	
5.41953762000071e-05	0.000168192546827608	0.00168659748346574	0.0124929686171396	0.0721770282619543	0.265957267880269	0.433711579683088	0.199830499288919	0.0138786883223915	4.29825397448332e-05	
2.79508140208737e-06	7.73305854577505e-05	0.000261805957995517	0.00278483277027971	0.0193140124884237	0.10033503709073	0.311913382290737	0.411610209127991	0.146524688954025	0.00716006685834714	1.58387946118284e-05	
9.33114362496268e-06	0.00013996715437444	0.000481487011048074	0.0049492385786802	0.0296422439534189	0.134243430874888	0.350103575694237	0.374186324275903	0.102770416542251	0.0034739847715736	
7.45771939212129e-06	0.000181781910182957	0.000817552488361297	0.00788094496762418	0.0426991723795905	0.172499846184538	0.378056033574653	0.327531849122879	0.06873966406703	0.00158569758574979	
1.02598541235286e-05	0.000307795623705859	0.00146622642565337	0.0123360755125263	0.0610069580465238	0.212940474191803	0.394212509560319	0.272935437536143	0.0441546812916224	0.000629581957580167	
3.25872406986704e-05	0.000480429034300399	0.00284626270902387	0.0188419425719712	0.0847361364567428	0.254820118431343	0.395628654426278	0.215533872109046	0.026790436110387	0.000289560910208186	
6.5391409623934e-05	0.0008351417171971	0.00497348378339749	0.0283312953010667	0.113984700278474	0.295944705024022	0.377226227186572	0.162364067607244	0.0161488756881278	0.00012611200427473	
7.4380272864031e-06	0.000132954737744455	0.00136952677410897	0.00823854497310223	0.0412671051383752	0.148197115161117	0.331222793090816	0.343090165626273	0.117834158024609	0.00859835954308198	4.18389034860174e-05	
1.2051956913327e-05	0.000293882333963434	0.00238165210079515	0.0132089447770064	0.0578614451408827	0.186444700522777	0.352502125316248	0.300131737159799	0.0827821108168167	0.00436837084427666	1.29790305220444e-05	
3.34819560158704e-05	0.000734742923681602	0.00376858016045297	0.0206499963727881	0.0786426043009433	0.225860904794058	0.359723625054176	0.253759744644282	0.0547234669449389	0.00209820257699455	4.6502716688709e-06	
7.36582314005973e-05	0.00125312231648611	0.00614533421723211	0.0302604797481821	0.105335000433558	0.262262463858517	0.357408386409217	0.202465033318695	0.0339191493686371	0.000867115888639943	1.02562094355262e-05	
7.47382060775241e-06	0.000173766329130243	0.00230193674718774	0.00989907539496806	0.0426568311187469	0.136092667901716	0.294427425932102	0.338823788797303	0.155037868914792	0.0201793156409315	0.000397980947362816	1.8684551519381e-06	
4.69851949650665e-06	2.16131896839306e-05	0.000412530011793284	0.00348912057810584	0.0157663520224777	0.0600856070252263	0.170646469297524	0.31834630907801	0.306620683822527	0.113250294832098	0.0111758984743907	0.000180423148665855	
1.13155239559072e-05	8.95812313175985e-05	0.000791143716583843	0.00566530566059086	0.0234646248432328	0.0820309479580194	0.204317815349508	0.331200671387755	0.266644664258975	0.079566049656291	0.0061603598336618	5.75205801091948e-05	
5.63209996601966e-06	3.47312831237879e-05	0.000230916098606806	0.00162016742355832	0.00853638618183047	0.0349434255558413	0.107630369033963	0.240102053651384	0.330409960556527	0.221156608049022	0.0523231473676503	0.00298595166531809	2.06510332087388e-05	
2.91963103398262e-05	8.94725639446287e-05	0.000453013718498594	0.00262295884827148	0.0130168453292496	0.0483660426190786	0.137351687452556	0.26856178975266	0.318533629440429	0.176514299599351	0.0331679503625052	0.00127992857263948	1.31854304760505e-05	
4.24958472113753e-05	0.000111433554909829	0.0008140315621379	0.00475575747903302	0.0190976337367921	0.0656069776292417	0.168238226053354	0.291264648082446	0.297122464532494	0.132856183665163	0.0195783089863607	0.000508061462215998	3.77740864101114e-06	
7.75004040417406e-05	0.000201312025132814	0.00146494666176461	0.00762244827556875	0.0272262699906149	0.08646587761174	0.198080636335025	0.306190864592617	0.263843509671956	0.0967772118568057	0.0118585069452649	0.000190915629468678	
2.07457728130419e-05	0	0.000139562471651373	0.000506385454572887	0.00259227861195692	0.0114318638096594	0.0388738062929473	0.112081866591479	0.227041737665931	0.308767823683563	0.224905866055861	0.0674218756630396	0.00613131885592721	8.48690705988079e-05	
1.03606153452016e-05	4.70937061145526e-06	0.000241119775306509	0.000834500472349872	0.00419699108892893	0.016358469755951	0.0534485308176503	0.139769410377381	0.254533004682056	0.299157116847962	0.183261389848292	0.0452052484993591	0.00293770538742579	4.14424613808063e-05	
1.51199293899297e-05	2.74048720192477e-05	0.000330748455404713	0.0013985934685685	0.00647983473917177	0.0236381196099814	0.0705165156878717	0.169535043271348	0.275763887182647	0.278639508753494	0.144394380678242	0.0279482444816983	0.00130692889664205	5.66997352122366e-06	
2.9297437986302e-05	5.57596400384458e-05	0.000495221209832976	0.00239388420707429	0.00990725943259368	0.0339916436146234	0.0920090765353039	0.199168708824105	0.286992032041946	0.250533733164605	0.107004639391067	0.0167751459437697	0.000640763321119767	2.83523593415826e-06	
4.62500200574067e-05	9.62755519562343e-05	0.000905178963980673	0.0039369149726417	0.0151888841380365	0.0486663476359161	0.117146581415609	0.226939409642091	0.287029512232186	0.213285271067592	0.0767523802242465	0.00974270830678677	0.000264285828899467	
3.78495405065783e-05	0.00020817247278618	0.00146666969462991	0.00625463656871206	0.0219612496404294	0.0649119619687817	0.144671352439781	0.248087651965905	0.27844960712177	0.175782728497676	0.0528748618491772	0.00521093548924316	8.23227506018077e-05	
1.132694179179e-05	2.83173544794751e-06	8.11764161744953e-05	0.000362462137337281	0.00241263860165128	0.00955899496045481	0.0319438636764799	0.0841421871003123	0.173129473552063	0.26318432426769	0.258897076799497	0.139411999573352	0.0342960919219083	0.0025570571094966	8.49520634384253e-06	
1.60941564957909e-05	2.8401452639631e-06	0.000115499240734499	0.000627672103335845	0.00414471865521015	0.0139138716481552	0.0447114601754831	0.10680460936642	0.197753634439223	0.269601735896785	0.232973329142541	0.106850051690644	0.0212187252670683	0.00126575807263956	
9.45995035418054e-06	8.51395531876249e-06	0.000192982987225283	0.00115411394321003	0.00626437912453835	0.0203899769934007	0.0601028485802507	0.130503799116062	0.221863269661561	0.268874492946661	0.200184847429921	0.0772745504631592	0.0126205197675123	0.000556245080825816	
2.08095481774146e-05	1.32424397492639e-05	0.000487132605062206	0.0020024460677994	0.00905404523428241	0.0296365801588525	0.0777113658914479	0.156069719553503	0.240032462895157	0.257783953379045	0.165956146714882	0.0535666146743258	0.00736941772046534	0.000296063117251399	
3.2369330249996e-05	0.000112340616749986	0.000776863925999903	0.00362726906624955	0.0139121477336233	0.039859974085495	0.0979572096494878	0.181193990348227	0.253241455210843	0.237749874568845	0.132172543762858	0.0354120472934956	0.00382434116512452	0.000127573242749984	
9.53729798810699e-06	3.24268131595638e-05	0.000309962184613477	0.00143822453660653	0.00574812949743208	0.0199901765830722	0.0532267063418263	0.121134175476746	0.205126297668608	0.257021597211294	0.211617382679313	0.0998497875566873	0.0226148409893993	0.00185118953949157	2.95656237631317e-05	
2.19404935657118e-05	2.7664100582854e-05	0.000517032500548512	0.00244207232731401	0.00841847198771332	0.0284415572026825	0.0693853799998092	0.14702515525284	0.225532056968968	0.251629797098131	0.179922540518368	0.0723921815528146	0.0134476146867756	0.00078794989935991	8.5854105257133e-06	
3.80558774448523e-06	3.61530835726097e-05	9.89452813566159e-05	0.000944737157568458	0.00388360229324717	0.0122987081932401	0.0377390622651239	0.0894103812628082	0.171353247974	0.242026817976835	0.235784702678943	0.148356081234076	0.0500330134736834	0.00761117548897046	0.000419566048829496	
1.04579438541516e-05	3.32752758995733e-05	0.000254793541173876	0.00169133473786688	0.00586025144699914	0.0180142836498604	0.0506164482540938	0.111141322948912	0.194263912868215	0.248304862373459	0.215641851550438	0.117373306763818	0.0328065698704736	0.00383996683881076	0.000147361936126682	
4.65563060516547e-05	0.000102613899052627	0.000494066921364499	0.00262710584148623	0.00827752119024522	0.0257532382761245	0.0656120871572054	0.134743451000438	0.21549773916877	0.245772639904075	0.189942127661192	0.0890831163081039	0.0201218255012641	0.00184419979686248	8.17110677641286e-05	
7.76587956636086e-05	0.000227294036088611	0.0008561408692671	0.00386210449653897	0.0123240720484212	0.0350837815287607	0.0819612823550693	0.158448566674338	0.232247151958375	0.236576156287379	0.161136318651086	0.064189729908391	0.0120977250708163	0.000901599676484822	1.0417643320728e-05	
5.66875749338881e-06	0	0	0.000113375149867776	0.000396813024537217	0.00150599990741029	0.00571316276042036	0.0179321695374199	0.04734829696353	0.102938022529532	0.17952388105813	0.241423878507189	0.219416817124938	0.131510449882043	0.0445422620043026	0.00719081888036371	0.000437439119906503	9.44792915564802e-07	
1.69707254985151e-05	0	1.79135435817659e-05	0.000187620798566917	0.0006194314806958	0.00248715410361571	0.00864752745957667	0.0258351011172394	0.0629274501484939	0.125608824777259	0.199939659642672	0.24274077216801	0.194676849101966	0.102392872295291	0.029870362513553	0.0038853533210767	0.00014613680290388	
2.54509771761292e-05	0	2.73362347447314e-05	0.000305411726113551	0.000952997700928395	0.00379408085681186	0.0134720505852311	0.0352571444192134	0.0799707408025353	0.150253142960024	0.216019410611926	0.234102801209958	0.167446691985676	0.0773455196382568	0.0190740934503324	0.00188242968224926	7.06971588225812e-05	
1.69684217670914e-05	2.82807029451524e-06	4.71345049085873e-05	0.000477001189674904	0.00162896848964078	0.00604170083918273	0.0198228873843555	0.0463341610152395	0.099270923478074	0.172709310195948	0.227192084419784	0.218248783458428	0.139037362579351	0.0569102012266284	0.0111633361425498	0.00106806788122859	2.82807029451524e-05	
2.3654731750611e-05	4.35247064211242e-05	8.79956021122729e-05	0.000580960211795006	0.00265406090241855	0.00982712175847384	0.0277791707786475	0.0587810622109983	0.121885263196738	0.192264713479696	0.230597679376196	0.198037414216115	0.111217925366483	0.0391977828893025	0.00653249072024873	0.000483502716982489	5.67713562014664e-06	
1.03893454429025e-05	3.68349520248362e-05	8.12257916445106e-05	0.000197397563415148	0.00109182575745412	0.00458170134032001	0.0145431946481648	0.0358526866375072	0.0774147908388641	0.142441703965991	0.20740722550641	0.226287499634012	0.173379285723056	0.0872279998526602	0.0255077320342244	0.0036986069776733	0.000238010459237403	1.88897189870955e-06	
7.54869379289781e-06	5.56716167226214e-05	8.20920449977637e-05	0.000456695974470318	0.00195982962598109	0.00698159817170636	0.0204550730053048	0.0465471331004561	0.0973894729690711	0.164195413036217	0.217737354522517	0.217454278505283	0.144951905384672	0.063748719081022	0.0159117029287045	0.00193435278443006	0.000131158554651599	
5.61950868635555e-06	0.000122692606318763	0.000159219412780074	0.00107800908299921	0.00314879803392123	0.0103258472111783	0.0276648412629284	0.0609791619252062	0.118148296961063	0.180608199425124	0.223755723703743	0.200621143026799	0.117131165888833	0.0458177274894189	0.00931246247807221	0.00105178470912955	6.93072737983851e-05	
2.99729306969643e-05	0.000148927999400541	0.000290362766126842	0.00147429352865693	0.00564146754961925	0.0150239315118534	0.0374858331069753	0.0776327004673904	0.139335724923429	0.196874385320757	0.221752854453322	0.176459072899787	0.0910605734196304	0.0309152047057501	0.00526961587816004	0.000578852224085123	2.62263143598438e-05	
7.48062051747192e-06	9.07025237743471e-05	0.00022254846039479	0.000423590136801848	0.00258829469904529	0.00758067381689311	0.0200489980643894	0.0488606079874326	0.0969675434577298	0.161294334365036	0.209100174859505	0.211814705029782	0.149915375480396	0.0676855895196507	0.0202285329568088	0.00289780537295569	0.000272107571323041	9.35077564683991e-07	
4.65695040534096e-05	0.000200248867429661	0.000420988316642823	0.000904379768717215	0.00412233249880782	0.0107435845851216	0.0273251221983786	0.0621274439675727	0.115763404566047	0.180160646161183	0.212693170302814	0.197811419587506	0.124601365045303	0.0485468451955174	0.0128261728063901	0.00154983309489747	0.000156473533619456	
6.98099772419474e-05	0.000236423122926062	0.000538933024307834	0.00165868505926867	0.00588172328255821	0.0148872103467694	0.0362527865815916	0.0779358585929101	0.137616873536899	0.193248909800855	0.215356333393835	0.176120333784771	0.0982635931660686	0.0332723659532087	0.00772936068022842	0.000880536512945097	5.02631836142021e-05	
8.27699859291024e-05	0.000449189923637713	0.000716099878263021	0.00263003955289328	0.00792452865283013	0.0206673864865443	0.0482418817988801	0.0973495934505691	0.160371032736924	0.199595636068742	0.20578664501627	0.154116783800147	0.073796417454609	0.0231551360636269	0.00464162921092303	0.000463139921266213	1.20899979447004e-05	
