# <P(U)> as a function of N_tot.
# number_of_species: 1
# species_total_upper_bound: 103
# species_total_lower_bound: 0
# volume: 729
# Bin widths for each
10	10	10	10	10	10	10	10	10	10	10	10	10	10	10	10	10	10	10	10	10	10	10	10	10	10	10	10	10	10	10	10	10	10	10	10	10	10	10	10	10	10	10	10	10	10	10	10	10	10	10	10	10	10	10	10	10	10	10	10	10	10	10	10	10	10	10	10	10	10	10	10	10	10	10	10	10	10	10	10	10	10	10	10	10	10	10	10	10	10	10	10	10	10	10	10	10	10	10	10	10	10	10	10	
# Bin lower bound for each
0	0	0	0	-10	-10	-10	-10	-10	-10	-10	-10	-10	-20	-20	-20	-20	-30	-30	-30	-30	-30	-30	-30	-30	-30	-30	-40	-40	-40	-40	-50	-50	-50	-60	-60	-60	-60	-70	-70	-70	-70	-70	-70	-80	-80	-80	-80	-90	-90	-90	-90	-90	-110	-110	-110	-120	-120	-120	-120	-120	-130	-130	-130	-130	-130	-140	-140	-150	-150	-160	-160	-160	-160	-180	-180	-180	-180	-190	-190	-200	-200	-200	-200	-200	-210	-210	-220	-220	-220	-220	-250	-250	-250	-250	-250	-260	-260	-260	-260	-270	-270	-270	-270	
# Bin upper bound for each
0	0	0	0	0	0	0	0	0	0	0	0	0	0	0	0	0	0	0	0	0	0	0	0	0	0	0	0	0	0	0	0	0	0	0	0	0	0	-10	0	-10	-10	-10	-10	-10	-10	-10	-10	-10	-10	-10	-20	-20	-10	-20	-20	-20	-20	-20	-20	-30	-30	-30	-30	-30	-30	-30	-30	-40	-40	-40	-40	-40	-50	-50	-50	-50	-50	-50	-60	-60	-60	-60	-70	-70	-70	-70	-80	-80	-80	-80	-80	-90	-90	-90	-90	-90	-100	-100	-100	-100	-110	-110	-110	
# Normalized histogram for each
1	
1	
1	
1	
2.45320511247945e-06	0.999997546794888	
2.87946086690152e-05	0.999971205391331	
0.000119901142731299	0.999880098857269	
0.000500821948001457	0.999499178051999	
0.00151212948236196	0.998487870517638	
0.00365148097716966	0.99634851902283	
0.00779279804934374	0.992207201950656	
0.0163907647733965	0.983609235226603	
0.0316440633261567	0.968355936673843	
6.12888931654917e-06	0.0564789408298639	0.94351493028082	
3.3749971619342e-05	0.094452056938043	0.905514193090338	
9.30268662821967e-05	0.146571528727128	0.85333544440659	
0.000236401366313484	0.214627751174909	0.785135847458778	
6.16425141022662e-07	0.000515331417894945	0.299433443652886	0.700050608504078	
2.46329535958262e-06	0.00110663544029249	0.395159994112724	0.603730907151624	
3.69616990553822e-06	0.00211236110101509	0.495615726463714	0.502268216265365	
1.22897530497022e-05	0.00422275914787768	0.594824047605587	0.400940903493485	
1.84315828859067e-05	0.00794524099601816	0.684713029470258	0.307323297950838	
5.90462190430207e-05	0.0145831859740627	0.760526372440177	0.224831395366717	
9.74723206370495e-05	0.0262465815285017	0.815785333870459	0.157870612280402	
0.000213822154193502	0.0443659402875446	0.848784602833051	0.106635634725211	
0.000547998572368174	0.0713520030919694	0.860229542979053	0.067870455356609	
0.00123579270271504	0.107745329221839	0.849926765554762	0.0410921125206839	
1.85595787223091e-06	0.00250059390651911	0.158377546374201	0.815712044424208	0.0234079593372003	
2.72814415513716e-05	0.00463970516202076	0.222723208694347	0.759787527172936	0.0128222775291446	
7.2591227629338e-05	0.00860547288221298	0.297192828979411	0.687243487729291	0.00688561918145635	
0.000201412739944546	0.0152020138795068	0.380135250204202	0.600886711840962	0.00357461133538506	
6.2135497636987e-06	0.000472851137017471	0.0258235128179318	0.464172672062513	0.507821616442544	0.00170313399022981	
1.9852631435277e-05	0.000849320388590445	0.0413921161478202	0.542852835545144	0.414101075950584	0.000784799336425794	
1.61400960335714e-05	0.00168167385211327	0.0644709928331766	0.609715717039286	0.323770326433442	0.000345149745948681	
3.1104682809997e-06	5.41221480893949e-05	0.00337859064682188	0.0976743028662965	0.657160453506275	0.241579495793092	0.000149924571144186	
4.37238749846966e-06	0.000133045505310577	0.0063705685852703	0.140236208865203	0.680017439579851	0.173178400905459	5.9964171407584e-05	
5.60718317545998e-06	0.000300918830416352	0.0109931941256657	0.193072138280613	0.676936534162698	0.118666686603318	2.49208141131554e-05	
1.80956172415041e-05	0.000653314181098441	0.0185785830258118	0.256642027507834	0.646995690747149	0.077109792973659	2.4959472057247e-06	
2.49285485477251e-06	6.66838673651646e-05	0.00122710780226177	0.0303598560625607	0.327238926427128	0.593153000213139	0.0479519327726903	
4.9820645675568e-06	0.000111473694699083	0.00238765444400159	0.0472069300518135	0.397563147668394	0.52426140892786	0.0284631576325229	1.2455161418892e-06	
1.68554371582482e-05	0.00021038082675295	0.00432498031971643	0.0720694793605172	0.46169414623153	0.445883746177093	0.0158004116472319	
2.12560712653552e-05	0.000366354640044063	0.00717392405205737	0.105228805977707	0.516387493177739	0.362317862039345	0.00850430404184195	
3.81484613037018e-05	0.000727322303216478	0.0124776737693682	0.145850948333225	0.554586070433317	0.281980292880121	0.00433954381944896	
0.000124712815839906	0.00142260347716878	0.0210827328526145	0.196076121193282	0.569340952304555	0.209826492511591	0.00212638484494875	
6.26124284418208e-07	0.000209125510995682	0.00255458708042629	0.0335640183905225	0.252619234412792	0.560018082469334	0.150008734433768	0.00102559157787703	
6.89604154676958e-06	0.000394955106769531	0.00442788558589396	0.0517610609371846	0.315008670204963	0.526435661813107	0.101458951626149	0.000505918684385732	
1.12885433200986e-05	0.000677939740501475	0.00726605905037011	0.0760277121195683	0.37403961149851	0.475330456427163	0.0664525188189424	0.00019441380162392	
5.9706032634689e-05	0.00104705526704623	0.0122171112461655	0.107757447699087	0.426130753697532	0.412325461983284	0.0403732192675767	8.92448066750087e-05	
1.88070441156834e-06	0.000120365082340374	0.00190766117480082	0.0193355220553341	0.147899221827205	0.464780361935295	0.342155926695157	0.0237589388313428	4.01216941134579e-05	
6.89767178494815e-06	0.000263992711042107	0.00346012299175854	0.0305591942516057	0.195191570292606	0.487173779315889	0.27050975675674	0.0128171282985764	1.75577099980498e-05	
5.94290804632215e-05	0.000524227046612417	0.00564326036693391	0.0465129517861254	0.246260972484961	0.489427253800959	0.204718168533365	0.00684935791570329	4.37898487623738e-06	
9.22564805470621e-05	0.000936371897797392	0.0089143608822481	0.0685352683345634	0.299175842107113	0.470926029130454	0.147814964879778	0.00360490628749881	
0.000151464967912681	0.00180312445203934	0.0143791161862001	0.0975157859806288	0.349290785713523	0.434069059226573	0.101104437295074	0.00168622617804864	
2.51924387414361e-06	5.03848774828723e-06	0.000278376448092869	0.00298278474698604	0.0226013964168794	0.1323591837146	0.393600364786513	0.381742283870919	0.0656281923543468	0.000799230119072062	6.29810968535904e-07	
2.58022290608618e-05	2.95781650209879e-05	0.000515415258557215	0.00470418688365712	0.0346146342691361	0.173803814953965	0.423540443420746	0.32184945343327	0.0405636213743148	0.000353050012271792	
3.39838941514977e-05	7.67784275274577e-05	0.0009263757813149	0.00766462679390908	0.0504962907208865	0.219131296145723	0.438654036405561	0.258665893008632	0.0242267405417788	0.000123978280515649	
6.28869512720458e-07	7.86086890900573e-05	0.00015092868305291	0.00163128751599687	0.0122818215834305	0.0719508475588858	0.26694253075958	0.434782143879056	0.198476249170678	0.013655272599212	4.96806915049162e-05	
1.00390960045025e-05	8.65872030388344e-05	0.000247840182611156	0.00277831981924608	0.0191414188630849	0.101080520451835	0.313257441950496	0.411543956495577	0.144754980175923	0.00708132734417598	1.75684180078794e-05	
1.00694730707676e-05	0.000138455254723055	0.000478299970861462	0.00478803444515001	0.0294274057072515	0.134789337183229	0.351797180673409	0.3738757590652	0.101257991857572	0.00343620768539945	1.25868413384595e-06	
2.01012474708548e-05	0.000158925487816445	0.000836086261990865	0.00789476494417821	0.0426416556895011	0.173834959963969	0.379813699125784	0.326050400109049	0.067118065305184	0.00162945737310616	1.88449195039263e-06	
2.38614179082453e-05	0.000279429762346557	0.00150201346411902	0.0124060535161369	0.0613420540536467	0.214000498578048	0.395893575564401	0.271022380126202	0.0428149189119947	0.000715214605197142	
5.64213445707934e-06	4.20025565138129e-05	0.000431309834052288	0.00277467634522591	0.0189111808924728	0.0850846414204136	0.255722221421178	0.396393798416566	0.214539028211299	0.0257945849301096	0.000300913837710898	
5.64940897766412e-06	6.40266350801934e-05	0.000805354635371452	0.00479320966149369	0.0285100562618363	0.114620231035719	0.296612174978517	0.377626582854546	0.161578118458063	0.0152565428002363	0.000128053270160387	
1.68621215546626e-05	0.0001305253112935	0.00135084329343464	0.00791395571632166	0.0418655252051246	0.148253021754635	0.33181157890661	0.343641293961737	0.116702118756799	0.00827680359125718	3.74713812325836e-05	
3.0475726084174e-05	0.000255622926950929	0.00230993564646167	0.0126828776797648	0.0587609316118487	0.186443650693447	0.354073827135462	0.299970705985744	0.0811836025666781	0.00427468704850056	1.36829790582006e-05	
4.60928234719606e-05	0.000599829581128352	0.00372978144527162	0.0196511146988768	0.0800283533151952	0.225824314088957	0.361253126837484	0.253168570175701	0.0536009706899473	0.00209286333602416	4.98300794291466e-06	
1.18383381465524e-05	9.84451277450147e-05	0.00102432778489117	0.00590110003084199	0.0293640631668801	0.106480867064809	0.262975597446657	0.357080416584889	0.202708487153845	0.0334962662504556	0.000850491135265475	8.0999155739569e-06	
1.30748660604495e-05	0.00017682199815084	0.0018466691778711	0.00950355978793812	0.041718161922877	0.137650944659073	0.296141980593163	0.338136582541318	0.154651383601005	0.0197779140607732	0.00038103895376167	1.86783800863564e-06	
3.13038034121146e-06	2.44169666614494e-05	0.000379402097354829	0.00305650336515887	0.0150327124745657	0.058718422288308	0.171766473626546	0.319979339489748	0.306560025043043	0.113362967600563	0.010927531695101	0.000189074972609172	
7.51986183507188e-06	9.52515832442439e-05	0.000772039148400713	0.00507590673867352	0.0228259139452078	0.0804080026369649	0.205757832876084	0.332508237381985	0.267050346728296	0.0793589819109724	0.00606790184575009	7.20653425861056e-05	
3.74355406783944e-06	2.30852500850099e-05	0.000210262953476982	0.00147870385679658	0.00805488050263453	0.0335023132044511	0.106092946208248	0.24084155095445	0.332614155001856	0.221662075613553	0.0524996022473803	0.00298798007181385	2.8700581186769e-05	
1.9385831833537e-05	6.69123872964019e-05	0.000410854564988187	0.00245262040164942	0.0122774850447688	0.0466310551020383	0.13614044347279	0.269579377477165	0.320352121748027	0.177044548641553	0.0335675058438903	0.00144330644747753	1.43830365216565e-05	
3.38304954350758e-05	8.64557105563049e-05	0.000686007268544593	0.00432341201847145	0.0180573401837998	0.0635919340580995	0.167781715619602	0.292638797438656	0.29836492203637	0.133483858154998	0.020360946326666	0.000586395254207981	4.38543459343576e-06	
5.4525524526145e-05	0.00015793600207573	0.0012471930322647	0.00691283374164804	0.0260638274536643	0.084795338130326	0.198080576190646	0.3074738199141	0.264985274974727	0.0976702559503329	0.0123114873999034	0.00024693168578507	
1.37458848257303e-05	0	0.000107467826819346	0.000376137393867711	0.00237741326190472	0.0102594285835678	0.0370776498785676	0.110461930459569	0.226930812587981	0.310656372248558	0.226548427064648	0.0685269847339453	0.00655678706187335	0.000106843013872722	
1.18709638722834e-05	3.12393786112722e-06	0.000180563608373153	0.000677269728292381	0.00384119399404203	0.0153572785253014	0.0518986044744787	0.138455425155447	0.255086395625487	0.300652153267889	0.184784048423536	0.045719455385169	0.00328825699262251	4.43599176280065e-05	
3.75995919190957e-05	1.81731360942296e-05	0.000243144027743486	0.00118814710464342	0.00596956187702176	0.0225465952942857	0.0690867435118771	0.168844727471891	0.277073899491278	0.279946508313896	0.144911960555521	0.0285311970080751	0.00158168950006329	2.00531156901844e-05	
6.00473247978563e-05	3.87805639319489e-05	0.000414701836885195	0.00213480749515712	0.00952813436089318	0.0327364253952646	0.0906001542465656	0.19870160169984	0.288554291851265	0.251682106960548	0.107903791675815	0.0168457765776653	0.00078749564500522	1.18843663662424e-05	
1.24611523575254e-06	5.48290703731118e-05	8.66050088848016e-05	0.000720877663882845	0.00363865648839742	0.0146188008882309	0.0464364842603185	0.116518628176659	0.22685839395684	0.289014621916176	0.214815313260909	0.0770441897384903	0.0098330953253233	0.000356388957425227	1.86917285362881e-06	
9.34500254184069e-06	5.98080162677804e-05	0.000177555048294973	0.0012727893461987	0.00591289460830733	0.0211720377587943	0.0623467419583138	0.144817635390397	0.249292271807498	0.27986974312457	0.176937655127042	0.0527301113425903	0.00526746643275087	0.00013394503643305	
7.46514709450254e-06	9.33143386812818e-06	9.95352945933672e-05	0.000343396766347117	0.00220781725319913	0.00891587401320087	0.0304080324982737	0.0821054203188862	0.172730439759373	0.264922517994115	0.260276086023378	0.140994233173869	0.0343054613771952	0.00263830740231544	3.60815442900956e-05	
1.05834269759103e-05	4.35788169596305e-06	0.00015563863199868	0.000594539574234958	0.0035846689721936	0.0133637554979347	0.0429008550786442	0.104400526681131	0.198409373180973	0.272283561136411	0.234250459912158	0.107678276271023	0.0210267791830217	0.00131109983595688	2.55247356477835e-05	
6.23564243329733e-06	1.99540557865515e-05	0.000213882535462099	0.00103698733665735	0.00574926232350014	0.019866133228242	0.0575306606538445	0.128908812459312	0.223053918352992	0.271565969355559	0.201350141299658	0.0777522255007844	0.0123390892470088	0.000601739494813193	4.98851394663787e-06	
1.37104880871439e-05	3.55226282257818e-05	0.000484852715081724	0.00192756998425163	0.00850299543004504	0.0282909689638174	0.0745414309137853	0.15536351177949	0.240999220371791	0.261465239861873	0.167305970107397	0.053504556556075	0.00724910897407534	0.000315341226004309	
2.19253048713642e-05	0.000108373649792743	0.000786178788958918	0.00333515208957552	0.0130079701615394	0.0385415537774481	0.0950637368612611	0.180293661269074	0.255608962814056	0.240963485597267	0.132797186544879	0.0356574365309407	0.0036690431609023	0.000145333449433043	
6.25073055413351e-06	2.75032144381875e-05	0.00033378901159073	0.0013251548774763	0.00544688660487194	0.0191359865184243	0.0514991439624506	0.118387586549178	0.204472647740705	0.259825367089779	0.214331925043739	0.100688642985149	0.0226757752312301	0.00178583371931595	5.75067210980283e-05	
1.43952072722084e-05	4.44373789707302e-05	0.000525738004724131	0.00225816990600556	0.00817084482342088	0.0270510979787877	0.0680035850324894	0.143338085837995	0.225595429584279	0.25460990865928	0.182965587944076	0.0732133983078747	0.0134275989920851	0.000767327135466411	1.43952072722084e-05	
2.50671486243776e-06	2.38137911931587e-05	0.000147896176883828	0.000986392298369257	0.00367672402448058	0.0121249797896114	0.0368750289838906	0.0875269628517391	0.167736198341307	0.24068097415953	0.239551699114002	0.151711396904458	0.0509276725027167	0.00763796018584784	0.000389794161109071	
6.89450282486584e-06	2.19370544427549e-05	0.000308372308166727	0.00170795638161449	0.00580203751361664	0.0174430921469106	0.0491089168485353	0.108590299810589	0.191326214027932	0.24880443053287	0.21967640964378	0.119543784480349	0.0335856303518578	0.00391858469646011	0.000155439700051521	
3.26777465174634e-05	7.47817660688105e-05	0.000536669144729111	0.00258217039308187	0.00836990203588645	0.0247364256955176	0.0640439842468125	0.131011998388736	0.212968415072736	0.248902624714305	0.192932557530115	0.0910879615810248	0.0207516258749938	0.00190536398924902	6.28418202258912e-05	
5.77184281766309e-05	0.000205778743934076	0.000914084237536427	0.00398947266059996	0.0120612693662579	0.0337395581403373	0.0813622803798124	0.154781375768926	0.230642838993817	0.239586058490098	0.16343913999542	0.0657720310299289	0.0124659257377137	0.000967411046177879	1.50569812634689e-05	
3.7571926757286e-06	0	0	8.57892327624696e-05	0.000370083478559267	0.00151602724465649	0.00584869659855085	0.0175266776334946	0.0453612133728507	0.101827435897596	0.177472248435599	0.241112204175869	0.221502789402462	0.133898832577616	0.0455741209578086	0.00745865366010055	0.000435834350384517	5.6357890135929e-06	
1.12660682298128e-05	0	1.18919609092468e-05	0.0001765017356004	0.00064404356713763	0.00247165019108504	0.00868363503446791	0.0248829893635798	0.060546980130411	0.124459385198139	0.19908394347438	0.24271241858701	0.19710487082201	0.104389510539407	0.030674374326383	0.0039988283289041	0.000147710672346434	
1.69080340715673e-05	0	1.94129280080958e-05	0.000266771204240284	0.0010508030063737	0.00380806500700744	0.0134061923483005	0.0339438177338976	0.0774588351992706	0.147468115831305	0.215986358347622	0.235501987007115	0.170787425933417	0.0786242371032405	0.0196847090002092	0.00190559806221405	7.07632537069299e-05	
1.12955280376969e-05	1.88258800628282e-06	4.32995241445049e-05	0.00042232724274278	0.00180038166334181	0.00598913997732109	0.0193103327097784	0.0447315460879507	0.0965773922516443	0.170714335468397	0.227463068329787	0.220906641833239	0.141941487909706	0.057515573709282	0.0115308515384823	0.00101534246472187	2.51011734171043e-05	
1.57396238103992e-05	2.89609078111346e-05	8.87714782906517e-05	0.00061069740384349	0.00292505168892459	0.00950799195138597	0.0268839070531143	0.0573860388277632	0.118479703440304	0.191005371618814	0.231009829080277	0.201617655576738	0.113878696608048	0.0394894569703868	0.00663267747370224	0.000435672787071851	3.77750971449582e-06	
6.92318972749696e-06	2.45458544883983e-05	5.41267560513399e-05	0.000190702407948325	0.00113917940061541	0.00471406282354111	0.0145298870953632	0.0355379916330105	0.0752361909113624	0.139073664626843	0.207004631613928	0.227957350633755	0.176496022627502	0.0885066868572054	0.0255937736607876	0.00373915183373268	0.000193849312369915	1.25876176863581e-06	
5.02633485317133e-06	3.70692195421386e-05	5.46613915282383e-05	0.000407133123106878	0.00192634283247791	0.00726808019768575	0.0207022166764994	0.046033059460913	0.0942984398884908	0.162796074683796	0.217344373677838	0.218410584958567	0.14778869539594	0.0649000356241483	0.0159630112018155	0.00196278376016341	0.000102411572633366	
3.75778566216881e-06	8.20449869573523e-05	0.00010647059376145	0.00093882011793184	0.00300184444646251	0.0109583292884946	0.0286224270911294	0.0598746778481667	0.114385116663587	0.181132784487861	0.223157354143115	0.201866366878877	0.119149362585607	0.0462758778343881	0.0094044849171878	0.000993934307643649	4.63460231667486e-05	
2.00432935139902e-05	9.95901146476389e-05	0.000207322817285336	0.00133162631283573	0.0051417311392608	0.0157571604666079	0.0388276176541329	0.0757047723081857	0.136153466487613	0.197424562054037	0.221048088871963	0.178132892046821	0.0928405355568027	0.0315237162270504	0.00528391325262567	0.000485423514791951	1.75378818247414e-05	
4.99360818152764e-06	6.05474992010227e-05	0.000148559843400447	0.000315221516458933	0.00224649948066475	0.00737618348513902	0.0215305658756791	0.0500240941594759	0.0937705986337488	0.158772396332694	0.208925075902844	0.211717751278364	0.151604071788111	0.0700952780441036	0.0203970168184724	0.00280141418983701	0.00020910734260147	6.24201022690956e-07	
3.10778481449322e-05	0.000133634747023208	0.000280943747230187	0.000727221646591413	0.00353914534674488	0.0109673726103466	0.0292740898386003	0.0627237993539537	0.112422250993403	0.177982836326027	0.213131882577945	0.198601745456263	0.12550167416368	0.0503125499187936	0.012761186005272	0.00149297982488254	0.000115609595099148	
4.66842365384448e-05	0.000158103947743533	0.000362269675538332	0.00142106816023026	0.00524232853502376	0.0153584913646612	0.0385051582969093	0.0786685406756641	0.133989360973721	0.192376401927623	0.214575690086385	0.17701168599809	0.0992444623158618	0.034604845948244	0.00763193898930495	0.000766866392204853	3.61024762563973e-05	
5.53747752344095e-05	0.000300517038631683	0.000500239542567025	0.00232636274833098	0.00731880315822875	0.0224056295614193	0.0506554755697691	0.0972449493849667	0.156092780747	0.200642720705811	0.205871592740305	0.153855390952135	0.0743521462391817	0.0235890320613727	0.00437585162048991	0.000405044704242703	8.08845031513847e-06	
