# <P(U)> as a function of N_tot.
# number_of_species: 1
# species_total_upper_bound: 103
# species_total_lower_bound: 0
# volume: 729
# Bin widths for each
10	10	10	10	10	10	10	10	10	10	10	10	10	10	10	10	10	10	10	10	10	10	10	10	10	10	10	10	10	10	10	10	10	10	10	10	10	10	10	10	10	10	10	10	10	10	10	10	10	10	10	10	10	10	10	10	10	10	10	10	10	10	10	10	10	10	10	10	10	10	10	10	10	10	10	10	10	10	10	10	10	10	10	10	10	10	10	10	10	10	10	10	10	10	10	10	10	10	10	10	10	10	10	10	
# Bin lower bound for each
0	0	0	0	0	-10	-10	-10	-10	-10	-10	-10	-10	-20	-20	-20	-20	-20	-20	-20	-20	-20	-30	-30	-30	-30	-30	-30	-40	-40	-40	-50	-50	-50	-60	-60	-60	-60	-60	-60	-60	-60	-60	-60	-70	-70	-80	-80	-80	-80	-90	-90	-90	-90	-90	-100	-90	-100	-110	-110	-110	-110	-110	-120	-120	-120	-130	-130	-140	-140	-140	-160	-160	-160	-180	-180	-180	-180	-180	-180	-180	-180	-190	-190	-190	-190	-200	-200	-210	-210	-220	-220	-220	-220	-230	-240	-250	-250	-250	-250	-260	-260	-270	-270	
# Bin upper bound for each
0	0	0	0	0	0	0	0	0	0	0	0	0	0	0	0	0	0	0	0	0	0	0	0	0	0	0	0	0	0	0	0	0	0	0	0	0	0	-10	0	-10	-10	-10	-10	-10	-10	-10	-10	-10	-10	-10	-20	-20	-20	-20	-20	-20	-20	-30	-30	-30	-30	-30	-30	-30	-40	-40	-40	-40	-40	-50	-50	-50	-50	-50	-50	-60	-60	-60	-60	-60	-70	-70	-70	-70	-70	-70	-80	-80	-80	-80	-90	-90	-90	-90	-100	-100	-100	-100	-100	-110	-110	-110	-110	
# Normalized histogram for each
1	
1	
1	
1	
1	
4.33405567594599e-05	0.999956659443241	
8.95935439555882e-05	0.999910406456044	
0.000466077183703826	0.999533922816296	
0.0014484576730313	0.998551542326969	
0.00367733070604091	0.996322669293959	
0.00742690483906168	0.992573095160938	
0.0155468374964824	0.984453162503518	
0.0307138129842249	0.969286187015775	
3.30104907339553e-06	0.0554378181386044	0.944558880812322	
5.31628577694194e-05	0.09453685182847	0.90540998531376	
6.99773739824124e-05	0.147159085229109	0.852770937396908	
0.000152617050642319	0.216089154899671	0.783758228049687	
0.000399077833370163	0.301346640325331	0.698254281841299	
0.000831771706611434	0.397659203734754	0.601509024558635	
0.00179114056687798	0.498831010635511	0.499377848797611	
0.00417917476013891	0.597530428185558	0.398290397054303	
0.00785163744949478	0.685891936846379	0.306256425704126	
9.87355270173314e-06	0.0148432408949388	0.760490649745591	0.224656235806768	
4.28624182316945e-05	0.0265714021945558	0.815200332348597	0.158185403038616	
0.000305036046732834	0.0442663063086702	0.849108835549491	0.106319822095106	
0.000733555044588963	0.0707008904634555	0.861068621936256	0.0674969325556992	
0.00133335533589663	0.107308701463721	0.850410072773478	0.0409478704269047	
0.00235215053763441	0.156790269871389	0.817543616909129	0.0233139626818469	
1.32244520117698e-05	0.00451945647502232	0.219916024729725	0.762313617879459	0.0132376764637815	
0.00014587650227932	0.0082453377538334	0.293805221715707	0.6904832159138	0.00732034811438044	
0.000229353223908578	0.0145921833762124	0.379675980401933	0.601723140743104	0.00377934225484135	
1.66323485874146e-05	0.000538888094232234	0.0256903256281206	0.465296604672359	0.506734437943044	0.00172311131365616	
3.32998115230668e-05	0.000749245759269003	0.0401895425271893	0.541924462707541	0.416277613868705	0.000825835325772056	
6.31160038932609e-05	0.00141180535024399	0.0644779808193786	0.608909986612763	0.324784990349895	0.000352120863825561	
1.65634213403121e-05	9.93805280418723e-05	0.00270315036273893	0.0974260443237155	0.656643588299599	0.242925762745553	0.000185510319011495	
2.32399088995571e-05	0.000212479167081665	0.00557425814890806	0.140641288686148	0.680079414088697	0.173386320325624	8.29996746412754e-05	
2.96750581136555e-05	0.00031323672453303	0.0100829253012843	0.193135169889708	0.677349687587583	0.119059630380665	2.96750581136555e-05	
2.3055058773932e-05	0.000477569074602877	0.0173406977778217	0.254517968124734	0.64942477628359	0.0782126401006518	3.29357982484742e-06	
9.25008259002312e-05	0.000895275850677238	0.0279418566237199	0.323541460191609	0.597733729765444	0.0497951767426495	
0.000111773349945921	0.00167331279771982	0.0429143914762958	0.395404800336635	0.529736642262819	0.0301525048736468	6.57490293799538e-06	
0.000263281741082154	0.00303761308773535	0.0668340699737047	0.459535241906555	0.453091421293569	0.017238371997354	
0.000492080169169182	0.00513691798220532	0.100537298346877	0.513754970674682	0.370978574563445	0.00910015826362198	
0.000808982729393599	0.00930497977543177	0.140836843960323	0.554294154176667	0.290314026283547	0.00444101307463789	
0.00135971540214256	0.0175854281588982	0.192039606759536	0.571874758095187	0.214865324228176	0.00227516735606033	
9.13356313829229e-05	0.00204659470320994	0.0305433116946819	0.248642651033615	0.563165354703616	0.154232053394134	0.00127869883936092	
0.000309860018182994	0.00384090220341118	0.0490225789206656	0.312648758346641	0.526857372455147	0.106510124931473	0.000810403124478601	
6.77678949597628e-06	0.00062007623888183	0.00570266836086404	0.0730097416349005	0.374072003388395	0.477316391359593	0.0689131723845828	0.000359169843286743	
5.75410995765652e-05	0.000866501264211805	0.0104250933350483	0.104684183982589	0.428457796988231	0.413287255323398	0.0420693133315958	0.000152314675349731	
0.000104934635876814	0.00166879920926674	0.0173277548726906	0.145838833939246	0.468164185470276	0.341562239779028	0.0252757072932957	5.75448003195429e-05	
0.000200234851724395	0.00273201789217184	0.027890339177476	0.192398542018775	0.490331032329444	0.272679142316072	0.0137483285480598	2.03628662770572e-05	
6.73634290679933e-06	0.000424389603128358	0.00487711226452271	0.0430149176313671	0.24223552275705	0.494797859190224	0.206809095410193	0.00782763045770082	6.73634290679933e-06	
2.68617726755333e-05	0.000637967101043916	0.00680274393007881	0.0652942539310526	0.290533575536984	0.47929460984954	0.15302144576776	0.00438854211086525	
9.41917340025432e-05	0.00162144342104378	0.0108993292202943	0.0945819569005537	0.340674681934698	0.442273923018441	0.107583780183405	0.00227069358756131	
0.000259069123732777	0.00336448980426646	0.0185779832150478	0.128999379597625	0.386728843256363	0.390389899031218	0.0705213425234696	0.00115899344827821	
0.000536770487879928	0.00503265068891244	0.0310164450066669	0.169886149953845	0.419617764709905	0.329354849738453	0.0441074908543882	0.000447878559950768	
2.40032644439644e-05	0.0008949788599821	0.00770161884873486	0.0483117132501449	0.214047396160163	0.43494600980019	0.267605537210203	0.0263487262839175	0.000120016322219822	
0.00170491893076249	0.0128211273006135	0.0691279579316389	0.264361716695881	0.431395842462752	0.205833013803681	0.0147280346187555	2.73882559158633e-05	
6.83629800790276e-06	0.00313786078562737	0.0192578514882621	0.0975505544237684	0.310166258767552	0.411637430098853	0.150774552564295	0.00744131038160215	2.7345192031611e-05	
6.8042254239883e-06	0.000231343664415602	0.00558967118580639	0.0292887883375576	0.133053226053379	0.349046557912464	0.373170939153214	0.105666218721826	0.00394645074591321	
5.04941696065494e-05	0.000696819540570382	0.00830124148331673	0.0432061777933375	0.170660194436216	0.378797161554413	0.326162039156545	0.0703114480381332	0.00181442382786201	
0.000224542118404075	0.00155503795432076	0.0136166362250113	0.0612061598270691	0.211079645424535	0.394295959917556	0.273016404980143	0.0442951220738308	0.000710491479129313	
0.000339244928120382	0.0032043530834341	0.019360472927583	0.0839177750906892	0.251346903130458	0.398676608894263	0.215769850866586	0.0270690581754669	0.000315732903399167	
0.000839262662249022	0.00527488380088241	0.0284944841231053	0.112929700797805	0.294240770638615	0.378753509567257	0.162695617296226	0.0166099855404144	0.000161785573445595	
1.34396408927953e-05	0.00149516004932348	0.00860473008161222	0.0408128294811963	0.14614601497848	0.329130085644112	0.344881344770468	0.120264626529179	0.00857449088960343	7.72779351335732e-05	
0.000174664861796428	0.00324809464148358	0.0134895016341241	0.0571859475400806	0.184170661005734	0.352510639441341	0.301568960710483	0.0831707046719492	0.00445395397580892	2.68715171994505e-05	
0.000599339710488445	0.00434775247608567	0.0205976466604588	0.0766477609413358	0.225165495640396	0.3601828494032	0.256046728180818	0.0545432997545077	0.00186912723270973	
3.71616599775679e-05	0.00124998310833637	0.00701004040485939	0.030810394454129	0.103735084661018	0.260969446358833	0.35730598235159	0.204753989810949	0.0334319806489101	0.000695936541398089	
0.000128723670928098	0.00238816284221865	0.0104333922752248	0.041980854047682	0.132371970759402	0.297145044477416	0.337869149001037	0.158072667899704	0.0192306389436529	0.000379396082735446	
6.81152510047e-06	0.000296301341870445	0.00343641441318711	0.0165145426060895	0.0596621483550167	0.164954703358082	0.320768340031333	0.307840065390641	0.116589469382195	0.00978816156937538	0.00014304202710987	
0.000129691062238058	0.000836166059166428	0.00594189840411735	0.0253238863633261	0.0824425605111193	0.198451215683062	0.331558613534286	0.269552634093733	0.0804767170414056	0.00524566217526041	4.09550722857026e-05	
0.000443690549732591	0.00162117700863831	0.00833455632651529	0.0364508851626467	0.109038659098899	0.237128707802469	0.327993119383475	0.224691720393042	0.0517309050945914	0.0025665791799916	
6.84645456350429e-06	5.47716365080343e-05	0.000626450592560642	0.00253661141577834	0.0134703993536947	0.0506534940880865	0.138722862365724	0.265087874244323	0.31390651850939	0.180366422248239	0.03317449558746	0.00139325350367312	
8.48588119087462e-05	0.000142562804006694	0.000787489774513165	0.00506776824719032	0.0193240486478597	0.0662917038631125	0.168651797139919	0.288316299341156	0.292786661552509	0.138387750460783	0.0195582589687278	0.000600800388313923	
8.47676011447017e-05	0.000176316610380979	0.00129524894549104	0.00859543475607275	0.0278207266956911	0.0858695799595828	0.197193175190897	0.303593468147726	0.262610028346286	0.100825975505554	0.0116911475498773	0.000244130691296741	
7.44662126484247e-05	0	0.000182780703773406	0.000436642792347581	0.00288387332620263	0.0124561664793729	0.0408548721212039	0.10932655465143	0.226268971960086	0.305924125698967	0.224884577370395	0.0703942647476949	0.00622808323968643	8.46206961913917e-05	
3.7058498524398e-05	1.34758176452356e-05	0.000481760480817174	0.00092309350869864	0.00467947767730807	0.0179666338755104	0.0534888891883515	0.137978896869568	0.252637891304055	0.300372606357891	0.182213268290053	0.046067082620238	0.00312302073928336	1.68447720565445e-05	
5.41176788927523e-05	9.13235831315195e-05	0.000497206174827162	0.00140705965121156	0.00656515092067701	0.0253000148823617	0.0686820992247642	0.167362304330767	0.277572957395857	0.277765751626913	0.145485232638372	0.0279010458241446	0.00131573606808004	
6.38649022026669e-05	0.000151258978901053	0.000433609072849686	0.00282013962884408	0.0100301509564609	0.0338719273419092	0.0902074937059458	0.198162707602949	0.29027942575369	0.249496643731324	0.107898071616085	0.0160334517635116	0.000551254945328282	
7.3683575930925e-05	0.000261241769209643	0.000576071593641777	0.00438752202134144	0.0152759449918613	0.0478105930188161	0.112977017422816	0.228609992832598	0.290510895121477	0.213846483618801	0.0765840294198423	0.00898604701012144	0.00010047760354217	
4.02186554233181e-05	0.000469217646605378	0.00129034852816479	0.00657575016171251	0.0211013878787676	0.064839175651626	0.140875895284027	0.249104297028177	0.282509241911861	0.175527618485835	0.0528406101170028	0.00479942621384929	2.68124369488787e-05	
7.34987054205295e-05	0.00052451348868287	0.00238202622567443	0.0100292324396559	0.0326534703081934	0.0807750772571619	0.169157270525349	0.266586486260753	0.263122024555249	0.138558423118684	0.0337826776914725	0.00235195857345694	3.34085024638771e-06	
0.000175962231201092	0.000574367282977148	0.00427953426449447	0.0152821537777099	0.0437747550638942	0.101769250434096	0.194175982151454	0.275951939070587	0.23741289039545	0.1037181151457	0.0215470732168884	0.00133797696554792	
2.96927787162162e-05	0.000290329391891892	0.00120420713682432	0.00675675675675676	0.0222036000844595	0.0574687236064189	0.123690218538851	0.220703125	0.276063661317568	0.202207823057432	0.0753173828125	0.0134409311655405	0.000623548353040541	
1.64382841061519e-05	0.000598353541463928	0.00193314221088346	0.0100832434707136	0.0313050682517556	0.0722791352147497	0.146945109281713	0.237980326661582	0.269469503695326	0.167772415244207	0.0535000394518819	0.00789366402777412	0.000223560663843665	
9.61461952629764e-05	0.000918361934063602	0.00347783995968491	0.0148595602471952	0.0404145558708856	0.092436278280243	0.170821950507917	0.251296315943028	0.248262737713179	0.13617616635281	0.03692676975307	0.00421385566135321	9.94615813065273e-05	
0.000397057801689481	0.00169080447219437	0.0060683667358209	0.0203922269317689	0.0527425113244194	0.115480952806371	0.196295450710237	0.25965925822985	0.217868924602032	0.103152308063913	0.0238896444016504	0.00232278813988346	3.97057801689481e-05	
5.61914741006885e-05	0.000869315158145946	0.00309714183719677	0.00855102020579301	0.0285452688431498	0.066338993247107	0.138379768425019	0.22105064835045	0.256504163127155	0.183597378171926	0.0775045696889967	0.0144180711780708	0.00108085953123089	6.61076165890453e-06	
0.000119546917183873	0.00124528038733201	0.00446640565589748	0.0130472177115399	0.0376539581652205	0.087086608420752	0.165027877676938	0.238944400721266	0.235709992461903	0.152883903339676	0.0548653934919987	0.00845130289535992	0.000498112154932805	
3.29144421989481e-06	0.000332435866209375	0.00211969007761225	0.00657959699556972	0.0185143737369083	0.0504018853392492	0.109345068429125	0.187997419507732	0.246618041064058	0.215671882508607	0.121766978915008	0.0365185736197329	0.00400897905983187	0.000121783436136108	
4.57664407765911e-05	0.000634192107904191	0.00318403666545713	0.00843410122882893	0.0268518246099228	0.0626084909823767	0.132124445490535	0.213255268861494	0.24509890454755	0.188309289606768	0.0951190090911766	0.0220855767061893	0.00220986528321254	3.92283778085067e-05	
7.86423705431894e-05	0.000117963555814784	0.00113048407655835	0.00473164929434856	0.0135232109679893	0.035572565609036	0.0796155698786614	0.152261459667933	0.229625891689795	0.235956602518522	0.161652669416965	0.0701031198083748	0.0144996870689005	0.00112393054567975	6.55353087859912e-06	
0.000279610781791746	0.000302637552056949	0.00197701270419811	0.00664157845220629	0.0193556451772074	0.048790436653355	0.0994953847773311	0.174082383204932	0.237244814042382	0.220339875129114	0.133545398922347	0.0487575412672619	0.00854293176839017	0.000644749567425673	
0.000298828397792568	0.000574919852274831	0.00300127651696014	0.00989381847474088	0.0279437033283637	0.0618607264778201	0.121905745625575	0.195976210661028	0.239429757461778	0.196310768541165	0.104801067986709	0.0331342226726302	0.00468056218716402	0.000188391815999662	
0.000396363849017862	0.00103314511465312	0.00455493537969707	0.015812318468606	0.0386357286272166	0.0796431425805236	0.144136739030143	0.212083899180631	0.232584357273277	0.168269449444116	0.0783013534850779	0.0219657047804079	0.0024626540783241	0.000120208708308696	
6.48994545200848e-05	0.000817733126953068	0.00177500008112432	0.00677225807917084	0.0228575878819739	0.0481878449811629	0.0990852421885394	0.166525510353085	0.224811710457574	0.216397496179045	0.140231496354273	0.0586106973770885	0.0124185106224182	0.00136937849037379	7.46343726980975e-05	
4.58088201611162e-05	0.000163602929146843	0.000912904344639386	0.00276816156116459	0.00923374932104784	0.0311074609479808	0.0609944440445262	0.122600763044062	0.184020574704369	0.229950461033054	0.197743588401207	0.111871682950612	0.0404884529052608	0.00743411710043257	0.000664227892336184	
3.90710213490572e-05	7.81420426981145e-05	0.000322335926129722	0.00145539554525238	0.00531691482191754	0.0148632677048705	0.0383058805143049	0.0794606896686452	0.141010571967193	0.198803124379341	0.225820735642214	0.173888836432425	0.0890135543884897	0.0270566822842221	0.00420339071346941	0.00036140694747878	
6.47798456944076e-05	3.56289151319242e-05	0.000634842487805194	0.00275314344201232	0.00825619133375224	0.0205416890696966	0.0488796325687152	0.0979212147516665	0.161499394308443	0.209345788338332	0.217903205954563	0.144423426983397	0.0679702530948571	0.0175650551600386	0.00199845823967247	0.000207295506222104	
0.000192657810829296	0.000263299008133371	0.00133254985823596	0.00394306319497292	0.0117071729713935	0.0282950104837959	0.0636926722601651	0.11576486756381	0.176426390266927	0.218493223261504	0.202749869153237	0.115649272877312	0.0497570906101794	0.0107727825888714	0.000854116294676544	0.000105961795956113	
0.000247416401804237	0.000434564705733082	0.00136713422022597	0.00631863426146204	0.015682393468207	0.0394216800208084	0.079496793102792	0.133836413350335	0.191452714919209	0.222005468536881	0.176978855413661	0.0934409277480667	0.0328239093060287	0.00602680978753909	0.000459940746943773	6.34401030267273e-06	
0.000133097982297968	0.000446828940571751	0.000564081924977104	0.001993300734891	0.0075041910019426	0.0197396983746201	0.0526497589975821	0.0993354607883837	0.156878155135205	0.206837433490621	0.208925804212868	0.149694033090694	0.0697306667258213	0.0222210250446037	0.00307709859074589	0.00026936496417446	
0.000307981483010217	0.000657238834877474	0.000923944449030652	0.00340684671412333	0.0114588162080812	0.0265403836750764	0.0657619842897693	0.119077706585724	0.175330365704198	0.206068187735352	0.196796992576694	0.127266203953593	0.0502168570648412	0.0146338830432381	0.00127002673406275	0.000282580948328962	
1.59913007324016e-05	0.000486135542265008	0.000662039850321425	0.00151597530943167	0.00508203537275722	0.0163686954296863	0.0362586752806473	0.0803498896600249	0.140246905683308	0.184680333898359	0.208437010266415	0.179131352544216	0.10143601880577	0.0359932196884895	0.0085617424121278	0.000665238110467906	0.000108740844980331	
1.284529765766e-05	0.000780351832702843	0.000761083886216353	0.00157997161189218	0.00697499662810936	0.0243065144927071	0.0467247702297382	0.101240213488847	0.162945812111831	0.186818797808592	0.200977527151748	0.158841739510209	0.0765194381466805	0.0259089653755002	0.0052055568757667	0.000385358929729799	1.6056622072075e-05	
