# <P(U)> as a function of N_tot.
# number_of_species: 1
# species_total_upper_bound: 496
# species_total_lower_bound: 473
# volume: 729
# Bin widths for each
10	10	10	10	10	10	10	10	10	10	10	10	10	10	10	10	10	10	10	10	10	10	10	10	
# Bin lower bound for each
-2450	-2460	-2470	-2480	-2490	-2500	-2510	-2520	-2530	-2540	-2550	-2560	-2570	-2590	-2600	-2610	-2610	-2630	-2640	-2650	-2660	-2670	-2680	-2680	
# Bin upper bound for each
-2330	-2330	-2330	-2350	-2360	-2370	-2380	-2390	-2400	-2400	-2420	-2430	-2440	-2450	-2460	-2470	-2470	-2480	-2500	-2510	-2520	-2530	-2540	-2540	
# Normalized histogram for each
0.000217227361075552	0.00298577265332883	0.0148720588925447	0.0483167086639565	0.113395121933087	0.177035420373278	0.225172538930163	0.195714417809763	0.13044119690185	0.0638791323730103	0.0221255941226408	0.00525283638528095	0.000591973600021932	
0.000219169974638242	0.00261593698632037	0.0138214643236133	0.0423313628072252	0.106376042964713	0.183924992081675	0.229052737197167	0.200659821843478	0.130011143452297	0.0628199407686208	0.0216173726883694	0.00593481311598207	0.000594047731891312	2.1154064007805e-05	
0.000151777745490774	0.00263234736371373	0.012687652485334	0.0398142391347418	0.10394523075878	0.188665516284915	0.228049305714108	0.202640154424127	0.129719143949929	0.0616324964290364	0.0228804656498776	0.00659272051761518	0.000483990573033517	0.000104723106445849	2.35862852355515e-07	
8.36770488550089e-05	0.00261086966079098	0.0135622400576728	0.042694847898443	0.107686653862904	0.185253577892159	0.226723388937481	0.205927516972839	0.129476084516491	0.060843780414907	0.0195521322588018	0.00472829977223812	0.000819282106786488	3.7648599629975e-05	
0.000124224173467749	0.00299299215996687	0.0124899120778313	0.0429966838072641	0.10980618609773	0.179862572018571	0.222706122618815	0.207021943770841	0.132924341067568	0.0636112438964442	0.0194520298737969	0.00539050661206448	0.000610476536992919	1.0765288645209e-05	
0.000216034803647755	0.00295651711726783	0.0153324700922226	0.0445500750671955	0.107276956005933	0.18061966962596	0.223176321507796	0.204566711216701	0.133764121101469	0.0627890950431892	0.0190831967909279	0.00494222477392582	0.000710930858942867	1.56759948225128e-05	
0.000247024018510174	0.00245456941201465	0.0131282798718729	0.0430880466572746	0.104940229159337	0.180505295106376	0.227414019791349	0.204125576244831	0.135955799328454	0.0606049803630858	0.0206411595127993	0.0061144724852925	0.000775404207255664	5.14384154766948e-06	
0.000293797904225308	0.00199126972555704	0.011777846708436	0.0401448783270595	0.109449504433144	0.186842379503719	0.225194870450047	0.2030747748691	0.132654157056874	0.0600759226624108	0.0204604187439638	0.00591656628775462	0.00205230434429494	7.13089834152184e-05	
8.32321344229055e-05	0.00228173876942793	0.0123261275697922	0.0421376468971963	0.102766616092281	0.181719315170009	0.226878514176037	0.205188896833268	0.131803474891472	0.0641490366632538	0.0226340012294289	0.00630608767853544	0.00165185702925459	7.34548656202148e-05	
0.000140680517361243	0.0028389558817449	0.0138533827392046	0.0413351105929357	0.097804577480339	0.175857175096809	0.225960688563928	0.209951783320769	0.135736346021334	0.0630269199018385	0.024601937499704	0.00721349273370407	0.00159868879101416	4.82589217881607e-05	3.20019375253055e-05	
0.000344938111548703	0.00327769541651408	0.011333867321553	0.0444475343518277	0.0999158544235832	0.182347315599441	0.224262779650218	0.206714020585311	0.132157384214969	0.0606777733605158	0.0255929194989911	0.00718547082028555	0.00147466917863081	0.000267777466611048	
0.000301677716941128	0.00373334440763444	0.0157191151651047	0.0420219469547149	0.102802005383115	0.184953701530039	0.222479050195284	0.20031929432014	0.134727866464032	0.0624580002060561	0.0226402447596888	0.00609452471475849	0.00160480377788849	0.000144424404603118	
0.000422225287466181	0.00333802351862733	0.0118771566072963	0.0416452612474843	0.102139419604504	0.177510977857474	0.227041669698724	0.203563092676686	0.132879321224654	0.0715369109074775	0.0218962504222253	0.0051153068749681	0.000930796325037987	0.000103587747375143	
2.86684247210583e-05	0.000481023087867757	0.00235839142020206	0.011080346154689	0.0416040865736808	0.0977585013250188	0.180244588524719	0.233791417087125	0.201927841299319	0.131283191799066	0.0687335130714923	0.0227785795594959	0.00690812555502001	0.000937512619964608	8.42134976181087e-05	
2.75194131354794e-06	0.000316473251058013	0.00273760225091419	0.0118440657354773	0.0411751252893702	0.0981762305559052	0.176663624564523	0.233828542758723	0.206732204390447	0.134906391267829	0.063921947992075	0.0219287719374985	0.00663739277024462	0.000976214971227005	0.000152660323393659	
9.74293198998786e-06	0.00028599252672149	0.00162017464430429	0.0140535048848813	0.0480386503610955	0.101353922796707	0.170004720075821	0.224287240821146	0.20190832560519	0.143169237876383	0.0659681933741167	0.0231943236778879	0.00482709818162414	0.00111968772254168	0.000159184519590263	
0.000244120278176208	0.00177591744819461	0.0151747525511361	0.0465161402223423	0.100055920240608	0.172977929137468	0.219398206090196	0.209779636827905	0.141843957339406	0.0625897908496638	0.0224446717078848	0.00503771557540632	0.00183766721195498	0.000293059484886062	3.05150347720261e-05	
6.44075457590565e-06	0.000483772232590247	0.00186123494455727	0.0111249006871426	0.0446344292110262	0.106787424612757	0.175103220248473	0.222395534181156	0.209613785161332	0.135430318979086	0.0619262808406587	0.0230471667907824	0.00624237933496776	0.00128285518364094	4.73753281027727e-05	1.28815091518113e-05	
0.000103164847240362	0.000675591517259523	0.00256166027597542	0.0147342392050865	0.0454776546977983	0.101798967944106	0.180029351781362	0.231598388707683	0.197826379236889	0.134155189031758	0.0617827933257437	0.0214603253315826	0.00633190619536192	0.00134579925546701	0.000118588646686735	
0.000326092176303206	0.000510405145518062	0.0022471242069702	0.0140582468619917	0.0432902227991637	0.10150446032812	0.180679915145907	0.227342501213889	0.200369997995272	0.135875856296864	0.0660788673518312	0.0223194011124332	0.00494367325533444	0.000442107204899158	1.1128905502634e-05	
3.16217581142203e-05	0.000915488460526328	0.00370375626380753	0.0149617191623844	0.043924164545438	0.09574281669345	0.189259924373095	0.235301975449793	0.198538673718679	0.132601446456342	0.0598166431637307	0.0201762242016586	0.00398989461162157	0.000957445134707147	7.82060066532179e-05	
1.21253447945496e-05	0.00150099005035688	0.00403789936059547	0.0134889674519051	0.0466115803743636	0.103284325136015	0.186646389686565	0.228796800440597	0.20352582690464	0.124053923961006	0.0613544042044314	0.0210693820206345	0.00491587005012713	0.000501765912879717	0.000199749101089159	
0.000179656825520452	0.00161491524273384	0.00372421945347396	0.0124685163889444	0.0444401119794339	0.10735027641367	0.191936203195862	0.226163490040108	0.20024516502727	0.135446940435944	0.0568321078686196	0.0170352930843268	0.00219414215612478	0.000157532420155433	0.000211429467811569	
0.0003715350030039	0.00338418098480827	0.0146829489485004	0.04160334257041	0.109470795565934	0.179744900602193	0.226351771830078	0.213592933535432	0.136652895147406	0.0536128877738914	0.0165579476870643	0.00366472439133181	6.49219154185176e-05	0.000209734788929771	3.44792555979174e-05	
