# <P(U)> as a function of N_tot.
# number_of_species: 1
# species_total_upper_bound: 496
# species_total_lower_bound: 473
# volume: 729
# Bin widths for each
10	10	10	10	10	10	10	10	10	10	10	10	10	10	10	10	10	10	10	10	10	10	10	10	
# Bin lower bound for each
-2470	-2480	-2490	-2500	-2510	-2520	-2530	-2530	-2550	-2560	-2570	-2580	-2590	-2600	-2610	-2610	-2620	-2640	-2640	-2650	-2660	-2670	-2680	-2690	
# Bin upper bound for each
-2320	-2330	-2330	-2330	-2350	-2350	-2360	-2370	-2390	-2400	-2400	-2410	-2430	-2440	-2450	-2450	-2470	-2480	-2490	-2500	-2510	-2520	-2530	-2540	
# Normalized histogram for each
1.18345177084758e-06	6.59957640176642e-05	0.000565721365538708	0.00322442431643171	0.0143924439809177	0.0476523924823331	0.113161433158419	0.189930090571449	0.229687545377652	0.197962366254633	0.123428982174609	0.0558418368445003	0.0188966038191287	0.00451358032376748	0.000655312853801678	2.00872610308466e-05	
7.62958935124428e-07	6.50935516305124e-05	0.000526857346310854	0.00312124921823676	0.0140246006479563	0.0464288083780594	0.111687685317135	0.18999521740507	0.230162316566848	0.199431298828615	0.124042489825035	0.0563248961598419	0.019026385787702	0.00441948435688721	0.000687762754835717	5.50908969017432e-05	
5.82817204577885e-06	7.86882485092825e-05	0.000542780885819167	0.00301110421593797	0.0133772558750986	0.046307056721123	0.110308464908941	0.187629951592249	0.229524315905228	0.200658119512337	0.12669023594237	0.0570517278115361	0.0193655784798398	0.00463010488955418	0.000749953115711186	6.6107217103118e-05	2.72650659621205e-06	
9.3010995755676e-06	5.90413014107011e-05	0.000483906409218028	0.00302865861800911	0.0134170164327309	0.0446052471755546	0.109083810193214	0.186287841754295	0.22984884164774	0.20120925006125	0.128264210025319	0.0584169876385629	0.0196313971056527	0.00472576460898098	0.000833424125993861	8.89066336852716e-05	6.37395763388384e-06	2.1211173490462e-08	
2.70904739131463e-06	7.76065506096682e-05	0.00051226343507695	0.00281823309085229	0.012805381855861	0.0445725904245958	0.107721351166378	0.183858510246362	0.228777647505281	0.202851087023485	0.130107857368581	0.0604786222416551	0.0195688011907642	0.00491965646659804	0.000814018573545763	0.000106249577998539	7.4142349657032e-06	
3.79100536311673e-06	7.228360295856e-05	0.000457608811013309	0.00281436284999682	0.0130426278723208	0.0443034330660597	0.107444329364603	0.184134634071988	0.228166694779313	0.202584386148986	0.129877945586645	0.060955813828297	0.0202181738962579	0.00493604274383467	0.000861480783767613	0.000113788484052934	1.18183929431989e-05	7.84711599638148e-07	
1.60482809407189e-06	4.22710660686064e-05	0.000473964526911587	0.00295816426606188	0.0126020741508014	0.0445558857788021	0.107479421032471	0.183829843223284	0.226257933511379	0.203438559757567	0.13073910559138	0.060942070424952	0.0205033684732601	0.00516473933786244	0.000907146293676794	8.99180414292357e-05	1.04234379179323e-05	3.50625808011746e-06	
2.40092896546847e-05	0.000507774534211982	0.00284351730013132	0.0129677499089606	0.0442605200911253	0.106547591305423	0.18316726731748	0.227873685546246	0.202728097173912	0.130355173318547	0.0615729627164706	0.0206316568643714	0.00537327479493827	0.000978892736079562	0.000159372829346215	7.81451885259282e-06	6.39754249772484e-07	
2.85383973846012e-06	1.3648568117208e-05	0.000380032788815053	0.00276242668973729	0.01314626049603	0.0444381146019713	0.107254294052772	0.18098633093516	0.227168449280351	0.203917262114847	0.131573103725341	0.0611969701939885	0.0209318376610345	0.00524646608706914	0.000845378411298608	0.000130507470418837	6.0630833105203e-06	
7.08975012008165e-06	2.39817579080631e-05	0.000388080050459023	0.00277215080201668	0.0129600100330867	0.0440090733909339	0.105342735700019	0.181940082197489	0.229338588010047	0.204258243270548	0.131751916612625	0.0603184451949285	0.0207382371179426	0.00524467057420221	0.000795525277352567	0.000100091528514491	1.10787318080496e-05	
2.51921825422365e-06	3.16095595687851e-05	0.000420513214612389	0.00284953815171745	0.0126786102538919	0.0436232128831443	0.105735302661931	0.183689568031237	0.227748642797684	0.203497040886461	0.132087338592029	0.0611689846259005	0.0206182792726333	0.00493962481309058	0.000786139292986966	0.000114011862760096	8.09862373515686e-06	9.65258362670956e-07	
4.0204433126849e-06	4.77588033407104e-05	0.000415992917176462	0.00268677886305392	0.0126787620349324	0.0434208412403388	0.106575552657248	0.182143388148407	0.227375546027794	0.205037850709499	0.13198966767454	0.0615169047077413	0.0202349072317457	0.00500222273844049	0.000768567618162673	9.16147827209687e-05	8.85887575680702e-06	7.64525789513219e-07	
2.84192202833016e-07	7.25548055949723e-05	0.000460750630430802	0.0026326386004703	0.0122919240538699	0.0427100664980263	0.10595469799337	0.181630706120302	0.227475798688003	0.204421344325101	0.132952635535484	0.0624238683272106	0.0210182815750071	0.00500608854983985	0.000848903558330356	9.30434547841224e-05	6.4130919733639e-06	
1.8376150615014e-06	6.8126085861919e-05	0.000484190076131801	0.00275857184963398	0.0126059211127436	0.0432327420878515	0.10486066109169	0.183428253046794	0.226798123128752	0.204910515803234	0.132092359285231	0.0624105818257345	0.0205898051211914	0.00485913780552063	0.000795526127326467	0.000102449726250431	1.19821099039419e-06	
4.34496375171077e-07	6.83553988741362e-05	0.000517833852759445	0.00289965179085003	0.0129153296538213	0.042924352856137	0.105296221685501	0.183024361798716	0.226925837996932	0.203772218139774	0.132987319373487	0.0611071035227684	0.0215238239538914	0.00508367732348774	0.000830842895771577	0.0001149377016147	7.69755923914192e-06	
3.60171696925307e-05	0.000432495546159043	0.00289654067469691	0.0133749582730527	0.0435333332418339	0.104694283175545	0.182863186137805	0.226321847283855	0.204863463080782	0.133529592774589	0.0606553906798159	0.020619679532756	0.00509143278595671	0.000941319827791822	0.00012894983111711	1.74778167903617e-05	3.21677609638559e-08	
2.7873820105122e-05	0.000431352308293448	0.00289614173488633	0.0134329960515614	0.0431578205382588	0.105332943537968	0.183854878580769	0.226606495760559	0.204240958184499	0.133310041569606	0.0606100483395728	0.0201319400355643	0.00497666033732729	0.000870537282922742	0.000110074073568281	9.23784453934366e-06	
4.81950710279679e-07	1.15614620388203e-05	0.000412324897667941	0.00294600939671081	0.0133815649612152	0.0442498599986737	0.107345026285806	0.182451887610294	0.225108996901635	0.203391001984523	0.133096787997722	0.0616052531513579	0.0201843742069233	0.00492010092604794	0.000811176595479619	8.08981042243901e-05	2.6935689696742e-06	
1.33791682224292e-05	0.00038368327692883	0.00318079620982841	0.0135248288646982	0.0461680956143002	0.108376500471589	0.183475228735918	0.22514933831824	0.201539046772764	0.132085684064534	0.0602528128903543	0.0201019875488228	0.00482168525364244	0.000848678501905819	7.43405293122261e-05	3.91377893947056e-06	
4.8855018531126e-05	0.00041614936365462	0.00299722192454312	0.0132435714699099	0.0464625567234491	0.108071098701032	0.18302610088129	0.227198760529377	0.20215913474331	0.131321009744319	0.0597816309209542	0.019739817653822	0.00473377403626544	0.000712912529056998	8.34752632349616e-05	3.93049725081901e-06	
2.10375105710149e-05	0.000407983356212272	0.00318077001950624	0.0140353181897545	0.0468931777657454	0.109358310163647	0.185459908797393	0.226605216321049	0.201391425760796	0.128136921378509	0.0598142189470546	0.0191146607198071	0.00472859617210546	0.000793239785502718	5.69001842458226e-05	2.31492810095285e-06	
1.04315878848481e-05	0.000518296764173917	0.00313695197977026	0.0141468182591301	0.0474270804428473	0.110682954880716	0.185902489736212	0.225103326002555	0.200296238888846	0.129211570198915	0.0591652247102726	0.018968348516738	0.00458495598164439	0.000750613795595049	9.29150315143732e-05	1.78322318565421e-06	
2.48179826106239e-05	0.000439524863957521	0.00316110343087758	0.0143087301504515	0.0468659138645333	0.110472902424044	0.186619265141786	0.225775486108968	0.200958538027641	0.129319078069944	0.0581297616421987	0.0184335056616143	0.00469130090686838	0.000717421946131427	7.90959290285887e-05	3.55384934575456e-06	
9.5221024562835e-06	0.000348887269122145	0.00329046883925635	0.0151801603158696	0.0474057176132135	0.110639488584228	0.188307174518401	0.227778138047872	0.200619365207704	0.127511964826315	0.0562253058539919	0.0176340681033592	0.00426717365147258	0.000728403433462818	5.00257705924389e-05	4.13586268303223e-06	
