# <P(U)> as a function of N_tot.
# number_of_species: 1
# species_total_upper_bound: 496
# species_total_lower_bound: 473
# volume: 729
# Bin widths for each
10	10	10	10	10	10	10	10	10	10	10	10	10	10	10	10	10	10	10	10	10	10	10	10	
# Bin lower bound for each
-2470	-2480	-2490	-2490	-2500	-2510	-2520	-2530	-2540	-2550	-2560	-2570	-2580	-2590	-2600	-2610	-2620	-2630	-2640	-2650	-2660	-2670	-2680	-2680	
# Bin upper bound for each
-2320	-2330	-2330	-2340	-2350	-2370	-2380	-2380	-2390	-2400	-2410	-2420	-2430	-2450	-2460	-2470	-2470	-2480	-2490	-2500	-2520	-2530	-2540	-2540	
# Normalized histogram for each
1.05047109163958e-06	6.96812490787587e-05	0.000780272419018352	0.0039102910993707	0.0146837125210079	0.0492581827014688	0.113649662043316	0.189591473718325	0.230384802792698	0.196093119430107	0.122789198236868	0.0546969617627297	0.0191705721868765	0.00432267103424534	0.000589489360925077	8.85897287282712e-06	
8.94883618718446e-07	9.56472667771421e-05	0.000673426243192063	0.00354596756580303	0.0148599109703099	0.0475208117906918	0.112152991549439	0.188579930417008	0.229946996043263	0.198150570345301	0.124714420265176	0.0557997837224214	0.0188323695407515	0.00437520883907783	0.000717170260083535	3.39002970855694e-05	
1.0616273997822e-06	0.000113753375886662	0.000535060209490227	0.00312642191719858	0.0140169142723843	0.0469657061085545	0.112824823481443	0.18814435032685	0.227759719888903	0.198667838089931	0.126575056951002	0.0564985362635288	0.0194956547944403	0.00444866114983731	0.000727780970130688	9.16184446012036e-05	7.04212841855524e-06	
4.71704470410652e-05	0.000476232548093355	0.0033706546766022	0.0141489592088657	0.0451556485701151	0.110077372368643	0.187002317020916	0.229880057283392	0.199756111318262	0.127266561372816	0.0578738600207892	0.0191431614867241	0.0046971853397816	0.000978029125308738	0.000117355651122953	9.32356152776913e-06	
7.77153693864495e-05	0.000413036849555944	0.00305780362485821	0.0132621206494	0.0456641487493579	0.110549898860298	0.183281868310307	0.227209820739224	0.202344970282167	0.129976600287643	0.0593487441340819	0.0189104365871399	0.00493754858214143	0.000843950374990038	0.000113629290087763	7.70730936063962e-06	
7.67545742373065e-05	0.000467197847635608	0.00306329681303105	0.0135126167241727	0.0449238823502866	0.109542010363935	0.185354655486761	0.224368615415983	0.202972176601685	0.130068581983064	0.059984248141839	0.0197169717776361	0.00501407481835964	0.000850683046489557	8.4234054884465e-05	
3.96387953686828e-05	0.000423320614649659	0.00308467657566565	0.0131190656741354	0.0445894999111657	0.106312751471052	0.18331757314136	0.228983347796365	0.202666101756516	0.130741398960602	0.0595969831365343	0.0207309994782883	0.00535134597421154	0.000966426410920296	7.68703031647469e-05	
2.89283894520956e-05	0.000562679090289814	0.00305543329577269	0.0123711417399769	0.0438957993567816	0.106766686329692	0.182999676747163	0.228790851762093	0.202991823712148	0.131614711839272	0.0595225172081913	0.0209350225272528	0.00541492332333137	0.000904213061971404	0.00014064237826426	4.94923834691787e-06	
1.42116116760675e-05	0.000323809811800463	0.0025311491846426	0.0136049592929043	0.0439818623518509	0.107383901323462	0.180426971660082	0.228442300634249	0.204286470367808	0.130159445018591	0.0605893812912785	0.0216889761176738	0.00544901355480175	0.000950158339959242	0.000160255840138602	7.13359908120726e-06	
2.49310934874859e-05	0.000369458980308925	0.00280395314001792	0.0136426571944721	0.0455206605449267	0.107882845182024	0.182062779598099	0.227204536149805	0.202207608116876	0.131342985450752	0.0595915228297184	0.0207433617924353	0.00549879300216188	0.00101022361862946	7.99740103169466e-05	1.37092959687376e-05	
4.59643299260502e-05	0.000588614137895811	0.00290944104286373	0.0131719356862368	0.0460399775665092	0.109428162937849	0.183768460416857	0.226816028560645	0.201094286586129	0.128572945010304	0.0604177191023904	0.0209857383226867	0.00509456736698817	0.000971179964783431	9.49599035096044e-05	1.90644255188927e-08	
8.75057030253156e-05	0.000514162001195005	0.00225455755122007	0.0131063597697937	0.0457004449239692	0.109157840421041	0.184663861947561	0.226341058630112	0.201033959565208	0.129418294937591	0.0621760577982697	0.0196484621170897	0.0049700501709793	0.000837747336091748	8.95784638120605e-05	5.86630411342898e-08	
4.68493847720311e-05	0.000489588849759921	0.00254628273920233	0.0123540038598939	0.0443555151506644	0.106929346429063	0.185300326280505	0.22658949709928	0.202909580746369	0.130224480508051	0.0619018581472584	0.0208881216048818	0.00473982873414122	0.000646238408242315	7.72828080314119e-05	1.19924988296009e-06	
9.31919628939216e-05	0.000505746527599766	0.00313198630434444	0.0123422936838217	0.0439712262490643	0.106387612294039	0.1856158244862	0.228145782000721	0.203382808869895	0.127777958786428	0.0625224047691165	0.0206389912401534	0.00472602809955419	0.000653234487566335	0.000104910238601908	
0.000143359459146888	0.000641944141498087	0.00294226051011968	0.0131499577825433	0.0429049592832757	0.105431302426835	0.186118341726149	0.22808868777839	0.202827196098623	0.130455798785995	0.0598236960293932	0.0208579087801857	0.0055002391274653	0.000998399066759275	0.000115949003621016	
8.88384290137425e-05	0.000537492325539619	0.00276212160208129	0.0136435203758373	0.0449091941368937	0.106613015658745	0.18505897453841	0.228832484374401	0.201522044215084	0.131409526577037	0.0580953155833491	0.0198276863655241	0.0054668749954267	0.00110768433175863	0.00012522649089772	
1.14025791267237e-05	0.00050399790239404	0.00291009829784681	0.0146249206529859	0.04460710431835	0.106206941230229	0.184293423662066	0.22640674097048	0.202875820270595	0.131592030635919	0.0595248603852787	0.0202725360896022	0.00507893132763529	0.000959769143070601	0.000127283241998479	4.13929242271477e-06	
3.60007305017794e-06	0.000419056329286473	0.00333143716442281	0.0138488157931448	0.0450214178911187	0.107687498163278	0.184311179044663	0.226309494288738	0.202094855116038	0.130594958637704	0.0605530330478488	0.0198066432069732	0.00489891679671604	0.000958225965393828	0.000156114037322662	4.75444429996325e-06	
1.37496499802608e-05	0.000445457630531158	0.00384245507544282	0.0142893964658047	0.0464204085608618	0.10894119181617	0.185170434280852	0.228840428020204	0.199875520094086	0.127326684643865	0.0586716957676037	0.0198691169073007	0.00518838872506206	0.000969049731824616	0.00012174936893664	1.42732614745726e-05	
5.4808069985283e-05	0.00042786030537767	0.00307150483771529	0.0137880556784734	0.0459784937949962	0.107253313965485	0.184801935831908	0.230685302083748	0.199355944970367	0.129755600289368	0.0598817202229426	0.0195077691507398	0.00470471540511515	0.000692248064665288	3.28032708026729e-05	7.92405831112525e-06	
6.66438346955475e-06	0.000304837424108849	0.00325252910446688	0.0149294782303071	0.0467116130252895	0.10968174507966	0.187004944313845	0.230701040058408	0.199881230612505	0.124797574195414	0.0589162108376901	0.0188308354358753	0.00424356554744675	0.000699411546563563	3.83202049499398e-05	
3.22527615316562e-06	0.000455266076398642	0.00323960642206172	0.0141208383894848	0.047743318695601	0.112706232268706	0.187989508080109	0.227625621995472	0.198806543532962	0.126117085017816	0.0581714862721432	0.0181914459032735	0.00405919351255208	0.000673812333579613	9.68162236875405e-05	
2.14600073183324e-05	0.000396442306728355	0.00258645954992256	0.015077965616369	0.0483896535822235	0.109109980657798	0.188434822198357	0.226808311069228	0.199864097063143	0.128803747136577	0.0575144643582173	0.0177738986160332	0.00438537990791934	0.000693416696324292	0.000139901233840771	
0.000134160136582472	0.00253306837741545	0.0151514775083792	0.0461756403079783	0.109731112962369	0.191670600374375	0.226575644034649	0.199034481794827	0.129466278678864	0.0557553184634006	0.018397329840615	0.00470103950814161	0.000635125577148678	3.4743438148528e-05	3.97899710639566e-06	
