# <P(U)> as a function of N_tot.
# number_of_species: 1
# species_total_upper_bound: 496
# species_total_lower_bound: 473
# volume: 729
# Bin widths for each
10	10	10	10	10	10	10	10	10	10	10	10	10	10	10	10	10	10	10	10	10	10	10	10	
# Bin lower bound for each
-2460	-2470	-2480	-2490	-2500	-2510	-2520	-2520	-2530	-2550	-2560	-2570	-2580	-2590	-2600	-2610	-2610	-2630	-2640	-2650	-2660	-2670	-2680	-2680	
# Bin upper bound for each
-2320	-2330	-2330	-2350	-2350	-2370	-2380	-2390	-2390	-2400	-2410	-2430	-2440	-2450	-2460	-2470	-2470	-2480	-2490	-2500	-2520	-2530	-2540	-2540	
# Normalized histogram for each
6.34124251026537e-05	0.00060018701945942	0.00313625498144715	0.013752301542814	0.0458132032134397	0.111098096833519	0.186333850114565	0.223780131359825	0.201324796253261	0.128865159999459	0.0592127034222759	0.0205329260865545	0.0048113212201872	0.000663213306655494	1.24422214342149e-05	
5.95472086881265e-05	0.000642878186016985	0.00296071467289985	0.0131884625824518	0.0436371640993654	0.106136678776744	0.185511348998682	0.230888896105866	0.203452176491234	0.128142504192651	0.0595001887020154	0.0197710461307678	0.00513894985065363	0.000920021534810427	4.94224671532577e-05	
7.58923662922687e-05	0.000565782586485694	0.00309004001530358	0.0122040311748638	0.0436285969213069	0.106249747224553	0.184223701676882	0.2287232145452	0.203835427295091	0.131089879107848	0.0595942308421624	0.0205110523308492	0.00517792719832535	0.000910882161657865	0.00010391215808306	1.56823950953114e-05	
5.05197049331831e-05	0.000414958099944199	0.00364010784943082	0.0129805224054891	0.0417669235941922	0.106707623776143	0.181857051453129	0.22862754184429	0.207141678853554	0.129841328451349	0.0614167083035439	0.0192304182581917	0.00508225586617092	0.00109772353624886	0.000144638003390727	
8.00112684001738e-05	0.000189301385566565	0.00326195390331016	0.012414891310407	0.0416534267067766	0.107556334527289	0.179789100847434	0.228339323041364	0.208114232879215	0.132139840705478	0.061302215925267	0.019031559433689	0.00509267327143568	0.000874145088389591	0.000155934048909569	5.05565706924175e-06	
4.98855667330312e-05	0.000232491375823695	0.00268981744082116	0.0133424974967035	0.0434871489237255	0.106306142708089	0.182594371482771	0.226420953416119	0.20747376410708	0.131951547125628	0.0592164552336866	0.0200508304891082	0.0052270747886704	0.000869742098658518	8.72777463830105e-05	
3.29135625337282e-06	0.000167420321421564	0.00258586501164987	0.013457872987791	0.0425414378460943	0.104489458202826	0.182749132958022	0.232361940002613	0.203921813349469	0.132062904927331	0.058810480152266	0.0198094006312997	0.00598030654287832	0.000961558758235357	9.71169518495206e-05	
0.000137029733844857	0.00250622873588977	0.0112399208469107	0.0420266934278727	0.107430373692006	0.184367099665445	0.229619952565119	0.205677344136045	0.131571628353037	0.0594281747867165	0.019272435069271	0.00536166227738417	0.00119455636992027	0.000166900340538311	
0.000206487301369322	0.00205174480641804	0.013012173773072	0.0428672961108205	0.107962767501885	0.180489390694185	0.229947317541829	0.205509723625522	0.130460770300043	0.0605876690854449	0.0204058808593986	0.00526680216540531	0.00108260340200123	0.00014901191969038	3.60912914781423e-07	
1.3589103131547e-05	0.000207634175121079	0.00226585712215647	0.0126168645711355	0.0454484580188451	0.108928557783909	0.180177689648402	0.224221620061762	0.205006811251979	0.133392512276062	0.0600399519632068	0.0210232118810673	0.00542186913126328	0.00113260827918625	9.04110026529864e-05	1.23537301195882e-05	
2.13871209284912e-05	0.000507909022837888	0.002538983526769	0.0120717895919131	0.0458747192062898	0.106657291276675	0.184600570947211	0.226036456383377	0.20262116248596	0.13133681205541	0.0597714807188319	0.0216104455260202	0.00515626169973793	0.00104661175589667	0.000148071883189817	4.67989517034818e-08	
0.000126099199624989	0.000413693029672614	0.00251922095752501	0.0142062395999125	0.0436810104704734	0.108042432595047	0.183124859168584	0.222966060879188	0.205436080758748	0.131360923349122	0.0619878321656335	0.0197144450992096	0.00540916498701135	0.000959916461066694	5.20212791803885e-05	
4.57890920080291e-06	0.000364691039055615	0.00248901872640312	0.0121335847154485	0.0441187917861237	0.107133787904544	0.180655711244828	0.223650190034271	0.203330994273883	0.135487061433508	0.063960350080503	0.0209996884433865	0.00494560351263388	0.000686502501324545	3.94453948860834e-05	
1.01684943964996e-05	0.000471221718691634	0.0034485373231898	0.0125962713206562	0.0431559701846056	0.10412611592504	0.183324607819993	0.227697717451664	0.203551845315299	0.131300537233824	0.0635817866425973	0.0203432463280125	0.00567890857247587	0.000615047250011354	9.80184195431814e-05	
5.73863222067467e-05	0.000486699117547253	0.00357131253808808	0.0144389212574369	0.0434877888167566	0.10295643584399	0.182663030030351	0.227629601265142	0.20216565331	0.133965066027056	0.0603419150042505	0.0210056124710536	0.00579675805734284	0.00131278607192547	0.000121033866853576	
6.03899996157e-06	0.000345171270530728	0.00317022543437129	0.0145138629985481	0.0463636486140495	0.104484182062373	0.182338919657843	0.228666284363033	0.200939089448569	0.132756084791552	0.0594371851672179	0.0202676325073878	0.005090327967607	0.00149048508142419	0.00013086163553088	
0.000394364721851184	0.00297126705948677	0.0149700887354697	0.044822797259832	0.102065600833783	0.184682673662365	0.227525421240614	0.202477761129852	0.132758244885208	0.059244172898606	0.0211847646910107	0.00538072745153261	0.0013579833837233	0.000153812950018482	1.03190966468095e-05	
2.20117970514268e-06	0.000361629368002664	0.00323734836501018	0.0138250716618511	0.0470027196308984	0.107331087706103	0.18579595367407	0.225158133972895	0.201046704973389	0.129624684674893	0.0587399967999739	0.0209744544290499	0.00556531602116909	0.00123603577709446	9.42594064846656e-05	4.40235941028537e-06	
3.42790648516393e-05	0.000451913144101936	0.00386043189300987	0.0146812544958033	0.0477307210719745	0.112172897221114	0.187737928861803	0.231934521861196	0.194995759355743	0.120886790221503	0.0562451766358149	0.0212177741737754	0.00658699548009498	0.00123999319640338	0.000188607379388216	3.49559434241682e-05	
0.000137337849357413	0.00054166203520482	0.00324062817612027	0.0154130832454248	0.0475508699978022	0.112099659195786	0.18260502744129	0.230580029032696	0.19728927594824	0.12814195613871	0.0570103428735283	0.0194772518491943	0.00500733214754932	0.000810497711976736	7.51902825149548e-05	1.9856074605891e-05	
9.80817928471389e-06	0.000395628461001459	0.00317909405244926	0.0161088579676601	0.0497131155403998	0.111795636967803	0.190240593680958	0.230903773962518	0.194202093371666	0.123620664982116	0.05580825306136	0.0187990740887376	0.00429330321919276	0.000838096958684552	9.20055061683161e-05	
3.54783977171332e-06	0.000653736160040438	0.00335434245784816	0.0141707722797569	0.0498034543448573	0.11615454688811	0.191940372390599	0.225497194732429	0.200946983790013	0.119617145141098	0.0554586175767638	0.0171538519783361	0.00433574029364723	0.000779357697220445	0.000130336429508205	
5.12615320648003e-05	0.00049780643360706	0.00265862240328302	0.0127070218331409	0.0488482055853236	0.11607371788026	0.197349256684053	0.226531545065294	0.197388604656351	0.123026964989798	0.0524570649070671	0.0169192958374212	0.0045103028559793	0.000787623947299348	0.000192705389058416	
0.000135978631902358	0.00232350602368383	0.0141698495102296	0.047199186370184	0.114007132025078	0.201729034009589	0.231422820210014	0.195597608189088	0.119998575686239	0.0492008087879029	0.0178912460140763	0.00555939240018394	0.0006964724731348	5.87341025224248e-05	9.65556617249165e-06	
