# <P(U)> as a function of N_tot.
# number_of_species: 1
# species_total_upper_bound: 496
# species_total_lower_bound: 473
# volume: 729
# Bin widths for each
10	10	10	10	10	10	10	10	10	10	10	10	10	10	10	10	10	10	10	10	10	10	10	10	
# Bin lower bound for each
-2470	-2480	-2490	-2500	-2510	-2520	-2520	-2530	-2540	-2560	-2570	-2570	-2590	-2600	-2600	-2610	-2620	-2630	-2640	-2650	-2660	-2670	-2680	-2680	
# Bin upper bound for each
-2320	-2330	-2330	-2340	-2350	-2360	-2360	-2370	-2390	-2400	-2400	-2410	-2430	-2450	-2450	-2460	-2470	-2480	-2490	-2500	-2520	-2520	-2530	-2540	
# Normalized histogram for each
4.77996178834814e-07	7.02256052738147e-05	0.00060633018624898	0.00343959677007147	0.0144639731730699	0.0486766293392015	0.113648291813735	0.190586580658796	0.231126368678325	0.196641676920216	0.122115739190499	0.0548592071815166	0.0185226466941593	0.00448064058116178	0.000738798860610068	2.28163509363818e-05	
4.06888702321111e-07	7.21070606191804e-05	0.000573497658606832	0.00337428013908988	0.0143386142620187	0.0466516167311709	0.11123444359777	0.189973119895157	0.231738888892745	0.199321379852775	0.123520072988493	0.0553731883051156	0.0187091175085876	0.00435310277088733	0.000692149595487607	7.4013852773195e-05	
4.81602793360415e-07	8.10617768357805e-05	0.000576173528549955	0.00310395408334754	0.0137640071664101	0.0466752731761411	0.11068586297943	0.187341993648542	0.230391351633892	0.200448283906773	0.126296776724811	0.0561751852635646	0.0191185954504028	0.00450591586824616	0.000752432124206645	7.94564341912458e-05	3.19463186262409e-06	
1.3218510579979e-05	6.14096537249146e-05	0.000527668434231393	0.00322938691556542	0.0139091052171761	0.0448184159902517	0.108634322244768	0.185194226789712	0.230997220316486	0.201634958885314	0.127533455506223	0.0579622581055887	0.0197527508224271	0.00473649056330127	0.000900035489282887	9.03533558546125e-05	4.72319951211445e-06	
1.73400810224919e-06	6.27132930313458e-05	0.00053030945012259	0.00305126822944254	0.0130956145233197	0.0448799669819168	0.107688373568797	0.182438187508122	0.228683517286439	0.203716481904357	0.13050510243123	0.0599275287369296	0.0195274519653264	0.00493603067498866	0.000831079577709942	0.000121155788329374	3.48407183507476e-06	
5.10682781911296e-06	5.8676080139666e-05	0.00046953772365304	0.00301846601509352	0.0132942426236309	0.0449465066643458	0.107407214142166	0.182524359367006	0.226911285171381	0.20267263453954	0.130821551768607	0.0614410119193039	0.0204867779871228	0.00500645001227978	0.000808750492187675	0.000109486193259371	1.79424724639925e-05	
5.25245574056839e-05	0.000513927015290737	0.00329975059213383	0.0130458594488601	0.0449427583828791	0.107873542326721	0.183344741581272	0.22536914049491	0.20256796427995	0.130736958531024	0.0610165618952123	0.0210362624710781	0.00528189204927396	0.000832763968205178	6.927280201403e-05	1.07465888925126e-05	5.33301487769367e-06	
2.98680994463833e-05	0.00061075448542828	0.00321274257442512	0.013345286938931	0.0450065890678176	0.107647753971925	0.182737102760852	0.226810036565076	0.201702601432159	0.130270998340051	0.0611145983301815	0.0209551704912953	0.00549094784168023	0.000931300450009731	0.000125743808533555	7.52569289762571e-06	9.7914929098141e-07	
1.05283509970251e-05	0.000380206700125593	0.00286839073830061	0.0136438411583786	0.0455151418159131	0.108515120694221	0.18100759406058	0.225997545009513	0.202275935406617	0.130713823822344	0.0613458092126321	0.0212962463504154	0.00543959114903628	0.000863893442689539	0.000119532528217768	6.79956001891204e-06	
3.07005693080825e-06	1.60461642250245e-05	0.000371182163162441	0.00287580828868215	0.0132803130953761	0.0449654537545781	0.106969076716482	0.182275223612304	0.228006799840442	0.202713853370741	0.131061229772132	0.0602407471513228	0.0208923268650809	0.00542946527009149	0.000788382433013077	9.4549566650412e-05	1.64718787860965e-05	
2.62781697668639e-07	3.13367174469851e-05	0.000467866388842907	0.00299668857286068	0.0127175501926592	0.0447351514421599	0.108058404414824	0.18402546446624	0.227506342441571	0.201723918559288	0.130292872994107	0.0607584296960662	0.0206953890237497	0.00507038106844443	0.00080600895024608	0.000101737576638024	1.07001422519449e-05	1.49457090549038e-06	
6.33724203044038e-05	0.000453569382401573	0.00272985819542285	0.0129109154519601	0.0439152343733869	0.108010201638545	0.183803890518215	0.226776681365573	0.203449872585873	0.130431849185372	0.0611719839661379	0.0203080979791294	0.00513629021274829	0.000749966521132226	7.51960670977913e-05	1.18319557510779e-05	1.18818094972201e-06	
4.4215562446398e-07	8.67542705434138e-05	0.000472714417905708	0.00280338345492696	0.0123477380794885	0.0433233257664655	0.106491204965678	0.1828926184688	0.227440790398062	0.203333164313089	0.132270496328365	0.0621468500941766	0.0206999577149057	0.00483150959154848	0.000782648825537053	7.35897125169202e-05	2.81144236687474e-06	
2.85681514679381e-06	8.64395413421707e-05	0.000498021400736395	0.00293800048717887	0.0130344529985453	0.0435941638140073	0.105264399453059	0.18377191000755	0.22728826319848	0.203634385098231	0.131141046802726	0.062913660255063	0.0202843147541697	0.00476255309426452	0.000707988960765077	7.75433187359268e-05	
8.86093036052078e-05	0.000585464744172282	0.00299342444466434	0.0134060384627878	0.0430910635138121	0.105299969701335	0.183696711478991	0.226821983700722	0.203547462178044	0.133139916215416	0.0606304889038535	0.0208296447512767	0.00499413801914464	0.000780791883004452	9.29426843890607e-05	1.35001478266187e-06	
4.63425804404703e-05	0.000491942394057706	0.00301116036909076	0.0136899113201502	0.0436804631287323	0.105172871063401	0.182683526151828	0.226955469143027	0.203105783825467	0.133554595980871	0.0611743126623499	0.0204152221938564	0.00506869267613881	0.000849761067613159	9.89296695640798e-05	1.01577341245731e-06	
2.02998639561117e-05	0.000478471936274932	0.00294744081852233	0.0139188875767351	0.0435076378528133	0.105431792854819	0.183822161790678	0.226300091115732	0.202728079660047	0.13342955579324	0.0610068165783172	0.0204363038988731	0.00502805258914242	0.000856082548493641	8.46297185500919e-05	3.69540380588809e-06	
7.40265631155942e-06	0.000371573601034583	0.00292558939303683	0.0136143461160813	0.044224926151465	0.107397522478323	0.183846087348364	0.226127029582306	0.201907864916593	0.133016393654383	0.0606016802870575	0.0200214113967454	0.00503910573262036	0.000794791908350147	0.000102262645914719	2.01213141354467e-06	
1.09740506976647e-05	0.000404088389119588	0.00333153072574974	0.0136461340599505	0.0456882718017603	0.108449725089415	0.184373572362964	0.227037399058534	0.200951051732932	0.130773148816864	0.0598870848569287	0.0197501884736051	0.00477295268836889	0.000841735817203017	7.61324767150486e-05	6.00959919157827e-06	
6.53350718933524e-05	0.000456104809943341	0.00305160277829994	0.0132423413725151	0.0458356222300356	0.107408149751066	0.184973173494084	0.228714375670922	0.201261376397425	0.13007347572292	0.0596866331441065	0.0197872337475197	0.00464157963709915	0.000705865293288911	9.11301399947244e-05	6.00073888557537e-06	
2.82508441157388e-05	0.000418433394996197	0.00323361241063266	0.0139417301740349	0.045579392886331	0.109561939022022	0.185859765691379	0.228082604649567	0.201716871988606	0.127472368406856	0.0595271972783705	0.0191318383804164	0.00459291106668655	0.000794118048186428	5.89657577993819e-05	
7.48714964696246e-06	0.000481020694113001	0.00323917521788855	0.0142773718128918	0.0463175228570432	0.109954551281401	0.187946116671467	0.226165263231594	0.19995743792983	0.128630861069147	0.0588169096111565	0.0189985439296095	0.00441732818377994	0.000708993751744254	8.07203201544509e-05	6.96288533907888e-07	
1.40084363583099e-05	0.000387506310697576	0.00297295276652733	0.0141300625469267	0.0465525802579782	0.109421354920191	0.187720282146718	0.225268379597939	0.200706012008048	0.13023081296815	0.0584418286042596	0.0186784617481063	0.00465628888190866	0.000728273885498486	8.95386290996441e-05	1.65629159295311e-06	
0.000226537957700687	0.00312256226354946	0.0153548862662349	0.0474736803632049	0.110403327289242	0.187664571950632	0.226768750976414	0.200034484569491	0.129731006503445	0.0562952102800039	0.0176559494887813	0.00447907683217501	0.00074070572569204	4.75589516585316e-05	1.69058177388573e-06	
