# <P(U)> as a function of N_tot.
# number_of_species: 1
# species_total_upper_bound: 496
# species_total_lower_bound: 473
# volume: 729
# Bin widths for each
10	10	10	10	10	10	10	10	10	10	10	10	10	10	10	10	10	10	10	10	10	10	10	10	
# Bin lower bound for each
-2460	-2470	-2490	-2490	-2500	-2510	-2520	-2530	-2540	-2550	-2560	-2570	-2580	-2590	-2600	-2610	-2620	-2630	-2640	-2650	-2660	-2670	-2680	-2680	
# Bin upper bound for each
-2320	-2330	-2330	-2340	-2350	-2370	-2380	-2380	-2390	-2400	-2410	-2420	-2430	-2450	-2460	-2470	-2470	-2480	-2490	-2500	-2520	-2530	-2540	-2540	
# Normalized histogram for each
5.93438549343944e-05	0.000777857002426405	0.0036200929902652	0.0144712512017838	0.0486321712794691	0.113155014869194	0.189657139110528	0.230445339572467	0.196986505848434	0.122784816212458	0.0547018362515914	0.0194954461957926	0.00456726145172604	0.000633998825095371	1.19253338351086e-05	
4.47976627142822e-05	0.000642758275574527	0.00349567567338765	0.0146990655278105	0.0469906082464384	0.111816635759023	0.190152133332894	0.229263714551645	0.198962481428371	0.124566215178342	0.0554095823258758	0.0186048103048263	0.00448392857394813	0.000822160568932668	4.54325902173192e-05	
1.41741452015971e-06	5.82084896278921e-05	0.000489858458167196	0.00319329317246781	0.0141574433338345	0.0470534373542352	0.112889010891531	0.187411421927804	0.227502708147618	0.199519590971967	0.126942959341819	0.0562364171824185	0.0191470967984268	0.00448843206668841	0.000781160765635352	0.000118141500255312	9.40218298372607e-06	
5.01074363086167e-05	0.000447602570339686	0.00350658997492886	0.0139205377663684	0.0450497825730965	0.110230418568651	0.18649064385598	0.22945144740937	0.199773767311135	0.127982457243384	0.058726297124642	0.0186802908626919	0.00446669617596987	0.00107981525245069	0.000131066736972967	1.24791377092412e-05	
7.9089658231518e-05	0.000369776957143378	0.00326674882765984	0.0131680821528496	0.0453717447746429	0.111716253695384	0.183213137729856	0.227233057730727	0.202681933889348	0.129276853790015	0.0591334645975126	0.0187071496287582	0.00481611881113285	0.000816448625743824	0.000139832424402693	1.03067065930666e-05	
6.29894118630714e-05	0.000429286014537525	0.00296148432177971	0.0141246211743722	0.044213848909573	0.109562729179371	0.18472634178165	0.223833689367212	0.204190908309475	0.130013403332533	0.0600085517107984	0.0198198220206625	0.00508228752348122	0.000896868633473929	7.316830921737e-05	
2.91503108691273e-05	0.000360231678807875	0.0030274611510379	0.0136993276322581	0.0445686917846297	0.106611940154316	0.182693316603228	0.229502914563627	0.202907019545883	0.130280314519389	0.0591057312699484	0.0206441734461716	0.00554903495810278	0.000957237716542042	6.34546651896217e-05	
2.51565906798543e-05	0.000373394641990663	0.00285487276854127	0.0123449479476904	0.0444446848781623	0.107494451601121	0.182745286098846	0.228540591214329	0.202678912484224	0.131629616774153	0.0594870161183153	0.0208613393465914	0.00547280781174971	0.000923977074073569	0.000122920390525383	2.42590074058383e-08	
1.89219230634115e-05	0.000323374925052409	0.00234811937300987	0.014042977978138	0.0442445874912224	0.107085206776407	0.180062870124657	0.22720552158984	0.203583683943986	0.131749304403465	0.0607842478419633	0.0219025576716532	0.00563868373281041	0.000857209987854444	0.000149352440972481	3.37979590572017e-06	
3.12296542371391e-05	0.000293764109223449	0.00291865787017214	0.013789457584983	0.0462370933811991	0.107277118002288	0.180994854570112	0.224650530276774	0.20159751076365	0.133318542448175	0.0608928420405341	0.0211956690104435	0.00564199892126213	0.00106969705006489	7.26771905342242e-05	1.83571263478933e-05	
5.71915799344277e-05	0.000637098321033985	0.00301975639972627	0.0132023676033493	0.0461509669718242	0.109605165775032	0.184832275639135	0.224530710815527	0.198425149296788	0.129587488889838	0.0618080135776345	0.021572699808056	0.0053584130747789	0.00109568105221443	0.000116995583135005	2.56119928053863e-08	
0.000116937114120589	0.000612253985216849	0.00246756909193457	0.0135497843235385	0.0459119673364197	0.109859191513256	0.183814690918091	0.224966651364237	0.198711956633081	0.130137236874508	0.0631251627973678	0.0204559465619077	0.00527259648370228	0.000892432697529912	0.000105543911493421	7.83935960584954e-08	
4.4902033562917e-05	0.000555429484798166	0.00265205755752328	0.0127098503369768	0.0453567816008965	0.1091275482331	0.184811305181256	0.223609342113743	0.201666750874401	0.13080984430187	0.0616173081916627	0.0212020886565824	0.00504600067518576	0.000685905493384149	0.000103282559353907	1.60270570353302e-06	
5.17858397395912e-05	0.000491380026100489	0.00305299612750493	0.0127995914613506	0.0446536841925986	0.107240064889307	0.185491582272957	0.226664571460201	0.201631599900367	0.129245055064368	0.0620888800420673	0.0207109296329965	0.0050548940545811	0.000691018962239447	0.000131966073622113	
9.48838510035656e-05	0.000630458191526084	0.00303743155904716	0.0138105541499975	0.0436099051156149	0.105891312404692	0.186086432912524	0.226859997208764	0.201687282161713	0.13065474236858	0.0595831861649998	0.0210757248973997	0.00565599084030345	0.00117407082058001	0.000148027353254367	
9.90772072428285e-05	0.000534748417194626	0.00287877014952496	0.0140284464892596	0.0442588624830381	0.10638169448445	0.185810629572017	0.229564225148308	0.200298831893152	0.131175779022063	0.0581605223672568	0.0199868262219616	0.00538177186670212	0.00128086154317395	0.000158953134655161	
3.11174287109597e-06	0.000492182787679112	0.00292501192812792	0.0153283399002096	0.0449922418712376	0.103897719016	0.184607178458533	0.225900190952892	0.202705813376491	0.131896021059221	0.0602433683551203	0.020748310343399	0.00504508453932928	0.00108729042642507	0.000122544653576127	5.59058888705378e-06	
1.19008192074356e-06	0.000350492348791431	0.00312885760095934	0.0143977433084801	0.0461594958897612	0.106364259269343	0.184090545875503	0.226044821182654	0.201434217970591	0.130390823167235	0.0605169615367903	0.0207679609213064	0.00524024805221276	0.000997553112232156	0.000112449518377814	2.38016384148712e-06	
1.86730921768883e-05	0.000406093664704429	0.00368597358170951	0.0152429583940593	0.0479636676934409	0.109670178147357	0.185399417046605	0.229440997940613	0.197600847405466	0.124499563104951	0.0586378287402487	0.0205119308548829	0.00573598412581735	0.00105870375081319	0.000108140643833996	1.90418133200144e-05	
7.48128690753848e-05	0.000467036964741692	0.0029574677704861	0.0145275086150783	0.0471172350796642	0.108176412986973	0.184527028508396	0.23171406595669	0.196574524977384	0.128379943756735	0.0599644233259951	0.0196635101662656	0.00501503375473409	0.000786940186262836	4.32387630977862e-05	1.08163184205376e-05	
9.09327084212041e-06	0.000346892422270774	0.00322070964943009	0.0155833550003421	0.0477770759276484	0.110491778890141	0.188542494599284	0.230571433828004	0.196113514894936	0.12413364126391	0.0588716329389145	0.018940648749892	0.0045288189543521	0.000816623302690773	5.22863073421924e-05	
4.37671353576498e-06	0.000566797506814307	0.00329273001149687	0.0143164134305456	0.04919732646226	0.114254342721934	0.188314651842659	0.226240158815472	0.198195855781681	0.124347070343274	0.0580077556412168	0.0178802638104706	0.00445620199177681	0.000801541357951115	0.000124513568912691	
2.92189006724533e-05	0.000478379519768706	0.00262146325002099	0.0146518124102855	0.0491289155226396	0.11120838895966	0.18918339757537	0.225494413258215	0.200354801698439	0.126774998229137	0.0562162051488875	0.0182563477061977	0.00464425895122755	0.000810211323299751	0.000147187546179393	
0.000179419195119414	0.00274568403155038	0.0147101885609922	0.0454390305350842	0.110299469346143	0.191825078331324	0.227729945540731	0.199395838108984	0.127198028393061	0.0555991088633429	0.0187559954648414	0.00546647538213797	0.000617039988919292	3.32346607715255e-05	5.46359699932856e-06	
