# <P(U)> as a function of N_tot.
# number_of_species: 1
# species_total_upper_bound: 496
# species_total_lower_bound: 473
# volume: 729
# Bin widths for each
10	10	10	10	10	10	10	10	10	10	10	10	10	10	10	10	10	10	10	10	10	10	10	10	
# Bin lower bound for each
-2460	-2470	-2480	-2490	-2500	-2510	-2520	-2530	-2540	-2550	-2560	-2570	-2580	-2590	-2600	-2610	-2610	-2630	-2640	-2650	-2660	-2670	-2680	-2680	
# Bin upper bound for each
-2320	-2330	-2330	-2340	-2350	-2370	-2380	-2390	-2390	-2400	-2410	-2430	-2440	-2450	-2460	-2470	-2470	-2480	-2490	-2500	-2520	-2530	-2540	-2540	
# Normalized histogram for each
6.62424640298166e-05	0.00058313030899533	0.00315963671059722	0.0140874397135098	0.0465242792699565	0.113616741918309	0.187927327881043	0.22836641981687	0.198528291786867	0.124981833326299	0.0567078885316293	0.019831244441303	0.00486160020299891	0.000740769744890236	1.71538827016823e-05	
5.68947733029281e-05	0.00062618096423407	0.00290068575632412	0.0137405108250345	0.0448908899723453	0.109229977135138	0.188554761743914	0.232357441870194	0.200876457044345	0.124795656041751	0.057369832813981	0.0188882524376077	0.00477912711165577	0.000867941443533782	6.53900666396532e-05	
5.92396169600955e-05	0.00046476141388384	0.00308524129886336	0.0134233513278898	0.0452605254591325	0.109187430485853	0.187434080243062	0.229836319615875	0.201797771478176	0.127801454032499	0.0567745774896237	0.0191572511732632	0.00475486938122236	0.000799616146271329	0.000150014920109595	1.34959173154654e-05	
3.92216387081296e-05	0.000381059097187011	0.00357139373545552	0.0135742121490224	0.0435995059990112	0.107878946142632	0.185561987729377	0.232188815569827	0.202876048156369	0.126955105426978	0.0592271728608164	0.0181979505153658	0.00466751190552993	0.0010913609207023	0.000180775476139913	8.93267687855307e-06	
6.1966298232762e-05	0.000239489528444642	0.00306222465003001	0.0124582561648636	0.0438125561697256	0.109917998839936	0.183305877496578	0.229542779966119	0.206139164593519	0.127890200077601	0.0596107277145018	0.0181937137301383	0.00478485369348418	0.000810668989517618	0.000165606634397887	3.91545291031189e-06	
5.31264327471059e-05	0.000222539212205067	0.00266128736026252	0.0130026774089538	0.0439120917393499	0.108010561344364	0.184894202892636	0.226348465863716	0.206376328330878	0.129725123428825	0.0590164943628841	0.0198546947849026	0.00501408768786418	0.000829683867114534	7.8635283297893e-05	
2.05299256466595e-05	0.000211553406001339	0.00277429314769205	0.0134378220440892	0.0436480495024093	0.106045427491005	0.183183496033561	0.232102705915579	0.203859272526164	0.129861874728229	0.0581476153998507	0.0201988636006356	0.00561938734691057	0.000812393630597366	7.67153016299843e-05	
3.30979049892579e-05	0.000159944326204634	0.00251894118588927	0.0117030726292802	0.0436579735279144	0.10846997916045	0.183272284160937	0.230039797198219	0.20372973533113	0.131010241635501	0.0595568554425606	0.0196410939429448	0.00510262256708737	0.00097481128129095	0.000129549705601933	
2.1350532873131e-05	0.000290093342212065	0.00207033448454142	0.0133166574434472	0.0443005999113461	0.109181392827998	0.180552958434129	0.228001497767974	0.205262583285953	0.130489365099415	0.0592111378425869	0.020735405760732	0.0055248015410028	0.000925552623251833	0.000115988174473605	2.80928064120145e-07	
3.74650218036802e-05	0.00020062144882123	0.00228468903657609	0.0125964461414646	0.0461589387424792	0.108849790678895	0.180115819318498	0.224734058053958	0.202834166517157	0.134061504590285	0.0609360915526785	0.0207446784429936	0.00530538216942296	0.00106021377591347	7.0509812680951e-05	9.62469637202061e-06	
1.65836654814124e-05	0.000485788905469732	0.00237991929306991	0.0121117004582136	0.0456734468698731	0.107516584481964	0.184416021098196	0.224798335188684	0.201933343317402	0.131393252523829	0.0615934028509462	0.021454690831305	0.00508341964762287	0.00101548642195152	0.000127988157883898	3.62881082744253e-08	
9.7678304419768e-05	0.000354771144197828	0.00221715359442876	0.013596915919165	0.0442272380398507	0.108261805900995	0.18231351082469	0.223837602346346	0.203921007145609	0.131613046308446	0.0628915066002046	0.0202397417484527	0.00540249218056943	0.000972834582326537	5.26953602989908e-05	
3.57803862507604e-06	0.000389558955305154	0.00240399470122297	0.0119804659962963	0.0434282201844464	0.107851625596125	0.182120712438179	0.224047833605699	0.202805502814686	0.134689486999458	0.0633976264633526	0.021356492585894	0.00482043799516234	0.000673640313641921	3.0823311905603e-05	
4.1836636695502e-05	0.000511066947266721	0.00323075177136244	0.0121423726159755	0.0426613456634714	0.103819984576201	0.184170222844002	0.22772178234541	0.205520296799645	0.130866744357137	0.0629342115663925	0.0203841521151284	0.00521975575293581	0.000663620848254308	0.000111855160122425	
6.27229722254336e-05	0.000622293014861364	0.00322849182785495	0.0139626540764555	0.0423151213605321	0.103696151094168	0.183765258874621	0.228481418673467	0.204946603769188	0.132385079861957	0.0590107596111666	0.0206534998940139	0.00554618027623136	0.00116452717804756	0.000159237515210512	
0.000125983005588158	0.000396073565727923	0.00298973903200069	0.0143085005371282	0.0445917621181159	0.105793997072093	0.183207616978892	0.22970245673817	0.203601869587803	0.131533909562597	0.0572939793339951	0.0196108392686401	0.00515394157155529	0.00146789524057073	0.000221436387122744	
0.000386985242042727	0.00293121943227772	0.0146929619011044	0.0453008289424277	0.104541709465999	0.184706260052495	0.226222271240773	0.20335785222926	0.133125191862065	0.0581170920170748	0.0201276185449983	0.00502419139840133	0.00129983181738592	0.000157970135931071	8.01571776385521e-06	
1.70193318051486e-06	0.000389288849489766	0.00325882383331251	0.0137617182354311	0.0464616412059354	0.108226536080738	0.18594629810812	0.227125932957221	0.200058841503161	0.128917921095428	0.0589377569375429	0.0206057966860789	0.00507951412908997	0.0011352650728781	8.95595060324265e-05	3.40386636102972e-06	
2.65927301251974e-05	0.000402004064149317	0.00400953857599943	0.0148887407430856	0.0482247721070542	0.111934127144456	0.186826831667118	0.23336786012389	0.196611681102381	0.120266915995703	0.0561638835317936	0.0199190800850757	0.00604975233504049	0.0011347856839744	0.000146316276753731	2.71178333998839e-05	
0.000105767983124497	0.000417150124796475	0.00316719264562456	0.0144188146774777	0.0469782252132432	0.110064516970514	0.185340475083394	0.233658190710843	0.196494274848786	0.127108079212199	0.0578196683622776	0.0189024101832305	0.00468534924535556	0.000764400430837746	6.01925517001922e-05	1.52917565963128e-05	
7.60302083965759e-06	0.000308237591211679	0.00313863826633026	0.0152480993653258	0.0481804914125363	0.111062999854578	0.191936925932521	0.233144557125334	0.194298906348103	0.122135965229643	0.0567003994775501	0.0189439092515301	0.00410837575849868	0.000713571321731766	7.13200442666417e-05	
2.75574461252835e-06	0.000529864421353641	0.00303458245555918	0.0137562419881711	0.0495689924776512	0.112942307435003	0.190940576609827	0.227082239722731	0.200357971225167	0.122166364809895	0.0567779116046327	0.0176363666624086	0.00428097673596772	0.000787345243637376	0.000135502863381822	
3.9604390278677e-05	0.000401031122303344	0.00242606227042288	0.0133324146092675	0.048841894286788	0.111856072951874	0.193605071767556	0.227031800565199	0.198779348686733	0.125523878073631	0.0546547186577456	0.0180239580158259	0.00445963769903773	0.000835652634880085	0.000188854268458506	
0.000135109598633197	0.00224908900932363	0.014172795240505	0.0453696565620331	0.110185342504116	0.197127250949745	0.230940655391181	0.196897619629192	0.123600900691548	0.0536879347385074	0.019224244315699	0.0057342566885851	0.000621907465947431	4.57209415184794e-05	7.51627346534745e-06	
