# <P(U)> as a function of N_tot.
# number_of_species: 1
# species_total_upper_bound: 496
# species_total_lower_bound: 473
# volume: 729
# Bin widths for each
10	10	10	10	10	10	10	10	10	10	10	10	10	10	10	10	10	10	10	10	10	10	10	10	
# Bin lower bound for each
-2460	-2470	-2490	-2490	-2500	-2510	-2520	-2530	-2540	-2550	-2560	-2570	-2580	-2590	-2600	-2610	-2620	-2630	-2640	-2650	-2660	-2670	-2680	-2680	
# Bin upper bound for each
-2320	-2330	-2330	-2340	-2350	-2370	-2380	-2380	-2390	-2400	-2410	-2420	-2430	-2450	-2460	-2470	-2470	-2480	-2490	-2500	-2520	-2530	-2540	-2540	
# Normalized histogram for each
5.57521663457769e-05	0.000774033513384544	0.00389453062488397	0.0146380369529008	0.0491415471220686	0.11332730990943	0.189087368426028	0.230586050895578	0.196109093722166	0.122913123871988	0.0549933711495442	0.0194375046228218	0.00441887473075855	0.000614168054402873	9.2342376991696e-06	
4.34383511795604e-05	0.00063360077755014	0.00349264071582603	0.0149362715730644	0.047592851347989	0.11208764186033	0.188286291468304	0.229732926659276	0.198204721076557	0.12482483320486	0.0560873140816193	0.0189175846062813	0.00439357550074071	0.000731017399434326	3.52913769886084e-05	
1.10286085414147e-06	7.06566187219968e-05	0.000520844419382544	0.0031380618933599	0.0140480209878832	0.0471853318330014	0.112840311152339	0.188449473587971	0.22761351461866	0.198531276086106	0.126192831323572	0.0566354523959119	0.0195310591533756	0.00438429465853976	0.000755275874944549	9.51768917124087e-05	7.31564366580508e-06	
4.76415353704092e-05	0.000479586510787915	0.00341611505996408	0.014122442083962	0.0454428293694024	0.110062758311376	0.187117999589604	0.229928768579434	0.199459864788167	0.127276707656499	0.0578637324129436	0.0190343789590204	0.0046074501606766	0.00100794578842058	0.000122080275338032	9.69891903414715e-06	
7.47224241270066e-05	0.000357110376634839	0.00311160081151414	0.0133040293579406	0.0458533849035133	0.11078414243354	0.183161442024969	0.227473679253744	0.202607056272099	0.12939247900311	0.0591944502702291	0.0188573122070871	0.00483804002839935	0.000864167343739913	0.000118355413893287	8.02787545955406e-06	
7.093332192697e-05	0.000429352024760813	0.00303912044932066	0.0136413726807843	0.0449254815530214	0.109927963562673	0.185672500796382	0.223986850414175	0.202641323528363	0.130225437015675	0.0597558738081007	0.0197624624837581	0.00497863370527833	0.000856696679660165	8.59979761209285e-05	
3.17476667495203e-05	0.000399763749010766	0.00307451883729204	0.0132044230751107	0.0444137392947708	0.10631067881403	0.183568087592889	0.229052503256308	0.202394982788364	0.131148157106492	0.0594746548706615	0.0206139809887568	0.00531491069679745	0.000932202904871847	6.56483578949034e-05	
2.77982982210216e-05	0.000476484978504145	0.00299570575478422	0.0123642668379266	0.0437832552177606	0.106920197328969	0.183854297816419	0.228869021463818	0.202691730600048	0.131386289104173	0.059710496379663	0.0206746215493668	0.00526964855218692	0.000860353511493059	0.000115813514429064	1.90922377891632e-08	
1.49105055709206e-05	0.000311526534255545	0.00247778776930691	0.0138035317525048	0.043913946670662	0.107256340420334	0.18057018823065	0.228886077730468	0.204133724801173	0.129932536669103	0.0605708865166475	0.0217313134283333	0.00537530529843357	0.000885901759286081	0.000133358628704714	2.6632845674265e-06	
2.62052472419862e-05	0.000311691069033527	0.00279804414099917	0.013832183208688	0.0455858263622232	0.107385544945783	0.182420525412258	0.226870306142359	0.202059264552587	0.13141506860693	0.0597511091277516	0.0208794091729178	0.00557497467694366	0.00100908877789284	6.63486192360866e-05	1.44099371555708e-05	
4.84366668983698e-05	0.000593776079157286	0.00298232051613277	0.0133241616398474	0.0459512491275976	0.1094376967049	0.183940723645009	0.226726633577318	0.200920236401471	0.128004570042715	0.060833821851908	0.0210127341624555	0.00513352327631963	0.000993403693401323	9.66925250028427e-05	2.00898659885399e-08	
9.18590035114772e-05	0.00052781464967388	0.00221024052382007	0.0133280126956327	0.04545754148563	0.109393912242116	0.184444873461913	0.225348466360053	0.200719743517346	0.129991636212071	0.0628641555186272	0.0197013648400478	0.00501164248722159	0.000825766255477029	8.29091654039903e-05	6.15814548680294e-08	
4.44353255508369e-05	0.000512793159529719	0.00254163451595615	0.0124457748553982	0.0446077370929323	0.107718542061888	0.184875330713681	0.225671628273939	0.202587486979272	0.130330937613051	0.0623376592255503	0.0207843911240737	0.0048088070443398	0.000650375339059506	8.12065386984379e-05	1.26013707977734e-06	
8.40959588622063e-05	0.000474252891334859	0.0031271076055069	0.0125025574501605	0.0441290940861756	0.106862742566234	0.185282099248393	0.227784046909134	0.203010872745279	0.128472175941908	0.0624268794176411	0.0204015796544926	0.00467188664181303	0.000660230333791397	0.000110378549274317	
0.000148912835389646	0.000592551158175455	0.0028928664218576	0.0130496705763863	0.0429562033764409	0.106167257223859	0.186734073947031	0.227589913484701	0.202136325966015	0.13063142849813	0.059767353500158	0.0207506925528789	0.00542661092966947	0.00103450414637044	0.000121635382938085	
9.33645092990634e-05	0.000515109503648427	0.0026775190682422	0.0136186725017262	0.0445094249388108	0.106658927693606	0.185328280034842	0.228586078701446	0.201610029282278	0.13204796801732	0.0580371712454317	0.0198066345987364	0.00526973882028774	0.00110947463873979	0.000131606445585622	
1.19821313593675e-05	0.000513364569764954	0.00290687737819148	0.0146024839696933	0.0441215314756023	0.105957228469002	0.184226069826855	0.226546137094213	0.203148501981217	0.131811487753544	0.0596666234571313	0.0202458011144285	0.00512521306753191	0.000978595440610258	0.000133752593033761	4.34967782223614e-06	
3.78811772876978e-06	0.000412884244839554	0.00330597680980207	0.0137958100782707	0.0450601750736254	0.107623265762646	0.184024371102459	0.226482088708823	0.201838097659981	0.131149617968327	0.0601093786054028	0.0199696596475041	0.0050498697463954	0.00100574525698838	0.000164268431292685	5.00278591353835e-06	
1.4452767956815e-05	0.000443999631688841	0.00378646212690888	0.0143088314341873	0.0463593222707757	0.108567888269381	0.184971457414063	0.228694403193128	0.200224366482078	0.126980714646364	0.058838686052184	0.0202663887712634	0.00538274894378091	0.00101729955554987	0.000127975285236791	1.50031554530548e-05	
5.76467352500757e-05	0.000422300126798304	0.00308624523566688	0.0139808653694204	0.0457668298642609	0.107302901685801	0.184832040864386	0.23015834916746	0.199024086938631	0.129742067016638	0.0603474092143588	0.0196537371835088	0.00487643988144138	0.000706244003473022	3.45022451585322e-05	8.3344677469989e-06	
7.01334643904878e-06	0.00032079943668149	0.00337468367055229	0.0150329042157511	0.0466005881669596	0.109288365930647	0.187462224260804	0.229808137267826	0.199203075890647	0.125495903736764	0.0592178634500633	0.0190821535654569	0.00434366718670087	0.000722293132682035	4.03267420245305e-05	
3.39338810722318e-06	0.000478996035039353	0.00328484032717057	0.0140007942153746	0.0474592148784991	0.112545313161057	0.187561562308569	0.228200636042849	0.198806539306783	0.125943831786622	0.0586527627431832	0.0180864741358498	0.00416484542985094	0.000708933638759937	0.00010186260228449	
2.26157514292856e-05	0.000417792991960534	0.00265120161965097	0.0151859612145228	0.0481508950998703	0.108662742792524	0.187587505779552	0.226851524847437	0.200676640171777	0.128829183580246	0.0575192844161646	0.0180638362187091	0.00450385673878925	0.000729523062072046	0.00014743571529402	
0.000141687544158208	0.00260145874624275	0.0152516432895543	0.0459922852034152	0.108866296913833	0.190557058150048	0.226674406184776	0.199939942684191	0.129400474944356	0.056151048433505	0.0188008834726748	0.004911158404522	0.000670760969320731	3.66928101914342e-05	4.20224921186816e-06	
