# <P(U)> as a function of N_tot.
# number_of_species: 1
# species_total_upper_bound: 496
# species_total_lower_bound: 473
# volume: 729
# Bin widths for each
10	10	10	10	10	10	10	10	10	10	10	10	10	10	10	10	10	10	10	10	10	10	10	10	
# Bin lower bound for each
-2470	-2480	-2490	-2500	-2510	-2520	-2520	-2530	-2540	-2560	-2570	-2570	-2590	-2600	-2600	-2610	-2620	-2630	-2640	-2650	-2660	-2670	-2680	-2680	
# Bin upper bound for each
-2320	-2330	-2330	-2340	-2350	-2370	-2370	-2380	-2390	-2400	-2400	-2410	-2430	-2450	-2450	-2460	-2470	-2480	-2490	-2500	-2520	-2520	-2530	-2540	
# Normalized histogram for each
5.09921747153721e-07	5.90489383204009e-05	0.000587081406193865	0.00334379485956895	0.0142215730502889	0.0484267414080502	0.113639902763702	0.190710835419841	0.231778267191228	0.197068658745095	0.122108122226509	0.05456591878682	0.0184348864731044	0.00430663760124039	0.000731125801069005	1.689540722236e-05	
4.33519875802506e-07	7.63420000898491e-05	0.000575841900911552	0.00338580723079701	0.0141712377158212	0.0464707210663841	0.110917216277073	0.189993477225947	0.231972209845891	0.199634891260677	0.123757811486262	0.0555080209039884	0.0185663812221631	0.00423241204551126	0.00068196926658595	5.52270320213506e-05	
5.12953223026162e-07	8.20639664638022e-05	0.00055263870404762	0.00308099368956396	0.0135884215514561	0.0464888052661146	0.110254131560362	0.187336595544847	0.230854332997092	0.200823871269943	0.126455938643271	0.0563590255359228	0.0188705231686865	0.00443624175246023	0.000736891501758617	7.56093050740563e-05	3.40258971274021e-06	
1.41037256091975e-05	6.55221252539488e-05	0.000531314863163074	0.00325217292832525	0.0138615801201864	0.0446994363635257	0.108086016764927	0.184916569411159	0.23127432871168	0.201995037346149	0.127828265675526	0.0581880331401777	0.0195492600652356	0.00474428689894952	0.000903653219245889	8.53791389317763e-05	5.03950195548156e-06	
1.85185623381619e-06	6.69754671230189e-05	0.000547823655686977	0.00309667227950574	0.0131061695584945	0.044584930602202	0.107080843229704	0.182341412261915	0.228947078098367	0.204201554866505	0.130817036226869	0.0598264532930479	0.0195319649418924	0.00489384731397341	0.000839893962712052	0.000111771526482693	3.72085928461216e-06	
5.45493263489973e-06	6.25809175270803e-05	0.000482317732452927	0.00308216620252486	0.0132741347612928	0.0447240188862005	0.106851272157939	0.182794844301013	0.227118696912593	0.202930043384467	0.130696411429047	0.0615578117336945	0.0203928218498369	0.00509867296655946	0.000834596075552558	9.41557566649517e-05	
5.61097594329348e-05	0.00053170881695765	0.00334639637952982	0.0130457600303144	0.0446485235185821	0.107432022488585	0.183128993264669	0.225719906500831	0.203190263228695	0.130901865674458	0.0609473243041428	0.02085273598631	0.00526866338179596	0.000861999087975447	6.77017603464568e-05	2.58173739722093e-08	
3.18927626205693e-05	0.000627832059607305	0.0032190002131311	0.0132765224525654	0.0447659811730222	0.107015149693015	0.182359956598193	0.226997407604869	0.202104151583994	0.130808455351161	0.0612361434327877	0.0209496567341607	0.00553762392921842	0.000945800569949849	0.000120382001850385	4.04383985543929e-06	
1.12244240001916e-05	0.000386489136580671	0.00292570327706845	0.0136951570291288	0.0454630310907451	0.108350603371251	0.180528569038803	0.226281581737862	0.202371705201763	0.130870115010073	0.0612632612867061	0.0213361403631543	0.00552220008756956	0.000862600448743118	0.000124369389384839	7.24910716679039e-06	
3.2678690280968e-06	1.70800621201859e-05	0.000382706677618472	0.00290178055377587	0.0132621018056928	0.045313099803744	0.107363231337215	0.181924072657852	0.227936452862022	0.202727623177508	0.13129534380688	0.0598207651395514	0.0206825957940295	0.00545595570045374	0.000798919905671697	9.74696402113672e-05	1.75332066254154e-05	
2.7962411493397e-07	3.33451757058759e-05	0.000480638900557127	0.00298739044665784	0.0127266808933008	0.0447691053242066	0.108635707564312	0.183948600613689	0.227456085622582	0.201723396821668	0.130132292003809	0.0603807905468314	0.0207326513574969	0.00507410288085978	0.000802835786989794	0.000103120130635493	1.13859444299676e-05	1.59036215368695e-06	
6.74288814935684e-05	0.000465035609734259	0.00272110502242348	0.012929441612123	0.0440048819677189	0.108134663760185	0.183782628170042	0.227059301203744	0.203565945499146	0.130089832916412	0.0610161623501456	0.0202364797268486	0.00507819840637625	0.000755031960953877	8.00093585311123e-05	1.25893178506413e-05	1.26423627292255e-06	
4.70622450225283e-07	9.23396766017493e-05	0.000478108011084526	0.00284902399829965	0.0122881741671039	0.0435698890144395	0.106132421862555	0.183077496457634	0.227231401293796	0.204030646862921	0.132161706015972	0.0616847775801006	0.0206411632394637	0.00487290476665242	0.000809914597831095	7.65693846847663e-05	2.99244840992302e-06	
3.04059214518497e-06	9.20001389426142e-05	0.000503191328167189	0.00300470071100335	0.0131557709314252	0.0438526112609788	0.105111936865998	0.183616505369032	0.227354134237573	0.20363547955308	0.13111768584337	0.0626990993294863	0.0202753352206164	0.00479604512491237	0.000700678677058984	8.17848162092296e-05	
9.4287052501241e-05	0.00056536755232284	0.00307359294689211	0.013546169658336	0.0433136679508189	0.105746552394058	0.183285231947834	0.227252292942094	0.203587040980323	0.132859609851511	0.0601231399016403	0.0207101142752691	0.00494539182341191	0.00079718722857883	9.89167055353533e-05	1.43678887265554e-06	
4.93227825113677e-05	0.000486120949157135	0.00295879981843616	0.0138250890958112	0.0442529835520395	0.105650366036456	0.182858544838437	0.227173850907437	0.202672071933211	0.133576126192383	0.0603406024356965	0.0201864785765484	0.00499927074768473	0.000863999392317799	0.000105291646029477	1.08109584376336e-06	
2.16054037213518e-05	0.000467179376712675	0.00296924386122357	0.0142138952781849	0.0438461385900933	0.105879573754838	0.184413373208737	0.226274380849316	0.202019784253377	0.133343410563951	0.0605374681925467	0.0202127105789413	0.00485706230867037	0.000850168227169127	9.0072487187709e-05	3.93306533049914e-06	
7.85822703630923e-06	0.000386362829285204	0.00286787489983837	0.0136833356011438	0.0448574144921177	0.108181680099488	0.184342816648753	0.22542622531207	0.201519213277204	0.132562963384881	0.060257904550142	0.0199945906566911	0.00499890477059427	0.000803305940292242	0.000107413349422482	2.13596104007063e-06	
1.16354740011177e-05	0.000426123263250755	0.00324867801666177	0.0136007955963125	0.0462546365827215	0.108855573129296	0.184377288001469	0.226869632158255	0.200518027924635	0.13072726880943	0.0597821131096029	0.0196551551976143	0.00472195931062622	0.000864020518050261	8.07211008827542e-05	6.37180719108827e-06	
6.91679207304895e-05	0.000464456106163701	0.0030710659822216	0.013016454916994	0.0460773302848054	0.108112653655995	0.185543689946747	0.229057205699275	0.200766418678309	0.129595881894638	0.0591064392312342	0.0197750115283445	0.00453731086507675	0.000707707072267514	9.28534480105466e-05	6.3527691871121e-06	
2.99129028322561e-05	0.000437451283725964	0.00331452472527651	0.0140362330978772	0.0459514368226447	0.110394100977933	0.18650973155315	0.22855283222359	0.200837569947197	0.126828072968934	0.0589192479474968	0.0188790982616322	0.00448727347271163	0.000771529261402236	5.09845535958651e-05	
7.91350939431402e-06	0.000508412675211721	0.00332861772445669	0.0145013241448427	0.0468101310305725	0.110353550837553	0.188513551503881	0.225993706907197	0.199040319884483	0.128530630831202	0.0584895617953914	0.0187868877547654	0.00437411872380133	0.000676864796410598	8.36719417797053e-05	7.35939057458087e-07	
1.48477365490293e-05	0.000383761586016353	0.00306922802582591	0.0144219646025419	0.0469943788041539	0.109784583273731	0.188366971346297	0.224697522347721	0.200335452291663	0.130096959387929	0.0579589169418141	0.0184566273946364	0.00462571624826065	0.000697546663073398	9.37678232884582e-05	1.75552649785582e-06	
0.000194615919512386	0.00307475869930367	0.0155536665792862	0.0479237512005505	0.111108241296367	0.188209340809974	0.226437996569118	0.199250809014257	0.129522821247897	0.0561351708465213	0.0174481691090138	0.00436151418866669	0.000729312160164083	4.80429682901047e-05	1.78939107911909e-06	
