# <P(U)> as a function of N_tot.
# number_of_species: 1
# species_total_upper_bound: 496
# species_total_lower_bound: 473
# volume: 729
# Bin widths for each
10	10	10	10	10	10	10	10	10	10	10	10	10	10	10	10	10	10	10	10	10	10	10	10	
# Bin lower bound for each
-2450	-2460	-2470	-2480	-2490	-2500	-2510	-2520	-2530	-2540	-2550	-2560	-2570	-2590	-2600	-2610	-2610	-2630	-2640	-2650	-2650	-2650	-2660	-2670	
# Bin upper bound for each
-2330	-2330	-2330	-2360	-2370	-2380	-2380	-2390	-2400	-2400	-2420	-2430	-2440	-2450	-2460	-2470	-2470	-2480	-2500	-2520	-2520	-2530	-2540	-2540	
# Normalized histogram for each
0.000466733798090898	0.00379950955140621	0.0157222440851397	0.0466035058574638	0.114419351999257	0.178020074695557	0.226660512112544	0.194527871388371	0.124471521524958	0.0686882118408822	0.0222078172315214	0.00414857682489739	0.000264069089911442	
0.000375109293619669	0.00286828740861996	0.013783605428514	0.0422420783833454	0.107671770307472	0.183020415066588	0.230369053785297	0.202846239921958	0.127635316449388	0.0618779324289837	0.0210320941941115	0.00549073023994008	0.000732097365325344	5.52697268376807e-05	
0.000261982500787471	0.00197370304953724	0.0124435595257751	0.0386043400142933	0.103371288301994	0.184842058061415	0.228777132705103	0.205099702619399	0.130028312387934	0.0639953184336371	0.0217314484403207	0.00789237515162999	0.00070765738294104	0.000270512163603807	6.09261629738304e-07	
2.56978904601721e-05	0.00319328411330714	0.0141720653651542	0.0419489151635542	0.10061848397865	0.181494563611273	0.228326399185891	0.203763713036797	0.131673099705245	0.0668447102177382	0.0209254709780874	0.00640841143350542	0.000605185320337053	
5.69151043308837e-05	0.00280597931976749	0.0112581956941783	0.0420046405212906	0.0990426297365251	0.179631507037585	0.223639171173793	0.210413200423629	0.129299151932607	0.0739045863549271	0.0208671468878595	0.00658662980120136	0.000490246012304657	
1.99649614925805e-05	0.00301938847322948	0.0137789429551138	0.0419800749684304	0.0999979411133461	0.174383332251898	0.232094861018912	0.20429053261526	0.135306911370545	0.0674659722187561	0.020165235012553	0.00684143078896537	0.00065541225149862	
0.000100991795191118	0.00320292690331585	0.011537847914411	0.0422154997622356	0.0974536746608178	0.17176690721921	0.229993014217848	0.205033790429633	0.140447678660217	0.068985450675886	0.0214533214993254	0.0072577784593175	0.000539345752845816	1.17720497462039e-05	
0.000296201715312559	0.00202382900670343	0.0103398379964579	0.0415797208768737	0.107425621448375	0.174960260683435	0.231325761933543	0.202204337054219	0.131816892895858	0.0663725174067119	0.0202013458705948	0.00708583206270143	0.00420969396270256	0.000158147086512614	
4.00250326051378e-05	0.00204806056669341	0.0121818561100078	0.038164546979382	0.0929462663937276	0.184251167255453	0.223297621732914	0.208403900066313	0.135064811721229	0.0705777002905207	0.023827444622145	0.00560113019837831	0.0034000926002873	0.000195376430343723	
5.59561958521446e-05	0.00259479798448512	0.0141535055874309	0.0396026564180392	0.0985084944234874	0.177625437413677	0.224164614939485	0.200406091855507	0.137615392594129	0.0702833703645069	0.0258340202752499	0.00759707717587715	0.00134943143045873	0.000123854262770296	8.52990790429034e-05	
0.000236999444627911	0.00207569470674116	0.00931621422037354	0.040881556560816	0.0920256298455198	0.187915469519973	0.232053649350676	0.209927598195414	0.129972665385943	0.0613126717737391	0.0252589193503435	0.00789286133260821	0.000740496118837421	0.000389574194388369	
0.000475958973574627	0.00357679344946441	0.0156829756357803	0.0366382802841187	0.097185942640935	0.186022392285605	0.232499949927805	0.205179103689501	0.132370490543638	0.0598903509969829	0.0232932209531197	0.00543438084365276	0.00135540879850402	0.000394750977318206	
0.000850796692631109	0.00368478320453738	0.0162237092182658	0.0383635717841875	0.10107134301975	0.181930820391787	0.228464067919558	0.208251826809933	0.127444538643666	0.0676619911646303	0.0206571634753656	0.00479577500219645	0.000376588297753311	0.000223024375738252	
8.02104908380724e-05	0.00109441044710793	0.00353311787047317	0.0139778349106135	0.041220865370933	0.0933935477601413	0.19760124357111	0.246897531483582	0.200548207854689	0.123780212457538	0.0525598522584459	0.0164512487963606	0.00738129329390165	0.00127064215053581	0.000209781283730343	
7.73568389552755e-06	0.000872503715163976	0.00397899151110478	0.0130032774871242	0.0494350915049977	0.100167742198156	0.190805528978279	0.242274291065285	0.20108706715795	0.119035482360605	0.0526612788306903	0.0175832094945341	0.00804796124015227	0.000683997312867699	0.000355841459194267	
2.7388867563027e-05	0.000803968604773163	0.00230487854722705	0.0185216163476987	0.055169606615802	0.111234618517318	0.183215090676113	0.221997305778166	0.191627265322702	0.124121712756513	0.0605668989944915	0.0234254877430604	0.00491651241115999	0.00164206795220179	0.000425580865210113	
0.000323911996337763	0.00258970230774349	0.0160023681831565	0.0523701553144078	0.109148382372335	0.179800242316453	0.221412774244494	0.204541859748894	0.13621555247713	0.0537239719977482	0.0180932539848546	0.00327179005402916	0.0016315124538784	0.000790058411731591	8.4464136806403e-05	
1.78267454265485e-05	0.000943232908013597	0.00248267141307065	0.0106599976151776	0.0447071006303933	0.113375724013458	0.181441803401105	0.215130390758298	0.208246493974362	0.14064034461872	0.0531193437222324	0.0214784551897023	0.00630631023211611	0.00132314066054826	9.15106265229488e-05	3.56534908530969e-05	
0.000288213842475891	0.00188050385795976	0.00344840342133002	0.014191178054772	0.0429938629557407	0.105080165318484	0.185071498577833	0.226677951315845	0.20488670838247	0.138314188860962	0.0529805335736606	0.017129008011857	0.00533744393752955	0.00159188350794865	0.000128456381131709	
0.000257090273531303	0.00125485550039328	0.00308593316757739	0.0133665695106234	0.036245054199304	0.0982310064468042	0.184274234157821	0.223019225678092	0.201044593901479	0.144011772609815	0.066410029665243	0.0250903109262516	0.00356994278997764	0.000139381173088045	
0.000365010184610753	0.00196426815675512	0.0120270638302315	0.0424817038101147	0.0959302452050539	0.179672021599554	0.233177990103395	0.19877262606338	0.137844638787836	0.0664196720912082	0.0270037927995107	0.00359659022190357	0.000636483790328405	0.000107893356118554	
0.00237654888086275	0.0112680426151515	0.0469587461335257	0.102603340311875	0.173201952561116	0.221704829589017	0.209148372023782	0.129127163694416	0.0713080898778956	0.0252041145231904	0.00594986626324347	0.000589219605902389	0.000559713920022603	
0.000869163323267889	0.0095386161269257	0.0402750166869042	0.0988071055778105	0.176621724646996	0.206985700328992	0.210220948022486	0.157743084606473	0.0745128300886289	0.0216738899211099	0.00209630845445739	0	0.000655612215948657	
1.21634700874206e-05	0.00849763188821655	0.03157463070836	0.0893354748763525	0.167759737871427	0.219072784467365	0.22072527876067	0.153553384022182	0.0747595832215935	0.0283061325320116	0.00556218110711905	0	0.000722278438048261	0.000118738636567677	
