# <P(U)> as a function of N_tot.
# number_of_species: 1
# species_total_upper_bound: 496
# species_total_lower_bound: 473
# volume: 729
# Bin widths for each
10	10	10	10	10	10	10	10	10	10	10	10	10	10	10	10	10	10	10	10	10	10	10	10	
# Bin lower bound for each
-2460	-2470	-2490	-2490	-2500	-2510	-2520	-2530	-2540	-2550	-2560	-2570	-2580	-2590	-2600	-2610	-2620	-2630	-2640	-2650	-2660	-2670	-2680	-2680	
# Bin upper bound for each
-2320	-2330	-2330	-2340	-2350	-2370	-2380	-2390	-2390	-2400	-2410	-2420	-2430	-2450	-2460	-2470	-2470	-2480	-2490	-2500	-2520	-2530	-2540	-2540	
# Normalized histogram for each
6.31205628068025e-05	0.000697559929001149	0.00358761937538568	0.0146059177457847	0.0482056851973983	0.113322968492386	0.189620086657664	0.229960844444838	0.196906225078752	0.123489690755116	0.0548844574086984	0.019476478854248	0.00452603012545425	0.000640631097335442	1.26842751311525e-05	
4.76889055178392e-05	0.000664916020713557	0.00326464979395639	0.0148269939131934	0.0469247064528822	0.111986542566366	0.189792831884367	0.228902165346673	0.198472488057622	0.125082466759581	0.0558793811647298	0.0188248512419067	0.0044417521699954	0.000840200911231095	4.83648112653361e-05	
1.50542336293615e-06	6.18227194379111e-05	0.000490542202812743	0.00311986446773825	0.0142227632156224	0.0467046558579611	0.112480491594996	0.187389655603795	0.228010343663565	0.199759242659644	0.126521951656942	0.0565295003514913	0.0191758068027974	0.00457425397867086	0.000822136788888811	0.000125477037300728	9.9859749741431e-06	
5.32733695051056e-05	0.000443386643909636	0.00350937053201324	0.0137961030276524	0.0447440493646263	0.110221738984843	0.186109374793883	0.229962033845333	0.200098657206669	0.127277817070411	0.0593912578908008	0.0186177742284748	0.00448297941212583	0.00113956811025659	0.000139347913662641	1.32676058338906e-05	
8.41795900324458e-05	0.000346926563807926	0.00323709248825523	0.0130883645472438	0.0446401699620204	0.111483614614207	0.18278154352712	0.228176460329245	0.204102748160162	0.128739414829198	0.0587775163145886	0.0187767463824107	0.00477578874117409	0.000829632393951746	0.000148831546660683	1.09700099227803e-05	
6.71099906719665e-05	0.000431290137770942	0.00289078198602499	0.0139648490627414	0.0438794463686044	0.108992136546325	0.184813055041726	0.224152242611751	0.205524525052644	0.129773140673053	0.0596524886476944	0.0198405201243724	0.00503069758972555	0.000909761405866015	7.79547610277025e-05	
3.10649094385081e-05	0.000369789937600662	0.00305064563790297	0.0137631088616869	0.0443235711770267	0.106337995156071	0.18284958976309	0.230184336771209	0.203347192898398	0.130282142697019	0.0586073238334149	0.0203870110358346	0.00555686340981577	0.000849405570658682	5.99583408323837e-05	
2.49719982727443e-05	0.00035612241015044	0.0029240245306712	0.0123527634437244	0.0444157493378026	0.107141350402944	0.18262691875942	0.229230147933497	0.202765749627333	0.131893564069772	0.0591427397353196	0.0205311704308378	0.00553582153014343	0.000959043647950869	9.98621421610881e-05	
1.77219314317964e-05	0.000337584388208952	0.00239608926931267	0.0142943416134194	0.0444540451386533	0.107654685904796	0.178927640144455	0.22740395896379	0.204084079573891	0.131674344943249	0.0604990453821327	0.0215939368066426	0.00570162388634489	0.000862747795460093	9.79439088775097e-05	2.10349334502034e-07	
3.16396653459491e-05	0.000253063832209104	0.00290996661761226	0.0138285663974023	0.0464915863630742	0.108167136385091	0.179762804676872	0.225060187576411	0.201838384910356	0.13335289839661	0.0604698728336859	0.0209565310046254	0.00572667244649981	0.00109000385559946	5.34638132092581e-05	7.22122539594781e-06	
5.99270723551176e-05	0.000636984391126209	0.00296407049999809	0.013327278770589	0.046122314538537	0.110162114192183	0.18515339529436	0.224224290985779	0.198185568709554	0.129576902861927	0.0614193001194721	0.0214900227973936	0.00548239928786117	0.00109585220608582	9.95509835844576e-05	2.72891950615289e-08	
0.000124197258995635	0.000617961155038394	0.00247797816076543	0.0137500936336319	0.0457291532264186	0.11002142548424	0.183750358125225	0.224845774064065	0.199109409903159	0.129534466210311	0.0632015844184311	0.0204551081583278	0.00536598767446974	0.000908985167960904	0.000107434098228403	8.32607322875767e-08	
4.77307212014222e-05	0.000590419804679968	0.00263328908629379	0.0126087305270388	0.0455033247840695	0.109332956328596	0.184036785667445	0.224189354166755	0.201895420733041	0.130640045231631	0.0614594339700632	0.0212096165700955	0.00508612867599169	0.000655271024474996	0.000109789037473839	1.70367114879272e-06	
3.77163552100907e-05	0.000509975975953069	0.0031624104395481	0.0128920152498384	0.0446206236138003	0.107052859542457	0.185846337353445	0.227084891605032	0.202111861624202	0.128975950102533	0.0614225394351333	0.0203809860411346	0.00502955366013213	0.000732177574250719	0.000140101427330966	
9.80976780063642e-05	0.000661363632746846	0.00310883249668025	0.013966529026796	0.0430464091816699	0.105334484664366	0.185710811455354	0.227858058229781	0.20227601958498	0.130961025326479	0.0593625935707487	0.0207407534129012	0.00558244558534305	0.00113505720015359	0.000157518953994576	
0.00010457482099676	0.000547209126222038	0.00296249572886062	0.0138760807530371	0.0439928571136486	0.106271352301134	0.185572123355281	0.229611505826808	0.201184769525187	0.131361474092625	0.0579958745990905	0.0197348729461678	0.00531189762064973	0.00130362508602687	0.000169287104266015	
3.30715996488917e-06	0.000410536264116073	0.00294309210095773	0.0148951401872878	0.0439982880122094	0.103539807457707	0.185122595158693	0.226100885587372	0.203761496479794	0.132595561998725	0.0598349878522129	0.0205964317257425	0.00498075106779927	0.00108875629793262	0.000122420972259626	5.94167722505512e-06	
1.26934485078555e-06	0.000359111762118908	0.00316456133599843	0.0142759266294982	0.0457978775933526	0.106443479359987	0.184457131812634	0.224599626773123	0.20148200806632	0.130914106847075	0.0611232985454803	0.0211152977238475	0.00518753032852704	0.000965125201547281	0.000111109985938762	2.5386897015711e-06	
1.98790584997513e-05	0.000411263794181032	0.00360570793098451	0.0148650216133592	0.0475476237333304	0.109685887604028	0.185278348736052	0.229312734404311	0.198061704877965	0.124396615199158	0.0587688335504001	0.0209344430427543	0.00590197751210246	0.00107896463919242	0.000110722710882254	2.02715928001695e-05	
7.96398337903687e-05	0.000432290210489322	0.00291337299841067	0.0139735171871482	0.0463319266921821	0.108659635351721	0.183791493319976	0.231698747851284	0.196741432629174	0.129497784491505	0.0601800294848	0.0196659873763244	0.00516239400275364	0.000814911353837947	4.53230237658867e-05	1.15141928371617e-05	
9.65161702742765e-06	0.000333429699866134	0.00292581475359646	0.0149695457814353	0.0471884671256946	0.110388265474236	0.189368429605595	0.230641633888578	0.196188475430574	0.124391471157826	0.0589537321680764	0.0191488923534952	0.00460912410004283	0.000827570046049436	5.5496797907709e-05	
4.6382548652169e-06	0.000567311340580361	0.00313707117979789	0.0137822827051891	0.0489644734951647	0.114075517621605	0.188779028288939	0.225525699667554	0.199169691276367	0.124005299164523	0.058550524246394	0.0181247446703188	0.00445522432891882	0.000730566802243504	0.000127926957540054	
3.08887690915703e-05	0.000504084419682324	0.00257270190376277	0.0139911468729405	0.0488209677924834	0.11113511378904	0.189288406182353	0.225423277596015	0.200750901467307	0.126731095678751	0.0563198083363151	0.0187395341748156	0.00476670637113555	0.000769767290326697	0.000155599355980438	
0.000180567023439014	0.00254097535207812	0.0139536879096535	0.0446400990972186	0.110289546079955	0.192424154285288	0.227109057476619	0.19906752191429	0.127553619992698	0.0562973477631224	0.0195186589364939	0.00573405641965824	0.000649645366083167	3.5265008336484e-05	5.797375067345e-06	
