# <P(U)> as a function of N_tot.
# number_of_species: 1
# species_total_upper_bound: 496
# species_total_lower_bound: 473
# volume: 729
# Bin widths for each
10	10	10	10	10	10	10	10	10	10	10	10	10	10	10	10	10	10	10	10	10	10	10	10	
# Bin lower bound for each
-2460	-2470	-2480	-2490	-2500	-2510	-2520	-2530	-2540	-2550	-2560	-2570	-2580	-2590	-2600	-2610	-2620	-2630	-2640	-2650	-2660	-2670	-2680	-2680	
# Bin upper bound for each
-2320	-2330	-2330	-2340	-2350	-2370	-2380	-2390	-2390	-2400	-2410	-2420	-2430	-2450	-2460	-2470	-2470	-2480	-2490	-2500	-2520	-2530	-2540	-2540	
# Normalized histogram for each
6.08051538236885e-05	0.000711949040205187	0.00362364348658761	0.0147038758606209	0.0481296585835556	0.113523883114411	0.189701663742688	0.229033874048892	0.197272328386111	0.124437985233389	0.0544676441368326	0.0191604970805463	0.00449408248208541	0.000664732516409923	1.33771338412115e-05	
4.43314477479915e-05	0.000679318121677878	0.00331605031010125	0.0147194911161203	0.0468264036942416	0.112171063163056	0.189987390458997	0.229095638993382	0.198394542289801	0.125360367727909	0.0558197011274534	0.018310259267501	0.00436805850886099	0.00085643293611899	5.09508370310051e-05	
4.62021660802579e-05	0.000502802279060025	0.00322391680119158	0.0140718257234196	0.0467518052431921	0.112368137378319	0.187783295708673	0.228366067140448	0.199693801557597	0.126839941098189	0.0562335634537957	0.0187101053419965	0.00451083357487872	0.000766104377225479	0.000121072419184557	1.05257367486793e-05	
3.0738948221556e-05	0.000430452566369574	0.00364648149552869	0.0139205591849211	0.0449001617201279	0.109959306567953	0.186634501459859	0.229964509121528	0.200599854749082	0.126722333310409	0.0593465822313	0.0180934384630397	0.00448059063413753	0.00112181067318511	0.000141678119115409	7.00075522323397e-06	
4.89057341973346e-05	0.000335461091054684	0.00333335572606877	0.0130175241068993	0.0447498753844273	0.111596785657184	0.183157106983981	0.228396335294489	0.204262645289666	0.128048029730387	0.0587645927858668	0.0185158453235235	0.00478271209167407	0.000850959775033623	0.000136774828057381	3.09019749049092e-06	
6.32009162807724e-05	0.000391780776277086	0.00293347445049548	0.013712543518577	0.044030566635022	0.108876897271494	0.185695623305447	0.224547473867219	0.205509448604593	0.129432312440666	0.0591892401481211	0.0196001807811233	0.00505285511288652	0.000898442807308438	6.59593644881488e-05	
3.29783934299013e-05	0.000335018169440436	0.00310213861355742	0.013917505796373	0.0446737358854307	0.106555521525494	0.183520772740168	0.230485367912625	0.202194299852842	0.130201788985634	0.0582554912618512	0.0202239455301083	0.00557942345686408	0.000859634980713471	6.23768954677409e-05	
2.66097500823842e-05	0.000347799901180313	0.00289919562802357	0.0124265880105226	0.0446014946140185	0.107851107595037	0.183583585728833	0.229350262349823	0.201955331815733	0.131426244315024	0.0590802563009258	0.0200284647196171	0.00530853495613509	0.00100811286104039	0.0001064114540044	
1.89585628261738e-05	0.000357737391725932	0.00239246374062346	0.0140821335572807	0.044876043346813	0.108181216182242	0.180322148175064	0.227471503226697	0.203479020043701	0.131493497634877	0.0601315544238175	0.0207756595006112	0.0054103631554902	0.000906663732308693	0.000100812298470337	2.25027451942715e-07	
3.38741049276028e-05	0.00026815806648098	0.00295755583242792	0.0140328132698986	0.0467812269996832	0.108503854947589	0.18056263771556	0.224996415014424	0.201348366907353	0.132887770022144	0.0603256862040363	0.0204628514173521	0.00567427050124971	0.00109954829181737	5.72395061287218e-05	7.73119892684087e-06	
6.4227559765119e-05	0.000660087338952172	0.00297333240131228	0.013440669791667	0.0464568819859536	0.109116511308701	0.184830392153709	0.224834978165262	0.198409431975088	0.129514786523794	0.061518244750874	0.0216070168316568	0.00530608556128774	0.00116062944178471	0.000106694962669924	2.92475226617117e-08	
0.000133528972922592	0.000652546393037802	0.00259807098823913	0.0141102079811476	0.0458784663748385	0.109073865124578	0.183202019399686	0.224948517494205	0.199563182717227	0.129759009893557	0.0631683050497584	0.0203888745629127	0.00544720628444936	0.000960602955373633	0.000115506291437621	8.95166298922405e-08	
5.13206139290753e-05	0.000634826084529345	0.00271446708887706	0.0128611440460926	0.0450902793862391	0.108175265692284	0.184503012405925	0.225154914531358	0.201528063021594	0.130942759677877	0.061563836102079	0.0210728026301379	0.00492182405053336	0.000665606441040347	0.000118046420921706	1.83180658260596e-06	
4.05766960648629e-05	0.000548651640948944	0.00335044970833106	0.0133912823263292	0.0449016855529151	0.106577138973938	0.185266872170155	0.227558002031449	0.202378748777608	0.128693505157252	0.0612880143612933	0.0201452809849578	0.00496260591505495	0.00074645923494904	0.0001507264687533	
0.000105795539087575	0.000713261755847372	0.00328622029959568	0.0144347470308215	0.0438566948548031	0.104809207154071	0.185007313285201	0.228107870382076	0.202842718779857	0.13072182010008	0.0588453360854884	0.0204302464297453	0.00555469486859455	0.00111419374957381	0.000169879685157134	
0.00011283911672119	0.000590453742842955	0.00313734091057619	0.0144909246432794	0.0446481891095966	0.107016069067784	0.1840850315101	0.229182756603156	0.201163356791239	0.13105330023715	0.0577332377137271	0.0197804163747979	0.00545358208501139	0.00136983663845699	0.000182665455561784	
3.56600293681496e-06	0.000442667889986996	0.00309226851276825	0.0152651519615887	0.0448114506167523	0.104966656361523	0.184664223048044	0.225274136475768	0.203132340715262	0.132331739813546	0.0590508629878209	0.0205311712476205	0.00512543415330247	0.00116992094655015	0.000132002549389896	6.4067171407184e-06	
1.36078597062323e-06	0.00038498147093343	0.00329800087840246	0.0145069763565554	0.0459333001986989	0.107193344462345	0.185369863441197	0.225391153391302	0.200669089389849	0.130553836261281	0.0596094108812801	0.0206629906495255	0.00527253156146501	0.00103132456729123	0.000119114131961887	2.72157194124646e-06	
2.12966212024355e-05	0.000440590747245872	0.00375748693381701	0.0151928713930988	0.047963715603779	0.110123806961178	0.186425125134921	0.230593596607631	0.197937646016273	0.123012257782473	0.0575317558454419	0.0197952544639851	0.00590835556262039	0.00115590490424841	0.000118618275216386	2.17171468679278e-05	
8.5025528146523e-05	0.000461524110612488	0.00303268764549549	0.0140578351958202	0.0463983282691623	0.108586276747187	0.184751042120116	0.233051839178703	0.197261424755481	0.128558146614622	0.0589097353084806	0.0190349620633086	0.00489342703857592	0.000857064554803683	4.83880220422806e-05	1.22928474428708e-05	
1.02724826795938e-05	0.000327166628597762	0.00297958735257905	0.0148801689512837	0.0473826923538059	0.110240163179582	0.190414620991824	0.231542207526069	0.196381559782729	0.123775353584677	0.0576477991519409	0.0190910208557378	0.00443989243396712	0.000828427949120035	5.90667754076645e-05	
4.91291548408574e-06	0.000592109281126909	0.003140206135343	0.0138042628573352	0.0489587325690053	0.113365230608723	0.189494768715825	0.226597753662064	0.199827777306426	0.123321974594284	0.0578395774822079	0.0177430678174146	0.00441006240402899	0.00076406132306991	0.000135502327662868	
3.27201646134763e-05	0.000533971591493283	0.00263657056372186	0.014017217016253	0.0490899495237723	0.111042147990439	0.189785881153436	0.225649868444637	0.200979431555207	0.126705135549253	0.0555921567615922	0.018355027160722	0.00460082533629821	0.000814272344737744	0.000164824843823908	
0.00018494940599263	0.00258276441005736	0.0142978436372389	0.0446773629921478	0.110293591687223	0.193206976290396	0.227961745264875	0.198403674340176	0.127438853741249	0.0555812338242252	0.0190229910645514	0.00563728903394341	0.000667249071158453	3.73372040266812e-05	6.1380327389492e-06	
