# <P(U)> as a function of N_tot.
# number_of_species: 1
# species_total_upper_bound: 496
# species_total_lower_bound: 473
# volume: 729
# Bin widths for each
10	10	10	10	10	10	10	10	10	10	10	10	10	10	10	10	10	10	10	10	10	10	10	10	
# Bin lower bound for each
-2460	-2470	-2490	-2490	-2500	-2510	-2520	-2530	-2540	-2550	-2560	-2570	-2580	-2590	-2600	-2610	-2620	-2630	-2640	-2650	-2660	-2670	-2680	-2680	
# Bin upper bound for each
-2320	-2330	-2330	-2340	-2350	-2370	-2380	-2380	-2390	-2400	-2410	-2420	-2430	-2450	-2460	-2470	-2470	-2480	-2490	-2500	-2520	-2530	-2540	-2540	
# Normalized histogram for each
4.94823363377988e-05	0.000775801333969025	0.00369155956396736	0.014487649619276	0.0492331326556116	0.113774207975763	0.189778922440041	0.230333088381638	0.196058708788107	0.122401129600039	0.0547344971098404	0.0194907223220658	0.0045421239294748	0.00063922391965348	9.75002421609275e-06	
3.74282754679487e-05	0.000627790009353603	0.0034690851493652	0.0146688034669365	0.04774569535363	0.112367133954065	0.188944153354888	0.230099256937063	0.198262773525317	0.124442469833368	0.0553385139149433	0.0187728215732883	0.00442371795930722	0.000763159456274976	3.71972367304923e-05	
1.16245662656366e-06	7.44747212085116e-05	0.000505765503940738	0.00315262111979486	0.0138914535588212	0.047274107989392	0.112657217172995	0.188282208587768	0.228111963714924	0.199253377357891	0.126225430292523	0.0560563709316948	0.0192237970990856	0.00442252748720721	0.000759491036965365	0.000100320006872444	7.71096228953892e-06	
5.01631317149693e-05	0.000490598942911095	0.00339291394703183	0.0139878984813029	0.045420733845807	0.10997506078106	0.187003546820449	0.230567522318737	0.199775911976572	0.127542193412907	0.05755033139983	0.0186378391964479	0.00448685683967467	0.000983521518626426	0.000124695118385284	1.02122685429852e-05	
7.85909297154533e-05	0.000359239315635422	0.00310833870091206	0.0132333365875959	0.0457430874039223	0.111304301597628	0.184099946710229	0.22784012834108	0.202115212035729	0.129429019598186	0.0586606725690976	0.0184249505972647	0.004692001638272	0.000778247609900503	0.000124482872757454	8.44349207587064e-06	
7.43999333489939e-05	0.000439237056920455	0.00295435228590794	0.0135946053299002	0.0449662492701191	0.110276718558767	0.185880864317465	0.224318140647869	0.202713076903006	0.130014562394783	0.0595410407623874	0.019482845492649	0.00481623964200822	0.000838745612007634	8.89217928601172e-05	
3.32655857877702e-05	0.000413019655548217	0.00305251822661222	0.0133402716783175	0.0448371019290794	0.106781659655498	0.183714510903671	0.229208672466844	0.202270573132204	0.130513637267461	0.0591172995610922	0.0204605120675909	0.00527167515120505	0.000920136789038639	6.51459300495774e-05	
2.90437027736876e-05	0.000490351855482684	0.00303512678264453	0.0126478942348031	0.0444451434969364	0.10779520415459	0.183836545072825	0.228204491365273	0.202251230063647	0.130876091126133	0.0595754963625655	0.0205724366204468	0.0052591642806181	0.000861297388985084	0.000120463544677403	1.99475980588514e-08	
1.55584891072117e-05	0.000325064912572448	0.00247960123856121	0.0139779940892346	0.0443469071650717	0.10769973600875	0.180640123708448	0.228887262133116	0.203825436916656	0.129615095150405	0.0601463804321187	0.0216210257949201	0.00543634299965155	0.000841537782401284	0.000139154152901528	2.77902608564277e-06	
2.73956268235535e-05	0.000325849709893054	0.00281593338698875	0.0138855751872156	0.04618571797536	0.107761468805126	0.18257121871347	0.226463226015709	0.201886861980154	0.131385747463166	0.0594620744334454	0.0206150755976465	0.00553979444976932	0.000998635336071485	6.03608071873794e-05	1.50645119742421e-05	
5.06572819096858e-05	0.000620998185036364	0.00303800817332447	0.013437269497286	0.0462652892648458	0.110066990736	0.18489143100245	0.227090018389161	0.200253950354015	0.127217852912012	0.060106976581376	0.0207460164067401	0.00512779439203088	0.000985600347200934	0.00010112546571187	2.10109008335487e-08	
9.61956170439373e-05	0.00054563873685503	0.0022903155347366	0.0135452672175591	0.0460256796940468	0.109999139935947	0.185126820539671	0.225783881961121	0.200215688845206	0.129109737401873	0.062011800525931	0.0193270214821043	0.00500505258073924	0.000830872176532349	8.6823261953176e-05	6.44886818171647e-08	
4.64197309623749e-05	0.000535693622351944	0.0025804277408801	0.0126977926177047	0.0449516287412501	0.107875462357569	0.185341296378134	0.225894423619947	0.202101365758692	0.130041045746116	0.0616766081717631	0.0207037611031313	0.00483019852322672	0.000637726392221823	8.48330834091565e-05	1.31641264003016e-06	
8.09471874684174e-05	0.000451305607593552	0.00306491132755956	0.0126885042932272	0.0446894878516299	0.106818740262334	0.185484144518641	0.227389510681436	0.20282025400522	0.128716391404863	0.0618416264575991	0.0203796627746266	0.00477220464302443	0.000686918964985486	0.000115390019790912	
0.00013964733863578	0.000599555768138549	0.00297168752570746	0.0133061568403391	0.0434428017176361	0.10619163021106	0.186269295213472	0.227534800652553	0.202417750178577	0.130353429293908	0.0592503926002417	0.020798785390484	0.0055251299654571	0.00107161691363614	0.000127320390153582	
9.76911631255982e-05	0.000527684923320614	0.00277035129894902	0.0137505327493815	0.0445302706862946	0.107093152558162	0.185106000908659	0.228313079680118	0.201379386139696	0.131888761602052	0.0579754095205926	0.0199248541256145	0.00535870919445023	0.00114641016049153	0.000137705289093338	
1.25495292744631e-05	0.000515777057612439	0.00300120703263587	0.0148858906115123	0.0444246674750798	0.105642044877031	0.184394810769645	0.226202772457479	0.202929691906907	0.131725059583403	0.059567071324519	0.0202955757966856	0.00524063185160783	0.00101760780615103	0.000140086269418194	4.55565103799005e-06	
3.96938919233263e-06	0.000417584057586863	0.00333935652188658	0.0141029162088476	0.0451426767821948	0.107218228539697	0.184051926168757	0.22617696110855	0.20176582161319	0.131359384851676	0.0601181251392657	0.0199613247741509	0.00513977653935232	0.00102457701250351	0.000172129110682729	5.24218246596103e-06	
1.51591705423577e-05	0.00045964999762991	0.00384645244086058	0.0145099774603018	0.0463202246704532	0.108122345581665	0.184716417353902	0.228688167929571	0.200232523288409	0.127150718011226	0.0590601284330256	0.0201936401228735	0.00550294995534459	0.0010339024693177	0.000132006655752492	1.57364591243657e-05	
6.06595211814256e-05	0.000442371703016917	0.00306315535309634	0.0141065414630075	0.0458270645200419	0.106986779556142	0.184267589912317	0.230455860170819	0.198802165764157	0.130166841841992	0.060638993242826	0.0195690151767672	0.00488650919566743	0.000681377094943307	3.63054327694642e-05	8.77005125514588e-06	
7.38863654762005e-06	0.000337965686269772	0.00326983680843033	0.0153130995951049	0.0469418766247617	0.109018387201971	0.186518633615148	0.22925180110366	0.198753313637032	0.126254486851567	0.0599659809131328	0.0192769742313353	0.00430153962217563	0.00074623081271501	4.24846601488153e-05	
3.57506059138995e-06	0.000504404656612754	0.00323964712225284	0.0141125195731891	0.0477690176900206	0.112269575838328	0.18703835023156	0.227008362537689	0.198318758182366	0.126362464689587	0.0598264340194203	0.0184891858163431	0.00421099322568833	0.000739395315964176	0.000107316040387053	
2.38460440217989e-05	0.000440520851559638	0.00265402553641524	0.0152676690156906	0.0484365154123988	0.108660526368351	0.18728332681556	0.225642778166823	0.200533350715997	0.12905579108359	0.0579704510091946	0.018537470772822	0.00457078186870394	0.000767490148603063	0.000155456190269848	
0.000147023808777475	0.00264584487282516	0.0151929790716007	0.0460140420816254	0.108483271604663	0.190226412341923	0.226098773279688	0.199654657265041	0.129538546719912	0.0569825240769051	0.0192009073321104	0.00508835112701175	0.000683538569289072	3.86961649333451e-05	4.43168369348366e-06	
