# <P(U)> as a function of N_tot.
# number_of_species: 1
# species_total_upper_bound: 496
# species_total_lower_bound: 473
# volume: 729
# Bin widths for each
10	10	10	10	10	10	10	10	10	10	10	10	10	10	10	10	10	10	10	10	10	10	10	10	
# Bin lower bound for each
-2460	-2470	-2470	-2490	-2500	-2510	-2520	-2520	-2530	-2550	-2560	-2570	-2580	-2590	-2600	-2610	-2610	-2630	-2640	-2650	-2660	-2670	-2680	-2680	
# Bin upper bound for each
-2320	-2330	-2330	-2350	-2350	-2370	-2380	-2390	-2400	-2400	-2410	-2430	-2440	-2450	-2460	-2470	-2470	-2480	-2500	-2510	-2520	-2530	-2540	-2540	
# Normalized histogram for each
8.48523901391189e-05	0.000717341417312781	0.00330321513628855	0.0141059348218823	0.045526751926287	0.112300128989411	0.182253346502486	0.220868934403247	0.201536827200346	0.130473524561609	0.0630148984262924	0.0208310321380437	0.00441094644057428	0.00055561666560649	1.66489804738461e-05	
3.20628562091841e-05	0.000568360594215338	0.00315087264116558	0.0133315845910792	0.0433450318226752	0.107886806268265	0.183149540173917	0.227573731064545	0.203102104572192	0.129376877557586	0.0617417925913078	0.0210687816225002	0.00502701440847835	0.000630976099638346	1.4463136224795e-05	
0.000328040425687185	0.00316447172082686	0.0121316219934819	0.0412318751583393	0.104919241775109	0.185125036859308	0.225557843749759	0.205463187266644	0.132920449751789	0.0610013984287997	0.0218648525657342	0.00541453594650253	0.000824224560254363	5.31011360083253e-05	1.18661756443185e-07	
3.13624091377321e-05	0.000267217431821489	0.00353291169395045	0.0130437290862929	0.0404763737629971	0.106668527786033	0.180720938678725	0.226801659696265	0.206706423524888	0.131339642576515	0.0636396057605648	0.0203616649932971	0.00515944994580733	0.0011217672529496	0.00012872540075487	
8.1525320577427e-05	0.000152148295163816	0.0030227965631929	0.0127771255213744	0.0406178407927992	0.109447742875196	0.178499023149799	0.226174618757074	0.207856073042811	0.13105631376661	0.0635364496922147	0.0202712770184361	0.00548194183864916	0.000809559758423395	0.000208598219961856	6.96538771649636e-06	
6.80434179476611e-05	0.000318965005104787	0.00295526466807245	0.0139931809593571	0.0444830017007792	0.107928007491513	0.180460269932097	0.223443437913596	0.20623953855416	0.132022298152661	0.0609098219540771	0.0211722208918404	0.00499362743686998	0.000905755272752439	0.000106566649170954	
4.55580173758278e-06	0.000215580538222417	0.00273943395682011	0.0135949375931092	0.0449086637681644	0.106023893661513	0.182733207694445	0.226850133864641	0.203200724068756	0.133058871588654	0.0587996069861701	0.0209298998786638	0.00599142598112987	0.000848108051468411	0.000100956566504834	
0.000174834913373988	0.00254935409438181	0.0120082722100549	0.0425396079518571	0.108389434627522	0.186784233187736	0.225603037972636	0.203384848045296	0.131226379591783	0.0593730909029405	0.0207300402475731	0.00571825987968931	0.00132293589551969	0.000195670479636574	
0.000239201321736803	0.00237656479867253	0.0134922003861731	0.0426911444369216	0.107699398439822	0.182069020420131	0.225896121967259	0.203167573669491	0.131917161841434	0.0612265683150565	0.0219559404869603	0.00586273718695384	0.00129330672966133	0.000113059999727161	
8.33119541715567e-06	0.000176036251257152	0.00249516122898233	0.0136720004548451	0.0455159280372963	0.108387135260583	0.180740387613001	0.222821637246523	0.202934183429011	0.13440425020704	0.060864724662895	0.0209342589821416	0.00577523554070158	0.00115046813050646	0.000104362531904981	1.58992278953353e-05	
1.03307812859963e-06	0.000277123207996851	0.00252787761330026	0.0120533744980532	0.0464885157869834	0.108323859145996	0.185302965657384	0.227382174856738	0.200440336638839	0.129998935929528	0.0582630237576977	0.021940577862582	0.00563815302159856	0.00120947621905802	0.000152508158734521	6.4567383037477e-08	
4.66352108364837e-05	0.000283855157427101	0.00275682581318274	0.0142757881138653	0.0421890163577405	0.10962972751405	0.186540908570006	0.225938399908738	0.203199527673367	0.128238807239585	0.0599348555022668	0.0203862399907956	0.00552532673509237	0.000982861527405557	7.12246856411751e-05	
6.32806341879691e-06	0.000414092649967523	0.00285632962565945	0.0113173459205546	0.0431285866441739	0.107940018923546	0.183227098771446	0.227456241111872	0.204483063795185	0.129192424411612	0.0629739867814665	0.0207304061733423	0.0053945422298698	0.000825021268225647	5.45136296598442e-05	
1.39732311854305e-05	0.00059392950437688	0.00351977632081464	0.0117720441997487	0.0429498834612365	0.103657862747265	0.186449190341944	0.231415317012644	0.204636963025688	0.126246598643455	0.0621123561991602	0.0200055691387753	0.00580379500866777	0.000688047277890284	0.00013469388714802	
2.02457113179173e-05	0.00048562161977535	0.00381266684635309	0.013719361662363	0.0427294000920285	0.102249312300013	0.182886052316295	0.230215842696057	0.206367772022823	0.131882973728642	0.0581489194643508	0.0204504409088975	0.00571851822878397	0.00119656285666711	0.000116309545632525	
8.47402075336706e-06	0.000347154717970583	0.00251272223644675	0.0146258096541647	0.046453391205059	0.102694206347028	0.179054237654682	0.227944154942637	0.206151774894152	0.134530261918675	0.0589319820468416	0.0203641924020109	0.00489140087188569	0.00138161554894566	0.000108621538747705	
0.00041600053929281	0.00231703498668928	0.0145583131161074	0.0457730913220459	0.100630100603627	0.185416155081071	0.224996249035649	0.204781024534889	0.132768103887009	0.0596669771375738	0.0210784068564422	0.00592191812478938	0.00149096994991414	0.000171189987384888	1.44648375151838e-05	
3.07564592152606e-06	0.000287743762880549	0.00200115193191914	0.0126275769384788	0.0464439621072221	0.108856677839007	0.18587850665498	0.225496380203967	0.204717179662763	0.127309049719047	0.0570097627152841	0.0219638026548019	0.0057470152735893	0.00158928876918323	6.26748291119865e-05	6.15129184305211e-06	
4.80674479174965e-05	0.000379658262818026	0.00308594371552694	0.0140015255482553	0.0476264341675623	0.110982110163675	0.189113407787482	0.233006377513058	0.194912145383081	0.12228528240507	0.0549099067552527	0.0213662856818598	0.0065897149085088	0.00151205682779115	0.000181083432140526	
0.000146349243208838	0.000244736438970552	0.00268956930834007	0.0153367712291756	0.0466210942831908	0.108972166481261	0.184094485096632	0.232335341878058	0.197110331113965	0.127460133173022	0.0584352891745417	0.020192706169924	0.00536271794423033	0.000957119945417685	4.11885200615803e-05	
1.39761088985681e-05	0.000441645041194751	0.00299225082711294	0.0154063079838079	0.0478149955876402	0.106931277359085	0.194032569651473	0.233679109085098	0.193623785510225	0.12564119660581	0.0552711474208148	0.0188429990738953	0.00422930690498864	0.000948330120873571	0.000131102719082665	
5.05246251039577e-06	0.000670581438715292	0.0031266765366965	0.0131037609600211	0.0483379060335045	0.113434564294912	0.194220182327417	0.227100212269905	0.202631069852289	0.120931022585172	0.0541563484523842	0.0173738230587741	0.00403811418166395	0.000734534977333722	0.000136150568701191	
7.38451641947226e-05	0.000663785975928117	0.00195299946749432	0.0118610376230172	0.0463924722786621	0.11246440731461	0.198528689803542	0.229048827790069	0.199860090763912	0.126145591484723	0.0516062827465697	0.0165874016320875	0.00422168701192107	0.000505976125037914	8.69048182328633e-05	
0.000185954807715031	0.00178135792924399	0.0126629552229736	0.0432425953997454	0.109409691391994	0.203740703103636	0.234887323135303	0.199963200664414	0.122946715237288	0.0488358243219976	0.016750517385154	0.00487419016141066	0.000620929706516858	8.41995806901395e-05	1.38419519177856e-05	
