# <P(U)> as a function of N_tot.
# number_of_species: 1
# species_total_upper_bound: 496
# species_total_lower_bound: 473
# volume: 729
# Bin widths for each
10	10	10	10	10	10	10	10	10	10	10	10	10	10	10	10	10	10	10	10	10	10	10	10	
# Bin lower bound for each
-2470	-2480	-2490	-2500	-2510	-2520	-2520	-2530	-2540	-2560	-2570	-2570	-2590	-2600	-2600	-2610	-2620	-2630	-2640	-2650	-2660	-2670	-2680	-2680	
# Bin upper bound for each
-2320	-2330	-2330	-2340	-2350	-2360	-2360	-2370	-2390	-2400	-2400	-2410	-2430	-2450	-2450	-2460	-2470	-2480	-2490	-2500	-2520	-2520	-2530	-2540	
# Normalized histogram for each
4.71709887412677e-07	6.93020442923792e-05	0.000601390797293879	0.00343856067162054	0.0144625779770839	0.0487342274463219	0.113880853551179	0.190480760820877	0.230629899763614	0.196481539535283	0.122500518389512	0.0549601768754841	0.0185276008265143	0.00447546548429963	0.000734137821443263	2.25162852924985e-05	
4.01707097632744e-07	7.11887989883282e-05	0.000569179574296811	0.003363005178674	0.0143271671950231	0.0466432193121869	0.111458769787767	0.189965750531622	0.231476885990209	0.199041818299609	0.123667444022411	0.0555117620428933	0.0188043582069449	0.00433385246755477	0.000692125576001703	7.30713087203719e-05	
4.75071340077515e-07	7.99624243907137e-05	0.000568692065495457	0.00309880325491328	0.0137545900700066	0.046613350624241	0.110800746124877	0.187626195278502	0.230165706229455	0.200073824502677	0.126375524527256	0.0563083056540275	0.0191935234854407	0.00450239361131663	0.000756376916248747	7.8378853257122e-05	3.15130655584751e-06	
1.30333415207619e-05	6.05494079552958e-05	0.000523455552407332	0.00323574160583467	0.013892493036083	0.0447858754308344	0.108662894155367	0.185388300158459	0.230962867588808	0.201357068076075	0.127532764688113	0.058044582499673	0.0197913198311041	0.00474760922224305	0.000905594715227965	9.1193654848014e-05	4.65703544583322e-06	
1.70886271981878e-06	6.18038683667794e-05	0.000522737941431974	0.00304681520402061	0.0130399912246735	0.0447655893276143	0.107681642514542	0.182489576431872	0.228520910882374	0.203600629130469	0.130816518737304	0.0599764612071746	0.0195768183436603	0.00493766389209861	0.00083790444221633	0.000119794441219889	3.43354824259885e-06	
5.03031627783805e-06	5.77969830785405e-05	0.000471141170875489	0.00302205190526686	0.0132880056010227	0.0447719128245712	0.107382376146262	0.182720858817554	0.226911877393662	0.202533272045592	0.130882352917804	0.0614245801660685	0.020564075985971	0.00503352677985424	0.00080562144280946	0.00010784584866752	1.76736546633678e-05	
5.17448576305717e-05	0.000516067655258521	0.00328812380360354	0.0130361803933354	0.0449024732049929	0.107934217587872	0.183473765464322	0.225154224476764	0.202530015608614	0.130836594747426	0.0609852431999182	0.0210746964082775	0.00529627665035759	0.000836290547978757	6.82444832462095e-05	1.05870613618378e-05	5.25384904163167e-06	
2.93905142310407e-05	0.000607000514720192	0.00318634262060046	0.0132877373466172	0.0449472056464951	0.107692625099816	0.183007923964518	0.226799806094271	0.201609372323645	0.130258759071972	0.0611072426739246	0.0209533663314516	0.00545696090441309	0.000924164852931133	0.000123733189010063	7.40535850307988e-06	9.63492880508242e-07	
1.03516864874173e-05	0.000374250208617234	0.00285410214052189	0.0136225877824811	0.0453407382610338	0.108419354902867	0.181049223459372	0.226094443435945	0.202421062979062	0.130886053004261	0.0612069103162391	0.0213003441911795	0.00543302993599902	0.000863335445498047	0.000117526786246804	6.68546418979031e-06	
3.01902575539728e-06	2.38221258939215e-05	0.000369407991430411	0.00288417593832287	0.0132531205294267	0.0447565979318498	0.107026274444287	0.182146566921705	0.227954164200995	0.202926835174783	0.131176194078626	0.0603350123517602	0.02084699274764	0.00541162379338799	0.000777016722085782	9.29779425308884e-05	1.61980795196249e-05	
2.5823272351057e-07	3.91626064748999e-05	0.000471581371765959	0.00297222636851622	0.0126435744689793	0.0446139315472984	0.107868012961895	0.183924950017241	0.227565901011214	0.201756678134271	0.130473786275736	0.060973967163724	0.0207280986230152	0.00506383880099835	0.000792072390960405	9.99764128616391e-05	1.0514913710446e-05	1.46869861496637e-06	
6.45286974445754e-05	0.000467461685902248	0.00271412304814566	0.0128228299887074	0.0437222163800507	0.107792715998021	0.18357043208566	0.226784686982601	0.203582000564614	0.130658246909552	0.0614507944767353	0.0203624851015105	0.00515638651439352	0.000753914906938779	8.43868205008178e-05	1.16226745713478e-05	1.16716465147664e-06	
4.34287681058734e-07	8.52105206665995e-05	0.000483116365802677	0.00280173732443931	0.0123288618718614	0.0430678832370208	0.106127462401933	0.182722272675616	0.227569063807111	0.20334191581389	0.132548336772004	0.062360466133587	0.0208406791797184	0.00485268138350715	0.000785765714857476	8.13510961802096e-05	2.76141412295836e-06	
2.80404918148124e-06	8.48429851753445e-05	0.000496882434343004	0.00294962196866603	0.0129892740937332	0.0435067662075703	0.105000614226153	0.18336349093694	0.227435387840218	0.203751953907794	0.131303776200734	0.0630286877926301	0.0204772906574976	0.00482345653060062	0.00070671878142385	7.8431387339326e-05	
8.69920970138353e-05	0.000574779439077118	0.00297613111283926	0.0133345066453437	0.0430752253625463	0.105098152496647	0.183266380862216	0.227061497939278	0.203537118463405	0.133242145304144	0.0607717479383495	0.0210064683733371	0.00507473261731739	0.000798596122798316	9.41998499969246e-05	1.32537569042051e-06	
4.55315946606638e-05	0.000483333501711341	0.00299042613556071	0.0137031285220061	0.0436590648836267	0.104930799297492	0.182192393728698	0.226661210946545	0.203450413038069	0.133862945564508	0.061246997162292	0.0206547379505801	0.00516291144853337	0.000857909807768078	9.7198420366153e-05	9.9799758329159e-07	
1.99279008547077e-05	0.000469704690064001	0.00291540309202123	0.0138555359769578	0.0434444180953311	0.105184910381993	0.183823994176823	0.226248290826646	0.202891457075647	0.133542915202186	0.0611147480659871	0.0204677436219432	0.00506794987165008	0.000866294318583935	8.30790119714221e-05	3.62769133926515e-06	
7.26760610095209e-06	0.000364794805563897	0.00289112524491589	0.013534867681606	0.0441216772854467	0.10715660845699	0.183959019481249	0.226065805815743	0.202156658045801	0.132986404048658	0.06067685312981	0.0201215299822895	0.00506753752206499	0.000787478451222738	0.000100397019403533	1.97542313482255e-06	
1.07761954900002e-05	0.000396891128537955	0.00330141256920208	0.0135611043679264	0.0456838526752639	0.108112205307435	0.184026501551191	0.226733550492381	0.201450671552217	0.130869341267607	0.0601251012062355	0.0199267329355116	0.00485064301293895	0.000870554631939564	7.47598562118766e-05	5.9012499111906e-06	
6.41846013183088e-05	0.00046238883136634	0.00305085972035159	0.0132225058504818	0.045719025307637	0.107241124770093	0.18443641558485	0.228514865912855	0.201661739885773	0.130366867693709	0.0598995442877374	0.0198638634807471	0.00467453017919405	0.000719756575537943	9.64322451232628e-05	5.89507322521392e-06	
2.77489089596973e-05	0.000415003387200203	0.00322955970417781	0.0138582924088522	0.0454943804639962	0.109461831178726	0.185443482001604	0.228105302727249	0.201930748340071	0.127554939985245	0.0597253975688546	0.01926433629973	0.00464227748506918	0.000788781432112266	5.7918108153202e-05	
7.36222847986583e-06	0.000472994987490374	0.00318716831559776	0.0141994269656987	0.0463147322227414	0.109815579962408	0.187452373570782	0.226114850619297	0.200189278544542	0.128800600429202	0.059081359978876	0.0190463428359592	0.00449364167259102	0.000744197253014009	7.94057421821853e-05	6.84671138718376e-07	
1.37693571445153e-05	0.000380892817104691	0.0029256644083355	0.014033996089211	0.0464506185413919	0.109695940681739	0.187646312581546	0.22500526758907	0.200943793856719	0.130130930225208	0.0585355135290657	0.0186815105088463	0.00471432820027358	0.000751823099334232	8.80104910190016e-05	1.62802399179269e-06	
0.000222647670824521	0.00307427235324866	0.0152292871021777	0.0473787759417869	0.110600988310884	0.188088910485254	0.226529796787031	0.199597355425494	0.129691879209481	0.056387374656433	0.0177858853842373	0.00456439072359512	0.000798678612415299	4.80957873561233e-05	1.66154978227254e-06	
