# <P(U)> as a function of N_tot.
# number_of_species: 1
# species_total_upper_bound: 496
# species_total_lower_bound: 473
# volume: 729
# Bin widths for each
10	10	10	10	10	10	10	10	10	10	10	10	10	10	10	10	10	10	10	10	10	10	10	10	
# Bin lower bound for each
-2450	-2460	-2470	-2480	-2490	-2500	-2510	-2520	-2530	-2540	-2550	-2560	-2570	-2590	-2600	-2610	-2610	-2630	-2640	-2650	-2650	-2660	-2670	-2680	
# Bin upper bound for each
-2330	-2330	-2330	-2350	-2370	-2380	-2380	-2390	-2400	-2400	-2420	-2430	-2440	-2450	-2460	-2470	-2470	-2480	-2500	-2520	-2520	-2530	-2540	-2540	
# Normalized histogram for each
0.000316515391620679	0.00354543161607248	0.0166483210200839	0.0496235021156369	0.111612123104705	0.177447147934914	0.228497442089341	0.190536966948869	0.129793388926059	0.0666222508907294	0.0203338177620242	0.00462515181081423	0.00039794038913024	
0.000317149749070271	0.00315277929838564	0.0160598558346018	0.0436072075635624	0.10541856350235	0.18284142159373	0.228614465277753	0.199957442600487	0.127439633829777	0.0644472659078147	0.0220194810469473	0.00562887828583739	0.000463540139927317	3.23153697549329e-05	
0.000220967971583519	0.0029151734251087	0.0141957665744244	0.0405207145890361	0.101145059592745	0.187041190746503	0.226683557648494	0.206904251192113	0.126729586702575	0.0626328369454172	0.0234489785844614	0.00683913692048699	0.000564181127446307	0.000158241579650133	3.56399954166966e-07	
9.60247585977962e-05	0.00306746776652654	0.0150287009374073	0.0430346981701316	0.103579134682894	0.180873373638027	0.228945974965262	0.208060681772114	0.129511511220392	0.0627274850399669	0.0188975990505483	0.0051453113478865	0.000994765090024588	3.72715602205595e-05	
7.35203477236055e-05	0.00296218824562577	0.0119672331418672	0.0432541027210083	0.108697530840312	0.17746135160618	0.226315346276231	0.209893038028446	0.128395456184545	0.0645851379446254	0.0202285985308092	0.00545708926862732	0.000709406863999702	
0.000188657023911637	0.00310185116499376	0.015187256749205	0.0427161629432547	0.106952963774371	0.17802739116825	0.228027730018245	0.203878898308919	0.132234653437963	0.0623388745381337	0.0212832597296197	0.00539668985682764	0.000665611286305716	
0.000255362293002119	0.00251184292157514	0.0126506984194731	0.0418904013131889	0.099097857964179	0.173325445555877	0.231226774502309	0.20786958874605	0.141782259524086	0.0615187213156381	0.0209497928557986	0.00625763678225502	0.000656774529322092	6.84327724547286e-06	
0.000232211774214883	0.00184472248957331	0.0113348943226322	0.0393599870794519	0.105157220708248	0.181568596929324	0.227875936429149	0.206829072402572	0.134252205007005	0.0621967635780856	0.0206599053029057	0.00614383756357049	0.00245548878477422	8.91576284947781e-05	
0.000107005893657353	0.00227988840326942	0.0134740306165642	0.0418459331037031	0.0970602166670486	0.178956277770634	0.223410881988029	0.210442146458683	0.13662777649518	0.0650949994536071	0.0232386498469816	0.00545464910305387	0.00189845500534745	0.000109089194241833	
4.89411638406105e-05	0.00207763134239495	0.0125559739893502	0.03987501058254	0.0959588215362434	0.175935195584086	0.224786765519924	0.208806291465549	0.142590870223229	0.06403043508892	0.0250420884141859	0.00676236637631532	0.00140587440000205	7.43984627738312e-05	4.93358506457767e-05	
0.000174197547610167	0.00270205966625588	0.00923586607644595	0.0396061697095635	0.0934939413413731	0.185302441502486	0.22588447706076	0.211824817197453	0.136705720611505	0.0620608728535696	0.025877525140282	0.00638637775177689	0.000509008430402187	0.000236525110516558	
0.000302099424091678	0.00340758970558659	0.0147749150658318	0.0389747897196067	0.0963653350090672	0.180771872373842	0.228094662270369	0.209026513814372	0.134919313583375	0.0633088148773118	0.0233738997780988	0.00539481140066479	0.0010592256741115	0.000226157303670842	
0.000576907770107135	0.00346632847447374	0.0130566241980759	0.0410026903259699	0.101023597395637	0.177721129406271	0.229650045369402	0.202416093137281	0.133085278557518	0.071292258547224	0.0208854197067704	0.00527473693706123	0.0004228109926613	0.000126079181546593	
4.45569125658419e-05	0.000747613581032636	0.00228139960974143	0.0120217977557454	0.0385764323494324	0.0939180456995403	0.188730442889284	0.244742980518989	0.20535338451523	0.125499471207987	0.0614448392919992	0.0187601739176258	0.00647788959611087	0.00128443869108071	0.00011653346363374	
4.3538706941651e-06	0.00049107078408399	0.00305068845007474	0.0118787341602174	0.0437701495417093	0.0954217216442141	0.177795351120194	0.240698470851867	0.208082938028609	0.129433930355943	0.0612362747090755	0.019992745076517	0.00691303005797752	0.000989016100842978	0.00024152524798158	
1.51513844752388e-05	0.000444751408903933	0.00198156799113854	0.0160870407411405	0.0510114481530113	0.102457391393128	0.172664711283376	0.224897594123314	0.197318577905039	0.138504632943725	0.0664810117022301	0.0231732267110983	0.00364169353317932	0.00107365041373769	0.000247550312503132	
0.000347159920663034	0.00252788921250756	0.0155091984137021	0.0490466564836033	0.0990008282842862	0.174488799844098	0.226061138547706	0.20654735223799	0.138958206845076	0.0601414284935533	0.0214994174643289	0.00417209862696375	0.00121539077119601	0.00043764661327069	4.67882410556663e-05	
9.71581877795727e-06	0.000528540541520875	0.00216015037496583	0.0124815885234158	0.045498531615922	0.107351808934322	0.173141288300297	0.223494706606023	0.210391521587902	0.135875941516816	0.0589473838754544	0.0226713233506534	0.0064338151947633	0.000944377585217446	4.9874536393514e-05	1.94316375559145e-05	
0.00015384718873014	0.00100380408330836	0.00234741733100516	0.0141973397238866	0.0474812784896676	0.109193096449168	0.179346980526505	0.226069221687289	0.198296440748544	0.135027272614832	0.0600609443179503	0.0198653826249021	0.00533105463007346	0.00155735017421187	6.85694099276788e-05	
0.000135730323365717	0.000662498586609856	0.002286551166518	0.0151739771093614	0.043036608150819	0.104018111136437	0.185522487710236	0.226169569126893	0.19535115790305	0.132489621678084	0.0674364333391365	0.0235686171749786	0.00382804381419708	0.000320592780313405	
0.000321739991580044	0.00140611455209859	0.0127748638540155	0.041979946758023	0.0998092622228412	0.190749986547063	0.237142722774986	0.192709819468367	0.134032403716538	0.0630759609353839	0.0206974002594721	0.00425361522248445	0.000950975688394705	9.51880087527748e-05	
0.000242235003435643	0.00231067173699784	0.0114673823175726	0.0446283307597286	0.100474530410956	0.18475889201482	0.226734010272129	0.206521830605176	0.126893612433547	0.0665215986054542	0.0239780810302243	0.00459837095254309	0.000585685571687118	0.000284768285729038	
0.000383930573614286	0.00252464919872222	0.00926764387186892	0.0399461421213167	0.106776961524532	0.195820732299884	0.215282344255628	0.200483410164281	0.143566558522146	0.0643731746485507	0.0193085288098323	0.00194361796120149	1.14934630317652e-05	0.000310812585390928	
0.000385137136887406	0.00273857972234783	0.00872847571972827	0.0332569296098213	0.0997156949880197	0.170897198010385	0.22306638807894	0.223237127012095	0.149744021538573	0.0627344736719006	0.0209390381446889	0.00416504243785051	1.45530901927765e-05	0.000324066133399862	5.32747051699853e-05	
