# <P(U)> as a function of N_tot.
# number_of_species: 1
# species_total_upper_bound: 496
# species_total_lower_bound: 473
# volume: 729
# Bin widths for each
10	10	10	10	10	10	10	10	10	10	10	10	10	10	10	10	10	10	10	10	10	10	10	10	
# Bin lower bound for each
-2460	-2470	-2490	-2490	-2500	-2510	-2520	-2530	-2540	-2550	-2560	-2570	-2580	-2590	-2600	-2610	-2620	-2630	-2640	-2650	-2660	-2670	-2680	-2680	
# Bin upper bound for each
-2320	-2330	-2330	-2340	-2350	-2370	-2380	-2380	-2390	-2400	-2410	-2420	-2430	-2450	-2460	-2470	-2470	-2480	-2490	-2500	-2520	-2530	-2540	-2540	
# Normalized histogram for each
5.42057972389745e-05	0.000802732316617999	0.0037339786133804	0.0145282515534762	0.0489311081774633	0.113368195826989	0.189763129707541	0.229930335863253	0.196721255363209	0.122630153974602	0.0545611056914882	0.0196771349441913	0.00463554286610806	0.000651976479420009	1.08928250210171e-05	
4.09600423283873e-05	0.000618958917851593	0.00350957683416973	0.0145978365658189	0.0470316966868658	0.111849211312772	0.189280440853043	0.229835462542407	0.199541479740335	0.124657857326217	0.0549754077410954	0.0187623440505517	0.00446412858176488	0.000793098226417266	4.1540578361388e-05	
1.30043718530775e-06	5.34046204099715e-05	0.000460376437552031	0.00316845018014306	0.0139049679518093	0.0469283131834204	0.112998628255509	0.187787724436493	0.22754193747368	0.200353523848826	0.126619407334422	0.0559100643651385	0.0188925563625732	0.00448388574098802	0.000778311655406687	0.000108521483113932	8.62623332920806e-06	
4.63734215070536e-05	0.000432432701636901	0.003447098279806	0.0137982663111793	0.0449728917535125	0.110899776747908	0.186849174804296	0.229633363385407	0.200084887607471	0.128081009277873	0.0576195332278125	0.0185105311353511	0.004427296544859	0.00105027171592188	0.000135669016005798	1.14240694527504e-05	
7.21905464573932e-05	0.000343487628739808	0.0032036705463006	0.0132877208126979	0.0454894736819182	0.11223051584773	0.183293343617855	0.227072282445132	0.202769569082324	0.129578394142527	0.0586139327972432	0.0184102226169171	0.00468156238199622	0.000805528903004216	0.000138697312333978	9.4076368234069e-06	
5.75132902170265e-05	0.000406901061242666	0.00288959453589629	0.0138307216796085	0.0450783701678257	0.109900528031048	0.185679842407462	0.223563190628282	0.203698778100627	0.130039910943185	0.0594870894800298	0.0194938563669213	0.0049165990593931	0.000858281982675991	9.88222655858338e-05	
2.66469263197805e-05	0.000364401100141143	0.00294496745733166	0.0135280703564756	0.0448001010479495	0.106732576027395	0.183552706272575	0.229069469391546	0.202570832340191	0.130609734047678	0.0590010939483625	0.0204834440521157	0.00535364360888702	0.000898369565300758	6.39438577311838e-05	
2.29454338774661e-05	0.000387903954971898	0.00278903187018983	0.0121749091702677	0.0444893597686268	0.107889939006965	0.183900549842959	0.228227809082573	0.202286303388156	0.131644658558557	0.0594443173508835	0.0204655568791528	0.00526729361616653	0.000887879870010687	0.000121520079898789	2.21267443369972e-08	
1.72662015612698e-05	0.000297735048043487	0.00231641739329161	0.0139347926477767	0.044449168325115	0.107380285905787	0.18083190044871	0.228104058962075	0.204147148017451	0.130366890349895	0.0600360010432658	0.0216702985720198	0.00541879588346741	0.000871729321067292	0.000154427826219441	3.08405425540282e-06	
2.84496371382248e-05	0.000269438824861615	0.00281156333790398	0.0139864530447979	0.0464191990836251	0.108108210464894	0.182608638715206	0.225134115969847	0.201190677772565	0.132126229146382	0.0601726936321773	0.0206101765013663	0.00537919442217373	0.00107123036262085	6.70060820168133e-05	1.67230024236718e-05	
5.19961891194307e-05	0.000641255285338111	0.00303715492128329	0.0132190938482314	0.0463592247421759	0.110295792651399	0.18510333631347	0.226244523430943	0.198990137605947	0.128126806433882	0.0606799951240475	0.0209474087537319	0.00515046353566402	0.00104071548432774	0.000112072395088141	2.32853511506631e-08	
0.000106347268390205	0.000573918778016415	0.00234130343727442	0.013456363458128	0.0458725080428835	0.110680675988391	0.184007509661857	0.225892696200313	0.199341787644111	0.129343540294624	0.0624769169986306	0.0199324011609082	0.00504910689088711	0.000828867045120354	9.59858362073831e-05	7.12942581386852e-08	
5.13641405944701e-05	0.000557220930158977	0.00269557863638594	0.012703634281588	0.0452398443888616	0.10907525085389	0.184540324969527	0.224449736869221	0.202086515981805	0.13009806109324	0.0617838734985511	0.0211452627325938	0.00484174483818445	0.000636261053528431	9.38691011979832e-05	1.45663067236758e-06	
7.60552320035211e-05	0.000480695092767502	0.00316393138940884	0.0128086794732014	0.0449993937993153	0.107175461709601	0.185107325234608	0.226873721011142	0.20305007024867	0.128552259499488	0.0615418405351686	0.0205911106133944	0.00483398957479414	0.000625961549838866	0.000119505036598689	
0.000133580307404916	0.000625687742141507	0.00306238596865681	0.0135384185547085	0.0434811274719519	0.106606635394449	0.18683714399065	0.227715812767748	0.201563157966124	0.129950452948458	0.0588757441299554	0.0208960702414337	0.00548373152635726	0.00109603548879404	0.000134015501166597	
0.000108249006833484	0.000570119490231264	0.00282786032717634	0.0140819151646251	0.0444039117421685	0.106718467360303	0.185239155763096	0.23010844158375	0.20101427386385	0.130397526838807	0.0577418566120608	0.0199548828771117	0.00547662653858264	0.00120787044700872	0.000148842384396041	
1.38522848323885e-05	0.000551885464375315	0.00300596952829412	0.0150802282116487	0.0450646847146441	0.105391812113681	0.183822523767698	0.225719518272563	0.203699010723898	0.131480337227233	0.0594696377603797	0.0204639993586202	0.00508616050006748	0.00101688579289269	0.000128465710020918	5.02856915148351e-06	
4.36472588892802e-06	0.000410687496277233	0.00334731777275344	0.0141972435285289	0.0456385701907582	0.107583874909233	0.183926085644319	0.225656684277624	0.202708378833822	0.130381407539177	0.0599116745529435	0.0200647160754112	0.0050696291199899	0.000949920914250666	0.000143680134289332	5.76428473374733e-06	
1.66830712945993e-05	0.000496821392544667	0.003871037270546	0.0150661310828207	0.0471120285885251	0.109018153016942	0.184504179827037	0.229051250912686	0.199804603351156	0.125580113214287	0.0587412587412587	0.0201759275752344	0.00543905772883868	0.000968771125909657	0.000136664708150963	1.73183927684416e-05	
6.68361633664357e-05	0.000436211359632535	0.00307249774534527	0.0146248988487246	0.0465687955026794	0.107488632108865	0.183188852826887	0.230132423470994	0.198506152538835	0.130350128891717	0.0603673132698371	0.0195352489828268	0.00488976876416405	0.0007225742410158	4.00022253458221e-05	9.66305976382203e-06	
8.11410813662479e-06	0.00034529775875596	0.00329786603201761	0.0153573884875052	0.0471180362612888	0.109367681233677	0.186606961612296	0.22916595412689	0.197824951986416	0.126611953675802	0.0600711956378932	0.0190773060802456	0.00433239123191362	0.000768245645377527	4.66561217855925e-05	
3.92284777889533e-06	0.000530336133557604	0.00324478236580795	0.0141719805594	0.0480530765532704	0.113492355403244	0.187699011118196	0.225179331694256	0.197328075558464	0.126724285392203	0.0600002621495881	0.0184335086932421	0.00425579654786577	0.000765519079439641	0.000117755903686241	
2.61324918289468e-05	0.000437480802990435	0.00256496606614868	0.015034241909526	0.0489466340659062	0.109429881064258	0.187526332181262	0.22408413842152	0.199162372568933	0.12943802314757	0.0586581690288675	0.0191332043208454	0.00464187923517445	0.000754337266416415	0.000162207428752122	
0.000160121418273322	0.00253147395547354	0.0152183610649977	0.04654707271194	0.109283153392965	0.189838474070475	0.225586579674974	0.198680996249206	0.1289670991158	0.0574047177069148	0.0196357808577128	0.00537786288093205	0.000727206215432047	3.62247355957025e-05	4.87594930867958e-06	
