# <P(U)> as a function of N_tot.
# number_of_species: 1
# species_total_upper_bound: 496
# species_total_lower_bound: 473
# volume: 729
# Bin widths for each
10	10	10	10	10	10	10	10	10	10	10	10	10	10	10	10	10	10	10	10	10	10	10	10	
# Bin lower bound for each
-2460	-2470	-2480	-2490	-2500	-2510	-2520	-2520	-2530	-2550	-2560	-2570	-2580	-2590	-2600	-2610	-2610	-2630	-2640	-2650	-2660	-2670	-2680	-2680	
# Bin upper bound for each
-2320	-2330	-2330	-2350	-2350	-2370	-2380	-2390	-2390	-2400	-2410	-2430	-2440	-2450	-2460	-2470	-2470	-2480	-2490	-2500	-2520	-2530	-2540	-2540	
# Normalized histogram for each
6.85824749503438e-05	0.000635571149793545	0.00304055159241964	0.0129352672848834	0.045527302019726	0.111383832400765	0.185405899902532	0.22457906809966	0.202437137178175	0.128683599299234	0.0595348781094995	0.020272478451391	0.00478165553361504	0.000700719860774792	1.34566425815966e-05	
2.61441727383639e-05	0.00063639196274167	0.00288311610254954	0.0125675317472597	0.0427670750522907	0.106437207046869	0.185618183616387	0.231095367336327	0.204729713447772	0.127564536332166	0.0594824123684081	0.0199542839832145	0.00519250252114491	0.000991943408007355	5.35909021256143e-05	
6.15035537226445e-07	0.000394900125325318	0.00294805457163011	0.0117588171258065	0.0426095200877703	0.105172780041056	0.184682681876653	0.22971061631765	0.206023326878614	0.130543610987184	0.0588818937795779	0.0208865595337841	0.00529365817933395	0.000962719857463149	0.000113166538849666	1.7079063764519e-05	
2.48635857205301e-05	0.000345204677566664	0.00328098338222771	0.0128143650544755	0.0411253326225971	0.105931956204886	0.181706210428365	0.229176614705941	0.208196846114266	0.130052760336531	0.0616306251277745	0.0192959700167279	0.00506716991461883	0.00119330783845941	0.000157789989843442	
6.45352919586677e-05	0.000141344755344838	0.00312334511446024	0.0122597396868792	0.0413018197178331	0.107844609948647	0.179561682625886	0.228377356934583	0.208399177151055	0.131367771813564	0.0617116571785564	0.0193945812889366	0.00532708629150054	0.000949714014203038	0.00017006439864591	5.51378794594858e-06	
5.3694557711017e-05	0.000251702301133192	0.0025881646755539	0.0130775004337612	0.0435809871969169	0.10610750220747	0.182455605330019	0.226972695036661	0.206767060829506	0.131117228606875	0.0594669401496585	0.0210300945671837	0.00552270999477553	0.000912227521868087	9.58865909078827e-05	
3.60999048984105e-06	0.000177659665306711	0.00250711432859135	0.0133986963024745	0.0432527400549816	0.104476445967251	0.182069581555894	0.2310089711633	0.204305101378641	0.132068565945237	0.0591052190932108	0.0202907457460594	0.0063382287692368	0.000890801253273178	0.000106518786053577	
0.00014412166164768	0.00247254278700771	0.0112274552894073	0.0423195569316385	0.106586777041189	0.183861700912368	0.227751580382102	0.205650472043833	0.132559590896654	0.06014270056416	0.0201451364508758	0.0057345405595748	0.00122623636462849	0.000177588114914183	
0.000194394073672363	0.0020264336064487	0.0127166621640347	0.0427264217434257	0.108478622134806	0.179208307704884	0.227287843790904	0.204815839029744	0.132666428741612	0.0615925161272314	0.021308132550839	0.00563304180868234	0.00118032093963117	0.000164636827010209	3.98757074199719e-07	
6.64548599783418e-06	0.000165629860938386	0.00216323251454689	0.012737012399513	0.0451504464473004	0.108390007238507	0.177933090507613	0.223107886827272	0.20471815301754	0.135732580367641	0.0612690473705968	0.0215675443392152	0.00569249286840431	0.00125229364383614	0.000100240307875728	1.3696803201643e-05	
8.30632738641824e-07	0.000258171038079112	0.00251095085436807	0.0119788662112307	0.0458426208456423	0.106641407125085	0.183743177909488	0.225069077495127	0.203310081846397	0.131594600970262	0.0599937474120599	0.0222299644115403	0.00550963886995738	0.0011525548394117	0.000164257624066421	5.1914546165114e-08	
3.76957271550581e-05	0.000278684774463828	0.00255930262799321	0.01450557941575	0.0435334508983103	0.108870743038667	0.183898051352336	0.222037586383186	0.204431309343421	0.130098182343669	0.062330280260614	0.0205326253355249	0.0057855823807957	0.00104335446209594	5.75716560186342e-05	
5.05989065787117e-06	0.000345179415816649	0.00259256147582674	0.011771203129205	0.0435588066290049	0.107174018389118	0.181870812347525	0.224330726681468	0.203819458463094	0.133195981898663	0.0641204102179854	0.0210895188476183	0.00533765757211056	0.000745016192177177	4.3588849729786e-05	
1.12177129413145e-05	0.000477777494938007	0.00325313675298121	0.0124835887016921	0.0428967500128357	0.104160239851961	0.183905343212399	0.22801441519258	0.20380675245916	0.130777176096089	0.0633286815778835	0.0203860899496627	0.00572286726468582	0.00066783143919374	0.000108132280996806	
6.33570517677733e-05	0.00053586784764066	0.00347816062286296	0.0140889971716302	0.0424253297138531	0.103318641282987	0.182047779381601	0.227678137685868	0.203620093482132	0.133827674371098	0.0602950119874917	0.0210636614813129	0.0060146199118477	0.00140904123635081	0.000133626771554883	
6.68314513007499e-06	0.000359729952332053	0.00300934844968707	0.0148238786897589	0.047348150105428	0.10405811618819	0.180541796500109	0.227710385408695	0.201240767317852	0.13372708288779	0.0599421228585215	0.0205133340344192	0.00515756536447333	0.00147123088289097	8.98082147231565e-05	
0.000399130595756885	0.00289833693433164	0.015291237025633	0.0460980505544978	0.101563861352608	0.183126594014031	0.225300963244855	0.20287868974555	0.133797409400879	0.0597685021025236	0.0216544622224962	0.00558739795310939	0.0014539565279587	0.000170003057365111	1.14052684055074e-05	
2.42789672763223e-06	0.000360947313507992	0.00322834730210227	0.0136483944777543	0.0478281087963184	0.107615065714262	0.184862322878864	0.223548537243477	0.202013255129161	0.129480433877015	0.0583388514030626	0.0218955819886967	0.00570555730993575	0.00136334494245642	0.000103967933203274	4.85579345526447e-06	
3.80226281294192e-05	0.0004359463244909	0.00393445714064152	0.0150988982501064	0.0483616725258518	0.111670581817536	0.18636552530674	0.231376004589744	0.194590962058834	0.122143483026114	0.0558560987786049	0.0215769029641615	0.00695218818079744	0.00135127808318332	0.000209204897507566	3.87734275565163e-05	
0.000152515387867655	0.000457816389307904	0.00319644581858419	0.0159622323907554	0.0485198359989388	0.11143481148055	0.181534818230788	0.229814801894023	0.19710625020706	0.128630353988648	0.0571579249281646	0.019916282995707	0.00513045118883367	0.000879908940422852	8.34997428261966e-05	2.20504175230344e-05	
1.09745719702794e-05	0.000354344838396483	0.00315425258775054	0.0163905500048609	0.0501581837329648	0.111085795242111	0.190993259792637	0.233673584323043	0.191726468269247	0.123372765416543	0.0551702975190401	0.0189141126785536	0.00401428428873853	0.000878179895612013	0.000102946838530962	
3.969669012654e-06	0.000676045079352378	0.00317495172281807	0.0141461244565406	0.0495502443357394	0.114320826455838	0.193325231378165	0.227568693163546	0.201752368599647	0.119139534544817	0.0540394698966679	0.017341237919344	0.00412328475694631	0.000695214402084536	0.000142803619481527	
5.74312593026675e-05	0.000554637069006317	0.00231942521944856	0.0127390509697109	0.047985571991413	0.114742285200443	0.198560868360641	0.227917654209578	0.19825084591459	0.123523577924913	0.0517717277609413	0.0164406551630436	0.00416562749766154	0.000754742466002556	0.000215898993304472	
0.000145958878815335	0.00210357801708768	0.014114446176683	0.046268699590128	0.112445840458148	0.203350821546032	0.233147049383496	0.196514603731714	0.119846178209325	0.0487056934774507	0.0172697337040145	0.00523040515301621	0.000780037319681956	6.60895867402771e-05	1.08647676678082e-05	
