# <P(U)> as a function of N_tot.
# number_of_species: 1
# species_total_upper_bound: 496
# species_total_lower_bound: 473
# volume: 729
# Bin widths for each
10	10	10	10	10	10	10	10	10	10	10	10	10	10	10	10	10	10	10	10	10	10	10	10	
# Bin lower bound for each
-2450	-2460	-2470	-2480	-2490	-2500	-2510	-2520	-2530	-2540	-2550	-2560	-2570	-2590	-2600	-2610	-2610	-2630	-2640	-2650	-2660	-2670	-2680	-2680	
# Bin upper bound for each
-2330	-2330	-2330	-2350	-2360	-2370	-2380	-2390	-2400	-2400	-2420	-2430	-2440	-2450	-2460	-2470	-2470	-2480	-2500	-2510	-2520	-2530	-2540	-2540	
# Normalized histogram for each
0.000197809478880715	0.00265896858931054	0.0133156960591945	0.0449575403084766	0.111747994461728	0.17698430154073	0.224256537352449	0.200938626141855	0.132545925046044	0.0643626403503008	0.022404112076431	0.00512189824704014	0.000507950347558435	
0.000185575843506319	0.00233721812610094	0.0127938687933763	0.0399720187646933	0.104969468565008	0.183016443331294	0.229939530267998	0.203466783832625	0.132095841309946	0.0634331707228267	0.0216143982580927	0.00565262453279373	0.000505146059249003	1.7911592490325e-05	
0.000129192377990999	0.00233911483445708	0.0120014398877	0.039268560337157	0.101573918518257	0.18650842089371	0.228628147596118	0.206459157139691	0.132231560924997	0.0612988220706758	0.022541108673376	0.00644496304315005	0.000486253208227195	8.91397293364471e-05	2.00765156163169e-07	
7.05739795069142e-05	0.0023729860424335	0.013140076033476	0.0423167317179847	0.104162994139492	0.183991383623866	0.223719515036918	0.20879726676913	0.133155583871643	0.0628745529589088	0.0193834661247459	0.00518078564510917	0.000802330887485717	3.17531692991922e-05	
0.000104743386352661	0.00264387809583255	0.0118955646224368	0.0411693523095305	0.108057132570757	0.177592054597108	0.2251308654894	0.210683825407971	0.134913969167504	0.0637505781539157	0.0183427393302237	0.00514191097016139	0.000564308818587412	9.07708021946136e-06	
0.000183486505732497	0.00267137213164512	0.0147882426340674	0.0430617032665383	0.106496857741581	0.182947696152171	0.226127771098712	0.206905063208189	0.132484330314821	0.0610111354673383	0.0181843032495211	0.00451809516042899	0.000606628855687031	1.33142135678909e-05	
0.000220022113846221	0.00225563261178326	0.0124408906227245	0.041683636007512	0.104300732070811	0.182428879729194	0.230634019904491	0.205333810995118	0.135851781412901	0.0584762555240215	0.0201302981512764	0.00558184330426937	0.000657833644811441	4.36390723956988e-06	
0.000254509549163208	0.00195849585784935	0.0110793670542495	0.0408074648156281	0.108145615776415	0.187491211579968	0.228069648751031	0.204703980221915	0.131382739960878	0.0583985417335309	0.0201220387215594	0.00577995622270689	0.00174628420700674	6.01455480997772e-05	
0.000198079553542985	0.00204345764472477	0.0124730190204735	0.0416819729732855	0.104045911560213	0.180484853327558	0.228340621132901	0.206317413022154	0.131393296205683	0.0632336381978125	0.0222046758970617	0.0059425968818241	0.00157885385114385	6.16107316221811e-05	
0.000211741653322978	0.00246288975707253	0.0131977415223775	0.0414076019325498	0.100472700382239	0.178648983238226	0.226331146157784	0.207932232383893	0.13541907434393	0.0620314104169392	0.0235919421156613	0.00675590891551304	0.00146943992511032	4.03980785945155e-05	2.6789176786814e-05	
0.000294116527772266	0.0028087312922045	0.0108827464503506	0.0439794999149182	0.101842713439712	0.182828378928644	0.225967934230978	0.208003775129702	0.131096924171758	0.0596362849548795	0.0239915364027646	0.00701139008386942	0.00142502447799753	0.000230943994450385	
0.000250439394325335	0.0032186018608712	0.0144149226305864	0.0417147928983688	0.10410604225388	0.183954158062502	0.224979446622263	0.20409811514986	0.13336408288457	0.0606252179404637	0.0216635016807217	0.00599923671430541	0.00149154720381836	0.000119894703464825	
0.000345786846806312	0.00328836511178552	0.011613369624465	0.042022382890409	0.103461291880111	0.175774535860908	0.226168828455045	0.207341284837664	0.133486282788062	0.0685110336125711	0.021415331906467	0.00542077290862869	0.00105881244059046	9.1920836486281e-05	
2.33226605997848e-05	0.000391327334102159	0.00263534851959972	0.0119101427223488	0.0426121828384463	0.0984618817462618	0.181576331536106	0.230504470270055	0.205147468173819	0.13140480345893	0.0651967036558831	0.0217906533316365	0.00719347100057017	0.000927075758841447	0.00022481699280081	
2.21535462289126e-06	0.000305019352288607	0.00320293639425384	0.0124708141603136	0.0401621639583956	0.0976134217842816	0.178826340100076	0.229690998839271	0.208755081469666	0.137220930903672	0.0622216159146412	0.0213928634099788	0.00654112601811577	0.00142855393892967	0.000165918401493382	
7.73407075913236e-06	0.000271882333609499	0.0018407088406735	0.0143640731709726	0.0460362827866595	0.0999005160528968	0.173833116124931	0.227998621193662	0.20168302898575	0.140535204835674	0.0631780772172004	0.0229998175949158	0.00560541651481116	0.00156192533623278	0.000183594941251404	
0.000371564041362468	0.00205403553365035	0.0149281589053629	0.0455122718737434	0.0979490310513637	0.178739827238284	0.221842870028443	0.207890830495781	0.137795153043344	0.0623753767518732	0.0224144307495933	0.00594479409149767	0.00186796530009186	0.000289250443617261	2.4440451991574e-05	
5.15393958552018e-06	0.000389981428637694	0.00214209182373298	0.0127679118012045	0.0465681347949906	0.106716671333845	0.176656891361253	0.225239872938209	0.205714459148443	0.129047889833969	0.0621820520353194	0.0240390050147832	0.00645147250917258	0.00196617068588055	0.00010193347180251	1.03078791710404e-05	
8.08938254279301e-05	0.000569451456573764	0.00300699121178152	0.0161886914083113	0.0473102232566896	0.104990259082728	0.180703456813365	0.230667202916285	0.194811271510598	0.128007233665066	0.0608918287538186	0.0239144510715009	0.00699417826876945	0.00155911724185143	0.000304749517232724	
0.000252158763118238	0.000398219869945493	0.00227249391146811	0.0150221313816709	0.0478574698231741	0.105272805956464	0.1805654792885	0.226913061576368	0.196484135865829	0.131680158948435	0.0649571112013072	0.0222195606118817	0.00521128110444359	0.000874244687837707	1.96870095562159e-05	
2.44509859114612e-05	0.000707885860412303	0.00334286722995377	0.0148305367766683	0.0453911680653426	0.0998082088519725	0.190953731578269	0.230068749015997	0.194106477483624	0.133581341870107	0.06097753848943	0.0213482154358478	0.0038201981841863	0.000978158709560455	6.04714627176138e-05	
9.05462883944558e-06	0.00112086773844084	0.00347256929978053	0.0131134853565802	0.0459933446095233	0.108872499745934	0.189252346191343	0.227164077142102	0.196211543293576	0.127875187183602	0.0613810906228953	0.02047454118349	0.0044387935088319	0.000471436398916923	0.000149163096144551	
0.00013226351742333	0.00118890206217194	0.00306508455006584	0.0124610603345753	0.0441981812051827	0.105762439781829	0.195156901883861	0.226828625793076	0.195730411191355	0.135040806356781	0.0584744358501734	0.0184641094985168	0.00301793505542882	0.000323188354148304	0.000155654565412086	
0.000269787753126008	0.00272401360150407	0.0137555114743455	0.0421633435996794	0.106166060773935	0.187073563755768	0.227539284101282	0.209500998910834	0.133554952553262	0.0555050746722183	0.0173696170381775	0.00410837040624979	9.20869017007742e-05	0.000152297568197434	2.50368897197065e-05	
