# <P(U)> as a function of N_tot.
# number_of_species: 1
# species_total_upper_bound: 496
# species_total_lower_bound: 473
# volume: 729
# Bin widths for each
10	10	10	10	10	10	10	10	10	10	10	10	10	10	10	10	10	10	10	10	10	10	10	10	
# Bin lower bound for each
-2460	-2470	-2490	-2490	-2500	-2510	-2520	-2530	-2540	-2550	-2560	-2570	-2580	-2590	-2600	-2610	-2620	-2630	-2640	-2650	-2660	-2670	-2680	-2680	
# Bin upper bound for each
-2320	-2330	-2330	-2340	-2350	-2370	-2380	-2380	-2390	-2400	-2410	-2420	-2430	-2450	-2460	-2470	-2470	-2480	-2490	-2500	-2520	-2530	-2540	-2540	
# Normalized histogram for each
5.2878059282976e-05	0.000814256221295172	0.00375156240457291	0.0144494856599769	0.0491494354134659	0.113673351883758	0.190277639874307	0.230531289006063	0.19602471069133	0.122200165445728	0.0544153117727851	0.0195086475188515	0.00450305681718642	0.000637790112239446	1.04191191577827e-05	
3.99736881011861e-05	0.000627899454659371	0.00354532068294964	0.0146742709891164	0.0475623349980126	0.112414400480013	0.189345428801083	0.2306554389405	0.198587164539226	0.124155992794044	0.0545932214577277	0.0185680659993556	0.00442825802522167	0.000762502213049476	3.97269369400676e-05	
1.239117092724e-06	7.93861017405176e-05	0.000519458537221446	0.00318746350542013	0.0137963710142921	0.0472861125910529	0.113032942712684	0.188486313972363	0.228204931958635	0.199572921772431	0.126081155478341	0.0557477127860404	0.0187292342045717	0.00441350791281589	0.000749624537194929	0.000103404321387818	8.2194767150692e-06	
5.34198442307286e-05	0.000500657683745913	0.00345821232165201	0.0138728569862187	0.0450828343409042	0.111061893969906	0.186920776000487	0.230401909157444	0.20050062441331	0.127124195190746	0.0573682964307705	0.0181912348495011	0.00431731736812634	0.00100574449431983	0.000129151674782816	1.08752738546793e-05	
8.34798486683282e-05	0.000378742322620321	0.00319602631768145	0.0132343691249707	0.0453855916770778	0.11160396262918	0.184112657477904	0.228134565031684	0.20279401925534	0.128886761858607	0.0582253571005715	0.0184067564657385	0.0046437093138245	0.00077280623895296	0.00013222659939532	8.96873778281965e-06	
7.88993288837286e-05	0.000462640770979682	0.00300606860724766	0.0137109198759564	0.0449622172874987	0.109764963535479	0.185893480810338	0.224176968062103	0.20350446677127	0.130008635070012	0.0592213392235922	0.0193942820415855	0.0048766802236514	0.000844064101507057	9.43742898955981e-05	
3.5141151511357e-05	0.000420983051240753	0.00305079965979352	0.0133767374984204	0.0446388368676043	0.106716715805397	0.184095649991622	0.22928809065121	0.202451435022683	0.130599758694639	0.0587348286544838	0.0203014675977574	0.00533418012150142	0.000894374708572507	6.10005235634382e-05	
3.07154203645769e-05	0.000458938166230336	0.00290971649413854	0.0123194572483962	0.0440386136713155	0.107992591170582	0.184298112562734	0.22850171613973	0.201725970352025	0.131413373443397	0.059552938744254	0.020493535205652	0.00525733657645418	0.000891105818420392	0.000115857890551	2.10957557449017e-08	
1.64572981497899e-05	0.00031180893965156	0.00232683022589004	0.0137033077002153	0.0440978131683833	0.107506838844193	0.18117155063989	0.229241730738733	0.204160572334621	0.129570196523957	0.0598664796013291	0.0216439004157088	0.00537990578486475	0.000852475170131879	0.000147193044729542	2.93956955217889e-06	
2.89480862654708e-05	0.000332370937954262	0.00287337444714422	0.0138524084970647	0.0462521360071868	0.107653024893682	0.182944304424938	0.226762629536443	0.201620054782462	0.131259787488038	0.0593272026078729	0.0206197674515319	0.00534964108824912	0.00104465021884037	6.3781342356855e-05	1.59181899719356e-05	
5.34191490212132e-05	0.000640365095400707	0.00303197429641597	0.0134868174125067	0.0464381458543505	0.110301214872423	0.185081642450724	0.227244173679102	0.199452213325284	0.127318836411733	0.0600047264093195	0.0207633430221918	0.00505673951139049	0.00101972746352232	0.000106638890186271	2.21564284617226e-08	
0.000101344379047816	0.000558311279701858	0.00233853003907409	0.0135907228426901	0.0460536034539614	0.110169855217495	0.184401589523741	0.226466753800941	0.199562889803603	0.12926286446864	0.0618379168885958	0.0196724273378353	0.00507684383755178	0.000814808807544442	9.1470379212096e-05	6.79403658421114e-08	
4.88717076776635e-05	0.000553220460364216	0.00263954934423643	0.0127923682886462	0.0455772183773525	0.108282277621518	0.185126982942274	0.225336879088192	0.201308516684599	0.130330233921895	0.0617334869690783	0.0207837217907039	0.00477922586624307	0.000616746864207427	8.93141250027407e-05	1.38594800945489e-06	
8.51473091961705e-05	0.000474379064736276	0.00313059494884543	0.0127748674457012	0.0448879758670815	0.107261128018178	0.185130197289384	0.227054895647369	0.202222065373255	0.128547863711724	0.0621914755497372	0.0206145803614029	0.00483940388455857	0.000671399586795086	0.000114025942035431	
0.000147085804013167	0.000622614300144319	0.00301353854632154	0.0135028988886947	0.0437784195946919	0.10691679022073	0.186546548734376	0.227485698474744	0.201627569109797	0.129880251693815	0.0589733328298955	0.0208645525552121	0.00546415045033443	0.00104877775413007	0.000127771043099398	
0.000102711993255307	0.000549967699600067	0.00287664654145907	0.0140813557396184	0.0448128070483904	0.107723719502992	0.18554855093897	0.229128905775433	0.200372253024484	0.130739024025596	0.0576643242294818	0.0197874196470665	0.00530470762308926	0.0011628235682848	0.000144782642278407	
1.31576525369024e-05	0.000527748036000689	0.00309572077316439	0.015215428284857	0.0451136928197766	0.106379057505182	0.184438701189193	0.225849641331179	0.202519929281222	0.131008358105881	0.0593140667900016	0.0201935945798763	0.00514844975028285	0.00103566947228824	0.00014200802044537	4.77640811271116e-06	
4.15018031969606e-06	0.000390500390624445	0.00334894740938865	0.0142943713427523	0.0455452742607192	0.108091220873206	0.184000206787245	0.225367106568488	0.201747415379346	0.130923009350785	0.0600750555599751	0.0199696301532975	0.00508800829530825	0.000975202153817276	0.000174420350066357	5.48094466133773e-06	
1.58380283928715e-05	0.000471656038768813	0.00387068904336588	0.014903718748962	0.046801686640565	0.108391087965996	0.184689036172873	0.228739909707154	0.200042452170885	0.126026006578746	0.0591604196367158	0.0202659971179256	0.00549248974766893	0.000982091791627929	0.000130479441245081	1.64411691074096e-05	
6.34387094057733e-05	0.000428289968674271	0.00302595000647538	0.0143664398346898	0.0464542201252629	0.107445458726949	0.183600954242279	0.230332061179644	0.198121921960901	0.13009399966698	0.0608643162227684	0.019556994139068	0.00490890172105262	0.000689912824827492	3.79688094211024e-05	9.17186160083469e-06	
7.72570773041278e-06	0.000328769289143932	0.00330732157910322	0.0153951121198949	0.0473474714533415	0.108753283004689	0.186243029878838	0.229634265220627	0.198453937657357	0.12608806430933	0.0600974494721309	0.0192066035037657	0.00431687394508437	0.000775670039514525	4.44228194498735e-05	
3.74369263449546e-06	0.000506115859934156	0.0032125366268204	0.0141238538612143	0.0479290396735697	0.112835142594226	0.187378272544993	0.225933397286962	0.197790490540978	0.126711397143177	0.0600917814446587	0.0184466307360349	0.0041946618843646	0.000730558079434567	0.000112378030998358	
2.49141399860513e-05	0.000417084525970866	0.00262419090705269	0.0151665963759065	0.0487120764905924	0.108707166859247	0.187105509541559	0.224613610899282	0.199918788087122	0.129608993713567	0.0587384038715301	0.0188324756633066	0.00463077937862998	0.000744764569674268	0.000154644976574002	
0.000153838379538306	0.00273588472359331	0.0153642038245203	0.0462837954147251	0.108488019584546	0.189522301181481	0.224909086969104	0.199826712974861	0.129574079185348	0.057768041943929	0.0194567435475533	0.0051818493603549	0.000696355611540471	3.44502061515718e-05	4.63709275185306e-06	
