# <P(U)> as a function of N_tot.
# number_of_species: 1
# species_total_upper_bound: 496
# species_total_lower_bound: 473
# volume: 729
# Bin widths for each
10	10	10	10	10	10	10	10	10	10	10	10	10	10	10	10	10	10	10	10	10	10	10	10	
# Bin lower bound for each
-2460	-2470	-2480	-2490	-2500	-2510	-2520	-2530	-2540	-2550	-2560	-2570	-2580	-2590	-2600	-2610	-2620	-2630	-2640	-2650	-2660	-2670	-2680	-2680	
# Bin upper bound for each
-2320	-2330	-2330	-2340	-2350	-2370	-2380	-2390	-2390	-2400	-2410	-2420	-2430	-2450	-2460	-2470	-2470	-2480	-2490	-2500	-2520	-2530	-2540	-2540	
# Normalized histogram for each
6.45416922494969e-05	0.000654536944225876	0.00357291583651084	0.0149241438684831	0.0488627753825639	0.114514051568251	0.189285517854477	0.228085541875211	0.197389569164561	0.124027889868301	0.0546230372310155	0.0189096494881002	0.00444377969619384	0.000627850357560975	1.41991722948893e-05	
4.71135522090889e-05	0.000709505992964357	0.00336283138715498	0.0146256889936604	0.0472937103968343	0.112257217012841	0.189695641127581	0.229445717886796	0.199382534997788	0.124211727350706	0.0554892263133533	0.0182589258250232	0.00440224435397609	0.000763766455234908	5.41483538774299e-05	
4.89996319838745e-05	0.000533246138109572	0.00329534445437059	0.0140579299060685	0.0471255012400104	0.112696292679991	0.187897909897839	0.227997166828377	0.200158083414876	0.12682930673879	0.0555252217822353	0.018438895285206	0.00449551288745015	0.000761022904761572	0.000128403156967474	1.11630529648438e-05	
3.25613823255794e-05	0.000446596690570207	0.0038075507515741	0.0140422808128844	0.0448571967445664	0.109833520414481	0.186743789598235	0.230005535434995	0.200381439830231	0.126821952827138	0.0591827274879951	0.0179862143176546	0.0046046511178584	0.00109648892262342	0.000150077854662924	7.41581220504033e-06	
5.17348367893815e-05	0.000344491476401382	0.00340253199387482	0.0131794496720949	0.0449803706090413	0.111230439186126	0.182954593584482	0.228608995209979	0.204238646548448	0.127783511880109	0.0589804428104069	0.0183731724739968	0.00485932246124791	0.000864341308931167	0.00014468698860327	3.26895946746092e-06	
5.61114154213217e-05	0.000370386820143495	0.00294876641684313	0.0138699296779825	0.0445034450035344	0.109207056756925	0.185502280248379	0.224650230979124	0.204721755588341	0.128916548912295	0.0594514173952309	0.0197874532758785	0.00505983687593603	0.000885027452409898	6.97531815558632e-05	
2.61523747801262e-05	0.000315860027568723	0.00304669443568168	0.0141438566598067	0.0449394224874657	0.106891737323144	0.182931541008655	0.231281902714024	0.201760878880026	0.129824022272438	0.0580399310138123	0.020172780213468	0.00571066002556581	0.000848750430090682	6.58101334729653e-05	
2.77838016421594e-05	0.000245632080905499	0.00275990611809786	0.0125391060644737	0.0445053444688095	0.107984494369431	0.184237879847481	0.230362423545815	0.201691314923253	0.130409978940751	0.0588741084236239	0.0198750479525142	0.00536684131574077	0.00100775194249504	0.000112386204967185	
1.99533257960681e-05	0.000358094108055252	0.00224682145592372	0.0140982976615827	0.0448354487115155	0.108384038168285	0.180566585639585	0.228474106415172	0.203554859656181	0.131056049010579	0.0595379709717595	0.0204874177110338	0.00535657984601598	0.000917438525845922	0.000106101957942297	2.3683472754977e-07	
3.16482130383049e-05	0.000232287645459072	0.00267934795406498	0.0136703417338511	0.046911083216251	0.109207865403011	0.181351939391052	0.225043577270693	0.201090035522484	0.132386372225263	0.0604437205940373	0.0203980712838208	0.00539305424407355	0.00109233009321076	6.01948409739025e-05	8.13036871583476e-06	
3.75423486154797e-05	0.000506852478725874	0.00272618995782179	0.0130187940997583	0.0466597541560842	0.109708497510588	0.185786805310765	0.224711204713965	0.198727160519851	0.12926095271095	0.0612672050506152	0.0213779980604146	0.00499353240727848	0.0011052221253062	0.000112257776843664	3.07724168979342e-08	
0.000111345686189204	0.000489180597087085	0.00241572137086399	0.0139955472392623	0.04581283590184	0.109771128298875	0.183542210289992	0.224799630316007	0.200380445212699	0.129710853543904	0.0624819659362517	0.0199976413162334	0.00539576363704644	0.000996432514333365	9.9204017957245e-05	9.41214591624715e-08	
4.63350716111224e-05	0.000537049767129051	0.0026265302965017	0.0122268847613831	0.0447709541493405	0.108629360758122	0.184492319795606	0.225044438754172	0.201486934570793	0.131645444538772	0.0618365442461137	0.0210385295281566	0.00487427217436429	0.000692967441456841	5.10224199354191e-05	4.11726541999037e-07	
4.29977309437116e-05	0.000547440024606941	0.00321568273794091	0.0127927428848418	0.0443118511086812	0.106391395300525	0.186023643920813	0.227925625198281	0.203076060892517	0.128200681844168	0.0612215542632975	0.0203179577527163	0.00503105660079586	0.000750125208748347	0.000151184531123432	
0.000112322526259865	0.000689846430832963	0.00324941389409476	0.0142931390817412	0.0433985998144596	0.104598562967985	0.185534134122663	0.228468541248935	0.203295572855784	0.130478004909848	0.0583717261945144	0.0205833632442494	0.00562237368409459	0.00112472202859168	0.0001796769959464	
0.000120122783419311	0.00056934323352664	0.00302448606204537	0.0144226502232799	0.0442405937488195	0.107374034493009	0.184201603936427	0.229794227734009	0.200965712286718	0.131276990262401	0.0572185186827553	0.0196472522364944	0.00554607909315018	0.00140392887233382	0.000194456351611245	
3.79589925786309e-06	0.000429161796602979	0.00298235440844481	0.0147492239155293	0.0443061864987069	0.104948089790903	0.184894778637631	0.22601810360862	0.203250010342217	0.133003935060785	0.0588376287364757	0.0202720643238934	0.00497729248027853	0.00118615418080666	0.000134400568638576	6.81975120904217e-06	
1.44796286908372e-06	0.000366849437120523	0.00318905777677529	0.0141217244465524	0.0454478862879364	0.107260970691784	0.185727751768968	0.227215395256055	0.200061618864318	0.130264113253864	0.0593734278542043	0.0205897102288441	0.00522434656251202	0.00107660865859272	7.61950238664502e-05	2.89592573816745e-06	
2.26580507697569e-05	0.000449485873168733	0.00370483098404394	0.0151248720651033	0.0478250732008437	0.110700652762783	0.186685912054933	0.232553316886166	0.197710635663465	0.12199097730213	0.0565107125921814	0.0195237296902852	0.00590365259922357	0.00114571759964253	0.000124667215871399	2.31054593886238e-05	
9.04351005095451e-05	0.000451726852155403	0.00298298031918143	0.0142243325027533	0.046501908142165	0.109234609480919	0.184177491479007	0.234520391769214	0.197210977654711	0.128310102536483	0.0578696515505454	0.0187447415770536	0.00479873254982311	0.000817376921898107	5.14666092906908e-05	1.30749542905366e-05	
6.5311282332868e-06	0.000324644861937525	0.00298915402614586	0.0147915717860995	0.047733977270718	0.110763155962227	0.191244560645428	0.232137260739684	0.196015310876129	0.122589563671252	0.0574228263568937	0.018916504941595	0.0042660373844966	0.000737635180416046	6.12651687444416e-05	
2.37665013789887e-06	0.000530649686710604	0.00306550341734145	0.0138265999811994	0.0498017967600129	0.113652660462818	0.18937373455107	0.226353910349379	0.199754723451426	0.123193034463741	0.0573859687954593	0.0177989205129987	0.00431906127823374	0.000797022132429322	0.000144037507041608	
3.43736464382107e-05	0.000410414972982155	0.00268598219464211	0.0140010545707417	0.0495206483608115	0.112086700266482	0.190269081678436	0.224947157679778	0.199951246711468	0.126629139768625	0.0553758171021558	0.0185293050772199	0.00456886233319591	0.000819334055795239	0.000170881581228475	
0.000196883346505638	0.00257140423819691	0.01455900871514	0.0457548036412933	0.110996851268895	0.194551759379163	0.227834766392507	0.196744122536472	0.126381673586854	0.0551933791607982	0.019043371963735	0.00551384927883386	0.000611845996361053	3.97464032851757e-05	6.53409195947155e-06	
