# <P(U)> as a function of N_tot.
# number_of_species: 1
# species_total_upper_bound: 496
# species_total_lower_bound: 473
# volume: 729
# Bin widths for each
10	10	10	10	10	10	10	10	10	10	10	10	10	10	10	10	10	10	10	10	10	10	10	10	
# Bin lower bound for each
-2470	-2480	-2490	-2500	-2510	-2520	-2520	-2530	-2540	-2560	-2570	-2570	-2590	-2600	-2600	-2610	-2620	-2630	-2640	-2650	-2660	-2670	-2680	-2680	
# Bin upper bound for each
-2320	-2330	-2330	-2340	-2350	-2360	-2360	-2370	-2390	-2400	-2400	-2410	-2430	-2450	-2450	-2460	-2470	-2480	-2490	-2500	-2520	-2520	-2530	-2540	
# Normalized histogram for each
4.87474627859635e-07	6.9448885315736e-05	0.000592021686381265	0.00340985252356962	0.0143124744375414	0.0483467748910171	0.11355549214955	0.19067962485805	0.231550659472332	0.197064453789676	0.122178235851908	0.0547890202092275	0.0184064488538492	0.00430070428140597	0.000721031846644317	2.32687889031666e-05	
4.14807242368529e-07	7.35103501279758e-05	0.000575516581622642	0.00338424148750268	0.0142096938289037	0.0463936198807123	0.11082094395602	0.189816550521045	0.231983618074511	0.199983744436184	0.123658951569164	0.0555147187314498	0.0185839500683346	0.00425609310968326	0.000674639245598039	6.97933518973401e-05	
4.91292495572636e-07	8.26927152131341e-05	0.000577358752588702	0.00308262295167876	0.0136039055788228	0.0464009713180166	0.110460591627524	0.187115076423823	0.230706460594575	0.200948857761324	0.126538277744679	0.0563047074664341	0.0189418640488856	0.00443375919658611	0.000724034127141912	7.50694933234987e-05	3.25890688729848e-06	
1.34898707809391e-05	6.26703204146187e-05	0.000526359951916507	0.00320681372715103	0.0138183902621098	0.0446654968152019	0.108288761443061	0.185048067411911	0.231112990261078	0.202106510771798	0.127879327578308	0.0579834046458079	0.0195996717980243	0.00469843973769144	0.00089689544525124	8.78897983502036e-05	4.82016114489652e-06	
1.76949372179531e-06	6.39966896049305e-05	0.000535312811345902	0.00303722947615433	0.0130654746920045	0.0446555006260649	0.10734861403667	0.182333425472619	0.228995228871479	0.204081822241674	0.13062271580684	0.0598870977807649	0.0195450166329952	0.00487314474932148	0.000826460065385742	0.000123635181709884	3.55537164471836e-06	
5.20920899272414e-06	5.98524123287246e-05	0.000472811838022074	0.0030055243126457	0.0132255891158639	0.0448506557637017	0.107139356709597	0.182494951058535	0.226999618238222	0.203212831080001	0.130733082188562	0.0613981401724898	0.0204239588391841	0.00502710064232921	0.000821335076649025	0.000111681161516997	1.83021813583231e-05	
5.35637226248301e-05	0.000514507487814089	0.00331711426002999	0.0130355041384712	0.0448813800144353	0.107728172257252	0.183250318326246	0.225177010029626	0.202960084116733	0.130960418249206	0.0609741732817316	0.0209497248927773	0.00526254537964586	0.000848442794141404	7.06433206826555e-05	1.09592033713993e-05	5.4385252112941e-06	
3.04690309005668e-05	0.000613524604332681	0.00320660340753226	0.013356464151431	0.044908338489652	0.107587592726647	0.182709702465414	0.226424234441453	0.201836675824271	0.130686733818617	0.0611666331900813	0.0209182485935459	0.00547607154983669	0.000941758038813401	0.000128273712046575	7.6771061331691e-06	9.98849292595119e-07	
1.07419287749782e-05	0.000381413068239329	0.00288569152210843	0.0136762656520097	0.0455037634712158	0.108474897753581	0.181124352380221	0.225659725999257	0.202093202411324	0.131040590201352	0.0614410642254285	0.0212420066705388	0.00548029003605542	0.000857132977220712	0.000121924207006118	6.93749566717341e-06	
3.12928555656972e-06	1.63557325090044e-05	0.000378126177132917	0.00286372186709699	0.0132500042141045	0.0450889910398958	0.107139510893502	0.182521121008555	0.22791979449189	0.202190766921966	0.131289334076351	0.0602199879401507	0.0207962721613917	0.0054164177841554	0.000793303095255619	9.63736503808633e-05	1.67896601061821e-05	
2.67773672035677e-07	3.19320103902544e-05	0.000476059749243177	0.00299012818049539	0.0126683975277896	0.0448114303074627	0.108340583375236	0.184302802752717	0.227584149194386	0.201516800618075	0.130063990292803	0.0606550545665423	0.0206012595052645	0.00503925783782115	0.000801789685420076	0.000103670250714062	1.09034092082027e-05	1.52296275970291e-06	
6.45643328002099e-05	0.000449038289417482	0.00269283297304455	0.0128839239280971	0.043994349693937	0.108123493326069	0.183933922151245	0.226956276850979	0.203331936061959	0.130275205235767	0.0611312829150484	0.0202130126919748	0.00510817560530099	0.000752110564612593	7.661035949153e-05	1.20544919244131e-05	1.2105283322971e-06	
4.50190204087104e-07	8.83307157038074e-05	0.000460442648923578	0.00279136613674551	0.0121776789971753	0.0433365322037149	0.106390894191312	0.183010854586976	0.22756664626399	0.203534388929697	0.132135649579488	0.062118832766885	0.0206882699807982	0.00483150072934635	0.000790372609435866	7.49269394387234e-05	2.86253016561045e-06	
2.90791233423157e-06	8.79856047796148e-05	0.000483198099538145	0.00291767339668682	0.0130095746499698	0.0435537841513472	0.105153834174241	0.183647894057577	0.227329838918322	0.203806962303967	0.131183076140675	0.0629486666405691	0.0203085111328999	0.00477635654365472	0.000710806009699095	7.89302637388059e-05	
9.02395676783815e-05	0.000564122477489862	0.00299391173589213	0.0134539192407214	0.0430625627197033	0.105479794140403	0.183500374414006	0.226869393523145	0.203749919535042	0.133096352273614	0.0605315783535196	0.0207253036016603	0.00500167210108359	0.000784828787754508	9.46526754741831e-05	1.37485281330742e-06	
4.71962377933685e-05	0.000489090728695921	0.00298693847086852	0.0136505663306873	0.0438968001942864	0.105223791696394	0.182457653608088	0.227191436597938	0.203208565762721	0.13362773576541	0.0609106029909543	0.0203140035400909	0.00504394316545269	0.000849888414306382	0.000100752011760834	1.03448455098652e-06	
2.06814795695936e-05	0.000485356339107315	0.00295171985411402	0.0139491346016365	0.0436359719237688	0.10540228271873	0.183827457775636	0.226515719891324	0.202657767653926	0.133517910051569	0.0607689907601734	0.0203354235471628	0.00499715194922776	0.000844445914377088	8.62206662546241e-05	3.76487342368928e-06	
7.54085555831107e-06	0.00037802123344661	0.00289525835135625	0.0135796216121831	0.0444127797865123	0.107714643600061	0.183556553763892	0.225995974313417	0.202198468114838	0.132859491499866	0.0604354445954743	0.0200195206939423	0.00504843409705977	0.000792026012543952	0.000104171774211568	2.04969563833287e-06	
1.11862846827885e-05	0.000411636965443952	0.00328538018344675	0.0135832125161874	0.0457621917394115	0.108504439515118	0.184149975118007	0.226798659277171	0.201375754876542	0.131045735341327	0.059743033395804	0.0196554424562618	0.00473699205299369	0.000852629605051739	7.76048499868453e-05	6.12582256438418e-06	
6.65980908293809e-05	0.000462045436413148	0.00304671593630402	0.0131111447329846	0.0458789015429762	0.107696477758651	0.18488106954765	0.228610109995215	0.201397230755995	0.130206863903259	0.0594471569897445	0.0197754835110666	0.0046149244990744	0.000706731632854917	9.24289253635518e-05	6.11674161769168e-06	
2.88168185073349e-05	0.000423016867216192	0.00323941622386381	0.0140463076837596	0.0455146826575209	0.109812227740143	0.186145391379073	0.228162776095558	0.201484255704498	0.127422360050841	0.0593319254426154	0.0189934899041015	0.00455906952622361	0.000781277308027173	5.49865980500725e-05	
7.63336605436103e-06	0.000490414538378702	0.00323695643564499	0.0143490495097951	0.0463769246918663	0.109792349225862	0.188115837883273	0.226181789130384	0.199853724996613	0.128793317327095	0.0587175804721726	0.0189067703597365	0.0044054377026381	0.000689207768348019	8.22967057983299e-05	7.09886339847579e-07	
1.42916260949119e-05	0.000378837380420598	0.00299015285944963	0.0141309377765719	0.0463613120637507	0.10921388280152	0.187921255662269	0.224891649507958	0.201024037043895	0.130414080950713	0.0585229898670269	0.018653506040629	0.00466419827865771	0.000725829655166181	9.13487112631254e-05	1.68977461475135e-06	
0.00020378952270818	0.00304010154479256	0.0153219872776247	0.047468573054388	0.110127987627257	0.187464437365428	0.226394655101544	0.200379556303502	0.130099722599252	0.056619920594099	0.0176958525500695	0.00438063346707862	0.000752542279343411	4.85161070615122e-05	1.72460585184845e-06	
