# <P(U)> as a function of N_tot.
# number_of_species: 1
# species_total_upper_bound: 496
# species_total_lower_bound: 473
# volume: 729
# Bin widths for each
10	10	10	10	10	10	10	10	10	10	10	10	10	10	10	10	10	10	10	10	10	10	10	10	
# Bin lower bound for each
-2460	-2470	-2490	-2490	-2500	-2510	-2520	-2530	-2540	-2550	-2560	-2570	-2580	-2590	-2600	-2610	-2620	-2630	-2640	-2650	-2660	-2670	-2680	-2680	
# Bin upper bound for each
-2320	-2330	-2330	-2340	-2350	-2370	-2380	-2380	-2390	-2400	-2410	-2420	-2430	-2450	-2460	-2470	-2470	-2480	-2490	-2500	-2520	-2530	-2540	-2540	
# Normalized histogram for each
5.67585234317466e-05	0.000744578056392952	0.00358374398921489	0.014288473640005	0.0484396804652919	0.113248176463376	0.189949679443954	0.229885454402134	0.197163218916971	0.122888762693718	0.0543538825410985	0.0198939075450539	0.00480959735688315	0.000682680159115916	1.1405803358405e-05	
4.29564820170073e-05	0.000619655709095727	0.00343117436910965	0.014524093929974	0.046876796547751	0.111787062486258	0.189400315559895	0.229394581715146	0.199679835530567	0.124587282351288	0.0552159913926485	0.0189555793220529	0.00460935454176404	0.0008317547483881	4.35653140455948e-05	
1.36145682596899e-06	5.59104936531265e-05	0.000478597456222299	0.00316602246689669	0.0139944147141353	0.0468210221368569	0.112715124076708	0.18737927707051	0.227698730207793	0.200031227281398	0.126931569708212	0.0562307763714357	0.0189942287618238	0.00456462437326753	0.000814468855188849	0.000113613572127112	9.0309969455943e-06	
4.80364407184229e-05	0.000442095376078552	0.00342639356745395	0.0138609149693009	0.0447775113331116	0.110305758578776	0.186326125206159	0.23011678505095	0.200181344426061	0.128223877080147	0.0580798082458485	0.0184729165171723	0.00449673696464273	0.001087659390343	0.000142073492048631	1.19633611884453e-05	
7.56578294213785e-05	0.00035373173399757	0.00324901878756217	0.013095057957549	0.0450683305455192	0.111586990870165	0.183115728635108	0.227693207615811	0.20325698397081	0.12941491963267	0.0589903525426622	0.0183851720696399	0.00474033388496221	0.000819295553716032	0.000145358888562522	9.85948184314797e-06	
6.02061031178543e-05	0.000410317183378107	0.00290710777457892	0.0139193076600317	0.0443822452064553	0.109433978159011	0.184981718061961	0.223744719346732	0.204442070385788	0.130239833873277	0.0599236151663432	0.0195845417190408	0.00499658004153031	0.000870310124842048	0.000103449193912389	
2.78472349241517e-05	0.000344128617767457	0.00292350165330362	0.0136827022388833	0.0445867666138126	0.106048041564197	0.182444457304452	0.229334529176654	0.202997525832719	0.131008301430196	0.0594834113494841	0.0206934497372181	0.00544147794802428	0.000917035094821323	6.68242035433179e-05	
2.40132755205427e-05	0.000390626754827421	0.00277683312181428	0.0123237658299472	0.044380747642334	0.107544855386127	0.182748622038592	0.228082722191226	0.202513377154358	0.132311457694745	0.0597403287285427	0.0207416809283602	0.00541873340229952	0.0008848787825135	0.000117333912307223	2.31564855550075e-08	
1.80552911866498e-05	0.000311341957281134	0.0023649371235666	0.0139572108901795	0.0444027632175442	0.107223806657068	0.179783902410845	0.227179206556815	0.204334084373812	0.131467684253776	0.0605799980988979	0.0218928526988141	0.00551397293570702	0.000824446497040462	0.000142512037606229	3.22499985993614e-06	
2.96938598765088e-05	0.000281222522166454	0.00291990415860245	0.0140201452479799	0.0467028218977524	0.107651433803862	0.181028033337323	0.2242150022143	0.201864860124299	0.132855448718513	0.0606636270504539	0.0210699009653814	0.00555429959232974	0.00105704902468172	6.91031125594455e-05	1.74543699193913e-05	
5.42597236316332e-05	0.000669170859422994	0.00309428648755013	0.0133099855338182	0.0468063863864808	0.110250801418305	0.18493388016508	0.224810670499044	0.198281383394056	0.128781942830517	0.0611845570751788	0.0213365853852929	0.00529327538566563	0.00107583934786859	0.000116951209063614	2.4299025361233e-08	
0.000111105955132709	0.000598209359322344	0.00241590278529346	0.0135293287072538	0.0460138299230757	0.110458337762054	0.184087298344864	0.225071690652022	0.198935671985824	0.129483947721954	0.0629565570253239	0.0202364041753097	0.00515325558200664	0.000848104652821946	0.000100280883303019	7.44844391951122e-08	
4.27313391941695e-05	0.000534654315967774	0.00270715160594074	0.0127909725407764	0.0452613645234271	0.109413231452886	0.185080181644947	0.223798775548353	0.201701647439398	0.130169410632067	0.0616627976760352	0.0211152574484425	0.00495896066181418	0.000663048363224684	9.82895812593798e-05	1.52522626731676e-06	
4.91944758496709e-05	0.00049710183612946	0.00311520352748155	0.0127740812963235	0.0446164318599504	0.107397835448119	0.185344965644383	0.226732991066855	0.202547207041777	0.128802918157658	0.0618360910342512	0.0205351797761055	0.00496879373957066	0.000656642605444605	0.000125362490102013	
0.000125352181903169	0.000628765529428873	0.00316887270858939	0.013642123631406	0.0435009118609985	0.106420272320256	0.186900940590501	0.227512992157343	0.201356736907111	0.130061110203675	0.0590618119982693	0.0208101115667406	0.00552105311463759	0.00114829196106561	0.000140653268074751	
0.000113863712709856	0.000568530667322942	0.00287899822705558	0.0140723349225878	0.0441608464221747	0.106815091404985	0.186191493399603	0.230444930336376	0.200039786217829	0.130600178933775	0.0576077188210846	0.0196588749914443	0.00542415719820849	0.00126663213986795	0.000156562604976053	
1.45348895089557e-05	0.000525919092831751	0.00289341366415007	0.0152544163166679	0.0451433259570428	0.10506176531609	0.18517648342485	0.226264226769762	0.202788936679252	0.131198533051343	0.0594038943150264	0.0202187281852215	0.00489930308191426	0.00102694967623036	0.000124293216109118	5.27636399982638e-06	
4.57286871264103e-06	0.000395503438548746	0.00318338764277664	0.0143537626905805	0.0463452788261963	0.107715761614763	0.184712382960656	0.226445103556091	0.201762075430265	0.129127945983684	0.0596844611237069	0.020158646733068	0.00506576928425956	0.000937438086091411	0.00010567303133777	2.23672926161789e-06	
1.75167538238407e-05	0.000482736040851936	0.00370695523340321	0.0152075070729144	0.0477649758609744	0.110159405918676	0.185700592081103	0.229436096905548	0.1981991541755	0.12421891089966	0.0583561882911199	0.0200508524457835	0.00557010535944478	0.00100969632619566	0.000101443993230874	1.78626417695864e-05	
7.02195817580375e-05	0.000446225286912434	0.00301770021165406	0.0146037072555092	0.0470180316520612	0.108584082599329	0.184163941572929	0.230721266082449	0.197493096235663	0.129171209871948	0.0596824392819587	0.019334546292421	0.00489598693348449	0.000746810881397584	4.05840318381854e-05	1.0152228687909e-05	
8.54185283167263e-06	0.000346590644838624	0.00329511905368785	0.0155121040661876	0.0476937332572546	0.110453854713463	0.188124053427998	0.229620026850718	0.196832745530531	0.125130396722133	0.0589644597589713	0.0187691075847109	0.00440930939790292	0.000790841484988203	4.91156537821176e-05	
4.12006104598235e-06	0.000533782280184875	0.00336164909020664	0.0143431413812517	0.0486194834973052	0.113722122359399	0.1879209185121	0.225229970952336	0.197801565031093	0.126035578577459	0.0591433776309797	0.0180935318002101	0.00427129442449655	0.000795788557480279	0.000123675844452153	
2.74729289503684e-05	0.00045992089450854	0.00264141182579747	0.0150096442263221	0.0494778677106781	0.110388785309764	0.188626021922144	0.224159448066852	0.199717490056166	0.128357960833881	0.0571883607928517	0.0184086671876998	0.0046037961220908	0.000762624443782855	0.000170527678512186	
0.00016799777620056	0.00263837862281702	0.0155972409534558	0.0469369615795424	0.11098456653941	0.190816351154682	0.224686120286757	0.198276455613263	0.12837543080936	0.0564826391442455	0.0190763072002544	0.00533470300266578	0.000590612502872645	3.11190176651958e-05	5.11579680943475e-06	
