# <P(U)> as a function of N_tot.
# number_of_species: 1
# species_total_upper_bound: 496
# species_total_lower_bound: 473
# volume: 729
# Bin widths for each
10	10	10	10	10	10	10	10	10	10	10	10	10	10	10	10	10	10	10	10	10	10	10	10	
# Bin lower bound for each
-2470	-2480	-2490	-2500	-2510	-2520	-2530	-2530	-2550	-2560	-2570	-2580	-2590	-2600	-2610	-2610	-2620	-2640	-2640	-2650	-2660	-2670	-2680	-2690	
# Bin upper bound for each
-2320	-2330	-2330	-2330	-2350	-2350	-2360	-2370	-2390	-2400	-2400	-2410	-2430	-2440	-2450	-2450	-2470	-2480	-2490	-2500	-2510	-2520	-2530	-2540	
# Normalized histogram for each
3.21121079072153e-07	6.74514826591058e-05	0.000571750729269985	0.00326279889207448	0.0144208465467744	0.0476764719685837	0.112988335581868	0.189945248374337	0.230176549532704	0.198242733400608	0.123262101417091	0.0555014808471801	0.018732630259782	0.00448491079077131	0.000646208003470848	2.01610517477467e-05	
2.74207869114197e-07	6.3782901005916e-05	0.000536775345353251	0.00312843220209898	0.0139858970914212	0.0463792877871052	0.111500715687915	0.189723467600883	0.230658288250603	0.199722704872877	0.123974415524045	0.0562226835868192	0.0189587320705556	0.00440455798858226	0.00068369162032473	5.62932625416792e-05	
1.41627432939694e-06	7.12569779011851e-05	0.00055434707053304	0.00301183169088846	0.0133839762041263	0.0462971213051234	0.110098955465789	0.1874001273209	0.229905574125477	0.200971608516109	0.126566836588414	0.0569672456127646	0.0192992783828227	0.00463932549794516	0.000760679861193656	6.76298020423097e-05	2.78930364110238e-06	
9.51812965474661e-06	5.23931253230208e-05	0.000489272020559247	0.00303575698667346	0.0134630091131696	0.0445289307783548	0.108798212840378	0.186071088750633	0.230235986342124	0.201553156892823	0.128101886010337	0.0583314180403677	0.0196289175365418	0.00475858729293225	0.000844340583597662	9.09811640772416e-05	6.52268634264848e-06	2.17061109572329e-08	
2.77172761328286e-06	7.84836555761146e-05	0.000520787627517975	0.00283285690415358	0.012861956153949	0.0444712187208513	0.10751701605725	0.183573243377643	0.229066932424016	0.20319617798537	0.13010956234032	0.0603624894548731	0.0195336341905882	0.00494507003183143	0.000811505654200063	0.000108707913409846	7.58578083635308e-06	
3.87885438301621e-06	7.25969641308013e-05	0.000447473321578614	0.0027915599622307	0.0131081462522533	0.0444013654717522	0.107410962511567	0.183999929648974	0.228150607203189	0.202728682376439	0.129928715824641	0.0608641077435729	0.0201686594240372	0.00492602571706496	0.000868163560515339	0.00011623000721136	1.20922607269135e-05	8.02895732428531e-07	
1.64150537788312e-06	4.32371433032515e-05	0.000472368905655984	0.00297036086512924	0.0126522087893208	0.0446758875531544	0.107527048148652	0.183719194273532	0.226237239036062	0.203547143598343	0.130772833788105	0.060743971518679	0.0204772378381422	0.00516036740964324	0.000896088576020251	8.89230008995829e-05	1.06616586919934e-05	3.58639128765224e-06	
2.4582523944304e-05	0.000509964215618866	0.00283323197350419	0.0129955694182489	0.0443042692617122	0.1068223752569	0.183305130467483	0.227687429348251	0.20255167681234	0.130371074416968	0.0614780286641216	0.0205843856550097	0.00537720110084234	0.000988043149134242	0.000158381612648867	8.00109455839712e-06	6.55028715538601e-07	
2.92038328412994e-06	1.39668144796772e-05	0.000382678774655377	0.00276946786393407	0.0131927229216227	0.044423806586728	0.107430153144139	0.181138618793544	0.227321011798381	0.203767615787253	0.131353786445746	0.0611200340822843	0.020852801424348	0.00523611695112376	0.000854695222340884	0.000133398548712813	6.2044574233467e-06	
7.25554214287217e-06	2.45425652829787e-05	0.000389083210051712	0.00276094878454864	0.0129923681385228	0.0439270606063545	0.105469924373519	0.182336035932972	0.229329888469417	0.204251855467467	0.131657663426079	0.0601025651710703	0.0206278274502099	0.0052193909931975	0.000789819920274383	0.000102432143725965	1.13378051639931e-05	
2.57753858750267e-06	3.23413262768756e-05	0.00042592875539002	0.00283848316770441	0.0126731494782837	0.0436863270981879	0.105872305232923	0.184136366746429	0.227704316993488	0.203419904244604	0.131945676274253	0.0609523084763887	0.0204855495562697	0.00494017557357193	0.000759180075967496	0.000116135749157331	8.28610825919279e-06	9.87604258790496e-07	
4.11389729485815e-06	4.88689422007551e-05	0.000418288166306049	0.00268365604131425	0.0126726582043106	0.0434802290992203	0.10671406365058	0.182415955663128	0.227146377361945	0.205007904071355	0.132126471596999	0.0613686033649656	0.0201027232495675	0.00498005867610135	0.000727065699568919	9.31152205528996e-05	9.06479762976057e-06	7.82296958995631e-07	
2.90921595647426e-07	7.4272832277459e-05	0.000464925644364849	0.0026470791315358	0.0123269188725993	0.04270534161526	0.105890372432283	0.181991800632814	0.227580131348246	0.204251842174551	0.13300435297201	0.0623319938077174	0.0208747332832183	0.00494849400566207	0.000815425787166185	8.54595909931091e-05	6.56494770555325e-06	
1.87890074834804e-06	6.96566742348093e-05	0.000491118285081358	0.00276257743715004	0.0126727020877658	0.0432804292934405	0.104970723677247	0.183766618375804	0.226896818017304	0.204636898502271	0.13185824937664	0.0623723463431809	0.0205230076258703	0.00482149006245823	0.000771327214229731	0.000102932995383184	1.22513118971232e-06	
4.44398117312314e-07	6.9913150727294e-05	0.000524834176545843	0.00292880304894855	0.0129829977285386	0.0429770616121066	0.105348266053735	0.183343976119603	0.227190324340345	0.203453215870242	0.132717325122305	0.0610583920527264	0.0214265509846795	0.00501809416312206	0.00083556172928782	0.000116366469977706	7.87297899189099e-06	
3.68504446098296e-05	0.000440340323235885	0.00293946748386815	0.0133593448396863	0.0435125310628047	0.104486128037391	0.182989302691126	0.226530083201645	0.204713841075815	0.133498716753753	0.0606622661194626	0.0206504559853062	0.00508359508000817	0.000951638870864858	0.00012752294377632	1.78821746692534e-05	3.29119779188713e-08	
2.85047663362348e-05	0.000424407941332831	0.0029139498693007	0.0134879068624435	0.0431065009045387	0.105323477929211	0.183836597631751	0.226592020567929	0.204251381266833	0.133226802984251	0.0606057556253763	0.020172698014599	0.00502697426746288	0.000884478257570129	0.000109096160520529	9.44695054539966e-06	
4.92776112982349e-07	1.18211514214321e-05	0.000399630477048397	0.00293855536867721	0.0134131632096442	0.0441528766054721	0.107233579376264	0.182340685770126	0.224972981222607	0.203399078737536	0.133407645431248	0.0617012034189486	0.0202132655077751	0.00491626849581072	0.000813283172156214	8.27152082091595e-05	2.75407094255691e-06	
1.36692210833414e-05	0.000379244824214089	0.00317377473225794	0.0134982145639379	0.0460643514548414	0.108085236699025	0.183396516537003	0.225241935705569	0.201635826546016	0.132265154333601	0.0603706310417645	0.0201396903121699	0.00482027478850493	0.00083792977191014	7.35508406304753e-05	3.99862747112054e-06	
4.99525038472606e-05	0.000415097812465918	0.0029661023438499	0.0132098304833162	0.0462808970600763	0.107891412706229	0.183111715576113	0.22704092391734	0.202062809229107	0.131604536443317	0.0600443976637695	0.019831296089779	0.00470241618599284	0.000699834687516133	8.47585048428132e-05	4.01879243824449e-06	
2.15066585571352e-05	0.000399985590812041	0.00316200349385096	0.0139250777208829	0.0466338633373784	0.109298472965483	0.185194547347718	0.226480385154031	0.201859884901064	0.128281096957204	0.0599344827930909	0.01920688897789	0.00474058676646602	0.000800681693850874	5.81690894596162e-05	2.36655226308501e-06	
1.06678718660224e-05	0.000514538622646749	0.00308673339073685	0.0139898624987985	0.0472393464322825	0.110532038313563	0.185985978166744	0.225090185137302	0.200587781120329	0.129345241073313	0.0592214639684851	0.0189811779310777	0.00456671441725863	0.000752829746109907	9.36176948406842e-05	1.82361464650177e-06	
2.53558088098851e-05	0.000436629218272857	0.00310874811767347	0.0141486563206643	0.0466393104324049	0.110272007259363	0.186736725806928	0.225888060642946	0.201098863799088	0.129633023790934	0.0581804695694259	0.0183879065913471	0.00463751171432891	0.00072229006041999	8.08100031962558e-05	3.63086419891011e-06	
9.72177098850706e-06	0.000330185603556348	0.00317565850104825	0.0149960881601181	0.0472980525208694	0.110767567316554	0.188376328729324	0.227555398600903	0.200873932656474	0.127807769665561	0.0562367572239632	0.0175588822900626	0.00422080343770551	0.000737556176779025	5.10747586949512e-05	4.22258739904852e-06	
