# <P(U)> as a function of N_tot.
# number_of_species: 1
# species_total_upper_bound: 496
# species_total_lower_bound: 473
# volume: 729
# Bin widths for each
10	10	10	10	10	10	10	10	10	10	10	10	10	10	10	10	10	10	10	10	10	10	10	10	
# Bin lower bound for each
-2470	-2480	-2490	-2500	-2510	-2520	-2530	-2530	-2550	-2560	-2570	-2580	-2590	-2600	-2610	-2610	-2620	-2640	-2640	-2650	-2660	-2670	-2680	-2690	
# Bin upper bound for each
-2320	-2330	-2330	-2330	-2350	-2350	-2360	-2370	-2390	-2400	-2400	-2410	-2430	-2440	-2450	-2450	-2470	-2480	-2490	-2500	-2510	-2520	-2530	-2540	
# Normalized histogram for each
3.25053118013525e-07	6.82774074387409e-05	0.000577148063688914	0.003262189751968	0.0144470670933906	0.0478216305253829	0.112946011884289	0.189753425323077	0.230363058978678	0.198097945178881	0.12328876327777	0.0554875911622305	0.0187257683735625	0.00448626936623137	0.000654120642034517	2.04079182592825e-05	
2.77616474440937e-07	6.45757693390752e-05	0.000538652168859382	0.00311737716533842	0.0139856429932593	0.0464331027009976	0.111531182941162	0.189650918349582	0.230738521278679	0.199694113458925	0.12388561140867	0.0562617438232798	0.0189392081813118	0.00440988870535174	0.00069219040960607	5.69930291646395e-05	
1.43365188749956e-06	7.17810895428217e-05	0.000552700162399927	0.0030254979584633	0.013418576742417	0.0463972815071021	0.110180919098028	0.187311494612626	0.229797215631345	0.200924484400505	0.126580473983043	0.0569788690984007	0.0192777916236448	0.00464616480992879	0.000764032488915655	6.84596136049887e-05	2.82352814484647e-06	
9.63865421702772e-06	5.30565601285078e-05	0.000489598573241781	0.00305215074644178	0.0134916650259706	0.0445038316453086	0.108858235355186	0.185913373930568	0.230081473774629	0.201546062117379	0.128218225198221	0.0583922586285903	0.0196532709009381	0.00478828998250601	0.000850108420022788	9.21332249730255e-05	6.60528071201101e-06	2.19809674276573e-08	
2.80560622251302e-06	7.94429551427372e-05	0.00052703832446615	0.00284340260575627	0.0129006696227329	0.0443278399982788	0.107499268942694	0.183593128732376	0.229151065723196	0.203209265689012	0.130087888267394	0.0603457842400326	0.0195448592453336	0.00495475527913778	0.000815069625274865	0.000110036641709478	7.67850124056196e-06	
3.92538714158134e-06	7.34678751449532e-05	0.000452841444735938	0.00280134292599862	0.0131367994289511	0.0443745197268245	0.107189415724461	0.184021753913593	0.228269519321082	0.202724604077904	0.129876292275191	0.0609476305097756	0.020180173732584	0.00494952339184589	0.000867516048341423	0.000117624362948784	1.22373257882305e-05	8.12527688047606e-07	
1.66096250299309e-06	4.37496426943493e-05	0.000474848897225325	0.00297042587193693	0.0126758189793602	0.0446571202472223	0.107510123086805	0.183517165063499	0.226265691388222	0.2036248593506	0.130789669210108	0.0607806204727706	0.0204889811117153	0.00519062293806649	0.000904248817182281	8.99770248321075e-05	1.07880336828066e-05	3.62890157419612e-06	
2.48728509009195e-05	0.000514814882917093	0.00283635399893685	0.0129509390766493	0.0443710572101479	0.106816241836894	0.183160694331466	0.227773901699174	0.202597427836101	0.13036059986612	0.0614584428641174	0.0206059930249646	0.00536757875208257	0.000992071268008244	0.000160252146841709	8.09558987702246e-06	6.62764800486954e-07	
2.95551827976794e-06	1.41348485759162e-05	0.000387090491723585	0.00273384342172855	0.0131420910844478	0.044465475868575	0.107498380054611	0.181076084538832	0.22725893077556	0.203711690378411	0.131481433046873	0.0611534472624103	0.020832074971984	0.0052387385538147	0.000862346620755712	0.000135003460455943	6.27910296240661e-06	
7.34538930849877e-06	2.48464819144943e-05	0.000386952684187097	0.00276619205937076	0.0129106430800724	0.0439266293362924	0.105532943977371	0.182374698128194	0.229165026398436	0.204180502962886	0.131723951739657	0.0601331204959483	0.0207041286884875	0.00525036635473577	0.000797473432944674	0.000103700586194027	1.14782039982018e-05	
2.60996030635e-06	3.27481335280968e-05	0.000414621041593399	0.0028360542993725	0.0125982344415252	0.0437261540633195	0.105941157043757	0.184087868736909	0.227575692214359	0.203299940402243	0.132035424798925	0.0610001736035703	0.0205801029648572	0.00497855148356875	0.000763679880291286	0.000117596569424216	8.39033555325568e-06	1.00002689632779e-06	
4.16430032054536e-06	4.9467679206691e-05	0.000420073794835013	0.00267629946119325	0.0126528665778057	0.0435374885072649	0.106653290993105	0.182289898575309	0.227040593959471	0.204896832865203	0.132235174851356	0.0615010618107484	0.0201906322546978	0.00502343091752765	0.000724499653640412	9.42560581861735e-05	9.17585855205273e-06	7.91881576912215e-07	
2.94470423279565e-07	7.51788546678451e-05	0.000469285845884626	0.00264665571607095	0.0122994350834951	0.0427862747002347	0.105806578935964	0.181847570774577	0.227306309023263	0.204202354074348	0.13319507298755	0.0625451956539277	0.0209652496009092	0.00494566409525463	0.000816549815617067	8.56853371286311e-05	6.64503068381811e-06	
1.90061888374452e-06	7.0461832827476e-05	0.000488898084969757	0.00274283757331026	0.0126791897370493	0.0433171772577413	0.104852975792317	0.18343638651937	0.226815161612514	0.204653423035728	0.132102032023894	0.0625341625129623	0.0205962343693825	0.00484175436059213	0.000774252113693821	9.19132623340662e-05	1.23929243004394e-06	
4.49699670573339e-07	7.07471963224205e-05	0.000518353820280869	0.00293280800713248	0.0129978083747758	0.0429720458023889	0.105246239661321	0.183103448712352	0.227099865949525	0.203462801831479	0.132941599024989	0.0612166223743952	0.0214648259463519	0.00502179622129248	0.000832466264252454	0.000111753144061367	6.36796940922988e-06	
3.73210994791462e-05	0.000445897697022059	0.00293920602332991	0.0133837418168781	0.0434760920942295	0.104357927232356	0.182802389583669	0.226362890249718	0.204629994047679	0.133763075960798	0.0609050622171561	0.0207159045743152	0.00509639112801134	0.000939710619261093	0.000126251757481851	1.81105662849087e-05	3.33323305857215e-08	
2.88716187748291e-05	0.000429703989149009	0.0029302839118884	0.0134729904318448	0.0431460636500265	0.105226701588726	0.183676916480566	0.226409131458252	0.204227072841107	0.133318404800837	0.0608273208016599	0.0202947446393036	0.00502030797677281	0.00087593846042959	0.000105978819156216	9.56853150501811e-06	
4.99274933525287e-07	1.19770509053455e-05	0.000399952506749323	0.0029246138731096	0.0134390555031906	0.044203788872097	0.10701714664897	0.182219634671322	0.224788719746068	0.203414149616932	0.133548522309016	0.0618770009240414	0.0203151087201956	0.00494801984870827	0.000805213970291799	8.38060713418501e-05	2.79039212848022e-06	
1.38429302565114e-05	0.000384003765629155	0.00319881728116641	0.0135046092611206	0.046027132385389	0.107943659890075	0.183107772614971	0.225233520494959	0.20182861367356	0.132347381446334	0.0604685162853546	0.0201843567999648	0.00483286625914826	0.000846371941291495	7.44855285423891e-05	4.04944223719887e-06	
5.05506695251519e-05	0.000420068479504833	0.00297321253632203	0.0131795454976003	0.0461621646462786	0.10779304850473	0.182970813825165	0.227078328427304	0.202322586179288	0.131658086636714	0.0600328550773583	0.0198535253956138	0.00470823594007843	0.000707137806747362	8.57734615437101e-05	4.06691622620269e-06	
2.1755881177239e-05	0.000404620688202048	0.00315714049610254	0.0139157140009567	0.0465580501396266	0.109060573697445	0.18517906110275	0.226443543214669	0.201881308172344	0.128593866313278	0.0600279759069567	0.0191864756729192	0.00470847580878428	0.000800201766308851	5.88431622285526e-05	2.39397625152337e-06	
9.38122082168275e-06	0.000511204541941874	0.00306420355237814	0.0139595888573093	0.0472900253095259	0.110339200190451	0.185747330506883	0.225126090336405	0.200685506960259	0.129612918368598	0.0593520601219072	0.0189278701134867	0.00452617322674561	0.000751931984620579	9.46705843841007e-05	1.84412428194826e-06	
1.65187746256692e-05	0.000418069530385358	0.00307574267397329	0.0141505704415207	0.0465970654216904	0.11010829283354	0.186623644534311	0.225917368182975	0.20118412756521	0.129763380819356	0.0582621057394064	0.0184374610323325	0.00463798238767474	0.000722285220239788	8.17133886612052e-05	3.67145409883295e-06	
4.24272472570812e-06	0.000287407359084933	0.00313742045249757	0.015001783599544	0.0473538727260264	0.110747661447648	0.187934151014341	0.227600068607452	0.200914924552768	0.128090347725112	0.0562853158557939	0.0176071476129669	0.00423489030553841	0.000744843704641742	5.16520011470474e-05	4.27031071222118e-06	
