# <P(U)> as a function of N_tot.
# number_of_species: 1
# species_total_upper_bound: 496
# species_total_lower_bound: 473
# volume: 729
# Bin widths for each
10	10	10	10	10	10	10	10	10	10	10	10	10	10	10	10	10	10	10	10	10	10	10	10	
# Bin lower bound for each
-2470	-2480	-2490	-2500	-2510	-2520	-2530	-2530	-2550	-2560	-2570	-2580	-2590	-2600	-2610	-2610	-2620	-2640	-2640	-2650	-2660	-2670	-2680	-2690	
# Bin upper bound for each
-2320	-2330	-2330	-2330	-2350	-2350	-2360	-2370	-2390	-2400	-2400	-2410	-2430	-2440	-2450	-2450	-2470	-2480	-2490	-2500	-2510	-2520	-2530	-2540	
# Normalized histogram for each
1.19811356489069e-06	6.68133860987495e-05	0.00056636842739616	0.00324897650751115	0.0144635368317737	0.0477218864573751	0.113030160945087	0.189811125613646	0.229905052415746	0.198177563240052	0.123444789614836	0.0556280576249153	0.0188025316139626	0.00447187405875522	0.00064009482273658	1.99703265439966e-05	
7.72380265518021e-07	6.58973535498168e-05	0.000532478955048124	0.00312094362197754	0.0140426296271018	0.0464832612971547	0.111627011412046	0.18963014720135	0.230374106429942	0.199578612764879	0.124125535699648	0.0562677318866534	0.0190117939962967	0.00440476213875888	0.000678544053398259	5.5771181930853e-05	
5.90404952815618e-06	7.97126977092491e-05	0.000549654699816658	0.00301457129058444	0.013398814862956	0.0463585273097297	0.110269274652883	0.187341572217665	0.229738905158836	0.200830880155256	0.126592488894954	0.0570093202514155	0.0193550373473687	0.00462891400077955	0.000756692534539734	6.6967872753184e-05	2.76200322441395e-06	
9.42367500738555e-06	5.98193828576002e-05	0.000490283616190974	0.00303289213950637	0.0134591516085671	0.044629563125841	0.109070748170273	0.186061651830969	0.230042265451042	0.201377691857454	0.128170538774495	0.0583385442029618	0.0195779695797109	0.00474039328058232	0.000842505558114681	9.00782982747013e-05	6.45795744519808e-06	2.1490706972373e-08	
2.74393330387108e-06	7.86059333990048e-05	0.000518614092027362	0.00283149847369111	0.0128358258116265	0.0445639159066921	0.107698365905346	0.183648038146257	0.228821652823791	0.203153429779968	0.130107619899041	0.0604045305451847	0.0194752885993364	0.00493115837733241	0.000813584247794572	0.000107617813009525	7.50971220006823e-06	
3.84064272011786e-06	7.32300450396738e-05	0.000463224484272453	0.00281850534679508	0.0130658880199541	0.0443453016695134	0.107526699839327	0.184092861433903	0.228098881262674	0.202636000153346	0.12992115987711	0.0608767547043858	0.0201668872601138	0.00492101820305115	0.000861893941677246	0.000115084993396539	1.19731365358639e-05	7.94986185422997e-07	
1.6245354914199e-06	4.27901576139346e-05	0.000479784843302614	0.00298640557604061	0.012641749165994	0.0446313192835569	0.107526808561853	0.183690860353675	0.226183685080653	0.203571872082639	0.130813747413383	0.0608246086394813	0.0204504837990008	0.00514542932864747	0.00090672671035627	8.8003714706819e-05	1.05514384393213e-05	3.54931516607251e-06	
2.43179035565868e-05	0.0005122664651874	0.00284760990539704	0.0129731169030277	0.044275796043574	0.10667780181382	0.183190714264489	0.227744931828391	0.202769978974519	0.130377411560468	0.0614957528521712	0.0206089921716647	0.00535678806645018	0.000979281601360672	0.000156676702126197	7.91496618732336e-06	6.47977610734862e-07	
2.89034582375329e-06	1.38231594879502e-05	0.000383599391278127	0.00276940257991624	0.0131648644232254	0.0444734073571314	0.107279510022559	0.181040437034042	0.227156436518636	0.20397998363527	0.131505308866868	0.0611287458022293	0.020877773743471	0.00523844020693243	0.000847209786930153	0.000132026484421444	6.14064177797399e-06	
7.18211988571238e-06	2.42942074753767e-05	0.000390760123564359	0.00277158706821437	0.0129692813566532	0.0439962062889745	0.105379462751355	0.182117089373125	0.229293902572028	0.204338315066485	0.131688106686409	0.0602312077947412	0.0206763425464504	0.00521296364772983	0.000790679739856182	0.000101395584493039	1.12230725595941e-05	
2.55113096173862e-06	3.20099800672887e-05	0.000423165491527127	0.00285391529668383	0.0127036332202817	0.0437137257038276	0.105878277829344	0.184028522696829	0.227656455209114	0.203449321334983	0.131963146136553	0.0609797209740523	0.0205006467224404	0.00492053009536702	0.000769743346181849	0.000115456131125253	8.20121469173656e-06	9.77485968497743e-07	
4.07175819742658e-06	4.83683723106538e-05	0.000417068242916459	0.00268964535971553	0.0126856222243753	0.0435079600327911	0.106725157328784	0.18239154955967	0.227275401086863	0.205049947207381	0.131910443714327	0.0613655273537088	0.0201113721163465	0.00497943540112845	0.000736522580536101	9.21614312212737e-05	8.9719459217232e-06	7.74283806159576e-07	
2.87896797971616e-07	7.35005957236592e-05	0.000466756757722775	0.00264813449990854	0.012263838664025	0.0427287736325383	0.105991742924282	0.181882186263948	0.227569284184157	0.204421947066035	0.132849499406677	0.0623019100279485	0.0209229215206474	0.00496933774165256	0.000818653557084986	8.47285708445522e-05	6.4966900070576e-06	
1.85958523125892e-06	6.89405881495082e-05	0.000488657674658593	0.00277138010678467	0.0126040620768917	0.0432500919366432	0.104968464289104	0.18364195841751	0.226881953132591	0.204819382646086	0.131990684521969	0.0622764871667223	0.0205064238909636	0.00484106040748982	0.000784984212474817	0.000102396810161017	1.21253656892029e-06	
4.39713028511921e-07	6.9176087929968e-05	0.000519301086672579	0.0029069374029364	0.0129312870276031	0.0428815311098623	0.105277010712273	0.183316795871092	0.227163133365293	0.203655048863979	0.132879670363754	0.0610298829354176	0.0214033953760636	0.0050101445324239	0.000832137906513134	0.000116317667431172	7.78997772734082e-06	
3.64514554757436e-05	0.000437710466393009	0.00291076103666702	0.013362225660543	0.0434565809421362	0.104660392375339	0.183028390067969	0.226465627539017	0.204765177558876	0.133492885951529	0.0606061388711143	0.0206065156482902	0.00507619344428224	0.00094672319185222	0.000130504675067369	1.76885598170473e-05	3.25556315651178e-08	
2.81887283179604e-05	0.000430390064297263	0.00290706999728082	0.0134670420300855	0.0431219894639427	0.105349809447817	0.183807323531037	0.226605718064898	0.204321979900199	0.133173824142481	0.0606371965588355	0.0201604412505864	0.00498941571876867	0.000878951240983504	0.00011131765014503	9.34221032427709e-06	
4.87392929318207e-07	1.16920148266445e-05	0.000402137075026468	0.00294417280622452	0.0134046377635908	0.0441992494571296	0.107235282508457	0.182257455772842	0.225131110187243	0.203522133089669	0.133244123458774	0.0616419430555987	0.0202012780081633	0.00490268006053485	0.000817081753140019	8.18116109245573e-05	2.72398492718953e-06	
1.35260777914517e-05	0.000377310907676966	0.0031808862113061	0.0135494581222605	0.0461144204574293	0.108189537444428	0.18327787023196	0.225191174793348	0.201694108987232	0.132247682805734	0.0603066414520363	0.0201111864023351	0.00480991304522196	0.000857169483824496	7.51568233404192e-05	3.95675407571878e-06	
4.94015348860314e-05	0.000419209458678465	0.00300877260726461	0.0132286171178939	0.0463411049660321	0.107953272764946	0.182960136640413	0.227068198775943	0.202277731938044	0.131522311090381	0.0599333373604339	0.019759400131094	0.00468370377260638	0.000706418316911835	8.44090587376462e-05	3.9744657333837e-06	
2.12591714888654e-05	0.000407965391776033	0.0031865580144178	0.0140383952954982	0.0467735863065608	0.109412419569085	0.185220274973958	0.226467897573236	0.201576757362398	0.128199886866631	0.0599324623945111	0.0191765290448393	0.00472774259695545	0.000798426408552339	5.74997108401509e-05	2.33931925150666e-06	
1.05408599091743e-05	0.000512800930119418	0.00313354116395454	0.0141552222896634	0.0473962839583637	0.110603078579346	0.185794278982915	0.224944531565565	0.200462540291936	0.129397891742522	0.0592219924414567	0.0189636941887238	0.00455838620993193	0.000749959455837739	9.34554371105486e-05	1.80190264361141e-06	
2.50597044752892e-05	0.000433776448265136	0.00313207336206294	0.0143241974400965	0.0467984297989698	0.110351886259381	0.186495441084978	0.225681593245999	0.201069190964436	0.129572647117149	0.0582742156592594	0.0184161927951423	0.00462688202778236	0.000714959322389488	7.9866306530749e-05	3.5884630814507e-06	
9.61266188886443e-06	0.000338714170967276	0.00322294428249255	0.0151484762746855	0.0474508825478202	0.110587234224261	0.188206366459496	0.227556536922145	0.200779933193942	0.127754790251852	0.0563091716451525	0.0176116858206866	0.00423929717351653	0.000729677636578515	5.05015379368961e-05	4.17519657799162e-06	
